ID,strat_res0,strat_res1,strat_res2,strat_res3,strat_res4,strat_res5,strat_res6,strat_res7,strat_res8,strat_res9,ancestor,alive_at_end
0,0.2194874593395944,0.011863352721951614,0.06665363796368395,0.08132151916181833,0.13815269102815952,0.2986946228499182,0.10983667240290486,0.004322079220675372,0.04309719665191247,0.026570768659381207,0,False
1,0.21772904452019243,0.0,0.061313364222581455,0.08738342435782649,0.13938827080682326,0.3066972267578997,0.11072063657847522,0.0,0.05631772190893787,0.02045031084726354,0,False
2,0.2259541365008814,0.0,0.07029517661863365,0.08485676540455363,0.12328102012866442,0.3099336489159907,0.11146702518129925,0.005826005436745558,0.05459089100666895,0.013795330806562481,1,False
3,0.2338222243612995,0.0,0.06282371923421348,0.09804054607596666,0.12075708036047209,0.31784389751004005,0.09795435123884198,0.0024688556243371703,0.06392333258233343,0.0023659930124956354,2,False
4,0.23153482782326024,0.0,0.051400848422263,0.10877809448317972,0.12696295996606433,0.3068379111599723,0.09136033089368893,0.010845561892195956,0.07227946535937543,0.0,3,False
5,0.2262852513160961,0.0,0.05781944609971262,0.09584830540255385,0.11146207023034595,0.34144700039408926,0.09482116217644532,0.0,0.06476444335029156,0.007552321030465355,3,False
6,0.23262727261453472,0.015430221715902737,0.06227454283105791,0.11283996903834372,0.10751698946909494,0.31355067576820533,0.0967681343799477,0.0,0.05899219418291303,0.0,3,False
7,0.22440079475391633,0.0,0.0684584698032411,0.10165868347518965,0.11896944675769315,0.3306054693205005,0.06719860820782154,0.008505782956264108,0.076718859367383,0.0034838853579907576,3,False
8,0.23429808566765842,0.0,0.07972775681697582,0.08754022228220093,0.11646332220846389,0.29893386315786025,0.07778833329651699,0.004538494344420556,0.0732530527724107,0.02745686945349237,7,False
9,0.22860628287153245,0.0157522063799906,0.06535945335658822,0.11281809447485715,0.09220185029351212,0.3180100815087151,0.09522144304497034,0.0,0.05895745520519865,0.01307313286463513,6,False
10,0.22825529681007267,0.004060556409293765,0.058418512571879966,0.09157493561289981,0.13409698533481557,0.3327462843609901,0.07112249972831856,0.0027606410712757144,0.07337330425818264,0.0035909838422713905,7,False
11,0.23208985091498374,0.0,0.06963959086083331,0.10883768353532855,0.09338793261661416,0.3228791255037757,0.09798558677944187,0.007517214642586094,0.0676630151464367,0.0,9,False
12,0.2320098312992409,0.0,0.07056893991479378,0.11303699343511578,0.09904813881474822,0.319691025324962,0.08242770913485162,0.013799331644624154,0.0694180304316635,0.0,11,False
13,0.22093794746828227,0.012408927769842816,0.07579213727535011,0.092379365360689,0.11750269991513802,0.2781904518331212,0.07953065632702536,0.01788799098563836,0.06790773085243293,0.037462092212479994,8,False
14,0.22314821627850082,0.005374859991846433,0.07831419653686048,0.10843288690705966,0.1193385272920334,0.3082825849982268,0.07388419053804578,0.010780426633093598,0.06616122182531642,0.006282888999016509,12,False
15,0.22183781068763736,0.014236420977264653,0.07768629591053162,0.059742072245904485,0.1078787910994941,0.2927527794118983,0.08861202454172724,0.031047257569897985,0.06724829580148371,0.038958251754160546,13,False
16,0.2116451727090781,0.010654224504811606,0.0822239317161761,0.08324071693890073,0.11795261012293941,0.2853600131074363,0.08536015490496335,0.02024797551035718,0.06350583930734648,0.03980936117799072,13,False
17,0.22739938215568797,0.006009037910160628,0.06687962636570396,0.04653997843208855,0.11412722734386112,0.3073310440479067,0.09627500667259292,0.033813675544145445,0.06259647889755245,0.03902854263030007,15,False
18,0.20983137707054933,0.002254174303792029,0.08131588653046569,0.06630576927504402,0.11155914226776222,0.2851017549797894,0.08620204765629277,0.015144499848002625,0.08950391044366457,0.05278143762463731,16,False
19,0.21152758595501336,0.013254374594521851,0.0612602101288753,0.048827709434940914,0.11438164350648714,0.29411475266346293,0.10068079599702538,0.03832354624769829,0.06778561761206567,0.049843763859909254,17,False
20,0.19548012716382543,0.017229925362595776,0.05159040649942693,0.052908807504310866,0.11023671401742631,0.2903384499396079,0.12308371227590967,0.034252029921254964,0.08110927058550002,0.04377055673014201,19,False
21,0.21078658263109182,0.009181772691854724,0.06444181866498287,0.04360573941350093,0.10977944963494239,0.31152595007777445,0.10983804316376006,0.023626423631109686,0.0625195578515326,0.05469466223945045,17,False
22,0.2056079048821342,0.01730587511820035,0.07299665351725836,0.06106779332993259,0.1130313958744694,0.3087391241916165,0.08964768895551771,0.014243219961185596,0.0805501376933121,0.036810206476373244,18,False
23,0.20788809154875784,0.007189320127017324,0.09045825355555132,0.06043843077103171,0.117952416899094,0.28203054421509055,0.09448186958738218,0.02509506430374071,0.08462406128296088,0.02984194770937357,15,False
24,0.21544814743415067,0.024741591500043274,0.07475059734521881,0.09791942542485459,0.10885885806027923,0.29325323652772195,0.08287572711898712,0.02174866740610767,0.07462022316550049,0.0057835260171363355,14,False
25,0.2069449737089006,0.01069960954304213,0.07449011683100548,0.04432147987502054,0.1129478267868616,0.29274239150005354,0.10560843422063793,0.015026062335468857,0.07650129871046193,0.06071780648854736,21,False
26,0.19370916916925726,0.010125116095681798,0.05214102891735748,0.0669712575458437,0.11602329984497403,0.28620758205318386,0.11962010964300736,0.033411450183684875,0.08547906603549286,0.03631192051151676,20,False
27,0.23542986940050303,0.001812056093449675,0.07260762360373722,0.06925628930466898,0.11104855189424233,0.2725854215834612,0.10455143468438546,0.04141336770486927,0.05517816262918212,0.03611722310150063,15,False
28,0.20031823366782284,0.0,0.05116896159567394,0.03857579001833884,0.10975301215143536,0.3003031016583134,0.12663632062580674,0.042264485927441864,0.08462829535064732,0.04635179900451965,20,False
29,0.19036222041886153,0.00955024691783027,0.03191559659964404,0.05583996519555341,0.11173778826494973,0.29728924864278355,0.11758949585973959,0.03620313913592007,0.10012649762917851,0.049385801335539256,20,False
30,0.2039140308813624,0.016655175744813334,0.07714442154105282,0.08027876235863843,0.12301155500313563,0.2580342898143386,0.0938730328799549,0.022143878045172056,0.062138859216433695,0.06280599451509809,16,False
31,0.18871649790039263,0.005005954154127095,0.07745651121410135,0.06848399000677606,0.11910156162028927,0.27200062277255843,0.09564512357346562,0.008136066973314903,0.09493060298212705,0.07052306880284766,18,False
32,0.21420971552902926,0.0,0.09412725517251115,0.05673769414813082,0.1310046752883467,0.2910087584831358,0.09683588174867071,0.018682973016518813,0.06126269896280881,0.03613034765084798,23,False
33,0.19131979760599008,0.014068981663813535,0.0730322190282569,0.057979907881825686,0.11245335208659335,0.28869152982610824,0.09402042615213779,0.01593612446925643,0.09597413167302969,0.05652352961298836,18,False
34,0.20253794449977625,0.008885323796893788,0.08168968888114796,0.0762671948386201,0.10128981664110998,0.30271877755675763,0.079705914716288,0.020218714926707,0.08757279360997836,0.03911383053272091,18,False
35,0.2123593215722087,0.02160616710888569,0.07582528576919001,0.0940362857799981,0.13737212267160548,0.29588276760764615,0.09069602260316499,0.0,0.047720666454275376,0.024501360433025456,16,False
36,0.19500826050685574,0.0,0.07506584741127525,0.07515828710024591,0.12003343329319202,0.2715290233493982,0.08706183367734452,0.015146703914722167,0.11173552608541498,0.04926108466155123,18,False
37,0.21580493596118203,0.019940608725822068,0.06750873546042718,0.08847589677976755,0.134075739681405,0.28438716295434047,0.09291486322495535,0.019360143999841085,0.05375130173526673,0.02378061147699249,16,False
38,0.20551954448925513,0.013437557741889221,0.06384301227260177,0.04792924414397932,0.11860317176174176,0.29817251405859424,0.1018619389000972,0.03530272028562311,0.07320034114764198,0.04212995519857611,19,False
39,0.2148339107995914,0.001378101994209441,0.07732281971119405,0.061617557166995435,0.12934158664401438,0.27750654111386047,0.08592782502599601,0.03840921482306801,0.07115939254829774,0.04250305017277294,19,False
40,0.2054236155991501,0.0185420726974903,0.08054552697318534,0.05610933790728843,0.11853571963613686,0.2996397954879863,0.08784317070655363,0.03941473306032109,0.06918950352624946,0.024756524405638494,19,False
41,0.18729529841889164,0.024886458242810515,0.04301622367193467,0.054019560662983045,0.1045655764196429,0.27890256927977525,0.14754719557348026,0.03755961937323341,0.06697922949335684,0.05522826886389141,20,False
42,0.22459627835477688,0.0,0.07050248691954791,0.0700326291993791,0.10813863316086346,0.28652211957840124,0.09386425777731262,0.004862990170315151,0.0995985009110303,0.0418821039283734,18,False
43,0.21288689564608929,0.010690046086974807,0.060286216246284434,0.05996872099414161,0.11846941395784548,0.2822047084787001,0.08753142370077144,0.011439910577204896,0.09266665714550253,0.06385600716648539,18,False
44,0.1783268838546589,0.02800081507508847,0.06417310523840915,0.04855628814175759,0.10742921892188913,0.2793692567093136,0.13888997949639778,0.038471157404909556,0.08091228957719832,0.03587100558037738,20,False
45,0.20899063934955936,0.007211605214170685,0.08257736287520583,0.07625873555400127,0.12707662888057447,0.2820119578004275,0.07531775680706812,0.02509293655876044,0.08029313649910591,0.0351692404611263,16,False
46,0.19937561819314933,0.006219998040211154,0.08380131605104871,0.06025350767159829,0.12244694265945585,0.2897788572907478,0.07130813263904462,0.015205716565491792,0.09211306369538835,0.059496847193864166,18,False
47,0.1858777087916595,0.02462700409428614,0.06023895474391181,0.05803622125908926,0.11867818470344775,0.2708583798383466,0.11528010419769516,0.037872367997618284,0.08255718975106095,0.0459738846228845,20,False
48,0.20059364266066765,0.009767195391458188,0.05232092268569182,0.038425009155304,0.12349574073527199,0.3036122565610384,0.12357852961817438,0.035912063286757216,0.06432063643597667,0.04797400346965958,20,False
49,0.22145531795891132,0.016616244123735913,0.07155983246497684,0.09798688311006071,0.10243727449672259,0.27719805018148375,0.0855412477167729,0.015751947848582786,0.05844362934721897,0.05300957275153417,16,False
50,0.20377826394422605,0.005179675002676295,0.06625959279220063,0.06627389953882909,0.10480880414094064,0.28739346591823167,0.09027503735873527,0.017522162667125127,0.09486744649723816,0.06364165213979713,18,False
51,0.21492400925626087,0.013090714183153275,0.07608605843469055,0.04908847192051352,0.10523120385911626,0.29283518642414186,0.10398996364803215,0.025987734155039282,0.07030649871118286,0.04846015940786936,15,False
52,0.19670407860278638,0.026753426898059256,0.051117811716375826,0.04906422590110819,0.08941439685616705,0.29119682710843475,0.13364387385411883,0.01998041064905003,0.10347615781115732,0.03864879060274227,20,False
53,0.21796543131791185,0.019841470008934374,0.07763109009879426,0.08205615679528787,0.12484148734487308,0.26846960708827816,0.07869362020214307,0.032707267279424544,0.06038238432764386,0.037411485536708936,16,False
54,0.19181649645049523,0.013017679106231183,0.06748804773313452,0.037050133148046185,0.1048439241894333,0.2972636522851966,0.1271811097613022,0.048775216092726746,0.08283277352453673,0.02973096770889747,20,False
55,0.21679130637436786,0.02840507220626073,0.0680405653366491,0.04358627475367735,0.09350720019664417,0.2801886577542538,0.117879981762658,0.05170034178078642,0.06067269650952618,0.03922790332517631,15,False
56,0.21497008527595038,0.017563168752526608,0.06050998665053228,0.06470111708262959,0.10614290379907858,0.2883028793383829,0.117239624174254,0.034859888755241,0.062238825848811234,0.033471520322593575,21,False
57,0.19875982147041976,0.015086478048970745,0.08372760349960427,0.04141032217480241,0.12333853966347372,0.29470440447429996,0.10314253406431853,0.028879513413789713,0.06540431600228651,0.04554646718803448,19,False
58,0.20601929942035496,0.005738958290624027,0.04407700461694373,0.0500446353266744,0.10590352144100072,0.2886492300002444,0.11591743055975266,0.06111902766441267,0.07949639717572397,0.04303449550426861,20,False
59,0.20868812248380686,0.0,0.07870787451197211,0.07390171022096731,0.12101413314922775,0.2857312872893966,0.10605071972785514,0.0,0.06816439807921681,0.057741754537557435,18,False
60,0.20941062568413282,0.016337764061939975,0.07654809538312816,0.060261033627140054,0.11840906163815121,0.2919851999873658,0.08768986848702645,0.0022648570606046818,0.08325771554537928,0.053835778525131696,18,False
61,0.18976544853588734,0.007108363858147939,0.0683755284037122,0.04752790515547521,0.09249097425433624,0.289124104637537,0.11790086099547968,0.05746479530252737,0.08583239002445014,0.04440962883244691,20,False
62,0.21857359501169168,0.012062656835541087,0.05759259373204121,0.06302899527901185,0.1230203437198018,0.2811742222790462,0.10537271703348644,0.0,0.09868903006754494,0.04048584604183471,42,False
63,0.2120037109950775,0.024508408719002374,0.09255369728772694,0.05313728143886098,0.12215575949322267,0.2850037922839368,0.10263532552959735,0.00896409402423907,0.081239402027463,0.017798528200873333,23,False
64,0.196150646374355,0.01277990646951726,0.04682471554143636,0.0653609447303189,0.10438838524824721,0.27721303463217617,0.12482492490472456,0.04428936493715042,0.0766589442073334,0.05150913295474059,20,False
65,0.20235549200807224,0.020495252894336763,0.0490806202700961,0.04392243707531884,0.11429516556648499,0.29519122379447194,0.10806209063876483,0.0341540475272681,0.08073254670522682,0.05171112351995928,20,False
66,0.20914883861666206,0.023529129523097762,0.03903281081866924,0.04410050397285493,0.10656437493458469,0.290750708108207,0.13258360487499887,0.041259150625526146,0.07580108348662318,0.037229795038776096,20,False
67,0.21960184154222567,0.017988002005339593,0.04922971360028185,0.04651914666896958,0.09612336236849073,0.29749308103598954,0.11784956632586895,0.04257923721711392,0.07322242272399423,0.039393626511725975,19,False
68,0.19038457090382763,0.027638178058868763,0.03269634420416154,0.06998143341916385,0.10710800916283665,0.29228928422935824,0.10425257997032163,0.03858718867700117,0.0805448711745101,0.05651754019995023,20,False
69,0.2258725465273765,0.0,0.08402830826549251,0.07447600492248214,0.12146684393542727,0.2689547217636595,0.08187157359187715,0.008084793157990017,0.0821439529325943,0.053101254903100574,18,False
70,0.19319266492116746,0.029208601229044503,0.029725073457112564,0.04958168768889524,0.132379296840754,0.2867574074465874,0.12183524713994957,0.024862657249332547,0.09547360449093387,0.036983759536222814,20,False
71,0.2252354984280653,0.0,0.07449930519669426,0.08528861675919179,0.12485311537121635,0.3060113970123818,0.08797583445335087,0.0059930333313396875,0.05952902754617455,0.030614171901585427,16,False
72,0.21592939772198244,0.0,0.07325328290555465,0.07942004600289047,0.1309228354158773,0.2865242806155422,0.07290989091941492,0.033758594741370045,0.05570999542737732,0.05157167624999067,16,False
73,0.20728626675515238,0.02357004020934391,0.03488809304848417,0.048770865733368994,0.1285381041609973,0.3134231979974561,0.09657117987374783,0.013426196894856482,0.08664321465727078,0.04688284066932211,20,False
74,0.20464080418516836,0.024695186850275865,0.056894278161094186,0.04219875890773657,0.10302478477731794,0.29492950341818175,0.12920115871899715,0.02759444798307255,0.08383612456277073,0.03298495243538508,20,False
75,0.20357698662137752,0.012874881717877738,0.05247050585530985,0.043837184831143385,0.11480169948061202,0.3127816784771996,0.11676879501081158,0.027390632569510038,0.08434633212731973,0.031151303308838606,20,False
76,0.21670106526579241,0.006409586394618411,0.0715976455518182,0.05728296970264573,0.10449008834918597,0.2978118622650468,0.10232664023297813,0.041154019591583345,0.06558433426418646,0.03664178838214464,19,False
77,0.1999739341818348,0.021165751403091876,0.04583511806923861,0.05646436749832588,0.11181483433640582,0.29862411107539416,0.1210017520147178,0.024503451189285486,0.09328044810662355,0.027336232125081975,20,False
78,0.18760024113444768,0.022604811765328373,0.05483745101086785,0.04343283454392137,0.10858863556625789,0.30417678119891756,0.13703321251731368,0.023983921209318724,0.08574275019291387,0.031999360860713096,20,False
79,0.17415026830223126,0.020262950319566507,0.0653867118933574,0.04537966721989044,0.10760470828909675,0.2811319396522425,0.14257278687186098,0.05906103922410085,0.07344066869744179,0.031009259530211636,44,False
80,0.20481622855072285,0.014588553892227534,0.09729103533095824,0.0634992314791672,0.10272826178389478,0.2839685553428571,0.07409684896763323,0.01191281039098931,0.09268540509682731,0.05441306916472258,18,False
81,0.1962130562244761,0.02957629554476238,0.05656929518523923,0.03249180462317421,0.12214037117905141,0.2886074229047059,0.1166421609299604,0.031193734122591483,0.08112083452507114,0.045445024760967706,20,False
82,0.18153650173434424,0.02011888664011578,0.06254010160049933,0.028995773348207365,0.1061226846553596,0.279972430642936,0.1412758370297078,0.05675034238894299,0.06872542315423445,0.05396201880565239,41,False
83,0.21631141422148392,0.0,0.0764850393528053,0.08809421787634261,0.10855451273193459,0.2896400528681832,0.09202375518139955,0.0050700307909946835,0.08318929924686878,0.04063167772998749,13,False
84,0.1916990813968137,0.025147813603224406,0.05746850161842353,0.054578300462825774,0.09045402912894669,0.2934389488407142,0.11105271087797143,0.042002112885276666,0.07172313720304825,0.06243536398275524,19,False
85,0.1763628445479869,0.03076284893643237,0.06632873138125128,0.055603866918926374,0.11358372190603946,0.27713963845527295,0.1438842296719694,0.029558971993996073,0.07056679493527174,0.03620835125285342,44,False
86,0.21373711343976098,0.01887578661194724,0.09473411718418087,0.10696327566906115,0.10253809893237979,0.26916708667813366,0.08053506503011942,0.007002463398494068,0.06540480671066314,0.04104218634525972,13,False
87,0.19919084629565278,0.0269268511325569,0.06677023687889178,0.06563247427811648,0.09784117933782109,0.2866987681554458,0.10047631373885006,0.023981910358824306,0.08525235607162214,0.04722906375221867,23,False
88,0.20194098222424098,0.026577934914316374,0.059030662361738706,0.05774636258707851,0.10050375182363457,0.28926206711811575,0.12344865979982451,0.034062712551173366,0.06459338175859888,0.042833484861278366,20,False
89,0.1775973389878198,0.023740619005116193,0.061471003748251644,0.05944212215077044,0.10592514184501155,0.26005348467014333,0.13673440265441317,0.037908864065863766,0.09112046447226389,0.046006558400346356,44,False
90,0.18402188278489126,0.02236453172187693,0.059771375783222704,0.03961184946781714,0.11829245098415947,0.28730987388417994,0.12507921970004998,0.022969221743823775,0.08585780685243273,0.05472178707754598,20,False
91,0.2031509792590412,0.003393946223454516,0.08272361495640816,0.05802266609097173,0.10493320233248152,0.2933145038531332,0.08865231196672668,0.024966973741351952,0.07673093655373421,0.06411086502269664,18,False
92,0.2003715435903825,0.0,0.08047377977784277,0.05980244265335758,0.1145570438247898,0.29071745920281294,0.09382812208204294,0.0,0.1010089647435208,0.059240644125250534,18,False
93,0.2110299037858202,0.007482789534030822,0.03503137574143285,0.052164963086575956,0.09912945401557069,0.2914465692837083,0.14197059498398767,0.02381312501086149,0.07617879120276938,0.06175243335524273,20,False
94,0.2105820847298046,0.0,0.08726371510961105,0.06703755986884997,0.11902282889525077,0.3095618889659319,0.08668194288680947,0.018419951967422524,0.06532542899679368,0.03610459857952593,16,False
95,0.19802294057447523,0.013726447085974484,0.05875477593145993,0.051145722815127345,0.119393102816715,0.2747035239034746,0.14768049793321925,0.022967480810758167,0.07640775640832621,0.03719775172046986,20,False
96,0.19050964638897014,0.007708165516337431,0.04023538511161516,0.05316594765083203,0.11122121076942593,0.30160095469776993,0.12717114009731945,0.01625856254490744,0.10088523394533126,0.051243753277491234,20,False
97,0.21024484880818478,0.007345764783897921,0.07884366232476199,0.05672229561883992,0.10849101626373855,0.30185857921889386,0.09283735587072223,0.0,0.08593652097045462,0.05771995614050608,18,False
98,0.1977342281960302,0.020974232881411734,0.05504999658150758,0.05102809661315157,0.10833282695646264,0.2999481532908857,0.12188896116303208,0.027279205326407246,0.07697578906197414,0.040788509929137115,20,False
99,0.18366611706851407,0.03445201179043729,0.02786714437989517,0.05287759532732496,0.10936543292674775,0.2591884727438765,0.14378077321804503,0.051974837567504754,0.09506770396349824,0.04175991101415624,41,False
100,0.2029301771073084,0.024026870401911954,0.06336661041977297,0.046420863257615436,0.10027888695872146,0.2775234241766219,0.11163235813169275,0.04065754482289365,0.08210881991333158,0.05105444481012968,20,False
101,0.18377828476623143,0.016309736547642974,0.04642220428168899,0.060626913211293196,0.09894567835000777,0.2833730509191605,0.14639010975462624,0.03909320999004771,0.06920698456402513,0.05585382761527606,41,False
102,0.2133804452150022,0.009609646773792153,0.07227942686262648,0.09686388789845267,0.10761836274030392,0.29201860568630794,0.09078353828319335,0.013810692867288744,0.06674491829509516,0.03689047537793733,13,False
103,0.21470172017287936,0.02292255538559543,0.04854968611021244,0.05208038832710339,0.11535664351067365,0.2975777281103579,0.12423511637109395,0.024364812975561877,0.06085760283292446,0.03935374620359759,20,False
104,0.2333155914934662,0.0,0.07815936473848424,0.08076757978941966,0.10824900550241207,0.2896486932374122,0.09062333924787501,0.020603197399022367,0.06099365094523002,0.037639577646678274,16,False
105,0.2167469238187981,0.0,0.08628764200910281,0.05915948118381973,0.12120727130256052,0.2853741471269766,0.08866381307692346,0.004752276735111762,0.09594357129940437,0.04186487344730256,18,False
106,0.18284779489567837,0.014090730003574475,0.05729753422240926,0.05339728109155188,0.11071663071664334,0.27329766585817383,0.14480504756838172,0.04534069379596557,0.07060787694297406,0.04759874490464752,20,False
107,0.18690990368432686,0.024744621279767634,0.04902634694947142,0.05709224549170228,0.11502734395126231,0.26793370135053035,0.1359536757025598,0.04726081181322908,0.0613330925590408,0.054718257218109495,41,False
108,0.19885206654084595,0.01171367057114208,0.08859190547630802,0.08025409365890435,0.1140504368149631,0.2838826294777383,0.08048571526385968,0.03968688577522142,0.05246780128261168,0.050014795138405364,16,False
109,0.1813848678700384,0.017817663493937232,0.07154770576043835,0.08724208043780814,0.12352493284463838,0.25506023440502307,0.10500380281895143,0.034709440524816684,0.05026086015834841,0.0734484116860001,30,False
110,0.16351594720289814,0.024507866475448455,0.05646793582667806,0.05712218280396162,0.11091176046451251,0.2698711761152329,0.14923493463599904,0.04413339474596799,0.06271715137896282,0.061517650350338376,41,False
111,0.18037948821104968,0.030779735922873735,0.07145421114006299,0.03982871310363502,0.09642200763857199,0.26992490150491294,0.13008547202952245,0.05702927493286728,0.07316775017632601,0.05092844534017783,44,False
112,0.1987161828471817,0.01789271127701111,0.046873682383071685,0.07851081664441004,0.09379051637495416,0.28482636037297704,0.14354167111409694,0.04550502176790226,0.04589692084286454,0.04444611637553054,41,False
113,0.19178415577403546,0.028429562125112554,0.060357939734099406,0.04951286691630213,0.09924094153086586,0.28532779909380424,0.1213035152024781,0.03301727359333156,0.0805282077930665,0.05049773823690406,20,False
114,0.18515939797541073,0.011674941739846689,0.049480456769837484,0.06131127902432052,0.12199004879070136,0.28465731589903454,0.13059024938324887,0.028660626006044774,0.08485377356471716,0.04162191084683793,20,False
115,0.2053707009091064,0.029787017631222407,0.05784093312788185,0.07072682747299877,0.07862111273864299,0.26099244878764905,0.12853780853244365,0.018320922503843803,0.0873568291100584,0.06244539918615278,20,False
116,0.17334054014890807,0.03993876167466622,0.06518278430951166,0.04459362559401268,0.10975713737992727,0.2619713229189694,0.13821270399057578,0.03558620521385725,0.095603928264332,0.03581299050523972,89,False
117,0.1883803902897067,0.031304935626720966,0.04669165033101933,0.05586935051506316,0.11211301272719991,0.2909522353191861,0.11557986148354261,0.033982847226319,0.08243168743803411,0.042694029043207925,20,False
118,0.1882995255562409,0.004268437369875018,0.05858794377369283,0.05799315730068245,0.1133577370001363,0.2840554097096906,0.1151225472275702,0.06434808750725134,0.07405725539776647,0.03990989915709394,20,False
119,0.2015427701583812,0.0073852796509402885,0.0841552269362403,0.0734124158531432,0.13121080389244918,0.27314397603215534,0.0941624140529531,0.013714768366917023,0.049273709066456645,0.07199863599036378,30,False
120,0.21246063759255987,0.019376711626666657,0.0789193904311919,0.07358809294854143,0.1130612999393943,0.2677060833645782,0.103765697778572,0.008214003831886264,0.06866372058677765,0.05424436189983168,30,False
121,0.19081378541482943,0.014069585260822378,0.0826808355605038,0.0794550392747161,0.11198994036489411,0.24428894948275726,0.09361322159278654,0.030078008605227666,0.06703358466229214,0.08597704978117056,30,False
122,0.20081342804827204,0.020298895834788087,0.08212174808495605,0.08931196612094108,0.12776344565385436,0.25716165694395265,0.0976659952435535,0.0241554802854721,0.0482379648585827,0.05246941892562731,30,False
123,0.19651535798638048,0.0,0.02976902430526869,0.05367012756247672,0.10617363705420362,0.30076572999263473,0.12578096802716948,0.03992881366686957,0.09465636801491348,0.05273997339008328,20,False
124,0.18260717451078518,0.029636209880515588,0.07283006495993054,0.05762497243141392,0.10425171520779443,0.24654518391358898,0.12971864905030098,0.044773104458297394,0.07726780364748637,0.05474512193988679,89,False
125,0.20925881490612633,0.019061667633042734,0.060753643265891576,0.07128659335792087,0.12950672172873132,0.25347558818682636,0.09546846511740448,0.015121006322191727,0.08314306004670358,0.06292443943516096,30,False
126,0.1832570774824967,0.01763613587653425,0.030445701707626435,0.07103446088432185,0.13015407496140105,0.28742527984170285,0.09370712235827562,0.05258171767724088,0.07727608100504568,0.05648234820535457,68,False
127,0.17699349423536412,0.022192144007572596,0.06580682273636768,0.0656706676314514,0.11010968662821898,0.2605426736014765,0.13584100632854076,0.03426841763844339,0.08620461183917194,0.04237047535339256,44,False
128,0.1852907970385606,0.02222005479800456,0.08980371132826331,0.037935725257563314,0.09329841006760095,0.27109699866016,0.12925123298387547,0.032634998011408636,0.09035457460304966,0.04811349725151328,44,False
129,0.2169341160505343,0.007094493631247765,0.08615094991375648,0.07253354352279219,0.12725047740544032,0.2715377390305271,0.09987203618042938,0.008682749408204921,0.049385611641194024,0.060558283215873636,30,False
130,0.17391228028407543,0.02878761278179816,0.06792744192709112,0.05853453993296486,0.10177877844639939,0.25305285150678686,0.13555397186052393,0.035717310307772136,0.11212004965005548,0.03261516330253273,89,False
131,0.19721638157916319,0.023734554333103387,0.07197914862000168,0.08254052125020853,0.1234667983675747,0.27600920826825764,0.087840662169718,0.02299079575963039,0.06308674139371731,0.05113518825862526,30,False
132,0.19323866954391936,0.025701692969381372,0.07095930578344721,0.08832838902124715,0.12418274823957276,0.25666934919966194,0.093203366082335,0.006655534149426044,0.07381585412558743,0.06724509088542173,30,False
133,0.21094645196147224,0.00787464085710895,0.08346327198414669,0.08193544613466829,0.12061305536945485,0.25355141466114706,0.09116239903790764,0.007398188100817536,0.07752623937729387,0.06552889251598286,30,False
134,0.17007919021793994,0.014384841209133262,0.0365677593256289,0.0758335377978661,0.10746452868737151,0.2760157753939825,0.11500738905459035,0.03536918705032561,0.10469159926595886,0.06458619199720307,68,False
135,0.16453757771029187,0.02162892837015163,0.06745449453817011,0.050325720423220345,0.11074576146037947,0.2602027988798719,0.14182057629191333,0.03872811907219861,0.09047682344644961,0.05407919980735305,89,False
136,0.18237567077246475,0.019478636833400197,0.041063877862984884,0.06944089569277799,0.1216102447438542,0.2684037430797134,0.1146633338101567,0.0433370617937165,0.09802645458735622,0.041600080823575206,47,False
137,0.20801084536238545,0.012870653815048297,0.07880027734832942,0.07885415471589892,0.1240434424303292,0.23919275962868913,0.09761314957859062,0.02460330338689966,0.06704681917005074,0.06896459456377857,30,False
138,0.17361454647320176,0.03819584057510696,0.05687629047181475,0.04667254159821774,0.11647283042350419,0.2701166460455698,0.10915587460882357,0.047577931989396416,0.09363746797606244,0.04768002983830223,47,False
139,0.16534225281350257,0.02807019654884085,0.0744449881565129,0.03029258197867203,0.10100154642570307,0.25932173253727786,0.13927007145411446,0.0612335658727879,0.07082648250410324,0.07019658170848501,111,False
140,0.19585270841115698,0.025395175883692736,0.06313851003466558,0.09510818507072442,0.1322933761826821,0.23988830177831022,0.09113170332104564,0.023490776749647592,0.055593041099261935,0.07810822146881283,30,False
141,0.1802191051625196,0.039775000454103836,0.061852408907459425,0.05763282402852976,0.13261065765024435,0.2674010955360759,0.10819153934355315,0.02064688163209099,0.08948242685518575,0.042188060430237304,47,False
142,0.17712658226195693,0.03781445295335102,0.07740949495830972,0.0429834207107668,0.0879723225490143,0.2636102828060465,0.14161029182287804,0.051379418420046966,0.06849935234363934,0.05159438117399047,111,False
143,0.1753882991908757,0.03275487672190444,0.08263520556098097,0.03800419406188239,0.09248896307268178,0.28879023056295455,0.14256966357277126,0.04114922013669362,0.061430904745900704,0.04478844237335438,111,False
144,0.20882619618138426,0.012114633386097529,0.058061604675921426,0.05420451386517407,0.11494691210902477,0.2618508723432594,0.11848883478617296,0.03666819293748175,0.08195409268926176,0.052884147026221975,47,False
145,0.1824447912135181,0.03968078292485117,0.0604571011773536,0.046073426871949465,0.09097009142754295,0.2673686942863766,0.13204144895385206,0.05587364680630269,0.08154222760014851,0.043547788738104914,111,False
146,0.1721265617877321,0.0312977385583369,0.07250533416459351,0.04116730967173535,0.09826594491694272,0.2792905858464553,0.14080163677407634,0.05808477215140751,0.058098441459740274,0.04836167466897993,111,False
147,0.18407185947412782,0.03963627271784618,0.062068819193600126,0.05139697555858742,0.09666414917096718,0.2899205469845523,0.10458215631023926,0.04178332644186226,0.07462616613662669,0.055249728011590865,84,False
148,0.1866920392154377,0.025229578898375758,0.0762074142221284,0.03778182073062216,0.08487215320275025,0.28470380112848953,0.1351807785340731,0.054595182661595465,0.07303835307888606,0.04169887832764159,111,False
149,0.19604156374556586,0.033413179509070495,0.04157631975362601,0.05394362246753183,0.08068021182534806,0.28189333976745967,0.13189532068102564,0.03428601839690332,0.06515543281491995,0.08111499103854905,84,False
150,0.18231942212006041,0.04808710701425917,0.056601705162288234,0.05436563354884709,0.07684534978883914,0.29771917492078226,0.08864679230510665,0.06697394171877825,0.08415008816997703,0.04429078525106189,84,False
151,0.20661976301643206,0.05338291929386237,0.06497705892363145,0.04147962629903405,0.09528988375452214,0.273536456104049,0.10312642128267138,0.055786280989325546,0.07112599570989017,0.034675594626581645,111,False
152,0.17047938611757804,0.03361254662308867,0.0642998287038885,0.05216926447118806,0.08687595325511462,0.26162818890139805,0.1271042420591892,0.0795676054166198,0.07674130734532084,0.047521677106614355,111,False
153,0.15143233190904776,0.0373519589816993,0.06184623287795463,0.038636944048130666,0.10570228480770177,0.28447427795554064,0.13227815552719496,0.07230068649432089,0.06973128976455195,0.04624583763385733,111,False
154,0.18644900169765008,0.01974688775523812,0.07958769191864264,0.07415078465723562,0.11596992962619687,0.2692672325835889,0.09995123606489889,0.016183659683121677,0.06486444871913798,0.07382912729428925,30,False
155,0.172463518458951,0.02462300224413391,0.08539547743986212,0.024856497032630487,0.11115954717587177,0.25706352204717886,0.1321486073295796,0.06981269267280153,0.06526298814045273,0.057214147458537985,111,False
156,0.18238509082603094,0.02976130830779681,0.06754825078302867,0.0316906546650504,0.09340377483518823,0.2584138294356557,0.13978446866862157,0.061920208373808926,0.07964189989012363,0.055450514214695296,111,False
157,0.18405864870933444,0.0423194870861279,0.06428669440747209,0.0391149040291201,0.09463344537292527,0.2704225574763156,0.11867807180612568,0.05689280436525407,0.08418428130557179,0.04540910544175298,111,False
158,0.17027025649038066,0.025272596498258235,0.07571153196522513,0.05096803265110094,0.09362268365402569,0.26114778797125765,0.12757173119037735,0.06940663741736657,0.08038096648620999,0.04564777567579768,111,False
159,0.18157307432746203,0.03222819825515004,0.06925247234407675,0.04161952525570764,0.0886439297879173,0.2818427515796767,0.1343840989395763,0.05601317427919275,0.05737528957345237,0.05706748565778807,111,False
160,0.18361500865093622,0.03678179810313418,0.06653325685361514,0.0722192154592967,0.10491646547606333,0.27005480082530153,0.11168706782886595,0.043110131865998,0.06548101997401842,0.04560123496277066,84,False
161,0.17121998219193726,0.02190983677568399,0.07224369817490747,0.04306936447666309,0.09871519173385714,0.27457510965745174,0.13197793781413178,0.04869838749872975,0.07507182722438206,0.06251866445225569,111,False
162,0.17453325321462426,0.03628164128919536,0.07717903550678043,0.04145463419663114,0.08886716558978493,0.2713899535989777,0.12666156068371687,0.047807096406923905,0.07848446760468465,0.05734119190868074,111,False
163,0.1720207423764074,0.020641084306748148,0.07080349308630392,0.046840118713690426,0.08936637942426776,0.26764325601697936,0.14572204475518577,0.06441318705315166,0.07342402354152011,0.049125670725745536,111,False
164,0.16819220020787848,0.036620057289965514,0.08951234812412692,0.043067424968907635,0.10008980118926498,0.2699373987527035,0.11544146409934125,0.05843961138772963,0.07542873527417954,0.04327095870590252,111,False
165,0.1806305378957089,0.03863537830775264,0.0664383119500792,0.033527370237621486,0.09376294574778679,0.26847966782081306,0.11549651070738409,0.06360575508556177,0.08267962081197866,0.05674390143531343,111,False
166,0.17198181581547958,0.030109389511886655,0.08203682543677752,0.0334204781540208,0.09276439633861047,0.26847603125896496,0.13014486797550617,0.050907542715062065,0.07347169034455468,0.06668696244913717,111,False
167,0.19159070188690877,0.037651638450875415,0.05871572222152077,0.05462156649695961,0.07680658559257897,0.25617001663519884,0.12767884798494214,0.06048560088844609,0.0811063549723414,0.05517296487022783,111,False
168,0.18022540179371957,0.022790844887327685,0.06841314343407659,0.03843778831977534,0.09668649740335326,0.2776760130409177,0.13618079816882045,0.06427974819622782,0.07745498019676163,0.037854784559019895,111,False
169,0.1909623592276379,0.017880437409848016,0.06795090277427229,0.049443525445692776,0.09577436167995164,0.28229720999010566,0.11784597788992528,0.04783700941541939,0.06235663050763882,0.06765158565950823,111,False
170,0.16709977382468508,0.05785074024174829,0.07462991455222057,0.039347949830671976,0.10857229955238522,0.2612170022670279,0.1187534116542304,0.0746477870478898,0.06795691606093904,0.02992420496820178,111,False
171,0.17986600962076346,0.026662786950974245,0.07773045966519258,0.025029983829399683,0.09407648101250506,0.25870043914554647,0.1302174150889318,0.04787954319660019,0.09046577592864115,0.06937110556144527,111,False
172,0.18817701707460566,0.04518810338506498,0.06245718574901312,0.053388940840289244,0.0712352504273882,0.30576792421087745,0.08714963421888437,0.06907812012153453,0.0901491717784615,0.02740865219388094,150,False
173,0.16981973240470094,0.025396592954559663,0.07529879294444679,0.0325603366004715,0.10963598377623436,0.26810367835075244,0.11236650088970912,0.05904523931204834,0.0826581307576265,0.06511501200945029,111,False
174,0.18443521522765405,0.04089749919407106,0.0657491975088484,0.041373127186486766,0.08641478755670277,0.2685685311643827,0.14525761432349257,0.05743178040437198,0.0741815622916244,0.035690685142365224,111,False
175,0.19230754835686514,0.03131313370474274,0.08359792486969837,0.02429710705861928,0.08738364568509639,0.26935209451311315,0.12762705574348024,0.05111910896071247,0.07980723941546775,0.053195141692204496,111,False
176,0.19013542564436373,0.03869623572610023,0.05046004666709339,0.04787050764105468,0.07384256768520216,0.3059365115988171,0.07885296597231758,0.07952915051573724,0.08416103964298,0.050515548906333675,150,False
177,0.18533945455065548,0.04162081812971133,0.05388832778229224,0.04608114235408134,0.0732831554434814,0.3028791227362451,0.10087795105000247,0.06063059975907231,0.09001879041582754,0.04538063777863073,150,False
178,0.16051057942136787,0.029417512153642883,0.06735723962010749,0.04516744741982644,0.09396660425359926,0.28442252371161014,0.13203513517390197,0.06734041787347135,0.06691464729652818,0.05286789307594438,111,False
179,0.1723270928676569,0.024653072386267936,0.07804043053705914,0.06596365398112355,0.0936199598820689,0.265490073173576,0.10574596497262032,0.07122306020072737,0.08061937144790293,0.04231732055099706,152,False
180,0.21034690543777243,0.05007223293572437,0.058271525401186325,0.04538581448412231,0.10518470718686022,0.2892185390952459,0.09679289227972525,0.043985455515865905,0.05543465321084407,0.04530727445265331,151,False
181,0.1761514579532571,0.05114877211517214,0.05978249469434272,0.0630722113754709,0.07835353657965133,0.2867901574265678,0.08035577767131402,0.06191755875318223,0.08061348809550371,0.06181454533553807,150,False
182,0.18176833403925904,0.02660181269818368,0.04989988431464175,0.07136772914263703,0.07827118341366275,0.32346444079757203,0.08156728004133304,0.07321009071685644,0.0781164782599831,0.03573276657587115,150,False
183,0.1844177616908017,0.02830188265155147,0.06417933903648124,0.05247994214024817,0.0650134957954765,0.29960879933081197,0.10151327737397392,0.07687895045739278,0.08452066288171797,0.04308588864154416,150,False
184,0.1813920733829314,0.045609098310990415,0.0444742726794727,0.043229658981218964,0.08366580634401907,0.2852841203678874,0.08286860823099222,0.08272408274391685,0.09684844862159779,0.05390383033697316,150,False
185,0.16840575903121294,0.04973917445377143,0.0670818027044244,0.04889613932691895,0.08021606354652647,0.31132332164224724,0.08504587158567584,0.06716051313177904,0.0909456366808413,0.031185717896602464,150,False
186,0.1789517028743886,0.05057480786952463,0.0665565699281347,0.05779662645006108,0.07190958280202472,0.28835867313989133,0.09246265934084612,0.06125998912911699,0.08047627523942111,0.05165311322659067,150,False
187,0.1849490708598171,0.034988866009706125,0.059660967149715714,0.04536042689581904,0.08517599882514384,0.30383422787140424,0.10818013599460602,0.05079583612553255,0.07673791169631972,0.05031655857193575,150,False
188,0.18877363303094002,0.041049936156225694,0.05444866066094968,0.05155669949902127,0.07240319545767059,0.2982924067613588,0.09174212278160342,0.0767248341916923,0.08732682469260236,0.03768168676793579,150,False
