ID,strat_res0,strat_res1,strat_res2,strat_res3,strat_res4,strat_res5,strat_res6,strat_res7,strat_res8,strat_res9,ancestor,alive_at_end
0,0.097312409355215,0.10107082935756663,0.008797016797851408,0.020649583465387603,0.322669812989161,0.07187209775251126,0.06419425096039644,0.12729259646313734,0.050789160634042256,0.13535224222473083,0,False
1,0.09729700576813116,0.10256421940408637,0.02509154446105892,0.01750628809276913,0.32520839451800143,0.07491029194178071,0.056046690450737326,0.12564486168973849,0.04081353754817559,0.13491716612552074,0,False
2,0.09109083229064285,0.10323161514803103,0.033586827070298336,0.020317646009296583,0.33901164867756034,0.06421618105782552,0.053770553388877464,0.12041097967999195,0.030744624952283743,0.14361909172519222,1,False
3,0.08915612669570609,0.12461356207577534,0.017584396079870005,0.0057254925199438115,0.351102071679921,0.0692657991038692,0.049315449374114584,0.10373714686368939,0.03816849965047112,0.15133145595663935,2,False
4,0.09666450202064694,0.12545586102133227,0.008343518468944561,0.0,0.3557812300939396,0.0719498940594455,0.05108194258573543,0.11860513270491803,0.020556203162727764,0.15156171588230993,3,False
5,0.07732299422018941,0.1050794855141117,0.009142071370936058,0.0,0.36887480767239184,0.08974353087498577,0.04725818104779132,0.12866083758957,0.021069134428240058,0.15284895728178383,4,False
6,0.09909162393788255,0.12326735869827789,0.024244745072377068,0.0,0.34689550252996626,0.06519623484696076,0.04953017850708942,0.12708956674817895,0.022602070397372626,0.14208271926189453,4,False
7,0.06536600164604496,0.11436458989563307,0.011173730426380894,0.0017776096820066511,0.3511019366033018,0.08038108486722542,0.05600309296864837,0.13538012921960327,0.036210111584356434,0.1482417131067991,5,False
8,0.0871745630639221,0.12175653267246994,0.0346618510603124,0.0,0.35424909906228014,0.06710764216768618,0.0747642736546653,0.10508514123886778,0.013613145083716947,0.14158775199607934,6,False
9,0.08116873139135121,0.12885863320337476,0.03064258488375884,0.0,0.35514213744036954,0.07756975411731919,0.06394977089374337,0.10919840488282372,0.012083908263467676,0.1413860749237916,8,False
10,0.0589463582270692,0.11910618735529262,0.022294251936411043,0.0,0.3701631265741063,0.057954343243773604,0.050080766565207165,0.145237626604262,0.02119723794493501,0.15502010154894305,5,False
11,0.08698615013434483,0.11988191854562395,0.02967203989411722,0.0,0.3551202145052726,0.06405629748224442,0.07183594593919314,0.12085013115669795,0.0017417327346783413,0.14985556960782764,8,False
12,0.08488343227895791,0.12107908139725364,0.02912728121710407,0.0,0.3467370101076882,0.059381733191146494,0.07015658773167611,0.12763966142944896,0.0,0.1609952126467246,11,False
13,0.0805116226191229,0.11398029461632314,0.02041278306151124,0.0,0.3619536821945824,0.06929158819036285,0.07355131384331912,0.12067331927572433,0.0,0.159625396199054,11,False
14,0.08090345097529333,0.09864397177173201,0.04331472353506578,0.015277964233164052,0.35117127504239687,0.056845334427829707,0.05573691789308403,0.11101925620444487,0.028035143738434097,0.1590519621785551,6,False
15,0.052377342674540625,0.13411866893308935,0.012813145406346168,0.004693655809465685,0.3669186187377114,0.06798621887814903,0.04014237292815047,0.1415985939539393,0.016868619869105962,0.1624827628095019,10,False
16,0.044382747861133685,0.12800457120528302,0.0,0.0003357949755520277,0.3578322199919472,0.07951188558691036,0.04205007846080969,0.14093916781889104,0.04959867728910144,0.15734485681037153,15,False
17,0.08253035015558463,0.08897383475239738,0.046095883147707385,0.03180317170306048,0.35178369027770523,0.06979429185532582,0.04387818460535592,0.10549948854259501,0.0273050170747015,0.1523360878855667,14,False
18,0.08352639711789624,0.07959410035629269,0.04526608484204277,0.0406012017127547,0.34513120369428957,0.06891281984507994,0.041946000684191194,0.12140102429774181,0.020985152734873048,0.15263601471483812,17,False
19,0.08665504335751324,0.13337601167596594,0.019250435575514094,0.0,0.35073129279811777,0.06882843101190382,0.07039518806386344,0.12860676900156381,0.0,0.14215682851555805,13,False
20,0.08375376781933562,0.0806550967869896,0.050113095378936594,0.03271742599554663,0.3419767644702358,0.07520196095885001,0.04772594720260728,0.11216118618873598,0.017526988386333354,0.1581677668124291,17,False
21,0.08306046060445622,0.07999439659214358,0.04400873842839095,0.017609754647993407,0.33613121728201323,0.07673754725109735,0.02662141297109215,0.14201593161124734,0.02693038694162445,0.16689015366994145,18,False
22,0.07757782259167756,0.07047988306663089,0.04691697241191865,0.04022810325358019,0.33937442527447026,0.07871178198717937,0.04810751815331815,0.1222675535760406,0.030054354285864657,0.14628158539931946,20,False
23,0.04531991780393873,0.1284938832862164,0.0049173524062736135,0.0009482691314714713,0.3523092666426423,0.09470933865731435,0.03958075836960202,0.12755734694137397,0.03776139349720657,0.1684024732639606,16,False
24,0.038414349129531934,0.12830796285869644,0.0,0.0030492334568932213,0.38857249411588163,0.06247860339083346,0.02302693261658717,0.13806249210156066,0.044332420275238114,0.17375551205477738,16,False
25,0.09202889397677132,0.08225421118263482,0.04171721265229285,0.03151447889151211,0.3334163350122534,0.07005714671865435,0.03549598174082332,0.11975229267449916,0.03938019242116352,0.15438325472939507,18,False
26,0.08686478423624613,0.0695088937160111,0.07014902745798766,0.037697238027311265,0.3400410648302243,0.09004056324159666,0.034832248647881155,0.12237345176462278,0.004036172500878167,0.14445655557724085,20,False
27,0.07598683860931835,0.08220395689690775,0.05785537485582307,0.03738890380063989,0.3490356430977128,0.06553960765248443,0.04779979376518074,0.1305840326633447,0.020086056750075933,0.1335197919085124,18,False
28,0.09534649004297417,0.07566072526035993,0.0409452616713363,0.04859716412378761,0.3344421436995036,0.059341492082787335,0.03439099155236973,0.10819293207826815,0.04513621627164511,0.15794658321696814,25,False
29,0.02933495593952508,0.12899925464084225,0.0,0.005985352635510003,0.3635649960381861,0.0899611544930245,0.05795911779366642,0.1250103578750548,0.03521067662538544,0.16397413395880547,23,False
30,0.09191786875004133,0.07604950319730026,0.03622881147010301,0.04986985494561348,0.3411524945687703,0.07696194619593268,0.03748054203510538,0.10519163342227927,0.017295802585892275,0.16785154282896197,18,False
31,0.0720345589670534,0.06801559103711116,0.05113900309207163,0.0394914788848473,0.3421794206045762,0.08080207501373678,0.05644017488497594,0.11839959009397227,0.005432113241489308,0.1660659941801661,20,False
32,0.09257003846104993,0.09384995662108414,0.03576537073637229,0.0,0.35317663331792043,0.061838967844551354,0.07254736765587258,0.10683999269381796,0.013105201258147589,0.17030647141118366,13,False
33,0.07669353559664431,0.07885808211020735,0.05135152621764312,0.042731414379703785,0.33776665953394724,0.08539067002548112,0.04875720192665286,0.131696311800701,0.005996906060347784,0.14075769234867128,26,False
34,0.09758099998155308,0.07700902927955355,0.05568219616213105,0.044256062647860146,0.3277958697640417,0.09089315797410887,0.03238141412638471,0.11863832236661212,0.013389662969536932,0.14237328472821786,26,False
35,0.07793385750312251,0.0615127762521057,0.0453439653182963,0.05553166372261981,0.35308515067633184,0.06708005838619076,0.0438034613034201,0.12587200139448368,0.012012925356955816,0.15782414008647355,18,False
36,0.08215630434148932,0.092741863948131,0.025556911579710205,0.008780360469323595,0.32648991238454395,0.08238601075703253,0.031024196314299163,0.1447279972381874,0.02089866664147216,0.18523777632581048,21,False
37,0.07866751471090179,0.06764600983328511,0.027902476492360065,0.029178899304100815,0.3390112466996171,0.0724329475964122,0.04386665188602286,0.12208571964900872,0.05874519508452689,0.1604633387437643,25,False
38,0.0609681560902261,0.1256951383654927,0.014232049478752711,0.010297581568307552,0.35888938630082945,0.08090411345367421,0.03979302920415169,0.13575853566982554,0.025480752676378195,0.14798125719236177,15,False
39,0.10318051235196021,0.07445176417478942,0.04942401567999257,0.04671086941778751,0.3387682869706542,0.06631135390714928,0.021929777792136056,0.10255492316027641,0.03926666830217554,0.15740182824307886,28,False
40,0.034532958179469796,0.12504089201587548,0.005039103740433475,0.018783931769528556,0.34296839419568687,0.08499635177887244,0.05739731878447785,0.1289438036310621,0.05257648910909446,0.14972075679549893,29,False
41,0.07158883794493033,0.07539749343396482,0.03987238183751857,0.04526548589369333,0.3371016245767276,0.08661742272309453,0.04476878682470301,0.13413514832543838,0.01662407085424025,0.1486287475856892,22,False
42,0.09784791822620816,0.0783276033176063,0.035754751813297035,0.03509604047482187,0.328057965597787,0.06429497443472951,0.03557502456566185,0.1230096066824939,0.04565169490510029,0.1563844199822941,25,False
43,0.08684568936238445,0.06602158291200633,0.061813944343367205,0.05598955816103615,0.3458629923636906,0.10066360644841654,0.03118863910167045,0.09928092907735826,0.01549904079199016,0.1368340174380799,26,False
44,0.06345998294585241,0.08099895897261931,0.051354244421700584,0.011075668885587447,0.3726069688507435,0.05021656346773,0.057562348154311965,0.12306019334608681,0.02154079245937389,0.16812427849599407,14,False
45,0.08556687830759974,0.10027100100815958,0.0371397183066382,0.0,0.35624376219648046,0.05705276981887947,0.06749798452726978,0.13783985643530694,0.0022120575504179043,0.15617597184924792,12,False
46,0.06511480974806975,0.07529378836234704,0.059465034940143144,0.0410196729225711,0.36127392653277596,0.059671523907439225,0.05166123648215011,0.139656125076483,0.012714637722089871,0.1341292443059308,27,False
47,0.08490742108548383,0.07983014172146875,0.03241172885745793,0.03591214848565401,0.3378945616075686,0.07028715117572888,0.05464933550679141,0.12901167417962386,0.030973939801467173,0.14412189757875568,22,False
48,0.07923232915451406,0.12443238035292471,0.01937228122913458,0.009150143748619678,0.3579864460915064,0.0767819550243604,0.07090855045149357,0.12171510686387288,0.0,0.14042080708357366,19,False
49,0.1069341936476859,0.05578890975138321,0.0683759368580097,0.048668049027114905,0.34698720651055603,0.1041693162760334,0.01797502441742642,0.10382456259080693,0.008782412198125044,0.13849438872285846,43,False
50,0.027386087748830803,0.12264948867423711,0.0,0.0,0.3833146439384251,0.07182874359061918,0.02919301312591454,0.13923918161976764,0.04250330407628114,0.1838855372259245,24,False
51,0.08354383874700191,0.11250420608986987,0.03339574116199379,0.001447541301159738,0.35794778745777645,0.0694176476580148,0.06439279349874391,0.11352036411859061,0.0,0.16383007996684887,13,False
52,0.0930739172659038,0.0728017293331853,0.045843540904948576,0.0187767452262475,0.3213327056664015,0.09066334164338585,0.04770816445696345,0.1197227152621878,0.03058908389765477,0.1594880563431217,22,False
53,0.0643019220704278,0.08231464066769957,0.043054956432649547,0.04072371712098628,0.3295836085617108,0.07958739740077465,0.029685485624825925,0.1322895427202437,0.03337893971693944,0.16507978968374232,22,False
54,0.09829882051661559,0.07704206072169618,0.04041624971597556,0.053018374214413404,0.32322976324756675,0.070162595061332,0.04442513931201642,0.10982430429899666,0.034505170198898025,0.14907752271248925,25,False
55,0.08770157111851898,0.08989315217170131,0.0522901520813602,0.02545332283321292,0.3525792075749631,0.07825415519757155,0.046770286372967124,0.1016014711319043,0.012270474088484798,0.15318620742931566,17,False
56,0.074457186638078,0.05605285605559146,0.0361068171333481,0.034722318340592126,0.3674008148527514,0.07821336723406848,0.05903160152946019,0.12932880236236172,0.028238280255459533,0.136447955598289,22,False
57,0.1167422675511787,0.09267685870703611,0.04583271322782934,0.052287314712162886,0.3136375003309451,0.0619990118003413,0.016324481615879752,0.10741623737612521,0.03509368842489562,0.15798992625360597,28,False
58,0.08282489460430888,0.07504036050570936,0.0477982602066518,0.044855664962381005,0.3519356705164215,0.08365430611137518,0.03720887017982982,0.1292178675920396,0.02498024241927885,0.12248386290200389,22,False
59,0.08157455251438228,0.09113881002955002,0.02492911910988604,0.03622783602693026,0.33996593107655987,0.07052780483333575,0.03411738636644471,0.11595111640339381,0.03578193779327232,0.16978550584624502,25,False
60,0.08377575398947254,0.07018688264737326,0.07077507388730242,0.033944096501909014,0.35203107024979463,0.0870673126007466,0.03545992501190657,0.13668560423646614,0.003555576032786515,0.12651870484224229,26,False
61,0.07627128604791418,0.06872135805855124,0.038629243002777126,0.03737013230584208,0.3595831161917299,0.0793209560362623,0.03618385411147477,0.12835055167785805,0.01690243936618134,0.15866706320140903,20,False
62,0.07182711740692431,0.07700067859480655,0.04207570973389071,0.0615332812597352,0.335706012505317,0.06531718256907977,0.026525085878812107,0.11033617464008841,0.05066556200464878,0.15901319540669714,25,False
63,0.09712422232140007,0.08464762967732722,0.06583392025161229,0.05180262174355511,0.32602255672493563,0.04692421531307865,0.040076648401617544,0.09579626288276327,0.03581081934053696,0.15596110334317315,28,False
64,0.07823797276106183,0.08800647700359325,0.03769290649317696,0.04103965546548412,0.3443605440918804,0.06955694526992101,0.05130623735154563,0.12431061251669688,0.030948525832567752,0.13454012321407224,22,False
65,0.07077282853731329,0.06929422855373638,0.04777077528896698,0.045530668159985584,0.34532889758878493,0.07423486800948827,0.056507304170688596,0.11722519081193056,0.034523737175469145,0.1388115017036363,22,False
66,0.07114504182877104,0.08382649723696971,0.03918820929270084,0.038084056888177856,0.34013299994415674,0.07644445278397166,0.0631846617723851,0.11902080407225818,0.02669467233628465,0.14227860384432434,22,False
67,0.09110027225940884,0.09243721569210248,0.03595148363356955,0.03304033098563839,0.34554928942061974,0.06509362549063644,0.03622001804355259,0.11782680209907859,0.004515432745597895,0.1782655296297954,30,False
68,0.09183463156094099,0.058887335555381996,0.05061760995205392,0.035700945196347436,0.336699873089598,0.07448616428355184,0.0448006588283325,0.12375064892109623,0.02508642869373487,0.15813570391896226,22,False
69,0.08737935751371734,0.07115886798034685,0.060825662341853784,0.056649983378046345,0.33395855934091284,0.09160482903684146,0.03972007476943349,0.11956937608168532,0.0,0.13913328955716256,26,False
70,0.10495823151404171,0.0681287817315713,0.031991859164685645,0.050806340989237704,0.367269238844629,0.04944275735699359,0.033156301438573364,0.1039383861771575,0.04107322855386302,0.14923487422924728,28,False
71,0.07448644405806912,0.06901054797436494,0.04957177175439472,0.03933901284745153,0.340739959170536,0.07325463501054921,0.05861329995358425,0.10921626583203095,0.0354378544362033,0.15033020896281585,22,False
72,0.08679243338648084,0.05767694582126084,0.03455684206056279,0.05098922800419546,0.3398703854313699,0.08119237628081226,0.04947157569123139,0.11595656624656663,0.04124059389230831,0.1422530531852117,22,False
73,0.10166992163358728,0.06899177714023236,0.02446713592604494,0.0502372335173448,0.3443602865379368,0.05365267040591736,0.04058149457444258,0.0934318193005516,0.04949774034995429,0.17310992061398803,28,False
74,0.10300352719491537,0.06402044017422677,0.04079960909503669,0.02910297198526022,0.3275223603604601,0.08939234797629869,0.03597103500464625,0.0935652321839323,0.04946855681136062,0.16715391921386294,28,False
75,0.09393654776419778,0.08109821731772474,0.060893097434617426,0.04006879654907481,0.33480123554284213,0.05490509514404357,0.030819136067727085,0.10608481210327804,0.04162954072197544,0.15576352135451904,25,False
76,0.08735420505049037,0.08732944056032965,0.030695320775773215,0.03335879525601855,0.33865510457858433,0.08184362294556158,0.03657927973750492,0.11024438218000783,0.03445784867632615,0.1594820002394033,25,False
77,0.06834894784602041,0.07938268865988468,0.03255147351608594,0.04168571721248182,0.3490871792974604,0.07247059990500318,0.04295410461920568,0.12382414922626203,0.027729450680516278,0.16196568903707953,22,False
78,0.0888172313867194,0.061787316310925315,0.06016671288310687,0.061759642416340535,0.3509792150831854,0.09803951596964178,0.01897564780899068,0.10190841000049121,0.005834837608277977,0.15173147053232086,43,False
79,0.08875245452904028,0.0628125845011229,0.04006122201578507,0.05861567147594491,0.32643448221896004,0.03254623019982095,0.04714990455421233,0.12941373143956453,0.047380168777892986,0.16683355028765617,28,False
80,0.07159121366556594,0.056590481565131155,0.04452261369085932,0.044398669301423416,0.3702799981766919,0.07299202194413446,0.0696634253252627,0.1157052439129688,0.013675209882249049,0.14058112253571334,22,False
81,0.08716575328111005,0.06720117046841825,0.04040976564622542,0.04291538794912686,0.318732013792673,0.06287985411956372,0.03968865754485225,0.12003537315523523,0.04670598632868705,0.17426603771410817,28,False
82,0.0884441611920933,0.07351609728286067,0.017931093369276948,0.05513907205498062,0.3245675208755835,0.09588215126317205,0.043380758589171654,0.11656485679608555,0.03069048707957671,0.15388380149719896,22,False
83,0.07051694923243715,0.08031413507634318,0.06741426663126589,0.04967284388605798,0.33475277147846494,0.0684631932880259,0.05073813988465955,0.10412241661416048,0.0403304576537235,0.1336748262548613,22,False
84,0.07545528543290965,0.06510845369227819,0.035869305853742386,0.030817518324798898,0.3430669923763016,0.08215667729043369,0.052362764191236796,0.12015290250840939,0.04191345417250716,0.15309664615738236,22,False
85,0.0677978080121941,0.06284527052096599,0.07075729419499174,0.04323983414903112,0.3331202312013072,0.07768411027247625,0.05804012674438364,0.11965203505041579,0.023987123972484082,0.14287616588175003,22,False
86,0.09140211866370632,0.07825823578999011,0.04957100489575749,0.036213990002026505,0.32498105627284213,0.08819292446343371,0.038038888942011476,0.11907027447207603,0.03440832491862755,0.13986318157952873,22,False
87,0.0667732313160785,0.06884141134883834,0.05405585011937689,0.04924797199362396,0.3507069375803021,0.05730620534103315,0.045578390052258146,0.13323709449125892,0.017372225532188663,0.15688068222504126,22,False
88,0.08920765370006585,0.06707028348486291,0.04683389869415796,0.051018068736364504,0.32947138275567894,0.06905378663492265,0.03205958473395996,0.1181788808294094,0.05413838635401308,0.1429680740765647,28,False
89,0.0746244746418925,0.07901909860513757,0.05510388981010957,0.03466753573858229,0.3400857644963318,0.08166133997310324,0.0607789566904601,0.1210215947131692,0.01912679520666623,0.13391055012454764,22,False
90,0.09443124715982022,0.07866137746424663,0.05516774871132799,0.046914680928025705,0.32183385735599135,0.06349557829051049,0.025825748740419905,0.11693331746605821,0.053154120953985896,0.14358232292961354,28,False
91,0.10624253029832954,0.08402504467857999,0.022601983920202004,0.036748908504176295,0.33938729302134246,0.07288378172587946,0.038766899631576326,0.09604342551783832,0.032394272513640646,0.17090586018843504,28,False
92,0.08102189713422554,0.06465811500118154,0.045035213475332604,0.0597028512139505,0.3466391131693996,0.058166716091495846,0.06126245329705642,0.10880051360311092,0.030071383734584838,0.14464174327966228,22,False
93,0.10882006434908116,0.0744376614509009,0.03151882582965889,0.047130878250140354,0.34085186279201235,0.05791781974781974,0.03633354960576935,0.10836348413254686,0.042432692055594017,0.15219316178647627,28,False
94,0.11812561629942629,0.06447040218319242,0.023588922473548934,0.038107955163743906,0.3576589840584681,0.05464077148935224,0.03310199483311797,0.09245500642480946,0.043815050241680795,0.17403529683266,28,False
95,0.11178114066468882,0.06561938843882331,0.036188283475645684,0.05190234685734451,0.32897414797693164,0.06118921231939577,0.02927971771967181,0.1320562067180941,0.026005532454769036,0.15700402337463545,28,False
96,0.09009264443925104,0.08754636906900871,0.033146542965768154,0.05282584539958395,0.3402369274597828,0.04054189157986958,0.029128801116673878,0.08406588695859299,0.06782543865591673,0.1745896523555523,28,False
97,0.06891291068489852,0.05361106186011223,0.05118710736529299,0.05033704021128664,0.33412163431045444,0.08605233726092541,0.05209965986107971,0.10762734415188985,0.03292927146755831,0.16312163282650194,22,False
98,0.04956577598743048,0.07093788388894452,0.062563667976687,0.04077190571126736,0.3483586814263055,0.09491404823465925,0.04027320418241062,0.1379509953346082,0.013358680715485538,0.1413051565422015,22,False
99,0.10188501562413597,0.08595355269460189,0.06813927834467207,0.052772770282115966,0.3357291763926701,0.04694799029839646,0.04189092843569421,0.08770841662355469,0.024440390465159192,0.15453248083899945,63,False
100,0.06484618034652692,0.07380196520095064,0.04841063081572027,0.02887336888134327,0.3301127516439082,0.08883358219290025,0.05245462536788366,0.12555962458325948,0.03908088251978908,0.14802638844771826,22,False
101,0.09370316404968804,0.08527700053601642,0.05459450018435658,0.04599801049622405,0.32894968045132666,0.05677109051280505,0.034144558682329164,0.10380151782764707,0.049883805946288585,0.14687667131331852,28,False
102,0.09500725880054461,0.06700512999455722,0.041677008905062415,0.05900780366311061,0.350655529923239,0.05180442661614282,0.037249977225304216,0.09617695720178551,0.023825615100814095,0.17759029256943956,28,False
103,0.0744825770186028,0.06527981962800589,0.056120780320269986,0.03647190466858847,0.3244403274880261,0.06822841979270157,0.059020695033669274,0.13198958009361142,0.028373982219103547,0.15559191373742084,22,False
104,0.09249058583741518,0.07152903728604308,0.05624613178944501,0.05744323953318489,0.3278912617294969,0.050210507274046814,0.028835399371141636,0.10805947298866751,0.058988426531378084,0.14830593765918085,28,False
105,0.09206085775278783,0.06885502223439789,0.02463949871523888,0.0531919614660964,0.3364163367903816,0.05827188279355975,0.025840159689065542,0.11297928440428673,0.05414611268566343,0.1735988834685219,28,False
106,0.09143262006427134,0.07997504809369854,0.054236718514549094,0.05394161308650526,0.3362952447846222,0.05193996011433652,0.03771283482394466,0.09755812368814532,0.040599607152370425,0.15630822967755664,28,False
107,0.07034198063371562,0.06378213468869956,0.029978577534907947,0.05206971522718695,0.337971155048394,0.06706582118179279,0.05226267082180222,0.13270011771356838,0.04521747670960074,0.14861035044033172,72,False
108,0.09693193013974404,0.0676135830903099,0.030354944681841082,0.053578560143249264,0.3065078798878063,0.08436898490385114,0.05113404366201869,0.11568968509226123,0.031405339075606636,0.1624150493233117,54,False
109,0.08340326753883187,0.07594004214823949,0.038220980607621614,0.07078454090412584,0.3387706770649464,0.07279564123309722,0.02672858374400199,0.09384273490677113,0.03714596157215933,0.16236757028020507,28,False
110,0.12410388678481887,0.06954139241622913,0.03536813120166982,0.06371259208146576,0.32369250846261227,0.0419440926616753,0.03391879796542582,0.09595039849753097,0.041621626183390645,0.1701465737451814,28,False
111,0.1013155194810652,0.08253052020785076,0.03556436674578629,0.05934208872314535,0.33052530408044434,0.053594583347772326,0.03848404038564058,0.09437459524880995,0.04613741672565271,0.1581315650538324,28,False
112,0.09338905489285841,0.07125710126761275,0.04311046765732663,0.056786654850558435,0.32243186540005886,0.0671942478070821,0.04285135433839571,0.09168850413083765,0.049126869618348966,0.16216388003692042,28,False
113,0.08848611000272753,0.08324662070007102,0.028710118419840527,0.050604092194229844,0.32473966699156603,0.0623478716171121,0.03684572485373194,0.10757666855044135,0.04625561888760887,0.17118750778267078,28,False
114,0.07674749814372735,0.07430531126005593,0.04520242982295871,0.053366882964755266,0.34780697352533946,0.051317444127503525,0.03067493802373198,0.11589630110509377,0.05995389315248524,0.1447283278743487,28,False
115,0.07849157510567853,0.09078051095993687,0.04019104621535251,0.044850457812429884,0.3373865518483749,0.06540492357823169,0.040579543107363565,0.10938027117002022,0.030981504355428516,0.1619536158471832,28,False
116,0.11244991357327112,0.07226588892157901,0.03960840423427634,0.07574898129704676,0.3294947491770452,0.06971910339652829,0.041747455195429904,0.0871674056484363,0.02438284058030558,0.14741525797608138,28,False
117,0.09836366046353884,0.075673200699626,0.03632030481186194,0.06367215702881691,0.33754761675125056,0.04873638124326409,0.03532571462392921,0.10181629570380048,0.041681781979133026,0.16086288669477886,28,False
118,0.09768942943235588,0.08682673855573662,0.034449620079607994,0.050758895921013444,0.339224175186851,0.05728707826671553,0.02440714178981841,0.09508415540881882,0.06302339190095858,0.1512493734581238,28,False
119,0.09390446751943807,0.0681708348160457,0.03823289540828778,0.047563954370193125,0.3231057206986686,0.06975395890216836,0.03886450475943786,0.1283044749805248,0.030924671623771993,0.16117451692146378,54,False
120,0.07105473298303192,0.062497785740752154,0.06188820322493651,0.04103909193417291,0.3457099000634398,0.07703762696791037,0.049022636974450556,0.12782297397063414,0.023053031308585537,0.14087401683208614,22,False
121,0.09478008203973845,0.09697585282684643,0.034435428608038124,0.045516393223268774,0.3119044921258739,0.052171246276470865,0.054282681004821275,0.12264231465283486,0.03184209682327201,0.15544941241883523,28,False
122,0.08849139009238574,0.07528363179306352,0.03886841885502311,0.048008719051303377,0.3675203140895991,0.05985917390097609,0.04357815459330027,0.09801504911055356,0.01902021707894447,0.1613549314348507,28,False
123,0.07576976426342277,0.07255598708420595,0.05246910736978418,0.03693508328649292,0.3453434078388019,0.06932940589053582,0.04076472795339392,0.12170056737968726,0.03216430926227912,0.15296763967139618,22,False
124,0.06924633096360051,0.09868976386092992,0.08271126078249373,0.050384798762438496,0.32218461015959654,0.058544632339954314,0.05440317796518871,0.10083859494146712,0.021398018327065255,0.14159881189726536,83,False
125,0.0956308642578363,0.09200799536208185,0.023786820002647483,0.034796733936557904,0.3253404864598704,0.05025076306982165,0.044965179768270726,0.12215834163624566,0.035138478378978176,0.17592433712768993,28,False
126,0.07821843350160503,0.09412154252425095,0.07070760399704328,0.05852580465038943,0.308587120172878,0.06075492768379683,0.041661243495711216,0.0917992254884454,0.0373966508009204,0.15822744768495947,63,False
127,0.10953088058068852,0.08083192379432123,0.050377187045304576,0.056131222158598545,0.36139702703664545,0.05180652351049111,0.022146752558088508,0.09983466137399863,0.03223922866372977,0.13570459327813356,63,False
128,0.06222232343943007,0.09468409692085546,0.06904995360850737,0.06862229020776392,0.3455020180411757,0.06448854478493286,0.01965634023202172,0.11322636254354777,0.030978447702413075,0.13156962251935203,83,False
129,0.08220188864728421,0.078254400334621,0.06223659362835804,0.05699155759279309,0.3369182882831985,0.049366803599065985,0.03892077191531631,0.10159456406585607,0.05135442773899138,0.1421607041945153,83,False
130,0.06595536660896532,0.09296587473840123,0.06876801412657836,0.042954530233090704,0.3246245164199044,0.062424121780776325,0.056561384425420795,0.10232694223161257,0.0425967631645725,0.14082248627067778,83,False
131,0.0951821276944193,0.07525584422420892,0.029861592486420792,0.05446470542744511,0.3280474559146835,0.04729382852929818,0.043857996132275236,0.11226693095423709,0.05836780940842142,0.15540170922859053,28,False
132,0.06401859786939891,0.08033366815443425,0.08010116635574809,0.04437789108170878,0.3401263021642656,0.05753640357252399,0.049696480140414716,0.103771235824592,0.04951238585953417,0.13052586897737944,83,False
133,0.07936363936010352,0.09473460018567784,0.06510935539620674,0.05458633168064743,0.33666067161003094,0.06879133930221959,0.06426863312534184,0.09554886709512127,0.0316318829810461,0.10930467926360486,83,False
134,0.06457347171302949,0.08524754137368647,0.05356446282577261,0.05067965305558856,0.3317125947788572,0.06597847269861876,0.05082900508690215,0.10386032797138403,0.058641842980867775,0.1349126275152929,83,False
135,0.10199151749648336,0.06989010774045458,0.037864867457450636,0.04064261505160339,0.33203034780978424,0.05809272382784647,0.03244761566685822,0.12106518273822094,0.03100141732354645,0.17497360488775174,28,False
136,0.06859325034633963,0.08016233854154908,0.06310357131886547,0.04518663402203426,0.3349092116232563,0.06380309581161486,0.06308850715679178,0.10050665806018431,0.05007459540933909,0.13057213771002527,83,False
137,0.08968410613149493,0.0734066307084727,0.06111176868919517,0.04692782692295516,0.3175168418463134,0.07064371073661307,0.05146496192516508,0.11451696270887438,0.021436321788970897,0.15329086854194512,54,False
138,0.09388790878272914,0.07632941068154894,0.03576971352165814,0.04538595107711295,0.3119456803322714,0.06975850927049458,0.05077300966521298,0.10235584067143028,0.04787857333106992,0.16591540266647165,63,False
139,0.08235102416281792,0.07426252386659939,0.05220137696098125,0.045762848806154825,0.3278853885911951,0.08373741556745065,0.06723658857794416,0.10102448082207408,0.0314229624324769,0.13411539021230584,83,False
140,0.06294927747457339,0.09197178966976836,0.06098466292381116,0.05570073098860546,0.3344249258694199,0.07540231637795078,0.060378285767965896,0.11102393986475907,0.02770784753784066,0.11945622352530534,83,False
141,0.09988859814142284,0.09375832458689282,0.06289732963611297,0.03552709442277101,0.33514707248177705,0.05077060374601825,0.049852701762378326,0.10688638227870141,0.0244825360844502,0.140789356859475,63,False
142,0.08111224336312299,0.07673465084078368,0.06461573610123779,0.06858827489934757,0.32832591261113575,0.0530281614016711,0.05296766026414295,0.09415218216298021,0.022371288827202608,0.1581038895283754,83,False
143,0.07159041134025379,0.08493849903862576,0.052257789067374966,0.053413828599890585,0.33642239489605696,0.05371936019768803,0.042305364168838004,0.11392610042222684,0.04592833314072407,0.14549791912832105,83,False
144,0.06619119981552864,0.07742089501119534,0.08679786575847565,0.04476694630107985,0.3287697175739906,0.0720153515470445,0.04197058673072773,0.11960625347255034,0.03622331176141392,0.12623787202799336,83,False
145,0.07141448913689494,0.07522059679860428,0.07479426188964865,0.05751540830630654,0.31922991024645964,0.05850646689859097,0.04422248882729792,0.11694384691684416,0.03844974051015359,0.14370279046919934,83,False
146,0.06792603877152928,0.07745730135413392,0.059013697925331954,0.06006846995598822,0.33845698050003276,0.08226256634109856,0.035555831084532884,0.09641140223199646,0.035004315359132065,0.14784339647622394,83,False
147,0.0663497599159036,0.07134851746802524,0.07246610629412303,0.05920240047101557,0.3312156134862274,0.058887624373888066,0.059289162467513784,0.10788149120675775,0.031237013768494814,0.14212231054805055,83,False
148,0.07353201631549196,0.07999538171927904,0.07351892683756767,0.05098415092303672,0.3143805152319852,0.08320971903875711,0.04875335619522181,0.08910752463281403,0.047394184562665295,0.13912422454318124,83,False
149,0.07897247601042845,0.08692847751542954,0.07739411722580196,0.05596289453329495,0.33833228160723244,0.0609813502189235,0.053348137115625825,0.10040977739064907,0.017418494292773107,0.13025199408984112,83,False
150,0.07284850088621796,0.08022292025902956,0.0742301175017568,0.04222392591071535,0.328476737781485,0.06287689394267305,0.059217487252203944,0.10274743432434198,0.03495714839127403,0.14219883375030226,83,False
151,0.06280786321441774,0.07483803225087447,0.06757525433555457,0.05038986717143708,0.33533586960605316,0.07570898633947926,0.052083436925535964,0.10924190293240087,0.04567983381951735,0.12633895340472948,83,False
152,0.0708215539818829,0.07409390600877952,0.07450161617349924,0.04431321471016743,0.33631277543945964,0.07397316309032576,0.05401794525078327,0.09377305578257271,0.050821833620041106,0.1273709359424884,83,False
153,0.06658371837108078,0.0890760513406998,0.06911649447356705,0.04543151974138173,0.3518454635702949,0.054604924412044384,0.06778669159517683,0.10309471195519637,0.024684452652381297,0.127775971888177,83,False
154,0.05827383095287698,0.08112957504611984,0.06763929853242563,0.033023024423756625,0.34602822774791686,0.06510950156715034,0.04606063417024251,0.13706776330082898,0.030598178154196982,0.13506996610448524,83,False
155,0.05879078730196891,0.08090701383299093,0.06952091618460005,0.03647353824803648,0.33395607453145576,0.07418814907642879,0.058363078695587434,0.10311568581376629,0.04348252143714215,0.14120223487802322,83,False
156,0.06229887709100505,0.07784614404160699,0.08479287169231399,0.03041241218346169,0.31922253648234666,0.07989396584623211,0.06662531288166584,0.09300054930731831,0.05529122219380401,0.13061610828024514,83,False
157,0.06574960641748098,0.08350209887057601,0.07452167329240025,0.04153467561051718,0.3213546469535942,0.06957634191565538,0.05490470594567828,0.10575236674127335,0.04838768575833444,0.13471619849448985,83,False
158,0.06773588494132976,0.08621073490890513,0.05636679812462396,0.05555188981184293,0.3270240471625664,0.07520870377038386,0.05551959185242535,0.10083510225931375,0.051009550423906605,0.12453769674470222,83,False
159,0.06390735054022224,0.08821412134782838,0.06047474791831832,0.062136849057361,0.3345147841844466,0.06642981844673278,0.04751841277027038,0.0955872670701322,0.049588227155702845,0.13162842150898518,83,False
160,0.09053274659174156,0.07647654246162619,0.05423215981327588,0.04513916622604009,0.3306736555664785,0.05222720602081755,0.04178474996362735,0.10347172712195062,0.04514803648379734,0.16031400975064491,83,False
161,0.06946741346876646,0.08756829990410904,0.06625277056454741,0.05673668547799355,0.3548771321911354,0.07475598291076622,0.036479371161021845,0.08561967191560735,0.03437151365516403,0.13387115875088867,83,False
162,0.08165351637213428,0.06419565146301501,0.062155267075581326,0.05553175769169171,0.3500129206265047,0.06260651109926284,0.051835326211896474,0.09860137294144557,0.04141773010352277,0.1319899464149454,83,False
163,0.06313428006268242,0.0813409618047593,0.07768663761401022,0.06037434403178816,0.3010890235598277,0.07503400537405312,0.04875617850886549,0.10044447204108435,0.05064529472707816,0.14149480227585107,83,False
164,0.06155326145898295,0.08428365919796559,0.07299936263894677,0.040129087446040455,0.34561915742510474,0.07026741245821329,0.05582111088877299,0.11059169903185798,0.029397974093128092,0.1293372753609871,83,False
165,0.0650299675287928,0.08651220520681807,0.06906609288751091,0.0514179775571286,0.33765327910127785,0.05719071992824144,0.04483325606655752,0.11797560641256702,0.03912724975537247,0.1311936455557334,83,False
166,0.06744546717944187,0.07903761271182028,0.06765991347984936,0.047963424943162324,0.33970718108065473,0.06313382898060382,0.05081175643203086,0.09623474350071916,0.05388498368117042,0.13412108801054715,83,False
167,0.08278476983148245,0.07296551353083702,0.051681467455305316,0.06203885424190895,0.3370228365329011,0.060430114767293805,0.05202201259655146,0.11332251499441026,0.023228364961614983,0.1445035510876947,83,False
168,0.0634045953762912,0.08049906598164949,0.0826992307865873,0.07047247794406916,0.31161790197695444,0.0659832733266154,0.055371956221142306,0.10374041855263659,0.031822682339556624,0.13438839749449746,83,False
169,0.065687211384668,0.07232995580662406,0.06984410209223525,0.04267508675853395,0.3792388268154956,0.07362456618102349,0.048310464601167245,0.09316567231982949,0.023809345267955945,0.13131476877246698,83,False
170,0.05910547561899405,0.06440836618512649,0.05054586798952087,0.051530309756849337,0.36260155734063804,0.0635833847869551,0.05422900191167812,0.11190510875101994,0.04117209363170394,0.14091883402751412,83,False
171,0.08264801715915618,0.0706250539581194,0.052727362342876824,0.05125695128049249,0.34581246497695683,0.04558722566184915,0.04017482256344835,0.10082152923308846,0.04451929046929598,0.16582728235471644,83,False
172,0.060582441611933734,0.0780851258727589,0.062239784403379655,0.04410006718141859,0.33763424310854145,0.06290363951834162,0.0522398359457186,0.11971220662898106,0.053332580788317534,0.1291700749406088,83,False
173,0.08243772502791039,0.08445163813025339,0.05948227406315742,0.06456345062639678,0.35181692851611845,0.07333614284952425,0.04287987209049895,0.11607328699612425,0.01866347354704664,0.10629520815296954,83,False
174,0.06749888598200952,0.07358039874368805,0.08842483492171109,0.0674044620100386,0.336089695691912,0.06463927262891625,0.03711744306470431,0.09504154721974443,0.04978406832123907,0.1204193914160366,83,False
175,0.08726240149817355,0.07506662848455739,0.056772707440738125,0.05019135271673851,0.3680252035157838,0.07903445656439113,0.028343784198872728,0.09392352835470714,0.030556082353087533,0.13082385487295006,83,False
176,0.07476738824034895,0.0797186847717778,0.05937482765917293,0.056413686827064255,0.32466334846200584,0.07473765453374337,0.05251658745981769,0.08730844013973105,0.05305648344922255,0.13744289845711555,83,False
177,0.07842337005649853,0.07390176041830737,0.056262392733496314,0.053003562607343964,0.3217400989477774,0.058274857293762264,0.06506945554700319,0.10798578606434905,0.039157104493141415,0.14618161183832046,83,False
178,0.08035821271953138,0.06107442504181084,0.0934651503220682,0.06882317973819335,0.3222630074995508,0.06000634797630993,0.05482664815000744,0.09031602690827135,0.03962771912777628,0.1292392825164804,83,False
179,0.06784010612346016,0.0771855950601323,0.08179025091139085,0.04486570942755277,0.33015919192796067,0.07773482137639949,0.039112308376536876,0.10061507796368424,0.04322354919657821,0.13747338963630434,83,False
180,0.06316968897609075,0.060223265103459475,0.05960005478034441,0.045468042498448026,0.3671637067970857,0.05054261915865345,0.0535400277824923,0.11327258380371456,0.04442007313878904,0.14259993796092224,83,False
181,0.062147228722006294,0.1262579411409103,0.06656724365376727,0.0441581674846237,0.31568993368919107,0.06272314321885329,0.05648310650453514,0.08880195934324903,0.03830249435582088,0.13886878188704305,83,False
182,0.07632527409477094,0.089622497882495,0.08109136543809638,0.04434193118480026,0.3275221272253221,0.060308848172926026,0.05555095858927401,0.10081390540705258,0.028888586453615646,0.13553450555164706,83,False
183,0.05831964041957926,0.0877277176115494,0.07969105968008404,0.046672936650529386,0.32432530169857177,0.07265283738259454,0.03670855829865006,0.1030600774574856,0.04975161964184784,0.14109025115910817,83,False
184,0.08031713835243569,0.075172770404471,0.06034419934057795,0.05196200812715709,0.3290710366098669,0.08242963230325996,0.05350183644530597,0.10091369554083686,0.029802469143156787,0.13648521373293165,83,False
185,0.06736806415871625,0.08133825493565577,0.06798909394645944,0.05217638882711246,0.32332607990112755,0.06156461587666051,0.06453199867252804,0.09840065743241609,0.04145425361073739,0.1418505926385865,83,False
186,0.049956932852660424,0.08647282020712938,0.08194281208757184,0.01899951103903285,0.3230081350315627,0.0824498879976403,0.062114601166895676,0.11236324622102098,0.05539601304678152,0.1272960403497043,156,False
187,0.07794583832096381,0.07375563994867394,0.0630126283006821,0.04399847063144793,0.3405216852957985,0.06752464318715731,0.05070451869652908,0.09632777840270772,0.04588239727195613,0.14032639994408339,83,False
