ID,strat_res0,strat_res1,strat_res2,strat_res3,strat_res4,strat_res5,strat_res6,strat_res7,strat_res8,strat_res9,ancestor,alive_at_end
0,0.10868289126191501,0.0021769026462349415,0.018153380303601495,0.07549510118739618,0.2844832048749306,0.016652957800337476,0.20312571639429317,0.07172173306070209,0.051253897871893,0.1682542145986961,0,False
1,0.11789135385038226,0.024509914243815368,0.01782735814212294,0.07509434126598936,0.2620270193126837,0.0,0.20708806893558737,0.07243689162818874,0.0622857262886409,0.1608393263325894,0,False
2,0.10564966242775942,0.0,0.011950377763345761,0.06586655570036665,0.2929184144735711,0.02795537839499626,0.20470644557276516,0.06426828112062487,0.060179882242805655,0.16650500230376514,0,False
3,0.11834461205030732,0.03357974632819365,0.012070777146166547,0.08505887199777164,0.25918641034747175,0.006047224837140606,0.21017551068791993,0.0643676278909438,0.05588189176068361,0.15528732695340117,1,False
4,0.10889372848007496,0.044565499276103364,0.01321985748602567,0.0773472760422452,0.23753313562092218,0.01852501079876295,0.21978766426778196,0.0714425130139912,0.06457671111687105,0.14410860389722144,3,False
5,0.12042358498976395,0.04082831388381045,0.011231947665410158,0.07990524295737375,0.2531676076463905,0.009618631960492386,0.2204355167648556,0.072576959218829,0.05714966381210582,0.13466253110096832,4,False
6,0.12503610000244988,0.04331010968358068,0.004934344828061031,0.05154678824061203,0.2558681611668375,0.014853889334386786,0.21542311717795584,0.07991769275085583,0.059478881199761316,0.14963091561549915,5,False
7,0.12760734874922683,0.04440205020280573,0.0,0.04758615298757674,0.25417015620383615,0.014546252271387953,0.21579055654856535,0.07645341540176426,0.05990927727157259,0.15953479036326465,6,False
8,0.12411123201092121,0.06130785534578288,0.0,0.02637629537179816,0.27304707690756785,0.008815478842667309,0.2295958246911061,0.06968759334110629,0.04457694661898534,0.16248169687006497,7,False
9,0.12679123970999664,0.028821924470222377,0.0,0.04685846810672165,0.25596627408205946,0.014109848204176203,0.2317042141997773,0.06975012774243491,0.06472535271749005,0.16127255076712124,7,False
10,0.12483234722241553,0.018310095617801194,0.0,0.04749719863908786,0.2620656265589214,0.009182146196132316,0.24725141897626,0.0732499283460798,0.0475012987876171,0.17010993965568477,9,False
11,0.13512088649615345,0.03928726291180514,0.0,0.062350686775754394,0.2287892304430462,0.017295395489848507,0.20101215510107984,0.08554544497527886,0.07058683112504287,0.16001210668199087,7,False
12,0.12354537169437305,0.025091794641717,0.0014198331087644158,0.04768252500678582,0.2532689316917074,0.01024848869444348,0.2512431325725965,0.08023267625234266,0.04718702623740813,0.16008022009986153,10,False
13,0.12570360144387624,0.033004388148109944,0.0,0.05264263168656245,0.26160123229231297,0.0,0.2478970359854692,0.08054864446379886,0.042639771604398,0.1559626943754724,12,False
14,0.13996736164299886,0.02313990601967823,0.0,0.04870938988021362,0.2466431920778564,0.007832137954633596,0.2369590800333935,0.09552512201453099,0.04188019240092053,0.15934361797577426,12,False
15,0.13859842915104598,0.0,0.006982648793823545,0.04749834308553169,0.2536676584082476,0.025684011668811707,0.21748312712490717,0.09682967579187506,0.06978667701384413,0.14346942896191325,14,False
16,0.11511196354449414,0.021658037546696086,0.016764170481540892,0.03784527306815266,0.26580480300829507,0.0,0.24024899017884932,0.06583910826224307,0.05089256128529111,0.18583509262443773,10,False
17,0.14642060605777435,0.0,0.01580564787882444,0.04405003813191236,0.2379450129491004,0.020938303179627228,0.2005961373844767,0.09696288318288149,0.07686497124415304,0.16041639999124988,15,False
18,0.10742954750801242,0.0066347298992953585,0.024440192373057598,0.026971688127928335,0.2737996703384916,0.0,0.2436003847402204,0.06254628394425821,0.05642413907421095,0.19815336399452518,16,False
19,0.14506954732149668,0.0,0.0019645756996276944,0.05164910751235199,0.2611937345778537,0.034193685829269564,0.21965750916572996,0.08687636481766411,0.06972795636777662,0.12966751870822973,15,False
20,0.14996464393427178,0.0029750774989919905,0.01888642315774088,0.03459258469421871,0.25313666921247713,0.01827674406377688,0.204501372478622,0.09787935706364737,0.08295093815741113,0.13683618973884218,17,False
21,0.15136015545656628,0.05169689512793329,0.0,0.05755778878864659,0.2132850699450769,0.008875701323807668,0.20328703227878342,0.07772124849269528,0.06126267123110746,0.1749534373553831,11,False
22,0.1167407522920957,0.022168847594255275,0.012165532966053568,0.04662036797726279,0.2493864998770603,0.0,0.2523120361034228,0.08491784839562573,0.03794165021326189,0.17774646458096185,13,False
23,0.15843281601658635,0.0,0.0,0.051445708178661856,0.2509365995556606,0.035436751381004196,0.2206912869064209,0.0780959600389306,0.07097386540702658,0.13398701251570902,19,False
24,0.13756068978855343,0.007620951255197135,0.01716364237347837,0.05214958269332045,0.2335566532566054,0.024976251549870862,0.2086373733115794,0.09494853691864921,0.06895661069426491,0.15442970815848078,17,False
25,0.14692941821202407,0.0,0.007896926764386546,0.04308467855023871,0.26022411085549585,0.022224159036089416,0.2232213625470869,0.08826885720064759,0.06556227176160313,0.1425882150724277,15,False
26,0.15310682295643852,0.0,0.0003250196008658874,0.046850488127255084,0.2648495500680293,0.027845403248739565,0.22013706994539126,0.0741322020764819,0.0652629734857021,0.1474904704910965,19,False
27,0.15006643807772477,0.050128585394950645,0.0034680000392945973,0.06239234523190072,0.2124240312931519,0.014283799485512134,0.17650380777973662,0.09008938561584372,0.05581830092090852,0.18482530616097645,21,False
28,0.14821562785043185,0.0,0.017680512879022624,0.0394875725954463,0.2618759433607517,0.029574492431529247,0.2022900861547443,0.09168802662112678,0.07145967483073959,0.13772806327620757,20,False
29,0.12617309736106902,0.036443408290578,0.0010829464106179043,0.052721830536311555,0.2534603320325293,0.0004277614775725146,0.2611681946795984,0.06062530441696572,0.051319726542180984,0.15657739825257663,12,False
30,0.15520455376449424,0.0,0.016292622265440874,0.054545106432831975,0.25933365681226056,0.023683385882235248,0.20828950785557257,0.08124681093661462,0.0699358005859092,0.1314685554646407,23,False
31,0.15302968880785783,0.04768151026545349,0.021322362872653572,0.06551325227491718,0.1862901196863308,0.015159621687253242,0.1735796403266232,0.09277079698505165,0.05972784608240806,0.18492516101145093,27,False
32,0.1643460878448003,0.0,0.0,0.04297753043205766,0.2584642895542001,0.026243562047014682,0.20915695104477583,0.08015937902247079,0.0731233122237892,0.14552888783089132,26,False
33,0.15197119815474489,3.5336661492621115e-06,0.0,0.06836763430042947,0.2562644486281557,0.010569477313316427,0.1961385427498235,0.10057881394473256,0.09265538208146286,0.12345096916118527,30,False
34,0.13512097011008758,0.027139722856653142,0.010152335673831564,0.06155177945058264,0.25072008950781327,0.0,0.23614088054612287,0.09428804021384338,0.034252086338749245,0.15063409530231622,14,False
35,0.16239239146833104,0.0,0.005867415608856994,0.039733032916095354,0.26567203298447706,0.02568885501297676,0.19413328712708924,0.08790560091552059,0.06351159064116473,0.15509579332548806,28,False
36,0.15339882472061325,0.00018715364819617552,0.0,0.04755798764291832,0.2560313616238671,0.0432566217801501,0.2256167200606625,0.07759156778391373,0.06590792968101672,0.1304518330586622,23,False
37,0.13391253373348772,0.022803076745816265,0.01178676847188648,0.03449705268387123,0.2508518775905885,0.0009924714652537441,0.21135462172548675,0.0910126820358363,0.07892878023447876,0.1638601353132941,17,False
38,0.10417797857272126,0.016445709165465793,0.026632007288039758,0.03574804905098984,0.2746399020466587,0.0,0.23030514605279734,0.056063217140492186,0.055790562408174,0.20019742827466108,18,False
39,0.10723046098644232,0.049051037168606766,0.0,0.05098138395894416,0.2483923022663773,0.019971050930118618,0.26132409508954935,0.054586425301528164,0.057730038134980975,0.15073320616345234,29,False
40,0.13555518871551614,0.0,0.02637078682424027,0.060294059490153554,0.23848463889066396,0.032815530645032884,0.20339586763043685,0.072963880005269,0.07780232880420034,0.15231771899448704,17,False
41,0.11827803613811198,0.026789489537102123,0.021186973800947043,0.05011174548514593,0.2434236361810592,0.0,0.25037159939230325,0.08324187989805056,0.029323861246610853,0.17727277832066923,22,False
42,0.1280363861017455,0.024718321926319762,0.0,0.04388973705297418,0.25551694712943707,0.01584894295091923,0.2552437541132499,0.08125275100956311,0.032150693943885394,0.1633424657719059,14,False
43,0.1386081737913453,0.0,0.01402078925599218,0.03977380949871034,0.23541628188186048,0.017900665580111323,0.21278238572205846,0.09663185794689923,0.0915906833193145,0.15327535300370815,15,False
44,0.14669733310742608,0.0698782910526666,0.00688924399958952,0.05353712228029738,0.20650314138493223,0.0,0.20933810763745495,0.07740331733494436,0.06202053598290759,0.16773290721978137,21,False
45,0.15412056883331393,0.05097994722012857,0.0030313489526700176,0.0606858803944063,0.21855300895134244,0.01596095846351377,0.17980730698885275,0.07311560967077756,0.052550199978106456,0.19119517054688825,27,False
46,0.1305340748090657,0.01968507766347205,0.007203668478048249,0.05808642240444706,0.2422488811909036,0.02681069887439071,0.21117492994894566,0.0988188510074039,0.05934196210387359,0.14609543351944962,24,False
47,0.15911686632536085,0.0029501221586958185,0.015166405454971674,0.04146173320787603,0.22382031680205383,0.021867290662931353,0.20106142146183556,0.10773748984133794,0.06980138159753824,0.15701697248739865,17,False
48,0.17199161407444882,0.012346192236927492,0.00035741028262111586,0.03580744615498804,0.24834054983656056,0.01377940394966882,0.21895862850231376,0.0876589793410675,0.06817903082829861,0.1425807447931054,20,False
49,0.15232970675425472,0.05222422804222792,0.0,0.060738401197266874,0.20535725416272804,0.0095435139354213,0.17428889424291924,0.08721399065154227,0.06372788237082572,0.1945761286428139,27,False
50,0.12528516168723677,0.03127567574850361,0.006649747082062355,0.05531334003652019,0.26085797951216544,0.0,0.24206622195530378,0.08382767390753464,0.041025628385907204,0.15369857168476614,13,False
51,0.1210068354672927,0.0,0.014594867133842025,0.04458361551079835,0.27117800074917514,0.03456436362272146,0.2066238238586135,0.08166232397394194,0.07425986733800337,0.15152630234561157,19,False
52,0.13785187141492788,0.07311843858318838,0.0,0.06681385562824296,0.20829022227493496,0.004694427982420859,0.18721418775122528,0.09948226560119315,0.05325784478506143,0.16927688597880514,27,False
53,0.1544960197332572,0.0,0.018089475244826278,0.0417326086585893,0.23109963976408532,0.008148025172749904,0.2082677029411288,0.09522678572426327,0.08175769511240814,0.1611820476486918,17,False
54,0.14683412893586054,0.0,0.009698587587719427,0.043037801216041456,0.25435084190132784,0.02972234670916759,0.203455233829764,0.0953724791074985,0.05358061632855306,0.1639479643840676,15,False
55,0.14645621410480494,0.00435355972870261,0.026595934917037385,0.038077426343311786,0.26235311532315997,0.008191313802323272,0.20780795370064167,0.09392986492177206,0.08736027191910795,0.12487434523913836,20,False
56,0.12945371421945726,0.00013423235549500618,0.01245400525860779,0.04914264662927251,0.2552682561124003,0.016008706552914996,0.21253480624933835,0.09627708726563489,0.06894070753038273,0.1597858378264963,15,False
57,0.12806986343789947,9.42584651099661e-05,0.0203998646441432,0.0514349491709069,0.22322401564028901,0.024354920052292905,0.21629143340999368,0.09449738020314254,0.0877379465752114,0.1538953684010108,24,False
58,0.12287295846652482,0.014060702274238578,0.0021882582432425674,0.04775840134771014,0.2551425574036274,0.0052062369849042505,0.2156459546140616,0.09558209885573223,0.07916695178762838,0.16237588002233003,24,False
59,0.14470351338089718,0.052707761876064116,0.0,0.05679359753343206,0.22483573616200533,0.02296173888317498,0.20048277155315364,0.07600412546946936,0.041232363434097294,0.180278391707706,27,False
60,0.16547772880775588,0.052466125620016436,0.0,0.05387920905934381,0.2045839862914077,0.00035703292187153296,0.20618014028266388,0.0692321697589113,0.07159043761367934,0.17623316964435004,21,False
61,0.12077112038647331,0.05661544711383618,0.0,0.06231473025960243,0.24751965278388827,0.018894483438162146,0.18918066416893906,0.08784021050300475,0.06836286941039499,0.14850082193569886,11,False
62,0.13917502239355492,0.03440623432815035,0.0,0.03773327619893079,0.247592710866418,0.020279781376578328,0.2374560580346115,0.09528769339206142,0.03832461782277789,0.14974460558691682,14,False
63,0.13373360926737118,0.0,0.01950648628262919,0.043781392732625525,0.24615064629927536,0.004234195712890629,0.2358212933741985,0.08554286715950499,0.0821330717390255,0.14909643743247905,15,False
64,0.13363005523703622,0.06832836203463824,0.0063809559235076035,0.05626350085781841,0.2067330851492779,0.0,0.2119436591065016,0.07532813008044224,0.061412936968554994,0.17997931464222267,21,False
65,0.1399899832974212,0.030259981795375757,0.0018063811262639658,0.07363060185086442,0.22398425235350017,0.010478357235789394,0.16175313202390953,0.09163845099473199,0.07157718064729172,0.1948816786748519,27,False
66,0.15265819730630792,0.0,0.0,0.05642929551778735,0.22336965769369826,0.017490952252796597,0.22320376554968688,0.10984272705021306,0.07594844788121592,0.14105695674829402,24,False
67,0.1554654856883693,0.0531959089681044,0.004973084470146592,0.05543811257100543,0.2041420171644983,0.0,0.21621132356621545,0.07606150719224326,0.0633231176993408,0.17118944268007635,21,False
68,0.1654432762177059,0.03793823265509713,0.016849538878091614,0.06051041334968125,0.2271045840203942,0.013367606173003511,0.16454105463983734,0.08702109131220268,0.04484655101054871,0.18237765174343762,27,False
69,0.14558822607191135,0.04553230770883907,0.009985383815548912,0.054005461901483566,0.20429939090111082,0.04848453988324223,0.18306584117705502,0.07770108368466051,0.04466380754758466,0.18667395730856373,27,False
70,0.15732413254902808,0.03431918025255186,0.0,0.06816026313020104,0.21860368173351094,0.014212056559101764,0.21683842908922435,0.0768312685887917,0.05951337401964591,0.15419761407794438,21,False
71,0.15221708542666842,0.041505839582746264,0.024986739927350045,0.06015038522392983,0.189181743383881,0.025580276175051906,0.15925634068014052,0.09202070560043271,0.06979479616629339,0.18530608783350602,31,False
72,0.14155008519219875,0.03135780130209732,0.02710316085706198,0.05968608539730867,0.18909653331225668,0.023002969733958635,0.17921449517875143,0.11040089788146881,0.04521646081216048,0.19337151033273733,31,False
73,0.1537237887722426,0.048835231429594464,0.0,0.07822553638369005,0.22015042726833853,0.01171272473876121,0.17041787961558338,0.08403975686916314,0.042992857758157456,0.18990179716446917,27,False
74,0.14793698690492454,0.03559494184510167,0.0031477195694000013,0.05477873475285973,0.2019583805444564,0.02732895427926653,0.16640567287198021,0.09533768711405989,0.05912732712781712,0.20838359499013392,27,False
75,0.14847811752739576,0.03752181360127107,0.004399467723765749,0.08232073273854865,0.20829886505433529,0.008936444300748268,0.17532005653831112,0.10040971140123309,0.0548643934167378,0.17945039769765317,27,False
76,0.1429014169863917,0.040038360775514294,0.02146361111962668,0.07262161094505812,0.1806144761737152,0.024814684987752897,0.1779964013802096,0.09222481935062528,0.06292303825921584,0.18440158002189042,31,False
77,0.14910031092742654,0.05471059401924399,0.0,0.08325825777203436,0.2039823350479631,0.00829002849721552,0.1704663954514471,0.09627740126196437,0.06755895555638833,0.1663557214663167,27,False
78,0.1607339733941737,0.04959928469932797,0.008512120551761631,0.050881273477084925,0.20145555101831625,0.01334969940413048,0.19353813365701272,0.09531830081236708,0.05081382958445768,0.17579783340136762,27,False
79,0.15112939997010644,0.06072440068807171,0.02517939354767674,0.06316266328738644,0.16263888793504006,0.015385225874783274,0.17706915173091411,0.11853884198839551,0.050442579692567845,0.17572945528505793,31,False
80,0.15424617491865023,0.07483350272883563,0.0064398699668827475,0.05470231171489762,0.19261617439833437,0.02684574198054924,0.174441459012755,0.08409326024464824,0.06184772636324032,0.16993377867120668,31,False
81,0.13731585829957366,0.0,0.011193825463858453,0.03773539694104862,0.2371482912605987,0.024950014725696447,0.21360360698034664,0.09886120785414654,0.07709980497632415,0.16209199349840683,17,False
82,0.12876401200186124,0.029609993766763012,0.03449604460113068,0.08443296175434344,0.1848048951389086,0.03371558734714857,0.18524995952316717,0.0858897084965799,0.056677014123451566,0.17635982324664579,76,False
83,0.12582249616456656,0.07995620880257202,0.008091204048638959,0.06085698038719053,0.19621576229918514,0.0,0.1967139670327147,0.10728408345291637,0.06232880010126566,0.16273049771095008,52,False
84,0.14127474757572545,0.040979485267039,0.017468993106600886,0.05658390730191055,0.176917170139189,0.05159150718021157,0.16987153331260635,0.08659019462861672,0.06659743681420113,0.19212502467389936,31,False
85,0.1554677834303171,0.054289248154806055,0.01884941635830219,0.07539199631712877,0.1857003597966219,0.01712191838610344,0.16089893810541078,0.08855973436709064,0.06123363803241154,0.18248696705180759,31,False
86,0.17612640772183225,0.04339792499502254,0.031048554410622563,0.06907875857305226,0.17054024964853923,0.014309416685739469,0.1721194896263029,0.09163217754379088,0.05911642780239766,0.17263059299270012,31,False
87,0.15884757809030953,0.040395869710360174,0.027411536601802892,0.06998289269372067,0.19591027286665919,0.013908651986758102,0.16606679391347012,0.09583196917116647,0.046212419688446256,0.18543201527730674,31,False
88,0.1604845184589647,0.0370187751772353,0.020685597027330544,0.06513761152114404,0.18306523646817138,0.02509291275646349,0.1840489532493303,0.09063154522826443,0.05216126008638275,0.18167359002671307,31,False
89,0.1538038713824903,0.045429733440950235,0.02463515502426196,0.05951602519215204,0.1864383401530534,0.025038159279478153,0.17383778208068557,0.07812590990065628,0.06113563923436168,0.19203938431191037,31,False
90,0.15351170709281742,0.039953380525856425,0.022639620651831668,0.07783630727882385,0.18206466497013749,0.02640277172986405,0.1726949477407594,0.08283183200524283,0.06670142275415851,0.1753633452505084,31,False
91,0.1428686071893168,0.05308416792607518,0.01908928125373838,0.08649977605966397,0.17503820879024773,0.025495588978439742,0.1635242593399183,0.10460111917894693,0.058279799784285435,0.1715191914993674,31,False
92,0.16060623202311247,0.046752528274407804,0.025392544601736542,0.07174233032787515,0.1945353048468715,0.0189902898860941,0.15657376166373144,0.10214931020662664,0.04497882830292075,0.1782788698666235,31,False
93,0.15051103441019717,0.05534901382230943,0.017057218349763384,0.052745191469372565,0.18599769011537834,0.016889304819673965,0.16551141579881798,0.105418262904127,0.051259456229599425,0.1992614120807607,31,False
94,0.1542096698964587,0.05058061594697278,0.027954601005966157,0.060422202577284305,0.1941308787986621,0.014258526171930446,0.16056359837607392,0.10073347833359536,0.056748605031192736,0.18039782386186348,31,False
95,0.15872931576552068,0.04700985193198763,0.020877976082970123,0.08116487581295673,0.17612255772618443,0.016275135448473352,0.1738318631608477,0.07447467637275827,0.058702678730295554,0.19281106896800557,31,False
96,0.16475491715925294,0.04753139922320089,0.023739696599380293,0.07988901732449691,0.17614049231223233,0.025824110643904295,0.15499956980381313,0.08649582915613577,0.061262245020623794,0.17936272275695966,31,False
97,0.1468034520130517,0.03765123543857307,0.04724004637505592,0.08018894915586158,0.1890292158316841,0.01419348080479562,0.1674235043732783,0.10471938877141942,0.0359225016946635,0.17682822554161673,31,False
98,0.14126652807384207,0.045112192390969266,0.024908338733089664,0.0634842896970259,0.1877016305911954,0.024479149893676472,0.16939997782202162,0.08589593483526974,0.07266142212344127,0.18509053583946855,31,False
99,0.14881233751195164,0.05405630281467986,0.015044707393451002,0.06329606243248588,0.1876534320866277,0.016683380169534478,0.17167120226828797,0.07978254703899719,0.0624994464230734,0.20050058186091094,31,False
100,0.16494504599790324,0.04895094007667968,0.012646922875244859,0.07422434107488478,0.17081956607419288,0.01982148073570377,0.16881329453820026,0.09024165087850337,0.0470112533829922,0.2025255043656949,31,False
101,0.16352782306572897,0.03263013533880625,0.041534553866502316,0.07198787424758098,0.18097886127592547,0.02803704746258034,0.17495359421802578,0.07621965542296084,0.04962357931024793,0.1805068757916411,31,False
102,0.15161671924624873,0.033536122614885165,0.010477834525747172,0.07974935097773679,0.17516182349249512,0.01081678704317071,0.16274523858632198,0.10089329556014108,0.08055845832132509,0.19444436963192813,76,False
103,0.1660341267458811,0.031724291677009166,0.019865367721939094,0.0676050567214693,0.18739635751335365,0.0177873260325214,0.1768503416632089,0.08558422191810972,0.07143174700387903,0.17572116300262874,31,False
104,0.1589724014535098,0.04370421676195715,0.007480523195033982,0.06914921971135192,0.18365785342459298,0.016652964706398092,0.18987393034513872,0.09896121213749202,0.055170698458162026,0.17637697980636333,31,False
105,0.13743203119000735,0.03951027755000147,0.015312315618490767,0.06329955686902852,0.19857190810729974,0.025991715800964085,0.1942927834238782,0.09189937774135734,0.06162976401526164,0.17206026968371088,31,False
106,0.14644178639310307,0.04211899896307429,0.013781404542396769,0.0750103815186754,0.1912407672212988,0.005360813546699521,0.1627913534557139,0.11395384539605438,0.04929985388926412,0.20000079507371973,31,False
107,0.14827246541006878,0.0569777050308767,0.02800964364366053,0.06089253494235736,0.1656645532946855,0.03191649145011585,0.18375873522918554,0.09698524993712439,0.04285635316284883,0.18466626789907659,79,False
108,0.16020697336137116,0.05600742327828908,0.016682466957854886,0.07174535597498269,0.18228785541076734,0.009760089997425949,0.16887581296166052,0.09292373662606825,0.052563539333902794,0.1889467460976774,31,False
109,0.13100451095668894,0.04109765770489543,0.006601929540621586,0.06349037181938857,0.18582119739684952,0.03272234828363572,0.16584046427287852,0.1088934232085029,0.06574362261157021,0.19878447420496867,31,False
110,0.147951341283402,0.04418506771060361,0.029992419177272467,0.05097780579484865,0.15352126169877925,0.04959290931991087,0.15812501949911795,0.07598132538204601,0.08979130823688428,0.19988154189713478,84,False
111,0.14748181921959425,0.04884687284035638,0.024049038266430133,0.08384799407120384,0.16894220636640062,0.03515442784458959,0.15592964149717206,0.09719411970192197,0.0520936267987253,0.1864602533936059,71,False
112,0.1378280510808204,0.044421063957031305,0.00652878227812136,0.07133733561780918,0.18312783941489166,0.010367718358365663,0.18623657419502332,0.1113348513156744,0.05896060528012738,0.1898571785021352,31,False
113,0.1620233319756153,0.046679012756535,0.023060677569442103,0.06216336597019168,0.19498497861411876,0.018338857164088306,0.1598475245789238,0.09156366894538151,0.07191192736134988,0.1694266550643536,31,False
114,0.14286555461276326,0.052939791371770094,0.006921206258232432,0.05999055481423719,0.18690524115563373,0.04072026848736281,0.1656595697328312,0.09507970536154449,0.06370615993686578,0.18521194826875892,84,False
115,0.14632581037260906,0.040337430170018555,0.02224561001480059,0.0627157586131566,0.1725183038113344,0.06803794521085157,0.1559680184219059,0.08114740199130849,0.06778812623865658,0.18291559515535824,84,False
116,0.14943278161065646,0.04586784952276556,0.014576329028955162,0.0990080805691885,0.1665609032605185,0.02462106077170184,0.15687886869723064,0.112985887389041,0.0655323442945977,0.1645358948553445,91,False
117,0.15125915855128588,0.04374623514405682,0.02145187807057472,0.08482463596956635,0.1682158828522158,0.017431476133780266,0.1698798955273223,0.085954762002961,0.07223845514429476,0.18499762060394204,76,False
118,0.12206248881167411,0.015865095346714965,0.031817260523097704,0.0849519994750891,0.1818652665663284,0.019349710507804447,0.189300660523376,0.08538066980006229,0.06461124381981025,0.20479560462604268,82,False
119,0.15941476135624455,0.06533826686032748,0.0271110441473726,0.050776486917604696,0.15666398010691146,0.008516637053791926,0.19761322648032847,0.12505469236504926,0.05309891754388059,0.15641198716848898,79,False
120,0.13554181479205385,0.02151873519697082,0.05281237669601,0.08144211918399372,0.1855195860021183,0.02102222409190217,0.1933517694731816,0.07628612120873633,0.05315726582002002,0.17934798753501308,82,False
121,0.14040771604734362,0.054537478887089895,0.015100003063025285,0.034497225435441564,0.1665926565619827,0.061496748610815305,0.18023344996346477,0.10219905508541967,0.0656648159387717,0.17927085040664562,84,False
122,0.16013997708889963,0.05349750271472886,0.035485327015484014,0.07133183887373,0.17487931624383662,0.006099576207406432,0.16024622897076074,0.08214050937730275,0.06174967373992343,0.19443004976792735,31,False
123,0.13107084524301835,0.02257925468862117,0.024448306835964488,0.09968676198041981,0.18344163619043932,0.02765119297153526,0.1865135579660352,0.07893490688826131,0.07537361804491415,0.17029991919079102,82,False
124,0.1208008663218778,0.03480987053156926,0.048894629897158814,0.060279477614452535,0.2065666123799819,0.041910558992936796,0.1828412134112966,0.08645288356222296,0.053689373132782055,0.1637545141557212,82,False
125,0.14195303019081446,0.04514239686041335,0.01516530350163367,0.06762551856942481,0.18618534299183384,0.014438757531453811,0.17790345804126895,0.09552340228184923,0.07964851108250894,0.17641427894879885,31,False
126,0.13086307266066186,0.024749036539250813,0.031963721534447896,0.07731675694384078,0.1927954154980946,0.04062415970645364,0.19336855235384878,0.06784201862864685,0.060894019186916136,0.1795832469478387,82,False
127,0.15400351445413685,0.026391186507239282,0.02327008042978137,0.04460920495924902,0.17117227862654358,0.05253068541917096,0.14979917474724744,0.06537659406888338,0.0973348579416432,0.21551242284610492,110,False
128,0.1437451330057585,0.05272529640940241,0.045587840217017936,0.09824687346154548,0.18523420204954733,0.03676843789650008,0.17781364998146082,0.0734875476066864,0.02270883978856065,0.16368217958352047,82,False
129,0.15277282729370853,0.03881297130967276,0.054524210703974715,0.03415457737262176,0.15530437157110583,0.04558660025695904,0.1396957965284007,0.08317231926018644,0.0942754673668571,0.20170085833651308,110,False
130,0.13362909517408994,0.02346567948860909,0.024060469653693937,0.07385953858777974,0.19950438956171995,0.045182269948781086,0.19198301988820363,0.07064907038486062,0.059628484680519435,0.1780379826317426,82,False
131,0.13101597866816952,0.013605012675149214,0.04006887436901745,0.08918379174220913,0.17288517707779952,0.03367430278542425,0.1800326398714375,0.10730299424816371,0.061649546408055214,0.1705816821545744,82,False
132,0.1308007885479586,0.013338227012550536,0.016235669600501823,0.08646744359644519,0.1949816168473426,0.05079593567841846,0.19121063057724522,0.08011701571909087,0.07374329309897956,0.16230937932146716,82,False
133,0.14333940791178487,0.04538286626448308,0.016572470327170064,0.06913338723283056,0.16701383058568664,0.055694531081024456,0.18159058294652317,0.07163323551785096,0.07352923509655045,0.17611045303609577,115,False
134,0.15852396000199342,0.03345272595071233,0.015703941654591366,0.04772179495159761,0.17388881333854228,0.0390626226906924,0.15537996668426446,0.09377214600643849,0.08114660799875598,0.20134742072241163,84,False
135,0.14413234448549164,0.029463418884398913,0.043359698278076314,0.08164895130181195,0.18152134885963553,0.03628145486727574,0.17972795527398144,0.07506549287154414,0.06063408320222176,0.16816525197556262,82,False
136,0.14584332066977163,0.04029103101892478,0.02867781812176404,0.05572162110867955,0.1560928528875465,0.04875268611904546,0.1622559646632332,0.07661734636494448,0.09483459696651733,0.1909127620795731,110,False
137,0.1242662399016505,0.031992545434285535,0.032949712103826356,0.08532415646173232,0.16990064791612475,0.03615137411006689,0.1884694004347715,0.09088489232891768,0.0585901825813761,0.18147084872724822,82,False
138,0.12749943426240146,0.04126970753950192,0.057180872351334434,0.04745771077077561,0.15505059634339488,0.0525897260302182,0.14018502702761773,0.07308032053026903,0.10462514499919598,0.20106146014529083,110,False
139,0.14922907768498603,0.0421766286661968,0.012891859688755619,0.07362038845066715,0.1797123296263895,0.061249765957695455,0.1422608816724805,0.07158198693028693,0.07068158555793908,0.19659549576460278,115,False
140,0.15632514865308414,0.037469141485876434,0.033706819341461074,0.05511782270319137,0.1608990112625259,0.05230818517946841,0.16688282539955132,0.07088916453261762,0.06038007633100898,0.20602180511121473,110,False
141,0.16429311753483608,0.05062718719515931,0.025123115569615453,0.040687369324617514,0.1358413365849441,0.05858960581773716,0.15820934981591903,0.08164726860319947,0.08134303481253684,0.20363861474143485,110,False
142,0.1385447786753782,0.04237009813534011,0.04760035581266703,0.03999002180893183,0.15494386230391036,0.04900112029235628,0.1486917949444714,0.07991722272321107,0.09359479643758217,0.2053459488661516,110,False
143,0.11696751991081872,0.0494382826028885,0.008189618125999151,0.04339023833989099,0.18777553260040125,0.051234415598978865,0.17811185328733353,0.08768020619532448,0.073244101129083,0.20396823220928145,84,False
144,0.15339565491619642,0.03356215130327981,0.028101012077693305,0.04173387390518544,0.14656761276589073,0.05590706921780627,0.18932080342034768,0.07760833687885234,0.08045376338995457,0.19334972212479348,110,False
145,0.15109986729652175,0.06749169979480499,0.03154207930721125,0.0582012719979905,0.1554875013220596,0.03590429808853087,0.15193583762372745,0.0789476182517094,0.08512998026426175,0.18425984605318232,110,False
146,0.13417219081956705,0.04672868265406151,0.03451224276935894,0.06112907846204807,0.15716805930962635,0.05803187827217308,0.15395800638316742,0.07770996529242981,0.08185893212549086,0.1947309639120768,110,False
147,0.1240732192771044,0.04991260292483461,0.027161754841302458,0.06442221669610435,0.17741016423384082,0.06540369203002072,0.16313803189897144,0.07605735926356813,0.06011292778932966,0.19230803104492333,115,False
148,0.14462789519015398,0.06706985424714836,0.03889593523083526,0.05680239209094713,0.16451180453285036,0.0432587017461074,0.15539966318251686,0.08068944958125703,0.072583312477175,0.1761609917210087,110,False
149,0.1605461320084306,0.05011850788361881,0.03247423563763497,0.04912487905120344,0.15069486471283142,0.024978187717475984,0.14980750104992924,0.09264121840284031,0.09504770276023315,0.19456677077580203,110,False
150,0.14121582520448994,0.03207016681953111,0.012767138855532401,0.05541562928707427,0.17034158952472545,0.09186048102146604,0.154804085168467,0.0916309345727283,0.0713722052807211,0.17852194426526435,115,False
151,0.13542308931598687,0.036564792994321735,0.012945123784213218,0.05779858306207936,0.16431841476920295,0.04786347458273244,0.15353372321621475,0.08846838850751429,0.08536074853584477,0.21772366123188963,110,False
152,0.15152357052657262,0.02443884919513822,0.02877600617013094,0.03409932469671951,0.1581114456621791,0.04093368400296396,0.165021685807198,0.09715973502097112,0.09393156229002893,0.2060041366280976,110,False
153,0.1466944951064014,0.03825580926768128,0.015041932661974398,0.05902032803828856,0.17454334207120356,0.0737895333449934,0.15941832359658556,0.0843484812570794,0.06958132012758712,0.17930643452820527,115,False
154,0.13917914360554606,0.04247723398614785,0.010149875246485317,0.05923616062338573,0.17006168569254804,0.07574222258280475,0.15208326621239085,0.08319524005966271,0.08183127603517307,0.1860438959558556,115,False
155,0.1748183952073226,0.04611391320341668,0.050311894755104426,0.029149703546527708,0.15463062407585657,0.04803315208689404,0.14739483787133956,0.07808643842538074,0.08737187855137432,0.1840891622767833,129,False
156,0.12390964491143845,0.025428370320653332,0.024873757517962825,0.07132927668371568,0.20367935220316355,0.07425837517899331,0.1517615087602879,0.06967935987960984,0.0713388614386741,0.18374149310550097,115,False
157,0.13777667240337566,0.04215072864517302,0.054856594104633456,0.03702267872473619,0.15402900021965324,0.041160381309858524,0.13355413386525586,0.09540677791743157,0.10095672524366094,0.20308630756622154,129,False
158,0.147467195167035,0.018783214478139375,0.0,0.05923176870945906,0.17194050789360374,0.07619704760246453,0.15576892883523935,0.09332182789472855,0.053915584979753794,0.22337392443957663,115,False
159,0.1434554897412448,0.050234410575885145,0.049786215453979606,0.03142292549679633,0.15406005075673143,0.06196853975120243,0.14050567582741388,0.06476632346757301,0.10898480090133164,0.19481556802784167,138,False
160,0.15199858063331692,0.04041939208751546,0.029220632265228544,0.05568902672806537,0.1445163988862954,0.048904601467101995,0.15668950352490585,0.07237305852646791,0.10503848439423615,0.19515032148686642,110,False
161,0.1448095031529208,0.04111206961750591,0.045210787140294854,0.056134647581104695,0.14937812232788233,0.06463691012964672,0.1453096975406166,0.06537107234929494,0.08760058265387886,0.20043660750685433,110,False
162,0.12332665829726346,0.04438826878031237,0.06408503409720635,0.043650275745216446,0.14158630429668523,0.056159822610980466,0.1370449266981739,0.07309449038325834,0.1191143989290068,0.19754982016189662,138,False
163,0.1603528817210542,0.035296897403005394,0.02139409236790592,0.07264523982415026,0.16877685491218672,0.07276955390818929,0.1363540353817361,0.0839152419562011,0.06002052541981973,0.18847467710575122,115,False
164,0.14021897191387406,0.03328694995459853,0.024414583919868154,0.060704955847113586,0.14737078958050398,0.05832514039316157,0.14437995003440893,0.08018717475218123,0.10557538708386072,0.2055360965204291,110,False
165,0.14173336871258985,0.04246386000023631,0.05421045776819625,0.03747395209167815,0.15636656604217372,0.06857178799771972,0.13584461032620576,0.07833509648842843,0.10194459638604227,0.18305570418672953,138,False
166,0.11595064116324666,0.04102446320047316,0.055484753786427435,0.04660068336242852,0.15581042871313674,0.062027630198152967,0.12799983307549812,0.07479133312686762,0.1104461606419679,0.20986407273180097,138,False
167,0.13210910354758912,0.03920765562579936,0.05758108213227458,0.05461363345657406,0.14641340846379497,0.062325612088444025,0.13459114493161548,0.0746634826213562,0.10011983910693636,0.19837503802561587,138,False
168,0.14012810168215473,0.02781554200479469,0.054886577233329306,0.05669519065921942,0.1491622187689076,0.04762769631964563,0.12575651498825904,0.09081268488312089,0.09948858645793983,0.20762688700262877,138,False
169,0.14854102395244184,0.030498577506457746,0.02104428198469301,0.04926680390729427,0.16843443585260331,0.054437821596040784,0.16241511148499133,0.07983808415056957,0.08561049460565101,0.19991336495925704,115,False
170,0.14154681200290653,0.039353171796682566,0.03791677303244431,0.04431312063386272,0.14528309556164473,0.05403815111996182,0.1610934734235799,0.08687607146224655,0.08538516899125755,0.20419416197541335,110,False
171,0.12781314714826456,0.05076036759572581,0.049657958814078605,0.05418018989228221,0.17094408951853643,0.04382722571562836,0.1331412865519348,0.07557799095023662,0.09867732425461237,0.1954204195587003,138,False
172,0.14749104130305546,0.026731849565646865,0.018707054449241593,0.05626201107158746,0.19632815459926872,0.059669066760916205,0.15765883915575657,0.07466130906934111,0.06303916423332577,0.19945150979186024,115,False
173,0.1262367542034114,0.036693111428408524,0.0657531802129696,0.0530584480323105,0.16985993923170914,0.04435469019773253,0.1354422589264062,0.08213878043388904,0.08199543244077441,0.20446740489238843,138,False
174,0.12641607454785073,0.033769844738692545,0.06663790371960623,0.051760488971538295,0.15868004454591086,0.04753508874616588,0.13210126432182698,0.07663221022350669,0.0967780268813678,0.20968905330353396,138,False
175,0.12163470861328804,0.05037000046118228,0.05610643642519638,0.03933068500837276,0.1605007112230784,0.04558523920694009,0.14621034241853179,0.07021505027955666,0.11901665210653006,0.19103017425732355,138,False
176,0.11014038191912875,0.04382674670884812,0.05017194761424138,0.05823025127834067,0.1528115406080034,0.051143183151190125,0.1278413874633486,0.07176366769955661,0.11019072951100596,0.22388016404633634,138,False
177,0.12286149913175803,0.049121400323192156,0.05522842616346773,0.06398340654751555,0.15517872693667953,0.05737153852248087,0.1354205837678652,0.06125006058684524,0.09118638909510436,0.20839796892509133,138,False
178,0.13165591613343736,0.049800249923973965,0.05682298707935834,0.036572303493633336,0.14187150542439955,0.06194240657620374,0.13648722346356676,0.07318527162413781,0.1071557135813156,0.20450642269997366,138,False
179,0.12248220703155265,0.04434503063972326,0.041273692114829,0.04295275824736145,0.15292128427388782,0.0661210260258791,0.13942705100270436,0.06933656536121553,0.11928654193253034,0.2018538433703164,138,False
180,0.13434206902304804,0.043536151627975535,0.048258161702340936,0.03187497743817529,0.17509020570305983,0.04449135380957948,0.13106093469266242,0.07773002465582751,0.11713056842819738,0.19648555291913355,138,False
181,0.1450318406416073,0.041786315880066725,0.02533499312000893,0.053757985767787834,0.17047743569423696,0.06483410063567757,0.15171757393347524,0.08135899190196698,0.07931001519279957,0.1863907472323729,115,False
182,0.13363625958478695,0.05137627534325081,0.0496616502411101,0.055509014467625566,0.15255523132498716,0.05174368809028696,0.14890645703829045,0.07715368976232392,0.08287402264184286,0.19658371150549528,138,False
183,0.13383000995442507,0.038092723469070805,0.043782374973077416,0.052553446165879675,0.1439204754503125,0.06830221990140802,0.12482762782997944,0.07010697392413265,0.11790507971117206,0.20667906862054222,138,False
184,0.12089714888204982,0.05447006037608591,0.05155141436166378,0.053451804591190775,0.15299268100877136,0.05165954206898383,0.1427250584858585,0.08757477922253276,0.0992894414839955,0.18538806951886777,138,False
185,0.12864833824920222,0.028225046822850132,0.054985321076754405,0.04000717904781049,0.149456928644027,0.06619195057277516,0.13927581894199645,0.08313189664354739,0.111646683134106,0.19843083686693078,138,False
186,0.1097698319326545,0.05241291746499397,0.053775121200908896,0.05946907681228882,0.1676660898520129,0.0505342046986613,0.13033936311768515,0.08353264445502258,0.1084099455793903,0.1840908048863814,138,False
187,0.12125745765547633,0.04657783805670957,0.05391115836168417,0.04777279537457351,0.16263241425912736,0.050732259307494046,0.13727155741965927,0.06682748310103254,0.11511766479595778,0.19789937166828545,138,False
188,0.11475404127293627,0.03416886960924454,0.05293394337623519,0.03866531947751615,0.17237532051159987,0.05547637403688306,0.1365353108514746,0.057025694296895454,0.13310778401783901,0.20495734254937584,138,False
189,0.12928956931642585,0.03503782627107685,0.05271902086358116,0.07149062706963151,0.16617057580953926,0.05996937575459885,0.12326024386006944,0.08002332563974865,0.08860463117084035,0.1934348042444881,138,False
