ID,strat_res0,strat_res1,strat_res2,strat_res3,strat_res4,strat_res5,strat_res6,strat_res7,strat_res8,strat_res9,ancestor,alive_at_end
0,0.016077659843995683,0.0738776698642231,0.025561551442698307,0.015638125235344476,0.07672686976968673,0.13920475169070046,0.4208934950220103,0.09434834694602945,0.1338931278620999,0.003778402323211484,0,False
1,0.019589794166019674,0.08231044934883475,0.020846487767670653,0.009317557300282721,0.07355050298037015,0.14830197641578693,0.4022401872349882,0.11539039009018945,0.12845265469585743,0.0,0,False
2,0.012168863512713873,0.08972654004636038,0.03351975618376277,0.006370702902986103,0.08507846739092338,0.12996132918024828,0.3951604827484842,0.1106065348446457,0.11510564009255994,0.02230168309731533,1,False
3,0.014714154320768735,0.08048917138210025,0.032628578809115565,0.020698642972781827,0.09226478755021708,0.10754773734451344,0.39469317014548816,0.10340784695112892,0.12231607512667751,0.03123983539720849,2,False
4,0.02457063204454326,0.07556019050716842,0.004165704915836705,0.01482248531869374,0.07591138427438385,0.11343832785422729,0.41649313726273796,0.08649406666542468,0.14562691697046978,0.04291715418651436,3,False
5,0.037394943598570665,0.08728522641506539,0.007797630916469925,0.01397876104543582,0.07720744612215055,0.10967049778809101,0.41252151755252264,0.07542283463564527,0.13564821862598536,0.043072923300063265,4,False
6,0.02998745167825051,0.09310005097144305,0.008448402429794456,0.020282757193941743,0.06998223570446699,0.09641594035466529,0.42588261203816447,0.07861624492562345,0.1367141436490904,0.04057016105455956,5,False
7,0.03737543085216872,0.07948179386172703,0.01634114964427118,0.02486514649131926,0.050725677162659806,0.11359053520456014,0.4458362075296846,0.07221333026652622,0.12950653839122103,0.030064190595861913,6,False
8,0.03182541590560312,0.09154029184939118,0.009229120263410677,0.03847041178622635,0.07447906152475178,0.08601889428598077,0.43553531312909005,0.07852741766115086,0.1331162117110949,0.021257861883300512,6,False
9,0.026364821528625293,0.06217778679273916,0.019058630742878405,0.014076754036470743,0.07720655421509205,0.11078872013224443,0.45206218660783953,0.0766201283002682,0.13137949272417374,0.03026492491966858,7,False
10,0.030533691923829737,0.08929890004773157,0.006454243842052565,0.04324319478218061,0.08087775072885492,0.09129935221139769,0.4262735397479341,0.0899996059303286,0.11779896927751864,0.02422075150817138,8,False
11,0.036241454872154036,0.08601618278834741,0.02548062635057252,0.006866009760365957,0.058360170311095305,0.10306371921210596,0.45616062814630287,0.07180822686872873,0.1340729005028532,0.02193008118747402,7,False
12,0.03622298588312704,0.07392376490703208,0.01796811129668607,0.0,0.058410044320729146,0.09485554980267835,0.4606975649477315,0.09295725382476139,0.13979659210078418,0.025168132916470288,11,False
13,0.02733802770306159,0.09588996747951835,0.0,0.019692694761586933,0.08536011333961195,0.08670701927593708,0.47559261788990775,0.0734924021183331,0.12504463309535233,0.010882524336690886,8,False
14,0.03815029438551523,0.061362567502198206,0.019925879752862863,0.0,0.05791241948098002,0.1030098631657571,0.43554199564903345,0.10271086678621937,0.1500209231236993,0.031365190153734415,12,False
15,0.03747385867195857,0.10147997731513698,0.0,0.010774584198718346,0.09382213071862058,0.07605310548738711,0.4654897822705213,0.06678709101780318,0.1320882903464263,0.016031179973427737,13,False
16,0.04114839956929355,0.06592640725745896,0.007259174908622817,0.013122103416553978,0.05229730406197446,0.11239041344144346,0.43816440447614674,0.11005493003805616,0.12773691770441364,0.03189994512603628,14,False
17,0.026750933096930395,0.06395663232514043,0.017082741176777327,0.016485760873715838,0.08570161793292995,0.11422416878362061,0.44490276687499136,0.05184534796166537,0.14512749454521787,0.03392253642901094,9,False
18,0.020849779017861555,0.10113078938459368,0.002279474841345624,0.02014636630742802,0.08907469571653256,0.09709355785905521,0.476684908720531,0.06187577805272977,0.12440462340822027,0.006460026691702256,13,False
19,0.011671592021050232,0.11324086341174103,0.009690373869209557,0.018138160446566454,0.09563646074482833,0.08575267624000303,0.45113742240700105,0.0670449609356947,0.13543695652705282,0.012250533396852859,18,False
20,0.03961499579216245,0.09685670232581262,0.028060431614981576,0.0,0.05110504867535395,0.09212076371596466,0.4338331213316754,0.09002534280427339,0.13666517602023365,0.0317184177195421,12,False
21,0.029251426123549258,0.0984910931679833,0.0036333262287705746,0.024831549263244698,0.09420825253516657,0.08253499841749375,0.47384337132050963,0.06612482945029867,0.11910232604133064,0.007978827451652851,18,False
22,0.0273915476319982,0.06629184745136658,0.024116377826618206,0.014868844376417185,0.07379321044908643,0.10448944389639642,0.44304374562980503,0.10454570566607235,0.13138520477650928,0.010074072295730433,9,False
23,0.01587625494059503,0.09807362541604238,0.0,0.025909679882722712,0.07855569685088952,0.1010857373776285,0.4683052530273727,0.07887799585906181,0.11601317466892062,0.017302581976766766,13,False
24,0.04991364259902204,0.06694963893449406,0.011513517172554099,0.007539283686398067,0.06397887388982393,0.10099518884725679,0.433706338688918,0.09047503020417659,0.15285848051072934,0.02207000546662708,14,False
25,0.04804447310152572,0.07052898989986535,0.009659493713006234,0.025882029041462213,0.05976238956569215,0.10307855326380752,0.42396716207811175,0.09459771946219434,0.1440171898411597,0.02046200003317506,14,False
26,0.01566535492315468,0.09864858346658016,0.0,0.008251483606780779,0.0877685293751846,0.09588123231060358,0.4728289772772962,0.07206526196199764,0.1216008788431517,0.027289698235250633,13,False
27,0.02484039398118308,0.08296266087214861,0.0,0.007259664901196968,0.10140425122674741,0.09953879370158766,0.4928236156522914,0.0574042132839909,0.12348634496289211,0.010280061417961908,13,False
28,0.02596636828688761,0.08632263533832339,0.0,0.015021883271215218,0.08811026435744486,0.09960400878632394,0.47914787401897146,0.06993889936446773,0.13035146120625246,0.005536605370113231,18,False
29,0.06259539538457759,0.05789465869296262,0.01244269073715846,0.0,0.0454362340072374,0.12065258813450656,0.4220671551634462,0.1145538828125496,0.12555796999175373,0.03879942507580792,16,False
30,0.04191663862087931,0.06665039763764449,0.012903157695853812,0.0032291522949998938,0.0762225849978678,0.09224369928767512,0.41769999661636703,0.10722437012104562,0.14026947468506196,0.041640528042604985,14,False
31,0.0221304965798627,0.0772940432820578,0.025359579786811113,0.0017647952197653433,0.059765708670679804,0.0989043113414208,0.47851217290726944,0.07060930556727292,0.14220832240417883,0.023451264240681183,11,False
32,0.04237431911759852,0.10442333939379239,0.0041197854098670985,0.009783164166424349,0.09101224667285922,0.0743884684356873,0.4446588997245987,0.06514040663009521,0.1358912686433782,0.02820810180569922,15,False
33,0.04546678517790865,0.07630573947530224,0.011272218333254924,0.0,0.05423916616426178,0.09143368406892718,0.4604937481560741,0.08737879852134192,0.1395118723086524,0.03389798779427688,12,False
34,0.04329664583964523,0.06737804102610553,0.017057364256134626,0.013104197003413613,0.05033132826705967,0.09510139759749048,0.44076784881528486,0.10210442670244246,0.12998024020265989,0.04087851028976362,16,False
35,0.017456209471680507,0.07450687371998595,0.023693784392925486,0.03524218300634291,0.09094984616115033,0.10912248818067553,0.41182479737465066,0.09459419692033648,0.113909190202085,0.028700430570167176,10,False
36,0.04529320542946745,0.06609851334265683,0.009242905250887144,0.015553247189450208,0.05352119058244779,0.11505309380020186,0.42531186419046924,0.10112403488152352,0.1218293360079446,0.04697260932495116,16,False
37,0.0313743274817326,0.058668610537666976,0.01666201480213614,0.0,0.07191480450231688,0.12281540395755308,0.4666058361666492,0.0818119414041608,0.12583913824898532,0.024307922898799048,9,False
38,0.03153699155701732,0.06260933433452985,0.02416512916666257,0.003672681648941114,0.07187245511239725,0.1366136944650162,0.4539413522126347,0.04094030658953819,0.143400372192171,0.03124768272109184,17,False
39,0.04785008061062407,0.06637131879971135,0.00032771556957612283,0.0,0.05283354690965941,0.12596233422606934,0.43072336241880876,0.11745507668913477,0.12216492258623052,0.03631164219018558,16,False
40,0.027484051289397175,0.054004153248594006,0.023811510500294605,0.014985559461149362,0.0932758092956936,0.12286874457785965,0.43733714729745843,0.048992690389082647,0.13679357852562038,0.04044675541485011,17,False
41,0.032030729846425965,0.08775592086684425,0.02726845621348148,0.011663992652978381,0.05462605150715466,0.07756736573699538,0.44857502766600993,0.07922091908829773,0.14608638589479964,0.0352051505270126,12,False
42,0.033444234255847645,0.0811697048197591,0.011746326337857379,0.05653297180447472,0.08919419446838364,0.06985706042591291,0.42787029111952274,0.10234996158207713,0.10972771383713353,0.018107541349031153,10,False
43,0.023586612484163612,0.10057929443494434,0.008330971303371877,0.05782802501734699,0.07052736705463544,0.08505154273225105,0.42882342386978145,0.08733348854873353,0.11294873415769816,0.024990540397073473,10,False
44,0.02122055761622657,0.10231099564686204,0.0,0.015651325062973297,0.07509095381223214,0.09136271564817529,0.47224177227762354,0.07535485199122026,0.1260849525735034,0.020681875371183458,13,False
45,0.047021553904190425,0.050346043066845966,0.014072773333268455,0.0,0.05343786054490712,0.09493483948383198,0.4409131555474953,0.09811154493466373,0.15945081465001198,0.041711414534785114,14,False
46,0.04352969721280649,0.08018843898411353,0.02142726927063181,0.0027562815449513095,0.07213172665196652,0.0894577791392977,0.4393616809953255,0.07084014534177709,0.1283007877358065,0.052006193123323524,11,False
47,0.04128805407895987,0.05303616284615045,0.0,0.01852289821520357,0.05027426029896013,0.11665939869586604,0.45214695912160524,0.11102648913882193,0.13283680321300997,0.024208974391422944,16,False
48,0.04370063908534191,0.07834455721248486,0.011088700634508817,0.04366211584864872,0.07420175596613833,0.10299519145980451,0.4315178476912641,0.10055247612756599,0.09293022275030403,0.021006493223938796,10,False
49,0.025332489272509365,0.09611030604916132,0.007640004215915427,0.03766686132593187,0.07441647475881182,0.077019671199399,0.43514105713444023,0.076965920619182,0.14245188063897013,0.027255334785678983,8,False
50,0.00326409054707521,0.05046638376648904,0.024850282103863346,0.0117666205537331,0.06946109590982057,0.13461285749381702,0.4606002456398125,0.09228292826679876,0.13333445048040654,0.019361045238183862,9,False
51,0.045459813084888466,0.08235419494434952,0.0,0.056366591356004775,0.08599178276748477,0.08826436703102174,0.41753188923496654,0.08002524598175811,0.11560367234612975,0.02840244325339625,10,False
52,0.024412495773582957,0.09221912608601424,0.008715094898726362,0.04288597573099621,0.09453155780745824,0.1041837497910527,0.40115379388328176,0.08499263288759815,0.11801365552451967,0.028891917616769573,10,False
53,0.052239794102932814,0.07836441310588166,0.01579477676791293,0.036614747012838046,0.07471074052439186,0.09035249169204598,0.42612936141899477,0.10227990546086246,0.10276977987973344,0.020743990034406107,10,False
54,0.034760601431109706,0.07985568153226406,0.02041512980299193,0.03294321190151244,0.07524010393207708,0.09373949162544383,0.4317012634798008,0.0912345324573311,0.11308734056402134,0.027022643273447774,10,False
55,0.02044486495823701,0.08891687694536483,0.0006668407841063762,0.04750711190012536,0.0926339187171659,0.09952976382221206,0.42475740001973317,0.08780130484492235,0.12239024378994569,0.01535167421818733,10,False
56,0.02335395992558383,0.07298603351569592,0.019732517777394473,0.021541848479878233,0.06420397565709007,0.11302217758250976,0.42302197241078665,0.07890646577888054,0.14041487101540678,0.04281617785677366,7,False
57,0.04208125003538318,0.08128923855280354,0.006224639596009529,0.04224912145172231,0.06777042381751762,0.08872188652247767,0.43247951258283657,0.07344703406737849,0.12585756474450194,0.03987932862936912,10,False
58,0.03644982113240645,0.07163425855428915,0.015416481976106277,0.020070648655765144,0.04426809283771807,0.10822768657018127,0.44102231312932433,0.1194497531080113,0.11360360470497541,0.02985733933122257,16,False
59,0.019518734175407716,0.09340184425532055,0.008183689218637807,0.032787460886416014,0.09622682391319627,0.0922714874313586,0.41545536868350397,0.08046860679908126,0.12564525495694043,0.036040729680137384,10,False
60,0.03783474732772797,0.10203526368911241,0.0,0.03122089005274401,0.05757744862595498,0.09167333180151022,0.4555199827067063,0.08964380653521443,0.12800367457356587,0.006490854687463768,10,False
61,0.03947831523190755,0.10740714121768168,0.010616290974253578,0.045222969094356295,0.07349479602548299,0.08776009825198451,0.40134680047343724,0.09444094961623699,0.1094193144433748,0.030813324671284326,10,False
62,0.03945528109340835,0.08586743929640968,0.01139389868020846,0.02446637486333076,0.08904957575048705,0.10245811781279159,0.41502481085553655,0.1090134192112614,0.10723274260248869,0.016038339834077608,10,False
63,0.027007890452939,0.07800278320468015,0.01068971212323396,0.0015680608971342976,0.05928887546830891,0.10795971358856384,0.44525527246293223,0.10715310279249378,0.1402687229522551,0.022805866057458726,16,False
64,0.022301627611107388,0.09405204335229472,0.0,0.06372774300404448,0.07253131768477868,0.0861946911156018,0.4412295836993241,0.09311897852643032,0.11526067085798265,0.011583344148436047,10,False
65,0.025671961391631783,0.07805127905118849,0.018366005769221698,0.03303539531786111,0.06995872951078136,0.09550186199247844,0.4223673225605384,0.08348070851905515,0.1325463785540417,0.041020357333201904,10,False
66,0.026054845662205565,0.09461988766788294,0.01850375421136321,0.0377905586001244,0.07428584830548918,0.09985835304671659,0.4385602966255904,0.07765954118388047,0.11218384282418058,0.02048307187256681,10,False
67,0.02759141106793335,0.09866427957618276,2.6311871241132704e-05,0.037953004186205626,0.08397044934108419,0.08583397518829518,0.4279894960194432,0.0912213177211467,0.1186051720418932,0.02814458298657472,10,False
68,0.02612724388651922,0.07960926660450905,0.013677508195594622,0.0437626320689964,0.08620293878031926,0.07487668545485386,0.4228648035983272,0.09443065981198248,0.12621046301429134,0.03223779858460652,10,False
69,0.03608386076336947,0.09761218214041666,0.011843907105971463,0.05460346256280617,0.08038819957049138,0.09036226620038627,0.4297782368360687,0.08026087276879118,0.10271888452129968,0.01634812753039901,10,False
70,0.02746711608258236,0.10189259292355002,0.0,0.03705924119303484,0.09043016845263512,0.07986561362196011,0.43815667622708426,0.0941529386249126,0.11995566306852004,0.011019989805720661,10,False
71,0.025113141221785266,0.08351079040374415,0.01988273532804435,0.03581735243911503,0.08336269897957078,0.1076560940960454,0.42462225254952785,0.08051039010452705,0.12363757396418458,0.015886970913455437,10,False
72,0.019023953780414677,0.09279975873639704,0.0007417785486656553,0.061709278237959894,0.0549961233023519,0.08512008154116049,0.43990647511175385,0.09817229573117389,0.12621121824810477,0.021319036762017955,10,False
73,0.022609457619589605,0.1068547734947696,0.01497945572527141,0.047623265930388084,0.07316762414903316,0.08082142768327569,0.401520106817739,0.09359385549480206,0.12455718788253786,0.03427284520259355,10,False
74,0.030059322657676704,0.08248754973475218,0.007476639959789496,0.05734555250345603,0.09657564126259421,0.0950031834700641,0.41228876695433053,0.08672404106776316,0.1099865591508977,0.022052743238676027,10,False
75,0.034064651218111974,0.08273608411950298,0.008923326513823535,0.033379047079854486,0.08340920647457849,0.08603689442530278,0.420105830593005,0.08045509549304632,0.12686269267253159,0.04402717141024286,10,False
76,0.029159726200620857,0.0701103950933418,0.0,0.04816516551090533,0.0898281485285255,0.08100985605920996,0.4442619349709909,0.09356100425929494,0.12182499099124446,0.022078778385866277,10,False
77,0.038507623020945285,0.10517499521694858,0.008489861451275936,0.03817768657795418,0.06692770931438549,0.1046033910027641,0.4316930090511398,0.08596097218169978,0.10747210129565476,0.01299265088723217,10,False
78,0.028495071791056495,0.06463881616770985,0.006875423136645533,0.06165741769062404,0.0791168340444568,0.09647137683919965,0.4396864383089328,0.07659489990586701,0.1131562997812609,0.03330742233424686,10,False
79,0.020841400217173386,0.08992856290105314,0.0,0.058174372858894145,0.0776931470013755,0.074157996369195,0.4483620893237162,0.09422136095931276,0.0982101831883528,0.03841088718092707,10,False
80,0.026640555771408655,0.08483435170958863,0.0,0.04532967144377012,0.09037167127042636,0.10527438719614263,0.4257842167833039,0.08732096052997083,0.11907028987696913,0.015373895418419785,10,False
81,0.04418716368987601,0.08751892818105136,0.0,0.043743826901099,0.08266212076773861,0.09265115836221711,0.4295958850092125,0.07897376391652537,0.12205674725250333,0.018610405919776654,10,False
82,0.053794593781514535,0.08359539716776643,0.030673495754879713,0.05120833856295613,0.07337036062651459,0.08292619769790004,0.41329175636670584,0.07975202019585138,0.10210194452804411,0.02928589531786731,10,False
83,0.02212933034299036,0.08069287431085254,0.0,0.04733739442763965,0.07138811944741444,0.10343195031357133,0.44604325894585384,0.07856147539122282,0.12911996366882456,0.021295633151630283,10,False
84,0.0340891244963257,0.08711803665323894,0.0,0.028744911330249392,0.08432948900695864,0.09206484300538616,0.41985349619649653,0.10408405362945906,0.11563976352167635,0.03407628216020915,10,False
85,0.02623722699349549,0.10757116274633745,0.0,0.031133899876316325,0.07178476366084999,0.0891798218247372,0.4253593081976694,0.09052320590326222,0.11888619927882127,0.039324411518510696,10,False
86,0.02207805354043495,0.10591799658103852,0.0008284565308272877,0.033211141945772675,0.0982277124093894,0.081867182798206,0.4144236157720464,0.09427536904364225,0.12230538132579624,0.026865090052846267,10,False
87,0.042115669253998365,0.0929502586430279,0.0006484932872233413,0.03594470977920521,0.07865940820678685,0.0960676931715918,0.4179914653015619,0.07918501393030468,0.11727585707792754,0.03916143134837244,10,False
88,0.030092382801429955,0.0852288471672742,0.0,0.03891669866909736,0.08232136338988147,0.08057702548012048,0.44702708116636364,0.09518410114593584,0.13418481819184136,0.006467681988055607,10,False
89,0.02263405039028776,0.10382353160462046,0.011338207933178567,0.04759156061929329,0.06800516368349266,0.09435285570263288,0.43128682595168977,0.0791838311208398,0.13517528559411293,0.006608687399851842,10,False
90,0.03185053657856734,0.09504557751873953,0.0,0.06234643667632933,0.07295688567589317,0.0978299358471479,0.41149106682073816,0.08562561533506934,0.12334747170155101,0.019506473845964132,10,False
91,0.025838365604753527,0.07133439271617976,0.0,0.046453635508362186,0.0913343828024564,0.09276198328072341,0.43754011847074786,0.09191451601732326,0.11495964860078865,0.027862956998664846,10,False
92,0.017990093237814066,0.11088647050014779,0.012881037455331201,0.03271244648410212,0.09244525938757321,0.08844418086545346,0.4343157180192438,0.08047274590472288,0.11615277699194664,0.013699271153664897,10,False
93,0.01658906351818542,0.07100729409812961,0.025015560475709915,0.045049732170263666,0.08975632352977314,0.1200095226398453,0.4085410239126379,0.10782565648537464,0.09243180652263935,0.023774016647440933,35,False
94,0.0321044389489869,0.07789247140827893,0.003465298728915977,0.05050211816464245,0.08123074211610228,0.09342985303309707,0.41611664757341793,0.10281064535668775,0.09423003583680357,0.04821774883306703,10,False
95,0.008911320733130204,0.06408677947262002,0.021884041956269237,0.041532306295737634,0.10177813351509098,0.12237629017920708,0.4057245573634219,0.08268552522040662,0.11238869938068281,0.03863234588343373,35,False
96,0.04293510804585643,0.10239537803219773,0.008142777857981726,0.05196238145252028,0.06801567788269451,0.08225744919710425,0.40594792679818054,0.10558378310752409,0.09947231332124139,0.033287204304699,61,False
97,0.046232981888488005,0.11116457983074839,0.001566391961561272,0.047194275199472925,0.07135481939263454,0.08072726609146298,0.39005579173878807,0.10111202065754034,0.104890439299301,0.045701433940002464,61,False
98,0.01860595343003192,0.07914518155864494,0.0005252139968612627,0.03446549828800007,0.12116923149519086,0.10134016716947268,0.4234849473066766,0.07281543204013427,0.11664093469659546,0.031807440018391794,35,False
99,0.050331638795999445,0.08144367343508731,0.02653613114161638,0.04507190489866891,0.07905913338877253,0.07239385299887438,0.4374234894085268,0.08622039133218906,0.10510855994846241,0.016411224651802777,82,False
100,0.055757910791451044,0.08983980780402355,0.012810537945378448,0.04385400174111731,0.06593186251627235,0.09217998012216111,0.39601074063659986,0.09747335863256289,0.11143051725591825,0.03471128255451531,61,False
101,0.04070162589529336,0.08918605027720468,0.002966964011527282,0.03896568848400687,0.058236258800103836,0.09824140648746446,0.4406174609029364,0.08352232645206197,0.14288358274757132,0.004678635941829731,10,False
102,0.032268396745082216,0.08855054570717992,0.007393747796139368,0.040016451567340065,0.07548936341447718,0.09069759732052145,0.4235108178516494,0.09103706091460215,0.11893347274030613,0.03210254594270212,10,False
103,0.04799794167663284,0.10051242405304014,0.01891573402261095,0.050194779715116676,0.0823826737527779,0.07295827920826177,0.39218937335450127,0.09831284782826817,0.11102314280524489,0.025512803583545386,61,False
104,0.05737826270228853,0.08453852030473931,0.027108192912005932,0.04550170223121831,0.06582149440095797,0.09971797878226615,0.4056053566429866,0.08256550088349929,0.11275587824262673,0.019007112897411162,82,False
105,0.057680400479318085,0.07477730050685015,0.008863677764277994,0.06051693970523493,0.07011650469776418,0.08856377102237614,0.41717548301704166,0.09292588676389729,0.10878607912926962,0.02059395691396977,82,False
106,0.06371579967375744,0.08579504947145958,0.024533718055781473,0.047083369009059156,0.0652657033828995,0.08913930826415321,0.41404967448514385,0.08920655751026985,0.0858615536806866,0.035349266466789396,82,False
107,0.06730575238138962,0.07725263456849947,0.018914871051636226,0.048402308086342556,0.06190957236783238,0.09302650304656189,0.43140502235155104,0.09588193707678053,0.08420869433520439,0.021692704734201776,53,False
108,0.049955917174423776,0.07002284779928138,0.03061712272468833,0.053049983125154306,0.07671768629020202,0.08593981801451109,0.41312071279375584,0.08416105579274008,0.11322551409512295,0.0231893421901202,82,False
109,0.05539760377861478,0.0880475450065599,0.03552911719106583,0.04232075111295525,0.05623946019932829,0.08529644426460216,0.41408385759782596,0.0757405464866595,0.11240421397924998,0.034940460383138465,82,False
110,0.05747283023294385,0.0896940834381233,0.02635548161876415,0.040431880017829866,0.06977659606985541,0.08842300958935485,0.40560807548631184,0.07540096910403518,0.10463200497444185,0.04220506946833957,82,False
111,0.03135774086141218,0.10132063625883479,0.007819805393526941,0.021039206597000756,0.07995942871689236,0.086567163794993,0.41178313326531435,0.12463700897989602,0.10654071067578999,0.02897516545633977,61,False
112,0.05178926597991488,0.07719243004785831,0.04743741504715845,0.046367253883198185,0.08334791449754544,0.09729422310429604,0.37362170511997483,0.097816408167309,0.09389361094576595,0.03123977320697872,82,False
113,0.05201218543995734,0.08779662151884388,0.03618311292362372,0.03643493706934483,0.06553467340636171,0.08372155803145519,0.41259089348401934,0.10502426511530516,0.08073460587029073,0.0399671471407982,82,False
114,0.053357481284450566,0.08154176506681447,0.03899639240967296,0.04335124843240385,0.0911291936023717,0.084854828540142,0.42775427928745213,0.06629703661984022,0.0893018165726314,0.02341595818422072,82,False
115,0.04139864503371208,0.08218370012744722,0.022184337530910564,0.04898300219643035,0.07160313697743131,0.06818461463392779,0.4501260813416724,0.10232472472957943,0.08575009999106185,0.027261657437826995,82,False
116,0.04896393171375298,0.08887797728184955,0.04446500213561763,0.042778855097430506,0.08136257874532554,0.08014531704705856,0.4086714823210506,0.08221842848622596,0.10222971740591891,0.0202867097657698,82,False
117,0.04681705778449998,0.09039513768643238,0.030814790535443223,0.0571722534293348,0.05960399219005017,0.08630116891138107,0.4269949001212299,0.09292413342443505,0.10332698305852034,0.005649582858673101,82,False
118,0.07134877408636864,0.08095008615653607,0.04309617832208751,0.058239312755540916,0.07938549978980047,0.09484935290672347,0.38682320939653475,0.08115597910967834,0.08290099449371359,0.021250612983016254,82,False
119,0.05553716874089049,0.0987566364027069,0.022980615762857544,0.043443168852213686,0.0706242235074286,0.10084373836764486,0.39569716118682097,0.07603152024019741,0.1167883609102419,0.01929740602899753,61,False
120,0.07622283758055762,0.07487669540569691,0.02220797686893089,0.0384927701843797,0.058072546493858145,0.08698176967978723,0.4315315902048484,0.08285791733801158,0.10076886744789158,0.027987028796037892,82,False
121,0.04722598408166733,0.07200397948459254,0.030589015647549934,0.05124631206404702,0.07675861606124386,0.08076479437382054,0.4052600964797115,0.07982392771792182,0.1126245284755596,0.043702745613885784,82,False
122,0.07145363378442253,0.08430729563469472,0.029211525860045055,0.05587817671029303,0.07349247815715666,0.07601613314824072,0.3953634847443763,0.07992645156707975,0.10220123501667956,0.03214958537701179,82,False
123,0.0493627083435529,0.08652598302788757,0.031349094693476874,0.06677081455550522,0.06837612299526563,0.08002731991207251,0.42681494330120534,0.050078008154346855,0.09898989289433353,0.04170511212235347,82,False
124,0.02298866043269947,0.10805960549646482,0.046723316526809645,0.04319280291735963,0.06925921936494599,0.08156374257269738,0.41176556451333274,0.08752588365857603,0.10150464813949424,0.02741655637762011,82,False
125,0.053063136453005595,0.08279083225133117,0.029940552770021164,0.05698874823815226,0.0726287040221713,0.07934869338235319,0.40483989382429336,0.08630524058033626,0.09590071736108749,0.03819348111724822,82,False
126,0.05047706402718606,0.08966879024633564,0.036783706102996715,0.04881493972537083,0.06018427489649787,0.08028511972802863,0.3938361754975998,0.09085174743811611,0.10605076223292041,0.043047420104947956,82,False
127,0.06039013626487942,0.07869758615008728,0.03611068316444757,0.04260085814328189,0.07159646252481869,0.06864100748959165,0.4305956457692414,0.07386612901014748,0.1031522746975368,0.03434921678596781,82,False
128,0.05146571275262737,0.10716441874278432,0.028973009367530504,0.06152425998873623,0.06480303725000255,0.06462465321691417,0.4080769561821383,0.06659271269675977,0.10018176148018361,0.046593478322323224,82,False
129,0.07356681684522154,0.0815552294943417,0.044684521055284095,0.059260381397824455,0.08070197101232511,0.08849291669971157,0.3746799166522279,0.07682938685731298,0.09470194864949455,0.025526911336256092,82,False
130,0.03457657575005891,0.08224142297863257,0.0195847844697218,0.07688862140134585,0.07791905326083809,0.08406114992853421,0.42786661441831486,0.083371925201049,0.08639157009725056,0.027098282494254177,82,False
131,0.03894901388619036,0.08534636983756334,0.03997279968950156,0.066570792763655,0.07787353489394046,0.08849260440176508,0.4099642016507763,0.0785716464203087,0.09207007048186454,0.022188965974434635,82,False
132,0.07815578893773655,0.0870716115096847,0.025386987393720906,0.03396451663842741,0.0681367602092301,0.07710356779179574,0.40877511718303966,0.07919474800315458,0.09692190267706802,0.045288999656142276,82,False
133,0.0536520913172254,0.08344852191253982,0.025139059917685072,0.047616388390032134,0.07556820672796022,0.10352869723538377,0.41940176591896117,0.08688992523209342,0.0846399680813287,0.0201153752667902,82,False
134,0.0572521980454871,0.06892719857095313,0.044733390544082464,0.05135139853499489,0.07417978297914772,0.08647471673306892,0.42133292869289046,0.055126922877181996,0.11236294088063113,0.028258522141562083,82,False
135,0.054449842373932564,0.09141821347631866,0.032879623903958016,0.05673902379420202,0.06863279383900749,0.08343438597392848,0.4057267045215467,0.06578539580061582,0.10828453960756941,0.032649476708920766,82,False
136,0.03369067794168958,0.07742849481236569,0.055485690981764126,0.055523294226440076,0.07453458652720403,0.08124455099151597,0.40451038461676825,0.08705975704968577,0.09355116295969579,0.036971399892870606,82,False
137,0.05655224707856264,0.09929731831384289,0.032133980769567465,0.04357801264567108,0.07880197850695918,0.06392635750700426,0.4096391187853904,0.08900016040525767,0.10402019350910659,0.02305063247863782,82,False
138,0.040525279274552094,0.09053442271842865,0.0362651261318797,0.07515493448203923,0.08222165912503573,0.07128223665622035,0.4119385480008586,0.07260923301317454,0.09305841595944217,0.026410144638368868,82,False
139,0.0701599177517829,0.08495570252048497,0.03411551938983517,0.055745447037579825,0.07173596833851566,0.08586266752246126,0.40897813026884255,0.09230369112605513,0.07859383821512517,0.01754911782931728,82,False
140,0.04866362512379881,0.09794555794235577,0.026770680300053386,0.04618347920834608,0.06482590857888296,0.08707760968896676,0.437977607987272,0.06903065650973356,0.09945497099403963,0.022069903666551174,82,False
141,0.033547219886151274,0.0923495174587546,0.017625611767680776,0.07400077316736514,0.0748654355544461,0.08696658709836909,0.38539309281741657,0.09252909768420756,0.1017695864749434,0.04095307809066546,82,False
142,0.04366343600859184,0.08109244837941275,0.04303726340156813,0.036146344480218716,0.08125121645295381,0.07732830615604276,0.42517165141173047,0.06995964909615472,0.09679484595294523,0.045554838660381555,82,False
143,0.0468813915909806,0.07572982591201433,0.029215033276760984,0.05307464029073707,0.09468331410328394,0.07279360826460451,0.4055887980283153,0.09003483235957607,0.11038307180013499,0.021615484373592155,82,False
144,0.05973440705568332,0.08651421812277785,0.022127789122022193,0.05012993113038238,0.06729731848747973,0.08396018249164984,0.4092252913091658,0.09155320449324997,0.09092069539286157,0.03853696239472743,82,False
145,0.03423121268376977,0.07384132124261304,0.03243797602042052,0.05308080799049924,0.06595710893830004,0.10540538730781263,0.39940658192089246,0.08132045080123015,0.11551352537011307,0.03880562772434918,82,False
146,0.06010066577524403,0.10440930841294953,0.024734930003519697,0.060172664327306155,0.07658875574654762,0.07662622373614299,0.39598552993880276,0.06766300211551671,0.10622255399529693,0.027496365948673433,82,False
147,0.06011669230543493,0.08490751300301265,0.02965784055035527,0.05707776315139177,0.07030749167085075,0.07918478682233553,0.40676789176729633,0.08814259514292101,0.0955988900961367,0.028238535490265247,82,False
148,0.04828896270104632,0.0850374630430174,0.02705241270423733,0.05443834649035737,0.06719089314280705,0.08629518410010878,0.42210546928532866,0.07474570528712798,0.0960486095815767,0.03879695366439241,82,False
149,0.04413580476951476,0.0847154560735373,0.034869154466377957,0.05443007501699997,0.08456472128956265,0.06924894821184889,0.4222619945346022,0.06496254956328228,0.11088510860219865,0.029926187472075417,82,False
150,0.050778141613912565,0.0890337216943001,0.021352927525683713,0.03687252613201375,0.06578183758200098,0.08391549150229059,0.4114336341792931,0.09421118756819181,0.10631867626344364,0.04030185593886963,82,False
151,0.05607793815213766,0.0842457285638559,0.03765032944671519,0.048762629190198,0.06365469982982318,0.085887989536494,0.4014585398802681,0.08054649155163601,0.09954336267252105,0.04217229117635084,82,False
152,0.07163281436406241,0.08180716478678479,0.024925605863413882,0.056646656223361916,0.07036847298423203,0.08911286527602824,0.389373347971382,0.09927921123997725,0.08849819346857894,0.02835566782217841,82,False
153,0.03752806764227269,0.0832107378977033,0.027095535297503977,0.054531371371207144,0.060298921422120184,0.08422793541146671,0.4228341526097303,0.08972314207929838,0.10652805379065775,0.034022082478039645,82,False
154,0.05190026381847192,0.0753005658588897,0.04052895479083836,0.06905868851113368,0.06335079412948944,0.0816818843660281,0.41640702287198156,0.054783863416561926,0.11063886501418893,0.036349097222416436,82,False
155,0.05526578363839774,0.07613613293817675,0.026511872283074,0.03751618987691089,0.08203494440166191,0.08737170849366564,0.40561721763255626,0.09450731920998395,0.121759771309716,0.013279060215856934,82,False
156,0.05836192481974449,0.10047412316328583,0.05833528832611397,0.038298328115481554,0.07740926009203293,0.08924898833847258,0.38334619843532414,0.08095647989817663,0.07420388091965924,0.03936552789170852,118,False
157,0.06687266048704592,0.10262503448862931,0.016274924909930884,0.056411460309357696,0.06390782812933302,0.07303891479906117,0.40131139714550623,0.09571909264341559,0.09034535874501863,0.03349332834270155,106,False
158,0.03267083128992653,0.0860479940535206,0.03745768348666197,0.03582859130744743,0.07266340117537629,0.08145263535742875,0.4079643764007493,0.08059197733610295,0.11698936401950322,0.04833314557328305,82,False
159,0.05136866354011375,0.08569038523159657,0.030364662714256495,0.04231598949133113,0.07096776375863795,0.0832271554459916,0.41772713801419903,0.08524495061054986,0.10097937419749199,0.032113916995831576,82,False
160,0.03621852544914667,0.08192522415037293,0.04379018608998464,0.05187056273323905,0.06425163493929892,0.08480784553126126,0.4240318343639026,0.07522215527914348,0.10072657667643363,0.03715545478721662,82,False
161,0.059052937368344674,0.0665480424968175,0.03394049707116243,0.06381576663520344,0.057030569643715244,0.08494421238683206,0.41911501883098096,0.07610484488797946,0.09756726997078073,0.04188084070818345,82,False
162,0.05746777002518803,0.06540797727690498,0.039422820910297494,0.056714921558280965,0.08451744517449432,0.0917219349889516,0.3986285255199784,0.08303016449836001,0.0831311809964468,0.03995725905109737,82,False
163,0.06066801589029929,0.09004190805824755,0.01903333300532421,0.055629010974230085,0.07223776961729661,0.06034311478412891,0.432487440475365,0.08245417676800754,0.09372916540226425,0.033376065024836504,82,False
164,0.05882836297752612,0.09893802328889621,0.03233222103353068,0.05604556826549136,0.09434215369217838,0.09468983004003008,0.40267502118098225,0.0646666619852932,0.0744876983563339,0.02299445917973774,129,False
165,0.05392453229318558,0.07928746531675454,0.03523251758121409,0.05213296986621867,0.07312726751547521,0.07491866681337671,0.4042557194702705,0.09571855611335402,0.09297524670982593,0.03842705832032469,82,False
166,0.06008583014662893,0.09987179156515442,0.01578684753483601,0.045591200221291386,0.07479109582126411,0.10053613532758462,0.42351447024685795,0.06526907983374106,0.0891463432908076,0.025407206011833904,82,False
167,0.03209310668098145,0.07874135080998684,0.026561293838035818,0.04051883633075184,0.09056358629767969,0.07908617542402734,0.4154646071575642,0.08924821917782044,0.11050905288066766,0.03721377140248469,82,False
168,0.07174793859576155,0.09232888142962926,0.03367517486413053,0.05599698985795281,0.09981657576738502,0.07703992664116718,0.36823775682786064,0.06257397650727477,0.10027205357180718,0.038310725937030964,129,False
169,0.04481508836637582,0.08932398135577393,0.035345792673770235,0.052527531641918486,0.06542881910927156,0.08435720707927838,0.41145746451964293,0.07447394628399864,0.10358251846731086,0.038687650502659085,82,False
170,0.06521960043356445,0.08531939630516204,0.03121594531549949,0.03158200933062832,0.07931275708606325,0.07521002539547013,0.41204987112966474,0.07504731061451204,0.0973534016709243,0.047689682718511296,82,False
171,0.06033395544403354,0.08368362776565175,0.02272577398355617,0.057934357379040846,0.0746436120286113,0.08484008153430275,0.409855514558237,0.09179756912141383,0.09231179352605562,0.02187371465909717,82,False
172,0.0766975662843522,0.07701760061175453,0.040500008074529185,0.06825319820434093,0.09048015427212755,0.09752422032194143,0.378057964816028,0.07579448547929431,0.08024610838234571,0.015428693553286132,118,False
173,0.07090685059239439,0.07407803154908163,0.042357254729729905,0.06330617509870638,0.09052314189797502,0.08560221015573849,0.3742704708089409,0.07723897670033641,0.0985140222468159,0.023202866220281053,129,False
174,0.06678068557482619,0.08434644356195443,0.035113093167498326,0.0562637188045052,0.08517512496696605,0.09144381430511822,0.37385811199830926,0.09299672131571476,0.08360379692147263,0.030418489383634884,118,False
175,0.07796938658116663,0.08369957119998607,0.03853455628044677,0.07765126485513744,0.08373180365608557,0.0844389937725994,0.36596203531787136,0.08619287937099639,0.09740346702751976,0.004416041938190566,118,False
176,0.07834342311671072,0.08485405792891708,0.049230242634173256,0.05405277853217063,0.09027495040430461,0.08535169626857718,0.3855394969201899,0.08346765660602735,0.08355407950660644,0.005331618082322772,129,False
177,0.07659027365702768,0.0661032729316882,0.048884550512255,0.06323763735742807,0.07457957191719228,0.0727685470590723,0.36523570433460006,0.08616782966953111,0.10824873358793337,0.03818387897327194,129,False
178,0.0845049757099094,0.09269774956625425,0.04486997041316136,0.055399897796832284,0.08184924703101583,0.09894982188660542,0.37684110006734817,0.06741305225276459,0.0866189366383784,0.010855248637730434,129,False
179,0.0802454054246846,0.09270080656767381,0.024423864920866525,0.04968862697541697,0.07416179345292742,0.1032665754023097,0.37506712986902274,0.07597292726936333,0.09048954056714574,0.0339833295505891,129,False
180,0.07255706933335089,0.09046106718824166,0.031365856865793074,0.05694380457186188,0.08282047748338835,0.08707992075499765,0.38211025791297054,0.07638975122915281,0.09086539444118606,0.02940640021905702,118,False
181,0.07776752502390094,0.07122259629899441,0.043122904610942904,0.05675172592407624,0.07207999529642664,0.09193383630017886,0.374303853591228,0.07272461312432221,0.10060717916446744,0.039485770665462286,129,False
182,0.06094431848410054,0.08901375721765831,0.055714339068187506,0.059570542002158604,0.0765070703809751,0.09300784174354955,0.37960050058737516,0.09529075446177236,0.07399267017600897,0.016358205878213756,118,False
183,0.06540039920886058,0.09679417426659029,0.026316554239189115,0.06779243580240567,0.08759279225568996,0.07415550429388952,0.36825580901857546,0.090607143009984,0.08681069917947258,0.03627448872534261,129,False
184,0.0818536710485396,0.07638428490315119,0.047120069295364046,0.04097637570146479,0.0891648666189045,0.09110749032818848,0.3876945698214539,0.07392127911220067,0.08789077157767398,0.023886621593058908,129,False
185,0.077274470737771,0.08221374952970918,0.05470872768239008,0.04919395711581773,0.060265486722865066,0.0816785384793385,0.3906506482309547,0.09203182660406767,0.08389982103823475,0.028082773858851297,129,False
186,0.07896653997896373,0.0860177513562024,0.026382417898601625,0.07056128860891303,0.08053842486287305,0.09873220196271115,0.3585590688494162,0.08529549779713319,0.08720661258924726,0.027740196095938172,129,False
187,0.07360595663754355,0.08419379333110523,0.06694820938701826,0.0629279733018973,0.06665278942081383,0.09387119834618589,0.35695238532384643,0.08401058105150984,0.09073978222817496,0.02009733097190467,129,False
