ID,strat_res0,strat_res1,strat_res2,strat_res3,strat_res4,strat_res5,strat_res6,strat_res7,strat_res8,strat_res9,ancestor,alive_at_end
0,0.003956951418689093,0.24744174248909237,0.09769502256377245,0.18171161813520517,0.12371097452933859,0.02786131577702633,0.16099539915944483,0.05278103734345392,0.07834325307934752,0.025502685504629707,0,False
1,0.018895505426957608,0.24133489591624954,0.10186093624582548,0.19616578485111846,0.10988520011957013,0.024002290971934834,0.1598577090485147,0.029366274238537847,0.09360644600183017,0.025024957179461058,0,False
2,0.006274784708103411,0.26140191524665485,0.0912035024324776,0.1830705386524944,0.11121442803881834,0.03524765195021429,0.15703475965825764,0.057892136627552396,0.07724202834015928,0.0194182543452678,0,False
3,0.0019694981507887505,0.2807389130064024,0.08655029226817847,0.1832410454477036,0.11512643299196325,0.02690631620044509,0.15465754179641217,0.04963073659252252,0.07128171292911929,0.029897510616464493,2,False
4,0.007513617943530443,0.294833717614382,0.10292128442880502,0.1867830501971567,0.12639574092087902,0.014634784832715212,0.15740056610537398,0.02941370856520069,0.060037959205066646,0.020065570186890237,3,False
5,0.03325514377280603,0.2971140210611928,0.0987604705451728,0.18507679133312874,0.1438237842663595,0.01919896193824169,0.1504625644507303,0.019510588156091267,0.051275834828500864,0.0015218396477759864,4,False
6,0.0070361865730748235,0.28797215938112414,0.10872082138818316,0.193144855420575,0.1362513713552897,0.00024354039070149393,0.1649581447482455,0.026937202057957462,0.04583177195201752,0.02890394673283127,4,False
7,0.011383266733833084,0.28712293907393793,0.10702047508622317,0.18085100935904483,0.14131068440194577,0.0,0.17105459751182314,0.018135761236847212,0.04798981480664286,0.03513145178970199,6,False
8,0.019656367935254375,0.29773252073588374,0.09343144087884594,0.18409153830163177,0.1486677459335411,0.01589816116635712,0.14267534391539544,0.026352995214485597,0.062095372426903266,0.009398513491701635,5,False
9,0.0042935469599957865,0.28541488529041376,0.10203125686571858,0.17067521074247924,0.13914340814468412,0.03199984815989449,0.15063871743023974,0.03171252612172975,0.05997850768625776,0.02411209259858692,8,False
10,0.007246337661937467,0.28503215756335776,0.09600386699720295,0.19420905837429664,0.12761158206706555,0.02718874309890244,0.14097119725224178,0.03928631302732541,0.06634648292086634,0.016104261036803735,9,False
11,0.01222720910647327,0.28055015996535404,0.1095864015397044,0.1895322150021556,0.13191806655721117,0.020955289933590623,0.13820452791908266,0.035300264446593545,0.056985829566931906,0.024740035962902723,10,False
12,0.01087449811507351,0.2718805074516039,0.11327829328847445,0.19536600904706525,0.1384636420289301,0.026928348004117236,0.15863412920230524,0.031370080610536075,0.05224855431509927,0.0009559379367948891,11,False
13,0.00905236890267505,0.29769707456489564,0.10566393130003629,0.15847696974520997,0.14115816526739317,0.019167330855254048,0.14301557423886624,0.04187840494841789,0.05883465766306442,0.025055522514187332,9,False
14,0.01657449986646694,0.29245556079487406,0.11327595071952379,0.14760291931744624,0.14384988665345125,0.024447651968363248,0.15333490996658394,0.02207160262558241,0.057848689605823775,0.02853832848188415,13,False
15,0.018318469336279716,0.2867188546681989,0.1114436657138921,0.14590807258898328,0.14084540859438918,0.013820549901819298,0.13411371081202,0.044672031946625855,0.07474536061787385,0.029413875819917747,13,False
16,0.010077328093498195,0.2762006189100547,0.09798009234265936,0.19111458694777686,0.13101913745971405,0.020888897185689037,0.15659715207138925,0.05644206049294929,0.0493888166270742,0.010291309869195213,10,False
17,0.020477044261266928,0.28182585813808564,0.07659111786904034,0.20110541800221812,0.12890185174351673,0.02461649733053551,0.13646514800524479,0.05021604197179074,0.05289822119426423,0.026902801484036853,10,False
18,0.005875807264567022,0.29709749920055495,0.11225915794642703,0.18845213891785825,0.12896720716812052,0.01040210148145715,0.13588768740846144,0.023202479741647748,0.06684940694128483,0.03100651392962102,11,False
19,0.02112333762867675,0.25910920283648237,0.09077009336923184,0.18833671106974526,0.12229544578939192,0.046583902947271515,0.13579305918292756,0.031204945010511135,0.07505720836126364,0.029726093804498154,10,False
20,0.0157992245457386,0.28288155373939944,0.12034651612236112,0.1926022184803639,0.12767263308913548,0.02785403376258362,0.13051190385677813,0.04166227733594304,0.055345558289942136,0.00532408077775451,11,False
21,0.012859987836855194,0.3095946795321197,0.0928855750668412,0.14441183945542965,0.14138167076334485,0.0228469418431467,0.14621754354692432,0.030120724906423948,0.06533331184785143,0.03434772520106301,13,False
22,0.027653588730565025,0.2756883957661659,0.10325824380810265,0.19335895602212314,0.125449225427191,0.030684118607149348,0.13872570841563417,0.02061607905557559,0.07105775674219045,0.013507927425302777,10,False
23,0.0,0.27593650522439517,0.1080736946020221,0.2077867179059963,0.13336226932924938,0.014954956908120143,0.14443838178975693,0.037857367216786335,0.054181912343386686,0.023408194680287035,11,False
24,0.0,0.28211939800983554,0.10791492609662794,0.16016081437890328,0.14809728925319476,0.01494017667995952,0.14216417059149608,0.05971714257957609,0.04886152711960046,0.036024555290806365,13,False
25,0.009658542952827694,0.2736208656206822,0.1094100647202958,0.16951983434485493,0.13725799179569953,0.043831742801058414,0.1482824999678292,0.024972986988631277,0.05458718301770113,0.0288582877904199,9,False
26,0.0,0.2716163899098954,0.10689245453346415,0.1938519389856082,0.12381954496682387,0.030358847779643056,0.14402431629864734,0.040356850068511495,0.05203103555513298,0.03704862190227359,11,False
27,0.02371529161989604,0.28421082604282555,0.108006578555071,0.16115396840472238,0.134721022751278,0.01748516112945745,0.12760817481447312,0.053658235394147116,0.06267555656558438,0.02676518472254491,13,False
28,0.0,0.2695271820226484,0.10892103311456755,0.19171794123420705,0.14196941430970192,0.029021552006245316,0.13318086560201375,0.05003381851757093,0.05865894361796233,0.01696924957508284,12,False
29,0.008116020388509677,0.2746585314896204,0.12390434899060596,0.2071606506019185,0.13154882520111388,0.010322073268239727,0.15933846250771483,0.05137578584410133,0.03105558386782176,0.002519717840353906,12,False
30,0.002985581096536078,0.301628170203883,0.0944117170758501,0.2048670862714022,0.13498439910410806,0.010604204980220439,0.12656660949907125,0.04293314308525175,0.059020672664970984,0.02199841601870615,11,False
31,0.006074099876530499,0.2884115806907489,0.09366630115346189,0.18284659372533807,0.14297945667515052,0.028370878823457384,0.13619389875324892,0.046159517371032494,0.06074822583592063,0.014549447095110801,10,False
32,0.0007540900316682046,0.2827575289139041,0.10931974636572275,0.1846573720878025,0.13101766128834566,0.02899138992093224,0.12978141420496045,0.0488850073306493,0.05252808997061689,0.031307699885397965,11,False
33,0.013982272532637254,0.2930879800489573,0.07287301077635241,0.18962802476975488,0.12360264409972381,0.0358572968669996,0.14959099759163028,0.030845131834071924,0.0767613866475914,0.013771254832281102,10,False
34,0.009447806633838296,0.30645794902483214,0.10066679304859559,0.1711787428295015,0.14431088887856697,0.0,0.14758664262205481,0.047299412747807607,0.04980847674202646,0.02324328747277673,13,False
35,0.0,0.2797404393269701,0.10217199381837633,0.15806247487958294,0.14263202816610096,0.0468014905797037,0.1472100878028656,0.0358900547663916,0.0687639588906204,0.018727471769388396,9,False
36,0.009719657571081331,0.27097660834301485,0.10812605738575407,0.17987821451291752,0.13168009347281434,0.03463551554125557,0.16039989578829977,0.04389064921087544,0.05474312021063815,0.005950187963349097,12,False
37,0.004891412826268192,0.2848738066702825,0.09014848821824717,0.20329950754771484,0.12263744037169882,0.04950019160750938,0.12450045941432442,0.033659278607003455,0.061479953821431954,0.025009460915519338,10,False
38,0.006725511563380502,0.2897790300171695,0.09475016393342259,0.17844963963326338,0.12735426741318084,0.02524480681309021,0.14685362829635573,0.03014315764222035,0.061516931982308606,0.039182862705608335,9,False
39,0.0007553893476675107,0.27952586240727206,0.10702379646048489,0.20939919609230506,0.13458893215707998,0.022717681776863743,0.14858384416217335,0.02670135972693289,0.05134155893472957,0.01936237893449101,11,False
40,0.02210369529819846,0.28560034421666214,0.11296323508579431,0.14592064337187724,0.14040062930846958,0.021668277955318525,0.14195122679602148,0.039023419167296014,0.0654312218206525,0.024937306979709833,15,False
41,0.01130360759889277,0.2737252947838398,0.10352065722173728,0.2054409879858185,0.1325733278253152,0.04110108297807615,0.13379054647606606,0.02067681789873482,0.07583324212888187,0.0020344351026376343,10,False
42,0.03445506088996133,0.2779059500328394,0.10588584364476734,0.1425998599766551,0.14806923468618338,0.010636958471305443,0.15525272508670226,0.03414205807334089,0.056140861050241096,0.03491144808800369,14,False
43,0.021991516248551602,0.28473312060541744,0.11104852433128642,0.18066506950796785,0.13690596693607027,0.019972559602046653,0.13478186127842304,0.04030346672041404,0.05111653517424839,0.0184813795955743,11,False
44,0.02999078470197452,0.2816647251695157,0.11767882866040243,0.14224565835197375,0.1423546034617611,0.01748478396391669,0.12063139504588945,0.04640430700128017,0.06271777140439994,0.03882714223888636,15,False
45,0.013749785317582305,0.29553277947594714,0.11333404464831208,0.15593245280191065,0.1492511501790317,0.022862299099388972,0.1507815250560006,0.025548633345180056,0.05473543264376178,0.018271897432884737,14,False
46,0.02472033640751668,0.2657345774547583,0.09228054836882921,0.1813602294651753,0.11790585735769418,0.0263029214355759,0.15006729139990005,0.03302747671217954,0.07177164235853613,0.036829119039834726,19,False
47,0.0,0.2674112440090521,0.0960417956067046,0.19163416064748764,0.1492956867915916,0.03848909686354249,0.15764717188282307,0.029692991469851285,0.04978309039865692,0.020004762330290273,9,False
48,0.016016787123040832,0.29821044449911993,0.10871218368405701,0.15280295868453986,0.12918640978784848,0.027387674919383653,0.12113633776453037,0.032777852314389476,0.07001143999655883,0.043757911226531485,15,False
49,0.01038300304551292,0.2799997027092877,0.11849769431310474,0.17372600301918356,0.13978893709414675,0.01599054492259984,0.1277726227763086,0.03582701677881889,0.08669378436189933,0.011320690979137592,15,False
50,0.021909331898157712,0.30007263568780984,0.12511757226929862,0.14383843551844205,0.13507604312731858,0.008409741260333907,0.1340245606877102,0.03406321024778941,0.07780971682900817,0.019678752474131655,13,False
51,0.01518185970916281,0.2907101747063057,0.07972336477393951,0.18569253066544747,0.1077189478796639,0.03098296926346543,0.15257713400537218,0.05065891028088802,0.07147244587724477,0.015281662838510174,10,False
52,0.016631369392975427,0.27554027228473615,0.1342453276383274,0.14965709504831812,0.13287746730834116,0.0009141509330264414,0.12613483895278413,0.053997614678115334,0.08797129347430582,0.022030570289070073,15,False
53,0.012372254691967488,0.28249376706877166,0.11602142652032937,0.1510927455091944,0.13582318757414102,0.012462056017581706,0.1455574915918756,0.04798256426576237,0.06192680849571771,0.034267698264658676,15,False
54,0.0,0.2781553388262,0.12954041433087415,0.2028046404277034,0.13849219362509343,0.030187696509390367,0.1443834956391357,0.023558215875583707,0.04812185581691807,0.0047561489491011475,11,False
55,0.011551426523645707,0.28607458795000346,0.11793680994110953,0.14256488011591,0.14734819291404283,0.009143701021728385,0.1372972952414608,0.04666290866981464,0.06832555496220981,0.0330946426600747,13,False
56,0.012527594056509725,0.3229638691729847,0.10328895820845839,0.13943594285621336,0.16082343552774755,0.011029124833942321,0.1445763768703215,0.018018105973118835,0.06442060094241957,0.02291599155828412,13,False
57,0.013297329605330581,0.26856210507264444,0.10770417045994844,0.14161804670642805,0.14854506874075896,0.017544982587019156,0.13309199600375712,0.05219090034783151,0.0815785384703437,0.03586686200593812,15,False
58,0.014655798407605333,0.2900000012413437,0.10655913626360954,0.1509706582797137,0.12761812153129956,0.011439764882962937,0.14601564755296378,0.03462923714439987,0.09497197178431813,0.023139662911783463,15,False
59,0.008998515578946568,0.29104457933343775,0.11521572723228071,0.14379895520623545,0.14456990416002002,0.0193891837551581,0.14457963203103585,0.0345789305379849,0.07742607673212967,0.020398495432770797,15,False
60,0.0,0.28772916816186517,0.12192881726604535,0.13711254293536432,0.15334069067852285,0.010717933124018132,0.1510520104730191,0.05011153262814544,0.07779684181713174,0.010210462915888039,15,False
61,0.026054690232722597,0.27202558643463215,0.08598766964821687,0.13564512944530752,0.1566868335441516,0.013825084171799883,0.1509524756516538,0.05561117085699441,0.09008415217241213,0.013127207842108916,15,False
62,0.009447400817240267,0.30460711448256445,0.09540522312766367,0.17515631628920958,0.1466856190097324,0.026913783113404498,0.1209145038972536,0.033839093826090044,0.05784698043766947,0.029183964999172165,13,False
63,0.021797969892151076,0.28247762371312524,0.11293299165903983,0.136649928658446,0.1475451676934673,0.03218871902805205,0.1389759980833696,0.04230835995524927,0.07001611042073923,0.015107130896360508,15,False
64,0.01450674367145565,0.3084478850870672,0.10554412519182567,0.15998291286346053,0.14311199913539469,0.009139193517221705,0.1293764826302281,0.0426990835447629,0.06725425319482353,0.019937321163760017,15,False
65,0.006421631956573795,0.28134520344460456,0.11604720267027412,0.13501024106859846,0.15153891426283875,0.00871377773819098,0.1303522047876534,0.060558647353285006,0.07128814728200022,0.03872402943598061,15,False
66,0.02343444169861188,0.28853576460137637,0.10861008731589891,0.16361012767153635,0.1272022768020636,0.018024461821694808,0.14230476459579808,0.02923837185348278,0.0793705536001027,0.01966915003943466,15,False
67,0.009363761194470032,0.30434432959522195,0.11602567345635531,0.128169913893206,0.13970526170785433,0.016373472986528338,0.1407835343740563,0.033095447154462936,0.09715193058877414,0.014986675049070685,15,False
68,0.019542079608357493,0.26411757171742295,0.10935013732174502,0.13642749712007082,0.1360325479645498,0.02779384490331285,0.1404852296956239,0.04764161321386498,0.09233160802664775,0.02627787042840438,15,False
69,0.030609787244216664,0.27703205631891764,0.10562093274097759,0.14413195661256833,0.1337432443584909,0.0,0.1317304578084561,0.05292870527800701,0.09435735597318892,0.029845503665177013,15,False
70,0.021929670214812826,0.2877379785594049,0.11523490945894069,0.14176546698990392,0.1440558818886016,0.019835224801626927,0.12129178558713952,0.050550463287963004,0.07895258622186944,0.018646032989737136,15,False
71,0.03195382226755651,0.24825175696704355,0.06388776286204359,0.1900008259412761,0.11889715286678969,0.04936068020298365,0.1448204258994487,0.031756749804255115,0.08043643407351239,0.04063438911509069,19,False
72,0.014413292415794494,0.26356243940878393,0.06468903418756798,0.1886586530846953,0.12095355384044816,0.05951132179534291,0.14032644864047453,0.04803983031042285,0.06860809529440873,0.03123733102206114,19,False
73,0.019763815540706567,0.24260490999911666,0.08278569145913207,0.19121627443765438,0.13783374712013044,0.03910740756638431,0.12960144938040422,0.027225262517115323,0.08392353932358645,0.045937902655769594,19,False
74,0.0018872819206859513,0.25930562334215385,0.08445382034436795,0.19840242318285642,0.1347853615290423,0.051242428922597366,0.1341093390050027,0.032024676379842874,0.072745624002646,0.031043421370804628,19,False
75,0.010134751586439774,0.2627191602176654,0.07048067006116568,0.19310725998977699,0.14290444025995303,0.05901291062614611,0.14301409410450902,0.031420580673112805,0.058471235700182124,0.028734896781049193,19,False
76,0.01992358839029583,0.2375783084747674,0.09455370810664554,0.2015340406839742,0.1182216154814669,0.04110380484096978,0.14446530564808566,0.03169912932053145,0.06638298621016854,0.04453751284309491,19,False
77,0.01464882963306663,0.24900026783112295,0.10542511151377464,0.1939211913537223,0.12685465299320967,0.04422100433955652,0.1442516037620809,0.023988831549146473,0.08607721383159585,0.011611293192724036,19,False
78,0.01886633032783539,0.2519513709361897,0.10733838353017575,0.18594110553107723,0.12452110833616108,0.05685737259025499,0.13817769991944295,0.030064022059307156,0.07000022448733076,0.016282382282225043,19,False
79,0.042300202265722196,0.26625347633670166,0.11386581695834808,0.14134193632516207,0.14651692628790686,0.008107114973287005,0.1336584215573107,0.04364584451122101,0.06979952072991226,0.03451074005442817,15,False
80,0.027105391440057552,0.24012193568600132,0.09706985797736399,0.18590336355419942,0.10819975179150929,0.0652891227268928,0.1522526654113514,0.048462611194218894,0.04988612864207817,0.025709171576327006,19,False
81,0.012725675781296547,0.2886902420624757,0.1019050838334076,0.1371958093231434,0.16589285436218376,0.008922892499238156,0.14236987863892672,0.07531744168997845,0.0518624860544794,0.015117635754870273,15,False
82,0.020929645984767927,0.26236383233070304,0.07785899854819674,0.19152328920187167,0.1226016243219224,0.05345989570263145,0.12715709240887682,0.0508010540544722,0.0616189821495333,0.03168558529702463,19,False
83,0.026488880529221197,0.24571495994705492,0.10005469881484641,0.17420587008099536,0.11379284153146134,0.041214160490544036,0.14895657578498883,0.04871198238322434,0.08521006403368503,0.015649966403978515,19,False
84,0.035488126308667,0.2603117819656177,0.09097248266200361,0.18875517639544953,0.1255711708049261,0.045550740516860984,0.12877930702471277,0.02592328653260265,0.07515583287976267,0.02349209490939701,19,False
85,0.011781385746115737,0.2579843808052511,0.09313972417147699,0.18760265847521798,0.1386217052953503,0.059991025161373376,0.1470659004790976,0.024226036689239325,0.06138236936356675,0.01820481381331082,19,False
86,0.025075832455392025,0.26883250800470976,0.06685041593702862,0.18284503849373962,0.11782047067320532,0.04998683193085068,0.14197340965474542,0.024816360070458225,0.08968031644894414,0.032118816330926225,19,False
87,0.01847249326208295,0.2768106335463277,0.08937186831612645,0.14682286825872387,0.1448226606917337,0.0192739125530472,0.1310336587759275,0.04979727882882185,0.08310599238670928,0.040488633380499545,15,False
88,0.006745314845571929,0.2664076705079971,0.1012048909657796,0.19873090731292486,0.11593475052069482,0.02013489728376096,0.14704446155511558,0.04385412269582459,0.06260075046878713,0.03734223384354341,19,False
89,0.022615643932162022,0.24180044535741202,0.08292864751942625,0.18290242258557857,0.13467543595460396,0.06294369004404965,0.1320134101338865,0.04045763154492513,0.07861603083523859,0.021046642092717328,19,False
90,0.02727691916737974,0.2644609326193381,0.08245531322978544,0.15995069950305627,0.13394049848633602,0.06219720914867919,0.12244638752558629,0.026609208865970086,0.07151264872600244,0.049150182727866365,19,False
91,0.016835581566915694,0.25115557454065074,0.09970855385220075,0.17741371475123796,0.12852494999824612,0.05873084715383169,0.13889904127275507,0.03033312675723297,0.0705606145005149,0.02783799560641409,19,False
92,0.02942595747787773,0.2583248369513285,0.09348001567739754,0.18511548281281742,0.12728487040997605,0.046091444383490145,0.1394787483007193,0.01797374166920495,0.06855153157535084,0.0342733707418375,19,False
93,0.014776511441500625,0.2734399841480486,0.0912739615809141,0.20057298544704605,0.10351749911811356,0.05507268119567693,0.13425324336607472,0.02316018760984694,0.07196030468405079,0.03197264140872763,19,False
94,0.01502119712908413,0.2411438313240562,0.09264983718123448,0.188726282547222,0.12999624696321227,0.04256644103393793,0.14824670047635213,0.026903804704979585,0.08532000903106747,0.029425649608853882,19,False
95,0.015176154124578699,0.282702005306493,0.1095767321368316,0.15034122955505205,0.13895868810711273,0.01777974424341046,0.1322267469743252,0.038472190230601534,0.07665659267046454,0.03810991665113028,15,False
96,0.0,0.24659507466229338,0.09312680391336092,0.1913928005022516,0.11865533184128052,0.04353560348474312,0.1604564038189064,0.035978010659419746,0.0726329070158222,0.037627064101922014,19,False
97,0.01151908589430325,0.2525265884626381,0.11079326222813572,0.18978986712292603,0.11930348996287056,0.0534268858775427,0.1277379352417482,0.03314267048058295,0.07002995039965028,0.0317302643296023,19,False
98,0.012427372831489269,0.2374279619745991,0.10271795063057466,0.1883151206601671,0.10773368531887084,0.042156898495577896,0.13429179514262332,0.03604968899079507,0.08935158395786247,0.049527941997440386,19,False
99,0.02167880564336146,0.2643814140187359,0.08870506804905612,0.17478328037120128,0.13015118772404843,0.0527392165526621,0.12435777233696345,0.04583404394888557,0.06468491272286064,0.032684298632225224,19,False
100,0.0013995510182949415,0.2697695781551777,0.09242946996886121,0.18558443975484978,0.12666232577784842,0.05747926277752649,0.1396775004640109,0.03551683821969023,0.07094059611434196,0.020540437749398222,19,False
101,0.004584564110091358,0.2524915910365566,0.06714649915658301,0.1870354110568107,0.12325408003331624,0.0673699140790791,0.13782644551661677,0.05293798552029756,0.07752245697058108,0.029831052520067573,72,False
102,0.012572167451140334,0.24970218783790463,0.08240278163114828,0.18787505346015532,0.12725556109965078,0.06435136651989365,0.1256116725615183,0.040378989090095845,0.07685678953241659,0.03299343081607633,19,False
103,0.015054011829115185,0.28296053628264506,0.1087879863453085,0.14699806022962578,0.13330186827032184,0.017638629902564748,0.12390288464700039,0.059277340900532355,0.0606568038332234,0.05142187775966263,44,False
104,0.03042445742049353,0.2779373494113963,0.12789816749837585,0.12985605733456973,0.15770508440971787,0.006505709961307229,0.11436952225441989,0.05220025243097819,0.05527836129430734,0.04782503798443418,44,False
105,0.023047333875694548,0.2536976656339563,0.06110499212902592,0.1927216832901625,0.1256824434157169,0.05828586928604845,0.13095712405182858,0.0243460840903144,0.08288512259477435,0.047271681632478066,71,False
106,0.026946734145789464,0.2634654167484874,0.08315535761997589,0.19784656671248668,0.11713039289312924,0.03093747720143492,0.13811266063282998,0.039615446824873814,0.06492817923945741,0.03786176798153529,19,False
107,0.02291581483521665,0.2517008175338673,0.0746566257158502,0.186438104464475,0.12327606963564415,0.036417503752475905,0.14205250878590506,0.020290810536371672,0.08623256144088205,0.05601918329931184,71,False
108,0.030879898770292076,0.2530908492657753,0.06933294587040917,0.18057450354533047,0.1238517684121858,0.04877430208114238,0.15887893293206173,0.0336746872735606,0.07406903811498637,0.026873073734256177,71,False
109,0.02107947590418997,0.2631280634220019,0.0698569447237192,0.19066763207425808,0.1283317659106212,0.05329150927735625,0.13829938584504792,0.04582308690626081,0.05174645261790634,0.03777568331863831,71,False
110,0.04376431551641121,0.24095614866805978,0.0655279089153875,0.18059585770805373,0.10668766495432706,0.059445134313250186,0.13792578712106698,0.037894361602276556,0.0921423332777134,0.03506048792345352,71,False
111,0.02633112929928156,0.2370372822261781,0.06364385907619452,0.1947415205846077,0.11892035278910196,0.051729209682975036,0.13819175713053058,0.033042420525636614,0.09569478138925393,0.040667687296239895,71,False
112,0.037916809020034754,0.27475382547812,0.07325650875758917,0.19567648889314515,0.1040089940819922,0.0360500586272585,0.16774697179284195,0.023475567043367014,0.07085987511294686,0.01625490119270425,71,False
113,0.022816155910102772,0.2579966137409572,0.068598311893236,0.19097325051770458,0.13225683181320527,0.04247175039415266,0.1459449537096006,0.03932545328218276,0.06479531876548662,0.03482135997337155,71,False
114,0.034645320563393894,0.24621573085675583,0.0668673644128366,0.17770830142910288,0.1081799730866914,0.041039438571201944,0.14894657326938235,0.03828359896859942,0.08716470711378231,0.0509489917282535,71,False
115,0.03195026740387199,0.23683210589527487,0.10049716029006775,0.2006211022351096,0.09237379069254412,0.05037333729126189,0.17215966445442094,0.03614952031240066,0.06069613880030115,0.01834691262474708,80,False
116,0.0232285429397517,0.24578647514282406,0.05529380788245764,0.18022680989916504,0.11790382943860778,0.04931298773647572,0.1494477456575071,0.040756837995731765,0.09620486279698048,0.04183810051049871,71,False
117,0.0332587090041138,0.24082870827561065,0.07354622195426337,0.1759675000230293,0.12417685260792014,0.0489601244330766,0.1385804041324195,0.03828438260242854,0.08593175386101806,0.040465343106119905,71,False
118,0.02605478166775368,0.24511171274689514,0.07769917558916031,0.19769301531182382,0.11255692069115787,0.04765568524672087,0.17046630095718596,0.0038022315242673605,0.08885906865469462,0.030101107610340266,71,False
119,0.031059129874383317,0.25876497431035844,0.05051121917647532,0.19463487728668227,0.13115007508244253,0.05159678498911377,0.14408922766740007,0.0323551346255937,0.07187931589343435,0.03395926109411633,71,False
120,0.03700630816712923,0.24439652941617515,0.06820132818643485,0.187129995871501,0.11708479439801746,0.06096226268389118,0.14470058399321115,0.024547895640771263,0.06251851520380565,0.05345178643906307,71,False
121,0.023940095619723264,0.2437353615489369,0.09480775731576943,0.19423080082555422,0.11448101311802136,0.08386319390130959,0.14844123642686707,0.024631702911645157,0.05797236783389516,0.013896470498277818,80,False
122,0.025085890438844655,0.25415808846759136,0.07157446646822645,0.1871588677329315,0.11670559914713395,0.04322714696057743,0.13243585924444243,0.023889887116507205,0.10220140579095975,0.043562788632785204,71,False
123,0.029444487444104526,0.23925574278114095,0.11431682121237266,0.190301034593726,0.09854107974567461,0.048374356411794474,0.16195077378224987,0.05195968280310686,0.046370670306868096,0.019485350918961895,80,False
124,0.021135458389449423,0.24619715729784988,0.07258294043557927,0.19274325993710642,0.11413055735640167,0.043014751610940725,0.1508355385534821,0.030750134810284376,0.09392815752341535,0.034682044085491,71,False
125,0.021791596774906913,0.2513383499501208,0.06516120931519429,0.1952926718573155,0.09757377994149712,0.05489972016312585,0.15223724397706812,0.03196936488084238,0.08108620214382936,0.04864986099609964,71,False
126,0.016436654612896777,0.26482301747625103,0.09112129220644076,0.17231497747261681,0.1413877450885629,0.0776411889625284,0.11054876271249447,0.011946849178533687,0.0658286191859382,0.04795089310373704,90,False
127,0.010722542857168827,0.2748710969697703,0.06451809978479973,0.18507213680113285,0.1364891435966072,0.049771746136816564,0.15490722248263053,0.013365229528572657,0.07409847897754886,0.036184302864952535,71,False
128,0.009593217621479572,0.29003023011234824,0.055940369319954,0.15408027291074688,0.12999296380893288,0.060756895237411915,0.1318238611525342,0.02461957207394073,0.07547837482838134,0.06768424293427022,90,False
129,0.019915303258960026,0.22698025629193905,0.08318110845691534,0.20686560436837764,0.11307864726343761,0.048076577976322483,0.1425523205292734,0.03895070050533558,0.0829994899924466,0.03739999135699248,71,False
130,0.023614982586677626,0.24493633402783568,0.09827338169030632,0.17753487935825715,0.11358317038790985,0.05961178234228047,0.15778409231291457,0.054563672111741957,0.03337066372916194,0.03672704145291437,80,False
131,0.025237393672744662,0.2504752817139362,0.06579151759914664,0.20861838366264757,0.1257505233419992,0.04121344613876073,0.1380370524898003,0.026417742296492512,0.06877717633176927,0.04968148275270286,71,False
132,0.02226228276352204,0.25673803097133135,0.08406026559953353,0.15168566764557886,0.14505134959127824,0.0734832865984808,0.12173574882142503,0.03101440922107496,0.06432997577709963,0.049638983010675604,90,False
133,0.03370018033606406,0.2462887756186617,0.05687394887245694,0.18340543608073887,0.12681187318205261,0.045392742954346386,0.13923107148524902,0.027469729793249565,0.09644772334246272,0.044378518334718196,71,False
134,0.04548651438062561,0.22464107464942623,0.09919400536840774,0.18232402577984716,0.09403610517929416,0.07244015820082536,0.1431561504711707,0.0568726919192714,0.042856622267721425,0.03899265178341034,80,False
135,0.032765563266374156,0.24797553508454837,0.05862484367215982,0.19541703189710616,0.11368346705155466,0.056766510537617526,0.14571897897810526,0.01134749953538023,0.09219541621044096,0.04550515376671272,71,False
136,0.02340165922510516,0.2541312258397412,0.06590754658232609,0.1996512707692066,0.11896913599411514,0.05395853475272051,0.1366959812608296,0.026006626130195627,0.0756130629566685,0.0456649564890916,71,False
137,0.03845381059154499,0.23682020671171986,0.09317361251090411,0.1855964955432982,0.1055424768944165,0.05519154236943146,0.16273397217513208,0.04240579971166922,0.05417944492405976,0.025902638567823894,80,False
138,0.018583152555184664,0.2561893516578146,0.09234676220476871,0.19010147095698765,0.12028416777637058,0.04561236151318702,0.1476174525351896,0.06575733286675771,0.03536464974861917,0.02814329818512033,130,False
139,0.029216478705047916,0.22799245436225132,0.09545924704772331,0.18566095069129343,0.10193086840105424,0.08119622632726604,0.15338429423026811,0.04328972735407315,0.047582205073138796,0.03428754780788366,80,False
140,0.023023641298653367,0.27184853081538457,0.09154352468924407,0.15733400488221824,0.12144059652278105,0.05385204194748742,0.12934461636142822,0.027574491947294433,0.06397842112587848,0.060060130409630395,90,False
141,0.024573862483021305,0.2414436791128198,0.09978843613729071,0.1822882523090377,0.10130062216447373,0.06353942053292241,0.15275416076798967,0.05147338465712025,0.05974383164267923,0.02309435019264504,80,False
142,0.006171995537976979,0.2496338528097079,0.10310121423513045,0.19514850218328303,0.1295771004263732,0.06924330892362347,0.14424005511774018,0.0491871827538177,0.03025844694422462,0.023438341068122474,80,False
143,0.028549112572510523,0.26679963379079424,0.07360865981607631,0.17918049420838678,0.11122432744545684,0.04076844539776443,0.15006155387156145,0.025430768797582978,0.08331557283559429,0.04106143126427222,71,False
144,0.03774831990964485,0.24077757327867494,0.08570957624401226,0.21308762303734374,0.11591352301155328,0.04559908111695564,0.13642179514175462,0.05341035261107228,0.057407148621724316,0.013925007027263986,80,False
145,0.03581829293236361,0.23844531592583468,0.10042677541616857,0.18630135466058528,0.10060044929785997,0.06610283073364984,0.13642376496152336,0.059096489738055716,0.049691094411536955,0.027093631922422028,80,False
146,0.03541085768721061,0.24570699146273411,0.06455233731030913,0.20593448091805233,0.11464588690359216,0.05202070887595734,0.1380933821998163,0.03505330312119741,0.07185385266177492,0.036728198859355674,71,False
147,0.02562998028790441,0.2847252553139222,0.0879601103468361,0.15211688174417964,0.11764109313079386,0.06336721566826709,0.11192137070058539,0.03136084132090163,0.06603234542235786,0.05924490606425188,90,False
148,0.03238117903512379,0.23172148303838822,0.10776996252158633,0.1823719924459482,0.10691195702022274,0.06450744844233794,0.15828723971532907,0.04858174596214314,0.04460867994067079,0.022858311878249944,80,False
149,0.017027376346571234,0.26129219370593765,0.03436381107423894,0.20565272706063611,0.12875213089527707,0.05052856795734352,0.16686802296902306,0.03271694086484794,0.07719166665543818,0.02560656247068627,71,False
150,0.028803508875270743,0.2538575100632605,0.06221086247627694,0.1948114000531023,0.11451692220582851,0.04272909880542975,0.13849127731921645,0.04416875532192391,0.08059300531480909,0.03981765956488166,71,False
151,0.051992786906943714,0.21987916434470967,0.08956615628110612,0.1892096559874647,0.09313714234668628,0.07023496336958521,0.14698621249239208,0.062033106264389494,0.041234761639594365,0.035726050367128434,134,False
152,0.0654814398825144,0.21822315227164418,0.08299356957939719,0.19266912276738385,0.08496380982337128,0.055633349108271266,0.1518988367675061,0.051436114313953785,0.05454880460626713,0.04215180087969096,134,False
153,0.045806300848691466,0.23360964181608443,0.077164289173431,0.19356371617614312,0.10088375343834476,0.058037974851977425,0.1536165656209639,0.07133756573023729,0.04805986545270373,0.017920326891422915,134,False
154,0.04340672614972836,0.22648597854687658,0.09818073718277245,0.1785692134231056,0.10526241407148342,0.08150638819140464,0.1499829655647574,0.03560535546605188,0.05113876146072741,0.029861459943092226,134,False
155,0.03756007256508822,0.26866217832634587,0.09680392709307073,0.16497027205131642,0.12836910495419887,0.056098349588819194,0.11951594295703577,0.009718715250654755,0.07977983578595661,0.03852160142751355,90,False
156,0.023877655511916215,0.24300246788239152,0.09192118268183595,0.1682856821531394,0.10328608750908828,0.08440062165783381,0.15421052768787058,0.05021122168429145,0.054968037959478536,0.02583651527215413,80,False
157,0.02338459070265704,0.2438623596561194,0.09360974311315613,0.1993466030674077,0.09060323366397087,0.08801621384075321,0.14632748235347987,0.025371796534694846,0.03952487085018213,0.04995310621757869,134,False
158,0.04139475539955473,0.23541129999691127,0.08799293599898418,0.19125580403885278,0.08440981280631946,0.06464147609471525,0.13585649485544302,0.06611356943168112,0.05420337613653052,0.03872047524100781,134,False
159,0.05737785348960241,0.22973567880627963,0.08081833843746418,0.19214032259341174,0.1102063115338071,0.06874504876502605,0.1234519955105099,0.06087598286370336,0.0494055566456217,0.027242911354573855,134,False
160,0.051422214513451324,0.22249876185012002,0.10218644605628088,0.19224206710145658,0.08884147333720613,0.0830495999612969,0.14132143133284042,0.04631331333702392,0.03815306583964026,0.033971626670683465,134,False
161,0.03055798381872832,0.25704651510448334,0.07522237939056695,0.17466842460995602,0.12625607168700234,0.050971340897471275,0.13182204705284875,0.040923525779531185,0.06731734745202854,0.045214364207383215,71,False
162,0.05938317506962273,0.21474202722800925,0.08827315197514618,0.16788768230764467,0.10854134566257706,0.06937127221279064,0.15936930930688473,0.0576022926912151,0.045287153918112076,0.0295425896279975,134,False
163,0.051332669418274,0.23651275266726252,0.1170577669509902,0.18259525940665228,0.09510242408255623,0.06027997393003038,0.1448662099852595,0.051505892028819736,0.044301841814055797,0.016445209716099363,134,False
164,0.04633499514707795,0.2315449986394829,0.09928152612884514,0.17493290756502541,0.09400974908958758,0.0803035017660091,0.17099714710167854,0.047882778180672124,0.03018405204743474,0.024528344334186537,134,False
165,0.04596002674790927,0.2164483187643206,0.08488554071614629,0.18600022570013333,0.0969043112830592,0.061759275648149405,0.16065097152208985,0.052449271219458624,0.051023150962692734,0.04391890743604071,134,False
166,0.05673740825451391,0.21663374781832787,0.10768002170898197,0.16772345224036703,0.1064533387002409,0.04736086291732573,0.16007611036999894,0.05494633827146782,0.04630305923212942,0.03608566048664622,134,False
167,0.054326622476870715,0.24087156410132982,0.09240957246386973,0.16603997702116993,0.10329347282450906,0.09344167447559514,0.12784034365410227,0.04678336508820848,0.02703767299000651,0.047955734904338354,134,False
168,0.02833298123779202,0.23158277104744485,0.09760570782440005,0.20022524172752884,0.09415899545528356,0.06099083604783407,0.13962545723066772,0.04961874606990622,0.05261643938489706,0.04524282397424551,134,False
169,0.05493735583461715,0.22301902161779544,0.10429181004060907,0.186576890828258,0.07500878724740992,0.07481609809517409,0.1309955026377572,0.06984838631158902,0.03370192520138735,0.0468042221854028,134,False
170,0.04117059722801646,0.2193063341957002,0.10106817970140893,0.18224918070247054,0.08597682226092118,0.0837804493553727,0.1302075849225721,0.06702063893849139,0.03942269114971704,0.049797521545329404,134,False
171,0.048364495594042295,0.2153126768162882,0.11053666384998105,0.17573418916769754,0.08009164780561599,0.08888425709293975,0.1396438483587734,0.055623418959748656,0.04981974360181776,0.03598905875309523,134,False
172,0.03724539216972477,0.23245649753036854,0.09558186586694335,0.20395622684448045,0.10300843682730228,0.06021925334923403,0.14257037338025402,0.04992678766601402,0.02971775794092761,0.04531740842475092,134,False
173,0.04663626528722443,0.2237687006858533,0.08503399341881858,0.18547145357039943,0.09303625526308719,0.06919629961697184,0.13550348605971765,0.06405889711058621,0.05781378215524089,0.039480866832100496,134,False
174,0.06233057783933233,0.2163815596554862,0.11442427647637347,0.17443155064235522,0.09009865816025531,0.07108462392133844,0.1461993148688911,0.045406419995751304,0.041330686999493174,0.03831233144072341,134,False
175,0.04300239421228013,0.23358078579792374,0.10043434315630478,0.18313463313029263,0.09469147366249155,0.06997690490116801,0.1518549013372451,0.06503857250187806,0.022413427846884652,0.03587256345353128,134,False
176,0.03468409990819637,0.22131650812546882,0.09947932088272429,0.17790203674841387,0.08711065230649259,0.0865654060839268,0.13595249655958452,0.059612700407847836,0.0410745569860393,0.056302221991305544,134,False
177,0.048153018731148384,0.2442200608205499,0.09548401179856272,0.1893656132614257,0.08777115860801853,0.07085560493823825,0.12202190461351406,0.06622529570412668,0.03597264038621265,0.039930691138203175,134,False
178,0.047408382382455705,0.2328804301037281,0.09874512553303137,0.18657635037178222,0.09156452125003998,0.06525017099747096,0.14583413945440302,0.07205928084758245,0.031374552193026754,0.02830704686647942,134,False
179,0.055066308760804594,0.22034747946525893,0.09584095336705259,0.18045992339578767,0.0877119808519709,0.06811364876459002,0.13354521346950074,0.054029128946596255,0.05260643600456844,0.05227892697387,134,False
180,0.039676453794752056,0.24664153012446713,0.08565559360135587,0.19203126961869743,0.09154363046460921,0.07313318993117282,0.14852776188468764,0.050973382564216,0.037609964937413434,0.0342072230786283,134,False
181,0.05358046704839141,0.2328635486821276,0.09384875099778356,0.1897739726288217,0.07332996681541058,0.06800857788574642,0.14181387606345142,0.06732924285669327,0.0418192818352068,0.037632315186367185,134,False
182,0.053381801018956634,0.2238217070907889,0.10116392358197943,0.16538745234102148,0.10666471772988234,0.07169383826000116,0.13860187961503592,0.06824432057963448,0.033584661220883244,0.037455698561816284,134,False
183,0.05649329018326032,0.22826341263841582,0.11206124017059539,0.1667328003723539,0.09179144536644655,0.07189006595227158,0.15519768075417256,0.055705673509799124,0.020002380235687723,0.04186201081699709,134,False
184,0.0434508023379269,0.21778670850109252,0.10459070933817781,0.18477593259716668,0.11229481955104065,0.060865809556285615,0.16203802798862185,0.05582771476330541,0.04244104104182669,0.015928434324555908,134,False
185,0.04564128215411888,0.21885051487703885,0.10106926141789509,0.1812330474538294,0.10149608005156156,0.07957010334226929,0.1331665576286789,0.05105187123319526,0.04895129108698044,0.03896999075443238,134,False
186,0.024892996098631815,0.24164293211421514,0.11113259456285328,0.18056099218419022,0.07957213693896463,0.08120105282101724,0.1534107258100564,0.055490195934414135,0.04280689691114823,0.02928947662450887,134,False
