ID,strat_res0,strat_res1,strat_res2,strat_res3,strat_res4,strat_res5,strat_res6,strat_res7,strat_res8,strat_res9,ancestor,alive_at_end
0,0.009888383095484024,0.015693444423438334,0.08688555413470218,0.13962282274784207,0.06922269962059667,0.22692131349027844,0.047348050802067554,0.03627051282243238,0.3673134066059007,0.0008338122572577961,0,False
1,0.005023001417262581,0.019777445192961547,0.08758982989264616,0.14778763887363341,0.05973663900510763,0.2245252653466388,0.061238012960598505,0.032583080982477544,0.3616971404839259,4.194584474791371e-05,0,False
2,0.004540004644628645,0.025237958884898524,0.07815761286681867,0.14053204717782158,0.0663646669498284,0.2234636735046694,0.06792910623729687,0.03687019183560216,0.3569047378984357,0.0,1,False
3,0.013831686671396727,0.0,0.0955226859521855,0.15297322959650872,0.047612829790332024,0.23211528321536504,0.06243418082782475,0.021046135117076415,0.3701566434732869,0.004307325356023801,1,False
4,0.017004179376474027,0.0004133016971288739,0.11087092411865024,0.17291855341783421,0.04228920547994799,0.2262690288241336,0.05111877361169241,0.01854127598425373,0.3568460729132503,0.0037286845766345803,3,False
5,0.0031392320420293588,0.005258012311606007,0.12707844174152222,0.16607466094375167,0.04028368220022528,0.22185488514792567,0.05690020093900437,0.03537663414846245,0.33579930884791875,0.008234941677554444,4,False
6,0.010050617552161953,0.0,0.11433920386823723,0.1580463446831336,0.05627367962447072,0.22136713255585747,0.06000783997966251,0.03918054925516738,0.3407346324813092,0.0,5,False
7,0.014119537525635719,0.0,0.1204905589058719,0.15698625323347215,0.06373516514046698,0.21577556805950782,0.06955528582030034,0.03386812760915566,0.32546950370558936,0.0,6,False
8,0.02685950096966931,0.014042989674946967,0.11619142621532182,0.1490177999278902,0.05504136011643874,0.19881971171301605,0.06553406781388595,0.036656870913795145,0.32612436029851527,0.011711912356520358,7,False
9,0.04110620198896021,0.0367179219093523,0.09632713228233088,0.14086732441624603,0.05009963159166803,0.2041537388379858,0.060771414313312316,0.024963862664066964,0.3137500376580078,0.0312427343380699,8,False
10,0.04821362306254571,0.01808015482805941,0.11177544744890154,0.1550378591129768,0.03976233688082636,0.2015511789837783,0.07329222356742758,0.018016219688868754,0.32562366424994443,0.008647292176671302,8,False
11,0.0519872705265919,0.0029408041805820896,0.09520336740979968,0.15263506687530984,0.04454086806211148,0.21297873764901656,0.09028852883051404,0.012855337985929373,0.32425159552482674,0.012318422955318358,10,False
12,0.06174497931008265,0.0,0.11192209852943916,0.16109226083545808,0.02767599697532624,0.20821682667481783,0.08247970084234436,0.00497036543212576,0.32160121165600714,0.02029655974439862,11,False
13,0.014799018920861776,0.01791694882404138,0.13099805546339457,0.166349261958082,0.052779949779053516,0.20290976041542894,0.06747320495836792,0.02197607795930164,0.3247977217214683,0.0,8,False
14,0.006710540247034006,0.024008506954871195,0.12564971707060688,0.1789400019550084,0.0569753316196436,0.19352041956633984,0.048282794617513204,0.03015335208807943,0.3288363236264268,0.006923012254476724,13,False
15,0.021431548838576977,0.025026467037971917,0.11881236239444445,0.18101250025261875,0.048398517565646476,0.20407474930182506,0.051596856499264376,0.023549140986062977,0.31386806765734815,0.012229789466240894,13,False
16,0.02009051153800171,0.05174691138406559,0.11763583119572725,0.1808229167508133,0.05352415441384812,0.18813621174957315,0.045741367844887255,0.01478627475004888,0.3275158203730348,0.0,14,False
17,0.05848777239105856,0.006809623954166483,0.11384172518526535,0.1654027904871152,0.026579421284726578,0.21041655814057475,0.08171619452268265,0.0,0.32736687029658357,0.009379043737826838,12,False
18,0.049327271679312244,0.011873270623550626,0.12147201097140725,0.14095747123014948,0.03286702872365829,0.18934462825106985,0.08358535297369299,0.02210603248349719,0.3362321633748696,0.0122347696887925,10,False
19,0.06313853252330488,0.0,0.08273396385806482,0.16414793332227706,0.04306463304894109,0.21269296243367658,0.07869989031765695,0.001970136267192517,0.3433650648233322,0.01018688340555385,11,False
20,0.030092604463840645,0.013827518395864729,0.13008175133047561,0.16420653094631554,0.05678996909495936,0.1888739720280483,0.06772527510957287,0.023030498929098912,0.325371879701824,0.0,13,False
21,0.013415120873921767,0.0,0.12590046570473498,0.17298478575492018,0.05555028838450421,0.18504493297488306,0.0671187460076849,0.026006186761204798,0.3329896407754097,0.02098983276273644,13,False
22,0.0621392165416489,0.02034248777165469,0.10968023878859118,0.15248493378209432,0.03908656374433784,0.20740694628181416,0.058562062614763793,0.0293978195976241,0.311461563158656,0.009438167718814937,10,False
23,2.948939301677744e-05,0.02197067246639721,0.12579491703892912,0.1893354411644144,0.0579637689644369,0.198768859933599,0.05085970312652193,0.024465642888448914,0.3188668553914155,0.011944649632820176,14,False
24,0.023793573479486126,0.0,0.1270711249994839,0.16180539878683056,0.054889831566596985,0.1998882850251129,0.06158241384606018,0.020723804395291087,0.35024556790113825,0.0,13,False
25,0.04135849936539889,0.0,0.10712549470571271,0.1612568721727655,0.036873808499011,0.2173366717477348,0.09776199363344958,0.010063201385892126,0.30105150228740873,0.02717195620262677,12,False
26,0.058191198129940884,0.0076083750264916514,0.11631329594205958,0.17786644428272905,0.03172695755116173,0.19990294190027988,0.07895510750364193,0.0,0.3254401589374218,0.0039955207262734336,17,False
27,0.042184133352915806,0.004969255112273646,0.10005733592336595,0.16389514075909922,0.040467314215327725,0.21495670260762778,0.08427529567635561,0.00688741619717816,0.33530635881754856,0.0070010473383075745,11,False
28,0.00602986248650194,0.002158080511064258,0.1422875007656838,0.16158051809152957,0.04269413758131483,0.2098342505852208,0.07803168434493152,0.022025570626687422,0.3353583950070658,0.0,13,False
29,0.01960452053683416,0.047348324855516453,0.11377956218931501,0.18626387879008152,0.05244204866622347,0.1674783300813244,0.05592134301714969,0.023733135564822722,0.31885927133460673,0.014569584964125928,16,False
30,0.05791731029717824,0.008446084102500891,0.0776642719482316,0.15607031836471677,0.04554216011610142,0.2093918054963984,0.08678711490167874,0.020291724676335245,0.33788921009685874,0.0,11,False
31,0.01206690535394471,0.06701811627190958,0.11522028417178992,0.17085600561440512,0.06432298865410374,0.18672210193000913,0.044370840126172796,0.012581730151279516,0.321348386962068,0.005492640764317504,16,False
32,0.05274645035233854,0.02954054731710941,0.12292981575159449,0.1370484496868606,0.04594430951022517,0.1873061838687405,0.07234602148999433,0.033316799520635376,0.3165107252416237,0.0023106972608780045,10,False
33,0.08217218842791918,0.0,0.10963762374676715,0.16032626232404262,0.01766897379898299,0.21050035647720672,0.08003450808221332,0.0,0.3198687132268748,0.01979137391599321,12,False
34,0.07276201972676634,0.0,0.1232131385569346,0.16338211734889319,0.021309568050822455,0.2091075047523808,0.0780157901558481,0.0024914852367128003,0.31530198653100866,0.014416389640633085,12,False
35,0.057168682137573465,0.013919041788921638,0.10131273055645088,0.15106420404318388,0.04269086714605808,0.19775810455091394,0.07856847961588362,0.032393919435246804,0.31616817252717755,0.008955798198590017,11,False
36,0.06367666737034508,0.0,0.09879910635285791,0.15868070109145127,0.03982449808074795,0.2071103567377247,0.07257324075917031,0.03664485968137817,0.3226905699263246,0.0,11,False
37,0.10160617934005127,0.0,0.09692642891226991,0.16369065185643483,0.004336561127168901,0.19769340860147658,0.08458496699023411,0.0,0.3404660465421704,0.010695756630194222,33,False
38,0.018214317353170903,0.05356964208050727,0.11462411253243913,0.18456271765762325,0.04685444256097921,0.19330953420037458,0.0400264451267314,0.02367745244203198,0.3251613360461423,0.0,16,False
39,0.016306156623202568,0.023735760512479467,0.11941581612920953,0.14711393746638762,0.03969827757741334,0.21200979356687527,0.07882159157637791,0.03574923077356617,0.32440623718757516,0.0027431985869130256,8,False
40,0.028935115827162464,0.043914235527559284,0.10955842387080986,0.13069209047478159,0.03623470070717446,0.21412851872529248,0.06896653886099863,0.02910111072328236,0.3095872226227718,0.02888204266016717,9,False
41,0.023936699876146925,0.05718495875608897,0.12281626596226802,0.18367030547194022,0.06627982386091717,0.18507776680016197,0.047739359985824334,0.008921767578913036,0.3036652850568781,0.0007077666508612393,16,False
42,0.028671554505651623,0.034761810829637925,0.08844810289129029,0.14612816802396375,0.05765228182981126,0.20328584290187682,0.05935640288003156,0.014736677221603336,0.3144202302044097,0.05253892871172382,9,False
43,0.046017063521817995,0.0003161733022517676,0.096923849889391,0.16058275468379457,0.04544280426552972,0.22000924179826692,0.09610108647733025,0.010329143025916258,0.3242778830357016,0.0,11,False
44,0.03781219375611288,0.04042252570465336,0.09680039731796207,0.15021267187215018,0.04752343104840045,0.20032203962008868,0.07567584820150206,0.01620516016149028,0.3077111576602766,0.0273145746573634,9,False
45,0.05239685821235741,0.010978507797053965,0.10273565618379564,0.14775820363360362,0.035556475881412426,0.20343088827478362,0.06486268020983538,0.02376114901636947,0.35110639485088807,0.007413185939900312,11,False
46,0.03531521962394499,0.04665690932893482,0.10513557417734468,0.12180264403298359,0.06398032186106424,0.19572779605253274,0.04529765194472248,0.04599175382061202,0.3159791873906267,0.02411294176723361,9,False
47,0.004682503756207803,0.01160774229943175,0.10762588331012657,0.1642230338231102,0.04791056186516618,0.20536187986241394,0.06616143737508812,0.04162949739763763,0.3312344181369554,0.01956304217386219,8,False
48,0.03541785405949542,0.03675134016535008,0.08462391236517788,0.14705376668221826,0.0437872803024607,0.20638121521443753,0.059007848933039474,0.028302756605061367,0.3225538721794556,0.03612015349330355,9,False
49,0.016259404123992884,0.02530444514632808,0.13162322499135334,0.1725854837641129,0.04895894146996854,0.19785596856976664,0.029647444714221347,0.03617713090668245,0.3364160711094661,0.005171885204107704,14,False
50,0.05437962846386292,0.018317128125613775,0.11181153723727179,0.1451618556822704,0.02086089303942555,0.19842393676005132,0.06375570154997384,0.027536128847780884,0.3322865697708025,0.027466620522947006,10,False
51,0.05442183402481522,0.022818359171371254,0.11551298929189459,0.1398771466638284,0.02916204435064479,0.21309440138980598,0.059989978256728,0.01839062221591738,0.32856299697609204,0.018169627658902312,10,False
52,0.0012708094591800992,0.008387474578053966,0.13492647129118754,0.16616011591317115,0.05014034624565973,0.20903606204562183,0.07536005955340958,0.018436156561539102,0.33628250435217694,0.0,13,False
53,0.03602080101188102,0.005547524806242863,0.1162794111134344,0.13255356745340297,0.03395189226114224,0.20432629933329235,0.08445470044222039,0.010452865334850818,0.34159554853179863,0.03481738971173447,10,False
54,0.04240249104701282,0.030488400149852008,0.08847547134786228,0.1277358225148053,0.06580158129733009,0.2003082664161759,0.05028390374779988,0.03360590387475698,0.30634468084239314,0.05455347876201156,9,False
55,0.03874364795470455,0.04286673942840046,0.09437912880602956,0.13481352738794425,0.059711974893741034,0.18544366856530684,0.0681138809788389,0.03349918070148957,0.3007658370806878,0.04166241420285707,9,False
56,0.04846166587044193,0.046713353821074007,0.09606200282008882,0.14372793497375225,0.05211324940904209,0.18900526708866858,0.051828826152735194,0.023586107272694175,0.3061376247770196,0.0423639678144834,9,False
57,0.03725888085946304,0.04022401585687042,0.09313041602517853,0.1631732233115093,0.05402047000083022,0.1899262946835395,0.06411037781867851,0.004200051223264169,0.3239268999810327,0.0300293702396336,9,False
58,0.031245833872096816,0.04098644419142779,0.0941368879785933,0.14602518660958091,0.0411315591417167,0.20854810106558513,0.06814029046172011,0.02574524401681621,0.30603150965752307,0.03800894300493994,9,False
59,0.028926837492178118,0.04921936907068951,0.0949516153000783,0.14886897323304957,0.05039365214678923,0.1947365127340688,0.051710143625776174,0.03282317023191757,0.3108806266243465,0.037489099541106304,9,False
60,0.052167383695687915,0.007045886927769184,0.09181953769739654,0.14580425270399075,0.0462225746716244,0.22181052427456213,0.08675294214399182,0.016110672238545367,0.3142454801056009,0.018020745540831027,11,False
61,0.03956805129968172,0.0503063037989769,0.09561496289422379,0.12708227963139665,0.0655280632476109,0.2005739640439801,0.04596061966389283,0.031150635905466982,0.31887089099549204,0.02534422851927809,9,False
62,0.03022527165491733,0.04521487507792789,0.10909637581952132,0.13351049875840376,0.04267759485238493,0.20770091236669352,0.06952217944650538,0.020070606421247934,0.316452111313482,0.025529574288915734,9,False
63,0.04422844492835947,0.018540216984149475,0.1077918300317603,0.14895464167010009,0.04223325354297815,0.2038796581095565,0.06856029995767333,0.02756247828735317,0.31594391267228056,0.022305263815788935,9,False
64,0.04476955237155902,0.031369332707494466,0.10319559773797866,0.14995073904788603,0.051478498229152674,0.20881217381155498,0.06609826896816567,0.026574408904779447,0.2965509324271648,0.021200495794264324,9,False
65,0.034865183004694995,0.04052565009474682,0.1043003759141582,0.14040127431612875,0.050435081483455615,0.19535508205244356,0.08026548495062848,0.025321692620159177,0.29437220470350856,0.03415797086007589,9,False
66,0.029449335927578247,0.040406892781923213,0.0960667944965875,0.13382769470034223,0.05143089204390455,0.21186527554010634,0.05387062958598815,0.04323659259880192,0.30672672891656394,0.033119163408203936,9,False
67,0.042965245045261925,0.03823787328350732,0.10988362020897141,0.14293115638563028,0.04752541551938895,0.1901267633892616,0.05670503457080641,0.018450325913642585,0.322467295791007,0.030707269892522496,9,False
68,0.03911981676765195,0.05622924144193366,0.10964166978140757,0.14406909236128265,0.05462162317383988,0.19584510388995766,0.06487018445974346,0.0,0.3163752214873465,0.019228046636836634,9,False
69,0.04217033795218516,0.036444123297480265,0.10469403001260538,0.13494851960576912,0.043830109939806676,0.19492706216414607,0.0460420806464168,0.047469470814416125,0.3082880175132004,0.041186248053973994,9,False
70,0.031530605954047976,0.028707407942750146,0.08375135609094067,0.15595317510092752,0.06011899038206922,0.19300529318615162,0.0750052538557134,0.017075023359931937,0.3363562545215224,0.018496639605945258,9,False
71,0.03989472977690023,0.024769060068150887,0.11603845389328567,0.13734570620638362,0.03190573053677105,0.22294415188929004,0.07273159207969897,0.02067786302907948,0.3210156697403654,0.012677042780074685,9,False
72,0.0356620714430468,0.04481432950944044,0.07666761396510063,0.1357583900676041,0.06178514275816462,0.1988728493808186,0.06711745816037826,0.045597958388924824,0.3144751865606908,0.0192489997658309,9,False
73,0.058068299117053586,0.04758007955621373,0.0822253431462867,0.14719411267443192,0.030213703671986752,0.20143921362779327,0.05825776520160316,0.022615725095860316,0.32795609024199845,0.024449667666772083,9,False
74,0.029742719510602044,0.042353095811144915,0.09725124402930951,0.1347242928179514,0.05354278201830699,0.20660348861924313,0.05577445676163664,0.026849796949640858,0.31980632396687286,0.03335179951529154,9,False
75,0.050371044779901515,0.041032186089955416,0.09075187162549474,0.12285747461802977,0.05032203889248298,0.209479288516137,0.0645456532156473,0.026893592693799498,0.310176683769186,0.033570165799365746,9,False
76,0.03895000917099517,0.05103782969787147,0.09493523954360221,0.12980013606899765,0.05765052048737189,0.21026233429368607,0.050853512004947136,0.027418433705699574,0.30127989041279546,0.03781209461403333,9,False
77,0.03646666701319862,0.04719019827591449,0.09394437618497614,0.1355375330212744,0.04715840592965358,0.19878553338619526,0.042581109308663025,0.028640292247394103,0.33332865162158526,0.036367233011145216,9,False
78,0.05444435844936888,0.0368391446425671,0.09258387085785796,0.1447458588285481,0.04730853456463665,0.19742932568368698,0.07130125859868233,0.018941146923646787,0.31896236033957814,0.017444141111427027,9,False
79,0.05073942392007012,0.032392026038362914,0.09814236856756767,0.1529977635056388,0.05676045050417083,0.18925715599882542,0.05843239909206784,0.03652925200226207,0.28825856601237254,0.036490594358661976,9,False
80,0.03419824675269653,0.03863782125128038,0.08598025062315895,0.13320749726365494,0.04867067263192073,0.20954297615153722,0.07535380030366569,0.03379366556332016,0.31569234611619784,0.024922723342567635,9,False
81,0.03699752481391011,0.04753547771386121,0.08642339736474951,0.14715364891543878,0.03372517978400808,0.20004313705374605,0.05290498919830378,0.042998965421700945,0.32509077445067874,0.027126905283602676,9,False
82,0.051914393760435724,0.023202666145833432,0.08681018678338841,0.14986055762713676,0.0625476151119028,0.198022856583246,0.0525207342506009,0.02802568106777103,0.3187460390927926,0.028349269576892364,9,False
83,0.04453706744460128,0.03901074545244803,0.10125589565276029,0.14383344314510885,0.06656581891715403,0.21506717611166618,0.050120323924141244,0.02012752869281039,0.291049004399829,0.028432996259480717,9,False
84,0.03877482809640518,0.042382813185667494,0.07913410088508954,0.12394567615705447,0.06934137707585278,0.19584210102170477,0.04714052589732553,0.033820932162005206,0.31898452672198435,0.050633118796910605,54,False
85,0.04179051671932427,0.044188996035266076,0.08980287313178692,0.12756147772765694,0.04646208569546302,0.20540283466752224,0.06810606645932907,0.028003556408330663,0.3185869106933496,0.03009468246197138,9,False
86,0.048318730811101336,0.04818775578707558,0.08946712383846794,0.1373213881027511,0.05352500269626531,0.18997845709477684,0.0660465325420927,0.02092987808013259,0.3027535836034101,0.04347154744392646,9,False
87,0.046181362365538374,0.03527628026680357,0.09812308420834143,0.1253432016355917,0.06744171169356233,0.1683418369052177,0.08098775405599128,0.03575850753272965,0.29606618987236105,0.04648007146386294,55,False
88,0.03186418483693043,0.03988775360466144,0.09768593964866931,0.1393727482872539,0.05691707413079934,0.18926160562725125,0.08150261341939105,0.033914581556861466,0.2851411760870472,0.04445232280113457,55,False
89,0.0540736346290019,0.03708366596765377,0.08272297292624665,0.1254714246933817,0.05834024234899717,0.21296506081361283,0.03680810603920919,0.047663960478592886,0.3055654506363597,0.039305481466944125,9,False
90,0.04565514618795443,0.03557006963158273,0.09063382184528157,0.13288715661771192,0.059969413502976826,0.1906824253348304,0.0609933996679249,0.032368509899468455,0.3021078341288791,0.04913222318338977,55,False
91,0.032515731794229424,0.029691174739954782,0.08152816555856428,0.16418555810202326,0.04306678025570198,0.2121109713538049,0.06538248762360242,0.0009106004908695852,0.3437987022844269,0.026809827796822505,9,False
92,0.02938331852355062,0.050365626677084926,0.0782812942082402,0.14021996309507503,0.05576914424162154,0.20286751371928047,0.05547881033912312,0.04229063724644312,0.3157263975141538,0.029617294435427207,46,False
93,0.0349213710400232,0.02943458287297369,0.09328043137547341,0.13029308875523826,0.07073815700689981,0.2085717954350694,0.055167207302459775,0.031488316737077963,0.2896915474805498,0.05641350199423465,54,False
94,0.04977403064741082,0.040140953000126434,0.0915029725570139,0.11365652061947468,0.049761830626168006,0.21823729991120516,0.061035749384177045,0.03176598074283022,0.30757659001155385,0.036548072500039795,9,False
95,0.039359558774416596,0.0382727938047597,0.10329964931530777,0.12773088274732006,0.06284611452188127,0.1843562065745818,0.07658227235444118,0.025096324015231417,0.2907431606726782,0.05171303721938197,55,False
96,0.029639358696432503,0.04688002765271888,0.07705796388827296,0.13580114337831006,0.0685922545109726,0.2202282335437397,0.05132486673157448,0.030477043691864145,0.2890273630831622,0.05097174482295251,54,False
97,0.03236339124438485,0.03802341146281351,0.09924297061454422,0.12436384777602187,0.04901311441903516,0.19343331845926548,0.07280900820930411,0.03562137634040025,0.3250449490895184,0.0300846123847121,55,False
98,0.030597042516288094,0.047043860398488846,0.07837208896368547,0.13468088538068212,0.07219762577446567,0.20993728609686488,0.050670278296181474,0.03243432670549277,0.2988834883133534,0.0451831175544972,54,False
99,0.030691582179065036,0.04421636456661209,0.10445523892676209,0.14261482062758124,0.052801203086786215,0.19826996243318834,0.05649640466497681,0.0380870082097761,0.29204173073205647,0.0403256845731955,55,False
100,0.002279945836498251,0.043046132852054955,0.10937049411534024,0.12071972864282857,0.0676889283822715,0.19985023515070555,0.04989797970826829,0.04763359889048963,0.3398880419930985,0.019624914428444426,46,False
101,0.043263312340912005,0.04794322861663549,0.08360684268046792,0.1367651755082036,0.06199862351196107,0.21050952053234998,0.06651498907430768,0.023283917917123434,0.31474202533482165,0.011372364483217132,9,False
102,0.04219268691588946,0.04181861318624986,0.09861243799902532,0.12552179301060284,0.04512103243851461,0.18126821258520923,0.0627847120845506,0.05065145952597447,0.29347215197937887,0.05855690027460467,55,False
103,0.033608516457437496,0.05545567832920482,0.09200944297760157,0.15178816554291377,0.05893419832316452,0.18020379098391737,0.0700750035375571,0.026213443261021256,0.28659971886932195,0.045112041717860214,55,False
104,0.02628838602756918,0.03727045778461123,0.08732622747459808,0.12209674619673044,0.05580436814384321,0.19632232999196678,0.062330767400690025,0.033116673491471585,0.3154337313601512,0.06401031212836833,54,False
105,0.048207073504173026,0.03138021870963618,0.08641299772726406,0.1501837453937378,0.053097386612814934,0.21712584249590908,0.05173707229039436,0.017854714777960096,0.2998914562895362,0.044109492198574296,9,False
106,0.050545030379374974,0.046182915431208525,0.09100152102867061,0.13092357331869364,0.03453067163211494,0.1805710991043987,0.08623890465669062,0.030526814381168943,0.3092146853081505,0.04026478475952858,55,False
107,0.046180076456811714,0.026602336304214894,0.10720261716376589,0.11472519988632426,0.07071914062893951,0.20549199141008864,0.044043886400402806,0.024429890272559162,0.31508641752933775,0.045518443947555394,54,False
108,0.043892887722330555,0.023030710723985603,0.08828006787513035,0.13498157738607136,0.04512576116760262,0.2028628733483774,0.07706235010633827,0.02979999842338956,0.29014227669425946,0.06482149655251469,55,False
109,0.0319094270057868,0.05056867586367627,0.09449941461631933,0.12877671775666258,0.03613102049221234,0.17040576834526044,0.08216803295333015,0.04903963874506593,0.3145213967742148,0.04197990744747139,55,False
110,0.048599984366414405,0.03360833270337552,0.07600859788774088,0.12788561756140845,0.06929790508756706,0.19944818194574596,0.0554916882548971,0.022034005611159733,0.30889712636925076,0.05872856021244003,54,False
111,0.04425609394970043,0.05760739719511939,0.07615775492673964,0.13348170258184172,0.05751248226116651,0.17768390037522094,0.0859515995440692,0.027022607769165395,0.30977029314819127,0.03055616824878537,55,False
112,0.035536260201382765,0.030683135294425474,0.08868865103100272,0.134591414093586,0.0738731199751766,0.18702827425412177,0.06186264495086058,0.023240761145314915,0.3093353220639207,0.05516041699020861,54,False
113,0.03370240502523052,0.04281607606531946,0.08406847578299723,0.11405889408574518,0.06423748559491942,0.20551813623307352,0.049104829946656374,0.025350010485034876,0.3233213055906633,0.05782238119036008,54,False
114,0.020965858393842397,0.0328748390629349,0.0884869227510845,0.11480234051309314,0.07368798980803905,0.21822462007835944,0.05094748239759374,0.047717437584711184,0.33441154246488686,0.017880966945454824,46,False
115,0.035829461464818184,0.04458309824811219,0.08659392899129902,0.11085040550009535,0.0659848216049707,0.20030658375652322,0.07475488002400245,0.038356318920359886,0.31118103447600187,0.03155946701381722,55,False
116,0.04851141324059396,0.025890811535520333,0.08490199544677361,0.1383573794917834,0.0590736755533553,0.19896419691486011,0.05632236731139677,0.03073462995668739,0.3000274203144811,0.057216110234548055,54,False
117,0.011653427252202518,0.05264272841836754,0.07792683176864355,0.12197523994675151,0.0701409438374186,0.193716150232048,0.06994993250794933,0.049443416547434955,0.3064353409065935,0.046115988582590514,55,False
118,0.042822559405504536,0.02500731998499548,0.09843396726048316,0.1253198489100533,0.06050625066844411,0.21454092656918272,0.030749931264379984,0.040531485730222784,0.3071216363139587,0.054966073892775275,54,False
119,0.05009847159459973,0.020066484082598195,0.08620267438619936,0.13943479934267503,0.07062257797510714,0.18264975212092177,0.0632003125595811,0.03901669792970712,0.287796650753169,0.06091157925544155,54,False
120,0.035200164897270445,0.05254969361242095,0.0909595903149158,0.13074331692412738,0.06397339289837303,0.19077938682357376,0.05494267970002729,0.05048617249744616,0.2927349670803126,0.037630635251532735,55,False
121,0.036438164297524424,0.03911388662044352,0.10499703293784628,0.1212119447718967,0.06202987752854563,0.21543890316766495,0.05544683606958545,0.04661119309882625,0.29553804632478253,0.023174115182884213,46,False
122,0.050169555793278406,0.05083639246658995,0.10954237813968208,0.11364874975878646,0.06370110208709348,0.19074332998528243,0.065098840351245,0.040260569521659566,0.2941703489656578,0.0218287329307249,46,False
123,0.04361291300198612,0.051097016585486085,0.10093043366531045,0.1335612748198126,0.05829528662496448,0.19290533490594033,0.07321037077259474,0.0275396048619815,0.2858780055828035,0.0329697591791201,55,False
124,0.033752960090693195,0.047688251172561855,0.10309599764752247,0.14256215787956278,0.05573502735157867,0.18057380711913235,0.0935381295626306,0.045877121563601214,0.2691759690309118,0.02800057858180521,55,False
125,0.03334198081503365,0.03170032217960461,0.10004853770608764,0.14125338729252962,0.07107743831428769,0.1853212078229565,0.036211858828454145,0.03642424770405016,0.3201224630205244,0.04449855631647158,54,False
126,0.022067724071794765,0.04539787847099694,0.10675283993023969,0.13492162995455134,0.041424221775456405,0.18966798796616824,0.07424087107543419,0.03021148830816216,0.30670059935857874,0.04861475908861751,55,False
127,0.058965235687762324,0.016124166646413342,0.0993622132214122,0.1296853113181403,0.06047455729141591,0.18828166084891343,0.043322415366207956,0.046299698158161366,0.31426600149787237,0.043218739963700674,54,False
128,0.04078821275464401,0.027870281657819924,0.09080848928575784,0.13113862430870815,0.049002459212326765,0.19897620659048657,0.05008680241636498,0.01692087477775191,0.3428411225080704,0.05156692648806943,54,False
129,0.03207550142552087,0.04692089629830056,0.12037335937392976,0.13175542419415018,0.03686545535793556,0.18846748459007903,0.058663045985406684,0.03712391464382513,0.32433413286269175,0.023420785268160466,46,False
130,0.033271860750014565,0.01152116522981285,0.1091352363557381,0.12273170333242267,0.06970752043032306,0.19746582934734763,0.0611338181437781,0.014402481895252898,0.3198497097738958,0.06078067474141428,54,False
131,0.02966739785445291,0.04416220513330829,0.08280506704230825,0.12908619076965352,0.06417439075451992,0.1979896689260378,0.049751130597465304,0.020325450558592244,0.31732404515926244,0.06471445320439928,54,False
132,0.04919770900089656,0.050741921845103614,0.08658933460353149,0.12451593941369757,0.04916314293326552,0.18297641883029978,0.0696459071239629,0.04504804856810485,0.2984959909522454,0.043625586728892184,55,False
133,0.06086938323621269,0.03133363816518417,0.0733240010985626,0.11490564951068316,0.06466757838189459,0.19585230011327992,0.056958071105848086,0.03766209041019832,0.3094743632348217,0.05495292474331466,54,False
134,0.05319678044393076,0.020015352363074813,0.08881830589975082,0.12451453818129922,0.07000299328566993,0.19935049739249547,0.05704110312456296,0.03344665916669872,0.2965373443405305,0.05707642580198666,54,False
135,0.03713515663942095,0.04230348220568749,0.09514708643256904,0.11309277788098768,0.061638627676285536,0.1957921166073265,0.0613936717539934,0.031721817923295696,0.3063721360407213,0.055403126839712546,54,False
136,0.03754059110302433,0.04421546121874017,0.10446776204297457,0.1471882308179445,0.06579735053973007,0.1562984078807438,0.0727531230579025,0.036211129932455594,0.29232868279132285,0.04319926061516157,55,False
137,0.03540047754425557,0.04424458717772763,0.0906116386061383,0.13100244207373188,0.05704515585994306,0.20253003873858413,0.06651679726081292,0.04434142154084902,0.29273433385534514,0.03557310734261228,55,False
138,0.038070470274584,0.030465523199184982,0.09331497381633072,0.12809708931691902,0.06205419872449126,0.1865381791143989,0.0537384606943885,0.057803443321984664,0.2959150332696285,0.054002628268089437,102,False
139,0.03380479518348114,0.055330007782937146,0.09876216320845804,0.13738769778060675,0.04631231630207361,0.16519094131801682,0.07599096972508175,0.03685589210901743,0.3069632904877585,0.04340192610256869,55,False
140,0.04189276945047585,0.031087464995074216,0.08758501464662324,0.12337062820067286,0.06437389553804582,0.2090860339221095,0.0554598736328199,0.03924006783391606,0.29789179404221977,0.05001245773804297,54,False
141,0.029425034389497274,0.04576585162321577,0.10804410335728129,0.13942056627200322,0.0524999440895304,0.1934382355225952,0.06432399030167432,0.021654892535648798,0.3002507480614372,0.045176633847116635,55,False
142,0.052128024539064476,0.023255545237257574,0.10193743119570396,0.1308945394898744,0.0728580785522294,0.19925890440475005,0.048663341513998475,0.02156674230608776,0.31000608606460783,0.03943130669642614,54,False
143,0.05235774547225931,0.03988749640140109,0.09606739039672096,0.12827763459356728,0.05170317419306514,0.19252947860354014,0.059566052014572254,0.031851587472873345,0.2888054142382959,0.05895402661370456,54,False
144,0.05648123710995778,0.04694404453716192,0.08570371626929438,0.12047704531781303,0.07012514292007592,0.19112676691339897,0.05481089773437124,0.021825793210041255,0.2983331680927366,0.05417218789514899,54,False
145,0.061064580571793675,0.04085871539278277,0.0953212095179265,0.10892532510675039,0.06356492826741514,0.19592409353899823,0.07422719698278697,0.010868149343160629,0.2994600886978324,0.04978571258055332,55,False
146,0.04135160172342817,0.015292270289213884,0.10745819372475421,0.12512318880541617,0.051172245222615,0.20097670887458743,0.05167613537065315,0.02276683651700689,0.3249856622605524,0.05919715721177264,54,False
147,0.03799657925959243,0.05196133246371933,0.08606524796473673,0.14258482581287077,0.044207691439449734,0.17204954535380768,0.0753460934182392,0.03967162303678662,0.3106644540949906,0.0394526071558069,55,False
148,0.05658914197958394,0.032736146882203096,0.07557554539595429,0.1162787971044731,0.06534369315136798,0.20806907168891545,0.05303427987141804,0.041265549544009274,0.31619974415709773,0.034908030224977044,54,False
149,0.023644132038843718,0.029954949035704462,0.08132864041037793,0.14201178717982427,0.06384785616352419,0.19136071988554215,0.07041437174109173,0.03323112350463815,0.30966620068405515,0.05454021935639811,54,False
150,0.04505749908580922,0.052321496647113566,0.09231249676203256,0.13781006343062915,0.04726314363857389,0.16735583749088126,0.06677055603736082,0.04094918830648018,0.30260060178960585,0.0475591168115135,55,False
151,0.05720618888811472,0.03215916251660815,0.10614673760019694,0.1374916847840445,0.0704308464840052,0.19132747195880895,0.028627300390375296,0.016767260560344503,0.309181347200829,0.05066199961667267,54,False
152,0.041020665260559454,0.0693483565038768,0.07689750034317222,0.1364882776663816,0.07013482607854744,0.17583885015754164,0.05027014724509391,0.04332208268550594,0.2947931781999634,0.041886115859357656,55,False
153,0.03855878387945908,0.02961122334320102,0.08780144904307705,0.1295949967680164,0.0698403332645484,0.19343774591238716,0.06244128760418825,0.04086397266620218,0.3009543058568499,0.046895901662070555,54,False
154,0.026451095149854508,0.04190168133349032,0.10529604482329727,0.13077663951241775,0.059439356476192556,0.18780252338879413,0.07027338920831834,0.0307474156107173,0.3053522800913436,0.04195957440557427,55,False
155,0.02575812746770839,0.051117416084193214,0.10249790044078098,0.11316715181331385,0.03623041141741083,0.1942662329935427,0.06609248025717891,0.04677754930936555,0.2934211156768146,0.07067161453969088,102,False
156,0.04704393018132763,0.03395413726322996,0.0862849222718685,0.11920303613114339,0.06845578296429729,0.19210927064363933,0.04820212826339075,0.049809425875177296,0.31917365149381527,0.03576371491211056,54,False
157,0.04535429871642627,0.045898481874110705,0.09247038190182501,0.11143892091187942,0.04479070374957889,0.17433295729320625,0.059527590723596174,0.05878712672342932,0.3098331809177385,0.057566357188209454,102,False
158,0.0402268439544376,0.024701578418117445,0.10028259013983724,0.13072522736275446,0.058731919713073455,0.17759350157903414,0.06675088386053163,0.040009627703452164,0.29489265825980565,0.06608516900895613,102,False
159,0.037437871708826446,0.05197704926515925,0.08764082537777028,0.10925325669538333,0.05665709935426426,0.17470178962128582,0.07002902063745163,0.06734321516665337,0.2867388662467715,0.05822100592643413,102,False
160,0.04075330216778342,0.04017778713688993,0.11165381458377659,0.13532211520191978,0.05570797238909158,0.17165934315270176,0.059165253573223886,0.06160605470141379,0.2806786362171907,0.043275720876008526,102,False
161,0.05722774492437007,0.025614662885376532,0.09067205464972955,0.13166612910422815,0.04393681177318354,0.20793001239184422,0.03923648972462795,0.05306887231544734,0.3140395577433522,0.036607664487840565,89,False
162,0.03365184081649214,0.053746049447431034,0.0822578043766403,0.12592959877885443,0.02763195409365855,0.1839179690456287,0.08126284177759119,0.05332925455141122,0.290484807654867,0.06778787945742536,102,False
163,0.04724686323635758,0.04186669022842194,0.09917220050928849,0.12491301852096677,0.03654752183899133,0.188515297083345,0.0462664460875272,0.04046905407322327,0.29111402585140156,0.08388888257047686,102,False
164,0.03958741221439169,0.020970017902738836,0.10388129654759094,0.14320793465845302,0.04981658701750341,0.18645312770489605,0.058994958746193905,0.015396917399556669,0.31575108531332485,0.06594066249535055,102,False
165,0.04607445451260085,0.05591394248223728,0.0917046792630969,0.137079744559228,0.03831362908586373,0.17339428964683198,0.06066744285405096,0.037609314892613835,0.30405873397697136,0.05518376872650497,102,False
166,0.028036308387414367,0.041599563495987466,0.11106328068900138,0.12412165336003006,0.04670478191745342,0.17264239924608038,0.05590958814528471,0.049796521795962924,0.3086115322029707,0.06151437075981441,102,False
167,0.044178914743079875,0.03616688271584434,0.10227318572412138,0.15071740004749765,0.03430403952291956,0.1820380764993864,0.03977079529707842,0.03635331738756019,0.31037594044902866,0.06382144761348353,102,False
168,0.03939653932411776,0.04483495179128968,0.10656225073618442,0.13528351910125164,0.045179006191499116,0.18383232822181153,0.05040599334598903,0.05726591076978855,0.27979883307735515,0.05744066744071311,102,False
169,0.04715412763351183,0.04390373722224385,0.10250563590270594,0.11916541407110105,0.04750693036505641,0.1802238860254056,0.06496924785730818,0.046798915186317354,0.2892936763697147,0.05847842936663496,102,False
170,0.03585616041173678,0.03610785399324653,0.11327190544897003,0.12881190719941354,0.04208945137231894,0.17239150459542033,0.07716625124830707,0.05617172841650991,0.2763212544898854,0.06181198282419132,102,False
171,0.049964781495299974,0.04045774195156395,0.096533641060509,0.12197319321849683,0.0413540052695527,0.1870090775776831,0.06766694033596063,0.051770745261983296,0.2678300419641732,0.07543983186477729,102,False
172,0.03701852948743792,0.0389008829518803,0.10150518257341143,0.12777456716716099,0.052049773617470305,0.17719830081541624,0.07689783097524715,0.05436331762328433,0.27397786786222234,0.06031374692646886,102,False
173,0.04277755666469521,0.023374903281616306,0.10330532844509933,0.13496189625680288,0.05939664961876898,0.195497423952713,0.055894282294474004,0.030370004253682026,0.30245448860108926,0.05196746663105906,102,False
174,0.03408030021253901,0.04852250717472892,0.1189031784914094,0.13064041434524604,0.028621016810339985,0.17164310276674882,0.046734266858177456,0.05557086701761723,0.3029207972459185,0.062363549077274746,102,False
175,0.039334733085754026,0.05194273530538423,0.09005501081592192,0.1224317261746458,0.051300736472849245,0.1927192536124759,0.06744060157365493,0.038631278983641715,0.28720750258030187,0.05893642139537035,102,False
176,0.03848813882173456,0.03949054837037825,0.09412753615926973,0.1259238953194283,0.0530336222481781,0.1763784915086946,0.054238022122751826,0.062335788949480574,0.29085167922503535,0.06513227727504878,102,False
177,0.0414789335230972,0.04282341026985442,0.09327021505523711,0.1454129355803876,0.04722763745805711,0.1906922445445905,0.06553536952713761,0.04161703911036706,0.2933289629232115,0.038613252008059894,102,False
178,0.034106956627972265,0.043828493028416356,0.0866218463859582,0.12051692844165342,0.06458964052100835,0.19481947928364857,0.06631460816090028,0.04957194992134991,0.29821643970694245,0.04141365792215007,102,False
179,0.03761267330031952,0.034990011404971676,0.08420665420952037,0.13320701443098368,0.049699014902865664,0.18265830675732353,0.06322519023854989,0.05925373749774712,0.2993372160014139,0.05581018125630466,102,False
180,0.04774392292835654,0.0470124674010909,0.0893503811297126,0.12621484414229914,0.034103957849431495,0.15840208367945852,0.07769776972025297,0.05511798353100103,0.29721289184781674,0.06714369777058002,102,False
181,0.06174100206251493,0.0412086201564883,0.0876224030853544,0.12780693734736365,0.029696772002097086,0.17701556931436416,0.05917021420303091,0.054678345640398626,0.29270438155475476,0.06835575463363341,102,False
182,0.039334715216369054,0.04043979827973883,0.0916723728111145,0.124970309439814,0.06256154036550855,0.16702016064061406,0.05277737781353081,0.06133451953635519,0.29359207028256523,0.06629713561438969,102,False
183,0.04318495907527772,0.049789105482778574,0.1043199241797579,0.1335712117497117,0.05329600431654692,0.18335571132927925,0.0668658120363695,0.03789212265155527,0.28276903748102655,0.04495611169769653,102,False
184,0.030130564774226373,0.022983969925756482,0.08662071637849411,0.12890768379833883,0.04390263341010191,0.20085604070963303,0.06756910460891331,0.04203167596410548,0.31236055808523105,0.06463705234519942,102,False
185,0.031201892423087522,0.044371650950893904,0.09792150116084855,0.1316764235393262,0.040578828166013436,0.178963764030688,0.0420251485504627,0.07425580078845954,0.30009586629206697,0.058909124098153264,102,False
186,0.05386180172275828,0.05601951145124459,0.08556482529392667,0.11426698200559406,0.032918354881731594,0.19149662803436027,0.04744019129882526,0.056385501230045494,0.3024162343591066,0.05962996972240725,102,False
187,0.038747859517900926,0.04167622679047119,0.10286867208749281,0.1349460876046895,0.04991646008008261,0.1726482532665823,0.04422463211252999,0.059788236784145486,0.29487405860237176,0.06030951315373345,102,False
