ID,strat_res0,strat_res1,strat_res2,strat_res3,strat_res4,strat_res5,strat_res6,strat_res7,strat_res8,strat_res9,ancestor,alive_at_end,DIST_TO_GEN,DIFF_MAX_MIN,DIST_TO_GAMMA,SKEWNESS
0,0.1261502831097511,0.12982631291586327,0.13897781872060558,0.08559655474326924,0.05834007632037015,0.04670835735652234,0.11528383510258906,0.05226637008382025,0.0222084025285414,0.013019632877974785,0,False,0.13980863499403356,0.1259581858426308,0.27987126431753173,-0.031009481412373842
1,0.16908422831177647,0.08496403114826007,0.0908654959078137,0.0,0.08714683605567793,0.0,0.08944005589557295,0.21077910773774491,0.0,0.07952031947154112,0,False,0.21130374173421596,0.21077910773774491,0.31120372688849485,0.5003008259344801
2,0.09570324986864483,0.14420425603955006,0.06976637579667525,0.07161828395398699,0.01907334630967225,0.021876275188532825,0.16172412793847057,0.07966573788692222,0.06107878816811014,0.061999782520759515,0,False,0.13781501377508457,0.14265078162879832,0.34125826359861433,0.6501434904463818
3,0.06411927976340644,0.08705240762955545,0.07930019731228229,0.1582018029047036,0.0856263221080635,0.05420392855109782,0.060341658042705006,0.04937415517740928,0.07426496980004091,0.06643075780144246,0,False,0.09281246756899551,0.10882764772729431,0.3302978375876745,2.2201630822672507
4,0.14300978148811277,0.08554692772430411,0.08411656493819718,0.07324027734829289,0.11294968805577389,0.05515255464897388,0.12478172929917508,0.0,0.0,0.11809133415716455,0,False,0.14857083617431663,0.14300978148811277,0.3571046511940065,-0.6745363529629586
5,0.22393154900214782,0.05516159005112498,0.08597017889995398,0.128138482696584,0.03246056516383917,0.03843711200798375,0.2624356212122896,0.0,0.0,0.0,0,False,0.28347705430588915,0.2624356212122896,0.43391506582442213,1.124669371737401
6,0.1456938913641961,0.1084911853442492,0.14754468680069885,0.2026951165265703,0.0004391476365954563,0.07591307328525715,0.014607101823257689,0.04115437407354409,0.0,0.07172637099000684,0,False,0.20845356300067774,0.2026951165265703,0.3344575141154109,0.4156198560177751
7,0.13669009385787131,0.09842199922168537,0.10619032601986733,0.1406835991669183,0.03488655516326311,0.02616762273152838,0.06437037119031291,0.08932367934466011,0.09496716255745447,0.0,0,False,0.14083135285675652,0.1406835991669183,0.31452173329000166,-0.3771769264516293
8,0.0,0.2166940455349569,0.061552504604409086,0.03653807324094444,0.08184512094291409,0.12481313668996136,0.12148470278592834,0.048709890990736006,0.0436694616253854,0.061149573891424176,0,False,0.18371017265784031,0.2166940455349569,0.36129674912489895,1.252146558320182
9,0.1415523572821952,0.0,0.08943630538306685,0.09959267874413576,0.13936072856818393,0.17989029794082032,0.08638942176912513,0.004237814733249098,0.0,0.06687184847924763,0,False,0.19136465670899475,0.17989029794082032,0.36206193748157817,-0.05038250232825193
10,0.20665729420678314,0.1680416421615187,0.04333309088903766,0.14398296237928143,0.0,0.06159530240936469,0.08170217477349943,0.07069382393450113,0.03158633794546631,0.0,0,False,0.21191771415086577,0.20665729420678314,0.4058485089186163,0.6645792965792935
11,0.0896362915024213,0.08483568809721023,0.025508318532786903,0.032565399490908406,0.1991276614181693,0.0,0.07151210234565054,0.21652807193603002,0.03706187803278121,0.04691691885746331,1,False,0.21831719811153194,0.21652807193603002,0.362852615364858,1.1879132088293813
12,0.1798149766054022,0.40620257488475925,0.0,0.14720943404648737,0.0,0.0,0.0,0.0,0.10079691914099193,0.0256045049696467,0,False,0.3957938833580952,0.40620257488475925,0.5747565042977041,1.857963470000723
13,0.19207817893123671,0.0,0.16525744384402036,0.0,0.0,0.06620496392758259,0.09730704133149284,0.20077124798700877,0.0,0.10379214642843228,1,False,0.24752571629147158,0.20077124798700877,0.27398885542023715,0.32150702140487036
14,0.0,0.1322312909400633,0.09945688075665265,0.1555770028795817,0.07326607288441613,0.021643538123637836,0.10997505065133557,0.2066550753091526,0.012558623741652475,0.0,0,False,0.21606124513915087,0.2066550753091526,0.3028629228712683,0.35542224731545613
15,0.13693545291060183,0.024691249678341933,0.016626229990936846,0.15148307084043,0.07777864070158029,0.14356339983470187,0.05499929752356563,0.0,0.17092880528368323,0.02566134229532567,0,False,0.19441642570926013,0.17092880528368323,0.4366064927832052,0.21320918251543874
16,0.15128004008866436,0.12435823771799796,0.18520033068805203,0.08909682958589167,0.005158334395503557,0.0,0.178680151931281,0.0,0.08643086612956996,0.0,0,False,0.23010649224158924,0.18520033068805203,0.3262854934520108,0.09310421786030527
17,0.308555329448609,0.05662801176861824,0.06948725461076863,0.0,0.0,0.03625730155571069,0.027891950691800102,0.0,0.1382426501351363,0.19332252515376394,1,False,0.3052536900092697,0.308555329448609,0.4804021063670698,1.4536694043182146
18,0.19232553221897625,0.164883924969133,0.016475777792712525,0.0,0.09548844392147554,0.0,0.0,0.1308607455245229,0.06747076257448828,0.15008024166482606,1,False,0.22607369317005577,0.19232553221897625,0.41918432277790496,0.1453166287098172
19,0.23330930365468777,0.14644372576683057,0.14793287396637314,0.05574320034451403,0.09524143954903445,0.026316582703450338,0.06008641045570984,0.044906785852979685,0.0,0.0,0,False,0.22534791240835186,0.23330930365468777,0.32987589490574887,0.9269193758866501
20,0.13972198253121532,0.12835851395333686,0.12376196298888971,0.10279303371286515,0.06363657268817396,0.0,0.09046542952756778,0.11567401224555143,0.03451589589067514,0.0,0,False,0.1578585872575678,0.13972198253121532,0.2869306418035375,-0.6182651417215792
21,0.2808949586371041,0.15587883722402765,0.15486263515073198,0.0025507127292839996,0.0,0.005236844771093445,0.04645630004283056,0.0,0.131005522824167,0.05173888925959986,0,False,0.2843373457512173,0.2808949586371041,0.40094423083567465,1.0560486354715668
22,0.06335854053343744,0.10738064931554595,0.1210265409880399,0.15941194735869765,0.09998839120220698,0.0,0.23538501127188127,0.0,0.0,0.03059536518136027,0,False,0.23527732807990107,0.23538501127188127,0.372254544286818,0.6959457631395328
23,0.10188150144291944,0.08038567852314728,0.02546497894950228,0.15489687936253246,0.10740739573825833,0.0,0.1253498927054663,0.05208522935722554,0.1173854501089206,0.028887473978719432,0,False,0.15196635032955394,0.15489687936253246,0.3978980976723181,-0.20296870223662875
24,0.07468574351642912,0.10196266023009154,0.18841431342760132,0.12974335511249088,0.09627307178407897,0.0,0.09564488549645167,0.01757189754357204,0.07077420295848129,0.02193117814349618,0,False,0.1704506143522804,0.18841431342760132,0.26897063379344466,0.372141790058015
25,0.045387259763568125,0.20079919686907205,0.013035657417046721,0.16760389670684867,0.0,0.04081122126374,0.31977637984373775,0.04986900369958023,0.0,0.0,0,False,0.3276333965614326,0.31977637984373775,0.49162362280519106,1.400148102198747
26,0.0,0.20094189086958764,0.13356564058479822,0.0,0.09476038169621451,0.0,0.06597833383216112,0.014731058472026208,0.09861705024972348,0.21185033802068232,0,False,0.24346109701678373,0.21185033802068232,0.3725866090290954,0.5344023529952623
27,0.021514039950636273,0.09951045211820704,0.3430834547547255,0.15910074983731526,0.0,0.1874163521923834,0.0,0.0,0.0,0.03462931696425506,0,False,0.344625944466418,0.3430834547547255,0.2649770519304781,1.4755271236613066
28,0.18298307762521254,0.1039138884145571,0.11454303158726588,0.0,0.10960064685386521,0.024621216003320526,0.10313040526911671,0.016610327350617595,0.15220562786412506,0.0,0,False,0.1974485594809708,0.18298307762521254,0.3551983100437114,0.012016661945207592
29,0.0,0.07903239788301959,0.19191026292205832,0.15642874216345973,0.059158166730705536,0.09790023588384944,0.15777048265486607,0.030336054418590847,0.00020165309055419467,0.03440934935349034,0,False,0.20636147997797827,0.19191026292205832,0.26808251937952093,0.42260416621708596
30,0.2744852899026595,0.2006155035370916,0.12442977136322839,0.0,0.01425188112031546,0.13772846282766987,0.024301815581400342,0.0,0.0,0.05526409179289985,0,False,0.2917916587011415,0.2744852899026595,0.4104592171272437,1.0006867260728303
31,0.0,0.08502990190169978,0.21982635721891575,0.07650355167703701,0.13341663413579022,0.13635779934719702,0.1446126574187559,0.0,0.0,0.021390933747357167,0,False,0.2293092682157891,0.21982635721891575,0.25338660409533204,0.41527526036378226
32,0.0,0.0,0.22200493529937648,0.18346219951322496,0.25423724324379954,0.0,0.19819899659264303,0.0,0.0,0.0,0,False,0.33758514160708425,0.25423724324379954,0.36461574409640657,0.5775301067909031
33,0.0199473396785615,0.2562408204528117,0.09924973982555403,0.10332940494118346,0.02542513447905759,0.0,0.0296133380213382,0.0,0.09949562199280032,0.18409723027703162,0,False,0.2554824804908651,0.2562408204528117,0.4195148486831515,1.0747074575281184
34,0.14041201454578203,0.15008724983513327,0.1249986952997471,0.08487020345682107,0.08720972299372519,0.024264685752856195,0.14777952640992573,0.0,0.04371449172640585,0.0,0,False,0.18045208043423286,0.15008724983513327,0.3369217644226364,-0.1983967243391017
35,0.053436493857370225,0.12671381094267423,0.053169315305821634,0.11263597497783633,0.16627376689664458,0.0,0.06229423295767045,0.08545604714930885,0.14025885119187678,0.0,0,False,0.17016994600839488,0.16627376689664458,0.3675410437392161,-0.05487530317633591
36,0.09378635816175176,0.0,0.0,0.19063906819775958,0.22450126602502474,0.0077667556388518145,0.05558722075235301,0.20845104041004678,0.0,0.047824073583830264,1,False,0.27581422789770077,0.22450126602502474,0.42873326310786036,0.6981205665097922
37,0.2923308346728212,0.295024250319054,0.014977745948060785,0.038569815109889716,0.12320521364037011,0.0,0.07261091612640296,0.008427983082056998,0.0,0.0,0,False,0.35186165752686926,0.295024250319054,0.5216584626785515,1.357616666220698
38,0.21463108378975282,0.13600889658785262,0.09110184941197234,0.06723843240099149,0.09984815658213149,0.03240839803786284,0.08648467488683564,0.05431935572699541,0.011785740771582813,0.003947744990582307,0,False,0.1881515363917602,0.2106833387991705,0.35163281277407366,0.9959787903777052
39,0.0,0.08365853561870937,0.05806716352774441,0.08652985015201489,0.04895770690621223,0.10233773185967189,0.23747174485657843,0.06612888677684194,0.0936800943608576,0.020828954930125203,0,False,0.19269660553116424,0.23747174485657843,0.368787906928921,1.6716939495404155
40,0.17916075285734528,0.029326965131264187,0.08952362809202798,0.00914155806639264,0.0,0.0514595829656705,0.08680712582076285,0.16161072204359722,0.20757351817778735,0.0,0,False,0.2329159509290723,0.20757351817778735,0.3589935285977965,0.5443340563050614
41,0.09806920683610185,0.13786967650095522,0.13794689861385545,0.1330996854753585,0.12107344358914003,0.0,0.0,0.008390589791376447,0.09841830904414613,0.06890728494256547,0,False,0.173250397965091,0.13794689861385545,0.33355353053151165,-0.5844381803095215
42,0.12849719323690698,0.07423718714224312,0.08911911956106267,0.1544023283495053,0.0,0.10839195354565082,0.0,0.06488494234175067,0.0873241227728343,0.08977591192814961,0,False,0.14844775349452202,0.1544023283495053,0.3463997363603744,-0.5228194257366171
43,0.0,0.2424472341940713,0.05978284693547452,0.014352527448467472,0.009896136907652415,0.12825515232412485,0.12168984773763152,0.0,0.13826507078251166,0.10145328601194195,0,False,0.23852246852016273,0.2424472341940713,0.4198818718773422,0.7620523987766417
44,0.12096944149620466,0.0,0.1818267734045451,0.09347179974411847,0.2339442629727096,0.0,0.04187118452379234,0.09410496637374159,0.05148592719911796,0.0,0,False,0.24031340322814365,0.2339442629727096,0.28646458512203954,0.776115095783076
45,0.06809937957673985,0.0,0.276524204211922,0.162138010527796,0.10015182708694247,0.021548894126200095,0.09297491102467696,0.0,0.08492278251752453,0.011301548217607139,0,False,0.2592332389305778,0.276524204211922,0.2548779430747094,1.3510431200353565
46,0.020772867744853405,0.1155816718129595,0.08400925101758054,0.04087216984796831,0.08187489671379068,0.0,0.08318574542787235,0.1409997536645273,0.0873629157101408,0.13713054661487561,1,False,0.14070427011733316,0.1409997536645273,0.30919848167418024,-0.366985175173164
47,0.0721202691465268,0.14674748228164428,0.23183958251207323,0.05731138915741365,0.0,0.11523402471399105,0.08209360371164662,0.10837967327160813,0.0,0.0,0,False,0.22243080098440243,0.23183958251207323,0.1891591802550349,0.7235720159686077
48,0.12588649290852869,0.07827181142891487,0.08917858060933384,0.1408064162571638,0.021784563390923606,0.0,0.13029313199573958,0.05623906643251468,0.046698314431889695,0.10288540027347914,0,False,0.1429379881445395,0.1408064162571638,0.34631547702650944,-0.32116516969413195
49,0.05774217437393887,0.04799733511610689,0.18759403694452725,0.07796661741644967,0.057025370866306824,0.0,0.21304771777297096,0.12837192571507644,0.03867812918470269,0.0,0,False,0.21974224575806317,0.21304771777297096,0.24467063173008366,0.8660772998767778
50,0.04747525398186144,0.16369232052443533,0.07182719110810808,0.08355950194430083,0.07266949461577599,0.1637245381927761,0.11874673663455478,0.05201462283133981,0.021350608953279948,0.0,0,False,0.16543976182445977,0.1637245381927761,0.3402380548643431,0.415739329886652
51,0.07210109564609157,0.15194937962306865,0.17338845365824535,0.059084856515304165,0.09112434239721032,0.03826046509057476,0.09122169669806894,0.0,0.12423490309104891,0.0,0,False,0.17669127915039887,0.17338845365824535,0.29051062688129453,0.10722255602204173
52,0.10808911570048946,0.13613312717459855,0.13208648136695594,0.041905577999600964,0.03853640563674323,0.005260230711211527,0.14635281307102346,0.0995048866247806,0.012371462777208117,0.0734645248900345,1,False,0.15761559385864138,0.14109258235981192,0.28025703985648387,-0.16021408446134056
53,0.04636417982826294,0.0,0.18323780590169542,0.1525286623911515,0.0595947389131913,0.0,0.14763897762261652,0.10116209272181274,0.12218715381742687,0.0,0,False,0.20880730838029368,0.18323780590169542,0.2716144674323745,0.05280668357662345
54,0.13778317923132716,0.18964591351381907,0.12683166649945765,0.1581832516989014,0.0,0.0,0.057142611643021625,0.15415416677010374,0.0,0.0,0,False,0.23553489027770425,0.18964591351381907,0.32716854166893516,0.01330308906699296
55,0.1204437925978224,0.02774135060728907,0.15068106875013768,0.10016930869322453,0.08200422326816764,0.08133077542176159,0.1426242452354347,0.09496997259578474,0.0,0.0,0,False,0.1636674055200479,0.15068106875013768,0.2551471395778272,-0.42067819993279804
56,0.1351066036876482,0.0,0.15225438855956155,0.11165901426188041,0.13726797704322635,0.0,0.11414331546370464,0.10954883667943713,0.048996615915167185,0.0,0,False,0.1866866355364983,0.15225438855956155,0.27557792561964894,-0.48065131054287763
57,0.11721813994974993,0.10123858228405784,0.0769818249561256,0.18488777072272125,0.005678758684888294,0.09382601390734338,0.19625518283411808,0.0,0.0,0.0356306476017224,0,False,0.21673043064538783,0.19625518283411808,0.3985875191852076,0.40789835069028724
58,0.05993881359727936,0.22908762085503204,0.1718347762367567,0.0,0.0,0.10574379483800952,0.17893162458188708,0.0,0.0,0.08198061399866033,0,False,0.25947100507295806,0.22908762085503204,0.33879702045694055,0.5322825294976374
59,0.1295321147889143,0.10963239959137507,0.10491983814893262,0.13391800502195358,0.0,0.0,0.05315644176528363,0.11407833719109978,0.1401733022525811,0.016973657365170786,0,False,0.1709187594385985,0.1401733022525811,0.33083366652853435,-0.5560129407247186
60,0.177304308351786,0.02214572821839131,0.12929806841727615,0.03486288140521921,0.07141947701076437,0.0,0.09805457211680117,0.04647739929726067,0.05793453265800767,0.16030233892595597,1,False,0.17943388938000815,0.177304308351786,0.331432292515317,0.4811788078931007
61,0.142460742715984,0.07807572768309333,0.09497407023944131,0.08472239167661634,0.11252461529873083,0.046761024152205746,0.051665194762258795,0.11442690351084125,0.0,0.06242720628149257,0,False,0.12253893518402399,0.142460742715984,0.2930736807825414,-0.4098436214648255
62,0.0006435579618795736,0.1388098424888502,0.12653536705547794,0.1719284086248266,0.030007525812103045,0.059647974749665135,0.15371978123825994,0.06130411148238484,0.06110806308898232,0.0,0,False,0.18950519720836687,0.1719284086248266,0.31873845853175803,0.15676662191704144
63,0.3054674364084392,0.0,0.09959524474660736,0.0,0.012395049965416809,0.0,0.03913754629533521,0.40810224928265243,0.0,0.006614628280097857,1,False,0.44331648391276773,0.40810224928265243,0.45419299993573503,1.7246456821973952
64,0.1921083623212421,0.03183216028131273,0.16527747834989376,0.006923769721822642,0.09833786551349191,0.07449707832131207,0.09016194308026995,0.05467545987530626,0.08680645107813026,0.0,1,False,0.18742391554486368,0.1921083623212421,0.27973239542680256,0.5711455915628341
65,0.08364619874548364,0.0,0.1932235461002446,0.0,0.026201334594713185,0.02458488095273724,0.1797839252110585,0.24289173368242012,0.017343833131217994,0.05412600922057729,13,True,0.26993010006891277,0.24289173368242012,0.232305480425513,0.896268045300425
66,0.0,0.14028619643133602,0.17791208767097527,0.0,0.14150306957919806,0.09137890168552022,0.0,0.12459953176595961,0.08862150755843726,0.04659263722090887,0,False,0.19908570922665098,0.17791208767097527,0.2296836821523942,-0.10563733531876723
67,0.1374624582125131,0.1591653944500184,0.038888313478681096,0.0,0.08615125691488497,0.033840834961786664,0.11353117472889925,0.1370336003637582,0.09606530019714696,0.0,1,False,0.17589848924006157,0.1591653944500184,0.35877879325936074,-0.2062168890610808
68,0.08692044333339145,0.09672734239176033,0.05009973340668459,0.11334735261298824,0.17238501986860796,0.09784837604194646,0.011725828135079499,0.1130120217016981,0.038863343567591274,0.01064487472960841,0,False,0.15317867190073858,0.16174014513899956,0.3408295761157417,0.19161625694902892
69,0.1616604983020301,0.03856210580479097,0.0006981505007003598,0.0,0.20151616387362742,0.0,0.0970527601157184,0.14368118684026163,0.0,0.18373948348595504,13,False,0.25288973595708725,0.20151616387362742,0.43210059400304524,0.256344405738414
70,0.0,0.04847164547422383,0.3272783364547339,0.14559145483719008,0.046017484195632084,0.17634675299173555,0.0,0.03285139221802514,0.05483713684590762,0.0,27,False,0.31490371686278534,0.3272783364547339,0.2239325628611911,1.6459034177020953
71,0.012296606196490563,0.07263927450614524,0.2835544863463477,0.07378410795234246,0.0,0.05719805794423676,0.11861164477861627,0.0119188932640716,0.07161335960805465,0.1075131462037894,27,False,0.24514762470296828,0.2835544863463477,0.22118587505998555,1.8375410792158278
72,0.1445001285637761,0.21642754170797748,0.034509839897142805,0.2343058781302841,0.0,0.052276862078996,0.003747627501627629,0.0652435594118503,0.0,0.06948831766904001,0,False,0.2617926613709458,0.2343058781302841,0.448371385232375,0.9395319053482931
73,0.07157954718921543,0.023070738283817463,0.20546928236605644,0.1501662366151044,0.060251737878867215,0.1268181102963814,0.0,0.1612276645289192,0.0,0.01422870474579269,1,False,0.22453417372683881,0.20546928236605644,0.20961250211703913,0.42080589415453684
74,0.13971903556790652,0.08889745480234805,0.05300930550162313,0.021348638144283758,0.13614648627669088,0.008198511272632318,0.025198119091980952,0.1751311254637511,0.02976070272460336,0.11930318673313829,1,False,0.17970283421758154,0.16693261419111877,0.34163905237518105,0.2986910778957506
75,0.21294500345108824,0.0,0.21376330867023113,0.0,0.08877989625799132,0.11306060787802007,0.02714171161714052,0.062324636140617874,0.004584802629795696,0.09416380161231008,13,False,0.2422479985555892,0.21376330867023113,0.26922235616368384,0.7638462973333475
76,0.030489450806054152,0.11472765861917907,0.2829577400380183,0.12103095042590516,0.0,0.1974496149165542,0.018550724455492263,0.011752540404739846,0.04846573412162932,0.0,27,False,0.28766706628084115,0.2829577400380183,0.2532858064912478,1.224344036375412
77,0.10561735763609405,0.21493037615244054,0.12370319751424755,0.12306994701388706,0.014076259230880007,0.020476665713474142,0.09295204755997596,0.11543726601433045,0.0,0.0,0,False,0.2117995049073856,0.21493037615244054,0.3182975196205773,0.40603982401215055
78,0.036161680881646424,0.2881064894167591,0.1855514519095006,0.0,0.0,0.04869990073868609,0.17405559721055666,0.02122551160703543,0.07684893635420302,0.0,0,False,0.29847233813893215,0.2881064894167591,0.35481988538802767,1.1839937939491336
79,0.3177630761346279,0.0,0.06908320592324535,0.08546005421679406,0.15883427597619662,0.0,0.0,0.0018633415386684576,0.0,0.2140106670164266,1,False,0.3359576472402413,0.3177630761346279,0.49562317812930134,1.2176526441528857
80,0.0686710616064309,0.021817944292842676,0.12128337968682118,0.11355463661027279,0.040120656560721925,0.3200321603414765,0.0,0.028196723330854413,0.10633958980835563,0.0,27,False,0.28617502552832774,0.3200321603414765,0.3893524116440593,1.9339654899807017
81,0.12600874200701634,0.0,0.012973845326455877,0.09137076168383007,0.0914976695861961,0.10041932278866969,0.038382755823046726,0.3172905031405362,0.0,0.04165216869594258,1,False,0.28242553632775,0.3172905031405362,0.3873044046140811,1.92987386819281
82,0.10734449527223779,0.0,0.1415159326198726,0.03183157877556636,0.05646651276304073,0.03226291685689647,0.10618360019158361,0.18354600606565558,0.0,0.14668228007627984,13,False,0.19604827603988553,0.18354600606565558,0.26237688973860035,0.17647371010631965
83,0.2668396023346355,0.0,0.19637463414561893,0.0,0.10248130015010919,0.0,0.06637315850676695,0.16368727586986898,0.03781545027175336,0.0,1,False,0.2894223993922995,0.2668396023346355,0.29781947776022744,0.8919078358897754
84,0.07815163864833727,0.0962813983477246,0.1621229141153752,0.0,0.0,0.04789932377723388,0.0,0.353067897985919,0.0048390950388952645,0.09310354461851289,13,True,0.3284491679380029,0.353067897985919,0.2926867502649061,1.8920118764573173
85,0.03348593537913393,0.06457934728562822,0.21627508444846194,0.1338136378274571,0.0,0.22108047462961725,0.0,0.07705490115785779,0.06599272219231078,0.005384704018603204,27,False,0.25000270531141383,0.22108047462961725,0.2616001636330961,0.8721850428770959
86,0.26978398097725764,0.13272447920144737,0.0,0.09979609649841133,0.036722845970634646,0.0,0.03770215569416859,0.17020852519337976,0.0,0.07549499728618289,1,False,0.2653136127684336,0.26978398097725764,0.4446937626427697,1.121747576924075
87,0.13767875936839727,0.0,0.24758994856043778,0.07860196314219038,0.08738939115349018,0.16093021299417018,0.0,0.0,0.0,0.1137637142560057,27,False,0.25487115048542025,0.24758994856043778,0.2721795409869135,0.6645633678387787
88,0.0,0.036754346939559014,0.37854287536713455,0.0,0.22223709264311667,0.04223689593413502,0.08005398154649546,0.007469005425584073,0.047449470559105124,0.024756032640796663,27,True,0.36755572318870766,0.37854287536713455,0.23409058637322772,1.9839337187651234
89,0.0,0.0541101804276973,0.10467486362888956,0.16217309699705657,0.05782007045614364,0.3189096469940669,0.034078687175841324,0.0,0.0,0.09452391600200381,27,False,0.2955039577863208,0.3189096469940669,0.413348205803451,1.7318257865139757
90,0.09256639808011477,0.005789062137988011,0.3111044487553862,0.08998050727716903,0.0,0.2028512070596978,0.1403663472184254,0.0,0.0,0.0,27,False,0.3221744511715407,0.3111044487553862,0.2618083956764106,1.201317861318465
91,0.0,0.09847032871686008,0.2759627109010835,0.1000450294953795,0.08247098676021733,0.11135644975892653,0.04346852022041757,0.0,0.0,0.10540846736025476,27,False,0.2479283987002374,0.2759627109010835,0.2240957395124141,1.405480111791252
92,0.0,0.10320186092990342,0.36860753798473983,0.018683561021919724,0.0,0.330646982214312,0.0,0.04882277589212851,0.0,0.0,27,True,0.4287360777479698,0.36860753798473983,0.3058472128203038,1.5885726612860374
93,0.16609507161015719,0.028884755576485434,0.09865766249546058,0.06001734694539811,0.06509378206076515,0.050660680189225614,0.049605601083005414,0.21353806854559454,0.06565229823448208,0.0,1,False,0.19306637460077186,0.21353806854559454,0.292001592005777,1.2184441026805342
94,0.14624506993602518,0.0,0.2136253643094911,0.0,0.0,0.021563332098798495,0.030124368659617047,0.10003232437974392,0.16096170618492592,0.14870002504643842,1,False,0.243306353784016,0.2136253643094911,0.28510179681380216,0.3413950888300341
95,0.015104166700354511,0.1874774490580878,0.0,0.10437916006596322,0.04471548001570815,0.11731996485248394,0.014915804139816064,0.17063458884115051,0.05745600169511732,0.09075493233797266,1,False,0.19634129242248963,0.1874774490580878,0.3910684849959069,0.45007010725628166
96,0.05439674163837577,0.0,0.4009102996838302,0.0823859327872834,0.026733752123316135,0.21506253665419683,0.0,0.0,0.07142867465189522,0.0,27,False,0.38823396732920135,0.4009102996838302,0.257498986952522,1.9983450546689967
97,0.06036632487291186,0.0,0.20009488532259495,0.0,0.11182769770484763,0.04466302864173014,0.09918016999759993,0.13204265634410828,0.15308524271631532,0.00840413130184776,53,False,0.20863768678103511,0.20009488532259495,0.2191947030688581,0.30446857740334976
98,0.0,0.09824912307528728,0.1156438126300488,0.0,0.08496682692631759,0.0,0.0,0.18949708002366794,0.0,0.36137297573739857,1,False,0.3537099822322718,0.36137297573739857,0.42315528398155694,1.6400244440324576
99,0.25760732557405397,0.06269171806707509,0.0845461686022112,0.15014015803454506,0.12003552627130586,0.0,0.11449560037000783,0.0,0.029502988839103718,0.0,0,False,0.24797403128363452,0.25760732557405397,0.4184952106582811,0.9967421225529783
100,0.010913796341461217,0.14548271166969662,0.0877239011609176,0.0,0.19166906850520057,0.0,0.1251587379878036,0.2629729321644506,0.0,0.008593286523133853,1,True,0.285729678170655,0.2629729321644506,0.3321809109335456,0.7875240317641763
101,0.11116348802275634,0.0,0.18195807611982437,0.2734168554474396,0.0,0.11735305882239087,0.0,0.0,0.05581355311870059,0.09009593629921618,27,False,0.27690880199928064,0.2734168554474396,0.37529390482044594,1.001044282254719
102,0.17335820511150582,0.0,0.23176485617536166,0.052606319289779005,0.0038316517443777046,0.22674281475474684,0.0,0.0,0.06214749557066763,0.07985253750693443,27,False,0.28208998963129384,0.23176485617536166,0.3163977014217438,0.7972575356304775
103,0.21657305626489437,0.03396457504172135,0.11062943382998908,0.0,0.19927692946209316,0.0,0.19360271981535201,0.0,0.02593884858351854,0.04587637022367736,1,False,0.26893971500169483,0.21657305626489437,0.3997069735489565,0.6491332913336336
104,0.08340835331930047,0.07751790172627962,0.10213682007478546,0.08275609658668978,0.0,0.06189673508059126,0.15972062370162624,0.12581326415251182,0.09254528622600386,0.007779261585318126,40,False,0.14527131267487323,0.15972062370162624,0.29526844261387014,-0.2923010662849176
105,0.016202884758713284,0.07128827404993734,0.3452495189050849,0.12434954207669248,0.0,0.07071849581866818,0.2175177208999706,0.0,0.0,0.0,27,False,0.34837762275843803,0.3452495189050849,0.2645685563279029,1.5526021695152563
106,0.06579815185053153,0.16042406906695114,0.15102426614747733,0.03813893247612024,0.0015398165789504781,0.0,0.10273370860394315,0.2462722832626322,0.0,0.05243809878416887,1,False,0.24800455392791054,0.2462722832626322,0.26376532054418045,0.8756429184096991
107,0.0046120432755645995,0.05982229261378292,0.22599341645161006,0.19661587620415658,0.01986217304414298,0.08241876485903649,0.08400902391964783,0.028404479982780933,0.0706330491218011,0.030959861272019606,27,False,0.22333933587970992,0.22138137317604545,0.2626302563637114,1.261357750086166
108,0.0411780246352846,0.06650891028608377,0.08519920254985044,0.01578639675638861,0.07903432146879354,0.0,0.08214211232905354,0.17446395003956697,0.10067227634002336,0.15015788631055751,1,False,0.16297006117468824,0.17446395003956697,0.3084591535911938,0.3457962928174204
109,0.14165673524505776,0.0,0.13270996422950196,0.016689083019640304,0.1848318067672881,0.0,0.0,0.21294384755274773,0.05841593109243192,0.07333805150671258,1,False,0.2431756316322657,0.21294384755274773,0.2963271832946991,0.45059597875278934
110,0.016549406129050794,0.22373418854696683,0.2752387701980501,0.10917388332744594,0.07031701292780139,0.046777936678487606,0.0,0.07017995840670063,0.01225771601144254,0.0,0,False,0.2872780044751632,0.2752387701980501,0.23714630092365854,1.3043969826678516
111,0.14768006060736347,0.06010459357210806,0.09212957944577853,0.0,0.0,0.023756260473023177,0.06842840958512053,0.1443981800028018,0.10396910692928195,0.16262534064068732,40,False,0.18124994829911806,0.16262534064068732,0.3334477953742983,-0.053748360391857625
112,0.1271317563200425,0.07292986730098602,0.051194167153986246,0.02218634272155325,0.07219025839343171,0.09292767276935422,0.022841711564406588,0.26735359790177576,0.048352641741152454,0.021843593048283663,1,False,0.22245157672392188,0.24551000485349211,0.327555609674045,2.070172351940108
113,0.06680112941739869,0.13283743694510913,0.07443449048767223,0.07353775885354731,0.06907860017027792,0.01783684344551447,0.06892531466136446,0.11015111367363388,0.04569340427729903,0.12272759449377996,1,False,0.10502528516821225,0.11500059349959466,0.31506411089055153,0.0856701116608328
114,0.01827315169990588,0.06544356654986024,0.24159572472667284,0.17779166590945233,0.0,0.24066950875921705,0.0,0.09078227345056371,0.002217790478775183,0.0,27,False,0.30188577631505054,0.24159572472667284,0.2772239492333552,0.8309771760058849
115,0.11799626577961816,0.05046098067934564,0.06142768148821787,0.046185172986933774,0.11094379070373349,0.0,0.20177854784404894,0.1980436091573075,0.02333067038832403,0.0,1,False,0.22283727129993405,0.20177854784404894,0.3422151215631147,0.7169857854485621
116,0.08824410069463307,0.0780657654663552,0.04851088985254612,0.021050464601700635,0.09321540077073548,0.0,0.0,0.22510804027775463,0.17445267050136623,0.07994446191293508,1,False,0.21817671390826401,0.22510804027775463,0.3611618631501047,0.9127638597888282
117,0.10627831062275317,0.12805279338687342,0.17681795363231378,0.06416710736302841,0.06932828610387774,0.0,0.05185187953764339,0.13109193958571805,0.0,0.07241724003893922,1,False,0.17048275004909752,0.17681795363231378,0.22460476889801925,0.08964618099758558
118,0.0772680788625409,0.0,0.17411293344730439,0.03225202307708713,0.0,0.04467707845767543,0.10152626718788807,0.20451992852567424,0.05340452076057352,0.11922504509850666,13,False,0.20858810158761154,0.20451992852567424,0.22794448381195626,0.641959336953901
119,0.03453034018494047,0.0,0.19930906636802292,0.24383872256770045,0.009313065800787683,0.14083646800819008,0.08228978170891262,0.0,0.04714203183677852,0.06113178893634937,27,False,0.2573806283549131,0.24383872256770045,0.3318134998903171,0.9816396119934555
120,0.0,0.0,0.21826780515967772,0.17464033424183684,0.0,0.01737396446108417,0.13771545942844282,0.06803558808799837,0.21901139694380797,0.0,53,False,0.2839750136054375,0.21901139694380797,0.3254553752784679,0.5325654427382688
121,0.0,0.27432085161390446,0.07001035819767464,0.04689329810132744,0.1628154749041011,0.0,0.17162974537250097,0.012303751656244599,0.0,0.08934708707471152,1,False,0.2797996876016042,0.27432085161390446,0.427029885083782,1.0590173055151022
122,0.032677708240416,0.26724884770027885,0.0,0.0,0.009216511600483458,0.0972058131237828,0.06558137068870608,0.38693696113579884,0.0,0.0,1,False,0.40372677436007,0.38693696113579884,0.46755680402752187,1.7270726811887487
123,0.14697627856241305,0.14439659384983064,0.1255971145703936,0.18359978086206516,0.0,0.0,0.07073922401889628,0.0,0.0,0.1510445453297169,45,False,0.22882119522110916,0.18359978086206516,0.38739443352343134,-0.08370956458636611
124,0.060601878134104156,0.1315251464090003,0.2951480010680598,0.07412289776945269,0.021177175978579793,0.05283977628946891,0.04156056642052798,0.0,0.06158965969783925,0.06762142610734309,27,False,0.2490380938407645,0.2951480010680598,0.21600851900167398,2.2325751237555953
125,0.0,0.11714767204129198,0.40838996707829045,0.0730253123815003,0.026385695738209865,0.16969454857366806,0.0,0.0,0.0,0.054359232013054065,27,False,0.38309800983653375,0.40838996707829045,0.23602877473322212,2.1342224171785067
126,0.18605962442344068,0.01864425083296345,0.014557643874649381,0.0,0.0,0.03365089684402446,0.13021174756406106,0.28926028406140714,0.0,0.16309627342971833,13,False,0.3067719908760179,0.28926028406140714,0.42412216830058674,1.0338648213534776
127,0.1698052771909573,0.12351255660473445,0.08735961833363856,0.10460596756724826,0.0284639907003862,0.0,0.051053414530891045,0.07283205277853567,0.0,0.16577913162042301,1,False,0.18548598406131878,0.1698052771909573,0.3648129445863257,0.1371274314159381
128,0.1138114668710279,0.0764506015091659,0.0902689084312904,0.0,0.058466719663071286,0.06410946368582768,0.0,0.19159225850428557,0.219176018219451,0.0008507117269062493,40,False,0.23023226645645337,0.219176018219451,0.3411436961849098,0.7278855546190134
129,0.0,0.06611266069702679,0.4464164897198571,0.12255219410414354,0.006404473092655297,0.15420552676465618,0.0,0.0,0.06180656291279115,0.0,27,True,0.41650996023049397,0.4464164897198571,0.2562260359927783,2.30999234391343
130,0.0,0.019744973490871176,0.334246790427361,0.036711120142309976,0.03219968018920971,0.16191607653426507,0.09735921045615409,0.1310176730255118,0.015582814263833287,0.0,27,True,0.31497495838635636,0.334246790427361,0.12040484558688572,1.7561296091190046
131,0.17197705597108406,0.10706688147287072,0.05989313537852629,0.0,0.0571371658972094,0.012963167103451157,0.1542939645570699,0.12365346486041534,0.0,0.1189645223311348,13,False,0.19092835810556844,0.17197705597108406,0.35844468440774896,-0.03239242710212008
132,0.0878381736359088,0.14151562352383582,0.13718373969320694,0.06686486694451757,0.12906615540442226,0.0009964543193257157,0.026022359706712912,0.11210966711906399,0.0,0.09792425988038783,1,False,0.16329983411167406,0.14151562352383582,0.2732500730440273,-0.5043460549087675
133,0.0,0.12681040459785814,0.09599938669312551,0.14688631454968043,0.03475050078895278,0.029940112313266796,0.07953696811318094,0.1713985863702435,0.0,0.11857003680272614,1,False,0.18493868507801475,0.1713985863702435,0.3088006025905402,-0.0328150168048185
134,0.0,0.14267570477021282,0.5016760027368494,0.02819409105128675,0.0,0.0,0.014746658753979642,0.0,0.0748538350253819,0.10308213187044907,88,True,0.4639418040138365,0.5016760027368494,0.28972808063779454,2.590035268629828
135,0.09588570273982593,0.09198450365417206,0.2981622832859589,0.03926161314212031,0.0,0.17030391062634492,0.015793828285915346,0.0,0.04314249848880022,0.06458700074163419,27,False,0.27656519122752277,0.2981622832859589,0.23260558486552846,1.6512031007809596
136,0.12007003246143169,0.04990021090913527,0.3256313357063789,0.054476163395956144,0.1879525396053581,0.0,0.0,0.0,0.06411031083196395,0.02839122465877076,0,False,0.31223535026316035,0.3256313357063789,0.25061730418360956,1.6750454809435804
137,0.07871585884336191,0.0,0.2627068078743485,0.08099325047046091,0.153338307762208,0.0,0.0,0.1898635421514269,0.06458695899090908,0.0,44,False,0.27729440637567154,0.2627068078743485,0.18408941008417615,0.8978249762304074
138,0.07340502269053646,0.16656418573130308,0.09731691186287808,0.035099015924566435,0.0,0.008078661531330982,0.14820425895244227,0.3026302370911342,0.0,0.0,1,False,0.29777320981757877,0.3026302370911342,0.334988338084109,1.3105938977454474
139,0.051313991278596406,0.058094242472622876,0.2641714726818205,0.11435518719368243,0.06546279813205941,0.09419800418747724,0.0,0.016070969235645265,0.02075355228279164,0.12126416244546313,27,False,0.22936948697465387,0.2641714726818205,0.2253498962732853,1.6369106858892566
140,0.0495396857080284,0.18273028913587527,0.17738295801396914,0.20499493768597668,0.0,0.0,0.08382412000142532,0.0,0.031387853341205876,0.08926595437229025,0,False,0.24169572181541676,0.20499493768597668,0.34808525257406137,0.520121807122835
141,0.1776213763386556,0.03945450176167062,0.1458755472095104,0.018421805499338362,0.013518818717703282,0.0,0.0,0.27143400272698825,0.07341878971582066,0.08147373177378485,63,False,0.27091141499569615,0.27143400272698825,0.2990660431992401,1.1646892508990856
142,0.05803593833831667,0.21673491077960252,0.3524600147283491,0.03570927419485894,0.0,0.019121646178793097,0.0,0.0343805215804324,0.12393615613855465,0.0,27,False,0.3500953510473436,0.3524600147283491,0.26226994728517095,1.707422357127019
143,0.08845337875104767,0.08320869089157597,0.23318104312204838,0.10494230518889983,0.08371589102057533,0.2118585426787497,0.0,0.0,0.0,0.016343471056654537,27,False,0.25494880112119767,0.23318104312204838,0.2725879856076609,0.8387656012864774
144,0.0,0.0,0.22998631193623004,0.14660290146326163,0.10287083571085652,0.06588878455665506,0.027132652458529617,0.06728817186208591,0.045709113350352985,0.12244668963882228,27,False,0.21562746902188423,0.22998631193623004,0.2314960686902548,0.9125266405604828
145,0.006271484055868768,0.06241301568446188,0.31052804342528717,0.0,0.07837141815067364,0.16926419145958066,0.012628361939882543,0.0,0.09497842774944938,0.09057520976987488,27,False,0.2910830149756846,0.31052804342528717,0.22703977787606963,1.618528769426868
146,0.2580867340273002,0.0,0.11658585542457706,0.018158822875185453,0.0,0.10725657927881586,0.005097282303832698,0.2438015873721822,0.03295236643037536,0.04632685455384923,13,False,0.2939747071159479,0.2580867340273002,0.3478102035308048,1.1213485653676112
147,0.05426629209930982,0.0917802646830748,0.12998555193160247,0.15706287995692286,0.0,0.22874137314967366,0.0,0.05520853650250289,0.09795289256733934,0.0,27,False,0.22725006867285516,0.22874137314967366,0.34124955845128363,0.6681054495828092
148,0.029796027973167608,0.1424788432417326,0.3884654899303734,0.2037763795698488,0.0,0.09235423274257304,0.0006918823551798557,0.0,0.0,0.0,27,False,0.38639426348748074,0.3884654899303734,0.28343714485897886,1.718405170142873
149,0.19758325449120862,0.06869024665020469,0.034997300678673356,0.027456570666862586,0.04974929810167252,0.0,0.1883808075064114,0.20482352122848707,0.0,0.043726060931176314,1,False,0.24747432529385185,0.20482352122848707,0.3852171655502277,0.8010720305309372
150,0.12350505905137057,0.0559077450319398,0.11449605151710014,0.0,0.0,0.11148974161261276,0.15872642555585328,0.07708894787201213,0.08111102938333936,0.07522769636321724,13,False,0.1540736212647654,0.15872642555585328,0.303389616424061,-0.3890723448387926
151,0.03439802687923576,0.10397352636001693,0.113126743747226,0.04649309079710098,0.035726832082958765,0.15771414356076308,0.0,0.14218076964253182,0.1720929113337902,0.0,66,False,0.19523607322707198,0.1720929113337902,0.30287809206710653,0.1176870221710677
152,0.32444393445639463,0.0,0.05702304538407561,0.0,0.0,0.0,0.16603150931363367,0.09874671955278473,0.14458036161398644,0.045829216399146055,65,False,0.31500287432050017,0.32444393445639463,0.46308784428205524,1.4882124701696489
153,0.06248358508430228,0.14159016419302003,0.1517062699551901,0.0,0.20880337121431738,0.0,0.11018788400561323,0.033199695425314334,0.10713024201943132,0.0,88,False,0.22139074800927297,0.20880337121431738,0.3176623926447479,0.3200837391501816
154,0.3013562379057129,0.010643483431167985,0.06735401006014367,0.009023460676018698,0.04131082745425777,0.0024333837408946186,0.0451018042564484,0.24092585925766202,0.029648808937543746,0.07583310930650092,63,False,0.3104439161082834,0.2989228541648183,0.4071070701538371,1.6285439363945204
155,0.21471873477576278,0.043174194556920995,0.07599584740976478,0.0,0.0,0.11280314095463659,0.0,0.4136359500098985,0.0,0.0,63,False,0.40532340558100804,0.4136359500098985,0.421202789203984,1.930361592059609
156,0.07259332001270415,0.04952755681809861,0.18611925623964795,0.07561241165432195,0.08301199546905917,0.20988244229850378,0.04524597529261195,0.03402234622664731,0.017639983952950612,0.02263396828550201,27,False,0.19922613487063562,0.19224245834555317,0.25612036804304067,1.3450199699117213
157,0.0,0.0842152011825576,0.3070063376658492,0.1266691084590644,0.039461360670054194,0.15857543125106247,0.07934729092263575,0.030723926651194906,0.0,0.0,27,False,0.2887451225455511,0.3070063376658492,0.20484376437646548,1.55182582520657
158,0.2319919716648289,0.0,0.15603627565081876,0.06109386608640264,0.013359744675903036,0.027176605604651217,0.0,0.26269688223107346,0.07132872150012559,0.006081074961574196,63,False,0.29733574515931627,0.26269688223107346,0.31674910420937863,1.0588061147792827
159,0.07554960604349223,0.123827040360118,0.08876004766293871,0.039923874315923265,0.15371820844158038,0.0429457542149047,0.0,0.12523405333064996,0.10864633608536674,0.03378192485307181,66,False,0.147853754286402,0.15371820844158038,0.3058772905039429,-0.08682725195695756
160,0.18181989483984892,0.0,0.12390355966106725,0.025681867159443567,0.013523661101457914,0.10184909780559427,0.0,0.2428191086955343,0.10566559715860223,0.023238964898457674,13,False,0.25197981889603943,0.2428191086955343,0.30601967464888313,0.8174751021150712
161,0.09167421346845923,0.0,0.1224425415614559,0.05425255242994953,0.07667588584247234,0.0,0.1112451714192617,0.16792625598784855,0.07641233228184473,0.09716696401280049,13,False,0.1564653042523423,0.16792625598784855,0.26937084668981776,-0.22753633362678805
162,0.2114620588702692,0.0,0.013960107863040779,0.05616345560232233,0.04530338115662161,0.10723517533460296,0.06812352400357428,0.2039621009204841,0.0,0.10599764515308537,63,False,0.230802800499097,0.2114620588702692,0.39360751868742466,0.8118681487763509
163,0.20133582418238902,0.02773120583177446,0.10931559204991102,0.0,0.057777933562295984,0.0,0.0,0.4739948683064797,0.0,0.0,63,True,0.4543863265470999,0.4739948683064797,0.43511233059344756,2.2506036517062715
164,0.0,0.08612403986562917,0.18229690611027227,0.17356223865834014,0.0,0.21286959872824135,0.011637823653208585,0.07282424475023132,0.08239134053907003,0.0,27,False,0.24702012884444227,0.21286959872824135,0.2995332282174137,0.49626136311444474
165,0.06382067675410522,0.07699770459433493,0.26203212963184835,0.07953752028143059,0.0353491997745406,0.11685891671536199,0.0,0.028256789495863827,0.14862692309201236,0.0,27,False,0.23889601955947043,0.26203212963184835,0.2325966545305345,1.3673130149951922
166,0.013751473486010838,0.027973198402730694,0.14934980740343232,0.0,0.132432421910333,0.08940750740967607,0.09191003586005729,0.07618617172997845,0.139024549723939,0.0754819605977593,88,False,0.15762796979637975,0.14934980740343232,0.26316025696762335,-0.21558163417849965
167,0.22838530295916257,0.0,0.1612891613807747,0.12403333511310016,0.0,0.07046747943103016,0.031268871805304556,0.15424619848892487,0.0,0.04948330316449941,13,False,0.2425682310523618,0.22838530295916257,0.3025441722487909,0.6023092871694439
168,0.19534066595479468,0.09124004105920304,0.00814441324613856,0.11134363702897691,0.019149668928240913,0.06166777448184495,0.04181016011574222,0.25041021833354443,0.007789933333513664,0.023827977707239687,1,False,0.25020676197614244,0.24262028500003077,0.39819668515073375,1.2254319112786762
169,0.025705763950348414,0.08030112986279223,0.2672585662952924,0.0719598999660855,0.0,0.13662822146947526,0.0,0.04601746308346822,0.08496979744029784,0.09741485702093525,27,False,0.23598079923756166,0.2672585662952924,0.2118402952799571,1.5345111441446375
170,0.0,0.03382307454656995,0.4095603983413941,0.0763485339432232,0.035511108799329325,0.08736212858107328,0.04850871254143134,0.015097243748888286,0.12719431981261298,0.0,88,False,0.36504618307225856,0.4095603983413941,0.21191247208795586,2.557949066324776
171,0.0,0.0027617735324504925,0.28293406911637725,0.09834264721242662,0.1784401880643286,0.09637713253341745,0.011789250712781214,0.0,0.028340087937283966,0.128136379631743,88,False,0.2829973766176743,0.28293406911637725,0.2570656727018462,1.1382934913963019
172,0.112890725795759,0.0360860946462298,0.1425302197271782,0.07070201582281892,0.03544973573021127,0.05404364550668039,0.1041977892014199,0.063841503274883,0.0,0.1741319003272976,13,False,0.1606465581370031,0.1741319003272976,0.29391271942196534,0.4243326621121034
173,0.08301815300239775,0.03325651447391166,0.12045861597217593,0.0,0.07855730708459191,0.001286653093237815,0.08362659772197893,0.3242279400819034,0.0,0.09837792541261448,1,False,0.2881157147413061,0.3242279400819034,0.29939587574195037,1.9619560156716596
174,0.015639262055176843,0.09616331232600354,0.2604254061941295,0.0,0.0,0.14870624200809865,0.08757235375245326,0.0,0.0,0.22882076822898068,27,False,0.299567627127416,0.2604254061941295,0.30167045628197475,0.8682189779286692
175,0.24444117618109487,0.04851833626012292,0.05863861288545057,0.0,0.08241847565680567,0.0505827154650166,0.0,0.30243917689069566,0.0,0.04408188222249154,1,False,0.3155237697298501,0.30243917689069566,0.38826437740737896,1.5448194988051303
176,0.0,0.017729187727193126,0.49636642258175,0.15080411738645616,0.07703513565416249,0.048229631612691275,0.0,0.0,0.07229837884531685,0.0,27,True,0.45751184172771453,0.49636642258175,0.27797605160333705,2.6109120639679824
177,0.07570298342803776,0.11059963547003147,0.1358110902382758,0.14084068978943148,0.0,0.06056187050187876,0.0797241438524254,0.07423488979467695,0.0,0.11959462667145025,84,False,0.1503373249104772,0.14084068978943148,0.29234258444957184,-0.5781172563316993
178,0.21924020047242873,0.0,0.16912377825469724,0.0020221427000101356,0.0,0.0611169774639531,0.0,0.28324259669239854,0.10976688705687757,0.0,63,False,0.3191503885564479,0.28324259669239854,0.3153221448551409,0.9233268904282816
179,0.2000388862243057,0.3191760666848432,0.011231589700603674,0.0,0.0,0.0,0.03507018277270104,0.14572534780995472,0.037545699353042965,0.0876534183211416,1,False,0.3224854722702822,0.3191760666848432,0.476856385713716,1.4094042869697192
180,0.0,0.05819152760769412,0.427926463311739,0.06439314342587069,0.0010419441246705763,0.1923894321545203,0.0,0.07880308745838951,0.02920625473292562,0.0,27,True,0.4034263863397264,0.427926463311739,0.2006137486534288,2.23039859245145
181,0.01984537478494639,0.0,0.3185188959381447,0.0,0.28203668609931687,0.04013132049983821,0.07555721690960783,0.0,0.08264072971690233,0.02349952931863477,88,False,0.3544302402739199,0.3185188959381447,0.28881410404013996,1.544149495222715
182,0.1887145941065295,0.05789307710161567,0.05033727514647126,0.0,0.0,0.0,0.23356659795885568,0.2544063490696946,0.0,0.052370352909925685,63,False,0.3062830333058039,0.2544063490696946,0.4017102281427447,0.9273170920855314
183,0.14751480035155817,0.035964262025695644,0.02789465964938632,0.17073171866165351,0.2599770743015389,0.0,0.0,0.19220319108336423,0.0,0.001833339346593898,83,False,0.2966278577556209,0.2599770743015389,0.4271739276798404,0.7385614028995312
184,0.03796081836703148,0.008889998713097853,0.48096039803028795,0.0,0.2881289881179018,0.0,0.0383579315338109,0.00543711008973995,0.018070544863184566,0.0,88,True,0.4916365609797759,0.48096039803028795,0.32127833564213526,2.0700920608492885
185,0.16936324910025705,0.0,0.17598289490329544,0.0677779882210768,0.0,0.0,0.0,0.4625685749716446,0.0,0.0,63,True,0.45006937758602283,0.4625685749716446,0.3919531137139408,2.069760496998937
186,0.24813195632907872,0.0,0.1253622082136866,0.12150939753749392,0.0,0.07075643319789954,0.0,0.28021491363154727,0.0,0.0,63,False,0.3233008671446748,0.28021491363154727,0.3591091829038182,1.0002540531866417
187,0.0,0.11776042050004813,0.2595564607833737,0.05265482627967973,0.16056358645565968,0.0,0.15689068563011768,0.0,0.06486212795260747,0.012635837019581327,88,False,0.2664177378236383,0.2595564607833737,0.2595285529837862,0.8824484776104281
188,0.0,0.07875281112883364,0.3366815933636781,0.13813731370159288,0.005351649514449957,0.12009679463358543,0.0,0.06609464961121603,0.0,0.08649007728710094,27,False,0.31001849401856824,0.3366815933636781,0.1964692131491471,1.8102183303101067
189,0.0,0.12155940641907856,0.10620586260565984,0.0,0.11746185829712517,0.0,0.13833055655491758,0.28986633726864863,0.0,0.05611008996905582,65,True,0.2786622312508934,0.28986633726864863,0.3055683760019725,1.1918634127340575
190,0.0,0.0,0.23180138158693003,0.07709282386165643,0.35777497139471787,0.0,0.0,0.0,0.0,0.20063272158660272,88,False,0.3918876826097905,0.35777497139471787,0.4141881034478566,1.2899554706750092
191,0.0,0.08769526478647384,0.5983457656084401,0.07782724764615516,0.0025612674333005047,0.0034651449199040495,0.0,0.04577679450877088,0.004949957054484789,0.05733285919249047,27,True,0.5488038221099291,0.5983457656084401,0.31518594097404956,2.9614621767218208
192,0.0,0.08035845008956348,0.338916566954869,0.08579931677248041,0.05406941393194298,0.0,0.02207215620599266,0.0,0.1901285199506888,0.06051147129722374,88,False,0.3209951397320063,0.338916566954869,0.2660867940924972,1.8178568057617754
193,0.049658397251917834,0.0,0.1934835755581683,0.09917808899820059,0.2565716917082271,0.106828275665402,0.0,0.03702454065801206,0.07822077783033629,0.0,88,False,0.25940018942256376,0.2565716917082271,0.3035040125816431,1.0638463014266406
194,0.15386614032518522,0.005116065879385701,0.1432745564178695,0.016069547999603348,0.03356733878182404,0.11246032171281903,0.06234040926248272,0.16449781541229144,0.06087298031158287,0.04437605770064185,13,False,0.17747905501648917,0.15938174953290574,0.24881064585523177,0.3283926912382735
195,0.0,0.1286870021500407,0.310771137770359,0.12692719780302414,0.0,0.20814781202416005,0.0,0.07158388305194503,0.0,0.0,27,False,0.32653362640284306,0.310771137770359,0.2342502706924705,1.148242814880452
196,0.10811727078609176,0.0784727700228389,0.19235147059577667,0.15924702717460304,0.012453720311489974,0.22418541435774694,0.0,0.0,0.0,0.04870547163869014,27,False,0.2557625966151374,0.22418541435774694,0.3255144719880012,0.5861516144057474
197,0.10019384524709107,0.04759638366493958,0.189437623462608,0.08049552807644741,0.013818986903783815,0.09131383512663427,0.09159288954701328,0.08235041567133958,0.0,0.09729077437619427,27,False,0.15753495301854117,0.189437623462608,0.2208554771409473,0.5145307489834487
198,0.0,0.06841181871410026,0.33308064373000656,0.0,0.3564215839363559,0.0,0.0,0.009702430941302131,0.10201743834075556,0.0,88,False,0.4224265213758337,0.3564215839363559,0.3560165273204282,1.5400482013568673
199,0.0,0.10186606311193752,0.2626182323935365,0.0,0.1820865010328105,0.0,0.15257282854360615,0.0,0.10043197944023094,0.03219495994312803,88,False,0.27937173722800057,0.2626182323935365,0.26976061721681516,0.8060430255494067
200,0.04520623678619569,0.09166677402184259,0.10548769484935851,0.16139516683273775,0.22503422106799925,0.09247380076518255,0.08019406058551781,0.009004101688992157,0.0,0.0,88,False,0.21856939020490154,0.22503422106799925,0.3591384063184201,0.7344493027753356
201,0.05700957974189325,0.0,0.2825810577166786,0.0,0.2733183593749798,0.0,0.07180712623516113,0.01313679217615472,0.11083936269766878,0.028319112542301194,88,False,0.3264294223605178,0.2825810577166786,0.2962032736377872,1.3446079316336985
202,0.0,0.0019309251398945601,0.33032299075179666,0.0,0.0,0.2942931839060327,0.032982889878629434,0.11617980776935555,0.08114632298531975,0.0,92,True,0.379681102034459,0.33032299075179666,0.2545967846582467,1.4143320392787897
203,0.0,0.07692779402787087,0.3787526221369489,0.005119042173591086,0.1721311002950792,0.0834824073958331,0.04195849933297742,0.0,0.0,0.08144762927434183,88,False,0.3525484915703132,0.3787526221369489,0.2151738208797096,2.060800799019797
204,0.022145455287752396,0.07847616246399015,0.15880910518246077,0.0,0.0,0.07801715584274223,0.1462240894574946,0.18279974854962777,0.0,0.14960452005735697,65,False,0.22070674915713007,0.18279974854962777,0.252755293499591,0.08406331036035518
205,0.18534715261271462,0.016051201962709618,0.1214740357595481,0.0,0.00012460972326862327,0.0,0.1754394957514874,0.309144904292283,0.0,0.035548262132498426,63,False,0.32614095418616523,0.309144904292283,0.34589195545301216,1.1291296285824397
206,0.4083037601133635,0.0,0.08451774464106544,0.0,0.04498278380518365,0.0013514712263353568,0.0,0.3129521963751298,0.0,0.020144958645883518,63,False,0.44620965676737895,0.4083037601133635,0.49446224778367825,1.7405126434628777
207,0.0,0.0,0.20123754827632018,0.036952490508732776,0.18985608255230138,0.12652792622646325,0.05652466671047548,0.0,0.12220466657185422,0.08302995268856916,88,False,0.22907782851855468,0.20123754827632018,0.2885391265724134,0.4385408192272543
208,0.006828319288143508,0.0,0.19390489764021498,0.0,0.09622030144989362,0.08247239339417446,0.2591031469409455,0.06881238930113165,0.11820238315249806,0.0,88,False,0.2676898766492316,0.2591031469409455,0.29536907571202536,0.9448797614300931
209,0.16842639502153425,0.03412122832352715,0.15725243637906258,0.031842023210131847,0.0,0.18133287580978513,0.0865663781695264,0.019996278557839094,0.13190144491076514,0.0,27,False,0.2184994506981653,0.18133287580978513,0.32527302200526514,0.26046396837798114
210,0.014263611080638786,0.10438927244093836,0.24025405747464734,0.08220728232551577,0.09246262492862174,0.09634420094407747,0.0,0.03475090720475869,0.015547325582338992,0.12459354846960587,27,False,0.2137896520135261,0.24025405747464734,0.22141690926488075,1.155894535648989
211,0.0,0.06770376714744404,0.35295318978595763,0.168026183002156,0.0,0.16781512076279617,0.0,0.0,0.0,0.09326964964132288,27,False,0.3501617246877275,0.35295318978595763,0.2684987538008346,1.522706865194169
212,0.07111212461898833,0.0,0.250820831979673,0.0,0.2308112361812554,0.08511449881312505,0.06438490746879465,0.0,0.09177256251687367,0.029499632998142032,88,False,0.27266999693237043,0.250820831979673,0.2709344644671116,1.156976892655151
213,0.01805466777240528,0.0794888189795585,0.12004173683245231,0.021729744136292903,0.0,0.17995058384794096,0.09828434168983184,0.09021529059147557,0.09326078398658182,0.0946653526417785,27,False,0.16155499458861772,0.17995058384794096,0.28998777439517126,0.14401932040194826
214,0.020082320121864703,0.0,0.2504093000105556,0.0025462560072451257,0.17045808321883807,0.0,0.18916630409704102,0.21545632282444585,0.0,0.0,88,True,0.3209218243708537,0.2504093000105556,0.2200655595826547,0.6024056379820801
215,0.2171917919960591,0.10228572900087494,0.03685137664145542,0.05939574001015614,0.11340173840867682,0.08016651427694178,0.0,0.20889017631679835,0.0,0.0,63,False,0.2422659509297667,0.2171917919960591,0.37556567072645164,0.7493673735006957
216,0.0,0.0,0.34086483885711266,0.0,0.20133641499787186,0.0920640646363197,0.0,0.07191643171067169,0.14293487341249125,0.0,88,True,0.34534580609133714,0.34086483885711266,0.2248175374990235,1.4192774361825837
217,0.0,0.18300821676814436,0.27317378815738735,0.036762289437584576,0.20294655174019896,0.10810999602401639,0.0,0.017623726382339465,0.0,0.014008808676726988,88,False,0.30561023911981305,0.27317378815738735,0.2634683601737566,0.9305849248170014
218,0.0,0.002066964582138907,0.31337231693545103,0.05061559985997104,0.14953468115801888,0.0,0.09986957360597426,0.0,0.023104814885627545,0.20080471829612742,88,False,0.32238056687683053,0.31337231693545103,0.2793241351538267,1.2809877680303836
219,0.0,0.08636162609881935,0.4107718192036152,0.16476888058728792,0.0,0.16356470536057308,0.009327391762276531,0.022159548637644886,0.0,0.0,27,False,0.39739000746513625,0.4107718192036152,0.2527084305808886,1.9306756532047347
220,0.2369735982732651,0.09702814106153144,0.28415131804209964,0.09050822353595428,0.0,0.08322460631786054,0.0,0.0,0.0,0.04369441755440609,27,False,0.3064257201532846,0.28415131804209964,0.3000416729200878,1.2178551658755339
221,0.007627484487001766,0.06561979907978378,0.296010288260648,0.14331177394159658,0.0,0.1931560292067898,0.028416699354183526,0.0,0.015296372144162176,0.07876991327783567,27,False,0.297956413958684,0.296010288260648,0.26041628651029664,1.3133337079587473
222,0.09904739922173245,0.0737557442505876,0.27883564260743865,0.10073323490908077,0.05337070458325683,0.19453332358298828,0.0,0.0,0.024299455539547342,0.0,27,False,0.2769287969618998,0.27883564260743865,0.24928022282712467,1.2577291529110304
223,0.09198067757353837,0.04591504045126328,0.061136815048772906,0.1630779220249818,0.0,0.0,0.044269412320174256,0.44643760351660683,0.0,0.0,63,False,0.4123764971301118,0.44643760351660683,0.4380106992292959,2.4169936068782394
224,0.0,0.04988855639886375,0.25354706614880873,0.012024480222607251,0.27248676959404206,0.0,0.004465366659100728,0.061370938764726046,0.08626157318359375,0.08937694586477674,88,False,0.3031409658218083,0.27248676959404206,0.2814516260775145,1.3188397829371206
225,0.25699565202754915,0.0,0.13469610395609596,0.0,0.0062017393477214085,0.13626483308984202,0.0019991558469296764,0.309303430075201,0.0,0.007915096789096143,63,False,0.3554327553014635,0.309303430075201,0.3605124652697228,1.1057363723187865
226,0.2234600625725356,0.0,0.009076194500650794,0.08447114035867156,0.022477091203085754,0.0,0.03650346010896781,0.41268418217625513,0.06310066720301016,0.0,63,False,0.4016576619576182,0.41268418217625513,0.4753780099203869,2.043011790489515
227,0.08959607769283282,0.07538081793375,0.48083149514946044,0.1037251743945845,0.0,0.01666045079719504,0.012907114029075845,0.07206468883226712,0.0,0.0010564026805997032,27,False,0.4350697011419204,0.48083149514946044,0.2228297547795506,2.7171894327424906
228,0.0,0.0,0.292488815597579,0.0,0.20688245019311985,0.06421194827569436,0.18874828565303364,0.09443525076523836,0.0,0.0,88,True,0.32533281141694403,0.292488815597579,0.22297290515658705,0.9747023288635674
229,0.025057544411753164,0.0,0.26728475438811244,0.15708055353942912,0.0,0.20857653495938022,0.10194889212395186,0.06321754593463762,0.008973062475642677,0.0,27,False,0.2929291438870907,0.26728475438811244,0.2495438853394301,0.9415266604613586
230,0.08860078886883449,0.0,0.13586996721975092,0.03982116896693334,0.21104160634435154,0.0,0.10280016859035868,0.18307534942723547,0.0551334177153704,0.0,65,False,0.23042296958311748,0.21104160634435154,0.2815365583015807,0.5103017425925896
231,0.19533323891991655,0.05669499037412405,0.006447572774322852,0.011409548244805095,0.09040448294650814,0.0,0.07917211284279625,0.35725648767798124,0.0,0.03821573493208652,63,False,0.3401934210102859,0.35725648767798124,0.4290079730807315,1.8957569732266104
232,0.025430630204914224,0.009437363617173773,0.1946419265715065,0.12259392606974952,0.0,0.0,0.20352582905013722,0.13188941592093512,0.0,0.13744164217428098,65,False,0.25210972828721673,0.20352582905013722,0.2812203890967336,0.2999786520433456
233,0.0,0.0,0.3947784880537999,0.08046218538867447,0.1978575573494358,0.01304686623667217,0.07442920780953997,0.0,0.038644391974198535,0.044252967632461435,88,False,0.3741229776140382,0.3947784880537999,0.24328411741386508,2.091380029110538
234,0.0,0.0,0.33272847769752883,0.08113257693450747,0.03696884036491904,0.0,0.0,0.14537593931649034,0.16470002171466325,0.0768316609964095,88,False,0.32100354064541076,0.33272847769752883,0.20163237001995354,1.5667825769143782
235,0.0,0.0,0.3252345895876598,0.07508551358572549,0.012549169193990862,0.0,0.09816557104975109,0.09446479949066015,0.1470398345261467,0.07558759728750797,134,False,0.29862654111313364,0.3252345895876598,0.2011373414099943,1.7639021081122495
236,0.2546259642790914,0.0,0.02761877117664848,0.0,0.0,0.0,0.0,0.632373000119862,0.003699048870847254,0.0,63,True,0.6190727181864207,0.632373000119862,0.6198646563601651,2.496270444829533
237,0.0,0.1110178647325092,0.47747198256142626,0.0028088930177523576,0.16742618287230324,0.0,0.006590998415304267,0.013762728756633097,0.023563436800169653,0.05711358898458211,88,True,0.446325928447487,0.47747198256142626,0.2570941546888877,2.441560391352563
238,0.20469636948249356,0.07089820064824057,0.12392937536575774,0.0,0.04309009672146068,0.0,0.015174515676254753,0.2634896212140874,0.0,0.10528851428199675,84,False,0.27719565893508163,0.2634896212140874,0.32195794672015915,1.0174167718107183
239,0.01043429758972284,0.09527689162034103,0.21840435100218805,0.08890336574237416,0.21086462103010206,0.0,0.07935967650087328,0.05365025906138392,0.0,0.05620955985772002,88,False,0.23585533303262005,0.21840435100218805,0.2507590590351286,0.9430780494495132
240,0.07398351748129028,0.06847258163352438,0.291117754875943,0.1364377841414411,0.0,0.28059407018918525,0.0,0.0,0.0,0.0,27,False,0.34711627309912596,0.291117754875943,0.31227814358830336,1.1991713483900366
241,0.1241021462602822,0.09126768045920626,0.09321209885536959,0.0,0.0,0.058702663801315245,0.0602236616814922,0.29407787148209463,0.0973633352344495,0.0,84,False,0.2618888957051204,0.29407787148209463,0.3175442294227844,1.6698875048615742
242,0.0016569491080688334,0.07317361537389654,0.30759871002110883,0.15188341477585404,0.0,0.10412556388874755,0.08650207053999966,0.10477990303707234,0.0,0.0,27,False,0.2894999279139555,0.30759871002110883,0.17353895179278173,1.4653535710594427
243,0.13155143333202265,0.10401851381874046,0.2163035005443191,0.03980371670297405,0.08599173583933659,0.022298924574317112,0.0,0.12087521365019785,0.08569084861375115,0.0,70,False,0.20346295984737467,0.2163035005443191,0.20692936211985755,0.621146437875319
244,0.1118408287931669,0.16367879983577907,0.10737257061413567,0.022649341302069272,0.0,0.014244536925581657,0.015488162182554862,0.2912935010500804,0.0,0.09701111539648778,84,False,0.2801103671028389,0.2912935010500804,0.32547038706036213,1.3298868311558043
245,0.17375224605861858,0.08298674372091457,0.1279365575694374,0.038201235601368004,0.02274575687016842,0.03858805221862917,0.004749708743271755,0.24189713884646952,0.07123309561504923,0.006113787294315993,63,False,0.23527481562059968,0.23714743010319778,0.2875203044925606,1.120656543073434
246,0.0,0.0,0.15778187283236572,0.12700774859901354,0.0,0.2627421510326507,0.10705688927197667,0.03865316115242922,0.08005287728678338,0.04663709533280095,27,False,0.25412200708124666,0.2627421510326507,0.3340593490563011,1.0718900663528987
247,0.07126819344108191,0.04951549891113239,0.3622008973940041,0.0949716111046498,0.08342147858590272,0.021739879581953916,0.0,0.0,0.00911825429962641,0.13579620839205964,191,False,0.32468593406067153,0.3622008973940041,0.23245367816706536,2.2177482131517627
248,0.264817848537743,0.0,0.11135007989894902,0.0,0.04352283723309664,0.09477413984855847,0.0032229371963022227,0.33493262145254676,0.0,0.0,63,False,0.365392623500499,0.33493262145254676,0.3812349808060517,1.413886843088729
249,0.22320090881958912,0.0,0.15831350776808006,0.006914509815874847,0.0,0.0,0.0,0.2628809277059577,0.0,0.2033873184172397,63,False,0.3361526963845043,0.2628809277059577,0.35987005011375955,0.6588319444649474
250,0.037146760148080445,0.144466064323194,0.1637618837187085,0.023340942569974172,0.013583143035929265,0.04790849576693199,0.0,0.17562762628781475,0.08787301865183311,0.1089410780273475,84,False,0.1954065592524039,0.17562762628781475,0.24387759841099693,0.3155722423155097
251,0.10631492807285575,0.08598221054428058,0.20332645039883435,0.0312398160422867,0.022368847122058343,0.07338266156360479,0.06786386859559868,0.02627495479549789,0.13130789312254873,0.043064499627883474,134,False,0.1695031771019629,0.180957603276776,0.2474261010115119,1.2267303966025023
252,0.0017803969891387753,0.07611763607316611,0.3946287286118673,0.01760973254255192,0.0,0.30008876741859286,0.03010028821822344,0.04187478881275921,0.0,0.0,27,True,0.4254246551712134,0.3946287286118673,0.27863278940518776,1.7648336260983033
253,0.00525555944094004,0.0755131292869933,0.3637646835553873,0.0,0.15095078204361093,0.0,0.12252252585626752,0.0,0.12812795789145615,0.0,88,False,0.34812561092953187,0.3637646835553873,0.2435734194179595,1.722739027945202
254,0.062338440786461995,0.05094655531127406,0.2925215977860049,0.0,0.23067373708936845,0.0,0.05869491595112469,0.008159125150987207,0.05516572676220369,0.06579609153602015,88,False,0.2974035013922372,0.2925215977860049,0.25420223478275794,1.5638913944003972
255,0.0,0.013668931128966139,0.22806884668904157,0.017848779169936078,0.17536931107378104,0.08176121404853841,0.08428176425919054,0.19069720130042053,0.028879561546015137,0.0,88,True,0.25911970722196503,0.22806884668904157,0.1702230075791859,0.7293381611989073
256,0.07327747479786965,0.0499251360581575,0.06708840204132835,0.0,0.0,0.045809012903376106,0.05231289786631652,0.3455702571894663,0.05051549794966383,0.13464865358656727,84,False,0.3006661990352265,0.3455702571894663,0.3586081559079489,2.3857825192401605
257,0.005869275630006607,0.2342661747355525,0.16562994351396682,0.061950745428098045,0.02699452728978614,0.2319236271975031,0.014136880661874154,0.0,0.0,0.0864768555138817,27,False,0.2832462482653267,0.2342661747355525,0.35791470244852197,0.8759509754270132
258,0.0,0.008337546521372311,0.2650533154500978,0.058901054891277775,0.22631291303884696,0.0722688771757574,0.1257792718327872,0.017445354395891535,0.050614852431464526,0.0,88,False,0.2848831242091075,0.2650533154500978,0.2526608504734657,1.1884944068453593
259,0.0,0.0,0.485423770303819,0.0,0.2210009276613844,0.10619182880140876,0.0,0.0,0.0,0.06742414776287962,88,True,0.47325689147303734,0.485423770303819,0.2879926973103034,2.175428869298667
260,0.038856788535181215,0.14651055468178917,0.2278500005274359,0.03482729290104545,0.0,0.19676864259582227,0.0,0.041930486476502764,0.0,0.13662861145158117,27,False,0.2601810078211489,0.2278500005274359,0.27273478811032015,0.6579696747597605
261,0.0,0.11248833789245548,0.3256785606029577,0.01529281918538737,0.04007263143572886,0.0055749593192064364,0.0,0.03109670088466963,0.1874368350350046,0.1145144358338017,134,False,0.3176333545113964,0.3256785606029577,0.26185537894331656,1.5624853079820866
262,0.16109936912468184,0.05517339682376923,0.3355013870544357,0.09714641943306498,0.007387350459289012,0.14113545734006,0.0376918522639392,0.0,0.0,0.0,27,False,0.3209604849005741,0.3355013870544357,0.2458140868622425,1.6368105690411006
263,0.06298756109372212,0.1040881327202484,0.09196868680751172,0.0,0.0,0.01846458766961973,0.2517758879150754,0.21457779643415326,0.06001365204428614,0.015386459085568977,65,False,0.26449462510479566,0.2517758879150754,0.3415576636758818,1.1355575758416105
264,0.22891165478345094,0.0,0.04807593208065086,0.0,0.006541590698488693,0.012523412354277027,0.0,0.4535850626589172,0.0,0.12012015487761249,63,False,0.44759778630606134,0.4535850626589172,0.48202352669312504,2.04402352365507
265,0.05234761580063053,0.11406092386139274,0.3235919474743946,0.0,0.06832663396686119,0.14671392515510204,0.0,0.05185369810538564,0.0,0.06794515507651444,88,False,0.2935651204604051,0.3235919474743946,0.17256267670888994,1.8710852901147614
266,0.0,0.03385200296269392,0.10733244235634753,0.0,0.0,0.12564686651099655,0.12249103674760481,0.17396540430720775,0.15127877498297645,0.09716697419152562,65,False,0.20074192851476402,0.17396540430720775,0.3016993395263625,-0.18012564562443095
267,0.0,0.02499325362404653,0.3523326041402148,0.1819249278769338,0.0,0.0758432698690258,0.08501670785601498,0.08456791376817548,0.029416319807817497,0.0,134,False,0.3311241948022258,0.3523326041402148,0.19856530155905835,1.9001768862523813
268,0.09683281003692416,0.11931931865677128,0.12746500942269232,0.0,0.1319844647201828,0.012521214404613524,0.0070300396286695835,0.23508177798708532,0.009945844303131448,0.07182404286505104,84,False,0.2285070693365454,0.23508177798708532,0.2712236097836363,0.7268032570829493
269,0.0,0.0,0.2743505882767791,0.0,0.0,0.042419406283391595,0.16929906004711576,0.2906913908120646,0.0048986055971996035,0.0689782886621081,65,True,0.3510530067791026,0.2906913908120646,0.21012609209863223,1.1362114707421904
270,0.2719825819592725,0.05046778932383383,0.0,0.0,0.0,0.0,0.10435240950074426,0.2782497178150611,0.0031163455797827153,0.13923486288462192,63,False,0.3360886106009978,0.2782497178150611,0.4637949798112568,1.0905675037380507
271,0.05810849734355253,0.06210097523660318,0.2102575330753724,0.06070237029303182,0.16421097067515886,0.15781986949731125,0.0,0.0391667678647649,0.0,0.05540765018392305,88,False,0.21555706087081447,0.2102575330753724,0.23945259490896162,0.7665874719280621
272,0.03602278896636619,0.037991666187567344,0.09679400338929096,0.0,0.052848611198063326,0.0,0.20029882500815627,0.16102560794012263,0.0979169688107646,0.1231668709586992,65,False,0.2020810242016696,0.20029882500815627,0.32096146976909523,0.4955577949811565
273,0.0,0.15379459476764082,0.2463297783982453,0.222317604736109,0.0,0.14288658836033163,0.04603372087871473,0.0,0.02531933518887432,0.0,27,False,0.2954978680315835,0.2463297783982453,0.3138111754429866,0.7208706714582052
274,0.06826876512399405,0.09021434243346545,0.3655768320522824,0.13586403512809195,0.0,0.03485882308824865,0.0,0.0,0.0,0.1460585699519082,191,False,0.342337245547474,0.3655768320522824,0.26244668056469544,1.897043276456417
275,0.05350107608713179,0.06137189694715613,0.14636463600535235,0.0,0.05264390107744877,0.007123053902222142,0.1480576797248083,0.27004539088086893,0.0,0.07778109017339054,65,False,0.255382180210822,0.27004539088086893,0.2576389059540406,1.2853663162647735
276,0.10820419592833622,0.0,0.0,0.0,0.0,0.13450552867800647,0.21895615264176027,0.2510346782356996,0.013415146670145074,0.10958355613537551,65,False,0.28894068875460566,0.2510346782356996,0.41890892166760774,0.7298064831318517
277,0.14467893209741126,0.06920937639979871,0.06682356293158503,0.0,0.0358896078538417,0.05236364353032978,0.1564065368837007,0.26720515552981317,0.0,0.022516204239301372,84,False,0.25360393266685516,0.26720515552981317,0.3344825490340968,1.3069514775678819
278,0.06724669765026192,0.0,0.28210901350598383,0.08773348224202307,0.05278179809299308,0.0,0.15682848857646273,0.1539018982602439,0.0,0.0238765629485334,65,False,0.2751681575862655,0.28210901350598383,0.1666068548639332,1.2343778190010346
279,0.0,0.11950548753389229,0.23903798282574665,0.14019178751187658,0.0,0.2673079916562478,0.0,0.0,0.04149502559805564,0.030873169777592656,27,False,0.3087411969271293,0.2673079916562478,0.32234058564058676,0.969070137804432
280,0.01076298711701293,0.0,0.23626499970197548,0.16285831265804177,0.12772266228685397,0.1280803140410657,0.023821362749072775,0.02613122308567802,0.10223180173455834,0.0,96,False,0.24531114289965023,0.23626499970197548,0.26181162307243555,0.6646951202390406
281,0.0,0.12011598155442385,0.2854844875864706,0.0,0.09603790767688163,0.01446987913003494,0.0,0.17423984308529505,0.0,0.1459428252542559,65,False,0.29574857027118956,0.2854844875864706,0.18029270874471337,0.961770625965802
282,0.13185292286294797,0.0,0.30484250318255723,0.0,0.0,0.058187222764781416,0.26291916999376813,0.09254409242919605,0.0,0.0,65,False,0.34592026621170774,0.30484250318255723,0.26219135691695356,1.2098962793225103
283,0.19446944607384306,0.015603039878633228,0.09283314041402063,0.06475959209870673,0.021612179414345865,0.0,0.057001540126506885,0.3245820817086031,0.030739820625765298,0.020306356080207758,63,False,0.30655266731259456,0.3245820817086031,0.3534810168739358,1.8539450230648327
284,0.0,0.0,0.3345374102821801,0.08914236990802633,0.07179350488270952,0.15191041413038478,0.0,0.0,0.15423148580814286,0.03620674300150833,88,False,0.3215593389378272,0.3345374102821801,0.25182459581123473,1.5850107428367834
285,0.0,0.01525636148521549,0.3275943390049196,0.09862864132707345,0.017464000366922517,0.29575664867642654,0.10006061189181835,0.0,0.0,0.0,27,False,0.37769555943046196,0.3275943390049196,0.3011687420111463,1.4252113840422103
286,0.13758719116187143,0.0,0.018144604920428006,0.04717573933066909,0.03956163939343904,0.022490571630999177,0.04579674379520121,0.31910403139140964,0.07424483019012525,0.11006945142667614,63,False,0.28103290489860083,0.31910403139140964,0.3961516528726803,2.1135675850201623
287,0.029197575835623202,0.16060644173754837,0.4473276540316796,0.0,0.010971134997186383,0.0,0.0,0.13052820351090688,0.024903147431528883,0.05005512909959493,191,True,0.4180913849350402,0.4473276540316796,0.19435406519629386,2.333130029680245
288,0.26422637837340746,0.08775023497662895,0.1423303271272851,0.0,0.0,0.0181306055082481,0.0,0.33167883631153217,0.0,0.00997417777378222,63,False,0.3686500005119108,0.33167883631153217,0.368891025989748,1.3275960437119405
289,0.0,0.15496159910650092,0.2626930268842569,0.020867913749219077,0.009809347378993548,0.11531538704512444,0.03438697686514603,0.132175168204789,0.0892101643513693,0.0,92,True,0.25791531171040954,0.2626930268842569,0.17418846976139538,1.0205999910009416
290,0.07743827774427274,0.07094193882621913,0.03993219997402391,0.021411665760252305,0.09251203299218809,0.0880781666167896,0.0,0.328953720691142,0.0,0.09805689700575855,84,False,0.2839152309187948,0.328953720691142,0.36121489452633,2.2575058464333444
291,0.024236747477861833,0.003204954255477552,0.3127514652598123,0.0,0.2471640898294571,0.08464739875332837,0.10026702854876543,0.0,0.030218772838984546,0.032812232251549056,88,False,0.33061949685589187,0.3127514652598123,0.2574229500301052,1.4868136752892651
292,0.16973279835847738,0.07615578078515102,0.0,0.03649828017701199,0.013695023844913163,0.022854953520744205,0.0255686952588612,0.35458477212142886,0.0,0.13360034489755276,63,False,0.33449682080116394,0.35458477212142886,0.43815399165973445,1.8862464307895892
293,0.0,0.0,0.21273857337040727,0.1308752470326839,0.09835274870416907,0.0,0.11059168840835708,0.20751749872774836,0.036398860791525406,0.024770252430579613,65,False,0.24913486305145258,0.21273857337040727,0.20682677699185198,0.5844504675098536
294,0.011267861545206696,0.0,0.027155449365154696,0.07674132606365835,0.014390030030020137,0.07164598220372832,0.19982370773289507,0.3429451167247765,0.0006866576944352013,0.08704520648429258,65,False,0.32919483228674096,0.3429451167247765,0.4043029734799041,1.8064495414938644
295,0.0,0.04506255855984634,0.30134135291086916,0.1726512058427135,0.05794950941941382,0.07867681787192986,0.12232474105476583,0.0,0.046820981282128145,0.0,27,False,0.2856065457466811,0.30134135291086916,0.24161473926449692,1.5336868667334569
296,0.05656639969691079,0.06382053558095095,0.16436292268807115,0.0,0.0,0.0,0.003892190005942276,0.3327261323738247,0.03143703555033846,0.18691435860277586,84,False,0.3329423863859323,0.3327261323738247,0.3164222325190193,1.4859109679504992
297,0.07214196226975485,0.14918841418543152,0.32624187404905547,0.06312791882206903,0.0,0.0,0.16036248026332478,0.0,0.06464807240919482,0.0,134,False,0.3135480366471465,0.32624187404905547,0.25427459854487017,1.5508065565890337
298,0.0,0.06300535566500923,0.3616684653282588,0.0,0.14663896600912382,0.1538482479014915,0.09767460862098228,0.0,0.0,0.02039358348891044,88,True,0.3453611479425879,0.3616684653282588,0.21167222075290884,1.7624905682906087
299,0.03040170898599881,0.057626256872659015,0.22530630148736727,0.013845799217976046,0.11491195005805627,0.06209503915237761,0.13440622087204415,0.013606017129501796,0.15579512092876446,0.0,88,False,0.22273479659703907,0.22530630148736727,0.25458245021277365,0.8020164041351557
300,0.0,0.009113303236384223,0.4678381150323117,0.0,0.0,0.18698218426808744,0.1269080118349515,0.0,0.04128569915506716,0.03326880951930083,130,True,0.44584114290445337,0.4678381150323117,0.26401717111047696,2.265966777184406
301,0.0,0.0,0.27513439791057553,0.16991720020860987,0.21825994606470853,0.0,0.011410846427112039,0.0,0.08795906200249697,0.0773790940844895,88,False,0.30971837953532577,0.27513439791057553,0.30863613888355224,0.9253555485644538
302,0.23784391791618742,0.0,0.1755366126001684,0.0,0.05966361352633098,0.022635180571416235,0.0,0.3656727721457028,0.0,0.0,63,False,0.3895345964706208,0.3656727721457028,0.3479731419828739,1.4433645043278795
303,0.284509255480177,0.0,0.11936198020398671,0.0,0.0,0.0,0.07521856232114207,0.39385941559091014,0.0,0.0,63,False,0.42514200049953715,0.39385941559091014,0.4254993039650741,1.6000081175305234
304,0.0,0.0,0.3641123559167197,0.05692502738788967,0.05649336983677067,0.037036740088443224,0.0,0.06359315912536975,0.14114922847257774,0.11174262647537489,191,False,0.32877464417820185,0.3641123559167197,0.20685951798273017,2.1776417212064194
305,0.10997367444063283,0.1690531296776398,0.33052644271175496,0.04477363049826231,0.15706642378881594,0.029228738071428007,0.0,0.0,0.0,0.0,88,False,0.32745314096127515,0.33052644271175496,0.25239615181297764,1.4389681457236319
306,0.011770758324822687,0.07276425881730587,0.44778642209903236,0.17383387405116024,0.02378235729848777,0.0,0.0,0.09145718219846886,0.0,0.03111893280893471,191,False,0.41712926146140655,0.44778642209903236,0.22659367427846597,2.373503428571476
307,0.0,0.0414212268019823,0.3835008650572367,0.02873420627874825,0.0,0.022526628452916357,0.0,0.10239369976765776,0.18044039912547075,0.08116458761351585,134,False,0.35999532754859165,0.3835008650572367,0.2152287569343791,2.060425397077471
308,0.06084425911944334,0.0,0.3129475946372346,0.09338916966405475,0.09893935268267881,0.125478362064818,0.0,0.03465390647854,0.020936361861869812,0.06988355380791604,96,False,0.2753888367682637,0.3129475946372346,0.18930758217049468,1.9867969846982392
309,0.021141817077916628,0.09788229931986707,0.33631810733287165,0.0,0.29325265265450007,0.004262484181317196,0.001592522136234601,0.0,0.10227287176105328,0.0,88,True,0.38327263899879055,0.33631810733287165,0.312411812991134,1.4358584891191948
310,0.03722123997041886,0.11038571790932247,0.23585190023388627,0.09386770538266777,0.0,0.0,0.0,0.0716609330799734,0.12387694827375392,0.14265483333002427,134,False,0.22913296271952815,0.23585190023388627,0.259164809574131,0.7167723682512872
311,0.11819848818826231,0.03523750331597364,0.31817452870663027,0.03909179987437221,0.0801522545275652,0.0,0.0,0.1156314057366822,0.09224547925808585,0.02022929436464687,191,False,0.2825231559378845,0.31817452870663027,0.16032307128590081,1.963803192874289
312,0.015347283413457927,0.14816912308664557,0.4068558870613851,0.12561790761093944,0.0,0.0,0.07418892438085062,0.0,0.0,0.07863848090534623,134,False,0.3790724241158025,0.4068558870613851,0.2569309333260648,2.1407384912472827
313,0.016162379026152366,0.06762062770254083,0.412574306896846,0.13792486025781953,0.0,0.0,0.06914212730879785,0.0,0.0,0.14678418934661844,191,False,0.3856062022734901,0.412574306896846,0.2683926621016781,2.1533762873613456
314,0.0,0.05177536433012437,0.30112660473377467,0.0,0.2627213660259156,0.0,0.1315673523702527,0.0,0.10311121672606267,0.0,88,True,0.3443823109680389,0.30112660473377467,0.2966438905764975,1.1744008124730971
315,0.0635157025362608,0.018305425720534563,0.05825228390894767,0.06970884044071743,0.03580193825840911,0.1003372245277249,0.0,0.24214410586564616,0.0,0.22899338626904814,84,False,0.2616632908053827,0.24214410586564616,0.3715683254586125,1.2332708351659774
316,0.0768618495932082,0.03346593951761349,0.16196462200727027,0.11435977572673162,0.04626065403272253,0.0,0.10421352582797135,0.2684861754647367,0.0,0.011176657001423463,185,False,0.25498047697476944,0.2684861754647367,0.24935901153668538,1.24617421146185
317,0.0795682288079459,0.0,0.42938662608237893,0.11626088555960651,0.0,0.10825396322961628,0.0,0.044122954362249625,0.03281380129118942,0.0314140901811746,191,False,0.3867041850639896,0.42938662608237893,0.21354927376275337,2.543752603095658
318,0.0,0.15329319691893456,0.4598732341861986,0.12921230653730176,0.0,0.0,0.0,0.0,0.0,0.13008174036093142,191,False,0.4398236096117276,0.4598732341861986,0.29917552083091487,2.1402221572825826
319,0.0,0.0,0.27525557953453483,0.08284130617281016,0.01934443509823255,0.0,0.21375316950570855,0.0,0.18777234913009322,0.060841947289251894,88,False,0.3123377572494015,0.27525557953453483,0.31808140974875715,0.9477432704664591
320,0.12463306197978491,0.0,0.29531861695466066,0.12587042281166136,0.0,0.11833776689159163,0.0,0.17800469539314617,0.0,0.0,180,False,0.30629444221211866,0.29531861695466066,0.18787272663722854,0.9760382224049909
321,0.0,0.06412506115119014,0.31376031167000873,0.0,0.2727875921678063,0.0,0.0693025922071535,0.026997280586120456,0.07673622568372648,0.016010404147433183,88,True,0.3443293168692579,0.31376031167000873,0.27086858847245165,1.5311279235528628
322,0.1798924833329085,0.0,0.07148649025400791,0.0,0.07470303794770451,0.0,0.08747465408227828,0.277995072527624,0.11796811522284888,0.01505149563891003,63,False,0.2727444996378301,0.277995072527624,0.3573100730607389,1.199420456825756
323,0.06522921982033306,0.0,0.2195157149385518,0.0,0.14566282300697195,0.04220582500688323,0.08323547405155138,0.12936383379663854,0.04465996111807582,0.07563682794108359,65,False,0.2050185948260469,0.2195157149385518,0.17851753024209202,0.8403153801691562
324,0.07673185693308814,0.11383065890178663,0.21159688076588715,0.017590740114884377,0.02519244868867992,0.0,0.09402863457619062,0.195290443342118,0.07777210549978628,0.0,65,False,0.2275819542006797,0.21159688076588715,0.19142319105720337,0.7138702112943548
325,0.216567518516828,0.00875401263855847,0.07395419443014596,0.0964386995506066,0.0449258026847383,0.06474502430719119,0.05821071389149349,0.24770401454839625,0.004167633602053609,0.0,63,False,0.2576668061742428,0.24770401454839625,0.34948077923207493,1.2309272888479932
326,0.14396379810105445,0.0,0.3318248045157117,0.05234586251831999,0.16867172925795598,0.0,0.04390241338020975,0.0,0.03727590496791224,0.05298454594697303,88,False,0.3153068141466702,0.3318248045157117,0.24837143679229917,1.719690265269064
327,0.017476574203464736,0.049997964407905035,0.23749052179125793,0.02424414457443684,0.0,0.12718528814741248,0.09639812427034365,0.080348066109368,0.09873404068940915,0.0697264909602138,130,False,0.20529914460658444,0.23749052179125793,0.18901009844300834,1.322847594280853
328,0.0,0.018281504310290502,0.2920698509834004,0.0,0.10895517486309164,0.05917266897876774,0.0525480700297845,0.07664311636659277,0.1304044867131154,0.07604179889499114,88,False,0.25751704616833365,0.2920698509834004,0.17307693089844942,1.789667545559691
329,0.14374015931993994,0.014529523469406372,0.08968674715831824,0.00403746858707552,0.05519511796138083,0.08145772801429864,0.035726104636067256,0.2125057916531154,0.027137644389484124,0.13675621666123874,84,False,0.20108358728778836,0.20846832306603988,0.3066248869088644,0.8282509902368873
330,0.04641803268395699,0.11247824715440606,0.4405177179464997,0.153186641753291,0.0,0.0,0.0,0.0116043776884442,0.00545010172597813,0.08321572851162351,191,False,0.40901865474546806,0.4405177179464997,0.2680591152446038,2.3327388619001956
331,0.08497352495323975,0.0065165187676665065,0.130238033337979,0.11289996029836513,0.07771895388496135,0.04073487877948403,0.04843315507213227,0.2670706810178687,0.0,0.038739811235271836,63,False,0.23404279310507115,0.2670706810178687,0.2641442527774662,1.6189204373999337
332,0.21714140011351532,0.03040719288841225,0.058264906801962356,0.06428336930546434,0.0,0.0,0.04166282507568004,0.32404773903828815,0.0,0.09652972351637476,63,False,0.32050209084769904,0.32404773903828815,0.39835759786468417,1.6479955896191245
333,0.12970764546065905,0.0,0.06433150109082166,0.0,0.0,0.058797714192551705,0.252425278341215,0.23555909279005563,0.015843701451677152,0.0708627198936109,63,False,0.2840817579099801,0.252425278341215,0.3745295204513824,1.074566162580787
334,0.09867070819144298,0.0247156317296209,0.48991009882959297,0.0,0.0,0.27577357099843913,0.0,0.0,0.0,0.0,92,False,0.4986815011138931,0.48991009882959297,0.3252407784981971,2.0278057995871555
335,0.0,0.130077729129477,0.27775165372975696,0.07374425120128943,0.0,0.105014476638833,0.1477906982640257,0.07346402434686139,0.0,0.015270156367796125,130,False,0.2655029355730376,0.27775165372975696,0.1919617109916713,1.1863736386843797
336,0.0,0.03264509618521336,0.3628985806828392,0.26608170144751153,0.025836831154635573,0.0,0.029659109306340786,0.00011570391343613696,0.13869083304808316,0.0,176,False,0.38954919262265336,0.3628985806828392,0.3333220445828864,1.5524609776203606
337,0.3087485618427111,0.007470222372230885,0.0,0.0,0.0,0.0,0.0018970867933448406,0.4509473342220576,0.013873676357670364,0.10132964919316954,63,False,0.4818880424505635,0.4509473342220576,0.5458008289482474,1.8232227376858996
338,0.09572834570575339,0.00010445200861150074,0.6028090177837635,0.05519715726599779,0.0,0.0869457430302631,0.021014394331123815,0.0,0.0,0.019512173760825736,191,False,0.5544783296760631,0.6028090177837635,0.33218792443655365,2.9407658946626807
339,0.11488523097880125,0.0,0.32612376056281905,0.015629188457895245,0.04385526663041864,0.06052344294991531,0.10311672083164426,0.10204208032067713,0.0248814615010428,0.02425932051466535,65,False,0.28519055156789946,0.32612376056281905,0.1309452598704795,2.177647253941864
340,0.1071821975845398,0.03867491146581619,0.2269538065709364,0.01379882776277237,0.11223199949099248,0.0,0.0,0.26660005088602545,0.0,0.06386995501577478,185,False,0.28975924749463017,0.26660005088602545,0.20558849795739906,1.0984396675166033
341,0.0,0.0,0.6238192586957516,0.0,0.0,0.11344365334162161,0.010179901412966203,0.0,0.15697351751785774,0.0,88,True,0.5887795230910585,0.6238192586957516,0.37306105049026045,2.722416599152715
342,0.02062006538407149,0.0,0.21492176332673826,0.0,0.01695380499695401,0.0344424016444352,0.18760001787415412,0.23063001018018076,0.0,0.12725652655495803,65,False,0.2893331179662413,0.23063001018018076,0.23555285398015852,0.6734128022676091
343,0.04499870751243026,0.10174252986019074,0.36821185157271996,0.06462944880939715,0.037104837213814315,0.0,0.0,0.04088856703530482,0.017252614161608188,0.15348002108993272,191,False,0.33274366699858665,0.36821185157271996,0.2180320280428301,2.2434814637353617
344,0.0,0.0,0.3016226164205098,0.0,0.43099901955478553,0.029441565104138843,0.027526323241299926,0.054828245547906954,0.02527796976783924,0.0,88,True,0.45527973146324013,0.43099901955478553,0.3929929582114112,1.892369428410344
345,0.0,0.0,0.4849173710854788,0.07460640908297773,0.10608435496246069,0.0,0.037755933019766534,0.07375856601272494,0.03885601056381259,0.03371120247344772,191,True,0.43571614805733405,0.4849173710854788,0.20691484458023515,2.8144303903887016
346,0.17370707303860008,0.0,0.1163018572590903,0.03041798095997356,0.06157946158231937,0.022350897683668273,0.036640681962895105,0.23859848239196613,0.08365695984944291,0.042330020368470486,63,False,0.2262318216639365,0.23859848239196613,0.2951282623188616,1.2367726454437091
347,0.09738228544938109,0.0,0.18284761673162095,0.0,0.013195440989299463,0.0,0.24055143166730975,0.3239852725089043,0.0,0.0,65,True,0.36470917504582406,0.3239852725089043,0.3176019146461058,1.1371939568402691
348,0.0,0.0,0.29533230879282557,0.0,0.29429808206717323,0.04739181448758025,0.10966657304733854,0.0,0.10601408327304178,0.0,88,True,0.35672021859190084,0.29533230879282557,0.31205792698190393,1.2708101315523321
349,0.0,0.0,0.30134751696574974,0.0,0.0,0.23031208025885935,0.11234764930203367,0.18593593666116928,0.023128891210697083,0.0,180,True,0.3455878652349239,0.30134751696574974,0.19695394650582077,0.9913892598498225
350,0.08268484614976995,0.05298794767967061,0.19930463951668614,0.0,0.2239401533961665,0.0,0.23177418982686004,0.04412714402602808,0.0,0.0,88,False,0.2930135638385926,0.23177418982686004,0.31721345164866366,0.775510859535763
351,0.04927782563270729,0.14555163479155311,0.07075771168548638,0.04606361520579606,0.0,0.06172475402623963,0.0992781404216626,0.19624496652224382,0.0,0.1345852198484566,65,False,0.19120723024808017,0.19624496652224382,0.32186444895126765,0.47651624430482753
352,0.19434012984630317,0.0,0.12916656767187654,0.04300676161155875,0.0,0.0,0.16685492968888432,0.2506568949979551,0.042751981577441915,0.004440994088765437,65,False,0.2829321007556834,0.2506568949979551,0.324890765827917,0.7366991447096339
353,0.017964180083783716,0.09365249141807931,0.28077507538849633,0.0,0.10118364115236904,0.1674792286847193,0.0,0.018274589939416847,0.08802920849327485,0.05099892822568978,92,False,0.26480768297322876,0.28077507538849633,0.2171830396009767,1.3927471983952178
354,0.0,0.005586347704329594,0.33904526735175666,0.07676207653953485,0.0,0.08260638633107362,0.07064426707995725,0.2571260334210904,0.0,0.013671223740378708,130,True,0.35779871897327287,0.33904526735175666,0.13807789542183063,1.5614972074614202
355,0.06182395628186132,0.0,0.09830103544711273,0.04563110201140203,0.10895487718261879,0.0,0.0,0.3820596241253737,0.08905532247784478,0.04566006028595184,163,True,0.3385475620986262,0.3820596241253737,0.35444052966855033,2.41561795138334
356,0.0,0.14763139912941528,0.2359864010937238,0.0,0.02512294972968273,0.028548091446207957,0.08957088633500145,0.26017391423297725,0.0,0.04378033285155127,65,True,0.29640428807265634,0.26017391423297725,0.19109261047549025,1.051224614852506
357,0.0,0.15270994774537844,0.0,0.0,0.0,0.19159986728585165,0.02450047915506925,0.34200011085991366,0.0,0.1427761676236928,84,True,0.3546102494515123,0.34200011085991366,0.4405252242395295,1.293220904437005
358,0.004410248128871205,0.0,0.1838783300601826,0.1280599777654147,0.08220430542075093,0.0,0.16098584278628805,0.14836840463511367,0.08077749829321873,0.024189206147166437,65,False,0.2147091844306961,0.1838783300601826,0.2440467777659386,0.10485911937324396
359,0.10466066145462326,0.08021965200892074,0.17079131446658177,0.03576410785680237,0.1309039102574336,0.2880196463074486,0.014644336779226969,0.0015342324476758922,0.0,0.0,92,False,0.2830238988086674,0.2880196463074486,0.34153155481493686,1.228363077084274
360,0.0,0.03421095148235706,0.23940247307354195,0.046011189526354294,0.16210978177589458,0.11832989392930429,0.13574808895591875,0.08309446051676793,0.0,0.0,130,True,0.2436251240110968,0.23940247307354195,0.19341474908795334,0.7367524154619672
361,0.037439857041810534,0.021106763980068763,0.13954646655544253,0.0,0.05452021010321701,0.10642461348744968,0.17906084119691199,0.2268680350835297,0.04809328217467999,0.0,65,True,0.23560095212104953,0.2268680350835297,0.2521122130298436,0.8056983330119175
362,0.0,0.04398256653900399,0.29609038657564013,0.0,0.0,0.28373131222307735,0.19211137974474415,0.027280232048341877,0.011504190970307507,0.0,92,True,0.36808499152282687,0.29609038657564013,0.30143323267277483,1.1495795162375926
363,0.09390532281999907,0.0,0.19174362744033208,0.0,0.0,0.008431104752741891,0.22186935242499323,0.22140282886380971,0.02852620462455219,0.06480215733165315,65,False,0.28324628712277866,0.22186935242499323,0.26550512334299503,0.7142357444364545
364,0.0,0.12738082374829546,0.2741963114686178,0.0967376000248599,0.13871428307363645,0.0,0.0,0.0,0.20499734282150298,0.0,88,False,0.30264096947880714,0.2741963114686178,0.30606545939924285,0.8015344795953547
365,0.009593020990241986,0.07772502549680269,0.3343072689441411,0.009023632088002992,0.06113062061078665,0.0,0.10649736082137422,0.12605916542576914,0.10166633733548232,0.0,88,True,0.3021940894756222,0.3343072689441411,0.1349636045412013,1.927899663574189
366,0.22004328314827584,0.019407176207912106,0.10709758733633326,0.006101823292059019,0.0,0.0,0.04555438551174224,0.24382082052579512,0.1300585635131649,0.05112742722353768,63,False,0.27171269260747516,0.24382082052579512,0.3492247742379852,0.9507039873590656
367,0.29281569531699503,0.0,0.07539873341999484,0.0,0.0,0.007071411542964402,0.0,0.4444487857882917,0.0,0.05848392603289443,185,False,0.4651719865185171,0.4444487857882917,0.4848061255065755,1.8779714183902474
368,0.0,0.08708029386987845,0.4995191435662269,0.06729529780502107,0.0,0.0,0.027401559573928574,0.08348862567720633,0.018131359013536904,0.0705066279388291,191,True,0.4499396500812013,0.4995191435662269,0.2210050984090461,2.840526249409628
369,0.0965819934148532,0.029431274179954465,0.18310744930121434,0.13543463220951796,0.0,0.0,0.0,0.32474485897077915,0.06914136054736776,0.0,185,False,0.32002869217345137,0.32474485897077915,0.28985850209676634,1.4475151827197468
370,0.076883921184534,0.0,0.2723109661759584,0.19653604012431583,0.0500549183111228,0.07594990401297907,0.11209509387334775,0.03896421016887475,0.0,0.0,130,False,0.27126477204013855,0.2723109661759584,0.2456061045640684,1.2448178208420368
371,0.0,0.005286058457154315,0.2643807063828483,0.0,0.0,0.1576375197776076,0.14695440424979855,0.10976981530872156,0.11334030174952066,0.03078924708966336,130,True,0.271881561014069,0.2643807063828483,0.20296175347167014,0.826874230585789
372,0.0,0.13312645545945065,0.3916885713845979,0.08807946272659993,0.0,0.0,0.0,0.163587489270108,0.0,0.07622197212903128,191,True,0.3733311161698399,0.3916885713845979,0.17541246243576938,1.9050958588553275
373,0.0,8.835650008912246e-05,0.46607383079967846,0.03940498167323597,0.09063558725207987,0.07019679960918565,0.0,0.0,0.16024946569318668,0.030345737112245575,191,False,0.4310002006622499,0.46607383079967846,0.2657158089484297,2.4802116884608414
374,0.18358807102527885,0.0021073350959427777,0.19317763435652022,0.0,0.05861935541231412,0.05591734316215852,0.0,0.12075199284976768,0.1142653087244237,0.0837477062331298,13,False,0.21545724166132896,0.19317763435652022,0.25933579520303784,0.3690832910462329
375,0.05614667759882318,0.010739107336338906,0.048619370653524466,0.11148483314190137,0.08940433091062655,0.0,0.0,0.373263636816132,0.11896540187668604,0.02082060964708585,163,False,0.33387480801384584,0.373263636816132,0.3974236095993801,2.298912352589859
376,0.0,0.11589008230134192,0.46062741147404523,0.19779287361649472,0.0,0.009466285662483231,0.019611089711747676,0.0,0.0,0.06189710901655882,191,False,0.44157932423189916,0.46062741147404523,0.29921024662674794,2.2088166710160526
377,0.13917324495270092,0.030317317451192205,0.0500971330194396,0.08582863812996461,0.0,0.022610355068724122,0.059615639272062336,0.33390268077227775,0.09458146680520485,0.0032555320809167184,185,False,0.2962127508787842,0.33390268077227775,0.37788767601308043,2.1368984928622323
378,0.0,0.060662342989172224,0.3079596163226825,0.0,0.2200369499209067,0.03715357092412842,0.1800479875823449,0.0,0.0,0.03735681434719738,88,True,0.3339197854609017,0.3079596163226825,0.26672601583143485,1.2104965837030235
379,0.0,0.10840275929788476,0.4703977060139902,0.09103669365563809,0.0,0.0,0.03600594644052425,0.07014635963169868,0.07741736313273076,0.0,191,True,0.4258160048802064,0.4703977060139902,0.22127784378195794,2.6605405482789064
380,0.18424186717331298,0.049457147209745235,0.14360969969845983,0.0,0.0,0.014649766525880872,0.07990126214558023,0.3767778739263545,0.0,0.0,185,False,0.36621002480928805,0.3767778739263545,0.34312108949675046,1.7843052595741766
381,0.0,0.24788390931303572,0.1882950250232215,0.0,0.0,0.1433311433755585,0.0,0.049419380094814135,0.21591136472105213,0.0,92,True,0.30923740051420645,0.24788390931303572,0.3606984435960533,0.6259025726421833
382,0.0,0.0,0.36786213456341943,0.0,0.1718741310861234,0.17298408958737785,0.062122895597832226,0.02927481472095123,0.04277556197098051,0.0,88,True,0.36074562938887256,0.36786213456341943,0.21376678647915753,1.7176543829803552
383,0.0,0.026625561893256232,0.2249341238463024,0.05557060526370675,0.20173134767429687,0.12492831580205928,0.08237105152486233,0.0932684640915931,0.007261982993144281,0.0,130,False,0.24436293713496732,0.2249341238463024,0.2092432844877045,0.7919777211453832
384,0.07077032186135766,0.1133269671887779,0.1749098116193804,0.0,0.0,0.16756954881231328,0.13074763445442877,0.08499366961197649,0.06422326264282782,0.002646950087001981,130,False,0.19904361468847223,0.1749098116193804,0.2494193017849874,0.044838970656410036
385,0.05064943273901278,0.014041828647486388,0.13324368849523088,0.029779814602498397,0.11968390472611612,0.09706926581681133,0.09951770417067037,0.19173275211376944,0.01869411786426001,0.0398633233340035,65,False,0.17523227544164463,0.17769092346628307,0.22653240028394941,0.6560051890272913
386,0.0815963506513316,0.0,0.16907976275860637,0.0,0.2607621093110071,0.0497686848536382,0.09836462839917666,0.04170179243298273,0.07140871801460016,0.03858113402204099,88,False,0.24092359840997227,0.2607621093110071,0.30696555120509006,1.4112940728103085
387,0.13937650716867486,0.0,0.4322869669313426,0.0,0.1642828306580874,0.02894746639615831,0.002073088554921951,0.07159755240697116,0.016637831992232247,0.0,88,False,0.40871748028319793,0.4322869669313426,0.21834006620814403,2.1753841714968623
388,0.0,0.13623875541306849,0.26842973176902085,0.029366796693315274,0.10033448338536441,0.0,0.056195924777061826,0.03271660881149974,0.17079271388288378,0.023869908039284706,88,True,0.26229874982946294,0.26842973176902085,0.24729476146358353,1.2114700533390672
389,0.15231696667373784,0.06231101538289704,0.0503803162459735,0.0,0.0,0.0805244971570496,0.006083039906454697,0.20132991803421002,0.1324695808366238,0.12489271724222117,84,False,0.21045811374837992,0.20132991803421002,0.3638340151217724,0.3245646072981239
390,0.0,0.0,0.7062356660239164,0.03666268317145085,0.04753064344548156,0.02843185170509239,0.0,0.0,0.0,0.08842050654740531,191,True,0.6560884937073449,0.7062356660239164,0.4176690970849945,3.0591875057575377
391,0.0,0.14075053160242612,0.3228055719830824,0.0,0.0,0.022446409366597357,0.10234913270881105,0.1401179456830161,0.05344830357702875,0.04696200717863201,65,True,0.30213015343924116,0.3228055719830824,0.14667265687015277,1.6666375048803934
392,0.05965941757007462,0.06612595548461721,0.2849517601936644,0.002411852318257496,0.22264887638061365,0.0,0.0,0.21234689907799184,0.0,0.0,88,True,0.3352757466213317,0.2849517601936644,0.20250960604676566,0.9709174336464786
393,0.0,0.040669061490964706,0.6638890489217062,0.05255458560314147,0.139217396949481,0.0,0.007485642258704232,0.0,0.0,0.0,191,True,0.6201550047125426,0.6638890489217062,0.3841026309353987,2.9169645671001656
394,0.11130589538982276,0.0,0.25622670731277747,0.07813801673989428,0.10898076795865409,0.18068774567998655,0.045809305004877066,0.03916712229443195,0.0,0.0,92,False,0.2553907170401605,0.25622670731277747,0.22447343453297697,1.0198825251611496
395,0.0,0.1769517641191606,0.29471017600048727,0.0385563723251726,0.0,0.267036508086485,0.0,0.0761006597188222,0.0,0.0,92,True,0.35292550098801145,0.29471017600048727,0.27231329071385885,1.0947091305941101
396,0.0,0.08070810264167115,0.3089299279788248,0.1701362125545079,0.0,0.007401965180024639,0.22417050422895676,0.004651350777725434,0.020268784098419784,0.024380775085142564,130,False,0.334669619468109,0.3089299279788248,0.2960203263305099,1.2223374604274027
397,0.0,0.06818949161346981,0.27025349846623775,0.0,0.0,0.36886545236142954,0.14185978104463393,0.0,0.014956235795745154,0.0,92,True,0.40029083978654934,0.36886545236142954,0.36696814366592423,1.4916646327900531
398,0.0,0.0,0.17978563385567572,0.04385996312576756,0.0,0.12336117953626714,0.0,0.3529668687386596,0.1513615641604263,0.0,163,True,0.3536627246391505,0.3529668687386596,0.3050824337497972,1.4729920658384312
399,0.0,0.0,0.26592701123823675,0.022878839686550047,0.13498019696073812,0.35958791147900615,0.0,0.05124693105868641,0.02094692986717032,0.0,92,False,0.3863808546580502,0.35958791147900615,0.33643721060339943,1.5382940460603933
400,0.08769005502459214,0.005305255462774957,0.16525082666247126,0.0,0.009731780732563679,0.0,0.2826592992623653,0.16485932691201366,0.11944201175973732,0.0,65,False,0.2951565870538674,0.2826592992623653,0.32784971574555966,0.9402647877664984
401,0.052607847666708424,0.15612402362817074,0.3208774653548067,0.0508035548739402,0.06579724207721752,0.11636306756901804,0.0,0.06276503555318402,0.0,0.0,191,False,0.2943421072573674,0.3208774653548067,0.17318798206756814,1.805019195237626
402,0.0706932533907063,0.0,0.14986690872329692,0.07398680944740388,0.16388481793493873,0.0681653408501474,0.06606402730963767,0.17460406824417235,0.03628126977178312,0.0,65,False,0.19005483353823238,0.17460406824417235,0.23265548591894258,0.3435752103464619
403,0.07718926606240094,0.06510785893343847,0.15967459010124418,0.0,0.14206110288513177,0.09699775119310153,0.05409567261520807,0.0495860094011335,0.09966041239830317,0.046207555659504136,88,False,0.1423392997620832,0.15967459010124418,0.2513739695966922,0.28022881783460724
404,0.0,0.0806216537576172,0.23756085005895444,0.0788793926127127,0.12792748115386507,0.0,0.0,0.03792943563344936,0.09247769246903416,0.1609837939991524,191,False,0.23443262729906258,0.23756085005895444,0.2625421555199879,0.7823496893190359
405,0.05609147187443652,0.0,0.03213059137719649,0.09318275970065094,0.07520891736519927,0.022582927715598757,0.17629312222045193,0.20396231558493141,0.04190101997292349,0.09917516493873438,65,False,0.19820129457483607,0.20396231558493141,0.3585664758563422,0.9275627176717263
406,0.0,0.14860596280632443,0.5290323993955742,0.08700447675154097,0.019406556768670726,0.0,0.03419584137085592,0.05092985635813515,0.0,0.0,191,True,0.48889967716274957,0.5290323993955742,0.26890014624322306,2.695575390349808
407,0.14757573225788453,0.0,0.20650823693018608,0.15477135223293645,0.10091243627212654,0.0,0.12101176314556704,0.0,0.0,0.09183340876044072,88,False,0.2328165017678066,0.20650823693018608,0.30955032906681207,0.1246721320301066
408,0.0,0.032686254267164185,0.3336970372469264,0.15097911097752023,0.14068145417051042,0.13297607528907537,0.0,0.03578785237830775,0.0,0.00967026013239796,191,False,0.32323752734970274,0.3336970372469264,0.21822783181936592,1.5455881810858936
409,0.1424293334588246,0.020628605243337116,0.0783956681858925,0.03360537645203499,0.16072923422607557,0.0067618189278739445,0.0591297494520214,0.26534575851609726,0.00593759147283461,0.03802554645270729,84,False,0.25222404663956666,0.25940816704326264,0.32673199119520224,1.3448336851011802
410,0.0,0.0,0.13242101418740243,0.09717861278003473,0.008145582937054356,0.10775118713725507,0.0,0.3368421821171333,0.0,0.15967985846089,185,False,0.3273767787048769,0.3368421821171333,0.3293778949016337,1.490332269568724
411,0.1455258695934669,0.0,0.1804075281867253,0.022995869052768216,0.11284082065188263,0.0674546292648704,0.0,0.15829237112664327,0.0078113361560759225,0.11627818111884283,84,False,0.21081667657614342,0.1804075281867253,0.23745223032568677,0.04625041545456446
412,0.0,0.0,0.3384717251133084,0.012992195059935173,0.0877856519086368,0.0,0.16024977237329366,0.11920514858213262,0.0,0.12227508335406953,255,False,0.32710811022461367,0.3384717251133084,0.17970103580505314,1.5375763893683159
413,0.0,0.09642425942771957,0.2671796467870647,0.0,0.04282148151141415,0.21740999478309114,0.0,0.11493084302089572,0.025620898289806224,0.061859618791811635,92,True,0.28191733540510355,0.2671796467870647,0.19485625820301344,1.1475486884700163
414,0.20176684193516828,0.0,0.0,0.04926957838014199,0.0,0.0,0.0,0.6246608449947102,0.0,0.029434178242467288,185,True,0.5949716262557151,0.6246608449947102,0.6114021599957361,2.6728463803747555
415,0.03337911286849572,0.0,0.42455354394148226,0.12423935029202299,0.029656399842420272,0.019047162650535587,0.0,0.05345527101971473,0.05838038770771654,0.09293161499832742,191,False,0.3787960588211739,0.42455354394148226,0.21495999833510254,2.6289853453062046
416,0.0369107002039614,0.0,0.15628198803818102,0.0,0.027063051965639354,0.20094087192873963,0.0,0.3457209143603831,0.0,0.07854457162795249,185,True,0.3487328608346066,0.3457209143603831,0.30702672066013625,1.5166635440034524
417,0.08816826023622654,0.0020371244037488243,0.32499723338250547,0.06530758235764483,0.0,0.21189734798207222,0.08019351825976338,0.004976201595837842,0.0,0.05643103871662979,92,False,0.32094663354431807,0.32499723338250547,0.24453420712105886,1.5982305907930598
418,0.0,0.017384973625333852,0.715014412990657,0.133782243383183,0.0,0.0,0.0,0.05286356250330555,0.0,0.0,191,True,0.670724872768208,0.715014412990657,0.4249522625657231,2.964554873350668
419,0.007624021199088075,0.05013769295378905,0.6408541211818236,0.0,0.0,0.0,0.0,0.21425392101101198,0.0,0.0,191,True,0.6146207826122513,0.6408541211818236,0.3269196842650364,2.646738241056068
420,0.0,0.11713689315689235,0.2146557209754548,0.02280237151307902,0.15738608623464065,0.0413259763730251,0.10867148376051353,0.012476446502842553,0.0932031939855812,0.03731108295796157,88,False,0.2100883939513314,0.2146557209754548,0.250804115161204,0.719664898933693
421,0.0,0.06419262487646755,0.3124035495048709,0.0,0.14853810990630636,0.07244249834992707,0.02504993663608274,0.0,0.042807067831099305,0.1633165425046344,88,False,0.2996240352800623,0.3124035495048709,0.2409604118685914,1.5303876170692374
422,0.11101559921662205,0.055429873937291804,0.40473366582611375,0.0,0.008738872248894608,0.08294658135352485,0.06633419239008938,0.10436723059309767,0.0036180557470384084,0.0,65,False,0.36301073334997763,0.40473366582611375,0.13979745178055353,2.4390362317959364
423,0.0,0.11037477658046276,0.30719573902299724,0.0,0.0,0.29349072923196523,0.11409273262521337,0.030478048800957582,0.0,0.0,92,True,0.36617775590283425,0.30719573902299724,0.2868082079279355,1.2784858146830445
424,0.13380644544955492,0.07933612157002129,0.11758537280667687,0.00590070691827218,0.0,0.10507849895058444,0.008960692339553725,0.2754724994161454,0.0,0.0941849152527889,63,False,0.2585653093813537,0.2754724994161454,0.29590364806175157,1.198948532362438
425,0.0995407793743388,0.09681549263360877,0.22753452042733768,0.03338671558772452,0.17182544499072655,0.07754803119232678,0.04729693106938305,0.0004641924010358848,0.0,0.05322825188730543,88,False,0.2183105242601161,0.22753452042733768,0.24596044685461446,0.9831321575277444
426,0.0415582815743702,0.004732525357530047,0.1973851409988441,0.16082219415843815,0.05109034089761077,0.1927519969152674,0.0,0.1798737631305397,0.0,0.0,92,False,0.2653101365484526,0.1973851409988441,0.24700521705225528,0.39160938402146167
427,0.07566820026592827,0.12319533366990258,0.09712302211873308,0.0,0.056805641630534226,0.0684217887884856,0.0,0.35686141106814095,0.0,0.049443143163417365,84,True,0.31598049921116,0.35686141106814095,0.32975689267794744,2.2569583048089457
428,0.17092534471590928,0.059680300350569024,0.04767011737794706,0.0,0.03523640828300081,0.0,0.04221802100359477,0.42376981877286496,0.0,0.06326238463092577,236,False,0.3887170797387,0.42376981877286496,0.4269170767098028,2.4193821526767363
429,0.05860324806001183,0.0,0.1061583348873207,0.0,0.32000468090290574,0.08610135922295321,0.05511222700976452,0.0958347780306641,0.09997535747033827,0.0,88,True,0.28183169421248505,0.32000468090290574,0.3688975275829791,1.9811060502403193
430,0.059816997921153,0.07769616232056602,0.22745186878506538,0.13613849446782417,0.033211777136164654,0.025400715451265765,0.07884922057000737,0.014209581798942114,0.1149096220944,0.028793190324263796,88,False,0.19671068302349579,0.21324228698612327,0.25263481600686927,1.3691326472326375
431,0.1177370284307511,0.0,0.1621796502646147,0.09282738396771079,0.04903766722319012,0.10318170701321255,0.0,0.24966493679899074,0.0,0.04331876485395939,65,False,0.2435744154199898,0.24966493679899074,0.2442766729743414,0.9318950603562661
432,0.02017634527682627,0.004066878863480186,0.25038839271894664,0.10395579862835336,0.1620503678558439,0.08975105071358443,0.0,0.041222025251218285,0.06316059214567965,0.07452840384182327,88,False,0.23261444284878957,0.25038839271894664,0.22335295828401838,1.2364670675118448
433,0.15217105432615113,0.15512250282368026,0.09265630955751021,0.06349184360484922,0.03469641296698252,0.0,0.1274514279817672,0.13108903332981173,0.0458725882135989,0.0,65,False,0.17956320015828411,0.15512250282368026,0.3225644601720543,-0.09346631751459349
434,0.027529548035563234,0.11353155965160591,0.5129439343551161,0.03724480694847022,0.0,0.08269173636222747,0.026508532273759246,0.027883214178885816,0.0,0.024297415069824222,191,True,0.4636492539296679,0.5129439343551161,0.24228142125185181,2.875064030717132
435,0.020156017623758675,0.13040467243271342,0.1073826854226179,0.0,0.011036409840833086,0.11066393677489877,0.08332468312723412,0.23429494589350655,0.02497677481750353,0.0835133722217966,84,True,0.21429356497714072,0.23429494589350655,0.2747570340470672,0.9751901860802243
436,0.014432692930770276,0.09298306494169023,0.2981562291751245,0.08769906552444202,0.13205937030143136,0.1588012820257824,0.0,0.015878630605893448,0.007196581129494642,0.015320112758397474,180,False,0.2849849675659935,0.2981562291751245,0.21452993368932732,1.4244668551693358
437,0.06350628625524549,0.0,0.38288078034286427,0.014324445789680154,0.1559903134191107,0.06564159847842246,0.039781855311392916,0.0,0.11612690509770711,0.0,88,False,0.3531126758593521,0.38288078034286427,0.22707835667470383,2.1357595062592662
438,0.09282035184317745,0.0,0.10669795110099438,0.05545282928981277,0.0,0.0,0.17265544176910314,0.4311135523720202,0.0,0.0,185,True,0.4070799059917327,0.4311135523720202,0.3965594403245198,2.1606758830635826
439,0.11845974481022907,0.07623046724824191,0.035582561725566154,0.0,0.07481640705837385,0.08635678321213111,0.1324683228134687,0.23650041212816297,0.0,0.0459161282969067,428,False,0.2117531226306692,0.23650041212816297,0.33894475279552067,1.1089866536976127
440,0.027853042217507427,0.0,0.12290862945935042,0.15238351152585705,0.11631795396195373,0.0024512536079854515,0.15906196134262054,0.16276419199889394,0.06854322284396665,0.0,130,False,0.20807223941450737,0.16276419199889394,0.29675651624952387,-0.09431242864606612
441,0.07324926360374513,0.0,0.28287888433517955,0.0,0.0,0.011636436510810332,0.2368151666651791,0.25490864319659523,0.0,0.0,130,True,0.36528818645898353,0.28287888433517955,0.24077839434762843,0.9546531508446483
442,0.1511212244568074,6.477969218588814e-05,0.0071894084583866945,0.0,0.05184565315483301,0.0,0.20300387557024502,0.23308513044114904,0.11476100498400701,0.06511941185733924,65,False,0.26558940601485875,0.23308513044114904,0.41517978550317114,0.6747751297196061
443,0.05140197013709904,0.04942318867770641,0.5879895696497319,0.10704711029392609,0.0,0.010411486224998016,0.0,0.053321772090915154,0.0,0.014574200219588525,191,False,0.5385355762050901,0.5879895696497319,0.3052578251421208,2.9552191561955543
444,0.0,0.06425554883681618,0.24745710829872944,0.02639513360857029,0.0,0.22710746689982328,0.022330945703787953,0.0624976514700358,0.04121605694195491,0.12846007163824116,92,False,0.2706588700624629,0.24745710829872944,0.2482892918582689,1.163055409570567
445,0.08309793019936816,0.1212911469616406,0.3484880264258185,0.043408887502290244,0.0,0.0,0.01312633502492689,0.0,0.0944368509233395,0.12798974739612184,191,False,0.31867370547172524,0.3484880264258185,0.25422940170081343,1.9431163800996134
446,0.05339152081076415,0.0,0.25145088174067515,0.060337989640310105,0.10483296083095701,0.03708636515854577,0.15342423970101843,0.10619913511498347,0.043076286512892144,0.0,88,False,0.23088052479561558,0.25145088174067515,0.17156801005059852,1.2637574658561663
447,0.0,0.12420373173294624,0.5697973990830856,0.0,0.1440445246771606,0.0,0.0,0.04982494969296899,0.0,0.0010752618439277628,191,True,0.5344350987326386,0.5697973990830856,0.29706676139024696,2.6513406258762218
448,0.10879327071990784,0.05914690310491114,0.2980775002467385,0.0,0.16413247422222332,0.0,0.12717154303436465,0.07428479278151315,0.0,0.0,214,False,0.28980461381949757,0.2980775002467385,0.19574285035990022,1.2777685991417587
449,0.060237443559385304,0.0,0.18324677003332418,0.0,0.20370009516748774,0.06025388870356271,0.0,0.2572549116758362,0.06869693487897802,0.0,185,True,0.2900469664830894,0.2572549116758362,0.25033732837674294,0.8750206914478706
450,0.005719843081823192,0.0,0.1642840888439454,0.14311443036331736,0.11198310715159114,0.1797455412663939,0.07823648282558066,0.1360194674849769,0.0,0.0,130,False,0.2237917051994102,0.1797455412663939,0.25446189611832104,-0.06083599267068141
451,0.018359703457160207,0.16689695203077998,0.22778608885003077,0.0,0.0,0.19842167585378304,0.0,0.0,0.22185499640794487,0.011328968187954579,92,True,0.3129690579249223,0.22778608885003077,0.3464210776602988,0.553062772556607
452,0.0,0.12258365586518392,0.2018853888107335,0.0,0.08318384920521203,0.0,0.0,0.298107274879232,0.07627935644478716,0.052154993285944494,84,True,0.30146603057288157,0.298107274879232,0.23780362271738684,1.275660091337353
453,0.03776600222681809,0.09384779970522632,0.20690971941722325,0.017935035919499943,0.0,0.22985396537417016,0.03165556915710376,0.12395117500903434,0.0,0.07396183032873778,92,False,0.24828038379414807,0.22985396537417016,0.2338186348484349,0.923258249224369
454,0.13447940805915648,0.0,0.13245285262101977,0.0,0.0,0.005432062872510151,0.2589952698172631,0.13547136027793868,0.07945409189059592,0.07751605261728821,65,False,0.2564981045975977,0.2589952698172631,0.3399064401757025,0.8475622782216313
455,0.10900731537449661,0.0,0.1306840987996385,0.0,0.0,0.0,0.24349555727786742,0.23017079257839657,0.04927068612964516,0.06900820283481914,65,False,0.28211089085046837,0.24349555727786742,0.32525197411741413,0.853863842159015
456,0.048119626888541656,0.12454776721297164,0.44827117229339786,0.049666781042090435,0.04204314784232978,0.02746739746587572,0.0,0.0,0.016857620595014364,0.08279934764328764,191,False,0.4010121854059694,0.44827117229339786,0.23508898206567436,2.7198363745705203
457,0.0,0.0,0.28791922093265265,0.0,0.1780669997758106,0.17174518326868912,0.14511378770580566,0.06165024723821675,0.0,0.0,130,True,0.31326746057812654,0.28791922093265265,0.22089458353330224,0.8737771899233047
458,0.0,0.0,0.2569372536574143,0.005627019799852756,0.24104973733513999,0.0,0.12504682795534114,0.22803897833566852,0.0,0.0,214,True,0.3450767890291867,0.2569372536574143,0.2369368908729277,0.7423726165868211
459,0.0,0.04829462750286338,0.36220917898239285,0.0,0.0,0.14891071941314857,0.11319696917188336,0.06429086299139941,0.10203105053187068,0.0,130,True,0.3362986141019845,0.36220917898239285,0.18185571440251605,1.9283439764304302
460,0.07753556659507863,0.0,0.2292387750324871,0.0,0.1661004109501773,0.1718164848127413,0.10343869834001264,0.061840815109536505,0.012315220809140971,0.0,88,False,0.2509245674197251,0.2292387750324871,0.22704906337105518,0.5912895985650837
461,0.1487331824216807,0.003092228728117365,0.13467827342452937,0.0692571184328236,0.0,0.034940998112923304,0.0,0.31232489903316185,0.042503979294727545,0.07870052301727469,185,False,0.29008266320810683,0.31232489903316185,0.30923279448046753,1.6655776205918975
462,0.0,0.024135679725932502,0.44956733312203184,0.06265242044922102,0.2544816227030421,0.0,0.05409667378077088,0.0,0.0,0.021161078901969617,184,True,0.4478672295557742,0.44956733312203184,0.2892366107626248,2.0741383157968603
463,0.1811217889874235,0.10854640495149558,0.051393668094712394,0.0,0.02514063485653845,0.0718507779366393,0.0,0.4124147846840338,0.0,0.0,303,False,0.3890506300100065,0.4124147846840338,0.42216108517874684,2.1307914426237393
464,0.005758831177170638,0.15128046487618826,0.2597778857207085,0.0,0.0,0.3707315408020684,0.026498709035831354,0.0,0.0,0.04622330763477662,92,True,0.39675847954572946,0.3707315408020684,0.37560334123326555,1.5275660581288002
465,0.10877260170802622,0.0,0.0006548834744776774,0.08867338589041529,0.03594097707071379,0.0,0.08955292829066096,0.47775317815988977,0.0,0.05322746664690948,236,False,0.43324669974719354,0.47775317815988977,0.48508562531847566,2.676750923143577
466,0.0,0.0,0.053464469420671845,0.01274715228973199,0.08939701324181484,0.005127278789438273,0.27636754964255994,0.37864750238863654,0.03949687687369876,0.0,84,True,0.3998286725223784,0.37864750238863654,0.4313837691925405,1.7251389232489711
467,0.0618243851725565,0.047292332670116885,0.6557223796209951,0.0,0.0,0.05265436045170393,0.0,0.07699651392539525,0.0,0.0,191,True,0.6051163593777215,0.6557223796209951,0.34266921753347646,3.028063745094259
468,0.021194870540111405,0.019896324021393776,0.18726750197285402,0.027169191216038432,0.008067874354690474,0.03220731604617911,0.0,0.4900198965326961,0.022225431853081165,0.045334830133962986,84,True,0.4563147833001438,0.4900198965326961,0.37198374256460937,2.5787053833537117
469,0.0613837250241473,0.06703722461130016,0.14796722816693955,0.041033171827034864,0.0,0.030779494624156828,0.0,0.23873643686961787,0.020443752403836904,0.2106597902465391,84,False,0.26048127701010143,0.23873643686961787,0.29825766757493216,1.0133679082822806
470,0.04874038588246856,0.004398319006743306,0.33122925447581253,0.08380259236018406,0.05442854049587699,0.0,0.15410459911207136,0.0701116718978205,0.0766707551021837,0.0,191,False,0.2984371872833665,0.33122925447581253,0.18532482902217326,2.002119537629848
471,0.06387510031202048,0.03223271059449138,0.29480816986484076,0.0,0.06174120323326376,0.18459826583360806,0.09203376027869278,0.08261262152579144,0.008965310703965295,0.0,214,False,0.2795168434744512,0.29480816986484076,0.16034168492333442,1.5636934873029895
472,0.0,0.0,0.3002103193374576,0.0,0.2656210462830136,0.20380102484937032,0.0351340191648892,0.0,0.0,0.05216011475965378,259,False,0.36526937784079433,0.3002103193374576,0.30323738240837156,1.0879900082679645
473,0.0,0.07023031057980308,0.33579383110386746,0.04732294594634362,0.0,0.04539471784739059,0.06494375910301359,0.09230480084369741,0.1543743297582632,0.012412057670243552,191,True,0.30208026982319824,0.33579383110386746,0.17607439311264414,2.0641471014854087
474,0.1283802659881719,0.17133808014882718,0.06063838579826005,0.013570095238912637,0.0,0.0,0.0010012590712744523,0.4745076974269954,0.0,0.01558326392537467,84,True,0.4484402364066688,0.4745076974269954,0.46090063190370917,2.333371980676644
475,0.005544344252366607,0.08768375100762134,0.24411698807557924,0.0,0.25582463560830243,0.08622154285623704,0.0,0.08706514410908485,0.020068040241438687,0.0387109315332055,88,True,0.2860642458203424,0.25582463560830243,0.24067619741239127,1.2098885057337998
476,0.05995845377196064,0.0,0.4181913950312042,0.11603736184793187,0.02512428948273472,0.0,0.03858002250398577,0.1504031563966966,0.0,0.034914238000469666,214,False,0.3837690798988887,0.4181913950312042,0.16150913245306786,2.353439715322134
477,0.10473619869983633,0.0,0.08172644635642351,0.03077136242945223,0.054109048485689495,0.220073703792536,0.06916839210859678,0.11687300362189101,0.0,0.12735723502059296,202,False,0.19984987987399827,0.220073703792536,0.3339823553990646,0.8016328456285837
478,0.1407449628254575,0.03184095652299061,0.048067136098162315,0.03695975070124043,0.028651935851106484,0.0,0.05507922248947044,0.347600231347641,0.07200575808873648,0.0544255902961574,236,False,0.3016824549260237,0.347600231347641,0.3777706956556357,2.4740100832110805
479,0.0,0.0,0.14387002865599183,0.0,0.0,0.3666727581257432,0.0,0.21317304886828137,0.14069022756251076,0.0,202,True,0.38272283216099645,0.3666727581257432,0.3933161055516985,1.3838603971881722
480,0.0,0.10324814225163395,0.3654418447650123,0.04735249607356776,0.12935621170636902,0.018084882863695702,0.07097710294810591,0.0,0.03167466327637455,0.05968415139457854,88,False,0.324317005151558,0.3654418447650123,0.20307625733447204,2.334863274405008
481,0.0,0.0,0.3312432261586114,0.0,0.0,0.15503492415434497,0.10495017001094188,0.2565588268527234,0.0,0.011391675413120141,269,True,0.3709809642737726,0.3312432261586114,0.16168334727917186,1.2203981164836568
482,0.0,0.05924529824279534,0.1591279309348976,0.0,0.06006108855265804,0.02181860043764683,0.09493981852516148,0.4129500420957367,0.0,0.03372841767997261,65,True,0.37838653314568,0.4129500420957367,0.3165633031086958,2.3484678034553004
483,0.0,0.1952404903368122,0.4221700909098432,0.0,0.0,0.0,0.0719746912312356,0.15928707232902475,0.0,0.01649970645095414,191,True,0.41610763985739185,0.4221700909098432,0.1991908086355755,1.8821205686920914
484,0.0,0.0867980567958474,0.25980710710292815,0.06054955310651139,0.12807381545676202,0.2369945813387041,0.0,0.0,0.0,0.0610439455473049,92,False,0.2931046257738394,0.25980710710292815,0.2718674777770889,1.0305120657978235
485,0.0,0.0,0.22858234398569152,0.0,0.13038583228048328,0.24681609737437699,0.11752238703008021,0.1176767209630576,0.0,0.0,214,True,0.2958846198755167,0.24681609737437699,0.2409840151705656,0.6600782694947361
486,0.05180097964471154,0.0,0.2524523627992319,0.06710090183756212,0.21367822853235324,0.09796875258303464,0.10600284543372596,0.0,0.0,0.033566757500263465,88,False,0.2666622237081895,0.2524523627992319,0.2567429950700606,1.0732399957158059
487,0.03126788458716292,0.016501615345093156,0.43365605783205796,0.0,0.0,0.4059103530752364,0.0,0.009583699738259973,0.0,0.0,92,True,0.5246147074999381,0.43365605783205796,0.39311803531065825,1.7702604817795973
488,0.05232450421823679,0.10588169232507158,0.40511461615968525,0.04498459761707757,0.07499480327458675,0.0,0.0049905030397925055,0.043970743710052745,0.0,0.100687393930885,191,False,0.3588520190144038,0.40511461615968525,0.19412658877048897,2.5716868871303262
489,0.02387159631268286,0.004592848884930112,0.32249381980507213,0.0,0.25127988846263277,0.0,0.11308967531768307,0.0,0.058518364807811446,0.06841563748138943,88,True,0.34373106096951817,0.32249381980507213,0.27755978523667174,1.4558719148423396
490,0.14117261581877494,0.02886317929563972,0.13192804557911603,0.11147596733528282,0.05862787124836156,0.0,0.08576734376105274,0.1518182420379223,0.0864832781993098,0.003084647755506718,185,False,0.1676676569918556,0.1518182420379223,0.27629897881824955,-0.2657654735792489
491,0.11429658810065808,0.04333527631439893,0.057981518065639455,0.13331213327114033,0.0,0.0,0.0,0.5235480123532549,0.0,0.0,84,True,0.48479033656586473,0.5235480123532549,0.49175419544936827,2.6407522351834505
492,0.06746393175776648,0.04574214721854522,0.28077387379936314,0.0,0.16604196707857058,0.026520806634620656,0.0,0.20289639923707725,0.02218286365271853,0.015352749526810143,214,True,0.2958628756566852,0.28077387379936314,0.14994315429618696,1.1926461854570727
493,0.0,0.06359441551041284,0.12549339851595365,0.0009378436209336664,0.1401375678241335,0.04112156445194887,0.19766189244563775,0.19783877173337255,0.0,0.050171452637188335,65,True,0.23514088045569145,0.19783877173337255,0.2769138303713501,0.48946352033489005
494,0.09494991461357227,0.0029009132272694894,0.08412658470559195,0.039841334038065765,0.0,0.01639983352977403,0.0,0.3007484578690125,0.11269477690793511,0.17453521160670807,84,False,0.28910086921134504,0.3007484578690125,0.36573113918367955,1.4317902918391001
495,0.07249069251932708,0.05716198140613052,0.33965897926164873,0.0,0.25631042258979936,0.0,0.09588302135444357,0.0,0.01644369774437641,0.0070419783129844074,88,False,0.35804814960465875,0.33965897926164873,0.27130933525622114,1.5674338659393425
496,0.0,0.10359740553317735,0.30785703867138664,0.0,0.0,0.024798455236701857,0.2991318325185199,0.0,0.12175860873214006,0.0,130,True,0.3710064517270143,0.30785703867138664,0.33163331850498884,1.2844236630387162
497,0.0,0.0,0.5172508125073256,0.03317874541227805,0.07376212494045976,0.15960822428945864,0.004694193787952963,0.08204140696733261,0.0,0.0,191,True,0.48110426709453274,0.5172508125073256,0.2294424375426622,2.596536652520704
498,0.0,0.0,0.086815212222004,0.02208135432900867,0.09696059859748292,0.025038891154664736,0.26478422163698007,0.35702446010726663,0.0,0.0,214,True,0.37885971422602677,0.35702446010726663,0.390167119729564,1.5897159037586965
499,0.16426581382208985,0.10385264330145356,0.0962284858045406,0.0,0.0,0.0,0.016255123373163302,0.34425619396465296,0.08076782025586933,0.02792759909410299,236,False,0.32245752430987573,0.34425619396465296,0.35936503601924125,1.8087207273014267
