ID,strat_res0,strat_res1,strat_res2,strat_res3,strat_res4,strat_res5,strat_res6,strat_res7,strat_res8,strat_res9,ancestor,alive_at_end,DIST_TO_GEN,DIFF_MAX_MIN,DIST_TO_GAMMA,SKEWNESS
0,0.007717716121206959,0.0035169772513366734,0.003965728572055326,0.019420368027176862,0.011364439137412965,0.009740203162606383,0.01906577396381456,0.0008960071596662384,0.01817815576395325,0.020271813205879435,0,False,0.02262270273616443,0.019375806046213195,0.02262270273616443,-0.05444200286509104
1,0.0,0.0,0.005104942339385444,0.0,0.0,0.0468762655456526,0.0,0.11076134249845455,0.0,0.14381810846190538,0,False,0.17333192102006878,0.14381810846190538,0.17333192102006878,1.610923236304687
2,0.027215939091688734,0.0,0.021093530711075743,0.03882631880367917,0.00782632355588044,0.0,0.020172360677342727,0.015007918350883059,0.005411452012927046,0.004380064960526462,1,False,0.040451589807299515,0.03882631880367917,0.040451589807299515,0.7258243906577325
3,0.0,0.027639068096337354,0.026338810111533138,0.0,0.016307798313023085,0.0,0.0,0.05842205174299318,0.008377704655486599,0.04431837162079732,0,False,0.06740147866786624,0.05842205174299318,0.06740147866786624,0.9292212707736581
4,0.0,0.02749736424556617,0.016133758011216547,0.07559271111962762,0.0,0.03303826421234655,0.0,0.03427949819899622,0.0,0.0042647621979083694,1,False,0.07873584379597764,0.07559271111962762,0.07873584379597764,1.4869095308668667
5,0.0,0.0,0.0,0.3654894223980886,0.0,0.0,0.0,0.15637499870099517,0.0,0.0,3,True,0.38548459071880287,0.3654894223980886,0.38548459071880287,2.437368958458949
6,0.004725605940609741,0.00909390397091375,0.06207642801724062,0.0,0.0,0.04810379535007066,0.01188350403212632,0.03742829011282534,0.0,0.004217514480445934,3,False,0.07267592202757918,0.06207642801724062,0.07267592202757918,1.1748196236729016
7,0.0,0.0,0.03587573939796984,0.03640421418675524,0.0,0.0,0.007063616085407851,0.0,0.02959187623042894,0.13229513263829346,1,False,0.131207087643739,0.13229513263829346,0.131207087643739,2.3848834357160427
8,0.0017084869359710875,0.060983081170669265,0.0,0.0,0.028219528613296564,0.0,0.0,0.040432461570240504,0.050553624177609495,0.013879751044242983,4,False,0.0773676844474811,0.060983081170669265,0.0773676844474811,0.7744148803627229
9,0.004920974321893575,0.031411143078235254,0.04768277901042663,0.034569140345747804,0.026251209322624793,0.0,0.03470938619050921,0.0,0.0,0.0,5,False,0.06150222444263883,0.04768277901042663,0.06150222444263883,0.2801336474355345
10,0.026634432149346337,0.02120540660773056,0.0023035694783946816,0.014344277208704015,0.008175419998295682,0.03154776466038792,0.02915539987176909,0.007162419589708477,0.0,0.0,4,False,0.03902550087173853,0.03154776466038792,0.03902550087173853,0.2586431975150971
11,0.03992578222981174,0.0,0.01350210210433779,0.012101959462551711,0.0,0.0,0.0,0.044053111745367565,0.08039599892180709,0.0064879745843785305,5,False,0.08625416396359692,0.08039599892180709,0.08625416396359692,1.526666285893749
12,0.0699073997095498,0.020846194451397362,0.06599082728165712,0.014012411739118739,0.0,0.0,0.04663741741617257,0.0,0.0,0.0,5,False,0.09327330280746324,0.0699073997095498,0.09327330280746324,0.969735297933807
13,0.014219913771071473,0.0,0.0,0.0,0.05213354470632785,0.0,0.14194811258989729,0.07599118493399794,0.0,0.0,1,False,0.15542903257366278,0.14194811258989729,0.15542903257366278,1.808892067149891
14,0.031425726724415376,0.0,0.0,0.0897886402139808,0.0,0.032831833155106134,0.0,0.0,0.037826413138410814,0.021724915244647144,5,False,0.09358613350134563,0.0897886402139808,0.09358613350134563,1.6193839332396518
15,0.0,0.0,0.05367596694675537,0.06322240752136404,0.0,0.04410027645759985,0.01853982393151703,0.0,0.029144264076304705,0.0,5,False,0.08271925438127181,0.06322240752136404,0.08271925438127181,0.6949926847332387
16,0.0,0.008370686629000855,0.037976997273107375,0.0,0.013824147090694187,0.052409458566427085,0.0,0.02018552051482017,0.0506468970684358,0.0,1,False,0.06895265321072838,0.052409458566427085,0.06895265321072838,0.7986594194166474
17,0.05113407458344343,0.0,0.0,0.0,0.02248492490313177,0.0,0.11522843490008206,0.026669946393179666,0.0,0.014679579067550816,5,False,0.117135368382888,0.11522843490008206,0.117135368382888,2.117648040185614
18,0.023184915732943748,0.014478918034615975,0.0,0.008385045164486722,0.012448494181258572,0.0075742211663111705,0.02022067461591456,0.014980637458452583,0.009572136942718305,0.005595165903619193,5,False,0.021383285172802143,0.023184915732943748,0.021383285172802143,0.1334389096182873
19,0.0,0.05367411194965595,0.0369378195059581,0.021306328148344017,0.0,0.0,0.00545928940574697,0.0,0.04145519628220081,0.023308662666768763,5,False,0.06593993598992252,0.05367411194965595,0.06593993598992252,0.6336861344936869
20,0.0226259904077975,0.013255050121291632,0.0,0.04147724095201956,0.03605617416925059,0.0,0.0,0.007554001999734742,0.0027891632756177954,0.040473188854371886,5,False,0.055913738980656165,0.04147724095201956,0.055913738980656165,0.5541599830751353
21,0.0,0.0,0.0,0.0,0.0,0.0,0.0,1.0000000000000002,0.0,0.0,1,False,0.9904544411531508,1.0000000000000002,0.9904544411531508,3.162277660168379
22,0.052864831917576016,0.0,0.05008101195078317,0.0,0.0,0.0,0.0,0.06859889380976397,0.00720473539259286,0.03979784579728227,1,False,0.09095843450957639,0.06859889380976397,0.09095843450957639,0.6910252668157105
23,0.043744701174194475,0.019912420263509686,0.06379719233175474,0.0,0.059626014925251894,0.0,0.01135441638015075,0.002154234618043451,0.0,0.0,13,False,0.0840073251039264,0.06379719233175474,0.0840073251039264,0.9591333337577593
24,0.053406075619296445,0.0,0.0,0.03682423049701167,0.07229221833039078,0.0,0.012283000877013575,0.0,0.0,0.03892935198778817,7,False,0.08846505924026589,0.07229221833039078,0.08846505924026589,0.8836541549204273
25,0.050667550975756676,0.0,0.0,0.023870206275980146,0.04545743204633906,0.0,0.0,0.0,0.16581030708512845,0.0,13,False,0.16727317060959532,0.16581030708512845,0.16727317060959532,2.4011759945621822
26,0.0,0.0,0.07081305378894297,0.033500293734672996,0.09167591945001767,0.007448536248271578,0.0,0.0,0.02617170219979915,0.0,1,False,0.10811790348537992,0.09167591945001767,0.10811790348537992,1.3891435137901103
27,0.11730436488893291,0.03524684089562879,0.0,0.13218962931880554,0.0,0.0,0.0,0.0,0.0,0.011274705065319907,1,False,0.16638377350420053,0.13218962931880554,0.16638377350420053,1.6223942224817576
28,0.0,0.0,0.0,0.0,1.0000000000000002,0.0,0.0,0.0,0.0,0.0,1,False,0.9904544411531508,1.0000000000000002,0.9904544411531508,3.162277660168379
29,0.0,0.035595837771024694,0.0,0.019025494636053665,0.0,0.03595513590118688,0.007263120350127474,0.026275269883883588,0.05591316664662973,0.0,5,False,0.06473537932079687,0.05591316664662973,0.06473537932079687,0.7393314628693178
30,0.06393722343849392,0.0,0.0,0.003184299088774197,0.04092171281587605,0.0,0.0321275073332761,0.0,0.09559206239159328,0.0,15,False,0.11057783638624605,0.09559206239159328,0.11057783638624605,1.3150304667547512
31,0.0,0.08810608227882719,0.0,0.0,0.0,0.021439431137260052,0.0,0.309971913749345,0.0,0.0,12,False,0.3113110497751975,0.309971913749345,0.3113110497751975,2.765162849883183
32,0.27818969865262755,0.0,0.0,0.0,0.2233158698889644,0.0,0.0,0.0,0.0,0.0,12,True,0.3438449865998816,0.27818969865262755,0.3438449865998816,1.8437195118656142
33,0.012028668377743459,0.025244282555623283,0.021278181483090214,0.0,0.011161397682120865,0.01108599554388891,0.003676382829385869,0.0,0.04574712788994598,0.010022664230349752,17,False,0.04340593340378034,0.04574712788994598,0.04340593340378034,1.4152931698087168
34,0.0,0.005360252236853886,0.0,0.0,0.4846463586972103,0.0,0.05318594813558025,0.0,0.0,0.0,12,False,0.4773632989665161,0.4846463586972103,0.4773632989665161,3.0959484173369054
35,0.00035876460260595615,0.0,0.05294373478201674,0.019527080657177204,0.0,0.0,0.012536728951089426,0.04168761901682151,0.025904905264657916,0.017991266087667532,12,False,0.06045866009723246,0.05294373478201674,0.06045866009723246,0.8873841581421996
36,0.08958521533392182,0.0,0.023209999514488534,0.0,0.0,0.03504732171485245,0.010890364709081706,0.002620468860138149,0.042266054767648796,0.0,1,False,0.09290870482056615,0.08958521533392182,0.09290870482056615,1.7417431089179958
37,0.061466837408910284,0.0,0.0,0.0,0.0,0.03603786044674433,0.05772414927958268,0.0,0.0,0.10367113737263663,12,False,0.12238742554144438,0.10367113737263663,0.12238742554144438,1.2001270833698205
38,0.06115359732222204,0.018769119232911247,0.061275322040675435,0.0,0.02476556127675733,0.0,0.0,0.005694021276660405,0.01831664200536627,0.0,11,False,0.07764326376659461,0.061275322040675435,0.07764326376659461,1.2024795370204526
39,0.0,0.004684321394967176,0.0,0.0,0.02803961915403223,0.005229389631931461,0.018433076399012743,0.06335140455956864,0.029807880187448926,0.01733907650791447,17,False,0.06356214540965523,0.06335140455956864,0.06356214540965523,1.5350521678862385
40,0.04660926007409329,0.002194151095339832,0.0,0.005510544835372541,0.01278654604677136,0.020130033778849414,0.021864682899186676,0.022171258493850286,0.0,0.012389509741564511,12,False,0.04501474004844413,0.04660926007409329,0.04501474004844413,1.2478494767242172
41,0.005853792902362387,0.03627452854873184,0.030242793710748905,0.027859474819002045,0.0,0.0,0.013513126751649982,0.02687140229117102,0.0,0.012553877683390762,8,False,0.045163945662957075,0.03627452854873184,0.045163945662957075,0.22357915447149282
42,0.13612529787343292,0.0,0.0,0.0,0.11246128673015526,0.0,0.0,0.08743606451560734,0.0,0.0,8,False,0.18194023779726842,0.13612529787343292,0.18194023779726842,1.1972261658639645
43,0.022135327828162812,0.0,0.029153044116054704,0.0,0.036359168635038505,0.0,0.0019541851038357705,0.012767290837325522,0.039572807615341106,0.017867496740278332,17,False,0.05017721138796843,0.039572807615341106,0.05017721138796843,0.3392278762450337
44,0.03837916641461863,0.03925336294471697,0.0,0.036288939195983146,0.015206211389042842,0.0,0.0,0.08535708201865366,0.0,0.0,8,False,0.09250967031293296,0.08535708201865366,0.09250967031293296,1.3688271573757718
45,0.0,0.0012009328611459974,0.11685263357996602,0.0,0.131353351668661,0.020668922794422492,0.013762678567793254,0.0,0.0,0.0,8,False,0.16385825737601425,0.131353351668661,0.16385825737601425,1.7168806243124772
46,0.0020239756661307637,0.0,0.0,0.0,0.06875233251698383,0.06109088634211762,0.0,0.058093916932758435,0.0,0.04186616041742947,19,False,0.09977078346524251,0.06875233251698383,0.09977078346524251,0.6364750867981366
47,0.006889671434866016,0.0,0.04088165557088414,0.0,0.03793049968607931,0.0,0.04566653601202366,0.0,0.0,0.09384970317457958,12,False,0.10269536562502694,0.09384970317457958,0.10269536562502694,1.4290461545933557
48,0.0,0.017268422882301095,0.0255685863192051,0.03501379325645537,0.00014774834137898778,0.022425453982988765,4.617632830555533e-05,0.045655700731232235,0.019375345168495473,0.0,12,False,0.0532039864204758,0.045655700731232235,0.0532039864204758,0.44401032549929165
49,0.0,0.0,0.0,0.08273103395998382,0.039290147320841996,0.0,0.0,0.0,0.06945808911284967,0.06280212422019028,12,False,0.114328669694355,0.08273103395998382,0.114328669694355,0.779381653320295
50,0.0,0.06824961482272002,0.0,0.018648400446943297,0.0,0.0,0.0,0.0,0.12659311591747316,0.060710652629833925,30,False,0.14224393634448868,0.12659311591747316,0.14224393634448868,1.5894089803325786
51,0.0831524496597437,0.0,0.06644448362822078,0.0,0.02080023582126426,0.0,0.042702164596398175,0.0,0.0,0.010609447217301912,8,False,0.10111235687230978,0.0831524496597437,0.10111235687230978,1.2073255470585846
52,0.14218296394086458,0.04653321628964226,0.0,0.0,0.0014916470823036598,0.0,0.05599389952370261,0.0,0.017413625498080048,0.0,1,False,0.14679851686734435,0.14218296394086458,0.14679851686734435,2.140946047790342
53,0.0,0.0,0.015828104929902092,0.07509996648367681,0.09424892448502459,0.0,0.0,0.08593492638397758,0.0,0.0,1,False,0.1331764497389582,0.09424892448502459,0.1331764497389582,1.0315414308836734
54,0.0,0.033254537327581095,0.02957871550294525,0.10933313631226997,0.0,0.0,0.0,0.0,0.09922593259655142,0.0,1,False,0.13911304261075405,0.10933313631226997,0.13911304261075405,1.4446527675832377
55,0.011241817986508244,0.037580071045144284,0.0,0.07381116128908537,0.0,0.0,0.05978053645880686,0.0338317453416052,0.0,0.0,5,False,0.09154299881466747,0.07381116128908537,0.09154299881466747,0.9665093423113073
56,0.0,0.0,0.0585726150591095,0.05871930540386507,0.15160924772217374,0.0,0.01594947032376905,0.0,0.0,0.0,16,False,0.15944103891498224,0.15160924772217374,0.15944103891498224,2.045807418284905
57,0.062251534610553494,0.0,0.0,0.0,0.2783794168130581,0.0,0.0496758032075141,0.0,0.0,0.0,28,False,0.2775462188505483,0.2783794168130581,0.2775462188505483,2.7775426662862737
58,0.0,0.10591166332972728,0.0,0.0,0.0037930376697629486,0.013638953692267884,0.0,0.018334366735852304,0.0,0.13016310960344762,8,False,0.15575445453172843,0.13016310960344762,0.15575445453172843,1.764752520507767
59,0.0,0.0,0.006622874271405151,0.0295480591392902,0.0,0.0,0.04365872787207225,0.03425745892131183,0.03805429649280544,0.024842155953256232,1,False,0.059348117195343976,0.04365872787207225,0.059348117195343976,0.21205000202591112
60,0.02097500578982148,0.0,0.0,0.07102945352971402,0.0,0.10695999119842871,0.0013153538754305135,0.0,0.014772677970984902,0.010774623602799611,1,False,0.117239440541446,0.10695999119842871,0.117239440541446,1.8358943712762146
61,0.0,0.009573032340098158,0.09059566108894607,0.0,0.0,0.0,0.05536333328348537,0.0,0.018126708439321557,0.05347072938922097,1,False,0.10492579567496282,0.09059566108894607,0.10492579567496282,1.3006746696069331
62,0.0,0.029489677783419516,0.07242954008268518,0.0,0.041999066959491016,0.003600042572644209,0.0,0.015153861180757337,0.001676715926710891,0.016941940023175648,12,False,0.07606723756327438,0.07242954008268518,0.07606723756327438,1.530407093545915
63,0.04379725381635128,0.0,0.027355418257173258,0.0,0.0,0.03781338206860268,0.0,0.0,0.05370428257227401,0.039652300259005596,15,False,0.07420493485146226,0.05370428257227401,0.07420493485146226,0.2807794558394231
64,0.08061991212999542,0.0,0.0,0.018691779114322248,0.0,0.0,0.057146960042213805,0.0,0.0022611469867290642,0.08569661262722703,25,False,0.11651361235426541,0.08569661262722703,0.11651361235426541,1.0900820721873195
65,0.00343909432637572,0.003777410324029774,0.006873349312907473,0.0,0.05832425310550184,0.06015729233982871,0.010103049061693608,0.0,0.004772429848544614,0.019773764898450102,16,False,0.07256303502616264,0.06015729233982871,0.07256303502616264,1.5401564726891925
66,0.10612538681384702,0.057977757992916025,0.0,0.0,0.0,0.0,0.0008344712300094175,0.0885825494247635,0.011434014557658587,0.0,12,False,0.13528945133165052,0.10612538681384702,0.13528945133165052,1.276567492652627
67,0.026128808978538285,0.0,0.0,0.0039280601001408086,0.013433501669408926,0.04703243757002718,0.0,0.045212613521527875,0.028113425575744654,0.003919498612158115,25,False,0.05987649065816691,0.04703243757002718,0.05987649065816691,0.7405460550140488
68,0.0,0.3705974119164841,0.1530631628434092,0.0,0.0,0.0,0.0,0.0,0.0,0.0,15,True,0.3889698729254314,0.3705974119164841,0.3889698729254314,2.472021051387276
69,0.01964745370682919,0.0,0.03713845607771101,0.034745894807383305,0.0,0.0,0.019403742254021458,0.031852801305011474,0.02655070356157531,0.0,12,False,0.051786383854878916,0.03713845607771101,0.051786383854878916,-0.046467277741692015
70,0.0,0.0,0.0,0.0,0.0,0.1723156191095037,0.0,0.3420972885253045,0.0,0.0,5,True,0.37072222654267817,0.3420972885253045,0.37072222654267817,2.268787043463794
71,0.0,0.003049811691413747,0.08085288125161028,0.003429378852586352,0.034113955758753214,0.02482634296921346,0.0,0.02292484046182888,0.011706085998215036,0.0,12,False,0.07989289392690269,0.08085288125161028,0.07989289392690269,1.9650537599258406
72,0.007423594307293411,0.0,0.001523080177045071,0.08332326527661357,0.0,0.07493918273259963,0.0,0.09759697289482203,0.0,0.0,16,False,0.13358564436763784,0.09759697289482203,0.13358564436763784,1.0918656017896857
73,0.0,0.0,0.0,0.10607132077993352,0.02458118573414474,0.02129576139004944,0.13808620400288915,0.0,0.0,0.0,1,False,0.16302140821090086,0.13808620400288915,0.16302140821090086,1.733567615540055
74,0.0,0.09312059510161556,0.0,0.0,0.0,0.0,0.0,0.02943205488791357,0.09895096220654762,0.043564404849527366,12,False,0.1300979670770733,0.09895096220654762,0.1300979670770733,1.2609667285810904
75,0.04661804491175297,0.04687120000065874,0.0,0.0242608708055356,0.0,0.0,0.08860646547696918,0.0,0.013033168864925072,0.0,16,False,0.09793832532224048,0.08860646547696918,0.09793832532224048,1.3889470177358576
76,0.08427602654930978,0.0,0.010722391462131076,0.0,0.0,0.038839025280473276,0.037131116431863585,0.0,0.04681906321085441,0.0,12,False,0.09455622794438417,0.08427602654930978,0.09455622794438417,1.230378922823167
77,0.005779487776377173,0.0,0.0444929842298179,0.10612766458063326,0.1499788614030188,0.0,0.0,0.0,0.0,0.0,68,False,0.1750491023168085,0.1499788614030188,0.1750491023168085,1.7016937240234327
78,0.047774361664230804,0.0,0.11732372406241869,0.0,0.0,0.0,0.0,0.0,0.031233241368174677,0.06873401773174757,12,False,0.13208262385218844,0.11732372406241869,0.13208262385218844,1.5165228691681836
79,0.04233963841042678,0.0,0.0,0.0,0.0,0.0172896774131077,0.0700607959107245,0.0,0.0,0.15844682984382713,6,False,0.16535643956440338,0.15844682984382713,0.16535643956440338,2.1505261111151635
80,0.0,0.011188606187182936,0.03335468069859398,0.0,0.00025370795741843293,0.043660125890911554,0.0,0.0,0.0,0.2368894321505108,68,False,0.23184836121990174,0.2368894321505108,0.23184836121990174,2.905231381789136
81,0.0,0.0,0.0,0.0,0.7393114712415649,0.0,0.019647002524990034,0.0,0.0,0.0,16,False,0.729923480059556,0.7393114712415649,0.729923480059556,3.158178702794862
82,0.09895445665007789,0.0,0.0,0.02140678311603987,0.0,0.03749005676814204,0.009254077415236579,0.003475791545488699,0.0,0.03622996446339007,12,False,0.09964861269628249,0.09895445665007789,0.09964861269628249,2.03027837375855
83,0.020073963901811317,0.0,0.009381728393562563,0.0418502999347572,0.01803706863250234,0.0,0.07849729679635177,0.0,0.020280254165415578,0.0,68,False,0.07986530148146265,0.07849729679635177,0.07986530148146265,1.7653530693434198
84,0.0,0.0,0.017574195976692096,0.0007945563283687034,0.016221496192615096,0.031083015234267767,0.030579951390131185,0.0,0.03911497299482148,0.02654642152026614,1,False,0.04970220619815261,0.03911497299482148,0.04970220619815261,0.12018777403583149
85,0.02326653217613556,0.041543670921478384,0.04239604908321746,0.00021981832229804257,0.020400042328687924,0.0,0.0009450962238802831,0.012888004590505623,0.0,0.018446497550092596,68,False,0.052782535513613234,0.04239604908321746,0.052782535513613234,0.6250460584605794
86,0.0,0.0,0.07133647751579805,0.054507491210117276,0.0,0.0,0.0,0.03723914579530265,0.04402339065139439,0.009341362517129609,1,False,0.09023899504246295,0.07133647751579805,0.09023899504246295,0.8090063974179438
87,0.0,0.005272267612333301,0.013489184721411016,0.00037702799916262454,0.09844419221896596,0.0,0.00918579898872336,0.14609878724631192,0.0,0.0,32,False,0.16393000153769124,0.14609878724631192,0.16393000153769124,1.9479922112341042
88,0.016662299486542353,0.02955841804335283,4.015522754708898e-05,0.001954926173168573,0.015618005339771854,0.013887483373093673,0.0,0.05648814542768114,0.028207523651769074,0.0,12,False,0.05770767509947185,0.05648814542768114,0.05770767509947185,1.25848611388241
89,0.045933027608482044,0.12183541203404645,0.0011677711750876364,0.0,0.08192518334227898,0.01350996168819292,0.0,0.0,0.0,0.0,16,False,0.13986386936527073,0.12183541203404645,0.13986386936527073,1.6029194586802484
90,0.11789941138925389,0.0,0.0,0.04375165054117723,0.0,0.0,0.04145373751354983,0.05946979744988799,0.0,0.0,12,False,0.12968444531132264,0.11789941138925389,0.12968444531132264,1.5698744970612462
91,0.0,0.04185982143831524,0.0,0.0,0.0,0.12832336452473805,0.05087041520134512,0.0,0.0,0.04478982037810773,12,False,0.13600069578942128,0.12832336452473805,0.13600069578942128,1.8301525694483933
92,0.02613748169451296,0.0081408127480184,0.009403555220824209,0.03305152356214782,0.022280851592595057,0.0035562691519417,0.021206605910584445,0.0,0.0,0.013179699072498377,68,False,0.036381902958722345,0.03305152356214782,0.036381902958722345,0.34871844383561224
93,0.019464454320009733,0.028391544422823278,0.0006753858418812796,0.05779027930292704,0.10516627635888964,0.0,0.01026356350965275,0.0,0.0,0.0,15,False,0.11070399111424112,0.10516627635888964,0.11070399111424112,1.8839551459036217
94,0.0,0.0,0.0,0.0,0.0937845546012004,0.018333257004586438,0.0,0.03997180651912828,0.12847027120444324,0.0,28,False,0.15040880661484027,0.12847027120444324,0.15040880661484027,1.621077549994265
95,0.0,0.016309761718815534,0.0,0.01177918727836652,0.016982316522890523,0.04383734893348635,0.0,0.03584125580427151,0.005668345229638765,0.025428177601348363,12,False,0.04961108672345535,0.04383734893348635,0.04961108672345535,0.7313754787453248
96,0.03806487888930457,0.058376128340939575,0.0,0.026051747179914275,0.1089375264332947,0.005158666849638702,0.0,0.0,0.0,0.0,13,False,0.11703682519305601,0.1089375264332947,0.11703682519305601,1.7263292257882086
97,0.036936258855542345,0.04802212855067585,0.013197028125908677,0.024884030537743147,0.0,0.0,0.0,0.03145370400703414,0.0,0.019236422397175375,52,False,0.05786685207321804,0.04802212855067585,0.05786685207321804,0.46581849373017514
98,0.0,0.0,0.0,0.1044226137235958,0.0,0.16222334429540522,0.0,0.07512287640631744,0.0,0.0,70,False,0.1924280789341965,0.16222334429540522,0.1924280789341965,1.5222162556060357
99,0.16884276344866295,0.2289801602193299,0.0,0.0,0.0,0.0,0.0,0.0,0.012227156759880432,0.0,12,True,0.27182401346629476,0.2289801602193299,0.27182401346629476,1.8927354137312693
100,0.05138343204192727,0.0,0.016969340146807108,0.09872740964627834,0.0,0.0,0.0,0.0,0.0,0.10813920489838186,15,False,0.1409433109809606,0.10813920489838186,0.1409433109809606,1.3306213718146365
101,0.06689794042059304,0.0008904655469555423,0.0,0.0,0.013238587512874739,0.10709347987445943,0.00810120269395191,0.0,0.0031670164890773922,0.015109221524743945,52,False,0.11460536970284625,0.10709347987445943,0.11460536970284625,1.9673187342612728
102,0.0,0.0,0.012976658999819892,0.011327225729233194,0.021378049563484887,0.03623890104828232,0.01390210622285705,0.0,0.038763872517618876,0.016457111774972288,15,False,0.044864719487443507,0.038763872517618876,0.044864719487443507,0.6405904870303719
103,0.0,0.0,0.20752448136078974,0.03161766591204427,0.0,0.0,0.0,0.13442333460176192,0.0,0.0,12,False,0.235933063409425,0.20752448136078974,0.235933063409425,1.9420820602039348
104,0.010077637419378326,0.005718431452753354,0.02945999377037612,0.0028650199342719314,0.0,0.06316126743146008,0.0,0.028331009775075192,0.0321090553499541,0.0,5,False,0.06632415666735257,0.06316126743146008,0.06632415666735257,1.2989895952022508
105,0.0,0.045236055287188784,0.0,0.03493711220355336,0.0,0.034751766923330235,0.0686952315475304,0.0,0.0,0.02306801336093584,60,False,0.08119108511838664,0.0686952315475304,0.08119108511838664,0.8115799369296354
106,0.057573993286425894,0.0,0.0,0.01742656085610969,0.0,0.05528217852569551,0.0,0.0,0.028127597301653404,0.05071955318008206,5,False,0.08279858773261654,0.057573993286425894,0.08279858773261654,0.6240898501994484
107,0.0,0.0,0.18799955292728393,0.0,0.0,0.0,0.030311229392197863,0.0,0.0,0.15390685624287467,60,False,0.23131271075200957,0.18799955292728393,0.23131271075200957,1.7639321032224746
108,0.016334622401998664,0.0,0.0,0.07885770671520932,0.0968815831382513,0.0,0.04158570816193524,0.0,0.0058053848079955075,0.0,16,False,0.1176655109212657,0.0968815831382513,0.1176655109212657,1.3980458727683713
109,0.0077751352767993455,0.025916142349329128,0.008404083983227633,0.04236937694548985,0.02165353526172729,0.0,0.04455263778315179,0.0,0.0,0.009044005743284324,12,False,0.054214395772537526,0.04455263778315179,0.054214395772537526,0.8391856078336786
110,0.0,0.028647250780744617,0.0,0.03556510938160874,0.047013389299672706,0.0,0.019307400102661375,0.0,0.027040886062942797,0.014869353186753621,16,False,0.056320652178053585,0.047013389299672706,0.056320652178053585,0.3974962998298855
111,0.07165025139869399,0.0,0.0,0.0,0.0016361374479565022,0.04460699079592331,0.0,0.10328743134751361,0.025372624460938766,0.0,12,False,0.12044589630408703,0.10328743134751361,0.12044589630408703,1.3940126670139894
112,0.08217361646245044,0.0,0.0,0.0,0.0,0.13863733282929497,0.0,0.0,0.06272366230947922,0.008199903939802713,12,False,0.15855478303682183,0.13863733282929497,0.15855478303682183,1.5981312338323188
113,0.0,0.04159760007735206,0.0,0.0,0.0,0.0,0.10709168336982483,0.04953824134414489,0.060626537392606976,0.0,68,False,0.12309151931464442,0.10709168336982483,0.12309151931464442,1.2961430883062588
114,0.024868023268633667,0.0,0.09678731232616233,0.0,0.0048958422863009474,0.014469386105269254,0.003527244102429352,0.03015607807377485,0.011640835796371408,0.0,13,False,0.09246610151388489,0.09678731232616233,0.09246610151388489,2.465232067387141
115,0.0,0.033331034028907996,0.0,0.01611480607142365,0.08442305901847909,0.05704735344555351,0.0,0.010421925812008919,0.0,0.0034807438073465014,1,False,0.09368378677628444,0.08442305901847909,0.09368378677628444,1.516380904324189
116,0.0,0.08865480409338922,0.0,0.0,0.0,0.0,0.07736525549297361,0.023377763434691213,0.0584636470445483,0.0008651759497822709,52,False,0.1176256371052017,0.08865480409338922,0.1176256371052017,1.0510295568566814
117,0.03698526878324695,0.014138380694154884,0.0,0.0,0.029441882921211818,0.0,0.0427970465163789,0.09629768949577328,0.0,0.0,60,False,0.10072862160330778,0.09629768949577328,0.10072862160330778,1.705915859092356
118,0.033422619994459085,0.007253985300345352,0.003691369908235595,0.0,0.013554070008650086,0.0,0.03590362151542612,0.0,0.02365806836528737,0.04474842140668089,25,False,0.05453057106557976,0.04474842140668089,0.05453057106557976,0.593426811605313
119,0.0,0.08630348336960887,0.0,0.0,0.0,0.08061042518547595,0.0,0.0,0.17834210725230912,0.0,99,False,0.19961743108595956,0.17834210725230912,0.19961743108595956,1.7615505064310382
120,0.06192460351812266,0.0,0.0,0.011567800380041513,0.022693224205362898,0.011748593726838175,0.025583740625964187,0.011667829962339107,0.0011406823829035705,0.006860015367217843,32,False,0.05828189779091229,0.06192460351812266,0.05828189779091229,1.9838402942489681
121,0.006521012559807299,0.0,0.0,0.0,0.024005997257219705,0.0,0.02933073920539294,0.06540318321431007,0.11377524967917291,0.0,1,False,0.12215057898863298,0.11377524967917291,0.12215057898863298,1.8342457024982766
122,0.0,0.0460250909521853,0.036996710856282,0.021632711237370365,0.0,0.0,0.0,0.011648686128412425,0.05013032509956435,0.013044469204857318,68,False,0.06468677992595571,0.05013032509956435,0.06468677992595571,0.6894959085258637
123,0.0,0.0,0.0,0.09213614053347476,0.07370182817341506,0.015106622836066392,0.0,0.0,0.04625038522570168,0.007571054791013776,25,False,0.11247371379571261,0.09213614053347476,0.11247371379571261,1.306443639615395
124,0.0,0.15343875892905498,0.0,0.02448236716933181,0.0,0.0,0.0,0.0,0.20414039101945453,0.0,12,True,0.24325893189587425,0.20414039101945453,0.24325893189587425,1.8459361723684093
125,0.0,0.0,0.001715628983787317,0.1675628261617741,0.06013570258495252,0.014599633826209758,0.0,0.0,0.0,0.033555168216562285,25,False,0.16877282437037153,0.1675628261617741,0.16877282437037153,2.4554565772304278
126,0.009387693987364684,0.003289196800038125,0.0,0.020375570350591135,0.027233898144142676,0.014242658871775336,0.04152337873912034,0.018920526025624145,0.0,0.005978538360493545,1,False,0.041923036666117304,0.04152337873912034,0.041923036666117304,0.9323742739150965
127,0.12551989428255203,0.0,0.06893286837127642,0.1468126845105746,0.0,0.0,0.0,0.0,0.0,0.0,25,False,0.1903566116332927,0.1468126845105746,0.1903566116332927,1.3844360916699217
128,0.004237034112290522,0.023507906717627126,0.0,0.0,0.10644500274504,0.009970842463249082,0.07062519518650638,0.00804921001871097,0.0,0.0,32,False,0.11660417915889994,0.10644500274504,0.11660417915889994,1.8460174715782718
129,0.012702329105164058,0.011666883461246207,0.0,0.0,0.017260641248528285,0.0062619638081830836,0.0,0.05624389049398786,0.007438924850492741,0.060202788074862124,1,False,0.07100807949387196,0.060202788074862124,0.07100807949387196,1.4968722269114556
130,0.025655212087818454,0.0,0.024508449655474707,0.0,0.001812719223129983,0.033836419231529566,0.01669247177357304,0.025351642303310846,0.022871911449118962,0.0002923080926981156,1,False,0.04279222723334798,0.033836419231529566,0.04279222723334798,-0.1416302184976234
131,0.0,0.041886399587336275,0.0,0.0,0.037650967358321914,0.0,0.053343549473386355,0.01959326974194105,0.0,0.053066453224602364,68,False,0.07814558191692386,0.053343549473386355,0.07814558191692386,0.43482709663227276
132,0.06073456774787466,0.038058291726429015,0.0,0.09606052217449242,0.0,0.0,0.0,0.0,0.06176939408027121,0.0,25,False,0.1185231949432422,0.09606052217449242,0.1185231949432422,1.0200478075321846
133,0.0,0.0007694709761376975,0.023207050215689674,0.0,0.024222456940567294,0.032711397062214924,0.04664690291169259,0.04613789419159708,0.0,0.0027717281638187144,5,False,0.06307856595360907,0.04664690291169259,0.06307856595360907,0.5083823439553816
134,0.07723435099539568,0.0,0.0,0.0,0.0,0.0,0.22239307997986985,0.0,0.0627520551799321,0.0,25,True,0.23046487303451269,0.22239307997986985,0.23046487303451269,2.341093299649895
135,0.04482413056575107,0.0,0.043931910145275116,0.06048517952823901,0.015501195687077756,0.0,0.0,0.0,0.0,0.04336487593560288,80,False,0.08097114330396799,0.06048517952823901,0.08097114330396799,0.5207649765354387
136,0.03508140905335191,0.06899069395771483,0.0,0.0,0.10208820274867614,0.0,0.0,0.05314243973583109,0.0,0.0,13,False,0.12268042323677986,0.10208820274867614,0.12268042323677986,1.1731279340353646
137,0.0,0.0,1.0000000000000002,0.0,0.0,0.0,0.0,0.0,0.0,0.0,25,True,0.9904544411531508,1.0000000000000002,0.9904544411531508,3.162277660168379
138,0.043893224938158,0.0,0.07575377585035475,0.0,0.04550210025728226,0.015274022335921351,0.0,0.009470328708312813,0.006567954726061045,0.0,13,False,0.0846911073017988,0.07575377585035475,0.0846911073017988,1.3266170373901836
139,0.03129912704566845,0.0,0.005457099748634002,0.009766693726042573,0.08778915316071596,0.008526166396748436,0.0,0.027359637599520488,0.0,0.009283045266370462,124,False,0.08443660796151758,0.08778915316071596,0.08443660796151758,2.3093084891521904
140,0.0801521012098816,0.0,0.0,0.0,0.09287265772060115,0.0,0.01166492234788691,0.024501964962920158,0.0,0.02178666754266474,68,False,0.11243308760239999,0.09287265772060115,0.11243308760239999,1.5180877637395105
141,0.0,0.0,0.02155167405265159,0.08211383523186477,0.0,0.0,0.0,0.07396436495716445,0.0,0.08683400076563351,1,False,0.12620915205837469,0.08683400076563351,0.12620915205837469,0.959058247142318
142,0.05128802869742014,0.0,0.0008239728515893565,0.0849356428074853,0.0,0.002262322592390485,0.0,0.0,0.0,0.1646942449241759,1,False,0.1785901240697355,0.1646942449241759,0.1785901240697355,1.9525159950517317
143,0.0,0.0,0.0,0.07049178955675163,0.0,0.06800605751187501,0.11211317649488291,0.0,0.019288857762450564,0.0,16,False,0.1346749531436912,0.11211317649488291,0.1346749531436912,1.2936238026236269
144,0.004711141539032356,0.0,0.028436609632754174,0.011155306594433196,0.06449061688998509,0.0023335331116254242,0.0,0.0,0.053859469209533745,0.01507464959180928,1,False,0.07514401162648435,0.06449061688998509,0.07514401162648435,1.3088307130179715
145,0.0,0.0,0.0,0.0,0.06009782893491178,0.12869766754929743,0.0,0.0,0.03180855650736402,0.04741824539549352,25,False,0.1381110675183111,0.12869766754929743,0.1381110675183111,1.788735905169206
146,0.004804849117160374,0.0,0.0,0.05097733465324626,0.0,0.06871511880768617,0.023043383679425444,0.0,0.030827058864300753,0.013314586653207108,1,False,0.07853966799017983,0.06871511880768617,0.07853966799017983,1.1968936323913857
147,0.01823336082886978,0.06597739892091779,0.037997042000277315,0.0,0.0,0.01693656278954103,0.0,0.0,0.013196263617598993,0.028279311155995697,37,False,0.06911987414658224,0.06597739892091779,0.06911987414658224,1.347804395250405
148,0.07196561850301539,0.013440520530167411,0.0,0.0,0.07496621033021714,0.0,0.0,0.02709467548117856,0.0,0.03147021839611916,13,False,0.09656801618772967,0.07496621033021714,0.09656801618772967,1.188370545126554
149,0.0,0.13715233093684315,0.0,0.0,0.017496733500582513,0.0,0.0,0.10554996418635845,0.029756046685276087,0.0,52,False,0.16230838953207694,0.13715233093684315,0.16230838953207694,1.7130927620263245
150,0.020540521447873775,0.0,0.15037997700835112,0.03486834100188217,0.0,0.0,0.003357311575345018,0.05027407153850185,0.0,0.0,68,False,0.15034028425288937,0.15037997700835112,0.15034028425288937,2.432467799827912
151,0.009713675374773273,0.13212307413856256,0.0,0.0,0.0009298470327060405,0.0,0.0,0.013539219796789992,0.15296163140312682,0.0,13,False,0.18959680647075114,0.15296163140312682,0.18959680647075114,1.7811766515353564
152,0.0,0.0,0.0,0.0,0.07362930327269498,0.06336810695714432,0.0,0.08099048603012644,0.0,0.03699248229175331,52,False,0.11517415631217788,0.08099048603012644,0.11517415631217788,0.7907495050034336
153,0.02623781244941059,0.03378628008628651,0.002075618555325517,0.012851007304640229,0.024322071824121074,0.0,0.0,0.003866587793692918,0.013506949061864818,0.025898711673345166,13,False,0.04010219381330344,0.03378628008628651,0.04010219381330344,0.2119871621348622
154,0.06320402766766223,0.0,0.0,0.0,0.0,0.10579313617475673,0.0,0.0213960886212907,0.07676407253476046,0.0,25,False,0.13112705943300917,0.10579313617475673,0.13112705943300917,1.2019679278876074
155,0.0,0.0999005687778657,0.0032127612898996947,0.0,0.03835530919052357,0.026308122016642756,0.034439419099075205,0.006993434012839527,0.0,0.0,25,False,0.10101723577601465,0.0999005687778657,0.10101723577601465,1.99753260302551
156,0.05474689281685971,0.03046214883395076,0.01231949299428696,0.015766227329567936,0.0,0.00163443153463991,0.03746604963807567,0.0,0.0,0.014626224433524987,107,False,0.060044832816923494,0.05474689281685971,0.060044832816923494,1.0390585794890512
157,0.04490388382379265,0.01977356676203057,0.0,0.0009048398697879484,0.03615372253137788,0.007075999788788524,0.03690499908043512,0.0,0.02280961988922804,0.0,73,False,0.05724559343512014,0.04490388382379265,0.05724559343512014,0.45912436488238584
158,0.03965118738680092,0.0,0.16173808849032317,0.15896743038813357,0.0,0.0,0.0,0.0,0.0,0.0,25,False,0.21632137140973326,0.16173808849032317,0.21632137140973326,1.6473436152054481
159,0.0,0.04319049004641864,0.0,0.061530809123747726,0.0,0.0,0.0,0.04458197952841736,0.11087453839730252,0.0,37,False,0.12541379000509584,0.11087453839730252,0.12541379000509584,1.3945437043722144
160,0.020102804512423966,0.033578414797325276,0.0,0.0076889730360813115,0.0061750257489623745,0.04787250639057592,0.0,0.0,0.006435541306897793,0.043967248730076444,159,False,0.05982295269702062,0.04787250639057592,0.05982295269702062,0.8411883365262632
161,0.0,0.027500608131346152,0.03722039472542479,0.038673071560942004,0.0,0.0,0.0434709623473412,0.0,0.0,0.05573822115035903,5,False,0.0747104838772314,0.05573822115035903,0.0747104838772314,0.3331605646559422
162,0.0,0.028586794978524493,0.024937471942775853,0.0,0.0,0.0,0.00831237313790222,0.0451857135728583,0.05077204515285396,0.020718611570136717,70,False,0.06314054038103925,0.05077204515285396,0.06314054038103925,0.6534843720186612
163,0.0057498649347522,0.03655586989775649,0.026168638523226,0.0,0.09515418839493736,0.003105722662190304,0.011581696275351364,0.0037367821028322992,0.0,0.0014639619628640296,28,False,0.09272574191621,0.09515418839493736,0.09272574191621,2.31429568365821
164,0.07076844958652727,0.0,0.0,0.0,0.06563466031504894,0.0,0.0,0.0,0.06911309815645393,0.0461778302217869,91,False,0.1104138291462269,0.07076844958652727,0.1104138291462269,0.6082475419646315
165,0.0,0.002818675078479501,0.014597904080033527,0.06006451050341174,0.0,0.005448800788822873,0.08623346684616738,0.0,0.04559721785537543,0.0,60,False,0.10039215189541684,0.08623346684616738,0.10039215189541684,1.3374629955073818
166,0.03530950864130367,0.035498672817990205,0.0,0.04188684045938644,0.0,0.0,0.02298112145153219,0.020549765200730204,0.0,0.015393599031086166,91,False,0.05492196380377892,0.04188684045938644,0.05492196380377892,0.21759294504787274
167,0.0,0.0,0.056490172244066536,0.006986872035227835,0.04869100216046152,0.021388884091656176,0.0,0.0972355219732733,0.0,0.0,70,False,0.10911989588704038,0.0972355219732733,0.10911989588704038,1.4432132634737402
168,0.0,0.0,0.0,0.023666280605327272,0.013150059407141214,0.0,0.08411486181834452,0.038767987308680564,0.009454579557687798,0.021706611698175393,70,False,0.0839919173308213,0.08411486181834452,0.0839919173308213,1.9360392284365686
169,0.032090306827724534,0.0,0.009019422222335014,0.04106602986542845,0.0,0.011614724949911523,0.056494612165626706,0.008343063186112464,0.0,0.007472941807968222,1,False,0.06267000207378165,0.056494612165626706,0.06267000207378165,1.2027770156946023
170,0.0,0.0,0.061488097637225195,0.0173137037631749,0.0,0.0010876156563750761,0.03637168900760786,0.03624682747071094,0.04258934873461364,0.0,68,False,0.07503580905182484,0.061488097637225195,0.07503580905182484,0.6900342643634401
171,0.03835376105041604,0.0,0.007843346748096903,0.014471748841987566,0.05282019277987664,0.06477005452183937,0.0,0.012314679877849755,0.0,0.0,80,False,0.07789267604612664,0.06477005452183937,0.07789267604612664,1.1020924895588515
172,0.0,0.0,0.0,0.0,0.25024129788351673,0.0,0.08158364850118115,0.0,0.04585176201775305,0.0,91,False,0.254608422447638,0.25024129788351673,0.254608422447638,2.554898836383119
173,0.0,0.0,0.0,0.06837411023270487,0.0,0.10022826396262285,0.0,0.058508150764207296,0.03241530370494918,0.0,13,False,0.1224914809034363,0.10022826396262285,0.1224914809034363,1.1217316232817964
174,0.0,0.015573895326450869,0.013025553991535824,0.015574315460351233,0.016819118304074406,0.007817200770337068,0.0069470798997787455,0.001004519720327791,0.009259197807273665,0.04281027156522833,25,False,0.03728085246493842,0.04281027156522833,0.03728085246493842,1.8022893122874923
175,0.0,0.0,0.0,0.0,0.0,0.07465155205402854,0.08950310099429358,0.18284599254174372,0.0,0.0,32,False,0.20267289751825265,0.18284599254174372,0.20267289751825265,1.8272903736097108
176,0.018217047642740826,0.05878862738702814,0.09734871920387983,0.0,0.0,0.0,0.08246404317077569,0.0,0.0,0.0005472183646713973,91,False,0.1261667207076923,0.09734871920387983,0.1261667207076923,1.1652865639520362
177,0.043220096128183456,0.0,0.0,0.05156699104051288,0.0,0.06376528977593028,0.0,0.013828057521137976,0.03799039085283458,0.0,13,False,0.0837867049125168,0.06376528977593028,0.0837867049125168,0.6391724199932816
178,0.0,0.03483373158529316,0.03958083195570408,0.0,0.04890456330993065,0.0503528129117579,0.003851690621037146,0.0,0.011408938835291614,0.0,70,False,0.07122809288988977,0.0503528129117579,0.07122809288988977,0.5388658498321559
179,0.0,0.0,0.0,0.0,0.0,0.0,0.0636921974248686,0.004748721079818603,0.09870690459216047,0.13288894042950936,134,False,0.1627299437621078,0.13288894042950936,0.1627299437621078,1.4168564941653146
180,0.0,0.002110674359369052,0.0592263044341631,0.0026133444833243914,0.04891615542482252,0.0,0.017478818722470077,0.03800886321854263,0.0,0.012373541111580576,60,False,0.07211493039424473,0.0592263044341631,0.07211493039424473,0.993817621336668
181,0.0,0.012905099332871048,0.0,0.03581110775198218,0.017303500175755784,0.09534529656851301,0.0,0.06596578399243229,0.0,0.0,73,False,0.10790728717093473,0.09534529656851301,0.10790728717093473,1.5174914393299754
182,0.10738319818716884,0.0,0.0,0.0,0.16358482502807165,0.0,0.0,0.0,0.00578244884209903,0.03679016289663796,37,False,0.18549201150955988,0.16358482502807165,0.18549201150955988,1.8544646576615123
183,0.0,0.1314245152611208,0.15039306410654574,0.0,0.0,0.0,0.0,0.0,0.062334789925220666,0.0,25,False,0.19466138700867158,0.15039306410654574,0.19466138700867158,1.4519768051832929
184,0.054119738151353736,0.0,0.0,0.0213265548767872,0.03267844131069927,0.0,0.05744129669795818,0.0,0.0,0.04035535796719568,25,False,0.07912823914320355,0.05744129669795818,0.07912823914320355,0.5450459643866441
185,0.0,0.05789914388793124,0.0,0.07848140627842978,0.0,0.04516342403080975,0.0,0.0,0.005938136073648768,0.03596942802802364,98,False,0.09701240802751741,0.07848140627842978,0.09701240802751741,0.9424830907229916
186,0.08876233004527327,0.0,0.0,0.0,0.011074940306198667,0.0,0.0,0.05475889899756019,0.13164284240313381,0.0,70,False,0.15363918861478634,0.13164284240313381,0.15363918861478634,1.5519536245606178
187,0.0,0.0,0.06016000207711969,0.0205398017368382,0.0,0.019709087756005102,0.0,0.08295131000151162,0.0,0.03349110604908576,70,False,0.09536826153615448,0.08295131000151162,0.09536826153615448,1.3109326623044606
188,0.057271298522848305,0.0,0.0,0.0,0.0,0.0,0.2855774433192989,0.0,0.05120775714135516,0.0,13,True,0.2838583840210793,0.2855774433192989,0.2838583840210793,2.8181329614186987
189,0.06957651829154876,0.060867285686277105,0.00192651605619637,0.0,0.0,0.0,0.0,0.08529290152794919,0.0,0.023584311797881494,70,False,0.11205167546870036,0.08529290152794919,0.11205167546870036,1.0063012793194783
190,0.0,0.023274594811227768,0.05540866728281282,0.0,0.021188227207848832,0.021007399887799903,0.023270010864753537,0.0,0.0,0.02856209359309319,70,False,0.058353626443069365,0.05540866728281282,0.058353626443069365,0.8956629721216034
191,0.0,0.004229617451169574,0.0,0.006380077299987178,0.030950868185883013,0.03074415828766747,0.030744968116883646,0.017974516291090904,0.0,0.03779481685054999,37,False,0.049821266462455306,0.03779481685054999,0.049821266462455306,0.23022033125836847
192,0.08041419073177178,0.0,0.0005849365393298292,0.0,0.0,0.04760768793818039,0.04085476927857641,0.031019997265576905,0.009177284212001934,0.0,32,False,0.09086073850669057,0.08041419073177178,0.09086073850669057,1.2086793065137258
193,0.0,0.04225872682997974,0.0,0.0,0.0,0.0,0.06301958929221141,0.0,0.013904645035020397,0.18102960391399534,32,False,0.18362481851109796,0.18102960391399534,0.18362481851109796,2.4273828170289047
194,0.0,0.0,0.020826957965480935,0.0,0.0,0.021580071318275808,0.0,0.09414975233393741,0.0,0.16155948789369168,73,False,0.17579186630496793,0.16155948789369168,0.17579186630496793,2.0250869559284452
195,0.030033814941461578,0.015072542624283852,0.021137300258088604,0.0,0.0,0.049687871033569406,0.01724951821888872,0.0,0.04173650264865328,0.0,134,False,0.05988332078946473,0.049687871033569406,0.05988332078946473,0.6362640361358032
196,0.0,0.02196026594976474,0.04089280661333156,0.0,0.015424025891717211,0.012105464773091703,0.04119337681232232,0.0,0.014124473175655981,0.008754232208695971,25,False,0.049222519989783504,0.04119337681232232,0.049222519989783504,0.857928081540231
197,0.06825528314611923,0.0,0.10753458609205173,0.0,0.0,0.0,0.0,0.0,0.0,0.1687716049326402,137,False,0.19701547155355276,0.1687716049326402,0.19701547155355276,1.6171307755766249
198,0.07754598956920154,0.0,0.0,0.08928999360017648,0.0,0.0,0.0,0.0,0.03300626100308753,0.05809962029479319,80,False,0.1195500953987247,0.08928999360017648,0.1195500953987247,0.9531960587306973
199,0.0,0.0,0.0,0.4378245512237249,0.09374026949886892,0.001033400834969685,0.0,0.0,0.0,0.0,70,False,0.43683713128134044,0.4378245512237249,0.43683713128134044,2.9273625545046165
200,0.0066395278176995115,0.016242680819567226,0.0,0.07023424323363271,0.020599007332568146,0.009761390954793088,0.0,0.0,0.08050225424037477,0.0,5,False,0.09571515887631471,0.08050225424037477,0.09571515887631471,1.5647680036027054
201,0.0,0.04104437455807246,0.0,0.07554969870148104,0.011110565371019898,0.008449656111138132,0.0015706764860539907,0.028322346938055565,0.013756932203443421,0.0,1,False,0.07736297269997056,0.07554969870148104,0.07736297269997056,1.7358866679369356
202,0.2539821419483746,0.0,0.01727061029743867,0.0,0.0,0.0,0.0,0.13294475194540545,0.0,0.0,25,False,0.2745825183705826,0.2539821419483746,0.2745825183705826,2.217267231674921
203,0.0,0.0,0.023227364767034863,0.0,0.0,0.008771775580004297,0.0,0.12396199071177576,0.16148713067989473,0.0,5,False,0.1916041695854358,0.16148713067989473,0.1916041695854358,1.8117350711821298
204,0.028414623717642605,0.0,0.0730998822918044,0.0,0.0,0.032999905515961,0.0,0.06594621304889908,0.015031989579705382,0.0,25,False,0.09222249638395255,0.0730998822918044,0.09222249638395255,1.0869444595387054
205,0.0,0.08491584794905842,0.062031330180669926,0.0,0.0,0.023392426130076246,0.09399745054573741,0.0,0.0,0.0,79,False,0.12710063874792088,0.09399745054573741,0.12710063874792088,1.0638114402675922
206,0.008609010408673862,0.019198510190643912,0.0,0.0,0.017884710816692007,0.04397494379984691,0.025084184276595176,0.07120407560350374,0.0,0.0,32,False,0.07534244752067626,0.07120407560350374,0.07534244752067626,1.4645647067811096
207,0.036670269326554206,0.054479852155803574,0.005845689532484508,0.0,0.0,0.018606821421037065,0.032240103163341464,0.033370795638726275,0.0,0.0,13,False,0.06497624536467456,0.054479852155803574,0.06497624536467456,0.6200071869336203
208,0.0,0.0,0.06457616898109265,0.0,0.0,0.0,0.03617460612854042,0.09679128657006228,0.0,0.05981564600043417,80,False,0.11949056129069044,0.09679128657006228,0.11949056129069044,1.040640529592518
209,0.0,0.0,0.051271924372876476,0.0,0.05634934765855906,0.0,0.0,0.014366326701127688,0.1606714428067015,0.00023990110500091318,80,False,0.16482670228627602,0.1606714428067015,0.16482670228627602,2.2602719065908903
210,0.002404212240484243,0.0,0.0,0.0,0.0,0.053681561773611046,0.10397707704896914,0.0,0.02580919519396538,0.055774966649625494,80,False,0.11680215779596075,0.10397707704896914,0.11680215779596075,1.4484981825605998
211,0.0,0.0,0.0,0.0,0.03407463483723447,0.0,0.06314685170340027,0.11145142306123508,0.05302568004742924,0.0,79,False,0.12707390083421086,0.11145142306123508,0.12707390083421086,1.3889986853353395
212,0.0,0.0,0.025515428715300787,0.0,0.0810421038905044,0.08412420097561016,0.0,0.07051352686043537,0.0,0.0,112,False,0.12265395695520824,0.08412420097561016,0.12265395695520824,0.9221069827935654
213,0.0,0.07039048362774794,0.04237144705866322,0.0,0.0,0.002436431993117828,0.0,0.0,0.062097451496517124,0.0530338814525583,68,False,0.09908677037710259,0.07039048362774794,0.09908677037710259,0.6674530541144791
214,0.0,0.0,0.0,0.0,0.02964948657562972,0.0,0.034279580031886914,0.08731227233665516,0.032116132312794254,0.02821258972862333,80,False,0.09095938388186217,0.08731227233665516,0.09095938388186217,1.5700319559899452
215,0.022687573154396255,0.00409224003157105,0.01884851969394872,0.0,0.03094741522383339,0.0011082324876316235,0.025208810453993466,0.0,0.014347517031883743,0.02571298064770155,80,False,0.03858933474191653,0.03094741522383339,0.03858933474191653,-0.08808242169528858
216,0.0,0.0,0.0,0.0,0.0,0.0651929753341027,0.09633276739963653,0.0,0.022299710451316932,0.08120491960367403,134,False,0.12775380505512363,0.09633276739963653,0.12775380505512363,1.0650604197428972
217,0.030741235695091497,0.015871246557979297,0.0,0.003218698239379062,0.0,0.004215111383627216,0.04902248733279607,0.03312891515429656,0.0,0.030139004512359662,134,False,0.05751001756892518,0.04902248733279607,0.05751001756892518,0.6252439567322314
218,0.10612367697769581,0.13934460309598581,0.0,0.0,0.0,0.09056777729826615,0.0,0.0,0.0,0.0,5,False,0.18210149467962508,0.13934460309598581,0.18210149467962508,1.213478790727718
219,0.019588587936319776,0.00019083580498223523,0.0024524599867074125,0.014235300888515092,0.007795386524232451,0.04086996573159218,0.0025162157354701423,0.0,0.032402459795160175,0.024576488680103894,32,False,0.0457299706272163,0.04086996573159218,0.0457299706272163,0.7149727442794678
220,0.02330979782033172,0.008797958267345661,0.0,0.0,0.05312214404065792,0.0,0.050239871812612795,0.0,0.08155171216109076,0.00017767708038892607,134,False,0.09629894990717505,0.08155171216109076,0.09629894990717505,1.1493975840372779
221,0.09853296462170533,0.0,0.0,0.13201066258775412,0.070555580218959,0.0,0.0,0.0,0.0,0.003265513403307463,25,False,0.16442937455085913,0.13201066258775412,0.16442937455085913,1.3443216980278094
222,0.044990747964338065,0.08720137059469926,0.2426458855148385,0.0,0.0,0.0,0.0,0.0,0.0,0.0,134,False,0.24901508410493386,0.2426458855148385,0.24901508410493386,2.4759933587094523
223,0.0,0.12335579896813813,0.0,0.040065887215620946,0.0,0.02182234516909422,0.0,0.0,0.09053540958477056,0.0,68,False,0.14484203387156416,0.12335579896813813,0.14484203387156416,1.5736152656217657
224,0.08565112604822109,0.0,0.0,0.0,0.0,0.003940725496519354,0.07704519501043579,0.001545405755597879,0.10737474216312141,0.0,134,False,0.14250679432585517,0.10737474216312141,0.14250679432585517,1.1451752564447018
225,0.0,0.0,0.0,0.04437249474374722,0.0,0.0,0.17689898149331879,0.13598290215157277,0.0,0.0,137,False,0.21356130279839758,0.17689898149331879,0.21356130279839758,1.7061180114510968
226,0.027507608546866655,0.01484121414283936,0.0,0.01212190430251837,0.0,0.02117480218490485,0.0,0.016278286318791475,0.03519663692903203,0.020025669316850767,134,False,0.039168020501845306,0.03519663692903203,0.039168020501845306,0.12106685830097588
227,0.03518224337563566,0.03045479418084425,0.0,0.026544119666578585,0.00802277741245372,0.033238559440155184,0.0,0.04125351151148786,0.0,0.0,70,False,0.056982224577192056,0.04125351151148786,0.056982224577192056,0.09950166915803482
228,0.030188541578773317,0.0631242363313281,0.017529207534536018,0.013437369015140234,0.0,0.006475172549333578,0.0,0.0,0.03992710088537836,0.002153184812515171,70,False,0.06758620016879295,0.0631242363313281,0.06758620016879295,1.3129010705220885
229,0.02716370017847537,0.01464478435988355,0.022026107249879422,0.010698431845394495,0.000987533492682257,0.0,0.020071747598888065,0.022122196805910852,0.0,0.019737407534906642,70,False,0.03295013052080373,0.02716370017847537,0.03295013052080373,-0.42021111611939815
230,0.15540354778734522,0.0,0.11218086456559544,0.0,0.0,0.0,0.0,0.07336151743712326,0.0,0.0,68,False,0.19051982228748335,0.15540354778734522,0.19051982228748335,1.439837780776056
231,0.0,0.0,0.011435753423055441,0.040879638853333754,0.0,0.008831563434871775,0.053449762992591646,0.017032421158310617,0.05531810631388241,0.0,25,False,0.07313033802019141,0.05531810631388241,0.07313033802019141,0.8982793227769007
232,0.0,0.045089204982272424,0.04292873843667661,0.03787052876354598,0.008188309571218733,0.0,0.0013066819165119088,0.010299757081253776,0.02488087479790239,0.0,119,False,0.06076764587712515,0.045089204982272424,0.06076764587712515,0.6031726409952148
233,0.0,0.11612243302333013,0.03397057609872638,0.0,0.0,0.0878929298365207,0.0,0.0,0.0,0.03184585840495663,70,False,0.13777194691686173,0.11612243302333013,0.13777194691686173,1.4998793175862268
234,0.0,0.0694266116190561,0.0,0.025544205737059903,0.015777858837944605,0.04233169015250947,0.005151824676713882,0.030120410117946635,0.0,0.0,99,False,0.07536711516747183,0.0694266116190561,0.07536711516747183,1.2561346294300366
235,0.022179316519236547,0.008215731827918914,0.0,0.0,0.010312985482912922,0.04383007374552134,0.007769038698612129,0.035149012661707266,0.0,0.030241228973154517,70,False,0.05141253339270735,0.04383007374552134,0.05141253339270735,0.6684679833733734
236,0.0,0.059973622375942906,0.104235739813262,0.0,0.027806405899288004,0.0,0.0704885209243157,0.0,0.0,0.0,68,False,0.12630782575196092,0.104235739813262,0.12630782575196092,1.1979027807406064
237,0.0650711962694542,0.008981632719946009,0.020389651117771093,0.03104701927973542,0.0,0.0,0.02508268933075591,0.0,0.029849067116187317,0.0,134,False,0.06786949671396861,0.0650711962694542,0.06786949671396861,1.2641011967131843
238,0.045077058089838785,0.026513479125077,0.0,0.027050078389581532,0.0,0.0,0.0,0.05078827873211601,0.014624024772848852,0.013017748938157124,70,False,0.062353606678568395,0.05078827873211601,0.062353606678568395,0.7114076981293188
239,0.009743402449867808,0.0,0.0,0.026883911795179943,0.0,0.09859684521883938,0.0,0.0,0.05395860821832933,0.03649510294204338,119,False,0.10615499526137798,0.09859684521883938,0.10615499526137798,1.6262334114983275
240,0.0,0.00400056996925731,0.011859463661049511,0.046801128117862335,0.0019079799549921806,0.050674467583758785,0.006751801212060956,0.0,0.06788808295557486,0.0,137,False,0.08231189368381944,0.06788808295557486,0.08231189368381944,1.1321745399165641
241,0.012954137201044732,0.09255427891511535,0.0,0.0,0.0751088242104359,0.0,0.0,0.0,0.09480026567515508,0.0,73,False,0.13731052378619632,0.09480026567515508,0.13731052378619632,1.056313795292952
242,0.0,0.009739989308930986,0.008060497797591434,0.03125611124624463,0.0067114575477224755,0.007441085201874129,0.024492319078596357,0.015877562777406956,0.03387172575683207,0.0,222,False,0.038567427230208805,0.03387172575683207,0.038567427230208805,0.662328349385235
243,0.0,0.018513929522435822,0.0,0.08007913001946664,0.0,0.0,0.0,0.337504688656882,0.0,0.0,134,False,0.3360697733394652,0.337504688656882,0.3360697733394652,2.8740328878246535
244,0.0035839153840866137,0.047850895738107094,0.012450007127519074,0.05429710988581641,0.027632652332625067,0.044334667098120395,0.0,0.0,0.0,0.0,119,False,0.07301967352815665,0.05429710988581641,0.07301967352815665,0.658062407188052
245,0.029702295646193057,0.0,0.045484560415465676,0.0,0.0002930498926223587,0.0,0.03326412473295367,0.1721271672278361,0.0,0.0,134,False,0.17049339346411374,0.1721271672278361,0.17049339346411374,2.5900100365879974
246,0.008375375202009027,0.026781865490735766,0.043908292291213624,0.0068276697006816305,0.010939848053028932,0.023299478597998646,0.02916633183186907,0.0,0.0,0.0006072067915465322,5,False,0.047722517391743276,0.043908292291213624,0.047722517391743276,0.7647800300006979
247,0.0,0.0,0.06739435907988023,0.016453260376795648,0.008196027363301507,0.0,0.007948927478019119,0.05702478943984796,0.037495749494058685,0.0,137,False,0.08191804014713364,0.06739435907988023,0.08191804014713364,1.1554186537065678
248,0.032854375098428285,0.005195842936684901,0.0,0.0,0.0322070144310489,0.0,0.0624319405904477,0.008309221283590474,0.051156552383282115,0.0,32,False,0.07670973084945233,0.0624319405904477,0.07670973084945233,0.8984163673249388
249,0.0016227685557969444,0.0,0.0,0.0,0.0,0.17832901638738155,0.0,0.06288149986918076,0.0821764527100725,0.0,1,False,0.19238172761163314,0.17832901638738155,0.19238172761163314,1.9808484163179874
250,0.01272346272956249,0.0,0.04298210438235712,0.0,0.05799882812136178,0.03414805284933514,0.016146181824009145,0.01617765482202786,0.0,0.0,137,False,0.0667696891282282,0.05799882812136178,0.0667696891282282,0.9564346530004735
251,0.013623361562099258,0.0,0.02379046985379042,0.012264670727324246,0.0,0.013966651274411015,0.009149632368439001,0.02493206137882925,0.012874961666826612,0.01771353131632098,119,False,0.026751119896510956,0.02493206137882925,0.026751119896510956,-0.2503102153705975
252,0.023532944570204467,0.0,0.0,0.09012407402192321,0.1548341571832879,0.0,0.007674741742460404,0.0,0.004263234376879982,0.0,25,False,0.1676849970014702,0.1548341571832879,0.1676849970014702,2.05209019905181
253,0.0,0.0,0.0,0.20867623164013444,0.007372368316015952,0.0,0.0,0.012720525246127212,0.11870868054814727,0.0,112,False,0.22782477466492748,0.20867623164013444,0.22782477466492748,2.1326291216890905
254,0.041646064286714496,0.04789297021097339,0.0,0.0,0.0,0.0,0.06102167261740574,0.0,0.10893699538669308,0.0,134,False,0.12421389096664204,0.10893699538669308,0.12421389096664204,1.344113084425439
255,0.0062036250776283195,0.0,0.0832386919110042,0.0,0.03170991570697039,0.0,0.09631282819605473,0.0,0.014516660382311048,0.0005676198178359682,5,False,0.11751133231949014,0.09631282819605473,0.11751133231949014,1.5270159061365758
256,0.0,0.03657045226904052,0.028007248883285818,0.08625686019003702,0.0,0.0,0.05737900373491841,0.0,0.0,0.011702475346043916,80,False,0.09794399976203806,0.08625686019003702,0.09794399976203806,1.3177161357614753
257,0.09031768678797632,0.03295730101496641,0.0,0.0,0.0,0.0,0.01596545127660402,0.0,0.15333103038677187,0.0,119,False,0.16780148795982264,0.15333103038677187,0.16780148795982264,1.9472879206626008
258,0.05416729447746919,0.0,0.0,0.012037628555307297,0.01464085537520697,0.15044851254786815,0.0,0.0,0.022102429347147238,0.0,119,False,0.1494947920270597,0.15044851254786815,0.1494947920270597,2.5162091174705123
259,0.0,0.09428806859268321,0.0,0.0,0.0,0.047917204247318684,0.0,0.0,0.2247104991417461,0.0,99,False,0.23525048634745796,0.2247104991417461,0.23525048634745796,2.2997640079282027
260,0.013436061936774962,0.0,0.02631335588120413,0.0,0.0046710643788226295,0.0,0.02179821483704246,0.03214951735761296,0.03970596270149407,0.01620994067307078,25,False,0.04644498070078883,0.03970596270149407,0.04644498070078883,0.38549480425907295
261,0.024433191773139535,0.0,0.029437226776401225,0.043752708320650556,0.0,0.0,0.02283892193249711,0.0015946188188078268,0.01571811488316348,0.021466473073950828,119,False,0.0492446273237901,0.043752708320650556,0.0492446273237901,0.40015564518786584
262,0.0,0.0,0.0009982071455137515,0.054977542760555484,0.051409313189206794,0.006737621444646756,0.017022086282299592,0.0,0.017832964803835744,0.025954692977484893,5,False,0.06704180204464165,0.054977542760555484,0.06704180204464165,1.071738695825703
263,0.22316410721709806,0.0,0.16537123505988716,0.0,0.0,0.0,0.0,0.01462621593471213,0.0,0.0,80,False,0.26514252613183686,0.22316410721709806,0.26514252613183686,1.884920850221281
264,0.03459775540359849,0.0,0.0,0.0,0.01600890812525701,0.02809908286294413,0.038160524828463604,0.07852143731116402,0.0,0.001960470247349731,80,False,0.08319597295950569,0.07852143731116402,0.08319597295950569,1.436490032570501
265,0.0,0.0,0.0,0.06362592189526499,0.07027742740094499,0.01277514598385298,0.05964823466144084,0.0,0.0,0.01572572033976998,32,False,0.09754250492391354,0.07027742740094499,0.09754250492391354,0.9326781550242843
266,0.13421966088004983,0.038856130282671895,0.06700150572370626,0.0008376563989749777,0.022121093582010237,0.0,0.0,0.0,0.0,0.0,137,False,0.14227874580801564,0.13421966088004983,0.14227874580801564,1.9595927500059365
267,0.0934919257641707,0.0,0.0053772800947522,0.0,0.0,0.0,0.06132623478133115,0.0,0.03078092239178778,0.03913247390839457,134,False,0.10680450063287264,0.0934919257641707,0.10680450063287264,1.3497554225539252
268,0.050134197666614054,0.0,0.03698837553961632,0.006204874032177495,0.0726675149017663,0.0035678688619749485,0.010513440662390182,0.0,0.005352801816642407,0.0,134,False,0.08151060682470045,0.0726675149017663,0.08151060682470045,1.394928065648746
269,0.0,0.06019422217954164,0.0,0.0,0.11423069194897652,0.0,0.0,0.17361770454587422,0.0,0.0,68,False,0.20212434372245372,0.17361770454587422,0.20212434372245372,1.6806348855636792
270,0.011019132871084686,0.0335013355987202,0.029594826947028873,0.01215370428612217,0.0,0.0,0.05546720601879132,0.002748676851769849,0.0,0.020100529862173193,5,False,0.0588541953136783,0.05546720601879132,0.0588541953136783,1.1245751256517948
271,0.0,0.04757832930244883,0.013574984746275939,0.0183823568981195,0.014982191893553983,0.044521367056229305,0.0,0.0,0.0,0.03856491029681622,79,False,0.06267117659679852,0.04757832930244883,0.06267117659679852,0.6292329838935432
272,0.0,0.007272157225854954,0.01823293213999286,0.0,0.02281725054385999,0.03258546520114878,0.0,0.01101574304916548,0.025711140983458836,0.03342409760120483,5,False,0.04296705110958142,0.03342409760120483,0.04296705110958142,0.1353931000691713
273,0.0068090383797288784,0.053885123102582685,0.020305175433173894,0.01976394963098487,0.0,0.023259321258765467,0.0,0.0,0.02825593697385922,0.0066692982240734435,119,False,0.05438566013438294,0.053885123102582685,0.05438566013438294,1.228205933314176
274,0.0,0.06836080807559858,0.0,0.0,0.0,0.12988023715752015,0.09288700733090989,0.0,0.005384374104489344,0.0,32,False,0.15896167829656854,0.12988023715752015,0.15896167829656854,1.3733337116523996
275,0.0,0.08726915514697278,0.0,0.08319169991491986,0.0,0.012412430985673656,0.0,0.0,0.06788063812570137,0.001954217628880755,119,False,0.12348388550991209,0.08726915514697278,0.12348388550991209,1.0588649623920594
276,0.0,0.0,0.0,0.0,0.05231142637451654,0.037832560823628174,0.04861052154854831,0.12694912531818509,0.0,0.0,32,False,0.1353985913175856,0.12694912531818509,0.1353985913175856,1.7883694056789952
277,0.05103863916369076,0.028978029291438414,0.0,0.0,0.0,0.09911142595154941,0.0,0.004694683249040954,0.048627261212014966,0.0,119,False,0.10956912626229172,0.09911142595154941,0.10956912626229172,1.4650752784739678
278,0.028134551566216387,0.013779223971638726,0.0,0.11151060461058467,0.0115331953139967,0.0,0.0,0.00425492210451419,0.04340012739566623,0.0,5,False,0.11044669510983483,0.11151060461058467,0.11044669510983483,2.3021880537766126
279,0.024743226732869446,0.0052138400301966455,0.019335335521109602,0.0,0.011529945466385081,0.036199318432106324,0.005530394636582206,0.0,0.02605944675405968,0.009605360511259865,119,False,0.03865491576707027,0.036199318432106324,0.03865491576707027,0.6009930229113916
280,0.0,0.0,0.14484233302398908,0.0,0.0,0.324205868183367,0.0,0.0,0.0,0.0025027648658189528,70,False,0.3430218519436815,0.324205868183367,0.3430218519436815,2.394791550641134
281,0.0049593118829887525,0.0,0.0,0.0,0.0,0.007111139275929704,0.024088986772924433,0.05780364669345377,0.04889690822224086,0.05220924867029781,32,False,0.0788164474016478,0.05780364669345377,0.0788164474016478,0.7946022964828344
282,0.0,0.08671243392175702,0.0,0.0,0.11627570138686986,0.13288796720903712,0.0,0.0,0.0,0.0,68,False,0.18160609766260732,0.13288796720903712,0.18160609766260732,1.1805888440136103
283,0.03556544641526991,0.0,0.0,0.0,0.009783981715369426,0.04058164044762707,0.0,0.06509000687996438,0.0,0.06549590059787248,70,False,0.09057361253689034,0.06549590059787248,0.09057361253689034,0.816286269391638
284,0.0,0.0,0.002241247835050926,0.022654417229016604,0.0,0.11979721489493306,0.06416513744116162,0.04109483491728267,0.0,0.0,91,False,0.12913756921128813,0.11979721489493306,0.12913756921128813,1.788240256907781
285,0.0,0.0,0.0,0.0,0.013084420933992293,0.0,0.03962571450919308,0.1528285979806708,0.0,0.08738986902378011,25,False,0.16696226172797307,0.1528285979806708,0.16696226172797307,1.9253774887311355
286,0.0,0.39640579721608665,0.13719049042207118,0.0,0.0,0.0,0.0,0.0,0.0,0.0,119,True,0.40778286008120346,0.39640579721608665,0.40778286008120346,2.6313045182410026
287,0.0,0.07118973832698955,0.0,0.0442334254076144,0.04607440036138639,0.008790840341341987,0.0,0.0,0.04599289623492185,0.0,5,False,0.0895233181889262,0.07118973832698955,0.0895233181889262,0.756244010960805
288,0.014298097475997985,0.08026578574970973,0.017240492750160208,0.03458819791064502,0.0,5.527843665911778e-05,0.0,0.01002587094193369,0.02967587692930492,0.0,5,False,0.0799924795834623,0.08026578574970973,0.0799924795834623,1.8800507178165757
289,0.0,0.0532384082571465,0.08849942791382459,0.028131242447080124,0.0,0.0,0.09244838486973767,0.0,0.0,0.0,134,False,0.12553166234744365,0.09244838486973767,0.12553166234744365,1.1054139630325972
290,0.06152219715098571,0.0101389885154173,0.049773307434567614,0.0,0.037705103649870175,0.0,0.0,0.007055917798074174,0.0,0.022498175227826062,32,False,0.0746251758701062,0.06152219715098571,0.0746251758701062,0.9599066997164403
291,0.0,0.0,0.0,0.019161983695577804,0.031318684377714685,0.0,0.0010110179901875631,0.0,0.03386739897940089,0.21974985389376317,91,False,0.21373788618049044,0.21974985389376317,0.21373788618049044,2.933447802479186
292,0.015518910701463062,0.01837267700732237,0.0,0.0,0.09777339784284861,0.0,0.01680556463063571,0.0,0.08853931903363238,0.0,134,False,0.12049676264816038,0.09777339784284861,0.12049676264816038,1.6129382684696212
293,0.0,0.0,0.0,0.0,0.0,0.053940534292059944,0.0,0.0539318233996233,0.024298091704964147,0.14412521669179115,80,False,0.15051506515997287,0.14412521669179115,0.15051506515997287,2.0456961682384818
294,0.0831024295842873,0.0,0.0,0.0,0.010185553511608604,0.0315162542005171,0.0,0.04465060581535626,0.0,0.049269126406056164,134,False,0.09512979348300218,0.0831024295842873,0.09512979348300218,1.1731777331231745
295,0.0,0.05307461416527802,0.06075905724237809,0.0,0.0,0.0,0.034279655569070214,0.11423016551002291,0.0,0.0,32,False,0.1283952232539125,0.11423016551002291,0.1283952232539125,1.4587799221895548
296,0.0,0.06136007367114689,0.02079838830123462,0.004350453502852388,0.005369297051767446,0.05085509955135564,0.0,0.0,0.0,0.05920932973551037,80,False,0.08543137851631241,0.06136007367114689,0.08543137851631241,0.8920146649140835
297,0.0,0.0,0.0,0.0,0.0,1.0,0.0,0.0,0.0,0.0,32,True,0.9904544411531506,1.0,0.9904544411531506,3.1622776601683795
298,0.050827350410926515,0.030257321704929223,0.032061765221100574,0.0,0.0,0.0,0.021654292378145947,0.0,0.07529124038962529,0.0,70,False,0.08638704596961101,0.07529124038962529,0.08638704596961101,1.0792824640323202
299,0.005102346250118381,0.03709449165900179,0.0024985018848055957,0.002186827645277599,0.06063404368215798,0.006270900208881794,0.0,0.0,0.0984658062203219,0.0,80,False,0.10760728628583037,0.0984658062203219,0.10760728628583037,1.7040031858598226
300,0.0,0.03567959566781264,0.15356274406430298,0.0,0.0033291734717323784,0.0,0.0,0.0,0.13071099160927405,0.0,137,False,0.19101137803492066,0.15356274406430298,0.19101137803492066,1.6816509890959646
301,0.0,0.0005265032077023222,0.0,0.004739182320381046,0.1100253242656857,0.02268114827857752,0.0,0.027058301633161887,0.0,0.06833794519042821,80,False,0.11990663811440987,0.1100253242656857,0.11990663811440987,1.785952409720596
302,0.007256423220983208,0.0,0.0,0.04871940708361974,0.0469581427182581,0.0,0.10701180140779433,0.0,0.02257980093563404,0.0,5,False,0.11376363661380583,0.10701180140779433,0.11376363661380583,1.7449748519588182
303,0.0,0.04712594311598658,0.0,0.0,0.08422368237486799,0.0,0.026325718409286103,0.0072958971659335525,0.04591675971063546,0.0009456682050818472,32,False,0.09451627628941622,0.08422368237486799,0.09451627628941622,1.3045768911770776
304,0.03778397168799431,0.01514848342500418,0.0,0.01930172994570528,0.0,0.13892332433972518,0.0,0.0,0.029201672629859683,0.0,5,False,0.13555407015250376,0.13892332433972518,0.13555407015250376,2.5859179615047014
305,0.03473889945881542,0.0045323886968414275,0.012332012721311984,0.0,0.020528145055735157,0.012574861528377192,0.0,0.0,0.04065403121739281,0.031755611359773214,70,False,0.04977744678915814,0.04065403121739281,0.04977744678915814,0.508973183478673
306,0.13666100276609688,0.05126548745831692,0.0,0.0,0.0,0.0,0.04427584564644614,0.0,0.037436837922202745,0.0,80,False,0.14238491404230272,0.13666100276609688,0.14238491404230272,1.999074567148748
307,0.02432763274783837,0.009867018569199505,0.0,0.0,0.041515716173632713,0.00517679667641195,0.0,0.05466251175971504,0.0,0.05531423348932259,5,False,0.0752988852099886,0.05531423348932259,0.0752988852099886,0.8087471480381347
308,0.0,0.0,0.0,0.0,0.0,0.12485449640222211,0.04921030732567962,0.0,0.05142477713146142,0.039223074096919594,119,False,0.13378715844372957,0.12485449640222211,0.13378715844372957,1.744060635707364
309,0.0,0.11237227209221137,0.02980178677451655,0.0,0.0,0.042036769682125406,0.08243767518347579,0.0,0.0,0.0,80,False,0.13321322851142625,0.11237227209221137,0.13321322851142625,1.4189988503423652
310,0.05966765423324189,0.0,0.030368607670272104,0.029815540917587095,0.0035648783409740425,0.0,0.0328447160060646,0.0,0.02817529041870869,0.0,188,False,0.06758731196965537,0.05966765423324189,0.06758731196965537,0.7636250914082152
311,0.0,0.0,0.0293384729457675,0.0009440713173201979,0.0005418638569101956,0.02881013705053761,0.04855617782557283,0.0,0.05446237960394219,0.022876440832099165,119,False,0.06948775973080433,0.05446237960394219,0.06948775973080433,0.6473050805843235
312,0.0,0.0,0.023739572448586432,0.10987689485337364,0.0,0.0,0.0,0.051818169458370825,0.021705490883590695,0.01945544179597479,32,False,0.11242487789565847,0.10987689485337364,0.11242487789565847,2.037685589877953
313,0.0,0.06741616608476109,0.0,0.0,0.0,0.0,0.1005346261169536,0.17916749077732264,0.0,0.0,119,False,0.20201676809093097,0.17916749077732264,0.20201676809093097,1.7643873925133642
314,0.0,0.040927765097641414,0.08643348493435882,0.0,0.0,0.0,0.016067880286605992,0.1420830227173821,0.0,0.0,80,False,0.15773822724526482,0.1420830227173821,0.15773822724526482,1.8128187806022493
315,0.008193419040040579,0.0,0.0,0.0,0.059126057895872136,0.05725680342392571,0.061935062207236026,0.0,0.03174543656636095,0.0,119,False,0.09121377893132225,0.061935062207236026,0.09121377893132225,0.699159970342947
316,0.054554645708097746,0.05380198923751692,0.0,0.04081822303697375,0.0,0.0,0.03589441527651527,0.0,0.02044461434672542,0.0,134,False,0.07831413855657719,0.054554645708097746,0.07831413855657719,0.47039977279799966
317,0.08253581520880703,0.0033974275092683685,0.034789736435715875,0.0,0.05128347879024634,0.0017881087139908507,0.0,0.0,0.009256670618053891,0.01059784111577425,80,False,0.08939933006539563,0.08253581520880703,0.08939933006539563,1.5950315592919742
318,0.0,0.0,0.06312144675746946,0.0,0.0,0.0,0.0,0.10648796644790721,0.17845153268339312,0.0,134,False,0.20299688332150173,0.17845153268339312,0.20299688332150173,1.74830849317463
319,0.01963853977286832,0.0,0.0,0.0,0.0,0.05277422490724071,0.09625002071832282,0.010751755917104961,0.046743937688030555,0.0,70,False,0.10588807266666188,0.09625002071832282,0.10588807266666188,1.514815129145047
320,0.0,0.035470706610609824,0.08937858631059878,0.0,0.015763582766588447,0.0,0.0,0.0,0.04073608802445725,0.03434196828045825,137,False,0.09497459804091977,0.08937858631059878,0.09497459804091977,1.521903633526532
321,0.10311606952957232,0.04406078195783341,0.0,0.0,0.03371365546724909,0.004900490128124912,0.04638001575067858,0.0,0.0,0.0,5,False,0.11064622575934337,0.10311606952957232,0.11064622575934337,1.6181476124496244
322,0.0321762824147015,0.008633354185802621,0.010836827189219796,0.05917419638670112,0.0,0.0,0.016889554608601094,0.0,0.06269480077620378,0.0,119,False,0.07833686925126145,0.06269480077620378,0.07833686925126145,1.1676532969918723
323,0.0,0.023156692613403057,0.0,0.0,0.09227692910717877,0.0,0.2959964838003564,0.0,0.0,0.0,134,False,0.2990594930277232,0.2959964838003564,0.2990594930277232,2.696917339410748
324,0.023251810911797895,0.0,0.0,0.0,0.03360232218520823,0.02134166140034195,0.014484066235409425,0.04418436449754833,0.035181304430991586,0.0,32,False,0.0555345757816469,0.04418436449754833,0.0555345757816469,0.28171576300585244
325,0.013836056992551502,0.0,0.0,0.021427827478259567,0.0,0.01812393418577144,0.021506987764949373,0.08253768328290685,0.0,0.02802921074290833,5,False,0.0795643612697539,0.08253768328290685,0.0795643612697539,2.1235974038653187
326,0.007103329630925,0.09168743097518461,0.04046229306763036,0.0,0.013476870725553022,0.0,0.02263317917782222,0.0,0.0,0.02109285926175971,68,False,0.09112582372891455,0.09168743097518461,0.09112582372891455,2.0753771145514874
327,0.12888860362815766,0.008459062706273682,0.075288340655135,0.006175623922801647,0.0,0.03843321063850568,0.0,0.0,0.0,0.0,70,False,0.14043687302660512,0.12888860362815766,0.14043687302660512,1.8605040244532614
328,0.0,0.02158194410603805,0.0,0.06432333599232222,0.013532782583045432,0.08954050403419227,0.018944380400412315,0.0021408509833191498,0.0,0.0,5,False,0.09983038996926849,0.08954050403419227,0.09983038996926849,1.6432923670249333
329,0.0,0.0,0.0,0.0,0.09291752366417276,0.25913627748480095,0.0,0.0,0.03464137820476322,0.0,80,False,0.26504980288506647,0.25913627748480095,0.26504980288506647,2.541468179626602
330,0.0,0.03966119435271831,0.16861890454223408,0.03450077833074063,0.0,0.04180906096885381,0.0,0.0,0.0,0.0,137,False,0.16808286000404812,0.16861890454223408,0.16808286000404812,2.5080817470199186
331,0.0,0.0392946926403968,0.009635284996370503,0.0,0.03466237684609821,0.014768463594186345,0.0,0.015746585367535062,0.0,0.0731282254066744,80,False,0.07686012748531901,0.0731282254066744,0.07686012748531901,1.4899359566718002
332,0.07426170577436313,0.0,0.0,0.008476850261006526,0.08488223800262593,0.03397964599813897,0.02551652408700221,0.0,0.0,0.0,91,False,0.10514286625529431,0.08488223800262593,0.10514286625529431,1.2974091780583672
333,0.13358943081072022,0.12071356575668404,0.0,0.0,0.0,0.0,0.0,0.06210911076707368,0.001432285420749322,0.0,134,False,0.17584256085693264,0.13358943081072022,0.17584256085693264,1.3864526237825252
334,0.027427278903546598,0.003589413991208052,0.05345501613772768,0.0,0.0,0.0,0.0,0.02850245927928428,0.023612307473243208,0.04874529213403864,80,False,0.06827867651886622,0.05345501613772768,0.06827867651886622,0.6564409319680606
335,0.0,0.0,0.07708321590251313,0.006477154339615287,0.010408396333239318,0.0,0.03211827318041697,0.0,0.022234532687261915,0.044745295732953855,134,False,0.08221236196013797,0.07708321590251313,0.08221236196013797,1.490987577852564
336,0.0010713106542247226,0.0,0.0,0.0,0.295989664745601,0.0,0.0,0.0,0.0,0.17911499551500643,134,False,0.3334211924020057,0.295989664745601,0.3334211924020057,2.07718016853624
337,0.022494948813583746,0.015811299883165927,0.03210475842951014,0.0,0.004084191571805254,0.01356381438203218,0.014916945658725417,0.0,0.017404058947091745,0.01224673701721794,119,False,0.03178454231932948,0.03210475842951014,0.03178454231932948,0.2937435839358876
338,0.0,0.028078481694153237,0.0,0.0,0.026796587831321605,0.0,0.0420022769870219,0.044980557877853614,0.02287776865741361,0.010090655471570693,80,False,0.058502881714916084,0.044980557877853614,0.058502881714916084,0.3895461614790476
339,0.023906204309197567,0.0,0.0647056243705805,0.0,0.0,0.0,0.021332052628779127,0.012941159286127123,0.03499104386686767,0.02077563970263479,99,False,0.06681182810961463,0.0647056243705805,0.06681182810961463,1.3391995783681003
340,0.0,0.015020791063272804,0.03484342196440369,0.0219499392692838,0.041565846923693306,0.0,0.0006851258041866646,0.0083085614047734,0.04902608976691608,0.0,28,False,0.06078051683436648,0.04902608976691608,0.06078051683436648,0.6759540418676341
341,0.07353083382175492,0.0,0.0,0.0,0.017720822340646234,0.10089955904374971,0.0,0.06292905010971721,0.0,0.0007404485631837418,134,False,0.12548199638346294,0.10089955904374971,0.12548199638346294,1.1957351054347645
342,0.024735213813885045,0.043841794673908155,0.032747132278173316,0.0,0.0,0.022131399283750627,0.0,0.0,0.012314876102843524,0.03711055276449933,80,False,0.05627910083612374,0.043841794673908155,0.05627910083612374,0.27544298708913234
343,0.028934868157399637,0.08386992744599589,0.0,0.0,0.29191806676296095,0.0,0.0,0.0,0.0,0.0,134,False,0.29324578731906814,0.29191806676296095,0.29324578731906814,2.7383733785265014
344,0.027425098984002555,0.0,0.0,0.04909750972278334,0.06077524551865395,0.04041026241463851,0.0,0.0,0.027312775589138718,0.0,5,False,0.07832554600723869,0.06077524551865395,0.07832554600723869,0.5689043533123944
345,0.030896503359854607,0.0,0.0057791096237947,0.0,0.02913808745136651,0.012005589761156486,0.004289135711808019,0.015480186133331467,0.029426153432995907,0.011339112702837145,80,False,0.03829600006305971,0.030896503359854607,0.03829600006305971,0.44068992362561377
346,0.016695673614482726,0.0,0.05726316024241289,0.04041574592054472,0.0018531216787347556,0.0,0.0,0.061894803052856204,0.019215448784413284,0.0,134,False,0.08030020341026037,0.061894803052856204,0.08030020341026037,0.920707903311509
347,0.0,0.0,0.05465815266588007,0.0,0.0,0.0012274231699939,0.0,0.11655980330640667,0.0,0.1519175438159305,70,False,0.18484287821610557,0.1519175438159305,0.18484287821610557,1.566221035543659
348,0.1629668605836198,0.0,0.0,0.0,0.29869325177710526,0.0,0.0,0.0024780579002473026,0.0,0.0,134,False,0.32787075757285783,0.29869325177710526,0.32787075757285783,2.1847805221708407
349,0.12086894567453466,0.0,0.0,0.0,0.10663174062711954,0.0,0.0,0.0,0.0,0.10614090105146558,134,False,0.1776870543022128,0.12086894567453466,0.1776870543022128,1.0564323455437585
350,0.06410824316821967,0.0,0.0,0.04713070033827408,0.07034424746370577,0.00024294843562635963,0.0,0.0,0.0,0.06194930728476609,80,False,0.10602711762053967,0.07034424746370577,0.10602711762053967,0.5895932645523002
351,0.03211028257147896,0.033198704711890584,0.0,0.0,0.0,0.041512288646613126,0.016956444202766745,0.03725789314777813,0.0,0.012458101029020806,134,False,0.05672297547659477,0.041512288646613126,0.05672297547659477,0.2216924696646469
352,0.0,0.0,0.0,0.0,0.07660136802329895,0.0,0.13969598491181145,0.12213013212489894,0.0,0.0,70,False,0.1858223809318109,0.13969598491181145,0.1858223809318109,1.28680576694414
353,0.0,0.0,0.0,0.030820456644413168,0.07299155352120225,0.0705135320896353,0.0,0.08336449790374426,0.0,0.0,32,False,0.1185144056582498,0.08336449790374426,0.1185144056582498,0.8551717103972237
354,0.0,0.0,0.12605543988268939,0.14705696062015006,0.013870882986479618,0.0,0.020650365736571426,0.0,0.0,0.0,32,False,0.18160916718661438,0.14705696062015006,0.18160916718661438,1.7438542533764188
355,0.0,0.0,0.13926255876112642,0.0,0.03930211237456568,0.0,0.0,0.0,0.18367516437277553,0.0,80,False,0.22006927456370626,0.18367516437277553,0.22006927456370626,1.7562850020864935
356,0.0,0.0,0.0,0.04922021521117686,0.04017296009737595,0.005416482741641644,0.09449801582988358,0.03869471344160427,0.0,0.0,80,False,0.10456071294415308,0.09449801582988358,0.10456071294415308,1.38837147189076
357,0.048207301298838094,0.07530094936489584,0.0,0.0,0.0020340422753252646,0.014470009197545226,0.0,0.03376888013552927,0.024609259235000604,0.0,134,False,0.08358133430070938,0.07530094936489584,0.08358133430070938,1.2789360432392929
358,0.0,0.0,0.0,0.01723377127006946,0.22841747527209794,0.0,0.0,0.05532258475759838,0.0,0.024206566820258874,32,False,0.22497663029957882,0.22841747527209794,0.22497663029957882,2.823964784550777
359,0.03525701239015519,0.0,0.02568977494125289,0.006932421838125352,0.0,0.009416079201524808,0.0,0.02308774983382729,0.007048034560856103,0.05558015205845393,70,False,0.05874853418767357,0.05558015205845393,0.05874853418767357,1.1911203916112936
360,0.0,0.012309343534035722,0.0,0.0,0.026269502718263022,0.036745512888645214,0.02259953128620111,0.026384602571968844,0.04951419394439252,0.0,70,False,0.05808551591475144,0.04951419394439252,0.05808551591475144,0.5201386160584144
361,0.0,0.0,0.0,0.0,0.1916086594306896,0.0,0.0,0.0,0.0,0.31614613155027926,124,True,0.35708144595233887,0.31614613155027926,0.35708144595233887,2.0753778440194064
362,0.01774900690658482,0.0,0.0,0.003497746389953747,0.007780899444622837,0.02350937072839279,0.0,0.06703917129345749,0.012424849173244105,0.03830230369490023,80,False,0.06819179763428605,0.06703917129345749,0.06819179763428605,1.63456920994709
363,0.007626238349965279,0.01851626580354463,0.0,0.05975363691888201,0.04347844257963357,0.0,0.0,0.024566151464268462,0.016623525736617163,0.0014416127231918214,134,False,0.06560245335553413,0.05975363691888201,0.06560245335553413,1.2164363273604923
364,0.0,0.024026362480405704,0.0011876268197790127,0.0,0.013179454940023755,0.0,0.033474269475360106,0.04286340168959051,0.09347529894532304,0.0,80,False,0.09635183304555812,0.09347529894532304,0.09635183304555812,1.8073074601139991
365,0.01096088195161559,0.049312997806155535,0.0,0.0,0.10299213471217719,0.0,0.0,0.013546140523176379,0.00566037333142158,0.025822320861172626,5,False,0.10428674661061246,0.10299213471217719,0.10428674661061246,2.106545252120328
366,0.0380087862022183,0.0,0.20261864908848867,0.0,0.0,0.0,0.0,0.12596094147535547,0.0,0.0,68,False,0.22810825506554283,0.20261864908848867,0.22810825506554283,1.9447124464036223
367,0.007565012090194967,0.0022095509220568677,0.012153691546501099,0.036990382203643736,0.017857691229418583,0.030126897763859056,0.0,0.0015071416173781408,6.92642971593352e-05,0.043721267639368705,68,False,0.05171505344771246,0.043721267639368705,0.05171505344771246,0.781694404362383
368,0.01696541077859556,0.05939562238570689,0.0045943822272615665,0.0,0.0,0.058876067056274295,0.0,0.0,0.051683665245115896,0.007791644513194144,79,False,0.08395796492771414,0.05939562238570689,0.08395796492771414,0.9171923133098017
369,0.02567606966886767,0.05979148917953896,0.0,0.0,0.0,0.12109548984287799,0.0,0.061133404706011536,0.0,0.0,80,False,0.13521007542057326,0.12109548984287799,0.13521007542057326,1.560645460414625
370,0.0,0.05684502608903493,0.011645192181255579,0.0,0.0162245554411408,0.033326769853007455,0.005425179368413362,0.04721506939542592,0.0027864880980593243,0.0,134,False,0.06736446790918517,0.05684502608903493,0.06736446790918517,1.0638349572974086
371,0.07743729625068492,0.0,0.04211178278637332,0.0,0.0,0.0,0.0,0.049774745763130374,0.08608961725321103,0.0,68,False,0.11640711221219978,0.08608961725321103,0.11640711221219978,0.8953418942530992
372,0.0,0.03459682823019395,0.25581900767481497,0.09499478385729061,0.0,0.0,0.0,0.0,0.0,0.0,297,False,0.2625949385958609,0.25581900767481497,0.2625949385958609,2.509917861121927
373,0.07318905339027622,0.0,0.0,0.004662187143591279,0.03605886758373712,0.061022427651285925,0.0,0.0,0.050295296655881935,0.0,32,False,0.09709486263552877,0.07318905339027622,0.09709486263552877,0.7976827210078988
374,0.005684444699797609,0.0010118960148398672,0.0,0.030497485465287164,0.0,0.0,0.12893210013348566,0.035023722925811615,0.0,0.029563952990296447,119,False,0.12678066236233582,0.12893210013348566,0.12678066236233582,2.447365726402102
375,0.0,0.0320703918965026,0.0018053788392742881,0.0,0.0,0.0,0.08317078122951722,0.0,0.026415324831179133,0.1072607039922856,119,False,0.12703277006567643,0.1072607039922856,0.12703277006567643,1.516420500672594
376,0.053375700092702406,0.0,0.0,0.0,0.08065331042292047,0.00994505048138969,0.0,0.0,0.14841605624088003,0.0,28,False,0.16319420724087508,0.14841605624088003,0.16319420724087508,1.8202312148262014
377,0.0,0.0,0.0,0.0,0.03906255048145167,0.377996996656085,0.0,0.03517234498444671,0.0,0.0,32,False,0.37094483193650446,0.377996996656085,0.37094483193650446,3.0647436249501143
378,0.007668845856874405,0.03357058936533805,0.023626971882299393,0.0218502358052486,0.011829336641187101,0.02057779192749832,0.0,0.030787604796746432,0.0,0.0,80,False,0.0416472097718842,0.03357058936533805,0.0416472097718842,0.06321662763794662
379,0.0,0.0801561455841652,0.0,0.0,0.09949856342248486,0.0,0.0,0.08542390113083201,0.0,0.011918916258992641,119,False,0.13865181109281507,0.09949856342248486,0.13865181109281507,1.0570050019085762
380,0.0,0.0,0.0,0.0,0.0,0.0,0.047803798179666054,0.3326079991857359,0.04187647920830334,0.0,80,True,0.32744642038377836,0.3326079991857359,0.32744642038377836,2.9815053496472137
381,0.06896329092996228,0.0,0.07124448342891006,0.0,0.054356084787621245,0.0,0.056325925783996866,0.0,0.0,0.0,134,False,0.10927538645640397,0.07124448342891006,0.10927538645640397,0.5667042596969714
382,0.0,0.0,0.0,0.0,0.0,0.0,0.1442533287737441,0.18730628580258044,0.0,0.035120287433796735,134,False,0.2253719239672367,0.18730628580258044,0.2253719239672367,1.773867064774803
383,0.0,0.0,0.0668205491451999,0.0,0.0,0.04478635087137209,0.0,0.009262737673817578,0.02536782090670034,0.07527314908257722,70,False,0.09713888242317112,0.07527314908257722,0.09713888242317112,1.025465849854498
384,0.06471998871904208,0.0,0.030946458560057236,0.02743008139019003,0.008749201413398697,0.0,0.012376844094672308,0.03971012091219928,0.0,0.0,134,False,0.07089953595377801,0.06471998871904208,0.07089953595377801,1.1325609549870919
385,0.010841005529069251,0.0,0.0,0.0024656722259187532,0.0554439287605869,0.0,0.0,0.022546011110892245,0.009336323496369458,0.13248218655980123,134,False,0.13297500867558,0.13248218655980123,0.13297500867558,2.372897408359308
386,0.0,0.04855057782629674,0.0,0.0,0.05129415099079972,0.02953047687439463,0.0238955126761896,0.01610803260956161,0.0,0.009966513015846518,80,False,0.06483199780976452,0.05129415099079972,0.06483199780976452,0.7724891411173507
387,0.0045067513508112115,0.03930969184611451,0.011119117133610301,0.09667892124906813,0.0445072079306686,0.0,0.0,0.0,0.011503432919946455,0.0,5,False,0.09998364535568842,0.09667892124906813,0.09998364535568842,1.8752130004072853
388,0.024685686043097132,0.0,0.037549377756722374,0.05039578363129858,0.0,0.03419213692966026,0.0,0.007126867512084231,0.0,0.024113307682294024,134,False,0.06163730005262516,0.05039578363129858,0.06163730005262516,0.48881538706407174
389,0.0,0.0,0.0,0.011762023420285988,0.02284239642264049,0.04482584533821057,0.0,0.06190226864620705,0.07833690630603263,0.0,5,False,0.0961491010360127,0.07833690630603263,0.0961491010360127,1.0898573073801858
390,0.031129643660332607,0.0,0.03159555049547704,0.0,0.027883246824611973,0.0,0.22927807841321687,0.0,0.0,0.0,134,False,0.2234178055393039,0.22927807841321687,0.2234178055393039,2.9315921341647404
391,0.0,0.027785365221139495,0.0,0.03859803929886558,0.0,0.07923871038275114,0.01954989530991551,0.021853288286908558,0.0,0.0045837645928039576,188,False,0.08117390364448629,0.07923871038275114,0.08117390364448629,1.6651677254933377
392,0.0,0.05640256060419243,0.0545990555091482,0.054897506608215366,0.030196804909059276,0.014585129879545437,0.0,0.0,0.0,0.0,5,False,0.08418428491776525,0.05640256060419243,0.08418428491776525,0.6204891064670456
393,0.0812756477803862,0.0,0.0,0.0056184121794237525,0.04751051735874539,0.0,0.007287395923721173,0.0,0.0,0.11331286930917517,119,False,0.1329938433786812,0.11331286930917517,0.1329938433786812,1.5170943094165155
394,0.0,0.0,0.11000071813639789,0.0,0.0,0.052290156246145025,0.021707171429256596,0.0,0.010054434391369424,0.03688730790798094,70,False,0.11466729741139886,0.11000071813639789,0.11466729741139886,1.9019052410201394
395,0.0,0.03537257134423413,0.0048074930742260606,0.0,0.0035397355500424842,0.033527901990230494,0.023581834353060778,0.07812139440323135,0.00447831019423561,0.0,134,False,0.08013430196715637,0.07812139440323135,0.08013430196715637,1.6904772552375513
396,0.0,0.0,0.0,0.19333771110513656,0.011643883339947758,0.0,0.0,0.0,0.03337468971324625,0.07274020425858031,5,False,0.19671839775502645,0.19333771110513656,0.19671839775502645,2.4582319353633064
397,0.0,0.0,0.01781433588832591,0.055732063697449166,0.03887543129320111,0.0,0.0028953646065464286,0.010988284517074566,0.07543322906968039,0.0,28,False,0.0878591830409171,0.07543322906968039,0.0878591830409171,1.2451492296519258
398,0.023407994204597878,0.0034862517896912587,0.0,0.0,0.018039431526076677,0.0,0.12923173272098734,0.011222630852009217,0.0,0.035427812329180165,297,False,0.12470409069993478,0.12923173272098734,0.12470409069993478,2.6492326809896043
399,0.004228547949250242,0.0,0.005634922787298872,0.04188798900949747,0.0,0.041616339180795936,0.0038923360188836817,0.019875616826012625,0.004651504209457828,0.03228086705694077,297,False,0.0541172349177494,0.04188798900949747,0.0541172349177494,0.8048694103037854
400,0.0,0.0,0.0,0.0,0.10612816780018114,0.0,0.13732995626617545,0.0,0.0,0.09220104447605022,28,False,0.18141266251372729,0.13732995626617545,0.18141266251372729,1.1902240209531454
401,0.0,0.02594051810239873,0.0,0.0275843876785777,0.040594580644029044,0.0,0.022258631157275017,0.0,0.06075269807596529,0.0057303465878282365,134,False,0.06814454866155978,0.06075269807596529,0.06814454866155978,0.9425311892275029
402,0.0,0.017410101030857824,0.0,0.03623025832116672,0.09551268560426077,0.0,0.0,0.10069093485504925,0.0,0.0026358536537320052,80,False,0.12974756939699425,0.10069093485504925,0.12974756939699425,1.4699930653624405
403,0.0,0.07742547488306596,0.0475807573964541,0.0,0.0,0.007371307667286504,0.04329722218472752,0.04396543436409878,0.0,0.0,137,False,0.09342255482397802,0.07742547488306596,0.09342255482397802,0.9126365833249723
404,0.0,0.0,0.016415763064194254,0.0,0.09191691441681418,0.0,0.0,0.0,0.04208078840682485,0.13217728214638308,134,False,0.15266960450838898,0.13217728214638308,0.15266960450838898,1.6548658193625108
405,0.0,0.0,0.0013471771329126106,0.06264005695503112,0.006860057425168971,0.0011944618782050115,0.0,0.060745521361623665,0.043829270183874294,0.019546612831972916,70,False,0.0839279986463748,0.06264005695503112,0.0839279986463748,0.9897561312609273
406,0.022443517077055785,0.0,0.0,0.0,0.015055210140929526,0.010586912382706159,0.01501367440659121,0.0045588431057585295,0.050394386343387734,0.044125015297895295,32,False,0.05772094047661062,0.050394386343387734,0.05772094047661062,1.1105536594595693
407,0.0,0.0,0.0,0.0,0.1709547170122099,0.0,0.05151749643098385,0.12928241101183838,0.0,0.0,70,False,0.20629691470105527,0.1709547170122099,0.20629691470105527,1.6517866702954387
408,0.004752369157255078,0.015554205826152653,0.005628889275202801,0.047594474737363106,0.0,0.02036979714414816,0.00396153487950224,0.025964402655427165,0.021421339633193807,0.0,68,False,0.047118392126125126,0.047594474737363106,0.047118392126125126,1.2121778587258194
409,0.0,0.008190645651942234,0.03544378069011452,0.007803726790175171,0.05888243363846409,0.037025894168911035,0.002778644245722525,0.0,0.021054854084216864,0.0,80,False,0.06518997167338594,0.05888243363846409,0.06518997167338594,1.104312574248407
410,0.10105866307990215,0.0,0.028804382265119506,0.009487990186449474,0.15646523991363495,0.0,0.0,0.0,0.0,0.0003771760623805268,80,False,0.175186221809291,0.15646523991363495,0.175186221809291,1.9122894640533294
411,0.004900554632794921,0.0341392320710445,0.033076902647002006,0.05278599936036272,0.0292156881793581,0.0,0.0,0.0,0.0,0.026464591011788077,32,False,0.06334206717868303,0.05278599936036272,0.06334206717868303,0.49184869797552005
412,0.059449633448618824,0.07216507027948574,0.0,0.03615000719980366,0.02518732685698711,0.01923901156008821,0.0,0.0,0.0,0.0,5,False,0.08837193739685892,0.07216507027948574,0.08837193739685892,1.0164739460593455
413,0.009028472529053097,0.008386544657499693,0.0,0.026104074692972552,0.0,0.07007184886078334,0.0,0.0,0.03791119144233061,0.03702439762313489,80,False,0.0760320197394651,0.07007184886078334,0.0760320197394651,1.260877914952533
414,0.0,0.0,0.06909061601649506,0.0,0.0,0.0,0.0,0.0,0.14898320417329283,0.12331730424644351,134,False,0.19065372638677983,0.14898320417329283,0.19065372638677983,1.3981377643355632
415,0.014082539623892765,0.08135990874607157,0.01592330599099055,0.0,0.012920401286739071,0.01163233824452452,0.025244542182190736,0.0,0.0,0.008010139788174265,134,False,0.07544228351341539,0.08135990874607157,0.07544228351341539,2.5179794634737087
416,0.024723501538487753,0.0,0.0,0.021154454031839198,0.040013611383493346,0.022073915496040295,0.009254240800036893,0.06376194888488383,0.0,0.0,124,False,0.0684010449530732,0.06376194888488383,0.0684010449530732,1.2010460504832203
417,0.0,0.0,0.07052341847937336,0.3181062542862963,0.0062869295909778146,0.0,0.0,0.0,0.008306188235045893,0.0,99,False,0.31497492599398874,0.3181062542862963,0.31497492599398874,2.9155102263521457
418,0.060705918983319306,0.0,0.0,0.0,0.0,0.004388431733046018,0.022375559708023185,0.08187110336090471,0.06332931067757759,0.0,134,False,0.10613767131468407,0.08187110336090471,0.10613767131468407,1.0049550060043706
419,0.0014848673178288255,0.004718341849587806,0.08062936396513808,0.0,0.0054851391545356265,0.0,0.0329440351197506,0.03519979404745419,0.0,0.027436613002862372,119,False,0.08291434291248224,0.08062936396513808,0.08291434291248224,1.6847639166806796
420,0.0,0.0,0.049271736617371914,0.026797274693370846,0.0,0.0,0.07925683436856819,0.031862755233745224,0.02380897502618422,0.0,119,False,0.08825868058445305,0.07925683436856819,0.08825868058445305,1.2255439055013908
421,0.0,0.08683937112531255,0.04645890637124264,0.039705793743998616,0.0,0.0843951213867644,0.0,0.0,0.0,0.0,70,False,0.11937591497799273,0.08683937112531255,0.11937591497799273,0.9957072470722611
422,0.03713083093191438,0.05106328509708653,0.0,0.0010868296882009028,0.0,0.0,0.015094791484370674,0.05107705906664321,0.0,0.03980192872756847,5,False,0.07418326369704052,0.05107705906664321,0.07418326369704052,0.48673853190935074
423,0.0,0.038754508776125574,0.03704453269649922,0.043158085785247546,0.008049401322367842,0.09809742825715805,0.0,0.0,0.0,0.0,134,False,0.1045114772520053,0.09809742825715805,0.1045114772520053,1.6072271065697565
424,0.06696780971983014,0.10211461616493706,0.0,0.0,0.007521460530584061,0.0,0.0,0.0,0.0,0.11218378228192456,5,False,0.15092416100422645,0.11218378228192456,0.15092416100422645,1.2276722483017735
425,0.013001892008234943,0.0036661932865226492,0.021903455215144807,0.011537052200746096,0.0,0.028532300801937163,0.022988488996550607,0.010971010522931248,0.006844284500864793,0.0038450945462259597,5,False,0.029225237739984117,0.028532300801937163,0.029225237739984117,0.5040279624156401
426,0.029091144622204884,0.0,0.02579830536171602,0.0074971487717132666,0.03126472270183661,0.025577496820886246,0.0,0.014774437789102018,0.015360134745383443,0.0,361,False,0.040825184127451314,0.03126472270183661,0.040825184127451314,-0.051160146791364235
427,0.036441280688977944,0.00267134698072939,0.0,0.0,0.011453392051892027,0.019114427877159612,0.014688608683713826,0.15283947900256561,0.0,0.0,70,False,0.1471840189580649,0.15283947900256561,0.1471840189580649,2.8162496715838157
428,0.09473175357763396,3.690996247625784e-05,0.0,0.0,0.0,0.14208530701966565,0.030016378007276356,0.018481043787491366,0.0,0.0,188,False,0.16030547417406416,0.14208530701966565,0.16030547417406416,1.8219199972358873
429,0.0,0.0,0.013869284894567223,0.0,0.03413945042628223,0.049400579697909855,0.010528431068680327,0.04349596281758118,0.026907815531882595,0.0,70,False,0.06291441093693008,0.049400579697909855,0.06291441093693008,0.5873407866201413
430,0.0,0.025933551983426475,0.10009551774860889,0.020846211722653298,0.14303531122078547,0.0,0.0,0.0,0.0,0.0,70,False,0.16366769607207868,0.14303531122078547,0.16366769607207868,1.8020690284390706
431,0.016882877315718914,0.03328619104486141,0.030364574805121853,0.025930928162175505,0.011730653348085585,0.0,0.0,0.0,0.010475615504600359,0.02007239305549974,32,False,0.040777512744241254,0.03328619104486141,0.040777512744241254,0.10244114170422268
432,0.015547373695962713,0.0,0.010873534209448001,0.025566263821671233,0.01910451268649625,0.024914400084474334,0.01927025929538045,0.0,0.0,0.03106784055988043,134,False,0.03753622358072367,0.03106784055988043,0.03753622358072367,-0.2212988666942041
433,0.0,0.049289290953520644,0.07388924107588103,0.0,0.06569146404813242,0.0,0.06242945387284839,0.0,0.0,0.0,99,False,0.1098902648559553,0.07388924107588103,0.1098902648559553,0.5942797952273194
434,0.11691599645584326,0.0,0.007921501957257686,0.0,0.0,0.0,0.0,0.09951185053115134,0.06431923836371074,0.0,32,False,0.15165190896979958,0.11691599645584326,0.15165190896979958,1.28158272691514
435,0.04639109691834224,0.0,0.041484085793784556,0.005350471465437646,0.0,0.0,0.04692054025853388,0.0,0.014577198844445787,0.029050872861423414,124,False,0.06696409864852965,0.04692054025853388,0.06696409864852965,0.5110183715130056
436,0.0026076273856842996,0.03328606307275043,0.0,0.0,0.015250668153116195,0.08046975029693555,0.08584967880170548,0.0,0.004398836095356455,0.0,119,False,0.10851262572010763,0.08584967880170548,0.10851262572010763,1.43789440452158
437,0.009029840577654338,0.024215986626133824,0.0,0.08571822978326572,0.0,0.017935828263169428,0.025109616270343305,0.02696099983307075,0.0,0.0,119,False,0.08315791721759017,0.08571822978326572,0.08315791721759017,2.1232396871293977
438,0.09119492470291815,0.0,0.0,0.0,0.06366612046129995,0.0,0.0059407755596367065,0.0008738527479753177,0.01012020015198303,0.0568617076702039,134,False,0.1103107712032074,0.09119492470291815,0.1103107712032074,1.255337849592455
439,0.013394445492029205,0.0,0.04145215602933645,0.0,0.0,0.08543727212645527,0.0,0.015540614081203576,0.010209401653397048,0.026460705237684835,32,False,0.08598394894016075,0.08543727212645527,0.08598394894016075,1.9278417962624106
440,0.05230352186932883,0.1213047196115269,0.03339339566933731,0.0,0.0,0.0,0.0,0.05773135357334809,0.0,0.0,68,False,0.13267954493905812,0.1213047196115269,0.13267954493905812,1.6296401252813555
441,0.015759855485432316,0.0,0.0037531514298285657,0.07159355162353721,0.0,0.0,0.05650064544155228,0.0,0.09482113723929309,0.0,119,False,0.11714478222661481,0.09482113723929309,0.11714478222661481,1.218296005556227
442,0.004784297231913608,0.0,0.0,0.05662414458309732,0.0,0.0,0.07533927492768279,0.02913830422671549,0.0,0.0613521383655318,361,False,0.09986767277218861,0.07533927492768279,0.09986767277218861,0.8744929833954551
443,0.16576395004937078,0.006397784297138067,0.0,0.0,0.26303836286764687,0.0,0.0,0.0,0.0,0.0,134,False,0.2983350418165653,0.26303836286764687,0.2983350418165653,2.036383252703686
444,0.14816443152961975,0.0,0.0015919283655610255,0.01799002370498553,0.0,0.19452757004927274,0.0,0.0,0.0,0.0,5,False,0.23210853150112415,0.19452757004927274,0.23210853150112415,1.8538505469532334
445,0.0,0.0,0.06919891507517054,0.0023565983556191007,0.072946527859921,0.0,0.09372862816036635,0.0030206767492083762,0.0,0.003271860277799659,134,False,0.12259551580368579,0.09372862816036635,0.12259551580368579,1.1399040091179369
446,0.0,0.07368634448862163,0.0,0.06657258433542886,0.0,0.0,0.06337337720568244,0.0,0.04786923132847655,0.0,5,False,0.11017805520366716,0.07368634448862163,0.11017805520366716,0.60486053741948
447,0.015443944725522867,0.0,0.12925124576230865,0.0,0.04725164765724851,0.0,0.0,0.061098925927820236,0.0,0.0026682006069096028,134,False,0.13712416605592995,0.12925124576230865,0.13712416605592995,1.9194569625678977
448,0.0,0.09515522943813304,0.009499370212355487,0.0,0.00830411608711704,0.036679743937393705,0.01488552537745296,0.0,0.0,0.03587619917382705,80,False,0.09518295294617378,0.09515522943813304,0.09518295294617378,2.0620292264085274
449,0.0,0.016226525568264195,0.0,0.0015883478269862821,0.0,0.014945554016660166,0.025527497953530452,0.04437762409131449,0.027766807958776184,0.03008265833012807,137,False,0.05075313664171931,0.04437762409131449,0.05075313664171931,0.45183664207940377
450,0.009759623947123446,0.007277038756579398,0.0,0.0,0.06332925503398464,0.022277676577790752,0.056007892478380304,0.015492166542131048,0.002901557162680516,0.0,134,False,0.07415862079051884,0.06332925503398464,0.07415862079051884,1.415740996212353
451,0.0,0.0,0.08385728285133733,0.0,0.0,0.0,0.08876511702381976,0.009643699986456256,0.09877297764605276,0.0,68,False,0.14191409514140838,0.09877297764605276,0.14191409514140838,1.044672691745655
452,0.0,0.0,0.0,0.09527022440477596,0.0,0.0,0.06968264178117116,0.18264216817436135,0.0,0.0,5,False,0.20331833938915822,0.18264216817436135,0.20331833938915822,1.818850886088024
453,0.0,0.027540259490046272,0.0,0.0,0.0,0.025441543419556067,0.19736288488347237,0.05303253340680583,0.0,0.0,134,False,0.19519926108830785,0.19736288488347237,0.19519926108830785,2.6978205411940794
454,0.15144838315270273,0.04205128752590905,0.0,0.0,0.0,0.08468106294603384,0.0,0.0,0.0,0.013172632375819076,134,False,0.16499168732855557,0.15144838315270273,0.16499168732855557,1.9192933483793375
455,0.030294348405533907,0.031180867751624437,0.0,0.05643865555209612,0.004508456061885952,0.0,0.0,0.005858488383480699,0.0,0.0718841616339244,32,False,0.08540490091224806,0.0718841616339244,0.08540490091224806,1.1400498599211937
456,0.0,0.0,0.20394773620807838,0.0,0.0,0.0,0.0,0.0,0.3007362743497196,0.0,32,True,0.3506327218087237,0.3007362743497196,0.3506327218087237,1.9685902344049053
457,0.0,0.0,0.0,0.0,0.0549181783132369,0.0,0.12314872431013246,0.08377195977265725,0.0,0.01569867044885411,5,False,0.14455121393323997,0.12314872431013246,0.14455121393323997,1.4818345135444029
458,0.05022013441426615,0.016061580446144974,0.0,0.0,0.020438373938262994,0.03576257110336959,0.009547203420471493,0.0,0.04812961990719752,0.0,119,False,0.06543045643389392,0.05022013441426615,0.06543045643389392,0.7228226163300462
459,0.06262081137799515,0.039431251163784216,0.0054660227295328274,0.01546205269818355,0.09157199133417647,0.0,0.0,0.0025298641435711642,0.0,0.0,5,False,0.10390058712369052,0.09157199133417647,0.10390058712369052,1.4859633938243813
460,0.0,0.0,0.0,0.028640582048068356,0.1400471201369148,0.04588279307653903,0.05872543897868758,0.0,0.0,0.0,5,False,0.14670196998553034,0.1400471201369148,0.14670196998553034,2.0044006220571506
461,0.0,0.02432729602860248,0.0,0.11190220399447652,0.0,0.11185216932706443,0.0,0.030648439955416162,0.0,0.0,297,False,0.14828874893141605,0.11190220399447652,0.14828874893141605,1.5363046602006503
462,0.0,0.0211258660678338,0.03250999275670632,0.0,0.0767380604127242,0.061835360765679755,0.0,0.001624942340624561,0.011740422300049921,0.0,134,False,0.09079938691206739,0.0767380604127242,0.09079938691206739,1.2902156389386492
463,0.007395604653755341,0.03125690378404258,0.0212544295739461,0.0,0.010460499400669414,0.017103645574928408,0.0,0.011726471751122701,0.0184422238476714,0.013057316028330199,297,False,0.030324476719135903,0.03125690378404258,0.030324476719135903,0.3347998696254198
464,0.0,0.03390185015243239,0.0,0.022065042490905455,0.016225509221178745,0.0019857990011017215,0.0037280729260484743,0.027271824600037985,0.07246374526938648,0.0,5,False,0.07320669737834548,0.07246374526938648,0.07320669737834548,1.660932403265677
465,0.0682347265699632,0.0,0.0,0.013291613931655224,0.0053194982234828275,0.0,0.005072866183105518,0.012305415923635946,0.0815852510707348,0.006851355610174152,134,False,0.09427607819811813,0.0815852510707348,0.09427607819811813,1.7197760792735988
466,0.02774076811539237,0.012722624095543634,0.014010659452222728,0.002223529446817763,0.009637010539360653,0.0031175860634054665,0.02395815079791048,0.018636195179982468,0.012061873341323033,0.0,32,False,0.028633388976835372,0.02774076811539237,0.028633388976835372,0.284472031585397
467,0.0,0.019064023456742886,0.0,0.0,0.22376533373748514,0.0,0.0,0.0,0.15123470418169307,0.0,134,False,0.25773051060053626,0.22376533373748514,0.25773051060053626,1.951614147010527
468,0.0,0.02176405367670448,0.05196495810565866,0.025848049116594638,0.08368880881897575,0.0,0.008893460727203435,0.0,0.0,0.006423493343274053,137,False,0.08941290568317012,0.08368880881897575,0.08941290568317012,1.6459603615352505
469,0.016593203212800126,0.0,0.029155225107521054,0.0,0.06164520812749834,0.0,0.03384177294182074,0.0719261518104152,0.0,0.0,454,False,0.08933587697623854,0.0719261518104152,0.08933587697623854,1.0196964494121004
470,0.005254219448315427,0.02085727866341087,0.0,0.0,0.0,0.022622482529888546,0.03905695132294918,0.02631366715421735,0.030249331092813487,0.009785017556375813,5,False,0.04604621354245454,0.03905695132294918,0.04604621354245454,0.2928284829024161
471,0.0,0.0,0.0,0.19625832880156216,0.0,0.033338618663663125,0.0,0.0,0.1401759674790063,0.0,5,False,0.22996225489887256,0.19625832880156216,0.22996225489887256,1.8428852461775382
472,0.0,0.0,0.21296646827728297,0.0,0.29000066549305636,0.0,0.0,0.0,0.0,0.0,5,False,0.34698092155262333,0.29000066549305636,0.34698092155262333,1.9030975404269463
473,0.0,0.0,0.04378003628242809,0.0,0.0,0.044199473193408584,0.12073453176704,0.05431591407437892,0.0,0.0,134,False,0.13090733968675,0.12073453176704,0.13090733968675,1.648640916299466
474,0.04077634252612611,0.0,0.2782496789825931,0.0,0.016294898944081027,0.0,0.0,0.020427048152794402,0.0,0.0,70,False,0.27139164065874727,0.2782496789825931,0.27139164065874727,3.021937997206202
475,0.039957394755576664,0.0,0.004650662699321775,0.014003475900081977,0.023930219977398286,0.012318452888694853,0.0,0.023307770707300113,0.01618931062874796,0.004622090806895707,32,False,0.0398226219169796,0.039957394755576664,0.0398226219169796,0.8695265684424897
476,0.0,0.0,0.06712191869188186,0.0,0.03323204597605874,0.0,0.0,0.0050556164615947,0.015255130802415284,0.1325032142474125,361,False,0.13914647816078013,0.1325032142474125,0.13914647816078013,2.0519669940257685
477,0.0044582509909146,0.0772825547700904,0.035359939568556195,0.012570336274178749,0.0,0.0040177062647099495,0.0,0.00824764600262212,0.040349011948169033,0.0,32,False,0.08041957119414789,0.0772825547700904,0.08041957119414789,1.6764256607680195
478,0.0159372978137493,0.016309559173056886,0.02675273380172983,0.012930939455978554,0.0226066624003311,0.0015694298790699364,0.004658056075847856,0.0,0.04433133694101167,0.0,137,False,0.044737970994442634,0.04433133694101167,0.044737970994442634,0.966915102339424
479,0.015176353237749336,0.0,0.0,0.06866670363437098,0.0,0.0,0.061502802064007774,0.04817675036198295,0.02168984338036753,0.0,5,False,0.09063791742459733,0.06866670363437098,0.09063791742459733,0.9023065321826113
480,0.0,0.2105482102148563,0.0,0.000511198954471494,0.048922860539928316,0.0,0.0,0.0,0.006693178727854813,0.04645662419631009,134,False,0.2089608373666976,0.2105482102148563,0.2089608373666976,2.698938638519303
481,0.046310205346501127,0.051199347665826664,0.0,0.006904185044424496,0.007842456069208081,0.0,0.050189460514111224,0.0,0.0,0.026520154589167007,32,False,0.0729257469657492,0.051199347665826664,0.0729257469657492,0.681264136120659
482,0.0,0.04406330558385083,0.07401190651391455,0.06408706638313263,0.0185143343640449,0.00014989829681018744,0.0,0.013588838260533807,0.0,0.0,134,False,0.09362500662784781,0.07401190651391455,0.09362500662784781,1.0764427981265585
483,0.0,0.04199505215856556,0.025055443470631263,0.023592380403356754,0.0,0.0,0.0,0.05036255455410941,0.006802741935442556,0.031078539020473646,361,False,0.06260004490620376,0.05036255455410941,0.06260004490620376,0.5318363035553099
484,0.0,0.0,0.0,0.02007429689556559,0.03160341106784012,0.01960623255898124,0.0,0.0587602229042889,0.013975363272444648,0.03236327147732259,134,False,0.06288050010675474,0.0587602229042889,0.06288050010675474,1.024836835306388
485,0.0,0.009441632520421335,0.0,0.0,0.0,0.02604655402917511,0.06434063723459055,0.040047155534109785,0.0404466639170005,0.007492029722790397,32,False,0.07380263775632946,0.06434063723459055,0.07380263775632946,1.0084670669150975
486,0.014524157218473239,0.04963156420182451,0.0001387044579699431,0.0192629081665601,0.006633264694216073,0.002645497414252608,0.030498915733591415,0.007880690765765041,0.0,0.012065330489539507,124,False,0.04866787153664503,0.04963156420182451,0.04866787153664503,1.4805595371655627
487,0.03407395676512494,0.0,0.019503956369180304,0.020626149374426212,0.005015138553770431,0.04710790394752691,0.015252508792606418,0.005162504938988507,0.0,0.0023932862900595377,5,False,0.04993489071869197,0.04710790394752691,0.04993489071869197,1.0593993999802485
488,0.06019416775914154,0.01902212595688136,0.04407125247956653,0.0,0.0,0.026986543068564964,0.00937235504202338,0.021233152238767886,0.0,0.0,134,False,0.06765222666087102,0.06019416775914154,0.06765222666087102,1.0470317482059806
489,0.0,0.0030287164742908356,0.0056760158346791795,0.0495660716154439,0.0,0.034342647869408764,0.0,0.0,0.02962390090626212,0.08384432760150771,483,False,0.09199682802753488,0.08384432760150771,0.09199682802753488,1.4120981226983471
490,0.0,0.002510344364298663,0.11940193837167129,0.0,0.004629970153809154,0.117319742204487,0.03755348948737682,0.0,0.0,0.0,137,False,0.1575767690090702,0.11940193837167129,0.1575767690090702,1.5763608576114039
491,0.029014577613621785,0.0,0.0,0.004695301083405239,0.005859504238779387,0.0,0.0,0.0675014571041384,0.03580117725469229,0.055493818112739714,32,False,0.08275653146955239,0.0675014571041384,0.08275653146955239,1.0064633088491413
492,0.0017905349007311354,0.07498260860840428,0.12419793364819855,0.0,0.0,0.0,0.10985147307580057,0.0,0.0,0.0,134,False,0.16703777855232285,0.12419793364819855,0.16703777855232285,1.226891232075019
493,0.00916623627861218,0.0,0.07665949016447263,0.0,0.0,0.097511801325399,0.09929824328271099,0.0,0.0,0.0,124,False,0.1437938608408748,0.09929824328271099,0.1437938608408748,1.086163872727788
494,0.0,0.0,0.0,0.026731508482315754,0.05264560919902162,0.03919865112685543,0.0,0.06607053643734984,0.0231123817494119,0.0,361,False,0.08226172985776425,0.06607053643734984,0.08226172985776425,0.7767279960211791
495,0.0,0.09998799229662378,0.04345058602034436,0.0,0.0,0.0,0.07026899153246503,0.0,0.0,0.044209347064165405,70,False,0.12091075729470285,0.09998799229662378,0.12091075729470285,1.138162481348942
496,0.06488463262587098,0.0,0.0,0.014139455205272882,0.0,0.030656893013688458,0.0,0.05124309511626311,0.013119152906015062,0.012180784218103377,5,False,0.07464343940547226,0.06488463262587098,0.07464343940547226,1.2195904186276811
497,0.017126618123786002,0.0,0.012260344639709016,0.034881365084193615,0.0041417610315910725,0.028511782187750745,0.0,0.01705338063978809,0.01128018290488417,0.010328998937034388,134,False,0.03610377408005209,0.034881365084193615,0.03610377408005209,0.6742434917999428
498,0.0,0.0,0.28268174819510444,0.2193252732628182,0.0,0.0,0.0,0.0,0.0,0.0,5,False,0.3449237681362244,0.28268174819510444,0.3449237681362244,1.8644844725458645
499,0.0,0.0,0.0,0.0,0.0,0.12912468463590557,0.014021697147507995,0.0,0.08358865536050748,0.05434982638587039,70,False,0.14895993365927168,0.12912468463590557,0.14895993365927168,1.5626585026073312
