ID,strat_res0,strat_res1,strat_res2,strat_res3,strat_res4,strat_res5,strat_res6,strat_res7,strat_res8,strat_res9,alive_at_end
0,0.20799984947866762,0.13638281002086658,0.1564978189632583,0.12455187385941283,0.06848932304461254,0.1203655186958917,0.07116963340782195,0.02811991151206823,0.05779857404679466,0.0286246869706054,True
1,0.15141365412498164,0.14006206203163743,0.07858539528399554,0.0911910647720263,0.14157718195539773,0.07198323613324017,0.16633103518837863,0.08744617356308218,0.03312232773229476,0.03828786921496572,True
2,0.1448215097651963,0.015146478300065415,0.16819517801948886,0.0019634824491112333,0.1390646249207033,0.07995762838733615,0.130917139415862,0.06334936392013833,0.12484520563235094,0.13173938918974745,True
3,0.08559562082979948,0.08694579530490933,0.1271211508101588,0.08750641646802726,0.1883081935937834,0.05531679158913222,0.153330336617459,0.014034365273632754,0.01444425214655862,0.18739707736653913,True
4,0.12023111878577218,0.06030113467070893,0.11606092437257422,0.12412445032483772,0.041911221809764136,0.2234054158825335,0.09738766033851162,0.1317306539855436,0.011807334175284463,0.07304008565446951,True
5,0.014878777202877887,0.1413200376956077,0.18107950196241523,0.14898466758395015,0.07587097098519976,0.022951883054822146,0.1047334021529199,0.087451649882949,0.19261816709856686,0.03011094238069148,True
6,0.04666297882712841,0.022454587144281758,0.15274383668463284,0.012431559959808356,0.042033614430878316,0.2007749589560968,0.12154498875513162,0.015997681841237545,0.16325648547506,0.22209930792574437,True
7,0.12639789384453584,0.15999715281484517,0.020470860922309236,0.09995964009267327,0.15151832000661325,0.13951880410336281,0.06953905110794811,0.12183116594178357,0.07550602228543703,0.035261088880491814,True
8,0.11167028159339067,0.031476700840384134,0.08837373062743444,0.12901061428395708,0.09308869251084621,0.10699111501552769,0.12852833038506978,0.09016862099544096,0.12391627621516584,0.09677563753278325,True
9,0.15713842264254077,0.0754002925225038,0.0943718291688659,0.0650043311382558,0.07513440770297346,0.0739150420043753,0.08084812140138625,0.1367532958685498,0.05474150374285924,0.18669275380768965,True
10,0.11358400793489563,0.08746147475220428,0.13294636902743653,0.03176597856006293,0.15227605841950262,0.06017806656388017,0.1517681291391217,0.12160564802009981,0.10161714089251317,0.046797126690283145,True
11,0.04398369747660397,0.014038423720340271,0.09911255195579927,0.16388623338433575,0.07492813197999583,0.20286009848257222,0.2024774089254577,0.013705635186913173,0.05724308433132565,0.12776473455665605,True
12,0.11205731735802966,0.10161516062225444,0.03028021848873436,0.15513561917563273,0.01595348346501703,0.10855824092967942,0.10987538280242964,0.15295945201237443,0.16885320577613824,0.04471191936970997,True
13,0.13897715088041088,0.15362871620373011,0.09948814393859744,0.09693200040744308,0.09989672562029167,0.06612160186538762,0.0726379328113129,0.07682651970639195,0.05344746822752005,0.14204374033891434,True
14,0.0821775709417536,0.15859558802241233,0.102111501257357,0.027719010899393177,0.12170680593088488,0.0701085549892835,0.006010418733338179,0.1155792910091962,0.15538978806466777,0.16060147015171328,True
15,0.09039092597084672,0.1050525475817076,0.15145478735091478,0.016587348239987438,0.1799973979766,0.008539635395498194,0.0650775966116125,0.1132337457441772,0.11458016773398713,0.15508584739466852,True
16,0.016138532135451588,0.1372900783699916,0.1450365585839384,0.062459528539624797,0.03324223828434053,0.07630079957316625,0.14637028509527608,0.0988508624435168,0.15116496383166175,0.13314615314303221,True
17,0.02627099626651607,0.025825039295675645,0.06056103665288641,0.13653844691324918,0.06293676272718295,0.149557944702066,0.09215923328020491,0.17493600644073368,0.2451658568364434,0.02604867688504165,True
18,0.12116307786939727,0.15301808526404073,0.14460782138571546,0.065082856931427,0.07708395140331797,0.06333996733595904,0.042642123594541226,0.08748598291599421,0.17859165579727687,0.06698447750233032,True
19,0.1238425832464659,0.10320021004139657,0.170269298808229,0.06700392964774556,0.14597064655564798,0.15403081611102176,0.14930200541639188,0.0026651276724638817,0.08266776198948848,0.0010476205111489081,True
20,0.07116037726929128,0.0797042222036927,0.13326319357475386,0.1701552112165784,0.06413797708127064,0.1476531273945333,0.09472547239266055,0.032000640663800824,0.08995141009474238,0.1172483681086762,True
21,0.02126258177225519,0.06840741698252976,0.199232285490556,0.10798086462023793,0.07424948897045837,0.18875328504162936,0.11525908538466395,0.12502097471549858,0.0005319970555533394,0.0993020199666174,True
22,0.09475940689873182,0.026437803769501396,0.02743112862503268,0.2091421876775245,0.027849762881769692,0.16883053499882764,0.07487213973216147,0.20388900932281928,0.02005227910364688,0.1467357469899845,True
23,0.13609075167189322,0.15088309708184955,0.09177239652430379,0.026379787108191218,0.054505325664615,0.11770512706266101,0.18180159506995827,0.04651899149219037,0.1832324402341376,0.011110488090200014,True
24,0.05547288316892496,0.05267636503746022,0.1317521234761983,0.06223338592054426,0.14270019005654555,0.10334588941647246,0.16820722808169075,0.08917489672438814,0.131704307776771,0.06273273034100443,True
25,0.15031723743338457,0.053062262834845886,0.011508831728010573,0.1916172302831641,0.030950584404150643,0.02386307062766147,0.028081905631923622,0.24953371959236315,0.22688157482564622,0.034183582638849866,True
26,0.1536531836382911,0.07016579819587143,0.17707393408487368,0.09576355167220524,0.17024562901457066,0.05184082060415759,0.01897936871277176,0.14010565688960452,0.02537596503029162,0.09679609215736248,True
27,0.17587086175349628,0.03478564500218642,0.10726059549439326,0.03684498637379846,0.04262187926153444,0.11209862500532666,0.20369892571651052,0.10877458095136112,0.15805645346050765,0.01998744698088517,True
28,0.1811789159132462,0.18453928306165213,0.05888405201470806,0.15916458705617215,0.011587752407709767,0.07623687013069826,0.07505512126831834,0.050655061009938336,0.06224366687451283,0.14045469026304408,True
29,0.07199279861055441,0.1803943863273812,0.13604870093868465,0.17868836439182817,0.008610782015024784,0.18218322268896978,0.09507624392232418,0.06954132419100817,0.06638243224346069,0.011081744670763905,True
30,0.04615440184963012,0.04508303197919189,0.14728698227713255,0.10051076941380076,0.15422568646403179,0.10516838476746837,0.1396978489546577,0.018002195556747706,0.14073556281602084,0.10313513592131827,True
31,0.07507115384217199,0.15568417673624654,0.15589468747793092,0.057293701336925046,0.13438486666412408,0.11072086892360777,0.11618171113344608,0.03777950288197948,0.11816819999206757,0.03882113101150059,True
32,0.1852722166273437,0.0236555194831605,0.01884734251384063,0.18748936223323615,0.08190829508297534,0.06625837287371837,0.04595763590574109,0.14165375228883592,0.06729489021846624,0.18166261277268222,True
33,0.07308960457212108,0.15885093154600266,0.08711381570436587,0.1561052140501196,0.14449077319428355,0.0335710630665183,0.07654393669837731,0.08661401328158562,0.0824113104752512,0.1012093374113748,True
34,0.15844884283902608,0.09157147030586917,0.19232932434317435,0.04098747564905615,0.013774603532922746,0.12091616245684642,0.051261865885213566,0.10263449603016211,0.19251981541230084,0.03555594354542858,True
35,0.13853893464875106,0.02599119565400351,0.041364276773139676,0.16320240076213835,0.18286762878895135,0.03699254339226827,0.1736776210528198,0.054272892797357905,0.005237258791084407,0.17785524733948546,True
36,0.07353696960203181,0.12260600368031806,0.11597791920416892,0.07894924164579552,0.14651205866701858,0.14686555893680317,0.0632527857783539,0.037003442534550623,0.08574487507616693,0.12955114487479258,True
37,0.18152668428602103,0.1756072606245285,0.044071328638043195,0.08113531639470636,0.13219723211477236,0.01149937547656096,0.06736852230490585,0.013568788680505692,0.13108833139883677,0.16193716008111947,True
38,0.07205319442191599,0.1056681433882108,0.0851625619756706,0.10796094740337125,0.009444473913426659,0.16985203346414576,0.1288021290679363,0.19751849712823172,0.0211661246799465,0.10237189455714434,True
39,0.16553810906901384,0.102446708214753,0.24637522986210625,0.2280103042328755,0.0171809520063704,0.06113625512113635,0.04388080261727382,0.054175835071935824,0.02973081670828126,0.05152498709625369,True
40,0.08548449596013467,0.13233707214324214,0.13554615641766507,0.11935800118792195,0.00755579719583964,0.07564105725813995,0.13301496150343642,0.1640663758731447,0.12745118324187527,0.019544899218600156,True
41,0.05300284440913633,0.1168005217219166,0.06966800383987569,0.033370154533178716,0.13060778345705815,0.13657537786683316,0.1599483202163548,0.08288689241420863,0.13706965530849802,0.08007044623293996,True
42,0.17653449982799646,0.04287090661119218,0.1860561908384761,0.10182124795531466,0.031127093549951697,0.1297972039172145,0.011212262754481537,0.18789366392974372,0.12230659159720693,0.010380339018422112,True
43,0.11494180352861055,0.07282957490174266,0.01108097699388861,0.1970241853593099,0.1874458915013461,0.185656507907261,0.008439047942348758,0.03409233007396947,0.04550634835396686,0.14298333343755606,True
44,0.008881369604375761,0.11911201785271008,0.1517717730449208,0.13631884210252493,0.1682349761740973,0.12198125334367914,0.049953335457394124,0.13368980361404278,0.01662150305772909,0.09343512574852605,True
45,0.07284883497607417,0.1111694096549573,0.15523627487888464,0.05950207977612964,0.12243654975622645,0.13423746575786935,0.054138329800469696,0.1599318541530971,0.05612604723988033,0.07437315400641141,True
46,0.06503765803231176,0.1675385757010839,0.11784707092236192,0.03672845191193969,0.11286093800119212,0.10906911749622084,0.07308463637503806,0.15593484268012364,0.043555068233850774,0.11834364064587749,True
47,0.021856855337038503,0.018972303860047276,0.10288707283398855,0.07824859530825487,0.17427935849593448,0.09063542163302844,0.0779435106563576,0.18237735129375934,0.0852557331338896,0.16754379744770145,True
48,0.09065007115385335,0.07191442945796007,0.15711759939225475,0.18449679145734604,0.06270651175324059,0.12666015658605778,0.15661434259973867,0.01587594142797358,0.02966124974833545,0.10430290642323954,True
49,0.14089743047666708,0.20155440701155275,0.09360125460591319,0.04519019584801819,0.12761889181939803,0.18137395011180038,0.009130718005162068,0.07151814267832281,0.12516069714086547,0.003954312302300099,True
50,0.1189706943993591,0.013449985728326428,0.05489766224034412,0.15004593426358734,0.010252930184330931,0.16698711015580006,0.008450799134925843,0.03404822306119642,0.28639436006501723,0.15650230076711247,True
51,0.0750913372109752,0.009335313971190915,0.0070449881848250314,0.13527018130365934,0.1571215024454216,0.18347834935809487,0.054874427996528446,0.10625815372404349,0.09943940716331562,0.17208633864194556,True
52,0.21304616395800402,0.001223481659275242,0.0030083074984469708,0.049086883303141524,0.08345145495964623,0.28711632226833855,0.013616281206915486,0.07182951873932962,0.19868769170300205,0.07893389470390022,True
53,0.036680965459725996,0.022498775034333975,0.14346228302985778,0.10929813286124233,0.027963484949973073,0.17902476513629653,0.1293012732250463,0.0352023191194731,0.17875416472473052,0.13781383645932024,True
54,0.1344571970192668,0.011546595563622003,0.15667108167125332,0.019823439081135104,0.13796660602149985,0.06201409237570218,0.12967531261921203,0.09872909104431891,0.13977628789550917,0.10934029670848075,True
55,0.1124569813462102,0.1371216546742354,0.1446945899578789,0.07083958769120867,0.0868099254828803,0.15582492004876014,0.024219393577021287,0.13261428203254708,0.0024069001629220452,0.13301176502633605,True
56,0.14723720900606807,0.2056820301696077,0.10590903117205704,0.1361149239970743,0.026363443385396226,0.031494334623713316,0.06967647641269727,0.11832339139356231,0.11095514331713097,0.04824401652269275,True
57,0.06147169969500324,0.09667127007566721,0.10784012838075713,0.06502510483507111,0.16428242096016032,0.16393495023030047,0.16481119877943293,0.01814600690232985,0.09783319491672898,0.05998402522454884,True
58,0.11966114668132811,0.1045374002697075,0.17241041728341072,0.18547183056371014,0.09274543461289816,0.0348407063321314,0.0688074783087722,0.002165260664964263,0.013667123833627313,0.20569320144945025,True
59,0.18371773985048387,0.02314828451142681,0.11408607376088256,0.07482821619957336,0.06816012697236068,0.14187484236632472,0.14318725950137348,0.11002077456842141,0.03196272792362094,0.10901395434553202,True
60,0.09982119271418043,0.10046293273224845,0.09766485274625397,0.11606769244924044,0.11840872415348891,0.10694476620390976,0.08458919048473622,0.07477956313547178,0.14062675482112813,0.06063433055934188,True
61,0.10734792973330548,0.09281147585037262,0.07750597913028104,0.12727686918673717,0.11329627167740612,0.11278666603520605,0.09818074917765224,0.15602602630185608,0.10171193297954315,0.013056099927640088,True
62,0.15253932045210514,0.0035261464315487602,0.16038089679777995,0.01614647204823096,0.15744718420526968,0.11243031969301329,0.1540059758893382,0.09848199540417983,0.05256262090952841,0.092479068169006,True
63,0.07117746183770553,0.115539231854486,0.1307838539222243,0.12185539508804276,0.11051116749183773,0.10541202504234781,0.0468163235295096,0.08450203354471018,0.08042547431597921,0.1329770333731569,True
64,0.05233366949618028,0.07408582808979564,0.09077803268004238,0.04818540334669727,0.11103574749325482,0.1292403843358815,0.12263234582215872,0.1441911331143639,0.1523716789884428,0.07514577663318255,True
65,0.02271676524894715,0.058774085026289835,0.0064018092787069235,0.1600586494725676,0.12019482116933788,0.14364596767470808,0.15008036816624298,0.06140408565462569,0.13804474123697663,0.138678707071597,True
66,0.10460779406546106,0.16622309882973052,0.04266951810051845,0.013301779594003197,0.12676686642779506,0.04673621850359101,0.16367927280705277,0.03872499561654587,0.13279210616695813,0.16449834988834405,True
67,0.06285431561480652,0.09403374940868824,0.13180232724166416,0.042105088085484826,0.10664787347180334,0.15199627631499518,0.10854043636712651,0.11114929474011936,0.14344200467688156,0.04742863407843045,True
68,0.1905462128248525,0.12769200607105893,0.24394090812510397,0.1336748271462943,0.12129773615971878,0.04355271077803081,0.08014063789057385,0.039867348265562666,0.0005174935460289485,0.018770119192775166,True
69,0.03561208250751633,0.12281169618653943,0.03280048976507426,0.1259637266987503,0.12086853750090638,0.14166940993716168,0.11025151662502662,0.024153476763016733,0.1484294071301999,0.13743965688580825,True
70,0.11052002751560719,0.16111286310341444,0.034257819955581484,0.08799600155981759,0.03916858063533086,0.06598616604121439,0.09875730145395017,0.13095015796684115,0.13154643378385958,0.1397046479843832,True
71,0.004020220831815745,0.09403138992437098,0.20017503517785054,0.12883406855011276,0.04369870246809391,0.053357546476395734,0.11977089462357554,0.11925608581732695,0.13571183799348888,0.10114421813696887,True
72,0.1626434061140307,0.15567822495421277,0.060641103355288724,0.0760208013411344,0.10170054690385605,0.08316460035953838,0.09409729532294848,0.029856017680322925,0.1630337505472641,0.07316425342140342,True
73,0.05003361614147077,0.053281809943134854,0.1276870019848915,0.06786918466794421,0.11663388164808045,0.14405463492645473,0.1580170905600669,0.04595405941918158,0.08730957546460621,0.14915914524416873,True
74,0.1545824144488327,0.015848408415506023,0.17673521890441093,0.022954637983183392,0.08632299880418284,0.061102296950459815,0.18511875308474549,0.19026408227712718,0.0959147845035567,0.011156404627994982,True
75,0.14376832934909142,0.1540291490604703,0.1505737879785842,0.1281488718463926,0.05882021295948539,0.029097486756612452,0.13524067290303016,0.11516697900915333,0.05532584335554593,0.029828666781634244,True
76,0.08431021422577781,0.12505671769047283,0.07892573276306471,0.12091550939649652,0.14991242459299994,0.05761423849355156,0.05321866004189723,0.07139681396778642,0.1544158159010609,0.1042338729268921,True
77,0.11563999802436176,0.09216573586059405,0.004552615834193727,0.06426495008061361,0.04035376299025617,0.1587329610760688,0.04338487888713095,0.13302795008649734,0.14318161008671135,0.20469553707357233,True
78,0.01796724963858287,0.15089441448382557,0.07365275221401799,0.15044295061068677,0.053109160127645966,0.18269899387080657,0.03528657377712411,0.12436290380855414,0.15050538256909976,0.061079618899656414,True
79,0.1180292425270951,0.02912667258533164,0.17403316951246284,0.06316407601655033,0.007564488532474469,0.07602468761914738,0.14073765697462465,0.10331731269145532,0.17313768697700266,0.1148650065638557,True
80,0.13104614917993826,0.12395434284470778,0.1435989379135336,0.15276989998371962,0.06311173267712207,0.1183014739003718,0.10595942821333369,0.024507328410777466,0.05839889170358884,0.07835181517290685,True
81,0.026541504859288783,0.15776637776701177,0.06356960802919384,0.151409214008141,0.15885415562867697,0.03578312742306129,0.06978147914712694,0.2044850527460875,0.08648352990246783,0.045325950488944,True
82,0.09413337331011142,0.057023876510826105,0.13780167231987245,0.19251017814507362,0.22252798627099715,0.02167239226228326,0.06291595108958863,0.11505358132604016,0.059110679365354635,0.03725030939985266,True
83,0.0537082601338851,0.14186292828190653,0.19572840644598108,0.0685222933417645,0.07369145619955851,0.015242431618564796,0.06811871275659175,0.05912521394008625,0.1502008080935861,0.17379948918807542,True
84,0.13482045112085536,0.14554101626211316,0.10118782231035746,0.03940022444024305,0.04669331651628625,0.08146499350008667,0.1387564921216789,0.01121392846926694,0.14984633555044982,0.15107541970866234,True
85,0.1545682237977042,0.06824837012508357,0.14520181333145804,0.05536302835194946,0.026060273947005434,0.1791968520196824,0.0024749627427735664,0.18670269169504836,0.041234477789233205,0.14094930620006188,True
86,0.02876763043613209,0.006030401790124392,0.04497281994994392,0.03341991232899525,0.15578540218662168,0.21520689445099306,0.18151892477975073,0.09819975299698817,0.20476128648627875,0.031336974594172035,True
87,0.03770374054057273,0.04721139777688712,0.043133454401137215,0.14726567511718075,0.061879948345764844,0.1549402933053741,0.0974407538299444,0.1362072891148701,0.15409754642647291,0.12011990114179573,True
88,0.1085093894100382,0.13188215749909335,0.04921338110372914,0.07232355835458854,0.049122722774626926,0.10496655254619441,0.12184540661871072,0.08412471105974273,0.11033499007594498,0.16767713055733094,True
89,0.14676325024644352,0.10391996897366688,0.09989081712659494,0.1355015083775961,0.09957287836540497,0.09474096405597074,0.04581419756118958,0.10446948326365652,0.10308609351991549,0.0662408385095613,True
90,0.12291942692816493,0.11224762272980428,0.1299975108032194,0.01714014300367561,0.13968466164214338,0.022057755980868576,0.1363200633636557,0.0938227861099914,0.09445260197195009,0.13135742746652668,True
91,0.012365366708137182,0.08061486566974284,0.13837110253581125,0.00045673952286337326,0.08954464452893644,0.1403517446618545,0.07796258276519329,0.21037390816583967,0.1488526628615137,0.10110638258010782,True
92,0.1757770585859924,0.05458715055000552,0.09165366531560785,0.02483171965699807,0.015179360364991708,0.09944074166824647,0.1493569466473173,0.18028006770111554,0.034308452607929786,0.17458483690179535,True
93,0.0402765092843429,0.057187687418057444,0.09883019333964936,0.15444253054363707,0.07101063711008965,0.1324263402668472,0.07578673276291333,0.13836902404965776,0.027308770170034715,0.20436157505477062,True
94,0.15878510593226408,0.09497682554153251,0.09841170409602087,0.11312024213250088,0.10636002814399338,0.08145355913420307,0.16247803051895768,0.024119261132436277,0.09496108758526815,0.06533415578282309,True
95,0.20606261917464672,0.15991525492702383,0.04731695091122835,0.00919301310906418,0.061024102778260765,0.10766013132829265,0.11161019953609387,0.08139242281250186,0.20186591448998925,0.01395939093289854,True
96,0.10754459885405122,0.13324754530170096,0.15878315809127008,0.06473293541616464,0.11787099322530097,0.16409918700599121,0.09606160149225597,0.0673163172023508,0.04783192628603509,0.04251173712487914,True
97,0.06700084145396981,0.07957342769783378,0.11143073330864708,0.1266923947324679,0.005802385275775573,0.07661896257773897,0.13459307043419708,0.15744429411933547,0.14992908196563234,0.09091480843440204,True
98,0.11553944915372763,0.06133782813510325,0.036653671126024474,0.161290033505108,0.02297092811358999,0.0879024791285677,0.1459706619132255,0.07967560261632238,0.17603208722694783,0.1126272590813832,True
99,0.08200124426665166,0.02072416506377993,0.033640087689254666,0.07892711175336098,0.06269132250401598,0.17409180428088714,0.11224346770024693,0.06901339565309568,0.17091082875111296,0.19575657233759422,True
100,0.019975629326183044,0.16590046002252112,0.09277221302650589,0.15886441747882263,0.11601475666144448,0.05995002967916268,0.03664984982787103,0.1398767291061256,0.09087420053634117,0.11912171433502251,True
101,0.18026615743470958,0.20150575793360045,0.20021506184855836,0.03203393902903536,0.0017323918420203911,0.01672855000324155,0.2214382816556761,0.09339682267372569,0.013121552987851727,0.039561484591580806,True
102,0.1542054487708909,0.018770600903041293,0.15366585254586357,0.18186896427459867,0.20235833439032289,0.015208518900183312,0.07897665003867947,0.057629745784817436,0.03343362464974203,0.10388225974186048,True
103,0.044779286521421206,0.1612208974250277,0.12555091498669144,0.026695445300855204,0.05729331334813447,0.1399679805110475,0.2117558167013565,0.046292733256652195,0.09225100479864604,0.09419260715016771,True
104,0.13293408474144922,0.17617746943360982,0.018025794247018414,0.04228397467763824,0.06753913390861545,0.15014599879416515,0.0754676651431313,0.1652382337581386,0.15093881464078812,0.02124883065544568,True
105,0.13127404392871833,0.15961826967297923,0.1178052461929203,0.02121747937674792,0.10753539717872002,0.020110123734294657,0.1388854684180385,0.11947682155577259,0.10008073279826761,0.08399641714354095,True
106,0.12477542684378896,0.18783191709614724,0.05769496883856759,0.01917018883653798,0.0634864700834952,0.04451766297340295,0.18728453163662362,0.07114735901898725,0.06492656924324629,0.1791649054292028,True
107,0.11331712603883215,0.040148180066619965,0.08559829419576681,0.12110062032491696,0.15284722353496288,0.08886411351318271,0.12083178786417512,0.15730850547987565,0.010264660038207798,0.10971948894345991,True
108,0.1294370296832471,0.11406742958582919,0.06248305870948456,0.030587675998819258,0.1462160505538807,0.07592524139105769,0.16447761048690665,0.05967964591943334,0.04902602956522389,0.16810022810611758,True
109,0.010733236523672066,0.05533959654642141,0.1246390097554164,0.12468676530925751,0.1362137600090768,0.14562161125109324,0.12074433077541794,0.11429620812235353,0.039092600958466533,0.12863288074882454,True
110,0.029052475451925262,0.08309248661676726,0.13914174559397902,0.057704941034937306,0.15884376044056586,0.052763024200877064,0.011944443138058812,0.1634465207820074,0.13433948958385641,0.16967111315702557,True
111,0.0979243501901247,0.05049170649782355,0.1408912464860644,0.07310970508659362,0.08847444922698147,0.15001577350791667,0.1292501806476534,0.10582973191585615,0.13376442076719441,0.030248435673791846,True
112,0.1798715508986151,0.14675973460733033,0.14710505157674403,0.07908503219432078,0.007901388626559121,0.011999354410116965,0.14472349523333305,0.00742950381656444,0.1679676900493874,0.10715719858702873,True
113,0.022289299110707206,0.019109776221159117,0.06047254406134345,0.07481330683687644,0.20546609285210748,0.05723375749585447,0.09818390734779847,0.1402934543408576,0.11854635328365513,0.20359150844964047,True
114,0.003940312246734188,0.11916836332564709,0.147434198726378,0.11445275234864516,0.08629334962630486,0.10233534191003091,0.09295876102136316,0.10196463888893345,0.11868535009513584,0.11276693181082731,True
115,0.14122185701147846,0.11475694694842556,0.015566997250262527,0.04749788060039318,0.11952283313788202,0.14113045753599268,0.12645835540063888,0.1276966912302259,0.12877949627203328,0.03736848461266754,True
116,0.12885714610557597,0.16219823075320666,0.026036010391815398,0.16555739648605977,0.016256329112462012,0.11253351361683067,0.046133367824288854,0.13140915959775712,0.1268039061630787,0.08421493994892479,True
117,0.1323412526880246,0.03755509907989986,0.10055064463933469,0.08807802059059755,0.09449957340749983,0.08122434267042598,0.1736062598248943,0.0937713929119555,0.15073098986765585,0.04764242431971187,True
118,0.09456425055930716,0.020316014484185223,0.005017495983667691,0.18086300211180315,0.12078225928790293,0.004663749907167412,0.11981128415248395,0.13405146903829054,0.1542196969701607,0.16571077750503127,True
119,0.0733623800823914,0.28338293395082426,0.05125370845354946,0.12676397735128161,0.0385025354385594,0.030882407673004635,0.021342865658598813,0.19242026485929187,0.13088812067986852,0.05120080585263005,True
120,0.07691877326412175,0.02707639075597291,0.1704375333724289,0.16982992131537097,0.014750917707075716,0.16413655709185954,0.08543443825921017,0.06979294610445698,0.1044882750257749,0.11713424710372801,True
121,0.15538987945605895,0.25966214589168474,0.06092250273801211,0.1926885939310174,0.030410749021153753,0.04626970946116431,0.1499100375737399,0.025637887361283224,0.06577214778000164,0.01333634678588388,True
122,0.12173986114544826,0.0037559232412583015,0.07066465368440936,0.16785134540486857,0.12430109417403859,0.27907387161600955,0.013682676886127919,0.13470843933662166,0.011061057103721043,0.0731610774074968,True
123,0.0014702682082551371,0.037841479323253824,0.13154105605528443,0.06822839074524355,0.22170166469109173,0.07000196540236561,0.05608636388591424,0.17833607717597644,0.19148318768405045,0.04330954682856466,True
124,0.024623754571470653,0.1608848723610349,0.10962900613877588,0.0863717084843339,0.1397586724936578,0.03258677000982617,0.1691627832559017,0.1077008528096083,0.10266644854085669,0.06661513133453395,True
125,0.001963105032400156,0.029153666959951037,0.07334519952008792,0.11276843538548448,0.183485573866624,0.02714976936806547,0.18969831269496867,0.08807896840840125,0.15867333723775415,0.13568363152626273,True
126,0.00448340912418848,0.16025741158352064,0.11897327471857824,0.16699430104805119,0.14153187652253665,0.08387208351072184,0.06481023965909469,0.05302263873626914,0.12404718545224688,0.08200757964479218,True
127,0.08251925111150674,0.030088834322979173,0.027294891885878025,0.13639928870325227,0.15969780611219248,0.1232094431941718,0.02127665840848185,0.16747071386902934,0.1672565404655288,0.08478657192697954,True
128,0.11146211077678767,0.05360771442408342,0.08419355466958171,0.06635859973424191,0.15492499504364673,0.17361382096707573,0.04740351063458897,0.1523646256004168,0.06022069651988321,0.09585037162969398,True
129,0.06692470529904858,0.1327156081393936,0.16275586270433676,0.07574586081059521,0.12876255333355133,0.015010171689794946,0.08923371828643908,0.09975304315919147,0.11121119221232979,0.11788728436531919,True
130,0.16201940764958161,0.1116526620907267,0.07832339294923778,0.027268234634361604,0.1706825071497244,0.047823877333200294,0.16221684375870052,0.0377057091028035,0.03723939416102219,0.16506797117064126,True
131,0.06794222926165527,0.15411220147301952,0.1092871389758686,0.15869426330524533,0.03650328878201704,0.16176648287845113,0.020860696930711582,0.04908041004861315,0.12920240713756584,0.11255088120685244,True
132,0.1769089395740917,0.09913500386162351,0.025409066530877555,0.1334692541673641,0.12561012383515033,0.07476224636890574,0.13774208700865892,0.0011527835055453357,0.040179635428593215,0.18563085971918974,True
133,0.0873270012667706,0.1625161852506295,0.05097951306185407,0.14728579754821955,0.12553808870074118,0.086046914326973,0.12014286617287143,0.041392141405832146,0.06237470818480814,0.1163967840813003,True
134,0.061234313061984756,0.15066083469660493,0.17158823480798494,0.0387617197080253,0.04410422683624487,0.17588127770166975,0.1784126132110536,0.052540552214985985,0.08342425300470603,0.043391974756739934,True
135,0.15597171317842765,0.10323355297814764,0.13536783657203158,0.001830411802926535,0.11182503211862836,0.01684445780881689,0.15474877588213468,0.07690176735488959,0.09636452169982204,0.14691193060417493,True
136,0.08923458997885018,0.16836057443630636,0.051335972861713076,0.0745650000713493,0.1651691143882013,0.043147875361426946,0.10006176583613254,0.108601140142753,0.0557341190239924,0.14378984789927482,True
137,0.010837950486863214,0.06894552311097342,0.022687522380585204,0.18056357223175898,0.0634705842939854,0.15357488578249942,0.18465176149598708,0.08535559876169149,0.10134489942361319,0.12856770203204262,True
138,0.21126776017376925,0.10373846994668522,0.04873020133017188,0.1604252565487096,0.2206780773033521,0.15959112701949343,0.010341997485571068,0.03241329427977987,0.048903986501934386,0.00390982941053332,True
139,0.10369622604098844,0.10339537550886947,0.15849059148978317,0.04854577448070401,0.028134356033293843,0.15284525753451325,0.010172919414466679,0.09297023899680898,0.19586348487528998,0.10588577562528202,True
140,0.10594626996761695,0.03818557519475087,0.027908963529496053,0.08165165212234282,0.18800237089180777,0.20070030433344524,0.0622641457166764,0.026345980326292304,0.037711157361695426,0.23128358055587622,True
141,0.07068696451239051,0.18354787679434473,0.23748376416117106,0.09234155050780946,0.05561544200807658,0.1928066664259851,0.06257650714681195,0.07308470049400231,0.01881755785777026,0.013038970091638008,True
142,0.06628933366444198,0.08231238112634846,0.14991956408478935,0.13790223714022998,0.09034578611186432,0.05858606243499092,0.09113240723766482,0.13942372630718305,0.0997912506483231,0.08429725124416412,True
143,0.14312166681604235,0.17916149357832276,0.0853176901598544,0.10677240318032456,0.027017446217820703,0.04393476917845106,0.1196107357335497,0.05237846562848429,0.17662390723869942,0.06606142226845066,True
144,0.0999024723610213,0.11486675534240069,0.08702260029651773,0.17324096046335152,0.1742482817865798,0.14466501787549305,0.018695733325703786,0.11713832039899065,0.06285762695913674,0.007362231190804639,True
145,0.16154510089938237,0.17060577526726742,0.10253949309428097,0.02689491682201174,0.015046522061339771,0.19098964267455593,0.1119616299061995,0.08650843039395821,0.119451740121521,0.014456748759483017,True
146,0.05556075100305445,0.09283950724203051,0.1390186344759576,0.13437114238988832,0.14163415939662902,0.03819811303838673,0.12135385976457556,0.11596826412371736,0.08251313390606135,0.07854243465969916,True
147,0.2213398386909916,0.08548886230315941,0.04295054559712055,0.03639564982230795,0.14797831592083807,0.057343141456274144,0.01358269573723359,0.025776266268219213,0.12790368418301293,0.24124100002084248,True
148,0.1602812189130671,0.08995029362395503,0.17238270801383457,0.017894799786540242,0.07054727619762559,0.10141138573383175,0.05740962938498016,0.08781885930392769,0.09411859081706812,0.1481852382251698,True
149,0.21841803753562553,0.20131132265171464,0.12936206937781325,0.08833093534590339,0.032703382165453786,0.02322546154126856,0.16352014836288986,0.05016710698511714,0.023241784731308564,0.06971975130290559,True
150,0.004588873397321571,0.05672787869735642,0.19822018496255492,0.21179905657759668,0.028546121778807717,0.07695552696818281,0.06444003206462989,0.20426022746954073,0.027426930969820837,0.1270351671141886,True
151,0.1836315519800867,0.05206300538707382,0.24170859577761086,0.06779352788957872,0.06916668084255029,0.09919368699479526,0.037031863658635956,0.07194195340751093,0.09161745313880895,0.08585168092334851,True
152,0.15219432467472968,0.15720077170928984,0.1091779857580015,0.10540322696483569,0.10179189898452466,0.06083777011878341,0.031432520234822785,0.11631066751048667,0.09241741913235578,0.07323341491216995,True
153,0.12472696830544615,0.05212074339187694,0.2052849413178862,0.08119669107159655,0.06749721863784372,0.003413789847200974,0.2694855086133846,0.0554434402237627,0.10877749213246912,0.032053206458533164,True
154,0.13326947316756707,0.03270035817028862,0.14431620418494112,0.07402965897490435,0.1029302210126977,0.13554359867713006,0.13839441532952199,0.02928653356167904,0.11292285115656424,0.09660668576470563,True
155,0.08718295347156738,0.2795985680914511,0.15772231765731418,0.012371812878691935,0.19462878499016084,0.11125472652052434,0.07157662800698317,0.03170927123052939,0.011011223664137941,0.04294371348863976,True
156,0.0416355846914378,0.08482164419569142,0.031572759407646415,0.13462717587792747,0.09886511935176623,0.15695208215199938,0.15302230358268645,0.04158815989296596,0.10528851346266471,0.1516266573852142,True
157,0.18241127595064724,0.15512663451747657,0.14429110571017736,0.11354741978925047,0.005213352903678243,0.07590762632332078,0.03829681658802913,0.14082717186220112,0.13689174030831217,0.007486856046907082,True
158,0.16025562416592767,0.09662701007524145,0.09904307610126571,0.038076433016805494,0.0752041829194559,0.03256059833100294,0.15984178938079702,0.11753851899526194,0.127473126610622,0.09337964040361994,True
159,0.11549817320752087,0.11652013694453615,0.08675880754066077,0.030591686131045515,0.05428862089756504,0.11077557886886424,0.12318177661794665,0.12901392336318895,0.13119295428847938,0.1021783421401925,True
160,0.1799377915934774,0.21262097183236842,0.019442020623114464,0.0764673955852985,0.10346602180370168,0.07473508377118702,0.030321936781489253,0.2569561443865879,0.017721138783825734,0.028331494838949735,True
161,0.009192425787361631,0.13977034284123485,0.10367238453583638,0.0970491257779776,0.16955454447158777,0.0970581646962854,0.061465294841701726,0.054753723429548685,0.08670797024645649,0.1807760233720095,True
162,0.1312159068164753,0.08402693154561859,0.1177812737854267,0.09451191871686052,0.13482930582012712,0.09484672714618626,0.0905795684464403,0.08474847163367458,0.11412735710917647,0.053332538980014235,True
163,0.09859873686695365,0.06380208772097302,0.11845796406392121,0.16562765977375507,0.08075472614251525,0.15140898237019454,0.14950399975348472,0.024463330738587526,0.059898887462348276,0.08748362510726682,True
164,0.14739662862407366,0.1590254219345363,0.13766614467696434,0.2206403676569923,0.0724200385637913,0.052281121996164734,0.010994759335107337,0.03931474658838295,0.12034770833038938,0.03991306229359775,True
165,0.06857104233364865,0.20626680094411953,0.21696051911182532,0.1646559244163169,0.09116927010966704,0.1135555695014695,0.027454834064577934,0.02164271931937338,0.022725255017671128,0.06699806518133063,True
166,0.12888738742819097,0.030719588265789088,0.11474120994445952,0.08761152551692647,0.05356946308949871,0.0703925461309221,0.1472884159245157,0.01898020552331339,0.11832891444023894,0.22948074373614516,True
167,0.16728532588831443,0.03950255004562472,0.14085332191966582,0.1655062104908371,0.12760398812546767,0.1505651707993354,0.03180340806512707,0.09096231558221043,0.01713306486300497,0.0687846442204124,True
168,0.09175063878538908,0.12898914013088147,0.0156846397721399,0.12174868175601036,0.10763046291871939,0.09429888101518376,0.1344864105478583,0.12630001016099227,0.06834208650422988,0.11076904840859549,True
169,0.06120846859096507,0.11501925093576944,0.054856689170127024,0.16172542289451355,0.1898710529199825,0.11250707332905245,0.017273023686599654,0.07389997805461247,0.08557230029336219,0.12806674012501554,True
170,0.0766413909197668,0.09958278899600752,0.09705448486639004,0.13939343017719213,0.11391602112102013,0.035902446762463916,0.13075145767085863,0.09121580128646326,0.08665985305663937,0.12888232514319836,True
171,0.12443912287465411,0.04410210507873758,0.15662962070499048,0.132420200052254,0.07365204175801263,0.0235413423478341,0.16051638319025813,0.060767389139334604,0.17990773726316928,0.04402405759075512,True
172,0.10133370366855601,0.1099204687477531,0.12990723419402944,0.12779827455864712,0.060389027632437024,0.1258673027462744,0.018004593671902436,0.1385946289450473,0.07699256405204365,0.11119220178330942,True
173,0.10775590930993366,0.0786845634229341,0.06958479186273221,0.05852746418976317,0.11702219826984053,0.18208386371226354,0.14133173928509,0.020322089860761644,0.11293252556922444,0.11175485451745686,True
174,0.08052282766400708,0.08408452606582843,0.2294059206441025,0.15424900836476502,0.031844181794954594,0.12424200069790077,0.000815271628850672,0.08890294884985336,0.04584996822110892,0.16008334606862856,True
175,0.20454449210490583,0.01786547419307271,0.1158897405910379,0.06191234659554937,0.0285004515084354,0.0713763945763728,0.15561636897210843,0.1620469572272134,0.06821012931855351,0.11403764491275062,True
176,0.023896686800092666,0.04727997313359299,0.21259127696249694,0.11515680356830295,0.02899047426438927,0.16897260557467014,0.11468819408119933,0.21684678093665727,0.03243582228212151,0.03914138239647716,True
177,0.12970880505302393,0.06241464770648762,0.09508397021781931,0.033341279913457325,0.0029077565973598817,0.0899182878413961,0.15396128400618764,0.12660435968534994,0.1084524778359173,0.19760713114300096,True
178,0.16233973686392597,0.10454030930070699,0.0046042916340639116,0.10999175266385064,0.10579096751030787,0.01356123161000448,0.13032934635135257,0.1736752030254757,0.18344580416589112,0.011721356874420724,True
179,0.046371604848310814,0.14085259156465124,0.12047747557574096,0.16585917404732436,0.00817619002309321,0.05981166853960589,0.10301288011025557,0.15582182224868837,0.13988842427562145,0.05972816876670816,True
180,0.1287460217488091,0.021097560786912224,0.05585684073291618,0.10362807615274203,0.10297740318026852,0.11210143937411002,0.11624875841274891,0.07948650281222182,0.1441867608901506,0.1356706359091208,True
181,0.1860344172124759,0.17130888014360027,0.10808046592340256,0.11659741582976016,0.007591668839312784,0.10094666540443176,0.19763726933358236,0.007816090322194129,0.09074091615110136,0.013246210840138677,True
182,0.200215323640792,0.02962766722437075,0.09457597692989024,0.03749959566409172,0.024478263736691448,0.05528196912026685,0.11094192684204114,0.1957201473730165,0.119980874954752,0.13167825451408735,True
183,0.19992052114142023,0.10113600888790494,0.03403317354765053,0.10091698546755445,0.027332466690357535,0.13929009366114653,0.10953318970245633,0.07729909648853553,0.16988521701014292,0.040653247402831084,True
184,0.05558250203293883,0.0024097429616387637,0.024224830638554507,0.0452134065187516,0.03138834563330807,0.16116733957958493,0.19427647324678735,0.07747119963238361,0.22667406710104163,0.1815920926550107,True
185,0.15315696895329564,0.11680132733290449,0.05861338675562092,0.021746922514066326,0.10888260720478699,0.13021297654747366,0.13525620560859664,0.10296747859772797,0.04409753556263777,0.12826459092288958,True
186,0.052843462880274174,0.15750303964466503,0.07922211039733949,0.03153745637204753,0.07139190237241044,0.10575779979551911,0.11600333437713188,0.11349252880175814,0.11693852914603207,0.15530983621282224,True
187,0.13196374464492353,0.08449229774725672,0.16277421163191022,0.09103642676926173,0.15469167413810492,0.031002682922967307,0.026770528875863786,0.09730877829630187,0.10292550449610341,0.11703415047730642,True
188,0.006933677033979326,0.05701398387529855,0.22106909270017921,0.030656198053884604,0.016339661749105037,0.109824286489651,0.11563251706067602,0.15385499041800244,0.1610347885992447,0.12764080401997907,True
189,0.09776861301654473,0.1376436638553335,0.014266414040536163,0.2052061122187022,0.14874157978073405,0.19660403900890594,0.020800085333256328,0.0895932627878407,0.08774649746065463,0.001629732497491944,True
