ID,strat_res0,strat_res1,strat_res2,strat_res3,strat_res4,strat_res5,strat_res6,strat_res7,strat_res8,strat_res9,alive_at_end
0,0.16794043087784186,0.099790692906615,0.01974189809197332,0.2634029258689042,0.08153906790727451,0.06420048442247678,0.07857436088028918,0.03041664362235323,0.015744222501374697,0.17864927292089725,True
1,0.10227537648446813,0.05967073784738385,0.03277028986288816,0.1661743713346326,0.109142050917323,0.09819431176686051,0.15693983333815553,0.09618001339203905,0.10407098865831313,0.07458202639793589,True
2,0.11713827622828389,0.10731458196354772,0.08974942160099396,0.05811987188465747,0.09100375684183473,0.08561481767450448,0.13091643308043985,0.1456507525507678,0.027226760841201826,0.14726532733376818,True
3,0.13306563290154277,0.030474840364731158,0.11137529474949998,0.10277753265103355,0.12403389638350944,0.14234745021369166,0.06955463197504157,0.11316146053636641,0.10419872041873257,0.06901053980585078,True
4,0.004257168292555927,0.1069112430449568,0.056162772858565045,0.13707454205635858,0.14979884307183405,0.08029794515175767,0.20056730419575375,0.17098392478021543,0.057144923726664756,0.036801332821337955,True
5,0.10973444076847863,0.11374737296002406,0.1501435962477564,0.03594489234844869,0.08208283265832007,0.13791097546831996,0.07828112928001467,0.08222600970833094,0.06157201737869809,0.14835673318160864,True
6,0.11229578279059241,0.08656232074825483,0.11407055256321383,0.0413911948489009,0.09981784989390224,0.12351737359900831,0.07748879000444618,0.1329514638253382,0.12742364530026346,0.08448102642607963,True
7,0.05772134965900647,0.09939787401784457,0.14480007448553814,0.030446646650424597,0.07388148919969827,0.13288659639777536,0.08436736613348178,0.14427285390194497,0.15303273947358542,0.0791930100807004,True
8,0.16712263209839648,0.09799093876360211,0.0049756118818895766,0.028118500373687752,0.17825622913067932,0.1293412227265951,0.07658875327271994,0.03176898777983213,0.12605491895041226,0.15978220502218546,True
9,0.1141457049736849,0.002723430786188149,0.06873689548341114,0.029709867127021422,0.037618587359118535,0.17485911490658607,0.09225167542074018,0.17639812238848457,0.1506963494478314,0.15286025210693366,True
10,0.12438774434798452,0.16051122153468872,0.1528240343991219,0.025951150087134143,0.023903510396286527,0.13594041907517757,0.004076137737606038,0.16148947022103724,0.043656834181758426,0.1672594780192048,True
11,0.11053005762483922,0.1665012567171915,0.01780741413019959,0.09195100452736299,0.13160920669192222,0.10526028781126895,0.044457386236194635,0.2113305719221113,0.05591929061863802,0.06463352372027154,True
12,0.03637851832783448,0.1865552562657285,0.0403361558682901,0.13102764927172858,0.10045259477375222,0.08702185637158537,0.20081159302412774,0.05606287057815564,0.09415144078795336,0.06720206473084397,True
13,0.18131999838026355,0.1763653539533235,0.09576057041371416,0.14940186976753952,0.11512467132835723,0.12065132071397189,0.07677794585998049,0.02412532883807396,0.03221424517500885,0.028258695569766873,True
14,0.03330047503489737,0.09863997438662112,0.08159391239197894,0.14033736570215,0.0289867651662401,0.17402190411429794,0.07768041313017592,0.09746288538598369,0.18080671449535438,0.08716959019230053,True
15,0.06659615312409678,0.08141670211309904,0.14393334954903023,0.14455529106087414,0.06665853986393501,0.10076183679977851,0.11811144325299451,0.16011409647040115,0.01598899088092716,0.10186359688486368,True
16,0.10490544545667836,0.1420438272833344,0.17060871319885454,0.14852945977907886,0.09037404564482042,0.023094962942233656,0.036652372502419595,0.0578341298436683,0.1784925758368965,0.04746446751201546,True
17,0.05676161592748131,0.006362099056106019,0.1827497025222489,0.09693688564562786,0.046096391285811264,0.20307272107169358,0.11312491101125859,0.039464162764655045,0.21660569532588034,0.03882581538923715,True
18,0.02713311462191431,0.06651272093967218,0.1265539642769304,0.016319185601293664,0.1042716166065478,0.21864580692669006,0.15804253778630908,0.23528302917907556,0.03370572792329306,0.013532296138273985,True
19,0.02782204003709703,0.1588366225989392,0.030810376437056627,0.030694917256855143,0.20817718610926678,0.20950887643042965,0.01096877851231995,0.12761155811887218,0.17823899824114442,0.0173306462580191,True
20,0.19606266485069346,0.0016858778933967642,0.09168156144320869,0.13148130068281377,0.18504369159554926,0.034854332599741106,0.14095940542693125,0.008065479543772468,0.1649462293473282,0.04521945661656506,True
21,0.18507322808461943,0.11994779654165376,0.052904955035513984,0.15610552280563594,0.035217860600843934,0.018349784000145627,0.045408754669987,0.25253782973378347,0.08719285136596285,0.047261417161853995,True
22,0.13063133021132117,0.12155849413516355,0.0860670146508714,0.013980044269582954,0.10807249448102219,0.13803294246361322,0.02729133351842007,0.15684519516967296,0.07722446803377159,0.14029668306656076,True
23,0.1217248983116915,0.09651876706896365,0.14676242675198564,0.0690112110711348,0.018974299803731984,0.1480823437543957,0.11113309035949044,0.08666112389189196,0.10732732673174852,0.09380451225496578,True
24,0.11604372523340874,0.16465482727006528,0.060011471400752935,0.05287173949926886,0.1559824897001138,0.04001956271957702,0.09952281810287565,0.13653471042781473,0.06737436737937853,0.10698428826674442,True
25,0.07501056773356762,0.17050708543910298,0.04973933831987818,0.03438103500362493,0.2007056466265075,0.15921798373628754,0.0684739183348181,0.010658822760105524,0.008245841713734162,0.22305976033237343,True
26,0.03322673061946845,0.13110416745326095,0.1385275774362236,0.15220737078834431,0.1607292708649711,0.013103148362271548,0.03005120343862918,0.094926220252447,0.14832416110088814,0.0978001496834957,True
27,0.1623638842331903,0.10988614219397258,0.12361351407106365,0.025378246534146,0.11775347122852596,0.07132367374472898,0.07325334645860142,0.134770063796676,0.14784068834460032,0.033816969394494856,True
28,0.18411302725781029,0.1052691561886893,0.08789112526907762,0.029367121523747555,0.0328942967805328,0.11376934219262463,0.15092588825868697,0.12838339875112778,0.08755942336451299,0.07982722041319007,True
29,0.1347770813940582,0.10599909993450514,0.14438823329304756,0.1838249801534988,0.021674726990520074,0.011070478492541672,0.0941946476090539,0.13059063534259321,0.08555687317542275,0.08792324361475864,True
30,0.1366126536086771,0.15929282603662778,0.014380008151152526,0.05550158617240436,0.1118685979184255,0.12585598728291889,0.17659105833065464,0.10717316538098991,0.09094676965968072,0.021777347458468658,True
31,0.12998116506149768,0.01652065565560065,0.013860777633944747,0.06690904412466303,0.0483297817753496,0.21251536361871826,0.16320744649282903,0.20910421175479826,0.08892640857419942,0.050645145308399295,True
32,0.18294793283290428,0.17605766491900468,0.11645584059546445,0.16957427458668892,0.01995749933583797,0.1742256646927098,0.11103362103652319,0.026333536162496923,0.017911564923744155,0.005502400914625518,True
33,4.1666194519122236e-05,0.21808627745465436,0.1407872215437987,0.0545892843224801,0.10825980364333906,0.2703812065660492,0.07313203980750826,0.06201172533639066,0.04608487799650725,0.026625897134753263,True
34,0.14334845114516515,0.14641587504617581,0.06463839675386673,0.09257867336180109,0.13070033809016743,0.11292217833971491,0.08841686983843533,0.1768461492251106,0.02371631771491813,0.020416750484644777,True
35,0.14969745425566564,0.09046973075654471,0.12188310741359958,0.15938588983829743,0.07863177599727329,0.17255546419776885,0.00630990163871256,0.14083960780531316,0.04183592749197086,0.03839114060485404,True
36,0.1513739810945602,0.1177764145368962,0.00901163482422138,0.07822330288262638,0.10659973312096152,0.16950917163874396,0.12488337622875616,0.08551581857971854,0.0025520224511645625,0.1545545446423511,True
37,0.10412237078095696,0.10560012139377334,0.1556135520535085,0.11764395808949103,0.11282257540137763,0.095390403434947,0.0002568059828810666,0.1497825152091892,0.12795491277579593,0.030812784878079306,True
38,0.17166030434707566,0.05671511885847199,0.14614883708595508,0.05196432375596015,0.04645943160925569,0.08195373791743704,0.08692472283901048,0.135564893682375,0.043649374083745876,0.17895925582071298,True
39,0.05001351504081242,0.2386087824161404,0.06439064960102218,0.02389743980459916,0.05215018363843345,0.10624671841594112,0.008933795811700609,0.03732747074568639,0.1559585736280213,0.2624728708976431,True
40,0.13894113305896424,0.07576640520130871,0.11624753349244814,0.1437831900121861,0.027490225731330652,0.0950606150271497,0.05738309088051765,0.13254212461712117,0.10044704459036008,0.11233863738861348,True
41,0.1994518952663758,0.02596654384053544,0.06801818261886032,0.18132927393387707,0.03133956175758557,0.1416630635381835,0.016644605465544627,0.18616980434427044,0.01389738617540196,0.13551968305936535,True
42,0.11939300121777667,0.09151663435179205,0.1615315471863504,0.06848795798042416,0.17493670404296807,0.008086223990137318,0.0561192133139614,0.10434314331166762,0.01845026512975662,0.1971353094751658,True
43,0.04569924928182439,0.17585451666861757,0.23945211159878205,0.09521107270956035,0.12673350842206796,0.11057680548874481,0.012409829406685599,0.07720820397966095,0.08667304476711529,0.03018165767694101,True
44,0.03801396470540731,0.0924954059428866,0.21461826515594634,0.007536327909712616,0.19458885385778396,0.015536737999412853,0.12399758507262204,0.06662715437456829,0.125058867505348,0.12152683747631202,True
45,0.0810153264447292,0.1791816586195805,0.0761742735955764,0.02152299146825233,0.19813752233803547,0.11225041522389677,0.08592956338764601,0.18966774472305067,0.00012804126432050425,0.055992462934912265,True
46,0.13803668345197534,0.1760452022759604,0.18615594362700982,0.04416751720499722,0.002094519999116414,0.18730881159163515,0.04842784093098175,0.00943296087467942,0.037206488429342426,0.17112403161430215,True
47,0.11461336108263412,0.19549560719260542,0.04563640490632698,0.003172848381003965,0.10454925260548867,0.10480902096586935,0.12200238253360568,0.054575396283910206,0.16247890372646095,0.09266682232209456,True
48,0.036532015953968926,0.22637883046370058,0.14097904235956682,0.0594299917012235,0.009143576500717893,0.19864033980433946,0.0769001448220583,0.19837112783595795,0.028818522191994204,0.02480640836647237,True
49,0.13421969465129904,0.01862676390575714,0.1811868811406657,0.18204126913405916,0.1171702097141424,0.03675458271726628,0.13586603462066268,0.024829045399444746,0.09358128478823603,0.0757242339284668,True
50,0.14073342379121023,0.1459236740230319,0.04915273194304712,0.09544967023111622,0.05918622114246285,0.04092777873876876,0.18710749834061974,0.13055429734766832,0.09657960863896373,0.05438509580311128,True
51,0.1064478578765429,0.10250026780858769,0.08305919656096995,0.13964252322390075,0.07756657252211832,0.03164505981229944,0.16898504815821394,0.022304818899655927,0.17951144706242553,0.0883372080752854,True
52,0.009456998886382701,0.08334727308367698,0.1467985607502263,0.05189467109747268,0.10970389058664885,0.13206128460061559,0.1632979202989051,0.1019495905670173,0.05072716393514323,0.15076264619391128,True
53,0.10755515741185333,0.06665563224029855,0.09457658760047413,0.028069229085817972,0.1475698158245264,0.07231845516380213,0.3109493728183735,0.014845601127074342,0.15305091824338374,0.00440923048439609,True
54,0.13562157309989104,0.06477177880293768,0.13152330703993179,0.10666855883947987,0.007374499404385995,0.11181513300801775,0.10588410036121705,0.12364391204866633,0.08801634016539836,0.12468079723007408,True
55,0.07620611550129044,0.04680721888751715,0.11506719859789605,0.04559217455801681,0.0759493628075012,0.06366789622368021,0.22457429952211233,0.17610818777292028,0.09939319595636772,0.07663435017269782,True
56,0.008042060858497768,0.0033931561106006615,0.17328201181438374,0.12199702130065843,0.07022903390864095,0.07271394605036227,0.13650857018297033,0.17286716488228698,0.11013252874933176,0.13083450614226697,True
57,0.042821131817270514,0.180098691145716,0.07454556164851107,0.268330775309396,0.01970727683992792,0.012921920945232297,0.0938337805075307,0.10156094337805947,0.05054932713108408,0.15563059127727197,True
58,0.11187599700665965,0.12476117051868658,0.07227330186590122,0.12619656968027984,0.035679762842566735,0.06172764163042798,0.12986289129901107,0.12484157043577301,0.09189442021182327,0.12088667450887071,True
59,0.08347720560728411,0.09437990709092609,0.029782249030949566,0.16789403897878463,0.042629848319581644,0.1445002203867967,0.16835682577113892,0.16111265162793378,0.016283334237319067,0.09158371894928553,True
60,0.05144794883798666,0.073130096963561,0.13901810632307937,0.0751245196083169,0.14718269394352576,0.1467615361510623,0.12707013855222282,0.09150124306191143,0.06097159940629054,0.0877921171520433,True
61,0.1620114648210126,0.1615131431425653,0.10836623391131033,0.03559625706549343,0.006398238599720296,0.13940020130550385,0.1389875630587527,0.08104041075461133,0.10083114537716083,0.06585534196386927,True
62,0.09108392970717606,0.03466584235246193,0.07304334471778805,0.025283115863007584,0.0058877569622112266,0.11446136627610683,0.24343506759986988,0.1309842430771522,0.025074131241440187,0.256081202202786,True
63,0.06342210195239878,0.15334481154297333,0.04941434196190774,0.07247894037679829,0.1180528494825406,0.09745354210338268,0.15217768727535264,0.10980287108457552,0.11008570317075785,0.07376715104931274,True
64,0.19404009045422863,0.04309655910555826,0.20600873579629123,0.030341350964903056,0.0240705917031059,0.025330852514982613,0.009709007479587802,0.11726515853221622,0.13240074013921088,0.2177369133099156,True
65,0.08689129322904983,0.021001411867477913,0.1449288141837404,0.15900200104935186,0.15742961264940525,0.14883135324662636,0.1489761360207931,0.09193996616498923,0.021959118573889484,0.019040293014676538,True
66,0.11670040624623805,0.18321147593276174,0.016427857086251493,0.2188171485119031,0.07248472596234612,0.16999325198486406,0.06462257512863463,0.02732094205712511,0.06870444328628374,0.06171717380359183,True
67,0.12148833332930914,0.04196046255209239,0.09722161205361121,0.1820513282974656,0.05605640817434032,0.18861392285892878,0.11045866519579288,0.07035388568628965,0.08904606368735396,0.04274931816481605,True
68,0.1725948271180784,0.039483157914467513,0.14132650501024188,0.018704166466326604,0.044070270038045506,0.17915182785486666,0.025885991713358814,0.116001869237461,0.12623480654542144,0.13654657810173226,True
69,0.12117863134471268,0.06780311308519041,0.09302489965636747,0.12744200041521353,0.003655216532223172,0.1586194447483532,0.08128053813333974,0.1369207793199698,0.09003372987859565,0.12004164688603448,True
70,0.15370649559041416,0.07538910755853727,0.15594107699439844,0.08002160003914119,0.025907243357686762,0.10776797931411482,0.12493062318061655,0.05683597056185762,0.07805892746036772,0.14144097594286542,True
71,0.16088430104279297,0.11029617835469328,0.09988660196597424,0.13609956871565307,0.09732092357386732,0.08733943662578089,0.07073578998992756,0.14652333352387797,0.05744888506458778,0.03346498114284497,True
72,0.10210905851847292,0.04976429909297736,0.0672802115145986,0.11113162205389707,0.18053383173971937,0.14727658807271696,0.10522157624524911,0.06629212790940393,0.09734953766530338,0.07304114718766133,True
73,0.09879212829065138,0.05244593362488312,0.042985195415775786,0.031138259336635155,0.14685538049718164,0.18966046719948992,0.10204965725646539,0.16911418597939995,0.1327518770771148,0.034206915322402894,True
74,0.06460163173456428,0.05515827221294702,0.17126803403864116,0.06587461987719606,0.06350943166330209,0.06614348854022711,0.15215174654520602,0.11978277433647753,0.11300725957540862,0.1285027414760301,True
75,0.01154151042924088,0.013879087047592388,0.15765601952657043,0.11528857082991668,0.10175939128891005,0.16535203471207188,0.19822575987360413,0.015488140615534118,0.030792625240559743,0.1900168604359996,True
76,0.19711157583148223,0.0323078464143866,0.1652053801044035,0.11306448057786614,0.07534602723347383,0.041249653866874396,0.13906748208930308,0.09103758401817978,0.07697820126988411,0.06863176859414641,True
77,0.22185236631357017,0.09693231848597919,0.12249483404789405,0.08473762977735468,0.17054208009088895,0.016281759647309737,0.1200195154662086,0.014474504502705396,0.04863084551432614,0.1040341461537631,True
78,0.09237378938374535,0.00445605175022547,0.016897728030280536,0.16197351782757483,0.11372875083044477,0.13075008815185826,0.1607788499023585,0.05315193127791378,0.10651463916488355,0.15937465368071502,True
79,0.05566555615826636,0.12305036954675858,0.11586162937237773,0.07048485648041965,0.022100177528317475,0.11431290557034061,0.16655466271549527,0.15685610300788008,0.07475443177367362,0.10035930784647061,True
80,0.13534827448521408,0.08773097387963592,0.145781895360716,0.03517295303780638,0.0409716403411649,0.11218696112205279,0.14481003307488455,0.12961594576166086,0.06326372049624802,0.10511760244061658,True
81,0.08145688770480201,0.030233581728044405,0.08966678088561829,0.012979337964696382,0.10316778954272121,0.1870777154640767,0.07366452354517773,0.13921528201446898,0.17909521198589745,0.1034428891644969,True
82,0.07374203714967466,0.03881369238529515,0.18097789304625295,0.2485372730100991,0.08141587134954842,0.007672029148037177,0.05294863422211644,0.0346574521958396,0.25426954370299953,0.026965573790137,True
83,0.14922853968237457,0.04511412612754382,0.08967048720463182,0.024795716847968653,0.13830131803259169,0.1035573269362063,0.14965171832680518,0.08418540793958158,0.08159823481332366,0.1338971240889729,True
84,0.05550454843596761,0.11312676708196583,0.15229628699396627,0.025383790296425752,0.1510885136949101,0.11718554623130749,0.15724379863237384,0.0634362993968009,0.05856174657494144,0.10617270266134066,True
85,0.06587452753335668,0.1770426148637163,0.17003419141283704,0.15457603973343054,0.09986647866320794,0.005867895785744505,0.20669201923066466,0.03795430297700423,0.07536284192852562,0.006729087871512669,True
86,0.10908365600822205,0.049973670219669725,0.0112581528305497,0.06620578877115928,0.061142816052812105,0.17158577880524767,0.19344745729992904,0.11638477708870842,0.1991701115430046,0.02174779138069753,True
87,0.06135332760459273,0.19014631925015593,0.12917861413854437,0.04850415225487122,0.08817844158503316,0.05655298006291041,0.02233195530230458,0.04326165821945593,0.17353977358732056,0.186952777994811,True
88,0.131867941614405,0.14427008309602243,0.08725591900377051,0.06640262745298145,0.21203677728540102,0.09311614267996865,0.16469956660480675,0.04452115285472482,0.042137608325174616,0.013692181082744706,True
89,0.06744518882291972,0.17021491629776966,0.14746765134092288,0.15930599796920888,0.09423247634211059,0.06753900815419203,0.06327763037442703,0.11919578464121035,0.04742324181802031,0.06389810423921857,True
90,0.1339670082099882,0.07332649523431303,0.11990487802887939,0.11888208661555602,0.10206990880040467,0.10305142604320351,0.04015475968364755,0.012675008917729063,0.14768240394171478,0.1482860245245638,True
91,0.07841252586916246,0.04248925113531384,0.20026093398386252,0.03142603477185046,0.19644005973431933,0.07189246411058982,0.06549747782262902,0.05571870568062689,0.0446856070412723,0.21317693985037334,True
92,0.06466239690004255,0.14940684968352785,0.12725439971188157,0.040737488364488525,0.1472098891191674,0.017573790786018315,0.1799782037495004,0.009537136437926424,0.1810352901912028,0.0826045550562443,True
93,0.1089308212462875,0.02125341581205966,0.3288669625329803,0.06401212464331679,0.02995128449262567,0.05620927030716944,0.05635543167592212,0.026583359562384605,0.16673114684561474,0.1411061828816391,True
94,0.05654094388288138,0.026522685763065625,0.051702547582412106,0.1557231575243439,0.017186240743738562,0.06276151629526197,0.19431019361633375,0.0033233312714047664,0.22084279973511045,0.21108658358544735,True
95,0.031428200804633835,0.04404488216888928,0.09662562038859966,0.16845034556734476,0.10838654296858827,0.13828750311213978,0.18059261135244162,0.13212659699100338,0.09387482853736417,0.006182868108995186,True
96,0.003796918030767116,0.11264743824605662,0.06115999649775255,0.0980560298589345,0.04805823476977045,0.07859056335779577,0.13290143742729768,0.19001492139591894,0.05505512916024396,0.2197193312554624,True
97,0.035601624457714545,0.08416312969180262,0.03132232615855308,0.09461872972295582,0.1460029004908112,0.18618155717518775,0.14983112971843116,0.08252597401319331,0.12462602356050173,0.06512660501084866,True
98,0.10937737745583105,0.03230203198205357,0.02200777047250116,0.06385484882779854,0.09380051268984656,0.14912873140454425,0.16780417663531313,0.17292676209579969,0.07000423323398076,0.11879355520233126,True
99,0.15963016857388304,0.0015476690471163171,0.18688524827795644,0.04638597274270612,0.13284283747617534,0.16276043047796265,0.011723842629408444,0.07549408232228841,0.0523543482406667,0.1703754002118364,True
100,0.038825708696447345,0.015516086555462863,0.21083806720174136,0.15206264857995316,0.026976690845890657,0.06834824940920968,0.11787984450006778,0.044228957014698644,0.13404489937760292,0.19127884781892554,True
101,0.06619032183397477,0.11957508266071215,0.03398116428830736,0.1266375090843104,0.12411127127334955,0.12250124196155959,0.07930065023942001,0.1055645898618421,0.09881215038348207,0.12332601841304203,True
102,0.03148592630325177,0.0786124736350369,0.16462303329143047,0.21632269378503666,0.07709082540666509,0.006448556426065032,0.19907386236819583,0.016690022783959674,0.030314784907339156,0.17933782109301952,True
103,0.15595985497408568,0.04957468809283088,0.008862967817134602,0.08581207239393064,0.1275775901725522,0.20157634496392665,0.07089332371219102,0.06449247190943212,0.04156361431884888,0.19368707164506735,True
104,0.12157637710490574,0.21480427836269395,0.02020134588274741,0.0217096676807914,0.1910851957485303,0.11879655521314628,0.05049018315515462,0.032478822664677894,0.13641223217075613,0.09244534201659638,True
105,0.00898085567964527,0.0076336427222667555,0.015641349694624638,0.12433537606300786,0.19778768619781525,0.020097502181420878,0.1846521871284975,0.1136964062183123,0.16924966048442214,0.15792533362998745,True
106,0.03510411582778138,0.16077831049046512,0.10446763372978801,0.11849678371972061,0.20047099632564136,0.03530115502024781,0.17296110473857454,0.08746050421017178,0.07215878028266606,0.012800615654943373,True
107,0.12842542191913653,0.0417876614134943,0.12572216434640615,0.1370626063475162,0.1292741374285427,0.07025378798841027,0.10337626646516751,0.12916617098905758,0.11116997645455552,0.02376180664771326,True
108,0.12681132750340832,0.05691725526805906,0.08328146819830554,0.13456928281708022,0.13281858059638674,0.08610087136907733,0.11385389992171197,0.07025145198871578,0.05947904617436601,0.13591681616288917,True
109,0.11130724505698904,0.11443279584774203,0.059703891514177515,0.07025538653590672,0.12852819296985543,0.1023594296567368,0.1521139978891578,0.17184934993637757,0.0790783076021473,0.010371402990909821,True
110,0.1387227768517684,0.009791364408174666,0.07596514785344173,0.11000331589514457,0.1253704626005914,0.07295231732967994,0.11709230906291176,0.1084026460396224,0.13685919810427416,0.10484046185439097,True
111,0.015142987542950948,0.17030559575645723,0.05272872865165871,0.1488355716821443,0.11550667432823543,0.172204577626853,0.10546522411030321,0.08226115252764492,0.021272235600957062,0.11627725217279525,True
112,0.16677523281448406,0.0018987968153948416,0.14178253496249504,0.06517322827628962,0.13806724332206466,0.11756578931770702,0.1384087571589409,0.06614082987134719,0.008400274671042344,0.15578731279023425,True
113,0.07292255034764064,0.0010128717782390468,0.01304936578169972,0.08557893390508932,0.2146457257734198,0.048086375890049285,0.1619109120087261,0.1723683445457965,0.14858397594289835,0.08184094402644132,True
114,0.032531012224438056,0.08783306160781745,0.1702145579278848,0.04253445697021191,0.13284785547401615,0.13089738833617362,0.025239413127920163,0.16548780957136253,0.11674039936008222,0.09567404540009308,True
115,0.03064562141217657,0.1354105807392025,0.21812770968217576,0.2020274473339057,0.05254366488302239,0.01145054007521585,0.03081739707997127,0.18735046421039594,0.10002157312462803,0.03160500145930598,True
116,0.03229075883625985,0.12105793361376585,0.05500960077279195,0.08552783497725094,0.11456741282667074,0.1192601961592882,0.1783431644778183,0.1633286428845682,0.06030697705078556,0.0703074784008005,True
117,0.1432038347711112,0.18004175223378285,0.0358451601872836,0.03469837660401156,0.10678155595169395,0.09626556233130462,0.010044753248600194,0.15611054319776252,0.06612621808312844,0.1708822433913211,True
118,0.1336466859950485,0.1481252291372461,0.0574034406465265,0.04872478034602919,0.09185914867777717,0.16347637691342118,0.10811930928187123,0.06771908557134282,0.1441807889635358,0.036745154467201536,True
119,0.024158575463354405,0.06472501315238949,0.148147719092464,0.011292966556360097,0.039327532936983774,0.038790805610957116,0.03780280666585289,0.2176997262532177,0.20745672646351673,0.2105981278049037,True
120,0.058971871138991126,0.1256294585522672,0.27491681206767504,0.041144532005857326,0.13002568071603934,0.1416690458292098,0.011176311818989685,0.018645480061941062,0.17282749704105424,0.024993310767975268,True
121,0.11645590747131525,0.08387300211490012,0.060720910624157416,0.10562327710444255,0.08005261492252488,0.14179859306168432,0.09154155250472201,0.013132836015699057,0.1414290556731066,0.1653722505074479,True
122,0.0020591856871809856,0.07030565305162295,0.0949102168326021,0.07436221669691864,0.011569958288447908,0.12246804369967186,0.13831121881168643,0.09685203769902453,0.2014299990754495,0.18773147015739497,True
123,0.15617617532023498,0.12431769392450343,0.08817664414600523,0.11458194056326182,0.1973448172122602,0.12009530739303222,0.039800226064967775,0.1144214784804151,0.025183701577698923,0.019902015317620193,True
124,0.10903954000953166,0.046058380401713124,0.040283314766298504,0.1649193127134506,0.18810153920176195,0.05834194610931016,0.03940286209884838,0.1540350691515314,0.06268607977126557,0.13713195577628884,True
125,0.17503673510320686,0.035807792300516894,0.018474598538382455,0.15751108920664422,0.18723582044860998,0.0783422675428101,0.08398186090958136,0.05074872183439159,0.10342997047274884,0.10943114364310773,True
126,0.10136049694319509,0.21238239098207237,0.08458751317444957,0.13248050186983792,0.05234140648387738,0.10606891165331668,0.013647005419547692,0.046297874437912556,0.088536323599069,0.16229757543672185,True
127,0.13152179944813056,0.11843426415994478,0.074271824665961,0.14461711742437577,0.13819798726527655,0.00029854695109693256,0.04575227465788357,0.10692692681413403,0.07898708567284123,0.16099217294035548,True
128,0.13594880470184167,0.13701150447399163,0.12132193469407514,0.012181809785906984,0.13677563413436897,0.10357180913886911,0.08630078428820245,0.06388913512688493,0.10158810130204955,0.10141048235380953,True
129,0.14207176071250072,0.12629634831510864,0.1588731902405316,0.05700738431842824,0.06697429357103711,0.08504242944054775,0.1058849200918041,0.11466749281015298,0.06446549307073045,0.07871668742915852,True
130,0.1472689625909739,0.16423927200672528,0.034589265986933626,0.11939215375094922,0.05643867365014643,0.10643781715251434,0.10078277851150139,0.16374021000779082,0.018144203978572603,0.08896666236389228,True
131,0.1277493849772859,0.09897587538185654,0.06401264448168933,0.07249722615107125,0.08525590282176827,0.05407971078062858,0.07565556543064933,0.2118052827889465,0.13958668204573335,0.0703817251403711,True
132,0.14644667058276165,0.06718163118986412,0.061303988604890496,0.20789804688588404,0.12731100379682128,0.08361016480916203,0.061509672049336,0.07450875132651708,0.16598833916462488,0.004241731590138521,True
133,0.10001869965557396,0.09644670134991737,0.14180300094627177,0.07899337362170461,0.11965558964870794,0.12143524067022973,0.018568816033690646,0.08538824163753649,0.15830304531071704,0.07938729112565049,True
134,0.12030556439891057,0.07505415461122857,0.09238843315606443,0.15448000175019158,0.15537206446186227,0.08251326860218564,0.16785433164526542,0.04674100965301465,0.08804079505198327,0.01725037666929345,True
135,0.15021594391063608,0.04968638163770956,0.05364832308928623,0.02776849345258381,0.13194779419755917,0.11527079263169783,0.056001761497466905,0.15045782732183016,0.12231621354601814,0.1426864687152122,True
136,0.08414110757887946,0.09232142520108072,0.19394226079373328,0.17946554190513503,0.09899317963437043,0.11226438504477074,0.06346196580490926,0.045900261741226765,0.07003598270912968,0.05947388958676449,True
137,0.00881649540197412,0.10777601375512527,0.0656322550712969,0.012982762404148227,0.1913992986729013,0.17702834041753893,0.1649819230275787,0.06435159222227088,0.16424181925909215,0.04278949976807345,True
138,0.16497632166331253,0.07607219598349163,0.018283787661187597,0.15116002027162143,0.06622730785675082,0.08390190526050345,0.11845754875667434,0.02005897997422656,0.13452493779441776,0.16633699477781377,True
139,0.037316588173735024,0.1813481788037419,0.046630950978012425,0.19194630395532486,0.08349106229989926,0.13825232866235054,0.0814261819885582,0.09973088577212876,0.04078489504283429,0.09907262432341489,True
140,0.17639545232548923,0.022828425134071163,0.02989586622541269,0.1861075628201418,0.15729668509334954,0.19415874432230681,0.06546904756055899,0.05001823117909506,0.08570477310356095,0.03212521223601381,True
141,0.11241973340349828,0.12439999276416376,0.1546124825507974,0.13046752525111108,0.08904935588088655,0.040809996483868495,0.049174653878169106,0.007116382243140786,0.20933366400418282,0.08261621354018171,True
142,0.021354839850070008,0.22039832919342175,0.11531678870154892,0.028474730203767524,0.13914663830230709,0.0861621823724665,0.07496225725122907,0.03985413069541931,0.06315183711466377,0.21117826631510603,True
143,0.08029114144518186,0.005841871104302168,0.10236932153369548,0.04237531098076154,0.12940501617782474,0.19039920078811537,0.19142756654151233,0.03842260380302323,0.19247397711311645,0.026993990512466922,True
144,0.06320379094290055,0.10785843030942714,0.02553938102473384,0.19565510134536657,0.08219632239611689,0.0011133109417735083,0.18607545925209878,0.07975448352983808,0.09772972201572235,0.16087399824202223,True
145,0.020390666450029685,0.11717798131677126,0.008383997960182174,0.1380636580428453,0.08631244032234967,0.13595847600340855,0.15849816827724147,0.13156865340070628,0.10442740505293581,0.0992185531735297,True
146,0.15647850945419603,0.050562405596158724,0.009278614779682563,0.04862072248848195,0.1562987095779084,0.13742227349175887,0.028847523974758597,0.1603756671144301,0.09836965004695977,0.153745923475665,True
147,0.06342251611399433,0.05405770776994824,0.17441621874168164,0.14038165361690683,0.033746383970058226,0.16674243661772184,0.03203010350230225,0.15688132617703757,0.13768914204443689,0.040632511445912255,True
148,0.13948315744705073,0.023937101223211448,0.13061108994390286,0.2078032926571939,0.0194869306476539,0.1400029137764438,0.2032211489342623,0.028659943515268474,0.08015299219012012,0.026641429664892555,True
149,0.03844990544086966,0.16970092548208074,0.0519147520932142,0.21627503913204743,0.027692791285454058,0.21095601619553345,0.04838885790433734,0.03393440373380379,0.15703541904597992,0.04565188968667955,True
150,0.14483361339135134,0.06661683950011589,0.029687085979336683,0.1081626521590726,0.13952456581026537,0.09867912064307115,0.01743027072742726,0.16970083838187,0.07841456290776508,0.14695045049972466,True
151,0.1398320737104584,0.016475207784607454,0.17509576852095127,0.08548770451719324,0.055589873615101155,0.0694619597967767,0.034239540019228465,0.17384174552050982,0.1847881240380785,0.06518800247709498,True
152,0.07668485773918497,0.10843808549448018,0.10391737077498577,0.10396915382452389,0.13325103333518074,0.05899478783177846,0.02482924141161739,0.13065297278069155,0.11387536264868936,0.14538713415886767,True
153,0.13191356492930767,0.015216951176399745,0.20503177587910845,0.17119692117427474,0.010204461549916905,0.004880236502263474,0.1201350913314523,0.0778333136155225,0.15099052948843356,0.11259715435332077,True
154,0.15568798123275948,0.08879687787173272,0.11756844322349472,0.15465010688125144,0.020332468801552005,0.14758384520909779,0.030030568121868315,0.10491708803143716,0.03342998167316184,0.1470026389536446,True
155,0.0574171608111632,0.03458729371637112,0.0458359664378755,0.22303076509525713,0.20534674779136194,0.08857070966857676,0.06870675561367624,0.020983406747609602,0.10946359551338444,0.14605759860472403,True
156,0.24450798936465576,0.13944228287464805,0.03869375884197552,0.02897867874597481,0.0248035465785267,0.05616425316943645,0.1300228601572381,0.17952666163444186,0.11487833901795738,0.04298162961514535,True
157,0.10364263620947381,0.049973676422477194,0.1215215875461421,0.06846674173796516,0.16977567614471692,0.03825581784629086,0.08023915158359195,0.0829597792586019,0.16576859414078257,0.1193963391099576,True
158,0.1563912075156433,0.05976572925398516,0.19449944073661452,0.016546664270183965,0.06003568088933395,0.07980599250497951,0.09601435063669361,0.16772860292978958,0.12570465776741838,0.04350767349535807,True
159,0.050249145455681946,0.2020422065447725,0.12539601043723356,0.04217374938549722,0.1544928749915537,0.16389124468511218,0.0474579157638218,0.14132420959339242,0.06429778995328145,0.008674853189653303,True
160,0.16935864655552324,0.13665756185437875,0.18373582826228194,0.04218430845912819,0.09250712731897807,0.09194315336952348,0.06877921206614637,0.10861014934887014,0.04766582557223662,0.058558187192933334,True
161,0.12528608933600688,0.10969260480245654,0.020400385568603355,0.044823458598775456,0.17633731847232756,0.07107874290685824,0.1669771460730131,0.12367913724658625,0.05656199487733629,0.10516312211803643,True
162,0.1630769194411795,0.08923709204610117,0.1690620837420416,0.04657656818265522,0.0686097665533995,0.0075581081441491674,0.12389989572721123,0.07494138373989234,0.17030021378290078,0.08673796864046962,True
163,0.04538937157785369,0.19711749038630147,0.015576779026950508,0.09052707506018462,0.16048343678340682,0.1938027344507016,0.002093238211251991,0.05360211422809372,0.0782828347727127,0.16312492550254284,True
164,0.014654865629365877,0.024938124176969976,0.21346699163516117,0.1034515861197761,0.10103223578739888,0.022295175608408033,0.08870889404865336,0.199593595512169,0.13703475549497526,0.09482377598712236,True
165,0.1330314460146567,0.14364633198848628,0.06352973741846335,0.04865769616158177,0.1097577225112611,0.15358770882619935,0.09789280938157736,0.144424573711089,0.031751748601493254,0.0737202253851917,True
166,0.041472441287382006,0.1365133538658417,0.09563173565897858,0.05680735185592762,0.15855685949417567,0.14705336701298125,0.016919191463497175,0.17348759106924813,0.08670467176638577,0.086853436525582,True
167,0.18381316468167735,0.03735168385151863,0.03879408437741414,0.17984093435780193,0.01086926669077714,0.17499788566435562,0.12627614104618903,0.008171391068539145,0.1846426471731026,0.05524280108862438,True
168,0.0031527189753228625,0.185768073973958,0.012845390205344516,0.18283676186052852,0.0853646258114892,0.16023536633940752,0.12963077552675056,0.07679213234229121,0.01391392199946585,0.14946023296544186,True
169,0.038150098715624456,0.20240291691865717,0.04244553701205644,0.14674162330132992,0.03527643677865507,0.08015821815045084,0.13660089780877188,0.054420666083909844,0.042205197863136534,0.22159840736740785,True
170,0.08006007041479875,0.17351251497743322,0.017028201677658193,0.021897592461670914,0.15649643346501468,0.003551279743167951,0.1492160088125311,0.09490851382118268,0.12994620831272588,0.17338317631381653,True
171,0.056455321427402554,0.045336937237306044,0.19775364452953922,0.1915024326240977,0.02503745928039733,0.11446505481217194,0.1316261018365667,0.08594400802717132,0.07213179268488457,0.07974724754046254,True
172,0.15243470046754334,0.19720437529471171,0.09396916873504281,0.08660043020007945,0.09402845133596988,0.0739035037648748,0.03864939775421335,0.12942857271849367,0.05694592445105389,0.07683547527801712,True
173,0.12164608942368133,0.018376115515359046,0.11907773245416627,0.04755192500485433,0.12973262767818808,0.06348271506354178,0.10113493304831553,0.1829576282868395,0.17968972657140073,0.036350506953653564,True
174,0.11739212094095257,0.03739699791226926,0.05460165676894603,0.010290988525202806,0.09962126980307422,0.11260683223258146,0.05298060013303026,0.13383736363961887,0.1355778489308492,0.24569432111347525,True
175,0.08379864511397596,0.2335954399856149,0.17149844277099754,0.09141841179223548,0.0014972021466896554,0.22843476293402057,0.004820563078340693,0.027347565983017727,0.11024499199039156,0.047343974204715894,True
176,0.11057476234657121,0.026886951845012406,0.07780979004329772,0.06263085581831788,0.010352952277786107,0.1953744872400165,0.04723702779989513,0.15135422945680874,0.17780822510846617,0.13997071806382813,True
177,0.10007130336844063,0.19422367244455888,0.07510791497311732,0.08158356738817886,0.06609987477284152,0.16978947684544188,0.17551590729301908,0.01566254434443143,0.06539007712815736,0.05655566144181304,True
178,0.11391441625535054,0.0002100796931751581,0.20179880582510035,0.07214852679737814,0.03691703251359326,0.17172470503131348,0.17132239227934248,0.05257540057683331,0.1298988746123619,0.04948976641555145,True
179,0.01703575361369656,0.1284537764653153,0.008820616115110532,0.035916241025737004,0.1092521214685066,0.14231430062412642,0.13273624875397275,0.17177669851539862,0.10234109490830832,0.151353148509828,True
180,0.16319203693710027,0.09397128994689419,0.16574212418191814,0.06846414111446297,0.08761663194124225,0.019264620820676658,0.1192747366800021,0.1424319197988039,0.015377536373299265,0.12466496220560018,True
181,0.11845559091454169,0.01030079208787841,0.11910102596479774,0.16034390671295976,0.1011219240227898,0.12472417121916549,0.12095906974792768,0.05757277982860815,0.05341198463334105,0.13400875486799024,True
182,0.011884119663144753,0.06403291512653744,0.17773696195769004,0.18601835779170361,0.09148570130664005,0.09023712987000794,0.03705875863520902,0.16219801806805012,0.08741289401380696,0.09193514356721019,True
183,0.020451117556173126,0.19219356171965826,0.1707277889435258,0.04890678899876947,0.060224467081655096,0.08330617119833124,0.022947422789068035,0.21250886504065009,0.14931168075183537,0.03942213592033349,True
184,0.10472826938116317,0.10104091974006464,0.09667802561517481,0.07191501084533046,0.03747204964104836,0.10257155012261082,0.15887797180976676,0.11452764104843571,0.05999563653208805,0.15219292526431727,True
185,0.1287426805248674,0.021780818500932733,0.055356711231118655,0.020705403273389104,0.22707871726076148,0.16886292537669323,0.04550548486049832,0.00955123765061997,0.254354524529579,0.06806149679154008,True
186,0.057582030372162654,0.09626162242522665,0.10769630140004231,0.09655395237883813,0.03248781429585133,0.1103766054303397,0.08943713046881387,0.1040914662856676,0.15052461433769296,0.1549884626053648,True
187,0.1698332473774843,0.017389619519191584,0.011011580409566306,0.11188567531512952,0.167318359119652,0.12305395481912323,0.1986100835910561,0.04102104328761328,0.1148742873995714,0.04500214916161227,True
188,0.15344907235469132,0.16093877264351994,0.06443030634571854,0.08974950470878731,0.06442367843038528,0.11464847715902426,0.020421873304395582,0.10393609013072642,0.03995471707562591,0.18804750784712548,True
189,0.04005653731332649,0.14535433029266517,0.07052047155546047,0.09111779253405494,0.024825807166895284,0.15843021363319834,0.13699692978741787,0.16421561281947633,0.1596324676890371,0.008849837208467954,True
