ID,strat_res0,strat_res1,strat_res2,strat_res3,strat_res4,strat_res5,strat_res6,strat_res7,strat_res8,strat_res9,alive_at_end
0,0.014469483351040199,0.1709019813631954,0.1036307426961587,0.050163849766189074,0.2355883147489215,0.03559488509805627,0.08998095972524739,0.0028194234422458633,0.19201486705960527,0.10483549274934027,True
1,0.10476543064416899,0.13626741902061798,0.08706296999908363,0.07912649844878203,0.11856445190612687,0.08177780227616867,0.1645683852245088,0.11448660253222254,0.03813537230933557,0.07524506763898492,True
2,0.02193822206101406,0.07487158225965358,0.04166233143231254,0.252543663587271,0.08165550274580813,0.13575871592484393,0.16028551373690011,0.15691356274939464,0.023422719894314915,0.050948185608487115,True
3,0.10391950726830339,0.2190446180243894,0.15234903849807044,0.014370463694167498,0.04894496240251213,0.2265404554103326,0.029744647463215625,0.11717863061294746,0.03867269009377552,0.049234986532285904,True
4,0.03442379242506153,0.10141589511029768,0.1086682361636257,0.09050870841057074,0.11154261430933761,0.05791553849476192,0.1253403748652857,0.09962986504534625,0.13405221865909936,0.13650275651661356,True
5,0.018284385067722952,0.08763819647072935,0.03298108734336909,0.05443353632953522,0.006996016388481811,0.009177502849160529,0.1962688798911463,0.15302154787419184,0.19898730580218124,0.24221154198348174,True
6,0.04205725230044121,0.1045677478369765,0.21498152064297057,0.09238692307522921,0.01809054859505642,0.01357591173874687,0.16281221630440976,0.042284358812838214,0.14204200602648465,0.16720151466684657,True
7,0.0615209612099199,0.022444485725755522,0.19764387129548233,0.10811807476078718,0.03478207242135768,0.01375181547312707,0.06322314842414271,0.19464721630824042,0.16419402431361732,0.13967433006756988,True
8,0.10674758615452846,0.049762169314591105,0.1776797516992046,0.09200339816935081,0.1745792282431783,0.10283931476297527,0.022353072738147392,0.003673441633541719,0.1488969835910009,0.12146505369348139,True
9,0.1626278537474236,0.17777572407373093,0.16213760628774512,0.025615386740540556,0.06416052106831087,0.010569914311117302,0.10973825380277524,0.06476479277609457,0.1346095174759232,0.0880004297163387,True
10,0.13193031144839462,0.21220283606859774,0.05508700915146249,0.00037011652690085013,0.026180942458965843,0.1764280976339645,0.12798211260906045,0.0776725083111555,0.00612912438103757,0.18601694141046052,True
11,0.0120902665994388,0.11241813054221253,0.04628563740486665,0.13796449055906046,0.17363629501982417,0.1328030874894809,0.11865529900972041,0.02189484374352257,0.015146285302987535,0.22910566432888602,True
12,0.0623869709514066,0.1712976598292254,0.1582020166230471,0.2025857127820965,0.1366093815777205,0.05916598082156311,0.005403881461106592,0.04255346676338431,0.11132420932778235,0.050470719862667546,True
13,0.057690608535069424,0.10385946360348015,0.13021769226747715,0.1266554709843695,0.1516382473183678,0.01683083060619812,0.06810745313186788,0.08296577546845703,0.08913771771771153,0.1728967403670013,True
14,0.11184395962075219,0.007388781737204742,0.06187275741958052,0.09948787858083057,0.07603800850428041,0.06866517375467239,0.09635079398162064,0.1960020243810465,0.14766448960125816,0.13468613241875382,True
15,0.07589616607356589,0.056661013958377936,0.1252902193066894,0.16888918757371046,0.11204404287859884,0.17927500812757402,0.02120329902317374,0.013693478419224145,0.20398782694508555,0.043059757693999966,True
16,0.13276213184828958,0.17197179024933756,0.1617577336969618,0.0055161395780801295,0.08101247057072489,0.0961624920258993,0.08667688217174985,0.022032068804420466,0.16479264006598496,0.07731565098855143,True
17,0.0032966826388362547,0.07791783662542923,0.08683029265279736,0.13806537237171462,0.04086496030250094,0.09177892301641752,0.0044443087728513395,0.1890321175439147,0.1721028385922739,0.19566666748326425,True
18,0.163354863500886,0.05186651580345703,0.21374068580274724,0.1435046312669616,0.09117797787041326,0.05277881271292086,0.046598780919952405,0.019525708421384826,0.023134571696323724,0.19431745200495307,True
19,0.12075040404384518,0.05029771106234745,0.1546233906247009,0.15743281396190267,0.08839971172889555,0.13343511298510655,0.025459984518829314,0.09965624279871853,0.15931339878359327,0.010631229492060634,True
20,0.0797692449137245,0.14802766026251943,0.17424132544978727,0.08575603540199146,0.10094142581782492,0.1328801601969985,0.025112452212483767,0.012195067679157935,0.14036488915648637,0.10071173890902585,True
21,0.12677620876571916,0.07484500508701611,0.03981768578113282,0.1385522230616116,0.036688798048923194,0.15097919633639495,0.09482773948201015,0.13142911748118216,0.1369926140948738,0.06909141186113604,True
22,0.1874679762673084,0.11780654457489484,0.12717401012091312,0.01436537479245213,0.11825252397540602,0.06980465198335083,0.14817011810736377,0.14457430683160089,0.051703779493230094,0.020680713853480026,True
23,0.08878482024299451,0.012304706212861812,0.16578178859688691,0.1726351587160726,0.063277680169903,0.06967931304756778,0.12150028658025844,0.06788936717977632,0.11941609335992931,0.11873078589374936,True
24,0.04418859561480862,0.11241525682520817,0.15643446705282815,0.0209721191180158,0.13574915393390893,0.029830363093498923,0.05963970264659944,0.13686456435387298,0.21783035501496006,0.0860754223462989,True
25,0.07578114212470945,0.09079341967993645,0.14146784718745392,0.06835996421170876,0.1740399999167145,0.06031210798894086,0.06729236545183424,0.003985592955201149,0.1563316375155948,0.1616359229679057,True
26,0.06682986704008548,0.14545101384009856,0.16312640161824057,0.12947855578879522,0.007396911794137155,0.11598237362654457,0.1546948295852894,0.03283925588712012,0.033853009005726596,0.1503477818139624,True
27,0.10298544895888719,0.002864773225502578,0.15371289902684698,0.020285291264915323,0.19259793814501083,0.07027204806788985,0.14786429602943665,0.06213462392922039,0.23870115474334164,0.00858152660894848,True
28,0.11277707173707066,0.06752609456707853,0.16498940837868312,0.042919265264227326,0.16453468141140554,0.1679287744478511,0.1595965041186158,0.0018550671159484756,0.027310763309444593,0.09056236964967487,True
29,0.11179427466388558,0.08175655107443273,0.06452299382654107,0.033442870002061656,0.17409444150444137,0.16310902367779778,0.1614080072363447,0.035602265685818424,0.14522700742394432,0.02904256490473241,True
30,0.21477799309245704,0.1745278398274274,0.17239973694747185,0.010106156877041682,0.07839335520309197,0.01641391555262938,0.05065359131018538,0.18779687106304296,0.06317149880736878,0.03175904131928361,True
31,0.08408341680437782,0.12949328811129904,0.1683220139060308,0.04743193219797487,0.1792980830539256,0.10256096642437465,0.06534537826277718,0.04177094646582536,0.021012732221241243,0.1606812425521734,True
32,0.06550022606971165,0.029726638311705068,0.20549159347130525,0.20927153821670372,0.10099050859324195,0.11115986641106392,0.10067278148315777,0.13806291176590355,0.03365624029757016,0.005467695379636948,True
33,0.04121926283074105,0.1468057761818694,0.013420961878667715,0.09528469085572311,0.04582202011763862,0.12938431447879445,0.12425068535842151,0.1607554046468095,0.10283208690421557,0.14022479674711916,True
34,0.1365492220284001,0.028946513032119165,0.16865452591116883,0.13327486275935907,0.09161769803190822,0.08947710890995948,0.0035124744589378875,0.10132696921722505,0.15072338538788638,0.09591724026303572,True
35,0.10575020776950027,0.11141483849468511,0.14292256186264574,0.19139650464845318,0.10519837805796997,0.07506273237112833,0.0632222366719679,0.13714945116159094,0.05618170307140738,0.011701385890651046,True
36,0.1554309899881771,0.033381055916226005,0.03400164148444968,0.10308262290482813,0.1622259271265544,0.1532904825370599,0.0860490277758486,0.1607050412170142,0.0891428438373266,0.02269036721251533,True
37,0.08029983434331413,0.1600864005797602,0.105028981518506,0.09336656658053209,0.11761802768247023,0.1049866071441517,0.008559318859302058,0.1326995009841888,0.12027369049383724,0.07708107181393747,True
38,0.056357662842031586,0.059918550856972425,0.1753473888915369,0.1549560268594222,0.05276769901753306,0.15818294978725664,0.02241905480427162,0.057240257431352436,0.1939554072131869,0.06885500229643633,True
39,0.12333934565575251,0.06842947573629213,0.07619620668325426,0.17367857461122777,0.1763667581728511,0.11120351320033736,0.09981370125985657,0.010986415718945179,0.13981521881304215,0.020170790148441003,True
40,0.18918971846802887,0.03978949111138573,0.02812479828406116,0.19253641688804993,0.0682664584949916,0.12743241864889274,0.17544630635302816,0.10538220455782876,0.019703533102663744,0.05412865409106918,True
41,0.1679323185456682,0.1700203446179346,0.010148598351418812,0.10347865712449751,0.09534587747260664,0.1527200990267703,0.025464808046393114,0.0442241135876834,0.13525832036691104,0.09540686286011633,True
42,0.0934314797614163,0.0781129936755154,0.01950199348864969,0.1718294197006631,0.11372564408333284,0.01674675445016648,0.19628443840593116,0.12746156304688133,0.06659337032043619,0.1163123430670077,True
43,0.1612941030351255,0.14763072675550717,0.11372690329598327,0.09968871128135372,0.02575224334662042,0.05577339442751386,0.07728481961830606,0.14779688188084555,0.021852231665625967,0.14919998469311846,True
44,0.1150991342524861,0.01628434332542168,0.066896812189908,0.025489052600492487,0.06886679483506464,0.0238200849379819,0.29975180938115076,0.11486919772353549,0.08351965702121271,0.18540311373274615,True
45,0.11955397443122007,0.11838861665056563,0.06182748705739168,0.07645863060157697,0.14164459648498462,0.11844400810047964,0.14506691311664532,0.11165533030819708,0.10553462467678117,0.0014258185721578273,True
46,0.0002354643342332981,0.032256059493832756,0.11659754598845308,0.15918453247293857,0.1869488448097198,0.0871857655771722,0.07040910478076638,0.03434173652229781,0.13498254261273898,0.1778584034078472,True
47,0.03511579465648313,0.179539788574661,0.14496706840294127,0.13920973719726148,0.09253256963309645,0.13552701553509855,0.017444562120580813,0.09070348992638043,0.01828437952138259,0.1466755944321143,True
48,0.08372101845538105,0.07811322198386168,0.1748261260962995,0.03253014944326724,0.15883055511206487,0.07575740476140971,0.1086167429676132,0.09419687485907073,0.09034346462089318,0.1030644417001388,True
49,0.10114875044517103,0.08961084902671627,0.19727927194742081,0.009596159283382089,0.012971582069313458,0.14668471315413054,0.05819391762583421,0.16965925409515303,0.10036302630270509,0.11449247605017347,True
50,0.040771790713036896,0.058863593712293424,0.19518175565175244,0.1316844842971973,0.0002744742918393085,0.16982710868197876,0.021230735832975633,0.04128862175515451,0.1961058909716085,0.14477154409216317,True
51,0.01041532083213145,0.09818582511117414,0.03453395256517666,0.10037745207370626,0.10517635419540541,0.1655839342203048,0.09637650061232247,0.15161297847874927,0.10818110536250654,0.12955657654852296,True
52,0.029229620145519847,0.19054471887861635,0.11419270502633982,0.080039104378423,0.09879363052739566,0.17160907701161515,0.004776725597379721,0.16619555607592779,0.014315448811094549,0.13030341354768812,True
53,0.12296379404242297,0.13662860082095452,0.08233580260091515,0.03880264508278216,0.17197788004157116,0.19047081882614986,0.011678115239355488,0.06638088938266073,0.020436881270168322,0.15832457269301972,True
54,0.02940328097600227,0.0417013217276381,0.08722237575813889,0.03480558742306856,0.07326230769567048,0.10313487267335295,0.2495133839322461,0.030191164777533083,0.10972764409611906,0.24103806094023034,True
55,0.08085007276917203,0.15709280595484135,0.06895610897708614,0.12354591022012898,0.097699922607685,0.03347825382844157,0.1670292008683582,0.1415472867549264,0.08047962459961068,0.04932081341974963,True
56,0.005241517735666652,0.1516721284099787,0.13602888325095885,0.11572408020378774,0.09823692139486363,0.16318576003935126,0.05578796022645741,0.04992132135724132,0.014692769778262794,0.20950865760343176,True
57,0.0851000438020124,0.06186871788724449,0.13822644554152852,0.0654402888374547,0.09760481354038066,0.12951390303125376,0.044194158386870346,0.11068510000995291,0.1433866700172006,0.12397985894610168,True
58,0.024310142903429206,0.15175807620959078,0.0873869492499057,0.017786900395918202,0.1452720125046728,0.1778748353077121,0.14909664232623232,0.01871467680711303,0.024420560368958164,0.2033792039264676,True
59,0.09248511917344764,0.21763180196241477,0.12998132099771056,0.17190136554399743,0.06372359147463941,0.11658059185400445,0.021805911596497408,0.13263514814986066,0.019542661914814623,0.03371248733261297,True
60,0.07026139002410267,0.14317627598705843,0.13856048058749668,0.10548191208806039,0.005186453441337972,0.1400944062956942,0.06156696338401081,0.11198158214816493,0.09988531273301493,0.12380522331105898,True
61,0.13217172512030262,0.09431683061532099,0.1489841584710998,0.09447570935317273,0.14624968437756056,0.05197974529781254,0.0014146792860688308,0.10477653059174885,0.19831709201372572,0.027313844873187325,True
62,0.01430867074844426,0.037638960014472325,0.12960528467381208,0.17258994557465732,0.14876299110677052,0.12680378247218138,0.05389103723918832,0.008968088117569023,0.1599670415561194,0.14746419849678538,True
63,0.014605431929419495,0.06188090331353896,0.043929425468438185,0.134300604226146,0.21635734720867372,0.24858943588015234,0.048105353448364335,0.04443352187795475,0.05820702129465963,0.1295909553526525,True
64,0.16805546208104308,0.04227419302688383,0.0731986911545004,0.02477977426801181,0.060996059038008796,0.19888696706485473,0.09359606747196059,0.049944829568609364,0.1520090023129498,0.13625895401317745,True
65,0.07150353104965172,0.13351031448841624,0.0770770022382657,0.028455894280930278,0.08825621640526218,0.17751550016083986,0.1799961525580688,0.0645430481155724,0.12147157571849279,0.05767076498450012,True
66,0.053081162429944866,0.07113500763468095,0.09356739652385315,0.12056968089972518,0.05882996557730431,0.04205237419053844,0.058720257488445796,0.1692081866792642,0.1978825371076845,0.13495343146855862,True
67,0.02958644859825615,0.16818351086399674,0.11842797052986047,0.1226964056202424,0.09794444711769432,0.002618260183217162,0.1711131377052619,0.14091418483574078,0.10192407314010872,0.04659156140562139,True
68,0.016265208467479995,0.1504811310565352,0.05841874022878704,0.09534427372102665,0.13218162547304488,0.18926634700704661,0.0004731037083894727,0.02334623869095056,0.24454193583607325,0.08968139581066632,True
69,0.16949180207155298,0.029353011256134244,0.01048769931545422,0.13113758069828002,0.05936003786057934,0.03174656634322304,0.17732455923680127,0.12820635909016284,0.1394234913298785,0.12346889279793337,True
70,0.018426030995816713,0.13089770726589664,0.03743567253680489,0.12493372234390718,0.1525950739561758,0.15581761363092309,0.047732441726168244,0.054570087219901954,0.11749100956354933,0.16010064076085612,True
71,0.09311156670914787,0.03029204395261554,0.09904671516726118,0.17427569795524267,0.20217275987590153,0.15755417117202328,0.05920739536715607,0.08201466583693194,0.08643500838933028,0.015889975574389644,True
72,0.11561397082115649,0.08849050004836036,0.03550362243954385,0.10971652769236563,0.12259605260333722,0.01604323523988782,0.0622115755332876,0.13648397218899683,0.12512518719646593,0.18821535623659835,True
73,0.06373927227075465,0.12645150412358952,0.08992144063026442,0.0752735552435734,0.049646463574299644,0.21171613432416497,0.10568403599897924,0.21139105798315527,0.046269903819485765,0.019906632031733106,True
74,0.11751060375723948,0.07014243543464893,0.17451700966191044,0.09010403723499505,0.132250520317205,0.042480546254227244,0.06044547932944234,0.09693186951310039,0.0989653153387593,0.11665218315847177,True
75,0.03200080984338076,0.04139911563329536,0.12787513749011667,0.1383493271006773,0.35874800483630853,0.01284839721761412,0.046684413817373,0.1129608720277289,0.0016333943430946983,0.1275005276904107,True
76,0.0826128898142489,0.18813606896693172,0.0996042835360975,0.2014938289080553,0.06310934727497253,0.02833639759731322,0.09370335316995998,0.1471438853653694,0.00381575267226596,0.09204419269478557,True
77,0.11539055067149522,0.14089832603839725,0.10860181003239022,0.06445745375446349,0.018005294831477125,0.15557227214219152,0.09915683300832381,0.190279533834846,0.09524739165341574,0.012390534032999542,True
78,0.17959604889476047,0.04110826438136872,0.1824420465418267,0.02252505742508448,0.12002387942167593,0.1047862576998928,0.07954017871762827,0.10715959028564355,0.11379670106610354,0.04902197556601539,True
79,0.27112683985548164,0.23941480674454418,0.12305777213680227,0.09480381747540308,0.12407730415224032,0.0017169419486433297,0.009017246981764045,0.029836527825528387,0.016834271992746,0.09011447088684675,True
80,0.015624543487418832,0.1536338217648049,0.09219666933833592,0.15653160839274274,0.15015513543644787,0.19918758052059815,0.009708159748302978,0.017881174492906698,0.05117615669785785,0.15390515012058392,True
81,0.20853653370890263,0.031171340160276822,0.18099147926585257,0.0006021370308194218,0.023439837903236397,0.022878217889448934,0.17857260073793288,0.049976473071672765,0.1916867202419645,0.11214465998989304,True
82,0.0981750326791571,0.05652968470136207,0.1701814686930541,0.16851097777845772,0.07119047548499817,0.022528366789608695,0.006842199280868786,0.1467705048739411,0.11016110223027384,0.14911018748827845,True
83,0.1602101111891097,0.15084019983315158,0.21543261225052782,0.0037092160782844948,0.13913914014121287,0.010612029101285916,0.006434990865996653,0.11118288534319455,0.18685254412856073,0.015586271068675685,True
84,0.14482618939879582,0.19672178050146477,0.0021384860751564438,5.0367003654257446e-05,0.10447589815015303,0.08712986404855909,0.04264988543757756,0.10632489186834773,0.16368551464899408,0.15199712286729716,True
85,0.10578006844104265,0.03128095825648577,0.02297529827913608,0.08760175316124703,0.08979218615931435,0.1164566172337063,0.19369806276955961,0.13784499626516009,0.12840781490904507,0.08616224452530306,True
86,0.1829216321895196,0.054324726310769934,0.06306185685406403,0.11468251908938912,0.054483067410969095,0.09393830910428769,0.09489675889763179,0.14987942936273238,0.09726809416306108,0.0945436066175752,True
87,0.028828467055207262,0.13068117000522184,0.18422395496777808,0.0628617310235476,0.025071772796780058,0.0930454917364041,0.11106520606129468,0.18515947599571803,0.0022189590813036153,0.17684377127674464,True
88,0.14814532636018551,0.06951129140386465,0.06530686186237177,0.19549377871823345,0.10934080098500062,0.14311239174523188,0.10583950975294792,0.007402124604796618,0.04580697617095227,0.11004093839641531,True
89,0.13779581361310808,0.01613604987211181,0.18981339022277607,0.09699409468810816,0.13533686200161982,0.13468695434678668,0.003688951178547167,0.10566390082133396,0.027518465415141215,0.15236551784046712,True
90,0.18912357067181282,0.13106546061880056,0.01697940097000681,0.07808206141842887,0.09674517074665735,0.04269704300703073,0.14764873719063315,0.13914111047844976,0.028343910879936363,0.13017353401824358,True
91,0.16136120780545835,0.011167244954082983,0.07297061136380442,0.10716108672239068,0.21230099599019003,0.09594395858054929,0.04249875761553961,0.19906720339366993,0.08607149104738662,0.01145744252692792,True
92,0.10857647569869207,0.15938563295267721,0.05351774390163838,0.005530530309008594,0.0216225125231404,0.17445639816888606,0.13072960673149767,0.07604954158170854,0.11372990868854377,0.1564016494442072,True
93,0.16910176798718696,0.1758381429956148,0.031411379010061316,0.1695474092747779,0.1365236048102298,0.18442742419650746,0.08477102265703008,0.015998335093522848,0.015661373015468,0.016719540959600557,True
94,0.09785020147461858,0.01312305935260742,0.15606338106559953,0.053480885625839206,0.14876262022603443,0.1032849554687914,0.06635043750489601,0.10989460894392858,0.06132764542419827,0.18986220491348665,True
95,0.16546300798656746,0.10421409392798726,0.08854092347774303,0.04515652897528052,0.011038093267048497,0.06842900479039986,0.1403916296164734,0.1184831157041305,0.16728495388024636,0.09099864837412312,True
96,0.11162347430596914,0.04022832293723896,0.12079127402500606,0.10093510658620387,0.12202298817726248,0.08973181461906972,0.1168654414347966,0.11280508769254163,0.06653740139290473,0.11845908882900694,True
97,0.07200575825803335,0.14836563506107428,0.14218449802257505,0.04149772538391682,0.0365357681832521,0.16665822995568932,0.0667496059795871,0.0402294628194652,0.16583001532634847,0.11994330101005818,True
98,0.1363869083557981,0.08373901107886918,0.034745496257792705,0.17848328381714038,0.1118724342271295,0.1574187721848919,0.010958776129447964,0.08565957784668385,0.17789022864833043,0.02284551145391591,True
99,0.1889139227815943,0.019471644486713777,0.09188811177196891,0.1351574916677042,0.040940832716969994,0.1716583889133404,0.020805658087628173,0.1792510908749467,0.13208136910920054,0.01983148958993299,True
100,0.025029724343061003,0.1233691070540254,0.09012931752810587,0.08108556073096924,0.056304554820396494,0.11692161546383205,0.10333218328309939,0.183107928436147,0.02352491805660887,0.19719509028375468,True
101,0.06779371162147328,0.145758178128713,0.07460600248954738,0.15462260681992268,0.07929039394530442,0.16207725652543564,0.008334163436173835,0.004780807527040497,0.1408796202455174,0.16185725926087194,True
102,0.1378172483239399,0.02246882870375436,0.009115382300804414,0.04564060353024453,0.03929575117283474,0.1870378542814558,0.0717778987544731,0.19082435770364206,0.2217283549605019,0.07429372026834927,True
103,0.16229661167156265,0.16715793547867716,0.02307520092694464,0.15392070373218295,0.030117197923617695,0.15742243170574802,0.08997130430200181,0.1306195875836347,0.016771957901382136,0.06864706877424825,True
104,0.02133638335695875,0.02721503453971768,0.19237076969128852,0.18638685874698685,0.015617562132517367,0.11578531058599478,0.11505497004649756,0.043620690474482644,0.14441869993697246,0.1381937204885834,True
105,0.06916174916070567,0.1031690730079275,0.017518403625080944,0.11576525714397431,0.14966425605041836,0.059204181433118605,0.15973124319706777,0.14957550579481216,0.07114815492256092,0.10506217566433369,True
106,0.11239519757557523,0.0466963040755691,0.15167718598763716,0.09726076732618089,0.1506570963837065,0.06349805826315708,0.0015797952435606805,0.1013447731821087,0.12092322231753992,0.15396759964496484,True
107,0.037549281483379146,0.0390698086268042,0.10740623953139429,0.17487090593734558,0.10450607847474835,0.059097880498417514,0.12032290168748215,0.1663406818067976,0.07350219394974893,0.11733402800388222,True
108,0.07363398931228494,0.01074661005090033,0.1941169269834248,0.1904321373233799,0.2346894260685443,0.013763623560236244,0.11352670923999106,0.10430397218279018,0.02481470595592572,0.039971899322522444,True
109,0.17459762123112266,0.060272374404269725,0.06279632589670059,0.040933417147513355,0.11802452508761059,0.07113323300817095,0.2264435739264983,0.07464490245330009,0.17065013862335496,0.00050388822145877,True
110,0.13270396010079014,0.11529390785275409,0.03011873959606502,0.02116826808092999,0.07961208379244554,0.1795573862751086,0.05940373762949102,0.02388629004340682,0.1553645004831361,0.20289112614587265,True
111,0.20438965192909705,0.20253593527943528,0.05320877392493223,0.05602322007693322,0.0522493017465162,0.1928422298125773,0.03072023002699464,0.03752254235436288,0.12482733016749434,0.045680784681656865,True
112,0.1330361525980577,0.010649961473272324,0.09287363628175793,0.0764112122003325,0.1195205707819706,0.09085763457081074,0.1616559233689196,0.06231867057856615,0.14067756375062734,0.11199867439568506,True
113,0.07594694041847613,0.1271332420430642,0.04853072889766245,0.14514642467543917,0.12362182717389969,0.08789450647712839,0.14663362243430114,0.055618248015259684,0.06754568985523073,0.12192877000953851,True
114,0.04830765393524189,0.04446868714358604,0.02342744693898645,0.09637085649506624,0.0950796326723637,0.14582174590548083,0.10434329711430781,0.1569327214841691,0.14651815420703956,0.13872980410375843,True
115,0.008907023410570198,0.212287618789729,0.2602160274868059,0.135446894181673,0.011449978920813156,0.05326350740328583,0.025857769544585994,0.10864331529923696,0.054381745644842876,0.12954611931845705,True
116,0.13474575814797382,0.1662641776371889,0.1312828028171042,0.06620032375864165,0.033419309537352324,0.04875122017804715,0.13534474158554385,0.14345399002012868,0.08973365468517328,0.050804021632846016,True
117,0.03576150487630139,0.09785988054941393,0.1261605640564007,0.16067498693297563,0.029562585339853207,0.018157904817146905,0.2028087678272929,0.023314810794053082,0.1339433498239669,0.17175564498259543,True
118,0.11850825413601591,0.09523990073866202,0.0879684596956879,0.04269609623386077,0.12400040728582884,0.077862611051774,0.1104187879959063,0.11004148261611724,0.11527010169272893,0.11799389855341814,True
119,0.1435073480911925,0.10416983573387391,0.12362778372184687,0.08283916164460119,0.09622238902102206,0.09176154930913452,0.08058745864994567,0.1265553613968684,0.01769443565454324,0.13303467677697173,True
120,0.15764647046168462,0.13735922590820576,0.09430385970381144,0.12909903736610118,0.024501009852696744,0.060643228802921445,0.13358265758180737,0.029403901918618757,0.12256684070255161,0.1108937677016009,True
121,0.1402172079326815,0.06395514147211293,0.02434967107177647,0.03118731487468538,0.19091828317718426,0.0880709537786705,0.08215862509336747,0.15921910197491862,0.21979595913937391,0.0001277414852290016,True
122,0.1073318555456063,0.077587950988698,0.15780065678515814,0.11443267279789693,0.04423702485684041,0.044272741613913126,0.1341065808301037,0.023937982397972617,0.12554832353158812,0.17074421065222278,True
123,0.06015637547074144,0.06415496657238764,0.16015701904299084,0.08506164014846739,0.14457251108405023,0.022662066166167973,0.08071947314372399,0.11088791639785885,0.13462315755774343,0.137004874415868,True
124,0.14821572647676226,0.053067900665994955,0.06574834431061757,0.0693138815840838,0.1104598344599805,0.09281175681354312,0.12577048755576367,0.15472468547171678,0.1353536159493552,0.04453376671218217,True
125,0.0695992171390231,0.02446073714375465,0.13026604039234566,0.11747030892378131,0.15100647201987694,0.12774561678212723,0.1322059221258431,0.011432203966416072,0.14038384568870188,0.09542963581813015,True
126,0.1296325799569584,0.16318347069434266,0.040620194006955296,0.1460720097016128,0.051021013595141815,0.09618321416826406,0.022595516922572664,0.17034873554123559,0.03840726384235477,0.14193600157056205,True
127,0.006729260054338284,0.08483320995533807,0.12354355795543573,0.24384894381650696,0.13065180137036395,0.14282044310941833,0.03987252645523249,0.10146789684999455,0.11568304154208571,0.01054931889128589,True
128,0.010972395007577554,0.08874309248006286,0.10740789852319423,0.15325385246252443,0.05251508720367347,0.12754002218314242,0.1448794292318701,0.1257706903046785,0.11065576455854421,0.07826176804473228,True
129,0.027419304775452763,0.019472531419950607,0.15581551900418397,0.1104580355321859,0.17777343728541206,0.1529110169815529,0.10128120749532492,0.07429727519657876,0.09732867733343274,0.08324299497592552,True
130,0.14627842209152966,0.18468273493437357,0.11350856390070621,0.18276157052215883,0.1472612743945325,0.021233044098035708,0.0411960447231293,0.021915950701246592,0.10271126996688063,0.038451124667407174,True
131,0.1900417754121727,0.008704007441410267,0.13245409054688576,0.039368038631472625,0.05187783767985083,0.10371587488958929,0.09836352438609572,0.09045306954963214,0.08006138439951963,0.20496039706337119,True
132,0.10071264969690792,0.015143506861843006,0.16187997607123228,0.1369091741720386,0.15399517992451803,0.048606873302623636,0.10767009957361678,0.08880866014783,0.1372357276168002,0.049038152632589614,True
133,0.18012792802630612,0.1037357224870919,0.08380006395077412,0.050448393242803494,0.16385514772711374,0.00849188864157796,0.16608189697694273,0.009562768629779962,0.1308851032037462,0.1030110871138638,True
134,0.15632793200902884,0.16154494492036173,0.00812858294315477,0.17994707648711397,0.06292659166016283,0.147634447316644,0.1525284566896093,0.08429328083530316,0.004955220758568943,0.04171346638005247,True
135,0.07822795770003231,0.0740532363034155,0.02978051567024761,0.16163192175457472,0.20390986950610215,0.09312617060564057,0.03962945357670642,0.004680361794597352,0.2075696678419558,0.10739084524672748,True
136,0.1272505181661868,0.11198184225868069,0.030083241232741417,0.13966215596894863,0.1321713620213741,0.14537035049423067,0.13473225034073638,0.04026869493723405,0.12384880366760162,0.014630780912265636,True
137,0.08520626016982683,0.08709227017398893,0.10608805376771127,0.09906131607020868,0.09373939946335694,0.1260532923665668,0.13839914931394107,0.0876053726711233,0.02730508844291092,0.14944979756036522,True
138,0.0217738935662328,0.13257392451001168,0.11424796096650461,0.13890635396775033,0.10318833720001681,0.1086998741483866,0.10461983453957682,0.14526961891131318,0.04970314380813808,0.08101705838206913,True
139,0.07568016945683247,0.1588054086025642,0.09850254872317489,0.09802880333110799,0.13191210435452194,0.008021813680980379,0.08733307349665166,0.14637522678988665,0.049112929512939385,0.1462279220513405,True
140,0.1259201320095224,0.22168124444310144,0.05537011681517055,0.20111385879550814,0.04518440713087835,0.007979981905492773,0.04636855550693322,0.08918085538073679,0.15731414147170422,0.04988670654095205,True
141,0.05913294681960946,0.06337824615913375,0.014191611288671498,0.21813649196829474,0.1854029261092835,0.12101784133615544,0.007627166903453209,0.13362924001135085,0.04775543162627574,0.1497280977777719,True
142,0.13453540646155515,0.06227697408897937,0.0037179206553889974,0.17209393431327688,0.06792254057903792,0.09616827822101995,0.14443955987534002,0.1301380291077064,0.06215642755508531,0.12655092914260999,True
143,0.20118248080695453,0.045450759502780616,0.14840624948104056,0.045135348279859565,0.1708973915291947,0.023968335909574257,0.06812643322137608,0.22319527731276942,0.07363612160805509,1.6023483952194343e-06,True
144,0.019651677220065788,0.15269199680881648,0.07392959874563515,0.15323991081018382,0.14748650122067433,0.14563631369940175,0.10752888027333217,0.11852101547371116,0.0741233244471028,0.00719078130107648,True
145,0.08205239364034368,0.017319267196733674,0.09048193790742477,0.06380999610744498,0.21923585283363187,0.1798781553553182,0.13110702251946602,0.09284449974961799,0.12132550293682474,0.0019453717531941802,True
146,0.010167068172020444,0.03356569468561125,0.1672491479815193,0.10978335078118893,0.22679510771408473,0.015812764203209435,0.0516085164465844,0.06577822753173557,0.22984714554577584,0.08939297693827009,True
147,0.09466951866554761,0.09102831473790966,0.0874257169228717,0.10715877943622809,0.08869450264146307,0.03544915585827782,0.17029512859607507,0.09374543240451433,0.11201087064118528,0.11952258009592746,True
148,0.011096462740756038,0.19801163373655808,0.05576742829008558,0.11641932324584374,0.08857602545094086,0.09313617091943507,0.11180938373233104,0.18536085193055427,0.11148502216425987,0.02833769778923554,True
149,0.15375299597229466,0.04588332621070662,0.11404158398784613,0.05246240762015148,0.14269884363798482,0.11387228685570545,0.14779210600090606,0.016354149105254623,0.13998083723368107,0.07316146337546904,True
150,0.0016923630189784405,0.1719887019201587,0.13604606456989085,0.032640096641955677,0.0624646694873471,0.19025041910075138,0.054850586694025635,0.17942797411250608,0.13182637241540132,0.03881275203898461,True
151,0.06158183026261964,0.19265624781940663,0.03855384952573822,0.11197045379765165,0.16663751923647496,0.10378627133322502,0.06510627894447797,0.0712024644168401,0.08459124034004563,0.10391384432352033,True
152,0.05956892130268762,0.15441140782646257,0.007814247128286808,0.11658020394182149,0.16704600843790818,0.009462588396579132,0.16190853751827947,0.029879400467304067,0.2597016419185985,0.03362704306207216,True
153,0.20325268857773085,0.09182951040862124,0.115423583926182,0.10025854428124492,0.09544470267796866,0.038666010139250875,0.14455544408122428,0.17797712415191777,0.019697110177429582,0.012895281578429885,True
154,0.03635982996602953,0.016868637246273854,0.0485402183767573,0.023931621568436697,0.16034405160766313,0.1485954386976969,0.13200461814116946,0.11186467270803492,0.15500752262200845,0.1664833890659298,True
155,0.03153219923544042,0.0784566863492872,0.1479978493172857,0.006270563568101685,0.21045749828913976,0.16581906011176897,0.160804760339248,0.13078321172805502,0.05372486582526101,0.014153305236412141,True
156,0.2092339298460254,0.03994040740666615,0.24143782632854927,0.0017643215211790532,0.019837683419316007,0.08764428244820233,0.0979619877531992,0.0860007809790091,0.09770618558809055,0.11847259470976294,True
157,0.07465301600485376,0.17259614302148601,0.145220941407124,0.1886811559233878,0.1981118869609532,0.004156155480380506,0.11064706113816294,0.06494580039696243,0.012466075161258186,0.02852176450543105,True
158,0.11486534549132725,0.08359849897256631,0.07256438691512418,0.08220898480466247,0.015474424876718677,0.13786413825164276,0.18548939865456465,0.11435417425886549,0.08769773963964314,0.10588290813488517,True
159,0.0036020947342973644,0.015285016050888669,0.120286307910449,0.1658221136948376,0.03998856593758581,0.14244559183337774,0.16925918282283664,0.08668540023786064,0.08087024857555022,0.17575547820231613,True
160,0.11982817879162283,0.044289745146218536,0.009189640177663737,0.1312828664439453,0.13863035700890275,0.07538162889194282,0.08626230679916101,0.1930936169826964,0.1505682377995056,0.05147342195834104,True
161,0.07253818247267244,0.11926063586431529,0.004641354859940474,0.02930842139423547,0.24485897083863445,0.015351585999146718,0.054838805946979194,0.16755361976125205,0.02653525531191269,0.2651131675509113,True
162,0.030204213173836942,0.12330924073667987,0.0796896958114363,0.16455476338128563,0.14206664599502067,0.09430083977506161,0.08022062222868923,0.035468669458234243,0.11446424950408862,0.1357210599356668,True
163,0.026466393874362094,0.02070104585659241,0.19483843751621455,0.06892885536566344,0.09535679458060632,0.17484890108436763,0.023813111237974284,0.1316785056261182,0.1398604258019356,0.12350752905616565,True
164,0.07753811776928476,0.22888202384154555,0.08908523511848632,0.05887164264867807,0.04860305817001775,0.05329546505756877,0.19710832647697824,0.14970862211324384,0.0351316007001343,0.06177590810406232,True
165,0.13790996698465852,0.04203974431531228,0.14143575456411364,0.1652133544852269,0.06102712268635004,0.06651808843172427,0.08599765938926637,0.10259008442139057,0.08936231756949867,0.10790590715245882,True
166,0.11547260505037152,0.05508748601213505,0.2198045226131513,0.18564826419844832,0.16405724703860747,0.04810804142679841,0.014175195212014486,0.10278145584640422,0.08132750612423141,0.01353767647783787,True
167,0.06800238924882236,0.016242241993067518,0.1717294043315923,0.011377535470642765,0.21640132016445063,0.01600468434601506,0.051873897148846736,0.183154336189784,0.1568282556356775,0.10838593547110123,True
168,0.02215394655015586,0.0819296499304089,0.12114366862404854,0.11525059035111175,0.15354949272809615,0.10917996130332949,0.14790017734813093,0.12984615032270283,0.03202941032667122,0.0870169525153444,True
169,0.06362201532397208,0.14279790334816395,0.13318504433421235,0.052373852471207016,0.13682475413956818,0.1506940558918644,0.1735998181789434,0.02049782320458369,0.020817568257585968,0.10558716484989902,True
170,0.011207012443510299,0.15426153918639626,0.03149883975270523,0.14214628355003375,0.1616274672133972,0.09521488407492475,0.059570372003625575,0.07925837400907464,0.09677432019174406,0.1684409075745882,True
171,0.12118689284688056,0.07831642608646544,0.08514469342103817,0.062266232402829344,0.05565199343467559,0.03360185471222069,0.13045992496225303,0.2211934887868939,0.2075022129924351,0.004676280354308341,True
172,0.14920641614646937,0.14260657574485183,0.1555814039311265,0.01272466673701584,0.1351074556858423,0.15392044308901168,0.07893641768760835,0.025257588027814675,0.11625136327739621,0.03040766967286313,True
173,0.20862546811877994,0.19620497942854923,0.17544598834501302,0.06245999182234381,0.010516777191704244,0.06193809655107988,0.08102605362832276,0.004620049496108325,0.0028279187191167284,0.19633467669898205,True
174,0.006770068285468963,0.11551767886083496,0.09703719652480854,0.172776653324999,0.15499934521363667,0.15241493989869434,0.0415740290363524,0.1935774396319945,0.003210401468531491,0.06212224775467901,True
175,0.10102270689598672,0.19188068709642012,0.07435979373792678,0.07490195089785436,0.009716414359476996,0.1822077117862112,0.13502555676733313,0.019842192877680128,0.12800394110933144,0.08303904447177916,True
176,0.13337335882747067,0.1400166601072271,0.10902989243416218,0.12870697685608662,0.16119126745803034,0.06377678639804554,0.03001090729700012,0.106947066423702,0.02914456782241084,0.09780251637586448,True
177,0.1031583963511652,0.18259156742556382,0.07526478256745457,0.03300924382333979,0.09915887018396062,0.03702292501237573,0.14055983261089852,0.16290595042165776,0.005945756272538712,0.16038267533104522,True
178,0.10689570571968238,0.1333543488219387,0.14633927461362833,0.17357325817401306,0.06006948600769067,0.05530897432707355,0.06961040741126996,0.049854617587828304,0.11772153685606049,0.08727239048081453,True
179,0.035649499011966325,0.13767201733973675,0.09853226316800111,0.04748289803629542,0.12791671770462865,0.09659013362346577,0.12627223457608233,0.07915481853627927,0.11717365418758753,0.13355576381595682,True
180,0.08273813276657377,0.043263707362524856,0.08901266663225699,0.014714376988097834,0.17899943018882045,0.036615731533346775,0.20188945992483137,0.12270616200144906,0.1134431081320337,0.11661722447006516,True
181,0.2232842764482513,0.028579608461733696,0.19694713990615278,0.21845212814536877,0.009245298765863937,0.03504414113021172,0.21274639281386468,0.0018420274310682874,0.004379337859589184,0.06947964903789558,True
182,0.048813316661377504,0.16124302795845863,0.08773453623151409,0.20333462422160914,0.13796403483576694,0.025193520070283984,0.12068114590697426,0.06601121034323773,0.1202590900672037,0.028765493703574115,True
183,0.023264957986408704,0.09454605668144611,0.24078244361627635,0.0575216126589306,0.2225210302857134,0.16712060716049376,0.042952566493562536,0.07675353785744936,0.030715687047596887,0.043821500212122264,True
184,0.13134152764103046,0.11644600813900584,0.09383279790360634,0.17839416458379148,0.12298215596824451,0.18984207293992816,0.000914702384542322,0.10879684575956294,0.01616165792871705,0.041288066751570894,True
185,0.047685407282164964,0.09402133437536006,0.0035206057334552132,0.08840507467271207,0.15425125953938656,0.13424786573379383,0.057717189505368756,0.05783629711316544,0.1826664230953696,0.17964854294922356,True
186,0.10907683122534735,0.14352766072027054,0.15893993482864138,0.18031632768694345,0.17609418497802032,0.06617950001391953,0.044142838991971085,0.08812128009298345,0.029088618241263166,0.004512823220639662,True
187,0.2090749591816429,0.007972670955925973,0.19017657879704006,0.0879242357733554,0.040330308805266286,0.05628539849443118,0.11889535796725705,0.11884736131210719,0.08466517550954208,0.0858279532034318,True
188,0.13404188069395773,0.16339151985070477,0.09613932318147818,0.09231896204016966,0.1733038526332033,0.009482172308003259,0.17287996640818043,0.03186754861788494,0.006246922520661318,0.12032785174575641,True
189,0.1460806853473679,0.1754837335851585,0.03348879294835332,0.10739708824757004,0.18809620718565645,0.14110251527978024,0.004706407469403351,0.14116117382556714,0.02236726832439692,0.04011612778674603,True
