ID,strat_res0,strat_res1,strat_res2,strat_res3,strat_res4,strat_res5,strat_res6,strat_res7,strat_res8,strat_res9,alive_at_end
0,0.04246534226578829,0.010016281519144101,0.06118480637746662,0.028131348930992756,0.20984920488529082,0.1544366158962004,0.10289899168925144,0.0834924516965823,0.16767839190651695,0.13984656483276633,True
1,0.12960279015861054,0.10945573662033667,0.10023858156876757,0.1751146651406826,0.14300400172458283,0.012031586260526902,0.21693547978505553,0.04232924154775449,0.008746644302966124,0.06254127289071681,True
2,0.12775756413358874,0.06648666234428828,0.06827204496810299,0.02059318438726821,0.15382772075401557,0.09336421979230176,0.06848724082240637,0.12358927670312954,0.15226734600019967,0.12535474009469882,True
3,0.12714446269838003,0.0999541626067473,0.06907613192921283,0.05303484685247845,0.07567536178891315,0.16866143132707673,0.1727315223850957,0.1783995192523847,0.03197069411613461,0.023351867043576575,True
4,0.051670846816674935,0.014434386755435718,0.12078758380671234,0.10386202198369371,0.04303660323902732,0.06739688739897882,0.12198028088228674,0.21070408588963918,0.1416771590151661,0.12445014421238515,True
5,0.05026551046978268,0.050020686455768515,0.15276334538156397,0.046082893222216134,0.06577497266181899,0.1493647024579471,0.08260176815431254,0.2215355582912684,0.06455990269598365,0.11703066020933794,True
6,0.13496510109616314,0.12780707267725572,0.13621933027378835,0.11243510179156002,0.13917510265093402,0.1397302453972692,0.0862415748436327,0.01484122608366106,0.0860311499007525,0.02255409528498343,True
7,0.06385442800319069,0.14829503184291692,0.06461558474245489,0.007304826623859241,0.11428362099151805,0.12872096297583566,0.11261199793005236,0.1420074706580652,0.09769840635591082,0.12060766987619627,True
8,0.08881602670880305,0.4160277431903833,0.164899625492809,0.009588502865785786,0.05850326748339226,0.0914590076881832,0.015220250113907978,0.06570882128346414,0.01779137492597326,0.07198538024729809,True
9,0.1405843481969517,0.00013875132451682048,0.13569424682032113,0.015952927520075502,0.12380332802504725,0.08734149943943596,0.09564941462912352,0.15820898037657544,0.10900136562861203,0.13362513803934073,True
10,0.21590230813802308,0.06759559392803327,0.06367817996678066,0.011244003205400671,0.1531534276930464,0.20942763257804706,0.02068265482317164,0.18206669123329755,0.05915737174542482,0.017092136688774802,True
11,0.15086442139987374,0.10690312691059767,0.056814245570541336,0.09682181315620497,0.13490737000161343,0.010663153952296098,0.05284554799993259,0.07581398255104674,0.16156673438928884,0.1527996040686045,True
12,0.05551349261813878,0.1211685542233951,0.1559748337518875,0.12413907879772909,0.15008297428391815,0.0563350134790009,0.1460815160475609,0.06011231386604523,0.02853712258957769,0.10205510034274656,True
13,0.03936897407765793,0.10223178170830464,0.19093989181459467,0.03230560831392769,0.008821038463935156,0.25387104680416067,0.027128573708768613,0.05657480484622132,0.05810446295886163,0.23065381730356765,True
14,0.05779809193308457,0.13178836767830895,0.028044474114802785,0.10010795863480426,0.056360078438629,0.10391606004222963,0.12006380277915947,0.15776433438399917,0.10796548243945486,0.13619134955552725,True
15,0.1032595041206586,0.15207597631631425,0.00043417653295535296,0.014556995611093998,0.023593259011971467,0.09913481440544826,0.17344937182779846,0.07668953287100713,0.15287446115880407,0.20393190814394843,True
16,0.04931155292773615,0.10391049588874615,0.1263175886224739,0.1425190671636808,0.14413385351794966,0.0038263032553729533,0.11454029887247041,0.11231650079470377,0.14012267016343669,0.06300166879342967,True
17,0.13911409101752897,0.02053124252887401,0.06630131670923028,0.15077299111121453,0.20376188680937146,0.027294561656283314,0.018702998601107638,0.00967383472411976,0.16550203800556446,0.19834503883670554,True
18,0.035815132276337654,0.0732759296258635,0.157255645145461,0.2118836753360991,0.039338708379737186,0.17156639189820955,0.12820173769692994,0.1385094805691692,0.03238083168764961,0.01177246738454321,True
19,0.11760794253151192,0.055711628847698445,0.040554411854944905,0.1996964561994887,0.26225475160929057,0.08576807051983999,0.030582690094150777,0.054080766682952176,0.0752971247703265,0.07844615688979593,True
20,0.13952798617096415,0.12275650564652141,0.09892428455270888,0.14362349752440812,0.04730652977058339,0.005006376109758911,0.13272442421907094,0.06716277933359933,0.0797046302903052,0.16326298638207984,True
21,0.22475781538230108,0.0424805771585441,0.005252981192583949,0.18628105851473173,0.1891251841891148,0.05144280244544979,0.08767087407243902,0.05691502773687394,0.09556974391094863,0.0605039353970128,True
22,0.14235205645954602,0.09652931667869553,0.16651291609773253,0.1122811227145146,0.0371833491447831,0.03938394462054939,0.12534495932551043,0.12134980454771423,0.013350012855927629,0.14571251755502665,True
23,0.08560524335047061,0.16881299208324824,0.04635696611502646,0.073543417950573,0.005111063016155562,0.062264579410524434,0.21618986164129608,0.1923883716399018,0.10582436230485151,0.04390314248795241,True
24,0.007379980725990727,0.15062718599911826,0.1335261630733695,0.05247760505242279,0.18348289587623123,0.07484323981398275,0.12473691506565707,0.1425341808384665,0.036608257857361735,0.09378357569739935,True
25,0.08698520118984437,0.03657679298466809,0.09991918691271336,0.1868613401389101,0.16413348920110774,0.08367405095501097,0.07726209391658664,0.06007392627659624,0.16213476013074615,0.042379158293816305,True
26,0.024703542151949233,0.22605784296833284,0.27836935753767406,0.11884092519671313,0.02511044659566331,0.05039451608275095,0.02109491061791836,0.003435113351921305,0.04763740879517622,0.20435593670190041,True
27,0.08873687231010327,0.16005859680138027,0.12692013568375665,0.05858645671916043,0.051698838810578525,0.16742064362361467,0.09371466748707413,0.0781246123067499,0.16312119292125812,0.011617983336324137,True
28,0.10257087999293665,0.0667788518133663,0.07153356793760002,0.06641818679812951,0.10017192650641002,0.10473489761932202,0.04529730014871075,0.0420546434296019,0.21757170063620862,0.1828680451177142,True
29,0.1349309543617428,0.20494755343676457,0.19248518892007205,0.0034684798474256787,0.10704451221353825,0.0723530880981896,0.008060499178498052,0.0003237315738954611,0.1735840785775171,0.10280191379235631,True
30,0.22826165310240198,0.02745143238680177,0.07788586128923862,0.010554355356536144,0.10989173520967112,0.04904355286167622,0.20843535147587045,0.008948610854573609,0.1573032861780237,0.12222416128520645,True
31,0.02841861955669395,0.06945335375075305,0.025281313559761976,0.07107383731477492,0.1737400138641527,0.012715758045205942,0.1883926781571235,0.16247874507086654,0.21837918559839276,0.050066495082274697,True
32,0.15006226454679175,0.008682402184561592,0.0949229869777343,0.17495102372211846,0.051057148606410405,0.14793499272135774,0.04390929823788386,0.15448172207551197,0.02362846636515239,0.1503696945624776,True
33,0.07775744634739443,0.13557044930346263,0.08339761321690999,0.17000937156335352,0.06046544040327085,0.11061235911774604,0.05867445530316943,0.18266615835248567,0.013201463726947658,0.10764524266525997,True
34,0.1281641456847268,0.08502201076739298,0.026714316457167816,0.22568214605799727,0.08170105461713334,0.16486014700732984,0.02132399788639719,0.17715939845217404,0.08923214236503209,0.00014064070464849763,True
35,0.17865427610722462,0.07765510395914486,0.1387257960554396,0.03508936343649053,0.06982168349235479,0.12190505751576904,0.030180422571413734,0.06567125641558029,0.13474766061686747,0.14754937982971508,True
36,0.14905933418217457,0.22899009558979622,0.15549185940148855,0.09331424855095583,0.01684112313518208,0.02422158886764461,0.20760663314362063,0.0053256968049910074,0.09529169774769429,0.02385772257645232,True
37,0.15068197371528058,0.19526086955944102,0.20409137655730994,0.02609765478072823,0.05507615760791535,0.05128818048877468,0.01950037143808961,0.04727451417286784,0.08708999472581622,0.16363890695377656,True
38,0.1764789309217585,0.1278585537522499,0.1584471955586818,0.13294842091038758,0.07725427872033576,0.16575878379568398,0.021943219104489355,0.022976125736580498,0.0524321344486456,0.06390235705118714,True
39,0.1135540282012502,0.017621296031083488,0.04794041000446048,0.08334262102361473,0.0633787435072894,0.1787827300639608,0.17951272421047873,0.06312820778078956,0.09271383210574533,0.1600254070713271,True
40,0.2005557564670179,0.016078227491505604,0.011166146980690522,0.17687571549437053,0.17451794502111848,0.012513945357787305,0.16133209068775464,0.17469961461810182,0.00817532173107934,0.06408523615057385,True
41,0.07452987664368356,0.06030251123662426,0.09849020740384214,0.16659572386164967,0.07276919809671158,0.039189080802860335,0.16723617525611512,0.07773542187953854,0.08222722141559481,0.16092458340337995,True
42,0.06943327837183844,0.10179477796344487,0.03629186091392506,0.13630122925764995,0.03737574579704184,0.09567708719202626,0.07039432802657469,0.2176839739356157,0.19173202341306814,0.04331569512881521,True
43,0.13950867967091102,0.1335179351781723,0.13854481513768888,0.12613331704253827,0.049368424923855694,0.014761110224719506,0.02918668301544224,0.19354592442742397,0.052039360884622375,0.1233937494946258,True
44,0.16851304859412794,0.16643782829324658,0.03890575890134885,0.14680210690850667,0.18958752209555255,0.07855322053642491,0.034999320258460434,0.0201947644609649,0.023800536737243617,0.1322058932141236,True
45,0.17933470402020693,0.163358035379965,0.16180774175994847,0.01627563525490286,0.10670921845176759,0.09600201687332117,0.14927841164411512,0.04264007701372808,0.0072231221286566125,0.07737103747338835,True
46,0.04337801136049184,0.09527478688376328,0.11991738420616457,0.15576288742744923,0.11323214598316321,0.12730970068898007,0.07104351931071577,0.015563193864181318,0.1622143367981251,0.0963040334769655,True
47,0.08615740496869487,0.13481551557001004,0.14463578077639064,0.14491655236519138,0.023276394169581216,0.022881357323942173,0.15277044227842415,0.1580801041931831,0.06436016350991432,0.06810628484466798,True
48,0.13861174362046555,0.012286009218096427,0.04509353052230346,0.11590976215210486,0.20972614286952945,0.010350194959583925,0.19736156846752007,0.06179398377766351,0.12433713790708269,0.08452992650565015,True
49,0.03822136383957053,0.16144772576350783,0.030660871354358434,0.1982819894543131,0.12808272131111834,0.17475899393888128,0.05359711146293252,0.1491231400096159,0.0009566408343961756,0.06486944203130586,True
50,0.172981756950986,0.1759768741009395,0.12284051282725733,0.05055935423053213,0.01187850904382447,0.17569322108125104,0.10887301813396605,0.07490918441804442,0.004991315072492614,0.10129625414070623,True
51,0.09050467619162537,0.05285082373215504,0.0634666674462328,0.15105199761391233,0.13584935957960134,0.10217263157322057,0.1637314287080118,0.002815533469803817,0.14392911453775445,0.09362776714768253,True
52,0.03199754371835331,0.0685340908132631,0.16510325990338087,0.1457470527402452,0.06136034838176946,0.16693918106769737,0.04444020838531325,0.17498358171956588,0.008863732460408346,0.13203100081000327,True
53,0.0516130443590229,0.11051635065816036,0.12261093019356616,0.1226561167987599,0.134421621190513,0.06261917419143966,0.12381832391916604,0.18130149081925695,0.03712180177301178,0.053321146097103284,True
54,0.12960668432523806,0.14282181325868237,0.011629528686488467,0.08389040847909264,0.14832610979965108,0.13281513910882276,0.08082153712960705,0.10553274715883496,0.1490521808545321,0.01550385119905068,True
55,0.05592172200846389,0.00796581252041237,0.03528729814560349,0.18719102338092192,0.17688943027527293,0.029624117974580914,0.053088460496710836,0.16882466819724343,0.13699988160657225,0.1482075853942181,True
56,0.009392016331651912,0.09727257002630739,0.21135394387764186,0.07119432630370601,0.04846925221131447,0.11717936039180486,0.1503919596661349,0.03282557312788616,0.14908342333469826,0.11283757472885421,True
57,0.13107957203215603,0.13307264726604112,0.09873991354604418,0.13923664253742002,0.058625488836950124,0.1448130491701994,0.11893419548309098,0.08926467770230793,0.08138538396244602,0.004848429463344268,True
58,0.006442926684168748,0.10933349107838337,0.03321798901940833,0.15823504356709223,0.16109875637483648,0.20085297973435026,0.11066527269306368,0.18303491993440654,0.02270041881339598,0.014418202100894178,True
59,0.15980458821408483,0.20666411739664436,0.1606270516127984,0.026602978910247897,0.0030629741189265288,0.09465373561461156,0.1490189518284546,0.02044498605256621,0.11490652927423495,0.06421408697743064,True
60,0.14662846958038067,0.15557442305733069,0.018122017844980395,0.08409290591746506,0.06054270953447039,0.14719964108065978,0.1362349556605935,0.11339169570739917,0.0620334495240443,0.076179732092676,True
61,0.16536100447733076,0.01428235034202986,0.18038957705358016,0.19637515046523282,0.041216265838763894,0.005158799009408017,0.08344050084766355,0.04202515616943357,0.18049341199173274,0.09125778380482452,True
62,0.08431638391805434,0.08067767518484949,0.11358175205509882,0.10208536722412168,0.14320115499360483,0.08033062488683983,0.09407388853222999,0.06762173876423909,0.13736427057282283,0.09674714386813897,True
63,0.09421717809795006,0.15526894976067915,0.11236892013623498,0.14050747478617223,0.12131874716765108,0.08381436973398082,0.07619258156659908,0.04094010028793366,0.029859395813286324,0.14551228264951258,True
64,0.03128183387388458,0.24827582142465368,0.0377552191199766,0.031412141302911235,0.08224064418385375,0.1390174253108366,0.013384565940789721,0.08167034739433736,0.1469313994219058,0.18803060202685062,True
65,0.11975858279648312,0.0423066862585255,0.09037480077004834,0.12253223050235774,0.09038222569534951,0.049840939527155924,0.17507873156075868,0.18555783336410042,0.0443423582833998,0.07982561124182087,True
66,0.13405317429720476,0.16620785602278004,0.013541209884323316,0.006080132988402308,0.1684499306730955,0.13273496101371626,0.1344620922308858,0.1138176416554156,0.07819498565908783,0.05245801557508859,True
67,0.006663554172949208,0.1103670734117268,0.01770803649847567,0.11910086497772397,0.18575076093665668,0.16883338655604974,0.2016586779353622,0.10576212056073094,0.07057264171114741,0.013582883239177246,True
68,0.03422849475698704,0.2122846729665696,0.06676827036815541,0.08008798998096889,0.08342759941021022,0.20371508805123914,0.10453921444751263,0.06368178599945586,0.008401204570923285,0.142865679447978,True
69,0.01090096115878508,0.024123638429624488,0.12738985393411467,0.15100938708291997,0.16612767015442526,0.10592175592407035,0.1128648792189765,0.11418743597732002,0.0768276998136334,0.1106467183061302,True
70,0.12956515188959308,0.019078225154781355,0.16395235871075986,0.13427305014108726,0.17181375208296165,0.10864136893474904,0.1793984369221439,0.01715130756951857,0.013406687293280421,0.06271966130112484,True
71,0.021817170193280954,0.1239005783209528,0.09074272531618856,0.02641393780161125,0.13196274117372916,0.14990994766771895,0.0372129518510771,0.1894364319521826,0.07053123732158781,0.15807227840167082,True
72,0.04802766037861598,0.09440518934528726,0.1737547800644794,0.06414889049486486,0.14942310462078148,0.11699932046453682,0.031598738031044224,0.09912079710539165,0.07835690105712598,0.1441646184378725,True
73,0.11789891273260461,0.09597506765031305,0.20880172950202894,0.024841527087686936,0.062105836298466624,0.17910640657811397,0.07816576380745377,0.1731063346912446,0.046242682827670877,0.013755738824416601,True
74,0.04109465960220477,0.1055579974518418,0.1585221032404692,0.10741249634594775,0.16087305330503635,0.15041340487705324,0.09220113322050286,0.08852518916041102,0.08333954749139669,0.012060415305136251,True
75,0.06339303959875009,0.09309892855919787,0.1665219770665857,0.11009811015988177,0.001478082272795361,0.14202833312882798,0.10510042978001216,0.08872147658039473,0.04336133704654085,0.18619828580701342,True
76,0.005999884372661018,0.19004930893983724,0.10436189120722643,0.2536779685413099,0.10537640256562163,0.005384419910269221,0.01010626343650125,0.1575395412392628,0.027457450796184998,0.14004686899112556,True
77,0.006066672633669274,0.16428522160024123,0.05080927724238053,0.09751238761057045,0.13137289329592408,0.20029287922415712,0.16891711799730816,0.030940415742470872,0.08171004438574817,0.06809309026753009,True
78,0.10886016675961475,0.04041296667494936,0.03883809544624539,0.15273939527705738,0.15833856918581887,0.1261343322797802,0.01883729927350796,0.11026690803976567,0.11997147561693325,0.12560079144632721,True
79,0.169564231486135,0.08004883146751082,0.18744169446124742,0.016875841776225253,0.09489232867573714,0.09678787002395324,0.24001261592652542,0.05817118218781123,0.041032217882900346,0.015173186111954055,True
80,0.029964666705416025,0.022657398559077824,0.17713528653637486,0.11066135020664315,0.162853539472151,0.03573414883718283,0.1204436704799103,0.2267259521842443,0.06108024899424194,0.05274373802475776,True
81,0.19324394789159263,0.1183648436494522,0.04381671792123487,0.029638137469233505,0.07191749291235822,0.10475370606991974,0.014508377365158262,0.08625123572761886,0.1852598760496408,0.15224566494379088,True
82,0.18177686641306504,0.1873996430867072,0.1534731016467067,0.021342771333669602,0.008806224428430855,0.05946482498756997,0.18206661606313734,0.13461799880832104,0.02203711873489563,0.04901483449749674,True
83,0.0680817012716376,0.11444715461841211,0.14728454627777526,0.0322359499296635,0.0993942773420128,0.19494531501262183,0.056167208590888175,0.18355650663902173,0.007127564807016749,0.09675977551095025,True
84,0.05307450291680547,0.015707046240238505,0.15977812552950596,0.137431341878887,0.18015881567431924,0.10057001809224689,0.03921769181579421,0.10472097865215901,0.12270396587898919,0.08663751332105434,True
85,0.09115256886590549,0.01744789377588542,0.00212260661513898,0.20780831444428244,0.08294889073969133,0.14994398797638547,0.14555423838803713,0.04936714236284709,0.17176148204323502,0.08189287478859145,True
86,0.27254576308094264,0.0046028891210314555,0.0786973602552716,0.08412256515208785,0.20530843297587195,0.061401443618153806,0.08195891418239847,0.07375974129960311,0.10941404121662479,0.028188849098014314,True
87,0.11839794816156402,0.19503457907424349,0.03434780588030118,0.012111003035387268,0.14322354819694744,0.006639356990906673,0.21439967125043435,0.02312831918844737,0.13915309078987217,0.1135646774318961,True
88,0.11663580574307165,0.08762333127704447,0.11820909871297916,0.12351986623386282,0.013000156479030531,0.1347351923064872,0.05961134909028616,0.11971878143882755,0.1396160395274485,0.08733037919096198,True
89,0.11375681969541843,0.07833361967598935,0.15551607769855005,0.07699585626520276,0.17727066832503888,0.021889572920921,0.058071143888066314,0.15193202089189525,0.13715589628470365,0.0290783243542142,True
90,0.1156236871426312,0.18264242735946323,0.19604988118658043,0.19107345424391944,0.07172616414720873,0.011351344295117463,0.04286020682088545,0.0019401833065558194,0.01587675783963019,0.17085589365800802,True
91,0.07779927397315281,0.04842561593336458,0.040712257595412374,0.1168146812121716,0.1728012897536403,0.06330715669933919,0.08728854835224907,0.13647333838167197,0.12130223966206718,0.13507559843693087,True
92,0.06531858996706778,0.05677360355918589,0.1500014275446246,0.1922328762811856,0.04857214188526944,0.028497546214765003,0.23842105831855454,0.03926550019219623,0.11641439730081907,0.06450285873633185,True
93,0.10106954221065553,0.04102464170400333,0.025063050279044794,0.13722729736034422,0.1956534279944191,0.2169523716735854,0.10473468535759341,0.042125848772255475,0.12545359511853235,0.010695539529566353,True
94,0.09039929159847805,0.04646729273790007,0.1679950052523413,0.07781303227383764,0.0718017258284293,0.12060884842271807,0.10228182939938127,0.03208685205884647,0.1398709823730825,0.15067514005498558,True
95,0.1983051229630471,0.08295145827827666,0.030346170834556225,0.029257315119773374,0.0523300502871002,0.10592972318017269,0.10006917762082451,0.10325410557167387,0.20147207194089983,0.09608480420367566,True
96,0.13442516084448294,0.0033646186186027157,0.13551990073036743,0.07626322640813211,0.012767529616467368,0.19323186988649485,0.12229689565951413,0.05363551051835005,0.1392862487097638,0.1292090390078247,True
97,0.13262314908784872,0.024294760790064377,0.007122459409997597,0.11573206860289133,0.08458618195889005,0.11411498193804877,0.15345916132589604,0.16808639902897488,0.16430706909338547,0.03567376876400271,True
98,0.10138047019352238,0.1808053999209789,0.1390668312351441,0.06619163979737619,0.0031998778015350582,0.14993675478733384,0.15250033899667,0.1897903112859364,0.005600890966829997,0.01152748501467305,True
99,0.020139444909221815,0.08545152298357078,0.15909093974304847,0.023174727369668573,0.06800125685141199,0.04538499518992819,0.10931183986050134,0.04976169014471432,0.22771633175713893,0.21196725119079557,True
100,0.07873234048047816,0.0928162074799268,0.1523881724045978,0.10988758449669714,0.14439895610271228,0.006263700475682526,0.14264677876891255,0.10951351548132889,0.08077703696816098,0.08257570734150277,True
101,0.12048092111125351,0.16525146558918108,0.01710052881570634,0.15892477475393535,0.008099447741449925,0.08155225173324475,0.09259944422652362,0.1593344912604707,0.19094181833219434,0.005714856436040525,True
102,0.16862402979676883,0.06044545189113413,0.10244657015073022,0.05606265571350646,0.16528529382765733,0.08791321635988614,0.045540966849948496,0.1591598647773819,0.07238965344160651,0.08213229719138004,True
103,0.08921907993898369,0.07953501188165481,0.06756519797331824,0.013038560853839138,0.12210968073836193,0.16893653582437368,0.17019663958859926,0.06949739108466176,0.050494329913711195,0.1694075722024962,True
104,0.09233348715707196,0.14275357442559466,0.06970472467662,0.025551094063986753,0.08445306041396661,0.03577090786014259,0.1423567455205485,0.18379970564678688,0.098304106200056,0.12497259403522597,True
105,0.14464924284935066,0.09096435013866527,0.05815063506419514,0.05836083648662222,0.04886889370180361,0.18982536830201338,0.1351277511419611,0.06357619382147602,0.0030095888340772124,0.20746713965983546,True
106,0.05089628805097237,0.1625770197735559,0.14492444066214322,0.10949632474458872,0.014557004965843641,0.15371064156415437,0.16042373398800824,0.12049671713198719,0.06346764076083032,0.01945018835791591,True
107,0.07703134302658561,0.14842531681371732,0.08744452629587732,0.02863321551140086,0.11773748799036178,0.09898815359477242,0.1355733796620035,0.14805895871221314,0.07839375885700255,0.07971385953606543,True
108,0.1685157913809957,0.10340868492974299,0.08965544047758957,0.011833202437321746,0.1758577513831962,0.06088266650029245,0.034295772855050866,0.047756512110196,0.08218771962643083,0.2256064582991836,True
109,0.11970289937192805,0.1345719579711417,0.18756075437674863,0.03861850340953818,0.19806555486145414,0.04330844428608937,0.05069405157851911,0.12306323624423321,0.0363454913092579,0.06806910659108979,True
110,0.16329214488232208,0.11739167516771624,0.06321569704246313,0.08063401951736819,0.03998199760062525,0.1156504357821763,0.07266576643636911,0.08333340784495707,0.11161589473990095,0.15221896098610163,True
111,0.11291571682176073,0.07846942134110994,0.11497428692207422,0.13717959927198012,0.084483610467525,0.1343925904352458,0.05930214070023066,0.11964336288093091,0.030660320385570355,0.12797895077357221,True
112,0.07725145189233269,0.034358954980393576,0.03817632427040101,0.16521182482243355,0.03703412909275649,0.09433614231826506,0.21789343814495776,0.021769886424468237,0.13920986882323366,0.17475797923075795,True
113,0.08869482516393101,0.13055082143734598,0.06914721987807808,0.010431913906091803,0.08996723387459094,0.1345707266746369,0.07829662258554364,0.12894026506249598,0.1496987688173218,0.11970160259996376,True
114,0.122558980705021,0.07965698644367114,0.016892131341276394,0.17904503747538203,0.016392949181849935,0.08631631599024221,0.04886059881033254,0.1548952042683679,0.142863664920037,0.15251813086381988,True
115,0.03159112568011802,0.05391597349554369,0.07024906035516103,0.10315298287853153,0.00041108459432319123,0.03562578992960686,0.22042755270710257,0.11097747155116043,0.08307101195817876,0.290577946850274,True
116,0.1685846986262292,0.15073267018707567,0.19346085306202968,0.029254396694046246,0.09667691308662031,0.09408909127681267,0.02262069725596811,0.19386352145013225,0.012623670164146408,0.038093488196939335,True
117,0.08640669646262866,0.142825838419217,0.0237932784898813,0.12855676686014797,0.10888101209835624,0.009618713277176859,0.1241512275692945,0.1280882436065454,0.07748234153750595,0.17019588167924612,True
118,0.04181650886920804,0.021743632953456212,0.16152647249941535,0.08326835628381973,0.05357396025480043,0.17974387286057275,0.18263746657987504,0.0005255757984388001,0.25060009513669923,0.024564058763714293,True
119,0.1249678055429305,0.04163043338560883,0.12583043883756267,0.0335257618074789,0.14629934857481117,0.12065300070685107,0.08776712437623999,0.04389931488059663,0.053095528634711335,0.22233124325320883,True
120,0.07822356107404743,0.01999890622677796,0.17826419810504393,0.042377206820978966,0.22780322632778993,0.12839888256289247,0.0804078303249915,0.2083159963699338,0.029523040319945657,0.006687151867598288,True
121,0.08578237271285623,0.09367853045631405,0.03360474703088728,0.08182090213201301,0.06847580667219978,0.10697067718302782,0.1271190092780074,0.14457043045975174,0.14267731113056775,0.11530021294437501,True
122,0.15426834880623316,0.061809605284172904,0.06241509881115588,0.14023572436426682,0.10421021007470352,0.057846879948202215,0.08791981429202587,0.14228579793010568,0.046460502382236896,0.1425480181068971,True
123,0.1169759779742533,0.05675892470435593,0.11088980175188366,0.25790144895028916,0.02470795532398851,0.05100682239679675,0.22614839189718453,0.009338419403875788,0.060094867180402606,0.08617739041696974,True
124,0.004273646730292862,0.015257741989008216,0.04788016714238051,0.19560888400456086,0.14400830028042524,0.1467444664272937,0.08610140547759555,0.12640379591170614,0.20576319506032406,0.027958396976412895,True
125,0.25876519580783197,0.2812278389132686,0.022676389175885513,0.0867868350490865,0.013771372238560379,0.20809620971832732,0.029404411241851478,0.01586180331881189,0.07696908667988796,0.0064408578564884335,True
126,0.008622463845348144,0.09937124251462642,0.06804676996099362,0.17914038337393423,0.12206774760538648,0.08484046790530594,0.022143524843749443,0.061251292851557344,0.11310190880298275,0.24141419829611552,True
127,0.08120740552591836,0.1316459397262048,0.23143993556363043,0.20656258093393376,0.09684991787438914,0.050692678223891875,0.03295123993596227,0.020822391584706276,0.03254336258795374,0.11528454804340925,True
128,0.014802326128411671,0.03799206188810514,0.11461711078729148,0.1555223791860829,0.1309659948182534,0.15110590598815676,0.14786129050959268,0.09856244971755124,0.1253125214297093,0.023257959546845387,True
129,0.08895125164210939,0.12181546934474541,0.15803878967635332,0.07369727217072249,0.06756835017877354,0.11218016486455601,0.09863438419849853,0.18869647967887845,0.008949853971364047,0.08146798427399889,True
130,0.0855071921331812,0.04351689350741127,0.0632057820863279,0.05273906146760046,0.1720128872472129,0.1361705140337323,0.02633897072080978,0.06556877518915767,0.09326372549530736,0.261676198119259,True
131,0.11871011397891293,0.12492449916013318,0.04127492228940206,0.1831512796441201,0.053404115431177124,0.12242403857913385,0.05570985040745371,0.1682297979300414,0.024657179611810864,0.10751420296781487,True
132,0.06675179670740387,0.16576784483338614,0.1361609302243708,0.17533911974096736,0.04559702379691511,0.1526493380126519,0.10918727276363428,0.01065795598509845,0.07396704687452436,0.06392167106104767,True
133,0.1553012236250315,0.02354999336221843,0.08673268047837131,0.049441843295970345,0.08953254287490323,0.14340761051027878,0.14921576169343917,0.02499298239098101,0.15048621180590382,0.12733914996290233,True
134,0.04423790391443507,0.02165228864330601,0.16108293318711472,0.06644969905854513,0.1468820134388191,0.05580751446595773,0.16011748566380066,0.07445528830375582,0.08951666673742581,0.17979820658683981,True
135,0.0737056650363335,0.1900496434481616,0.10076312013400449,0.05416894068293749,0.04127253414503499,0.20565613081373937,0.14183389770159943,0.16717530231032637,0.01914897693805775,0.006225788789804805,True
136,0.11681047911885922,0.038751246647672974,0.1281234504719212,0.10818463287249055,0.14111040508139627,0.15596298755303464,0.09027929351648818,0.13541087466469157,0.0329644874772357,0.052402142596209754,True
137,0.13824365672250752,0.03705905522225316,0.1880687363576468,0.15941470419713452,0.09628920716318252,0.06318867990237369,0.028238188945427116,0.10711440182145639,0.113122246222264,0.06926112344575437,True
138,0.062025651273051756,0.1268475803208988,0.009798718546444688,0.16582664040645223,0.1480246460807651,0.10270327645463506,0.00481658150656284,0.14959089158518987,0.06525754846708104,0.1651084653589185,True
139,0.11506785893354926,0.2008763845718081,0.08540338800939659,0.12427319866491171,0.16772311504532886,0.06069462786875892,0.04885977488728537,0.02539167640967635,0.0290790758088244,0.1426308998004604,True
140,0.12858897058015906,0.036199037130548166,0.18374690695852397,0.05000716642444401,0.17008228103437803,0.1231803903589232,0.17103790098078944,0.016131127245097014,0.016220566477377952,0.1048056528097592,True
141,0.17135943306802778,0.09059423789766143,0.16838408005742264,0.15633819094261886,0.18804426988818446,0.010745586550189092,0.03959704749530957,0.016333942441475378,0.14656803106407854,0.012035180595032237,True
142,0.051468888258385005,0.1654752510510153,0.0683958114991371,0.14688651628790836,0.13220613077709495,0.04066198497017797,0.11717058182227552,0.1778644217278293,0.08296323471411056,0.016907178892065864,True
143,0.07761098711089064,0.22976762402027193,0.1913406139360489,0.0006491494410286839,0.14780837667261565,0.07445088692375941,0.1474691679976967,0.007027550063127244,0.08116923112106608,0.04270641271349486,True
144,0.1451502682500441,0.15076379147752356,0.23059680237207567,0.1026342901090831,0.050488701773011145,0.02927471162486652,0.04939362873468913,0.05731423631057775,0.1391805208917909,0.04520304845633818,True
145,0.0188384597049412,0.24615992978053017,0.020892271755998282,0.10072785471147942,0.13472892710004514,0.0030103919976440805,0.1267160755080126,0.0324791540614338,0.08012984819095957,0.2363170871889559,True
146,0.09037623795027187,0.15207812251399275,0.06300057908055276,0.15373556787712506,0.0029266148915831104,0.08871838284580899,0.16642740260583383,0.12324790599292558,0.02692245610835119,0.1325667301335549,True
147,0.1234497840341302,0.011151713837702894,0.08948973164751847,0.08367213852293288,0.1265480357064785,0.07982328270203574,0.021071104111259346,0.1624784216936867,0.2860250007178436,0.01629078702641165,True
148,0.06870720249757538,0.018432541798271335,0.18886047934699152,0.16606101981335375,0.13024238167880575,0.12822500009333795,0.022765538597536175,0.045478210919020434,0.039089046613728334,0.19213857864137937,True
149,0.12695250468266894,0.1503396581613743,0.07869882847978699,0.2278285693546538,0.10262596667965242,0.0613395684207278,0.07155736070971822,0.03900781275160451,0.08027132055577364,0.061378410204039426,True
150,0.11403152069898345,0.06499291966711254,0.17875841492212521,0.027615692308361355,0.13210709140708396,0.14498884783543242,0.12286507539595537,0.15807874548922343,0.029777529626970556,0.026784162648751768,True
151,0.06368604286440892,0.1845777524091519,0.08897393583067542,0.16853029386935806,0.07215717096120608,0.09853824409335661,0.054750765582615324,0.07594045392924743,0.1510719343596045,0.041773406100375915,True
152,0.14644323029464848,0.004855109073351603,0.05525399851830928,0.16725446426247345,0.03999646615299463,0.20968323057367372,0.012152584123797069,0.20012661871712956,0.14587609760245002,0.018358200681172335,True
153,0.060743388648365725,0.13661771502378445,0.07343061649785128,0.059035644326415726,0.14383275079340097,0.1407649145231997,0.08595220321828394,0.07284581678263187,0.11505792630631086,0.11171902387975562,True
154,0.126286898574724,0.07000301185253598,0.14169664037295837,0.11555890235238028,0.10754854190297766,0.10320489119643406,0.11262045902059585,0.10092421759908858,0.0646005630719089,0.0575558740563964,True
155,0.19024678210613183,0.003961762052289959,0.1666317755548208,0.10463682045048266,0.025092034877993708,0.04741044591038698,0.14999204979725783,0.15374425858457585,0.13649084013599463,0.021793230530065637,True
156,0.00801431279963112,0.011386026805471218,0.17656097709844487,0.08327250183669632,0.17542801445397796,0.1845230824015816,0.07699643012481071,0.10398583854199077,0.08650254681914764,0.09333026911824772,True
157,0.15945955367494144,0.007916444327861085,0.08136574482948543,0.11589186847763962,0.0851711559917072,0.07043329583403518,0.06191475715987339,0.12035893510949533,0.14740575080580368,0.15008249378915778,True
158,0.0789002370434956,0.1349854883373937,0.05431577798039638,0.16017535584586806,0.11370276760706627,0.007489884115938073,0.13169604433971874,0.1034989535372876,0.06465307720592904,0.15058241398690653,True
159,0.2564746003214397,0.05674200083582422,0.00782433836949799,0.013563746131101964,0.11163703743653577,0.01306289440039716,0.020508578778274375,0.06797822211935936,0.2540109015442474,0.19819768006332214,True
160,0.1165725325216457,0.022396661925747643,0.08015104596730704,0.1441305182053607,0.18079016647223814,0.04576682066290331,0.18330907795859225,0.011136545407966965,0.05563240396341073,0.1601142269148275,True
161,0.18985966134720297,0.12083740593888105,0.0983239951570067,0.02854329957262897,0.021656819116607537,0.11940381696753755,0.18088048442978658,0.04230786256310115,0.07433825217777085,0.12384840272947678,True
162,0.1593487015488981,0.023146759053958046,0.028549438325615125,0.1552398236858664,0.10930544502575822,0.11182828602691658,0.10584609750585766,0.17562630518935682,0.02773024084035548,0.10337890279741771,True
163,0.14209174623735552,0.0823909276504384,0.006583634640089553,0.07356163343139493,0.07497953735130031,0.1535860305741128,0.1347143881720115,0.1282636154462258,0.08356801886334643,0.12026046763372458,True
164,0.1643316414026583,0.11883980127257955,0.19365145591274746,0.04197664345417874,0.1226894724277126,0.09845620672382972,0.033324027554949884,0.004446233298294937,0.14980631653438137,0.07247820141866743,True
165,0.0019232517087642955,0.09005475659357375,0.03943055174835534,0.04136535970481226,0.2982997560848672,0.2424245593374133,0.06037331454962804,0.0014860189637715367,0.15091379888613832,0.07372863242267595,True
166,0.14509740116856554,0.042838399795783216,0.11281036219785576,0.18408898346392485,0.1465900803137254,0.008148787228212075,0.1795342795593723,0.06398609361467442,0.013469696430458271,0.10343591622742822,True
167,0.2122029813337063,0.014443728580194742,0.027713384795667602,0.005943696402280891,0.12514452277764843,0.08551787224659724,0.08518113531548854,0.04908042930131299,0.16673113984706614,0.22804110940003716,True
168,0.15456060435637786,0.0596970550748982,0.09746429777225038,0.15245786825678584,0.1528477930212827,0.06594534770071256,0.04056409209010035,0.15670904181313483,0.06052133520214478,0.059232564712312426,True
169,0.11514102385802062,0.10556730752437266,0.16084824031232395,0.03006281755743516,0.0755928883822675,0.078511112023869,0.16130445586095563,0.06762716104794426,0.05365423816745614,0.15169075526535508,True
170,0.08911780701951229,0.11790659307953208,0.06323147771613612,0.08253994610439952,0.03654495418495673,0.1221995742256273,0.16758970230227418,0.11602423031698957,0.15838308587203592,0.04646262917853623,True
171,0.008723887276754817,0.1379093864314376,0.18309397026787955,0.1163137899798597,0.005863939600340272,0.14838024639126213,0.03185347163799442,0.02822283918329743,0.1754701623761953,0.1641683068549789,True
172,0.1323346894054099,0.007517895735904762,0.06919856992573509,0.1260285182272889,0.21662851401211722,0.013472393948756196,0.143334217475553,0.22881247753373107,0.034120670239058,0.028552053496446014,True
173,0.06667495190747667,0.07782293072741357,0.15101958151723407,0.00033225961664648415,0.23766962979136996,0.07369946267752275,0.002501263744690653,0.005536278335159527,0.21980507581993064,0.1649385658625557,True
174,0.11055141423747053,0.021340479899814295,0.08614672401023836,0.14690975145010718,0.00855183435032722,0.08442966889435786,0.18129237683216332,0.16921657813582233,0.04874152111177454,0.14281965107792444,True
175,0.16023041900513735,0.16299181456383696,0.008217712565528204,0.042574527326372485,0.1017394355169749,0.10676728766039942,0.1064105397928871,0.1243532681334014,0.18367202571628244,0.0030429697191797075,True
176,0.0019185734111331015,0.00784835796731203,0.13122639057971774,0.036785160324936374,0.15185415569380603,0.15344242818544376,0.08341898492168516,0.15332674326949997,0.13192851188454255,0.14825069376192324,True
177,0.13606250204934087,0.12582880571457306,0.08288568205231156,0.013600107883819877,0.18790564535248255,0.051984236084925174,0.11454470728410666,0.04587788138871043,0.03780669335624661,0.2035037388334831,True
178,0.07346908546146567,0.003167248575133135,0.04400292007377711,0.1612711218607609,0.16841360049423892,0.020118260559409063,0.17168703407101257,0.16376658494536295,0.13746997701477692,0.05663416694406284,True
179,0.0707749791550313,0.0808465521599578,0.15399880644033145,0.07308790155456228,0.026012224030025535,0.11962432119675605,0.13462682811888832,0.11498040908127713,0.20647951317278782,0.019568465090382216,True
180,0.005038078831698698,0.019997343592423424,0.05485514828388535,0.16665578485265373,0.10268683814491514,0.10062359464271797,0.15423357474964147,0.19053247238273788,0.0642479537891597,0.14112921073016663,True
181,0.04157078358751662,0.04800084862568929,0.12047667253179978,0.18761478516231742,0.10169319034381302,0.03291538474721173,0.04695080954845749,0.013711366286581494,0.21808256531981007,0.18898359384680324,True
182,0.21769324675823568,0.1076696434188767,0.0949767175414702,0.07011752664829364,0.0734300900925013,0.14995965139169742,0.043809188180960135,0.109888412524484,0.10796515558717373,0.024490367856307208,True
183,0.10888455449994972,0.05365164989347132,0.09440706116455892,0.13153756810086675,0.010872402613835715,0.17652683321233412,0.1064642680655242,0.12355125251938004,0.10331051588784973,0.09079389404222951,True
184,0.09377373886431808,0.12438966014353142,0.11887208276809752,0.10168623276088506,0.12810760011429428,0.07603647598271789,0.11732366377963735,0.05004353816953296,0.07475646589338444,0.11501054152360088,True
185,0.07878213162973803,0.10954293671540491,0.07723108733138165,0.12960511085955845,0.15980680535755018,0.1220964959781322,0.12270711962264297,0.17933040365007685,0.003326593484337467,0.0175713153711774,True
186,0.10930134184917405,0.08206968697267537,0.1882510444539205,0.08223339081917169,0.05167493205287313,0.053996264108286125,0.0426008982225546,0.06509781975948649,0.1877228111935596,0.13705181056829832,True
187,0.04443819046364961,0.12925446319237177,0.02220633933439224,0.06415130393549953,0.07626214632185936,0.0026944778643502687,0.16233495162403833,0.2105838530854542,0.10965824867139568,0.17841602550698887,True
188,0.12248003799889079,0.03147090494895133,0.026367727936090296,0.21902784061832578,0.02670040583494381,0.15027554449545738,0.06944050623323152,0.03494572831957782,0.10072195025617203,0.21856935335835911,True
189,0.014148092576337767,0.13608272467581725,0.15700363803179496,0.022257855119767526,0.03421690033401988,0.11647269096067571,0.05356288773603558,0.14291939246468818,0.15794722890044072,0.1653885892004226,True
