ID,strat_res0,strat_res1,strat_res2,strat_res3,strat_res4,strat_res5,strat_res6,strat_res7,strat_res8,strat_res9,alive_at_end
0,0.17025207330451503,0.1453333938956066,0.14964643818810927,0.1238330449208518,0.178590944357295,0.09406418033634506,0.0018756040298138254,0.011483766186286241,0.041363887314096744,0.08355666746708033,True
1,0.13043921296254016,0.05130274411430551,0.08422042945619332,0.19281726815787545,0.13836311040666333,0.018647154765276886,0.12543277662838923,0.2038355728092501,0.025455342485188066,0.02948638821431808,True
2,0.11018081521315824,0.0420663589108412,0.1828296011751222,0.11764442519145067,0.024672209287546914,0.01014731752123718,0.11721148845483917,0.08368234644346866,0.08183960787045064,0.22972582993188528,True
3,0.14775659522829118,0.10789559194652082,0.09169799498051523,0.03519416448308695,0.09955711653546913,0.11433504926443344,0.16389785787289715,0.016890295544685602,0.11070756501303627,0.11206776913106428,True
4,0.11741094569695953,0.11291652406447736,0.11528753220208789,0.11960478653359387,0.13308378809838436,0.07203081897926428,0.07341224356451533,0.14093555828939677,0.06204887692527868,0.053268925646042,True
5,0.04628640411281832,0.04116437149121443,0.16400881311504728,0.13123597672856233,0.1265003965577573,0.046002790763792475,0.15573777387018803,0.13419239415708126,0.01839258276695661,0.13647849643658205,True
6,0.16700940563185512,0.15279832390145873,0.096971996645527,0.02893456217271862,0.11176381823309432,0.12573518516183096,0.03433946414232821,0.1682692309476967,0.07871788079077156,0.03546013237271876,True
7,0.1439876664819672,0.05633375873891901,0.030117363283373052,0.13893403517504493,0.1630088185359233,0.017268170612410625,0.04947885201294238,0.16400574563521425,0.12778240933698964,0.10908318018721545,True
8,0.1008527419204417,0.0814894043451981,0.014087199691276002,0.05334718626397357,0.10910632770809837,0.09054774869335566,0.17748427970893652,0.07400530392614925,0.11678581176500602,0.18229399597756474,True
9,0.11137517280273897,0.003355225592287584,0.13280757287542996,0.1347154785656507,0.15940022855505662,0.1774217163647835,0.08776594077256263,0.08256118877300524,0.060281766292487285,0.05031570940599761,True
10,0.030501842890924648,0.04886636510866273,0.05102925497077963,0.02555958671945195,0.14973167003038096,0.01879275049308642,0.23185996010508744,0.18415705699434695,0.1700814908559983,0.08942002183128092,True
11,0.1852499045789612,0.21035054301266962,0.13902558425813372,0.07379931339858002,0.179732358708769,0.029988472909243866,0.09779823543769506,0.0464761317610183,0.017081936238746574,0.02049751969618281,True
12,0.000640284239459499,0.1334345078077677,0.11333159806524984,0.14549891044633725,0.038092900086469005,0.15669008141542187,0.17267172024172447,0.17223647536009568,0.058128650361955726,0.0092748719755189,True
13,0.09833676754792846,0.15711612628520166,0.12736351978815408,0.03977934995948669,0.05186971591594591,0.11261375860927236,0.10057219122854912,0.09922283645053767,0.09460330363827238,0.11852243057665166,True
14,0.05540123603993064,0.14169297221072405,0.12705426468290207,0.04080346747812449,0.0978716855472613,0.09047791966648756,0.10790119820727119,0.12441606765540787,0.13356324461654076,0.08081794389535003,True
15,0.15140712840408097,0.01607716208349712,0.18569324429861214,0.13992737480419587,0.10889115722724241,0.040803459019857866,0.18528528606383238,0.12241849207950598,0.009145227069178863,0.04035146894999655,True
16,0.1719997631407436,0.14304082575692972,0.07081587758731402,0.023053045438006306,0.15968856377891733,0.06685858539274203,0.012606118687103424,0.13960364534335493,0.0998802002226374,0.11245337465225125,True
17,0.009716056946819119,0.0033742547163892614,0.19054087562869218,0.10902305974168272,0.14328051554764767,0.07835947383156164,0.1594193754875691,0.1977553794835668,0.04284749748917266,0.06568351112689896,True
18,0.144921283949839,0.14763506963024375,0.04660115753482216,0.020841607283120105,0.08724824753179221,0.15934153864735442,0.11535617730466417,0.10540739791336236,0.032485977254692294,0.1401615429501095,True
19,0.15457882494956068,0.15107261557989893,0.0385758274225379,0.029784779374913598,0.22425016865871722,0.10572842079837126,0.12879146555568574,0.12076890777888036,0.027111459202544853,0.01933753067888955,True
20,0.19585203921372715,0.12226911717000041,0.037982740585228957,0.0006547801480135572,0.07609707073466779,0.006530522687553659,0.11943260813963621,0.12489766289639843,0.18337374466309733,0.13290971376167646,True
21,0.17302202457658594,0.17090442554777632,0.002686372110797431,0.0004771283978195597,0.08870560431164742,0.13960244575664538,0.15062889866073445,0.017320201444364757,0.10152643894784077,0.15512646024578802,True
22,0.0487110469621981,0.16754531136840475,0.015868401071683105,0.0010897007109872472,0.2618774981344281,0.0071697877598287186,0.1962441915732733,0.14602485409460597,0.008528747099366218,0.14694046122522458,True
23,0.16362901327797533,0.08532577189869994,0.0557643785169118,0.19296822527433144,0.041349487099958344,0.01930305032664293,0.1453456172688007,0.006228830857643448,0.12934681166737375,0.16073881381166238,True
24,0.14805020377079056,0.1906335496969939,0.07010330027624398,0.2124306848583967,0.07435658009580405,0.10113704744657084,0.0042289713351604105,0.07835714878682339,0.09737391339497067,0.023328600338245613,True
25,0.14755040562214078,0.02646820459305221,0.07475888469381974,0.08504633637796499,0.12285389965648809,0.14479273144807991,0.18704408678435955,0.0764142887737405,0.0694338739869905,0.06563728806336366,True
26,0.12283765575536464,0.13513431589984293,0.060194931632839864,0.11049004216475476,0.1066203529104432,0.01074030692350587,0.09083894672437215,0.12996468905098063,0.0672013648534684,0.16597739408442752,True
27,0.027559747401137487,0.16648061050634655,0.02854966210218472,0.1842036256228568,0.15237531049951553,0.1638788115497086,0.06080679191402572,0.05548621547447261,0.12126056316936136,0.0393986617603904,True
28,0.11278013410200874,0.03962547225285575,0.05753716670612933,0.14032538675788908,0.1309271159254419,0.09219181572896959,0.11014260161503985,0.11774838349825656,0.07250673140358282,0.12621519200982645,True
29,0.1434500767676883,0.07348192944077496,0.20756392001676757,0.008898559301399114,0.0687087306323963,0.018936257431720557,0.10526011262625197,0.26104235402769693,0.0014395134307436774,0.11121854632456048,True
30,0.09373507457307095,0.12195324840975484,0.05010830737401888,0.1499011675394137,0.06933056442112198,0.05291712473779378,0.15219820833056635,0.03531728053795016,0.09169255086351195,0.18284647321279737,True
31,0.0221031495310751,0.060433322127819884,0.10709630311486523,0.05037340411998606,0.12813584349826948,0.1301541704839244,0.14185355169591754,0.142824326735369,0.06639127748633429,0.15063465120643904,True
32,0.10157519170234845,0.013318343881884189,0.015317304307089566,0.17691290081767821,0.05144978068451404,0.17270450631810919,0.1542762437655737,0.14350516739593464,0.05435003690506973,0.1165905242217984,True
33,0.1683962592443337,0.021736547447126,0.1936175178028826,0.07937697010922463,0.09819518397979642,0.15189353154190274,0.039823943563989044,0.12250263897711562,0.002386315905081828,0.1220710914285473,True
34,0.07445548109628862,0.12676399050398576,0.07948123792703406,0.021336569785260318,0.11442537095738002,0.05231094957872826,0.1253385889350825,0.1348849725841699,0.17888249262157202,0.09212034601049854,True
35,0.10076253985998951,0.019533418814988886,0.016979608427763748,0.1883786159897609,0.09038103328119408,0.22150025192909614,0.10100213703470154,0.07746194251173405,0.13202748033011508,0.05197297182065605,True
36,0.2164868626578575,0.04071153481946299,0.06990717965797855,0.13692421488055162,0.08280997079294189,0.11897774866464668,0.030547671463799997,0.13342826841265892,0.12605812946109318,0.04414841918900867,True
37,0.026795989229665942,0.038773867633379464,0.1440290817648494,0.11329454565780842,0.1633170806797732,0.16019396564963181,0.024228811462241196,0.14581041048826618,0.016284330605766728,0.1672719168286176,True
38,0.11614977961002944,0.045243365151020815,0.20280119997480622,0.14620450838607474,0.03890291709265702,0.14244117062120246,0.08270718045894657,0.04458199440683448,0.10904424974623751,0.07192363455219071,True
39,0.05737731427287503,0.10549869205667259,0.04975058520799919,0.1390338345541318,0.08502005488790987,0.12258773535732638,0.11894177031460196,0.09316192713254652,0.09255427251875775,0.13607381369717886,True
40,0.14588017835462738,0.2019720269338126,0.06246386374636266,0.012755117114105416,0.09066463788170936,0.11107102782506907,0.005014318422331542,0.16060778422432967,0.1024954388093533,0.10707560668829885,True
41,0.12334105248148787,0.021553310574316684,0.014437841837519321,0.0815263454555017,0.09438327441546251,0.24884734010824128,0.02960926217784321,0.043213847337748044,0.19668587368138166,0.1464018519304977,True
42,0.06499808752019355,0.15692933989159435,0.03179374566518248,0.12415045313144117,0.15139916770198325,0.1528531895738757,0.06967805227836266,0.012490476110443686,0.12679359633622028,0.10891389179070289,True
43,0.08902754710963709,0.11384810512090704,0.0390490862192482,0.058779079351387285,0.10750081336273262,0.07323866972789925,0.09582369464365023,0.11697490093388896,0.12686258066492379,0.17889552286572546,True
44,0.11475771668177848,0.22679689157224867,0.00025890057330765174,0.006501916973505796,0.09535722146897102,0.20518113453549452,0.07210916671477291,0.15225689447240504,0.02863007042512031,0.09815008658239567,True
45,0.02161713920349113,0.11842248351201821,0.13972114304642694,0.02933690687693908,0.13143664057432733,0.17243106020386173,0.05900257732645706,0.13359523102126653,0.18868192387165802,0.005754894363554111,True
46,0.09689333959895637,0.08812800910320001,0.14935275342925355,0.08979392074461318,0.034534104280223125,0.12562866307707912,0.14744299210821407,0.1352374054833858,0.05462456124641691,0.07836425092865772,True
47,0.203589932074309,0.11241952736690071,0.035475310657133705,0.16588012410006547,0.12586697341241462,0.02022362912052776,0.06527607062544895,0.10564353301260095,0.01715835127086032,0.14846654835973852,True
48,0.1444470047151615,0.17147804673045666,0.006751475707071753,0.08610169089053606,0.052922078868018446,0.05019393817732865,0.16162935831257336,0.16943006419015322,0.08118834553669572,0.07585799687200483,True
49,0.19383557243871277,0.03418228895707248,0.21341373009953218,0.023769606827864352,0.155530158158197,0.10162198331227364,0.08173806733625845,0.019293012520099677,0.07585538446688428,0.10076019588310516,True
50,0.11939963211244035,0.08330352903639743,0.04880718444492203,0.07386827938260625,0.16712777789575528,0.1138090500551085,0.07051078132949153,0.1293548675122698,0.09651131484506405,0.097307583385945,True
51,0.0042796064788589855,0.2220894939257918,0.17795722546256257,0.048602266158326746,0.028887045054135252,0.010418144270068761,0.17212510029710387,0.2351147816234672,0.029283445530779474,0.07124289119890541,True
52,0.14225065904266787,0.13039669732592266,0.012003715638222457,0.10849470802173443,0.13029701697420884,0.042608258811659645,0.05789668025971115,0.1508583344241755,0.0763160693873552,0.14887786011434223,True
53,0.030696363334054313,0.12952234886484906,0.1787934967940492,0.13841898633547217,0.09937661724563832,0.06561686942698487,0.06015432040409226,0.19161532020117492,0.016239870939796536,0.08956580645388831,True
54,0.1527288738705146,0.10624660618726006,0.0586803352764487,0.18057653142436564,0.03546072965152593,0.06866315129843789,0.14811532611607356,0.08330929240511342,0.1199107720835889,0.046308381686671195,True
55,0.10198503006980478,0.1792972528264493,0.010870885555473117,0.2654837033266028,0.08015772082813796,0.1332602204813487,0.003997975982622045,0.03802048156840864,0.029879253882095346,0.15704747547905734,True
56,0.13855178645914043,0.13554637131690778,0.12508090346507852,0.1317815940148243,0.0656161604529343,0.15955834594180027,0.14188734416275367,0.03435819263950176,0.00018789666875489332,0.06743140487830407,True
57,0.1484025943805007,0.11576638617340666,0.03888644218876741,0.07424029514961548,0.016272538388389133,0.0804071894298512,0.035736808306048085,0.1574734912420793,0.188514135888849,0.14430011885249303,True
58,0.195770902613446,0.06891806202026293,0.02432394627441743,0.09886805692837014,0.2030787961123424,0.03816931406911692,0.004053877228084214,0.009146130625736337,0.12723451871472488,0.23043639541349864,True
59,0.1992686860548808,0.1771231224124671,0.2283961220415288,0.010545551560638357,0.0170531102908559,0.009780685160802346,0.0648520996252822,0.010673261407515561,0.01539083364115728,0.2669165278048717,True
60,0.1309623330426849,0.09718321647923094,0.12111127608388329,0.1362717280199909,0.017599867325479107,0.15001757208659341,0.14440122389496807,0.12109121164197977,0.030230812398925288,0.05113075902626434,True
61,0.0601708038887574,0.03265588263203698,0.046474041331482814,0.13717525659175428,0.11376561089448463,0.02668923411643228,0.17440572350254344,0.16203704007360528,0.09226628716457215,0.15436011980433065,True
62,0.1415414916224764,0.1628426743630709,0.1521917490163538,0.02088644307680069,0.13811802537790585,0.07190186471823568,0.09787567984733869,0.03811761868694388,0.1755747777840589,0.0009496755068153333,True
63,0.09619578391125609,0.08383718098585811,0.16777360245242515,0.06372284765650595,0.003931281630381114,0.02051612498860371,0.20423917657066876,0.11337810540049999,0.1949270933930702,0.05147880301073092,True
64,0.08561184709910476,0.0359953259226132,0.15609032516926805,0.04743522834676887,0.04867326277795508,0.17019190540179294,0.0456480292466196,0.16633440106195496,0.15506451510844751,0.08895515986547506,True
65,0.01927035095360733,0.12396525000230954,0.1285410108775741,0.09215691249216557,0.137070943169355,0.1002322539522529,0.08126402765359089,0.10383663476863095,0.07794967143855658,0.13571294469195713,True
66,0.1107475146546992,0.24923171982710338,0.07268307491195837,0.09721374432063978,0.17610253930085631,0.11821416791483012,0.0439453020938127,0.04089981903303648,0.03031996761678358,0.06064215032628,True
67,0.12600506928510438,0.11468534540515361,0.13119361261071857,0.03473187468232211,0.10240569917399323,0.07586930490572369,0.013574385702354336,0.16165232239450822,0.08294745732828201,0.1569349285118399,True
68,0.14929519284900866,0.1470584455408173,0.07068252730047066,0.11382336451763123,0.006374683731741547,0.018844414031695286,0.14216721682577504,0.10344521143506226,0.13188528080631914,0.11642366296147881,True
69,0.04422250608085498,0.09461218069752349,0.06255273376892695,0.11856311271590493,0.1269103328722321,0.1445396761339769,0.15859212983858542,0.11489420346404106,0.06950142869179009,0.06561169573616416,True
70,0.18652950737693766,0.010960502729701805,0.030575222863677733,0.22329086597064104,0.031853075872005476,0.23168629672596822,0.07969224123290855,0.129637957341045,0.05998285269967427,0.015791477187440377,True
71,0.05324731494504131,0.0735655005260646,0.11320222620768282,0.07373452804902098,0.1657261187917006,0.06189054078137683,0.17112483099825254,0.031316017985369024,0.1174736372960933,0.138719284419398,True
72,0.15034253762308258,0.1397929257812893,0.12227447885298022,0.004886484522242202,0.04899780326157445,0.15397710076827478,0.06273983685931422,0.1285925333951727,0.114939501369177,0.07345679756689252,True
73,0.006404540125785998,0.19973866308761226,0.06262752319533103,0.14150918966145826,0.05509324994269746,0.015816848620153978,0.13508449188519375,0.19472179553260402,0.18677087826742675,0.0022328196817365067,True
74,0.19629145395295827,0.18949950354745781,0.06526169378943279,0.02236460302918548,0.1266298065493134,0.01108773616697978,0.12000191836904882,0.13114373147650102,0.004434668713672187,0.1332848844054503,True
75,0.07247193294652614,0.07162963999213597,0.0885576764964016,0.09929947078527045,0.16346577066804055,0.11349580706633315,0.0886673489714673,0.08840989597018639,0.13513228371098496,0.07887017339265363,True
76,0.13162179726715734,0.15487940645979859,0.020026272182970175,0.15677486344395364,0.14667096072107288,0.0407901515609023,0.12045588549762372,0.10971572028263223,0.00980963324758817,0.10925530933630097,True
77,0.10641077528942773,0.11993123418766727,0.11316403330183417,0.062613725358957,0.19222115948707735,0.033243644256095946,0.14976273586344196,0.006592984732048956,0.07683111187777103,0.13922859564567874,True
78,0.02387568549715972,0.06202630385710778,0.1193496166433479,0.053573154333572195,0.21471765021991354,0.103459566626592,0.012897721270342331,0.18500938722752153,0.2103476273893303,0.014743286935112761,True
79,0.14313865363912615,0.16661863331738924,0.051875473946340685,0.2083491363456701,0.047870515155301586,0.05560094733489521,0.19795956940426532,0.03717269829668767,0.008769192097488427,0.08264518046283553,True
80,0.15444472119254105,0.14403729467503326,0.08166729531034565,0.041946739442177486,0.11469498350490034,0.17566707655964572,0.021988859769922067,0.09182980649631564,0.14451586998978416,0.029207353059334657,True
81,0.1021799975110083,0.007019320137472614,0.02781437815604907,0.1310174070577782,0.11991415527441347,0.14797087924154614,0.11798543854017995,0.15119334273183188,0.09060940806189391,0.10429567328782643,True
82,0.11372868438955416,0.09688198950677679,0.1312206594591926,0.04271490076337472,0.12292023499112448,0.043046823555823156,0.12586023947077007,0.11306043971331395,0.07836724913502874,0.1321987790150414,True
83,0.07993885352207304,0.14908376898869755,0.04486227528560511,0.14454015979381596,0.10396753054573012,0.11710281113504487,0.16834354446379218,0.06658872532328992,0.11822907005522226,0.007343260886729096,True
84,0.061229965926524806,0.13046294983220005,0.15971326255871093,0.07839901190390934,0.13073291859703162,0.1123575152524219,0.00043164719457061473,0.156584172390656,0.11185496804499523,0.05823358829897964,True
85,0.1852252250905305,0.07500828726581996,0.023758351261010873,0.04644393720972337,0.1489990480942795,0.139069005973866,0.16884417010799077,0.05898441555184414,0.004718924473056615,0.14894863497187827,True
86,0.10687108678838565,0.13814006153057776,0.15473974657000023,0.13881144392817382,0.001739652295157223,0.11302406927302104,0.025056233997485355,0.11814762606327013,0.09184549181835211,0.11162458773557664,True
87,0.10482603194913113,0.019488204207809754,0.05778175505884671,0.06349099564847763,0.06519734567270995,0.20338190871236442,0.1928043295072326,0.005387279223729163,0.14066098141666497,0.1469811686030337,True
88,0.1291726975669853,0.16734524186837976,0.10014930841242642,0.07014409619849477,0.07394287383057689,0.08952075770977372,0.06177131788737279,0.09503815930177988,0.057478693135081624,0.15543685408912894,True
89,0.01982431659946444,0.07141808620855353,0.07389718250696933,0.22717369489979375,0.0983320579737301,0.1596649476196503,0.07647945057909061,0.02510482829330672,0.1343017406754706,0.11380369464397055,True
90,0.10581072513226106,0.10140426596591491,0.03232239711578663,0.1378716567827194,0.017465370872623922,0.008928574677954949,0.17113663849657748,0.20586428479429184,0.14830043004207447,0.07089565611979538,True
91,0.0678031913565185,0.04845458568399047,0.1687140149341269,0.13478127332178708,0.04009791733673686,0.14557648945511997,0.17633272122402183,0.037529442307679385,0.15376152108037075,0.02694884329964817,True
92,0.07932227632893803,0.1109785658678088,0.05747133858069146,0.11410465910839676,0.08400098371115897,0.11294209622297764,0.05410310207673504,0.14719716807604466,0.14359663371569348,0.09628317631155518,True
93,0.13524834518773474,0.09961790036775109,0.16455798581603234,0.05649029743286447,0.040321356823927686,0.05309967049811433,0.12961832354737132,0.15868375024927256,0.06904394223769432,0.09331842783923733,True
94,0.038503796418106216,0.1198431492844925,0.150961701890981,0.1466194053950166,0.14324946503611907,0.15802710574001919,0.017960450611399885,0.023854594528896576,0.1440043471947674,0.05697598390020175,True
95,0.012374242699430832,0.18764654237719502,0.03422187251986645,0.05580506522493793,0.08525198988967406,0.11202308939056307,0.1423972971906453,0.15430321861974186,0.17725261482671587,0.03872406726122952,True
96,0.05033754754931228,0.06200256530675218,0.17795697220799317,0.15794197794113615,0.1315832381600002,0.14519748035487914,0.03677721263868292,0.1286529227178474,0.006076265166162734,0.10347381795723377,True
97,0.05920653657126525,0.09371624336660576,0.12030922639895678,0.008489511164254863,0.021895539502190635,0.16189845535929046,0.14543271323483367,0.11661039389570554,0.1888843659183634,0.08355701458853368,True
98,0.07146614130990042,0.018912673626716014,0.1421886281600112,0.053715115272778204,0.01171377198947188,0.10418744072375007,0.1587186092105904,0.187935531751663,0.14254860287735496,0.1086134850777638,True
99,0.014895952021055559,0.08567738400320526,0.17701405021410238,0.001091916633652486,0.19103889325971496,0.20560783757353024,0.12702363966244726,0.050068658096780086,0.041994010410588554,0.10558765812492314,True
100,0.026627784257303062,0.1520019081482867,0.09493075411410462,0.010685536801100522,0.08710910280129928,0.0843990320993241,0.11801501006624074,0.15245012146201345,0.1902816720806281,0.08349907816969945,True
101,0.13189322903974768,0.10751771563849451,0.08026735542522986,0.14644701353284875,0.12116766822866534,0.11073273461178544,0.14094366293989102,0.13906354194896012,0.0027537404256817895,0.019213338208695464,True
102,0.07271717954782397,0.13933969217379194,0.04371336944246294,0.08760949845646948,0.10866756308928695,0.1596500258228089,0.10014412753954331,0.16200812911578533,0.12064365448917036,0.005506760322856654,True
103,0.18128268935600544,0.07752325464757283,0.16614687572944284,0.10496613579752774,0.06486494701228154,0.14161952071834225,0.14418817606141257,0.06751133253481996,0.04666340851948304,0.005233659623111709,True
104,0.06854309840228691,0.03816150417354039,0.03725045289826218,0.17280531075181108,0.16355082451375869,0.007263798032018265,0.05174267042978535,0.10939061691992624,0.1920581070513161,0.15923361682729464,True
105,0.15586690367390524,0.055147997169409116,0.11715508791976717,0.02762815144205286,0.1685537744905117,0.17683925851254628,0.0156481757884111,0.18103441176301602,0.04068518273838816,0.06144105650199233,True
106,0.10409890792057722,0.1476438783826199,0.003952259056535798,0.22109416045431576,0.09371403641420488,0.1704674303636752,0.07208460088763066,0.12633608779852573,0.026142714074925785,0.034465924646989145,True
107,0.09853183062602319,0.12575028438281707,0.08192732394985186,0.16695216241819583,0.10915022450785712,0.1442688716740699,0.07363507423734629,0.029931295287689164,0.08717365623043963,0.08267927668571003,True
108,0.026778243340686264,0.07778722778947704,0.16224362898835207,0.13683770632449638,0.022465861662647465,0.11031952965622951,0.15952901222718682,0.15779155564345174,0.11121634001184356,0.03503089435562903,True
109,0.10294311317455113,0.19978866218343216,0.14231886130129592,0.02183198155162222,0.007393336588187591,0.13310137767699176,0.013291919812183051,0.17374014619675132,0.05801420300441254,0.1475763985105724,True
110,0.05378825732751085,0.11306713965027995,0.12340505228531665,0.027575056402328796,0.04578114020522295,0.1443860461334781,0.13112830989717283,0.14547202684156388,0.07475361731060809,0.14064335394651778,True
111,0.023317326619879508,0.14713467563954505,0.1661818769214994,0.027969192386865967,0.01864398838575914,0.17598811045699353,0.08046805168251321,0.12259193036961344,0.18343496978426385,0.05426987775306712,True
112,0.11514632198357196,0.10399629659028994,0.07129689279799115,0.19009101516251406,0.03452388499542766,0.1690315408086274,0.04759788702982831,0.028448286041431018,0.11149176198223608,0.12837611260808232,True
113,0.011844855698110383,0.1421810480402299,0.06885694992426032,0.16632584222626257,0.17736771776970686,0.09784390618453752,0.0594440466604166,0.10229371623823078,0.019875125332665708,0.15396679192557944,True
114,0.05827018332464779,0.12770598824268536,0.020025103611441136,0.15864192664633328,0.09321860274971341,0.10360680790889178,0.07242874583841713,0.15073190120310193,0.10671711545975064,0.10865362501501777,True
115,0.1776672636593801,0.059031597115484044,0.027744165871541396,0.030259183846360903,0.0950363377080798,0.14796185124444616,0.14887461942429497,0.0028337197248065834,0.19499388916298577,0.1155973722426203,True
116,0.16638889091041534,0.1343133244168489,0.06297365082793278,0.13172706634711417,0.052967125312777336,0.06288773176299056,0.12840966633271517,0.09440372090002655,0.10303478192631856,0.06289404126286062,True
117,0.13121922286396775,0.07705416621094416,0.12926623997273343,0.10016565729889226,0.11957402481200857,0.08123246551419873,0.0711396663787452,0.09809692953762088,0.09941152394337437,0.09284010346751462,True
118,0.04454821411253242,0.059965682477864574,0.12739388410201086,0.0703733708414039,0.17387875469328276,0.012477182221702385,0.13733501214724395,0.17797735680144838,0.08749744256332931,0.10855310003918153,True
119,0.1184908236454861,0.14505221158467435,0.14487015108996448,0.1393067753855161,0.1144969759235839,0.07293374350813901,0.06838077587257882,0.09836137838681418,0.07126111161315427,0.026846052990088916,True
120,0.006367651572012129,0.18932808058505476,0.10562919319528884,0.03354169465251403,0.058754529784901074,0.07828557833244117,0.1581578017816607,0.1726243709735033,0.0934756187559489,0.10383548036667505,True
121,0.10747385794095718,0.013644156362541217,0.14114854132936647,0.08010643996602294,0.14103251782817777,0.1105148202509003,0.044488858489607264,0.1368647596920724,0.08840291579929718,0.13632313234105717,True
122,0.019471560104838036,0.03593123651441212,0.039733953539396245,0.19108469541277973,0.00289522600448684,0.1779234245827196,0.12586801745323636,0.18573725900678018,0.043636788570676946,0.1777178388106741,True
123,0.12072990952875737,0.18419416097274957,0.03798046474951418,0.004632030096284655,0.07466821249074607,0.028600397027392054,0.17063259043137063,0.23495252928900676,0.13870940012661834,0.004900305287560462,True
124,0.018142200561175364,0.03606754458615893,0.10104155572169193,0.16224179365192018,0.031326185020442925,0.12909280180337843,0.14744861306390547,0.1421867237739957,0.06698869386280577,0.1654638879545252,True
125,0.08112830436702549,0.03038323291980294,0.041612964531449824,0.16929868113088548,0.10717847858207967,0.1102220081764321,0.023326906115036527,0.1273916047437469,0.18028716016337193,0.12917065927016919,True
126,0.1663959849710736,0.028986504267645447,0.04050180460036628,0.18425025768880024,0.0314849358711299,0.05283143526912495,0.15320809466530025,0.1658088579248512,0.019086639978597695,0.15744548476311063,True
127,0.006063719220170266,0.09525598542276585,0.17818707247348067,0.13294041180732022,0.10522157600574034,0.10690845492294969,0.06210816535138953,0.1546124103763482,0.09646601855847106,0.06223618586136406,True
128,0.09029299792966056,0.024316252063039712,0.03480451576285095,0.11104014331928212,0.10494757566799594,0.14923356812249672,0.15971907840619023,0.1487118893510081,0.13938005918869958,0.037553920188775965,True
129,0.08210014181491196,0.1382720013158136,0.07203293440517144,0.16114357973127538,0.07525544374359537,0.053325846126027934,0.10759318621074825,0.14015755277109473,0.10024677079333673,0.0698725430880244,True
130,0.005016596059708618,0.17242775072227443,0.046956952892352105,0.14808905058605498,0.18175770725146745,0.06964495092945026,0.11364575271018407,0.07706524284157772,0.02969742584551494,0.15569857016141558,True
131,0.05421289797939323,0.033440415824720564,0.16300666251828252,0.18515419763140795,0.10055359530380949,0.01437421055711549,0.17462624381591277,0.09531768823516794,0.14447226988321182,0.03484181825097813,True
132,0.13937462921437094,0.033109071238702936,0.06914864622495671,0.05089221576079786,0.20908936544952367,0.13311116459583958,0.028929022429082844,0.09065985528123784,0.18830797301060861,0.057378056794879076,True
133,0.05649047492828675,0.042862233836423194,0.11239799282464985,0.23371553114800767,0.08443579940695807,0.21408740650689523,0.09424738315877579,0.006567185693703099,0.002544285248538995,0.1526517072477615,True
134,0.017478153996169588,0.10267069640661329,0.14504579810520324,0.13696364994615765,0.11463592543547539,0.1295220403204079,0.09929255406494802,0.034522484841689606,0.11541746525859056,0.10445123162474472,True
135,0.10449779997869414,0.04761993678646802,0.0364840449354491,0.1287288409181943,0.14103585354453288,0.07510638067824517,0.12052659950090631,0.01115325074328086,0.15463855694026357,0.1802087359739657,True
136,0.02502708855508668,0.1496640237326347,0.10518665250860239,0.20636346476424555,0.0008626110196012685,0.2135402766445306,0.00489131203147717,0.2076740902088048,0.0675973798738313,0.019193100661185358,True
137,0.05827488939607016,0.18250194299395975,0.18733169647221937,0.1344316676625041,0.0896227476895136,0.02129215087397976,0.1767960311772927,0.10412347561933825,0.02245777361370008,0.023167624501422058,True
138,0.05987731947900089,0.19344997610944925,0.11186601916296182,0.12401638214291416,0.030987147909530256,0.17364327401084304,0.05828239537377342,0.1523021577031853,0.06469305657136666,0.030882271536975182,True
139,0.04298620795288602,0.09801140846927756,0.13397114333950758,0.09518624320406652,0.032523891660792156,0.0834094312306412,0.19203402045825158,0.15633821140188758,0.056219045179983926,0.1093203971027058,True
140,0.17549065392753435,0.1052408837894311,0.006666459077536407,0.10930161982791983,0.06963066534151935,0.08902058303509806,0.14593915138111038,0.18145580787436297,0.08270019252313617,0.03455398322235127,True
141,0.018684590532677004,0.06096180884385066,0.15770733985353044,0.02001417265333871,0.1548900148162929,0.12578994993733625,0.15954338978328883,0.14606612120874046,0.13234565533140089,0.023996957039543923,True
142,0.055142051379205706,0.07514164132058351,0.16025537982709165,0.045315521610345084,0.18951307765104108,0.17223985872074035,0.07737597121407527,0.06806954002725082,0.10656721416050856,0.05037974408915802,True
143,0.1253682456300874,0.0777918719059903,0.03463877438449546,0.1213518400821601,0.08456443940260162,0.10861063831474105,0.10390626185387686,0.1489610430795237,0.09633867198955515,0.0984682133569683,True
144,0.047356361720427245,0.06766890188762167,0.1477227271513325,0.020634554128830432,0.12887099685720393,0.1460552884939949,0.04756565882537035,0.17441792181554922,0.14446587662909274,0.07524171249057698,True
145,0.06269439371449953,0.02379066532296719,0.10666899907088324,0.1010634823026771,0.1431840031967865,0.02211055651857657,0.12812516002805022,0.18139038580923597,0.04884117844495816,0.18213117559136552,True
146,0.10250430695246085,0.09146801284566235,0.2848927476358373,0.06440348455478158,0.012623791500232443,0.21282014518829764,0.05178726116136861,0.03444707629730117,0.057291484174037954,0.08776168969001996,True
147,0.14652972783744406,0.013462114787630373,0.05803250342980534,0.028992673593876375,0.01811531104512425,0.2540791279033177,0.23160259229495314,0.023331610642300122,0.21165131992261688,0.014203018542931812,True
148,0.09593392752563507,0.07688723606728012,0.08008088546899737,0.10055030132779676,0.10105983537302889,0.14387181921001,0.13119751925608578,0.10421382608470481,0.12102774033845608,0.045176909348005154,True
149,0.055962673412248524,0.13042113181865647,0.006282103557019849,0.047919639083426536,0.15637864931643713,0.1419232719230587,0.17326581781081452,0.1670980767579923,0.10340622735886676,0.01734240896147912,True
150,0.04230312239307656,0.16804707110973474,0.16961371501991684,0.04436359314204419,0.03421864351247871,0.14766307809624804,0.015200311180706489,0.1018784412511444,0.134261963349869,0.142450060944781,True
151,0.02687429924753709,0.0035548282655621746,0.1546833691020334,0.17078869289668477,0.03882111428210436,0.20222627677533825,0.10535934146873058,0.14040011102845487,0.011968696646040111,0.14532327028751438,True
152,0.17078069946632154,0.17930004908104993,0.1583421702674772,0.0040386721349743426,0.16523644595616008,0.08855835241123568,0.014298660846428607,0.1068956185978252,0.11096135900524137,0.001587972233285953,True
153,0.0703336202043099,0.1502439375128065,0.1359904986297596,0.08877844796218327,0.11986234292021555,0.12901517362758214,0.03534582373738145,0.13567752212446646,0.11938489943765036,0.015367733843645013,True
154,0.11470627237231056,0.011093291132971722,0.07051521789788648,0.045251470670734824,0.08784821784229241,0.006166274232886038,0.19212007013893062,0.22470855277282525,0.13874128682881004,0.10884934611035203,True
155,0.15133326895465915,0.055838693734438206,0.15807831286656596,0.13867195707742633,0.1347397262752939,0.024314779003591053,0.053931499364967495,0.0811995170147111,0.07384129230432034,0.12805095340402642,True
156,0.07061888759565031,0.10706828087262864,0.028177170803264314,0.015406678179074708,0.23836730826092986,0.20113776841308903,0.14485345410291658,0.07461983193441624,0.073276509107007,0.04647411073102323,True
157,0.16045254863682942,0.1317106472384332,0.08462914373078644,0.06820722939837524,0.17475026307634112,0.012150755758104917,0.06936892268128739,0.1277643752295311,0.031048078287680695,0.13991803596263047,True
158,0.15936446779469637,0.1349078108154398,0.16157683859444286,0.08395747467971623,0.09585468861762493,0.01689957299700174,0.11846651965148912,0.1454403362762957,0.032930536513164826,0.05060175406012842,True
159,0.08428577008861289,0.17169228541896475,0.0792942952251212,0.20461604328892236,0.10259908541910283,0.014781887809617306,0.026076094881977117,0.17417354777272492,0.12223510122870702,0.02024588886624974,True
160,0.11842999358387414,0.06812412025419554,0.1372262148667991,0.15836966731707994,0.044884719856940036,0.06194877379405704,0.1509537826800171,0.04027696396174016,0.06297756914554677,0.15680819453975003,True
161,0.2039257152231674,0.11146574826452908,0.02853989465169652,0.1637746794911618,0.14488292529545793,0.08600614440154261,0.0723730805901933,0.028073108079649557,0.030838449800757502,0.13012025420184437,True
162,0.07021619545248521,0.09763735562420038,0.0574548000996756,0.08705913389003181,0.06359037107390987,0.11755216622070329,0.1371390772846915,0.14798033322238915,0.09225332639491346,0.1291172407369998,True
163,0.1767986721777538,0.02173280107084803,0.08907404053640847,0.014559829524234898,0.009659550601880368,0.1256180636489887,0.1163496041249849,0.16759911785822787,0.11889995020165126,0.15970837025502171,True
164,0.03378681139748053,0.02341467292548864,0.18002336625451063,0.09477906721486157,0.18202773965796556,0.09187928716748767,0.05624516327866111,0.18649066632785813,0.13059117860534816,0.02076204717033804,True
165,0.18129713576642806,0.10632656290674547,0.14188592708458614,0.15796469777862862,0.06035107243460847,0.08638738494816428,0.02845616016152753,0.04115374537521182,0.15633222960966583,0.03984508393443379,True
166,0.08199850244874085,0.1865160916371181,0.12996295619493814,0.07505875727495893,0.005517011469741669,0.09712538535322755,0.2162456022929733,0.1478639819919691,0.03130913505960792,0.028402576276724364,True
167,0.15956946723249862,0.12046902418749436,0.03546784636266417,0.09857595188876017,0.16777715664400644,0.013163317262213882,0.02245809363018514,0.058999243506633596,0.1694347326684494,0.1540851666170942,True
168,0.1750133836439668,0.14676809940465887,0.10764738543149971,0.04596553246228681,0.07340698704871214,0.0798210769488087,0.01937651629306624,0.12182130810143703,0.08009197458869502,0.15008773607686873,True
169,0.001891661303911364,0.0826610558112268,0.11140657816205614,0.0806208747697133,0.10929311662074938,0.09440899697382879,0.10888919338880453,0.15570364163281827,0.1164306892490926,0.13869419208779885,True
170,0.1671846998496534,0.049534711070244195,0.02790361283660926,0.01462734883127554,0.10810402529917314,0.12424013327249782,0.14005777503124392,0.07280927487849236,0.16510212984731637,0.130436289083494,True
171,0.08566912967815876,0.2209140776279738,0.176778355051581,0.043488461281854074,0.11857444915347973,0.1403152364307711,0.07489401622314022,0.020838070285470918,0.04768165258478884,0.07084655168278146,True
172,0.15008684436473188,0.2262859490495284,0.00369173316324653,0.05725517126299073,0.073972179588879,0.242530943115859,0.06636072295747346,0.05066322121951532,0.014733686827102438,0.11441954845067318,True
173,0.0890151822778166,0.11297221144443871,0.05451370224405673,0.030642595538190015,0.05348445706998778,0.2635987370560218,0.08156842708684928,0.003824342255990781,0.11615662282848963,0.19422372219815867,True
174,0.22136038645145753,0.0739527250935413,0.018027767196779575,0.08880501930371197,0.09723401859851441,0.19349054190329035,0.06092961594322686,0.129524535176779,0.08327560416693174,0.033399786165767116,True
175,0.12387067738693654,0.10608779383468642,0.06217255726101346,0.005894759871535349,0.08889171870014267,0.15968161133730382,0.0829614307106925,0.06453116408147595,0.1616623268652536,0.14424595995095962,True
176,0.07400240970539809,0.1421388007198045,0.15850441481450908,0.10928331994393159,0.010999320741498446,0.07214321710628578,0.124588673425278,0.06739809840940092,0.08801116404505939,0.15293058108883426,True
177,0.11959118806482177,0.19048023716733245,0.003485888658821113,0.14060341584614333,0.06905488734012692,0.1410527106951163,0.1052036164552882,0.08944060759756875,0.09860390705097152,0.04248354112380964,True
178,0.030167463674211616,0.25639475459040906,0.019603329882804634,0.15792563651159383,0.10402758716950264,0.15569475548063952,0.007105510654723831,0.000717192940039133,0.23770336104729714,0.030660408048778513,True
179,0.08408513006275227,0.18630876096162724,0.1012987006917966,0.19186238546320347,0.03687428475533792,0.06780007932097745,0.04360448154849453,0.06954052017970384,0.1421889008371635,0.07643675617894319,True
180,0.12982128092501358,0.10753479461766777,0.0071558284164746485,0.08152100343676924,0.13271719744404745,0.01710887432223709,0.09486381761646226,0.12100776074726283,0.22859862811883183,0.07967081435523343,True
181,0.047080416160763486,0.16264374832382122,0.12853742990701164,0.15359938840015921,0.07869659559840189,0.058063630964810195,0.06773658330357962,0.055988903924155016,0.09771866495369252,0.1499346384636053,True
182,0.07925949000367774,0.1093796723603948,0.06519687725534316,0.10657393992345757,0.13601268355650223,0.06890350011506137,0.10997545111017001,0.14218195514502527,0.07394789319476054,0.10856853733560738,True
183,0.21039979780466767,0.00827610605863502,0.05537176992991478,0.04627347873891803,0.028899865272697226,0.04367097646364309,0.19633366897658952,0.17924959638605711,0.10946125384678933,0.1220634865220882,True
184,0.10535886122066548,0.016397166858693902,0.13511411403695256,0.11543448941159827,0.0344757458540054,0.150522830857875,0.14829535790707862,0.1898632535090669,0.08767887478475171,0.016859305559312282,True
185,0.08212348631041416,0.04742205333293567,0.13526458065023025,0.05745500561663124,0.16056443799011064,0.0577537992916716,0.2246638306378045,0.023265266619400315,0.12471212352913326,0.08677541602166824,True
186,0.14373650306031224,0.08518633940797438,0.12521925420918045,0.0774578310118478,0.11501965115986942,0.03279181667304666,0.00267931012071079,0.1565896338645709,0.10637575826321431,0.15494390222927298,True
187,0.09917463671076439,0.19631816529237942,0.06724456727297168,0.043426141611447436,0.1452367434561161,0.048975416530742326,0.039905577936066874,0.025161618703036827,0.17884248754506157,0.15571464494141363,True
188,0.0010184059272925294,0.04115215881899748,0.08733273884289794,0.21083550370695134,0.2366451359282861,0.014592079870548225,0.05831008431819876,0.1407103436716681,0.021926130642035743,0.18747741827312395,True
189,0.14835155148219414,0.06389294209470248,0.03235749425257275,0.11230626505752647,0.16080054820191517,0.04407556923510965,0.14668298690614842,0.08967587461392007,0.028919028345627956,0.1729377398102831,True
