ID,strat_res0,strat_res1,strat_res2,strat_res3,strat_res4,strat_res5,strat_res6,strat_res7,strat_res8,strat_res9,alive_at_end
0,0.15123195587418753,0.09262651648273934,0.12874717202059618,0.05704184426587749,0.14421951208651493,0.04697506880552316,0.08413061440557318,0.0931022450103002,0.04745423126332342,0.15447083978536452,True
1,0.19619103463037235,0.14377512386825603,0.014197329786908264,0.1287007130514576,0.14072498805158365,0.0882373545686509,0.010342700194066986,0.14249881782392484,0.07611690700411075,0.05921503102066857,True
2,0.023810465675706233,0.13666640416714265,0.09689580676280139,0.0775989599747071,0.1772664656770868,0.16113688273759008,0.05429298137050851,0.06822667204507998,0.15560232832190277,0.04850303326747435,True
3,0.1432345093927224,0.10329150292141889,0.09451531021491698,0.11974768947335004,0.041751321250701925,0.14016130371785654,0.10508377083712646,0.02672226304756198,0.16963583008103708,0.055856499063307585,True
4,0.04305744187069747,0.09868465311890413,0.07870869152773774,0.10260845136408199,0.01784198780005325,0.1502002048982469,0.15599870995622728,0.12390153154145496,0.10565565714405274,0.12334267077854366,True
5,0.21060773185355885,0.0882395213718801,0.07966907765732818,0.03378801849592359,0.20865753545230867,0.09130169036441182,0.09819073053970476,0.022669399739725617,0.015541342664120437,0.15133495186103796,True
6,0.10844373548004377,0.16201282675713258,0.07280144930830221,0.01562352653221475,0.12611763384069447,0.10564597905809534,0.1679642235361296,0.0707418265924476,0.015497191624137485,0.15515160727080238,True
7,0.15758169925148222,0.06092858095949423,0.0072771455131157205,0.12229279283514644,0.07899010178356941,0.12651522111128463,0.14971807530618125,0.0913776997697675,0.16318523717527242,0.04213344629468624,True
8,0.060963329762143414,0.018317017131501273,0.0690757317424665,0.027230673082526878,0.15662645847089812,0.15645935568255795,0.15973089306710223,0.18203334141161617,0.006646124855147995,0.1629170747940393,True
9,0.058322420673590995,0.044780120550859524,0.167036041342835,0.15651252286966133,0.018515994350160755,0.03159091530153944,0.2226666171035443,0.06916406899371576,0.05770418507776962,0.17370711373632325,True
10,0.038139651310660286,0.1657118256788905,0.010270919241777782,0.03852005778671045,0.21466135330129707,0.12468244299368315,0.0005984921938898766,0.11403079747274919,0.2147777550463235,0.07860670497401814,True
11,0.10960392366382926,0.07700895113286914,0.09691327594018709,0.07375736379579799,0.11747641586306148,0.05106210864628862,0.14824935118438978,0.11167622342807161,0.13500121965703635,0.07925116668846856,True
12,0.2013628796753645,0.17759812950271844,0.10355000814093446,0.15539426190655584,0.108415766659745,0.021707524146163643,0.023053240694029788,0.002629944000779811,0.20407784236627002,0.00221040290743831,True
13,0.051892263497839874,0.011707837857297336,0.0211073093563583,0.21831233829457275,0.019664241539287575,0.030311598841082286,0.12285647834982112,0.14349028790119767,0.20019481176345602,0.18046283259908708,True
14,0.08931736279905665,0.06966870816630037,0.032242187891620096,0.08391980932087999,0.2536317074084039,0.012805849844556067,0.21759804481186779,0.030077837585431526,0.20470694138232678,0.006031550789556841,True
15,0.029715061913439207,0.16172601443336884,0.0799615839979599,0.06789613827108439,0.1083005461111197,0.07857162359613942,0.17095562324479904,0.0273060120080233,0.09441492540820648,0.18115247101585982,True
16,0.15493817680980038,0.08027361868185151,0.03652048985886317,0.17173166658549616,0.04038487106280971,0.11980710569966169,0.07176239533365741,0.05241846020586069,0.09695266606923432,0.1752105496927649,True
17,0.029203203363197795,0.12374194935439332,0.1441304713378381,0.06891457606956715,0.05270188034536962,0.18435850347656405,0.18449357308343353,0.10155622737100382,0.0569262163062361,0.05397339929239655,True
18,0.04375005526386542,0.03630811299480233,0.04423867887437693,0.16500304706657992,0.009854580420320195,0.27099187836473426,0.0431931148716299,0.048666288909954905,0.0717603144044909,0.2662339288292451,True
19,0.09089274290805788,0.048816034600139016,0.09947768030064094,0.012764685301363906,0.11803228933790537,0.10522471635555497,0.031206912666044213,0.20441562247255762,0.08382967771744229,0.2053396383402939,True
20,0.017198366740769702,0.13987424192267456,0.12108639914889328,0.08079926471314017,0.15217311962665508,0.09870656434090039,0.022673905841684043,0.07697662508375336,0.18608471873301763,0.10442679384851178,True
21,0.07438320612861078,0.12871342643317946,0.08359949142781323,0.12731224899773275,0.12310218552728285,0.0914671173565723,0.1084141845726678,0.12563873914643153,0.13495828714702332,0.0024111132626860703,True
22,0.1928302776611553,0.17122482148292809,0.11531388432939987,0.014113753702540355,0.02927119250903318,0.09034944150771347,0.020854179162492683,0.08355268712937003,0.21363585982870273,0.06885390268666436,True
23,0.17608478435936759,0.012020196082068163,0.025204289390201664,0.16382815764603198,0.13396708780128724,0.012760741542389497,0.1448920574799005,0.13153288838824925,0.02918605080922963,0.17052374650127453,True
24,0.036048293868153246,0.11893382729503423,0.044464504544079256,0.13865250461063872,0.061008936172241374,0.1342872459460306,0.12134086339132279,0.13640100950968784,0.144896633080642,0.06396618158216992,True
25,0.1339110764187846,0.16136029832999224,0.13918051561555975,0.04943144318470705,0.06757977209068236,0.07868334962633025,0.1185623053913996,0.14293486396789615,0.03960447450665361,0.06875190086799424,True
26,0.14884532220462504,0.12246309368663166,0.05103225737152197,0.11554836533476387,0.1406493321563156,0.06619528831407284,0.10103634555612356,0.011611147209589417,0.15493979485724166,0.08767905330911441,True
27,0.011061845610648666,0.10475697353036181,0.04426138657010467,0.06322057666656472,0.14788205092640666,0.044574819447096445,0.1826586346914332,0.1587420722773118,0.0954484287070742,0.14739321157299773,True
28,0.04145831308995679,0.03431927598978027,0.02173173769824599,0.1047756527979014,0.1708054134449474,0.13150905415063527,0.17422526272637542,0.12243493795600302,0.008260174611741321,0.19048017753441313,True
29,0.052611214314922876,0.16563025778572452,0.08500506842218154,0.09284758859463343,0.1738248335922588,0.051008609132096816,0.013711493490906423,0.17370625985314408,0.044506238074239104,0.14714843673989245,True
30,0.026413903687324023,0.07491747815440492,0.14837698748284564,0.15921147376440128,0.06932611174885006,0.16454428451414152,0.05353267498049716,0.16242730535274263,0.10769129804032503,0.03355848227446777,True
31,0.10638809453604449,0.08560107030712269,0.09098395829115558,0.08162023207014257,0.13203875044650856,0.08718173560700923,0.10507752823592889,0.0899409684322217,0.11628016863413874,0.10488749343972764,True
32,0.01741005658098789,0.09102213327632967,0.1645914198732675,0.12672709636742732,0.154163187554945,0.13600057760721215,0.10198415500966593,0.10493511512409728,0.03447716960218955,0.06868908900387752,True
33,0.16999209967569395,0.035136442779150345,0.07530454394501646,0.09399776162907095,0.20260051449116767,0.14511762494713784,0.07462054381179221,0.008541905310099676,0.02042067330215869,0.17426789010871227,True
34,0.030867395202016628,0.18870663766597778,0.0036540745875592927,0.18533455425049206,0.008783018134842516,0.08809134537983387,0.20215283493012762,0.1027349194592107,0.09484622687376992,0.09482899351616969,True
35,0.09207351106730158,0.10517179572873066,0.053855177932337364,0.14559951103994176,0.09562406773024382,0.1296167215145618,0.04652180619029464,0.16521340872227228,0.011246833896472627,0.15507716617784345,True
36,0.06986556243621882,0.04255737343501656,0.1294289554345381,0.04957478279316287,0.033750101969114724,0.11868971119292772,0.14197827182279274,0.15174464768470458,0.12426272890119323,0.1381478643303306,True
37,0.08522366786013713,0.20162691037533317,0.062190697590206324,0.04351868744144653,0.19193520604556502,0.01341104467385075,0.026142141262834078,0.13862633756967582,0.18657961286608643,0.0507456943148647,True
38,0.2357472320500371,0.005087683234651175,0.002873492143814628,0.063982744511504,0.16263299974646545,0.17172338508097015,0.0844522413200982,0.13300720639053762,0.03684230415683137,0.10365071136509037,True
39,0.1550589357225359,0.14529569640180293,0.0011413599701565846,0.10042144227262569,0.11966990300429557,0.06554128087249056,0.05681086937398242,0.10086741233971987,0.24062010056421057,0.014572999478179853,True
40,0.12547089845553522,0.1411556657873853,0.132016100004926,0.03614726619571488,0.08726106376982062,0.051212263340502134,0.2149071257768449,0.11088758867195382,0.0846119386960781,0.01633008930123897,True
41,0.03580836415685372,0.10495681830547751,0.07004334709621969,0.07988874880618457,0.02363596666421592,0.19977370565538713,0.19211578618190703,0.2678829609450475,0.0030604878268186866,0.02283381436188823,True
42,0.19759898439778129,0.015548169644716016,0.04073064365404204,0.10202760842192629,0.10681315961286089,0.19605153297672287,0.14056227244298908,0.061410042606655085,0.018436760043133552,0.12082082619917267,True
43,0.1499896651010923,0.16440763375804543,0.06577039276739245,0.004061183843625305,0.04073771631189543,0.13227660614023384,0.15447676359064094,0.06989740017961371,0.0815153355431797,0.13686730276428097,True
44,0.018141802924430163,0.023131991574349232,0.048019383511144806,0.3781335548388176,0.021634293784690267,0.011537704172592627,0.12878428308657514,0.0767709335567262,0.01622286507368132,0.2776231874769926,True
45,0.019997080414486404,0.022017677501388045,0.19163610510304013,0.1990925443782682,0.038564233195256266,0.1083919551061093,0.14377832093648393,0.029155792190610885,0.08219113409737462,0.1651751570769822,True
46,0.11076437135672923,0.1516873953653324,0.10020373565069059,0.10013200436525076,0.016195866785085528,0.10465521905117976,0.21608364325615312,0.0299397338891569,0.038839030581731444,0.13149899969869017,True
47,0.002114299666957749,0.120611791428618,0.1797817040755329,0.037050483731419386,0.015079978782946434,0.019999088118902587,0.12239838325038072,0.1780545222918631,0.16564330341495032,0.15926644523842884,True
48,0.09062072781117586,0.026169121650311364,0.031077551993745914,0.012047181591604048,0.05100782815522465,0.2764759751041965,0.2327012437686156,0.04368762599569415,0.006907958519032476,0.22930478541039942,True
49,0.037744917718025135,0.07717185280315554,0.1180988521441413,0.195131285581442,0.13193940073959304,0.00814208173423924,0.12472919946444162,0.0167330228002991,0.12382085557973055,0.16648853143493245,True
50,0.1497088313189616,0.014479708220619248,0.12564243739325873,0.04344170770526643,0.1018055322116956,0.03549886369396886,0.1134224314400172,0.15817206854402485,0.1901383199301705,0.06769009954201706,True
51,0.06801925070805419,0.04851858167554488,0.025939546820102986,0.2010108595038866,0.16686232185646674,0.05742581699803335,0.002333790610817689,0.1824269345869097,0.0004267575066268401,0.24703613973355715,True
52,0.03158287460065745,0.14122966930355013,0.03552667803738776,0.05222173433686658,0.15956305663001352,0.06175012082565513,0.19882216121018004,0.16557555710190758,0.022067500083203382,0.13166064787057855,True
53,0.06014066291431394,0.17914358791820356,0.058787882966006434,0.18912035676492023,0.020943358092860027,0.18163378755955792,0.09841337765717073,0.004218131127597708,0.18650522235541037,0.021093632643959033,True
54,0.04233056462108125,0.03557318780936754,0.023377228037155705,0.06318273545175986,0.25876188936456057,0.1488960900879935,0.07628389308649376,0.05865383066908603,0.2510376964771363,0.04190288439536547,True
55,0.18780952446789456,0.2562938389862021,0.05302473269930973,0.1831196226573627,0.02787784141585528,0.0049724224484861,0.027221660701151503,0.23464838429082627,0.02284403385097125,0.002187938481940534,True
56,0.02346517988924628,0.09450595767013507,0.12941732909057418,0.08758224502204222,0.1362551366958441,0.10585242554353434,0.11264648692008593,0.0606906693063656,0.11000065941301215,0.13958391044916013,True
57,0.21013855243916005,0.01340197194350124,0.05325241152403364,0.03140503594265966,0.06303274056380685,0.17057196269748337,0.22472599776640284,0.011992689199878096,0.20376090570286637,0.017717732220208036,True
58,0.009908418983597959,0.0795267628550135,0.008137188300641206,0.06242451189970933,0.20105326813490512,0.19945421437103905,0.18728675522415275,0.019131301234289994,0.10588363459048764,0.1271939444061634,True
59,0.06432479990614581,0.12315405700696759,0.048689374181906046,0.13837804738259601,0.07265368788257622,0.14484117021212958,0.16431747973872787,0.022944357361818924,0.11448237631850659,0.1062146500086254,True
60,0.15711212923259837,0.12555006422525344,0.055933169652032544,0.12946398061370215,0.1436834149702892,0.048052761700137704,0.13032555894193315,0.1567109443966172,0.04900484208331503,0.004163134184121082,True
61,0.07845295749732463,0.11861633600472789,0.1672871756536091,0.03666525349449505,0.09028286212784122,0.07415657520673714,0.10826760811038312,0.1177512322250691,0.013796511917714872,0.1947234877620978,True
62,0.03945285154875038,0.21756743853529845,0.13142784282384215,0.2175081980957109,0.02648845412126778,0.15036835063929269,0.17203337974375765,0.004363245170582838,0.024642318318833463,0.01614792100266365,True
63,0.196836440169963,0.11235994899665694,0.03411892092478906,0.0008853438570376198,0.1487809133699653,0.011726628255528525,0.20057901800606637,0.2209057411623872,0.03360776815925418,0.040199277098351985,True
64,0.04924980917911199,0.16509494150509565,0.035693497890594277,0.12601948112377975,0.13792136869673965,0.06898217665635173,0.04795656049139457,0.09165523816668261,0.16137192240432033,0.1160550038859294,True
65,0.08085676355494252,0.12713212081105132,0.04992854682203291,0.12237793178761365,0.15767752460425605,0.14187348518028958,0.13271744066241717,0.07600312300788434,0.10835943424750041,0.003073629322012111,True
66,0.04041208052220915,0.1817568008579409,0.13181760791499533,0.014659809787914741,0.10696159821877427,0.050954968450591255,0.11002326955987185,0.1475932892017539,0.010232211628998242,0.20558836385695045,True
67,0.11462916300468604,0.06073369165933045,0.1692313207725394,0.05767061171320911,0.1337984589286364,0.19123411502709214,0.01829946539377629,0.16640052474949393,0.08192939818020611,0.006073250571030175,True
68,0.10883655693868959,0.06375581381239057,0.14707576906285172,0.1171161300520744,0.07700115589214122,0.021978944947078388,0.10346623416938827,0.17056625736335032,0.11164544317800548,0.07855769458403013,True
69,0.04668447985972881,0.08525556371945611,0.13094151049448136,0.1367477738973163,0.06129494825797997,0.1273388603626602,0.10832751851871351,0.09650078513846416,0.12039264290688813,0.08651591684431152,True
70,0.015153805297941872,0.1297866988191048,0.10289572961665779,0.09688004136095017,0.005831242870489898,0.008288217147878526,0.08153417274463058,0.19809149913331192,0.17276666693404996,0.1887719260749845,True
71,0.14067027872984686,0.10496961965192446,0.04666665510792168,0.08385802189869544,0.08171721696321661,0.11137811958003489,0.059477011734459344,0.06404440731077642,0.15733329499158785,0.14988537403153657,True
72,0.03093474476472276,0.036912095994438225,0.11117991957285318,0.14911917237002467,0.11747195557884611,0.1421618662748337,0.06687904299976638,0.13655090816052248,0.089712095300371,0.1190781989836215,True
73,0.10754825173992517,0.07777637898883773,0.009527190903652056,0.1949376773859166,0.02583445297774496,0.06442417294905455,0.13730333672021772,0.17994397717617908,0.20217526696182103,0.0005292941966511247,True
74,0.1637382273231646,0.10205630882208401,0.013121795861870475,0.07110676548606311,0.11804584158180725,0.08249938919912886,0.13255367219102915,0.16528286277367152,0.08171126135533383,0.06988387540584713,True
75,0.003083000671179444,0.0164089214576267,0.1677700987110875,0.16121410625254431,0.15895372774312175,0.12372351034213586,0.15266673855315652,0.0642314129124277,0.1465865282899526,0.005361955066767554,True
76,0.11889854125176559,0.16725971073732304,0.024174613395316222,0.16311928396583378,0.15826121287625605,0.04469452792353896,0.11456103964853429,0.09749625684158196,0.04692281244599667,0.06461200091385338,True
77,0.13704719674221963,0.018369772835788438,0.15813012076862717,0.17191003591823545,0.027135583182271456,0.10532720385778917,0.0927806313591221,0.15142012012981537,0.0023927896465057133,0.13548654555962544,True
78,0.04612679034371995,0.09125823311752301,0.05777037369499035,0.10295231004395913,0.047339693335054,0.1895207055576998,0.17961033362159273,0.08368559303734384,0.11257722840293645,0.08915873884518075,True
79,0.16834697224182868,0.037037883060951134,0.007087050533514545,0.1572431716192348,0.15622431214040497,0.00820628725647106,0.15867428662816577,0.16013044284093056,0.06542710082221977,0.0816224928562787,True
80,0.07639161948689696,0.07609058610729864,0.11857747989481034,0.1402888316178891,0.114357949907044,0.12182360251731164,0.0908759528838985,0.10718086287670246,0.05780102617591106,0.0966120885322373,True
81,0.1596861042814425,0.06764481805248722,0.05053565643856026,0.0652044374525043,0.03662558719007048,0.05548731047399533,0.22786102725981616,0.011581674771243057,0.10311279567423486,0.22226058840564591,True
82,0.1142885290850802,0.08977840423934536,0.048688098530555536,0.14788697060986633,0.15349639039080282,0.12314167199983098,0.15342882402449695,0.07964881303138736,0.02172152411100893,0.06792077397762558,True
83,0.09406405913918166,0.03132715661580389,0.20336527406058763,0.10929023042056285,0.07688255599066934,0.09021379673480417,0.04272743571933832,0.02700025633386594,0.11316551665405333,0.21196371833113287,True
84,0.09691766227365248,0.11700460645318889,0.04610304202157017,0.16568755597415788,0.14000372551833962,0.09661861400325314,0.025642977982731577,0.27106626351817087,0.010516542506554635,0.030439009748380767,True
85,0.13432551010801444,0.12875548125356118,0.060973385601409656,0.12121871861095897,0.15644938870225406,0.11388541924637459,0.11156860369782713,0.01495038475437394,0.055869969792171924,0.1020031382330541,True
86,0.15118816876273572,0.06200964562027436,0.10713765562471568,0.07642269885689724,0.09371917760587199,0.19729957051198538,0.08827230339134079,0.017017660763870186,0.17543056645952787,0.03150255240278065,True
87,0.19648408627636804,0.0076788283479059674,0.009708172148318503,0.12401448571219124,0.06816975862447827,0.14664192885162933,0.16054033453394564,0.012281893213590894,0.19277253983211498,0.08170797245945727,True
88,0.1147921198162574,0.08170643081938878,0.1386373808823533,0.0828012107811872,0.08053214038774685,0.13794999314839912,0.059848936742356584,0.090695651138657,0.13886277118952217,0.07417336509413151,True
89,0.11670758231444486,0.06334951575502358,0.15274588104246226,0.1123484671349493,0.13990223436423713,0.024648779190773844,0.14634335624322498,0.14339609652129814,0.09429314306185681,0.0062649443717292036,True
90,0.14979767054126936,0.10474326732000103,0.10096916044703341,0.12936444131411767,0.08268540963654497,0.010728906300510842,0.08616488939449687,0.12529860136680274,0.03138744296183723,0.17886021071738595,True
91,0.08103717653502471,0.1143341044889396,0.03421590477369718,0.025575207654662594,0.14555389559274098,0.11541438492738759,0.12133908071704927,0.16919440828426086,0.09088527857965892,0.10245055844657835,True
92,0.07459763098007265,0.14649554301032694,0.06344137171576929,0.15963384475373438,0.10928860552676962,0.15791949398758603,0.13571291725715476,0.026401471256742495,0.0054390796627058645,0.12107004184913794,True
93,0.14284119430805448,0.09366587654651205,0.10631078673842607,0.07548689711681038,0.13004644332573687,0.00011286222356986128,0.12026805384399711,0.007351291649241094,0.1818963098751138,0.14202028437253825,True
94,0.030337608387457287,0.18524300643877648,0.03068733844704435,0.1952621770434887,0.11651550441018826,0.1104741197817416,0.03988328888460088,0.12498713242075214,0.14564157533691074,0.020968248849039677,True
95,0.17236668868962238,0.11053299706740874,0.18629836096225416,0.003583891878709659,0.09296634641064082,0.024206349531356877,0.019378782707878003,0.10382676557844789,0.12453356431518336,0.16230625285849795,True
96,0.17736675517226153,0.08029941679360457,0.18051410121167744,0.10731323734886047,0.03377218860535701,0.09208608583386885,0.10152865843358905,0.053037751515571156,0.1572157434123916,0.01686606167281832,True
97,0.07519718511217172,0.24824416681967928,0.12276692673340267,0.061957306449802,0.14356397620210046,0.003754915608117039,0.04355022095433343,0.04486918041481855,0.08369383451254525,0.17240228719302964,True
98,0.025066320782263146,0.12948615644916386,0.1605745451577591,0.11029394371434674,0.11572547848074648,0.13723595728173751,0.018676083834390983,0.047833915789643106,0.03216798172211182,0.2229396167878373,True
99,0.04003292944278196,0.19246220205098588,0.032612207619126074,0.06966594707913863,0.02739613225716978,0.15059853481504987,0.14614847045346654,0.1409422888926238,0.07539624949577471,0.1247450378938828,True
100,0.08322596003526005,0.07389723296860448,0.21533870900042862,0.09213925922239924,0.13762352240199696,0.1074801826091045,0.010674968247361279,0.19103799460707444,0.05710131544356252,0.031480855464208,True
101,0.03134630165336234,0.0674983669287269,0.058507261135107395,0.06108344363392974,0.175891965519576,0.1232616302965181,0.16851863539199985,0.143860825303374,0.045574548628468686,0.12445702150893694,True
102,0.12234997501483177,0.049176165351632814,0.054173440650737176,0.004713043945414129,0.13040644984398428,0.01099132692701725,0.08114480815668418,0.14070975862073626,0.20874790387341868,0.19758712761554356,True
103,0.07707749141990737,0.167267131767031,0.13752896397238634,0.14372909185476646,0.022583183762058506,0.13352653973407724,0.05181253649745715,0.08425655994330594,0.12916693460987153,0.05305156643913845,True
104,0.0813098427178545,0.08629712235434554,0.007624227759787813,0.13738151871374285,0.22859659251871928,0.012244968306715029,0.10321848001184164,0.033619850703326036,0.1891842149917209,0.12052318192194625,True
105,0.06059369784322982,0.05034977023333968,0.01798028479031195,0.04027501672845321,0.1376320836761539,0.06567130213026168,0.21016790029642532,0.1493166392280306,0.07754265762170463,0.1904706474520893,True
106,0.00568644125767936,0.0991576214532404,0.13843057439206144,0.11624140192924337,0.12432936006237406,0.12095537691491591,0.12078176163316737,0.15056186367232957,0.08866801874875105,0.03518757993623745,True
107,0.07173808795937983,0.06674167201445216,0.03387859852150405,0.011810057637515066,0.1623553058366081,0.05773553529956491,0.10124364221253353,0.24139991568318256,0.06511779418889738,0.18797939064636246,True
108,0.08901976431024802,0.020427404731584158,0.19025298451142958,0.022288048826908963,0.16330553720602434,0.012721398601483108,0.2031414601294238,0.14873447159367292,0.14486847979106907,0.005240450298156071,True
109,0.15523444104338463,0.02106812150113338,0.10218401255959643,0.12442390576851906,0.05958385354590392,0.1516110669459473,0.05534861271996503,0.07132188356394456,0.06781762997915929,0.19140647237244646,True
110,0.06933542067294493,0.050731419422209524,0.06086618814108484,0.1708842600632349,0.0428955514794073,0.18293468392501402,0.15006676292007123,0.10891989115819144,0.023676568951265162,0.13968925326657664,True
111,0.032964596493754376,0.13679754883026274,0.08512908764604053,0.04532021157693955,0.14035776051945198,0.09699292175606786,0.10184758163092364,0.05178534050794943,0.1309954428899571,0.17780950814865287,True
112,0.12374691254369201,0.022906651731664226,0.20986100468768376,0.08051547470574896,0.0052295126817081174,0.060246039009486115,0.05957116608577312,0.1485866422532413,0.23518373371044554,0.054152862590556815,True
113,0.007025024942729059,0.138285534179099,0.06325699276015172,0.14685986315976055,0.08822485505364629,0.18061888416756514,0.15776599686738715,0.11966617062883787,0.00613685670292921,0.09215982153789407,True
114,0.003587565208273147,0.0686137777049192,0.1026614693420069,0.029824414941017376,0.15449998901608739,0.08619237173944644,0.1644869888706228,0.15778411145289703,0.07230461641544249,0.16004469530928725,True
115,0.13985634593256385,0.18359251905591878,0.00437963395296035,0.045020650556618365,0.04273372293488191,0.08594393530475071,0.1782797258706974,0.002157471395620221,0.17366857930358778,0.14436741569240066,True
116,0.07313775769744743,0.2190324103742843,0.07858267774918754,0.10365485886626831,0.1270173233188989,0.1643789725739213,0.02747720308145531,0.05869682546562627,0.052936100264500324,0.09508587060841033,True
117,0.1614035594880334,0.14151362288175534,0.0826677553387936,0.10623226814019575,0.11316652431725467,0.09034433313311528,0.11739178329438554,0.1272635949333786,0.0003294001206912221,0.05968715835239647,True
118,0.16050901995868364,0.09956097640834458,0.06072490239656359,0.10366992446192147,0.15730475432651464,0.08000331669566602,0.09477369685143294,0.02670283148618399,0.13403359497987818,0.08271698243481086,True
119,0.05703199471503532,0.12269645800424749,0.17765516103879278,0.1072762435440966,0.12152309055190927,0.15019766661894235,0.1064769152045242,0.017043770921531556,0.04576933562456185,0.09432936377635869,True
120,0.12257404616929488,0.06558369122942298,0.07987608059286432,0.0036197417951300045,0.13354439223820372,0.13535035439419826,0.06275639077767053,0.17536199560524016,0.19125451722899056,0.03007878996898446,True
121,0.2654314565519777,0.02942579778161954,0.027926670920149298,0.11108099653453651,0.053707168269977505,0.02931713663211496,0.2890410747332112,0.030104583129997888,0.03589906540622186,0.12806605004019345,True
122,0.14117442184576076,0.09787191753100523,0.09090802281265911,0.1136657831218876,0.11041713249956309,0.11429307945552088,0.053627246810485286,0.1292832328602667,0.010571122348215714,0.13818804071463564,True
123,0.11794885094185871,0.15849513247164917,0.14316252524161363,0.03723375211188806,0.11346377713629512,0.09617099442841112,0.025984818908985755,0.16605136608137774,0.09621460582178293,0.045274176856137674,True
124,0.1421267623450043,0.08869955218479107,0.18472903137258043,0.0658963454908025,0.039372421464655985,0.00010543960418599403,0.1473580579072059,0.06338540331718405,0.16301735019275448,0.1053096361208354,True
125,0.12083269849580787,0.09933324058313837,0.01746726787593702,0.03820343080739778,0.03394594251166052,0.05285837254990768,0.040915940173391875,0.21674871971819007,0.21198215742499868,0.16771222985957016,True
126,0.12949634855866604,0.11996418466503077,0.07750306208740039,0.0830951139335961,0.05527056500415767,0.15886780814004525,0.050107960809604335,0.1164107579673215,0.18107400738766394,0.028210191446513946,True
127,0.05153647468368151,0.02535222357388435,0.07106525320211378,0.11525285909126075,0.154644896026597,0.15961877642679928,0.15084003639402396,0.06031427754704579,0.11495584401614609,0.0964193590384474,True
128,0.05210057597143387,0.06343802696350716,0.1408855844240904,0.07662157646468158,0.1316075526540346,0.1549248191537981,0.1491493463460968,0.10488828850173783,0.06541900492673376,0.060965224593885876,True
129,0.018460574346665905,0.10233024700286215,0.18277256017393012,0.19844906963634198,0.049035534366658515,0.28749492565740736,0.019458040249179978,0.018426023584402276,0.04895331491410735,0.07461971006844417,True
130,0.0066920153744684475,0.1542638236711628,0.059625622926942526,0.11126920199841865,0.15655484891700455,0.08700072501454256,0.14508028782496835,0.16678286126195366,0.015776812897426294,0.09695380011311198,True
131,0.06147943967820875,0.09362821180134225,0.10330791476119296,0.1999517295009492,0.21321243620972247,0.01019091377635326,0.08467499865405421,0.11165122529456266,0.03529403349097159,0.08660909683264258,True
132,0.11700259492454021,0.118997130282391,0.0766437044692736,0.04195614821434946,0.08138293029552825,0.16755401047418791,0.09286897581545568,0.14968056656184414,0.08833783325698683,0.06557610570544282,True
133,0.10589142704204167,0.003332926107564935,0.19729519564567852,0.1786389357877747,0.04584339184250103,0.07234312276780253,0.035966727794119434,0.15110016450134808,0.054211358832712844,0.15537674967845638,True
134,0.1588476912588848,0.1508297961388584,0.05798973613073774,0.04562335889733048,0.151697918226763,0.09141386831282718,0.1502265356085229,0.1365780686202496,0.050478665256564276,0.006314361549261621,True
135,0.07810503092195831,0.08510582423801892,0.08131060577318372,0.1642030644439633,0.12998428413250257,0.009465706261124258,0.05908502186433176,0.06206895511125701,0.12594840590345316,0.20472310135020685,True
136,0.03586683797167778,0.00952165107621341,0.13395912610483154,0.1510280202124924,0.10431244694272883,0.16140435285786073,0.17744357015924528,0.045487351154114355,0.16414765284777977,0.016828990673055856,True
137,0.12535073021613966,0.1356881234612938,0.07616408534620932,0.1304556354797987,0.12126875613392948,0.05923194967546836,0.052254562458587714,0.07187959932869899,0.1237838492629468,0.10392270863692715,True
138,0.12793049320987354,0.14683805632269073,0.10642955040651468,0.10246294544425194,0.056133933654913995,0.057436911777802684,0.09931076453002166,0.05618740834285181,0.1470381813476777,0.10023175496340114,True
139,0.06343476783446428,0.020748285339386944,0.13982340522764958,0.15429491256006295,0.12427396030132354,0.1672335309479312,0.033703875143716006,0.03334523574956137,0.11292783671696147,0.15021419017894275,True
140,0.01816643631414278,0.14996344527330832,0.08569878828744758,0.17160883938977123,0.026068497316803513,0.10169311546145735,0.04166834282612083,0.14147876062833847,0.1044733249337858,0.15918044956882402,True
141,0.06022698369634185,0.06361838321367969,0.19818865949154427,0.0008985122273846256,0.16888003373474014,0.02483911183094871,0.12491122702819063,0.08652164432874987,0.13748577234980133,0.13442967209861878,True
142,0.053380380083955,0.06502269797689199,0.17204315545737936,0.10598121858797901,0.05055211419844326,0.07137635559190052,0.09859526915819887,0.14667135818358484,0.12935778022317704,0.10701967053849007,True
143,0.02016972923038002,0.055890946822193,0.060908431055950354,0.21593559356894917,0.195567104395498,0.028986099125800704,0.28763905465175454,0.019910787225382143,0.09093652882145065,0.02405572510264135,True
144,0.11963553405387196,0.08917809367831601,0.11210135003643266,0.08833963551998737,0.07876392150046418,0.11650794612167802,0.05627253845410393,0.12989087341167307,0.0812765544128191,0.12803355281065373,True
145,0.13586906798050288,0.060151658343809276,0.06344006734426698,0.18600724221887396,0.17980985710811592,0.005416399525525895,0.03130701262568116,0.04145964889138039,0.13090931105901626,0.16562973490282715,True
146,0.054658087979286146,0.02291031136815631,0.1776393310720056,0.1312101694238818,0.19706687820738847,0.01782659245030885,0.16012091484829377,0.02644781564928745,0.0790302492188108,0.1330896497825807,True
147,0.03439356251503576,0.093773277103905,0.0965802458667477,0.18302766886943583,0.1981625600614641,0.0077637864304926614,0.10842527574832012,0.16519332881663734,0.05473598247735631,0.05794431211060503,True
148,0.05581012404379013,0.023806561999495414,0.05081006698132963,0.15823434501826603,0.16502529724378867,0.08961936314912312,0.08097541839372807,0.19411565640795264,0.11544871269359576,0.06615445406893061,True
149,0.12393049055549091,0.14658131037242125,0.07907847114692568,0.06872747740810396,0.003914003535239717,0.0974819404850879,0.12449039348363129,0.1261243177117309,0.10383173864597799,0.1258398566553905,True
150,0.12346467946843363,0.09294568657179382,0.1221469817648133,0.04833131666033048,0.08765425476003431,0.016421050843362178,0.17629040575488938,0.1353615583511073,0.04682408040605967,0.15055998541917603,True
151,0.09152008008829526,0.12711751246986666,0.04761224132817826,0.1195096152975558,0.11674629022839676,0.10787087878232236,0.1311429137052152,0.12120888822774774,0.12491188409067179,0.012359695781750196,True
152,0.13605863519389144,0.06628661556656681,0.04778794660548367,0.08101199744258906,0.16986208697730729,0.05124279052294001,0.15657404031788097,0.051272083977469386,0.15224871121788064,0.08765509217799058,True
153,0.15662613441261558,0.11430029050682985,0.06597370415274795,0.1259091893871437,0.12876521547996359,0.07911808125532593,0.05016695166986073,0.03982914992828613,0.17239743123579984,0.06691385197142678,True
154,0.031245973323855425,0.01327626391291573,0.1300089496673833,0.02551662075048486,0.008853709172412693,0.28322960054288004,0.01116509639987077,0.168727515737575,0.28534273512320185,0.042633535369420314,True
155,0.05046691858967891,0.14344645539893924,0.17452490284977928,0.14784051919544136,0.11315011361387259,0.1767168555782151,0.041247657498640594,0.0012949404730334415,0.09852670065692619,0.05278493614547356,True
156,0.02727026786952868,0.0047600639807593185,0.1213604344151863,0.15125843576685416,0.1746125819760078,0.12075559241553155,0.18834890044662372,0.1197888917123421,0.025366646187644636,0.06647818522952165,True
157,0.15808992846694236,0.1224658932937247,0.0558383322370872,0.25459439203753126,0.026505728384861836,0.044144789520694235,0.10928255139007487,0.08122981021163463,0.012798246579554001,0.13505032787789495,True
158,0.12152908049880203,0.08057964983359558,0.12640819866493674,0.0596794446989731,0.07033757033461978,0.14681910784407942,0.034811849320070386,0.12108174626419675,0.1137920120582155,0.1249613404825109,True
159,0.031088754931611805,0.07425826189976237,0.1471930236160979,0.07738164799381965,0.15739834414784054,0.04659206075132907,0.13972463379933536,0.1720214366970625,0.07716510452043157,0.0771767316427092,True
160,0.06188861998929052,0.003132659293386183,0.17882190529759337,0.21475542288235755,0.047826307559054794,0.1712612259641982,0.21284147016940044,0.0005496954100759539,0.08406032535395166,0.02486236808069134,True
161,0.1373026633808405,0.18239755618867812,0.07320711746745061,0.1309439544638826,0.10686170242485858,0.05496361393243389,0.021739826129797975,0.16451034676261958,0.012702964034654323,0.11537025521478382,True
162,0.10724707587434389,0.12762843721526151,0.07581023356762355,0.14857169728450162,0.07282225639073962,0.033260337922748885,0.08727846218889827,0.061772322955497554,0.1339131482370488,0.1516960283633362,True
163,0.027968776447817454,0.013956379052916686,0.09863658496609463,0.14912393775415428,0.15643715085108514,0.0959404781126778,0.16268210092949928,0.09803739586513308,0.026261186388340803,0.17095600963228078,True
164,0.10469991082299406,0.1253275892802259,0.19670532915728517,0.16280483645082186,0.006890853045610374,0.001941296947522591,0.12587788174261275,0.1192012836455139,0.14260955833685923,0.013941460570554136,True
165,0.1444543766808766,0.044940632325845754,0.15601125823041564,0.0199615639688982,0.13931720246595214,0.09626800734857391,0.046641960198366486,0.07461140952506065,0.15384334118178403,0.12395024807422653,True
166,0.14644805363165392,0.022100872393807647,0.10193775307316574,0.04651237763827477,0.19549399012744895,0.13859533700567503,0.10290086682746084,0.031625168608514914,0.1429809072264678,0.07140467346753031,True
167,0.14271859363227057,0.08995636665448542,0.17632185783726564,0.1591657425821659,0.05922968060617185,0.06565934709490041,0.013222759165177013,0.07394728636568586,0.08253584553469989,0.13724252052717742,True
168,0.18527467939469855,0.11769501723835336,0.10535602599716982,0.06474140818802797,0.18602876305130484,0.05261651868662643,0.1230970447083103,0.025366316541142984,0.13038886605304628,0.009435360141319495,True
169,0.12867247005440685,0.17713039685863602,0.10757182438979918,0.024677092355719604,0.17658211920051586,0.13565148001642188,0.06432090210422967,0.03182443770294078,0.02886148823810892,0.1247077890792212,True
170,0.13302181726368456,0.08768821202291188,0.028075594536707195,0.1408559869351857,0.07170528916353078,0.0753107811753634,0.10940569864629436,0.08575422792255984,0.16204745641914273,0.10613493591461969,True
171,0.005242154545996902,0.07456970526704194,0.2226730362205349,0.0597647477977162,0.047260223040672365,0.0050426166255398,0.19895771583864744,0.09024790629828011,0.11721265889242538,0.1790292354731448,True
172,0.1457082707171379,0.13100194306045554,0.14751996821016403,0.16469990054244726,0.14075863147559875,0.07729047128433751,0.03537494553513521,0.03584310207179565,0.02257591092538714,0.09922685617754107,True
173,0.16855460328692642,0.02814029364944314,0.16447900172915617,0.09030153028993954,0.10558354802436612,0.02151277091532924,0.05608497199604235,0.12001136607214359,0.09885787928378832,0.14647403475286513,True
174,0.01801000511942394,0.1924832991116637,0.013550400655265802,0.1410622650971934,0.06961898758834963,0.19795008714774534,0.09106548888452738,0.09486065711337778,0.0701366268024896,0.11126218247996357,True
175,0.013495263033534344,0.11394687963219845,0.12993575390129505,0.013436156411304107,0.14918418262833197,0.12078551305172572,0.012301082290861683,0.11737486709576037,0.15680479306857267,0.1727355088864158,True
176,0.06337377966129627,0.1885728593033127,0.11278687988217442,0.1684329349545105,0.08257261763751658,0.10354936980850611,0.029377770708436803,0.164733241233662,0.006964889325397117,0.07963565748518768,True
177,0.02959088001290251,0.14674552792391835,0.11016691907685791,0.03357057866139757,0.11817049151622694,0.11793049560014034,0.14536014411675513,0.10356786237589234,0.11008929944683261,0.08480780126907636,True
178,0.014852784714871392,0.04542396743213779,0.18634174993192776,0.2714835219052696,0.007311676752911163,0.14744504050927112,0.12643377966056718,0.034846030601007605,0.10509626292308662,0.060765185568949824,True
179,0.06633971327583925,0.14158535434545863,0.014887446775663045,0.08795086103222653,0.05013986716169347,0.15954019874893619,0.11561197275467397,0.22935080100075167,0.1127869975592416,0.021806787345515742,True
180,0.09308808602759545,0.007142916916528003,0.19945200496718202,0.16472437068186918,0.10960696195498312,0.0737240375898131,0.132947871584764,0.10669217769106107,0.03465775891922961,0.0779638136669744,True
181,0.15262493719547401,0.07226726972917204,0.11298740608002568,0.06175192865682239,0.08343062477307628,0.1702823404279714,0.044297957775534594,0.0890320047029414,0.12295459224561389,0.09037093841336816,True
182,0.13267712756825906,0.002609476117244793,0.08861307448956915,0.0960672699351846,0.14493685189347377,0.11362688975796743,0.1314616935497316,0.10865726050856314,0.07403973517033421,0.10731062100967201,True
183,0.1143827776934877,0.1469660543727741,0.09038932752129755,0.1343082243873993,0.11516874786822083,0.17572385843553476,0.1268286919393258,0.03645122427770718,0.053174005397226214,0.006607088107026502,True
184,0.04419046149895831,0.17752733178445954,0.18420519521241452,0.011202041249726012,0.08315723893550822,0.045555779432666255,0.04551114507459184,0.16355092567970236,0.09971722397186068,0.14538265716011228,True
185,0.02986225251347076,0.046257339761009146,0.08627937228996249,0.14269463144074895,0.09641489396926206,0.137372687306998,0.10364643893766068,0.15650514989095163,0.18670240538421562,0.014264828505720627,True
186,0.059568019618235934,0.14074204955197445,0.09155169498317868,0.07282967954470858,0.192755728140456,0.16224958202834394,0.18706331250489439,0.03384714216516533,0.04682270180379273,0.01257008965924988,True
187,0.04868117543717363,0.08523429045165416,0.059369995797349556,0.17235002605299451,0.11570978436381199,0.0352929237736929,0.262090877952238,0.014942321478021181,0.14789730336692933,0.05843130132613475,True
188,0.024125231824628845,0.05766555104474983,0.18440287605772906,0.12774478837227585,0.11729699063573937,0.029879221160715744,0.13719510246425118,0.06244774077836649,0.20996091685051527,0.049281580811028444,True
189,0.0009303465608147848,0.1657625678878238,0.03620422407973067,0.08582357325764414,0.13264569070606358,0.21374014150039547,0.03622012704007859,0.0390242556781516,0.19322453869950992,0.09642453458978754,True
