ID,strat_res0,strat_res1,strat_res2,strat_res3,strat_res4,strat_res5,strat_res6,strat_res7,strat_res8,strat_res9,alive_at_end
0,0.13080475624728538,0.0032626023181899495,0.024111229804150095,0.20309891037902075,0.039456646369879986,0.1134689884959533,0.18893321215101283,0.03941098680196852,0.19483480732935937,0.06261786010317993,True
1,0.21538612405652802,0.2200952595946608,0.11513946337295018,0.053587654625191744,0.024837675687761653,0.06073107809103281,0.01852650014680465,0.08186701655851647,0.012532921020172987,0.19729630684638072,True
2,0.0033007716689490703,0.031226081714512858,0.12849859248973222,0.16532751854084546,0.14587795009788765,0.029332342728260016,0.07609899865767267,0.1129319158850875,0.15354021735603463,0.153865610861018,True
3,0.10436589578761232,0.09048897054881185,0.035979237599455524,0.030322691612057508,0.01667466617287248,0.15534439561495184,0.1513250093284854,0.13890465474763658,0.1630316814291151,0.11356279715900144,True
4,0.17957160930809068,0.06796819012870592,0.11490584321326448,0.058523220043442827,0.06174417368093911,0.16063393064274148,0.06783373043897792,0.12017414741365409,0.11759834894005611,0.051046806190127275,True
5,0.1314641661686338,0.07301320937173533,0.02302320349753343,0.05938420921539051,0.08618126306041637,0.18689736950694488,0.23093463466530498,0.06180548189405706,0.0923468004983239,0.054949662121659804,True
6,0.0678169486008134,0.04478785504975126,0.1242078904710599,0.1378626771650164,0.09908874445221207,0.13084605789076392,0.06555208404963615,0.11717798148055353,0.06758632500108398,0.14507343583910925,True
7,0.0922557533663948,0.08275670808332547,0.07965717852559724,0.16134343258880238,0.07040860149469268,0.1773488239920218,0.14181706166708355,0.051054214014920475,0.11705129062223565,0.026306935644926054,True
8,0.09989653556834581,0.1410913652327239,0.18599493086572313,0.06721846972436302,0.006287694003975897,0.16884113432986,0.07380675901089072,0.07742103844044808,0.09230661051191129,0.0871354623117581,True
9,0.06987428662576028,0.08565420426290869,0.03364066654688312,0.0638372061740979,0.07544168546693092,0.17834774541532208,0.12046754923448405,0.04349359313762617,0.16979873429877276,0.15944432883721407,True
10,0.07578146345953832,0.11998361380204794,0.04097184463417243,0.04216264555420283,0.024461890491451293,0.22493070602209214,0.08234701043496907,0.16206017229350764,0.15756958431952325,0.06973106898849515,True
11,0.0678132947881009,0.239981532495821,0.04545223136230499,0.01153702298201844,0.237177874030525,0.1459343051736556,0.003953079424606513,0.0820472584673805,0.15632319483263193,0.009780206442955113,True
12,0.08540264815477638,0.05600610634340661,0.07528055030756749,0.07078595916311835,0.13943567880043994,0.0788412518856459,0.11550706811228537,0.19939033899148578,0.11633075004317193,0.06301964819810234,True
13,0.024988157858574545,0.15930193179569788,0.006988375973258117,0.1551136573161803,0.18358838508520114,0.1962388768421453,0.05781693270935557,0.023545708396876322,0.1206801738523655,0.07173780017034519,True
14,0.023420243258161257,0.14334912557509658,0.12353094150479474,0.06167218564366852,0.07082778281346913,0.1675166792677245,0.16123824388990599,0.01188417066274624,0.134003399881311,0.10255722750312213,True
15,0.24472602644845773,0.05274703965395652,0.08387380748343169,0.1585382099924871,0.10737226405158211,0.05296737132188617,0.11266902869680875,0.046976360389188905,0.06300362463770871,0.07712626732449245,True
16,0.01357422635262524,0.07413115954539908,0.1535023544896668,0.16819988833167318,0.09272865224718303,0.16658831832216045,0.05224010888378635,0.1600979963388182,0.10629847352627401,0.012638821962413622,True
17,0.17348537665041017,0.19126556008279494,0.15877857328724532,0.0412250397605837,0.013241931742543947,0.02472799974723257,0.019736222522874,0.13570938378256373,0.1008729965482573,0.14095691587549425,True
18,0.12987836755643473,0.12061642146117095,0.06463508087901156,0.15532022512840912,0.10212525461282732,0.01516822122815399,0.028381260142409173,0.08974817397783419,0.15308069293300594,0.141046302080743,True
19,0.16319507271690437,0.06076741483232897,0.034433220369790934,0.08631014901002121,0.0571806630897296,0.15439692175597355,0.14958582884352387,0.10073537264742842,0.00913078667464057,0.1842645700596586,True
20,0.024344936645262775,0.028299039183878407,0.11773941333702227,0.163786827026702,0.16891981042230542,0.08558430551403126,0.10374605014978287,0.0633801426456606,0.12231602466324547,0.12188345041210878,True
21,0.034830282839831264,0.008386976075079038,0.1217883355665953,0.0445317904919971,0.10300588631764653,0.1400074469698578,0.03952311454215226,0.19498053197398274,0.18362789811922392,0.129317737103634,True
22,0.11954383134888018,0.02822912483136931,0.15728697611021739,0.04607161346061493,0.05478091196606335,0.1156934174254863,0.11768321010064298,0.07840063215722537,0.09882660213214016,0.18348368046736005,True
23,0.20106541410618387,0.060832687031662974,0.2287525089066334,0.1581293969092665,0.02730656520752388,0.04248685489265163,0.009892949980228948,0.0704702928517639,0.11337605457230468,0.08768727554178024,True
24,0.03398935054949019,0.19077335823547836,0.17708192912237591,0.013470256830157184,0.06842546615841014,0.08495852499382639,0.16864490749893268,0.0630585089640822,0.03448904902089457,0.1651086486263524,True
25,0.03782595363090677,0.09893582981458354,0.12779190979754895,0.06650402701653861,0.053723419988648866,0.04474212167293271,0.1677032443340712,0.17238189789741093,0.17091842918404004,0.05947316666331829,True
26,0.10710337959837664,0.14869051412992068,0.08651193639986153,0.07553651608473819,0.08046039591161373,0.1423038240569258,0.15470693380460074,0.0527559210403757,0.11836813672074045,0.03356244225284666,True
27,0.10587996316779959,0.020794100249729768,0.17843835953208617,0.14675468563588515,0.10011948543366522,0.1450144131028118,0.07233794986220661,0.163969791124922,0.0005802385125756207,0.06611101337831812,True
28,0.17384421860307,0.1044381286572811,0.03421656338090311,0.17497676870137474,0.13029501004910754,0.09266182639341199,0.05631044327552359,0.028753042703738255,0.17063801839075626,0.03386597984483345,True
29,0.034780054926490035,0.16708870647567547,0.03837752425846151,0.12643998739705134,0.14410510367877158,0.1545585882435234,0.08169714329910674,0.08751493746664663,0.07694551484386244,0.0884924394104107,True
30,0.06644544692665445,0.16059385938439255,0.14891817214004374,0.07160743829295291,0.1293913212974659,0.049668891677807636,0.0546775852017283,0.0974137003450905,0.07339876974552177,0.1478848149883422,True
31,0.001491949339844969,0.16397496710643464,0.19949856353725626,0.09851247803925374,0.0653370191119062,0.17616973040957193,0.036322183986479135,0.01400739650641316,0.055458965370669376,0.1892267465921705,True
32,0.11661328093431521,0.14270300098527577,0.06899640350160986,0.09087612309676094,0.11569398922345639,0.04264268994785991,0.15771471769832213,0.008359922845716681,0.10914934769316514,0.1472505240735178,True
33,0.12144950459209077,0.05501706498488549,0.02886422861255704,0.039629615812757306,0.13095864727018525,0.18642017730562366,0.11897414700847517,0.1591777953742986,0.07479120398738974,0.08471761505173699,True
34,0.12927148339621358,0.09481317431691615,0.053115955220978686,0.11406029525713447,0.10132227315927717,0.041863106302304276,0.13592289603973684,0.13864967638077527,0.06920751440286105,0.12177362552380251,True
35,0.19373635919144122,0.10242899145022959,0.14699382498512856,0.0434054966879026,0.08903862163191534,0.13696694025801706,0.061879449570207405,0.17795164518844442,0.009915171706440573,0.03768349933027332,True
36,0.011838364124678051,0.05812154272278001,0.1550536779458089,0.14972192995761655,0.19271422139253572,0.039765583248651634,0.1320396184770522,0.09343077650714611,0.011271827630900249,0.15604245799283045,True
37,0.056838372514341186,0.12243359018013322,0.1417189510339527,0.07417275196120246,0.14554256384822034,0.0043820510450179,0.1439877145305621,0.1247835592708699,0.09560327062078285,0.09053717499491729,True
38,0.08891086669469893,0.22123387109671783,0.13701065921510192,0.073285800931852,0.030921704007818893,0.018790342012596852,0.13198668931571045,0.0981625263215692,0.18564483971842247,0.014052700685511581,True
39,0.0379023447641406,0.07828046737667618,0.12634525380452813,0.09673580395707922,0.1642087980456756,0.056712480552684796,0.07150849440205122,0.07361654425728843,0.15815474987413064,0.1365350629657454,True
40,0.020287237407935754,0.015162924290923738,0.018089428699182456,0.1706083189302965,0.11642673365460451,0.06329719883393792,0.06168302353982275,0.10961772681349388,0.2607876767647192,0.1640397310650833,True
41,0.13885597895371313,0.09396632197327126,0.11756306363668585,0.13708412830527758,0.04940642888275998,0.034860827977224756,0.10895786943252453,0.08364169779458049,0.11507563831168711,0.12058804473227538,True
42,0.08972044023793221,0.1577734410711355,0.15706354868874792,0.02481844764801453,0.0022602773066000416,0.16274702056845583,0.10800024278741119,0.09847538714168656,0.06390678688739841,0.13523440766261796,True
43,0.08559681121120001,0.14364012806181117,0.20578147523193166,0.0022617460550659486,0.22639272134288865,0.05339897597412691,0.16351399173154343,0.006615279135522194,0.04103468904286527,0.07176418221304467,True
44,0.1418732735752473,0.18214321203197748,0.13094127064008215,0.12893446825138105,0.025264983196527674,0.11740601970521546,0.03855651502882944,0.060807524281253134,0.09183611282330108,0.08223662046618506,True
45,0.08240098435372017,0.16683464378211657,0.1739015794935592,0.0647457388972594,0.06530477027176855,0.08266738184233664,0.1325095296426363,0.13909511678685385,0.025729484404304524,0.06681077052544485,True
46,0.14412678375647617,0.07149731414203458,0.15899310961612845,0.007745346019341305,0.13838167556515216,0.11816677651071038,0.05105491396596479,0.056519130439873395,0.10923783219825532,0.14427711778606345,True
47,0.1448658766915703,0.0876639546706674,0.04530340283274626,0.12360172531041612,0.14456290200220598,0.07135042902012975,0.13869872442364412,0.03171461365296588,0.15130488889933444,0.06093348249631964,True
48,0.0361191641239214,0.06259776062673807,0.14168934824512278,0.09325750851401339,0.13514685578734797,0.14281044335111312,0.1619889673410825,0.052433463502264584,0.09556643521848203,0.07839005328991427,True
49,0.11823194700611506,0.12084280720628776,0.0969174807652215,0.029074638034734663,0.1238663810721998,0.22064877588797882,0.029689242705017823,0.13877307443114312,0.03747957240686278,0.0844760804844386,True
50,0.14462197222607914,0.037293250603857485,0.032182102284567034,0.10805800959458538,0.13792871516574717,0.0477402159598882,0.04308836186744478,0.0015617698724299126,0.21800661011666533,0.22951899230873546,True
51,0.08511996010032061,0.1377860062351437,0.028648823217014594,0.15060034697248006,0.06444912207386273,0.14992784318832733,0.09634380380512117,0.07465163354488084,0.11981104820321174,0.09266141265963711,True
52,0.10973987103507703,0.12773183559790097,0.15887756652555254,0.1467086120074825,0.09065777571832394,0.05755673914898905,0.03428996939671598,0.12582685477779781,0.09687977266497073,0.05173100312718942,True
53,0.16259059929340874,0.05940902348026635,0.049665326474518545,0.15429631907704236,0.12169559837947577,0.06557503022689205,0.02563255193570548,0.04002798442934396,0.11564407262121457,0.20546349408213205,True
54,0.05011524431965766,0.012098326012183944,0.066653730103417,0.22544339924330187,0.12887593742425876,0.02095791028471824,0.17932338569803366,0.18910193424314176,0.08429812951864839,0.04313200315263865,True
55,0.055229515580060215,0.08462376350687241,0.13080906763270106,0.07652530759162919,0.024869512457212858,0.14540644955060517,0.1572254913644538,0.105968517247806,0.06062357688045893,0.15871879818820053,True
56,0.13898005805067382,0.13915031154346097,0.17583260000141018,0.0274019313079915,0.09562116255027146,0.018168449426003354,0.14073557830473635,0.032553954361636515,0.11286517733809368,0.11869077711572207,True
57,0.04500728606087173,0.013644210197408265,0.07339784264328994,0.0611144392741914,0.15538470667343715,0.16247369107694268,0.14675884695968158,0.1712647681544048,0.017585618811764587,0.15336859014800797,True
58,0.060553973197872604,0.18908790704279924,0.1297021470256322,0.07639505946700878,0.11090784983912828,0.13364670964469988,0.0004528462935744899,0.14084564707035566,0.1529501611575004,0.005457699261428373,True
59,0.01981425573932844,0.08576301502915236,0.11493823383664803,0.05293751826011717,0.1290303721708711,0.15338372538551706,0.14365924448807785,0.07768547382403834,0.10781652404773324,0.11497163721851637,True
60,0.14231034881630938,0.08405615243184592,0.010515112254970435,0.03914950972377633,0.17145854545008196,0.021507802956738785,0.03894307429099915,0.12419909417159783,0.19019810581621271,0.17766225408746744,True
61,0.06291434029839052,0.14373224882872285,0.1310836649943415,0.09611980245508893,0.09542417800658794,0.07647143686445343,0.1360464437712526,0.07478336975009668,0.1472215575451198,0.03620295748594573,True
62,0.2115701719701648,0.020086320307041168,0.06312316838252487,0.07012862782794284,0.062389362742525024,0.050380041180422094,0.21781276629102692,0.2025796308380203,0.020847688162921825,0.0810822222974103,True
63,0.1265363442469602,0.09037063075652844,0.16114546288702147,0.07857080151501615,0.17223582509876956,0.12771254937453438,0.003398270875479351,0.025766589671216943,0.14460962999348553,0.06965389558098785,True
64,0.14705244292386865,0.1031654697568507,0.04137149790399549,0.18643988045546384,0.033201184906604425,0.18822365598823174,0.14761202892280967,0.08516398277220308,0.00451123632136302,0.06325862004860933,True
65,0.07779295052976153,0.16802676161492236,0.04836627927469617,0.014900696263456343,0.03250908274401864,0.16303899486556034,0.07332078623949673,0.09483924572588562,0.11769067298481097,0.2095145297573913,True
66,0.03545570663146515,0.1039446160865011,0.12959028746310755,0.14891435161778738,0.15133873531575073,0.10103595564186171,0.047385621668530664,0.18221720773610892,0.0108554247492665,0.08926209308962041,True
67,0.025804720624586143,0.0025705999656172687,0.06109957761006391,0.2927922377344627,0.037653709387789655,0.17316708564925712,0.16253932843608102,0.05572748228943531,0.1273904859832132,0.06125477231949368,True
68,0.007844923070680677,0.06972096593074224,0.17739494411746665,0.10267731423013086,0.22272323498108515,0.010951803854363446,0.03716107418803202,0.12406957167730835,0.1824451639863605,0.06501100396383017,True
69,0.12428045685194854,0.16312812994478287,0.03374834759779135,0.09179361731371738,0.13761575218980923,0.15311136459752886,0.07551265127652289,0.07355754982774576,0.08397741051523643,0.06327471988491665,True
70,0.13273310015346895,0.104424729839021,0.12276481202080053,0.073931312567204,0.053145343522638507,0.13585315773608597,0.12502563027571448,0.10999604329274712,0.05983022414358632,0.08229564644873306,True
71,0.07678288888421712,0.16703789738218933,0.12754758215905052,0.09252610010548122,0.023071401080812164,0.08719415175443226,0.09208502926664636,0.06415552082278485,0.16553934861661682,0.10406007992776925,True
72,0.07343742959038613,0.0701655730340895,0.16695084549846761,0.0950389745416531,0.18146086862498917,0.08569298369227416,0.07425663527688532,0.06436610970944914,0.03324919990994692,0.1553813801218591,True
73,0.19160497967491788,0.011873075893619049,0.15664420371665574,0.07581888834455655,0.01456523378105327,0.19701844429367568,0.013985552379311865,0.015285618344397048,0.16904144908988272,0.15416255448193011,True
74,0.13993279073151782,0.17785486501145722,0.18678538758645652,0.11085312596670689,0.03614324552088596,0.08446512894262082,0.09045445784828868,0.0018804006757858782,0.059484817761073366,0.11214577995520672,True
75,0.10134810288127824,0.06894208231914527,0.0014032852561778192,0.24150256713414792,0.01366919606136977,0.06064546289821755,0.1803542575224379,0.060616492876612214,0.1582514480825083,0.1132671049681051,True
76,0.06280407920463145,0.09271795824093985,0.11627884504897508,0.12451950002988924,0.06658140214049449,0.11840598644650915,0.11285054468263321,0.1348635325499684,0.12995549036746637,0.041022661288492725,True
77,0.16009061051963808,0.15163519801894973,0.13397411180516375,0.11632091704710434,0.06025152290442742,0.07549484973087668,0.038131634504224216,0.09690762668040334,0.12475228576645889,0.04244124302275348,True
78,0.09113953022829838,0.04903018061226754,0.14910661664057318,0.052972487892533504,0.009648121338737747,0.043700287004416506,0.22389293932962986,0.03349505659754053,0.10252876702326445,0.24448601333273828,True
79,0.053448305051192926,0.14685908673938722,0.09755378300784252,0.15370385701341968,0.009481638043013265,0.1162745011184122,0.14310562873592142,0.05045608755912452,0.08630213432030867,0.14281497841137755,True
80,0.10075886546675025,0.1496681645460262,0.06986066456791869,0.16209313639941006,0.11134195563400905,0.11000080663716151,0.02143022164374154,0.06673359387310845,0.14928277830587525,0.05882981292599888,True
81,0.08447127557955438,0.06479552251642408,0.0691004613488084,0.11022033284511128,0.12188352691279103,0.15961701268021627,0.06722034217676315,0.05544253918535875,0.10181740904223266,0.16543157771274003,True
82,0.03676677174876842,0.025042649587155734,0.09376012987789493,0.09505476634492867,0.12890392337897355,0.15792123321691637,0.18105018121143793,0.20110439517738138,0.07554176855982854,0.004854180896714412,True
83,0.13228979998041826,0.14532004877023097,0.12590863206262978,0.11394904562072276,0.0644870408443498,0.06545198638229408,0.053763490570579754,0.044768157451086116,0.12141106630101374,0.1326507320166746,True
84,0.11589318091904174,0.044020461174620634,0.06798072596749803,0.06385652186844179,0.15007747733125057,0.15541558101083747,0.0897087824955747,0.13992671483342306,0.008091213245002194,0.1650293411543098,True
85,0.023974529404763443,0.06809332102722968,0.093723151427386,0.07934910850676928,0.02066602875440415,0.05246188782481776,0.11388455542632366,0.1773181289280912,0.18594520045362067,0.18458408824659422,True
86,0.06448693241937459,0.05906897357892367,0.016192576263318655,0.11457081839749685,0.15910379984982254,0.1727337341743519,0.23335890456834854,0.09382070038748519,0.00016216322303429234,0.08650139713784383,True
87,0.039230340575511,0.06041008053085814,0.1588380411439769,0.16464998119749474,0.09640210771619051,0.07845832376955546,0.09487242144313539,0.09901607509487503,0.1554015097562918,0.052721118772111025,True
88,0.17922740557478764,0.1283957766161241,0.0919044040931035,0.03672745293010741,0.07295394134537271,0.12003452001232913,0.08919464706519041,0.12167846930894075,0.026343189728628168,0.13354019332541608,True
89,0.17177840659306243,0.13585457981663143,0.2313839737282771,0.05568041981771806,0.15964655765999597,0.1515423717492547,0.052041671401548466,0.005514716007727268,0.014238263963067203,0.022319039262717232,True
90,0.024257828739333177,0.17430142016948655,0.13911676696560252,0.13066633289750276,0.01692965775477012,0.07999088066101481,0.11182711223206332,0.18478019540807356,0.049591573150382755,0.0885382320217705,True
91,0.20625940289964506,0.21209586681297168,0.017068876659366555,0.11116133295057709,0.1751060315019849,0.07088254625220501,0.05057454738381727,0.06963592038703863,0.04295943210655484,0.044256043045839015,True
92,0.16833953286012537,0.019061623187683514,0.05642972965606231,0.100595422874832,0.16864849070430593,0.12744151227775932,0.13690000009901251,0.10913136392121338,0.029265458544056613,0.08418686587494896,True
93,0.11160840397303484,0.09483774090718672,0.10432714364038798,0.004242625800091776,0.13516761929267712,0.04546035578527797,0.12762891731387246,0.02945979751982518,0.2740641140405408,0.07320328172710501,True
94,0.19037286679434046,0.10450204151073252,0.009887123953934264,0.18929091548214141,0.002136579086154873,0.021250818764368233,0.19619305324469222,0.16557822067522107,0.06211640438648843,0.05867197610192659,True
95,0.023762971431843898,0.062467531572168375,0.09278361529008153,0.18008540525889782,0.04487043385579691,0.02812726637474624,0.09943549170205707,0.1969609197164643,0.14516646647141973,0.12633989832652417,True
96,0.12182270705042636,0.16576978013541568,0.06703961403043296,0.08750513735568073,0.012806699685480656,0.12509945722021468,0.1588716993946462,0.018377961943449952,0.07616382336344568,0.16654311982080713,True
97,0.0519100218443936,0.008163115037613716,0.006400308163751478,0.179750439055057,0.10598361298283519,0.2135645760742729,0.07179434636953805,0.1446828811999732,0.18915144102693598,0.028599258245628978,True
98,0.08622035313179398,0.17328413769445403,0.04457307544827645,0.06769589204607047,0.10164778880849039,0.09692424921344953,0.051489971020756,0.1255599596115374,0.14091227486206762,0.1116922981631042,True
99,0.1402551157428261,0.14231318803056162,0.10202646942465042,0.2286202616863024,0.02061170821193636,0.19466500025865854,0.07963976174647497,0.023806787143012834,0.015053487723242847,0.0530082200323338,True
100,0.12238610010119438,0.15250889115636682,0.0967910336031374,0.09683595336648516,0.05222392959183608,0.0898409659142136,0.11224740453508102,0.142036263672154,0.0026150498809763643,0.13251440817855514,True
101,0.1293777866025617,0.08351816650492372,0.05735141077239159,0.05000520046061407,0.18524637877906322,0.058077929019267914,0.1804327245655865,0.037235060084209314,0.12569944212282738,0.09305590108855455,True
102,0.12933588016381362,0.03773957147172766,0.16299826203444287,0.10495578436155187,0.11239870643014926,0.11952555941760445,0.10171949572229697,0.10986196187886463,0.04831845774593632,0.0731463207736122,True
103,0.015469911078322086,0.07400852229391978,0.14143870798142336,0.10163716645240839,0.09562743327977907,0.06741074537263474,0.15235406127504067,0.16255641987905847,0.0843982458848567,0.10509878650255683,True
104,0.025973574843620905,0.23446508054417806,0.074519750096955,0.048631131605702455,0.15885258794961696,0.09964599502852525,0.17642386981192873,0.14860616786697203,0.016846315142522675,0.016035527109977847,True
105,0.16546632882278262,0.10762586973717951,0.018345257672829636,0.028364851879005937,0.022436424851385754,0.1383266999327052,0.17869426629241264,0.1568633258302815,0.1542449181306918,0.029632056850725435,True
106,0.11688395082427636,0.16865821157104297,0.09482432659483025,0.18428694931269393,0.09443634503095177,0.0362856631441515,0.07363773488827774,0.09781519462201309,0.03192578996192334,0.10124583404983896,True
107,0.03836426434035806,0.15780320690994956,0.12450192781716285,0.09292684042615658,0.10557975076457791,0.09777398387085114,0.045038449212805816,0.204245463002704,0.10309968857979726,0.030666425075636834,True
108,0.20536055818819662,0.003706146566104095,0.09097579614526374,0.08290201177246119,0.19249824590057987,0.17575485445530273,0.12803292339380604,0.015081691301872188,0.07034755510240853,0.035340217174005095,True
109,0.033543339986292914,0.019057541922032,0.16210844698647642,0.22992971602287515,0.0475615183936954,0.1833672001403062,0.04095509819363129,0.17353504539806214,0.039409424200095945,0.07053266875653262,True
110,0.010968856128233988,0.15706189133186468,0.031364526656178955,0.13437211004453462,0.14345006471437297,0.11443330064684401,0.044475756295392084,0.1368469026636262,0.09461287343588941,0.13241371808306318,True
111,0.07908061728675533,0.13388891836800595,0.11488615419041276,0.0006257087316632871,0.16633185099165587,0.1367044427910718,0.1427245586843406,0.07875240443679593,0.11088504813324127,0.036120296386057314,True
112,0.05957807038870738,0.12829502488430242,0.01715763327043377,0.19401928636637567,0.07902865426257116,0.2080906487609276,0.050137157884147854,0.03294705282143257,0.05400490847123521,0.1767415628898662,True
113,0.041637950020857205,0.14001878388562264,0.060975945643600454,0.15276925995775192,0.13428835286110105,0.030204887873275327,0.054186739377782935,0.05637831814485803,0.18526917327978054,0.14427058895537004,True
114,0.01612709723847803,0.06910446523524132,0.06186102863767761,0.1476590814073265,0.08847188268596516,0.11976215462120383,0.059541287156197074,0.19450381736714503,0.1167633415653795,0.126205844085386,True
115,0.07747610560706945,0.1448763249096177,0.1399637807194637,0.14664840500432466,0.06200863577574863,0.09991555885376989,0.09622769237628263,0.050934898980820105,0.06606698530436572,0.11588161246853754,True
116,0.11504246327212998,0.04560125069721013,0.03962064053015504,0.002265637426037095,0.08014454148234852,0.243446539675922,0.04506475646969861,0.22343565486287303,0.1937920625107166,0.011586453072908896,True
117,0.05813483376639095,0.09805178837861141,0.056246332389047624,0.07674065816408125,0.24309209688426914,0.21117066491291972,0.04678596812677263,0.09449484510898314,0.07562027644714013,0.03966253582178405,True
118,0.08466135236236355,0.012384690883607465,0.05030140171233721,0.018428891982388437,0.1458210160203626,0.0017700287901657452,0.20554190339445638,0.1530343868510299,0.14467210351272952,0.1833842244905592,True
119,0.11414406651099013,0.032627335346513964,0.04770543188475352,0.265423106224505,0.12264152723163699,0.2421844732847739,0.005556294547552677,0.12164421859922575,0.015150287953324534,0.03292325841672362,True
120,0.17131912948530956,0.06741777161660212,0.21573769031543097,0.08988419670571485,0.1442694087881338,0.07295582602754284,0.02900755185969262,0.1254627778258805,0.054357481438578735,0.029588165937113945,True
121,0.13788595641631937,0.1261560830727738,0.16233154597163718,0.0024793910921332373,0.16489372629054783,0.07463827462966473,0.1297741140413981,0.09323487890660499,0.04490433519193195,0.06370169438698893,True
122,0.012304892407141029,0.044576295659069405,0.06252223972489597,0.040333341834869994,0.035823790999828325,0.27932754435944285,0.1781289774141433,0.11592766643831275,0.0963661246156594,0.13468912654663695,True
123,0.07505039537146849,0.04042976745839515,0.11644760080824573,0.22096494483380041,0.08116830820155288,0.12135179791837973,0.029729682837320387,0.05241616391806291,0.2605847647571011,0.0018565738956732563,True
124,0.2361737999085974,0.186315943907691,0.10355485217842125,0.007490760992286706,0.007313195752320404,0.008092839891789442,0.16519212588904336,0.05900078667097405,0.039829586968995835,0.18703610783988053,True
125,0.009433673239929328,0.1517622444166133,0.1484385866516387,0.01612125454527513,0.05136428880698716,0.08495912979942613,0.10160708598484923,0.16433006692589844,0.15488234523080813,0.11710132439857444,True
126,0.06265683140187116,0.07740918630261635,0.0028210291807107177,0.08001948428964108,0.10342374682260448,0.13515114772972772,0.14153441544523632,0.1564555026269447,0.08933087301183604,0.15119778318881147,True
127,0.06635947091398538,0.07455185860979038,0.03884700211140455,0.00857792617100305,0.14288739740426215,0.1671629030256887,0.05302568259845982,0.22028285147265447,0.18311999535668402,0.04518491233606742,True
128,0.148401325388512,0.061238272765725285,0.03769503204324193,0.16749570827642007,0.1566258036023219,0.06352457042627141,0.058168904433095255,0.1314365087505728,0.08615948391796,0.08925439039587926,True
129,0.007507481816055588,0.09730827073156108,0.03658917595966516,0.1667030903268641,0.13478103627416654,0.16288097975166763,0.07537814088255704,0.1082749398331716,0.13363982329021828,0.07693706113407313,True
130,0.017709884851980443,0.12723429420525548,0.07451303207361992,0.13497664311476465,0.1000618789879356,0.09533302348842959,0.11181955355257917,0.11548510066639107,0.13942959016058784,0.0834369988984561,True
131,0.006787687548810975,0.05103247871588476,0.057489813020625224,0.20839385603534136,0.1473360028301976,0.12320890752219289,0.0072145223474833825,0.23516765929281927,0.06091448504475901,0.10245458764188543,True
132,0.014899622149903475,0.21633013852614966,0.007987465205906878,0.0741772415451259,0.08826368537340652,0.20410615392439502,0.10834503071532005,0.13786062488632675,0.11733087348976246,0.03069916418370338,True
133,0.12470384503759077,0.06641294791931357,0.08838606969851641,0.05256798651087926,0.04233292685869363,0.16467592802943384,0.1582009336349566,0.1871339160813943,0.0023230359037030293,0.11326241032551854,True
134,0.13299053177664835,0.08029416336226905,0.18936195452771407,0.11466257422525476,0.06083031041167686,0.06602856000829684,0.05971625690346903,0.04933030236765611,0.10434925566378439,0.14243609075323035,True
135,0.0794804391097374,0.10848545020642988,0.10622946567361673,0.018130730264842965,0.11865036040518896,0.08265881045938574,0.1261474172228602,0.1424702385525771,0.16217025224812068,0.05557683585724028,True
136,0.11616447626937773,0.04416182472732477,0.13861547961592324,0.055339413971448474,0.09073094166842109,0.08857435093815508,0.16786353387267047,0.02736306814048137,0.1697034741836574,0.10148343661254053,True
137,0.025703994097638364,0.10857778471850621,0.1265539695005464,0.1162435036215167,0.13767176081602378,0.1070551344079308,0.17837552734300594,0.11356806358532415,0.005352376574667647,0.08089788533484006,True
138,0.13419617924893612,0.1424420649610696,0.05297495209905402,0.1755748292397099,0.0713720286820755,0.1334753589134617,0.07757245567120398,0.15369112944793306,0.0007513403618060328,0.057949661374750126,True
139,0.1450504367496803,0.058571601598209275,0.11611694874618649,0.025079972041608174,0.04706059594915986,0.06750756363471912,0.11138905911707839,0.15578554591702942,0.07535540819975406,0.19808286804657488,True
140,0.09604387703969772,0.05292100926031018,0.1470331942121372,0.11881161549301923,0.02479127697846705,0.051906794806217196,0.14651054525399992,0.11427450366601549,0.15028495789736876,0.09742222539276724,True
141,0.07918142978363105,0.12054076310283911,0.13308038025519275,0.0369361209488127,0.12287848040392936,0.030761860098406126,0.17105695769546078,0.04758383620509437,0.026512972167837972,0.23146719933879578,True
142,0.04587345715341665,0.15383833769451766,0.1570661132104772,0.14019185919044533,0.07243193945539635,0.14594030371680206,2.164649835769575e-05,0.1226619523636358,0.15962405245057193,0.0023503382663791175,True
143,0.10604638256715423,0.060214200761648955,0.1647915975724161,0.17784228548024514,0.08054387060442544,0.014278757015606077,0.03223528883795589,0.10187405084495771,0.10566284164333146,0.15651072467225888,True
144,0.12919605998931175,0.2021782486549802,0.05283688653645301,0.10421033714732245,0.16003408484268347,0.07085284776413771,0.030820512019690025,0.1309103865890728,0.09926714714397118,0.019693489312377323,True
145,0.14961360266460713,0.06670721649007433,0.054904030618311624,0.10021608635896931,0.032901070369211985,0.16894943912646623,0.009507607246050221,0.21017269408043976,0.19148736326968718,0.015540889776182343,True
146,0.00862480073495565,0.14290992607059308,0.01752534666311081,0.07140920991713451,0.12273357499573999,0.11375472247755325,0.18159893285634426,0.07814214431024698,0.15738825792325833,0.10591308405106303,True
147,0.136109723224947,0.22990783736232145,0.10564826263512542,0.08100199307585616,0.104657087583559,0.062094824070483924,0.06840626020706364,0.14824715262865226,0.025823981973839786,0.03810287723815136,True
148,0.18018738937962014,0.02819067162958535,0.06273052490310009,0.011124952924503132,0.16920235629751584,0.15160983377142417,0.02980452611931571,0.12766954167836772,0.10096588371117775,0.1385143195853901,True
149,0.03733212149062237,0.10903095758769717,0.19909519734661887,0.11317617646292819,0.04904399145074918,0.03892694781033947,0.15273321636106743,0.06413261510762308,0.038734255398284484,0.1977945209840698,True
150,0.10176295284297916,0.22507614650874125,0.09967717950582998,0.1612775055679559,0.02915744833713293,0.023320573233487112,0.02141766597787544,0.2418770002000393,0.020414219633628033,0.0760193081923308,True
151,0.003934684323939322,0.0802590842649297,0.08320091881896485,0.02481455988975074,0.23845840932174797,0.04313004291225483,0.07531704384967906,0.24478151563951744,0.02120237594052851,0.18490136503868768,True
152,0.04718549029176401,0.08650757353890869,0.13136396898230956,0.11479501723751694,0.06540320862823387,0.14484865418497864,0.10515436691908629,0.10125831457696131,0.03939325586368019,0.1640901497765604,True
153,0.13031017976211165,0.19181143066995668,0.06777449438481944,0.16602442430035977,0.08154354173706016,0.178384542659567,0.044822167632778,0.0002385530275674691,0.05933091423691588,0.07975975158886399,True
154,0.014182562311048091,0.23365075168454905,0.012628519932237419,0.20899514999950686,0.1522776386412383,0.11931980422270995,0.028207429157038798,0.12058259310571252,0.011467776807969487,0.09868777413798946,True
155,0.18439331487596972,0.16898704889923014,0.08856476377465415,0.20860870770659654,0.11507807614146187,0.12381208406893678,0.011835642295907686,0.0035557354029347975,0.07949552372209981,0.0156691031122085,True
156,0.03843861734499724,0.15821945223648912,0.07253945231730628,0.037594908837373715,0.0336065481878299,0.20333549571049353,0.22286065028228608,0.17779170867708016,0.009997530441215317,0.0456156359649286,True
157,0.14618263385406652,0.08580388447276559,0.16833995813109956,0.01423621717793372,0.01236905537873873,0.200577141189482,0.17367110318830056,0.04927947618230972,0.005587507584842766,0.14395302284046096,True
158,0.20637869309919965,0.17677439333172482,0.1890243665512092,0.01173538858171075,0.022169233231575117,0.007562643336793821,0.1855459604796605,0.04824252748723994,0.138517763878355,0.014049030022531295,True
159,0.0635663105570098,0.019886037229749912,0.04049632214970737,0.08768304091134178,0.1534402966969811,0.07934150175197656,0.1105286194252486,0.15974789885350157,0.13183471068170943,0.1534752617427738,True
160,0.1001404166756941,0.1598040041570824,0.16572851635806152,0.06791098701785427,0.05974724033149843,0.17973795938676151,0.11879190260054105,0.02333047313430201,0.027424969303729875,0.09738353103447485,True
161,0.09504190053761968,0.08413902949806505,0.13991827622885353,0.13939099575846703,0.025790404931424732,0.03878230037654252,0.15326680408857835,0.031559282780542784,0.12545776462453706,0.16665324117536934,True
162,0.043266774149742594,0.09920125787757281,0.0030228906474733326,0.17424434734453761,0.3006359387982869,0.1319938986966589,0.0061124402913529585,0.17765932419602876,0.03103893298151414,0.03282419501683212,True
163,0.1315641242005837,0.09530621094405091,0.13451882858592612,0.10736265847114285,0.11649758282322054,0.016411176782437045,0.08184833549018221,0.1193180488428195,0.08942930661731543,0.10774372724232159,True
164,0.007240393229581712,0.012544083107397358,0.15565130434201851,0.16863125198331497,0.18909875395336928,0.14507348105066653,0.1467718753963043,0.020957408198742564,0.1191180319348553,0.03491341680374943,True
165,0.1797114590977919,0.03334575956999986,0.10362674601422625,0.14155803303678532,0.05410539317791075,0.0856264779971424,0.17697844803634677,0.11425494944484002,0.04242406729720426,0.06836866632775239,True
166,0.15593735269500408,0.07003718224078188,0.12547421008695553,0.16346362904405332,0.16542370964512387,0.07213681498385603,0.04430687040370935,0.06428939717370907,0.10406369942358587,0.03486713430322106,True
167,0.1142950237430354,0.1602417629619212,0.03505193668200336,0.08198752596957273,0.03343889297940736,0.09920426185235347,0.0943795443575851,0.12180064128661157,0.14786858560052119,0.11173182456698866,True
168,0.2078859534333671,0.10501136418624309,0.07544081938880288,0.028946166118146932,0.05004268082422141,0.04275691577598414,0.11279046908884971,0.116494307661691,0.1893787371456706,0.0712525863770231,True
169,0.10057512051165858,0.0038640443401245315,0.03993872677920202,0.029630499137539384,0.1800442873035122,0.030141755562921337,0.1566382542079681,0.20327945565181255,0.05954302378914999,0.1963448327161113,True
170,0.005008546132474214,0.08704500119248057,0.053330952495526156,0.05614454495503027,0.19117746323447352,0.11605279970402312,0.19320689119627746,0.09825880048879902,0.06411748308841035,0.13565751751250532,True
171,0.15271775819549863,0.06467752192458974,0.08164069113619833,0.004791306835520091,0.026829238247516787,0.043323895018095325,0.12529718695839678,0.1916418527059015,0.18279199155269488,0.12628855742558798,True
172,0.14388478615589165,0.08974026532284918,0.129211556408054,0.015264689374897212,0.18813019595728123,0.13496040306686682,0.1183365840384317,0.009315439346795438,0.0034004090001658366,0.16775567132876681,True
173,0.06544689016048087,0.09911524514854218,0.1005317505129419,0.08360392121111987,0.04984785536128794,0.1090950567216194,0.06450525411791223,0.032577463900062796,0.18772870850468862,0.20754785436134424,True
174,0.05160187689255998,0.13394703346791323,0.10403061346354121,0.15067993654404907,0.14497300457966442,0.08726396339339165,0.05267843950858919,0.012128069557289659,0.11541102791701745,0.1472860346759841,True
175,0.09258662703030013,0.06928051648269752,0.15596333767852205,0.06362225336625274,0.10376934149710666,0.12728493080535777,0.09049204969174866,0.0908244611008743,0.06985672615290801,0.1363197561942321,True
176,0.06492363738346504,0.02469190409843088,0.13796940389328102,0.044342545107335284,0.11769154805843116,0.09489060776845844,0.011550417965327745,0.18037122384967721,0.15157215036812077,0.17199656150747242,True
177,0.10765561157407695,0.06453137857950748,0.03242061417716345,0.08252703466170067,0.1747127622241342,0.15802698674505633,0.03189462360133667,0.10302559487520122,0.17066932167425405,0.07453607188756917,True
178,0.14184583549766597,0.0876686080495164,0.11651887946963378,0.03559962346727743,0.11863847081431589,0.12150528306347089,0.060626605151075284,0.03302525703168271,0.14766243534835954,0.13690900210700216,True
179,0.014270196223624462,0.15782822175082575,0.05971494382414536,0.21489143129204819,0.006091880123434099,0.17824207447041351,0.05599028125342114,0.050351470295738734,0.11752742309887532,0.14509207766747345,True
180,0.06359173417202564,0.004768647741861305,0.11100500656577177,0.13908754855252337,0.06640522083124302,0.07502125507787415,0.15349313944164267,0.16571545321794978,0.07717483936282322,0.14373715503628492,True
181,0.05343439016717826,0.14330229373062506,0.14539880113301742,0.07042960416983461,0.0926696084632935,0.05853418186271927,0.0666569230704248,0.1336150408727629,0.0781122910364394,0.15784686549370483,True
182,0.07300058577651942,0.0883290503297711,0.11030442268820928,0.12171002899076672,0.017357683972134427,0.12984783924706528,0.12543841913420414,0.10113051691656057,0.11441160045856978,0.11846985248619925,True
183,0.17820107747452069,0.09022962652304053,0.07044984249618863,0.006569206342439317,0.20277107998440966,0.10355337006584923,0.07667140463155417,0.08522033228860082,0.06488643905926975,0.12144762113412728,True
184,0.052883712707360246,0.1686475955046169,0.1015863666576223,0.13557645347416328,0.013287109931524056,0.09356134482578078,0.16001364806242557,0.017621628375293567,0.08338864840501489,0.17343349205619837,True
185,0.09492706295988673,0.0650628909315289,0.04675581042463215,0.00792222860457215,0.018387890231454835,0.1081656523668116,0.18371063702662774,0.07875263440611083,0.23940797212253614,0.15690722092583903,True
186,0.04007075272546766,0.08514761053332683,0.0011485932286902153,0.20892153157848656,0.2144636896638368,0.1405102366224298,0.17265740590170905,0.12110177264941677,0.01165743747179643,0.004320969624839854,True
187,0.09320061629318718,0.004734572672464366,0.054897986625086326,0.16565371928053294,0.22345575504694443,0.022985488853834737,0.0691432926138642,0.16205758314189989,0.16184434915431697,0.04202663631786893,True
188,0.02072084267773555,0.03516453044524897,0.06164315273324466,0.10175426973421073,0.08257463600049568,0.130706325055043,0.12835944289685414,0.20884916103477286,0.18721557344706458,0.043012065975329854,True
189,0.06919258253840654,0.16755959390955677,0.02796214310632352,0.09211102880003072,0.12634816427543635,0.050309527846347846,0.17486167473705977,0.06683509745537382,0.1384701562782165,0.08635003105324814,True
