ID,strat_res0,strat_res1,strat_res2,strat_res3,strat_res4,strat_res5,strat_res6,strat_res7,strat_res8,strat_res9,alive_at_end
0,0.012912403200900056,0.22764697043019383,0.19347780600761494,0.19228405292134468,0.07331159345357048,0.12213872201283163,0.030982627527747553,0.09096150011591712,0.05456431118618435,0.0017200131436954159,True
1,0.02087918797288667,0.1472592582882153,0.06795407543015472,0.03184129299221152,0.1497613841725502,0.06757215755905864,0.1237026642237816,0.14286030339011974,0.1445305091512953,0.10363916681972613,True
2,0.014490245175726073,0.14441574873474378,0.10911905487455056,0.2055601769535324,0.10399860707962567,0.12381707651842763,0.0619085335845566,0.024847839715684456,0.11071820286453461,0.10112451449861835,True
3,0.1957170201527456,0.17587344419406886,0.1349436736217573,0.005678819351647916,0.0678335722956489,0.06869000934802931,0.06283337459282266,0.0261262679284943,0.13972560198368233,0.12257821653110279,True
4,0.01760653188790276,0.0032187261830190655,0.05606165119871415,0.06359266913986197,0.07424614210052208,0.16883029403700045,0.15404329619806403,0.12132850667587453,0.18135566598197586,0.15971651659706512,True
5,0.05883478910000599,0.1316189296391435,0.12198498377125916,0.14010630890802347,0.11972790395630224,0.1565422333937864,0.14667022719018413,0.029458078527638553,0.016160955702163235,0.07889558981149355,True
6,0.1574888328599603,0.08980696285573361,0.03987794588909517,0.1516225308850885,0.2266367017248938,0.21239411768672323,0.007935051594138855,0.0015873567049321138,0.03312498865800343,0.07952551114143082,True
7,0.06321897247294224,0.0924763009246071,0.12106424100294037,0.08069242090393924,0.0035384003448197428,0.15713544152231085,0.08943966798271656,0.1145495498242906,0.12400278162837662,0.1538822233930569,True
8,0.002329152938082621,0.1660441708711316,0.27045466088656833,0.08186735425631589,0.00988549844639337,0.1911764635696663,0.10986059278336859,0.03880771154908399,0.11652812463602219,0.013046270063367144,True
9,0.026162684428166473,0.17027091761885027,0.08768406614163604,0.13773214778034448,0.05618127252236568,0.030569175941781022,0.13223998114244928,0.12389549574009628,0.06316508206923771,0.17209917661507254,True
10,0.10170528545986973,0.03679707036387564,0.0965913187050212,0.16055413647498326,0.14378323393685788,0.07825532679490195,0.031077920709649112,0.10278379929920815,0.04915345584578531,0.19929845240984762,True
11,0.1364990838955066,0.085866103418631,0.1398931814543825,0.1197720199514196,0.07833155040205356,0.11840727198794063,0.01920769019176737,0.062349876631948985,0.114265174989792,0.12540804707655778,True
12,0.11499518717124099,0.18167783798723192,0.08241944757441119,0.14437029540711557,0.04269575608700528,0.04413324812079948,0.029865064835737337,0.19578614568535657,0.14164984065579628,0.02240717647530544,True
13,0.08653570515676876,0.07540925170777389,0.095963131107055,0.13142120668342358,0.08115246442030807,0.12102566122482777,0.09467090822301943,0.13038388549596996,0.11684699268798815,0.06659079329286544,True
14,0.04703526917955229,0.1831076661875115,0.010171175626376266,0.03820958365090342,0.19196612573371072,0.10268241802095295,0.13074487041698674,0.02025976508494442,0.15065630246177816,0.12516682363728363,True
15,0.05227462058605014,0.013821118645980516,0.26267962012673146,0.04965212484872633,0.13779283280289353,0.0007280065148730296,0.12591912326524105,0.1860576028070018,0.04472356910872883,0.12635138129377332,True
16,0.02122138365255748,0.18273902374029313,0.06328356528850122,0.16020901947132454,0.06356964081449921,0.10342850855427518,0.049667371753781504,0.12428479330788574,0.18664143622376594,0.044955257193116,True
17,0.035939102407630166,0.15956108687507664,0.03433747595095787,0.12415030018675577,0.13059416535450166,0.13692973296422897,0.07784880346018667,0.08468661867778832,0.04332215740699569,0.1726305567158782,True
18,0.014422464715755546,0.16569093803083274,0.043095846222232524,0.04894686983267032,0.027159790518119165,0.007817337372451275,0.2976726037298987,0.005881001986530277,0.2987446615042093,0.09056848608730016,True
19,0.0807303414418996,0.1608548236321959,0.03722829991214029,0.16998395532864702,0.17023516918812792,0.07653965886817032,0.0750990014567773,0.07194115246986743,0.1266368873025313,0.0307507103996428,True
20,0.06107362753854931,0.0742527612242477,0.05965979098867988,0.11587851259707234,0.08806879723703995,0.08418359339472008,0.1549569329655469,0.07086118350993952,0.12152061408267756,0.16954418646152677,True
21,0.11247037581292123,0.06175852551894919,0.1166162492664478,0.1377983790554602,0.13712767874143872,0.08828875367948676,0.11090147490744237,0.08142112185456583,0.09104267982418175,0.0625747613391061,True
22,0.1206100955481228,0.02571351110836147,0.06887245080236039,0.11974994153838546,0.01180661212353239,0.07013105764822278,0.18102243422005582,0.1578541128755767,0.10368518575239717,0.14055459838298498,True
23,0.15933722369159115,0.10237667052701083,0.1422458577594994,0.15288544166711637,0.03265109639664446,0.10703149857386932,0.03946121537472538,0.11493034391311123,0.0489754258777159,0.10010522621871606,True
24,0.1714684507448715,0.06120298529075817,0.008466347447878829,0.004471316726328719,0.0007194393915198861,0.07238301726440605,0.0827745473985091,0.223466371633852,0.25210368335414635,0.12294384074772934,True
25,0.07736314548169008,0.11395876529948423,0.1323810708372523,0.051306847112508346,0.08337607809749467,0.12682123419622013,0.11231526610153424,0.09519767059154724,0.13361449505069145,0.07366542723157739,True
26,0.08017789199436283,0.09495858997605151,0.08499392257069366,0.14947669259779897,0.15872636674184237,0.098903090015267,0.1655116835265652,0.052620793307078986,0.07025998972692503,0.044370979543414533,True
27,0.09925989686650545,0.16119695071432022,0.050406389749262794,0.06930908508524201,0.043233657160332464,0.16020515333175572,0.029431401182226275,0.16794031143979915,0.1274876795117195,0.09152947495883657,True
28,0.13088743132189948,0.18647180131264407,0.0872568268605692,0.07046024706415095,0.05102981715754175,0.14823891767414074,0.04682516837533838,0.14968225752205777,0.06582432498349755,0.06332320772816027,True
29,0.16548290076702807,0.10191391688602601,0.20291579782647204,0.10745693207685575,0.006734879221776537,0.07130914575103842,0.17030056244063932,0.004284877141617135,0.0886473513737116,0.08095363651483511,True
30,0.20898238603808753,0.054873085675864984,0.0045012036586838155,0.1572742767515606,0.14254086946087094,0.07158293429398326,0.07017790621645813,0.02271824760568178,0.19327172714619145,0.0740773631526175,True
31,0.07898492902699546,0.038628938276405,0.08776672353105784,0.10784722933236614,0.12583652485569888,0.12523443073999674,0.06691526446082727,0.16255332138190584,0.12033440909332088,0.08589822930142596,True
32,0.15791727622828045,0.15526636787522993,0.12215910125528621,0.052930071861249865,0.00570421059240607,0.026002873129524682,0.020870546984966227,0.18934601018981545,0.16822477352059093,0.10157876836265008,True
33,0.06410476726758368,0.13447100843226195,0.023907896431977795,0.1233439809693139,0.10375051712738934,0.1173000380710974,0.07851460153741618,0.13892331401669777,0.06659711604219351,0.14908676010406857,True
34,0.10040982450783488,0.12455665124964045,0.07702292216054298,0.08003606286368711,0.09543689343909187,0.17742054253056902,0.19914624885835266,0.06445767155261323,0.03395893519244166,0.047554247645225846,True
35,0.004873310234952677,0.013016882850623803,0.09751379564561724,0.13187876302185278,0.18517980919356766,0.14601374357159214,0.11888781944879061,0.048204947359914194,0.07484042105216529,0.17959050762092352,True
36,0.04423783170655029,0.010989447785793168,0.03925786202839262,0.17052812289281205,0.1555218774181378,0.17550989068086703,0.08499567055672366,0.1299225801702991,0.11725191911846423,0.07178479764195991,True
37,0.15871153117129183,0.17836195872097085,0.04875856282745794,0.06725967128410401,0.0199163621492374,0.13791049079982315,0.10785268292600354,0.1931223676761336,0.052085146673178595,0.03602122577179897,True
38,0.1565589673591753,0.16273419826188684,0.08843605896106725,0.1032431868853955,0.011136792367731123,0.05774348119248619,0.15477476009996752,0.0805551814193778,0.07855033807490576,0.10626703537800684,True
39,0.03488925371169981,0.06619680951614329,0.0998269326820648,0.13631793925252475,0.11659422376676616,0.06488546358531594,0.13001709485079213,0.15296139956200447,0.14586165353858438,0.052449229534104275,True
40,0.1446742047171961,0.19007163935342106,0.06696136425878227,0.03567386641379124,0.1339498965582293,0.08222051538401426,0.15742613563070895,0.1798535544431016,0.005925687451384135,0.003243135789371031,True
41,0.040600957521683086,0.04070937614536992,0.09932203785685216,0.03610886963568957,0.08985216751049079,0.10493170245198224,0.17404044858572879,0.14005969602949153,0.1758896676169388,0.09848507664577305,True
42,0.12857650998987377,0.07031969677167392,0.10601504871644989,0.035072430172307684,0.16533875306709228,0.07625834413407528,0.14152227153159427,0.0986208776793682,0.10454441798291098,0.07373164995465385,True
43,0.14036890147326592,0.013960862601661416,0.17706971021229354,0.035933873634515535,0.06422680535482188,0.08935540808068063,0.05940617924209724,0.18118392967841904,0.11240366379490302,0.12609066592734197,True
44,0.19008471406466285,0.0011211746374565992,0.1390864314783057,0.007298218850619765,0.07263039234969684,0.1509576354190051,0.047047363695576584,0.11123698424738002,0.1446752935496443,0.1358617917076522,True
45,0.10236400760898484,0.13854155102429308,0.05619441948676551,0.16593047230233784,0.10866393316635498,0.06888909738304311,0.1569359911551482,0.04046897199267903,0.14765668676579805,0.014354869114595189,True
46,0.02443077032399604,0.08439616443921391,0.09678572108018048,0.051659898647709396,0.1443056893766169,0.10737416461674125,0.10844212429119553,0.10739746633332808,0.13218798210554167,0.14302001878547677,True
47,0.006128680109646773,0.11862818508203232,0.038012295295545125,0.012318589276988949,0.14967687584415615,0.13445770455413916,0.14743486663148286,0.1395294373526824,0.10521698641406248,0.14859637943926388,True
48,0.07243935022807158,0.08767437240573633,0.08061732465694439,0.11989445390157887,0.15542329454815593,0.053850952288994614,0.09553014242659809,0.155902950205728,0.12479442710550859,0.05387273223268356,True
49,0.04587974734885784,0.0009409960642267171,0.0451389997851537,0.023272680118461186,0.173376904419762,0.10786409536331869,0.09440027533078157,0.15296046600606863,0.16466003179273672,0.19150580377063306,True
50,0.07197322407190723,0.029242195182226826,0.061832897168233765,0.06724987215172153,0.21739889511004679,0.1684805184636139,0.025361294768896248,0.13875480279349348,0.014244907185574522,0.2054613931042857,True
51,0.2191566888988889,0.1291162901956658,0.0797942773258595,0.03668908332925058,0.19122875959638314,0.06282344976991533,0.06720481200643644,0.006085887346833725,0.18757706720355308,0.020323684327213473,True
52,0.14114611365875118,0.048635842974375613,0.0888824922817795,0.07784738302284519,0.04899414940846202,0.16021920508596144,0.036974117121936906,0.16106226964606626,0.16093288834948105,0.0753055384503409,True
53,0.09658194004608278,0.1620177027317558,0.15713535380407329,0.043213095650662114,0.1473953520817403,0.1600778901562569,0.04002480877057611,0.03984713580821427,0.051184466535916434,0.10252225441472204,True
54,0.031109365871775953,0.05303039957678389,0.17224398566374285,0.12514563335866918,0.15371388244959763,0.0803489257876381,0.09891170416783297,0.09360240582398327,0.16291101970548147,0.02898267759449479,True
55,0.007350838490512933,0.12256507055571667,0.13782359309841316,0.1548318837546879,0.15494585733526522,0.008365063426075564,0.07915415713215872,0.14709109464113038,0.050050314610319425,0.13782212695571994,True
56,0.04804366144776738,0.05356736953047155,0.12238853866467639,0.1251079759248957,0.04327285622846484,0.1271489968758802,0.12847560651881337,0.11977040580772619,0.145195273243818,0.08702931575748635,True
57,0.015247601653594687,0.06885414981523286,0.13262365520031447,0.16101894034829767,0.15701547721629788,0.17241958359766113,0.13002874148106386,0.07630641057032005,0.0506859251271831,0.03579951499003424,True
58,0.1492492797116213,0.08702396051325918,0.21999502191246906,0.08040409698518015,0.005744944252844409,0.020641348904420733,0.06586535450948974,0.032265259155918005,0.12577280648926034,0.21303792756553713,True
59,0.08572138625563355,0.1251965308598931,0.03258380466234993,0.08702264908834069,0.05787250097221325,0.11150477062842319,0.14242925703331405,0.1780319290117552,0.14387616231942682,0.03576100916865017,True
60,0.06185566997474512,0.1507051204592782,0.06727151405051891,0.1496034883934926,0.005500267331077833,0.18638443267888904,0.008319920762309951,0.06048299504334383,0.16744193651698763,0.14243465478935688,True
61,0.010986952939071369,0.16144900315507157,0.16071882975860163,0.12296122139942614,0.013874113119594743,0.020081119476057327,0.0941849817139938,0.13032992276690966,0.14720236758346206,0.13821148808781164,True
62,0.15626844640909668,0.1202429861723435,0.03508923111273836,0.08032764326285993,0.1584568836234593,0.008096775645536285,0.08289206886197936,0.1469356479777973,0.07871440214013393,0.13297591479405527,True
63,0.047009504895562056,0.005814823591885581,0.19344796622603336,0.041997485936840315,0.19238466417904257,0.14632831061124144,0.02282900431023462,0.08537328178164288,0.0752977392658949,0.18951721920162246,True
64,0.11230731408892408,0.1373897190535857,0.1376861802829083,0.07757369891760578,0.05796867612105341,0.07973499124327756,0.07068362917514957,0.04425728070422431,0.14122627798702692,0.1411722324262443,True
65,0.05124022434283975,0.09606992926647172,0.04034796899453865,0.05126202071104946,0.08632638428619259,0.06266734121425933,0.1763169460428843,0.15652597827804035,0.16984830780134264,0.10939489906238134,True
66,0.10835203274078782,0.1388629114052909,0.06308030580236593,0.11505489156328193,0.14302650606225606,0.09278510414709727,0.018718127974180074,0.09286876751036217,0.09431679533966784,0.13293455745470986,True
67,0.03526647595971951,0.10081340169477593,0.10784859591816977,0.1475420890667696,0.11458389442793492,0.04536073714276778,0.1089108936882402,0.055882141280459506,0.1864408786517382,0.09735089216942454,True
68,0.06128400881839416,0.08764694003526007,0.13119826899241058,0.09073814769197315,0.11110625991481951,0.09451590271389927,0.1384868945916222,0.11070403434100158,0.14913361689851753,0.02518592600210172,True
69,0.01790252337293205,0.11711166600739137,0.1216008961379669,0.14361596691704237,0.1158163786211677,0.09973328178740029,0.12614125568839213,0.10901104593776022,0.11851287468352611,0.03055411084642073,True
70,0.11963044217540823,0.010599762108315824,0.05281050041368948,0.1395490566115001,0.12267574652522849,0.13368962444111956,0.13731424924393204,0.12367047862267164,0.07608303206741479,0.08397710779071968,True
71,0.08820877808339983,0.16601756097155604,0.02963449769452816,0.10823902304823613,0.15589864688333635,0.072007331525212,0.12684991375010404,0.02543702271758378,0.12808849106227713,0.09961873426376651,True
72,0.07402363375687986,0.031650742904799356,0.14342011424020318,0.17500955651633018,0.10346625705105579,0.0733317399771697,0.06471348538526701,0.17004919902614388,0.15864738326941472,0.005687887872736375,True
73,0.09229884420230272,0.15692786343355408,0.10634064492337553,0.012998814440985388,0.04552626964616263,0.13264406859976177,0.09216251096189221,0.17289721914836592,0.13776290873598349,0.05044085590761621,True
74,0.0038923204732891504,0.07580895320105126,0.06677414325780001,0.006571431054647065,0.25605338196337846,0.08040927733804079,0.08911595064297136,0.1109985612314112,0.13278194411549937,0.17759403672191149,True
75,0.13742861961805028,0.003198062277681718,0.06961117818440565,0.17912817907630435,0.20283902012402255,0.07160202847834395,0.1064298410011709,0.0017577272107179023,0.1385246333526418,0.0894807106766608,True
76,0.051286955704920006,0.08502745995795066,0.046819769850520034,0.004552846461219648,0.12517686898369842,0.22351565463768022,0.02379330985933712,0.07940983738853218,0.16036606556178962,0.200051231594352,True
77,0.14246266496693488,0.009959950648649095,0.13891106732870032,0.07435782496927361,0.10223661789890778,0.004632834694471191,0.10253773542512151,0.11965497361626518,0.1936269089596911,0.11161942149198555,True
78,0.0011672124677849563,0.062240321194501555,0.04438894112666758,0.0473990310054604,0.13548077465178152,0.0848719230334955,0.15533532353406262,0.12864967664958274,0.1556950621359466,0.18477173420071658,True
79,0.11958519658535834,0.1418078492405028,0.02621896371613916,0.03917129235833768,0.11504942799932434,0.14166823988873242,0.1455970486504042,0.020040043709299373,0.1488599714224818,0.10200196642941974,True
80,0.10430765166868543,0.1518587222161849,0.006687270134751813,0.1280075758760042,0.15043764450857927,0.07368952251334235,0.02809561235448074,0.13835126910920253,0.060650806812381504,0.1579139248063872,True
81,0.07928891442937983,0.18021339032488867,0.05303034061421323,0.10036797451935875,0.013561987045297076,0.24452399820367915,0.11082987674164056,0.027883562892042732,0.10055208300285408,0.08974787222664615,True
82,0.14563282810570974,0.001994609196557285,0.12476905459137215,0.09237762010320649,0.05312268107257051,0.09525658517593263,0.1535490899477355,0.15746534748395935,0.09976505961889369,0.07606712470406261,True
83,0.13902609371609886,0.06960251606142519,0.12116796754440981,0.00469731628750076,0.015935004884001663,0.17857730113450485,0.13228315737248625,0.12816980768197334,0.1748689280817427,0.035671907235856656,True
84,0.08065231675719485,0.158167179597675,0.11804049471193076,0.1514226470429264,0.0049047648672918874,0.0851750690581903,0.03774487805220343,0.035664551324460225,0.15504638726490763,0.17318171132321972,True
85,0.011923736876987582,0.03414259325156275,0.15300129847630534,0.13946574825470412,0.1352511180758179,0.03690440741393905,0.09655889078943958,0.10930186604987104,0.1303049771409224,0.15314536367045026,True
86,0.04186031706929042,0.017035075617318436,0.0021886818110279146,0.18705563350729787,0.12270837400304827,0.23067312149171598,0.12600711626180727,0.09963207302588829,0.054206802013921,0.11863280519868452,True
87,0.10008500339386078,0.06085553123968448,0.15383058799170385,0.11794130909185001,0.07657423136459728,0.13237347260548848,0.018636423478444443,0.10245133756617673,0.1982327322050704,0.03901937106312361,True
88,0.024564955369978908,0.18785413324642383,0.14891604888166293,0.1747126825566944,0.012253167991917594,0.12860520944723175,0.1178726710977409,0.09655543703278816,0.10416573620194698,0.00449995817361432,True
89,0.018222092559714586,0.12995086825068672,0.045673670110696264,0.23602760743983817,0.15790069790815267,0.20957176900663813,0.07101756451014973,0.006314283991322461,0.08451998701341637,0.04080145920938474,True
90,0.06285855272037867,0.1941723994212233,0.06341455794717288,0.04551597279597356,0.07791089935010759,0.16401620214379764,0.21094014552338272,0.037167011535590856,0.013854400420858698,0.130149858141514,True
91,0.027662424001040787,0.08733922509850367,0.1558412192345955,0.15236245452126043,0.018340502900004184,0.023895448592144042,0.13792864258514193,0.17138679656823744,0.06441888101784457,0.1608244054812274,True
92,0.10264474283391568,0.13014496346947818,0.1614420343758103,0.17531280250012735,0.12889332822338953,0.11139161256360595,0.012237029271604721,0.03216700957887748,0.019401352598164976,0.12636512458502577,True
93,0.12199649895973586,0.11627903674535456,0.08551633349300755,0.1038423043434414,0.12811950528179009,0.07578753632735083,0.12935634001113872,0.008380798824686115,0.11431721246906129,0.11640443354443367,True
94,0.10724447140618161,0.07646079370381642,0.0737226469355179,0.16188096715032754,0.06426909024299399,0.10739510241819084,0.04224640895071359,0.14899318767452566,0.0778714161114238,0.13991591540630866,True
95,0.021260914418133648,0.1537115434717032,0.019893238231430275,0.041416355430548966,0.09128684967020677,0.03901439352395785,0.12789743539223206,0.19456390599672552,0.11039012820904048,0.2005652356560211,True
96,0.1102309761491709,0.17863190322555136,0.09098307395888029,0.08531002589585995,0.1765016228461274,0.01223768324154116,0.05219363893369607,0.10027430762431658,0.17340244713759556,0.020234320987260773,True
97,0.003075413355096779,0.18156905474655874,0.09954209590731967,0.0748601423233004,0.16308026198113781,0.05058731739744661,0.03933085472921925,0.18774020255894366,0.19037758669936947,0.0098370703016076,True
98,0.13915934820480053,0.05601141064294342,0.014438268663553149,0.10321732257561625,0.14894330142054496,0.06330533415225714,0.14909851124859574,0.0929874093979958,0.13833114581225583,0.09450794788143721,True
99,0.019734994890954153,0.05153760078038064,0.06714317479136887,0.08571851667507106,0.14691323528869263,0.1706450194053071,0.14640892612079026,0.15706645607527714,0.13520302912783874,0.01962904684431945,True
100,0.10486467433978974,0.16464620949018444,0.12481443254848801,0.1458041942533171,0.04303129559451753,0.08966665439769247,0.14090913415027875,0.049644797736792416,0.01578670792578081,0.12083189956315879,True
101,0.02403200963322894,0.12524610360375057,0.10016874596469717,0.017012737879060266,0.05062166818133507,0.051439562174463,0.10172642616778295,0.0660740527181313,0.22728643446899463,0.23639225920855614,True
102,0.11700076966178494,0.051741666318776,0.19573117396530038,0.0065532012777506695,0.13586098843207856,0.08034644596602657,0.03623812221441299,0.16057815300117012,0.18988682766906512,0.026062651493634497,True
103,0.11212602375455186,0.16366957027891235,0.01989083705286041,0.16894064758312885,0.1538800785824934,0.11888018267226964,0.028604798607215976,0.05427004009242467,0.08749720179690262,0.09224061957924015,True
104,0.026978890072612522,0.12847095765751135,0.12897037620554205,0.06271892646814048,0.11434417261347472,0.12303312767825839,0.09431052439776215,0.14768351610883393,0.12462388704071604,0.04886562175714852,True
105,0.17424888363631566,0.02961060035180363,0.0966705095006463,0.08086314623003171,0.16917607259152279,0.06730954463574146,0.034102375984668774,0.1264630416101656,0.1559513485572636,0.0656044769018404,True
106,0.12169304852100443,0.1645955411932746,0.13815592537692453,0.16764966542332577,0.20163160643420014,0.06912320777595468,0.031662073261198305,0.09078221461577124,0.006980305771370655,0.007726411626975719,True
107,0.07071618525967466,0.09496012543775918,0.0996055740312595,0.0791174002174002,0.1462737798914767,0.12485907588151185,0.09994178131172395,0.07859571414832309,0.14394030603024233,0.061990057790628515,True
108,0.01001802317334935,0.0027833235998699435,0.0211609350815796,0.1449349415028575,0.13540061081315313,0.07182392287599067,0.19407376141657354,0.18981483475708108,0.017578553008409256,0.21241109377113587,True
109,0.13202441045488794,0.11430965333369209,0.03665370466239759,0.03762795358267861,0.08190891381474853,0.02994002959702203,0.04820024474069643,0.20795393414925187,0.10563797650554435,0.20574317915908058,True
110,0.1060846304175714,0.18389812826461285,0.05019493957984553,0.04085774025397878,0.14776458747170107,0.1904023000963986,0.016317965579924803,0.02458500444630957,0.15703345208602548,0.082861251803632,True
111,0.17269905079223935,0.16567282436234193,0.10098636258942324,0.08111843798573623,0.11622844682210097,0.04356588419300296,0.028418656914995927,0.06303145429101112,0.20184225023724958,0.026436631811898773,True
112,0.09881792720204495,0.044457172584396805,0.17123303755570138,0.004626662569519966,0.11856330282105168,0.04376136628518633,0.08427413090806418,0.1442167651299826,0.11495481181136624,0.1750948231326859,True
113,0.0025629379057872975,0.15055510015130433,0.13100183090683398,0.15371334175530155,0.022172737620346997,0.19633385599657327,0.03907858920863918,0.12314786286248573,0.021866712169963207,0.15956703142276435,True
114,0.18066768691314053,0.06679811986376376,0.15180574123863025,0.06635964036360338,0.11796479168383953,0.06866010393096013,0.10555387150217543,0.025481453657341717,0.11142469557148321,0.10528389527506207,True
115,0.08386349225413896,0.17383568479350434,0.006256296796968968,0.1042689947513812,0.12781460597086158,0.04429150247715376,0.08198834860548372,0.09635288642660005,0.09682792035270989,0.18450026757119747,True
116,0.041789168581040044,0.18069583777124698,0.04661539751266812,0.01810874601094608,0.1446012061527488,0.07288967540321675,0.04084316352958043,0.10057251615147438,0.1687039041246466,0.18518038476243182,True
117,0.08703680731832238,0.05364482472897842,0.03345915873790947,0.09065480498982352,0.09103453960577705,0.2400590179697491,0.040751098701428214,0.1949089429160124,0.034778204310070324,0.13367260072192919,True
118,0.02527083534235292,0.21860419245483437,0.06547900253005089,0.17066040544543226,0.01408369343516459,0.12495519776075432,0.024242530328536543,0.15389859261200756,0.15457196399610562,0.048233586094761145,True
119,0.03985977450054979,0.08185815953038697,0.0023953557574971766,0.12045688947149293,0.20368525956269817,0.22273395761772227,0.03665725924900594,0.021123862719211604,0.19899455822643622,0.07223492336499894,True
120,0.026783615655211705,0.1496288523017632,0.13579599630228292,0.12426603019074667,0.09252319285738761,0.09312623445050816,0.04180896988434555,0.14435708923828122,0.17593096066326022,0.015779058456212795,True
121,0.15943313608150872,0.11952524922333575,0.14370853792217692,0.03735064711033357,0.08282564334519893,0.023645326595731455,0.1126137227776348,0.10440918122196961,0.11594519897822485,0.10054335674388536,True
122,0.13798711849649942,0.1321742333481685,0.0771940453082195,0.06799598103446294,0.11347796398050451,0.15382999682993548,0.007981659570205416,0.14935673984353173,0.010804934459323347,0.14919732712914915,True
123,0.08375710778958895,0.07799008176378071,0.037322921803337926,0.15399900910941122,0.1438363870456544,0.08200402822386625,0.05626679768394964,0.15776707460425785,0.13440926162738462,0.0726473303487686,True
124,0.18230905599878405,0.0058453584724794715,0.0010066947089226235,0.11808574336361072,0.05400685137918652,0.012516638263317515,0.1328700315771972,0.173480906022184,0.1686149402486477,0.15126377996567017,True
125,0.1024689156210584,0.06053450053693707,0.12184398384953402,0.05422943056756796,0.12343022172620079,0.17094625805433825,0.03205538086273874,0.05025255932969263,0.1490136680889079,0.13522508136302436,True
126,0.009443154960804452,0.15204843188268066,0.003401589546090422,0.17443872554218925,0.12959586762159792,0.08722514778295774,0.08077007698709908,0.03715790646397099,0.18518516977709157,0.14073392943551788,True
127,0.0326199684328459,0.11803474331238732,0.16806876504368443,0.127089624753832,0.1489350327675576,0.0007847597978642635,0.20339542263746602,0.07030188709951396,0.02072473520111694,0.1100450609537315,True
128,0.14850049920977296,0.07241298350768843,0.09239723289418975,0.07010053216040964,0.010086868272197626,0.13662153253592205,0.10347382246810234,0.03368131402084055,0.174333068563854,0.1583921463670226,True
129,0.07078087055657971,0.062445484302987554,0.035682219410065115,0.11597652273476602,0.10214545062087783,0.028720255263886694,0.02642337922060646,0.24390364356213276,0.2493261590162652,0.06459601531183262,True
130,0.04204870738046685,0.03619565061461601,0.04534072172558761,0.006639963977835305,0.20779755558194962,0.14407784325924936,0.1727131045820288,0.11975270265567667,0.15708380272781797,0.0683499474947718,True
131,0.0640209491043036,0.04113331735395298,0.07836460025330304,0.21856676330694932,0.03625419935189709,0.008646900861750894,0.1736592637476766,0.1981517983382857,0.16855837162911735,0.012643836052763362,True
132,0.0012443781070154967,0.09901484741039288,0.03837579987852893,0.21742606158894073,0.056528784474653024,0.17454271808837124,0.042978572183458894,0.2165178739721678,0.023837282806697904,0.12953368148977312,True
133,0.1048259050433163,0.07837785298308804,0.16218955093106177,0.0635065956758771,0.02365816530742315,0.1746912713321971,0.019442115591140157,0.1330003235507612,0.09419323858146446,0.14611498100367068,True
134,0.1148428765009979,0.11018064104639508,0.023680174965370674,0.14000673534081537,0.13160354068506458,0.20154180890178267,0.030997830164197028,0.07200775842493615,0.13640413372115875,0.03873450024928171,True
135,0.16565969139646097,0.09851469921384522,0.10629572450201885,0.1987181809013029,0.07111014887952882,0.026681601020301777,0.10463710419895704,0.03401064388745934,0.03803976286143597,0.15633244313868902,True
136,0.03483066311721095,0.18702065336811854,0.09588275799760787,0.013785814255497346,0.09186825158187964,0.11417136505605684,0.054140469793409626,0.11154187300244665,0.11877231503958867,0.1779858367881839,True
137,0.14263233773006234,0.11255402101085721,0.0869832677426747,0.016989784517109637,0.1816487399879817,0.05137259304366989,0.05805015494520882,0.17016993311536666,0.178429811229695,0.0011693566773741107,True
138,0.11047322818278252,0.09303472230847154,0.05817296545641609,0.1267773730281506,0.1287717639939936,0.10834333943698231,0.15152631022501015,0.049394648962840036,0.09641424502588093,0.07709140337947232,True
139,0.091357615129624,0.134142227893988,0.06676219329734671,0.14573700258330527,0.04463907371620483,0.1036895179107063,0.15091880895075185,0.11368159466371948,0.06583109101002013,0.08324087484433353,True
140,0.06428967278845667,0.05365402248629583,0.10980938751578671,0.029256207507733334,0.10225433129189176,0.10735196118340593,0.13943909897543158,0.19632766111514888,0.013468699077677976,0.18414895805817127,True
141,0.0885240103222758,0.1692695683370311,0.043530792046238345,0.005689854717880936,0.10128198466110291,0.037599313305461915,0.03807299705056743,0.14414563801796695,0.18895805991829037,0.18292778162318427,True
142,0.2027878723724825,0.07223959238476516,0.15288184039097433,0.060857470683430656,0.18087783802077334,0.09649888528778083,0.1074500622230431,0.11231150288962326,0.01269226204767787,0.0014026736994488414,True
143,0.14786818539247265,0.10587931045072654,0.08652062147092639,0.062190568946804685,0.16519585075933896,0.026914796746434624,0.11377959685222505,0.12704117987448824,0.13120346353768556,0.033406425968897265,True
144,0.0725317655299605,0.06605544986405865,0.09166144079310258,0.03593534062066305,0.08791890126043846,0.06529448917371562,0.14318334780314362,0.15832621450025391,0.1527088286904825,0.12638422176418093,True
145,0.11937651006070286,0.14114652676767334,0.11859265907385957,0.1578731225147416,0.022373080106598518,0.031224950265099694,0.1091467475118825,0.03950543332332325,0.18132718623632763,0.07943378413979106,True
146,0.0881698136105616,0.12083371689697728,0.05370206048661577,0.16993005717968082,0.17159443386183496,0.10310470375408638,0.07557532956279427,0.043707195634907145,0.06931223811193196,0.10407045090060965,True
147,0.1373368660715522,0.0830476990372701,0.1071683721521329,0.07822920227539586,0.022386900769824098,0.0536211731778797,0.15569620592505665,0.16773454799560483,0.06660695153588882,0.12817208105939493,True
148,0.21110741979463524,0.05955411780528725,0.16059010572833465,0.048241876902808255,0.2088271225711561,0.04625944515297769,0.01205898830974209,0.18976683868671637,0.01649364723078714,0.04710043781755508,True
149,0.0959778290883555,0.08529777121579196,0.027317373012318343,0.1496605682382899,0.006097269192797375,0.08704057456986812,0.13084692967174155,0.1670676440486196,0.17230618522124846,0.07838785574096914,True
150,0.09750704785687099,0.14145000083308756,0.12693035314588788,0.12930320734045314,0.021403889860399046,0.16617604558799073,0.025536591858286446,0.17971377135319408,0.035558436870084524,0.07642065529374577,True
151,0.146065057017617,0.036606586104461304,0.11280053211360963,0.03384109131601123,0.1567720390925758,0.0660080355119039,0.09039563004007826,0.11175648472823548,0.13603145625653212,0.10972308781897532,True
152,0.07542116765090666,0.1316294253635865,0.011980065604953984,0.02772673044171529,0.19039573716052727,0.12453662896651929,0.1360268206868634,0.15325458239387146,0.05381279941482878,0.09521604231622746,True
153,0.04564447040777033,0.04860880519934832,0.03620200107870949,0.02046989367249401,0.19805039467170357,0.08844248350131693,0.2034027799041212,0.12823002718123933,0.12899301526949286,0.10195612911380385,True
154,0.09058203806300895,0.08939310479943695,0.17402313061746785,0.05513204870429507,0.21267771193839946,0.03135038591151784,0.1844792356290167,0.03981726666189088,0.1222769509997659,0.0002681266752005604,True
155,0.0705757498442156,0.11901307827252085,0.1273462225334495,0.1097367002117857,0.14043763663252198,0.005713922032941193,0.11684598572980794,0.12182172061677173,0.07440196870447233,0.11410701542151319,True
156,0.0297126171378808,0.13541460933232816,0.13352573909041446,0.01809461676765106,0.01326428101663847,0.1804991079249677,0.10886167497156712,0.054403337434370425,0.17101025777038273,0.15521375855379912,True
157,0.09758071121706591,0.1401221439472109,0.14223779254876642,0.1229156469329251,0.17744201404199822,0.16941942459711742,0.012038897315619182,0.009113086156915683,0.047182041119156845,0.08194824212322424,True
158,0.1682564578104005,0.04981034109916411,0.09871254470824269,0.18397627771919486,0.10662020075647811,0.03439341067880371,0.17411015332606153,0.00017779524269086807,0.13492601405192217,0.049016804607041435,True
159,0.09214734979520911,0.1408439365102397,0.06813607961731027,0.0766478032691752,0.14379298095629953,0.05959061299176025,0.043057596344107336,0.13222726050811331,0.08366795879243329,0.1598884212153519,True
160,0.10951964321758739,0.14092550769306494,0.18999971745542787,0.032544510330461573,0.009263227583893814,0.12406208520215309,0.05820401395385707,0.13345490430643217,0.17311524674853127,0.02891114350859081,True
161,0.06944486887351749,0.052914261077454686,0.13094230041256927,0.18330627151778872,0.050266460274816224,0.028338872105076886,0.2414513732105298,0.03189568990731326,0.008915688175859941,0.20252421444507374,True
162,0.15753840195432725,0.09507328571514866,0.12561857619948258,0.07757867685970489,0.10325434036486143,0.1466900540365619,0.03965253865275687,0.06974039234298018,0.04441092512622656,0.14044280874794968,True
163,0.18541323348975836,0.14660476418229573,0.0718331860605363,0.02229308506648792,0.10071359542059717,0.10941480222844156,0.08970540162894575,0.05902006436221536,0.02089115173593804,0.19411071582478387,True
164,0.1359802966096681,0.07654225923708773,0.05843138857304384,0.17695291298663993,0.15578860183752238,0.0644370838870791,0.1558274666497335,0.014142720514940789,0.007722331405968526,0.15417493829831616,True
165,0.1642215091846378,0.12021511770088306,0.006521331689722341,0.16665325784866966,0.10782973050839234,0.008663488493471367,0.13603441117585477,0.03925552155941373,0.08855196575421549,0.1620536660847395,True
166,0.010368315377371942,0.21896053838611756,0.03582599047739448,0.10629211921043451,0.19556085367085543,0.12206798581953893,0.1481244025303791,0.09702694313490808,0.005131116545372599,0.06064173484762739,True
167,0.11320949823464174,0.15201889777157637,0.09307062794267568,0.07632267904647898,0.16494628483341878,0.003487651522057902,0.11282553870203006,0.06645883997901401,0.13545207023890737,0.08220791172919915,True
168,0.0689017270095577,0.059996141872111275,0.12460254098729545,0.03129223283215621,0.016668480308184606,0.10436487246816349,0.05527620453690198,0.1905437058822256,0.1461897396799543,0.2021643544234495,True
169,0.14914708765439777,0.06396317779299929,0.06594175587481188,0.10866098667507573,0.054645581956045484,0.1717958635239444,0.20183981595586195,0.04694987942856151,0.09530085962813893,0.04175499151016313,True
170,0.08859705227866853,0.103416281660132,0.013851442578838958,0.15669966498158971,0.12515404133502728,0.06489644348173029,0.03949117394242591,0.1297720584560801,0.13564950644420654,0.14247233484130062,True
171,0.1354382020460398,0.08178163442834008,0.10349446195304998,0.11214301711891472,0.028712971762344008,0.10162195172809453,0.12206446900189051,0.11200854325491673,0.037941263487477984,0.1647934852189316,True
172,0.08464694071720781,0.07545419457092134,0.05110792511304074,0.16335037461080806,0.18127120466339064,0.11030486511520869,0.0016755107190353587,0.14216274441470392,0.13819657273134917,0.05182966734433425,True
173,0.17090219688580163,0.055428929118354564,0.14153940214281885,0.03080882709323147,0.10315475066592733,0.09635309652390153,0.09828185889765713,0.02761638946474937,0.18561396276394773,0.09030058644361043,True
174,0.20915363393802303,0.0005424626248260718,0.026725812961670196,0.18102359042818109,0.01739787455482049,0.21819725789795122,0.12613729502417065,0.059078898639312205,0.015751752852002716,0.14599142107904217,True
175,0.1437169211609201,0.05534006400534091,0.07719117626171287,0.16601517373722843,0.04390601403333096,0.051966183596709896,0.06588966816838707,0.18262346038439733,0.09836337536652637,0.11498796328544607,True
176,0.18283376573601787,0.11128777405533263,0.18882211271069788,0.033066389939976994,0.07860127190144507,0.023222991887395555,0.10056680651208805,0.011514315490954621,0.09981969176375938,0.17026488000233206,True
177,0.11027710926490852,0.058777698590356295,0.052886887470265945,0.17952231387661172,0.023693425998894336,0.07489330446286528,0.14513272711927272,0.13134018712118875,0.14116446371436125,0.08231188238127511,True
178,0.09468379887314035,0.1665026393910587,0.10895276712255753,0.10936184688275234,0.1291811417668626,0.12868286085859257,0.012192920548366827,0.05241256102967514,0.03209476827409427,0.16593469525289956,True
179,0.11766293697449899,0.1539252091124317,0.16000782208630845,0.1846804266858658,0.08556839120242749,0.07429732770210873,0.17967226619534035,0.00377637464684046,0.010240404325846,0.030168841068331963,True
180,0.07151581985859032,0.11890514105509242,0.021906701537672393,0.12803542272874996,0.08673769019585603,0.06607025805681901,0.14996859866581227,0.06701971387832839,0.11330175126942389,0.17653890275365533,True
181,0.08812971983237398,0.03395484101184167,0.1517936085430252,0.1912575692365952,0.09643182285054978,0.07152336207892472,0.06891811925315616,0.09446037931138535,0.00987065426332329,0.1936599236188247,True
182,0.02795675884834837,0.13866086837242844,0.029145796738657657,0.11038147723853746,0.060773137093913764,0.1421076834762185,0.1463137860491347,0.14615559092606853,0.12557366377994889,0.07293123747674374,True
183,0.0848061471854857,0.10048638862112523,0.13799288277770957,0.05511940595803766,0.0892734393167293,0.16629853800275668,0.024701191462859137,0.1500911461741232,0.14105172703197302,0.050179133469200665,True
184,0.026718064786824036,0.12023627858074926,0.2787864166643449,0.07117706176163918,0.06542298728432669,0.06922458997242559,0.07514663837145161,0.21880945235748275,0.06204474644476228,0.012433763775993775,True
185,0.08319673308693049,0.012097050299185855,0.1897016362819752,0.11368548870010847,0.08001628195086029,0.04291553286018073,0.13938924626745128,0.17932559995806494,0.12956313923511323,0.03010929136012947,True
186,0.11907711149960869,0.22183130939788268,0.19685173229303746,0.13460028600632082,0.03892518190578215,0.04755630111492492,0.09476887789324956,0.04759014489770961,0.09659852838771878,0.0022005266037653888,True
187,0.10853495033346545,0.042219377290259714,0.029751252505126044,0.19267204827471796,0.09703051598042955,0.11598014856100959,0.15667157617701105,0.10412773274807752,0.10530765965231073,0.047704738477592296,True
188,0.11577994815814713,0.11039802596914235,0.15529245238229022,0.0017243985171223795,0.05328364942392697,0.037938421819694625,0.1551587053312986,0.15560103932984562,0.1306996333040432,0.08412372576448893,True
189,0.07309090035208199,0.09502818942519847,0.16718072755667227,0.03987160848391,0.2265510006960253,0.02306334115998613,0.011257232510417386,0.09361192124109202,0.20695005840064717,0.06339502017396907,True
