ID,strat_res0,strat_res1,strat_res2,strat_res3,strat_res4,strat_res5,strat_res6,strat_res7,strat_res8,strat_res9,alive_at_end
0,0.014208653006355172,0.03909855544337459,0.05711202760682345,0.028936023498923154,0.16053530503699415,0.25482691565654003,0.010266883124835695,0.25987075715402336,0.16810495542787757,0.007039924044252872,True
1,0.1438023876469855,0.0349242342681997,0.07613724813517257,0.14159112421600517,0.05529119130571,0.032424827026375884,0.15933852503551363,0.06588355717991433,0.12898194283613462,0.1616249623499887,True
2,0.2015319057316798,0.033082841063399517,0.2305083526895849,0.09097468320953815,0.116660633832929,0.01347347220328469,0.0861692652397704,0.1087075503700574,0.07021419492548138,0.04867710073427475,True
3,0.09298537075725173,0.1062747795345067,0.1307392888351954,0.059532167875868076,0.009073624193705184,0.12961148249509258,0.13805798338730108,0.09170928019955589,0.14190929427634674,0.10010672844517647,True
4,0.1720918045796388,0.1773034474370024,0.029159624131907105,0.20328777461659267,0.01420415078530218,0.19297202248791975,0.04563898635469806,0.05225701798368042,0.1053745481279907,0.0077106234952680494,True
5,0.1271559381818196,0.16765435516820576,0.13805394745813657,0.04935639656014684,0.058293786477913646,0.1675775852375565,0.0914016672476296,0.1612925752301595,0.019173118648794812,0.020040629789637127,True
6,0.165584895614331,0.010378163084334249,0.15207251403171695,0.0757692823576711,0.11294422464395595,0.14942424450783434,0.027651575909086144,0.12132609554242306,0.14567443623566798,0.03917456807297925,True
7,0.06808860521288143,0.11130403600541748,0.04732378339687442,0.1943704346772343,0.12424724302192368,0.13747749143869015,0.0720591562372922,0.06866856981312958,0.05939604511211444,0.11706463508444222,True
8,0.1657855660173717,0.18098669697441472,0.012232257416039621,0.14166820222699095,0.028271199616338505,0.08311686291942695,0.14030965386232144,0.10810419668552393,0.06474953361331906,0.07477583066825319,True
9,0.16238401912896927,0.08682183842733177,0.016698458849638047,0.06187283827141988,0.0038080315524426,0.07590178217917234,0.1639958337557866,0.13898734627028533,0.22960284257931232,0.059927008985641926,True
10,0.06897227771881531,0.058952387542870334,0.08475150260102865,0.151115277120611,0.16728726594998813,0.19372704467770563,0.028274269141586414,0.017013628513465908,0.04616320105294442,0.1837431456809842,True
11,0.005363390799794433,0.11102365651614,0.14516306411656943,0.0024648090812566135,0.02949894055965572,0.2194954639930926,0.19375295437879658,0.10542380230720415,0.005675585282798366,0.1821383329646922,True
12,0.12410630813989441,0.03450666521263842,0.16878871728901476,0.1501668714296704,0.02738895442563913,0.06750427105084542,0.06540331950272091,0.1753313922126332,0.18087497653429294,0.0059285242026503315,True
13,0.0690258295548574,0.17900662651457913,0.10926622057742061,0.04261179484432687,0.10708309769933878,0.14189380281821895,0.14359566037640864,0.08465486099893406,0.09332341126561537,0.02953869535030035,True
14,0.0041050421145478536,0.1673686196016475,0.06738219501760623,0.14037732037692016,0.14875349597690157,0.002678317517291599,0.13807179101499145,0.11827869985546348,0.12625578184691016,0.08672873667771999,True
15,0.006376181918838928,0.0975317083044905,0.13683954930744224,0.027756614683546753,0.0718481037029863,0.1125159299819264,0.14232579883604818,0.15591660307637664,0.0873125794459689,0.16157693074237517,True
16,0.14245460319766262,0.04158290128743683,0.09444013157909942,0.10511930019237271,0.033477171497507535,0.14974838900902573,0.11624678611866049,0.11955643482718535,0.1448365855680093,0.05253769672304004,True
17,0.10201216376899618,0.08278247854777332,0.09199687216109405,0.06496021627856581,0.11873790580809183,0.14437580475863446,0.049982365246297074,0.13179460088225198,0.13264491018069174,0.08071268236760351,True
18,0.06885251303292118,0.184640936074621,0.01951388950885515,0.10204869149375105,0.2057353645121412,0.0363155223023261,0.05792831324691611,0.11838713140398768,0.14459775304856692,0.06197988537591371,True
19,0.17338556248219555,0.03356132693811505,0.18719914105719146,0.061928256377192695,0.03161043404397255,0.20301370148506045,0.17114199487591852,0.05736664595310332,0.08047544089461896,0.00031749589263147296,True
20,0.15929226756316336,0.006409288162981312,0.04137718909953835,0.14153551821172938,0.13748289523229937,0.1088223352491399,0.1793902264077526,0.03956669872515248,0.09693656856704926,0.089187012781194,True
21,0.04463005882600177,0.042432067433777726,0.12571128104505325,0.08628432032647365,0.13207886552910664,0.25874052768772565,0.00798940957897987,0.04909068986253864,0.17384714606402088,0.079195633646322,True
22,0.004933541839087184,0.06972637607234357,0.021600188340529423,0.14915050414598838,0.145644162006967,0.13930728239524112,0.10320973981192834,0.10748869391720643,0.15026596797509892,0.10867354349560955,True
23,0.10728157634943428,0.0625287977759568,0.18253704085618366,0.11395469673232629,0.14387696438346734,0.14851082331351406,0.0365009866823082,0.049830639621889536,0.10496317044819005,0.05001530383672981,True
24,0.01045421760521586,0.062215290817519114,0.10106383727730096,0.11937008863616953,0.06222395423016041,0.13499353124842076,0.12192085065709944,0.11938935820103082,0.15565021194205833,0.11271865938502484,True
25,0.010220010453590951,0.002461601274331423,0.23864976629360266,0.028928843350059612,0.19462048674094126,0.24402036975187355,0.01573490779790555,0.0026119829358512226,0.2396469627987141,0.023105068603129532,True
26,0.09302050542576114,0.1615596790605302,0.10948335464105159,0.061185519123873426,0.15621463189778087,0.06421092702857571,0.08853905289721567,0.08828831249128045,0.10581219052669037,0.07168582690724067,True
27,0.01252367536137167,0.12606250624438645,0.06046932682326764,0.0490447167789278,0.1449712992726686,0.15160101346312185,0.009546554107554724,0.14374477243217573,0.1659479226670471,0.13608821284947825,True
28,0.028827759816174987,0.0375864075913314,0.16312158327486145,0.21255372199922967,0.02261182536937614,0.223970611264673,0.029996547514203126,0.08010421686541239,0.0344629193490304,0.16676440695570732,True
29,0.003829319893244158,0.033123647965334235,0.09058229131025342,0.08604751076031682,0.022201522834428434,0.136096762836035,0.18469159534798765,0.1986974028412224,0.08055716254100904,0.16417278367016874,True
30,0.04666325166934109,0.14128664875773045,0.12480054640683438,0.060606827372474366,0.1634992845664918,0.03302798356060967,0.16476959962238596,0.13255792199111752,0.08703658572812908,0.04575135032488558,True
31,0.10159124913311852,0.15426817642826976,0.06392629192632007,0.10737583225514878,0.12016508866445173,0.055483612094291805,0.07711696542869301,0.13181311083024153,0.08264321432897141,0.10561645891049334,True
32,0.09446471629071967,0.023869259730366528,0.19403692843645348,0.02970071143674145,0.12289096035015465,0.20625902088507314,0.003107127570575054,0.14038712948564389,0.07757616984780255,0.10770797596646964,True
33,0.07551801203664961,0.0982429068861566,0.1479831325870721,0.1728752043573379,0.08018055532840551,0.17533308042461745,0.018103651105945424,0.10115167293214364,0.12888829523880796,0.0017234891028636602,True
34,0.12841547864655845,0.04224921357511843,0.022052278707236608,0.029817143556494993,0.2254694687068887,0.18100305448557427,0.017187581800227263,0.1735994890523266,0.08999822535113654,0.09020806611843815,True
35,0.1344894519094758,0.012584597443808531,0.14973706576136228,0.1907478723847722,0.06252199562022083,0.01791722556236376,0.06008904345670538,0.11499028583370356,0.15357495549832487,0.10334750652926272,True
36,0.15231098550462005,0.1801627705753428,0.11773158194943638,0.0780331051555034,0.15098785979733326,0.0687587408199589,0.10774388758670721,0.02445191590042511,0.0977397806220379,0.02207937208863503,True
37,0.12867848638962784,0.0698611919497436,0.034294373028070646,0.1311000902961834,0.1472215853295367,0.10119037293450925,0.08197302700407053,0.07006230963039241,0.11402260271521525,0.12159596072265047,True
38,0.18029753998575263,0.11704502202404651,0.08132440736079895,0.17100150098248632,0.05502693861666486,0.16388368732030204,0.0664664960075156,0.058354655367488704,0.0638846064691093,0.04271514586583499,True
39,0.1421040246413705,0.08890657965117243,0.11550593608590877,0.062077030954928274,0.013075579918155233,0.1845794739704221,0.003979900879818203,0.15410810737748246,0.08406203935087779,0.15160132716986421,True
40,0.08584990995444998,0.08925949631868264,0.013252820601723827,0.1612861725591005,0.20945196461886975,0.004987927793417454,0.10416627862843063,0.04301122635483426,0.1986348098476189,0.09009939332287216,True
41,0.20771663533425755,0.04956841240987551,0.15581659592846533,0.020652524535695858,0.17422319077971182,0.06886294095727383,0.024223996122682775,0.19351835858537342,0.016422204562390113,0.0889951407842738,True
42,0.0809133431472894,0.148841826771052,0.0760939207901663,0.062096196989263566,0.1187505263701787,0.03680180903485312,0.17434608982214783,0.07838147702624533,0.07717663092828052,0.14659817912052328,True
43,0.19833609268543165,0.1254783793960328,0.0671863607406369,0.046326041668416015,0.07377035173334714,0.050433417680259426,0.15118167825418646,0.12034359117986669,0.05123867329073659,0.11570541337108639,True
44,0.14124699916265626,0.0606351679837859,0.1545152931351276,0.04928684957259504,0.010711126433182838,0.06798815908948744,0.17737569236169703,0.12017200685557873,0.16902420606339694,0.049044499342492116,True
45,0.15276162697043874,0.02041187345129077,0.06777928349076856,0.12054737664499066,0.11055891002291363,0.1510524992416833,0.05769577259937092,0.1355653926500301,0.09088555444115322,0.09274171048736018,True
46,0.13769287337274377,0.013825355692964291,0.23122303906704003,0.15373112642533468,0.07105650215266097,0.07081125401257209,0.05468812918574748,0.005327864332968076,0.08246847171361579,0.17917538404435285,True
47,0.16562681999678625,0.01671399605908136,0.12773803578509796,0.07258588400824457,0.14105943894098255,0.09937436782372527,0.1687959586381181,0.06869043003528004,0.1022742852515926,0.03714078346109123,True
48,0.050776845770510365,0.14391536228185978,0.0024403118436548727,0.015136488683432509,0.22767630528569677,0.1513603660840703,0.020892266529770786,0.04352862601041614,0.1155557133341936,0.22871771417639497,True
49,0.13135551118207403,0.08130330086722812,0.030519047716463632,0.1915304377531346,0.1946060816266209,0.009976025207148092,0.08633803594532795,0.06919734751018494,0.09303323645328232,0.11214097573853544,True
50,0.059004910719327064,0.08522223102876494,0.004674172004482167,0.07879011586430235,0.10382505771681513,0.17112918159315837,0.14747545466219147,0.09177335479676421,0.08722218299172392,0.17088333862247035,True
51,0.23791809414890092,0.058412520288354204,0.048833990344385216,0.03997819678841936,0.1804563442626377,0.006505564964352814,0.02931052688060474,0.08642013052399788,0.23123906125266427,0.08092557054568285,True
52,0.06456095160888857,0.002204071578776193,0.18009707750634588,0.19304200653966128,0.1320404815559532,0.055368548907517676,0.19113186613606423,0.02282341909271631,0.106748520152583,0.05198305692149376,True
53,0.06277544573767874,0.16261653079448662,0.1695816479154642,0.01559959089876393,0.01880748845871038,0.031058753309061767,0.18516341772430978,0.02106965459819594,0.16281097940178008,0.17051649116154863,True
54,0.12260025549834234,0.09341151158094417,0.1578410297746615,0.11130171323740565,0.05597842080508834,0.09841537334333748,0.15600605140568716,0.12573910922342113,0.05039521027857907,0.02831132485253311,True
55,0.17785722609200919,0.09455801497104908,0.1045896318397258,0.14229878994953032,0.15656513207733072,0.04099043206594052,0.09762702717205174,0.007238489588979864,0.16858468575737162,0.009690570486011105,True
56,0.16868341803779568,0.15442928282319476,0.1319781595183707,0.2179972427473563,0.009696799576043923,0.09700555758407085,0.15825624193409435,0.011347041648719077,0.04055332076035985,0.010052935369994489,True
57,0.1491735109945256,0.033730754604413105,0.09641240435690195,0.1529753305543343,0.06657579232986131,0.14086456342086603,0.03544865393213754,0.11819983282315774,0.0711651789868005,0.13545397799700204,True
58,0.15698829091156583,0.03841941710754446,0.1808183596307562,0.07179710177559981,0.10560436638454898,0.13955929326853161,0.09522743394927656,0.03889822938505888,0.12983720714047386,0.04285030044664396,True
59,0.12206619318774951,0.11054932497422347,0.13974174273752904,0.045126163557866396,0.03141228192006327,0.10006511361223105,0.1583608364728179,0.008761250747936326,0.14234249674531813,0.1415745960442649,True
60,0.09402375579914829,0.15819656668794146,0.1450085728522634,0.09551503231196126,0.09507175039946206,0.15535133636131102,0.014977655145325602,0.04300433468771372,0.03969703220651204,0.15915396354836114,True
61,0.00030243527515138414,0.1487760400307595,0.09488619096387235,0.14086694748325143,0.05186185620992378,0.1612134266255456,0.0043374982223926654,0.11332607345017671,0.12173538905176397,0.16269414268716273,True
62,0.12093816846236356,0.07766682300431137,0.09406690326121954,0.15142227215433088,0.0831896701537305,0.1313604952044099,0.12964916881521463,0.03878917810548825,0.16623037218316078,0.006686948655770522,True
63,0.0825115945640532,0.17971470368921072,0.04424789413737203,0.15403925299403332,0.12334436221515054,0.03355380983053584,0.1175654792848664,0.051140230847872184,0.11604133263378841,0.0978413398031173,True
64,0.013914310617998643,0.10796466863979924,0.012659738790074992,0.060815326092978995,0.2325725049482509,0.04975841923027627,0.20308342675979968,0.10542350265140045,0.0913665423945904,0.12244155987483035,True
65,0.11737897066704896,0.1012883935765477,0.13235401409865838,0.03992626804072532,0.0704944186167514,0.13243023262115314,0.0386145589176177,0.1690538290415274,0.029221693372446247,0.1692376210475238,True
66,0.05826337071069236,0.13291039901356996,0.15952918747540176,0.03352127198412396,0.09427553014594885,0.1612225505484435,0.09995930704294997,0.07174366425263634,0.026088889506544814,0.16248582931968863,True
67,0.12038000466729973,0.14211512121277825,0.07127894231198352,0.10481140545430562,0.1059432369421079,0.0214211133678079,0.1419740787935809,0.06541457929970276,0.1251750796141633,0.10148643833627013,True
68,0.21696312099778936,0.12134030447497562,0.14518720114909509,0.10791173551098554,0.07808659329367065,0.0631297274841773,0.001727353616284635,0.18630036852007206,0.03094060443904127,0.0484129905139085,True
69,0.15049673617294948,0.06894673961734944,0.15765567953271475,0.05999720207471491,0.14954896830739697,0.11153458144742652,0.10946731280346292,0.030383291603333425,0.10619063231319281,0.05577885612745866,True
70,0.13907559445343293,0.0735138302966268,0.14273158205343836,0.04454110598937037,0.08449997097434082,0.11189873329778009,0.08478212741413506,0.008654582122579309,0.18031388685499591,0.1299885865433004,True
71,0.14317685506541888,0.045631014006076664,0.03513655575225922,0.12976333026968806,0.1893847539539471,0.03953357054748386,0.09643865004355973,0.19537036708387642,0.07976402683667985,0.045800876441010295,True
72,0.14618007628559843,0.16352819594615395,0.02880314863669664,0.1349919080488956,0.10720805302208336,0.11011922221309169,0.024558011308691924,0.07279903513230707,0.14260735561828655,0.06920499378819475,True
73,0.1698058627704665,0.13997924509999943,0.06425697950379336,0.12074380962725131,0.014926847141537258,0.10716335131665665,0.1439675246299063,0.021493472655004144,0.09130726174469643,0.12635564551068873,True
74,0.09343703149566561,0.09548594133157623,0.09016736984124642,0.20905105900995288,0.0716934679269734,0.0639772047248155,0.060019179834090386,0.022532753677612684,0.13733773703688432,0.15629825512118264,True
75,0.026295799153170946,0.05047758666220302,0.12843812656691433,0.14139721224383364,0.07163134883901982,0.16607532199053487,0.14954137660794847,0.07839582050263809,0.031589180114821806,0.15615822731891507,True
76,0.09181188701082696,0.1303676893265737,0.03700667932311667,0.0800512558153213,0.1479466054965887,0.14314389406483843,0.1056501666810871,0.12185653977988949,0.10496177840553926,0.037203504096218476,True
77,0.158539913141509,0.17470749038018737,0.058004999611463846,0.056476280937922,0.15748664085780623,0.004734568800838473,0.10219666405265719,0.17693471986210232,0.07099531869992125,0.03992340365559237,True
78,0.12345806582349894,0.05365811317999108,0.007882642140902283,0.10310632011138754,0.060420881851436216,0.11860057515670407,0.1511663543392674,0.1376514969294752,0.08306048009919004,0.16099507036814711,True
79,0.15155174046128533,0.01406109937493733,0.05435021985937309,0.1675181174708925,0.09916772803438921,0.14292544693207457,0.14902486290408684,0.08728937031165585,0.10526594387074836,0.028845470780556888,True
80,0.07499266651823347,0.15810007947577856,0.052933695701035455,0.08389351901976468,0.034885330057623475,0.03509187064420482,0.15267909277488684,0.09687821457650819,0.13453129271350142,0.17601423851846318,True
81,0.12674188400504102,0.09588466042027893,0.1507952734284676,0.11937861886345923,0.06200186142526612,0.09925824881312521,0.09464337069479388,0.010385524877073237,0.08288689107142806,0.15802366640106674,True
82,0.17113288916758765,0.2100051719413661,0.19774050330340603,0.0046669935863649795,0.05375062530114777,0.11862811651325302,0.019198906209738582,0.021973674960989235,0.08404151530608733,0.11886160371005933,True
83,0.14580714532612668,0.16147582823611975,0.10160255541734628,0.03943932275145783,0.1058248948784885,0.05586847179900063,0.07467483459820778,0.1444462733384717,0.11893538803925481,0.05192528561552605,True
84,0.0428991032957136,0.01937674126980046,0.10374566791999772,0.08103413596849997,0.1423599999892702,0.1372365169718478,0.127798716811862,0.1260120628606081,0.08040333790970704,0.13913371700269309,True
85,0.013125667989644086,0.11005781705145963,0.02823037414521619,0.12469839644090948,0.026880899073702797,0.061684762765674625,0.15759455525829877,0.13294604969986032,0.23722621450016845,0.10755526307506576,True
86,0.0050431918622831804,0.14689467923584493,0.13774766607108305,0.11906635357626665,0.11768121809535625,0.08601015958514022,0.04413660966653822,0.15420830285802578,0.14705882867833206,0.04215299037112951,True
87,0.07061826551378542,0.13260621196923061,0.16865920484229274,0.127591342477728,0.08909178182979591,0.06397592470088913,0.17073520311721901,0.06070415980080026,0.08431186300888105,0.03170604273937793,True
88,0.1320266006687114,0.05520597200977842,0.035026989409188164,0.14549468698390575,0.16742733881568006,0.1862973405240157,0.021441238442435024,0.16343306351295234,0.02131077762507521,0.07233599200825801,True
89,0.1071563680913417,0.1097252224024286,0.10848136482896226,0.07855308923129208,0.09476374370652789,0.15329106463002884,0.12054268501054374,0.07698186764084804,0.018756012384237727,0.13174858207378912,True
90,0.14044160659455227,0.07275015301418389,0.09913453070054987,0.10780846993043905,0.1263492320559574,0.10754257610830022,0.016370874494342453,0.1198084924760516,0.11791161551211712,0.0918824491135061,True
91,0.03287002553641149,0.07255273678430292,0.1914236173892532,0.11447022511923802,0.021365671778107092,0.03977273389007767,0.1673812483656925,0.015149340790389515,0.20088978481508665,0.14412461553144082,True
92,0.12182268458264253,0.033623966912412526,0.10244657661658506,0.12563975768699448,0.07571321522003681,0.14812367822310055,0.0006339246970411608,0.10643003644730245,0.17155888344749476,0.11400727616638971,True
93,0.1556437819922199,0.09011538767102335,0.11620042707591689,0.08667537011955719,0.15133572542549947,0.07750538957364832,0.049562000900801435,0.02759191252316594,0.07982549755425274,0.16554450716391475,True
94,0.1730824136519771,0.12621171693999672,0.048911524766815456,0.11926076001471533,0.16635058697721622,0.13554677583648927,0.06207010031557753,0.10614862066726725,0.005218210150712464,0.05719929067923278,True
95,0.036319840164553176,0.1980256641244449,0.0085526802396864,0.05575018378895092,0.016915347906771936,0.128761083486343,0.1523075196732547,0.053664936884714916,0.11897298463808445,0.23072975909319568,True
96,0.10551940866874765,0.16290557996677257,0.10752534576205205,0.152789716680828,0.0561792530548909,0.04825243337304777,0.11017543091555462,0.007598968026166939,0.16404798645781968,0.08500587709411976,True
97,0.1283471013525357,0.03309949365676228,0.06858302833574838,0.04270216337065856,0.14458058779803584,0.041371574946136004,0.11861170846600906,0.09764758084575667,0.13771509859360737,0.18734166263475008,True
98,0.20735589014423625,0.10215888449257568,0.08497138108072536,0.19921889098810464,0.10951328265345094,0.17891369222428505,0.04005252417802067,0.03713123197833218,0.0038960398459003975,0.0367881824143688,True
99,0.17412135746781027,0.025250086055142642,0.09739740584887634,0.09246128892797999,0.1640400015305517,0.16630627576173995,0.03742950532178876,0.1651662206309131,0.03855842693619783,0.039269431518999295,True
100,0.08040975969155643,0.09128851800059483,0.036336880461512774,0.21155940481288832,0.07413029446393102,0.09483669648462952,0.06737008775347454,0.09117026127358727,0.15877237168542527,0.09412572537240013,True
101,0.13164494674200589,0.08041254248448867,0.027040330657950334,0.14846386156846864,0.02138837940838167,0.040158345953534215,0.16087627895670922,0.18614803208847494,0.17644104176458808,0.027426240375398436,True
102,0.03445024819682735,0.18254247649727884,0.05236533421417443,0.06367618253558834,0.19933727176929983,0.07236635455502001,0.12382555745763871,0.09007714905106028,0.14642035717103807,0.03493906855207414,True
103,0.05150309035670813,0.038165777113049214,0.04177887855119781,0.06508121624117025,0.012181628855025111,0.16849574856279104,0.22046490582936126,0.20290648949264378,0.19157087401425887,0.007851390983794532,True
104,0.05715453778371767,0.042467481231622306,0.048070077521008066,0.15637495092931147,0.18225116689502877,0.09081041831207991,0.24582753663296825,0.0633040747471418,0.03478623406326533,0.07895352188385638,True
105,0.008440930885351746,0.08808092169395694,0.09993600676273923,0.2027040383601241,0.18325084500321234,0.007748950051656785,0.012209773438014949,0.11182520325013434,0.26739284588685286,0.018410484667956726,True
106,0.10126794513644273,0.15411279441352876,0.007041594484280742,0.09253862400810633,0.1009791860660539,0.20861507806197804,0.07857450891357111,0.00243495979096657,0.19323037647725308,0.06120493264781868,True
107,0.0827834364693057,0.11786893951647398,0.04926664845782869,0.17583492764795097,0.03150165612224616,0.16353209043129674,0.11886206298187761,0.14857988888699344,0.10496698120038621,0.006803368285640592,True
108,0.1526695640838202,0.09230310280249145,0.18513178904299418,0.07669352728366184,0.17233456068180275,0.0072812809612069415,0.05694775555870172,0.13350340080715303,0.07706576607944833,0.04606925269871945,True
109,0.09514707006102391,0.14499490178387808,0.10304599613553395,0.10770569870609008,0.04261700984035885,0.06619931847155965,0.13286011693141314,0.14472304213048034,0.1357482960123523,0.02695854992730974,True
110,0.15498272866261542,0.06598787693529602,0.1422444622089592,0.16698774500839905,0.08187594769385771,0.009432506239417065,0.16102003042257182,0.05709981849880602,0.10016172416206144,0.06020716016801633,True
111,0.10307165298778574,0.155448282115169,0.2125157040607229,0.012079034172811465,0.20191459384341254,0.05849367420014381,0.08559018961347688,0.016536020450466166,0.09776271156621474,0.05658813698979677,True
112,0.0652361863874885,0.11036019932251222,0.0937004711498803,0.12691641703755013,0.11883954389477891,0.12709315216826517,0.09485484615478391,0.13307632901999675,0.08702958634220204,0.04289326852254205,True
113,0.1347956239757356,0.1280797976862511,0.09969487519358747,0.03592594480581858,0.12164774553445915,0.12114221997159577,0.11040661208391825,0.10001190849863859,0.10018774159242372,0.04810753065757193,True
114,0.16257886785302944,0.09715455226691135,0.00665185736474989,0.15531725311509792,0.0434668603082806,0.14914196243995914,0.15086224135816095,0.1377448565046125,0.025842105308303585,0.07123944348089452,True
115,0.018538402553087814,0.017131797504212485,0.15853928086386498,0.08879226564405508,0.13337672008487161,0.16065731040150716,0.07020704011946495,0.18203122403522112,0.040466590033107194,0.13025936876060776,True
116,0.08427346396179039,0.11395445803015673,0.12646194432501226,0.10339827910657841,0.09725897009154402,0.10504880942289009,0.06000744517908967,0.07547514555304975,0.08260695033260416,0.15151453399728454,True
117,0.06853008374429116,0.005603522464073928,0.1633646121817283,0.20618441049144673,0.17066154439860126,0.1706392669950872,0.06558685601325011,0.0169217194508375,0.02840804520948095,0.10409993905120288,True
118,0.12907870502786406,0.04077280155169189,0.09079262962832993,0.11271821329239273,0.08898584642781864,0.052631679245563556,0.11812524949453938,0.1273997595362345,0.12984067183960404,0.1096544439559611,True
119,0.07718153240884862,0.17525132194063195,0.16177750066030216,0.04543161557835512,0.1600683173022982,0.04410097277158003,0.052038288059797246,0.047762668358181416,0.17030061426153043,0.06608716865847482,True
120,0.06196278780038584,0.08610998130491052,0.000780663109917037,0.041341207563733856,0.20835968818218312,0.0867683649449078,0.0619782498859769,0.21665139396663274,0.05860880693256698,0.17743885630878517,True
121,0.0600378370728365,0.14600287275997642,0.16239019902268567,0.01572020865487341,0.016468284945583892,0.178663858220658,0.1052917299588528,0.049594525909336135,0.060083043959692085,0.20574743949550509,True
122,0.14565124881447875,0.15976292644248172,0.13977758575018434,0.0034639706821201427,0.12640843182256148,0.1702365482852179,0.0999601213507676,0.0840322365407166,0.01603423630814211,0.05467269400332923,True
123,0.08754167718133223,0.04456605333004929,0.18546248511134023,0.07203956257708168,0.12190338148246108,0.08439681506349908,0.17948917465181236,0.028438138544196894,0.1699819325600859,0.02618077949814133,True
124,0.09771747135509691,0.051520450678664585,0.08979239096789275,0.10809795375586649,0.14804206307700604,0.034401531562479465,0.15668740481855029,0.0871112929852635,0.04869985030242396,0.1779295904967559,True
125,0.12026516221382386,0.02152992303699296,0.00430417073729747,0.1029112751508025,0.04528402840843342,0.2039158955254118,0.17205685527276798,0.16419885046752833,0.05093974363972157,0.1145940955472199,True
126,0.16158207924220683,0.019286780226032637,0.0885460066196689,0.09472758304169757,0.11162780330826985,0.1414289531338376,0.08941805176812136,0.10548884066107107,0.11741195061298533,0.07048195138610898,True
127,0.1706654665656049,0.16804301104375058,0.1251646030652997,0.15860742104961378,0.15160788897650504,0.016388037736817972,0.05216860843610775,0.02827948423530993,0.049780055737758656,0.07929542315323164,True
128,0.15484050613967582,0.13569332414475607,0.14015369108905426,0.05276386971479517,0.12452056696078627,0.15308824880802113,0.06587916181235719,0.030716180476062453,0.028536971767466626,0.11380747908702496,True
129,0.05086197838572941,0.07526564529795643,0.12153454124078898,0.1261717020403738,0.13695333182231328,0.1541886900294401,0.04768648632151034,0.06426853306068034,0.15581391978832176,0.06725517201288549,True
130,0.21875102783659553,0.058326540113542165,0.0857743102887129,0.014099066234849824,0.14198859823676255,0.09281332345255004,0.14807894049311002,0.07465238941807574,0.07693464716656533,0.08858115675923596,True
131,0.13796382693915835,0.11717045782937024,0.022497744444795548,0.16411756025253194,0.08574228611325956,0.15226733240127208,0.10767478525676293,0.06764561960564779,0.13614057816954642,0.008779808987655081,True
132,0.0187600678838575,0.037085592869761035,0.047757624851182214,0.2638143521202484,0.11729438200038325,0.28113697032630713,0.05811410395257509,0.08715760978633852,0.009688586857905178,0.07919070935144173,True
133,0.09587494952695144,0.11949290593188995,0.04909938731654717,0.08147172177418933,0.10726030719607359,0.05417486423542063,0.1829893801189613,0.05032232361753745,0.17451627106521694,0.08479788921721214,True
134,0.049929383418982,0.2082393217030623,0.07709536488569257,0.18177099974872854,0.19409544070341336,0.030119729656526335,0.028350825567514948,0.16436131615700447,0.020953761944345395,0.04508385621473004,True
135,0.11388007103290584,0.1125787112426426,0.12147842705158923,0.12319788152245574,0.13024516386289595,0.07947007972865197,0.11650404695895775,0.09888595603027785,0.005481754834039441,0.09827790773558369,True
136,0.1585242214217004,0.07741406830880135,0.13335112263335408,0.1089625443786326,0.053974718235406054,0.15428265334626176,0.1591341271344473,0.09231594072993174,0.01846435062311899,0.043576253188345807,True
137,0.12176190587759979,0.022549709622901936,0.08782467567010054,0.02127073040133403,0.015434336186954127,0.1799377810967786,0.198894732706899,0.023812718720732907,0.10089992865801775,0.22761348105868123,True
138,0.050392675682912766,0.05234273530007255,0.18407716033781593,0.2196081274531382,0.10001329547371815,0.025945150018564032,0.011259052119822185,0.13889979153153367,0.008870000308796495,0.20859201177362605,True
139,0.06150482991442085,0.027920946474766686,0.1285208919144056,0.09349777431089257,0.17611319204822412,0.18402147416218156,0.07391268999685248,0.08015946691330376,0.025259918391172326,0.14908881587378003,True
140,0.08931689773764714,0.05000298675121129,0.1689855591346393,0.07603763613029012,0.009554808081642926,0.17661285880780472,0.13498088889641355,0.04899781131881321,0.1629695444312624,0.08254100871027537,True
141,0.031240658518893467,0.10550456030451265,0.031613354024066384,0.23840255238410019,0.18079984181014655,0.06123823052776216,0.22798513513273921,0.08421358248913742,0.0162102882308253,0.022791796577816624,True
142,0.10378420358515611,0.17013285184138377,0.06512513301614099,0.15543327062568973,0.07113135727452026,0.10627166204200762,0.13945925637782344,0.12309901959922555,0.036762373497100966,0.028800872140951565,True
143,0.08806522775833782,0.09532989331547607,0.20101624731912296,0.1366570356324468,0.07289284639432614,0.16450544504066988,0.01574708339403615,0.06759251326088918,0.15156855063788988,0.006625157246805123,True
144,0.1477353898220292,0.2059310838591193,0.05903702759520484,0.12658723101841166,0.04138395870092951,0.06546343983126872,0.05097443214027878,0.10591919926798549,0.1288013865939401,0.06816685117083242,True
145,0.122774712809252,0.08692367070410062,0.019991781249651647,0.13020929333417394,0.15114196163082202,0.05140111044781868,0.037986120469376744,0.13893232454940851,0.10993866171987186,0.15070036308552387,True
146,0.08927621606664639,0.13701816267968334,0.11986071866722395,0.021539354443296535,0.1478380423748294,0.17760479554334183,0.15443050773813713,0.017295327802389633,0.11663223820810059,0.018504636476351272,True
147,0.026745450747465108,0.07841834660516049,0.07804441606103117,0.06667472481698887,0.08397015153138705,0.19450576639343062,0.11762736612546844,0.16668611556271004,0.13934852546672571,0.04797913668963258,True
148,0.08538944467161685,0.12498402084626173,0.15085825438014216,0.04123150988444664,0.11553968912199336,0.005306199470547282,0.09040901489598624,0.03810260067196518,0.1995325064584485,0.148646759598592,True
149,0.044605945170668244,0.19238600397887684,0.03185953486170644,0.06693929464175573,0.026759258267231273,0.1701843336664922,0.06445163197461715,0.12367328977563521,0.18322350131682516,0.09591720634619205,True
150,0.05781525950621843,0.14016870153604286,0.15756919259455454,0.1122859691383529,0.08331202340384418,0.0742451620455024,0.1281228219463384,0.022495736715855776,0.1660273070924296,0.05795782602086083,True
151,0.17233623605521456,0.08918063760659353,0.031062102649190355,0.002347895693437439,0.07121671046109689,0.08176554259394804,0.20754616732897338,0.2125222493832904,0.0008207848954003373,0.13120167333285504,True
152,0.07467300057040706,0.15253564507903675,0.12623636577405364,0.0256190116379877,0.07754742762152407,0.1032191097501633,0.15269440568310158,0.09997827113407357,0.1191147236743035,0.06838203907534882,True
153,0.09372078965102652,0.14701701144201934,0.02636108983446651,0.012402134239982135,0.0668001345093541,0.13135117878089556,0.14043109752193333,0.14841220081941042,0.030385532283999796,0.2031188309169123,True
154,0.015137173071262597,0.016197397191467643,0.11366636517433479,0.12184893985356034,0.04028434994465176,0.020439801114016887,0.1526255479868189,0.24273727697430636,0.2384333808410034,0.0386297678485774,True
155,0.0389845942819571,0.08030933668783141,0.04172613461604717,0.029504400896179415,0.1466550183660612,0.08870810665232666,0.12411670282511318,0.16599580054837101,0.15067171821835204,0.13332818690776083,True
156,0.1022972624495267,0.105960847972965,0.11548704151630444,0.12724599851435783,0.041137169610741584,0.07102280352567593,0.1274316576849847,0.06470638428324524,0.1463183928309435,0.09839244161125511,True
157,0.1326224178898329,0.05560966925531295,0.1502868699676015,0.13602409547779326,0.026661702877938977,0.06048494068661048,0.09520421804907984,0.1314562804432083,0.09231888705242766,0.11933091830019396,True
158,0.1099852964559237,0.06531569716712597,0.2521988998581109,0.11723855556546532,0.0304052153121043,0.20799718791153693,0.025407691343564198,0.12903085878613646,0.062116814325822056,0.0003037832742102132,True
159,0.16242772474059788,0.07734053547892467,0.15117673775114523,0.03620414484193074,0.02890733073983348,0.11027322016591071,0.08257318446522752,0.07437084016638092,0.13465829170259574,0.14206798994745296,True
160,0.13520206648664698,0.14531931771228643,0.12904112732301298,0.09760752749297032,0.08136597089244757,0.007765724438064688,0.1447652319444533,0.13938613827963675,0.1180503522021422,0.0014965432283389913,True
161,0.07621430763606411,0.16142197681222092,0.07399004611803155,0.18740449001068132,0.010172054034140478,0.05261858975944474,0.09426332043998452,0.038602496034718076,0.09628747120697126,0.20902524794774308,True
162,0.01140583954597823,0.06077241438536787,0.161577733205649,0.1102641130755671,0.12705559356055598,0.06184918352825011,0.1571913439777801,0.1283805103093701,0.11964729623278193,0.06185597217869984,True
163,0.1495709180546747,0.05589817379465561,0.1729709329509926,0.2513589854909121,0.23663279508350077,0.02338282377636174,0.009903382115961062,0.009584286050088988,0.05972287340178392,0.030974829281068563,True
164,0.004318959425365164,0.15975464378057758,0.08134972577691485,0.08486119144449934,0.08562626237702221,0.14830072828456467,0.08343158994278656,0.11686235133654288,0.1464683478098287,0.08902619982189806,True
165,0.07300200123588102,0.09094808149074082,0.09116091797910689,0.16112635098462616,0.15107754427533554,0.017165589287320312,0.06720027561809606,0.09041273844318254,0.166594436950249,0.09131206373546165,True
166,0.16525046944800229,0.14787348684802293,0.1626742623232846,0.12540850101640613,0.08823407883152934,0.1537203694659763,0.042760835504463995,0.018743404673459745,0.0679751818015602,0.027359410087294537,True
167,0.07445386987368047,0.019759375114184838,0.1906897633650194,0.1278620029041357,0.023699192023088452,0.14230828690356018,0.0021830996666899485,0.18211314441223103,0.1958914527773725,0.041039812960037586,True
168,0.11304851231955264,0.15825993725690188,0.04697698247538914,0.1314204782488053,0.17665583313179167,0.04697608058584053,0.04263117673753114,0.13940864723218677,0.05378996184760695,0.09083239016439425,True
169,0.12854403908737927,0.060301085807845364,0.016155576854193058,0.14862697027882085,0.09838210994396152,0.012226786202016933,0.03078222074557878,0.13291298995127843,0.18911687941054256,0.18295134171838331,True
170,0.09996931548094595,0.1398678023131132,0.1712986869936218,0.062429053177169326,0.13696945739407732,0.06654648126285738,0.02664280736908512,0.1677533944359236,0.08876809700720692,0.03975490456599939,True
171,0.036143347287143884,0.10270797226329403,0.07953405732581068,0.10290669121261316,0.13778948453874215,0.17817231479091974,0.1607278806726294,0.08603429082666204,0.04278360903136178,0.07320035205082323,True
172,0.03911242336169011,0.13524387883604813,0.14292744583833122,0.11957238649516798,0.14943995127351986,0.0432802193356696,0.028560925208010967,0.14128117094719755,0.042670388756128406,0.15791120994823615,True
173,0.08275673492581849,0.02070360132184963,0.09064376596913969,0.16109805700711075,0.11532364592680051,0.13225491416548715,0.06469077377580305,0.14079638143012585,0.10621961648923864,0.08551250898862628,True
174,0.13677378819670355,0.10699358226931836,0.17206395599576063,0.08796300432480471,0.009079042834413577,0.07049791345849472,0.10643076198430015,0.13744216699542605,0.06626344432669588,0.10649233961408232,True
175,0.19032916484289994,0.08822587135373647,0.03824314932272922,0.16646922087262633,0.1951214287519764,0.052554439209331456,0.04633594505515123,0.05666657342299863,0.02374262579951806,0.1423115813690321,True
176,0.09063719361455895,0.007226922939020434,0.057619861829556654,0.1012316179311726,0.12035283007532514,0.21318301107197554,0.09699189855007108,0.0805687075097098,0.09473912994495155,0.13744882653365817,True
177,0.15078961618507214,0.15038195599174126,0.0840688994960542,0.070859152665754,0.08998782851009178,0.1537184977133956,0.008154067116807544,0.11621438800902277,0.05795242281724222,0.11787317149481844,True
178,0.0863376642455406,0.03676769633724455,0.11311947382481108,0.047590092172118986,0.10861117198756272,0.15584641956887568,0.16554731213309046,0.15048005575530124,0.1121200252444346,0.023580088731020132,True
179,0.19902308060524893,0.03338436121464607,0.09444473461925565,0.09220497142718802,0.06636420882069055,0.1732016176909588,0.04602368644908643,0.11671402040670922,0.16995377945223772,0.008685539313978807,True
180,0.1629015178441656,0.14365592260580112,0.03203015866780894,0.15580563509396156,0.1509747038006127,0.05639493950368004,0.016789067574064218,0.015849203591954686,0.10526087194447782,0.1603379793734733,True
181,0.1266701603274212,0.15163164958271452,0.24960488047386353,0.0031582332054851166,0.10888414292118487,0.09970536032361339,0.034128880647969304,0.12750100786591947,0.056758419056724435,0.041957265595104265,True
182,0.005480227279182398,0.05467692091333984,0.2553837244552756,0.14213199051515588,0.20419354856440666,0.023532426594860063,0.06737693929147873,0.17378400150798815,0.06256084261700236,0.010879378261310446,True
183,0.10005266984674528,0.10713753902120587,0.15087941999921345,0.13864676382320695,0.12405399749623545,0.07771742048556672,0.07181714089905859,0.12870612213599306,0.09059415372870022,0.010394772564074508,True
184,0.16974658938602163,0.1652770235270116,0.12823799741769923,0.0796298400312063,0.17430903841265116,0.08079951896018904,0.02400787682225197,0.00486255268214849,0.0251596518979864,0.14796991086283412,True
185,0.08612499359922472,0.04365764425237225,0.16361833453989927,0.12012886911932028,0.12610105173048533,0.17733936907044678,0.07199677189853343,0.0630941759538241,0.08078048679870008,0.06715830303719385,True
186,0.10989744657379472,0.12018846493951801,0.026187319376875292,0.10215745555102887,0.16050144860450355,0.07580020580525565,0.056475667192118405,0.17079622599454614,0.009980924204791228,0.16801484175756823,True
187,0.12063160872123173,0.10303352709113033,0.1278532902086758,0.10088706702783279,0.12050872326553741,0.0008188921546333968,0.12695518386269602,0.10824116385868998,0.13901109010112833,0.052059453708444045,True
188,0.032251639137570745,0.10846196224232059,0.08745781204414274,0.07783862398379253,0.07059053987406598,0.04107638696287242,0.1170289802207099,0.17319963757142712,0.061434943606486644,0.23065947435661138,True
189,0.16080733958338275,0.1470669310749044,0.11436212699372406,0.005152802050817568,0.04285023975724282,0.05609734645610652,0.16782035906304363,0.09053513967110188,0.14413713278481913,0.07117058256485723,True
