ID,strat_res0,strat_res1,strat_res2,strat_res3,strat_res4,strat_res5,strat_res6,strat_res7,strat_res8,strat_res9,alive_at_end
0,0.04176986120699508,0.11100831136550063,0.17554673609910762,2.9244159075585366e-05,0.17931965907302383,0.043098100484313825,0.001847230972364791,0.13028169209031007,0.15412202113042459,0.16297714341888406,True
1,0.08409206563490236,0.11851974453129607,0.07280568603929649,0.1390703879061419,0.09098365245631267,0.14236346894294769,0.08228107404644848,0.050102277950285774,0.06575600578083508,0.15402563671153333,True
2,0.06028151274293558,0.1453995411267518,0.10471076437071423,0.1544302402373493,0.08257126315065404,0.20144752348603776,0.14438619972384423,0.0386314462943159,0.009013394065319686,0.05912811480207745,True
3,0.11506215504825659,0.149318284945802,0.04846263325612789,0.043388064358482324,0.08830825827591453,0.08730009723147267,0.14524764617032374,0.13041833090386862,0.13187060243266654,0.06062392737708501,True
4,0.17884298291441492,0.13390843676647557,0.010571857397239108,0.0879422545694478,0.005647997129995074,0.14029286738265812,0.03996142359181693,0.13669123995744076,0.16293400000326022,0.10320694028725148,True
5,0.196468691960173,0.01395102504419419,0.11290072273067328,0.10463881612734369,0.16231814586284274,0.01469636480851278,0.19464784870063673,0.1235959404665339,0.06702460986957968,0.009757834429509945,True
6,0.09060355543420921,0.11198119060909725,0.09761042751141569,0.22156935280474654,0.07910797357189411,0.15905295232698888,0.10408841216281951,0.0016913716686314,0.005334940440801134,0.12895982346939622,True
7,0.046931834940936425,0.13981829520762556,0.10339527928259477,0.11499739256691961,0.16453780021588932,0.013564379003285974,0.17912158408946544,0.011013848630288474,0.1702763157121582,0.05634327035083616,True
8,0.053295388369237445,0.05531885688463628,0.117377992200994,0.1290815308171604,0.13665813955836756,0.09907693592072575,0.11737111777514347,0.0955564625816857,0.08222982108064511,0.11403375481140432,True
9,0.042362363098064806,0.12549569422385798,0.12287643168704793,0.0857004874224449,0.06765498045081428,0.04305149549565621,0.15951112647517887,0.14936979510049442,0.05412613174084592,0.14985149430559472,True
10,0.0217929097156257,0.07178362594512729,0.1041233009922881,0.16485393914100968,0.17982467541105762,0.0934190873182119,0.21055724663542771,0.013308918303142776,0.06790773560322456,0.07242856093488481,True
11,0.12015625878661923,0.1478872685050926,0.08678906272729188,0.03912921666177275,0.04450354144981471,0.08802374762416001,0.025916683183971067,0.16107906798953478,0.12428124885294531,0.1622339042187977,True
12,0.0005767553874936759,0.03556079239657473,0.12482680889603423,0.09711863893466689,0.019815385453744547,0.07545610086149987,0.24908052145229512,0.047012383232265434,0.1020087378786602,0.24854387550676538,True
13,0.05818725194139628,0.08873921849168886,0.07236724332375741,0.002781962234595043,0.16107584441612424,0.13474108510884344,0.15361011404515187,0.14662962608524435,0.011799045222271246,0.1700686091309273,True
14,0.12011759751239878,0.037670291674409315,0.15011663866156214,0.0432419381425264,0.02100537491267185,0.0942368392527727,0.1231943099056273,0.12917149699704075,0.12052900309014213,0.16071650985084848,True
15,0.0729803323904046,0.1092119937497063,0.08724130758118046,0.12067347588678684,0.08668429777465314,0.07083239917815409,0.04864267247098687,0.24378643922255722,0.016628245276930364,0.14331883646864016,True
16,0.07544628261121174,0.1657030199361971,0.09028953878624835,0.15796760344583127,0.1679754553360291,0.022984445738876782,0.11882268148247663,0.05375561197168188,0.04829056337334992,0.09876479731809726,True
17,0.0253165573867034,0.14223304468589618,0.132534747863678,0.08336184565305253,0.0833753976896017,0.09228342295789528,0.12558098248778363,0.11320658962901468,0.11881060584816489,0.0832968057982097,True
18,0.13955358044515478,0.15676307666336495,0.09980995326500242,0.1685934682907055,0.12194042943781463,0.09578321956257911,0.00950159241467907,0.14411814007049634,0.050743962351195854,0.01319257749900727,True
19,0.08242151101503495,0.05618349094442446,0.12163640867391616,0.01984050283907154,0.1566009849593844,0.02528244764076425,0.08755555657253442,0.1999446030945804,0.15801907565061873,0.09251541860967057,True
20,0.12547275565216126,0.16452489634017967,0.11003998146858864,0.150844551882194,0.06475499813558001,0.06723186190055418,0.02050437821134613,0.129846615435345,0.08585422440141093,0.08092573657264028,True
21,0.0011112172706407375,0.19668042292464827,0.013085746542571431,0.018219208910076463,0.11222491830255352,0.105002502666545,0.1932263929710415,0.10737292380831569,0.14215210072710902,0.11092456587649853,True
22,0.17544256652746792,0.050708869112082174,0.030450458170001703,0.12258610767394616,0.19203837591751075,0.0024322448289416146,0.055151423975361664,0.05960121398885004,0.18188234027453162,0.12970639953130636,True
23,0.08102787990541217,0.05238629452616666,0.17452831015891107,0.1085559537770944,0.0002105599286636296,0.17808097778370047,0.05824969592528106,0.10699605915467145,0.1777115301214691,0.06225273871862994,True
24,0.1421568102903407,0.11697964906941151,0.12774340233316983,0.1529388518372881,0.07870954382222438,0.05550322204881531,0.1463407284472832,0.03640737527819178,0.03286945420836938,0.11035096266490597,True
25,0.10228115439688426,0.023564461309977316,0.059648680903372386,0.16337537124117749,0.1582873283732714,0.06575758194815187,0.05230541391158388,0.12401463702667036,0.1617512111116002,0.08901415977731084,True
26,0.032614982898346606,0.08904604370449822,0.17934542766837364,0.004102702983753988,0.11784089360299459,0.013810505065993134,0.07657684444551248,0.09189247763408069,0.16868252017441598,0.22608760182203066,True
27,0.11521647913829275,0.17225609848787557,0.18075238982628047,0.04421605673210972,0.13442116212835506,0.16565956495459377,0.09927513536239174,0.010515820119277416,0.0577158216237947,0.01997147162702884,True
28,0.0824159260800427,0.13777747164129256,0.033847002788327606,0.12462988473823386,0.00989802180791264,0.1303045180674023,0.1790528846485773,0.041464578937541886,0.1471457364937595,0.11346397479690962,True
29,0.06564948969028193,0.08960278377301095,0.16965239227196138,0.04172816286428873,0.10778180191238705,0.1543970231572692,0.0679102691845458,0.1188562751069477,0.14734237033583378,0.03707943170347367,True
30,0.12397239064988853,0.04155929690598753,0.04401231945744584,0.11954228886025081,0.14740706399100031,0.13627472210299824,0.13575199871776825,0.0832697281102209,0.11416056031681202,0.05404963088762773,True
31,0.1086026079520406,0.138300816378911,0.07422259348083694,0.11223627914826742,0.09475455864475997,0.005689432845930945,0.1271640259829371,0.0764741114466181,0.14951539951552176,0.1130401746041762,True
32,0.1646579388906971,0.16559046074240755,0.1026800729532995,0.1263976056426299,0.03277877388895652,0.01964978426715236,0.07550524394918584,0.09654894218387335,0.12264743121063464,0.09354374627116321,True
33,0.052585355002199206,0.01405161380130981,0.07700875449065446,0.08872901285031741,0.08840297352264281,0.0852877068143076,0.1476327223983896,0.1540358323240172,0.21102829286757513,0.08123773592858684,True
34,0.019908012790806014,0.05594692408333375,0.0039014158476675578,0.016194784452711136,0.07866962306858685,0.07639640077495549,0.20283013920999798,0.20979736612527103,0.16080289621666913,0.17555243743000104,True
35,0.041986431081867795,0.16818470518373693,0.024150802399161404,0.194356472779995,0.18477996878456332,0.08751145043143051,0.15274091539152623,0.0034260857349702654,0.0657912010224732,0.07707196719027544,True
36,0.0570509200814854,0.0146340678724472,0.02157430406359945,0.2221808211429626,0.06060426891229026,0.15743450225505876,0.12674787413523259,0.19412767071822395,0.0918174599531246,0.053828110865575186,True
37,0.15216124862346628,0.004579059343450043,0.12795895563493698,0.14373456364182868,0.14291626456423787,0.07165856890462216,0.006282625528472434,0.14580678013256104,0.07647461754630062,0.12842731608012392,True
38,0.06693693369375109,0.18829255988158933,0.039236144877800305,0.0646891797379238,0.21040931094484516,0.055682172917066786,0.026081624144700433,0.16043504879546125,0.1421882460941111,0.046048778912750866,True
39,0.00032269107769122233,0.09261167480066121,0.0016445444910294978,0.15637178962960024,0.09771647583196427,0.10517806615644722,0.2195411104112986,0.10011911707507308,0.16178044060753918,0.06471408991869552,True
40,0.05619364947437977,0.15140050143009645,0.015983668460411757,0.02058601036463833,0.17019737542604516,0.04913296075335898,0.12296065519352793,0.20199163549223775,0.15147583928408206,0.06007770412122186,True
41,0.03550156949743425,0.012784716739611781,0.17922196915135083,0.07492512350309267,0.1777715023237307,0.04341106786722395,0.04207387048482024,0.02291068167980504,0.19912697870632615,0.21227252004660438,True
42,0.0038393416395239937,0.12586319314474423,0.1310180351606193,0.0654454276622004,0.027722013054103302,0.2318892387228883,0.21859410761705614,0.11005756095645608,0.05455214993734083,0.03101893210506754,True
43,0.017716442806359953,0.05164224492021168,0.11589544939749673,0.029846354693687287,0.20928249759843712,0.171205736595396,0.11746968691280811,0.16863745364559968,0.07064134625174288,0.047662787178260745,True
44,0.05628921555298555,0.004661739832422616,0.21772333228989876,0.09332362323274242,0.04532986949444738,0.17420776475616087,0.09509384805714771,0.1352179584617074,0.142650311013422,0.03550233730906542,True
45,0.15622243670559885,0.0566094463954978,0.176848768367091,0.05629584130208078,0.05937861392988861,0.0315667582316017,0.025900750449643125,0.15138142340336672,0.08908332265513948,0.1967126385600918,True
46,0.012146055676801557,0.07204546686979744,0.03345622575772169,0.13973111318760797,0.1373390438231541,0.20650349590350167,0.13500689325022663,0.1566701694293782,0.07753304516837181,0.029568490933439145,True
47,0.16318078770011243,0.14835982702067965,0.136789062962215,0.025112566292654903,0.031104409941023228,0.07571693555263297,0.05995575577158585,0.019932990280847825,0.20221782116188677,0.13762984331636136,True
48,0.16180859629225774,0.04358169114222324,0.10030510207401994,0.13618729704935198,0.13804798652198255,0.15566013131741344,0.054166781205163564,0.025917830012260685,0.01939202333236267,0.1649325610529643,True
49,0.07890234805019401,0.06375058418269669,0.09098861338254302,0.15516557370981018,0.13275467990610915,0.04791153633766074,0.04244114765848823,0.1517694796136559,0.14871678898273874,0.0875992481761034,True
50,0.05340815964901334,0.12163181378183764,0.2262901430390976,0.001371212794556728,0.10436562946838675,0.03533442078907224,0.0006909120157465393,0.12957731729656038,0.18480518440759391,0.1425252067581348,True
51,0.09154115699063471,0.1268143243157185,0.0005350865307015613,0.18236217545268196,0.07893430377574269,0.19496369014926723,0.14180895220112347,0.0323114674788632,0.10496667965568499,0.0457621634495816,True
52,0.08892872329760759,0.05118364424429573,0.11361660579654541,0.051026394547365225,0.09822646568455722,0.08809841997328496,0.04208114568376682,0.12434267215793374,0.17016196789930474,0.17233396071533869,True
53,0.1623706190865385,0.10160635199102792,0.06741394511471487,0.0044495767707611366,0.1290198451738604,0.0060200381974981065,0.11191476062717218,0.06814437090318962,0.16020517145930227,0.18885532067593505,True
54,0.1674069331177485,0.026624534115908132,0.11471010799272231,0.029445723193244927,0.1830778945000485,0.11652855340506466,0.06064771579973184,0.010003979272652655,0.17121917231375955,0.12033538628911884,True
55,0.0159470132535359,0.03720182085665181,0.08311392700137447,0.2140707874662598,0.022874103896576906,0.11669923214781606,0.030847960723282667,0.15773910460661994,0.15846166817827786,0.16304438186960452,True
56,0.0813397541407396,0.28625905173212673,0.1321894301623504,0.11621722462398971,0.07018971066862326,0.05675739753303857,0.03389375379208785,0.049348378742798994,0.15506067749085362,0.018744621113391192,True
57,0.1307582962525705,0.0579652036477242,0.18865077116444876,0.003832671254422574,0.05088239290704836,0.0026321226904367227,0.21208646875579829,0.1992346995655544,0.07411949395461973,0.07983787980737646,True
58,0.17816855010460422,0.1741034396952905,0.0033333826316513976,0.0777023362949773,0.18141623242325725,0.09041823276384324,0.09580414605708254,0.1005476331814982,0.0492756443784208,0.049230402469374525,True
59,0.09755978109777302,0.051606766857267325,0.13770743607261865,0.130975614089357,0.05730168186417763,0.1278084132319729,0.09180048651739142,0.062429306119502405,0.10998865644138582,0.13282185770855381,True
60,0.13385299125029015,0.1778903593239347,0.18440469899152898,0.046487501598701506,0.0460136921624434,0.09601484572481812,0.0854694983778836,0.13018421654551954,0.09109127386462776,0.008590922160252052,True
61,0.05727151706130796,0.06973994259080961,0.13747105627542014,0.1302941180630035,0.11356226274896714,0.0691609885178026,0.12169948631457106,0.11304677212514927,0.13792008574486772,0.04983377055810093,True
62,0.0370183182355672,0.019237216708452753,0.160030256538931,0.09929591024435086,0.19222606792649843,0.1590588957727572,0.053050073952141,0.08706008238027274,0.1386619256346531,0.05436125260637564,True
63,0.013828889813333842,0.006357366849723015,0.13585490176471937,0.16809228034468496,0.1670450403745217,0.08546486636849723,0.06322380389083697,0.12199097757581955,0.1812895689343467,0.056852304083516596,True
64,0.16760106992435747,0.09893780355533942,0.18674649519405206,0.0234770999565892,0.08513203570968116,0.13490035151455765,0.020119394513352533,0.016355641767055677,0.11277979470690846,0.1539503131581062,True
65,0.08520475478325598,0.0894602759777843,0.07899540555081429,0.12085935931502592,0.17266455283219187,0.005337261074477398,0.16149494232234068,0.08997009351589504,0.013498322992994145,0.18251503163522045,True
66,0.1276514511729863,0.04080838814230737,0.18195565419722043,0.0949298697013132,0.0047507862867685055,0.10061772509694494,0.039935229619317544,0.150484903807964,0.20831798876059812,0.05054800321457967,True
67,0.09377644577809753,0.03370022048625659,0.1683364980079401,0.13237098137082606,0.18584143931108377,0.15228323976244865,0.00718477528448141,0.12242637499735881,0.010949792121672637,0.09313023287983435,True
68,0.0787526676029566,0.04898031600425099,0.0847654873044075,0.01814972785432046,0.03664363915821217,0.2798427744367168,0.12221499506460605,0.002671092128280405,0.23747019178020767,0.09050910866604144,True
69,0.012204287735894614,0.09271488589544546,0.037314143131673354,0.1330111738128413,0.15926144114547333,0.07937899866482623,0.014536311756227984,0.15294721905976033,0.20709687208328229,0.11153466671457495,True
70,0.14653524630335546,0.1899047690294326,0.04490196059506159,0.12045508091486641,0.05821780465956266,0.1428160490112447,0.06830688607424705,0.17439450984161087,0.030968193563976922,0.023499500006641846,True
71,0.1279734976444089,0.15803668774340687,0.055670356083465336,0.013692790575057462,0.18987387762532795,0.2059761660339292,0.062029826705712464,0.08575767241695756,0.09703449399164321,0.00395463118009134,True
72,0.12416627791659246,0.08334955823521065,0.09396373092529364,0.15581713287249085,0.1256780387355055,0.05148562876820713,0.06627042852923422,0.06481869208976461,0.14291617043397092,0.09153434149372998,True
73,0.12081764881608167,0.0864581538142091,0.09329400443546682,0.15530133334028212,0.13047374278952129,0.05176526246908696,0.058695325790920044,0.14976740690702722,0.053710081007809864,0.09971704062959497,True
74,0.16992828122295442,0.04953212159482019,0.07291553034475429,0.14056414435140166,0.12619539729947243,0.17861707684940104,0.011972116563584581,0.09783823865713139,0.10885589309199686,0.04358120002448303,True
75,0.11995404948566493,0.040202934162563556,0.13424570185698276,0.11124616447771123,0.026815936653428612,0.16751937450498522,0.07122358118067515,0.12797345541859154,0.08450406572281426,0.11631473653658272,True
76,0.10277397851222105,0.17674715278806818,0.15178848992580643,0.05226222247010558,0.058932210958785855,0.05567471925626802,0.04194876984326921,0.15543977390775693,0.1052055430756028,0.09922713926211585,True
77,0.10576108062990615,0.13531037444893046,0.05729398857796987,0.13917986854644615,0.13417915008582412,0.01755895435731652,0.19532918651848133,0.04904161546509802,0.1632702247871597,0.0030755565828675534,True
78,0.16754116013167036,0.0029725949241493892,0.23091674966419518,0.04219464905410987,0.1984759101651486,0.04324109483908155,0.002983870046324466,0.06426559045897196,0.13381604785422518,0.11359233286212327,True
79,0.020202568494860868,0.050106114861762856,0.1046658955981506,0.005084441821132131,0.13954159953808978,0.1691223519828887,0.1475318217868868,0.18788148998424656,0.04121231043851709,0.1346514054934645,True
80,0.1297049311457164,0.009673246457247282,0.0635462606955997,0.15544644907936167,0.11715928155916212,0.10910511530454114,0.10667694396025282,0.14941979341068906,0.06801806549617913,0.09124991289125083,True
81,0.02713937086053674,0.1384503241134575,0.14016319635296112,0.11609649168640769,0.0735370266780254,0.009744780695726644,0.17890359417418228,0.05316174091224728,0.15342254232945174,0.10938093219700361,True
82,0.08362446963417669,0.07167887284265992,0.16938861565847455,0.1041800318415955,0.08484293328578757,0.1632419245838744,0.13496563918703242,0.11820458285937345,0.01717665941892391,0.05269627068810182,True
83,0.07807213429107289,0.1544059342980724,0.05644736413547825,0.036891559053412085,0.0851094233089823,0.1779713319117875,0.1451235527615359,0.04752817790232547,0.16199607057805454,0.056454451759278684,True
84,0.18253571702622626,0.10172656581297176,0.08355573969355536,0.17866674448801567,0.012936866552261077,0.07768422485589054,0.044813265267703135,0.1553648415705667,0.15707587073160167,0.005640164001207716,True
85,0.1697298758142382,0.04108546642289845,0.08553544364237124,0.11692895448670951,0.1293955411062091,0.19805491614647044,0.014055291042672355,0.14063528623096466,0.03688656261454117,0.06769266249292494,True
86,0.12681448522953376,0.07340803679292202,0.05926473797174411,0.1913197306216948,0.0612355220923585,0.02436936022231934,0.09779273686883368,0.11834254388389624,0.04888860107141941,0.1985642452452781,True
87,0.08408709694180484,0.0316877993577983,0.13170702274660254,0.15608833346336817,0.12982194806832326,0.11813741592068486,0.03472584254717988,0.12799073566421262,0.07659096898113706,0.10916283630888844,True
88,0.07577572846603185,0.034577830981231523,0.14451461170273103,0.11544751435802071,0.03634424844195408,0.11699305103116228,0.10706989031964693,0.15051262271723548,0.18122352200414776,0.037540979977838264,True
89,0.17468944352637322,0.06891303844039337,0.12635003067321987,0.0024131082804451027,0.11104238159107577,0.08506093398125969,0.0795944044709534,0.062078286429839466,0.13666476424217294,0.1531936083642672,True
90,0.16836031718990918,0.09146710583205886,0.026145430501202382,0.08134930384724477,0.08362064180041798,0.02792892968968446,0.052955669714920404,0.18726641114948134,0.14462033290574092,0.1362858573693397,True
91,0.009748847191831873,0.0020517776575849044,0.017277751283184473,0.06383246393090153,0.18707230165422742,0.2548113622067441,0.23404266713084626,0.152904973441808,0.03182452592606667,0.046433329576804655,True
92,0.11290004543731692,0.00444351268569304,0.0957926806076114,0.10435936579800474,0.1399384139017163,0.16390845964519565,0.14510536973454308,0.10990832229013989,0.050740463878811905,0.07290336602096702,True
93,0.1820221142035741,0.03845438981173884,0.016601848348534193,0.15222570842058328,0.1241987514624989,0.2364439480619096,0.052536728056266094,0.012884574446651986,0.07963056598692025,0.10500137120132284,True
94,0.13472902173364507,0.0005074502628561846,0.017639628389085296,0.20401598841491583,0.02916817840071605,0.20760064682988688,0.12132973268500355,0.028117989900061036,0.10442786946717773,0.1524634939166525,True
95,0.09988063516895913,0.1491852167884676,0.13944287958936288,0.030894065213512113,0.04552248708751881,0.07250417068526681,0.14012512183715667,0.05977589285127221,0.15846147654239628,0.10420805423608757,True
96,0.09013266714009512,0.09128813895290228,0.1607234688845665,0.016628840230723446,0.12617376563949656,0.03527116618704447,0.11791323664682801,0.12575270559318996,0.1586478735137794,0.07746813721137429,True
97,0.08452579973189482,0.028810726307457016,0.07198472246168626,0.04504446411382732,0.11766669341975769,0.059845534623068984,0.055848258585285034,0.2100211981053712,0.08321818109281731,0.24303442155883428,True
98,0.1143259565781943,0.07417667627501982,0.12034025446056995,0.13974772885451842,0.1270955133196629,0.17142486147189775,0.007767099840840939,0.08135052916555957,0.08302152513114124,0.08074985490259516,True
99,0.18699590444492792,0.15191776350975092,0.025275183582536612,0.13228602052891045,0.10106578175332842,0.013090277420191669,0.09582404137595742,0.050402730749152774,0.1822775815031018,0.06086471513214199,True
100,0.034877627118508336,0.22644695986435684,0.16981007300238876,0.01715076943124621,0.23137989960830396,0.011528986920984408,0.09226912742889466,0.08577987821775496,0.05407803967917195,0.07667863872838981,True
101,0.1490661480118324,0.10077807653129915,0.05727517093906793,0.15974606204999656,0.025979356319379716,0.05384173952328215,0.2020662889776885,0.09345194069410045,0.08074400246469478,0.0770512144886581,True
102,0.16230938935825942,0.0069333332535161975,0.16197443298739225,0.030146343156412365,0.10264095734539787,0.10074610619665644,0.20393253492293392,0.16122066936243187,0.025509828297096474,0.044586405119903236,True
103,0.030794518457221556,0.1440408120800229,0.19338575297416352,0.1570633699286016,0.0582722398218049,0.13434090418422343,0.03256081932787782,0.11143431139806492,0.11185989006890557,0.0262473817591139,True
104,0.09250124328970306,0.116011623715429,0.1397530089415867,0.14832660561576666,0.009383599448904718,0.16027434476960173,0.003763261517263086,0.13176258679111347,0.12854259306591384,0.06968113284471765,True
105,0.07350872528655064,0.045586592166880276,0.04855207985762532,0.09855045243712564,0.17860054499239852,0.19725046558535891,0.14127584747977612,0.047898404303355485,0.09794283916368259,0.07083404872724643,True
106,0.01586884982121939,0.16779854602666683,0.03466348473128782,0.1663407133463844,0.09964036500375972,0.17007353227156988,0.037586242924494855,0.17908632101521835,0.09778054567254246,0.03116139918685629,True
107,0.112446335458799,0.10227893190221077,0.13209946549838142,0.015008161879406736,0.05265056508567193,0.1761813042556034,0.06499865483713826,0.04193943947029621,0.14513047039630692,0.1572666712161854,True
108,0.10626810991301311,0.1506548168752865,0.04733734304363534,0.11193292186665339,0.1247909117127829,0.14415025062500308,0.16145266640175768,0.02755105887453674,0.030890617811751692,0.09497130287557944,True
109,0.02724966452294704,0.12349509041951323,0.03298623805755761,0.06452428651458628,0.059516836357260745,0.042413125623913514,0.1996467139539459,0.2560816818115613,0.08157540476556883,0.11251095797314557,True
110,0.0016722558513644714,0.1536269644466584,0.08207788140019394,0.21378581231083596,0.20494616214421896,0.12182155499550565,0.0027040737536635526,0.11827980404022774,0.04251901113992069,0.05856647991741052,True
111,0.16647885715734542,0.17684103513713004,5.519676936780599e-05,0.07388865230779766,0.1807962905803676,0.10616144837921827,0.014285930118330384,0.13045955190678668,0.006977905840268222,0.14405513180338783,True
112,0.039649480918752145,0.0569514888376695,0.12855982582528255,0.12288275825206924,0.0631550643365976,0.007625680344987044,0.11749580614370217,0.15985255045558902,0.10840095327350685,0.19542639161184377,True
113,0.15980219533834267,0.02332751560765117,0.16203615379558808,0.0933809632009108,0.20537330738300946,0.01982764303065209,0.10638196170861722,0.06319984785353575,0.0687967200427557,0.097873692038937,True
114,0.008957503213044088,0.0432490793856923,0.19565256077709378,0.19005874467634484,0.16845717378979877,0.14923387918776027,0.0645922138698671,0.028493167409916753,0.04425197489134723,0.1070537027991349,True
115,0.05292185410816585,0.009992200641828111,0.13547641605067287,0.07356482079551421,0.07323490432178748,0.15134557026878748,0.03504016724493223,0.20972685254461673,0.21473439530772698,0.043962818715968154,True
116,0.16882051382327884,0.17369366287250518,0.14717210599893954,0.1044185435317505,0.033334311134410224,0.08918029089506152,0.16986030730907165,0.044297530643623316,0.04169000359336604,0.027532730197993266,True
117,0.14495088167360723,0.11115585694509737,0.14183364680561414,0.12451006005139686,0.01823740100287357,0.02554333251700009,0.024674690126416626,0.11512138207624431,0.2766972073096887,0.01727554149206105,True
118,0.07337293329526942,0.18405086198246964,0.04927480482767851,0.144333680462863,0.20635665721862306,0.1986787647346973,0.0038911671352925806,0.0865331639174036,0.039199986964586236,0.014307979461116505,True
119,0.13299558184311674,0.02155055013380151,0.1713746926983423,0.11325679187346133,0.11903024951826034,0.11552120779950441,0.07207099656850008,0.038453235163664584,0.06929673129279534,0.1464499631085533,True
120,0.1218429633330683,0.07470845300788548,0.10000971939282122,0.04110980224520995,0.05736659055582144,0.12348839006354698,0.1282129600263171,0.12359262908306513,0.12508455539483243,0.10458393689743198,True
121,0.1755742851786474,0.1673023813063901,0.007833323458491314,0.08697552413811706,0.1771763372604793,0.027944418442292236,0.11062716902669409,0.010719481045795103,0.04945633159451886,0.1863907485485746,True
122,0.017233465112975525,0.21529405534645116,0.1537128428214382,0.16417507525818392,0.09731472094011606,0.01089640511581686,0.05684415083521673,0.0637028975713826,0.10840977401663854,0.11241661298178045,True
123,0.08178118547575247,0.19471920515654828,0.07200635056129731,0.011842200696484383,0.03464424197139816,0.20116940892107102,0.2059298413503173,0.10084872113185762,0.01848501756684709,0.07857382716842641,True
124,0.1020288943530925,0.16859040101504355,0.164587522145471,0.1383993142831681,0.11321326705656204,0.03303455822031043,0.12989287431862304,0.01773862456243843,0.09230753470541456,0.040207009339876344,True
125,0.16714264112271646,0.06617151919676524,0.030417592077949702,0.18066883707453368,0.16304972200932166,0.1232999014032405,0.020629006711322548,0.07489014617945348,0.15775557772556673,0.015975056499130058,True
126,0.14244616579895808,0.1194624855490427,0.01777291329649849,0.08047773956591844,0.11694862492442853,0.16157219589131375,0.09930686758421747,0.0034704084561720766,0.10700896095062072,0.1515336379828296,True
127,0.014306746040403525,0.09517344740876227,0.043915906249765935,0.09494777976337078,0.1521590173217308,0.12993225017203297,0.13965822327285737,0.09016291101306514,0.09512445926737881,0.14461925949063245,True
128,0.12528551626997494,0.08863309846131114,0.066709709003488,0.12611740138814598,0.1702619574476801,0.09453688242718666,0.011889001033005915,0.06796475135100376,0.06453855523114574,0.18406312738705768,True
129,0.00884065390301965,0.07116779021798843,0.07416605643306722,0.12908673161516382,0.16592691338451662,0.16591012300039934,0.024661945498918876,0.18047540374718832,0.01998732774674137,0.15977705445299661,True
130,0.05330888724044502,0.06298893185991235,0.21578201830871724,0.04184025281943304,0.06079440595277462,0.19003513250060103,0.08632532876400122,0.07930435302775948,0.19150842097941315,0.018112268546942856,True
131,0.06935785130655722,0.13833923905421347,0.1900376858239968,0.07840664684334112,0.03633641226896997,0.12901588088768257,0.06355240302628326,0.08629480653416738,0.18549538119751463,0.02316369305727366,True
132,0.15098351633544232,0.15639214327926826,0.021628397143649978,0.15189030372567733,0.16898142660470328,0.06890972657692483,0.055738864863678884,0.10255847117174316,0.014119613088475653,0.10879753721043636,True
133,0.20715090436739325,0.11700030828654485,0.04218058581532761,0.09163600901031177,0.15289091307903202,0.1473161858206029,0.03402385355472704,0.10466033291884862,0.043395229578901295,0.05974567756831084,True
134,0.14284067049842494,0.07418075391927857,0.19679632548422182,0.18198536213792718,0.021494599752428435,0.10682297712749553,0.07606772143292313,0.16514821418772901,0.03314266898631611,0.0015207064732551585,True
135,0.1321313703383122,0.07280222398495365,0.02302893333206834,0.20795776662896662,0.12931231345172592,0.11981091378740183,0.07852527618848514,0.030008101750899272,0.09727418553456509,0.10914891500262203,True
136,0.158129808862502,0.022295543431014263,0.17488330963540571,0.04468049589158936,0.049702694254699024,0.11043102924407232,0.06364318247018369,0.19980753334307577,0.048012710699980095,0.1284136921674778,True
137,0.007516542483811544,0.10351247531383352,0.30252486356556624,0.0023276257043796057,0.06615295955953976,0.12918585544754066,0.012323371971388893,0.1018271071631478,0.17898120095463568,0.09564799783615631,True
138,0.16926762022529152,0.03740142293768032,0.12104061800129387,0.029562070540952876,0.14772271449856017,0.12222389779203648,0.06734554798219515,0.1342687077188899,0.08862816183110953,0.08253923847199011,True
139,0.15770373383538208,0.07320483575429973,0.0871014556354556,0.21625670477504153,0.08701902985870051,0.06774436154407538,0.10308021703308189,0.06803192660672783,0.07715333428900521,0.06270440066823016,True
140,0.062212366476773626,0.1551169418065114,0.1720445706313172,0.15585426688408,0.025980699760797178,0.13801734361120227,0.14307869795085826,0.005287645460794742,0.05553506331553159,0.08687240410213372,True
141,0.1235930829237886,0.16305754170483794,0.07521986420713933,0.07447631537020294,0.03076937416556176,0.08090653832930547,0.11338675945626658,0.13983965783602317,0.19284044090127553,0.0059104251055986205,True
142,0.10640157916522353,0.14919184315933956,0.12449328924024569,0.13208140623790088,0.08674559041907089,0.08362594067381324,0.129640859252979,0.13245062076990083,0.054955475869667376,0.0004133952118591268,True
143,0.025710042816666737,0.01450470197036121,0.1910140836758334,0.12722297730982024,0.057139231232792326,0.2684637118631301,0.10787017788008259,0.061762287774564,0.10367726711038304,0.04263551836636639,True
144,0.16371874392571073,0.009768725648861583,0.07108797873864493,0.14702715104868003,0.1492873116490311,0.1708986740890119,0.011117680874602555,0.03704368053140899,0.16264928692470945,0.07740076656933875,True
145,0.16323976472992352,0.059125161421182355,0.013297693780575418,0.03365440120527549,0.18549505760935697,0.1750052953244056,0.03508981392308373,0.1772853336299976,0.014810855666108442,0.14299662271009078,True
146,0.11170269848151217,0.0490759925011933,0.1623872422399553,0.16443095094098525,0.0539862989808849,0.05298102978933673,0.12731272056489876,0.07119534006249416,0.08188616701228231,0.1250415594264572,True
147,0.10830993709910705,0.03589870743373506,0.14941267343962547,0.031971279339231475,0.10033344227621731,0.08001448262432406,0.18169084185867454,0.018728898311566884,0.12786242784069105,0.16577730977682706,True
148,0.05605397600004258,0.0591021389202246,0.1621262090279363,0.11297233696483254,0.04492746664939619,0.04564543907702949,0.1527160688733677,0.09755715589774686,0.06506970513985057,0.20382950344957312,True
149,0.13355049283683737,0.128848349495376,0.0871418178633349,0.14545121811779266,0.010853095033223464,0.14994775212454758,0.10011817683434639,0.14826292333165078,0.0658499385150876,0.02997623584780333,True
150,0.03334045542796468,0.20681853543687895,0.14003200562274506,0.09478875377387012,0.1165271633727572,0.08387239969093768,0.07003439694773508,0.006936489653778858,0.009765073510628431,0.23788472656270387,True
151,0.134970995678734,0.08954573285931038,0.09817485234268446,0.09540838487430972,0.002886097516372119,0.15137919370528882,0.10361698813695026,0.17878639919807998,0.05462946035685653,0.09060189533141366,True
152,0.06439048665321664,0.11195572356546347,0.09086539362169965,0.0712446305645117,0.1293780291719185,0.010860379820490802,0.2027420619930435,0.1217296236217203,0.12308949672315117,0.07374417426478425,True
153,0.09162192004522358,0.13089026814636937,0.07480616110847828,0.1450694360124731,0.00143974600182958,0.05707101721540113,0.09068367261852128,0.10029671400180729,0.17024288088970901,0.13787818396018733,True
154,0.1577325536237844,0.04044201098649579,0.08654380878287173,0.20390212069759844,0.16092451144801773,0.1354299371261554,0.05485003344426521,0.08878321810281298,0.05262240388740345,0.01876940190059471,True
155,0.11813944099002319,0.2319865774859098,0.055793701636491784,0.19210796941312225,0.12346222370988179,0.014263206896807299,0.1441041288348663,0.047423222751036116,0.06531982534016005,0.007399702941701567,True
156,0.12170200979525735,0.11159937458769896,0.009354595914673927,0.03174632747224995,0.05066508381009355,0.0199361159912005,0.15845795489609132,0.14695991630746963,0.1745981657341963,0.17498045549106853,True
157,0.07696203739884847,0.15258970767643878,0.007875083546148898,0.12388993764894024,0.0982351403110565,0.13531496492154002,0.12338100887778519,0.1586362434361687,0.09471896395325392,0.02839691222981937,True
158,0.04370493014303066,0.135632604254313,0.18057115913395813,0.04189656235798194,0.18612154716973398,0.05115940841319596,0.09902158437631664,0.09030244390140736,0.058650957030886394,0.11293880321917582,True
159,0.013562525576743631,0.175778402550609,0.050788578600753954,0.13687441244578535,0.030213509501072634,0.10716049318246564,0.1452917114220626,0.12142116880779844,0.17320119910192439,0.04570799881078452,True
160,0.1809661246425464,0.03576890576633873,0.1637443076909405,0.032868584582406726,0.15260546667496094,0.04795742408420088,0.06943819474993462,0.1441325222901122,0.09855795193291966,0.07396051758563942,True
161,0.11023982084760969,0.024775932430585876,0.07530069796167144,0.20548946447619404,0.17840031117272748,0.005596943715025125,0.16444679918827973,0.1489007758840011,0.02233467070487111,0.0645145836190343,True
162,0.10486481527671723,0.1523074482389842,0.04777440492839579,0.08357388390930312,0.09516612491947322,0.014266661547471597,0.13081102995376523,0.14833352694615864,0.18461552803194034,0.03828657624779065,True
163,0.18317554283782572,0.08644191382156542,0.1659314807411876,0.0027351304326879394,0.18846786085753936,0.015509550653059423,0.11264351482416873,0.05124719538413375,0.17091859063919954,0.022929219808632523,True
164,0.06779282070076796,0.23218685819744914,0.07382043225458305,0.0312941719584454,0.2592629585242242,0.061228394165242124,0.020651555899281557,0.04147675561226692,0.16854691465245217,0.043739138035287485,True
165,0.09383980015840729,0.06733401069883196,0.17081148133580976,0.0454391832767673,0.10261246325023685,0.03316470538419864,0.16470123064506675,0.12027328738780652,0.05660006700346928,0.14522377085940566,True
166,0.12891760775104813,0.12750057073493573,0.03218151483579708,0.13011757055162967,0.03184653084753836,0.06214968278670496,0.13395426624940918,0.07881516976408683,0.15699569844788397,0.11752138803096604,True
167,0.0898778712865848,0.16841792604728664,0.020523427096638812,0.11194155349787373,0.11765877377643824,0.14651290153586444,0.1362390871833339,0.028393616207459515,0.15170288608071056,0.028731957287809383,True
168,0.09057225654765481,0.17294436412008463,0.14637103016965855,0.07233295243771838,0.13610361271239232,0.06307932347468573,0.06431270864864437,0.0177028235254292,0.16154139390799574,0.07503953445573623,True
169,0.07362616708603466,0.09751895582333642,0.15222838130184982,0.11831533294627958,0.05894893916682976,0.10230940142341409,0.06386375776648248,0.0858874830006158,0.16780231424540953,0.07949926723974803,True
170,0.07620169817134903,0.05123768967585245,0.17765015224593006,0.11703603246284798,0.1784697594860743,0.10103232416936206,0.019149550136019187,0.10205155300543714,0.10011585830884093,0.07705538233828675,True
171,0.09044592423476158,0.18153603753287556,0.13738050929100856,0.22404879009692574,0.013555054245630057,0.1488538791272455,0.01684484380593031,0.04168218565272811,0.13747037715061508,0.008182398862279576,True
172,0.08399531715151541,0.04437178141741712,0.03084629462130824,0.12499754429550261,0.13622667829902305,0.13117220814998465,0.08529536549162504,0.12868991486995437,0.1275378729477496,0.10686702275591987,True
173,0.11550037876340193,0.09843385848025152,0.0002899846559295226,0.12746947938094189,0.07536869703239238,0.04832631577238281,0.23348484144005693,0.22579247725167392,0.018039225206472068,0.05729474201649716,True
174,0.10272778075661576,0.1044086789384888,0.03022177046185145,0.0520184787512584,0.14140293816545502,0.12612671221589478,0.12413831005971784,0.1232386430813777,0.11227170072344926,0.08344498684589091,True
175,0.012506332757298164,0.1385478375848559,0.15674603226933015,0.13720185921706937,0.11108838764132001,0.09953658787846777,0.05429218482784884,0.14086448587670458,0.08872748841358803,0.06048880353351724,True
176,0.16286226777975352,0.15076878730999957,0.09783172039758126,0.020060292777666345,0.06299424761531738,0.07772798554691876,0.20063890915187804,0.15218054968730907,0.05492183096588823,0.02001340876768773,True
177,0.1448472585307623,0.08313439099231279,0.030168796815611493,0.049027035382478684,0.073495231046324,0.07736039584454461,0.11957753843799361,0.13237845547002627,0.09236082163085098,0.19765007584909527,True
178,0.11727504038372721,0.22252506625290597,0.025359584783581527,0.14997228694520642,0.08289476472693649,0.06589804126589667,0.051802195846280555,0.17690308891485934,0.07023314326064076,0.03713678761996505,True
179,0.11214689235925748,0.018588751663355864,0.16145389072051253,0.04612537302355551,0.128112648959935,0.15692245874490532,0.1010546013925641,0.10194181389800563,0.04145989321474525,0.13219367602316345,True
180,0.05312702672300947,0.08410406400355595,0.10877168480537305,0.10914104209135184,0.12205980467300132,0.11495285265850241,0.08788269977136288,0.12433238931827137,0.05088510366056364,0.14474333229500802,True
181,0.17302312795221245,0.060085039580942565,0.17895774659050087,0.057946950568153265,0.053189408966356634,0.08448714428672867,0.06719954222300038,0.18224099294635565,0.11098459246057697,0.03188545442517249,True
182,0.19415028465340833,0.11593586158655857,0.047256458608116704,0.17672353780218805,0.10172240621629924,0.007034654287072567,0.05619289352288429,0.20715937540988036,0.007242801291007718,0.08658172662258418,True
183,0.10348254908482339,0.07568659638556635,0.09626374259520624,0.14315269842977765,0.1157969500932563,0.07379667020824818,0.1228308493984202,0.06584287355824918,0.0978725129508881,0.10527455729556445,True
184,0.02744818115770836,0.049439530968796434,0.02673467751736747,0.14609345212795258,0.19571557916227517,0.129001921223073,0.13662529638275947,0.10366552074146267,0.08112711586537968,0.10414872485322507,True
185,0.17606062550763024,0.031046777924637888,0.1521934776563432,0.07245607788050312,0.1506439569470753,0.13619146173298494,0.04400753459501803,0.05042759213581349,0.08644721975405036,0.10052527586594352,True
186,0.0634503085928478,0.20651446641858304,0.06458920473638653,0.05737101662145307,0.16445481702747888,0.13951816371758943,0.08369642389441173,0.14884883025209603,0.03662418268007924,0.034932586059074046,True
187,0.1309717142274279,0.1687180926054359,0.20303951433931514,0.05516356087637679,0.03735926007960635,0.10834247499416552,0.25747207733093697,0.010778625993938295,0.010480724078729495,0.017673955474067606,True
188,0.16263855927782914,0.20816748236961324,0.19077946248362243,0.01096857686686808,0.042849472974637585,0.07025372776553834,0.01884203456836175,0.15310830143044207,0.13089882395101032,0.011493558312077108,True
189,0.017585304662027297,0.11805815823412119,0.0501639638488633,0.07711483438130912,0.02678283269099291,0.16022929718240192,0.07445349682715045,0.1675045616729669,0.17525792077770225,0.13284962972246467,True
