ID,strat_res0,strat_res1,strat_res2,strat_res3,strat_res4,strat_res5,strat_res6,strat_res7,strat_res8,strat_res9,alive_at_end
0,0.014276239054418188,0.09332468505866562,0.18038418145049845,0.20128123716106758,0.08102012095984745,0.004363938061511385,0.190311667554635,0.13588477648635466,0.09032110190205066,0.008832052310950987,True
1,0.1539567217955224,0.0646688394304167,0.14912737791697336,0.12036185283520802,0.09271995830771834,0.07955110511609646,0.12602154369421975,0.11667953436340056,0.04962006123631773,0.04729300530412666,True
2,0.1553549468573493,0.1386875219598377,0.11845623890792771,0.136853854022529,0.03305240489462779,0.09948537861535402,0.11153950394275337,0.04301614796484082,0.09249007255937604,0.07106393027540428,True
3,0.1191411475117605,0.12675157577441806,0.04967182257472113,0.08481429303662921,0.19372929744251727,0.029819528592821533,0.20184834796553527,0.012606334127462211,0.13063933919547174,0.05097831377866304,True
4,0.06073116407325984,0.12266293132287222,0.13801205135474728,0.15933919654596349,0.09498996185176502,0.023493972303586904,0.05906237542244787,0.17115993164379123,0.052195991221700384,0.1183524242598658,True
5,0.01682786358634036,0.08849258724563815,0.04606524418176065,0.10144389760146984,0.1376199390241454,0.1740774185225299,0.14529225706997767,0.16096761951751634,0.12261575673985647,0.006597416510765355,True
6,0.0867347153031422,0.17941217895559275,0.1296608518215517,0.08380052748813745,0.028118739577297776,0.14279313215277542,0.15376131665020382,0.011461292205356003,0.02309386648121024,0.1611633793647326,True
7,0.07789330824157487,0.05175552572652346,0.11097676718086952,0.21341359814593022,0.21708227832716281,0.06128912484595685,0.17571500149472527,0.04539128731439052,0.0343768569919844,0.012106251730882069,True
8,0.04899453421550259,0.18953239918084097,0.051859178848534464,0.0379352179441019,0.11627593486815276,0.08186855131466506,0.19498100500469032,0.0950985564064755,0.10251663541834447,0.08093798679869196,True
9,0.023742212564682955,0.031010497117065054,0.07656503809863997,0.17337666334028046,0.04342789372659088,0.1295804515676197,0.03779127198842974,0.17896012556163118,0.14691799742759776,0.1586278486074624,True
10,0.010559212813539888,0.03670579834026741,0.10147803134534455,0.16452495841929388,0.09771524968122428,0.14847358285288886,0.11234478304090278,0.15222505043757872,0.14777920095411395,0.02819413211484559,True
11,0.10089937364702022,0.1326534484122983,0.12753128770262995,0.05749347139584105,0.08158222183734916,0.11226308775805667,0.14093725109253175,0.12277074352375088,0.06701829176368541,0.0568508228668367,True
12,0.13096058929989762,0.09826878880334053,0.010175252505547822,0.03615205928652437,0.04825111551260773,0.15161420612965215,0.17195449291434867,0.1432888906773837,0.09953499751236063,0.10979960735833663,True
13,0.07563749299208189,0.03386627066912505,0.1117919364424313,0.17162224337737542,0.13433045130943222,0.0743562236710953,0.1583808907687612,0.06844832272647837,0.07983763386974362,0.09172853417347566,True
14,0.11355103630489692,0.06240839537397352,0.18155225487344448,0.07604960356346152,0.07007114942270076,0.11380174044636045,0.17972761624311911,0.02206287528988323,0.0036247143834639848,0.17715061409869592,True
15,0.12146296562615341,0.13819220006955849,0.035154405961479285,0.052381912711132156,0.18791087485231087,0.10422782665097176,0.05980172031050165,0.07817891410008261,0.20970803011243014,0.012981149605379471,True
16,0.11909044601582289,0.03313026292591695,0.05671151964522871,0.1145920268550814,0.037000920704694455,0.15025762178401464,0.1805256021163853,0.1733815688643058,0.008116658779145325,0.12719337230940458,True
17,0.1484046607535896,0.10515454696024962,0.06924268094948503,0.06452261597397782,0.0244130617745096,0.030643443515841723,0.21779533006013738,0.08302757114707517,0.14664447905109929,0.11015160981403486,True
18,0.027308408900065008,0.14400014477168668,0.009647859276041318,0.13321415903361958,0.1140966821902723,0.1093360010967012,0.11305981659288454,0.12990211646837724,0.09858988415688041,0.12084492751347167,True
19,0.10666914809923916,0.10364077796637007,0.06919581370063567,0.07340730813333222,0.06370788899483298,0.13356120901091692,0.0892667232419072,0.1459446454307058,0.07146546721115586,0.14314101821090416,True
20,0.20637351898047365,0.08906980737584831,0.09511240633242923,0.028506309444813808,0.13927962389967585,0.08419395045527583,0.007160473034930505,0.055139359339848586,0.21685497155225275,0.07830957958445149,True
21,0.11056248116448282,0.1728644012583613,0.16245166745324574,0.05563392357253663,0.0909453108812644,0.11770282883002534,0.12866378881003385,0.06937075560475241,0.05214394461208675,0.03966089781321075,True
22,0.06496708961124961,0.04789300497148355,0.15888928719544815,0.03828014705236308,0.13617900511558745,0.04686229521909471,0.14095422561141946,0.13142779494556434,0.0821782458436267,0.15236890443416307,True
23,0.09286034207601826,0.07421854343564763,0.0026259606518412616,0.14717262816897586,0.14731813856045306,0.09927920109847661,0.0832561434782299,0.07197848259225695,0.13609948146539283,0.1451910784727076,True
24,0.18062700536856033,0.16096572346720434,0.04602056270817803,0.13044049806022154,0.08476798969580912,0.08344820624739759,0.11185281971718339,0.015676661920178536,0.1830722027823061,0.003128330032961071,True
25,0.07284228928480571,0.07517878248795708,0.23897345015580143,0.10896613513531477,0.14324387056456853,0.07623256393619081,0.024160859210882075,0.1255575385667458,0.07001334872953617,0.06483116192819763,True
26,0.04472100452866685,0.07879883385812374,0.21770799754889741,0.038579802261169784,0.12502412935652613,0.12309781454495237,0.10612775515793268,0.11418819446091415,0.11002280444636503,0.041731663836451806,True
27,0.03170089947757867,0.03817249968541985,0.1599841726903502,0.12675100551547838,0.13304394807586123,0.156061850997435,0.10021893336749915,0.0635037680234102,0.06348535522218653,0.12707756694478078,True
28,0.000904337352626817,0.05326472337272781,0.1306900185939121,0.12254844541108674,0.15476224352137408,0.045935368287965524,0.1636142487244126,0.09272287148922768,0.08539036465268868,0.15016737859397805,True
29,0.0010547653956431257,0.011548515994651284,0.11681592603776944,0.16933669485434544,0.24797487950537725,0.0043498879451242594,0.19366823176278572,0.01389129917799663,0.137222158373677,0.10413764095262995,True
30,0.09274119389525656,0.13114251742896013,0.15629963955451182,0.09316164781448162,0.14162837925739075,0.025545471207306956,0.14629003388722053,0.05346104509948587,0.10829335860659178,0.05143671324879398,True
31,0.10230267074524949,0.16409761898131148,0.037795469637539526,0.17893479549786992,0.07426408957694183,0.01832487854733682,0.17048954225338306,0.049287901780086754,0.1298492476598168,0.07465378532046442,True
32,0.09550226620938697,0.12691922131325942,0.14879388844356747,0.028821849161649933,0.14871523493256872,0.14071739576373768,0.1143798776101107,0.039763432086806313,0.10527516431464565,0.05111167016426717,True
33,0.02568954609669521,0.07119160003578102,0.000868310070727762,0.18662271114436746,0.02585852908078374,0.1493429261820958,0.12071557715773305,0.2602609509979708,0.1010003296505369,0.05844951958330828,True
34,0.07262938533074288,0.09123849308214854,0.1165254753205497,0.17272828535719056,0.0009187812533153388,0.08296573386924852,0.05274096771169831,0.1513051717858152,0.082339313478546,0.1766083928107448,True
35,0.11680368753438188,0.16378146862756435,0.01571884261933246,0.0033149933913086483,0.13383816812862304,0.0915192108659386,0.1367809770921847,0.16800608792782787,0.07457822503539954,0.09565833877743887,True
36,0.03529841725373527,0.1541495035679322,0.11375357931449097,0.1896680310414335,0.053052867515472446,0.18218612932197634,0.016934634091119505,0.050884494471476985,0.009765284181015627,0.19430705924134709,True
37,0.1048409891383984,0.06583152774611091,0.15254743597544815,0.1317625500232041,0.12001547410363622,0.052663369461939495,0.094604705561221,0.129435701555033,0.06658734950211366,0.08171089693289503,True
38,0.17703693822850725,0.09898532125404398,0.176200111088434,0.06325424111776252,0.10504905362194498,0.06053151276608824,0.21272539445868263,0.013637712295664257,0.01729898041665015,0.07528073475222195,True
39,0.10805123129536691,0.10823816370829058,0.2140124233917772,0.05118648131428529,0.15237088832772658,0.15932051783513296,0.06223417332435725,0.06220096674303257,0.06339894535315994,0.018986208706870587,True
40,0.022471902288063596,0.16982391329934166,0.023983327452994026,0.08295199197312322,0.08794024308680005,0.06750303351775341,0.12774735130487608,0.1541949659045102,0.12730957033011842,0.13607370084241946,True
41,0.11333687309879382,0.008017668994491432,0.1618151278368158,0.1614466310691099,0.10284786633367034,0.0012984080624245846,0.14629919575003966,0.05184847788039968,0.17607750739064126,0.07701224358361367,True
42,0.12523441930251822,0.07367363130114284,0.04422555271847208,0.11728785845702312,0.15333978014199684,0.053390298850665846,0.1085207008799205,0.05771711533799647,0.14271858437398335,0.12389205863628068,True
43,0.1331411472661483,0.04915261548483726,0.12552118665523468,0.15230531614154952,0.09645955524018802,0.11532246887828389,0.10527210583543367,0.08930514733149911,0.06041252001659637,0.07310793715022915,True
44,0.16333357718655037,0.0903648156361431,0.1957693850450917,0.12768167993011958,0.014533499578028406,0.15174966116941496,0.005496094408639655,0.07806385253420312,0.04548419097369763,0.1275232435381114,True
45,0.08351128568204742,0.07482042283416962,0.16164029475894,0.13860207306558664,0.07752755689086442,0.18055355052269312,0.0795563390374865,0.07799226926337138,0.09163126254377725,0.03416494540106377,True
46,0.03392213389436703,0.0370335260750683,0.1479054279853138,0.03657642331572351,0.15935784594462793,0.10029098647498927,0.10799213988192624,0.21180829941454332,0.11748192258186681,0.04763129443157383,True
47,0.12357714458271055,0.15063887647884888,0.15517223478015518,0.14937125476362506,0.047132523658136076,0.08334950579761798,0.04950663333260764,0.0010937149652298014,0.16547121325315037,0.07468689838791846,True
48,0.04046404181190606,0.06596999853602613,0.13845977362906897,0.11394435080243295,0.15478651746774855,0.03806390705771318,0.10301982300592714,0.13337114461963995,0.11157548541346442,0.10034495765607257,True
49,0.039215473587852046,0.03936479719512472,0.19822232953280586,0.04711268906287767,0.08390130226825723,0.1700678053468472,0.14424828385348457,0.03373022079258365,0.19947511385523933,0.044661984504927754,True
50,0.12145398639724922,0.10187435069679807,0.13059352028338758,0.13946808760642881,0.13307312587071904,0.04614196524019471,0.0799575276649572,0.05339435776797147,0.11332574769132707,0.08071733078096677,True
51,0.16647317886826055,0.11393739418427576,0.08751177488467254,0.043646161051382235,0.13018349628451636,0.10994373777091275,0.08610361954989504,0.04691940529638541,0.1316641581234561,0.0836170739862432,True
52,0.06790236801525934,0.04531126569468943,0.09406589212037496,0.06736002073651949,0.08108720615865331,0.04764238185933975,0.17339923881348648,0.0780214341345531,0.16019390491309912,0.18501628755402505,True
53,0.048017741127103344,0.12555161560067907,0.004909528530918609,0.0799541744084097,0.1642417820145482,0.14846297722428525,0.10485928453431395,0.07264987680068347,0.13636802737775933,0.11498499238129908,True
54,0.007818113249002829,0.010715342529044816,0.1864412087161103,0.17571956551478565,0.12093923460602514,0.027299533508205204,0.1045657275244381,0.03174908751800105,0.14097521295518478,0.1937769738792022,True
55,0.14792275252902853,0.19249960671673988,0.0069774957558920905,0.03974886876160035,0.003363487384242193,0.10375741195230966,0.11830729503857293,0.16556632893297699,0.16611619150950588,0.05574056141913136,True
56,0.08163327230071989,0.1418603072720261,0.08546954976564752,0.026391340309828076,0.16326428591654935,0.0958750174352385,0.13956323646778385,0.03215397115704118,0.10283857241745854,0.13095044695770688,True
57,0.14689897010008618,0.15051781640969758,0.19614537604837978,0.08360995868988408,0.07199661221735766,0.17541013161041574,0.10671338118281838,0.01466201711732579,0.01663856716518555,0.03740716945884942,True
58,0.17534417497997715,0.07294723224620388,0.02454546653685088,0.07693883264898546,0.1535605224103173,0.1424283665811452,0.06017691654973522,0.035725940960939125,0.14255026591785414,0.11578228116799168,True
59,0.14185469059919828,0.1414491237648311,0.10322812744173873,0.12491859868661827,0.15271666891724142,0.07883370086149724,0.03067362236298707,0.05273482262758964,0.13991117121704466,0.03367947352125368,True
60,0.15823080561238456,0.164227680253098,0.15518933261431006,0.1520848733200538,0.03072229640407388,0.044027096057573004,0.16383481488970655,0.021540917761515836,0.06270131990278136,0.047440863184502996,True
61,0.2379862530775233,0.00696440456084686,0.07997326009210808,0.2475608012072869,0.014386106769958619,0.010228908715410174,0.08692506684049477,0.05746243502541322,0.08453668082179024,0.1739760828891678,True
62,0.1520146509770733,0.054889980703828056,0.07904364316038764,0.0719400309922305,0.15881666187208535,0.12461695804400275,0.04212641736720979,0.13229844858905,0.05298110012644974,0.13127210816768278,True
63,0.042237363747484054,0.13711002656693105,0.16297326495606318,0.09471604444614996,0.03589192260000435,0.15616993107191207,0.06135512054990475,0.07622615654285245,0.2039386538028026,0.029381515715895465,True
64,0.09616119545499842,0.18168825029623673,0.200285308465892,0.0864823474469453,0.15030699133480144,0.19162591978385113,0.02617508854134835,0.011442915353622764,0.00828430907086827,0.04754767425143563,True
65,0.32289094499809207,0.0053245580181610404,0.21092709516477343,0.09561036853582708,0.06405707925959915,0.11802444244880039,0.07967353650752709,0.048505074577141156,0.01573583774548191,0.03925106274459668,True
66,0.053901930541836715,0.1322704980942082,0.1005257263623235,0.02176642457004362,0.18043291756563354,0.09048136109306229,0.0068933566640405125,0.08793356492122514,0.13860548290938104,0.18718873727824542,True
67,0.06686449385186882,0.20167803559534872,0.13524762423134917,0.04768565070296387,0.004130918632834375,0.008653444897827236,0.0684997325686048,0.18325778642371265,0.0708544744572935,0.21312783863819673,True
68,0.12051619881222514,0.029676181173279394,0.1634433545739029,0.09244834605750922,0.1539912632016069,0.00905378091003406,0.09355069495493713,0.10086537927178044,0.152974351227817,0.08348044981690785,True
69,0.08022604930433673,0.0671584004866287,0.17137502120009424,0.026851470948589827,0.025904711443388493,0.07516537560630436,0.21829350223563332,0.23851460577914763,0.02851325546810948,0.06799760752776722,True
70,0.049352524552782946,0.05611025783335155,0.1434506948853445,0.11748340371069353,0.0691983648887682,0.0840561133607645,0.11238646597885224,0.10582561411723758,0.13750060558806448,0.12463595508414045,True
71,0.15783354966956634,0.07683334870071508,0.030090082927690165,0.16033565047213605,0.0807304858302137,0.02635530571007981,0.003937794119034329,0.1911798463164984,0.14348511753092053,0.1292188187231455,True
72,0.030666051911048313,0.11367366598817238,0.017973455830040154,0.08353994229861396,0.06927347973244254,0.217679693141424,0.13661450345912093,0.053111797503628266,0.16359316259184545,0.11387424754366388,True
73,0.06132727705119974,0.1275735961677237,0.09767405225120665,0.19519928126437996,0.04305151746662897,0.008905461220338088,0.09700395730898853,0.1945383680590371,0.11088622272576991,0.06384026648472728,True
74,0.046122459230487356,0.024845958542942095,0.11214369478298213,0.09046742265037393,0.04400140173999293,0.1247785137058445,0.16015680526814255,0.16353886437645332,0.038918544599251266,0.1950263351035299,True
75,0.06114746689111939,0.09791193686137811,0.15655665139394234,0.05388313024439209,0.23105525730523968,0.05690574618992718,0.016025570914950334,0.07834054610287555,0.03725776082634822,0.21091593326982713,True
76,0.01991023094394709,0.10883845589398533,0.06062409427447363,0.16904699073251567,0.10308051884658749,0.11934556687002797,0.1892511210197845,0.06349172809495156,0.04300559415663154,0.12340569916709528,True
77,0.08163741177217565,0.10117059506621671,0.12600691634460662,0.12406449591652274,0.061598475581413244,0.14383273985448908,0.13722704126605872,0.005012640621156091,0.03384973091561735,0.1855999526617438,True
78,0.12306606216162681,0.08006296818893621,0.17215305631607355,0.09125160964536133,0.0901275279000341,0.18452984824070173,0.016749383376677213,0.07823860483735809,0.09398471956767437,0.06983621976555675,True
79,0.03573801812518694,0.17894225150275256,0.07403342806604747,0.1675702274797014,0.12241844851315166,0.1350820649951412,0.13500987602988637,0.030587540102100776,0.11373853799465876,0.006879607191372711,True
80,0.11731701994782312,0.016095642118211476,0.1027241379579608,0.17232835443485778,0.0039454666890026266,0.10017622157744932,0.15376749542686538,0.02154278110309291,0.111604566794767,0.20049831394996964,True
81,0.06800792949549049,0.0657457842097468,0.14187235292576522,0.04550911520356001,0.04861436979820696,0.12253071950504553,0.18428113893223197,0.045352352346334834,0.12369710138509962,0.1543891361985186,True
82,0.12289454249124605,0.0027062669047190854,0.12726445611067888,0.13610560691281182,0.09682285844950667,0.06366679269716592,0.0705070386281139,0.15995493383144851,0.154204789721402,0.06587271425290721,True
83,0.12240314835622652,0.09275886340016361,0.11107723031648739,0.18396785367732316,0.015047971761042231,0.023646975236668477,0.11833172562742418,0.11900766369048137,0.06217848136909662,0.15158008656508654,True
84,0.17879188261759868,0.07971045802246399,0.10992594919080333,0.10407365656562442,0.1760350903556382,0.025744895425292673,0.12034088594987724,0.03677067961423736,0.10945219406952365,0.059154308188940595,True
85,0.022262702401715812,0.0797422034783126,0.14447011581680444,0.2076260891997546,0.21230829588141423,0.11899830514715164,0.08306658340194055,0.05738560638201625,0.012795526590617282,0.061344571700272715,True
86,0.13946023157509346,0.014480255447423769,0.139596861996199,0.15829529610787899,0.02995171083966039,0.07361702487652932,0.13821563166645687,0.09951828219564629,0.022051558954830502,0.18481314634028143,True
87,0.16704602547440664,0.07328487385637443,0.06823330059907011,0.14250100436438456,0.08327574097538161,0.07498193997327357,0.10796264995925034,0.06188048832446157,0.1723197884301084,0.048514188043288824,True
88,0.14275725309047757,0.1285141375429004,0.0660471535268097,0.0817584316516778,0.1682618312641746,0.16166396437634556,0.09783014382945444,0.07701740504138467,0.05406857949896515,0.022081100177810033,True
89,0.11230788253339312,0.1767802426808836,0.095513041749919,0.06662132013207202,0.153992630518202,0.0896869315725091,0.05208215555374631,0.021069920939015767,0.15613496743246233,0.0758109068877966,True
90,0.07858924793330535,0.0927661375909205,0.016580506419697234,0.12545938066473078,0.08382109942527893,0.17878435194236772,0.15355577338444626,0.1347676920062803,0.09527869057193589,0.040397120061037135,True
91,0.1104439861736388,0.1274964931107017,0.03385950794725253,0.09289643883468578,0.053472743361721246,0.022255171710703344,0.11456505800872614,0.05496016726610253,0.18862084163974002,0.2014295919467279,True
92,0.0822515877811941,0.10771279142541888,0.15422562354327302,0.01922742562209986,0.03592006514199146,0.18555194890726368,0.03920259804132275,0.10183159223267682,0.16539209094489896,0.10868427635986042,True
93,0.11037156100333137,0.139525290057988,0.0886268218237005,0.0538426396823691,0.009265116336742655,0.12957004751221796,0.12360724670875756,0.12989876900679215,0.09469909198610699,0.12059341588199363,True
94,0.06109733776180852,0.11210534176312387,0.08865886082890471,0.06055656860265962,0.1417076979475201,0.14286538910329735,0.0683054951187466,0.06321114031635547,0.11963922165804328,0.14185294689954048,True
95,0.04027601257162999,0.1647837581250542,0.2981077955998757,0.07830581916782989,0.04388755537003372,0.07638478998286886,0.0919611260050506,0.0055200204001527135,0.17786230396636651,0.022910818811137906,True
96,0.08576697076847836,0.1729105379829383,0.05171836591809363,0.06731628672428011,0.16437853569094563,0.056137327739301524,0.09884504965047645,0.17396988113695835,0.029117281526342752,0.09983976286218495,True
97,0.16452018002383872,0.14820626733372788,0.012181725509831489,0.15620664890492778,0.10683316704695724,0.0059502631186146675,0.1045992767260778,0.06845978087378234,0.16764589068741012,0.06539679977483186,True
98,0.07264549246938906,0.054934353363043906,0.12221491720946451,0.03569643150453224,0.1285603707147993,0.10704857627796986,0.004506266685635857,0.20776723432767866,0.15373643305088414,0.11288992439660253,True
99,0.04163620814695735,0.17742099737382805,0.07490263898780922,0.16370189305332597,0.05835067024106936,0.10817384892473526,0.0001514481714005755,0.16207501554822468,0.13340323603959114,0.08018404351305851,True
100,0.09200196343170147,0.0834890200634872,0.1915784331821937,0.17312094955075538,0.17849138090031944,0.05899204797458501,0.0925213329871359,0.03911556395715073,0.07358987766261627,0.01709943029005492,True
101,0.1899278153846641,0.1589648191784807,0.020304045075924898,0.15927437039469322,0.10567114654589595,0.09025536849483903,0.12186820562569883,0.034028800044425746,0.07102656137024703,0.048678867885130477,True
102,0.1403907142749135,0.07046718078980481,0.12655239685545597,0.1597165594984601,0.007423879803308401,0.08829553980816558,0.02663931850637346,0.10755963317936286,0.14702283783689887,0.1259319394472565,True
103,0.11424838822278723,0.07051475882004189,0.15543248704044424,0.072620525989692,0.0532519759109086,0.11843895099773566,0.16999670151060406,0.1651282010476686,0.0431061242429151,0.03726188621720258,True
104,8.688682682693279e-05,0.0224723596881695,0.15227171797899963,0.17630727929086007,0.18258348832249324,0.15295419076028885,0.1692934487119246,0.059009762923765696,0.012018350031432022,0.07300251546523955,True
105,0.1627166659756852,0.0099533491035921,0.1575351727656445,0.10404574794944187,0.030975317855877874,0.09549141239112258,0.09252567535469397,0.04949259209538683,0.16596189813429907,0.13130216837425607,True
106,0.13160622571509112,0.0404793505980368,0.15287898350806323,0.006693531517161202,0.08084954629714726,0.20048769347331916,0.1534610329472619,0.09202804951126013,0.07611700231221971,0.0653985841204397,True
107,0.10418678137021387,0.11226598896967326,0.05086860924852705,0.0913385860028062,0.038894209995384475,0.10903157113591604,0.012510430764108517,0.10473918165293085,0.19122388038453536,0.18494076047590452,True
108,0.08097341542031321,0.07385534912921811,0.14654414637978982,0.12753332396461145,0.12371177119974258,0.0689384730624253,0.05333236124193984,0.12735851383255245,0.10816134171340511,0.08959130405600224,True
109,0.1322708255375182,0.09360956239041875,0.16564245073685938,0.12261818324368963,0.07213942959362614,0.12475204735130166,0.12957120652523035,0.006069095213360916,0.0993700856389679,0.05395711376902696,True
110,0.03318065758567019,0.19201647685955697,0.20931475692678508,0.09796724820837921,0.12451998970657414,0.13227118502258386,0.01694860506554806,0.07893830792029713,0.002756520057999845,0.11208625264660547,True
111,0.10155560782364402,0.10375094451332857,0.08606994669632968,0.16382509538882575,0.09864220150289045,0.12648811379204733,0.13751617766827184,0.04314593852061085,0.10270826231319574,0.036297711780855835,True
112,0.14090523226594606,0.15298579070996615,0.04247401788090386,0.12665217903401563,0.12297272966043271,0.06313419298793936,0.15867337213342148,0.01371958877190944,0.14981567201606902,0.028667224539396217,True
113,0.15733795674026435,0.03689388299626856,0.050831287106248096,0.040196395306653636,0.10248944009894193,0.1502151645988828,0.1400180641719811,0.12733768142907545,0.15742770834506564,0.03725241920661842,True
114,0.09506410367188418,0.1337948905232546,0.12274751040867261,0.04382617661709133,0.157870586542609,0.11831785809942925,0.048401389320883996,0.059093422954863015,0.07772517879117465,0.14315888307013733,True
115,0.08102952195133817,0.018866623457758847,0.013787573804796414,0.1708718539129332,0.24454977651989182,0.18052824618840113,0.14183690223530396,0.014114967382706333,0.09698714866878216,0.03742738587808789,True
116,0.0282043678082658,0.17353091937578796,0.22160930999025938,0.022661633162420897,0.23016295550067983,0.07839176654104137,0.02097146075355132,0.21590473475374694,0.0030545492792521806,0.005508302834994256,True
117,0.05754699943187131,0.17501558520657456,0.10103394565565535,0.06606358453060066,0.06739265877513503,0.1602609656711052,0.16231543058296533,0.028798941506320612,0.14248025023689764,0.039091638402874294,True
118,0.09811609705297307,0.08851294494264314,0.00020597139756166322,0.13746647695493044,0.16239528996710392,0.042761988956258955,0.14958624017278307,0.08679645315412311,0.11028815838066858,0.12387037902095407,True
119,0.038563093127118635,0.09575382962428025,0.0982989088770211,0.22964785624973594,0.0021174591899279643,0.14380498164646946,0.00346437668795229,0.21242575972470823,0.04406616158473106,0.13185757328805497,True
120,0.01643100191134822,0.1416569992466687,0.06545254220298097,0.12091287608652541,0.09055417132996343,0.08551478671885068,0.13472640319845258,0.1395185338727232,0.166007382608179,0.03922530282430789,True
121,0.08733255198068421,0.06557703495791634,0.14522452013174217,0.05885876016317956,0.03087287848405214,0.12441236520076955,0.05344609835612686,0.05591550160734988,0.20650885925030696,0.17185142986787239,True
122,0.17101224305889814,0.13048351803852987,0.14024886088960756,0.1413330649187898,0.09814358993944271,0.08800932473706974,0.1281525561598482,0.009314927592174433,0.07234324537951477,0.020958669286124734,True
123,0.0338004423468266,0.15231805027623485,0.14045189180527393,0.01992435346447964,0.1305612690307497,0.16253711073695218,0.015670248966934135,0.09764854182800545,0.1634782957716092,0.08360979577293422,True
124,0.12084896467922798,0.1250407088733693,0.14729071852099906,0.13559490584098213,0.04060692001024737,0.07843411487540876,0.11443132109381693,0.041115261242105426,0.08175830486412207,0.11487877999972099,True
125,0.10466066379740131,0.030674601270759876,0.17472921528614535,0.01645303360269948,0.14706913049310866,0.03233264026586754,0.20000320310618483,0.06566706679938897,0.04279641453773559,0.18561403084070838,True
126,0.11760383437034928,0.08026828921916056,0.10894008334031319,0.1073955507314381,0.035415841460965915,0.06307650171873594,0.03816992214221948,0.094951517532916,0.16470557806445218,0.18947288141944935,True
127,0.15666588218312638,0.011289181240602675,0.2057968886561548,0.1798031076233929,0.03254300622471575,0.08119895834641772,0.0793436572213435,0.001225578574451291,0.14797987879644692,0.10415386113334812,True
128,0.12042565891429036,0.04724420410883075,0.09438560255079029,0.07464194951841066,0.12659312948466875,0.13733506055539174,0.05531190679208411,0.11758455750614007,0.12590148520072975,0.10057644536866348,True
129,0.036638451761129544,0.09393806933261163,0.0833758706083714,0.1077671989834148,0.15380364838874352,0.09445209702103656,0.10721165190974519,0.16462728254508985,0.11804879844504838,0.04013693100480902,True
130,0.0767284037314447,0.19346037649239914,0.09498906763854051,0.08073218295896824,0.11209473202378228,0.13647559904815876,0.18376835216058185,0.012326226347688155,0.04513282607041021,0.06429223352802611,True
131,0.264796889172395,0.09178213708567991,0.04812039901213017,0.019472627811149848,0.1983452561677709,0.0026405863936788854,0.0813878896080686,0.008654747013160151,0.20461220861308665,0.08018725912287981,True
132,0.05739660236997273,0.15678599816352776,0.04064368782724882,0.11598689825075179,0.13932532359017427,0.161693960402639,0.05228909814084145,0.08678102038515464,0.11815670258586049,0.07094070828382915,True
133,0.07957594618712127,0.029356731729486843,0.161717893166788,0.14181506980016031,0.013892200189631982,0.055016882856683255,0.09756359009955998,0.07864113411145013,0.1844672613788378,0.15795329048028034,True
134,0.12127851680936079,0.11773111584586078,0.11039186131399344,0.19223716441062913,0.07831432091077745,0.0955635523955036,0.04382763768939683,0.17818048951724996,0.028037211138964548,0.03443812996826351,True
135,0.11338891554056175,0.06767232314025978,0.13529889771647238,0.11788830392129199,0.031998594260631355,0.18799268602199407,0.09659163656801806,0.023300418052245777,0.08179567718053746,0.14407254759798743,True
136,0.14880460367894185,0.004122932496880405,0.02160199953499824,0.11738680935088534,0.1940689575527547,0.09664558091236619,0.14495668728215416,0.06822965417034414,0.13227612612307105,0.07190664889760395,True
137,0.1058710818367648,0.15703814498930016,0.12530570438082148,0.03706925613054018,0.09955640641451541,0.11807051833865942,0.045355456373252764,0.15922759523573707,0.13030510462903977,0.022200731671368868,True
138,0.04005922665679487,0.128198307621992,0.15187140745884964,0.12195409585705148,0.1513747814229069,0.060810736922761933,0.09769924019649033,0.1460385632616297,0.08596151099577375,0.016032129605749405,True
139,0.0650628881971225,0.14563690585786065,0.10212930951918983,0.05924567761318454,0.16955337626822561,0.0037895395447742584,0.05011335701197484,0.036877724394467924,0.18503764779256537,0.18255357380063447,True
140,0.1599258711142877,0.05265165519455281,0.1613208883215587,0.17096909965907212,0.13729449058195142,0.06121841364992601,0.15818781123840864,0.009475777747753706,0.021524224076706004,0.06743176841578281,True
141,0.14112968153182343,0.13990627814755194,0.016124395007939222,0.15224245445696205,0.047622056412187294,0.06715070793215056,0.11087773837670441,0.10939823886389105,0.10601397726053989,0.1095344720102501,True
142,0.1630868863533142,0.06798788030758326,0.08325684764547023,0.15098529348460565,0.07812507782372387,0.10716535272462967,0.18180295093576135,0.027659085427340257,0.017919818194099348,0.12201080710347234,True
143,0.17785221025419337,0.0015787351743261114,0.13944222090849456,0.12092727302674224,0.05188034182342677,0.14137820076343735,0.1569835497273018,0.03345361578385722,0.16149077858957459,0.01501307394864587,True
144,0.07043921098765495,0.005767612672497261,0.16390621314172302,0.13668854459628313,0.14067420430454167,0.02552629142186928,0.10900330309130886,0.14700667019434618,0.16423511262636512,0.0367528369634105,True
145,0.018346494017398178,0.15343888943000977,0.17746155432292818,0.17108304137180733,0.05914184594498598,0.1040645129132047,0.1965750239226802,0.02091069513127375,0.09198674865864823,0.0069911942870635475,True
146,0.16455912478565787,0.07413493238728974,0.07405129272362516,0.04051369914335932,0.1599611134084521,0.12153803107512055,0.11995520222228373,0.028483304209376597,0.13428248825973668,0.0825208117850984,True
147,0.1417007028969224,0.07086280800869658,0.0928321773415465,0.12102923230295708,0.15054164136296366,0.124933427514378,0.0831949522391374,0.005379806936354779,0.10227813043885359,0.10724712095819007,True
148,0.13736859519959102,0.13910102061484944,0.12545017953410362,0.07330772792832531,0.02637371511261585,0.12142285645029498,0.13564585778758148,0.09023090512116475,0.13284927200327917,0.01824987024819428,True
149,0.16140878699586966,0.15172843724411803,0.11037416149351269,0.13962946547055682,0.03387583250054753,0.008659277619895203,0.03307089864284688,0.14950173589995708,0.08512296107228844,0.1266284430604076,True
150,0.09105455435167845,0.18971238159376855,0.003907870171842925,0.013974670457016919,0.05477623277326292,0.1010183903401643,0.1156565235157033,0.17821213428556168,0.06914204163531078,0.18254520087569018,True
151,0.1564239548241791,0.08761724525717779,0.10459585296190524,0.01704478012451901,0.14602957007685294,0.18326531294603285,0.06483811601736372,0.09599702171749852,0.12432625374460868,0.019861892329862102,True
152,0.13960212416856074,0.08270083043415526,0.0027459707517399176,0.11690038912597359,0.1521713378743661,0.03388581331959429,0.13057263221952178,0.12208326986808622,0.14289830747666915,0.07643932476133308,True
153,0.11577343808412359,0.03344718648493193,0.20553305651933773,0.0536373360007106,0.14761296581300484,0.09950056293263973,0.07245042958208024,0.04346474461880205,0.060763316736970434,0.16781696322739884,True
154,0.026291416218757625,0.1337801222080156,0.09667916177521546,0.025382893768833695,0.11567041491921841,0.11570160703328197,0.18875938285766183,0.10193140039564576,0.022765757356664227,0.1730378434667053,True
155,0.0922922400830976,0.02340922424397098,0.012020446503582034,0.1868770254523706,0.08002249105800127,0.014084436148983312,0.16542730430043334,0.0025785181635103634,0.21657314205889083,0.20671517198715977,True
156,0.17487584551050767,0.08733042812925801,0.15997357675345106,0.025579637224309917,0.051919829273776016,0.13162245993879648,0.10495826872255042,0.14750958680073356,0.11079844293713045,0.005431924709486467,True
157,0.12807929147781014,0.01464790093675133,0.1184023945535236,0.04319791664033685,0.029210225130150123,0.10494519255747098,0.11189114818999749,0.2063210574471178,0.11607808165151925,0.1272267914153225,True
158,0.16042244960760638,0.13791884721941514,0.11260213159781411,0.1208435993284001,0.08834378079544154,0.025795320486550706,0.17500041498974517,0.0184879756385246,0.1384584940622438,0.022126986274258572,True
159,0.021221739456559918,0.15450415282601712,0.13523904750260482,0.1486612232198838,0.08908209950214692,0.03946103387567909,0.03589079854984496,0.11512519166723974,0.14288913932933084,0.11792557407069287,True
160,0.04994392102051276,0.07981681076712864,0.11695882415498524,0.12849554230647095,0.026003345466541084,0.1403662686810008,0.17723188750823912,0.14323864789607518,0.050277176617883765,0.08766757558116245,True
161,0.11231276962622536,0.02648847017936345,0.004390373232305054,0.17200711829111573,0.11197392338983064,0.1525421410935763,0.10106946681961683,0.11965035158770546,0.07142498521321436,0.12814040056704679,True
162,0.14553202901493897,0.14043560398135574,0.20360942452095035,0.060885655815180434,0.152827630454594,0.050588839222011885,0.03917287677133046,0.056131532505487525,0.0057799427605563876,0.14503646495359418,True
163,0.1331167721859246,0.014418560205619135,0.13645267524312565,0.15302798724623498,0.025519188092505377,0.16442290454778855,0.13022024628459153,0.02049337126218554,0.10156657990203057,0.1207617150299938,True
164,0.1583654076544099,0.20424201297669298,0.03424638862378265,0.08035163585908822,0.1125928605831785,0.04382378836471329,0.20507627319613325,0.04388972252657201,0.044582867994476374,0.07282904222095277,True
165,0.14229139643667757,0.12357901649736597,0.07111801138035205,0.03298323063790945,0.15392665381670645,0.01607104326101378,0.152779638214386,0.0582552026593662,0.13184176101189807,0.1171540460843245,True
166,0.13722578220636011,0.09644570742106513,0.12033031209021494,0.15596446281180043,0.11640873689409868,0.1319493664099444,0.010832628599051439,0.05460116980768454,0.09721368751336126,0.07902814624641913,True
167,0.018645019126932883,0.16880048967160197,0.013834624128566115,0.14801849056953123,0.11728863143992022,0.10648001160589832,0.09523491254693098,0.11586498076077398,0.1695606597967285,0.04627218035311585,True
168,0.028771800904794347,0.052474008383407635,0.12310042577954436,0.0985862946591573,0.07943576431889635,0.055450578319958616,0.07956641543323424,0.039250108922012854,0.26270650957321046,0.1806580937057838,True
169,0.04579123612531529,0.039506201052691224,0.14225082449364845,0.03229689859285303,0.17742634856931622,0.14186912573761543,0.11720328597710639,0.0002386163814817214,0.13501869860318674,0.16839876446678556,True
170,0.08151636726432264,0.17939708838431684,0.07800662859411511,0.05402622923520243,0.21058330609702136,0.09856787727795996,0.007898058713756033,0.13248419144450171,0.013195201898264822,0.14432505109053909,True
171,0.10513326987314307,0.02996660152347281,0.0918895491813502,0.0037791508654585427,0.20501495847326584,0.16418421971272676,0.18944489723016897,0.08992685158546028,0.10053313523046578,0.02012736632448778,True
172,0.0980446464705272,0.014419457596813953,0.26776575839900213,0.19481599436930624,0.03164780698776688,0.022080625024420757,0.15103904658823206,0.0875848475522997,0.029720679400372152,0.10288113761125887,True
173,0.13364266112338036,0.10258252020887769,0.13278339432206737,0.12713111948201303,0.057141467681896825,0.14560334856321888,0.1208562046295015,0.02090603505958755,0.12016836369352632,0.03918488523593035,True
174,0.08533046548953377,0.0769080498722407,0.14311269574450275,0.012277703169631771,0.16868940401976656,0.22084800869433036,0.058810972436818,0.13725851090862506,0.060810376060132745,0.03595381360441841,True
175,0.10764064910300496,0.07365265336132207,0.2013614398016543,0.05547181101868921,0.07279172576258405,0.10597031626840256,0.1482021501134023,0.13632694878751836,0.08029203497488627,0.01829027080853594,True
176,0.0004096757025949276,0.14062238436090926,0.10210336168578094,0.022513558345623113,0.131020881281935,0.04622686100952508,0.13982669489135222,0.09907305833161463,0.17870509443283783,0.13949842995782707,True
177,0.04661967749741067,0.002410748554317874,0.035373046377955165,0.10537079181910715,0.17019634216174814,0.17554725252922543,0.2257515545621572,0.06570802099616878,0.05639187562098828,0.11663068988092125,True
178,0.11274558854242359,0.07592561893055542,0.0558883445947035,0.08535490663984614,0.0865595321831556,0.10566193765697471,0.05812044855232434,0.1786579283418551,0.17052687397865063,0.070558820579511,True
179,0.05885923321270635,0.08391202053872492,0.005820306531415347,0.1335237725785335,0.1275474505011065,0.16295988440093834,0.1076014104916244,0.09995410959127858,0.13691724793877794,0.08290456421489426,True
180,0.03525708380936859,0.12731201362691216,0.09385866503882716,0.13541795740309132,0.13948739713012465,0.013351700151151114,0.10326901468823634,0.15218078026256623,0.15014116316046708,0.049724224729255306,True
181,0.035950591099267626,0.012593589772027536,0.07150989472309541,0.06958742421918944,0.1372681896755271,0.15261847243106513,0.20532483941766566,0.13292921709886887,0.14587317135900535,0.0363446102042879,True
182,0.018301421836920483,0.20893553537747295,0.03167765229468877,0.007263399980249972,0.1295289486293803,0.23476830658813483,0.0005746060381205341,0.15317166170888563,0.12347882547677558,0.09229964206937086,True
183,0.15943080592393474,0.1578941819732619,0.1254482590561677,0.12468676317196228,0.09773484016605612,0.021734175627975034,0.012926173313371335,0.16610659587478332,0.11739681827578437,0.016641386616703287,True
184,0.1312437267613678,0.012465527755983535,0.11698141660952105,0.156442403099038,0.05313797902986382,0.030009330156035595,0.10896704400545916,0.12533254867163057,0.1777432804074245,0.08767674350367599,True
185,0.08887249320143852,0.11976426261111647,0.05302004364998479,0.0018482277900548874,0.13149156276900023,0.20249158650175064,0.05746396891627778,0.10012715037768935,0.11742995312840611,0.12749075105428112,True
186,0.09480379862944044,0.05690652759357617,0.0016612979406943288,0.07213069169450838,0.05265639908187395,0.1977268133843377,0.14874234326801894,0.21842129577663413,0.014555630632078612,0.14239520199883735,True
187,0.07213861232326033,0.10168481039720442,0.1018321304037573,0.11722298334260448,0.0636805707148799,0.16479555747618166,0.034562099154298524,0.16961736900018942,0.0751800284617815,0.09928583872584253,True
188,0.1314329249948772,0.1533003248665045,0.1491049431905819,0.06503729247203749,0.08026278685763191,0.11121486290506719,0.027565783592069654,0.10484492319808562,0.022405514345689746,0.15483064357745469,True
189,0.0556715675795129,0.028186185683805418,0.12581559660107602,0.19526247569586574,0.11791883628021532,0.11542956325126692,0.16008391610067338,0.011264265779755315,0.0820945654081224,0.10827302761970649,True
