ID,strat_res0,strat_res1,strat_res2,strat_res3,strat_res4,strat_res5,strat_res6,strat_res7,strat_res8,strat_res9,alive_at_end
0,0.16918699163071096,0.043995736227997344,0.057346380445071954,0.11432424347651386,0.031799825545968066,0.14137543812215211,0.014162907114428098,0.14590851529764345,0.2019924578581604,0.0799075042813538,True
1,0.06130554159026337,0.06589820053387717,0.0851127488858554,0.18254246028746893,0.10512617457850343,0.1727285251378692,0.09135686754114376,0.012728288180055114,0.04101245298896551,0.18218874027599827,True
2,0.11892029706269971,0.03921619084686816,0.0849554438848778,0.11974092121009201,0.1191014126341175,0.09233770772043785,0.12338965880466933,0.0666814875342966,0.1073647250440317,0.12829215525790924,True
3,0.054494842447011194,0.23027342095225634,0.23317911048317055,0.006528964189180511,0.007263418624717011,0.0073690929266894975,0.0547309556966564,0.11822785741237946,0.04344097275644068,0.2444913645114983,True
4,0.13122497281811596,0.05525344441371446,0.04756944233246387,0.12537307275346207,0.09404723071763531,0.060701467686876204,0.20901935541723504,0.06464646675407316,0.09566679194509961,0.11649775516132424,True
5,0.05136417720189064,0.18855022058395549,0.032163109725573465,0.042085269004094546,0.17569621282880107,0.048563605592028686,0.012427298464178152,0.1261048033574641,0.16657099648091497,0.15647430676109897,True
6,0.21032379631886905,0.1017737533067809,0.16374285342502848,0.13544223453933887,0.0074563266912085445,0.16077276804228208,0.05508584258682326,0.08140587234516435,0.08145439810088616,0.002542154643618377,True
7,0.1645425503604604,0.09202264075160652,0.09424995966473601,0.12027392145891255,0.12855251527028505,0.04335034157736653,0.07750351409306867,0.06317282537708618,0.0927152871727946,0.12361644427368343,True
8,0.007515370897666251,0.22262977760663333,0.07395816588037403,0.15082429524308866,0.045561807636316544,0.13045131037085655,0.008034291605526402,0.17058836064795307,0.08938140609824839,0.1010552140133366,True
9,0.05360751629162811,0.13314859434679846,0.19556274779550878,0.014074772352082954,0.06667159957319227,0.1617023108163508,0.014500075654414584,0.07082202842889158,0.2601854152529666,0.02972493948816596,True
10,0.13195288928257443,0.08450512440356378,0.07839180625769225,0.11306781393140267,0.1418103341666536,0.14111912372721225,0.1451449904189655,0.06752057880028119,0.0160568013702815,0.0804305376413729,True
11,0.04649889189109054,0.14222487480144366,0.14039680750408737,0.13275407796340166,0.08911715088994225,0.15153499710974258,0.0008249945493223987,0.06214100750485778,0.12424690796093339,0.11026028982517852,True
12,0.1943422803513086,0.15946061572685494,0.07803883805293316,0.026659281779575918,0.1545972810344853,0.1479450217961466,0.00067766178043912,0.09603043018191221,0.011210026877548308,0.1310385624187957,True
13,0.18202465978629104,0.0028980584174023065,0.07162590706566155,0.14468304544198846,0.08502890596728721,0.20886835729881725,0.07881624663350943,0.09776097991180908,0.0027866575789076103,0.12550718189832616,True
14,0.06351651608339962,0.07125998353145856,0.02545538462848898,0.17117865983207464,0.21302025788023662,0.061034416758370166,0.08176819641988935,0.022668170207753767,0.22556835805957626,0.06453005659875191,True
15,0.010671726168807507,0.19016057999648234,0.022977478131195855,0.07928911409442355,0.19640273274114783,0.06312692912216643,0.02404581694904883,0.12840939534793971,0.1379604881103191,0.14695573933846884,True
16,0.04780037983708432,0.17692209664522032,0.023123889354014195,0.13410478489413524,0.004819135224756075,0.09342633323153754,0.19975275276106969,0.09941296475061219,0.048673437734385885,0.1719642255671844,True
17,0.11154118348728206,0.14055350233294495,0.0941394892053993,0.055175822673730474,0.05300087643168495,0.13572735579964504,0.14904293000357935,0.04816414612334408,0.041684569830049506,0.1709701241123402,True
18,0.1273699625388336,0.11200029450582608,0.13971754840224776,0.13544964604037055,0.09590469274714983,0.07998907672923089,0.1555623688198976,0.09522183038502229,0.027702485778935346,0.031082094052485982,True
19,0.15803399361019485,0.008006731922254418,0.10008409712900364,0.18871899709478926,0.0545756306145121,0.02311059062728105,0.1592813492747612,0.08659893596166258,0.15947087519231004,0.06211879857323098,True
20,0.11651463804847424,0.12437936757475189,0.09686804322067091,0.13738311854857813,0.14218837400929488,0.11617915103191587,0.01663369767669388,0.1397049576394932,0.10162699662889638,0.008521655621230553,True
21,0.15845544750241253,0.09266520780083894,0.11125338381476074,0.007612926080408417,0.1832026257761817,0.012952097076944138,0.09380801418352894,0.035842836333388646,0.1825672938696463,0.12164016756188978,True
22,0.15715475380784838,0.030267139920256373,0.04871768896288731,0.02598125465594143,0.16984514199175174,0.23840251613417965,0.0070726226486171944,0.0503445561075837,0.1901980074736932,0.08201631829724106,True
23,0.11007699631833745,0.01980062920004545,0.22347318160204122,0.0018936015946861937,0.05029726975886987,0.1433302539748339,0.1319025212310184,0.049235959709313305,0.18710564878735306,0.08288393782350117,True
24,0.209532404106868,0.07282311379299303,0.07693271604751574,0.15548590029396897,0.02373900665914719,0.07580012016082589,0.005345822519190951,0.176142153320523,0.1987116255082131,0.005487137590754004,True
25,0.13819670108209967,0.2600484232562806,0.001636044266957501,0.09733138247642274,0.016689930283982808,0.06741618060050183,0.07316408335106152,0.10154891310321676,0.21987747316606843,0.0240908684134081,True
26,0.07245075848957237,0.10678455991871119,0.225188212385693,0.22874432991282678,0.03565991504528615,0.027621278667585385,0.05556715559660814,0.13759005660872314,0.04090384683379036,0.06948988654120344,True
27,0.20107783285857614,0.12990852368657763,0.05519199852018445,0.1817054625679188,0.041719878815030545,0.01781600676392123,0.07933986806736712,0.07034011229881977,0.2142215854641995,0.008678730957404812,True
28,0.1250822005146699,0.0047310628715153185,0.15336248054688764,0.03295549385350549,0.18003900234388165,0.10943487574460985,0.005511013066438095,0.03387737147765984,0.253262074624312,0.10174442495652036,True
29,0.14592709469709303,0.14910408010985643,0.16741856148382114,0.04932008271639441,0.1255553829143101,0.023503940640692646,0.15227118059322156,0.0743016898002343,0.1060378374222729,0.0065601496221033805,True
30,0.13895718895933512,0.034215564358642175,0.13749048031985175,0.15841032129327806,0.026000994221576135,0.13328901307094818,0.062056513747152875,0.16118820995918898,0.12744121070052644,0.0209505033695001,True
31,0.1788499504897011,0.04294368942728119,0.17826530335671556,0.2063714879949744,0.012825922030146743,0.09530004290647788,0.03396680226288637,0.11908983823712076,0.04696715704479525,0.08541980624990066,True
32,0.2026250120057328,0.08325590184972254,0.027219963293172098,0.03393883574138844,0.19581911559993762,0.07798392002411748,0.028975677981887358,0.18912489931709445,0.045986769957051254,0.11506990422989602,True
33,0.03928046623053043,0.06734020521921341,0.04571052559766116,0.20173270822202136,0.16291438396514138,0.04869435764835722,0.1687387626973934,0.2052141652829481,0.01849598897249767,0.04187843616423585,True
34,0.16880354899724312,0.1679922457331704,0.053373080437956646,0.10359370036912273,0.17717819529885417,0.005831486108377292,0.17718849957786686,0.09516319958073043,0.04025897620567362,0.01061706769100452,True
35,0.13374523096158467,0.12097708377975105,0.05197643148056325,0.1128335083618445,0.1348433454994295,0.14124811912265328,0.09443622579369229,0.13737594531271904,0.03695903701592043,0.035605072671841945,True
36,0.1049142226530939,0.01521089590918452,0.16275706494637276,0.18383613938500676,0.07841634760888616,0.03836504632676107,0.04827720110065562,0.037118640095349584,0.1286269010396173,0.2024775409350724,True
37,0.16985665667041186,0.07280847334216753,0.05132070034573805,0.16026870912444774,0.08748932208898798,0.0328395389035198,0.0915734342724286,0.09792174137225566,0.11023243334700401,0.12568899053303875,True
38,0.13440391436075685,0.1374661305886247,0.14887661529687096,0.13819191954138285,0.12631181899768587,0.057858109856234935,0.1289542018179542,0.07363738524057988,0.03223127578100283,0.022068628518906827,True
39,0.14404791744141282,0.12606700911445898,0.10384016995865329,0.037874510466908526,0.14995256376089358,0.06972595660292764,0.1374744018736669,0.035194035915876776,0.14729070675737974,0.0485327281078216,True
40,0.10219423939310938,0.0709124821525223,0.06256538887747191,0.1398219542800769,0.1681195188036235,0.020957708490743347,0.13889505940972488,0.03289749716406214,0.0992591736511156,0.1643769777775501,True
41,0.11381409263042323,0.06375289968150051,0.10408468530602094,0.05256291560155724,0.11134457998642104,0.10578483879522385,0.12587987933804312,0.0715577468051558,0.17858517692156453,0.07263318493408975,True
42,0.08243751307767164,0.13827608495263802,0.08288090915708597,0.1333213596481803,0.13501833223117807,0.04534283322027326,0.13380702286664087,0.12178863757369901,0.06811325913602309,0.059014048136609716,True
43,0.20551894291354528,0.093035071830671,0.22372977922066747,0.07180106576466203,0.015067350426177639,0.08867122742656246,0.05292419508713326,0.1454785362868542,0.07117892964901368,0.03259490139471289,True
44,0.11780275169648428,0.03630632399549689,0.004499355125359637,0.17620687244873362,0.11791679544109193,0.16555989981658006,0.1283050667466768,0.06198023374755643,0.16702976487704535,0.02439293610497482,True
45,0.17499267194222853,0.01259828884780837,0.11806830297274686,0.1574697565287304,0.058891736776475676,0.06274835158293315,0.06262472132547943,0.14505803880087018,0.14485306777879647,0.06269506344393094,True
46,0.12695376699168176,0.16589942818565515,0.10305297463164899,0.04851402244546297,0.000981879368388836,0.15884972729948085,0.1514965432820194,0.06648412176414202,0.037030363148012904,0.14073717288350715,True
47,0.09476166780445675,0.14995491109019438,0.06644024596837081,0.04400711452985255,0.09427878295346484,0.06416231978207262,0.12353041278161338,0.20799247278271632,0.0425233016959216,0.11234877061133673,True
48,0.09645532606872599,0.03062545205156224,0.1409647322933344,0.028446966224877458,0.12148139982295011,0.1682229226259913,0.15385401583602806,0.08409903631035726,0.020527006592493513,0.15532314217367962,True
49,0.161806678615265,0.028026247586302244,0.20144678609231648,0.047891838563554015,0.17838718216909633,0.205474533661476,0.02165959548460237,0.059487658185168,0.038095716607097575,0.05772376303512206,True
50,0.06512709811319983,0.21738566012412017,0.03330639023251371,0.03658978104937868,0.16368721827839908,0.04993712576781574,0.057541444156914555,0.17370243508867492,0.1166413245574252,0.08608152263155819,True
51,0.07102448687048032,0.1728108826976296,0.14572539326360406,0.16538907958698607,0.06587781235743358,0.1524061354941898,0.1045522380189181,0.004415086427856825,0.0006789566611932566,0.11711992862170843,True
52,0.026632744664055383,0.09603581280342645,0.1677155453122134,0.17209754004959207,0.09396911167995131,0.05796048433389926,0.13198006927464542,0.006282830743955737,0.17240270098593444,0.07492316015232658,True
53,0.10396575968160143,0.02097860955666846,0.1668026551911958,0.12144116228448523,0.15227756906372558,0.07927776631663878,0.11442315710239549,0.0837133944183095,0.0071862327762028284,0.14993369360877676,True
54,0.17703926535086373,0.10648101925273096,0.021475576366082022,0.045515184866078716,0.11756472534018182,0.12673522162073206,0.1577358334930373,0.039932595987145894,0.005466240510023179,0.2020543372131243,True
55,0.011082837195073735,0.17820146762439626,0.09252807870008152,0.18962480663517106,0.08591597108045662,0.0313980336902389,0.11857014708776185,0.178146159816867,0.07668918012427425,0.03784331804567867,True
56,0.024090579136178392,0.17996034449229703,0.08369474670142078,0.05840530385718367,0.08474412639909693,0.13592603391667182,0.11665000987136655,0.1587909778523996,0.023641402035774268,0.1340964757376109,True
57,0.039563037342372244,0.1468807893100225,0.0576496758523099,0.17005833283308883,0.046625135138136264,0.12205594291107633,0.12199678405022157,0.1744904972855966,0.09932438580882788,0.02135541946834786,True
58,0.11025747099022046,0.05407222351074238,0.15547634524292062,0.16294619612098,0.030772387511197534,0.05114015545722526,0.15793452256464868,0.14197218062214878,0.11440367768034787,0.02102484029956866,True
59,0.12672106476563563,0.1504526091551605,0.09124495585652102,0.03660388309857379,0.14860117598561176,0.05667649560712223,0.07760620579908269,0.08363065481226765,0.11213985182278235,0.1163231030972424,True
60,0.08805766336153384,0.060460852804104105,0.09457482109933019,0.1340015306480306,0.08786662695386792,0.15826232257019576,0.1474469124796056,0.06395846688468917,0.09534800127142416,0.07002280192721852,True
61,0.06270446744757789,0.017076469826009216,0.11763737636841062,0.10925912813646699,0.09730111599539168,0.0936281807702293,0.0209042431820912,0.13739031749241923,0.16746371926888445,0.17663498151251938,True
62,0.055711900128677425,0.15406894192697088,0.2713933697256993,0.0707710180565863,0.004963657443967402,0.14530162601387653,0.015386295028994877,0.0666292052220501,0.1368610069325923,0.07891297952058494,True
63,0.12768899207850037,0.20703700560582264,0.018259085615907684,0.008798295492250892,0.06696780031388087,0.23581651183232546,0.015591603138943654,0.1019405023121049,0.11815998831833699,0.0997402152919265,True
64,0.1336657819367663,0.14165906965727326,0.12236994912994657,0.092066570346801,0.03500920921052291,0.13538909743427305,0.1303972327054659,0.05449193973496038,0.15116186711780896,0.0037892827261815296,True
65,0.08557024239871854,0.08742963826599504,0.13293244581384367,0.10311865207761971,0.05894719961970111,0.04595995870843297,0.1360275540371096,0.12720098124318702,0.12386947230798628,0.09894385552740596,True
66,0.09649316667600416,0.10022430244491584,0.1434549265445837,0.035533415711171835,0.05841887862036829,0.03403103401411469,0.15349042942915603,0.20365772601714188,0.12804904356493313,0.04664707697761045,True
67,0.079635359631309,0.0096718482654274,0.13868214947577942,0.17233392494988212,0.041997628299542955,0.07271713170470913,0.02277510065580789,0.15523902543126727,0.16552498857299328,0.1414228430132815,True
68,0.11426593940600567,0.14190474780872334,0.18516058150427855,0.015652963951155632,0.04582257700359024,0.02697220918048254,0.22813952320758527,0.0035398534433245294,0.13953305695499588,0.09900854753985831,True
69,0.144485377977213,0.08455611996532879,0.0724160026857275,0.08885185735986922,0.13481477821198665,0.11349397241556367,0.0224329269435153,0.1453547559940544,0.08447574331468861,0.10911846513205274,True
70,0.020132898351997552,0.03381401489053271,0.0042548573214654046,0.15565819796410185,0.046852074998585465,0.1537139084504135,0.252307938563999,0.1750127007543798,0.13542519042288279,0.02282821828164192,True
71,0.12143818239392887,0.16920326620726042,0.053709071954106576,0.0443196450253437,0.06758882640830569,0.14250482016273763,0.06801619629281067,0.20637171601208287,0.04814950727246933,0.07869876827095411,True
72,0.16805549100072598,0.11192033280842817,0.1410438173079763,0.10398355467733426,0.14839115999174277,0.10779665557460316,0.018353067026267534,0.05510477140333018,0.04136869100622371,0.10398245920336789,True
73,0.16701271752413535,0.1099360203749821,0.07360514508285976,0.044533191432363714,0.20025884736026384,0.08517767186100533,0.0018900089113851825,0.055961654539583995,0.16029998477468022,0.10132475813874062,True
74,0.13928068615789901,0.06874189573959126,0.09189332207428262,0.12902328146350434,0.0971780399610407,0.12110434681467062,0.07382740663379252,0.06951747653961068,0.02813114053084732,0.1813024040847608,True
75,0.16315637436960406,0.10581401269436522,0.07218910955945884,0.15518135289339194,0.04147019913762144,0.10566505870610343,0.15952420816272908,0.008737332243762146,0.06092878590903906,0.12733356632392462,True
76,0.1167550601914602,0.1612741224686717,0.05551838324883339,0.1087997106395918,0.030281757253328292,0.07405748595075626,0.12889819808649108,0.028590194779859322,0.15423317398510342,0.14159191339590457,True
77,0.1337905242194574,0.11390372683296922,0.06085681758929873,0.0653462474073019,0.14005122330076625,0.12702788267432646,0.08681941865626631,0.0064530332906734995,0.11309193311394897,0.15265919291499125,True
78,0.06880691429487923,0.11499816501160899,0.13904832223333605,0.061452680292719754,0.13036369235475112,0.0995062150611556,0.1407782816400398,0.028547411150806983,0.10205334600048435,0.11444497196021801,True
79,0.07120596193077976,0.1260801814333144,0.11564919663764214,0.13848135573690343,0.032518769515505766,0.12627318122573983,0.10659433688752938,0.04671954591345994,0.13343838914953712,0.10303908156958835,True
80,0.08978778749066811,0.10068985555328355,0.1393515636694766,0.12640109729397947,0.166494831846458,0.10899884605402765,0.02871505975734352,0.02264132352603893,0.21112563293433204,0.005794001874392208,True
81,0.023912631673076952,0.15261484561619437,0.03431355386773418,0.1518649695440919,0.12573186655636873,0.08454057714558232,0.0740220910285153,0.17843348872964865,0.01618888787724099,0.15837708796154668,True
82,0.11539811113664665,0.018659075063408144,0.03909519389068843,0.04421419390358508,0.1735568235627285,0.15721289944523592,0.12232732634720675,0.044160393117608394,0.1787130573324021,0.10666292620049014,True
83,0.11975595094563447,0.10043882028165003,0.20367512831703258,0.05870905695643015,0.03160674193810526,0.19276973388167512,0.06586288937947397,0.03077367188481671,0.15707599260878552,0.039332013806396116,True
84,0.031236348121625398,0.030503488846902002,0.1050719600527159,0.13332988965457948,0.15588679642229128,0.02619622919119428,0.1755664327789736,0.13438059396881466,0.15990261661491342,0.047925644347989835,True
85,0.1115442968881945,0.16027472459630948,0.07865220354583376,0.04257239463889136,0.07193350652143483,0.13547810001188543,0.1593337613302621,0.0385324268976135,0.07387768933014134,0.12780089623943383,True
86,0.014708011376013474,0.015687844970632372,0.08872027201990097,0.10851480599291263,0.14919811617902617,0.06669285241443561,0.018891067624446835,0.24934993806200054,0.017207506068112628,0.27102958529251886,True
87,0.09686579480607084,0.13321018420585207,0.10732053358916868,0.14535474387015673,0.017130840015293906,0.040386127999069245,0.08029475010817543,0.14524623820023444,0.10864219575217014,0.1255485914538086,True
88,0.1241080568139854,0.15398161062232726,0.11937018369412898,0.12380353507876751,0.0773235084650458,0.06751826253066723,0.11275087143508264,0.08920366429755036,0.09479621055753618,0.03714409650490869,True
89,0.02611265919412465,0.11595881461099632,0.030940160674420493,0.1418967309779144,0.14495713481990236,0.11864429670171943,0.11013625505996792,0.11723077231453669,0.046019278637442027,0.14810389700897572,True
90,0.03309608447222631,0.1321627632457693,0.16237205184765266,0.03994864487835995,0.12391913624315877,0.1310885563719751,0.1337775727816445,0.09602812184618155,0.14532346711712146,0.00228360119591038,True
91,0.08632547206088266,0.11436340589111797,0.0542817187829468,0.11295470629398179,0.07435797312416546,0.10068726637455032,0.1389930505849827,0.050495648647257176,0.15589813799499033,0.11164262024512481,True
92,0.04425330555012714,0.09988886695945204,0.054131727992140236,0.020044277153618558,0.1371292933713531,0.17635488719954256,0.025899303910233158,0.14823923868036326,0.13482588773073603,0.15923321145243402,True
93,0.14770520782516056,0.1551660399371794,0.12166689216824718,0.08836866484994917,0.014709846412590388,0.034842178008199866,0.16493898693614614,0.08176748164006255,0.056357403616352594,0.1344772986061123,True
94,0.14254258436728912,0.07931360858733466,0.0721557855393049,0.05450568371911131,0.04295758582497883,0.15507183183608103,0.12129589608708365,0.14403719977613538,0.04874986839988757,0.1393699558627936,True
95,0.012745519849990294,0.14828241940099351,0.049297338382609635,0.048347008253436734,0.22279318502994638,0.011437572202823548,0.18081135626056538,0.036924439211356276,0.0887418083188362,0.200619353089442,True
96,0.16439979181358366,0.08581951137590602,0.11178059624523569,0.034204933340728924,0.14169308616882162,0.06737845390280066,0.01347080809815039,0.16838406016458957,0.07085900859230784,0.14200975029787571,True
97,0.17386091927616878,0.12126679830651572,0.04671488470279956,0.12117134203788074,0.06315958696525405,0.0566188588938334,0.11504920720080278,0.08388674458987276,0.049932234895989046,0.16833942313088343,True
98,0.0107920875365572,0.12477029007402243,0.21132460543412626,0.09371811137661641,0.1335447063868591,0.071420369116157,0.162634290484915,0.044055026510344264,0.0776062483134018,0.0701342647670005,True
99,0.1802509180899152,0.11994896980686635,0.013859993692105334,0.10069418851777659,0.17799768700477492,0.09593670647184947,0.06638206632431759,0.07628369495047936,0.07985419895252151,0.08879157618939368,True
100,0.14635046586642952,0.020474977080800347,0.007473491217742918,0.07866047618761114,0.18944179888106233,0.1263425971968426,0.02817050470105068,0.05937174994978313,0.13333819840883784,0.21037574050983934,True
101,0.09938882679986617,0.03538447591099199,0.07821347961297138,0.09496763288547706,0.171282692371348,0.12433754256166511,0.02104263159659057,0.05025289073722765,0.14300620202182057,0.1821236255020416,True
102,0.09600696454576801,0.024573437444167286,0.0007964839055123568,0.035012673244871964,0.00027736225116202956,0.1287851178709747,0.20403933306294086,0.28706858169765004,0.12042010294437046,0.10301994303258218,True
103,0.08769736961974171,0.07938974885738699,0.12234092830756567,0.024148299451398243,0.09322494853275184,0.12890000474201,0.1379299361221838,0.10316759457744465,0.1088901316319841,0.1143110381575329,True
104,0.2063023225940747,0.009586799229912565,0.035372732320147475,0.17182926789763941,0.0008014423612777298,0.11431290440615775,0.19689464984621807,0.0637513520260931,0.027194060871924847,0.17395446844655438,True
105,0.03156252669787439,0.17928945837939597,0.19704693665930129,0.008783700318621449,0.14180761077424014,0.07318873194275323,0.14738951977878087,0.05199156131993395,0.008937848500147205,0.16000210562895156,True
106,0.13167479713151276,0.04326312112979333,0.13074088205428253,0.13051661434720632,0.14596342918552666,0.12333628263755364,0.1303437642588543,0.058233013872009735,0.030273130145892353,0.07565496523736849,True
107,0.1735753532448611,0.17229622479228265,0.12591487446003993,0.10909222750410832,0.03391383646473297,0.05527571567504481,0.09251791484349119,0.05241301790886692,0.09458173043545191,0.09041910467112023,True
108,0.100729767761574,0.1496175660431631,0.04228160318448614,0.032163777177094566,0.026983695078877264,0.15816615694155042,0.08133959682651201,0.14249302696229021,0.0917540797486634,0.1744707302757888,True
109,0.07771122703194289,0.23632860086374788,0.0005275520002825329,0.0036628608771884863,0.005086199162158086,0.2304194855572964,0.04159020811497488,0.1839440142207566,0.21181795798586986,0.008911894185782464,True
110,0.12956545596330188,0.16974664744715423,0.14786074610221525,0.05971747361460949,0.15468731404306327,0.07111467286775865,0.020064009442865554,0.15124235017651635,0.022045483487866408,0.07395584685464891,True
111,0.19469458535540973,0.010243958039167774,0.09744441476930822,0.09021012353284472,0.13274696328141575,0.12571433946208987,0.041298128471610525,0.08424059974178663,0.1387524245623256,0.08465446278404122,True
112,0.115127631329369,0.0008517926038754768,0.11809124273485062,0.155333972634356,0.007981431724227711,0.13902071876865282,0.13409770498679058,0.02634245003202775,0.14341033762466016,0.15974271756119002,True
113,0.08103511645718385,0.18659861630048202,0.035879062682248525,0.10358494467584081,0.04212481493825774,0.048571240067615255,0.13146015460246863,0.12341983464383431,0.06267554129310654,0.18465067433896243,True
114,0.08037742757758451,0.15647373278999577,0.05430909943207961,0.08875370695279658,0.0720043340954147,0.11637653576929521,0.0334694956071199,0.13968630786994277,0.15009100654258095,0.10845835336318994,True
115,0.11243680439098468,0.08822097409639462,0.17930113969056558,0.10314120146061034,0.08521681744657102,0.05534674195159213,0.0805709938199397,0.16035316877654152,0.08754032813065739,0.047871830236143054,True
116,0.0303976939701458,0.12984874327353904,0.08654247020932467,0.1756657871901711,0.11937795874421113,0.006401651239290661,0.16449544106068495,0.0355120690568446,0.10286085763471108,0.14889732762107694,True
117,0.10158948969088137,0.0048972373733016826,0.14876916806499058,0.027166029355973346,0.010067268328613418,0.09379884060311147,0.006180438662678779,0.17836480450068923,0.20483505833053778,0.2243316650892224,True
118,0.07652510546317447,0.17541059326200395,0.1211176288478216,0.2288852388621908,0.03343004891653448,0.03544521460373067,0.027692352702147937,0.15032795571216812,0.02109867092312499,0.13006719070710288,True
119,0.06140328517243423,0.20524361083312342,0.06185285956922969,0.0016258022402355055,0.20784267228828812,0.1167875386751241,0.10945989665570124,0.04275586020947954,0.18758686066483735,0.005441613691546638,True
120,0.003202105109809726,0.18899933129529364,0.11150975444347348,0.07115335956370962,0.1785801817567347,0.07791841047451575,0.08801773788935804,0.20389742594193605,0.03485287244348397,0.04186882108168498,True
121,0.026964905775021107,0.14020691046671455,0.20975782021479455,0.03273986175100053,0.23481587603358992,0.09307621052335217,0.0122722165742304,0.032098062692979976,0.21566481055596165,0.002403325412355236,True
122,0.08535977465486785,0.02409585400297379,0.08794638215668418,0.07523902251571284,0.020895371526801786,0.289929013886261,0.18695036997091927,0.010346867334175728,0.17715261775590713,0.04208472619569631,True
123,0.02686849058143419,0.1316487189965751,0.025855590742360518,0.06406009491224397,0.10726923427911186,0.18261798055352957,0.07151137838967608,0.07274449013717739,0.11483449593688391,0.20258952547100736,True
124,0.170216274367678,0.050253769672214385,0.16875764788635234,0.044527424463022755,0.07829103620225848,0.15363185885687478,0.08800816296714818,0.1343642273718066,0.014505801001268748,0.09744379721137568,True
125,0.04613497415251483,0.13971660045234846,0.09533830112157611,0.15207029585215381,0.14293509127172768,0.16596760912810707,0.10367306824433221,0.03316141347603767,0.09292372875714183,0.028078917544060267,True
126,0.0904612425072428,0.06524879168485771,0.09990449121778863,0.14440888055537668,0.04563443381082262,0.10285133674965094,0.05090609522768378,0.14135544822350424,0.12823646955442156,0.13099281046865097,True
127,0.15078112279178374,0.0944011137969273,0.028133465834726708,0.21290868830558352,0.07970417688738972,0.04201185069464688,0.13101044623615926,0.07897633715680538,0.010755606991279172,0.1713171913046984,True
128,0.121607475138037,0.08191321916600305,0.19606591225104789,0.0968962477162633,0.13143324467473544,0.005233047272543116,0.034662185148175685,0.046088529886258896,0.14200248284241854,0.14409765590451698,True
129,0.01530798430208778,0.0686502607584023,0.03459335413558885,0.20754183753046934,0.17344631484890208,0.08303809419768472,0.1640707918319016,0.010926075163348028,0.07326705317564257,0.1691582340559728,True
130,0.14025968101762926,0.10093827012924964,0.08260509715224044,0.04045448412096505,0.15156185987913082,0.0312031498504837,0.1369950901202663,0.012685671032189903,0.13899112275766695,0.16430557394017778,True
131,0.09922762567993043,0.11035712167090074,0.05375956948848733,0.013083920918130876,0.06567962182836863,0.06532776504515651,0.07950137482777411,0.17516895324092252,0.14796823849411822,0.18992580880621066,True
132,0.0867501324236535,0.13624610569723292,0.08344307477056623,0.042725442469758325,0.14865823418615579,0.16555004133579926,0.17387613923547288,0.00826520245428667,0.024312500750461406,0.13017312667661313,True
133,0.06430766795417076,0.0389223146349617,0.1372312202819216,0.13559585748874692,0.18194268215407972,0.031368282852813636,0.15137112718368217,0.012506954725142834,0.10948320551795745,0.137270687206523,True
134,0.030674255123628227,0.17684156965451964,0.17173696776696973,0.22705383847522279,0.06801484317612469,0.03686647864483471,0.030380725578376292,0.03796287880394086,0.12370901905711866,0.09675942371926446,True
135,0.1431640428925776,0.08459243730771288,0.06406776972837655,0.1610885843740771,0.09823830987642215,0.13764930721038188,0.12293721076154822,0.03032988533278774,0.0461967919284537,0.11173566058766203,True
136,0.11245433634871697,0.06985690046741486,0.10265943685409257,0.005043329059563436,0.10974105874732447,0.12738983469031032,0.1671793604242948,0.168054319757121,0.03721622800871218,0.10040519564244949,True
137,0.0897153935267195,0.14473014110155502,0.0013525489227437103,0.0960857987741975,0.05429933217278127,0.1400790810502966,0.06402334617021659,0.233890183090953,0.06972439045945644,0.10609978473108048,True
138,0.15777126803919928,0.17448145770055645,0.13403573345103426,0.03149890978811936,0.06226160529808744,0.15493608640649664,0.1489297833468424,0.0036678401823842764,0.06903879313619946,0.06337852265108047,True
139,0.037393762737974345,0.19115182134999736,0.0029472120751150694,0.09574468270072378,0.05828364977045481,0.21533875743716868,0.06075358796318804,0.10549631627339838,0.185195914380164,0.04769429531181555,True
140,0.11212060456015888,0.12868608818782348,0.07426920976997338,0.1785307650793816,0.11374165206412197,0.05244630796200499,0.0014044616491250149,0.08812525364416965,0.14067657719072352,0.10999907989251748,True
141,0.18850820802342882,0.18690947018023452,0.08200130586706507,0.03115631266421497,0.07652932832027302,0.07860114134309917,0.01670858370974704,0.0582488793051697,0.17774983323967158,0.10358693734709604,True
142,0.08061503838561011,0.04289920645265254,0.09924446572718558,0.11749396312426434,0.16234559650691513,0.0028041998803498436,0.20278165531262804,0.18834464543151047,0.0993964161162454,0.004074813062638444,True
143,0.20722957145124743,0.11716155741798258,0.00071022333843,0.05239299862986912,0.02011174474043792,0.07814430090193848,0.1495273834166973,0.10541612126540024,0.15600667456479195,0.11329942427320504,True
144,0.020202265157629143,0.1322781401461007,0.11559356220127047,0.17501739981655565,0.11574162685666552,0.14804942400755963,0.08217465014243673,0.14118135509767774,0.034075250780880605,0.03568632579322392,True
145,0.08465626003461021,0.1022249320333949,0.13512946367614984,0.09928606778765885,0.10383701407489199,0.07766933007237319,0.13654536399720357,0.1563283035197099,0.05680614246218822,0.047517122341819436,True
146,0.1896846310548719,0.02842696799953866,0.02662116956459679,0.1558163746342107,0.12429666160588601,0.026325087600491983,0.08545669618857911,0.18626478609311312,0.023186247908332947,0.1539213773503786,True
147,0.24306780761358276,0.05870570232315194,0.038450227093670276,0.16836757298485805,0.027065101162176263,0.0439830526256657,0.13865827334047978,0.11219596927390017,0.07821496117996174,0.09129133240255334,True
148,0.16074590045114523,0.17238965570189047,0.052296819032631836,0.008221112035512311,0.020327121367607698,0.17696731631395846,0.013581445877449578,0.024424021117154904,0.1713297609744403,0.1997168471282091,True
149,0.08657198766960106,0.14020238722886705,0.1393816868780326,0.10235256930533469,0.12394510916713919,0.1470497496382851,0.025005949345150984,0.03288387143446232,0.05997380088101282,0.14263288845211422,True
150,0.16076116129500267,0.17720552290876584,0.15508958007690204,0.00546999174276669,0.07682506001392583,0.09083295177573851,0.0075456860718965905,0.11923957737952491,0.06358535850115765,0.14344511023431927,True
151,0.13215711454451434,0.14178249359036152,0.14851939315166643,0.06023829323946785,0.13473095893267406,0.034429641010779284,0.006073406515461329,0.11025938154662723,0.1552063052274814,0.07660301224096651,True
152,0.0698038129923901,0.08989190112182904,0.1258584461606933,0.05005492926032213,0.05896330350057201,0.15403545829610107,0.15828967159597054,0.12903729479590992,0.087832006550532,0.0762331757256799,True
153,0.06644018423801715,0.008102248145844123,0.2033048502747978,0.12948835026866065,0.13573896957023707,0.13289069805577053,0.0998532809911486,0.046759127982629135,0.057966092307561154,0.11945619816533387,True
154,0.1772634060398247,0.13447835447468248,0.09210289865206056,0.03562479910444526,0.046663527747014974,0.04374440972288948,0.07573101537186583,0.07686883162628999,0.1690341864617054,0.14848857079922126,True
155,0.12011426321152296,0.13433687251071258,0.16056846284103468,0.11567097953420473,0.011030193123530152,0.20529523147590967,0.03544557941094813,0.1265026808897731,0.06029628248858761,0.030739454513776295,True
156,0.18947941049341394,0.002440069530426127,0.0797696888906299,0.15432346105340183,0.10487394690639543,0.1438605091849263,0.013959632810085833,0.027573978447100782,0.16397269190182737,0.11974661078179244,True
157,0.010441479095712651,0.008458462368694686,0.11281488173094145,0.009609431810750357,0.11906378769480977,0.10574951406549096,0.18145271212455474,0.1755515061381482,0.14166980293773754,0.1351884220331597,True
158,0.0625916490967539,0.14779862252389575,0.06951146035664964,0.1529338462277466,0.06629808819910846,0.05022639018971048,0.028617624396522802,0.15454404894279875,0.16809942173065498,0.09937884833615855,True
159,0.004672745139207737,0.12452905839915847,0.0702467873465567,0.14125746787220056,0.20030366076534775,0.005189714998062486,0.14007290010895765,0.09180749373872593,0.1956306849009957,0.026289486730787022,True
160,0.12163722052035161,0.16623890795933133,0.17023413877710392,0.14192134112833032,0.12968900982629522,0.048344322277982535,0.16174109973386352,0.0018251638958675,0.046768379077901115,0.011600416802972972,True
161,0.13212525554504356,0.1868048853891001,0.053291646034134464,0.01294393174725117,0.11747931831567668,0.040454975563362104,0.10618496576700792,0.056729387984570015,0.1497971220463752,0.14418851160747898,True
162,0.06819950369120958,0.05758595288832731,0.13212192450614538,0.09025501474463797,0.05543656724517047,0.0163933646619092,0.07124557709725131,0.24725751293914397,0.16647015305700888,0.09503442916919592,True
163,0.0712364948599351,0.03643945517632181,0.17212490713105671,0.06491071298282988,0.007692740166257097,0.06816715429622115,0.22231990980861233,0.16134620299814717,0.16645128404691972,0.029311138533698933,True
164,0.11984366173381591,0.15873489408267732,0.041371062285295954,0.04660801203285659,0.0583505568626746,0.1354249831234282,0.11940136419192886,0.14082537061555417,0.147971409583997,0.03146868548777158,True
165,0.20738399124078236,0.06784595895886346,0.016854724205004074,0.1159880394793334,0.07908501820407195,0.2228863498151545,0.12239332888726821,0.032821445011331295,0.017707720262504327,0.11703342393568643,True
166,0.000529091974429045,0.09132810247694363,0.12205199356906332,0.11616965551150338,0.07030989841998089,0.03371757991530796,0.1638805750198926,0.1097432087252839,0.15062020904932039,0.14164968533827488,True
167,0.14807792198981368,0.009984187256533803,0.05045050249191017,0.21000690204344788,0.155476426689986,0.06863974949615284,0.14124335843493702,0.09387879181879863,0.051960849051967926,0.07028131072645202,True
168,0.08455176311871371,0.13764947682086334,0.0741806227088964,0.21385846205176476,0.0926719681221305,0.07034500070163549,0.05025770349218267,0.015922336356357033,0.21362854202539877,0.04693412460205744,True
169,0.0841308503299355,0.1040548779299098,0.15109621113667998,0.050962200718616714,0.03284054585073867,0.22043298088822968,0.01872065063283926,0.10982285041833931,0.0023507033397264375,0.22558812875498463,True
170,0.01921062674091716,0.0844295693086344,0.13161386240479836,0.161590693732483,0.1951297259888586,0.11633095855601173,0.17663698409458925,0.0311358970396049,0.005725591986477508,0.07819609014762516,True
171,0.1156955434488279,0.04849302016505125,0.1326445253066312,0.045102230913784104,0.056263301788050564,0.15076392348746914,0.12639574860711564,0.12807316283618253,0.1338614773823193,0.06270706606456836,True
172,0.06263753881020574,0.00801713236364053,0.1262719262402236,0.08655568403865094,0.0852769060223371,0.1574292547508893,0.1145302116280884,0.2183324320289773,0.009925812373817604,0.1310231017431696,True
173,0.07381209263011869,0.08341093883574059,0.16044103708922458,0.02372664599733189,0.16569249250630494,0.015888167969455674,0.11988398617964659,0.0732570529952565,0.13911668586366807,0.1447708999332525,True
174,0.1725705183561157,0.001419032646034495,0.04734049201545502,0.11202268002409925,0.09266325543877567,0.06567229359701848,0.11609686030137491,0.09382382642758895,0.1594587632829095,0.138932277910628,True
175,0.018624356375121644,0.01171296676756254,0.09325904863576144,0.005424151024225155,0.2761427168946607,0.2766078046997314,0.033133399514058935,0.05764183503423218,0.08930853532348174,0.13814518573116435,True
176,0.14243718755516752,0.10773096546948943,0.019046557721305066,0.10840195831271768,0.13085549700810392,0.1618084633629097,0.14779245277263114,0.03783237477413628,0.06081032799124964,0.0832842150322896,True
177,0.08080303618213852,0.11010579098529964,0.048347686187446594,0.06401554035863237,0.011701293417878946,0.05851403249521192,0.19641435912972527,0.04401819813159001,0.21447480662161822,0.17160525649045846,True
178,0.1704445403472687,0.13341163977438714,0.1277636436439786,0.16785155404362087,0.09764279960755212,0.11114482819209488,0.07058597912500193,0.0022663019927002172,0.049059535330590105,0.06982917794280544,True
179,0.14873617280314255,0.029973019133325708,0.20784109951783203,0.002399543603256469,0.029559429518778425,0.14925120105975187,0.07606506499757161,0.13598557676942621,0.1959561158324024,0.02423277676451259,True
180,0.08380025894614909,0.1590541361232608,0.0707660679410381,0.04590000298792485,0.10480763816297527,0.20553387087564612,0.17504083562953354,0.004494238767529972,0.020340318160011566,0.1302626324059307,True
181,0.05837587878400642,0.08586113848657129,0.03108812161529174,0.13386803898250008,0.11918599861669187,0.11346247630763888,0.14076199427978814,0.1440033314981326,0.031549901653359955,0.14184311977601904,True
182,0.030859341526574654,0.017390334190765695,0.06886420884954635,0.11629122512854104,0.11883464264371763,0.03232176459135539,0.09621193192088907,0.15376921639034022,0.18279967362596758,0.1826576611323024,True
183,0.12392798963813323,0.06964530106031726,0.01930926234790546,0.14261302808891457,0.0211239753693605,0.1494454472986283,0.16449287752105607,0.11764182461269759,0.12382351140811111,0.06797678265487603,True
184,0.16339183315301772,0.23337459241436728,0.028334061735021603,0.05811356792193115,0.034970759504855765,0.1835087422890211,0.07738876458048678,0.13734069905176505,0.035680966483336886,0.04789601286619666,True
185,0.1370463989749217,0.07190644389592878,0.16014890312654892,0.0835231479813252,0.18170378659526498,0.07923340258701812,0.17305778504544383,0.0064301922832289814,0.014726275243555149,0.09222366426676444,True
186,0.019867490570326902,0.08383300449903106,0.047898524291403295,0.011853016318658607,0.17466695483100858,0.15334814393126553,0.11166606787244723,0.18304307429238037,0.1336429993491748,0.08018072404430342,True
187,0.11289237967499555,0.13654812410463826,0.08957560390219284,0.09785985275368027,0.09888895797963096,0.13272637610620228,0.053592457528058995,0.11682377174117924,0.031176982878706662,0.12991549333071492,True
188,0.1416485494615638,0.033064763843177934,0.07381448310637707,0.06631355917849005,0.07370077140512056,0.13159580618334277,0.1792691921731011,0.10545120210638842,0.09956643478081004,0.09557523776162832,True
189,0.042335136509216414,0.1748559361115336,0.0455706611615143,0.16764283240111558,0.1074499036067528,0.1672434681524717,0.00128037037783474,0.12677220912618892,0.010545722571697648,0.156303759981674,True
