ID,strat_res0,strat_res1,strat_res2,strat_res3,strat_res4,strat_res5,strat_res6,strat_res7,strat_res8,strat_res9,alive_at_end
0,0.16257231773106004,0.02985543277578716,0.1474418435833777,0.1304781207616232,0.08033156750457353,0.060104950815374945,0.13819907367193826,0.04991473744175695,0.05440058783597,0.1467013678785382,True
1,0.09284798565192147,0.14684119665334655,0.03554194599693006,0.15626939258960962,0.16045837920866285,0.13129270591082262,0.045811568829974995,0.14131985607492564,0.05073946963416689,0.0388774994496394,True
2,0.08873011250771987,0.042304733112127436,0.051644437909420825,0.06221770325059026,0.13929156579148108,0.18262775482242632,0.09841332831162218,0.13377816953912733,0.06629985109717856,0.134692343658306,True
3,0.04000649914895713,0.14680548576365351,0.13623943604067767,0.14332977959760923,0.12134448070595513,0.05972574138879322,0.14302537349337227,0.06088511245172258,0.0965516441704937,0.05208644723876543,True
4,0.026831476113567166,0.1357527844955355,0.06255724788096037,0.1331403406819483,0.13303868407572358,0.07042450192693461,0.13490287630827058,0.11393936105100452,0.14138724948362683,0.0480254779824284,True
5,0.11779348262444721,0.0050562713572612165,0.12024279096498773,0.17160980568413564,0.07001104813610548,0.1850555276669649,0.013553442820562473,0.14193178753973987,0.06640379158409544,0.10834205162170008,True
6,0.1342419048637007,0.12647971061725868,0.09183684953971386,0.09503420798222685,0.1751117420855846,0.0084661388462119,0.06001783699158633,0.06909476561616698,0.10894094111584268,0.13077590234170747,True
7,0.11589170193752385,0.07479364212733512,0.11874537263557303,0.16396994407991908,0.024938189960945746,0.11578371562126724,0.1339836453435044,0.17117443872854823,0.0685102101761485,0.012209139389234866,True
8,0.0695459212377208,0.11160959665710346,0.1299492659840024,0.010324807376687445,0.11621762143150485,0.15971996031421007,0.12589239977789746,0.1265991707157091,0.04471749738651403,0.10542375911865043,True
9,0.12301127941443893,0.12590042925608172,0.2573046693889865,0.23484171505786475,0.04106948108498515,0.051136012237999254,0.05632700153917446,5.426807370293905e-05,0.013790513792947807,0.09656463015381872,True
10,0.1388452962212909,0.03289959255677132,0.13234480780840557,0.13115015191617602,0.1435206141758864,0.05588389500041722,0.15156096343621805,0.11097752390436011,0.0539320063116411,0.04888514866883326,True
11,0.0913294452209581,0.04199554906631538,0.07105530768937694,0.04042187076054864,0.12647260525370937,0.08685943479573179,0.12351432186143597,0.16757479939553957,0.1071791566268379,0.14359750932954632,True
12,0.06807419549728877,0.13507591199666114,0.08384252313250783,0.06549751861120945,0.036244260618366615,0.1208800278805464,0.15744552253012642,0.11060872024886947,0.07204128930110824,0.15029003018331566,True
13,0.08561155765656342,0.15511278711831492,0.03826765749666269,0.152334688013906,0.12714445002262334,0.17289538934461463,0.021220855220953093,0.09745415045804585,0.06471075105536372,0.08524771361295225,True
14,0.0756239158814983,0.1656414888421558,0.04418588678736643,0.12223899828728799,0.20821124758894094,0.07891939835023598,0.021000216803869574,0.04103892928787723,0.11290750635651434,0.13023241181425332,True
15,0.029615759457700914,0.07954267181217003,0.174940864725502,0.13003503507977177,0.016058161400955166,0.07724321546968624,0.12195226261423572,0.1802349075589753,0.08419056128086577,0.10618656060013718,True
16,0.11747035553776003,0.029560810693288628,0.14748584540902998,0.08881813886021897,0.03169046502989496,0.06517828455965115,0.1565279535811369,0.0789769779423494,0.1381651417614272,0.14612602662524277,True
17,0.11869489912098176,0.1878956770727421,0.014390602356621497,0.1425272010419163,0.09306720085238397,0.07335838858876904,0.15200451696742695,0.08042372612430447,0.11220965637588405,0.025428131498969806,True
18,0.21849460563450102,0.05600098172507216,0.050809011190487294,0.2250258921442383,0.12204136675742079,0.029604706549716996,0.07924259586285977,0.15024241651638753,0.036570598077174325,0.03196782554214167,True
19,0.141612947578772,0.09040073659075626,0.03884295063907535,0.008865171361980489,0.026135777826107796,0.16482605367898084,0.018722761792919915,0.08489328997216462,0.22115482889302515,0.2045454816662175,True
20,0.026314386365694005,0.15980024729739795,0.024444116509690816,0.1360859203432807,0.1148791822452672,0.009048749271634534,0.017744364384335767,0.15800039025553736,0.21018365596871244,0.1434989873584493,True
21,0.07753773865697838,0.10596743688486777,0.08518867139208275,0.0774667410372896,0.0879548943282983,0.2378768167636885,0.15426844855938107,0.00955590728065025,0.0013781519979948447,0.1628051930987685,True
22,0.1356836123521563,0.002337558336888661,0.05970410336937057,0.12681046308493624,0.0638090241485302,0.16739800675623664,0.18733482632920706,0.0796387853347162,0.046608484689108026,0.1306751355988501,True
23,0.1597475435377276,0.024898420461676726,0.1569719881701486,0.04923735371701134,0.0997141034019159,0.11677772464699966,0.1206406370253987,0.15775431793135775,0.004048460722537483,0.11020945038522623,True
24,0.12262231287031695,0.07449622374604652,0.10529918658094418,0.07501646442468363,0.070128013207667,0.11786853848124362,0.12288781546711214,0.05649466011597274,0.14354595369175802,0.11164083141425524,True
25,0.140718957422486,0.13768908401985605,0.011358854482782954,0.008089315352130252,0.17490547889120517,0.2547036451454112,0.0239952806589132,0.021360769423114885,0.03144151256696847,0.19573710203713166,True
26,0.10215104117822854,0.15386992712413614,0.11930771639760075,0.0722953866347823,0.020975282205171426,0.10813813801394584,0.11469199006974413,0.07936325130536634,0.12326801510509384,0.1059392519659308,True
27,0.10157309861913116,0.06461300417265298,0.097323291884335,0.10572815199272585,0.112610202528031,0.15984928311557534,0.08650839357340005,0.08039588307056687,0.13070281873144401,0.06069587231213767,True
28,0.086371398135206,0.13368428758350784,0.11758049978118633,0.1395505057179077,0.08481644890991098,0.13063990503270762,0.02773174592666061,0.023014220944292667,0.14023599185130578,0.11637499611731447,True
29,0.06389294323987432,0.07584946045133069,0.11456313658935069,0.20388770038129408,0.09028716856593268,0.10170290398535624,0.08806850727582519,0.0068333307533554755,0.18990024481568504,0.06501460394199547,True
30,0.16738350773182287,0.09052249272129419,0.049384197066727045,0.021433197939157617,0.11967713005112406,0.16852610072331495,0.15396770170325796,0.012573910479593178,0.1108404786744332,0.10569128290927504,True
31,0.11409038104136456,0.1333602044098734,0.10582811501635674,0.03749128599225619,0.12871246987816717,0.025904092789277636,0.14012304478091483,0.15061536330220276,0.07833522086077292,0.0855398219288138,True
32,0.013779567840676752,0.10120809261564329,0.1597813401589116,0.0300839392538647,0.176800317775018,0.19715448933066881,0.1258842648240555,0.05239679383018444,0.10017406199543448,0.04273713237554239,True
33,0.21345909320175321,0.21116539688715927,0.0866255059699941,0.0065387993982729585,0.009192539226173062,0.07654696824351202,0.12764604099968863,0.061965797278147584,0.04709059790407844,0.1597692608912207,True
34,0.0491395070351834,0.033600307166967644,0.10712511139686437,0.16933537519717412,0.18341996991996423,0.011145221848040836,0.0681566061581367,0.06012971769214271,0.17512280795203297,0.14282537563349298,True
35,0.0840061654238912,0.1120364050586612,0.11508491002661689,0.18284556987902165,0.1101721791356234,0.03652243815534406,0.09033787559735591,0.16768394856490654,0.016340258097094988,0.08497025006148404,True
36,0.08827956539252321,0.08980338914914299,0.1443060760110802,0.12152135828519611,0.045717035502152524,0.05051145874684036,0.15502001628052067,0.15917737593558662,0.05739856106866846,0.0882651636282889,True
37,0.032424032992524186,0.14770267938595347,0.16201619282499366,0.12223550812993864,0.018677189137601875,0.07274909553385037,0.12570564198152948,0.04597873321131003,0.11464974562850311,0.15786118117379527,True
38,0.14092518316527777,0.007978562327227118,0.2067110347396555,0.08226412006244281,0.01697321888674388,0.015791461463059982,0.07308035086630886,0.1680588824984853,0.19494638944193127,0.09327079654886763,True
39,0.1285005232252923,0.005430385039588973,0.20117223890140068,0.03658181633077893,0.176810072075413,0.17820162395761724,0.06665100834066758,0.08593541121916884,0.0597629785867451,0.06095394232332723,True
40,0.12779950781242472,0.12456529988879977,0.027499061385133628,0.11500095404866544,0.005898673207140262,0.1371118532590155,0.16069361525233827,0.026231418979463784,0.1638394189419308,0.11136019722508775,True
41,0.09195993791863748,0.14664527951348244,0.06257636813466415,0.14189561286551652,0.003094815990947037,0.056794192243259524,0.14504371413974204,0.05051883312579406,0.1533836157302925,0.14808763033766426,True
42,0.05286444626424699,0.057615777506116087,0.0761647892316608,0.1455778306077053,0.13780945147288903,0.06460026763980287,0.12713101161529278,0.10709326090897212,0.13667017017141198,0.09447299458190206,True
43,0.16522193421953482,0.026164783891942177,0.015524030952223754,0.1789373255664087,0.02314164004436046,0.048509449873835264,0.19504542859127766,0.10121936322750466,0.04792975206802279,0.1983062915648897,True
44,0.15682252055077733,0.0054838999269938744,0.11159522104443997,0.045942471768298514,0.11409727636275596,0.15484336935789586,0.08930797193379597,0.14377353846288074,0.15118188630052737,0.02695184429163448,True
45,0.14681350668508023,0.09289696186967814,0.16350867432158164,0.12805299306506684,0.007272985309580135,0.10282694219641293,0.10809503475674653,0.0734041806652362,0.020464316222442696,0.15666440490817468,True
46,0.009991623981837016,0.05896631559261969,0.07840489687517567,0.16029854607681618,0.1490995333843392,0.04933409662423765,0.13830113455725104,0.16066720989648195,0.06619351281646241,0.12874313019477915,True
47,0.19457935447986405,0.019598082825199547,0.03542868863225661,0.16171800643364304,0.04606484722343983,0.12349495939657833,0.022295851015726512,0.18221365937030953,0.13583104148770306,0.07877550913527953,True
48,0.032693357598600564,0.17977297248372376,0.037519698690098455,0.052508027862296365,0.21788800838526895,0.04762579932943117,0.27149044294791325,0.07856983929379709,0.05925631179652052,0.022675541612349758,True
49,0.05768280580597925,0.06704559749538921,0.10187373238559566,0.1152600554203912,0.0619972904251387,0.1287449757564406,0.1372964179363285,0.13105391285270548,0.06729303691288796,0.13175217500914346,True
50,0.026020618033360816,0.13490957889031008,0.007321631244775693,0.19121789485317517,0.04775978962338653,0.039432701086104006,0.14480640508548798,0.007700150861162404,0.20282798652143288,0.19800324380080447,True
51,0.13742171564485947,0.03399678807138496,0.09712915861931092,0.12139469513980024,0.11056787533045413,0.1475003398059099,0.13817430362215813,0.07017528364977467,0.01796042551416513,0.12567941460218246,True
52,0.03343911957511634,0.07112875058851055,0.21091553254614026,0.18605628472889674,0.06963913190072614,0.0772328321783054,0.1873533693212752,0.030948956241085422,0.0015686803532847615,0.13171734256665923,True
53,0.14431876326399926,0.12574951348601726,0.1617342949735448,0.07295259456996168,0.13942056385925283,0.06744698977954078,0.019034773694386466,0.008902351003721389,0.1583491736784871,0.10209098169108839,True
54,0.1827890979236442,0.0917368642517702,0.09962184918139191,0.17751374027945072,0.08696375432199288,0.056545860215238476,0.10980773257050722,0.06178371202290996,0.030139601730823147,0.10309778750227133,True
55,0.16091633121214866,0.1335565108396105,0.13890560590243875,0.1176107261097948,0.17881784736600229,0.019125681536463966,0.0433144215006318,0.07657104688812613,0.05277261456912045,0.07840921407566268,True
56,0.17351387332249774,0.06435085304232943,0.06612722901602568,0.0951105561400976,0.15300150523263742,0.15796191710471452,0.07175101547918797,0.06895421714787331,0.1389762675069138,0.01025256600772248,True
57,0.0010290422117804818,0.19732306566479518,0.13528291041212873,0.15310434776240595,0.18971538451732317,0.02937386211564441,0.07026704610715598,0.007409708625028102,0.17161104190045193,0.04488359068328601,True
58,0.059470232402470916,0.024294592977119608,0.22262740461193287,0.013073658748650425,0.09366292725930006,0.10811788349016851,0.19503958190491377,0.0365446546298316,0.08282322658388584,0.16434583739172642,True
59,0.1274022972039204,0.12397272993458192,0.062154358001556706,0.14765425174806301,0.1160064757062734,0.14184234028564646,0.02156465138060575,0.09267732718704706,0.0499063753688283,0.11681919318347704,True
60,0.032573884642762535,0.12691155408905522,0.005950382277986282,0.11390622365326254,0.024365115058714495,0.037869736061713545,0.21167228562795587,0.12250484972087347,0.12519699938692708,0.19904896948074885,True
61,0.15004445698745025,0.14643956934282384,0.06756211569525818,0.018782829359736273,0.03814305472149338,0.17980611436730495,0.04858815628560395,0.15536889094431502,0.020304768054032498,0.17496004424198153,True
62,0.11469305077426066,0.17277287494970253,0.05538913399214723,0.14289492992341976,0.06444892965235724,0.1000019375902409,0.11059631839017815,0.033787260674667086,0.03415710452842525,0.17125845952460128,True
63,0.0018520336755655836,0.1910969624138979,0.08451328784690573,0.21478460821384132,0.13168614081027435,0.0693155542242835,0.02502144123389794,0.11717679290321374,0.07305436625172429,0.09149881242639567,True
64,0.11577687934725957,0.08332597042615078,0.14093484814975007,0.13908517406211063,0.09669970451914656,0.009371612890671054,0.12951844586708763,0.1630299645435716,0.08277929917604765,0.039478101018204495,True
65,0.050524561169821375,0.06307720417565525,0.14925992206822095,0.13691811136788692,0.025807722452981144,0.05412174813379515,0.09111257948132105,0.12617750520573193,0.15591967791565797,0.14708096802892834,True
66,0.043204446809787314,0.052373266703517884,0.0732530648999971,0.09039444330080243,0.09274770292019625,0.1768418939122797,0.14341406462106102,0.18677399931107164,0.004040442975185842,0.13695667454610072,True
67,0.07261260314954118,0.127345538691493,0.1193771658173259,0.05028711779062824,0.16465023444156798,0.17927716897422724,0.08443205385038431,0.02093216436070631,0.14041887359151414,0.04066707933261158,True
68,0.15311889644876217,0.0881761435190584,0.11744240561341303,0.012269581643174408,0.11285734741768379,0.0021783589102151173,0.048673569553505186,0.11000975143566576,0.19507438646062236,0.1601995589978998,True
69,0.11380980085593154,0.1420120778422988,0.09497166449999758,0.12542349927426358,0.048477688301708136,0.05503270382536489,0.14281414012940338,0.028987135640562132,0.12223067284975822,0.12624061678071166,True
70,0.14565277725690925,0.17338756280189424,0.026620496183684308,0.13428156206977165,0.040384778298199045,0.14241199081071484,0.0894124884916928,0.16197643133045658,0.026998608184092873,0.05887330457258436,True
71,0.022144643418468123,0.17676439966138632,0.05821043032672084,0.1228855784334906,0.14920306956764734,0.10909902746388139,0.04829415077127701,0.10329838785247918,0.026227407740771532,0.18387290476387766,True
72,0.10741549974998259,0.15196788494976401,0.04161378488919555,0.029072824861378552,0.20603390153771226,0.10174468535927136,0.14718505988325545,0.14971319093980467,0.04152849004131949,0.0237246777883162,True
73,0.18759421081422994,0.12301450484878503,0.05534479309400675,0.021555992799284194,0.10381532114134312,0.0984256633807134,0.18381482700135465,0.00871062573297863,0.04988260697340242,0.1678414542139018,True
74,0.04876119415629357,0.12301320521765438,0.15239099772451692,0.1003740763055829,0.11322895253622037,0.14427061267246136,0.03056896413187002,0.0866838534495673,0.15245268688398286,0.048255456921850355,True
75,0.03866887829814659,0.09287328159080603,0.13900268571669597,0.13102730919384248,0.04906832701919055,0.12175966776524146,0.0957079809090898,0.08340477128114254,0.07796792855409747,0.17051916967174705,True
76,0.14279652415823188,0.029854653180179047,0.056754087008387966,0.06515368392989884,0.02251581283278948,0.11369026923659609,0.15453035343526977,0.12496014257429278,0.18751533376866375,0.10222913987569049,True
77,0.07692337051525863,0.12360099397267327,0.11021690770559502,0.09803944234034195,0.08300376943971095,0.13836151324223267,0.1456112926838304,0.05434969416079446,0.15017829288246723,0.019714723057095332,True
78,0.04712194474993843,0.0649272874959704,0.14846665337648385,0.10195318684422729,0.006894646673631362,0.18074701646637537,0.08278110552571022,0.09002331898761971,0.16080670702270755,0.11627813285733589,True
79,0.13047474234034367,0.023031251761499626,0.13640124754856803,0.15235651350366297,0.15403378817231597,0.0725959993899163,0.02214203240645826,0.11449090564926598,0.08919001431442734,0.10528350491354191,True
80,0.0751887362103475,0.07725608254333008,0.1537016621915959,0.08498781605952309,0.09615063424641836,0.005379660079043964,0.10052043276637602,0.16221826924790625,0.12377215659887729,0.12082455005658146,True
81,0.08216683756481556,0.1444000057786189,0.14378084555299275,0.13828294022898538,0.12626557996280152,0.12915577252211796,0.005236950429079245,0.117970553463263,0.04306861331669822,0.06967190118062744,True
82,0.08411285792045431,0.18537044580061832,0.07814078734260785,0.03505539135258846,0.12171191067134615,0.03970153653765962,0.15513476206143786,0.16985754944106074,0.0605141702623102,0.07040058860991645,True
83,0.06805110446514691,0.0361708874988752,0.06477903527279479,0.12566370016450829,0.15819989006025484,0.18914909975171562,0.18522048383455933,0.11278615494867275,0.05552596608368145,0.004453677919790682,True
84,0.07912401463367258,0.1589988121136754,0.17020483689634056,0.062154657746884404,0.1454868983153836,0.02747920822779935,0.05217563458177671,0.007025756470866983,0.12614706889403374,0.17120311211956663,True
85,0.12217254732894324,0.08511753357626906,0.043071175106221195,0.1308507010641593,0.20326329668801868,0.1241447570612331,0.1735617963962628,0.08082744865801372,0.0160367503888953,0.020953993731983582,True
86,0.09021472137167036,0.10809685332822273,0.19085107518833633,0.11497429162148468,0.02109909928230578,0.13544625211892192,0.0231237481808956,0.1277112271709672,0.1253728127182829,0.06310991901891272,True
87,0.05926521406100403,0.16927207758561416,0.15467856317232268,0.10768299659045498,0.13423437098833255,0.08869207040934568,0.0654497624676418,0.05853863608359346,0.11597887939210688,0.046207429249583855,True
88,0.14202638544395033,0.055208584814411876,0.1467776715669926,0.09834785200124166,0.15012336791589834,0.06180110653758819,0.10765295243175467,0.01979254203097801,0.07235685592607319,0.14591268133111113,True
89,0.15310468538813862,0.1563640814959394,0.09440508148608304,0.10354634161931786,0.08064678605067523,0.15173190161683484,0.015133694847031929,0.12117399026436688,0.027097072230025963,0.09679636500158624,True
90,0.10776910941520544,0.21902015782320886,0.02413640677513011,0.021005027318358446,0.04797006723805939,0.1706029034594356,0.09158426797285149,0.15310848039157834,0.00344472571851115,0.16135885388766108,True
91,0.05973027272025187,0.1684995899153388,0.02237512232093596,0.015517083414505115,0.18534545336000083,0.12873287020614071,0.032764757234356866,0.11860146519495211,0.20067532793461368,0.06775805769890417,True
92,0.16186540483856857,0.14595816452506893,0.023674933126883037,0.15160945929944664,0.06884410864551951,0.008340966495801896,0.09085000804788884,0.08827291738343788,0.1337732373083868,0.12681080032899789,True
93,0.11612919363506426,0.10784395983497362,0.08299349909835188,0.092075093745508,0.1181901450825409,0.07166822011991186,0.12337018630187838,0.12118401261251735,0.057946960164990895,0.108598729404263,True
94,0.09422067731376875,0.012496799930587147,0.09260749062097265,0.12554234897478214,0.08753075155493312,0.027746242974861716,0.05123646444043566,0.22370741566985008,0.06410075230906512,0.2208110562107437,True
95,0.08169571243934019,0.1712832867365954,0.0889393810247748,0.10930775733932768,0.0071087732062548314,0.062419934636956755,0.16337600767352864,0.09028206866795584,0.14800117225324466,0.07758590602202103,True
96,0.002812909835031295,0.03254411583947235,0.00967403822678581,0.22406764054228998,0.0680951907974369,0.09378568884887448,0.10766141155320975,0.24071209549275205,0.04951167600414522,0.1711352328600022,True
97,0.026339602740921862,0.05971624053519659,0.16878246769768965,0.08070435303611251,0.09408436294555625,0.13003977244154427,0.1439281600825295,0.009030426731579416,0.14016648857209327,0.1472081252167768,True
98,0.14219551365403155,0.10993474596558314,0.17781073115257812,0.035604189378074746,0.0036731039639251143,0.19822091358412514,0.11921152127336761,0.053199518945774196,0.14676695436257522,0.013382807719965178,True
99,0.1921731034361818,0.06860138606913467,0.18320978864691947,0.18192549507374725,0.0060482353817208285,0.080736669649215,0.12889732318164504,0.03867345253749182,0.04493737738895262,0.07479716863499142,True
100,0.04983362335132965,0.11232818843255174,0.1467728173100403,0.0975779137143004,0.17147008648672632,0.02681371065386303,0.22643292049339114,0.13839070902262107,0.023323143939521743,0.007056886595654582,True
101,0.037327522206444017,0.1315504172773661,0.01584778456000263,0.14264822026885407,0.06884326152865644,0.07537046707290784,0.10005611461035606,0.14422167062106045,0.09471558108191101,0.18941896077244122,True
102,0.175133768020733,0.1455202338872992,0.12394560034861819,0.03478425976522939,0.003344929876497804,0.0009288405422162625,0.12820790920341432,0.0816795700499476,0.15798214550893916,0.1484727427971051,True
103,0.14787785413044127,0.030210198023618417,0.04012541717814412,0.006238435849687919,0.06481774324749427,0.1515713692337685,0.036655182560249994,0.1910721740201256,0.2091829243170488,0.1222487014394211,True
104,0.07921279827625323,0.01696330406271864,0.13095883592291505,0.11896727791161708,0.021451699274900874,0.050474184689539806,0.12212490167598368,0.07391338096352441,0.1846943829364141,0.20123923428613322,True
105,0.14907999856966644,0.07680217847723489,0.03113581956562662,0.09428363330854776,0.15391396336132368,0.08231254950776219,0.13516537304598597,0.024054838611694176,0.09738887544565944,0.15586277010649885,True
106,0.1709714266119655,0.1482512086525406,0.16522820452468692,0.10878678850692716,0.0988295283698276,0.17890370836427968,0.008877085227437157,0.04071144388935725,0.025115199200138025,0.05432540665284018,True
107,0.02987660688924389,0.13160025486501742,0.0789525917963507,0.1373519484074199,0.11966579584269672,0.10281485460608554,0.08957619766078413,0.11212130692694733,0.07202683411511643,0.12601360889033789,True
108,0.03719528648930068,0.1431333369299397,0.11716673141639138,0.10370179719924454,0.08711031886321823,0.06086704033456959,0.16573700428328375,0.09118957932667594,0.06653951781851036,0.12735938733886587,True
109,0.09032469234306355,0.17320364339972857,0.0465617408359852,0.10705072005153232,0.022941483353900137,0.1521993647743677,0.08169833335158241,0.12909412431983922,0.02694038067401604,0.16998551689598487,True
110,0.10216040060206812,0.07315794106296852,0.08063154822651705,0.18532333405048668,0.16240002581697188,0.02231028738055986,0.13395290807414587,0.01509511839712658,0.011163083929787813,0.21380535245936771,True
111,0.02679954988412603,0.014858377991441518,0.16438323092859636,0.17869347148961412,0.06024544497610748,0.002315236957511732,0.048072527549675,0.31252367701334827,0.06307046992703591,0.1290380132825436,True
112,0.11681627248220387,0.04608011229647999,0.04026980847299826,0.14758625658899505,0.02256865508073558,0.17631065306231386,0.1680546726646095,0.07737133407219039,0.037501380356816355,0.16744085492265715,True
113,0.008460465013785154,0.16484520923217855,0.12859679715606187,0.17000341787431875,0.0805944770558759,0.09333196170824637,0.08650732266350845,0.06938197980544981,0.1428527756072091,0.05542559388336598,True
114,0.18916377816223487,0.3063874077971127,0.02219294910236453,0.03678007176201132,0.055882789405093274,0.046412209730299483,0.1064414514857023,0.004409010991207384,0.042927054410074876,0.18940327715389937,True
115,0.016799288734639407,0.03329461517195472,0.20481685764072874,0.06385196874435704,0.017640914158938308,0.18267500694691255,0.10804600354017688,0.10947357779279605,0.04785033750450697,0.21555142976498942,True
116,0.08860669922334351,0.13957195241851075,0.05824658853533226,0.09147980896562265,0.025478202141772138,0.13399107608906588,0.09150519540919326,0.12554490882309385,0.14118406488388432,0.10439150351018125,True
117,0.18137881445387516,0.12410469953933392,0.1811782032021574,0.1123300885623871,0.012096861174247246,0.18677634139924335,0.12231606033212022,0.016784052372172897,0.019241277080952215,0.043793601883510544,True
118,0.14255702211582993,0.140265434811576,0.11318690255367625,0.11099164521558054,0.132022489853985,0.026558181538769817,0.05197970260750737,0.11417704657330566,0.04259254310099538,0.12566903162877396,True
119,0.0520254340338931,0.0668660285434896,0.18051502137412836,0.07268411314550817,0.12330933865205272,0.08900470345008017,0.1344790527721644,0.10579553630334089,0.10215285238955879,0.07316791933578382,True
120,0.12707871365638404,0.14764869982869672,0.0686431072985494,0.06048514856767709,0.16159893215785912,0.10055278462842324,0.14463302175854242,0.016394784798415326,0.07467908132665432,0.0982857259787983,True
121,0.21149264615000457,0.019371227761544197,0.02323659243963037,0.044198658517351115,0.1589229562205344,0.1433490969666493,0.04500500488862637,0.2253508071972262,0.12535383214565124,0.003719177712782171,True
122,0.04136396840970537,0.009724160096477199,0.31276754636064075,0.05217478132994133,0.05122617046157909,0.3008989738243529,0.021370120843806222,0.17714455052288774,0.003644247174591148,0.029685480976018384,True
123,0.04687105853120837,0.11321069225908174,0.0848125072723439,0.11317484096772286,0.13354719954523137,0.14677685719440334,0.13007408480212068,0.03612900555933622,0.09875951278348111,0.09664424108507041,True
124,0.013050597247860962,0.17304796540119213,0.053955993195903065,0.17204662478706428,0.12863819851002406,0.0929998369201925,0.023369973583041243,0.1876810565985127,0.11090537570884575,0.04430437804736336,True
125,0.13098718716972296,0.10727947252499409,0.06947555333055692,0.15401358889711428,0.06471372047243554,0.14890212954869878,0.07210520515637489,0.07947776896763598,0.013009144980067494,0.16003622895239908,True
126,0.09870195541223714,0.08850515882885322,0.09527402538635993,0.044772845368164595,0.07205250777940421,0.18544675547245207,0.03953448270785817,0.1626296935761678,0.047462207634695594,0.16562036783380726,True
127,0.0875852085112228,0.117982953706215,0.10314053744191784,0.0022024130874741033,0.1770153605019422,0.06385486790115395,0.19374385388344206,0.03937967873805659,0.07401427860241004,0.14108084762616532,True
128,0.0568240135016451,0.14817065095647153,0.10093899727218685,0.15066965948567773,0.07795169072751275,0.051854206587435114,0.13094724935964971,0.04781648414965495,0.10430912669437808,0.13051792126538825,True
129,0.014714651435319952,0.06253429626109068,0.14198182000588255,0.17788077941506383,0.03264738827044701,0.2506353345049554,0.15703870939356482,0.056829354054334015,0.028766680707570092,0.07697098595177165,True
130,0.013669368365128798,0.003969675185102314,0.1748217686430625,0.12880322184383333,0.16488323149560866,0.05604602278628137,0.1459108638681182,0.10755372620822932,0.06974275210520463,0.1345993694994308,True
131,0.01870789012986779,0.1856781659001667,0.1531223930517243,0.13013496554866932,0.00039494505864629063,0.07544800217534885,0.07001155168809137,0.06711685731226978,0.10076090156468913,0.19862432757052645,True
132,0.1073669789049255,0.12465018275513272,0.054295460268815585,0.051716103799920816,0.09394062486144758,0.0741670008017258,0.13116226410479667,0.1255493834012073,0.12008404731478452,0.1170679537872435,True
133,0.027463818738034485,0.15691033646176275,0.13089804264237967,0.11391945421582796,0.07403977378017673,0.07346229334818512,0.039749605360427674,0.0840675038016229,0.1441799062031013,0.15530926544848137,True
134,0.1428142374221997,0.09465071862747167,0.16843033136041863,0.019636619440458834,0.07973589076047549,0.01625579937915164,0.11051182008377024,0.07748223691120198,0.1252760592969053,0.16520628671794657,True
135,0.06658755614485254,0.05356143698195362,0.14306926645168375,0.06804776823096137,0.13356582858979346,0.09883901627213623,0.12884954978834762,0.14400954592150805,0.022208106188469252,0.14126192543029398,True
136,0.08715761706606674,0.06545986055549087,0.08735868700291662,0.10007369907601597,0.15299566836673206,0.12796717621534676,0.14979928768800468,0.08592017146108465,0.01173349391680992,0.13153433865153175,True
137,0.09024581617290259,0.027114224670745226,0.03219433490961216,0.04166786692050532,0.04854843224741778,0.23482860848199075,0.06295778081760481,0.1335331912758833,0.12039574661202283,0.20851399789131525,True
138,0.058234971631542114,0.11874576078534001,0.1714377724944858,0.12395813502037563,0.060508164472987916,0.12868429472753717,0.11985095758763961,0.0786250758698841,0.11318319040090802,0.026771677009299662,True
139,0.08729704305253322,0.07351219773320627,0.12773223670279235,0.12809089253794398,0.1268406377400319,0.084186353254948,0.07838203354005265,0.10471629216301469,0.11169863191361677,0.07754368136186024,True
140,0.04103894708197018,0.10855401462707334,0.04309231238161901,0.06138158368123412,0.20206619125095146,0.19364557324554466,0.0459796113906622,0.1018070539635125,0.018792601260978786,0.1836421111164538,True
141,0.08148780187579281,0.06560682642793851,0.10251736128148885,0.059897879102812614,0.1367362505896796,0.05921978614507437,0.09995325970739806,0.12740705183617662,0.2103836573722228,0.05679012566141596,True
142,0.033781910170637156,0.05696762421624702,0.11646658132012054,0.16057088735377353,0.1574209466619285,0.004609812131375943,0.1454964456409235,0.13044913581655557,0.02517796842209709,0.16905868826634124,True
143,0.12321025385237426,0.01649827208375894,0.057392299830508406,0.08364270575678791,0.022807645568813466,0.145422073084783,0.15827479317504192,0.11148732748978689,0.1330964224205778,0.14816820673756737,True
144,0.09003730283962837,0.11413664136255,0.17389005707588434,0.15603113191001608,0.17811723720950126,0.09636138854714062,0.05048440675575083,0.015305366420000122,0.09316309210388071,0.032473375775647614,True
145,0.041124699645531025,0.13535848062564304,0.13417493560876625,0.034416966142883705,0.1720240195975331,0.14426770176467,0.07067002794083536,0.057877007033353814,0.1506170267896312,0.059469134851152475,True
146,0.043763475075640206,0.01747905979882548,0.04731615211099846,0.12875852881863525,0.08487166986175304,0.0944687990316102,0.21162142118681698,0.15650825572407032,0.07747864661985068,0.13773399177179943,True
147,0.12591085209091554,0.08421144733799533,0.05736037391018832,0.1255931289910047,0.12965921870039152,0.14562328373309344,0.11307935909913631,0.061009349336912634,0.10277004117544693,0.05478294562491527,True
148,0.02814224792076825,0.1356798968447418,0.00028257876724969023,0.09843735251905686,0.18965418253640512,0.15646663339486291,0.0009278360142400733,0.06537260678452614,0.17615299997513875,0.14888366524301044,True
149,0.1162884086273378,0.039117682082872245,0.03291663686614922,0.1598029630677066,0.19460366135027293,0.20660181889558665,0.0361142323065553,0.0987428188742305,0.002667303827859036,0.11314447410142961,True
150,0.11432717046933472,0.17949380190283942,0.14727683190426766,0.04825019942705508,0.1266586415704132,0.1736383422775007,0.03454192273319616,0.0820866516877625,0.03895976740741587,0.05476667062021453,True
151,0.16589052623391992,0.010762730915069664,0.1156685305867772,0.09067458267833885,0.15389741798307466,0.12689424434188348,0.04856797183871812,0.19018725077008358,0.08124493028433492,0.01621181436779944,True
152,0.1286202376335789,0.016735907413000035,0.12014422716997894,0.09413420050513692,0.058234024160063395,0.2411399942086842,0.03779427060530915,0.030167170553123488,0.09272073136554666,0.18030923638557836,True
153,0.09287566370497663,0.14155461410142703,0.07085804609466555,0.11818248504535947,0.024548651471576106,0.060614931980881956,0.10087895518612278,0.06616364446152607,0.1946193254690758,0.12970368248438852,True
154,0.08647665618803334,0.1580592604958585,0.14901960830970432,0.06776401897790335,0.0801746106235762,0.04519999204225128,0.13817336979760522,0.18348542703374263,0.06792579140439602,0.02372126512692914,True
155,0.006752411103717826,0.017409628800713402,0.08816659164046023,0.1593487815059419,0.2444507156370488,0.07305934650879116,0.2532963802402087,0.05334184723437294,0.011306661954528896,0.09286763537421618,True
156,0.07442772203469818,0.11887029762985842,0.12215782006148575,0.04769602210492081,0.055653766254621415,0.1668459316223139,0.17457910804230511,0.03569545521906555,0.024110190382375028,0.17996368664835571,True
157,0.11424428585292701,0.186936444427215,0.1484645214830282,0.0184511506620831,0.1005547866464619,0.04346049166899732,0.022687127893493687,0.1810529934033663,0.013200580147457496,0.17094761781496992,True
158,0.15532485847438282,0.1600638049413721,0.06166104197755027,0.05258366811794748,0.13969932931461784,0.15744775665717578,0.013023306373367695,0.09647377057475412,0.08811268677942612,0.07560977678940571,True
159,0.030924021749670808,0.20913640363946712,0.012093615348709535,0.1737772506786671,0.1707707383171703,0.016035232735575906,0.08330372944094552,0.20380972099150335,0.002663680739036425,0.09748560635925393,True
160,0.07396662148584816,0.03696555949158142,0.17982309720328368,0.16874787960170573,0.25387922649195666,0.026597192228370054,0.018525944300968083,0.13410681069352917,0.08954587993970517,0.017841788563051922,True
161,0.18923401633499973,0.12128246725035872,0.24763979242119674,0.049006271973209385,0.1234829273248264,0.04743687092908633,0.05333214450957877,0.005902748138284779,0.07751219266570851,0.08517056845275074,True
162,0.15922669863348896,0.13574513330837482,0.05305644496195207,0.11111932754555057,0.18764145893881148,0.028980279112686993,0.0784801755970653,0.02883174909548424,0.0038775125177866474,0.21304122028879888,True
163,0.10440866777287847,0.14034986432154548,0.010350038105252639,0.08914117772822346,0.11879754906854216,0.048785713710872,0.07550712544603479,0.10355789112918802,0.14742229825684816,0.1616796744606148,True
164,0.10587482786006625,0.15619487817625408,0.1870744589670354,0.0020343583000186757,0.04317145385440993,0.20765424303069902,0.030397990225760993,0.09709120999349258,0.05488252663919644,0.11562405295306673,True
165,0.19418405659347085,0.1769558280948804,0.000990305606802511,0.02512290706346797,0.05408234551757169,0.07739751154541785,0.019262108973568903,0.08672881473445601,0.2696340031393271,0.09564211873103676,True
166,0.07677324323034773,0.15664691876694609,0.12500673498295348,0.0332627385026764,0.1198365019013955,0.12410104723008983,0.10104863998686296,0.09163420078266395,0.06767503440666658,0.10401494020939739,True
167,0.10131116688857508,0.13246512206244043,0.04779292069571159,0.12496138995200327,0.13338865181100054,0.04155757018341779,0.02421756990756039,0.1169484264827543,0.15235659841044255,0.12500058360609395,True
168,0.1674137710084997,0.10334093588359049,0.09270700967228936,0.09629410095639684,0.09053091385387778,0.11030711600385702,0.07600188046352667,0.16591070236861133,0.0863088465302901,0.01118472325906063,True
169,0.17316231750947303,0.11564443419807936,0.10025753988185596,0.1208344638105164,0.15566857863408026,0.052023488993580905,0.16394204912842936,0.022487745653239105,0.04683199349447683,0.04914738869626875,True
170,0.12179828519733833,0.11988711423876004,0.12597655809264682,0.18963860163834886,0.02107804399525849,0.044379888068257496,0.19497360656927676,0.007932956914694195,0.17308304913978656,0.001251896145632501,True
171,0.20228495771794472,0.07797436977218423,0.04877769380766893,0.0044136010507012866,0.22655179549233706,0.0870551755602621,0.16807277356500344,0.026604427486088374,0.0005053359690940694,0.15775986957871588,True
172,0.021791630276725284,0.12500537885734522,0.000852690214129986,0.13337162441590839,0.16118075387124223,0.15036399454810478,0.10538191061378277,0.09295924287027285,0.059641877254385044,0.14945089707810352,True
173,0.12482377108365204,0.05238340886159349,0.11238224347399164,0.1594689320349505,0.1572990383640284,0.10454545903861863,0.009875400513267909,0.061036386085593426,0.13398971578533342,0.08419564475897069,True
174,0.07115372908357977,0.04527814348850077,0.1253288319186744,0.12051735995519086,0.046626133828928676,0.13028112162951153,0.125577579482071,0.1448295738704745,0.08358357236960595,0.10682395437346259,True
175,0.10105682699760198,0.08796045701779479,0.02074224450217895,0.08760650370793813,0.2665705632279375,0.10485211731391463,0.25081275100681316,0.040113433349132546,0.029061392974884682,0.011223709901803757,True
176,0.17701139194319587,0.03271578143404182,0.20654927229165596,0.050538239587632934,0.07305184271116971,0.03157694436156958,0.17551187175775612,0.07054589071903584,0.10493758616232335,0.07756117903161884,True
177,0.056298549381978355,0.039296268599110645,0.13306568965854448,0.09704803591920541,0.013195571425624053,0.23652463066258572,0.14396333826758678,0.007915406465261926,0.22933742923621933,0.04335508038388322,True
178,0.13380775530910716,0.04069261237163677,0.12989098836600377,0.07944696896477346,0.029127907968801506,0.008795789265368925,0.13409566972962592,0.10815324275300862,0.16729046523838764,0.16869860003328632,True
179,0.05863620096056336,0.16408809559947546,0.03062710629695174,0.10605415789164611,0.11265150294811996,0.05816391338949114,0.17724724733221905,0.021687267185519138,0.08341301356539318,0.18743149483062085,True
180,0.09809833631760362,0.04902814148578171,0.08007972857449122,0.029298644370405136,0.09297480138048152,0.02917831164572077,0.10727437047249938,0.20420603691885877,0.09086128256633168,0.21900034626782622,True
181,0.0003809690797448443,0.12002583021174548,0.019810674678616393,0.08796505790502435,0.17723587550077233,0.09732387404184882,0.1220497679991023,0.18365364066792772,0.15907500578225553,0.03247930413296227,True
182,0.14850377193652606,0.13037870221492318,0.04895662443230872,0.12718600876679304,0.020636992212768556,0.10740975559591512,0.17709834164941987,0.038296182876089976,0.19749679041700696,0.004036829898248538,True
183,0.005119396895733813,0.11067678774389754,0.1142884873709006,0.06702277592486686,0.07488524377075856,0.13921988400842158,0.1254832437230584,0.15987690423154077,0.04048073280444407,0.16294654352637775,True
184,0.015172065137121405,0.25039668157887024,0.03205507102614366,0.025525305962244827,0.026626527425388277,0.09988088172695676,0.10819690704435322,0.000544429885819378,0.19465108520777985,0.24695104500532228,True
185,0.09043322215142048,0.06580397688129634,0.1366675638714647,0.15969844386557625,0.0658628914296887,0.14067486421123832,0.15032439841097991,0.0766059920864118,0.020978456177998855,0.09295019091392477,True
186,0.07312965184327565,0.07227277617082901,0.1463141940203799,0.10432506237198776,0.056337536585918696,0.14173305944828937,0.17470259974359073,0.11002032464192896,0.0856970988940145,0.035467696279785514,True
187,0.1421528998428029,0.057945267228697,0.0410184003520613,0.16556847480515627,0.10750433234837353,0.09055277140701133,0.06977409822795086,0.13476232015378892,0.1451771289702739,0.04554430666388383,True
188,0.047183407848220525,0.111703846524475,0.15131977803064675,0.10888525435613183,0.17685979615932942,0.07474502280753115,0.1873540167154785,0.003150113559271996,0.11352012738236562,0.02527863661654935,True
189,0.09420158843572243,0.08112427844375586,0.11101100182216059,0.08615945805515608,0.17785751777496756,0.08163537971853972,0.1442277229993484,0.022462535583117595,0.03525244831567827,0.1660680688515533,True
