ID,strat_res0,strat_res1,strat_res2,strat_res3,strat_res4,strat_res5,strat_res6,strat_res7,strat_res8,strat_res9,alive_at_end
0,0.0888427089138484,0.009251865996164498,0.30852203380342824,0.08559070549056842,0.0030661538537731458,0.04150574426627312,0.07818423012015006,0.015483874220800671,0.1274435034042405,0.24210917993075284,True
1,0.12612126092886145,0.0432327168203852,0.10171686701445858,0.11437417281658385,0.15429852906251434,0.169685257494132,0.18250599173389004,0.030910576208369227,0.03754495576700517,0.039609672153800186,True
2,0.10132268898801539,0.08162321649349219,0.165661839485201,0.09454589398812928,0.008757442563323604,0.13426863500855474,0.1518893435148714,0.09875573715327697,0.10872302855736526,0.05445217424777011,True
3,0.18422132652510628,0.07623477964395138,0.19559192653922983,0.0625843859284318,0.06634850027926485,0.14599292204808142,0.10526035304683785,0.023856082248363865,0.12722828138813727,0.012681442352595404,True
4,0.14091612592045463,0.08005318055555773,0.14814046585353877,0.01612000859659081,0.19778971061214076,0.17574186180210344,0.00870239407648957,0.18366935265715012,0.008851680967221307,0.04001521895875289,True
5,0.17815829867736666,0.05930097827217118,0.14593212372428613,0.12717741291652881,0.08532614806563003,0.007286994696124247,0.15063138488155584,0.014166581304360923,0.09124800771770734,0.14077206974426898,True
6,0.1317354093781894,0.0892037719284172,0.09126439112902822,0.09570470076281341,0.00042455704803749623,0.13231409105255823,0.18618018450097606,0.08562285699506232,0.04496021899415704,0.14258981821076053,True
7,0.08640950461872039,0.2060839172844557,0.0046569538766849765,0.18761253975162342,0.058742726546161465,0.07666578937763326,0.06807915608045263,0.10840830577111157,0.0822362103459275,0.12110489634722918,True
8,0.022034294304917507,0.029558930185532975,0.11356641730468847,0.232696568047269,0.1581277432240896,0.0943806413731873,0.11957212468114028,0.12781389561124704,0.10098267895937486,0.0012667063085529287,True
9,0.14008079523124842,0.1228406060392814,0.10259015258392734,0.033177697304736756,0.07475078753650363,0.13213049411937952,0.03189310753651336,0.11139189149241732,0.16705601263939812,0.08408845551659419,True
10,0.09392943035257123,0.12212977189763924,0.006207072696953429,0.14214409117689064,0.08221345306647561,0.11623572081236865,0.1307079739041259,0.11050413746970686,0.14067278830648902,0.05525556031677951,True
11,0.09607611743394867,0.0798874874119253,0.08531263250362182,0.13393146832786346,0.07118629274477077,0.012000977964459614,0.08667697589685537,0.14233267703753735,0.16188715450640886,0.13070821617260878,True
12,0.03770252029243267,0.09342767459182881,0.10770258369042492,0.0652021688144676,0.10240432308768527,0.14925722563727464,0.11712057224810563,0.12645083944304675,0.05567241915276842,0.1450596730419653,True
13,0.027316914810558972,0.1625417690067718,0.13026066386657217,0.04552628080807114,0.1376073543487191,0.06421991474291375,0.18494476697726253,0.11667122165389708,0.08106160644208407,0.04984950734314933,True
14,0.12936083326450593,0.09569547271378315,0.04930019374879928,0.07951133884738217,0.12694598057116896,0.027593479112707035,0.11914048904247784,0.13171910450553548,0.1120268093297766,0.12870629886386362,True
15,0.018809857404826606,0.10035855432821425,0.20227306295693281,0.012468454340301534,0.13436102532767683,0.031753557210730726,0.16471750631820675,0.060584817753898595,0.1869906225696602,0.08768254178955177,True
16,0.04643455266116327,0.08674101728436492,0.10117214656964599,0.12070092246691118,0.028015837177699364,0.30249908327187414,0.0853059804432455,0.008364139920048455,0.1906902162303719,0.030076103974675125,True
17,0.14870514361832923,0.168337069720445,0.05979325932697523,0.07271252073785832,0.08439938712416796,0.11098654719054481,0.026076060857113368,0.14700974466347277,0.11099245459749077,0.07098781216360249,True
18,0.027477260770541904,0.20633800200314387,0.06528131826501704,0.05652498841519306,0.09420488994322651,0.18668859077124417,0.2038635509575487,0.052697496900243154,0.005900538143708477,0.10102336383013302,True
19,0.016397360810775537,0.17661600649282316,0.156614608489021,0.07248858371448105,0.07851040686399843,0.03997627472811499,0.16088808315664524,0.11946063397957546,0.059107561997803836,0.11994047976676135,True
20,0.14638244260784503,0.18423698867725158,0.01728132319280881,0.05648910853393799,0.19597885975271276,0.11080721002248645,0.10113160088285315,0.00399003051130412,0.01539438090334168,0.16830805491545842,True
21,0.05394071853139468,0.1219439540635787,0.11901066552648035,0.19403761949608067,0.11579873796669007,0.048211638700339406,0.04219759200559361,0.01319038128667763,0.14553826079252252,0.1461304316306424,True
22,0.09622576393055068,0.07734429866322674,0.11001098422372421,0.16232540960660563,0.08924692433483451,0.18146208306619369,0.05578146823678604,0.04782942266310848,0.08312374397422645,0.0966499013007436,True
23,0.1066466031808911,0.21841342809236688,0.05229830321055514,0.062388724512027725,0.0692186112201005,0.20023639540568886,0.06787396880524205,0.16951290019502058,0.0018910596455477588,0.051520005732559486,True
24,0.10665061716569577,0.009807586329269919,0.05920447918252153,0.15248546139416363,0.25601863127403973,0.006471486302679371,0.07776191559843244,0.05441752582568911,0.21891814102262097,0.05826415590488754,True
25,0.12331732581452572,0.11830107289723706,0.07991481363809545,0.05258692293815704,0.08502046652135531,0.19982150190675077,0.11688054301656939,0.054842876197755006,0.005347849871063598,0.16396662719849067,True
26,0.12387538155812049,0.1205444104389886,0.09582399940250132,0.09856134933493672,0.13041402364327256,0.046226650558301635,0.09252933254046818,0.09764459078425837,0.06925582603053171,0.12512443570862036,True
27,0.17129121722357687,0.08978214842607997,0.04956659418842966,0.19674122394662086,0.1784172725601875,0.12456409058548884,0.03508665229043445,0.07296865326815824,0.0028444877279251027,0.0787376597830985,True
28,0.023469252206681532,0.22865442312943202,0.05643955818711632,0.003422907823332532,0.01610035257893727,0.009241270790272949,0.1823141308096601,0.22089059208275383,0.19295695367938628,0.06651055871242727,True
29,0.005925937842562012,0.2140200721126267,0.18816461346718216,0.13247093121977924,0.07626240117470001,0.07315336928339748,0.0416202754981886,0.17821352704201257,0.05392450383763154,0.03624436852191974,True
30,0.1203741497903392,0.012539065747336516,0.13575779588687947,0.15132183566889496,0.16507451043770893,0.03347912212855603,0.01890186190269403,0.20414420775351455,0.10782433140620784,0.05058311927786836,True
31,0.03720523381229825,0.09900354837227703,0.18436800150188556,0.08407585441461733,0.12750356517829906,0.03505910266383095,0.01951077494448009,0.19177341964098607,0.14809346658758937,0.07340703288373636,True
32,0.08783872061355816,0.06294016215438375,0.2282657778884123,0.02688902074126053,0.03961624725008364,0.000695537517350639,0.12033817000488736,0.18413489145034836,0.1484740774349617,0.10080739494475363,True
33,0.08313930184930257,0.13467593723151633,0.09724454811827139,0.1495319466754005,0.05132510435669916,0.0007954409502217485,0.13261964374374616,0.1638573527524814,0.11209599077681248,0.07471473354554839,True
34,0.1373307054321844,0.058640901058979164,0.06287513804204305,0.13783029259648372,0.17539561846844037,0.009348160519597675,0.18649071361858652,0.08717638740545074,0.12945622845965807,0.015455854398576318,True
35,0.0035730038501527034,0.0038199863872774922,0.07503863230486445,0.2224485580551851,0.029973083658311604,0.21114100921612716,0.12578249485783435,0.0610017888188421,0.10404565875694001,0.16317578409446493,True
36,0.1301090671811269,0.13173860237084709,0.1442335478133417,0.022061238736707112,0.09403407568159,0.042858063772033876,0.16067815503900168,0.11728279376190304,0.11191395636497609,0.04509049927847258,True
37,0.10719903625792333,0.18752226374769904,0.2161336354843403,0.12783304109361943,0.05638002831090111,0.05516856679219176,0.1252506634802687,0.017872142903915703,0.056352877746883724,0.05028774418225693,True
38,0.05692776770524401,0.06073339100896273,0.0820503250923462,0.09034905743169838,0.18709905789037642,0.18938192267469117,0.1373132233500676,0.05712188729753633,0.03349732183064462,0.10552604571843259,True
39,0.1447592031948016,0.05501625407071242,0.0688185647800545,0.07267293100433861,0.1680164288674293,0.009414055406152921,0.16626646045421148,0.14187962013908845,0.013791403133490712,0.15936507894971993,True
40,0.027112167741726634,0.17063423579265244,0.18805317039240577,0.07453513488101761,0.11163292032669497,0.06758813651930719,0.030474445812672245,0.10543847192090554,0.10135735771147622,0.12317395890114129,True
41,0.08853050962929396,0.10524062409944004,0.136176857403966,0.06813873128680502,0.08955811942754247,0.08756560259724928,0.12309577534306185,0.08284807947622354,0.13301085660985854,0.08583484412655933,True
42,0.1496363059065679,0.020732193781780234,0.029287261347758563,0.10867819601973466,0.04438144311472922,0.0030162834707450517,0.19088980717710577,0.10735202123942228,0.180906190057421,0.16512029788473542,True
43,0.03791919757819527,0.04813713041658711,0.14693874186711564,0.11021964987864132,0.17071078548019236,0.030729986456085517,0.08559599005954728,0.034616589085018364,0.16512349599742543,0.17000843318119163,True
44,0.09476341248326214,0.20682287052621054,0.07319332994236004,0.10159758182825697,0.007580451452273466,0.23512781683858403,0.13557023140284166,0.060810254349233935,0.0508519345210226,0.03368211665595451,True
45,0.08686487713789465,0.12528832267859727,0.050664936774842406,0.1967776802246333,0.1816657588845424,0.12889686241425616,0.011923696412331156,0.024128424003589218,0.10555332032315995,0.08823612114615334,True
46,0.1657352781966839,0.034640788785046533,0.09199984502851685,0.14264816938323135,0.04989687755695596,0.07596168657655734,0.011818678737275165,0.15704460483560073,0.15549465413438454,0.11475941676574773,True
47,0.04983520353234843,0.10787176849031574,0.0491301060703632,0.052379515238267935,0.10510960436832179,0.13307439791407522,0.10937256615153777,0.12261729920863446,0.12787801817314262,0.14273152085299284,True
48,0.10103334034081775,0.09665142980522659,0.06346430977691146,0.11128021729653549,0.12721875497073862,0.10572716272393233,0.041972196109988806,0.08384745481663208,0.13440116996204368,0.1344039641971731,True
49,0.03216841529450376,0.04720004259571578,0.11956374036931082,0.05758598666212372,0.11876124764438077,0.19674335340316002,0.01516208678814881,0.08890669025860666,0.12884735691185947,0.19506108007219028,True
50,0.04600380257131637,0.150310833838949,0.12408258310244619,0.08410692648062021,0.17754740768388994,0.034575558671248,0.07345034604557583,0.08352386186318543,0.15972518943489963,0.06667349030786952,True
51,0.11101140566497492,0.166971414220134,0.14191120664754994,0.03305043403670018,0.03713689631452583,0.18946925990353655,0.11770743698408262,0.04171699571793201,0.11113616193809539,0.04988878857246855,True
52,0.03485092047156698,0.07341783387482262,0.02853467503932751,0.18377584961422286,0.04818478944734319,0.15173134406486577,0.06338095927708608,0.23505728994013436,0.1047788667081325,0.07628747156249813,True
53,0.09984237866554171,0.04286135807038029,0.1495882825023956,0.18661647229087808,0.127731407980029,0.05215320381010106,0.17498911893974475,0.04461603462779427,0.086556327203423,0.03504541590971233,True
54,0.19286815822478395,0.18077954602513105,0.060783420081689535,0.16442822272325586,0.11840897047153046,0.032589392326473364,0.01637412172682867,0.08366733432503147,0.13790874328698696,0.012192090808288756,True
55,0.07753737360731663,0.05973671807755396,0.11395808812095266,0.14666612748257576,0.0028089259232307686,0.19542862092300117,0.0019443781275782768,0.12881373460155732,0.20484814442675478,0.06825788870947869,True
56,0.16155791410119585,0.06764387418993908,0.1504444402236944,0.08009272771771327,0.033131188294197825,0.03186343729711867,0.14155249424661234,0.1494914335377996,0.07375049540611643,0.11047199498561242,True
57,0.17668939173396522,0.011669398057192285,0.01558890673909253,0.07033200250517348,0.13388352776169504,0.18252585259062595,0.04388568373589392,0.07108411950409553,0.1577118814454892,0.13662923592677684,True
58,0.039330737004587994,0.02523393602681249,0.10875275084499635,0.126515599354683,0.14780267621542484,0.05887665998774723,0.13555072083596323,0.1148817073292406,0.1552086369360302,0.0878465754645142,True
59,0.10899619763766004,0.12443748878615431,0.08987541722259224,0.13117258408782675,0.0561298620428864,0.11041043810254351,0.134349658202877,0.07864722820169166,0.0941884626649118,0.07179266305085634,True
60,0.06566795250580268,0.1911618014615976,0.027539609953952538,0.037064946944866485,0.16040278716721415,0.1394125646015534,0.005659474655706453,0.11175316128718021,0.1878986579445073,0.073439043477619,True
61,0.14402204743029473,0.13793479595370148,0.18593276571098558,0.13814740216024096,0.04994586882223005,0.07289023319254806,0.005974456376643177,0.10794167688174032,0.10187477339784974,0.055335980073765896,True
62,0.13447639715632748,0.059597250072163266,0.025785262047156948,0.1703726206400377,0.14200547716206766,0.05038502472827701,0.028850640060716887,0.13881199802392483,0.11725045339250276,0.1324648767168255,True
63,0.10953268863729805,0.014438029946475153,0.08393882943539047,0.1126951938298556,0.12702508147054306,0.06496550838896191,0.0927688236484718,0.12892323559075797,0.1352578887460259,0.13045472030622027,True
64,0.00586151648220798,0.07692091132393176,0.07885985002604684,0.1562413102660642,0.10079014403965253,0.11496036237567582,0.21111989534081949,0.010596222205974164,0.16348441967297567,0.08116536826665141,True
65,0.029421819314535892,0.08643987605512692,0.1044817730745973,0.08484237230605036,0.19701732002900568,0.19988549967468888,0.09820317769945056,0.06611221460916043,0.05037231370413494,0.08322363353324899,True
66,0.056227741044868565,0.12547441416977476,0.02838881341518732,0.002462735204619423,0.08650211398614535,0.1779269120097213,0.0372678930391493,0.2007586557674242,0.18269397289658787,0.10229674846652193,True
67,0.1321772530265266,0.14248359973156366,0.10486685711025645,0.09397041213017124,0.04257755879972349,0.06821969369756199,0.10794063890012823,0.1360055042192509,0.11424144438665633,0.057517037998161075,True
68,0.00952839665131977,0.004435273564306187,0.0940598697562481,0.14704971284251303,0.19861247307107438,0.15619909700328796,0.0789227656747518,0.09082751607799502,0.012278360835606957,0.20808653452289672,True
69,0.036761937630608234,0.09533115362571255,0.13960498916661837,0.14738067011172068,0.11969094043154055,0.08495206232907668,0.06817150402273119,0.14980806104928365,0.14562919235815364,0.012669489274554361,True
70,0.03719471185941006,0.23933252985781645,0.10603694435132327,0.03400314268394351,0.047423280088838594,0.19447818314332443,0.1774775773095872,0.03071867284548914,0.1252723735600928,0.00806258430017455,True
71,0.09757212263835681,0.10308421864251191,0.12921402832762333,0.18445104030573528,0.04283930712692325,0.16899843244246748,0.05593431732966312,0.04841640295211364,0.0842445408441894,0.08524558939041578,True
72,0.09898447186685091,0.18462443837987758,0.09950827870762197,0.17715939254563884,0.15416798519143302,0.00932211036421359,0.10049697684925989,0.049054675532927895,0.06811365153157002,0.05856801903060624,True
73,0.1604842843170907,0.036829638309009566,0.06803495091275495,0.0012307617442798109,0.07580196771747624,0.11153196100926781,0.27999288447098336,0.02212839322532583,0.12628265589869334,0.11768250239511847,True
74,0.12387190252595012,0.1504557846992394,0.008983352769922272,0.04021404152181875,0.17162254961094775,0.043823508245063036,0.01286504841237805,0.16266272283121763,0.16741832972329526,0.11808275966016793,True
75,0.12122226292359478,0.07122493369041341,0.05468508417801263,0.094916255030133,0.16954727047199072,0.09366736159229656,0.06259066279775523,0.10631439354260869,0.15108089380135964,0.07475088197183533,True
76,0.04869363593333012,0.17866153138849727,0.07699660529201954,0.1292309447752822,0.16395839051561586,0.03489496537186663,0.1424214531803162,0.008239077324618625,0.121067938399909,0.09583545781854444,True
77,0.06672335316259567,0.07212865531454556,0.15877705566594877,0.04228657286034543,0.0700254529250238,0.1516419619261098,0.11613720359847768,0.15206109272622756,0.1285572598369782,0.04166139198374748,True
78,0.08803248956626586,0.12663828556302392,0.05900554969015869,0.21958831515034924,0.0057582863911658354,0.10173094299908372,0.00636511807999313,0.23746455538231734,0.03369589303526883,0.12172056414237332,True
79,0.15183652513565135,0.09131127707246083,0.15253376650553244,0.08736085304632903,0.1395140521453649,0.14477416946900676,0.01081672363195599,0.11878825440556072,0.09614116886389741,0.006923209724240678,True
80,0.07384310682028186,0.11242003417617685,0.10072510584025517,0.16340386548941319,0.10156940463176556,0.020666897431096273,0.1089212355120422,0.03069539351372835,0.13455641238510682,0.15319854420013385,True
81,0.05704907515356987,0.07871109471269679,0.1598116967004286,0.10529119157141094,0.08393872925054997,0.1499914510074325,0.05230611852842837,0.17556125751861223,0.06822799142655647,0.06911139413031421,True
82,0.016406290242564577,0.10394513733309971,0.01980981265075068,0.18345925898634005,0.10963987725227628,0.1802536537269222,0.03671500227682375,0.23610495934187825,0.023579053566226204,0.09008695462311825,True
83,0.1763298798528683,0.17934269730008165,0.11363213473011682,0.011478999579276271,0.01088229620845997,0.1376478741873537,0.07869384697477759,0.09364525017523008,0.11902683557248846,0.07932018541934699,True
84,0.022304978283420835,0.0700427758921559,0.0745702705209675,0.03307158670107598,0.11472273212851097,0.2131668938887179,0.1629606992034285,0.002095855973510104,0.15393462256177765,0.15312958484643457,True
85,0.11145603929486765,0.1317198731802162,0.09381693045783597,0.0025553148407500173,0.12354409564751614,0.09745400349462618,0.12714323548295928,0.1169875815434137,0.11965039774410893,0.07567252831370586,True
86,0.16100647981330182,3.108447996339209e-05,0.031836355093888234,0.12051799317355699,0.12172194250205354,0.05926381406881553,0.10299696578823456,0.01416081260570365,0.20859887614923653,0.17986567632524567,True
87,0.20852218288813634,0.11812030943351115,0.13290014711269083,0.08991750912462539,0.015993736628568483,0.08769530370045665,0.12445798981804043,0.12313440736555205,0.026185507353948933,0.0730729065744696,True
88,0.07877842538205233,0.12468814297955949,0.14955967308566662,0.10142492514527117,0.09631458555101528,0.011552541778958357,0.1053458412854574,0.13897711456692682,0.1278708112329976,0.06548793899209493,True
89,0.12347273550425898,0.04894390558790628,0.12103007626035778,0.1431523180191222,0.09718035760204878,0.11149272664649856,0.05283677151866504,0.11401894356654034,0.07153408220747376,0.11633808308712815,True
90,0.1414285348508415,0.12894948937996542,0.002596732847664944,0.12511281354858175,0.11930407209952777,0.09947693596457809,0.07505590298588635,0.09706569906563425,0.15443460737037096,0.05657521188694906,True
91,0.20010092366151355,0.09302029564883559,0.1332066819744393,0.06142784801237459,0.039588920964781366,0.09613965153271786,0.020020253860995194,0.03975957852003636,0.17587446031549292,0.14086138550881327,True
92,0.04268749079016388,0.049130509411357284,0.09572183378056075,0.15313963366595038,0.08678223274997435,0.15985650762891096,0.1370724827360105,0.05882020889330846,0.12452126770820222,0.09226783263556121,True
93,0.11317215927343122,0.10476848092633509,0.10950202930912849,0.08164019327568452,0.06378099301177109,0.09504935969375594,0.2098181263546745,0.06815999442296268,0.1252537420570142,0.02885492167524219,True
94,0.1413978899816498,0.14970698684469516,0.16129024939173112,0.06970048833068714,0.08049523982359162,0.10340155498648956,0.06609526719338282,0.17868835902275773,0.03505939719365147,0.01416456723136354,True
95,0.15753018347120396,0.015124061050733516,0.036101790047995776,0.11530417106352485,0.18387646533824037,0.1877752408563019,0.0004486313310492182,0.11218847318413869,0.17974400300922028,0.011906980647591405,True
96,0.017034467864123083,0.13664509496760632,0.12786758284991867,0.0877379331316871,0.16378314268488375,0.12608135831128653,0.15541613219990494,0.10396068175299646,0.028854691928498714,0.05261891430909445,True
97,0.015401423259742359,0.12171598739383209,0.1055231178692594,0.15657338103070262,0.09377066878704222,0.15570442777853066,0.14605651330715205,0.12765362131200467,0.05979122359152218,0.017809635670211797,True
98,0.17650781570319438,0.18395679784848074,0.15678099783144608,0.0843688605670204,0.0063206944259627295,0.17641580958488837,0.09756550257894558,0.0496405306272963,0.023106833239985917,0.04533615759277966,True
99,0.0013665668909503472,0.019702180948610475,0.006326856066587672,0.13031927411042096,0.11891945058446453,0.15511646051562403,0.20905327217635336,0.11477860242428972,0.07793347737540822,0.16648385890729073,True
100,0.041983027068662235,0.06632994845936278,0.05717279230440548,0.049519009682805724,0.12563243553836573,0.1495076822370139,0.014948133121849443,0.07647934098937079,0.23282253852195173,0.1856050920762122,True
101,0.009817885558494338,0.14397548022723303,0.12430427017207175,0.033521752352407425,0.12055460472755453,0.07205841826236903,0.13742291052050085,0.10499560779947072,0.11118522854946258,0.1421638418304358,True
102,0.00317376009786517,0.08002661579917635,0.07004499679623016,0.09696912900416223,0.19912344049306197,0.051698544146808245,0.02154490073160602,0.20461357699041033,0.08999557649877489,0.1828094594419046,True
103,0.19267915192284055,0.09344722657346402,0.13089181585503876,0.062166540201382764,0.06787155357545736,0.1914742576772294,0.05340266626055496,0.12150320986463635,0.056604473925303496,0.029959104144092173,True
104,0.21898175035130057,0.005559681305037811,0.1712163254277369,0.06075499296411124,0.002222808784628735,0.00023743612758457137,0.08241148647504416,0.18394017280456257,0.14019119377882533,0.13448415198116812,True
105,0.09802024564969167,0.11269665298313908,0.0036864989054227254,0.004124698790572516,0.1959322738245728,0.268913888207929,0.12205447939561029,0.046753068862488235,0.09442001198242765,0.05339818139814599,True
106,0.015436220444682545,0.1243256065994987,0.08977703847087896,0.02356036573740713,0.011375890420521008,0.18485513717153165,0.12111903800589509,0.1790168948361274,0.20434243879506914,0.0461913695183882,True
107,0.1390666863709195,0.002502108207836262,0.00708373808305342,0.1557383228343395,0.18919383968178127,0.10378168160916842,0.11626278551427982,0.0678029306559703,0.10429350070013307,0.11427440634251844,True
108,0.17573872965620052,0.08348029675492194,0.08963414914519519,0.08831093223391388,0.09437296068160882,0.052023615834858865,0.05107593776096057,0.04874623049589119,0.2096817548622619,0.1069353925741871,True
109,0.27962526200077825,0.07203820018979988,0.05439435655936628,0.036360681739072045,0.1582129061831348,0.11070369876240836,0.005895030415576608,0.05301915220387874,0.15788762209109702,0.07186308985488794,True
110,0.13324042073380715,0.11547089652030648,0.10784366471716895,0.1279809791097131,0.1671433994684084,0.11432946883280577,0.0026262892308566307,0.08498440151030423,0.021163024535971044,0.12521745534065828,True
111,0.08801288299610627,0.026507934725094353,0.21159073237163023,0.04400601855560683,0.18297198364795264,0.0595365781299956,0.096918733264021,0.16006030790417128,0.058699690670721824,0.0716951377346999,True
112,0.1349476308131676,0.13119418737039734,0.11914040256735842,0.12235510995116701,0.08650575672314313,0.12422461108787802,0.11094241775524405,0.03546363517968059,0.04440575672200469,0.0908204918299592,True
113,0.06365917897692486,0.01847033656120564,0.1862978735798307,0.17103279871655147,0.011483304684148349,0.027267829454152005,0.19962715635533793,0.2346883605076064,0.061760576462221356,0.02571258470202131,True
114,0.08599374108278905,0.022378125044314634,0.07382047339365179,0.18755304360149774,0.07554727821822682,0.20261181586594945,0.03175400322468899,0.1045728305224675,0.00828885950038407,0.2074798295460299,True
115,0.1545376265756484,0.029014758528594843,0.07561689301210651,0.17846431741213423,0.022921366225490823,0.014149449158538557,0.17171215140685586,0.1677878311844462,0.060534880154277965,0.1252607263419065,True
116,0.012629328815428107,0.1531479863634867,0.18423261628218343,0.14915774274500543,0.11107085312792163,0.02505478070991869,0.12471043565700192,0.11214674422403537,0.08544137059323649,0.04240814148178227,True
117,0.15185977290765093,0.1845793434592343,0.07678710835019613,0.0010916281800808182,0.012776216359791516,0.09299149335750012,0.0692627516928454,0.18091827891735257,0.03961293574262927,0.19012047103271887,True
118,0.07651067655191016,0.2282173122412011,0.15198601092903458,0.015545828643664555,0.020393289952851824,0.13788940200173672,0.15048014298004106,0.0974219203123362,0.016396120986297814,0.10515929540092593,True
119,0.1337092605182114,0.08690432922934592,0.011276729839785418,0.09004398051034625,0.1759219593046739,0.0838334636598764,0.012681264907429136,0.12077814884125006,0.17731915941438148,0.10753170377470024,True
120,0.1112666366500636,0.036416648664210426,0.20261016600975373,0.18889731141365643,0.07312569158353088,0.04914344124920786,0.20096597393419555,0.0814703096529047,0.004548349533232026,0.051555471309244705,True
121,0.05566034235446768,0.10780076872262685,0.10814255368967808,0.15237926598555723,0.14759121618004525,0.056864288091119215,0.07111125960586652,0.007953343753395622,0.22600950924536037,0.06648745237188336,True
122,0.14564453499414376,0.04589387020822287,0.07260973615084393,0.12254661457401526,0.0708909198694222,0.04937458262183251,0.09872463472109429,0.1464037564081216,0.1737842956866387,0.07412705476566495,True
123,0.08789712534881243,0.19333970257796643,0.018629744899520066,0.033836810337003045,0.19285153549647277,0.1617799261937216,0.031466690826980455,0.10604372150407967,0.0760749118175516,0.09807983099789201,True
124,0.1428918652182893,0.11177052962960932,0.1550632619761026,0.06356840225340472,0.13773415612869974,0.029526145601897157,0.08587857196172338,0.15117010894311889,0.04360737505774413,0.0787895832294108,True
125,0.14237033051985,0.15019800558494173,0.1489520055763182,0.06763129881566184,0.01819711082469666,0.04485166756569539,0.13113736316077917,0.1006322953287476,0.09513195939697686,0.10089796322633245,True
126,0.08750720722469632,0.0816141009964735,0.12723989165664673,0.05772591958722157,0.0749043716406051,0.11251883991362974,0.11228180729678361,0.0901582791817597,0.09882782715347824,0.15722175534870553,True
127,0.011769729287437938,0.14085154678738723,0.2804426367505276,0.020793663463258033,0.04372607080844948,0.1788664517645245,0.040694767445729606,0.06301224524776335,0.1682888625031864,0.05155402594173574,True
128,0.11241873778296059,0.14598731084433936,0.12208631863336473,0.11586088044459242,0.1063406459784756,0.09022498888848529,0.06933127121520023,0.05622995489175394,0.11960973157735935,0.06191015974346858,True
129,0.057667592298296134,0.1431547003546355,0.10364704987225334,0.05990725818895181,0.10471930132323079,0.11460029072650538,0.13858292891566223,0.02596707826661024,0.09669564902804971,0.15505815102580486,True
130,0.041252510882034216,0.15675285884141785,0.04626633786171179,0.11214506706824012,0.03963095979653126,0.2108334073407113,0.02349574056158957,0.21809421900760798,0.013125293659314056,0.13840360498084192,True
131,0.1910307272673005,0.1824478853783888,0.04772029080586014,0.09092796803874875,0.179693838917749,0.16929108601040385,0.07279943000556738,0.049960484841586,0.005004423064339033,0.011123865670056358,True
132,0.05307107539295986,0.017041426126107324,0.13510603318869885,0.046621600309444775,0.055734615565884264,0.12962659161253876,0.10125713869294424,0.13158376296145316,0.16018139714155405,0.16977635900841467,True
133,0.03168062927654663,0.13283100903889947,0.058383255382849684,0.10003750038777742,0.07611524860067533,0.05485133618191227,0.15348899943399066,0.11886581447669739,0.13563395425950792,0.1381122529611432,True
134,0.0889534453677773,0.17750376099058263,0.16774591549537524,0.037038528676636304,0.02294251613160995,0.03559788834874184,0.06263398506963377,0.17167119769434247,0.17377129392112084,0.062141468304179555,True
135,0.1399944893229429,0.025790032499354028,0.10175636898544584,0.1117504219500143,0.12226254397201528,0.09013571753425743,0.047281410851645014,0.13838613372203948,0.10319259878001687,0.11945028238226892,True
136,0.06883145236459852,0.06521276261813909,0.13422430737804206,0.09607231248405872,0.13613918825487423,0.11504608843841281,0.047819648314830224,0.04729932097375433,0.16008058337619177,0.12927433579709813,True
137,0.04254042790994862,0.11144441252730652,0.014589625148641318,0.1886537351783265,0.097598758869325,0.16338532315431492,0.04450922247096843,0.2065695872219557,0.10528013991605698,0.025428767603156037,True
138,0.09892792804438356,0.014903254265517302,0.12450487907361643,0.1841346270887527,0.0608819530351045,0.06334478015953557,0.25482895639510056,0.00017561868636924968,0.19425277149658574,0.004045231755034464,True
139,0.12680342619852938,0.07952850225481622,0.12017378166840657,0.1299810062317988,0.0875662113801497,0.11515834323141926,0.049754073615935555,0.12768984409320383,0.08695820898041413,0.07638660234532654,True
140,0.0924477461847337,0.10124935663172652,0.1543483562837664,0.035172085549202925,0.07398122719732417,0.09441061084486838,0.07550795456126205,0.1583530466193691,0.06233156765405719,0.15219804847368942,True
141,0.11776691770797802,0.10044428537595615,0.1025535844350692,0.1001561198867188,0.12378750788098991,0.11133959667569326,0.0501940708015457,0.12341914301271228,0.044590539040581315,0.12574823518275532,True
142,0.06700753708103234,0.14688966028119754,0.07295375411036202,0.16792281044906213,0.045207965474109116,0.15532546725104932,0.08171569918721731,0.1418341895681066,0.0010268556026762523,0.12011606099518753,True
143,0.1504010037798679,0.1993780519539659,0.051002654412829036,0.1682775733256888,0.026574214384421257,0.15641141917563875,0.03495773473682117,0.03340835002907159,0.17493518667983776,0.004653811521857634,True
144,0.040870140552419554,0.022793992694323754,0.06695950826692644,0.021095757424788298,0.14639482908390192,0.23875742334868877,0.08926888475170504,0.15783075451817036,0.05313600615166085,0.1628927032074149,True
145,0.024115710014241395,0.11382567389879414,0.1717012939483344,0.02561043838147838,0.02936747063688185,0.11602526500985866,0.12669008458625783,0.11265095825008244,0.15210175048259267,0.1279113547914783,True
146,0.17099001748325893,0.10969656232217823,0.1615334129365033,0.09871672723269619,0.13601948930882085,0.04698339023785267,0.017053315651850236,0.06130249928341972,0.13696601226896685,0.060738573274452985,True
147,0.017093033366705333,0.016754321440534195,0.11377369391941859,0.1195615904833162,0.13983936950936707,0.1595906071008637,0.14830215788061524,0.02318906767858974,0.1454080884885497,0.1164880701320401,True
148,0.19242129494250987,0.06750473742333525,0.055245618660180365,0.1418662436373841,0.06709754607211721,0.06401657846440731,0.05933243621461312,0.09779834039710361,0.19898508570696438,0.05573211848138473,True
149,0.15829561226794006,0.1098203796185962,0.12934785405239604,0.1577996786473241,0.05323946088505998,0.06217645964832247,0.0360271810459377,0.1724566516603242,0.004685033813300179,0.11615168836079906,True
150,0.0126025892797467,0.2069543246089241,0.19548547032265878,0.23623401009872555,0.058725211594451154,0.03565552179230553,0.0030211235885492294,0.16953563963483656,0.054194836011405144,0.02759127306839733,True
151,0.014954582939418135,0.1322307868741084,0.16353108722208637,0.15187127930526195,0.11672264582102125,0.025985275795973976,0.16880075528173596,0.08752477161048665,0.11796470083091319,0.020414114318994165,True
152,0.10584597549277916,0.015274146605882354,0.08753707954625475,0.11309773852509068,0.12821848244791484,0.06892502333424062,0.05239736728927866,0.19755541158362652,0.20746755318930626,0.023681221985626083,True
153,0.03542750928443637,0.14398054277019715,0.14235019471537527,0.1687263782799744,0.1610755337384917,0.028701689266264235,0.012047584302900443,0.15307647571406754,0.09741301740277214,0.05720107452552078,True
154,0.019875667484642184,0.06878490829875078,0.14636300162552746,0.049225678327326855,0.04105276402128933,0.20524381248460757,0.15192859768272257,0.04103084909988459,0.15766422422416984,0.11883049675107889,True
155,0.08878902123107768,0.025164436662448535,0.14116073362281795,0.056477150008363446,0.10769679408669353,0.06881361379368843,0.07528025506715541,0.25154617514972405,0.1700526488790266,0.015019171499004324,True
156,0.19445463243472735,0.05511582359074013,0.08696445119741941,0.1685856394820359,0.12839535225937052,0.005128455940236529,0.10611128965078583,0.15768398108816595,0.07939743210184755,0.018162942254670595,True
157,0.18086471729819545,0.10842209668987886,0.035885437749338236,0.007406176784599266,0.12580169972459884,0.09080957053955617,0.14133197509613565,0.10750048638195835,0.08440841547071945,0.11756942426501966,True
158,0.07192626826184052,0.14487282662971615,0.103864094783315,0.08473558901073279,0.041192481510129414,0.042272677354055474,0.13934291923951517,0.06648168806177579,0.1843085249854944,0.12100293016342531,True
159,0.025169401329689565,0.044920863581314224,0.125679164674202,0.004035076294072783,0.2006953249295196,0.09689494171898864,0.02290646255728163,0.2176014152028798,0.19554837373131093,0.06654897598074071,True
160,0.13600909857254032,0.10094623222481235,0.07461554142782081,0.06616338130665304,0.12771214336453307,0.14637968098942347,0.06936885866792994,0.174137620505928,0.0908557893927812,0.013811653547577837,True
161,0.17547543304445626,0.14343438099129951,0.01834292825858877,0.14948564954392965,0.08212569647572461,0.16742807797450102,0.05906701185233938,0.015973864608716238,0.08899590374904048,0.099671053501404,True
162,0.060530316261677895,0.06558220544748532,0.03350863833638571,0.048878653017838995,0.2063307948163159,0.03168362214473295,0.1472496294808314,0.22531348361580136,0.08676093982418648,0.09416171705474408,True
163,0.017271142559491238,0.11539748288136283,0.10161875585576792,0.17342321241511088,0.12727734811225735,0.0977463788295809,0.1332071026659388,0.036551856902570914,0.13815535391815842,0.05935136585976074,True
164,0.09233989644340064,0.11392804617148979,0.14424408357397864,0.05764577106963275,0.1413154591008952,0.1372233968580608,0.08449636229235268,0.13570132993288292,0.009733512082153792,0.08337214247515282,True
165,0.17412758444505727,0.0048702282053473345,0.11335132769551357,0.1297369979842751,0.13036360572490024,0.02648904210894638,0.11793848653954601,0.1641913778966464,0.004499109199790132,0.13443224019997763,True
166,0.18027919851030857,0.11092833170012932,0.15625901256837638,0.181447583508034,0.1073455764118636,0.07181344246704668,0.0357200402379443,0.034408381087425305,0.015786029907818612,0.10601240360105327,True
167,0.06960062123486077,0.1778806407329106,0.09666537672189326,0.04070659746083527,0.013827447012912948,0.05884867199540212,0.08659373256748695,0.17064816207476022,0.09049202425324814,0.19473672594568986,True
168,0.06886886627551964,0.11000469423299195,0.0005305207946975983,0.12414389501314031,0.16948024166839615,0.16257048535638471,0.1037983172687481,0.006792693553096304,0.17142697284488545,0.08238331299213973,True
169,0.10502885928740122,0.04364652521322285,0.14449288560230109,0.09841139902044195,0.13214112364055214,0.0707430101641124,0.09902706000073729,0.17036684412986267,0.01589744248979135,0.12024485045157716,True
170,0.021302134326501486,0.03911966424180391,0.15510153915711314,0.08023637271415,0.19266290271396563,0.12462587058021926,0.07905402889448608,0.05710122637706986,0.1823363262765185,0.06845993471817213,True
171,0.004220890358702713,0.20353072816133438,0.011595006420005412,0.2006440006323769,0.00946488977636456,0.0036629089365272684,0.11674580373262412,0.241469101307973,0.09088962159552207,0.11777704907856955,True
172,0.16744903655319654,0.058024113510380775,0.07739169268710461,0.03454390747669744,0.013165014847889284,0.20291040693873327,0.20135781437376896,0.027515437305433172,0.04730396205531944,0.17033861425147645,True
173,0.02035270686204863,0.05868361519382795,0.08869394964378224,0.11646318432362929,0.21073970221923008,0.07269877665752981,0.15748703362097938,0.010517618628474558,0.1976298559582268,0.06673355689227134,True
174,0.11239469083430904,0.0792625558805453,0.14269813207700613,0.07161936047167475,0.09433677294709901,0.11573236274882091,0.05696067891900221,0.1483031365864004,0.1043003240693034,0.07439198546583885,True
175,0.15091501121709341,0.08272673556891505,0.03709898095918999,0.11069676641365193,0.08589568999638422,0.15395193365028725,0.1224966626601011,0.13460842926595037,0.01780367124041965,0.1038061190280069,True
176,0.007021784881606674,0.16972265735678324,0.11704446295259327,0.11170225117274125,0.0504322343284719,0.23828010211499626,0.10629088615062687,0.09900914921626808,0.03862560601751279,0.061870865808399726,True
177,0.11764401262899521,0.18788955181759887,0.08321055454206235,0.10995203805068471,0.05983666748951735,0.10769173633999585,0.09832388044782721,0.1515692826732369,0.008234514455480858,0.07564776155460058,True
178,0.011839162697575614,0.07949525682511908,0.06623965560677342,0.1178829026330846,0.10807041002951544,0.049789773170286336,0.13572381403412886,0.1792583743385761,0.042521373785444266,0.20917927687949642,True
179,0.01914865472745482,0.0755093468407006,0.14611030592011637,0.17194472945709202,0.07121445517295681,0.09819058102309694,0.16922661581798695,0.019563622616755948,0.06321338517376854,0.16587830325007105,True
180,0.03508559845684097,0.1638677544950746,0.07045241613882504,0.07902221330125529,0.05657420592183595,0.10902065933834071,0.14738343713454286,0.12648733503805834,0.0361623932089686,0.17594398696625757,True
181,0.06501075096937318,0.09903549770478699,0.1159771902034657,0.1649327203207579,0.06770161964350968,0.1253850485013943,0.06055219107534007,0.1255089280724802,0.0795321608181687,0.0963638926907233,True
182,0.23296044247846615,0.027548938933215236,0.027950658864483304,0.13440592517156724,0.04993771835750641,0.05448501525940335,0.003177136892071661,0.10912160915659973,0.127784721749127,0.23262783313755986,True
183,0.14822784439119222,0.062249454302707195,0.1554037704334643,0.10750000408151152,0.014768629280016857,0.007948838127317037,0.11636637512880406,0.13737575833868484,0.11168006682195715,0.13847925909434478,True
184,0.1153869413730555,0.07678300441695439,0.16372651651194933,0.017852188692234195,0.14452975613139246,0.08553857757887946,0.0753192140817813,0.11597549889624877,0.05452255281848619,0.15036574949901846,True
185,0.13063685112724824,0.0590909235251948,0.04870307305907425,0.2945435120461292,0.14140769764245453,0.11232193698151882,0.014592739803694979,0.06727929372153653,0.0028942254153304222,0.1285297466778183,True
186,0.07190443129752433,0.09103056409249691,0.10396370781651873,0.16353335495785712,0.024361108145606266,0.15924203718649887,0.11644123585699981,0.06913439706125087,0.14575678847959178,0.05463237510565535,True
187,0.07039362884225889,0.13258105908493314,0.08358795885006605,0.20686050879354165,0.0711289169388065,0.09991404536652174,0.1913460524482898,0.11801142109433573,0.00849326096999927,0.017683147611247133,True
188,0.01658377467308151,0.08625877822692118,0.11684517413164963,0.11655147785193784,0.16134931563174387,0.006162797895334211,0.14507423423962637,0.10996448057569347,0.11788858430614324,0.12332138246786865,True
189,0.09760529596930759,0.12057232038937836,0.13271649726788526,0.062477090197130776,0.11439110128287121,0.04521785015706928,0.00794753085796064,0.1556710965254841,0.13106937699229093,0.13233184036062184,True
