ID,strat_res0,strat_res1,strat_res2,strat_res3,strat_res4,strat_res5,strat_res6,strat_res7,strat_res8,strat_res9,alive_at_end
0,0.012991603236974233,0.24747411592631835,0.11266010364830437,0.1300823305361396,0.0968881034840724,0.15325627093707309,0.1440485749778526,0.05093800711365166,0.018881375607486206,0.03277951453212752,True
1,0.0560944943946784,0.21097568656810234,0.12827498676484328,0.06688403428283725,0.1227835293652735,0.014391019699686012,0.058348802663683454,0.016969524968311066,0.1557447225330408,0.1695331987595438,True
2,0.1078697865718923,0.13309956938047596,0.10129635988582601,0.12090079197571339,0.08278714376956967,0.12769164240806652,0.06482105843034251,0.10653378566128197,0.062064809466364765,0.09293505245046685,True
3,0.2158920708692857,0.0680228793313679,0.05482194042114239,0.24009676801483,0.14357030904316342,0.00880243108631616,0.14332198833271795,0.006544961979899609,0.08411090392125328,0.03481574700002348,True
4,0.038255132381298566,0.052425425077434445,0.0994696485858757,0.07109062483156306,0.13467075938876039,0.09455142459566018,0.14714456320295463,0.12487451220610808,0.11985353950063164,0.11766437022971328,True
5,0.1493189495488835,0.0939041377672209,0.17512477972176432,0.040976324001105575,0.055967846013696504,0.09736753107245755,0.16447755819152185,0.033882277857696465,0.13773886600307123,0.05124172982258199,True
6,0.1840237210003078,0.00039629621828970947,0.12217438396215051,0.02185596239068667,0.1853074927920456,0.21109360507290723,0.058170268039791036,0.08252436787202427,0.05747290703697474,0.07698099561482243,True
7,0.08321808265624629,0.016276113251049353,0.13506380862150172,0.046069373436575196,0.12729532735227259,0.08123219193751118,0.13733488616253436,0.16007958362149644,0.08073488136947302,0.13269575159133987,True
8,0.07298596504185266,0.05543334953769836,0.037499895997561414,0.15277355662120376,0.20754402833241117,0.10413238804784043,0.12084216949272289,0.013818542260768273,0.20181415820335502,0.033155946464586174,True
9,0.05012232169570333,0.12523298426795884,0.02672834521025682,0.12716689936137904,0.2029645375251431,0.020457402953035688,0.0923177934806891,0.16935172001684146,0.13875490017542785,0.046903095313564916,True
10,0.05085803800156821,0.0838327763455508,0.07363841360065068,0.07205437276877956,0.1231824819419591,0.10318188487991603,0.11174592407802789,0.12556764475278248,0.1317608170648515,0.12417764656591382,True
11,0.037639503036109356,0.10109184347153595,0.12622497214345926,0.17495733539706843,0.07710763018097416,0.026134564021428466,0.0245916133530908,0.15500892811359043,0.19442578871027025,0.0828178215724729,True
12,0.08320210126768446,0.17297582969503492,0.030480653069207372,0.11610762266209994,0.14569983618468488,0.06215922959607631,0.08786957855899866,0.0337766402766181,0.14929025965637766,0.11843824903321765,True
13,0.12318924098062761,0.13096324984120045,0.08417710363906936,0.0514503921447098,0.16007730546598725,0.15445728130934291,0.09924217893142337,0.02886591853140972,0.03814253116400955,0.12943479799221994,True
14,0.05174204308249215,0.07415777177231017,0.14512995512254656,0.13902527011661098,0.11816524145969419,0.007051759871355665,0.15610064278738,0.15515093549692688,0.1462707138833087,0.007205666407374813,True
15,0.11861265229259398,0.1570195331393683,0.11789125020053645,0.09418497949060961,0.15313954894346574,0.16266444076934755,0.07120216925083911,0.039645411648438704,0.06013492230088624,0.025505091963914275,True
16,0.1441888693336492,0.13200104138022,0.09084791550572335,0.10567548887472195,0.06303203972529538,0.14805701889072195,0.11557600208382199,0.14678668089863658,0.011623193276240477,0.04221175003096919,True
17,0.15310826662084193,0.10326837449249636,0.12960843672990802,0.05729068308111479,0.1600834412913189,0.00975792003556889,0.09206703883833031,0.05276476859260638,0.1029476964811866,0.13910337383662794,True
18,0.1296407510807927,0.05231439815402531,0.06680488090495448,0.06678255393448272,0.06934500672170796,0.11588070693200272,0.10795470686893212,0.12399588186008428,0.15638775547111713,0.11089335807190052,True
19,0.14203112510848373,0.13203443597119077,0.07456222294900579,0.15343812133640686,0.12166570222796645,0.06109616013746146,0.030134698612656125,0.04670411640211694,0.1298098261802588,0.10852359107445321,True
20,0.033412840427558356,0.0025122496765841544,0.1459481449790384,0.07350887550036438,0.02172349926199997,0.11165052368016934,0.1159256790280884,0.14421212082517904,0.16449637610524392,0.18660969051577386,True
21,0.10611819473752168,0.2399944954872317,0.2248070029989019,0.1361171929131869,0.07976339005297929,0.09705947033275165,0.03268855636983288,0.018872127086442547,0.04325771702366019,0.02132185299749103,True
22,0.14972865946271469,0.04368530581780697,0.038737767003490436,0.13671083821890223,0.07271210059485828,0.11886496344908382,0.13286489980523988,0.14073278078287096,0.013130192287323143,0.15283249257770962,True
23,0.15775520337585158,0.07818970163486007,0.035532716459502525,0.18833857084729008,9.574152250794291e-05,0.1817773874240826,0.14524196275711507,0.061942018201958826,0.04801225648313003,0.1031144412937014,True
24,0.18613748159416063,0.1245870447969581,0.05296785177339809,0.10575267992117138,0.18376042115402907,0.0009609582516372952,0.1311890785514474,0.03905917974553913,0.17275049860049962,0.00283480561115934,True
25,0.1545207608164625,0.0637492207666888,0.17328159987184644,0.239626330555463,0.10063390371630293,0.04243913964774477,0.16480922571848652,0.037232952724701354,0.021757396527391563,0.001949469654912173,True
26,0.14602882732624312,0.049418746515636415,0.011393328967744587,0.15713323194238857,0.22278991281514177,0.10183329284975597,0.023672603456221124,0.17287760657422585,0.04949964119473303,0.06535280835790953,True
27,0.03392666449026092,0.024975250936087608,0.1639096827198576,0.03122757371520682,0.08149658799636862,0.05837635375062994,0.03713030510262267,0.14581904589872136,0.2349887511801782,0.18814978421006628,True
28,0.03899699605720562,0.04004676429414413,0.09418081922309195,0.1618007778206925,0.07686508643270616,0.1263516957273801,0.1656216944251692,0.14253111672364924,0.08008680368240556,0.07351824561355559,True
29,0.0946849105856038,0.13107966363022971,0.10577115411060875,0.16444804814847003,0.001608335417016972,0.05480857278247309,0.010228551023333324,0.0844055601126714,0.1810379409733946,0.1719272632161985,True
30,0.15125100204939146,0.08446660021321933,0.0784849386568767,0.13169633533315625,0.09700733206963391,0.20302535525510193,0.01656769813479124,0.15578072341900157,0.03903186212628485,0.042688152742542944,True
31,0.18388588282461066,0.09074989953599372,0.038255938628389864,0.1150653438753508,0.05574570477425522,0.08771631841652788,0.022092071920137415,0.20771737516000974,0.10924211952710737,0.0895293453376174,True
32,0.1215069396049185,0.02719302178979301,0.012119340653845945,0.10330608557246647,0.15972593187126702,0.047271196492225734,0.1312361922818859,0.18596358438570496,0.1366323761992077,0.0750453311486848,True
33,0.009301637184403697,0.0915357169601293,0.008994393556622146,0.23971787128534755,0.11753403813839028,0.23321097803264257,0.08736234444768111,0.14657755431557878,0.014022462965881038,0.05174300311332346,True
34,0.01684965421699923,0.03269837470445208,0.10427935574145586,0.007714434062627934,0.006423606824075071,0.11114200180762096,0.28171130084820295,0.21026895536779477,0.1647270350874985,0.06418528133927266,True
35,0.142338850165911,0.006829092089295505,0.11834801205167043,0.18410075380959076,0.09056663250734803,0.15402985687653414,0.021755056492073252,0.060333027199344136,0.1017111644497178,0.11998755435851481,True
36,0.16193373672423766,0.14851811808201024,0.11090398634754743,0.056869708063109876,0.007138792876029792,0.08412729612204516,0.015471112378499846,0.14885675350703848,0.15646335273311537,0.10971714316636602,True
37,0.13580666069746636,0.10805027940710756,0.10073748962997259,0.13871101542958972,0.10961336083190647,0.04932231729967832,0.0861528473104827,0.11613387122697781,0.13038974462584627,0.02508241354097217,True
38,0.1708985354436683,0.07788802950196688,0.1573152142877986,0.03331569568436904,0.013595318742445532,0.05092284806328858,0.16548129797208,0.09288503245430574,0.08103958606381999,0.1566584417862574,True
39,0.0707288703302373,0.036099516230777014,0.1693922307395931,0.1395178675910062,0.12361809163964671,0.14136119700112,0.008805168990719503,0.09430771153118135,0.1789119065845714,0.037257439361147386,True
40,0.04809398003333188,0.15981245433673272,0.16653811186683995,0.027104486732834474,0.15587337043251306,0.1397041336797504,0.10073977490104193,0.04392241737587375,0.03089770513948554,0.12731356550159634,True
41,0.13206562267723565,0.008841208252557386,0.03403898838353653,0.04260670806423794,0.07772393894938753,0.16857272165395978,0.12491885273501781,0.16152016531493008,0.1498340520501545,0.09987774191898276,True
42,0.03525287135987914,0.05802560664814694,0.1502121953429418,0.1719651638109724,0.0010112697813056393,0.04411659420200765,0.09959235137542002,0.1653178163817209,0.16522647590508954,0.10927965519251594,True
43,0.013458538772977492,0.1576769409980848,0.06550093681183208,0.12596958320971033,0.10619172987533278,0.14865108633513902,0.17726564986901333,0.08352675195620855,0.08992596598265085,0.03183281618905078,True
44,0.10925023228031344,0.10196954376158458,0.16495354328330553,0.13468706057815813,0.01257089528429406,0.06960574148404802,0.15061076563382148,0.027227139551369184,0.05039179384028448,0.17873328430282112,True
45,0.04504878059631227,0.17100115749770647,0.08916452385595917,0.1522512685355583,0.06393544491235878,0.15492518862403531,0.03217427931687853,0.05801896718614785,0.07523099215913155,0.15824939731591176,True
46,0.04991885310058879,0.10481454350731684,0.05328715842454386,0.1548015754896193,0.0851169998967851,0.17623968878105709,0.08498471909370373,0.12627666904651505,0.09694658319411961,0.06761320946575056,True
47,0.06401395246642157,0.18025512852519576,0.1042324514760509,0.13591909269843258,0.0032473662175376873,0.08045164755335805,0.06744886661648813,0.1582514829940635,0.08489736658488438,0.12128264486756722,True
48,0.05473598723122772,0.10989215684757464,0.02272457144615179,0.015099650042315099,0.05753753696832667,0.29376127686726644,0.18699847962378846,0.11891577885129713,0.08151388510113564,0.05882067702091652,True
49,0.09935407027957838,0.12126821007197335,0.15204738850740257,0.13045659732981876,0.13306881006334836,0.02525116108915283,0.10891884586746182,0.06648098925553302,0.05039100049948577,0.11276292703624526,True
50,0.0854126349833107,0.08318567985270975,0.140589809894017,0.04364622778156327,0.0005696125096264235,0.11432178848289337,0.12483287151469978,0.14419959657701412,0.1110664511178101,0.15217532728635555,True
51,0.13422248721195174,0.012191420295276168,0.057353673733856914,0.161253033617168,0.11714610574026811,0.17359413924503012,0.16190660102904914,0.04227244682477693,0.012817116323232677,0.1272429759793903,True
52,0.2289828370500147,0.01708474763205242,0.03560513198595395,0.0387346252345847,0.08013252228007578,0.008871014646949955,0.1041590000404006,0.32218996256213556,0.044311526612224116,0.11992863195560824,True
53,0.07742512767373626,0.12358300003473675,0.12151803844738039,0.04701429502430393,0.1398175788609028,0.134232361249704,0.04483690203171347,0.06574776204431029,0.09541533416801694,0.15040960046519536,True
54,0.06630512457165183,0.060326999549054794,0.11582047267448152,0.11657937602066089,0.11691124487363784,0.11807920072200478,0.12421859972373148,0.06952588327882067,0.1457880776451085,0.06644502094084756,True
55,0.11569505575945929,0.0023683616984883846,0.04753465740364188,0.13351545620321678,0.16932285109519418,0.1495926735191869,0.008048378642230961,0.09234830988979119,0.11817630420068237,0.16339795158810808,True
56,0.07138954807767604,0.008775237381237347,0.02218145553792494,0.1603493541626994,0.021363371001426244,0.21542319155229026,0.0994368553202781,0.09945671337421855,0.0706068282910618,0.23101744530118712,True
57,0.05305263376936235,0.1623331485859751,0.1330309776463763,0.035236785412408614,0.15236714016593486,0.13269742049644817,0.07943341938473407,0.007421499260791459,0.10301673187893538,0.14141024339903357,True
58,0.028502959781422945,0.2067519106276641,0.021775331597352784,0.22051397907957282,0.05799316741712048,0.005715893742630953,0.13795614454783645,0.1423248006797168,0.02423824359218211,0.15422756893450063,True
59,0.0009728114346760278,0.00785460698404504,0.21268723428410116,0.21280619751459964,0.023222239008704744,0.1891991986052694,0.045579181051623736,0.064592591754806,0.017711816216104292,0.22537412314607003,True
60,0.15796100902955512,0.07006031482495846,0.11320319937708893,0.11221284564815975,0.09320592418197421,0.07957596255866005,0.14702454781075025,0.12222374231773762,0.005745026730422928,0.09878742752069257,True
61,0.10186338119592547,0.08729845399021614,0.1381268152663815,0.10474875390347738,0.12872359498026936,0.04755520300175623,0.08216264798379462,0.10959343521090675,0.11399005884991564,0.08593765561735693,True
62,0.06975555922632937,0.2000724186780549,0.015213426912759722,0.19672137652788682,0.0724090111602073,0.02493277679861567,0.12926617022982664,0.03611830351222912,0.09126961164883028,0.1642413453052602,True
63,0.008760157382234119,0.057552133391772564,0.17349034598048488,0.14875428665456294,0.05122607221417716,0.043124918276676395,0.13714898526432034,0.12165189074883234,0.11177786630419656,0.14651334378274278,True
64,0.16295606974509289,0.08423424928886579,0.13166874288508235,0.08741037567924785,0.04608909467179291,0.05753194908806785,0.04695963545071759,0.091140632707502,0.15624890113875364,0.13576034934487724,True
65,0.022012359565762092,0.07525104055714255,0.12029933989823306,0.03968705735493845,0.13719855879264517,0.04997163107857195,0.1552017683173576,0.15284738421934635,0.11739814673769354,0.13013271347830915,True
66,0.16971777607995478,0.03598946890553652,0.058167198479468815,0.1872264403516548,0.10097279876046629,0.1370383903151432,0.000280315778676949,0.1945173854859632,0.08184284507022531,0.03424738077290994,True
67,0.0529533818534283,0.08004510151070392,0.09158249113396362,0.08724204940610368,0.12583184961964075,0.10920298741613119,0.10911686778200821,0.08046385128936855,0.13116350446147684,0.1323979155271749,True
68,0.03139389017964068,0.09021998340228818,0.1910750450127021,0.09900432419569577,0.05725797000941171,0.044778028065772704,0.08245610916884834,0.11558931678589385,0.19235515169409323,0.09587018148565356,True
69,0.09756121450861698,0.09190152515171494,0.09933143480326236,0.13086912098591277,0.05789406177575352,0.1381481436947646,0.009944750876378293,0.1381598328834818,0.13019679779245538,0.1059931175276593,True
70,0.0064695584952848195,0.16795451050302931,0.15403389249959343,0.13584213741963838,0.006913553208435446,0.11721636475879353,0.0633164217416132,0.1643574282031571,0.16760407557935764,0.01629205759109721,True
71,0.05388995361815644,0.04270957083071615,0.1248331609543219,0.0868332849537403,0.10087332247569405,0.11177436419197573,0.16292165443714623,0.04862450100843557,0.1676654997777006,0.09987468775211296,True
72,0.057862807943984455,0.12325396823193407,0.15978292001770264,0.15581403916829095,0.09243527477110748,0.05544092218471369,0.014451858272115935,0.13972320189723503,0.1205779035811224,0.08065710393179326,True
73,0.21844275736518748,0.20950966298188073,0.016195225809231183,0.15885674087752572,0.002293979934697464,0.05890854744707509,0.08317877107185731,0.013471025317850587,0.20584499144076804,0.033298297753926336,True
74,0.06823604190220028,0.09890601676294986,0.11024149831299042,0.027979542559961438,0.1540003814510051,0.07857081553004827,0.06084154988128047,0.09944188390947592,0.1487138532095622,0.15306841648052597,True
75,0.1624536069651859,0.1499587002109945,0.04978081366397001,0.08521403993681209,0.101199745696547,0.06255937257890266,0.12521885389467166,0.08371737367119785,0.10725012360356737,0.07264736977815091,True
76,0.19021348067765262,0.1894830324791835,0.08886426330520211,0.14717632829184377,0.023762720064809534,0.10446504494174724,0.006471189396012697,0.014009829570643438,0.05523311513566922,0.18032099613723568,True
77,0.24339378756447314,0.12145951420906662,0.18868362515124654,0.02639080155319679,0.13019116135073228,0.06679479668847065,0.00021096332498890625,0.1333950929046792,0.07230330491899734,0.017176952334148576,True
78,0.07804872931300501,0.1103890812457107,0.04092484356551435,0.1461605901662353,0.16731722630312978,0.17654631208547053,0.034030362938629315,0.11182521356795665,0.01689013846847335,0.11786750234587494,True
79,0.008555594062711601,0.20388679181611874,0.01037244068896646,0.02438588678153078,0.1454577333517306,0.18453111280014406,0.05568374910207923,0.21307166734396712,0.15077192527834837,0.0032830987744029935,True
80,0.13697541494635637,0.046971896372748505,0.20123063533850766,0.06374643526852494,0.0699883467743048,0.12953164491123026,0.017336391317422022,0.1472583272576233,0.17919407032296672,0.007766837490315371,True
81,0.0020117955623220954,0.11762034698898712,0.0910809999057858,0.14859417860388482,0.14498467629023523,0.04968229652752253,0.15424472178436097,0.04300442266648885,0.13792931978968878,0.1108472418807238,True
82,0.025744664311766655,0.215523280840503,0.1682371104156192,0.07628126078650738,0.17793844874672843,0.15668300706059654,0.04097416002827254,0.006673646903270527,0.10628514277602356,0.0256592781307124,True
83,0.14067399092247182,0.03186186477852105,0.1056598388387469,0.10672628724294088,0.16044467281809285,0.011657025123061892,0.09136801793435129,0.1522911712863043,0.031310019793358894,0.1680071112621502,True
84,0.07360625103910347,0.1473995139223918,0.11151103754792058,0.05017412131827569,0.19054788877914547,0.12589431676737362,0.007669571747500047,0.006790139782049372,0.18140400695927592,0.10500315213696394,True
85,0.1645092425681824,0.10191497276921123,0.13008119937139515,0.15639349540761377,0.09910776512498891,0.07079136288835286,0.1140977205065278,0.13366422250173998,0.024555521409948357,0.004884497452039409,True
86,0.016303878141563664,0.034217443218708905,0.0680601608307144,0.20167411346103734,0.07602450095961287,0.053750388149985805,0.14133820833389618,0.1074985562759493,0.12842671240701117,0.17270603822152034,True
87,0.12286346685184305,0.13889920798798921,0.1733856135595903,0.12869396960374008,0.04851663624208678,0.0288598268929579,0.020973030596125555,0.16521983997433828,0.01111009068835743,0.16147831760297127,True
88,0.06656293400658363,0.029591152460327362,0.10404250374295564,0.05349584835345807,0.08080904114861304,0.15927511171512165,0.09268030489519564,0.12400466006027032,0.1186175599691443,0.17092088364833052,True
89,0.11712154128385346,0.1662309225575774,0.03958836300686746,0.1588905968758354,0.10950383438317761,0.09783480329534314,0.12968783565920503,0.10187666496715236,0.05242636334212221,0.026839074628865874,True
90,0.0910357422473746,0.19761999078923043,0.12184065551304209,0.09743292918145002,0.15367016508912995,0.05844598278954215,0.05622923944334337,0.06537061010393896,0.03416859460428262,0.12418609023866578,True
91,0.1480344016792168,0.13323290432786167,0.04520392005417796,0.12390773622333946,0.1470151533042866,0.10432266763908025,0.154656540705809,0.003494887592775804,0.09087931216970715,0.04925247630374524,True
92,0.0137030487338773,0.1167326008338037,0.16910608341051173,0.05773647510475759,0.009748877648983911,0.019198104427475503,0.1940251304593856,0.1782687547823775,0.1289806213433167,0.11250030325551041,True
93,0.13465219585528507,0.008848729385159085,0.10358167814888719,0.13327152475267812,0.08560698371744309,0.1284198638617501,0.0483541363245168,0.12197766760433337,0.13296292740060459,0.10232429294934275,True
94,0.10040195372885606,0.026546176081357963,0.1730666411935106,0.043478622726451074,0.01167725530187632,0.09395978087582663,0.17876816218227753,0.1407991941530529,0.15534978194063848,0.07595243181615244,True
95,0.10206600371313446,0.18910059697520443,0.18079244149500884,0.14776484042339139,0.0340272776959395,0.08652109475712183,0.136277988442016,0.07624216958988463,0.01690163924578416,0.030305947662514814,True
96,0.017164546978725985,0.16020521495729423,0.12394848803116232,0.037480890687337225,0.05636114117784683,0.18135447246119513,0.1383099091877224,0.10914636442087333,0.1350029738202747,0.04102599827756797,True
97,0.004648162900702993,0.04316178353787854,0.12357034747053328,0.051395358381595604,0.2043719157122919,0.13371924684901174,0.14314834199386733,0.1326897269479301,0.10331621278404758,0.05997890342214087,True
98,0.17750281198737722,0.04944514479506448,0.0799912199942733,0.04149044167786303,0.1391804130432799,0.12938940340938207,0.03335870457346051,0.137515748721385,0.05869595587331304,0.15343015592460157,True
99,0.04971645706775805,0.14221123904524946,0.016344084505384677,0.14360680566463743,0.04075449697708476,0.10085957047724867,0.13436844456956618,0.12679822567790885,0.1273653325614122,0.11797534345374973,True
100,0.08376912926568,0.1304852688906262,0.015960122427693988,0.22128239126562385,0.1093344664088649,0.10018856822397375,0.04788882933729687,0.20602289070079738,0.07211839433601898,0.01294993914342403,True
101,0.16399955299509877,0.03925876115557172,0.12646105006249656,0.14425952518069676,0.11791099052724584,0.1037988797445954,0.16041800090982922,0.033541095993789266,0.04035210927273435,0.07000003415794206,True
102,0.12505240754174635,0.1459860070930095,0.1676803186623491,0.07927974873448486,0.022707604359613567,0.055725764906909225,0.08911487063109397,0.01747640989425207,0.14877383050486645,0.14820303767167498,True
103,0.1464284080656,0.041301443705599024,0.11411272099425185,0.11886044921367414,0.0026808144913673814,0.1303255855613831,0.11631326344440897,0.1358671000724686,0.18360941545808251,0.010500798993164322,True
104,0.11632096524967364,0.12910925275508692,0.12514970923508792,0.12694886341476067,0.122393846719597,0.07346026091500621,0.0905953602158804,0.12783212417650192,0.04239523624763445,0.04579438107077088,True
105,0.053551276125004973,0.08169085948298291,0.07363568959114078,0.10468710133726009,0.02081233042006993,0.06731497527341411,0.18482825190605962,0.19536926575598973,0.08625440412653108,0.13185584598154668,True
106,0.13132217856486172,0.1380325806366266,0.13136066489588766,0.06431013597489123,0.04139843345386695,0.1534444035743443,0.08779965770000976,0.06631355577852217,0.009885817101736288,0.17613257231925336,True
107,0.0503533127292636,0.1813271351425511,0.10297570417833304,0.07413871404772861,0.21926035510077008,0.004773570204630786,0.15068229117726967,0.018524480234764718,0.07409438751315046,0.12387004967153795,True
108,0.14835325605719657,0.13733627507428328,0.018238529180433352,0.016488426771392627,0.1219362798365407,0.16175381742783781,0.09106431087976814,0.07707529389666264,0.10632697382696267,0.12142683704892203,True
109,0.07296594894314294,0.19271568397822522,0.09421858792507025,0.16580453235659795,0.06932612484870945,0.15812951246778822,0.033745501711245504,0.0090107789671467,0.0939452734690325,0.11013805533304134,True
110,0.15242253298296995,0.13476504235773012,0.025988814303194985,0.04917178040589319,0.14619511847396716,0.11506014040901474,0.06712539017580996,0.03417686858883437,0.13116479942007475,0.1439295128825108,True
111,0.14032590115157648,0.12047422195116116,0.13050566137730774,0.15721187237687304,0.009782311245943236,0.15698396563906344,0.0514472642608236,0.07469911160804625,0.010800217452058562,0.14776947293714648,True
112,0.05930454288888672,0.07415509211358293,0.09684862577549493,0.05463888754533701,0.1405233986067165,0.05220681170834814,0.11237163779533585,0.15007385545952515,0.1531754476884952,0.10670170041827765,True
113,0.08024636957035254,0.1020524777945026,0.09372523255131107,0.15855055413206182,0.1307076303130795,0.16709803492678107,0.04304067332842843,0.10032146349874231,0.04829825810506191,0.07595930577967877,True
114,0.13090662694515875,0.24481249883341516,0.1341001462801255,0.20688063075071342,0.032121757248224976,0.049559120836700124,0.10092942568629204,0.04432355554677354,0.005201344981527636,0.05116489289106887,True
115,0.05292596852831203,0.03493834953761586,0.04370120974863883,0.00013077737147842202,0.18715968763527752,0.06107286208076293,0.20680926975164846,0.1442407408443274,0.040030630473787646,0.22899050402815102,True
116,0.015600054010337603,0.07319643688172796,0.09266772519196834,0.08971358610819517,0.11300610601564742,0.14124789054178555,0.18281756144011788,0.1327552318145534,0.11022453797818477,0.04877087001748193,True
117,0.12833399632833745,0.032423627346799766,0.1481492478650156,0.14135942504576643,0.12281313613832988,0.031857093185272974,0.07486960930290512,0.08306735641394095,0.12534006118452873,0.11178644718910308,True
118,0.08648756542356782,0.11039162042374458,0.1296022024587879,0.14562743680459964,0.03094140196699936,0.14843694733241913,0.09975882869947257,0.016212441419920648,0.11250757861744529,0.12003397685304308,True
119,0.130542892856015,0.061702013538998554,0.13962249012927597,0.12809975489113384,0.1726855971044802,0.016181177804024813,0.11946751950728927,0.017652115775083122,0.09897721540622058,0.11506922298747865,True
120,0.1360009974043223,0.04878585348232981,0.14476831000667267,0.00785127748340965,0.03900253058786164,0.13712143174622127,0.14128666782237462,0.17722071497726594,0.16714135375079472,0.0008208627387471705,True
121,0.161853658850431,0.09593853810586767,0.1693913884221986,0.026693489168537202,0.1662548421417704,0.00940313093446676,0.08076431698501094,0.0858130930716927,0.17256182589528335,0.031325716424741405,True
122,0.09045470038376123,0.06851570023551941,0.006744534916274512,0.25532940451721914,0.005279771526588822,0.0648868803534889,0.11027014828886048,0.24988653828139337,0.11875947982847643,0.02987284166841771,True
123,0.134011228244564,0.07184066237081,0.099734634342565,0.01635847501708484,0.12195278430959079,0.05565622781319561,0.14117617171363872,0.10472082496917864,0.12520171458649335,0.12934727663287907,True
124,0.10357586605739806,0.06048778885195069,0.11373605846925473,0.11818120306916644,0.005218101870793003,0.205485740500505,0.04761902794057972,0.1467066483570268,0.03468797853805881,0.1643015863452667,True
125,0.09413645104631697,0.03314849760241696,0.0444089565656945,0.045584173985740856,0.07439678831607646,0.18108325209689452,0.12570652528377502,0.1811732574936383,0.12446617618261543,0.09589592142683089,True
126,0.09451662434969647,0.0011958136391596928,0.052143269421021696,0.007285150405721407,0.255708701206319,0.04890771398442339,0.19780479382104618,0.2213159050703329,0.04443186909601493,0.07669015900626441,True
127,0.15973216935195728,0.03557999319645038,0.004248104964191836,0.13181805999935564,0.10393774264500076,0.1537409098671733,0.04555923420756039,0.10676490427997044,0.10610091187607247,0.1525179696122675,True
128,0.061042694689868254,0.11352888802143637,0.0955990425224459,0.16672751369691044,0.08537122866866315,0.09209680556668247,0.12595580998729974,0.10149400631498416,0.018798810032008135,0.13938520049970124,True
129,0.04061505115670109,0.1945445058363974,0.18217256226096906,0.10753473987230232,0.125469690649504,0.01743876429489355,0.019035755047747568,0.06816469269050521,0.057415736153702976,0.1876085020372768,True
130,0.09472557127481544,0.12931455606179684,0.10671413929019619,0.14507738169278298,0.12106579205300595,0.004418898075597539,0.07229124056404737,0.10776127646306051,0.13360692191396423,0.08502422261073307,True
131,0.15825382605918553,0.1019471455316746,0.16331279340591415,0.1404042547628722,0.1919968118819129,0.0053419669738745835,0.01867695323131399,0.016312577272290345,0.14129758679898083,0.06245608408198107,True
132,0.0301404420278771,0.13166819724863038,0.13796406245963694,0.08790250266176039,0.12859462162244467,0.12984608787934615,0.11160435373932329,0.08143423884627313,0.024165638205910334,0.13667985530879778,True
133,0.1501792586470477,0.1668917788280547,0.06852846532212527,0.023719207158274285,0.10305227019099468,0.10044094901129798,0.0417386138108701,0.02740726485380778,0.14719169344418534,0.17085049873334224,True
134,0.1527064879768923,0.015946660010887074,0.03416673364025767,0.17320919716425548,0.20238618081401374,0.18885071673678624,0.027045086728876934,0.1208469464913849,0.03510149571412863,0.0497404947225171,True
135,0.05393568214482091,0.05079853763695716,0.08122585786229766,0.1429396601222718,0.16121314346395793,0.1726006878489955,0.029974746130658654,0.16073441271629965,0.03276390498768239,0.11381336708605842,True
136,0.12469458871088203,0.05638037162388397,0.06129055077836431,0.15688281680453683,0.16284894673145153,0.0960211712706999,0.09324593056267358,0.049865703421219675,0.13888647067893697,0.0598834494173512,True
137,0.09385623778663572,0.18876851440733639,0.007314000070047073,0.13023677195856576,0.0285655182990461,0.07639065995488055,0.10381112934581192,0.1681263860467058,0.07079199313921726,0.13213878899175327,True
138,0.09300106085419481,0.1235830984170376,0.13834815489301103,0.0682651017119118,0.12301706598384275,0.14870434604025126,0.03349651881110343,0.05303740884536783,0.11598130946599138,0.10256593497728815,True
139,0.1638803401996701,0.17531929966797077,0.0033618620519123787,0.07101695461763155,0.008049125110826281,0.08920677500608015,0.00884765361627002,0.12694732903305442,0.17666487805943082,0.17670578263715356,True
140,0.1561345343913357,0.061392907626323025,0.21012581864056143,0.1657829447560119,0.08125232910930262,0.03765888971325072,0.03882657636801864,0.1352634305577902,0.0055125054788737575,0.10805006335853189,True
141,0.20672113293826744,0.05539679243723852,0.0404198243816733,0.05417482374274603,0.0036800894515683384,0.08894469523569969,0.19939547203454946,0.07783909604059416,0.13309786320477318,0.14033021053288983,True
142,0.1733927085849238,0.04649720358049602,0.12497291269615665,0.02934367202229624,0.10111636481449258,0.13177417625583082,0.0016103138796181673,0.16791253356053618,0.11480630731685965,0.10857380728879007,True
143,0.08727270157141201,0.19192787322756633,0.0369554030397018,0.039229762411963645,0.0993354804863671,0.013032044425813464,0.14523535468344884,0.16773688493189662,0.13295974725772672,0.08631474796410357,True
144,0.17400708112742122,0.07135545432774096,0.16464149914098988,0.016799735131198913,0.137799330188985,0.04646734718091715,0.07418097167054201,0.0047784090315517525,0.13103428874467984,0.1789358834559733,True
145,0.1494561783955854,0.05950203071874141,0.047202723007624486,0.06700289536636769,0.11144970625298443,0.12438410263430022,0.0488785790223799,0.15453982503636862,0.1246732424580425,0.11291071710760518,True
146,0.12225115952424039,0.053980743010836954,0.040195029142083546,0.16301706842882838,0.17482433540879538,0.09567864027613153,0.11351368145119023,0.08976428450492782,0.09600337386092575,0.05077168439203998,True
147,0.05989619324913084,0.13827970087514221,0.11586243564107751,0.14206267827241187,0.041025904416133664,0.1438629734784333,0.104703652770559,0.12085418876271754,0.015047628522437951,0.11840464401195605,True
148,0.029797172474921033,0.045173072956518436,0.017061761821720187,0.0034677560570534247,0.2090295299346779,0.16400153410538565,0.11824210889802073,0.08766057429802038,0.11995801660815687,0.20560847284552528,True
149,0.19253228467443415,0.007371013003732994,0.18148433801239222,0.15570874077807573,0.04702703226345302,0.10346651536466456,0.1373576452788739,0.05434569922055424,0.06411400453762539,0.05659272686619394,True
150,0.10075109500713304,0.1783730761151074,0.022229162993076926,0.08773217413208784,0.05436263924168119,0.16647854203662957,0.02324426376274531,0.0758854300832536,0.1458023101730018,0.1451413064552833,True
151,0.020629164233604617,0.17529642329437925,0.02143584757539335,0.06933888841000874,0.1587465805862502,0.12760932624783378,0.1233231981580657,0.12929805076017464,0.01888807149921526,0.15543444923507443,True
152,0.15316682946926927,0.1010648631674024,0.09852791400665496,0.1240704289959147,0.0032647074223707807,0.17379303908164231,0.02113698682242109,0.136126732497723,0.06803222613317166,0.12081627240342972,True
153,0.03255876562741181,0.022913595891445343,0.16809405003041428,0.005625027887016008,0.07043954195845077,0.12815238288907393,0.11660224713504933,0.172170780548799,0.11631239001779344,0.167131218014546,True
154,0.017094776217881504,0.15021290355754582,0.07889404205704742,0.060880967120524494,0.07351770801988275,0.1427718260374432,0.1306790338964109,0.09024940810675361,0.04050175052555113,0.21519758446095932,True
155,0.1559425972277662,0.0884824236893438,0.10389445691789742,0.10316785862953616,0.1638788089561084,0.10631178870102755,0.11674565905863289,0.008341849958215583,0.027256064556199028,0.12597849230527303,True
156,0.17227556211165748,0.2216115726242806,0.05174085830671265,0.2024435909242018,0.013925120020495887,0.02481732432313909,0.055623765401443585,0.14428457438519715,0.10700563039588296,0.006272001506989047,True
157,0.2034524546277796,0.015137443241677097,0.013342781969001887,0.012325541420445759,0.045947817890273544,0.2274558009689702,0.02383982050660665,0.21304932137749372,0.17809267473303816,0.06735634326471332,True
158,0.02407578763483499,0.04150996683640719,0.04729183753575662,0.15231312387564583,0.05643036035718256,0.11141070993557949,0.07140192541460547,0.12377675760542241,0.184481009722666,0.18730852108189955,True
159,0.01613245880061436,0.04493857001404919,0.10749405294712287,0.008891501478771822,0.14985937504072858,0.15254754156451136,0.033344195136198095,0.11661396002454369,0.18175197490454037,0.1884263700889198,True
160,0.10681474966095728,0.07106898862470806,0.08010392867201607,0.04886316088778936,0.10709997612363496,0.14622166344594428,0.05062518339389747,0.1075085122611162,0.14569773820051604,0.13599609872942026,True
161,0.07027857906665545,0.02711394579789561,0.15768006781191443,0.09385535356174733,0.1186994777924305,0.13270439977610443,0.1240862387806828,0.11146862108345502,0.08870337703702838,0.07540993929208605,True
162,0.17216813823455976,0.1697041432576437,0.028908211532932594,0.09694205450789115,0.05791292852211228,0.04711181480317137,0.15292945623510115,0.13432898745515026,0.09725583723232777,0.04273842821910983,True
163,0.08865519001109713,0.11130163064645081,0.14025113770129277,0.09567798271444858,0.10457384698680029,0.1311497680626731,0.03051824268012483,0.128171299064976,0.09522505178004093,0.07447585035209565,True
164,0.14750793775719384,0.04615011451852157,0.0652247250642443,0.018910213907950547,0.12824301566138274,0.09850224893035982,0.008023522873027942,0.17002934775183381,0.11251637549837536,0.20489249803711007,True
165,0.11863100826956426,0.07329545678220792,0.09824464274640062,0.009995385887755084,0.049891959997693885,0.12438164212856152,0.14064676485976876,0.08304782246688368,0.17771500444829808,0.1241503124128661,True
166,0.07361218174354825,0.0546010183135459,0.07608336600720528,0.10557143212578288,0.1528118392659505,0.12431661530475871,0.13388166129479628,0.037406729854488986,0.09696577001848129,0.1447493860714419,True
167,0.10487520570577309,0.09545853339487977,0.16633025367285928,0.015404580663603583,0.12873560360974268,0.06235005428158211,0.008863992689921692,0.15354491726008945,0.08591100918866876,0.17852584953287964,True
168,0.12115786707393134,0.13235146866827155,0.15560659942587834,0.03280551070786623,0.09126621248905457,0.045378150483930964,0.0039046345185338375,0.2239158127372598,0.05344574165465814,0.14016800224061535,True
169,0.12453495200649607,0.03889039023056154,0.1533321683307844,0.06735044561256434,0.16586774116757322,0.11076781602174757,0.16352582683175954,0.0350999335249537,0.02176842087768259,0.11886230539587701,True
170,0.12122564725790097,0.013563973772345429,0.07195532614655066,0.11489465622077978,0.14292757677738882,0.1264581175325025,0.10031588936730564,0.14064305606416502,0.05548831082379725,0.11252744603726395,True
171,0.0788290832570534,0.11123343049166343,0.057621645474059575,0.13411474464500325,0.17044008975406522,0.10695378214731836,0.011102005486037354,0.16893798948640162,0.08233323190657675,0.07843399735182088,True
172,0.0857475618175158,0.05047166817155992,0.048947650256250634,0.16389880789729097,0.16534946377729112,0.09061488481575125,0.1241035548178287,0.13026476432827866,0.06661997751939634,0.07398166659883659,True
173,0.15127034449860347,0.15054104589565723,0.06451940190466081,0.030154574747649966,0.16137940691703928,0.07682039428548218,0.12230988875580501,0.08636934145455821,0.08234323677339453,0.0742923647671493,True
174,0.06595711165258143,0.09560695173318162,0.0439377780295592,0.15238026042549677,0.16548597581634214,0.12308402666497517,0.12223513220114374,0.03289756241870424,0.1403668691933347,0.05804833186468111,True
175,0.10911318335098494,0.00816794925454427,0.08356562846843502,0.09669209962119889,0.1272618535027711,0.14915574379793736,0.16332029609743764,0.15469116007698122,0.018663844198721795,0.08936824163098782,True
176,0.08804325973811998,0.0990896005580368,0.10446970739733502,0.09231428969043796,0.20729735107266387,0.010555158459352646,0.013407352334769002,0.08059918015429056,0.10681601124230301,0.19740808935269116,True
177,0.07679798463911802,0.17177332551018712,0.06244798728972495,0.14998709191405218,0.07894622011552965,0.15886043226987154,0.06983449596211844,0.047405521560084256,0.10338730992070941,0.08055963081860452,True
178,0.20135792772111744,0.12282327977524116,0.12254789273001299,0.054307914121798855,0.03782849511559211,0.1490965850106562,0.06604860668143071,0.12869463910119508,0.0028167700466487414,0.11447788969630654,True
179,0.05770918317199833,0.17324455047438356,0.03703891448722531,0.05496667212440322,0.0793652260940396,0.06272774630997464,0.14710918186264446,0.14860620701099625,0.14997628369201862,0.08925603477231589,True
180,0.11775871008488896,0.12570475410704338,0.10451849262591642,0.14533983877944218,0.006268494854739812,0.20300310994113163,0.00045576429192501015,0.02154148357485764,0.17111973587018844,0.10428961586986643,True
181,0.04936068108116146,0.011617249339317284,0.1536828095589606,0.0856588662073221,0.10151879922803693,0.17940194673531956,0.020227513346406607,0.09585025423562626,0.11328911228571457,0.18939276798213459,True
182,0.039368771643923356,0.03886183970005892,0.06017185732276342,0.18782421940449767,0.16098048855763603,0.10635394010707303,0.08030175762337166,0.11332860623525692,0.1839605355794257,0.028847983825993073,True
183,0.1172901333493132,0.057140351811660516,0.2388060011869695,0.0347191133092511,0.16592115534315469,0.04166486496028564,0.09733227989879589,0.012254870426892722,0.040372271870228515,0.19449895784344828,True
184,0.17390725681934047,0.043384264454872506,0.07313290905601615,0.07215478543997884,0.047543875825691126,0.11983738259907237,0.25610028800713813,0.06428264718400467,0.08571787981891416,0.06393871079497158,True
185,0.019271413906510933,0.18946378079875467,0.10239307087747518,0.029380896356185064,0.06633631690337691,0.15078508822076492,0.12771020566793018,0.05339126729886934,0.17459513566013657,0.08667282430999623,True
186,0.007703562494888032,0.10871146551591798,0.15111727886422263,0.060476598246359425,0.05107813908861617,0.1535761632188249,0.10038262240226895,0.05142580780706898,0.17218259984625586,0.1433457625155771,True
187,0.046709891645476405,0.23979846561206788,0.23099524943817737,0.05382701336902109,0.014910936194369086,0.15660637823766896,0.048222181135541844,0.10063635165674173,0.08186207913206406,0.02643145357887157,True
188,0.017106473985781235,0.021897106170537063,0.1382308882460273,0.10463188092529224,0.08882859570908798,0.10931089803924389,0.03744554905308041,0.21165273802264742,0.10638998105749994,0.16450588879080263,True
189,0.10941492375888826,0.016708608024864038,0.07018200558665555,0.039667813915885,0.01816206366190112,0.07651960910534122,0.15076049741833691,0.22655527066766756,0.015538404214026613,0.2764908036464336,True
