ID,strat_res0,strat_res1,strat_res2,strat_res3,strat_res4,strat_res5,strat_res6,strat_res7,strat_res8,strat_res9,alive_at_end
0,0.05046961886402575,0.02835732698206545,0.20294857646272824,0.08112606447355149,0.14104292058134643,0.16881943699036697,0.0042970381269996525,0.03299867477572928,0.16388553775487122,0.12605480498831567,True
1,0.15895502590846397,0.045167064631367236,0.04217390591513928,0.09112922564326804,0.09093479351194783,0.1090430126354278,0.14479964788782484,0.13790931272963958,0.14859220972021325,0.03129580141670817,True
2,0.05871332339133168,0.20352826949776182,0.08355855424756453,0.13739877494493702,0.008527088118888072,0.10020052521260049,0.06598155247851636,0.1735208194169093,0.14127646395089172,0.027294628740598903,True
3,0.15638795311899326,0.048148159339042776,0.0525611190016554,0.10002482844787132,0.10791430005447518,0.03832201311317329,0.1457884777567717,0.15709183969768628,0.06538096714728858,0.12838034232304235,True
4,0.06722732353370832,0.09590525103165176,0.10666547833852498,0.1326148993118472,0.10306144668077895,0.14729049012197334,0.08008330511196478,0.12386011890850489,0.0813938241501555,0.061897862810890325,True
5,0.1261406940393835,0.1281712300418217,0.15978279788128988,0.10891605280760773,0.03578156741816961,0.11607341589542501,0.16322519157235418,0.005572531324991579,0.10072649212503279,0.055610026893923865,True
6,0.16569239814672443,0.10947693009425377,0.011029815350896335,0.10319713764609836,0.07830113806409122,0.02951370642511049,0.12145193390208842,0.1665685024080058,0.05016281636252595,0.16460562160020534,True
7,0.12760207292025952,0.05043988422496457,0.11537448090660822,0.13234912703109733,0.06325354195501548,0.20216412542053466,0.10753062034030154,0.08818203203379019,0.10450707157762891,0.008597043589799697,True
8,0.05410851729451443,0.0167811347595015,0.23084625180027454,0.022773373887791788,0.15690387278816725,0.20462990492249722,0.01710581204219689,0.07186561591806026,0.17851250709834932,0.0464730094886468,True
9,0.10981925261698863,0.14577651910741396,0.09908454112300649,0.15909942679578457,0.10133890010732985,0.09878898578151278,0.09086071589526813,0.09738568591621362,0.09201627811948089,0.005829694537001081,True
10,0.15308993710016044,0.1187056147918295,0.10208822569976993,0.15469901186808535,0.009545789595955098,0.1744023159431372,0.03227797081899088,0.12001371767888762,0.13245601726721798,0.0027213992359660347,True
11,0.0963506367811504,0.10092463624665755,0.13683163240535745,0.11403318565941901,0.07542413253860761,0.05720184524937514,0.012243660238501649,0.15175168793103805,0.16649379340618736,0.08874478954370565,True
12,0.06770710702075801,0.10844540170757251,0.03359028806337956,0.10799833760693191,0.13026338803217968,0.11738262321438327,0.08001977128416984,0.1384441628248459,0.1419801809666742,0.07416873927910524,True
13,0.07159660326134416,0.1490098410058363,0.13050771424121538,0.13911020161100016,0.018933629600746432,0.06083690074952077,0.1719121121696708,0.014378206505121737,0.13062536925484364,0.11308942160070068,True
14,0.03608348823732568,0.0878927628776496,0.18939691578084583,0.12041715347459639,0.10961376180005722,0.049296035893339536,0.1251983880318238,0.03988764244989954,0.17144244814302823,0.07077140331143436,True
15,0.19824962058192797,0.07245858525319804,0.004043563650885584,0.02787189717088795,0.10984670664568674,0.14332361460614182,0.09558604485873141,0.07512479644614711,0.1649407653689154,0.1085544054174782,True
16,0.06686069496989087,0.1359647838399572,0.17261596082161892,0.026253289150909298,0.17587761167810065,0.04887668849150814,0.03484830388778123,0.16081152537466722,0.1524529708433982,0.025438170942168173,True
17,0.06302877217808824,0.11173443947451499,0.08398414802959608,0.06670734439181054,0.05258091934470138,0.0022282720440065925,0.16790002454561553,0.15528270659368618,0.1716940467138143,0.12485932668416602,True
18,0.008350827751232649,0.17995970904226305,0.147740357038223,0.06613972682430927,0.08317389029595382,0.08972094805345018,0.10331434612547961,0.17698450050810266,0.02377680864303568,0.12083888571795011,True
19,0.12691072794511327,0.06191068395699394,0.1931691730677276,0.13319745531272964,0.051879228309363,0.05913464574408876,0.0547306740591676,0.06679875131673986,0.20199977693682428,0.05026888335125214,True
20,0.10769586850946548,0.18723517177606344,0.13459566373864582,0.17722343741918606,0.1754714559451552,0.03268234560169192,0.004733855070895288,0.06676911087713622,0.025546455369865963,0.08804663569189443,True
21,0.12861820806563118,0.045947876483289185,0.017138176173074178,0.06271600925573471,0.12539886865810076,0.1961883336221868,0.0610504610843646,0.04031767079970281,0.1277499864301611,0.19487440942775472,True
22,0.08316965884064527,0.1157800574858702,0.13260519256219222,0.07726043952415962,0.09689334545520571,0.10791985802662687,0.04969128255549098,0.137397442370711,0.10231620517264946,0.09696651800644866,True
23,0.050412098528500204,0.1340345579698159,0.1463712398379108,0.14340127510910564,0.12989443449838506,0.0326133866550647,0.12112565257748188,0.011687852072830816,0.14772007257641254,0.08273943017449245,True
24,0.07784892772524742,0.017803309399952467,0.17031299849732273,0.18055947127135719,0.015341364695270813,0.06880534498982406,0.21906461681006598,0.09798888427425377,0.06907997025398571,0.08319511208271976,True
25,0.14277543211692342,0.0055099287846502995,0.18454472291535143,0.1929664776428909,0.08841375802297616,0.08138065892354536,0.1825139173634102,0.01152416087936746,0.02372782271089195,0.08664312063999272,True
26,0.13208748522848066,0.09250949694574544,0.113961353877191,0.042280195036672776,0.14210057724456876,0.03740500432475636,0.01512884184892758,0.1404989331301133,0.12072141652264388,0.16330669584090024,True
27,0.015424872368434473,0.17620237922946738,0.03687237512793759,0.06490667607914472,0.1723502777470866,0.16376577810880963,0.10986064570105743,0.16112266003627623,0.09261306403521576,0.006881271566570167,True
28,0.0124197602515055,0.12260976965624962,0.06388929991489234,0.064547722975432,0.15996299506031075,0.03024346012622664,0.06184875987340598,0.13055052139919265,0.2058856337178001,0.14804207702498434,True
29,0.16142177498135657,0.13162325122337196,0.16029708750044208,0.0948781376654598,0.04016428948221395,0.005211312663256359,0.04767034737249023,0.15917454242007864,0.07236062653697344,0.1271986301543568,True
30,0.035842362085402396,0.06536320457535294,0.12535063069940144,0.13357720983441423,0.15597670963832322,0.046766655708164157,0.1290909381374737,0.09555344279231062,0.09382445689782731,0.11865438963133006,True
31,0.19319865746173587,0.08645918353101785,0.04880277565887726,0.12344813904891802,0.00811295958210782,0.12148095732447721,0.04509755390242026,0.1789272888421555,0.010922780529169973,0.18354970411912033,True
32,0.15086187849714058,0.05098385557436998,0.14349113091308144,0.07922211085894182,0.04309631681207883,0.07889758100478765,0.04304048250780198,0.16198725607890402,0.10829705273402647,0.14012233501886723,True
33,0.05261074665985857,0.03686599228336817,0.15160853675081937,0.14313133986219695,0.03723067668190785,0.17985287648895193,0.17002401483924173,0.06348552456212567,0.131651964267318,0.033538327604211715,True
34,0.14343567152378128,0.10635117281280863,0.06688266328015557,0.14915380790404245,0.12328750765957053,0.03786309461118124,0.05901707050800566,0.13211097462733662,0.11460014478061395,0.06729789229250396,True
35,0.08068996480641462,0.15481413187751297,0.015178349080649082,0.1307337638387636,0.11093012036151428,0.12641941674615248,0.04726047173631061,0.10678474652468652,0.16818746618055558,0.05900156884744034,True
36,0.14438067836719326,0.1313750911898924,0.09901722233174101,0.012642095226334603,0.04702000971414478,0.12783421612800883,0.06992838708591909,0.09774603789926281,0.16086904306584282,0.10918721899166042,True
37,0.10278136134112073,0.15641765665655777,0.08464314482509018,0.04077936802868545,0.033868468995868505,0.00671679952667891,0.15649411981892056,0.15881636915625794,0.12489616973721382,0.13458654191360617,True
38,0.25345799743016306,0.051949931195253964,0.022287338632620692,0.10027746021254308,0.13334614425565183,0.017530390434540074,0.07773645910462212,0.12120983465407983,0.19671275436903776,0.025491689711487627,True
39,0.1665502096629881,0.17027548734942272,0.15942683747408967,0.12268948738763762,0.022173144969344753,0.16717061531208657,0.0017036900427743757,0.13731424835555994,0.04010183373924714,0.012594445706849042,True
40,0.09326679613927512,0.11456005507510864,0.04670744668843537,0.09627951316233066,0.115327842219951,0.1236900886874839,0.09389047350605532,0.07544287121497485,0.11588854554866751,0.12494636775771749,True
41,0.09218346343708825,0.1124404042863454,0.013123778371100056,0.18492121766441014,0.13303307751218874,0.13311864948124985,0.13792251132217237,0.07310327112786624,0.06119641832824936,0.058957208469329704,True
42,0.0924000320334493,0.06222586721463981,0.15919911745395104,0.09321140424457015,0.15836062881298535,0.08384158642866046,0.015562463927056904,0.16781030571456165,0.08030221939940933,0.08708637477071589,True
43,0.09453880160888506,0.042357325993572705,0.058460177817363825,0.1768195919879495,0.0957931569990113,0.1671066001930624,0.15568167640767488,0.07304931645879316,0.07998975854412521,0.05620359398956199,True
44,0.22191429070319243,0.14300490310887784,0.11608673621116632,0.05699961566328868,0.09366128715547999,0.023562594841711155,0.07740902715219684,0.0001062924506544195,0.08945998672717101,0.17779526598626127,True
45,0.13968784956116648,0.021112074765883435,0.10044121913582046,0.12461159570587597,0.09651733489460884,0.15465951996442878,0.10362923456206728,0.03927920806047035,0.16567260626568597,0.05438935708399247,True
46,0.1485283837323361,0.08401536195337792,0.14386723522233888,0.08167806546847031,0.07738610822557529,0.20037837500721525,0.07390587642624993,0.10208080056884937,0.04111287495615487,0.04704691843943201,True
47,0.13170878449415147,0.07746119440960109,0.18634415346215089,0.09845558890569442,0.1647086020191587,0.0534564208977273,0.0005850958114407002,0.035468935335075766,0.08479352693400288,0.16701769773099673,True
48,0.022649732797507437,0.08175304081352865,0.05475036363625934,0.15546149141054488,0.14921100871556875,0.13491514116572356,0.14132661545701647,0.08065875239375143,0.09224636985961747,0.08702748375048211,True
49,0.174818862736373,0.03325311307947356,0.03442770530596583,0.09199535524722681,0.15959033691590557,0.22176276000129863,0.05806849738439533,0.041580933364854564,0.16346960596591867,0.021032829998588055,True
50,0.08025241540436384,0.07754771418527587,0.11682778850436207,0.07335886948034352,0.14731370037574684,0.09076323409526786,0.11350457698467194,0.09413538410189509,0.15100050464716086,0.05529581222091215,True
51,0.005757718910130681,0.1963424814925149,0.13880653260945672,0.16404389874874403,0.03359722870969967,0.006896064317688012,0.15644050017591554,0.10411986399335048,0.028435826886271453,0.16555988415622866,True
52,0.13534214432031394,0.06656013989757698,0.15348513178483658,0.08468671843815058,0.15593472606323167,0.12801481718609098,0.05958497825665071,0.04413463390924068,0.16541079044818963,0.006845919695718247,True
53,0.051481193424447874,0.1419792318763908,0.17850994601284853,0.08547612467633692,0.03325921574093234,0.15376300960293393,0.15318052662747436,0.09644009819384862,0.10397014299202197,0.0019405108527644286,True
54,0.0043111692474124795,0.04423961603671403,0.05484135175825798,0.1619160295569136,0.003082801998123451,0.238175723592071,0.014717399550462492,0.05097541895287792,0.20946997190124392,0.21827051740592326,True
55,0.04136972849148647,0.16990962238239257,0.17895272349927457,0.03648785011401305,0.028740905317955836,0.17815697666109548,0.013244902756766565,0.22778103112181833,0.08846306671076172,0.03689319294443543,True
56,0.15755411240076891,0.07963556196516795,0.07275354757504057,0.07033839151237029,0.13779847498475606,0.1473819802774517,0.003407278363196093,0.11830293786955484,0.09280971945002527,0.12001799560166833,True
57,0.15387667100477317,0.08801666501358038,0.1189056578020829,0.11978533448129752,0.027576061626450796,0.11507658648669129,0.18388546424598692,0.10742911023480281,0.01984353443594281,0.06560491466839162,True
58,0.16035341594584843,0.04965169680443035,0.12134947107747557,0.12681926061646515,0.08429075498093473,0.1356500352942328,0.14701986097533487,0.03581884941072369,0.09147213748375733,0.04757451741079711,True
59,0.16234925842799908,0.09020960050632595,0.09585884791239373,0.13519946478015313,0.1738784930903445,0.017262589544878536,0.02297534999868806,0.12134577408537392,0.17254241241319968,0.008378209240643404,True
60,0.13460869432719802,0.07516121486706061,0.027379221738046484,0.17763066801852437,0.019805967653458458,0.08657164387648503,0.20164357249276765,0.08236735801152603,0.1096411121823564,0.08519054683257699,True
61,0.026833597919825106,0.10266224890035898,0.13350626380011968,0.13351826067007713,0.1885019506685704,0.010189776616828568,0.050043943552743476,0.09153983026764295,0.13085861423340023,0.13234551337043363,True
62,0.008270187697305363,0.1519651415828672,0.13772608287501556,0.13421509420347766,0.17147934376208376,0.029316229132798625,0.10548094441872498,0.2204755654951609,0.021078764316947194,0.019992646515618735,True
63,0.16178769334429374,0.16090631294492758,0.08819287196806454,0.1487424022690316,0.1458663455989342,0.0532288176597325,0.0010296914696516673,0.16121824050170763,0.0535628893068292,0.025464734936827275,True
64,0.1691935568320488,0.02876902652241003,0.18556470932981584,0.0684379252302265,0.16706880865592325,0.09196133356020415,0.041810479550954946,0.16425096063900044,0.007274358678854804,0.07566884100056123,True
65,0.267055361097476,0.03705100154495567,0.1837975160483683,0.1155140292862477,0.009875170678839947,0.024267641015388145,0.01292401764991834,0.2449698539615174,0.030587072365260905,0.07395833635202748,True
66,0.043362762544635954,0.1627000416982772,0.007195115480165572,0.04676812211470767,0.16774099272835183,0.11999536212294905,0.08558370016430167,0.08627680119567953,0.12911950619331625,0.15125759575761533,True
67,0.1286794412429963,0.09426414038601809,0.09143265406246447,0.026609101679749246,0.13069664454830615,0.1353815466215744,0.0038584867973876042,0.14012594975839437,0.13227289191952807,0.11667914298358122,True
68,0.14667997303109226,0.1725568923391751,0.002259809920300908,0.038958123033565446,0.03323092023282232,0.14854857466694152,0.1741907537423673,0.11380640557782155,0.056619317648219425,0.11314922980769386,True
69,0.056286628202041444,0.09003379542204117,0.11432981816417732,0.11407186041921515,0.104105201255939,0.11301342408995749,0.1026221031601286,0.09418717169877733,0.07600202994103859,0.13534796764668397,True
70,0.05065334531156413,0.07912383931237499,0.20485998091294355,0.1449711324477731,0.11005830220313417,0.11726456873437911,0.014710395320360649,0.14020281844750168,0.07272721021021276,0.06542840709975588,True
71,0.10145267695220674,0.19781635543741402,0.01131727748700117,0.006419592122922895,0.022008100704088655,0.12419462220822386,0.22190486240440893,0.13994334261005983,0.022217947489056526,0.1527252225846174,True
72,0.06217799591003224,0.11400155136812325,0.054526687609141075,0.04947288073010548,0.05903549368891909,0.04752810117729814,0.14737712813555964,0.15851260595403466,0.15586088276519539,0.15150667266159096,True
73,0.05269413345847477,0.12435217691477007,0.16509221506839014,0.07975558910668881,0.05585363628156775,0.1902202760744726,0.1382109748953851,0.17013166274390518,0.016065861982483078,0.007623473473862366,True
74,0.09094105891410206,0.16228418212872797,0.13614531525225032,0.09331203619099582,0.06626637790505283,0.09540238384765094,0.004658530364129786,0.17686848728173443,0.03361179533059726,0.14050983278475862,True
75,0.19023053739784457,0.047127797496460774,0.11649222887695262,0.0786342152502331,0.12592524182106168,0.030855418147502613,0.12457404617561245,0.10594792900417864,0.07127622431127138,0.10893636151888213,True
76,0.02639935645326222,0.1666928448774704,0.019411604921409715,0.10823375118630267,0.08703843142952877,0.15703423263824964,0.15481003966131293,0.17306018934198977,0.04037426868134747,0.06694528080912641,True
77,0.019812225916375405,0.013739750514869108,0.19247424649800704,0.18577304865602717,0.04119352242004789,0.1738234296661046,0.014356531938236753,0.007801224093316646,0.20630055454783974,0.14472546574917558,True
78,0.18151643832304654,0.009482391051454512,0.0843063405574069,0.032844389148448234,0.051559338481503084,0.13695567906990694,0.21592339070299088,0.0758269721521654,0.022011225492694946,0.18957383502038258,True
79,0.1340646281180411,0.04119548973990154,0.038212737850300965,0.02587191541481046,0.03782566685424926,0.12720474007650434,0.164290852278114,0.0965795957298852,0.16455719520571302,0.17019717873248008,True
80,0.10110925032528631,0.10385979453920158,0.18057891364416748,0.05323695398536539,0.13374902354864765,0.06608222637962835,0.06552089474995183,0.0356744224675089,0.16482130630470668,0.09536721405553576,True
81,0.061459838704582256,0.04497324971347646,0.008623259259739996,0.1702837362611234,0.2228975566146144,0.13380418833674076,0.06237499680642683,0.06429526980371038,0.21543901370147667,0.01584889079810893,True
82,0.09777319074663925,0.15017350039231686,0.1589070281863143,0.12859222544362595,0.01990855075323229,0.022424585985101015,0.17379906652954286,0.054903368312925416,0.15348514369666286,0.040033339953639224,True
83,0.14233024231714234,0.1391960465473994,0.05381135254234916,0.11406731300614918,0.07148106085969297,0.16474455859045892,0.14719592793874217,0.14200566441194645,0.020141771564533312,0.005026062221585938,True
84,0.17529744059794086,0.13510771718949877,0.07826089650737537,0.06252240037119551,0.008476989614145473,0.04648259922290329,0.0626447051451673,0.1490556949775603,0.15685799913374104,0.1252935572404721,True
85,0.15659966747293358,0.11934989283818026,0.08984662568192026,0.11743001485111937,0.043826362568304515,0.17972667087819608,0.04752053623414306,0.0138884072741678,0.18336139399091203,0.04845042821012312,True
86,0.018183672409447748,0.1538059711420289,0.15386535207721838,0.1014987829393458,0.08731661033567369,0.05507189408036478,0.13994055592007373,0.16609444260462092,0.06472050955367122,0.05950220893755471,True
87,0.090133315514922,0.004397880182515187,0.1959807256507309,0.056629298078320296,0.08062032804027063,0.16094406868889943,0.06272882408543504,0.1489280952856838,0.18178633882616524,0.017851125647057486,True
88,0.05146621389867289,0.1911388142883303,0.21455259783162556,0.0949602005308262,0.023130489554997535,0.006578704423975273,0.02470163340298067,0.06925196365925589,0.12594016295580182,0.19827921945353397,True
89,0.13554182663213907,0.13656910704893904,0.13169206180463097,0.09861256282208275,0.0004803471634566807,0.13108116849855275,0.09664384618862058,0.08679120327580037,0.06157089206016269,0.12101698450561513,True
90,0.10877739367223503,0.12232339846674302,0.20269869459821596,0.12938160972837218,0.05519632936516022,0.1909626954982429,0.04216988278608932,0.019262245920209073,0.06334606044874953,0.06588168951598278,True
91,0.02290982149232391,0.05066068102065516,0.017652077545568263,0.12095469151128896,0.1560937491708486,0.18213212693813124,0.17434616949172102,0.05917990070763949,0.06890601132537505,0.14716477079644832,True
92,0.14746284863627435,0.019956737328367984,0.14974464697637646,0.07180688267843069,0.15028578599077747,0.020243275578348957,0.15266901137020344,0.1495632066706684,0.02431526819542546,0.11395233657512674,True
93,0.19301702960253445,0.07213243852548813,0.09130215116608817,0.1307935221037968,0.014533311525171153,0.09110801878560452,0.20757647158836195,0.0286218284990037,0.08007442710097835,0.0908408011029728,True
94,0.1315942388539385,0.12132669782696238,0.07929354737094134,0.09593880682541789,0.07242387670119602,0.13091712864804686,0.1307239303380874,0.09891373436094912,0.07581549090717508,0.06305254816728542,True
95,0.1281779576920083,0.10826957640228296,0.07026416900059451,0.046800183663283666,0.1559994461989734,0.025184171488329066,0.14969530848640503,0.11687945635420405,0.1414356505721879,0.05729408014173089,True
96,0.05759699058522748,0.1344365514722997,0.03737329172743828,0.03485528953976899,0.06493738337631551,0.20567901149407541,0.0064447473534400435,0.20651238832331584,0.051440228200026854,0.200724117928092,True
97,0.07095067123495828,0.0011808632059833871,0.1337960489839927,0.1162794154834592,0.11312883161430504,0.070062282175913,0.0848066335566574,0.11666635331387147,0.1466527619400961,0.1464761384907634,True
98,0.025247163755467268,0.16567844356450587,0.12308497203777717,0.026555389665451953,0.17222841997973506,0.05625370560062044,0.09955995600961229,0.032628219601526356,0.16663676561334254,0.13212696417196118,True
99,0.09564435952336255,0.08348564306720618,0.09692883875045955,0.11886203039782571,0.15346169011603847,0.20727099585174927,0.07937505959994388,0.07220659989326612,0.033598981374402044,0.05916580142574598,True
100,0.035578589446567034,0.19798928755618625,0.06559357985642003,0.15245984457609763,0.10038764299202775,0.10064073490835712,0.0776901983040132,0.0520662623611173,0.1453764159645202,0.07221744403469346,True
101,0.06263608800487079,0.17874970135960708,0.10891922350730267,0.009052402875407083,0.11864920203038759,0.12557705768218447,0.0331388164146083,0.23117033244615712,0.002353697015614003,0.12975347866386092,True
102,0.07946397670432483,0.10741712794857027,0.2015687923912189,0.09533091921185838,0.12365739982428096,0.20044073510899102,0.034211394475838555,0.06015294358918917,0.08485279917568793,0.012903911570040137,True
103,0.02435291737039726,0.06502425596581698,0.14743480252038857,0.10099604149182746,0.1562288866484954,0.060386143365518896,0.12910182665763156,0.06097380759718557,0.10907919228659256,0.14642212609614558,True
104,0.05729034340942713,0.050441845180269916,0.061416583143539,0.22291526644065646,0.06057913754400827,0.20124188590011904,0.030975432538079686,0.1879902703297679,0.11632526471882981,0.010823970795302739,True
105,0.07789698605318104,0.11373330144426977,0.011255647439628218,0.04263505170712637,0.14602860462684306,0.005806331143823761,0.16792300562767676,0.15785600739996675,0.11675474639344079,0.16011031816404342,True
106,0.1033343640824537,0.09664859119022166,0.08471293658572139,0.09211374081831522,0.1201660277252242,0.11023090314554876,0.11230562241241115,0.05186567787290993,0.10531888555522131,0.12330325061197264,True
107,0.07932188980294282,0.12228305547140808,0.07828106710731168,0.022450733558950872,0.0870466541524895,0.15384955238524695,0.13073932317576362,0.11926662478085441,0.09790849936803069,0.10885260019700137,True
108,0.14976351112081726,0.049651902116909806,0.08544859183896315,0.17601168443598508,0.009836583564019053,0.14667231513117973,0.15311675690667476,0.0606674150397966,0.15049850087785005,0.018332738967804664,True
109,0.11454904253044638,0.1554325723183625,0.15289740438013355,0.059562894297683563,0.08586112067966517,0.08273202419990013,0.07136889654698357,0.015058939016696417,0.17223576369468455,0.09030134233544414,True
110,0.1159044529734482,0.18582302792273384,0.00426455315135613,0.05928874685626171,0.04705744492892152,0.128919119028805,0.17944579057588633,0.05330637806207968,0.19879750773719346,0.027192978763314227,True
111,0.14088127214066196,0.17710516381098185,0.024229850565298472,0.05054067028103667,0.054102972740900875,0.1679205663161605,0.05997690506940679,0.08693184808858101,0.11396594895262072,0.1243448020343513,True
112,0.17163563658408237,0.047098668427725546,0.05107325984015443,0.1902113121606923,0.18284320148118782,0.05864964290178042,0.10155207520087246,0.16128820928930335,0.024643796569123907,0.011004197545077287,True
113,0.05411981423206453,0.09906689179297014,0.020711098096780504,0.0437025482231217,0.11359079783829214,0.17568557150045247,0.14717620729845143,0.13124652726831376,0.08838723535942662,0.12631330839012656,True
114,0.14698608485368173,0.18730222302927377,0.010393933249221169,0.12696700357333973,0.021905290730682814,0.0105304987474665,0.23141929855718324,0.06433965795632278,0.016349177553216583,0.18380683174961177,True
115,0.20029703553344083,0.07184762027942533,0.016442307587374107,0.20055276020387414,0.13427215909351947,0.009542439045874908,0.21169892520484107,0.013801224779593604,0.007124304285703879,0.1344212239863528,True
116,0.15636886591625776,0.05793322983363393,0.17556006955837203,0.019029644058782165,0.11574102620920505,0.137554276874384,0.08473727015833506,0.1200260303539993,0.014733473730473822,0.11831611330655671,True
117,0.04195421817681592,0.1059854434773309,0.16789712478186514,0.09300891434994528,0.15530137873394798,0.011600076313506182,0.0881031863718643,0.10328821456042642,0.1691260815265432,0.0637353617077548,True
118,0.1364456714690429,0.15679770024463752,0.0976190619976563,0.1401980386720664,0.04875878182178769,0.05738832314755505,0.01775256598877426,0.169081390293381,0.028078442667228497,0.14788002369787048,True
119,0.01560346433359118,0.04511491202128409,0.00860055580348812,0.06738618167725802,0.025806541076192253,0.2415885983066488,0.20548224269387966,0.12029186311122558,0.197855141061911,0.07227049991452128,True
120,0.04567520842730407,0.018633670607443878,0.11549449750604904,0.19009521449950464,0.18728822157118757,0.028745931784689017,0.016213071532550118,0.09974305775581732,0.11748052217862684,0.18063060413682763,True
121,0.08894498848152692,0.15484674696838355,0.06425126448283046,0.13052257092040595,0.06086013317339003,0.11071946184949338,0.13928989075733691,0.05478386668398112,0.10876996065680285,0.08701111602584882,True
122,0.161827242195648,0.105769018664447,0.13801271123117204,0.04178253551996582,0.15551256663640406,0.02324757256331926,0.026021617923906195,0.25612167824226045,0.015929468513812214,0.07577558850906499,True
123,0.04312254315046102,0.21173702718148388,0.05297168983905766,0.16194511890933452,0.08148369722862614,0.10809944383374032,0.1771784746585728,0.027006155604450008,0.11009579163289757,0.02636005796137621,True
124,0.185840702563484,0.05644167849375202,0.15655766593788775,0.09772349284395813,0.0028209619845349036,0.12263281691437804,0.06527264425190418,0.11975679940287316,0.15673947477887115,0.0362137628283568,True
125,0.08898842582519072,0.1342791000558212,0.04698401271293972,0.056252261028184564,0.14452554599108533,0.0888141000066384,0.17449093472445168,0.03933508519847312,0.05670951370506201,0.16962102075215335,True
126,0.053774803039112654,0.21839066037269922,0.01866992118917445,0.13219709981724395,0.19685369184821278,0.1353248619351522,0.07060359399724613,0.12278348946528299,0.02109157490002408,0.030310303435851497,True
127,0.05466046627823531,0.08739637742025008,0.09207982530705869,0.10584715344756612,0.06372019456769702,0.06328412173453861,0.13230199670683682,0.218705270696378,0.1615799401764434,0.020424653664995893,True
128,0.12470357071744982,0.008127212794081915,0.1027476742971539,0.1494990586169342,0.09950399531781197,0.05548407089772374,0.10667366299722152,0.08216671993299665,0.09518276104094195,0.17591127338768447,True
129,0.08497015944463678,0.17384897880698355,0.01769581530816137,0.03703002779015528,0.1679659707683597,0.1833599787743903,0.06562791598038331,0.1456161953085798,0.04798657041567719,0.07589838740267289,True
130,0.045912576253661866,0.15530685927371474,0.0542087633342375,0.003766230906328261,0.12159775708981738,0.0577204172868686,0.1601909943938963,0.19284429801641798,0.032938066878513306,0.17551403656654413,True
131,0.07396347672946435,0.1294754993071127,0.12173844778765243,0.031083590669903325,0.12919967928439516,0.018880829491419376,0.15115376856359064,0.058587173960943414,0.12810709993801422,0.1578104342675043,True
132,0.021745116806141322,0.05926888577562477,0.11199973287806922,0.17051753825696384,0.17110371611350036,0.09776850953907755,0.1440993912920431,0.07911797597586831,0.09977007336062027,0.044609060002091326,True
133,0.19014052632739195,0.020570174867528615,0.028132136941111434,0.1365006169312625,0.14022784013830544,0.06214588483992298,0.13766113121930482,0.08275511760609593,0.15939684431448908,0.04246972681458738,True
134,0.12402431437427335,0.07176405534015771,0.12752033481929043,0.11431232055500416,0.05001373092604074,0.033060770127036634,0.13188264097847285,0.11269121945528647,0.12121584795160263,0.11351476547283522,True
135,0.025357213363550995,0.02767728681003899,0.1483276547599987,0.21990753054301715,0.03296266046023873,0.07498562124738997,0.023892396159002252,0.16090716383422665,0.09213557608982059,0.19384689673271593,True
136,0.06536986296534571,0.1729787486452765,0.11199918182002847,0.02338396417045654,0.05220027689632551,0.13951512544137976,0.036135179140213324,0.18728700048345048,0.026905682449614547,0.18422497798790935,True
137,0.0523488123940812,0.04448230193333313,0.16938686008915246,0.04739815978462132,0.028020574422410374,0.03406215669888453,0.0873058769097202,0.19109185804734152,0.22907280552821646,0.11683059419223867,True
138,0.11501419963568184,0.08924289440156286,0.13762522510901776,0.09907022049038347,0.1073447963942759,0.05360249614170025,0.095671047401126,0.12049352065898494,0.045388324447057975,0.1365472753202089,True
139,0.0788578651048569,0.017180560795064515,0.06654578571607743,0.015229962515831892,0.2340984631507088,0.22428261090556956,0.20874414874207867,0.09391300708780544,0.05380920490041566,0.007338391081591202,True
140,0.12674127568979457,0.013037375348569802,0.15746105131633914,0.09374085695288732,0.04765413332796526,0.15108825479530152,0.1275246376069145,0.13037273261612975,0.03105496299322377,0.12132471935287417,True
141,0.155490352428183,0.12499341518562324,0.1900410833564806,0.025922271262422178,0.0005738501589280988,0.005799114241023177,0.00627079852689479,0.18265137362334682,0.16293551639924017,0.14532222481785803,True
142,0.007371261061215295,0.09802624681480646,0.19012425542297898,0.12724458180858672,0.04297607981024483,0.103727816014654,0.15648717683424762,0.09305519147658112,0.041181889808028414,0.1398055009486566,True
143,0.10098851918006245,0.11555725893349905,0.16874857305497112,0.012896754025261819,0.062250745795140665,0.16377361863139875,0.014061036114688353,0.1749647520408773,0.1455232512315966,0.04123549099250392,True
144,0.19759624365521808,0.04592621285883066,0.01866261080368534,0.20252358181278665,0.07223011444785025,0.1313054953229928,0.05116332975048634,0.03132687472091222,0.16324851921600508,0.08601701741123241,True
145,0.2122846524795618,0.06622176722825114,0.08946324164479776,0.21069732406002403,0.04242774245288028,0.0013187142626819158,0.09402273353381459,0.0078307175103864,0.03551463699303939,0.2402184698345627,True
146,0.13397798238834896,0.10843374824873767,0.04392555294075341,0.05040710829387192,0.1981231948395171,0.12129501461522979,0.10812362167914462,0.040898980178094665,0.0876739467651539,0.10714085005114801,True
147,0.17221977045951523,0.15968079266349752,0.025546451832191105,0.14841223743695453,0.22762465892747577,0.04499137122433718,0.0662072643439305,0.017845793835538245,0.01044907625356088,0.12702258302299918,True
148,0.1594455690308405,0.11467498073750806,0.06372561478761095,0.15858397829433776,0.1334255217172864,0.07249829914547705,0.15725922292803532,0.010616910869335043,0.1137251348884407,0.01604476760112823,True
149,0.1835343027429962,0.04614822683503433,0.04264033444906144,0.10563288821544765,0.143385518968144,0.16327561392617,0.013484207642266125,0.13665582391823658,0.12263771312884134,0.042605370173802365,True
150,0.08258391933569022,0.14064490135830007,0.07958230744887092,0.06183022744652953,0.0025063961694992446,0.1328374212071823,0.1657808702394886,0.08237710579030082,0.1092350577252142,0.14262179327892413,True
151,0.0675931346108755,0.09657571441084534,0.13551736667905512,0.059027588192171375,0.028955601731017803,0.027759887608753444,0.1576103961807694,0.16023763609614755,0.12058489451391384,0.14613777997645058,True
152,0.20119985464272175,0.05087261860035509,0.1091140266932755,0.10447756710757983,0.09832040560736707,0.13783327420332162,0.14210875540133272,0.014932307603655917,0.019851989535537632,0.12128920060485283,True
153,0.15129891684579522,0.09190413361948031,0.1578012040383349,0.10731126440417964,0.15388233005599866,0.054374136939003614,0.016899944803156857,0.17753690844315412,0.07752083591986249,0.011470324931034238,True
154,0.066416431691573,0.16928726768935154,0.14431961583953185,0.03288955696497818,0.08371573692707392,0.01997337664590089,0.10410161621400624,0.03940445210908687,0.1807799738000963,0.15911197211840114,True
155,0.11752881934148193,0.09374256479530282,0.1042491364318704,0.013182702484119688,0.04855762974144887,0.09293841564873771,0.15174188994264529,0.16713815223390863,0.08881929782513509,0.12210139155534956,True
156,0.07163695688509134,0.06402305023641325,0.008874533699077954,0.15258600973880385,0.14856750714881942,0.07623193101200967,0.1514161879822829,0.012641665218434555,0.18002893593185484,0.13399322214721218,True
157,0.13483009059059456,0.09796031505722294,0.12268580571278721,0.14609178033401024,0.042850434983022524,0.06222966106576603,0.0691052810882838,0.0513688724061514,0.12796557273383696,0.14491218602832442,True
158,0.1437153891553137,0.13184324905637612,0.11640222171596819,0.07041385153717812,0.09317628313059984,0.05137622971212025,0.11380871205012158,0.1298845615799791,0.001333178912353587,0.14804632314998947,True
159,0.1653059933932362,0.1827383952317445,0.10474622892856023,0.01191229228209917,0.002865608603247046,0.16873536672829792,0.016733991491942993,0.08246992429998781,0.08546750980490926,0.1790246892359749,True
160,0.18101737523126252,0.02432001663645385,0.18560217947414118,0.16088680766078464,0.0023052704916005544,0.07463775443474119,0.18868711322072823,0.10111922227269546,0.05030841098256138,0.031115849595030956,True
161,0.06822369401564093,0.010848727334637383,0.14085722043282528,0.21118788960629342,0.09377282386680491,0.017402203011439885,0.12498784532833838,0.1857914643294248,0.0069831875042251764,0.13994494457036988,True
162,0.053472516171512746,0.19796024642586996,0.01626476207438125,0.16640840074201307,0.11331589886736856,0.22285615158084157,0.062179124582976336,0.01013429400451095,0.0004416672936390438,0.1569669382568864,True
163,0.18891541850673746,0.11503799336109366,0.04575907683984807,0.11960739599174271,0.13755412066270628,0.016824033542648466,0.0034029785640239682,0.1954063458088446,0.07930041453804779,0.09819222218430705,True
164,0.18466278581788034,0.21960774662157267,0.06173285887596166,0.05705518720505489,0.050493853398625756,0.05957890632033593,0.18878460108300607,0.1043304790075647,0.03982047275463455,0.03393310891536347,True
165,0.10414143227797514,0.10176179745280435,0.03355550936702898,0.1408956441047449,0.108514313966143,0.06058276895398685,0.09088263441322803,0.1055900118129691,0.11509504745620902,0.1389808401949106,True
166,0.13913052579105373,0.07863551827326459,0.02417197230306477,0.016571421920553827,0.16057594368136852,0.10634066882261448,0.1461474126003692,0.085972436439401,0.10602211404870698,0.13643198611960286,True
167,0.14242324963506495,0.16122649512473625,0.1430386030318014,0.07102398463078864,0.16648972309852222,0.011439769979333136,0.09470013138258669,0.1439466992166964,0.04721545333418042,0.018495890566290054,True
168,0.025495740151121972,0.1618621152923064,0.21544428879625957,0.053830408377194626,0.16104419756456984,0.15221206225412123,0.08230210448106819,0.03945028913421293,0.02427165777799534,0.08408713617114996,True
169,0.024729840744429955,0.03218848435312176,0.11640467646896846,0.1206847512635311,0.08734272700011607,0.13668641487862415,0.14699739336211862,0.12127899318420034,0.1028393401909507,0.11084737855393899,True
170,0.04006277260848743,0.18921957704882175,0.23082861291926718,0.004579046967810433,0.1682242915744746,0.02693166714334126,0.05988357213301094,0.15424348792406728,0.01164063233664313,0.11438633934407588,True
171,0.12417767850580196,0.12037947825338459,0.10209253562096134,0.13099846340286211,0.11186614289528476,0.14015004561808714,0.08307620233990916,0.07248835362547203,0.05869433707284117,0.05607676266539585,True
172,0.025969588320046526,0.18796325393017488,0.12723761470485861,0.04506867271838648,0.084909656572608,0.047966249781674145,0.1539553708357662,0.1757295932261503,0.14127762922752832,0.009922370682806457,True
173,0.06253971502529997,0.08278799614180067,0.11650764609985054,0.1604429461900468,0.1795891326315859,0.030239877975896574,0.04923405749883375,0.11065794322314046,0.024386058430669356,0.183614626782876,True
174,0.17293826156182734,0.10248192523517571,0.08711740146876687,0.10780769376385808,0.04346410737426085,0.08362788681624443,0.011891309908289323,0.13611513571001949,0.15876032307285945,0.09579595508869847,True
175,0.16249546139543972,0.04361526517120072,0.2165082761797207,0.007667943990253711,0.052265719076600436,0.15866020399018274,0.02311660088346759,0.16324544598568821,0.06084862503145799,0.11157645829598818,True
176,0.0902050730729871,0.1418871205715111,0.054765990694285435,0.11348513402759715,0.15745335832155885,0.033348748932032615,0.13180646409729377,0.06425099584291044,0.052757851050123795,0.16003926338969984,True
177,0.16991063368526052,0.12738708516460842,0.02394544552846861,0.04327838347320723,0.03660422353757104,0.109753945989211,0.1119214702959532,0.01324672459221542,0.228762488209236,0.13518959952426862,True
178,0.06895995850438506,0.0840959683578183,0.08197552901352359,0.12883778013274896,0.040560921844744774,0.11275371240173145,0.1696057300826324,0.22642821806967464,0.0011198997719318313,0.08566228182080884,True
179,0.054294845818436445,0.1604178304318834,0.053991837656594696,0.05792697983054465,0.13148073947360628,0.0458878893997838,0.14070071535025336,0.12490118569757469,0.06933813133414336,0.16105984500717935,True
180,0.02240173888091461,0.14793937017952266,0.12837310583034267,0.05926457926315671,0.17689935674741517,0.10791756187799151,0.056233289375089666,0.16362745186182995,0.03679870807079353,0.10054483791294343,True
181,0.14838962807017486,0.08598836333835455,0.06265883745897581,0.14583023306164117,0.13029870377687197,0.07689922870189668,0.07187654895275522,0.02209055304715007,0.11367272492462664,0.14229517866755298,True
182,0.08218975948445816,0.11065828821973027,0.04366937722805964,0.19459834821008437,0.04851904823302276,0.17022721901154506,0.10631131906947529,0.03532625144363121,0.14080117155744318,0.06769921754255002,True
183,0.1804447344232602,0.15812599756303572,0.036245407887155294,0.19424560256617043,0.039327623593938946,0.11374606202121912,0.0791301695279099,0.04253680143816837,0.11751400247518046,0.038683598503961525,True
184,0.04973057340136381,0.09372868967472554,0.02333138477836219,0.1020871312091722,0.22385325574337944,0.14992536405550758,0.05058656020681921,0.10371486376207384,0.10636601342386491,0.09667616374473133,True
185,0.08221390767081299,0.027132684654700343,0.03171983214656591,0.12828777039769335,0.06294269327316696,0.08723323160034614,0.1861370129182367,0.0982406207321152,0.1237754190014139,0.17231682760494846,True
186,0.05311622721499136,0.17494285806263166,0.17206108556620475,0.12457667224137997,0.1717023345038128,0.048203233697906564,0.03509663567675946,0.01899661089194185,0.15840253016811542,0.042901811976256025,True
187,0.040361318465066576,0.19056106227899325,0.05268074861992998,0.087670238374186,0.03897414391980442,0.13537747774846726,0.2206778212366948,0.048098038597434965,0.05722531693520385,0.12837383382421888,True
188,0.056782402460349955,0.15394360127681103,0.1075789453652338,0.10205089468010059,0.14979250513719045,0.1397499419361522,0.14268251212126776,0.056087158141108685,0.034945051013346454,0.056386987868439035,True
189,0.01844223015169545,0.09746682383275924,0.005715618266470231,0.05895927177220069,0.06441018989966218,0.06923114967162759,0.14947060969426001,0.18470972585352965,0.16266397697414714,0.18893040388364793,True
