ID,strat_res0,strat_res1,strat_res2,strat_res3,strat_res4,strat_res5,strat_res6,strat_res7,strat_res8,strat_res9,alive_at_end
0,0.024748637914037076,0.11257512604757358,0.04594296954862293,0.10320969304148085,0.1846318129216074,0.08220833483133046,0.051251386280934466,0.1576082278354997,0.06876741116444372,0.1690564004144699,True
1,0.11742043738500986,0.16628407541288098,0.04762076882555129,0.12962564186214504,0.05956685397798919,0.16085982466941912,0.07129081304557541,0.13473499063862013,0.10358630895183207,0.009010285230977,True
2,0.22245624372364464,0.10215537641378777,0.21394453193248256,0.07310535090846204,0.1599950862108035,0.019468457668741505,0.03264560605500414,0.04491936641448269,0.07544529480455105,0.055864685868040026,True
3,0.010157067611366857,0.18611854771574884,0.1031428334870397,0.11474954149610786,0.04268981169109774,0.1658809740675323,0.09015475296466323,0.14078678539628814,0.09743916259017092,0.04888052297998441,True
4,0.03480070773805219,0.12406273332116431,0.06974561778173324,0.056685818385801265,0.18232065857830598,0.17824578490867216,0.14222513570403325,0.056006938501248674,0.07710643565629278,0.07880016942469593,True
5,0.06934310908932366,0.04790989768140263,0.10399958722781089,0.03621289358340422,0.0953549998305001,0.2069058983323739,0.05564978902587183,0.22490774441167496,0.055742912468294,0.10397316834934385,True
6,0.10363906858379324,0.006790406765717971,0.00828168369086376,0.22579469370022298,0.04385749440153454,0.03766512688871581,0.08379467259606155,0.23741899577069198,0.1479670270977934,0.10479083050460485,True
7,0.0935939343703176,0.09652106120421605,0.10494794049604018,0.13838728031853312,0.1501297292707559,0.004384313149466134,0.14921578738061306,0.10553200561851789,0.002222607099113875,0.15506534109242615,True
8,0.0382237181617315,0.002092927207966747,0.1313646162450463,0.05690317560892712,0.055745228446627534,0.14341973845003134,0.18148868156944778,0.0891494415764678,0.13706171224829428,0.16455076048545955,True
9,0.18074981037134272,0.06384133390064306,0.0011916391615870063,0.07033796774461606,0.054636289810428756,0.1112099033102704,0.07558817821547192,0.09549784851498917,0.15421531398625207,0.19273171498439884,True
10,0.1634201050803108,0.09418614072246605,0.012494478023571065,0.08750385182730441,0.1506413475396866,0.0013944331457195571,0.008760670068391856,0.14263952526263088,0.17493138484121626,0.1640280634887025,True
11,0.14968936301358426,0.14897942554939955,0.17246657908959062,0.0040642944779083175,0.015146110999540021,0.16890079198469182,0.12429365255258068,0.013487431237371622,0.05838155660807083,0.14459079448726234,True
12,0.11530799680438908,0.13464355311981022,0.14018378751630348,0.13223126486020487,0.14354701933989972,0.0905046138590408,0.01073395079470056,0.0741920297703184,0.07956595178769298,0.07908983214764005,True
13,0.13579648317536847,0.12381409342744501,0.11398570523111101,0.12425207672117239,0.06526184110259974,0.08676668046618187,0.06000533783798502,0.05091516457428163,0.08474946803000305,0.15445314943385183,True
14,0.2171353244719009,0.06486486078399374,0.03195603536464482,0.012638892076413078,0.13763413104368608,0.04210606415641688,0.08114930920494122,0.10695031858486664,0.176554529340503,0.12901053497263368,True
15,0.11173540597983961,0.16048943643622174,0.09539716530439867,0.11990970281119964,0.14086476555845193,0.02088531717297552,0.0505638844443544,0.0830839967737069,0.15828485459648142,0.058785470922370436,True
16,0.01725648158249609,0.0692449775889071,0.12941815190761408,0.1544410065557932,0.17367388266818315,0.01454809380421006,0.0767359050115134,0.09329121416974293,0.168992914853179,0.10239737185836102,True
17,0.030517293060407062,0.12453559447884617,0.14250632048913822,0.14001571627320306,0.1779523997120359,0.11258621123242339,0.17811279148927858,0.03472518706639979,0.014004691233823158,0.04504379496444474,True
18,0.12994614433852014,0.0908392298909107,0.12072879591712271,0.023346691163824346,0.08329769805231337,0.14272461165585446,0.09032752687613944,0.14561323131121337,0.13943554638339303,0.03374052441070839,True
19,0.14975006968333707,0.09621804819032313,0.008578560985013245,0.04148719895746989,0.12219377211817627,0.14466011463426456,0.17028910855444013,0.12428569327445978,0.1368109121501203,0.0057265214523955,True
20,0.13200244301717765,0.060360602382384984,0.08565721239398863,0.11717801923953469,0.09356525071655881,0.17451214323688863,0.1564630404312866,0.10552656061131817,0.027231841165799405,0.04750288680506245,True
21,0.13200085411019993,0.11175040754187063,0.0004619434639580566,0.08083110959643754,0.06895509901223132,0.1421019848428074,0.0321107937273157,0.12180607491780346,0.20135180834132801,0.10862992444604791,True
22,0.18964679632899567,0.10950691028028188,0.03266526993319618,0.047526441893242365,0.17756708064546659,0.0864416494488767,0.15230220682951529,0.0012352809758215636,0.058190664764770854,0.14491769889983291,True
23,0.16374261877749285,0.09551455513645961,0.13038147474870426,0.1646507929648428,0.03911585583452661,0.06960602345956088,0.08239222912355768,0.11488737839430134,0.12679245196125047,0.012916619599303486,True
24,0.10518600876716275,0.08848770298335093,0.15447508534037643,0.09141625667102242,0.07333448029040132,0.05862433082896936,0.14044390047769428,0.14079494742151757,0.07326556082201577,0.07397172639748927,True
25,0.13982037653505167,0.011463775606416333,0.060536131358115676,0.1392387479088752,0.008909807987367525,0.12447530676349366,0.15667862018713005,0.1125114573121725,0.14831801745969286,0.09804775888168457,True
26,0.002701950803986781,0.12888331823571253,0.12170715928351686,0.18772738286249405,0.08706087521226019,0.11368765709083567,0.11792774176027031,0.026939044885645854,0.003908871973508582,0.20945599789176908,True
27,0.007313438802629764,0.02244145720859882,0.12541436979381712,0.2683733636174795,0.05498034440111292,0.15361785309975814,0.08922230919432034,0.15856529565975483,0.027201766301026737,0.09286980192150182,True
28,0.17003714593667274,0.06105770154798331,0.21717927450477323,0.041222074229804735,0.193393783016159,0.05513653821612771,0.09293487792395436,0.07939780990476372,0.015988366348667595,0.0736524283710934,True
29,0.14809719548975736,0.18471484060733015,0.12649009872475286,0.14954547303439122,0.14095754935920946,0.06473675503368863,0.04118369619703883,0.07108332316467302,0.021327879835009375,0.051863188554148926,True
30,0.09806957469120282,0.01989383808033006,0.1086267532700263,0.23261831477281547,0.09864921038245332,0.18591235318931926,0.015985572249438012,0.07898941419202599,0.08952078088448867,0.07173418828790012,True
31,0.11210899521008238,0.08890992921255043,0.11931528229197366,0.0791998225969654,0.07807288518802721,0.10890530465036664,0.1303515615298835,0.1607431555334124,0.039111022135305915,0.0832820416514325,True
32,0.07594546391753185,0.04543460691980697,0.16555677643464378,0.11567294894899244,0.1636795126329928,0.011394306499297107,0.003737919723737339,0.11177488173292524,0.17054499722497135,0.13625858596510115,True
33,0.143223120268912,0.18514206986208454,0.029068232382185616,0.20360202863197732,0.1296227627139435,0.0036618292012810354,0.10872559411207933,0.07270987147588864,0.08027643749507467,0.04396805385657333,True
34,0.11483556788542507,0.07221329515061868,0.17737139159592658,0.1876318672178715,0.06640807935589521,0.12431001471446888,0.11027050971279041,0.05325792827696536,0.06310028801662308,0.03060105807341524,True
35,0.14344682218012866,0.10342437235746212,0.07781358186108273,0.06440892416417977,0.13584590854364617,0.1364874660434756,0.1452508564127608,0.018848349586485534,0.10672157582858299,0.06775214302219568,True
36,0.1968657332795943,0.03246909527370807,0.200005387475542,0.1356394071434614,0.017477459300805385,0.0654328649425156,0.028355057033477456,0.052325275977713005,0.0890316567829625,0.18239806279022036,True
37,0.1709086484444397,0.0501842907560602,0.16391489727185882,0.14119717530123874,0.03372864175288763,0.08861160856045845,0.10983903031660186,0.14355992784186544,0.010800824879891847,0.08725495487469725,True
38,0.11310738582848957,0.14474294549699196,0.13120224195137906,0.13074471840948218,0.007636171086635647,0.038790632875512626,0.07861475595671814,0.16563805038874788,0.035425116592419335,0.15409798141362352,True
39,0.08925602864474083,0.005600331798961393,0.15628764911550355,0.03726719883824581,0.17943829606188122,0.15560472562839567,0.02370412139335749,0.11899948186832228,0.05592206760439788,0.17792009904619388,True
40,0.09131595148792689,0.038674508269977176,0.07416175977207864,0.043111433574063086,0.09951343528362916,0.11609538492509239,0.0576760419224507,0.1370982873070886,0.11040571350291624,0.23194748395477707,True
41,0.21413064092323203,0.09850185911664722,0.08381654181066868,0.035380398634590284,0.017199857370111236,0.1882301183219167,0.0536094988571097,0.20336256288873256,0.019218683196400525,0.08654983888059124,True
42,0.09679174429701018,0.11511418417587474,0.028821701183178533,0.07951296840248641,0.07090519848068197,0.054904815547974675,0.10066210951171653,0.12950864832583553,0.1450893124935369,0.17868931758170442,True
43,0.07991636192914811,0.0668842557188922,0.13577500623675917,0.0619472191731478,0.10054239802000217,0.020290117295714147,0.18707096308635673,0.16797828811444765,0.03110329925426864,0.14849209117126336,True
44,0.07255925851292319,0.14381579693084973,0.08639873275608356,0.05095077947919799,0.1280909871246335,0.021819039923300847,0.10776546207363791,0.1837882717221807,0.12685339356580605,0.07795827791138657,True
45,0.05701038210991767,0.15122394981096135,0.04871018473632532,0.16265728229975487,0.05532706835390543,0.10847734220121112,0.13186960469855652,0.08025459016810307,0.15234971883750278,0.052119876783761926,True
46,0.1694718577581126,0.09457488931736756,0.1338263097104327,0.03407275067475149,0.09342065791099466,0.07304534350152964,0.06440108358850148,0.04049259170516092,0.13343208527663702,0.1632624305565119,True
47,0.2525407897133337,0.029987371636363627,0.10758839243023371,0.11492365412518853,0.06073335966169154,0.047262991490869315,0.09847743885183734,0.019089726630486623,0.1081645928407211,0.1612316826192746,True
48,0.017878135489542486,0.013204888843441643,0.21602222638295585,0.001411427955176946,0.009112460869646457,0.10985818805677233,0.2541243886849954,0.058478704753217974,0.2041674476423443,0.11574213132190674,True
49,0.15040731240121527,0.07630270294327048,0.06522321774827541,0.16327704596098822,0.07454240156219061,0.082984828379453,0.050211398023542006,0.09177380130256672,0.10426339378405057,0.14101389789444785,True
50,0.14437991422647117,0.029545832147128442,0.10550455502223406,0.1705624271609882,0.05686628607680794,0.05727093102562286,0.0167737978799756,0.1587496968858246,0.1589654332095417,0.10138112636540558,True
51,0.24312743847953353,0.17766767633291403,0.03619921755058005,0.006218265796425459,0.018259298854473024,0.11224530191512294,0.23266347946319096,0.10661427758677455,0.01455723233935942,0.052447811681626,True
52,0.17647603651082164,0.07082270916037783,0.05711139339032541,0.03801376190329777,0.10095893094718052,0.13377202413692288,0.07391167074578159,0.14616141178094474,0.15168492070708223,0.05108714071726529,True
53,0.1332736371420074,0.14080412019727373,0.12261524529732644,0.041046493375289345,0.02478589160023931,0.031721398056526726,0.1815579124044069,0.15961937515856223,0.13119549902528527,0.033380427743082586,True
54,0.1911140415326494,0.15360837566701044,0.04703084495477692,0.11379743291582095,0.011063526653931816,0.15680390164188596,0.15003188130993958,0.01441644806233151,0.09756711440239108,0.0645664328592624,True
55,0.1551026588573792,0.1489541708565105,0.08365702880590875,0.10335316278632777,0.1520858551767055,0.014797923353794132,0.07255159775285408,0.17202198469147986,0.020500337316375062,0.07697528040266527,True
56,0.0815495481436195,0.07000843545332908,0.09614583040783803,0.13551228161704462,0.060431724847314815,0.133993029318819,0.028134541560455084,0.1836901231460739,0.07280489021063695,0.13772959529486903,True
57,0.010656772632414479,0.12723436956568931,0.09162392106888316,0.09987369896760821,0.09354880861384736,0.13378554010008675,0.13830596451828142,0.14409876136777797,0.05602805597552463,0.1048441071898868,True
58,0.12146233360814358,0.018209067674714304,0.1464505068874298,0.13294883937165522,0.13041299089522,0.13162131046636513,0.11914618177923164,0.06189768188753818,0.06779809562651724,0.0700529918031848,True
59,0.048365357242747264,0.10573198324386616,0.19175535863443735,0.023894421662478023,0.2038957979915015,0.03010375419108344,0.1328353003406203,0.11213233153401884,0.015141614723798883,0.13614408043544807,True
60,0.030873292491387597,0.11199943836017359,0.1368924308237898,0.15855737136270495,0.09192936673016162,0.04776983965228617,0.14738821604452484,0.1610269310278503,0.10343904304523754,0.010124070461883624,True
61,0.19846547709700413,0.10828964547457488,0.10588271498304441,0.11705291208968652,0.03375586458292504,0.0016728094400690948,0.17843528577644543,0.0798024832487412,0.11735831426766134,0.05928449303984792,True
62,0.1690896191721224,0.09080699792950446,0.12410321497640973,0.16664809146473297,0.07478010849870154,0.03462331290495955,0.1290589123471856,0.005628386059622901,0.1135213915223784,0.09173996512438248,True
63,0.12043658153523377,0.05324286830684016,0.08264603717076575,0.15877750070860033,0.14543397417070345,0.1116131754346161,0.017671066521420756,0.07654372161615912,0.13934355790595193,0.09429151662970861,True
64,0.14801162879917001,0.013580071230608955,0.15620506330309336,0.1262519906030249,0.07077878326368955,0.07702951690942907,0.09576269601021818,0.15155709773028303,0.05836577266192906,0.10245737948855396,True
65,0.03457893302963159,0.005109888655264708,0.18011790317277138,0.145195158712713,0.10737424562613876,0.16934159573411206,0.15758201627008528,0.07954664881733607,0.058317543827606795,0.0628360661543402,True
66,0.03536734165217829,0.21922854157577967,0.19325268257566938,0.0225512616409895,0.17356454491839435,0.08081175872324148,0.06067637238596526,0.01319902374465369,0.027075159584162917,0.17427331319896547,True
67,0.06605511697659373,0.15927134310199276,0.10448317973198172,0.025050695574431146,0.1530250878806012,0.07965050243399821,0.1630909469418226,0.08262858031465552,0.12173051188206292,0.045014035161860234,True
68,0.1463551183150409,0.11399664469649239,0.03939906626076656,0.09309377944328982,0.10447962614057017,0.1299764042863576,0.034787564513478184,0.0557820082148887,0.13579973333169387,0.14633005479742187,True
69,0.054518070564824855,0.16665929299249826,0.04683319320315554,0.12257141322386415,0.06909018419222734,0.19967595879756964,0.2006825777631694,0.0001770568748882378,0.04426581189341919,0.09552644049438344,True
70,0.13650402685359173,0.07068959967960553,0.011704367305212376,0.07759602951590372,0.15423846804035063,0.03667397946092143,0.12878647408984467,0.14421351411909258,0.15843752820424245,0.08115601273123492,True
71,0.056619533371034175,0.07924700398485439,0.10488792735700699,0.15270012053869791,0.1129098349854049,0.05031229306319689,0.13088439719582096,0.1365486933313897,0.1281578276087397,0.04773236856385437,True
72,0.10132773154749943,0.13872182961594487,0.008575083240943757,0.11855445149263767,0.10010083016423368,0.024778954170620687,0.05505520436304563,0.0760575213107108,0.13041552142464513,0.24641287266971848,True
73,0.2272914484088172,0.038604859151721876,0.14840250839616506,0.22849300195812933,0.19072392394147622,0.04079292627897803,0.01302405015707847,0.000169591923035462,0.0790377695727706,0.0334599202118278,True
74,0.10864346636806821,0.018851100157366563,0.13992593493715627,0.13022359322071553,0.10721427502192045,0.10542741794320233,0.16040849107532965,0.010305212027859927,0.11859525887069182,0.10040525037768921,True
75,0.12784385088836517,0.05179299621352014,0.13204197189337757,0.19614940310027407,0.13300841391029064,0.18554554436810258,0.02857310435886809,0.04029559052153124,0.03335600081191076,0.07139312393375967,True
76,0.14637246967667714,0.19406473471897887,0.0394689312243395,0.13155334423687517,0.13926505051003368,0.04478397414345136,0.10881246081957566,0.022989191900239264,0.009945265055958353,0.16274457771387105,True
77,0.05922411035488786,0.025009907213888658,0.06840662593012911,0.08596472445667178,0.2192384579277746,0.16397408225874857,0.18367827230554984,0.15892181297205346,0.010331926823979246,0.025250079756317063,True
78,0.13825531767513166,0.02509860502573247,0.13329410728348784,0.14665298317937023,0.025213745257444284,0.14776242983982188,0.15287187491922363,0.038851566782208295,0.0810678678335711,0.11093150220400858,True
79,0.009845452321930069,0.10324828138487248,0.18982094491141638,0.09777187464431066,0.15457123599842337,0.1765820921301548,0.09407624872542165,0.008559886830959025,0.05488943956438311,0.11063454348812836,True
80,0.1589440762358221,0.12086837695197593,0.04043697139449731,0.10283162150730855,0.15957583333987221,0.02605781353492586,0.10452029882749087,0.11178238122276309,0.06248524602155593,0.11249738096378796,True
81,0.1627158419109478,0.18465580091010297,0.1141919734086115,0.02578962832844728,0.11880323730979042,0.06516718561136013,0.1677637212159537,0.15351770467030615,0.0045196218888719645,0.0028752847456081096,True
82,0.14478528966131227,0.17685537710913993,0.16628211651153713,0.09854797560046859,0.058414671079014574,0.06589464234257515,0.0011542952433592705,0.08536286025188741,0.13311754571434953,0.06958522648635597,True
83,0.025183645830351802,0.1565447160750209,0.016045778032380737,0.0761336407337733,0.17330321420213327,0.15338708941174833,0.08085218072606105,0.20108959537184384,0.057218987519228305,0.060241152097458735,True
84,0.04053447120466025,0.28868466905421125,0.14747014333434272,0.03417306767146703,0.007039231361958231,0.012758567017355373,0.021204895101754793,0.25164064609280107,0.10878819375016091,0.08770611541128849,True
85,0.0712386632856383,0.08291944942502275,0.040872325644605814,0.07832463576701912,0.04912925785892097,0.20089910279796738,0.03623474224983004,0.2116765285442996,0.12910825465521578,0.09959703977148028,True
86,0.03677807891052292,0.10693559537166243,0.18671356340755904,0.21849853610990597,0.07124474018846369,0.03396045459305897,0.15427672498452893,0.047204222162898844,0.05268358691489398,0.09170449735650524,True
87,0.026716288963090758,0.14697223653624536,0.16730248747900975,0.06638805031063062,0.026841835432485337,0.13793760528898394,0.17515792773020306,0.1771376802970969,0.07373616481804667,0.0018097231442075344,True
88,0.06725811513483532,0.1425407214452218,0.09975399015734043,0.13775175742540868,0.057881682648466014,0.16954473616629415,0.056869197625180945,0.1334439081034336,0.044413000010037465,0.09054289128378146,True
89,0.21890177189700735,0.06072924736329303,0.05913991530829341,0.04835075630613547,0.16955954025365302,0.027597131998581912,0.1035844463875858,0.11725423638693945,0.06915096610462132,0.1257319879938892,True
90,0.07763201908242055,0.16065318624284636,0.1426298717040565,8.245044103112457e-05,0.09289538690427537,0.11019558700076518,0.0949581252941991,0.08713638230667338,0.07166792214017707,0.1621490688835554,True
91,0.21458491954023692,0.04931010365083042,0.16834679540967337,0.05563346343463226,0.03780590957788122,0.018130688773100433,0.18617690464349224,0.2490883595049957,0.009668670388097277,0.011254185077060209,True
92,0.05615135601806474,0.05698941984262616,0.013241018482014356,0.04778375365161735,0.20628767318117122,0.09171896324014289,0.10867020549040268,0.20780940066453643,0.06283923603017785,0.14850897339924626,True
93,0.06972236036899207,0.08507002666350363,0.13953279311353986,0.0016720110795500629,0.14304633961596902,0.05001617491548513,0.14336282718841153,0.13149650498376358,0.15490960707803703,0.0811713549927481,True
94,0.07789176265376223,0.04733555120799363,0.05631245210809011,0.039647931036001643,0.09628444551322138,0.14407448281434856,0.1616527529547786,0.15182796761715392,0.1993096642849903,0.025662989809659715,True
95,0.13646198666760254,0.05611897937872511,0.16829630965073797,0.1533892332062152,0.031768610313645,0.10809573610859075,0.10797399463382339,0.01201894010945925,0.09693828293410962,0.1289379269970912,True
96,0.016270751084353243,0.08304179835680635,0.17124304478829508,0.07891773621221099,0.025805371965101142,0.11452136359275512,0.15095168238247897,0.1193156412838802,0.16201605688417617,0.0779165534499427,True
97,0.09109155907649662,0.03997170318831632,0.17159376165163565,0.18470012391370336,0.04400617050701427,0.06842515358074854,0.15692491700025668,0.15888291993929074,0.0546815868689081,0.02972210427362958,True
98,0.0779779560113449,0.0020567885769386712,0.1654926497851566,0.15520474151872252,0.17650855573444663,0.12026901601007892,0.0201291994762419,0.12232797544862271,0.04682569989713351,0.1132074175413139,True
99,0.1066534271726065,0.08093909545869184,0.1373184404424218,0.12205279804244831,0.09248864011185216,0.03935972888077164,0.04726236920288211,0.1402879951317,0.1287610775633325,0.10487642799329318,True
100,0.1459621983150197,0.1715659117825597,0.038082234755001936,0.06074444994929145,0.15129452947824784,0.08776817935546011,0.20710286700784164,0.043135349149162686,0.032199779524583465,0.06214450068283161,True
101,0.16558298093511367,0.151830206978058,0.09273886330476715,0.02449954393822371,0.0757707852269404,0.062092242293246815,0.04284499105883414,0.17548307418668369,0.14262485120288318,0.06653246087524921,True
102,0.05517467232461706,0.03899511906369375,0.133403498187206,0.008838460754373634,0.12259819336020877,0.024149099087486834,0.15611987023981647,0.1471601537006823,0.08764691091875093,0.2259140223631642,True
103,0.12943548706929472,0.07781680236355118,0.1616939940489422,0.017099977659609345,0.0695277757191127,0.12317056992190209,0.12519989221023461,0.13982522859116678,0.03207459525711741,0.12415567715906892,True
104,0.14440395491356928,0.001543256482323929,0.012945490844157165,0.03696072367462878,0.032060468294534336,0.19245287221912774,0.17737027370968558,0.15678797004260284,0.09536189764202589,0.15011309217734445,True
105,0.08456151816936511,0.11036672108617124,0.040783243048569326,0.11080651368462315,0.09823155507857029,0.05002624947827437,0.12254928151350533,0.15269391177631092,0.09712879857358275,0.1328522075910274,True
106,0.18296629457515787,0.18512483113317119,0.12157029576269034,0.10927929522779671,0.18687551595966306,0.034640173785564665,0.06493289093336448,0.00966435880716399,0.034187819085666295,0.07075852472976132,True
107,0.18710752887768375,0.15188193401862518,0.06603869154044084,0.13864328593173805,0.10740277890818908,0.03835555381089756,0.07198232784586932,0.06346539154354008,0.09572153181505326,0.07940097570796294,True
108,0.08252854131725859,0.1340440891575517,0.10986582459261174,0.07280690399984407,0.1431885710797235,0.1488977064586186,0.0896419573631514,0.1020643778384927,0.027146966453712458,0.08981506173903521,True
109,0.12783165728279341,0.037214071472590066,0.13732748327578745,0.10522128668000776,0.06412297967909773,0.09079038116117434,0.07446961921865428,0.05352480951921303,0.15154033837256453,0.15795737333811727,True
110,0.12711375998956648,0.12829304618139242,0.14157487082217496,0.004628089103332113,0.07053005243080548,0.04979508654339138,0.06428141953650329,0.1418170580231918,0.12991403650276181,0.14205258086688013,True
111,0.07006773509870716,0.10098788765081969,0.0930241696080206,0.14428531044902465,0.11645290571752326,0.15342943586746394,0.04173085171902917,0.13351843129594515,0.08609285212374111,0.06041042046972526,True
112,0.18488241828259794,0.02682864755781651,0.024312936751521817,0.16875678846172962,0.12020717618795139,0.1684511693115452,0.14600056166637923,0.0849719961839322,0.05167984371067118,0.023908461885854868,True
113,0.1692626995729721,0.05095584514668036,0.1793641212938777,0.10342785747220776,0.0916062760309146,0.06699307951579568,0.00037137124065704367,0.12355882347920466,0.1374476534639553,0.07701227278373486,True
114,0.17134842348009757,0.01639423351171893,0.05064737258672598,0.00479882308981411,0.16065547172093106,0.20218402073989253,0.07697965783463177,0.15894211328245064,0.06239842687598099,0.09565145687775647,True
115,0.1577128860294486,0.06631493017956709,0.13920105500517577,0.1312537974111479,0.13919858663860724,0.022982048411212066,0.17567624602884985,0.05937779266690634,0.03278430965141087,0.07549834797767424,True
116,0.1479174149659202,0.06700974988059123,0.12654569746556224,0.008052338087496894,0.11254829436913145,0.13712916490394386,0.12023396437872505,0.17776871057075808,0.046156218745030994,0.056638446632840095,True
117,0.0858495512622333,0.028118372728900203,0.10046571262992636,0.1378999085493001,0.08536532872376143,0.08377346424183657,0.1867278630697386,0.09680012706447495,0.0842580871969776,0.11074158453285086,True
118,0.03640130241737187,0.14164794512179404,0.16856368493469334,0.07317990031667425,0.1579549612110958,0.02696434000964221,0.19189852716075897,0.08172536162097237,0.01481278691799259,0.10685119028900458,True
119,0.09836238029078334,0.053862102891907196,0.07486720985941371,0.08101590841510758,0.1615239945179574,0.24441669860084034,0.012796831791382647,0.00038237223474198504,0.2111541867434262,0.06161831465443954,True
120,0.15760874187922183,0.09737016533023736,0.08234048754551213,0.0009107425194945682,0.12689611674409823,0.21072346822430152,0.1762566771116392,0.03025696446107203,0.11436310655658531,0.003273529627837797,True
121,0.12264740277605814,0.07101067907893081,0.10554854315042969,0.03703966263107082,0.0813772822709013,0.09284491052369453,0.024426925437938802,0.20755076221296737,0.10013052364377628,0.15742330827423218,True
122,0.08960968959121521,0.17668647319963876,0.05514870270410816,0.03695801223849086,0.007146513402670418,0.14039274564283724,0.12525572776846375,0.1505909094890389,0.09799814134424593,0.12021308461929078,True
123,0.14420452346269902,0.10802266764821189,0.06398958886760372,0.10291208004305134,0.012096443348841066,0.1519831429396746,0.15861692482501535,0.05799619324546694,0.1369241324334362,0.06325430318599991,True
124,0.05198499458975832,0.08630869176082491,0.0733459137953228,0.022978812900469024,0.17835286141220347,0.028004485801060335,0.1310582084084244,0.16819278717601238,0.18269909678765875,0.07707414736826568,True
125,0.06341883196647945,0.009995591901248584,0.2257271154098352,0.15893450830113492,0.16461854175030358,0.08995663995406629,0.14856334267351,0.027829516552031475,0.06815827641537557,0.042797635076014924,True
126,0.1009996178246744,0.10135802754117215,0.05058060519158253,0.06453901402055051,0.12500735104279048,0.09612157912403213,0.15814733808215992,0.0025767811460253197,0.06347015815259728,0.23719952787441523,True
127,0.15741517007008357,0.13340830849763674,0.10134117404673777,0.024910672110640426,0.09324157075994294,0.1551432414430904,0.002315939928909684,0.14008534697925884,0.05166881897701227,0.14046975718668736,True
128,0.029771212508194343,0.02928642859567029,0.12241703369787675,0.09560984006278239,0.10595038072577086,0.10926802404034153,0.10563245291051027,0.11389398743977382,0.14641207861544686,0.1417585614036328,True
129,0.09886235816834205,0.1685998327575182,0.043412192702457,0.20195528946135505,0.0488801974383512,0.1070948464815881,0.0404768305362269,0.07114213711561036,0.025410707822252677,0.19416560751629838,True
130,0.1331338185444054,0.039403222852085584,0.06995559944277065,0.12291287008191847,0.14290911196807182,0.014128747549730678,0.13304973043507978,0.019037781696996405,0.1355837164229346,0.1898854010060066,True
131,0.039417427004078964,0.015369878209743686,0.049942039242712774,0.11729158729112138,0.1348249331914137,0.13369517316976698,0.15543566167914846,0.11442659861696088,0.07631308377605944,0.16328361781899375,True
132,0.0897985465995167,0.12151418237057865,0.10894541945905721,0.17989265329951443,0.013772470381597467,0.13947529607803413,0.0888692970557523,0.037082848123860285,0.1603582102284029,0.06029107640368609,True
133,0.11912669392372204,0.22872322481248009,0.050370352591971805,0.01128384350842967,0.0843821549985482,0.0732469252372928,0.04364724561448606,0.08287427873313802,0.20308719503124054,0.10325808554869076,True
134,0.15498522255147953,0.11341376484232767,0.15851281277953427,0.04900233842157058,0.1419490265462929,0.025503743581187885,0.14440942139772747,0.10967251769744227,0.05834845867651692,0.04420269350592035,True
135,0.13870357695060623,0.09885952811862814,0.15770105271941215,0.1406927402557208,0.024304726098290236,0.13603432960066528,0.05814093181551383,0.06288641073340726,0.013408512902169665,0.16926819080558653,True
136,0.08115180240768405,0.10839964201085321,0.017213156383032367,0.023034677345599844,0.1779360455304937,0.14972031215581244,0.13672466848636294,0.08865693212684801,0.1761156288272147,0.041047134726098666,True
137,0.07134644848120641,0.0803282634261394,0.15476042415483054,0.043078096264652366,0.15295035517955216,0.21369288888137036,0.1748579813163419,0.019238154253856686,0.06144362712495256,0.028303760917097548,True
138,0.12308844875578034,0.051728484242735594,0.10547131232849026,0.00042612065284332274,0.054588090362340996,0.037278301343352,0.17201218204483176,0.11313096666413204,0.10964836190217198,0.23262773170332177,True
139,0.190938176725489,0.12754335437194395,0.08395005537117477,0.16073786351613567,0.15058010864272997,0.04557103950856221,0.05108369121129673,0.13154408202049145,0.041474677685816384,0.016576950946359737,True
140,0.17367140624646668,0.04197797437251258,0.14963320445209738,0.07592153631240768,0.07459462345175266,0.09184358823866773,0.05954746247156524,0.06875939710485637,0.1021142001477709,0.16193660720190273,True
141,0.02895077514283884,0.21697489933670325,0.16872852573892466,0.04296246666197371,0.19849284378720866,0.08246227792044529,0.10023962435756352,0.022515643721329616,0.007266067653287076,0.13140687567972534,True
142,0.11296987521413418,0.11375949189159613,0.12654824801257494,0.021835658147120476,0.057925045291723855,0.12251255493389947,0.191367223962684,0.07826788806724536,0.05893272402340803,0.11588129045561368,True
143,0.17154294478361065,0.0831570908363006,0.03453399689898739,0.1183197640592359,0.19969177356150863,0.026269409121122606,0.048873928785716905,0.12183969316121947,0.07062818459936764,0.1251432141929302,True
144,0.17410209551516595,0.12443289421081762,0.10591505043048063,0.07166629912563643,0.04672579646689537,0.1260000745664236,0.11553287102971073,0.047213905928934576,0.17095845252449096,0.017452560201444298,True
145,0.0331073284741416,0.003714698111377484,0.21119803048023883,0.08273202964055937,0.12496595855319137,0.022674611172519375,0.17709216753628632,0.07591476991314756,0.14374716299876322,0.12485324311977486,True
146,0.16179199490386942,0.0511525978328665,0.011396364725911743,0.13760899821365075,0.07617223334240733,0.12272743919830194,0.14370652726328778,0.07471684667112355,0.08010414270297223,0.1406228551456087,True
147,0.09944552521233872,0.06509307063567725,0.1548488434935106,0.12519474097369002,0.14156983708765142,0.13180852128875967,0.03882614277547512,0.03940470694461225,0.17717944826499168,0.026629163323293462,True
148,0.10497922309111664,0.15957120952163306,0.11830176502891175,0.18244810953975613,0.06861971442422636,0.11124220093893956,0.04706482306456905,0.1971974489633578,0.0017833175856242197,0.008792187841865222,True
149,0.06933697580364029,0.1802344495689559,0.09728014387719049,0.004338035622789892,0.16917099590358448,0.04312689303776048,0.08647486016225467,0.10548153841995365,0.05846471494160456,0.18609139266226554,True
150,0.1097452895498875,0.10682960236424105,0.13338278373984075,0.06798713358250683,0.07318511801658358,0.10260814603625118,0.08324256572976149,0.03868370974103891,0.11476475650039264,0.16957089473949602,True
151,0.02540558679313898,0.15358169775689437,0.17644815121208812,0.13059731997801363,0.045714237860711306,0.09733900793123157,0.0982800779339315,0.040440900020380144,0.055751314905661306,0.17644170560794914,True
152,0.12902826488676916,0.012493853202181963,0.01174661932995799,0.030453453081997223,0.13633313368805194,0.14769111099321536,0.10439778620173981,0.11180174590979107,0.15851522348035163,0.15753880922594388,True
153,0.09814597968987263,0.13092719965326363,0.12881795839221455,0.1562587801662855,0.17878828666481936,0.0149715269619317,0.07045657925084557,0.04276829626208655,0.1750592013473431,0.0038061916113374403,True
154,0.006281250546734382,0.07154816906167523,0.025976875606071516,0.1617714045621248,0.22366716411748502,0.07534328008738915,0.11911845920832845,0.040375769332394576,0.22649780233180258,0.049419825145994294,True
155,0.13503235160821386,0.1469200132894657,0.08627398735525627,0.14530545426538385,0.007315175023120135,0.0351064085330256,0.1657366850518816,0.1471528821215847,0.006365852023571617,0.12479119072849673,True
156,0.05613914548352944,0.17049559995200408,0.22055925525704947,0.05639604632366471,0.10248629343026602,0.011700011676991362,0.18544431302928646,0.03970058552581289,0.039974582347147375,0.11710416697424816,True
157,0.12088298462822421,0.16328481609194676,0.015020741172166261,0.1349978769487894,0.11870768442427512,0.15702427968620908,0.035058710013963414,0.17602150458339072,0.014446016744579347,0.06455538570645566,True
158,0.006046108648000364,0.12175204388556538,0.14867311049679674,0.15306517206270567,0.051782093290535194,0.05744797378363716,0.12291884646426057,0.10771625191488882,0.1375423111023541,0.09305608835125585,True
159,0.061982553217304996,0.13373988129593306,0.12755953521034025,0.0817961764144478,0.06226939902320771,0.14474260942276407,0.10768132885133874,0.12733539064878197,0.0015803288411673207,0.15131279707471426,True
160,0.15755791180699885,0.11301755961397837,0.02605094114206234,0.04391198020310836,0.11084795896979292,0.12601882713362228,0.080982138848912,0.1321599981121412,0.06525859286016238,0.14419409130922123,True
161,0.1297423968302824,0.026839488880628662,0.10613241201987525,0.09310025797675366,0.10231590752936674,0.05170410424664447,0.07452769376735394,0.18078428658768148,0.10015373960980713,0.13469971255160637,True
162,0.07924663547096703,0.022340664715616833,0.0932320898795911,0.01836485794597303,0.1845469327250344,0.05184209160630836,0.08135737946131132,0.1704834514830437,0.15732913335545687,0.14125676335669743,True
163,0.18442872607284852,0.13779754801019475,0.003464451054806487,0.16949451319773387,0.011202003880653757,0.09678765131649851,0.1050553510592692,0.023204817604267503,0.10675373848572513,0.1618111993180023,True
164,0.09173784998376082,0.06550008340875664,0.03632882768396275,0.1411792964331054,0.13891341297014445,0.16017426765229414,0.07952601421848725,0.12188020493168934,0.09270453552681443,0.07205550719098468,True
165,0.06216470522331582,0.013706065772641307,0.17440876600518884,0.0683553723231617,0.18163294490822138,0.06983097657414868,0.13738833484218804,0.1318138427985963,0.018440188273326732,0.14225880327921134,True
166,0.1467171989637558,0.023123570347931437,0.07836584690399785,0.15735890937295233,0.058874415241754324,0.04592081126975556,0.1632616158942271,0.17268910060588022,0.14883544917219768,0.004853082227547606,True
167,0.08334118824382394,0.010668310214561293,0.13805781264161418,0.15251762226063767,0.17399079250945504,0.054543353118280354,0.12213496270682456,0.0319178018127103,0.06231152597292421,0.1705166305191684,True
168,0.0541675781312427,0.1557226822554743,0.1273234998252129,0.13580896121580252,0.02037003646774975,0.14144561123858357,0.06992035906510954,0.15200595560858654,0.012644329338463227,0.13059098685377502,True
169,0.20889393913138654,0.10694386906515732,0.16809604772642384,0.04276472275291078,0.01100848852458603,0.06219647415279232,0.08075429724402121,0.18121663036068392,0.014944770254459942,0.12318076078757806,True
170,0.05881092088784248,0.019420237265294387,0.07963329936045324,0.1553532907035521,0.1386025728512762,0.1238229377851357,0.12740102363601652,0.1279243307217448,0.1511012909346484,0.01793009585403621,True
171,0.12860946469211806,0.11431131786183854,0.053564707868122334,0.0643393055219187,0.17462132538329161,0.02257045499139952,0.12810715310392579,0.1167020889315179,0.10314206441611933,0.09403211722974812,True
172,0.05077291264834594,0.1324337879399499,0.11456020119498558,0.12540213242331372,0.09888299399502787,0.06932111996595541,0.06432340951542499,0.12257007012820699,0.07830122935768767,0.14343214283110195,True
173,0.030882601916933282,0.24078852263530098,0.05303757729009142,0.11946598540141908,0.1075502033695946,0.03044546063134074,0.18185138495411818,0.07098907430647972,0.04059248848638503,0.12439670100833697,True
174,0.17299083111886057,0.026017027180304065,0.15504645970596478,0.11887309695873113,0.12531300725336977,0.09547808278075605,0.03517520419475349,0.1295709265637667,1.1959733408515219e-05,0.14152340451008497,True
175,0.04817681049343971,0.11741656642613038,0.007860145165975748,0.1928608277075549,0.1934249774935205,0.11598165893234948,0.02414533086401745,0.1521520972080208,0.08677918107234087,0.06120240463665014,True
176,0.14222872909435055,0.17594648566366483,0.009970317174338696,0.01586238855805447,0.09852020722687702,0.14950649497067822,0.11925338828754921,0.05571252430222841,0.17596810465330207,0.05703136006895655,True
177,0.08505872068127801,0.09313011559257764,0.12210941719277384,0.1583202649826514,0.08126248761970509,0.05089245460474701,0.140512470985801,0.06415545837715644,0.003776269696270493,0.20078234026703903,True
178,0.11481710401330578,0.06874262404436,0.129587972796255,0.10618884629621007,0.06708784408302121,0.11189620730213676,0.17041121488732247,0.12855479889410387,0.09237000848349246,0.010343379199792497,True
179,0.06151895145362717,0.1710293035592069,0.05025979488878738,0.18783351272604965,0.10679523730947471,0.16872281526960145,0.037367993436945045,0.04543061800983497,0.04280585744394096,0.12823591590253167,True
180,0.05654689527152463,0.15149222090742587,0.04734048534665915,0.16932678911626828,0.16497601837382786,0.056868605140831405,0.04753949711743931,0.09153761413129115,0.15834685358247538,0.05602502101225708,True
181,0.19201479663687873,0.20333158588788436,0.11397211220587546,0.003445515823225583,0.03975778396119857,0.10388196488140064,0.1215536303102113,0.17038668293594633,0.039170162207246034,0.012485765150132977,True
182,0.15225600347537796,0.10942694341899055,0.09255690717541681,0.03474875752637436,0.1344423240478172,0.15674015246975426,0.09837493843431774,0.08077344777547162,0.11788722694795341,0.022793298728526003,True
183,0.15201612086671853,0.037297444790877335,0.06733500696473625,0.11356357887397235,0.1162860920582722,0.1122419032669731,0.026719566704090116,0.11597220327788009,0.06262187002773623,0.1959462131687439,True
184,0.13064028401574815,0.004161340982997473,0.05013401963966215,0.11071234628452462,0.1901698135403532,0.13371752503475362,0.1393470921975663,0.1034580051652273,0.0879754109568764,0.049684162182290666,True
185,0.014616846129713213,0.09970634510127713,0.05936788850787488,0.049050761494348546,0.18545675192194136,0.050040647810032486,0.13964423572769824,0.17389011824904393,0.1441507236299267,0.08407568142814331,True
186,0.012033892323286981,0.047133967882584504,0.13981902502336985,0.1500313043682808,0.13426006081718497,0.09452435037060207,0.13177118692193765,0.11152141103850312,0.1035386868291716,0.07536611442507848,True
187,0.08053190708209917,0.11184584066629705,0.0331823782581466,0.18248057319394198,0.14722542381879056,0.10337302134171653,0.10755804486939903,0.10115442479423813,0.04220284601868496,0.09044553995668603,True
188,0.030031076904878554,0.0774892464448582,0.21855101241563343,0.11728182284701463,0.028957305554755033,0.042421602534819046,0.05190328021635266,0.03949979657401958,0.19549054213083494,0.19837431437683392,True
189,0.08994108751049229,0.007885377520411787,0.19680125033617424,0.020118238352593402,0.012281765509513319,0.1947959898941371,0.1610465791025397,0.08165171912947389,0.12784186185706956,0.10763613078759475,True
