ID,strat_res0,strat_res1,strat_res2,strat_res3,strat_res4,strat_res5,strat_res6,strat_res7,strat_res8,strat_res9,alive_at_end
0,0.0077207710210238385,0.23744728755125652,0.24761552466792053,0.12297832330047054,0.11994468261810581,0.003038672716177383,0.03233674203637684,0.02560389232850946,0.08162466027102015,0.12168944348913897,True
1,0.1258259542128537,0.11393389818372796,0.14858647005712208,0.014172114031186088,0.10373768378341403,0.08478692100855188,0.12406801369399392,0.15431355629656207,0.08813007488603165,0.042445313846556566,True
2,0.1731212808649247,0.0008671926212469782,0.023506800345062022,0.1646000982608485,0.1219841965397321,0.027818012554520037,0.09577459039174674,0.1340558045183951,0.094778714295436,0.16349330960808783,True
3,0.2027382657882185,0.010457519357997859,0.02483120263212942,0.10634476350911545,0.15331499523035516,0.07990053241523051,0.09762890894491766,0.0015248913772353623,0.1690693020184913,0.15418961872630874,True
4,0.136359231509613,0.11207011181515211,0.11246182073075194,0.07716350469346787,0.13606389182556644,0.04832088921797548,0.1451177648552275,0.07904556457995354,0.09267647080112447,0.06072074997116772,True
5,0.13851260460065057,0.0061406338698478365,0.15176987769782743,0.18699092809998397,0.07907997842994911,0.07794491647267807,0.046244395388263214,0.2010469417025118,0.007294038786335526,0.10497568495195227,True
6,0.1720726629350003,0.08733698020334868,0.14752601729876394,0.09722162466704677,0.07073122496976472,0.12726612888448857,0.056878904632533485,0.18449990415186912,0.00314677958667543,0.05331977267050922,True
7,0.09031440992875649,0.05461098993717936,0.0054187369298288055,0.16920160829477415,0.10530121783466803,0.10587096446987927,0.1667732094685451,0.09367503471079348,0.16715575495544377,0.041678073470131534,True
8,0.16547964363302967,0.13101990917514306,0.1554158969765958,0.12121677037099851,0.1157863176638941,0.12833512384567428,0.15560775130415513,0.006563970713884628,0.01362096501216709,0.00695365130445771,True
9,0.1663643229521216,0.05778630528110661,0.16687502358979237,0.1449530602248409,0.017111389106450117,0.06727479073426326,0.0069548691430328,0.0720868351071167,0.18030097035584633,0.12029243350542926,True
10,0.02273326509764065,0.008726619381254415,0.25340456626805746,0.05029417379281219,0.14288133477497975,0.10224581284264657,0.10125111788720544,0.039729918466766836,0.1326277051508219,0.1461054863378148,True
11,0.11652287396810589,0.12520938893596922,0.11948746411263772,0.11045737648308097,0.15084437766630268,0.1272821475998107,0.09855716728141853,0.043961176949077814,0.03730045362132832,0.07037757338226824,True
12,0.16911543559476241,0.13284634263666517,0.16176697664678413,0.0342411437449305,0.074323766442303,0.04784646753678591,0.12576857933054258,0.13614002090689445,0.0113756676686063,0.1065755994917256,True
13,0.1493044023827854,0.07008137194746994,0.10135918360845497,0.07275064760316118,0.13434235129284056,0.09460688501183896,0.13019384448930477,0.14605685194068155,0.06192316713137461,0.03938129459208811,True
14,0.0010731705119718272,0.07828205547753887,0.07382862104583901,0.23217754861638298,0.11978335916723847,0.006142353709384431,0.0029700856549440212,0.16387285028713547,0.15668664237198118,0.1651833131575837,True
15,0.16051153252247277,0.08233733323729037,0.0709213156862405,0.08893592413172494,0.09390777281285732,0.13364362191515855,0.07181064964962207,0.08778426937225527,0.16463793974949748,0.04550964092288079,True
16,0.21038139238622908,0.24040533267305533,0.0523349445505293,0.031377881931030666,0.08071282700789072,0.05189887517340422,0.00597091242516143,0.03524117947368014,0.08353105746277815,0.20814559691624096,True
17,0.20366481887961085,0.2039445648097331,0.009018649729172401,9.136802527067194e-05,0.004061463354086675,0.19240829355378117,0.00996277070771623,0.06826088677966544,0.20737676038469177,0.10121042377627171,True
18,0.07996090271993095,0.10070284120021104,0.15141228592377295,0.07290914675448525,0.09946023467661208,0.09764717237267276,0.1339931436597813,0.10624866770062856,0.03417955195812447,0.12348605303378057,True
19,0.023124368981492834,0.051305792903468324,0.035819593244541315,0.019412746476553902,0.18800459029039432,0.03716478741078781,0.2497686585181704,0.24389805819707855,0.05401084664293752,0.09749055733457503,True
20,0.14251361455274802,0.054140684433317085,0.005780880828053439,0.13554728907702343,0.14438302552536547,0.09865120824868208,0.07467193716236609,0.1917729340698769,0.1064184402094913,0.04611998589307627,True
21,0.16576622410480005,0.15665624769020448,0.09274013083060487,0.0019752259929141495,0.09242811435235919,0.018059472081471233,0.16389980329093137,0.019458900804322086,0.16397852067509047,0.1250373601773021,True
22,0.04929537733155849,0.18869754409892045,0.031163703130082945,0.1863639088483331,0.17555347627454718,0.03336995625193486,0.13041646251604802,0.03819785686633766,0.13013629523342737,0.03680541944880986,True
23,0.11092155173560767,0.05111691266344155,0.12302205352278901,0.06847621069784234,0.04821071921205087,0.14709858724575578,0.04610095338879538,0.14950401254815698,0.1592514987259007,0.09629750025965991,True
24,0.17330667293642796,0.008490331299096725,0.10539404609248736,0.07188305416402085,0.016912408121031085,0.09115681327722511,0.14563194678080746,0.12067844296516356,0.1459493271210902,0.12059695724264957,True
25,0.12217100024140772,0.053901779806754924,0.03417000045026915,0.15974046849055035,0.062257511631115925,0.17523198526138267,0.12580976930657622,0.09456051638772742,0.06866829422427058,0.10348867419994494,True
26,0.10719199415888468,0.062420385504022874,0.1259354536269207,0.13234070339139167,0.13354158598198043,0.0773763563371511,0.12509415218181266,0.11093788440758572,0.10491396274004179,0.020247521670208494,True
27,0.014489067220730836,0.004619811834348485,0.1341897903847303,0.13423066241513074,0.20781726935145758,0.1332462049948466,0.08800790259373732,0.03607407359942054,0.22862269699706578,0.018702520608531704,True
28,0.16862846577040122,0.14999870725834502,0.01953845328982739,0.08840463340215941,0.056071690586570695,0.12214269664570611,0.1879016805419972,0.09896567203898654,0.07214470143949803,0.036203299026508234,True
29,0.15259357033035278,0.005425968390572748,0.16765120803976738,0.02958984852802782,0.14646516151188516,0.12665325095801977,0.06793236579446295,0.13701814808621537,0.03907639721536391,0.12759408114533213,True
30,0.11250601520590836,0.12140619102509896,0.13376794931960487,0.12035546598279434,0.15548415085608858,0.08810894124933824,0.047398888503340286,0.06311714051241375,0.13496887411802938,0.022886383227383202,True
31,0.07784992273249489,0.04299116858107127,0.06989018266754447,0.14247241173767536,0.005400605419787722,0.0960845135447054,0.11641612781730612,0.18348843639576995,0.15393177503406852,0.11147485606957631,True
32,0.14059389437720107,0.17098800073161083,0.113674411449716,0.097370666863198,0.06568921542017665,0.05046605732720164,0.04700355516065291,0.06079050131681047,0.049661705947029074,0.2037619914064034,True
33,0.006794710082183221,0.16581491115330207,0.132901342046138,0.017174684509189693,0.1177385875492651,0.06684212260989618,0.15626201123606934,0.10791037572236814,0.06599467675426306,0.1625665783373251,True
34,0.09343504923113935,0.11419254910077456,0.10214134768724892,0.125367303886206,0.1466053156845801,0.11149500362710323,0.08964320585181544,0.09772992313256539,0.1164765956362645,0.0029137061623024877,True
35,0.1108228375189799,0.047029325755323384,0.09371942400126874,0.0007452899919947477,0.165754575340151,0.0716556560925805,0.08264231936691743,0.14225955952044805,0.16058861406082536,0.12478239835151093,True
36,0.1242167826906417,0.06882087719929643,0.0588588844686146,0.10375989492045183,0.135606122749203,0.11431829833922985,0.11801262533223401,0.061471983021062646,0.003053933482537428,0.21188059779672852,True
37,0.03871461867094771,0.18443046489257153,0.02415701797995166,0.13989120574748656,0.03485431594695052,0.18609403755824744,0.17786727290563625,0.10592020779060295,0.04181002345064159,0.06626083505696372,True
38,0.10954030563136605,0.07916888365499616,0.042080960597407416,0.1478006318112537,0.12599345116661761,0.07405028393663764,0.1551647608739242,0.017584319623965713,0.12536401599395958,0.1232523867098719,True
39,0.030764101543652382,0.11975657150040792,0.012527791900009081,0.16125145669215318,0.1109267741164283,0.0506751587126271,0.08253296577435774,0.1561055871353651,0.14903658941316877,0.1264230032118302,True
40,0.07982290626861765,0.18549195191746928,0.1118256463633282,0.04688499856726954,0.036034451384393935,0.03989575891796658,0.11999088575954499,0.1625755175474371,0.1923274460770027,0.025150437196969917,True
41,0.07223432042224169,0.06122346676980776,0.07258356034886634,0.07856788481160383,0.1384225663742408,0.14238722470400844,0.060548846901673406,0.10018579331314897,0.12155967402652769,0.15228666232788118,True
42,0.023501648136508926,0.012992195390278247,0.25616102164642357,0.12975049161187246,0.09122889322660817,0.011369883823424215,0.20328988723453828,0.14338634505063358,0.081308992996163,0.0470106408835497,True
43,0.12431873569728,0.16628169044731225,0.03418905687146541,0.12817669827139289,0.14264100017414905,0.08270898847897802,0.1674331067086258,0.0023753748490424947,0.05312078068963316,0.09875456781212111,True
44,0.11131633472645915,0.17661055743485063,0.09843985867693289,0.1172277361256051,0.042012886096512214,0.13894681178976137,0.126092695842313,0.017640716595349496,0.0148480683451807,0.15686433436703556,True
45,0.17472499957770696,0.0815911285114159,0.20155494242796307,0.15519483431844736,0.14257019320801995,0.029360710953228408,0.06641554066050623,0.022188246324840698,0.11176073366634078,0.014638670351530617,True
46,0.13912683369094192,0.026232342805902076,0.039907945143775186,0.1721430658214827,0.03634128039324801,0.1295972282574988,0.10635793593519685,0.09133248216497251,0.07074811289256584,0.18821277289441615,True
47,0.14561873916524767,0.08850093801601189,0.022543591982854532,0.03641390612019385,0.09444647525514108,0.15797031880224638,0.13896296502764788,0.10751159364580476,0.12547250555011824,0.08255896643473355,True
48,0.04235283840049787,0.05560205128326844,0.18688488079513832,0.12547415654814645,0.13453321814131985,0.22803591293763983,0.027142352882559388,0.05684873837400538,0.039422760154338224,0.10370309048308625,True
49,0.15752586249347184,0.199095979202219,0.034152607130508675,0.015197146948266836,0.12008813123072744,0.022344500550174288,0.1979749277082081,0.0249574763198763,0.10549041906369289,0.12317294935285472,True
50,0.016069041254196146,0.15073040790111109,0.14478697805191668,0.13852996692095385,0.07976264676515565,0.09675768552463249,0.0918017185165937,0.15397786019735163,0.04584583624826746,0.08173785861982141,True
51,0.12795920129287006,0.08051755485724778,0.029913591951093447,0.07257135315365562,0.18421821940585362,0.11836059832206962,0.1139665257293059,0.14039699097914346,0.09498201434744334,0.037113949961317096,True
52,0.07272516567392703,0.16158106749840745,0.02884523706657028,0.04955968534326363,0.023979137088767727,0.22110288325460206,0.1440314313554667,0.22044815676947008,0.04944358929481544,0.028283646654709574,True
53,0.024960392243275505,0.00626595580076759,0.08299829899954381,0.19484563618722275,0.17243415325180536,0.09593103465768286,0.08907344999049614,0.05711268294905968,0.18770453797452688,0.08867385794561947,True
54,0.016054629302409487,0.023291286367120436,0.12861501570505673,0.14537835758193152,0.19235286663627962,0.13993075618516237,0.09532139298884273,0.13107320281811538,0.03924909718026687,0.08873339523481492,True
55,0.09149730655601708,0.136029259763494,0.16319042291311583,0.07710431874049042,0.06502544068143687,0.11586624718203825,0.05787793576031529,0.1429543000470548,0.00861170128032945,0.14184306707570798,True
56,0.20226078174798615,0.024407594863270692,0.10694627005646494,0.04390273042882248,0.07059135325610534,0.17332456897976192,0.07791704482013766,0.008669945731797066,0.051928169291235095,0.24005154082441862,True
57,0.1217349110827569,0.01446433050791353,0.10752956784667278,0.010136875030902657,0.06695381234907455,0.26381187815268436,0.07953418667311546,0.0703703919880399,0.046842439397840024,0.21862160697099972,True
58,0.06745180894079936,0.13000114596691348,0.0035511275531250877,0.20677589652940404,0.13822506560073225,0.006412801661543166,0.1831966722877844,0.17219634987298327,0.038007466995419785,0.054181664591295295,True
59,0.01496555018051601,0.16509473817710246,0.0313151362150508,0.08193282906266292,0.17548768410134374,0.05569744196353861,0.10868366310269692,0.13180764582607143,0.14771626235291202,0.08729904901810495,True
60,0.02089499154539131,0.17333793830809224,0.19872485484032673,0.043155698683102386,0.16859100093255058,0.08040908178212662,0.06534351708946579,0.1752573900714211,0.03184770099952906,0.04243782574799417,True
61,0.06307747812309415,0.054052122992550924,0.014178594956850137,0.15930514438504728,0.1643830638372595,0.11561770493161003,0.05513210111096134,0.09831296086214447,0.1680998822566337,0.10784094654384846,True
62,0.04202993230014212,0.10905743084703841,0.006460730940302111,0.059380698948773604,0.10300390473213035,0.19392590635431012,0.09990261739778102,0.09009102334767229,0.14134798626060088,0.15479976887124916,True
63,0.07497977397890167,0.059376531592277626,0.034323821046151365,0.10652945371227904,0.1595301675326611,0.16458413792428084,0.024495441362128473,0.07860445330224908,0.13780766930789015,0.15976855024118075,True
64,0.18322231240609133,0.001820191285370119,0.08346349846392577,0.018715560163164113,0.12960644873291835,0.21499673977124872,0.013565542190925716,0.09455806108390653,0.1374377674803785,0.12261387842207074,True
65,0.015057777542457119,0.06281753283748003,0.21051515223148629,0.15891970750755377,0.08262540165401548,0.13002598281570488,0.0666682603450223,0.08151241671009907,0.009218123302462775,0.1826396450537183,True
66,0.14219651214882065,0.15041794681989798,0.011820627067817252,0.0660132551347684,0.16188677333011026,0.07588568917657096,0.05637898229278947,0.17269194176616362,0.10853989788750217,0.05416837437555911,True
67,0.3054221075097409,0.09413452125253967,0.005801850001167499,0.016390141485989048,0.0009481958009083496,0.22630282467279175,0.01776946511943432,0.2238782245956369,0.06340496998253466,0.0459476995792569,True
68,0.0690605989800198,0.13811442271813923,0.11100283194032794,0.030157415214835413,0.0432570633835454,0.09895860003452514,0.20073157494426058,0.07236615976030973,0.1095729297901062,0.12677840323393058,True
69,0.06505671450366161,0.12141111417055041,0.027231617105373945,0.024887539813931717,0.1805081026502744,0.07337290409743782,0.06405971426686372,0.15418545017129598,0.07993980385084504,0.20934703936976526,True
70,0.04082792563288598,0.11738934377927703,0.15736287765640555,0.15076481763177146,0.030676605843479643,0.07133888871181551,0.08544617474204999,0.19928997986519342,0.04507797717780691,0.10182540895931448,True
71,0.012915243397888364,0.1573383319544638,0.026968107587867128,0.12674356385355878,0.04251845376459928,0.18497809827381684,0.12857183506197256,0.2028748128550422,0.11447378288884119,0.0026177703619500925,True
72,0.024991362394220125,0.25233655777819136,0.008176362494002923,0.03408825202016944,0.29735111740041276,0.2947524624119553,0.042720313867366105,0.014520888042753496,0.027079776266131457,0.003982907324797018,True
73,0.14623381169260372,0.04482045830952507,0.11180305036483867,0.0947890867254661,0.06872914977561616,0.10875373677332241,0.14576100886662866,0.08428696074040144,0.06910887680971149,0.1257138599418864,True
74,0.14814952516326568,0.0805933723478473,0.09685105537710946,0.08680223363251444,0.1682446126122456,0.14986695593940882,0.01642798494286348,0.17476055684548378,0.028297665474521453,0.0500060376647399,True
75,0.1168512608320357,0.0664145140335804,0.07836560916607445,0.05522950679357445,0.173669044468562,0.03533491020282603,0.08465246067824056,0.09774117048520609,0.16364631646749894,0.12809520687240133,True
76,0.013639636359318369,0.10402709847336049,0.014017989204989206,0.05968127116923059,0.17605198610337977,0.17492798203941545,0.09427572898036991,0.1755335662716283,0.022639281681947555,0.1652054597163604,True
77,0.003045795323308792,0.13578675717713876,0.1391393966280619,0.009045434953806188,0.20994292729044756,0.11725186944791657,0.09254200108112481,0.04447511776463364,0.1532956108956261,0.09547508943793565,True
78,0.1252157266734263,0.13163092519183026,0.1323801041676475,0.08500950483980235,0.1092133228873274,0.16854180524819554,0.028402877226109367,0.12226606273009677,0.016647235065689745,0.08069243596987476,True
79,0.05008710883494065,0.17395821240398704,0.1481683377525775,0.04731330803079129,0.15628517659572452,0.0686733447048716,0.09926410120583591,0.04256613822540993,0.10142029264396127,0.11226397960190015,True
80,0.0752336951247687,0.05798369756885864,0.12387138013847768,0.20818169555310342,0.07124852570517791,0.08450227721770306,0.008859901472763105,0.0925385246554812,0.17061810605759103,0.10696219650607523,True
81,0.012901090241387681,0.0887275265661418,0.2225175541181074,0.12906004701511786,0.02595736264256164,0.16733333402094408,0.024734917282470965,0.15308608069832602,0.07223200310538815,0.10345008430955449,True
82,0.07995614582091971,0.07718476423566033,0.1384687649452813,0.12924949384799278,0.14062802359228954,0.13617723273955132,0.07918390046736531,0.03188815352390903,0.1397950916290624,0.047468429197968336,True
83,0.05574662724176456,0.05211861132322479,0.13207994520468247,0.11614209168095813,0.1406743671291168,0.09015493701629057,0.0641583852893423,0.14680397064938325,0.09765116522457536,0.10446989924066168,True
84,0.07382666053691592,0.17714878707185003,0.1673388716925209,0.03515302740731064,0.2022969471458497,0.11997832928663006,0.1178386568708301,0.08056184436550563,0.020952512506498527,0.004904363116088453,True
85,0.055217747918835984,0.14024677377465508,0.15246776263270148,0.15134624351568277,0.10443833393354277,0.14595539374900543,0.0816746665252994,0.028564076912946643,0.11879717304977562,0.0212918279875549,True
86,0.10394572854250372,0.07814155856333484,0.13219377606039695,0.1295002637892536,0.14135966952456597,0.09752782877841958,0.0483650695800331,0.13338188528176506,0.10878060987563173,0.026803610004095518,True
87,0.12011667095137206,0.04569204287084737,0.2012055298817803,0.059034431610958636,0.11370919222134385,0.11596086343291738,0.24813296668263965,0.040019256714150256,0.006377386065802052,0.04975165956818837,True
88,0.1350884349686317,0.0716885269206711,0.15201584349259106,0.05647320650624244,0.1573989178317688,0.12566182624696492,0.06832277872525601,0.025143803060024887,0.13749190678525966,0.0707147554625894,True
89,0.13890839742196662,0.14372764134666327,0.11855270156860176,0.09771609562206916,0.09471084695844291,0.09478439779253002,0.0020038891672193512,0.17176614224729564,0.0952636518859989,0.04256623598921245,True
90,0.01169793588754284,0.03773787262136941,0.16079814932356426,0.21557294000890817,0.04521489727193542,0.20227585908541462,0.015021277081644867,0.14022813105238546,0.05733299584032288,0.11411994182691214,True
91,0.048033983912555436,0.20833526432488056,0.0717565377943685,0.10822907791867917,0.02821667374923133,0.016739630475831317,0.08109466298104048,0.1298867472683618,0.21128735203089974,0.09642006954415176,True
92,0.039210553902603085,0.13490957930674854,0.1621010348702322,0.06605572040158483,0.12450027335407327,0.008824249847279912,0.16043571966566897,0.01618031877920045,0.16965395930398328,0.11812859056862557,True
93,0.10326563738538745,0.06270485274104348,0.08204122988905188,0.1421489535942833,0.012642776829963526,0.155542100545116,0.10946333794375662,0.08238582011643561,0.1436605379405487,0.1061447530144135,True
94,0.09882570038549501,0.15699338447175995,0.09646871497392702,0.15241851619917834,0.11809996112617963,0.11615973871504953,0.07732404004730069,0.0811618535746884,0.08175896129828807,0.020789129208133455,True
95,0.012300785958522818,0.18953842034353433,0.026258525264226142,0.06134310867197637,0.09118027611321908,0.03488438968306899,0.20069651882853906,0.14911467284518815,0.12628362823818534,0.10839967405353963,True
96,0.019512005089630285,0.12571801000127772,0.11345192408690508,0.011559220246401677,0.10082086241661004,0.220278993802558,0.08055924232869274,0.017894631704680218,0.06700711414051752,0.24319799618272675,True
97,0.09296319042433245,0.06880762578960048,0.01773027451982224,0.14397899465876499,0.04509034908810308,0.17015449170822722,0.00025274790232445425,0.15746910201464187,0.17485794251720976,0.1286952813769735,True
98,0.08354262079095716,0.050007885165078515,0.1467119393794274,0.13022776008622508,0.0064197405909481725,0.039158995866159355,0.14568961705182004,0.08939434093623372,0.1549045491662203,0.15394255096693027,True
99,0.035476080777948775,0.018853770827191595,0.2036916090851175,0.11174599685534399,0.15066991028099622,0.06236180286963178,0.06177320552158473,0.18072594116130206,0.031030301198493832,0.14367138142238953,True
100,0.16264934513962342,0.07895145352745955,0.1336655109261134,0.0786026966486662,0.10533113219436561,0.15358710051183874,0.11572430381737911,0.010295830831612106,0.10816598653940881,0.05302663986353288,True
101,0.0922100850319284,0.10509551697629789,0.12170283584568739,0.06557117553196362,0.09359324570437438,0.10583795844252133,0.10882350958650458,0.12400061942618852,0.11605859907151257,0.06710645438302128,True
102,0.06190326506586965,0.046223790325942704,0.2889579760142364,0.01217907908139662,0.007865565950654976,0.05377067735716848,0.16700174125619055,0.07191519425789031,0.022916803374748353,0.267265907315902,True
103,0.10157931748167327,0.06721019475233635,0.13960869392147796,0.03285007821971984,0.11830846223634117,0.12421500290896033,0.1361497198917324,0.09116137529043628,0.14001439033741103,0.04890276495991141,True
104,0.1256973804063309,0.12144144116400574,0.051573770795158,0.07710942778704044,0.10208126400632087,0.15777355797445272,0.14143000259619626,0.09063731274995375,0.03668703532176938,0.09556880719877181,True
105,0.0640008631711,0.13384782097678,0.130569542860703,0.09596342151145043,0.074543897297189,0.05401709423425295,0.09828748310880094,0.11581495761090033,0.09624305966135814,0.1367118595674653,True
106,0.14508818371127255,0.037456128221009855,0.19090439098412354,0.01036968753337988,0.11884127937070599,0.02752790520781484,0.22585629782103106,0.04855270730532125,0.09820088921917172,0.09720253062616917,True
107,0.06118726394328919,0.10955873679665706,0.14668284738596019,0.051566562412532484,0.1199337236148826,0.057079086577098655,0.03759541954116047,0.1465026156593342,0.12396347311118631,0.1459302709578989,True
108,0.15159126251539384,0.0811270178637513,0.11088832582094946,0.05614277745432487,0.04017345093062315,0.08620381012102232,0.07284458698854525,0.13213161235114596,0.10926032161205407,0.15963683434218987,True
109,0.049252679253846715,0.1657304793384251,0.05148176150896745,0.04614659693733516,0.06183288638871129,0.03109279208929887,0.1684496863153095,0.14747677120218064,0.1833483326055206,0.09518801436040467,True
110,0.047492510755807175,0.11629722442488226,0.15137506257187744,0.10023355288451331,0.06937945943199032,0.12424334178634448,0.16193578666698247,0.014553827183234242,0.16380235212700553,0.050686882167362765,True
111,0.19256490971347195,0.06472922546936695,0.10785288957905491,0.15830861688072717,0.05880536538667003,0.04245557613084472,0.08806479689084012,0.10405076651025204,0.13784346417830554,0.04532438926046655,True
112,0.1273085775482834,0.008208363625545738,0.16941934952178336,0.13028184716411492,0.048712628517319556,0.14311442931557197,0.16298192120484606,0.006534103349487721,0.14285875673872378,0.06058002301432357,True
113,0.20199252016026062,0.16616401012706894,0.15772654655793472,0.09970064101670574,0.044918935047051155,0.11136203329357829,0.03211441650247676,0.08194897064150963,0.06968668309404248,0.03438524355937165,True
114,0.047102058516680055,0.08728025960570347,0.0902808218877284,0.12024293701253136,0.1696788330249792,0.1753396457432482,0.10770676426844594,0.03877278310642049,0.14773587492187612,0.015860021912386803,True
115,0.003333175718560057,0.20009076129869313,0.10220839313626826,0.009706406132009186,0.06982604413110709,0.13852999784597994,0.15630220992909472,0.200665045202329,0.06067309572016828,0.05866487088579037,True
116,0.001526808169027551,0.13664978846965384,0.08348238387721982,0.1532684762765782,0.13168083641135364,0.15395229389940562,0.06551329038032984,0.13535736446732108,0.09995549227574325,0.03861326577336706,True
117,0.03714869059765236,0.1535704064343303,0.1529711363751249,0.18827503306615317,0.041703609963868626,0.04780344854957063,0.009536329849899192,0.12525515808288876,0.19925722174328184,0.044478965337230184,True
118,0.15261460087012294,0.036417070064277024,0.13354889658427507,0.1868760730372502,0.044246005668612254,0.09618264366817571,0.1016034848249505,0.1842496101266528,0.03632410131195196,0.027937513843731606,True
119,0.04264518601392483,0.07929850124556986,0.1588215787252196,0.11580986971208355,0.11765479769520698,0.12465261923662649,0.0005708302550726486,0.1422736697380378,0.16991667696022003,0.048356270418038284,True
120,0.09810057915124211,0.007637680628359429,0.15854416014726352,0.12641892211433187,0.10587206313398508,0.12079554781476451,0.009298770759047167,0.17211279647756697,0.14449037477363758,0.05672910499980195,True
121,0.0008789287039054607,0.06435474812150556,0.11835278017642448,0.12697811655342367,0.07230929939716027,0.14439588735949815,0.15695284301152201,0.09351814228704507,0.11372171445015879,0.10853753993935665,True
122,0.11317985760280208,0.15493003077383824,0.17721358309814503,0.1294825512589118,0.061520043242425916,0.06493315239296664,0.09458871463796707,0.011754121710108482,0.1318973916917239,0.06050055359111076,True
123,0.08640198593410674,0.022024402045174796,0.23487546138054766,0.11909743423752585,0.006744075507680224,0.0868610438797523,0.030463720520533255,0.008963098852635921,0.1586107347791799,0.24595804286286338,True
124,0.08134076048212428,0.10493704728491962,0.16769255038156047,0.11763688111707193,0.10312493779030779,0.09887724123024566,0.14689085911079983,0.11108294195573716,0.0159464096618893,0.05247037098534388,True
125,0.06318100121735064,0.06999437424905583,0.1028262377138268,0.16950574030410367,0.07572043659716621,0.029867372392191005,0.012570357199233176,0.16036412696344712,0.15827012413021882,0.15770022923340654,True
126,0.12005350187203004,0.18601031249535477,0.008453081562781373,0.07038042021815959,0.1708958734378361,0.10994445374961731,0.01876908704929426,0.0033039559735217566,0.12374393022668395,0.18844538341472086,True
127,0.06707995120230621,0.18000326055555543,0.0020336145322451876,0.1599810424474029,0.023888759309136687,0.05632164512431831,0.07441551531646617,0.06701938189401135,0.1929387673861305,0.17631806223242721,True
128,0.12263123812967132,0.029290111333103296,0.011200971633978742,0.0947111361067096,0.03400543143317105,0.09619363346133832,0.1508607259957576,0.16258699109198632,0.11323693051025048,0.18528283030403334,True
129,0.009172298479915495,0.11943349309942596,0.0914273301891559,0.041790486978475525,0.10372804432194792,0.15389019335051043,0.12518620444600886,0.11986907967022584,0.07101365164185887,0.16448921782247514,True
130,0.0829570101230624,0.0956259362603107,0.05357895191707323,0.10527139960458615,0.14084350280571684,0.09513554407338552,0.07938833301224782,0.15214952414199953,0.12489254657060647,0.07015725149101137,True
131,0.1418177376774794,0.08650559498493461,0.13428766309894963,0.010844278733962731,0.13165367036366518,0.1339682132387897,0.06875347295606794,0.02898543231923688,0.15024520759095605,0.11293872903595781,True
132,0.18717876697656358,0.1839595242343062,0.0874033702728088,0.042886093001981915,0.02114491784611573,0.13941453827549788,0.06945740468775277,0.010536997525853773,0.17488699448054504,0.08313139269857436,True
133,0.17740995483280977,0.16908879365276105,0.16717460759618377,0.06608017503146668,0.05613615220772237,0.049970391441981725,0.028027564697813645,0.06390720123690762,0.1006188138659879,0.12158634543636561,True
134,0.05752590504256629,0.1404245543583555,0.11057824172308542,0.09494859292462783,0.1378152908715041,0.1277909791028143,0.1403757520983697,0.038383805270553836,0.11322186834382839,0.0389350102642946,True
135,0.1312657906159183,0.1267811626636781,0.07310542751640471,0.037216108593051155,0.1732710692579467,0.07391938471808529,0.00581088872092015,0.11090774379132774,0.13391358411313972,0.13380884000952817,True
136,0.1650478965996486,0.050997989223104424,0.18064592291165404,0.12351898125128162,0.09871128185419281,0.1140751886207278,0.14737056248788316,0.0408792704491574,0.008791671421560324,0.06996123518079,True
137,0.14857743979699894,0.05828056584073905,0.07615732974347762,0.15599703314746147,0.08386884876854232,0.11032243486582909,0.15248598386531131,0.03165278370325908,0.1433403858386815,0.039317194429699505,True
138,0.2203156020281154,0.23529891095251979,0.05878122933390097,0.0072351661239563455,0.02801369067180754,0.003911165196578111,0.12036221376469244,0.08099630281528805,0.21047463233594815,0.03461108677719319,True
139,0.08129099373973372,0.0013592276711561371,0.08224524405917974,0.14841749829063627,0.0322046325726897,0.022513272535878412,0.09227968072563114,0.22458728745971282,0.15200029911373647,0.1631018638316457,True
140,0.035197578624759106,0.04045509515247175,0.0938378621766456,0.1229708496455293,0.09135094395026117,0.09934934355867558,0.1113213030618955,0.14801520876911137,0.14810605773029517,0.10939575733035539,True
141,0.11093058233262246,0.08515612815939602,0.0980525212921248,0.16490841681390367,0.16859862884975263,0.09112731775137844,0.03330732427313007,0.08434005227746126,0.15593636134120925,0.0076426669090213254,True
142,0.032869627200487264,0.18993944004506197,0.17155994315192277,0.06856260810171659,0.03192399366081391,0.1095706981753509,0.07104916133523685,0.032343739116354506,0.17305179284739855,0.11912899636565683,True
143,0.16932122786376297,0.1355696739049762,0.03638359324813216,0.09422007302212451,0.13453003637452143,0.13062508931706354,0.030121366164226508,0.06603076410233871,0.1341479109639224,0.06905026503893151,True
144,0.09022559710143169,0.03857702285887857,0.09307252432172207,0.07687944118560604,0.08124427984808823,0.1272826585198794,0.03349642966350446,0.08654645088968155,0.1479163895352453,0.22475920607596264,True
145,0.14443652221752082,0.10386057791776097,0.09314602915939904,0.1141493488647176,0.14199220980109506,0.10437006360688324,0.07848230945002445,0.0934122609260718,0.09572502733903147,0.030425650717495516,True
146,0.0352577611715699,0.06988555231730419,0.16730253210707877,0.07274341980149451,0.0634475103852595,0.14561196561939008,0.11362298907416515,0.10970396060003897,0.08606984635399043,0.1363544625697086,True
147,0.17272933044274444,0.11480613643741777,0.1557862355385508,0.0665215698565065,0.10777027854012809,0.04641467105081871,0.06777463271975279,0.07027815149690193,0.16556175392250805,0.03235723999467102,True
148,0.06559599590578734,0.04354231704595358,0.09566479537558366,0.16915599682832624,0.09920558251098037,0.09340355252684625,0.08033890812381284,0.11635365832327127,0.14111118302068842,0.09562801033874999,True
149,0.062246739521116645,0.06620647387055047,0.11945248283799056,0.13607366222860498,0.09746862779541723,0.06232232017255169,0.16540645592787695,0.056662655030245264,0.10642766143383933,0.12773292118180696,True
150,0.08647568200685808,0.12343632013479305,0.18158289931876684,0.1195906818780147,0.0901562863484471,0.09133476045455768,0.05307353908681189,0.06404294065124647,0.04546090877659536,0.1448459813439088,True
151,0.04472686585080182,0.08659785712362017,0.10327011146690392,0.10398686496914289,0.03398340477588409,0.027300078078965593,0.1266140711478838,0.2363862908201102,0.09006562307261436,0.14706883269407303,True
152,0.15198965638457013,0.09520492984934127,0.02998667793045567,0.042262770492103745,0.21436670959387902,0.16157829314630742,0.09131256111922427,0.011779075978798844,0.17824964746409183,0.023269678041227853,True
153,0.13571421733444555,0.11176001736258491,0.02825386711965092,0.1924633412181449,0.0772473587176779,0.053863236796897286,0.07561776374025864,0.16969043274558057,0.10406623650490852,0.051323528459850803,True
154,0.12858876424456137,0.17875642424770952,0.03217388405318404,0.11583711186085698,0.10319163452537444,0.09258689162514457,0.05976621661565156,0.07166257011526532,0.18275945218648376,0.03467705052576848,True
155,0.01667849322870408,0.00511513783173148,0.09256204923073051,0.042702908356120034,0.22160473362005897,0.2358712875646194,0.11900837603873372,0.18922426643112963,0.057890474431301756,0.01934227326687061,True
156,0.09574220311082565,0.12200543168164903,0.1353464877451937,0.007999094299847985,0.13188171213532054,0.038212428554119035,0.13402188831011838,0.09401326142584138,0.09986493836414344,0.14091255437294087,True
157,0.11589173975761172,0.09689336860902817,0.13293831002767034,0.1116842042519623,0.09231814786719024,0.18012488039885266,0.13904188883910337,0.02247854658536957,0.08198550691401885,0.026643406749192706,True
158,0.013569515552352729,0.012331147160107542,0.24139033517015987,0.20845442124085387,0.08058829161121403,0.11966192888125646,0.061424249209733196,0.01871344935558,0.12119121805547459,0.12267544376326771,True
159,0.08034336810396966,0.1809495669262116,0.07607778104925045,0.051518579306650096,0.03340962168345655,0.1872288358482249,0.1864698094143852,0.0009108638896446499,0.014433387008520355,0.18865818676968638,True
160,0.05091648651222253,0.10584932454017604,0.018466708533526804,0.20532611822048502,0.008591459534981073,0.14234594826657584,0.12204469656953935,0.20001810088009123,0.022096035813233605,0.1243451211291684,True
161,0.09850350489559571,0.1707263823520525,0.03529074680514589,0.1507388203624255,0.05013274082768536,0.13191486041295628,0.1311953647355028,0.006029735073174494,0.03029276270016139,0.19517508183530002,True
162,0.1343877902259491,0.09348143772284118,0.05005960864017643,0.07969426619441755,0.142156509891569,0.06403178757744583,0.1370004596870614,0.07502302885844801,0.07803393971864901,0.14613117148344248,True
163,0.130220796382033,0.10868609879766536,0.011226167848470706,0.03428771315386571,0.04299904900493862,0.034567311456496295,0.2273959282029515,0.06826943214315517,0.20212289792722246,0.14022460508320125,True
164,0.04665425252202671,0.12540849556785538,0.04891864224959541,0.06342995680960997,0.20043667171406856,0.05414303952021185,8.898823291498599e-05,0.2123478431004585,0.08120314393108277,0.16736896635217577,True
165,0.12619979036252613,0.1637770730251429,0.148706558783209,0.051365624998791534,0.11463576002829191,0.07817263438160642,0.14305860376530571,0.08447430943508293,0.07294020533447947,0.016669439885564002,True
166,0.10299126978213505,0.030070575215865977,0.06221162546394083,0.006728442600874857,0.052654119596555284,0.18475439287693626,0.20013794960831696,0.0031330114543125843,0.1833586252657012,0.17395998813536112,True
167,0.09999531490337624,0.18687457764818355,0.08609588335549692,0.08167012070652696,0.19252692036313052,0.08206334685279172,0.03254459654984895,0.10381955185721549,0.10114944136532823,0.03326024639810149,True
168,0.1688859299588161,0.13914591675473917,0.07532786004113536,0.12408256647839537,0.04079337767891235,0.1903170300518382,0.08543604840948353,0.04782033525970757,0.03437626043915367,0.0938146749278187,True
169,0.08917724559018657,0.12468130572224002,0.16205259477724715,0.12169858660506362,0.00794835074081472,0.06262070157264302,0.14938263933763332,0.0994282547107237,0.1686939161942917,0.014316404749156093,True
170,0.0803007715269952,0.04496139883832966,0.04939200864324102,0.14524505284054282,0.07663463029721805,0.146034247019173,0.13537881683570482,0.03845730405939477,0.1747151069975675,0.10888066294183302,True
171,0.10208604625731595,0.08084369127065641,0.02712893337719764,0.11228794914326477,0.1738675990550958,0.04061669957754852,0.129921504380146,0.20369731548968079,0.044274633113761314,0.08527562833533298,True
172,0.040452956075077824,0.11364464024618448,0.016231335558880282,0.1409059595905044,0.026116084707909333,0.1435268650268403,0.16389536398446733,0.14302508676946854,0.10489625035319876,0.1073054576874687,True
173,0.007289523705053112,0.14971342725190534,0.14414832495335894,0.03695133844957105,0.10415018053013343,0.04852297897880204,0.18256048488267015,0.13715313906504945,0.1370317692352798,0.05247883294817662,True
174,0.16431874503944072,0.19401144099042614,0.019028650615767338,0.024966747215313136,0.04519877055209258,0.02402393799133341,0.06689681282811429,0.11491469313738689,0.1309580313355874,0.2156821702945381,True
175,0.17865363195755563,0.07548010012340599,0.011372308851409186,0.15544126102736347,0.04024532171865705,0.023815671294023826,0.1588210825178131,0.12200536902733668,0.057129239252965903,0.17703601422946919,True
176,0.029598763746894095,0.03546676463358365,0.02032967593601395,0.18780902166134672,0.15205663817925108,0.11395368777396261,0.11883287990645013,0.0848960291843927,0.021684983346909683,0.23537155563119533,True
177,0.04755575037804999,0.1756614568767643,0.015079900561761716,0.13604341422978322,0.044658788419716565,0.22810149681292494,0.08899352309419278,0.04135849890390845,0.18698057103096216,0.03556659969193584,True
178,0.05680643347503787,0.08784808555494412,0.07034021811464787,0.1402249066500768,0.1014399724849791,0.11647952503347497,0.09933947783916863,0.04898547023615807,0.14171289793875308,0.13682301267275943,True
179,0.09204209945699206,0.05798424989004875,0.10087198934308642,0.03371818712644628,0.0052356387433093775,0.04542705584003667,0.2455429106730542,0.11579255306754793,0.22346965306198313,0.07991566279749511,True
180,0.07526141782140099,0.03863616800812585,0.0700040149508583,0.17263756818256512,0.14102320445548747,0.1457878771366115,0.0018571490137866188,0.09193162070580473,0.14531414887513358,0.11754683085022585,True
181,0.09101986786457619,0.13825610371270738,0.09635574651632416,0.22901025912909365,0.0375051519662625,0.005488043745405233,0.23556587669677237,0.08645919343298152,0.07749113636593831,0.002848620569938664,True
182,0.04588891439355674,0.05318704889373826,0.2689792729866066,0.012695635763270607,0.14192651659925126,0.2679636671434442,0.08773426402648155,0.08148697670362105,0.02890339260378385,0.011234310886245815,True
183,0.10922425178067892,0.08911623904359131,0.059525894021678946,0.12604426267568414,0.12890682587215357,0.09688113955488928,0.1057592976409673,0.06364698946002413,0.08187860790596088,0.13901649204437153,True
184,0.09959527307788082,0.01956962954061768,0.09843146873621307,0.03142116857828903,0.12566639795465856,0.25681859390140716,0.04583679876498625,0.057620347015184085,0.11922919511132442,0.14581112731943893,True
185,0.04821172003152187,0.13181257719804165,0.010986199511779348,0.096672166468415,0.30656723149255233,0.006286134519107649,0.022593831007520885,0.13442426000967225,0.20925431668527106,0.03319156307611799,True
186,0.2471428293161455,0.01808115880353253,0.08581849376915685,0.11098425550143254,0.11099362556899113,0.027053494024917277,0.16902097852223788,0.12300319799183913,0.08931276777850629,0.018589198723240795,True
187,0.07848430366023378,0.10354414921458155,0.014463312751943486,0.006990128291787331,0.1082753798492513,0.24864478136982646,0.12912550891708027,0.08474160719458947,0.16529543318075104,0.06043539556995531,True
188,0.03820235879292225,0.18424788351643065,0.07401851339124936,0.18550324883102742,0.07022420453777463,0.1250288999711255,0.08530542586617068,0.033456880836807874,0.08121119910044626,0.12280138515604525,True
189,0.11568986726451624,0.14265420645884622,0.12151642806436305,0.021675458100892407,0.008262907670850094,0.11536454128517591,0.15030792217169384,0.08920935959820615,0.15800677319848372,0.07731253618697236,True
