ID,strat_res0,strat_res1,strat_res2,strat_res3,strat_res4,strat_res5,strat_res6,strat_res7,strat_res8,strat_res9,alive_at_end
0,0.07291513156585012,0.036661290445154794,0.2032252499857206,0.15923852942498876,0.03593501386412643,0.06209275166526925,0.08562915984982479,0.18991900341984866,0.07948723748068628,0.07489663229853032,True
1,0.24155359043368022,0.09439850566618332,0.0634739965347227,0.047183253644715144,0.07905804636043666,0.04978458813044397,0.09128019270312532,0.17834095947794756,0.14188649068844622,0.013040376360298951,True
2,0.08507988244555914,0.2336115982625249,0.019829877414396842,0.1511444748495188,0.0676293365304102,0.09644447363933528,0.16316918782251996,0.10016723315120946,0.05118013903182126,0.03174379685270416,True
3,0.06366027863810729,0.09201630603887995,0.15701280582520952,0.13888878298799232,0.04034531521310091,0.1318025502342939,0.12008129550963012,0.0909304212282327,0.10565154112154965,0.059610703203003684,True
4,0.06687513450456406,0.15045595939134385,0.14428395515287235,0.11436313439000122,0.04452101623804988,0.11338397386051198,0.1812930039071492,0.018046503828673826,0.004311448596241553,0.16246587013059213,True
5,0.16577585605481568,0.03493644452175879,0.10591761193833002,0.12238808814375872,0.16388099818550422,0.048621522743234384,0.006475618030226867,0.14313916766955198,0.15517785140987858,0.053686841302940706,True
6,0.18288641434933026,0.05086518387846816,0.18930132365433205,0.13496338430099744,0.03303033341449321,0.05007694603301178,0.07962086500863381,0.009944083382874886,0.0817852188625752,0.18752624711528304,True
7,0.05465823272171234,0.12519341670296993,0.03704952734913028,0.00924600877532859,0.12251931430901417,0.1502665511300746,0.1610932626517496,0.1334077261708335,0.049074257541057154,0.15749170264812995,True
8,0.17341453869560655,0.11775729746608814,0.11972014894331548,0.09092163270810784,0.015195850024158283,0.16109785453024342,0.14839525035321122,0.01571951971806475,0.10876166088327434,0.049016246677930086,True
9,0.019838535397101023,0.043037645313584734,0.004056149401007757,0.24278639405166685,0.15914402269011968,0.09583433541600028,0.16519323894293086,0.1835516937708756,0.03385249250492154,0.052705492511791636,True
10,0.0009580624120140306,0.12302343380203552,0.20614703534403594,0.020245212315345956,0.17614623976943486,0.06904229447273728,0.10942960957253267,0.2092517515059749,0.07232927193552245,0.013427088870366128,True
11,0.14684412242229214,0.053119050924258226,0.15083102264614798,0.17230262310692246,0.06957281527190273,0.19932159571831728,0.038001142267820115,0.04257906965150692,0.027446881079247983,0.09998167691158402,True
12,0.07203933674877973,0.023444362732664304,0.16342668294952403,0.1477125412821996,0.15846818031787788,0.06929754170165672,0.02559378143095684,0.1306566822401318,0.12653446152433317,0.08282642907187597,True
13,0.13412647514113615,0.10355103601515056,0.0958583883871529,0.014119774990490703,0.2167254780308106,0.06731377828119492,0.05225331851861608,0.18714691892269716,0.056375604559444605,0.0725292271533063,True
14,0.03850948882171088,0.1492613611043472,0.18148126845272025,0.11217066070600064,0.06511356492341588,0.03437714852115842,0.11229934181464868,0.12546959627255913,0.07569217276491641,0.10562539661852255,True
15,0.07777867748761251,0.08498036747686331,0.15904672249327212,0.02076672175842999,0.19100338002177603,0.019887348899751155,0.07171786135064352,0.1859372751640699,0.1513575355518428,0.03752410979573868,True
16,0.13409725858833982,0.05442300107151335,0.01043256544832017,0.07876502111645445,0.09952420285891402,0.10017930068288981,0.021164901760830468,0.20255745309685205,0.08985553621328592,0.20900075916259994,True
17,0.10184053851566194,0.15012239078635922,0.20433195966433032,0.06661679406696143,0.081639841557197,0.02330134166809673,0.1674681022299592,0.06137561966784022,0.057566491135963065,0.08573692070763086,True
18,0.044435661114377224,0.2562663215107668,0.21342878241341853,0.060196844015237186,0.014868064511673515,0.10407405896508795,0.15522566613150712,0.0073989372450572535,0.04539936124496455,0.09870630284790986,True
19,0.14740051268321783,0.09697912634789811,0.012266254696753322,0.19379199905640157,0.06170834897965982,0.12558156586180394,0.06803524659364606,0.14301418916544037,0.09550934017648995,0.055713416438689115,True
20,0.04597603230770728,0.12428816269777815,0.03806464596097924,0.14399752884045855,0.17118343115016216,0.03422795226092925,0.06969972219373853,0.05096845535883475,0.13701639270906085,0.1845776765203511,True
21,0.10290983548226859,0.07867376088368566,0.1296618194457405,0.05453088655238894,0.07376069563436644,0.01847326294574498,0.09752499538070124,0.1908083357595875,0.0631011850572366,0.1905552228582795,True
22,0.020981325678794693,0.000835398415375617,0.10384678291370066,0.21487554511882054,0.122662477787949,0.20618453170220544,0.008601212939138481,0.22582319922823865,0.02042504625295974,0.07576447996281732,True
23,0.016365872130942805,0.10389087241558012,0.16683323655384308,0.06668588035707779,0.15176556919389492,0.09217739720682724,0.013673946429135558,0.18759694418800477,0.18574603776731316,0.015264243757380733,True
24,0.0369928404241336,0.20383555710675524,0.11520777918644773,0.10570467616428258,0.18327762000115813,0.05594334711531304,0.013340585261004536,0.07337478291547316,0.14361748518107104,0.06870532664436091,True
25,0.009828507559025527,0.049256889537865806,0.14838443920965846,0.19729283912190881,0.1973361169330967,0.012218710129758652,0.0967780468131677,0.13542699924451002,0.010623519246626882,0.14285393220438147,True
26,0.1274500485003355,0.06345911391827523,0.1195389546872773,0.013254768117031496,0.1427135079433032,0.10411229073129778,0.07423337946184991,0.07996375459778404,0.13157698946598823,0.14369719257685734,True
27,0.0068089128015613514,0.01998199624868634,0.06300227921271065,0.05827088040663821,0.16483885912302862,0.17257639885328002,0.13691957447348213,0.05244177932243632,0.14442336998408703,0.1807359495740894,True
28,0.04648795205695436,0.17194346338232236,0.006888797790430494,0.02681723552273934,0.1661794341435055,0.17354743242102433,0.013813022359184473,0.10952660191740435,0.13984596467375848,0.14495009573267634,True
29,0.039653204248304916,0.10618263982188045,0.022953020457073706,0.12320088612563335,0.16970222492457468,0.08250987418315155,0.07078354718782143,0.034325618835055756,0.2156232375244422,0.1350657466920619,True
30,0.19180913458463422,0.09602115516623863,0.12043655664762441,0.10466192700344754,0.0914624716385042,0.08177655187258782,0.1478473230111528,0.09687238735778302,0.06524702712383515,0.003865465594192164,True
31,0.028238901056732525,0.1436985392867387,0.059359640775606806,0.14239592483808344,0.12387462270261883,0.15466491948647795,0.11746097333972934,0.14029553226282024,0.05242637043613458,0.03758457581505754,True
32,0.03288628830008024,0.18106077267368953,0.022543512074729512,0.16833629406353792,0.10062712290467869,0.19209001367321168,0.10352953412209297,0.14774985485846448,0.016555576309671062,0.03462103101984379,True
33,0.12199985881544956,0.10340613082075743,0.03167081414729924,0.04885375229345722,0.09242656537804554,0.1416343510723451,0.11470273198068257,0.09710364408296289,0.12106541496100719,0.12713673644799325,True
34,0.13971462578247898,0.03346234778618381,0.1307948075867264,0.16867783671943234,0.19408838339842122,0.1258261448734412,0.03225138197444254,0.0058520717685863555,0.03192547996905173,0.13740692014123546,True
35,0.10151245401789684,0.13919948950648087,0.09570279345117833,0.09546173904600586,0.07147664912224526,0.14331989510240511,0.13877326744751017,0.09278116662802582,0.06827055097093959,0.053501994707312005,True
36,0.07060356237654525,0.16655701459231426,0.03768234420654412,0.007761717192562414,0.04650952646041829,0.1695326783213928,0.050595125031953105,0.18311351814540341,0.10383798788321423,0.16380652578965224,True
37,0.1495848650479238,0.11107049845460046,0.09694521165640649,0.14569001567647868,0.006801521540003841,0.035387063316245006,0.10118421975911934,0.16968625182388555,0.06747706411468891,0.11617328861064793,True
38,0.16949618392341168,0.16613697705131286,0.14540078470043524,0.17873916921941346,0.094151319613493,0.040149666881208905,0.0801778942993601,0.04766837639530259,0.019859008754726664,0.05822061916133558,True
39,0.13845479186791643,0.14822163032415248,0.1498207314131596,0.07609897471271083,0.00914792506170274,0.1773396708036907,0.09060663568296584,0.09710726594124632,0.10470559156558194,0.008496782626873122,True
40,0.17105109589235934,0.06061302034664205,0.1764054649167693,0.024309250466212656,0.09494002277365457,0.114362563461871,0.09023185529639323,0.10028397792146329,0.0430821754765422,0.12472057344809225,True
41,0.10643203321260984,0.08928627627648285,0.122083019556912,0.13420566904432274,0.07336846417132961,0.12130249301073788,0.04139995716402459,0.10682959117163775,0.08532141673088296,0.11977107966105976,True
42,0.08491120185402691,0.0351194214421328,0.08443439090201574,0.23686732806232855,0.0272056467221906,0.006262324367799104,0.20293690032125503,0.07663379331580882,0.11916768931270895,0.12646130369973355,True
43,0.14901754348518817,0.02030651561058498,0.08920338742350964,0.08021466027259228,0.16518082184874822,0.17263395977393023,0.06121586670433341,0.14605976973885873,0.0729186863964737,0.04324878874578074,True
44,0.13801236248537802,0.13406623851502736,0.04730350307573164,0.043967851569945926,0.1597859336307909,0.14928450314017785,0.13774627519423385,0.04038340344250312,0.06787372799202088,0.08157620095419045,True
45,0.16539899693510587,0.12141524015806726,0.10959722521502652,0.009270626981355142,0.08465889059590186,0.05086536542225096,0.07663805806398409,0.08749513646610509,0.251315444356209,0.0433450158059943,True
46,0.10243351307206336,0.0972287136623837,0.11875821581396163,0.05705235593018946,0.08245083148388874,0.1214409583240204,0.09274264504001234,0.1276481246202704,0.09271161966931558,0.10753302238389438,True
47,0.1914431799068368,0.08885434823529328,0.024625645672724548,0.10814509040308615,0.024328948907047364,0.018210630881978704,0.11273564393898232,0.1903921707482198,0.12432528027451532,0.11693906103131566,True
48,0.14171052340293894,0.07223439859383766,0.08157270560581979,0.05526969991614793,0.17542784928111246,0.15674998105017582,0.154328225772357,0.005000203587871976,0.046269430373143454,0.11143698241659483,True
49,0.055835239592113076,0.0318848984847493,0.10310915959139288,0.06024718390791635,0.1433580926844948,0.2215525587625312,0.09150895707673246,0.1279662297472907,0.154844040186608,0.009693639966171237,True
50,0.13521189427624317,0.15701381739545875,0.04469070037519313,0.1472286735068465,0.012480032168981732,0.05803951300562522,0.08854150779297539,0.15175067389447375,0.1464154591012998,0.05862772848290242,True
51,0.1424922234487746,0.1741626595928949,0.030403080781418193,0.053378071609265366,0.16503613904622674,0.08053563575129745,0.1794974203296208,0.0328718296712195,0.06599783008658776,0.07562510968269463,True
52,0.15557320046279866,0.11160680119811268,0.10385130138189248,0.19587532470263996,0.035648094244938616,0.013458371258557906,0.04608406078190438,0.13207344521220366,0.03147889455561288,0.17435050620133877,True
53,0.03138605479548918,0.08977262385369557,0.05926033729939919,0.22936900877634292,0.1697077375422463,0.035725399919127376,0.05648032375013035,0.06818232192526871,0.02524453599941156,0.23487165613888888,True
54,0.13566576403724617,0.113139400852407,0.07849186667239338,0.17007436538027995,0.14854019482386718,0.09958349413552715,0.009650335888267556,0.06558861961361992,0.15084691939469588,0.02841903920169576,True
55,0.08163184051737715,0.0627147072702368,0.07606767318466197,0.07211594073704142,0.06465751637541088,0.15690385084132288,0.03520441055095066,0.14533217613866886,0.22155760849250192,0.0838142758918275,True
56,0.0733271429613383,0.09605659283708126,0.07699509077290391,0.13840495464369473,0.061897928284848296,0.16157381859981623,0.1429029683561997,0.09175371226155626,0.11504750184703502,0.042040289435526415,True
57,0.03628187313074551,0.021686487089474356,0.04012674559188235,0.09870411164875373,0.18720821403535554,0.1406008521712822,0.17496331444926186,0.07412008644145801,0.17609824710934585,0.05021006833244055,True
58,0.07225390604009187,0.16983343858974848,0.030759469954960345,0.08715271736911805,0.09226784261036884,0.1558585988445522,0.24487453425452957,0.06655750777705023,0.06668230872539614,0.013759675834184209,True
59,0.07781496891722983,0.08349469094070934,0.13402528592141857,0.16186418633145386,0.06061611851188891,0.001115211269480036,0.18122172716073523,0.222550273750158,0.03671574825963822,0.04058178893728804,True
60,0.22414426924704928,0.10536679898714592,0.01026819762481908,0.10505876587131406,0.0023994686906574428,0.1764219484404479,0.03416286593327021,0.14116341544039102,0.15962733219590006,0.041386937569004974,True
61,0.10535978554661413,0.17189470696259848,0.24664098455730804,0.03291220798494495,0.14185806538336623,0.14036195375082766,0.052342277251907134,0.04851509639170721,0.05375890886297955,0.0063560133077467384,True
62,0.058509365983917185,0.08922865065045082,0.018580133707261772,0.22590244781008265,0.08698124689281096,0.03154547644458245,0.1809797954889709,0.1007361734855167,0.1772059651541059,0.030330744382300486,True
63,0.15307657484754505,0.17363783477510658,0.0546536936942691,0.12981025435621044,0.009238346869401523,0.09743992982416336,0.014564732501695097,0.16794151187110876,0.0946501674567706,0.10498695380372944,True
64,0.06510594470960285,0.23635838082931016,0.01219967008849322,0.002506343931583008,0.013318601249512776,0.09157649364623507,0.29649523721413507,0.046365543726526265,0.2276985391216088,0.008375245482992809,True
65,0.05569341030881516,0.09335517929283306,0.04288847678646917,0.24693743000770532,0.027439813781408893,0.07906119885031346,0.06721299035643176,0.2867492186871192,0.0673022013948893,0.033360080534014666,True
66,0.06368412179953449,0.12863082355024613,0.017953059065463493,0.15948424916514226,0.07921215219456032,0.06769868940813947,0.04429886436437123,0.11646021629350972,0.14668458254890568,0.17589324161012732,True
67,0.16921731913928031,0.16702233165247227,0.11195438327963117,0.06254356138168148,0.14077318765692126,0.027543950075441977,0.05505927606905006,0.02322268827762251,0.12499447060513429,0.1176688318627646,True
68,0.048669620551626734,0.09175901203440225,0.06514827188736946,0.23813351515530726,0.23668517893630517,0.0932466048592,0.10282381983902071,0.034041054806866096,0.0033251540165341502,0.08616776791336819,True
69,0.011089285787918037,0.10092169651233146,0.2195344218940205,0.016693901879083855,0.05124195920150199,0.13303869522276188,0.1364310078067037,0.09772533384265729,0.02413882858185255,0.20918486927116875,True
70,0.11537281197859715,0.03533540829712823,0.11079342870663368,0.11294337077741291,0.13068771002806365,0.08713977520186912,0.03247524938294871,0.13711724906243936,0.14108605164780358,0.0970489449171037,True
71,0.02640072416077639,0.16369619474066252,0.05251399821615906,0.04050477175373893,0.10794840647967414,0.1240494634396588,0.12176768290038055,0.16823098439684941,0.02925595362871647,0.16563182028338372,True
72,0.07282290026813965,0.03572446517074389,0.15331831285763173,0.1324231815758154,0.17328881464007198,0.12302829050184065,0.07893730824080733,0.002906592730633094,0.15418668777672603,0.0733634462375903,True
73,0.044079626645975735,0.0027063869694612087,0.15242218878557598,0.2157495465218813,0.06514173828296027,0.10757067961189977,0.03202375337238865,0.017946547525824433,0.1224821573050446,0.23987737497898795,True
74,0.13637317393182916,0.13626740973073567,0.027227158843523603,0.12104745009445536,0.14312451639772555,0.10800554572603942,0.0906030494077303,0.023784097913035394,0.11377331832950832,0.09979427962541726,True
75,0.12618322965371515,0.10743145236375928,0.10118937474370474,0.18320089562353517,0.05373507952744791,0.11066122133664959,0.08184152707955908,0.025570907483112894,0.15686370939696292,0.05332260279155333,True
76,0.05763889388720143,0.07415562188372506,0.09001776965142923,0.10625946349201394,0.24503776239913605,0.0262500251474714,0.08531499951509482,0.026566472998945382,0.19235956621435435,0.09639942481062828,True
77,0.1158755638056103,0.09731642391336344,0.05973807642186555,0.06260572826092732,0.15493173335866472,0.1396263757888166,0.007832073879083747,0.145002161596525,0.12989710444725364,0.08717475852788974,True
78,0.11053157250504485,0.07902745677606994,0.0695383953919499,0.0658093166614658,0.10788565438268426,0.12546734234523532,0.13031083031822707,0.11473527427239931,0.06489796874205898,0.1317961886048646,True
79,0.03912081968961597,0.13290127898573992,0.05451409322964507,0.18058017131735252,0.17490224787749978,0.026170991402438542,0.03442951444457753,0.09101579129106009,0.13010278939655978,0.13626230236551087,True
80,0.07881774088705457,0.07648174163732077,0.07257165999067074,0.08342090151207407,0.10494343661394899,0.08711607101157998,0.16566039366960852,0.13977268574088234,0.050597314651892024,0.14061805428496796,True
81,0.0321048074468434,0.09527517266203123,0.09009539701509986,0.05024740741543911,0.11967871018433748,0.16190156587322455,0.010686089455588866,0.14067379813175163,0.1395454851670552,0.1597915666486285,True
82,0.048076793423349896,0.057370453108383845,0.09562560600504472,0.17024775405589485,0.12729840785977845,0.037516015829650286,0.1423631400566573,0.16746568007183513,0.005398975226057743,0.14863717436334772,True
83,0.12053875742993543,0.12780487176100552,0.08261965039479328,0.1386190883397996,0.09239878612988446,0.09915952431787999,0.04294670757857522,0.12372141612946824,0.0579491472354395,0.11424205068321876,True
84,0.1197455415810046,0.12881343145948873,0.034861589328765596,0.1203850612209283,0.14613507201273265,0.04273198401131477,0.11134941069967648,0.006626119236835949,0.13823507010090996,0.15111672034834292,True
85,0.11044589524864126,0.1834421870257907,0.13830604731396906,0.0286128447150355,0.14462719166507007,0.14365492607487396,0.050386017753441655,0.01909357673009544,0.05388329380926585,0.1275480196638164,True
86,0.1569888046073734,0.11829709574156917,0.10189718326746892,0.10850308523577173,0.16091296499302826,0.09430598838711401,0.054844417442383005,0.10384047229339964,0.004548616897598715,0.09586137113429312,True
87,0.10740537010966786,0.14392371599285111,0.1491923044814633,0.11742169353749282,0.10862998298138422,0.07026392914883994,0.021298710928834213,0.14007145969688625,0.12024858868730622,0.021544244435274026,True
88,0.12095210881625348,0.1304461722653569,0.06652042274367224,0.09073344965518922,0.12004597496735611,0.12049144003633448,0.08748542234662868,0.1131125728067899,0.0673643145762192,0.08284812178619974,True
89,0.17469632907521487,0.11304508815638233,0.04689289570138876,0.16695630180929574,0.017862847292930917,0.05375306369843512,0.1233945174887578,0.1298280603136434,0.12466694879106428,0.04890394767288684,True
90,0.07179468518284315,0.17081225896546626,0.054847316799579424,0.16884904906935191,0.1001868314568388,0.01385848899804744,0.04150709018462008,0.10983486322723614,0.166499734313272,0.10180968180274469,True
91,0.13499347669323344,0.1331399377629027,0.015843869020330487,0.10338548625724493,0.11459367928751592,0.06897971697806925,0.09547488005419522,0.12062813927376556,0.13464778180162418,0.07831303287111824,True
92,0.05494637476128503,0.03388698876256145,0.04087618084686297,0.04364860060010502,0.07109381137445582,0.11438534486194045,0.07924181849178805,0.14195386050382963,0.17989502534736887,0.2400719944498027,True
93,0.10963811971135709,0.14716781041632448,0.1171763325117388,0.11210294651215678,0.10906438990791353,0.06039791139725437,0.06436278587251254,0.12756630185992912,0.14451699529277157,0.008006406518041846,True
94,0.05651460562023942,0.07760129082965753,0.07028821008221636,0.194294086160367,0.15169213801002887,0.14871783638864958,0.043245056735937135,0.09566410224655605,0.1593571012022999,0.002625572724048061,True
95,0.150153313011639,0.1366330394319729,0.0016579483533969018,0.1805668176794754,0.11087602976730612,0.009862917769524445,0.002695686565029921,0.11606576902919406,0.1767338185968091,0.11475465979565196,True
96,0.20548912303329717,0.0373906686282539,0.03285229642097641,0.2182687444574787,0.06232731490961947,0.16937998359432435,0.12957356614918694,0.12424205549038579,0.019065505844581054,0.0014107414718962452,True
97,0.13323544993647418,0.10918052562923156,0.04043685689567681,0.15008514171585285,0.02902291060209672,0.16397258660939246,0.0008561432253568761,0.13455834376033976,0.11050966604661439,0.1281423755789644,True
98,0.009406979729308899,0.17857766470780048,0.1963028824606104,0.023359486164632178,0.09810242306521048,0.08304754236166405,0.08997938472744105,0.10275901803118262,0.20520079041617553,0.013263828335974314,True
99,0.09523975186634973,0.13094475081313176,0.16794806013166028,0.036517443154709076,0.08740398922457407,0.1524349422093546,0.06132665409245507,0.1085556101718825,0.14974424044834478,0.009884557887538208,True
100,0.12416798387347702,0.14236924404773219,0.06175734916081663,0.14243403530937676,0.013104784674486088,0.03204394475437153,0.09145349599347938,0.14356212080707895,0.12592339535882077,0.12318364602036078,True
101,0.21636612834638036,0.16066929325042248,0.01908518632116676,0.014365589308259066,0.13477472309056218,0.10358037671116402,0.03778967388248818,0.012759271816086926,0.08342468659421004,0.21718507067926004,True
102,0.11655520186653924,0.1486029008405398,0.18716188508454248,0.018468643780004134,0.08439865912077876,0.011513213551311621,0.14975996869258415,0.05710748478888651,0.07422078950375505,0.15221125277105815,True
103,0.10535888691806754,0.045777138445281314,0.16737582479855928,0.15306566518748607,0.006661443969355769,0.16964939582334337,0.028955582463067092,0.08828638265505324,0.10519760503201288,0.1296720747077734,True
104,0.12860748120072713,0.09555362347621518,0.07730682199799825,0.12813261659070788,0.06421817927015623,0.08507408572982246,0.00502034088114989,0.18631141723826689,0.15041712872117954,0.07935830489377642,True
105,0.02762258575133961,0.09731661425824256,0.15556490323384237,0.18046238951661392,0.031163481962662262,0.18147059593717843,0.002538720750041617,0.14772642002749242,0.06261692134537697,0.1135173672172097,True
106,0.021857068750124976,0.018370102248599605,0.00448747024485001,0.15168991835634327,0.09148765978078094,0.15856488809330832,0.21140231866095505,0.19524369511147013,0.13103033098268205,0.015866547770885694,True
107,0.06943273566593586,0.079726475071782,0.21040445446810452,0.02335390868507928,0.11814811287198056,0.18674296735319307,0.06548842758552713,0.1610763556110672,0.050159984227891516,0.0354665784594388,True
108,0.022517059240090613,0.07218879405562129,0.1651460874856396,0.2265113529714191,0.012058774010500982,0.014219502079212819,0.05685302745019353,0.017075345124745143,0.22673873005083317,0.18669132753174375,True
109,0.023679205144847896,0.05600762385147469,0.1617312479262442,0.19024896973739644,0.04140206695388451,0.004583368130972186,0.058311986962863875,0.10678089457940317,0.16715202124114362,0.1901026154717696,True
110,0.16184633365068837,0.09045442334585393,0.03716243336579465,0.13805736167978652,0.06145777193976104,0.1441626286252737,0.08610268041698414,0.11909225814487835,0.15522724391360912,0.00643686491737025,True
111,0.1144412460100775,0.1672779571328621,0.02676561360073732,0.03204717907792488,0.03185548263599278,0.16333286867757568,0.1691963085176891,0.12977939107357525,0.007134121581331766,0.1581698316922338,True
112,0.16491262821955513,0.06672202658580008,0.1943278638388203,0.17491823785323796,0.1492652936625043,0.11664764970276442,0.011296157526872078,0.05498671461102185,0.03960286947813088,0.027320558521293024,True
113,0.15448382257561982,0.19374354243274222,0.13313683930146136,0.021645090872451346,0.0027680832376817924,0.0025492330907351942,0.10168592609505463,0.15690960369940246,0.01766345255731616,0.21541440613753504,True
114,0.05502044899134873,0.10916611524171316,0.21699069751341057,0.12229186431545136,0.13893100382282433,0.1056724707917214,0.04418223558986283,0.04336624637844109,0.019833627671310694,0.14454528968391575,True
115,0.021907568130310005,0.15447488364553905,0.0070977482287081,0.023391757981069107,0.14125589167458316,0.2315029216842409,0.03395499729192907,0.15230949153435813,0.013427372943404852,0.22067736688585765,True
116,0.08865058364722463,0.08727431265030668,0.10460931881728733,0.12382068099570359,0.04213573180969496,0.0586722830949113,0.11751935655312165,0.11838715475846975,0.1248150247121252,0.13411555296115496,True
117,0.16712518747287594,0.07778377793266851,0.13521869998795477,0.14532577355119236,0.00724864871281723,0.11037472580697244,0.014112142418726147,0.14458669000542623,0.03503006968633386,0.1631942844250325,True
118,0.09349869174819248,0.09965271274817034,0.13447974557923506,0.09601187035282249,0.1374824611281656,0.07822935991065917,0.11716600133678265,0.040915271506311475,0.09702033611084927,0.10554354957881155,True
119,0.053738802494322425,0.19527946786792988,0.15163124528005492,0.013873333028141107,0.009015005904882701,0.14329533481326043,0.15272997263094332,0.005525383343607962,0.17442690340047964,0.10048455123637762,True
120,0.11559657038517229,0.15404820662771482,0.06597482337818486,0.15575568567798173,0.14975946791929365,0.039010258028409794,0.024133523912137134,0.16268212028277138,0.1069390251603797,0.026100318627954606,True
121,0.05143881894528924,0.11134248597647581,0.04297192200935497,0.1922093510945774,0.07351174124923805,0.1573986813371841,0.06638406486989755,0.07932297342405353,0.07085588182189768,0.15456407927203164,True
122,0.16875939727567502,0.046715476933272874,0.09309144892389588,0.14094208140420691,0.10874797124692723,0.020684306777006993,0.0035332088422930234,0.18580081855702515,0.06852477227135223,0.16320051776834457,True
123,0.07725430986976183,0.019129326513732395,0.14464968395397637,0.10495687189778603,0.15537324522839835,0.10835523919296633,0.11348442098093768,0.10730489571057167,0.07504429483925455,0.09444771181261473,True
124,0.029695194781093802,0.1166876028307006,0.03251571341651949,0.09378073559468918,0.13413282042944755,0.1502426339653222,0.03274081777223343,0.1520235675391738,0.08284176940590518,0.17533914426491476,True
125,0.07177085948166949,0.06799210100467808,0.18355576547780308,0.03651981379939362,0.02682551233290145,0.21822706624510468,0.04312508849147095,0.17513526562024417,0.07876156776122606,0.09808695978550853,True
126,0.05643994319134034,0.04425265691805797,0.11635042122668779,0.07884047266173917,0.08765237897543701,0.16725006572753268,0.10810226316608254,0.08393640898197435,0.10084614988715368,0.15632923926399442,True
127,0.12751110353131773,0.006083378010129738,0.1373677531648751,0.028053441735501953,0.05767439338999284,0.058625579116028274,0.15166221444153166,0.10371352882669907,0.16772806812191465,0.16158053966200908,True
128,0.0872353318481836,0.12858258051964275,0.12349518901073674,0.15594527784326187,0.13108636918531638,0.010201554848687334,0.10016246074726684,0.10237901147478395,0.11642799457498101,0.044484229947139305,True
129,0.0957686175560073,0.006369519527871103,0.2591338269902678,0.020412264100130084,0.11709551840215639,0.004945119151010919,0.1450854608387496,0.08038415090887083,0.10496210873527216,0.16584341378966372,True
130,0.00887869186094123,0.1867725185714207,0.18577687133776052,0.1748551160515582,0.03522185574518005,0.056538436251905154,0.16475617635273637,0.11751208005570152,0.007080328551037477,0.06260792522175891,True
131,0.10105216932933733,0.14748890679200521,0.12581972577212439,0.03341171390803271,0.0790475191284163,0.06483779234793043,0.12929258203250707,0.14103287868998146,0.10305095152207097,0.07496576047759423,True
132,0.09624104279638358,0.07063988388529299,0.12866372398030146,0.12276848559788399,0.008459992523098769,0.1632416521488656,0.060623497842961796,0.14281136484126528,0.0942695755964385,0.11228078078750793,True
133,0.08884002810821558,0.13002496483247072,0.07882429614748496,0.13519009649005603,0.052711602244436814,0.14524998808217615,0.15094862353784405,0.1355465786398596,0.018738580904349992,0.06392524101310607,True
134,0.1326181138063144,0.14270738733426375,0.053009165508848856,0.17585234030673513,0.0004896106320849158,0.028506905976667194,0.16956310771099445,0.03555604202346755,0.09855912934763823,0.16313819735298557,True
135,0.0749662400176461,0.15271881323326617,0.12105328495103555,0.17629600641775148,0.04254198088887819,0.041852858144655426,0.1786875302129007,0.09227800103427551,0.07248221984300447,0.047123065256586355,True
136,0.16091509849838226,0.04668899062793312,0.07913090780025006,0.09575485724267775,0.04278900285708965,0.11364954982271049,0.10775589744491121,0.10823747329447425,0.1510490224926185,0.09402919991895274,True
137,0.05623180917146357,0.06722565428542564,0.05352055849750368,0.07386983887779389,0.20075651321661558,0.03080346110856795,0.09514644636556434,0.07358946686233735,0.20225868921693824,0.14659756239778973,True
138,0.13821150195506768,0.15001684796577497,0.16370600559487788,0.14974351820844314,0.08104177973285039,0.008053505014109412,0.08450413793987901,0.06855989938383748,0.12221684763972206,0.03394595656543798,True
139,0.09753663275964161,0.16003574650881744,0.11274225003393686,0.08309741828759502,0.060753472035025055,0.04283219922521537,0.0943473355723158,0.016908926209442177,0.2808216580869089,0.05092436128110193,True
140,0.12302271134299685,0.0725618083303971,0.09311647348216952,0.17166361492152943,0.11277459931652148,0.059156846640876504,0.2005120843999736,0.03902539214721442,0.11738530861541094,0.01078116080291004,True
141,0.0378989411145721,0.16630864295373723,0.009316536345695786,0.149198218597639,0.18171067152827658,0.09646907173909529,0.05180347464336767,0.04800392693681208,0.10734007513860307,0.15195044100220123,True
142,0.006653585394612189,0.16939173135720134,0.20074717423555966,0.18142580734064662,0.012479006616972037,0.15286296588276568,0.07573057941824494,0.014513332388287097,0.17080469705448698,0.015391120311223505,True
143,0.14846272804871,0.10904422969621307,0.058342297419075186,0.07084692601595517,0.1467113145899955,0.017905916619642796,0.12782961643073476,0.14930764344202213,0.1524027640807893,0.019146563656861994,True
144,0.016328971504033816,0.15710745234534218,0.08137929351875478,0.16031277962565627,0.15920771855605775,0.12696705108914882,0.037659078129815934,0.018116284925361027,0.080383394366112,0.16253797593971744,True
145,0.06266583032874418,0.07993496227815695,0.09464554818846128,0.08986049691682801,0.08502602882625455,0.13381322943548482,0.09431804873887253,0.10274748720053685,0.12339256892056254,0.13359579916609818,True
146,0.01951164296580172,0.1964082803323988,0.003880593697039071,0.05388292430935319,0.008494033361947335,0.15287078851701053,0.16616198389251674,0.16121598621958236,0.10290207496467792,0.13467169173967236,True
147,0.048403104798069536,0.14481495369577882,0.020888603601861584,0.02307180345892141,0.06780990485649913,0.09330985742608547,0.2034166180630913,0.17535539695426758,0.1710864606952703,0.05184329645015484,True
148,0.09205711652930755,0.05818576642810873,0.12152692464627804,0.027686938776544427,0.07869015549021967,0.12770276853985324,0.09373822637345236,0.10792824141831471,0.15631572565348767,0.13616813614443363,True
149,0.08161904974753059,0.06617264844169182,0.049324924853598406,0.17093799509576701,0.149536390995333,0.11942669993251637,0.11222796264604347,0.17394106140684906,0.06435655897778772,0.012456707902882476,True
150,0.11836905692196785,0.039323772652328254,0.11866673826680486,0.1572038963707372,0.11198167641035583,0.08603032915453851,0.02200760719858773,0.15106274074634013,0.14848344334812708,0.046870738930212666,True
151,0.07464687672878206,0.0724232541528349,0.15861218610908906,0.07370420686261572,0.144326957807905,0.05875519595499397,0.08440907805298821,0.10466218830018242,0.11686594802715249,0.11159410800345633,True
152,0.04322113392149565,0.2114336134563227,0.034127388407404965,0.09113614148202198,0.05543388548750054,0.057438293097841465,0.14709037703662742,0.031113732225827938,0.13167024400497016,0.19733519087998722,True
153,0.06977651757879555,0.05322621304312693,0.09894731855450792,0.1316875286750383,0.06899999622701922,0.12092776025290057,0.11845770705279292,0.12461192278683349,0.15312866738256367,0.06023636844642136,True
154,0.17508205799207832,0.07893745192663684,0.11414110237346305,0.06676042059871076,0.15017566415433262,0.14153352892475388,0.10290378327794353,0.10594132651208182,0.04207428405231498,0.022450380187684287,True
155,0.15052167021189086,0.08226768191069024,0.07813561244744907,0.12430279561957673,0.04879382099856577,0.05437366630299788,0.06134397748194114,0.07703882113063881,0.1682483002855337,0.15497365361071572,True
156,0.07645610054664663,0.13612120999778798,0.014821144370523459,0.0006072911692320965,0.05750080440024193,0.11938673925957902,0.17937619039467842,0.18225283598873235,0.13401662068329068,0.09946106318928767,True
157,0.07014964944844936,0.2204641758752897,0.011754164931807596,0.2410279895073549,0.06402069615169305,0.015124182002374805,0.11910130043260182,0.0020964071323260145,0.03008713559800852,0.22617429892009416,True
158,0.09665318687238121,0.08616740511186177,0.10388087659397718,0.09043600733139519,0.154031801255969,0.0660074995557087,0.2132150157672498,0.02902332602683875,0.09122012533276434,0.06936475615185392,True
159,0.12064298119881246,0.1438588700059326,0.17745766826647794,0.13111983887548237,0.11200481017854062,0.07494313313123337,0.08252524970822826,0.09797002407664612,0.03320209889421912,0.026275325664427245,True
160,0.1514804503726928,0.14243099814888396,0.045330272371704616,0.16404007716585917,0.12372188451069098,0.10398328081246133,0.17088459553306762,0.04183910015555193,0.0391853843399276,0.01710395658916005,True
161,0.1594762729855012,0.022497985854462922,0.1873579772988754,0.05751861427682446,0.08062130589405028,0.03899466416652139,0.03501688703626245,0.18658723109574504,0.10947457504026183,0.12245448635149503,True
162,0.10496260060196466,0.12594066394982026,0.14920688097393842,0.1279291661421826,0.10839455606685203,0.12750659466770908,0.019021594168594006,0.06563160954599,0.07707592730410223,0.09433040657884681,True
163,0.036298896880816986,0.1756449093186232,0.023225751799554023,0.12201702239095999,0.13388845170726169,0.09232868680506472,0.1246697657351413,0.08273219832135498,0.16173403083337526,0.04746028620784792,True
164,0.02318493217234392,0.032909300136127556,0.17115633728064011,0.1546858818353245,0.03274861071192704,0.13338389462474778,0.11815373994896348,0.16467651935464972,0.06445759163797478,0.10464319229730136,True
165,0.08638312608750691,0.028035003675031367,0.01689712228532621,0.15551326507568664,0.08574018854697203,0.13374475101783997,0.1366511947285504,0.14168168233364617,0.06492134083548243,0.15043232541395787,True
166,0.11179425402883843,0.010148708612948955,0.0687204801293753,0.10053574042663486,0.08137983247342416,0.12202950644284422,0.16413321978998013,0.13274757670395915,0.10492542970171807,0.10358525169027658,True
167,0.16314886115390892,0.03514916011937794,0.11688987193069873,0.14982616782831262,0.15173453328757028,0.07623177199513202,0.045349584778841705,0.05468489222570704,0.08000368213927785,0.1269814745411728,True
168,0.10833476111497592,0.05570316581518424,0.008808071748396595,0.15060884955896767,0.09502084355222619,0.12933553776023063,0.19398004843967906,0.03623949231120895,0.13753635226344688,0.08443287743568398,True
169,0.011246612280556317,0.09436960308564699,0.007735366860220922,0.12753721669812632,0.28225168884571183,0.055325532418142774,0.0016760745511235965,0.19085215723572171,0.0007069083179657068,0.22829883970678375,True
170,0.044064730111032006,0.2209563297227912,0.07385887145547224,0.20006292136117262,0.03305819178076469,0.13939083236004576,0.026034291719878012,0.05833084324225458,0.20011648268283252,0.004126505563756311,True
171,0.14170084687947299,0.07224881131945961,0.15203069084409437,0.1349095796335185,0.13503265591931418,0.09601844922928654,0.08746824372816155,0.07805580620439746,0.09799756421231588,0.004537352029978935,True
172,0.036736635223881674,0.1167140927843325,0.11171764588252908,0.0397976374200048,0.13941019769761995,0.11929964890750236,0.018891549956179976,0.18730203055709507,0.21662447110551541,0.013506090465339349,True
173,0.10941361336183342,0.035778575291469134,0.09598673728959099,0.19671223829958376,0.07909951142318268,0.07410302298184741,0.00771096379283935,0.1413932405075998,0.13369124375255978,0.12611085329949376,True
174,0.08400714764265145,0.013177049171783028,0.10802568802876585,0.10399708642295492,0.10024338914323982,0.1440902467517809,0.15363981705239332,0.12561575189940832,0.13886144003109593,0.0283423838559264,True
175,0.1551928183002262,0.13180654525342506,0.11897271959845405,0.15560522489906098,0.08965050517053476,0.10026541104631795,0.11596431079017704,0.07694680668881917,0.054825510576949885,0.0007701476760350042,True
176,0.19438767836623883,0.1694885631125233,0.10227204271115982,0.02079443887439834,0.03039578282997537,0.166835987226401,0.022211646956119515,0.1746759538619875,0.07238798252065654,0.04654992354053969,True
177,0.23748568820050292,0.2126939587104263,0.058067410316726416,0.011009739105718876,0.09403804574749514,0.13575377197091887,0.11638968665262754,0.11959179254328085,0.013935289238926086,0.0010346175133770764,True
178,0.07654955320664227,0.15989718831758137,0.03218175661551783,0.15156601661887975,0.09476203142696167,0.0960467524409649,0.1279145345837515,0.11324791934027116,0.07355051815735264,0.07428372929207692,True
179,0.12377087210345586,0.11548733877131806,0.018054294482714082,0.1762428297906767,0.17163052721244876,0.10257016024654535,0.025660848834955226,0.13107299114940818,0.09250782332127067,0.04300231408720709,True
180,0.017294380115523943,0.163484030971276,0.07361992395046199,0.13496852519514616,0.13023467064816516,0.037662697643112315,0.04024903813181596,0.12635823132000712,0.13210728246753456,0.14402121955695685,True
181,0.029556096153907366,0.12023707132914994,0.11641658534164029,0.08679653170934204,0.15853542266822682,0.0028740789916367193,0.08251302384780518,0.10547998168769411,0.17067717469100235,0.12691403357959516,True
182,0.06617384307364334,0.01565408900047114,0.21167483615667787,0.13847607955273358,0.1347270080440424,0.07396219701319297,0.08605358633148377,0.03714069527849377,0.11503096057585833,0.12110670497340278,True
183,0.007507958941402892,0.11670062550848234,0.17058332102421842,0.23786212131020884,0.014764921207519308,0.08450371065218054,0.06779697490501684,0.11170905803080992,0.1362529823622565,0.05231832605790443,True
184,0.03891934153386809,0.09337642778682066,0.17343305421071603,0.02964790288887695,0.0886382146462975,0.08122170194164566,0.13067772626315088,0.14939727238529277,0.056961410440605015,0.15772694790272632,True
185,0.019410512699157854,0.09113853797695422,0.15365020774672858,0.18079513475728717,0.00013335324830126552,0.11757261729318343,0.05945136882168534,0.12228798592434255,0.08727647680737641,0.16828380472498314,True
186,0.0653342691562362,0.12048476942762401,0.050067983450911846,0.016232472506634215,0.19469176910266778,0.12897622646630938,0.13093082511670978,0.07705883428839473,0.024984524233227612,0.19123832625128442,True
187,0.053418065629402135,0.002480771826626185,0.08976165261240408,0.12403804929756246,0.19106272012094339,0.05795602608932495,0.16278501358325542,0.12954965287376236,0.11013863920210755,0.07880940876461152,True
188,0.12459001395719592,0.11408884531601424,0.012099488372647682,0.08403767729823167,0.10823652817485974,0.09692114659427978,0.14565902404201178,0.03487545379430508,0.14020689681046064,0.13928492563999334,True
189,0.10060772796283249,0.11686539723932572,0.045265467546234214,0.10008944565597011,0.003379547673547417,0.1150902651168802,0.10855520509554954,0.08743555433222637,0.18652023199203888,0.13619115738539495,True
