ID,strat_res0,strat_res1,strat_res2,strat_res3,strat_res4,strat_res5,strat_res6,strat_res7,strat_res8,strat_res9,alive_at_end
0,0.05725341753103992,0.0040790779369678145,0.14651844788745094,0.04757114103781816,0.15202498759641436,0.10888644279049312,0.15262376801708066,0.07724019983041008,0.21159031102559525,0.042212206346729716,True
1,0.019022672881750007,0.1131233802404837,0.031288855208697515,0.08395266455072435,0.18035181466940392,0.1802459774932706,0.12948328983704677,0.05688564322261746,0.07695908873603437,0.12868661315997149,True
2,0.12265119739627733,0.13932420568881426,0.045473222263114475,0.1686506632721568,0.05974238374514647,0.04668332321298897,0.15791346314008103,0.050343721511432515,0.04230849692022407,0.16690932284976415,True
3,0.11344540142096125,0.09531780240772153,0.11870297408084828,0.042780972646867796,0.10551616627926096,0.11981757337818252,0.11923190186358575,0.08872688207168916,0.12168125820901923,0.07477906764186357,True
4,0.15234055064833807,0.02507263261150531,0.017832382950848085,0.12322264093760071,0.09850878928063826,0.18319899560065472,0.05443043827699538,0.17010051337352286,0.03317538701568925,0.14211766930420727,True
5,0.19274348900188024,0.0902036286532911,0.11083322139524997,0.14772135031366493,0.09334038512511816,0.021153494420768318,0.030353182273629854,0.07138537998917091,0.1924083166924015,0.049857552134825074,True
6,0.15059582871013216,0.024569587297944718,0.0724292775883079,0.13697037293694722,0.020656034572817505,0.12893511087522927,0.15345876881386344,0.07075746528799326,0.0703310534198432,0.17129650049692133,True
7,0.16320886904400514,0.009074406489214534,0.04385588409710741,0.008117190464628908,0.15567588486195277,0.12468979495194163,0.09372531841632394,0.1812327642478552,0.05620005976920904,0.16421982765776155,True
8,0.10787107457384232,0.020907402442902286,0.20356179457844525,0.04849224124585195,0.14973773153183395,0.08262346686280728,0.052984099645399955,0.1778717771318827,0.05588155998388793,0.10006885200314651,True
9,0.10814166415574195,0.07680560756858255,0.16919726057709875,0.050221255046271,0.11141015360136465,0.0035895592259974195,0.08866680648134005,0.1321583873556401,0.1692003884939144,0.09060891749404902,True
10,0.008059821880063576,0.03999129858565955,0.07382767795495528,0.15809387032014635,0.015403984189509829,0.21139526805042036,0.09523239339477009,0.01767120634252387,0.20195493022480454,0.1783695490571465,True
11,0.027511904268232665,0.12809147501032755,0.22626648812765612,0.20157662274782662,0.1275616089290805,0.0929837852866184,0.019522549766719913,0.0747382984557584,0.09755071090111861,0.004196556506661277,True
12,0.06383837905202853,0.04338086355436978,0.04618601355059615,0.15039654574910843,0.05805620117118049,0.16458635245077305,0.1373506013224836,0.072533208954358,0.10252464239243425,0.1611471918026677,True
13,0.1490076363083311,0.07175072551291294,0.11998942583276496,0.08811533775333592,0.12394340390797184,0.03996920630263981,0.1004212569393843,0.12676256310117853,0.14972012744436253,0.030320316897118078,True
14,0.06681395295483182,0.1391791215420282,0.07196179637011667,0.04286987143007484,0.1214050132922611,0.14071772679136918,0.11300806304152056,0.10545697809313147,0.13699264006887346,0.06159483641579279,True
15,0.042991241889149746,0.032734662982278145,0.057707276595675344,0.09552307759869777,0.15461257058535777,0.17321051749731448,0.1793188913705226,0.07667377663515701,0.12812753118879416,0.05910045365705291,True
16,0.15923186837186795,0.1573092204748576,0.14088532290809355,0.021520140539023288,0.0414973684211384,0.0803360125252562,0.17543146953289163,0.07338128730715478,0.14063269273805062,0.009774617181666024,True
17,0.17725080374574373,0.05340399432582575,0.07531809385436646,0.11347810975642049,0.11762910757109095,0.15077883808638834,0.04299110878460918,0.09272374137490627,0.033978410143836756,0.14244779235681196,True
18,0.14633091922723285,0.020501665081916667,0.12965753092834162,0.06246596726301633,0.09077231875280839,0.21980705364529315,0.030140308003017882,0.14319574628150517,0.04496229335223719,0.11216619746463073,True
19,0.16663915244386002,0.06872153187636827,0.05197110639206464,0.060644593017473034,0.14426703832548618,0.07525615834401754,0.07343325603123108,0.09702573359217982,0.1767627883494646,0.08527864162785474,True
20,0.006108634130466591,0.1732858929088875,0.08899069320799309,0.030885576339256808,0.03117755535913887,0.13589786895088576,0.11138076114914705,0.17880588293597954,0.09693546838477812,0.14653166663346678,True
21,0.033395892656983,0.023790110553299472,0.003791249663481477,0.06080416251522598,0.03153123655956296,0.17140453213958604,0.21154632943524687,0.0953785238422422,0.15408617300301228,0.21427178963135954,True
22,0.052919165220132174,0.13011666063808938,0.1120471631952498,0.1292199055865795,0.03751404588957094,0.01745361924010985,0.11478775363564785,0.18614465129026755,0.07438729551210001,0.14540973979225286,True
23,0.17452903868854264,0.1569358067755158,0.13792419225994754,0.11071159771505708,0.03726645793471699,0.051416346230435894,0.07178273850215351,0.04817817871609264,0.12600034401680815,0.08525529916072995,True
24,0.10068037501640012,0.10487225490269514,0.16002254937722327,0.09836251634804938,0.03158959185492543,0.04646078105920371,0.1510016960006062,0.0639135584863094,0.054920999537160856,0.18817567741742658,True
25,0.0027572057965622766,0.20384403584849947,0.07217045941741851,0.23681826892123348,0.0260368072440125,0.08041765985771848,0.11355890938145637,0.09301561286001817,0.16300903856635127,0.008372002106729658,True
26,0.023472547007284357,0.03946029739205803,0.04738058802247198,0.11838959588056147,0.22917441553620155,0.023220960434814475,0.12926227469258258,0.1549399039492054,0.050002479545474286,0.18469693753934577,True
27,0.008867653390413026,0.09000601730909023,0.06043620881405744,0.02972227327964144,0.24720537401768908,0.21901040757658854,0.06448474916729456,0.006592440529896228,0.06688543073112509,0.20678944518420447,True
28,0.06729522735576049,0.045748893760880274,0.17677736621284423,0.16926908291379336,0.13718452335118375,0.12385336289832735,0.10487679071005584,0.05820898851114671,0.08954656430149506,0.027239199984512918,True
29,0.17546639676038836,0.000683870536071796,0.1724161178756688,0.04055766899256195,0.07444385746396891,0.18137087720063796,0.003874806441213358,0.15673402380978366,0.07806057449761837,0.11639180642208677,True
30,0.026655994824940993,0.09370036141461904,0.14899770415007732,0.001243189026109145,0.12422281974123853,0.13590894393244968,0.17660937911239313,0.07988031417939045,0.11976798873670573,0.0930133048820759,True
31,0.11011053509332153,0.08819649653103886,0.04109874612424404,0.1617108180712149,0.10686563120463684,0.013777205350304491,0.15510232177119038,0.12834932267122878,0.06724892003438045,0.1275400031484397,True
32,0.13884912764338192,0.09536084038704397,0.05143123844317201,0.1161392896629814,0.03764021306894164,0.027001104574807745,0.1762788108857297,0.13700473198710994,0.02549541295166721,0.19479923039516453,True
33,0.14117614273344847,0.07335240516616852,0.14684501316907342,0.17173918506896083,0.14626020594965353,0.03694194481376934,0.00344896332067063,0.07809191462223987,0.009027755233529812,0.1931164699224855,True
34,0.06847966411093614,0.15665659779992555,0.18175760142991984,0.18420419281907469,0.1205638404814358,0.02124258949375554,0.10149703728607505,0.1088507065774242,0.05446870660546137,0.0022790633959919,True
35,0.15837799510159603,0.037551075967722385,0.12702831127826603,0.1365322280416253,0.1721795634809458,0.04589096005318144,0.13295110858105882,0.08876024035050631,0.00020707899177738914,0.1005214381533206,True
36,0.10166261040515318,0.19420395158152187,0.0054203119614978515,0.06562818064230432,0.042421442833047225,0.07984712522120552,0.04712477324413638,0.19456294816853723,0.0422548870847739,0.2268737688578226,True
37,0.06279266966657901,0.141389620584519,0.07512334069989289,0.1511353217091118,0.16459600369044528,0.01342425386563798,0.0878960865624875,0.06973200680456591,0.08341824379878994,0.15049245261797048,True
38,0.23487129323203068,0.03532036004854275,0.11482887424755346,0.15931788153157075,0.01106010196475789,0.20754856874362929,0.004092861325313515,0.03538735371523339,0.16506276410463847,0.03250994108672987,True
39,0.10121526394512019,0.09331821577890168,0.11436106324448003,0.09767829170495167,0.013349033396319997,0.126984102247672,0.13960104444173058,0.12474381879679103,0.05110871494334051,0.1376404515006923,True
40,0.08733756051986842,0.1483208126085681,0.10778202799330645,0.07841300197973036,0.15861496283963952,0.0293820536706028,0.1590683660982733,0.005976259538937413,0.0814834694523171,0.14362148529875657,True
41,0.1669732840257597,0.07291655464645089,0.15190780293858722,0.1052338164895602,0.04341804565316197,0.07628980827699033,0.14462971779653724,0.12448718570592267,0.10332294719964191,0.010820837267387903,True
42,0.02016697695705778,0.1839983465902922,0.01764595963726583,0.0733267549300737,0.10375887081118551,0.05186226683640429,0.14284979777267554,0.1365959016715074,0.0926912907338826,0.17710383405965494,True
43,0.12254976159090174,0.051219671011277446,0.09655526177051703,0.10037450397899964,0.11069644745581514,0.11263459672243226,0.145738266129338,0.12668302659424835,0.11491785227445973,0.018630612472010595,True
44,0.1588302703142808,0.005349368484761506,0.1219049899486507,0.0005534720337508277,0.10184746893225465,0.059847154893967976,0.1466486002705754,0.19303833960329683,0.09228266434915597,0.1196976711693054,True
45,0.1329779474419716,0.11803798815843339,0.14386501265863902,0.062305956844202384,0.1362158176663218,0.04812016286764692,0.07837847143783036,0.11979347582662206,0.1228837533640934,0.03742141373423899,True
46,0.18518155209198917,0.11554578160624122,0.07506902786482644,0.03311144711011215,0.11356659274210004,0.02585712786684634,0.12205823625354156,0.16238713696831783,0.026401971836926563,0.1408211256590987,True
47,0.13381796549157107,0.09902855295596032,0.09788217915523421,0.03595825383995879,0.15389983200280724,0.16372763768465967,0.029174469510211302,0.05737759760830446,0.015205923854697658,0.21392758789659533,True
48,0.01623655077974222,0.1927635989015738,0.06601689794138992,0.1944658924692523,0.044449433629438186,0.132241307614437,0.05180684415616571,0.17998757450693653,0.014832157800315464,0.10719974220074906,True
49,0.022319400957238625,0.04646484695916678,0.1607598568261442,0.07661633579915589,0.05604687006960729,0.08645210883205062,0.1569195101483569,0.057112649965656966,0.1595492336279381,0.17775918681468475,True
50,0.13698246140013445,0.04793269236340589,0.10848610533280072,0.07915383130705515,0.007504687974664197,0.1410216461034205,0.14484495777039585,0.10905852083920423,0.04592845263340916,0.17908664427550988,True
51,0.12320914525386768,0.044818609937306485,0.13378866960280555,0.14668964635451323,0.07319272094333074,0.0848271302800164,0.039717979620217836,0.14877895846388656,0.1398851824545952,0.06509195708946021,True
52,0.13924599181144143,0.1394841545182278,0.05845893848113621,0.1606321324324976,0.20420114687939542,0.0067889421645598745,0.04753454683834903,0.1482845287741252,0.04177244472238594,0.05359717337788152,True
53,0.18273215937051315,0.14030567346474293,0.0053721982535123195,0.10154550692619738,0.1103490710785935,0.0043854200384396014,0.07258303973136555,0.12278292014831513,0.20196257452265257,0.057981436465667835,True
54,0.05680059458936644,0.09587587155344143,0.10242464737750426,0.2813620768570688,0.036939571453048166,0.023385912017852444,0.025000337706739612,0.1668002614501004,0.027262355712353994,0.18414837128252437,True
55,0.10593075650262365,0.08547749013777271,0.16799044328187246,0.05549605726450566,0.03119519690424177,0.11846435163961544,0.024450401924330817,0.0695796128347447,0.16424054178877703,0.1771751477215158,True
56,0.06591985210920241,0.06358157551581843,0.04378506330574416,0.13287099028128235,0.1206968229053108,0.13866355597898175,0.1587133808059007,0.0658921403514515,0.10663773900538724,0.10323887974092064,True
57,0.15393153076530608,0.08017417931347703,0.04344399903443441,0.04341133341995584,0.20216555194778404,0.19651558095353067,0.10350546498150992,0.059915794404760754,0.02739610471239003,0.08954046046685125,True
58,0.13462342202474764,0.10761216027149853,0.06608070942701491,0.11341685223445529,0.12945328822155833,0.004077774455699397,0.12861984666466222,0.12767894875444893,0.09895895676844213,0.08947804117747268,True
59,0.2353802139808208,0.030830944692469237,0.17616739040978013,0.07182831676405266,0.19919703835168795,0.028007995137951446,0.014637617917925925,0.19807514069196544,0.004947870860621671,0.040927471192724794,True
60,0.09711963230775775,0.11451584261337591,0.07915865595508738,0.14142768473068043,0.12345417689593588,0.11947329700369379,0.13909838536388602,0.023836179161316532,0.027238585602480957,0.13467756036578526,True
61,0.14569078114658598,0.1475122717678681,0.06253841915386477,0.12063761422008043,0.11365139744399737,0.03040957886069241,0.11582443868650565,0.11020813083925154,0.12777055986933172,0.025756808011821973,True
62,0.12924607264709498,0.08477136469751084,0.08020143613435798,0.06458774859167739,0.04052684737913969,0.1690917419999362,0.05881114032407485,0.1895943554383873,0.12664636659828715,0.05652292618953366,True
63,0.13915961409308333,0.009455745708223919,0.016217625352864595,0.04716869304239324,0.14784165094561377,0.13813531342995952,0.10807927766930463,0.09018213005216465,0.17265763026169842,0.13110231944469383,True
64,0.1818907885769299,0.11853113923972022,0.012207304323851456,0.0114407128495074,0.052885416799291006,0.14424201375302703,0.07278973124642335,0.16832451387045894,0.17872364579196612,0.05896473354882465,True
65,0.04037469705722398,0.11703457704347789,0.16305618566011773,0.13639108934594796,0.12925870063549627,0.06384833926321117,0.11924670743200594,0.13785081154013706,0.07958039750843388,0.013358494513948122,True
66,0.1619920287476887,0.09684621049692106,0.17388976064120623,0.03678146366359409,0.1377400001472528,0.00457014053077029,0.052945135172685405,0.030975546574117153,0.15307886751719813,0.15118084650856614,True
67,0.10158845044076195,0.11447710484168261,0.06339582947241003,0.09495223090188032,0.08575130958020381,0.08403074916339935,0.14078438937320387,0.124663168411226,0.09960890705535397,0.09074786075987817,True
68,0.172260002447976,0.030645376372998134,0.0695415127849225,0.04604805054110347,0.23169605439512483,0.01980494088434439,0.10090221320828983,0.15644205797361932,0.02914015237687521,0.14351963901474632,True
69,0.14058309088720758,0.040990060166516615,0.06119851465848813,0.022856397116982664,0.06727195140918348,0.02883922822074344,0.19354704373194515,0.2112833475418072,0.18965159611543125,0.04377877015169453,True
70,0.10590740255470704,0.1525020246161721,0.10285169045017623,0.04804945543543359,0.07522023918818031,0.10075959007348663,0.15375859938205175,0.1135543165638167,0.0018003656560858336,0.14559631607988985,True
71,0.17139123027500403,0.1562399663377365,0.033862502977465014,0.07346149527292602,0.040590668182464595,0.16032691941485097,0.05358513021898985,0.14730506756589062,0.11225792667853345,0.05097909307613906,True
72,0.051641367328524056,0.027328683780918003,0.18618735123490196,0.08983250330377536,0.04510352793198982,0.13677956887539391,0.11259744790555506,0.21323473371261054,0.09227390766377827,0.045020908262552846,True
73,0.12265406698019704,0.060593819562421374,0.12137650988343007,0.04933356127283717,0.0666347320165003,0.13176376161393355,0.09897377081920161,0.11437330934344646,0.0967106651594954,0.1375858033485371,True
74,0.06558340827729107,0.12575286869819538,0.1467083565627841,0.06868447984404387,0.12268054279602277,0.06065508921532741,0.13465157523947294,0.10373036117034148,0.04489695988912808,0.12665635830739277,True
75,0.17975056849531476,0.06561961975154938,0.028175818858535366,0.17202459651686336,0.09579040777910491,0.10943743296432586,0.1484968536341628,0.09163576324723476,0.09591244439880564,0.013156494354103102,True
76,0.07710239868939624,0.13592020900356716,0.00207855822095813,0.18113875367517376,0.12161339220988979,0.02909840312238796,0.16278059061177283,0.05341407130382889,0.18702053609126532,0.04983308707175984,True
77,0.13752956019118928,0.14385353034365372,0.10117667794423167,0.11013017294137668,0.07781309278548416,0.12285413541277011,0.10522304685460619,0.06760106601137314,0.009921878352714035,0.12389683916260102,True
78,0.10962184844055932,0.03180017581780345,0.021977867130007947,0.038449332580914757,0.2665861805575465,0.07374377596361528,0.2223499980572531,0.006242076060934246,0.048081266715655234,0.18114747867571013,True
79,0.08088450840616693,0.0419949559145011,0.040365697821412416,0.17137069925469237,0.006766090311149164,0.18937793390586705,0.0663029434689981,0.10098471939177757,0.16335642690895968,0.13859602461647555,True
80,0.10851586179438925,0.05814553647045229,0.01989703611805824,0.20104275635691385,0.006699348115462183,0.10447321694760241,0.19097132717254262,0.08128272717366748,0.02358036627345655,0.20539182357745514,True
81,0.01858242487831908,0.14045173308909778,0.07521013423883044,0.11608990987866104,0.12233168410492985,0.0012024007036816726,0.10162911653675934,0.16498258511295616,0.14837439765188307,0.11114561380488155,True
82,0.08425959913526451,0.11050543223108025,0.1039465662583993,0.03618190353913329,0.022067952318627647,0.04514719204513354,0.18126616896011588,0.10791578848412654,0.11916120072224992,0.18954819630586905,True
83,0.08694694924170303,0.17258807876057738,0.041971186374251575,0.15246007345231455,0.1754950175076976,0.0205688304216305,0.13785080938795466,0.0795066131039322,0.009665989041621349,0.12294645270831722,True
84,0.035250000218862196,0.20780397553799165,0.02162717297114552,0.20661223499931208,0.019930833717921113,0.02482827611935002,0.17644824928967834,0.05274651453792279,0.07959359614275896,0.1751591464650573,True
85,0.025823235026747084,0.034096300617291915,0.11820374730471904,0.06675788351161503,0.044976432556926633,0.22395507732594455,0.16436515705968832,0.001789350117290583,0.0641385126852403,0.2558943037945367,True
86,0.16443475505041702,0.07033523540853077,0.1783010529928991,0.12293490769739183,0.18591066594384553,0.10602938657888555,0.027130520002337566,0.057115635380163905,0.07030094408914749,0.01750689685638122,True
87,0.08861092498907655,0.1727076093616718,0.0873842542166325,0.0630907742042806,0.15495104942481228,0.0112321889143641,0.08275238806596492,0.16495219568666092,0.13001577852374852,0.04430283661278781,True
88,0.09018014995732249,0.15868533353399933,0.0801007487751063,0.0971054145393615,0.05874048924849702,0.0557193102776338,0.15780730096034387,0.0402213165735575,0.13139164696079175,0.13004828917338637,True
89,0.03304512151711403,0.13726038923142528,0.173648069495979,0.13294684016073494,0.05957446179236604,0.16670832921493658,0.08789044767035414,0.0500620500673841,0.04074507297518051,0.11811921787452544,True
90,0.1632503438317141,0.1588203004008898,0.0815105930594084,0.04112143213960876,0.13414185517994934,0.13808562016574913,0.012769445357771745,0.09765822109823773,0.056734553429552685,0.11590763533711829,True
91,0.17575066300673867,0.009769611231444902,0.15318410281290976,0.054058420952449074,0.031018730561814225,0.1394460169150466,0.07067640711850297,0.17568078600217515,0.04314454940150986,0.14727071199740882,True
92,0.07166530862548418,0.05697742543243422,0.09785118390252678,0.05312629969529123,0.1842278606561285,0.18659910089329462,0.0726462960780746,0.1484466728511992,0.09061870432276696,0.03784114754279967,True
93,0.21632449827141184,0.10069309997059822,0.029636890654883237,0.07195405701901797,0.005161205918962236,0.03693353414104459,0.13801163361748311,0.15516877625970596,0.08391431020165176,0.16220199394524112,True
94,0.14788367692346485,0.1456639227286299,0.10969919273125445,0.033124412676457174,0.06676847510608815,0.08432264386408989,0.15461437672030956,0.009459526864121685,0.06936451474730239,0.17909925763828188,True
95,0.09093861192816488,0.07146887205389665,0.1966713323514181,0.07725437399386756,0.06686690325940149,0.09289512833347426,0.08942418642803424,0.07002580764325816,0.14297783834200548,0.10147694566647918,True
96,0.18798495595050196,0.11131979620346516,0.20315688125501716,0.17932018635941527,0.07192944735600162,0.06502434749651137,0.11520702010566955,0.04794231184921752,0.00943461425397851,0.008680439170221982,True
97,0.16195418264817102,0.08932691943049867,0.1858260970419982,0.06252769532461827,0.13819812075362112,0.12328807966000882,0.011535432199355766,0.026812105376264436,0.029079375962168585,0.17145199160329525,True
98,0.07303600260016864,0.12347200678118204,0.11541571371165078,0.09534615979169983,0.051412345083326344,0.12964421565081466,0.0996329953227314,0.09901925712295435,0.13097269068548542,0.08204861324998658,True
99,0.1347621692296632,0.019480110608880434,0.0901613232925477,0.1510589503218777,0.011415539907113251,0.09027079573147914,0.15874029198125286,0.07798815517449197,0.13197844373013293,0.13414422002256082,True
100,0.031955202524254926,0.10797844893790409,0.20542622817372552,0.12931862878936565,0.14704383580969088,0.02475043074514527,0.08136767141730752,0.18405875020561285,0.054923892223570005,0.033176911173423314,True
101,0.14851693148561,0.08034803436355913,0.18419436744353887,0.035470119310712686,0.00384765938341234,0.014889830022269953,0.1320320369712114,0.21919317884902123,0.0376078608584179,0.14389998131224654,True
102,0.23416267627448967,0.11884906334516941,0.0506953027922589,0.012914822697482783,0.18529415004377392,0.024065604008212782,0.05492087155334977,0.03934851619584241,0.1500931965230735,0.12965579656634682,True
103,0.020998875978802362,0.15074177268777691,0.06651670538455584,0.07244644010205055,0.16136477548055972,0.17262941540248128,0.14676306535103592,0.14516630724213403,0.014164372126887155,0.04920827024371625,True
104,0.15119495876075853,0.04308873026090078,0.040661883662136834,0.031777241089481705,0.13857694942993656,0.16543451718785893,0.06438258816084548,0.14403498221561342,0.11980056816232555,0.1010475810701422,True
105,0.017891633651501156,0.1056319575934449,0.16958010950540944,0.2187783740653034,0.03827517866940025,0.0676919673930378,0.13627963362009626,0.20888061526158366,0.011234065563436204,0.025756464676786887,True
106,0.08628168689812239,0.11179237573882564,0.035579766191769405,0.09122603997916301,0.0052921295825020895,0.028066963003493935,0.10689274767704056,0.1776302775782705,0.17864069949804687,0.1785973138527656,True
107,0.0447531002216609,0.07148365229391929,0.021293770985464748,0.17138578515866026,0.18824182495958863,0.11982054753524132,0.11362031179905213,0.11277206831297822,0.0689814151655321,0.08764752356790213,True
108,0.17273285348575787,0.112007564044992,0.13942952855440063,0.10274130367192874,0.06518343430251476,0.02511533381863466,0.08943388844910295,0.08340679357787888,0.17021391758494483,0.039735382509844465,True
109,0.0429640786249879,0.07814302766736263,0.11616277790405202,0.1448507531677519,0.09261949652620798,0.11590065620835431,0.12073910510518805,0.1260107716490368,0.06316663283652177,0.09944270031053672,True
110,0.15582217885254443,0.1313306138493599,0.1650107162392755,0.026102083050648393,0.00270421659401812,0.10719592205414781,0.11071163905497337,0.16170585679856622,0.05468874160915542,0.08472803189731093,True
111,0.020981251216280854,0.21795975815861732,0.11000769479640521,0.0032504461872585946,0.10317011788359787,0.20086483566971738,0.09588860174174758,0.03297659059731412,0.004561968716226588,0.21033873503283454,True
112,0.20439201863039877,0.009631405667269537,0.2625449732182824,0.09433514836561747,0.2398549197215634,0.03012152084670524,0.007342705401903642,0.08677448962595163,0.001048746784021689,0.06395407173828614,True
113,0.1417043000957697,0.11223533458587193,0.075309219878471,0.08257109861216175,0.16173060619017543,0.13465092997722306,0.06669659717932795,0.11450477099348373,0.051202221807677945,0.05939492067983744,True
114,0.07766628832505962,0.1559086842384248,0.1254170560950306,0.12455820185526366,0.10763450714193515,0.13616941617901096,0.08981708945434537,0.033126823582264056,0.022317565364426036,0.12738436776423984,True
115,0.17143113447454508,0.009341671300558456,0.18057925185085297,0.08213631574201377,0.011029525697565837,0.06145330372082184,0.19312633678550714,0.07882824869080882,0.011120831556981207,0.2009533801803449,True
116,0.1663668132845426,0.06697000940926953,0.2266583997543526,0.10275084639594524,0.1615459008719924,0.012527234013983986,0.08707735330996173,0.005603165195507253,0.08772582695537456,0.08277445080907017,True
117,0.09535693183596117,0.13319256459706325,0.005685141872362479,0.07097529873437373,0.13328532616636526,0.09849779370897922,0.1349537323048027,0.08669639805633128,0.11130191221231357,0.13005490051144739,True
118,0.18139323123680767,0.10397927733616194,0.18031306576338874,0.008642999298044726,0.18647213700869394,0.01908758611789451,0.08768074760227092,0.027467191771207967,0.16886903995778443,0.036094723907745166,True
119,0.1373093801762472,0.06325950430098448,0.071386881812269,0.13631379880826577,0.13300601393682293,0.0639096921711771,0.06148852529306392,0.13095671257936808,0.0854836022302905,0.11688588869151098,True
120,0.10281667557784016,0.0402525672553322,0.16679619342302607,0.16529899293231892,0.0076927556844862575,0.11497447636922098,0.004061970414136484,0.16674572737476345,0.12740237771656732,0.1039582632523083,True
121,0.0958248977552992,0.025850104111257474,0.08083213850138228,0.18233369022168675,0.18216451857722146,0.04383820452363101,0.22689636595744384,0.10351384204732424,0.036130877143923816,0.022615361160830277,True
122,0.0986845909671651,0.02998836054786594,0.055185923941644156,0.2339990809340473,0.02188961702521491,0.01845915884157998,0.1151133160147436,0.18540495033831475,0.05346128474742921,0.18781371664199523,True
123,0.16414743737237783,0.17179545187184772,0.18220526674260232,0.014279146325076913,0.08006505897253889,0.13901641645582596,0.054580237256090895,0.007899115542774135,0.17681816727334732,0.009193702187518126,True
124,0.12042719706157376,0.06440237837144704,0.11448850342958647,0.16052820743238957,0.10612688837012996,0.08451504115360496,0.11974150223454098,0.06479964313544745,0.15234788151522013,0.01262275729605971,True
125,0.12938023659525036,0.03575128974968677,0.10438595356191542,0.12046843032548069,0.1031259885895604,0.09805199535151585,0.076433437982436,0.08160250955565188,0.1277129215621649,0.12308723672633763,True
126,0.029716313550413233,0.0277875756583816,0.08051463804214638,0.052806930763939275,0.11016111821337844,0.14463200954599603,0.1813961117108842,0.1910549502451722,0.11456825555526538,0.06736209671442325,True
127,0.016818352406251236,0.06975710729531472,0.12286724169285829,0.10535136237335052,0.012651169654166619,0.11157770305862615,0.17882366176221032,0.1871225995619649,0.15717984285584885,0.03785095933940837,True
128,0.07559442447450948,0.16321238402984165,0.08300116701938832,0.01602453801450134,0.11793684673404377,0.13721170241949254,0.07145395543107207,0.04489630426859858,0.17868501349587312,0.11198366411267924,True
129,0.004571246437249237,0.10098618884672936,0.1288865327043002,0.15107334534046288,0.015884131645663425,0.15337672308407416,0.15975792993252477,0.015047211939605822,0.12960515627773386,0.14081153379165623,True
130,0.011358704503729477,0.1100983282593526,0.003395471229661045,0.08273960455627073,0.05970379688984527,0.14948179373865303,0.16071970440053562,0.1447260175876679,0.08217503413530529,0.19560154469897897,True
131,0.007379640620380813,0.049126361800973475,0.09195641288066637,0.07250182155559047,0.15590619220522553,0.059928651592370916,0.1674918716524888,0.16082998045094066,0.15521048967050885,0.07966857757085416,True
132,0.10486232406847885,0.09696380899490184,0.09273822730412598,0.031169577134926314,0.09732082889474479,0.09706779126734744,0.11196714200522301,0.15334211551430307,0.1329177502791641,0.0816504345367847,True
133,0.03599184820570943,0.049337409535444424,0.17456104472434822,0.048476045201123655,0.0884256239316193,0.02050455738697561,0.1115577218860807,0.19221815464146552,0.10871259710595944,0.1702149973812737,True
134,0.09249637366129107,0.19008258907380549,0.09803381384240475,0.0199017970918251,0.02563758386875247,0.12023829539375644,0.1424793585571827,0.14695491521814283,0.038046991723037056,0.12612828156980227,True
135,0.060819818902122555,0.10897311826178188,0.15406078295604594,0.09218912680106328,0.13039128343254253,0.09112289430339694,0.11728772100669832,0.15541703851786826,0.043438855809012626,0.046299360009467605,True
136,0.020804274210025814,0.24156403719528508,0.054983724633793196,0.008398688138399266,0.1600110495062476,0.06263988279046481,0.1743308338211381,0.0199942354363585,0.12203646721346653,0.13523680705482108,True
137,0.13742855183047864,0.0005702045682444657,0.11178421721347179,0.08245685319651075,0.12822628995193205,0.0860802798219499,0.03643898754862457,0.1116026558755524,0.14852294711731076,0.15688901287592463,True
138,0.16919634714872508,0.04534033055795231,0.11098418689535383,0.015796056091530744,0.08788691088742451,0.1753219511798123,0.04261084979061753,0.13900813573281479,0.08385632944715447,0.1299989022686144,True
139,0.12093243927194734,0.04423294767136298,0.1771308972947458,0.15757285705412352,0.22253645966907323,0.002008108259661189,0.10562340524747227,0.05769404034743101,0.09303725055302904,0.019231594631153832,True
140,0.17083070065596934,0.15865549576376403,0.1294872000382501,0.018254507381637856,0.16560115674993595,0.008216399642413209,0.060691139861011704,0.06289739320357042,0.04673065025776916,0.1786353564456783,True
141,0.02067599829489821,0.19065073441974748,0.023787190139208377,0.16898510278034484,0.08043139169304607,0.05549979979292492,0.08448215457546837,0.17898194832416073,0.08099646193160148,0.11550921804859947,True
142,0.05851155431495053,0.018924203920308115,0.16237905432437216,0.04309269741607409,0.005255741828943909,0.0941601078389588,0.09587715751195858,0.30247794608320333,0.0934211719533935,0.12590036480783678,True
143,0.10430718197343863,0.12042488679114328,0.128478910715753,0.011816642908563761,0.06427016068158192,0.023529047784746893,0.11826980611653226,0.16123791013877012,0.14472746835118183,0.12293798453828847,True
144,0.13420394228952892,0.16959280474996047,0.11759326250995335,0.13153369100887638,0.12853209899077037,0.09842076588750288,0.1634307991011687,0.0004600097889638495,0.048218208584844324,0.00801441708843065,True
145,0.07268902967007287,0.1635132798999226,0.010062644251297829,0.11917164735613373,0.07149113328477107,0.05337595869328645,0.05152142452656492,0.2640726825065434,0.05019361831541851,0.14390858149598867,True
146,0.12654601886310088,0.08214809147054956,0.13539067678014427,0.11123512593486208,0.08978254907019302,0.062076143529612264,0.11265645125657144,0.09579600316619903,0.06939288257369147,0.11497605735507603,True
147,0.18846121221468737,0.04168157762421874,0.16615438742930044,0.06635150655290713,0.12463836148922255,0.12108739980037826,0.0025586650463342475,0.07194124378567997,0.14227159593279984,0.07485405012447131,True
148,0.19033158853609364,0.10408512208115679,0.1879914427453212,0.020317296393071622,0.00817656596166978,0.07236200588699888,0.008383693216285472,0.10740284400012898,0.07098278206866812,0.2299666591106056,True
149,0.026508589193111286,0.21663938719801118,0.09413834884673083,0.016908530829416717,0.1864782522882028,0.04548239063500707,0.14946433988180033,0.1817774251685643,0.06118336773538843,0.02141936822376714,True
150,0.1389921363701366,0.0938681392217391,0.18707150639342787,0.11992242706153851,0.09185503830078413,0.03161661436325872,0.024834824861104922,0.17138081364334806,0.07488022885913304,0.0655782709255291,True
151,0.17113012239306113,0.16532895204943102,0.016867412637392686,0.0867031951567213,0.08175162075081788,0.09006837714900987,0.09163026832025888,0.11543528277793236,0.05121612357228392,0.12986864519309094,True
152,0.06620661559147553,0.05009678910074141,0.07591292416539457,0.16190894641477843,0.014178824512713184,0.23343575619924364,0.02322684743054937,0.18762407892594618,0.008102867751957475,0.17930634990720024,True
153,0.11076483381374566,0.1361732565467295,0.08256471353678682,0.06713005677407946,0.027871254559261146,0.06590323930321687,0.15018716502026538,0.13339845674809586,0.0006958134439063749,0.22531121025391307,True
154,0.18438658418539003,0.11978570954548419,0.00045342196539885143,0.11786672539302362,0.0876392299351065,0.1660088060026584,0.06117908251936219,0.10771126802978535,0.14695936266318985,0.008009809760600903,True
155,0.0911161570755614,0.1654941217473444,0.01899868975439796,0.11139197865278297,0.15225843299658634,0.06321541541212057,0.034320166332859725,0.02764876762415635,0.15696800634128566,0.1785882640629047,True
156,0.12936634241776193,0.09472378157311663,0.023221359660283554,0.06440349645361182,0.1497645363297007,0.18693383703906893,0.17985477704215241,0.015452981743538907,0.11985299690936269,0.03642589083140235,True
157,0.05793011727522029,0.14474303393035443,0.1493464973514748,0.031179072411845737,0.03603603960748583,0.22754641061894798,0.13690613651480293,0.06557987781327097,0.04427806849423015,0.10645474598236701,True
158,0.016118694698959365,0.12042962160530213,0.13498905403860043,0.030535760906572663,0.0698918310668947,0.10806541001115544,0.11857928018106254,0.1574848110599929,0.10231012327469798,0.14159541315676175,True
159,0.12570010711472068,0.12280925981141501,0.08104746057941431,0.1557820321638719,0.10756125704417646,0.0883250780075802,0.006025575687620211,0.039596485519924424,0.2122280539434977,0.06092469012777901,True
160,0.13069299976095383,0.06853165141915142,0.11198329677446432,0.08042647486136263,0.025388373042520302,0.11827972202483578,0.127072109246191,0.11058117093356959,0.10424363930907438,0.12280056262787671,True
161,0.03421438335152032,0.06014339661342207,0.15289089666888683,0.09216762365100982,0.028344917182631983,0.10790043376580581,0.20638722046617394,0.1614187756654571,0.11533601195035022,0.041196340684741935,True
162,0.006410884888047604,0.16416144450665454,0.173272300568979,0.005105863776553101,0.017254465849297466,0.1354554781556187,0.13118990543695477,0.1507379757938606,0.07657682798808758,0.1398348530359465,True
163,0.04108089783546186,0.06627342125221963,0.020227688034755876,0.28602567513215493,0.0023090782415725645,0.18538844655411277,0.10959812449616,0.012930016281770746,0.15559246402254034,0.12057418814925135,True
164,0.11401043248615658,0.18291499208438447,0.09204044408773,0.07058467417862896,0.001108225803387234,0.08529976172145898,0.11833458271594553,0.1474611696188852,0.0665218208581405,0.12172389644528248,True
165,0.010678665517980976,0.048276435936775636,0.028987204236820753,0.09637140924024441,0.1619375582752287,0.09019892716504856,0.18547075570727428,0.16792575140241534,0.05901621169749314,0.15113708082071817,True
166,0.022498493239998214,0.19982396182954032,0.1634497500549404,0.17781835155224748,0.07011037882576499,0.03123899841081998,0.16011756721929282,0.11970381187879078,0.005905314545695985,0.04933337244290895,True
167,0.17358625843304473,0.006896209151364126,0.029353856909342533,0.17640342282298324,0.08872094352206526,0.1340570421319796,0.11153342332626869,0.15349913930563322,0.024928974326930507,0.101020730070388,True
168,0.12550796410292644,0.08528741826250373,0.10957661329873118,0.1292587201076541,0.10107875845912814,0.08617372984711931,0.05938151546303281,0.07549640726440014,0.11791144087023316,0.11032743232427095,True
169,0.1110461259752812,0.08667414627465808,0.09013609338540912,0.08734904367432107,0.13906473426232863,0.08575690875205474,0.14194804437172648,0.03513099541355631,0.17364254533891407,0.049251362551750284,True
170,0.11497972859431124,0.1079569936346901,0.042473779561791956,0.0912305713050803,0.0919550297160941,0.11323699485663848,0.16147123928947463,0.0019270507832634758,0.16984154980326213,0.10492706245539353,True
171,0.05039258146661193,0.17966235449536233,0.061183409814751344,0.08646382361226032,0.16680818308664086,0.07030499035611146,0.17415270692947668,0.02142634979514169,0.07555705865711704,0.11404854178652629,True
172,0.1255146468963578,0.08799635262369014,0.020787800520131152,0.17755247712114192,0.05302628492195433,0.17930380801819243,0.04756614523874968,0.12245335825931852,0.12362785524033436,0.062171271160129604,True
173,0.0002826088698388714,0.1864190965800811,0.07822952745959692,0.17434035845564552,0.17174446484113368,0.0023596944371938855,0.023998152167540678,0.048236960495596656,0.13960302485823564,0.17478611183513715,True
174,0.08698857310512036,0.046360217737888454,0.07758289673772896,0.10321727955748178,0.004692267365340533,0.06899110503436279,0.156367582789962,0.15867783762651103,0.21286772498865617,0.08425451505694781,True
175,0.025551894801856694,0.17837482778902475,0.07660906564289777,0.06771705523689994,0.04906124535725879,0.19523764978941682,0.10011321752889511,0.0729214148736078,0.014729985823102617,0.21968364315703973,True
176,0.11699375160946976,0.1184470447100586,0.06949919498100741,0.08354168794644558,0.11885215379085486,0.05372120201857641,0.08783853750661098,0.12937381534162334,0.11937658703825996,0.10235602505709306,True
177,0.12647616554754468,0.13634612909211336,0.12946415207876938,0.04301635636614705,0.14498965623610224,0.1264423375749872,0.04758872287533137,0.10209358287970782,0.005110155141311283,0.13847274220798558,True
178,0.12529368636913088,0.05681363382671384,0.0877757348757202,0.12430076223750583,0.1714999985862254,0.06068974176538401,0.1026605120637845,0.023373374102007495,0.1714136430204335,0.0761789131530945,True
179,0.05943342645066657,0.1142057794274773,0.10371269084216993,0.034036473348469654,0.07099658007616985,0.1346567330637829,0.1194864676992124,0.11038639981375582,0.09447585613288353,0.15860959314541204,True
180,0.20542449351446512,0.0015914187892952705,0.06551506527701176,0.17803715854027,0.016890688227053748,0.1882079067177653,0.031058570606016578,0.051435736359996154,0.14183334106231216,0.12000562090581401,True
181,0.15187252013018276,0.032564445621503395,0.11365057138104814,0.14774964122167736,0.0958699023675503,0.03035222288343059,0.13661751926292892,0.09630441499039878,0.14534694873820847,0.04967181340307117,True
182,0.11722485981646598,0.16280681329088578,0.0362925857633512,0.11926428453791797,0.09904642834245665,0.10815471697052294,0.14362227063591096,0.041708060539431394,0.10118894118216487,0.07069103892089239,True
183,0.07809695346732112,0.13308844286027877,0.01715116676533235,0.1646363685911471,0.2409804372471994,0.23956710104405554,0.0001383630076373022,0.0005619551528119762,0.01805246769844397,0.1077267441657725,True
184,0.05308876480829333,0.08122757529730788,0.10803174335126817,0.037458897611999664,0.16193432965257165,0.1829162913415017,0.009714559097556799,0.0030941293933916727,0.18571159344306604,0.176822116003043,True
185,0.05737078432819736,0.02383310937322272,0.17658870843927763,0.11615311288084164,0.15258156466138637,0.0432799346114379,0.13993695453199578,0.10449893645384449,0.10607290188798174,0.07968399283181445,True
186,0.17537151829660586,0.1262887262594272,0.05828391255340875,0.04169852544994422,0.19638721109314283,0.07029482402822049,0.1054257067560293,0.05500254827193236,0.04826721062810514,0.12297981666318396,True
187,0.03611851909878112,0.2028404062051147,0.08813602369776304,0.00828130741156339,0.036293381524705536,0.17164820114516605,0.047818213035598654,0.07590308745006318,0.1513542189806247,0.18160664145061964,True
188,0.04595412591711022,0.17793168432955014,0.16829468234799216,0.16184194974668284,0.039344175221324246,0.004878271019688646,0.012579979164480221,0.03014858908215907,0.1779940723577895,0.18103247081322305,True
189,0.1077069296119908,0.08309031203401221,0.12418547286125299,0.05961002335440629,0.02311693047601333,0.05983949886117005,0.07108060366094077,0.15236171646646943,0.1688447862349035,0.15016372643884074,True
