ID,strat_res0,strat_res1,strat_res2,strat_res3,strat_res4,strat_res5,strat_res6,strat_res7,strat_res8,strat_res9,alive_at_end
0,0.012559623609243531,0.15993141172638495,0.033725542791844275,0.05645171510431405,0.11848856919260688,0.15109841194031434,0.13300789871144478,0.16782404258620456,0.12704886484510142,0.03986391949254132,True
1,0.04345778883737257,0.1799842170886036,0.06316711546738873,0.012066241018415616,0.17283139434502667,0.14196661450564968,0.13140621675416642,0.02681990417390326,0.08800076170491455,0.14029974610455878,True
2,0.06645204334932078,0.11039339375985577,0.06935750375460997,0.1766616661296514,0.013673096749432786,0.1330824808400304,0.03652891446060947,0.16728050246636308,0.06347141215553007,0.1630989863345963,True
3,0.03204699350567539,0.13156616043947694,0.11034899080669938,0.1377030691447612,0.15384535713965306,0.08765264411715588,0.032111169051368224,0.074388187093512,0.15119188623762062,0.08914554246407737,True
4,0.11324248927041715,0.007874713013547283,0.0756139490149127,0.14141740920432216,0.04243549349872826,0.17258213989867113,0.15580388604564988,0.1155823892975193,0.1151738853399376,0.0602736454162945,True
5,0.0282311530608853,0.15229913504031278,0.07289293298947462,0.18337024978011474,0.08299401334115962,0.02950221053135562,0.042982364760563475,0.08698223559917918,0.19074356108175394,0.13000214381520064,True
6,0.05574584117919472,0.021988383742999707,0.18443537242014885,0.14842456494704215,0.1240033353739498,0.14134044740384658,0.11125706898092624,0.08058305576224979,0.0014042654447137032,0.13081766474492826,True
7,0.1567137076274845,0.1880254226669629,0.12776755493650763,0.050720557854820325,0.022117913885111775,0.07806520790300214,0.0025923628735430733,0.06062672936650442,0.17218851788163161,0.1411820250044318,True
8,0.08599164572688935,0.11435590426069868,0.01864238246784223,0.070367202842905,0.1382832967562535,0.15247457811587273,0.11668624873324185,0.12959640027983124,0.021362157619037134,0.15224018319742832,True
9,0.0992503681763629,0.07321543955590686,0.12792171816483783,0.05817324011747428,0.14553176065287038,0.056604111618338525,0.11697093266451014,0.10261542712629211,0.11544171645283313,0.10427528547057378,True
10,0.12526187253019647,0.13203815716600367,0.08373583931884214,0.03284513614735345,0.05977528920013049,0.05791381992491764,0.11206181498366284,0.14155468746019584,0.14066523074960124,0.11414815251909624,True
11,0.011455724888814644,0.02587795248522002,0.19790473309470885,0.0970989577348151,0.006164306499197537,0.16545395646625957,0.04467989835595436,0.19392055194865304,0.0823017951687843,0.17514212335759252,True
12,0.07707328661508586,0.18472953766402123,0.005905133472552432,0.013147126148015172,0.23837833985544818,0.005046736611957019,0.23789732584161352,0.00410928545542102,0.1524765246627516,0.08123670367313401,True
13,0.07355180046198745,0.14380857701715435,0.09451245361988807,0.025995053093413805,0.1256385248832214,0.10068962575412525,0.0067363534674728396,0.1307304540693217,0.12660090883434655,0.1717362487990685,True
14,0.033898835313974265,0.005970578504494742,0.11245722364252778,0.146610280771194,0.14945812895938368,0.1790868575332754,0.05509214152353868,0.17366866655141944,0.025290419123747843,0.11846686807644409,True
15,0.10268391732300984,0.12171968207308824,0.13346323132516838,0.09127998658866487,0.07699351460128816,0.09301436121061227,0.062409016864049,0.08451457435292782,0.10702249608103741,0.12689921958015402,True
16,0.071320343960831,0.10413840306911121,0.12874437191603477,0.09391510951958125,0.05202664585592068,0.09587192061531229,0.05343185924575933,0.17391513147488183,0.14154600919521698,0.08509020514735041,True
17,0.10953012938040574,0.07535958972654584,0.11205930910296377,0.101211561214727,0.05370281766384381,0.16169506648208384,0.05825943393950948,0.017441779462134745,0.12280844819152555,0.18793186483626026,True
18,0.058898265367211586,0.06546634919298197,0.09907379597395802,0.15644328301958882,0.09460652993819527,0.11482139487784022,0.24444594962621896,0.08102066196821098,0.008263242919559587,0.07696052711623463,True
19,0.018664344692188015,0.021347688422871724,0.18650307313411305,0.13222550349260065,0.13371339394724505,0.11294667969999844,0.1420018140261257,0.0005796340216985952,0.15684633203515755,0.09517153652800131,True
20,0.11533375904685927,0.16168026037286332,0.013667364964042613,0.1784527149701177,0.0038646441883582686,0.07860650897396312,0.1935552613613796,0.08886532591658798,0.15739907407505505,0.008575086130773103,True
21,0.17838469960347572,0.08176914675416101,0.10681322099190516,0.04829377684666728,0.07097519003440333,0.1215713069106423,0.08932912111531155,0.1667124368265654,0.049576200540766134,0.08657490037610224,True
22,0.01400536474955918,0.18291361755344065,0.03067086528645301,0.14063089428705752,0.23675974499676672,0.00992724591065556,0.10758156244061917,0.02178814050233818,0.07858833037394274,0.17713423389916716,True
23,0.10577999686258936,0.159493182550645,0.08289110047879943,0.14039154376846244,0.06301956213608996,0.14714569385472856,0.057365930449880864,0.0999124002042652,0.07799027994562847,0.06601030974891074,True
24,0.07440078209226492,0.0927417284124728,0.025530379392310322,0.16942224462710562,0.14921185747139568,0.08341599966808554,0.10489061741186324,0.2004359102998411,0.02909685031955446,0.07085363030510629,True
25,0.056356039855858284,0.14802237910589164,0.06064787767640427,0.08397119476191385,0.15956159157088284,0.08733606276317454,0.1495089832109592,0.03450482520495027,0.1294768360405252,0.0906142098094399,True
26,0.05342627681491746,0.186986629714129,0.05066941413315873,0.013408348867340132,0.1804353859164526,0.05992844810221454,0.1878678539517818,0.08216969227689849,0.029252880642098893,0.15585506958100814,True
27,0.09295467953579387,0.14953573529958786,0.1348207439424755,0.08176040744197755,0.10048852032075099,0.04420175295813913,0.13326118763754013,0.061198031061609946,0.11518402973389626,0.08659491206822889,True
28,0.13185378184210456,0.05417311915451933,0.13718747029183911,0.035397638458919516,0.10433132399144528,0.12965939153082506,0.12828095673105394,0.1094922671948215,0.034600459144327585,0.13502359166014413,True
29,0.09155126308504337,0.2184934890556166,0.1972209128823325,0.17797809739529713,0.1095537783127689,0.03640587232106993,0.10305989128230791,0.004837418546892432,0.02797085351844404,0.032928423600227255,True
30,0.18777857272226214,0.018700493658614127,0.13417949470844048,0.01679622229755349,0.06827882861905832,0.13015025611301956,0.07550996774601919,0.17653889024557312,0.15036054287910225,0.0417067310103573,True
31,0.11440433402776415,0.17619845097730297,0.12581848008988938,0.02457156018444556,0.06816185741523027,0.0685842380935246,0.030466302394029976,0.13241378909585794,0.18047732025101768,0.07890366747093762,True
32,0.0470513164707039,0.0408221120373854,0.18312638741694431,0.1804767959281357,0.1604386055235193,0.1418932183692667,0.04207537332737807,0.13883100834571463,0.012310126324089066,0.05297505625686279,True
33,0.10088337296187279,0.07937766038445768,0.09055021082265721,0.07162738331475652,0.09748428588336301,0.08733122286415336,0.09733861214438443,0.1439968866946637,0.0551609392336546,0.17624942569603677,True
34,0.11897819317168816,0.08572311035734001,0.04958224401193746,0.18352931171054704,0.10520511033211348,0.06302531739233967,0.12183106703912057,0.08164985757913501,0.08241698179636095,0.10805880660941768,True
35,0.17673014182529667,0.10865013110595868,0.1770402795221575,0.09910913256459908,0.03068614496256556,0.0019386366321459394,0.0537484513748637,0.1158336088036117,0.151403866111471,0.08485960709733019,True
36,0.032404307858251574,0.12528573460132292,0.04775050126527265,0.12793903910379656,0.118257365601305,0.1160772995179543,0.1659163688039673,0.11475083183266789,0.14419632774019073,0.007422223675271212,True
37,0.07184946170694687,0.10867629904792428,0.07021527840274878,0.07691107453078593,0.09421899257932258,0.10805834251020151,0.10324025676994096,0.12730214963977565,0.08316271825607453,0.15636542655627897,True
38,0.280379968569706,0.15525029398224982,0.0023270417152449975,0.052840696264199294,0.03981163937820006,0.03351777530739263,0.03993808892168426,0.18954771124392128,0.017011896424788658,0.1893748881926129,True
39,0.037349412649567496,0.06006613437947514,0.13578312162300252,0.14134472264664635,0.04926589011286354,0.048646167732626276,0.06026983804583297,0.17869216618775688,0.2624076546170727,0.02617489200515611,True
40,0.07405384058209352,0.03343092977798646,0.027597635087432616,0.05344336461910391,0.08614426639217503,0.09347660835315079,0.13608661612351147,0.2197808009092374,0.17745950488698517,0.09852643326832365,True
41,0.07426338319431049,0.16292106182065266,0.09829889650740495,0.06992778359968785,0.135418054555839,0.03656514270781103,0.04037636380616293,0.19269782550889974,0.13018710946546516,0.05934437883376625,True
42,0.03579059958384702,0.1564664220074896,0.028616154521106215,0.15919298065256127,0.1441790469811374,0.07583931131299093,0.043162785550583685,0.2048426918641967,0.1051290303047613,0.04678097722132567,True
43,0.1342935651161398,0.12695879875449462,0.10806224726029949,0.1341219131157289,0.07793970658799367,0.1196245327494371,0.07783237769438431,0.09713043566840346,0.01791166746093633,0.10612475559218242,True
44,0.18820700206841853,0.15349770479934566,0.0009884541663536567,0.18812946878715936,0.05592029764906441,0.02964169273843224,0.20536184195248236,0.039474925616675254,0.11764121896719637,0.02113739325487228,True
45,0.19080586235961539,0.1339353245583176,0.054228144454945816,0.20886641078751284,0.01099696196561085,0.05028674049614701,0.0200175991870418,0.06405034747842153,0.08908093081219991,0.17773167790018715,True
46,0.12443001378593148,0.0009709695228316498,0.09302972964437792,0.03323534443601978,0.14930444121476702,0.09042529700444028,0.13532439280536349,0.08825210861614127,0.13332208522958441,0.15170561774054261,True
47,0.09013003112910561,0.10239485631018636,0.17800979876847958,0.12662394662588275,0.009373904303947092,0.10647199232998616,0.17728906709086664,0.13417069906411278,0.06273946895253739,0.01279623542489565,True
48,0.15411542950290869,0.13974301902394023,0.01612896259815959,0.051889942081255094,0.07593797596384969,0.10774927884692287,0.1514022498993504,0.093168044496221,0.17077254771274564,0.039092549874646915,True
49,0.08681069983140177,0.021547394375697488,0.077801138880013,0.21511063715058693,0.022547567640664738,0.03430480619149938,0.11698276190754367,0.13244920606400773,0.1684010646344629,0.12404472332412253,True
50,0.15151005346723015,0.06654664068986513,0.12061736933497447,0.09599438082566059,0.14907080532604278,0.04244441711968175,0.08484930914999621,0.05091818714908638,0.06746514277423198,0.17058369416323058,True
51,0.1651581348963316,0.013800482681666577,0.10591025213845501,0.1311457642168002,0.16804593521942146,0.11770121692050459,0.1136862104828141,0.07505480414127585,0.07839894419309765,0.031098255109632995,True
52,0.05488043842424393,0.16407753172638162,0.090282303873363,0.10124092369678976,0.07377474282352213,0.017964513105700474,0.18303794566059367,0.1341433163125247,0.040265094214140956,0.14033319016273968,True
53,0.16654138219850534,0.11453803876397027,0.1497603624247313,0.1895816871952684,0.021347144003704466,0.04568616943785572,0.11760591113941796,0.05380796460487956,0.03219061611878381,0.1089407241128833,True
54,0.0642733937017786,0.17257048367085143,0.07036449180460277,0.06851641416277894,0.0854300777393734,0.09706054240885353,0.06835055543255109,0.1754320544474378,0.008890131237867516,0.189111855393905,True
55,0.19890534074459104,0.164252923417722,0.05402744495095266,0.06352252830879766,0.1665036207482617,0.15263263575026237,0.11686136262174729,0.005253293026058754,0.06721079751275044,0.01083005291885599,True
56,0.10905749115043996,0.16650376346352988,0.05467036067978277,0.12388440908130714,0.012699198102025517,0.03677449324688754,0.045966826608796335,0.19403713088622968,0.15440470008267165,0.10200162669832957,True
57,0.196023852132668,0.03754240736685278,0.09355313534615596,0.009010392967062233,0.06423914615168594,0.06112422676128947,0.2315431472075588,0.022654354138619125,0.12180165826177282,0.1625076796663349,True
58,0.15758040249777164,0.1623946091657121,0.03172502767768519,0.11009783890655053,0.05624011510634543,0.11723498164701206,0.08389477299705794,0.10571554432038781,0.017118167719222414,0.15799853996225485,True
59,0.01239706122990609,0.16731748323623383,0.1099976233612356,0.08807031913717635,0.09936921937373061,0.1672370100853345,0.14151581179144987,0.1172316585715114,0.07319581578208173,0.023667997431339894,True
60,0.14582723144931756,0.055074015696543306,0.013850714622842125,0.20492246753346466,0.042561901058842985,0.191285544274385,0.000901657552538691,0.10792053977221042,0.03745965398589663,0.20019627405395873,True
61,0.046638362992904366,0.17293522072177547,0.2538485733915025,0.02419741676467053,0.1341513183175368,0.047658262917905786,0.023380729508594548,0.024031507391029758,0.1619035511663862,0.11125505682769402,True
62,0.19530458985452587,0.1806964698820816,0.09450924136124758,0.020682263778079853,0.12052327211112039,0.04470582153254414,0.07419464770454491,0.04295410578282933,0.2048188647656711,0.021610723227355334,True
63,0.18350339534238924,0.16221035748731663,0.028723788168980652,0.1059495778661517,0.02616721476011143,0.1342686527505643,0.1581955203236583,0.15329567655937462,0.023373378143131295,0.024312438598321842,True
64,0.03972059502904759,0.09862246025267227,0.08721195621668452,0.040770461674925665,0.166052733863105,0.05140301991383342,0.07797825668282816,0.055320483936842225,0.19533085858652735,0.18758917384353385,True
65,0.12769095535321084,0.11331329504355582,0.07098133296259385,0.12015041502318106,0.027076437425766795,0.05580049822752202,0.1291714548403843,0.11675387583666412,0.1151588691273595,0.12390286615976165,True
66,0.11324404767952374,0.09244141827793736,0.20439407261511372,0.025526614426669144,0.0739439761251544,0.027782236494694794,0.15303754079878837,0.05256679332156433,0.12046117399720975,0.1366021262633444,True
67,0.12376790667163333,0.05785476668515813,0.13161697510602674,0.010297407417233955,0.1880721271884152,0.03529165538339972,0.030743208642939782,0.2263440464558593,0.009360758759485568,0.18665114768984836,True
68,0.13124635902718673,0.0036786345532466985,0.20547021476503555,0.03461538665288963,0.14989802893057527,0.16752395653286553,0.0753847251343065,0.031857306471144015,0.18180599578090886,0.01851939215184117,True
69,0.1231467358353647,0.10090985837081491,0.0723596018769165,0.03162934484277649,0.05390069910793209,0.0900643278674611,0.08949969710584386,0.14706685209275458,0.0894927806543,0.2019301022458359,True
70,0.0442275575720159,0.0809652627109266,0.01584821377602805,0.1856481980460927,0.013130997290618717,0.1102313296491484,0.17655952084917473,0.08286567866628738,0.11086679569365443,0.17965644574605305,True
71,0.05311829460396633,0.12759405243182997,0.13413981593332416,0.09618970007193556,0.11384722975180518,0.08959705886438289,0.1353123991838135,0.13738140252547348,0.04741608149237067,0.06540396514109821,True
72,0.10361313411982845,0.19670519778822376,0.18743231377901387,0.1536751534318006,0.02844685391834375,0.029684721924448605,0.0510968027404092,0.1461334501345523,0.1002739253619385,0.002938446801440635,True
73,0.05216226610889612,0.12911558816212163,0.19046813508578464,0.008200388881579434,0.16656875232677995,0.1551843346733042,0.06602934160717147,0.050856863150531985,0.13830442763234424,0.04310990237148638,True
74,0.1422012437705422,0.10435079084809276,0.05338155324627752,0.11169980861633207,0.049054832452768524,0.09117785695547723,0.11531218729099514,0.08068904788396541,0.1245112918130342,0.12762138712251497,True
75,0.17894925046829413,0.0029774787434901345,0.16815119788492472,0.021767840736269476,0.17149360429794427,0.16927622220593788,0.03268973506488009,0.15286241096497943,0.10009413930252829,0.00173812033075152,True
76,0.03773197813222056,0.14935670677402568,0.15600854252871435,0.058627517040180155,0.17046437409154697,0.0787319610016116,0.06335239216503505,0.1398636318866502,0.05767532139011782,0.08818757498989759,True
77,0.08752528190642349,0.08651380835415301,0.1069023964167923,0.12413953769750627,0.008358514518532334,0.14143389119368194,0.14670095684006887,0.032224599069835116,0.12015029564003953,0.14605071836296718,True
78,0.025863317533071892,0.08260637173933832,0.0815761906603179,0.16595175383230598,0.08920023446140178,0.009754903040275957,0.016982955274429692,0.2199425917751501,0.14761015941601383,0.1605115222676946,True
79,0.12967668327599788,0.20541132809153625,0.05017121508376349,0.04960139698365577,0.05268663300950006,0.1522596149150811,0.10035063964312316,0.16962143324291484,0.07273091632836387,0.017490139426063506,True
80,0.023122131106412525,0.16419333403490852,0.1523050287573351,0.12328211690559374,0.09694273894128744,0.051056334342702875,0.12062728782072517,0.11663726671530888,0.07682602342165973,0.07500773795406611,True
81,0.06577208781218555,0.034687840575541834,0.14303627481768336,0.10501678111503757,0.12723299755830164,0.10565639251585167,0.14472340372741588,0.1423155505404881,0.08844470551341144,0.04311396582408285,True
82,0.031622515972757184,0.03920702656832006,0.14949538151314753,0.1536825409289101,0.04768165998844604,0.11596250402061825,0.15221774963997103,0.11295100099493208,0.05286613815852203,0.14431348221437562,True
83,0.1523156363296781,0.10239679593926258,0.06307372275051072,0.08833450084079605,0.15339557861683395,0.06272521492067698,0.14919170899477047,0.1336692254128527,0.07076711041229229,0.024130505782326155,True
84,0.062173035673396104,0.04783791046332418,0.04329170463315596,0.0917651691962367,0.1273972480452822,0.038507016680308426,0.1601636928632813,0.11653732557273894,0.14786245417570343,0.16446444269657273,True
85,0.037090229444956206,0.10965558310291847,0.08452703879214389,0.01520784927991854,0.027073330160730873,0.016472288394210076,0.10148823298991831,0.10422722714079716,0.26296279252690363,0.24129542816750285,True
86,0.044760990461270606,0.23047367226410684,0.05232322262655974,0.04321203282734979,0.08352833786101636,0.1819642545675248,0.17399361568931754,0.007352258115342144,0.06361871238472337,0.1187729032027888,True
87,0.009163197178022543,0.1877970047381009,0.15202669471967747,0.061284575184504454,0.137065489292679,0.057683752495874235,0.019385311703493082,0.12091966789268692,0.03955172750404926,0.21512257929091208,True
88,0.1266608283070648,0.14725904430703776,0.05030734180010262,0.10235522482576456,0.07782790254088172,0.0075025576190896025,0.13522533825527816,0.09205937595810848,0.14729431438761148,0.11350807199906082,True
89,0.1634669521509151,0.057810884640959535,0.11910552873659032,0.020291854814337457,0.048248123001025794,0.1759676396452316,0.1572668977600651,0.10321754526923238,0.15273382126520044,0.0018907527164420174,True
90,0.12921764421412057,0.1589634968392704,0.10971791031864093,0.08225483197385366,0.03181422365900603,0.11158513578876872,0.038765784937457234,0.05867290978409093,0.12857050575944484,0.15043755672534673,True
91,0.05717015715714539,0.015088935371489318,0.1466543679707275,0.15143321559992884,0.09136052009883514,0.15500315868971679,0.11011252230394228,0.03274599116269036,0.08468020855912756,0.15575092308639674,True
92,0.08400980225506821,0.0714000603433688,0.054011725126797305,0.016687958148653433,0.02859078354049355,0.09688204043418483,0.20606030700707667,0.20404803255937773,0.19534795005594643,0.042961340529033054,True
93,0.09532513758769712,0.1587386103879636,0.1305108747068356,0.06137982190569942,0.07635938246115824,0.1100145677007458,0.20220119798360917,0.09046197057477699,0.0026134374025879492,0.07239499928892616,True
94,0.0022585521726031796,0.15762927186156447,0.1807557548381711,0.1257498836312512,0.011080579241949676,0.15715274861236045,0.00258691317558047,0.05012605224951492,0.19128215946196617,0.12137808475503832,True
95,0.15552747780037565,0.023039142976593378,0.004125827317815582,0.14151433671167965,0.12897193064601367,0.08202507874067379,0.10579498070121517,0.10603276813559838,0.1329663415260085,0.12000211544402624,True
96,0.16478136375894056,0.13839392344501739,0.09776220141395371,0.0885032975462192,0.023595310791473378,0.046092227470681923,0.0961853531108611,0.1601348018192861,0.05939581320659278,0.1251557074369739,True
97,0.05038037123215068,0.13670248334124271,0.11122303102720338,0.05076983664705792,0.053712030373557304,0.105485012530315,0.13049679225178595,0.1260950427744194,0.11148787573541424,0.1236475240868535,True
98,0.12309430953715629,0.011313095689060556,0.0784139936924468,0.10139014052421971,0.1277003199889766,0.07899425771417762,0.1273193879484706,0.11734604540878606,0.1232296034873643,0.11119884600934156,True
99,0.06792267421339453,0.025951703923509095,0.05354071523828214,0.06090245112145676,0.05780530979756349,0.15147493202612813,0.1482802835729857,0.15005676216887653,0.10977270013708411,0.17429246780071958,True
100,0.1634787098655107,0.023179686934944824,0.03342580083133553,0.02426785918212011,0.021141068722096316,0.19634728916493727,0.21253477059970916,0.10908522459421142,0.024530372176250294,0.1920092179288845,True
101,0.08632307952883199,0.005723794982782465,0.06694296292872232,0.0032436018017542776,0.13137565465792855,0.17658962239483567,0.19198813198182002,0.20028413458225536,0.008018694883905334,0.1295103222571642,True
102,0.1627589280278447,0.1220938207446596,0.008860220013300247,0.17552511598699239,0.13744273432824516,0.07437119761699969,0.12167112251598297,0.005541005207100057,0.046688528401001336,0.1450473271578738,True
103,0.14211460858414912,0.10280846965913033,0.12072328198018133,0.10360768448599086,0.10697081556659169,0.06290190083502889,0.10342131666932433,0.015481546278223297,0.20438833255575586,0.0375820433856243,True
104,0.06339645814923121,0.025411410301609753,0.1525541417883143,0.15875933177674917,0.09476313766191972,0.07445197343478382,0.14168805556014344,0.11427293520007344,0.16777858320725433,0.006923972919920735,True
105,0.08278887791494623,0.16324579274406434,0.15622492883737152,0.13971407916111372,0.15637588733539648,0.0013111683644850152,0.09017822756552453,0.001551707400468414,0.11768276700591497,0.09092656367071478,True
106,0.09058371922959994,0.04207878468840367,0.16884833927024348,0.10350638873385827,0.015949171393743213,0.13446643786474352,0.1411564237528691,0.03402269912329531,0.15063176040329476,0.11875627553994889,True
107,0.039487447883608126,0.1045286159839658,0.07294688318494828,0.08522544555890112,0.012524995706426883,0.06691782623976704,0.11300277513608854,0.29033438613148377,0.15067043248435977,0.06436119169045074,True
108,0.06631863000986042,0.027625826031487832,0.15378069502495054,0.058852225921631286,0.15701916457197312,0.04112364935683561,0.09130580990412193,0.10816024119117308,0.16004561468334164,0.1357681433046245,True
109,0.03882967963102074,0.11339256975175208,0.14750146302460507,0.05497673646814444,0.13435888919011293,0.10633365605767489,0.04302630515845994,0.13278722872411516,0.08616191616078542,0.14263155583332934,True
110,0.009532014166151789,0.06876946015751301,0.28329417030159304,0.03059442262438785,0.12010259657657178,0.10504238612946054,0.257952759005471,0.051823967705217,0.0440149068046572,0.028873316528976848,True
111,0.1431776135262632,0.15501842076226405,0.092304122521291,0.15996729872677082,0.0016049659454515437,0.0670057791227498,0.07775641515005448,0.09756266317895385,0.20236509604093392,0.003237625025267307,True
112,0.10953964062071374,0.11175142320170452,0.17912546419773895,0.19862698731072656,0.03976732604954136,0.1119257270423695,0.013760418658775106,0.012606636909949481,0.20115199070965023,0.02174438529883049,True
113,0.06466986537066356,0.20522652007506212,0.05587942669411006,0.07957082171053804,0.20427047212385488,0.012928002430264193,0.04915079580635796,0.03486683015414925,0.15588372069944728,0.13755354493555272,True
114,0.10653900379440594,0.09026007373215296,0.08047414314598066,0.06320692500575815,0.16521805880338802,0.11600370021104743,0.12202436907494457,0.1977982078855427,0.05752396942357185,0.0009515489232076999,True
115,0.029660167460509555,0.13499140515398056,0.13883171463070101,0.07132401851751774,0.05072880582257999,0.11256998571412295,0.15843257604975336,0.004539754855950563,0.11886665408788338,0.1800549177070009,True
116,0.009598509620482781,0.11921402006627359,0.005847611325744828,0.18678709905487226,0.13260124849383403,0.017953458153351743,0.13986243210408733,0.13944685365342926,0.17846435904073155,0.07022440848719273,True
117,0.10400707645544931,0.12357065458094167,0.09220008394355939,0.1437642147795884,0.11543889049962099,0.11602309724067604,0.006125884542080978,0.17188734306502684,0.07824580186334801,0.04873695302970833,True
118,0.06180752604120938,0.09646193217652348,0.18182337841270346,0.1917289291318887,0.1286958957689975,0.039721029493014134,0.12378288732842632,0.1110248154662182,0.021190646778146756,0.04376295940287211,True
119,0.01641903460417111,0.07922353286826728,0.043943177299082904,0.03896308422387352,0.11056820525317679,0.05913725253692906,0.14095659012708875,0.1907664763502804,0.16000174536476738,0.16002090137236274,True
120,0.06037405998798998,0.04990672365436364,0.14370559725692816,0.18067651493205095,0.04088891274273213,0.09402994456119233,0.0669304741860204,0.018531567216330952,0.23773672213082722,0.1072194833315642,True
121,0.09916439197390682,0.11152507763099768,0.06355441670336634,0.16238015830566507,0.12175447805107117,0.0033412717891806265,0.1586157208188143,0.06629883986205337,0.1377436135898038,0.07562203127514072,True
122,0.022914884637754925,0.1293732740483097,0.11797494616712134,0.0133253933790888,0.09778204938475234,0.17797816272789235,0.1709846920225171,0.0722928390307857,0.0222212816582934,0.17515247694348451,True
123,0.041370933431623236,0.20306691506822852,0.12485097422219724,0.19489943938710386,0.04259859713750455,0.0580832027512016,0.03769508760101184,0.020729232828529443,0.09009963038673413,0.1866059871858656,True
124,0.09214154963490151,0.055045513520029794,0.11005447309784518,0.09953358324364617,0.057010044168557164,0.14381998686095226,0.01828060870984437,0.1059365469466951,0.15838767350523392,0.1597900203122944,True
125,0.1301747348101408,0.15342300552560423,0.0002577864723362033,0.04366847116550302,0.09974588771210895,0.17804518057122604,0.1490400658435065,0.07750435681822745,0.01899342588138711,0.14914708519995964,True
126,0.004263435452745994,0.10118642274471754,0.14958304443922396,0.15521851878005916,0.08402627631811362,0.07619208198449753,0.08203424639799003,0.14777137783313352,0.10575979670961824,0.09396479933990048,True
127,0.02097752998869958,0.1283117450698684,0.12817980905613283,0.09115276682863942,0.11014289684521567,0.047383734536811904,0.12490086367198175,0.12122237343516873,0.1136793958655581,0.1140488847019236,True
128,0.15053575980203,0.1440599915864548,0.04173358898449573,0.08352459730961379,0.06491321627358358,0.07282459591635479,0.12274908431029237,0.10801843695011155,0.059459382886258745,0.15218134598080468,True
129,0.16709553868135066,0.10093597749588623,0.06712082445345927,0.04151510264297244,0.06711143796753356,0.09375157551954164,0.06917565807519489,0.1601598757517614,0.06749547351623558,0.16563853589606423,True
130,0.21899330570488815,0.16252340019563194,0.10842158300201671,0.09836920692449877,0.04945597118067623,0.09674604164379734,0.15449119506230335,0.09099271858078753,0.013245820081655965,0.0067607576237442785,True
131,0.08179818775031165,0.01345099405843915,0.004263345299405228,0.1534450636164837,0.11940291725008138,0.16801610477518436,0.10396027146792118,0.12524146216019186,0.11682280044471748,0.11359885317726418,True
132,0.12725635211123248,0.010297538450454561,0.08647771472199435,0.13273480004362892,0.011328743366390665,0.1624902784327693,0.148942359976575,0.12863028523493564,0.04036517344716305,0.15147675421485607,True
133,0.13312390353947928,0.15649694321670996,0.036876323371332766,0.15697755395122134,0.07504458875229351,0.14398114715692675,0.032345482280739156,0.11640067327685744,0.1150668581555465,0.033686526298893286,True
134,0.21573033055106308,0.17133724944683623,0.020803613999120486,0.15249570723151806,0.010410161762993683,0.1698037039353453,0.15159652015024738,0.026069962544221136,0.06930332155293671,0.01244942882571799,True
135,0.10838641999211698,0.15630108433624992,0.020834917073391437,0.04446587216386162,0.10204249111286728,0.04570939525137451,0.16397976091847566,0.10850958437043126,0.15225663977284615,0.09751383500838516,True
136,0.16503417890265576,0.06699642181533735,0.08699548463008985,0.03775266656051955,0.11717317937203521,0.161290860640727,0.07563633819328108,0.16179687723190145,0.019754817897425222,0.10756917475602751,True
137,0.08699699765744776,0.04539310152344417,0.059308592709390894,0.02778486323090698,0.18993085697074497,0.15534042407708973,0.16116492307289826,0.11501580319354611,0.042441561194190604,0.11662287637034056,True
138,0.011105136033290223,0.021421407645999486,0.14116263835435286,0.18213761605933637,0.12477443578138049,0.03578100786509666,0.1517117098233662,0.13198780604983745,0.048857187346903516,0.1510610550404366,True
139,0.17219687533612846,0.13393299174600495,0.094752745578245,0.004170302999034376,0.05018493057865916,0.09682873589061959,0.03963745429556389,0.1554871587712243,0.1089192831729389,0.1438895216315813,True
140,0.14520118935375112,0.10870092721988203,0.12572069649595646,0.07396876715289444,0.042424063072210624,0.09480775897024353,0.14534119701863635,0.09551842454150171,0.1438943562241595,0.024422619950764356,True
141,0.009752005378458162,0.10056443824962348,0.03526460944124394,0.11365341630195036,0.18148073763282438,0.15935174182174108,0.0500729943235392,0.15800923003666445,0.11675742198227505,0.07509340483167995,True
142,0.1936504957367275,0.22591417319550577,0.01743997404887081,0.009699331864418672,0.1698600411940648,0.03242963841179945,0.08064524050320047,0.01029525750322112,0.040847692360146536,0.21921815518204485,True
143,0.16076834499487297,0.06006846418388091,0.10441433152371066,0.05107143982419873,0.15551587464961672,0.17043584235146003,0.008090680786305118,0.009145868556809843,0.1427402416808018,0.13774891144834317,True
144,0.013054232489708967,0.0750515303688506,0.1566157839791454,0.14957473667236407,0.12434706935199004,0.015279705690342149,0.1474450959149742,0.13689066827756255,0.021301420175442228,0.16043975707961974,True
145,0.0832709075554805,0.11306648518228524,0.08232851747254062,0.11760883283951064,0.11496267118470728,0.10494423773129767,0.10881330159773454,0.10695984493521961,0.03789482962638641,0.13015037187483744,True
146,0.04852871474163907,0.0845812027138777,0.06584045205823286,0.1422571037675769,0.11240706524410386,0.05030019874093624,0.1299802101308636,0.118537366905308,0.11398145413000021,0.1335862315674616,True
147,0.13934060085881944,0.1091621210799137,0.171426790855279,0.09169238591343572,0.0683446052785067,0.07919277101852482,0.10723283552010635,0.07389704938326279,0.036806833625246296,0.12290400646690527,True
148,0.15043359353459354,0.14623534577329447,0.09974415010591489,0.009582919120154585,0.037076412479555426,0.16209873307339445,0.04929604863204374,0.047362967245817636,0.16369385728476418,0.13447597275046694,True
149,0.028673458320786226,0.19208298323331685,0.012534351396943966,0.0210072198600971,0.013964124546726337,0.057120652026871006,0.16756473753807807,0.1658947792042139,0.1662378228403432,0.17491987103262352,True
150,0.010615808299683943,0.08989954453390324,0.11907197534125244,0.15605825408189475,0.028878260827556363,0.07144381090188073,0.2143772652025139,0.14701263218597416,0.048918854102672646,0.11372359452266777,True
151,0.008948987638653635,0.12959482823526058,0.08977831202638521,0.02185746588099015,0.05221798227703961,0.13037450204727827,0.16022694699584378,0.05682838066266987,0.18008075408823773,0.17009184014764128,True
152,0.1410598479492085,0.11030518679251439,0.13713973335082308,0.01395959611519916,0.13321902745534023,0.11524940420512221,0.03829949338503016,0.12852087121753714,0.1594716773182103,0.022775162211014936,True
153,0.0220313983609488,0.09213431334855858,0.03892575682776437,0.004069477670435443,0.2134858611406907,0.21195661061357798,0.0920391796888468,0.22443090520823897,0.028174171472599964,0.07275232566833834,True
154,0.0014433267464944155,0.043312067876666284,0.19447926872984553,0.20163719660728957,0.1692478848055765,0.12987937750151876,0.011423521810328022,0.0418670977712275,0.11991786376331778,0.0867923943877357,True
155,0.08687511491396889,0.14669751881612206,0.10512636027790492,0.06282660245470975,0.12056402752684009,0.08024755017611718,0.10315993923553533,0.08619448803642056,0.08923878082563798,0.11906961773674314,True
156,0.004459993183476482,0.04063259040489737,0.03389097861270591,0.14255506775673438,0.049699456183493945,0.15265405185129732,0.08525677800876927,0.15262276514043288,0.208722453661098,0.1295058651970944,True
157,0.10245393959651883,0.08040578090134119,0.13693823583250933,0.10823769790504456,0.007036752912362166,0.17137129989292282,0.04470886715528019,0.027181738241694453,0.1392680978504267,0.18239758971189968,True
158,0.09365910453276186,0.0004727844565205231,0.04456675328156458,0.1118558113383636,0.17684223861526985,0.1429594837106836,0.13607357352538133,0.13486782133632746,0.15197961107537833,0.006722818127748858,True
159,0.13322236434332133,0.11195280476690159,0.09235797540920365,0.13101266503469525,0.0922679291054228,0.043759003899842074,0.13448077707035402,0.15690302248740465,0.0450730929902213,0.05897036489263324,True
160,0.09652954536113188,0.0019766136606067463,0.17300626879900208,0.09254801879097042,0.07736130376264981,0.12419193496065599,0.09831120821190134,0.19190218137958295,0.06735859961977499,0.07681432545372384,True
161,0.11233273985368708,0.039827821606252194,0.17905274096345708,0.1450304360334576,0.0981589884077437,0.04048016671642448,0.1857773119747062,0.05803688399537216,0.01867231742035241,0.12263059302854705,True
162,0.14938645481323906,0.07014123507380988,0.12902748441622566,0.050457962250509115,0.03022120456480213,0.03468386087581354,0.10991155819028557,0.2064527399029576,0.06209771752274821,0.1576197823896091,True
163,0.045852751895108415,0.1288713873268881,0.17134152006220957,0.18262660424316068,0.07094829388652865,0.11188196004087086,0.04070316296126637,0.0350733877551759,0.04030913557005311,0.17239179625873818,True
164,0.10544830015285983,0.1027737315075476,0.04018994771098135,0.17098858693075675,0.17235236885286556,0.09896172601020671,0.14216064192402636,0.09557806986611785,0.009824673896680212,0.06172195314795779,True
165,0.23787959091272912,0.08287167801667523,0.03256873885695117,0.042590372758480016,0.19372747459553374,0.028915462407211125,0.1003873067398811,0.15316406558121007,0.013073347636226442,0.11482196249510207,True
166,0.1640193982322503,0.12001003263132838,0.13272340661198825,0.01107768120292629,0.08984736411509296,0.041671925673149854,0.16258150147096684,0.11396095872838677,0.1363715967562308,0.027736134577679563,True
167,0.11730375937114058,0.060533318482586126,0.13344746700045285,0.15148879379861682,0.11933534234340257,0.14005185132678902,0.06060709701995764,0.035240721946078524,0.020028294301458863,0.16196335440951698,True
168,0.10697864603735757,0.13899971913124207,0.08517190895007218,0.09296614176066173,0.05505982878493324,0.05921752212558675,0.10496042254240133,0.14669960628722567,0.13996871603528555,0.06997748834523376,True
169,0.05842058177891162,0.16893928109813885,0.07784410909434147,0.07955152844183133,0.040129863765530474,0.04738891765717273,0.13777769032333967,0.14932530080644232,0.14397775680989214,0.09664497022439918,True
170,0.20342852374773115,0.054935312159794907,0.20248293289943636,0.057059330192794265,0.006223260399261169,0.0007400822888709808,0.13703212464045345,0.13992093788216264,0.17320420398775827,0.02497329180173686,True
171,0.17713864292761924,0.0430835375459544,0.16162129398017502,0.01470371016453339,0.14789623135751256,0.059476461778037885,0.16089061449175532,0.0979069515985478,0.06087891241792972,0.0764036437379348,True
172,0.11624406311709093,0.004607364396016105,0.036783121938246455,0.16087728838604584,0.10752027189929675,0.11833117040117583,0.011623523353118538,0.12714119435256255,0.14822474019355666,0.16864726196289037,True
173,0.10915810854689106,0.20230892034667117,0.12416492800856248,0.013325530724098122,0.06416563754083775,0.08701090496642637,0.03768079399606273,0.05149909885155335,0.1872675110116464,0.12341856600725042,True
174,0.009338381739665058,0.0628469407552401,0.08758132287204712,0.16429302732709417,0.09932359031317532,0.15955882822533674,0.05950335536554941,0.16012984066056868,0.16004119987922208,0.037383512862101315,True
175,0.13107611120279203,0.08595395701712495,0.07712286944745946,0.1106275431826604,0.1317242183774255,0.11865497347813514,0.01484095896252675,0.07348865701749453,0.11395369372330955,0.1425570175910716,True
176,0.008183868149407194,0.06963873696198505,0.11127525873547607,0.0532334979665192,0.11450367143307698,0.11551853074448551,0.05255108322536328,0.20455156054991916,0.031971305688131495,0.23857248654563593,True
177,0.0791303346575279,0.14926517794139138,0.024822926948152985,0.07956352732834375,0.1692724025714951,0.1243253538869724,0.09519566675753724,0.028503899539480994,0.09805636226007326,0.15186434810902513,True
178,0.1229617951460568,0.1271781796882157,0.12875476370433442,0.030455152691837708,0.08862527346625701,0.07676636543523585,0.16714551670852423,0.07083493245133783,0.1636607322651179,0.023617288443082387,True
179,0.11224493286731861,0.025072342363936687,0.16032122837578142,0.07761570225340289,0.10423998907530257,0.08857080082472056,0.14826034312652336,0.0734639958771296,0.13357768734608125,0.07663297788980307,True
180,0.14555160849441962,0.15328238857020499,0.03239149262826536,0.00738318514249662,0.2314704896287898,0.1284027261378576,0.05334021899293734,0.0493548231613228,0.1845993782814697,0.014223688962236282,True
181,0.09726570804348457,0.14159995672493536,0.04968884154087064,0.15855907389894647,0.13650241697407195,0.08029723711698837,0.11494496973003993,0.10475552570055842,0.045286877178357846,0.07109939309174643,True
182,0.00145366432438627,0.17134114252664212,0.15584514525054177,0.10589871310082703,0.13145031876802804,0.08647745446432946,0.00150469138159563,0.12454834549262282,0.11978301859624485,0.10169750609478219,True
183,0.13950665570964407,0.2098033436135977,0.13712962620384425,0.15233615940286604,0.04325891288951928,0.0374885600182819,0.027968136068062848,0.14491233320543723,0.09631648428755037,0.011279788601196203,True
184,0.022428774707300172,0.019973490999831207,0.16295372065031688,0.11146154928943598,0.11869231731465404,0.05826834581073137,0.12866471247280167,0.159916528657361,0.11658426636359688,0.10105629373397072,True
185,0.03446749587904971,0.050160509645121545,0.07945269210166969,0.16422648753881675,0.024353028935409037,0.1344134539243211,0.1892635372351409,0.027909633364511643,0.12947935331327243,0.1662738080626872,True
186,0.02391792000677449,0.07191004222576988,0.02788295434640553,0.13107534282353675,0.12650242412962392,0.11410199489712544,0.1247620835006249,0.14631558624723331,0.1261219756810447,0.10740967614186119,True
187,0.10934460186520217,0.052441747062184345,0.19874462450575073,0.08248882179138418,0.06756222273004532,0.2296220439437438,0.1970954379697079,0.01119979462030232,0.02444524226930805,0.02705546324237117,True
188,0.016962619216836408,0.18725964293531835,0.1060092949091168,0.14408529260680478,0.09338936783243977,0.14861940111360059,0.07495756218133007,0.1353626928616038,0.08871796444339701,0.004636161899552459,True
189,0.10995106381089878,0.1134318436208757,0.14504231295846684,0.12343827712165456,0.012917924555330076,0.12395999462599167,0.14237495832365626,0.10234717132137422,0.0914602225629795,0.03507623109877228,True
