ID,strat_res0,strat_res1,strat_res2,strat_res3,strat_res4,strat_res5,strat_res6,strat_res7,strat_res8,strat_res9,alive_at_end
0,0.120548531042532,0.06363169641357067,0.11526164023499666,0.04888189785082867,0.06304275379646873,0.08584376028647121,0.16439200797381526,0.14952663770889596,0.17660136833784473,0.012269706354576226,True
1,0.15481108924722825,0.17343580840569478,0.149241463633964,0.13576668655504495,0.10963931449089301,0.0518981463942839,0.05426445553590654,0.08856523264679254,0.026727863029312692,0.0556499400608793,True
2,0.006220937360354191,0.1357697348768898,0.09710548487067822,0.09641241237996066,0.18438966623204112,0.04743322567709569,0.1437778187714389,0.1070994851305765,0.11917615321981491,0.06261508148114993,True
3,0.07690298132948682,0.11270999318039834,0.12100515516092282,0.14970923459747645,0.09355811432992825,0.04432483940649035,0.11044878271272109,0.12502435972587392,0.06335609198636886,0.10296044757033315,True
4,0.0652824660783678,0.08317409625419916,0.03760693962357507,0.16546449591666806,0.1342180474852461,0.05258370838384271,0.16563392090438334,0.05911045365132311,0.15909094101409565,0.07783493068829911,True
5,0.06651889888626604,0.13517588656391272,0.02933470260090982,0.09724317701895796,0.1217555894720827,0.059992903557244535,0.1441621472564646,0.16002761388020822,0.09710613586591699,0.08868294489803642,True
6,0.05263140187163934,0.08972353185408,0.04289811505818088,0.1130473793865102,0.040306343144183646,0.11730076408389516,0.15850904476582756,0.128496217752001,0.11643236058762783,0.1406548414960544,True
7,0.07620775129842734,0.157178084693753,0.13207421703573585,0.110842377812202,0.12342684376423299,0.008184212930403638,0.1217400655565965,0.11191616501654292,0.1376655193772968,0.02076476251480895,True
8,0.07487011423110741,0.07486123681265239,0.1685459938520153,0.06558951978583882,0.03128292917537913,0.06136914389515611,0.15568782423355637,0.07042685099146936,0.18030412576304095,0.11706226125978397,True
9,0.1856963095760226,0.09770861577384646,0.040080297344773426,0.13677704616664094,0.018543380037562316,0.08745608268111349,0.0015152579495878822,0.1467901677868337,0.14530040934620664,0.14013243333741257,True
10,0.16358401584424284,0.1735207352240695,0.0447571156811971,0.04763254541666474,0.06282367784327905,0.03502110491089937,0.1807851316799375,0.041064215336453117,0.10447766863434638,0.14633378942891032,True
11,0.05883001811592235,0.15398587298342412,0.06737870387662248,0.14505850228058131,0.0902298121612322,0.046664440895314054,0.2113674125729681,0.02643691378404496,0.044760822301709295,0.15528750102818106,True
12,0.18974297036735882,0.013326124591767451,0.08382440518896297,0.12123687578565037,0.011186892713826196,0.16891957334547894,0.07684370297635909,0.1333145053139164,0.13921638442859421,0.06238856528808561,True
13,0.05434708282003504,0.09644766019684367,0.061136121427547575,0.034698064663002966,0.1098819821363323,0.10884834588177666,0.009845849192835309,0.2446039104528571,0.16355543969883268,0.11663554352993674,True
14,0.11813639335695852,0.11699217964604292,0.16285856358597026,0.12525806174504134,0.09931454437414848,0.080796843168807,0.08976014957005042,0.02067584132526104,0.07063905289908809,0.11556837032863185,True
15,0.06832238071116663,0.0751675720509629,0.046456042087459,0.14984474909670928,0.06780986377265281,0.11881376105839114,0.1487167774708647,0.15132367075951833,0.13544297876639888,0.038102204225876304,True
16,0.10602657358052904,0.13908541873510089,0.15013066978530681,0.14898134335149937,0.01477207593632476,0.027672393679277624,0.08326529340656136,0.05043080921865225,0.14688787201854642,0.13274755028820145,True
17,0.10614276438692062,0.07088919502751874,0.1294092725910489,0.06619186130767753,0.010901432820401602,0.13160661117735406,0.15393877353931568,0.11443881951026884,0.14513962487800333,0.07134164476149092,True
18,0.1994595591105154,0.09038466656729377,0.11548634666763324,0.14462047358837546,0.10269382970747219,0.19136806356623096,0.048558683272664625,0.017065023184509944,0.0739898916622963,0.016373462673007735,True
19,0.0031767918754697652,0.07358840680491896,0.01451406934819377,0.09774760560309971,0.29220884199788516,0.014027800597988076,0.27179505725865466,0.09917884115913536,0.011282405912378867,0.12248017944227552,True
20,0.08884650361454147,0.1251073945953139,0.17737753094451192,0.16089282928348625,0.12957423800539494,0.1147713270707078,0.00017642465727112577,0.011911014161004266,0.1778216589142463,0.013521078753521888,True
21,0.14203623533158552,0.04283284143712463,0.09173020168080809,0.06797961619869419,0.16416636612608157,0.024400997611321862,0.11775076287027689,0.16480934890676183,0.1227041093184632,0.06158952051888233,True
22,0.12364583083192102,0.14807293204400787,0.11466603257371254,0.07652571192095181,0.07117566206166132,0.08226062929935711,0.029079995893082695,0.1283196983002562,0.07423069292817006,0.15202281414687935,True
23,0.09949008384639406,0.1148531818249226,0.1449193998376205,0.03839282547228158,0.1859855726447897,0.06803035423988349,0.02346950750320582,0.1941326205464316,0.06853263406440907,0.062193820020061505,True
24,0.1058771908411307,0.01523607556297,0.07664916351974554,0.13882107082244918,0.0611333614719222,0.18826302674979098,0.11544516215126939,0.163980903645246,0.09275455281721355,0.04183949241826246,True
25,0.10796278383342159,0.19640690523827445,0.0699246935266227,0.12819103300956547,0.022289880681105392,0.13845328899504966,0.1307843014077662,0.04526468872145405,0.061372155103243446,0.09935026948349704,True
26,0.14617564374310854,0.16198140652010926,0.12517584133477244,0.09137936830126686,0.12628620592321405,0.051283702526539576,0.05310026772556082,0.1613767432946303,0.01402994688217068,0.0692108737486275,True
27,0.10016994331874247,0.1855406015825524,0.08441598117710146,0.01901042907366852,0.07290746577188395,0.19583949194801062,0.0710187574071215,0.15945710028154245,0.04800991291881509,0.0636303165205616,True
28,0.12296818977708755,0.02911636094903955,0.19585368645998044,0.09695541356782124,0.030380888424383926,0.0877808574273718,0.06475919380627096,0.09051073028107492,0.14698942837943202,0.13468525092753755,True
29,0.14481957568875647,0.1751904922589226,0.03455813048346583,0.16879103339295892,0.13420852065640526,0.09747539136809093,0.027691738925165972,0.1609951756815922,0.032794758653473755,0.023475182891168223,True
30,0.11912796098906636,0.15324168306532357,0.11621647977316293,0.12060729649040304,0.08773666012410862,0.022960922811530247,0.03967479134951954,0.17029271110809482,0.032018811568962996,0.13812268271982778,True
31,0.07014698055267268,0.08624785548189316,0.2278937839314686,0.0632244378918055,0.17877353494539092,0.013488694845911043,0.03786338112583243,0.1468019472068871,0.0009659644901543546,0.17459341952798416,True
32,0.09333016055590722,0.08118404069113645,0.13317687404527295,0.20182283012851676,0.00656093163102038,0.1376955366051561,0.005626768301228617,0.19922937461348172,0.07821875527561738,0.06315472815266233,True
33,0.11102778466534842,0.1595768869243068,0.1025309425936147,0.04378820735434506,0.010004669102922198,0.08972411619802965,0.14965723428217528,0.12432831269419028,0.09288746248109231,0.11647438370397521,True
34,0.009077094049644853,0.09778552287835338,0.1595185001569494,0.0354898522277719,0.24294672850944857,0.026182553407589154,0.1867733594994303,0.04260988555567002,0.18040038310082993,0.019216120614312382,True
35,0.09503140076495208,0.1261401252284586,0.17829035408581995,0.020335941430533442,0.161410919555317,0.12944373591609806,0.018061717920876172,0.12412601756856219,0.014728401765607507,0.13243138576377506,True
36,0.07915499106473715,0.11530780083834641,0.06844664810110447,0.06437704297504594,0.16941460879525233,0.14162585977756192,0.1063626033613748,0.19779482499957082,0.008889590991950382,0.048626029095055666,True
37,0.1065242345790626,0.08611213004622319,0.1281872651592592,0.1709567793539956,0.1624406803345894,0.027574878020429152,0.06989268582537254,0.027695505693138105,0.17813948742814242,0.042476353559787766,True
38,0.12415390317869861,0.08510444533633671,0.10713141746685265,0.16636803646063877,0.07654352611648663,0.0582338471423341,0.028413733384347797,0.15509413410175668,0.07990069453560811,0.11905626227693987,True
39,0.017179634578839073,0.12055413331410032,0.14093044828469287,0.10703951084988597,0.1740633005636085,0.07179240110449851,0.14394510236137245,0.011845157486034945,0.1920083489400066,0.020641962516960776,True
40,0.11539218644857596,0.16032032901919058,0.23488966286870352,0.04882614914431773,0.08566156521579858,0.0035326537697075704,0.08803733237805797,0.03371128567072407,0.008307515246387912,0.22132132023853618,True
41,0.10576340293897256,0.13923092642367452,0.047426832627874414,0.2039798716716583,0.06301436555205271,0.1400075156888774,0.08050246134330069,0.14617785328471516,0.035765335226910985,0.03813143524196332,True
42,0.21211075469812482,0.24581780234004796,0.036225540849266755,0.062324422997128134,0.11382606983347701,0.05655704504211529,0.20034377387281138,0.05028578536595397,0.01233819652575115,0.010170608475323622,True
43,0.1131531537096156,0.07257032270729863,0.01064472999778453,0.1338864545602639,0.10796410815171864,0.19710856220049866,0.120683649106522,0.006260841020748114,0.1848607910661124,0.05286738747943753,True
44,0.08517609210981644,0.06426378948943806,0.10959627699850262,0.05365946372646713,0.12203800563943278,0.13632207424401527,0.07762929481944719,0.15364872412962483,0.1760388274995936,0.02162745134366205,True
45,0.06653125748074598,0.03944045692097398,0.16269335347357738,0.09728560562695801,0.03046111389678807,0.03678567337044744,0.15474970884758163,0.23530567523264312,0.10076956793121557,0.07597758721906875,True
46,0.13497813167309694,0.14344620192801982,0.14490067097341267,0.08560457876708331,0.1025628162786055,0.032628436810421865,0.1334139400055277,0.12779436409955455,0.03884631192146098,0.055824547542816606,True
47,0.07604121352897555,0.06323049032205695,0.1211413950908735,0.1579661216280829,0.06268341874987628,0.04517583764295744,0.10114788872253754,0.14709870113045223,0.12994664882163767,0.09556828436255001,True
48,0.03940218354139159,0.11280068121556815,0.05557914408434243,0.18331414609494748,0.11039060250243171,0.019984040827989945,0.0939231263209819,0.12950426773761528,0.09617693199105606,0.15892487568367536,True
49,0.04038111147164008,0.10845561770872589,0.009509022281806886,0.048989589983743496,0.049017956141485845,0.1031064481586716,0.3121733446242015,0.06860128534431821,0.17569445621772908,0.08407116806767764,True
50,0.08096653508812807,0.007304725286475465,0.12611663015360222,0.10791809004835778,0.1266179264434331,0.11952304710929725,0.014470953455923221,0.1382824598028545,0.09979888052523825,0.17900075208669006,True
51,0.07181218847579689,0.061557867736031724,0.21643198282119588,0.13402435125882922,0.13739942400027508,0.13319013997528345,0.15142821011293048,0.0011162019350350189,0.026965249463106508,0.06607438422151563,True
52,0.11250593499586894,0.07408732492985289,0.12060205779048831,0.1262778148840246,0.10497486837333367,0.1737077117823965,0.1388395356296101,0.0027788715022050636,0.09190074259012745,0.0543251375220924,True
53,0.07808334566964459,0.0026030513561033346,0.1828440021486581,0.08164462808000017,0.12280451556973473,0.02072397359680481,0.20769269984416652,0.12222271770911346,0.006749440264165306,0.17463162576160904,True
54,0.13350854033672982,0.09415305255605366,0.03813468140695853,0.11137029064758723,0.11494790557545181,0.03149594091043455,0.16443992693974097,0.19071563478956377,0.029394899370157324,0.09183912746732238,True
55,0.13079492297352022,0.1528971929598333,0.06976929941434433,0.14408214294161162,0.018437912865477038,0.07052763098822488,0.07640128302789166,0.07772475194763714,0.07648071532222135,0.18288414755923857,True
56,0.0771827071123615,0.015472928134009904,0.28483167165887435,0.008959376320359671,0.167536937367109,0.01827543075357298,0.08659348574894989,0.03744446756165308,0.27256623457986556,0.031136760763244058,True
57,0.053646379128799535,0.04877331160475124,0.00931530414059483,0.2061395468823154,0.1610390476659914,0.07293548763556615,0.10287545519311919,0.036371212338288314,0.11487545854862304,0.19402879686195085,True
58,0.14548018559957115,0.07159952111943267,0.14633070461531397,0.12625345535044832,0.11409845283313072,0.12188470401153463,0.04519417269499793,0.047511704902301,0.1322406595847666,0.04940643928850299,True
59,0.1484064589747916,0.05733213660970402,0.10830381820572235,0.03609833212706163,0.11774506398796268,0.11084894647072849,0.11278147604515423,0.17019690314490807,0.05534106465993799,0.0829457997740289,True
60,0.16027673763901915,0.14912761067969665,0.11369968361800864,0.052750592126067336,0.09881271245245056,0.06059968673092427,0.03929652464383392,0.14293937183833788,0.04045400632115053,0.14204307395051108,True
61,0.10604677590822247,0.03691259710292755,0.13026509691819044,0.05324034840966117,0.10954331484399082,0.08342659362044877,0.13577185446611148,0.11846065345312906,0.08871384458026872,0.13761892069704956,True
62,0.06997636746395876,0.07748043949685526,0.05583268202763834,0.18029607175423729,0.13098568363421917,0.12094538708925048,0.03497271844408277,0.15223952085225476,0.14796974765805526,0.029301381579448053,True
63,0.09076977834826103,0.07280211924920106,0.14036913024763115,0.03265605026151287,0.15804726778099232,0.082088142740631,0.17110387420970558,0.06982864190463073,0.0879294766301572,0.0944055186272771,True
64,0.033326289986513845,0.060571483975882606,0.22074828354642875,0.06581840641511236,0.11837300752456009,0.13385461130359663,0.08886689340069681,0.17104168948383255,0.08861654587160367,0.018782788491772697,True
65,0.060971180951223836,0.14887987572093236,0.14298290371020037,0.14605839887919586,0.04863010380996194,0.08882712405711587,0.08480129400957054,0.09887273477945402,0.07801209537704158,0.10196428870530365,True
66,0.16695232397522822,0.04810875274980372,0.06052366881022174,0.01200062444459362,0.0032340866038963207,0.1994340707756237,0.1468041388418071,0.12632524288646077,0.06993180069988919,0.16668529021247563,True
67,0.028467461583353195,0.015884642783438003,0.0494146945307876,0.15264112488829254,0.007147940024298361,0.18908262002140822,0.22390589634854285,0.13310286422123863,0.15952084019717472,0.04083191540146586,True
68,0.004228002844716136,0.03308967147442593,0.1607839082870831,0.16331333688372135,0.08309319511076116,0.13343722873995711,0.15807409006901557,0.141935858962833,0.10018629781175113,0.021858409815735603,True
69,0.1887296459881509,0.17492615681828264,0.01822682844105586,0.16536245229206736,0.04084702888794387,0.10346775055615223,0.13885894702492557,0.0031314540050944575,0.1571499811286746,0.009299754857652566,True
70,0.14033870578696442,0.06395157154497463,0.10490671263089162,0.12227710158035618,0.1421467747404832,0.10350837118874191,0.08410209566909897,0.10487434729059493,0.0821819910994261,0.051712328468467995,True
71,0.1625661373625898,0.1484321582505271,0.07465435518193483,0.029460942228238998,0.049929245932751,0.17435227492634828,0.12477393901473083,0.037946571667792826,0.04191685406077018,0.15596752137431621,True
72,0.10772553362625645,0.010337373532739997,0.17411201642312504,0.13485710892244349,0.1647344398120752,0.046489204425324095,0.032082588653973405,0.08223921127221882,0.0770841900132656,0.17033833331857803,True
73,0.15960154809171342,0.08106937134702884,0.09797929150907825,0.16392275104933168,0.11093106019067041,0.002107466215581006,0.10857609878759804,0.10752222118598669,0.001038580639418921,0.1672516109835927,True
74,0.06710811633071159,0.1314821046956595,0.14835641844482778,0.16599635739952232,0.0422538054908552,0.07523771228703745,0.0661898635644542,0.1302094546332461,0.0434857252078642,0.12968044194582162,True
75,0.17626263629513747,0.1152409057635878,0.1664297493743576,0.1455703770973391,0.17387509319434055,0.03558554050876901,0.05470964821049899,0.05066545857940151,0.009599616586563893,0.07206097439000404,True
76,0.15353665767956037,0.017753255095620656,0.16333904060632706,0.17247963377822761,0.03807616774254332,0.07255429866800077,0.0810052945690981,0.10030167329064008,0.10948128474990197,0.09147269382008,True
77,0.07357434033433619,0.15442588063643312,0.00890966218357546,0.15264599547472182,0.07869409987217767,0.010478077017786566,0.23105704919648912,0.07747707621650192,0.10464781210470574,0.10809000696327242,True
78,0.04772129558550863,0.15578827448072555,0.016736289777175173,0.10254172613406874,0.05251470428144401,0.03736499196196817,0.05639178968388204,0.16228179493330244,0.2002509119644002,0.1684082211975251,True
79,0.09636680706854778,0.07006471484571673,0.17030558873742208,0.03684537857608211,0.1606128815135971,0.00613419363091375,0.0774205028744476,0.04133989422646731,0.185358252031556,0.15555178649524964,True
80,0.07834317055916902,0.10363284387676705,0.07500697550567667,0.027851518585189472,0.15859788273089326,0.047482926792747335,0.20003506537453902,0.058973206239920695,0.05583470975481223,0.19424170058028528,True
81,0.20465392997479998,0.09635714719269353,0.11898285325033084,0.16364275577364013,0.0008156195814525471,0.08929758049757329,0.021601037180103644,0.09938260174819323,0.07172446005364322,0.13354201474756958,True
82,0.0978098668233722,0.12943338441798513,0.026317297636992656,0.07963105402940616,0.08946894546020467,0.08708162514841628,0.087325919777675,0.11250644319766843,0.11648537095622376,0.17394009255205556,True
83,0.1786520087238996,0.1910849706224441,0.03087789234837953,0.20050997821210403,0.20113947281847305,0.09267571759677039,0.017733035977372753,0.005884983147753363,0.0033465308800283053,0.07809540967277474,True
84,0.18686264414985174,0.19300400633951667,0.05246144804172744,0.08882529341347645,0.0191331975331353,0.030275781022045655,0.15546964275762926,0.053954410824082345,0.12326946593413737,0.09674410998439777,True
85,0.10078088241109252,0.11697119087085601,0.13191389161268172,0.1663999598549537,0.15601183455224596,0.12023875079434786,0.13019940764276336,0.06677354427208605,0.002840076269887006,0.007870461719085937,True
86,0.19496493272660312,0.2133540229898095,0.02587187388763215,0.03847597690502513,0.11972682186212545,0.020263049453252788,0.1691676193139633,0.05407237236671318,0.1619206081081686,0.00218272238670674,True
87,0.20228607002676618,0.17091795891059963,0.027580096862962603,0.07397639246424438,0.11127631860376065,0.11579537103664758,0.1942305462237938,0.08905960796147085,0.012572233024139418,0.0023054048856148484,True
88,0.13184472424527158,0.1503695141992369,0.07188857622799001,0.07092310889902664,0.06733808242637977,0.15060479534856316,0.05184536148509787,0.053278008535942396,0.15130632804614377,0.10060150058634805,True
89,0.162959372034432,0.09088112539725962,0.12988491719369535,0.1388005495922042,0.061021163503785544,0.00550243955880058,0.1592545738914657,0.08953160506370637,0.14142281410694768,0.020741439657702872,True
90,0.00791027046369578,0.19000835024139556,0.012076054151239008,0.098940674235292,0.04183406096503357,0.12723340454100607,0.15359646517777487,0.05857962443847038,0.16706562693718532,0.14275546884890739,True
91,0.12008090667958782,0.0370626895054929,0.21422049007916924,0.022068215829768263,0.0579523176725749,0.04413136863363398,0.11144753921394789,0.14430725944693856,0.08011955540650988,0.1686096575323765,True
92,0.02630252787722647,0.15395801490470196,0.14218827190356592,0.1633235501175914,0.16613960595616084,0.06189084775138179,0.0574243290851315,0.08375790532632946,0.13141230399189577,0.013602643086015033,True
93,0.013481398740898437,0.1514432720287554,0.044499474050858884,0.11241662871576348,0.13737103853653593,0.19648018071407403,0.06634547251874429,0.05888192063125336,0.1663429993835,0.052737614679616254,True
94,0.03929481864386789,0.07328537536526387,0.15346096382325952,0.1438576038214137,0.022551733785124446,0.16016533630247853,0.059504958902285424,0.07978546621986186,0.12225071006806629,0.14584303306837854,True
95,0.15664082756153122,0.012079552965111923,0.03133425348555075,0.023951224569112244,0.24312963061951592,0.007811696842879969,0.21152009066032448,0.14966089938938895,0.1361702750153593,0.02770154889122532,True
96,0.08373741813310188,0.15721136865241594,0.07850421804086576,0.09870806630516961,0.134406159719167,0.029249156677313835,0.009143315800993741,0.011333822024546535,0.19590401767939017,0.20180245696703553,True
97,0.0961158138176302,0.033631775615825636,0.08942422411137896,0.1372678413851113,0.05716201778964832,0.05764280849374582,0.14707620678015576,0.15191776714772587,0.1201988941610891,0.10956265069768895,True
98,0.13068517335259977,0.013556964038607856,0.1263899326117448,0.0666469226572082,0.1826669219312083,0.01858997655452823,0.10071991883610633,0.143859791911901,0.14769620404861095,0.06918819405748451,True
99,0.14200692650534225,0.003745520866166052,0.09500268848730752,0.12769964236948858,0.13110234100362012,0.062092664623793384,0.06987769710101019,0.11621758994665049,0.14992769511383966,0.10232723398278176,True
100,0.008317547108654316,0.2102773554865738,0.21175080052875214,0.20143939282130485,0.03582452859824967,0.030423674136454106,0.12777589940556378,0.0101263237965841,0.019944150897769533,0.14412032722009369,True
101,0.03072282084630035,0.19844284364195494,0.20523154267237684,0.17271431211625085,0.1030289496767377,0.0943487366621592,0.03893085512694405,0.004165108015188926,0.12129752313761796,0.031117308104469093,True
102,0.09146027530451291,0.05553485480166723,0.08034447773045857,0.1039008794895293,0.08055684535511387,0.10085226625965486,0.13017176291386898,0.09971181384407174,0.12264259185768814,0.13482423244343444,True
103,0.07933055931939885,0.16706079923668396,0.12072627353619611,0.19796513439204258,0.029490296335986883,0.02113292911746148,0.03694268677792475,0.14134151924425328,0.11218740891410019,0.09382239312595192,True
104,0.002112615422881635,0.20386738029584023,0.13488733467356293,0.16932000151358828,0.0456556619564202,0.1882286641063419,0.01548091346955875,0.11920980484623703,0.02664935072814193,0.09458827298742714,True
105,0.1476899298029669,0.044649752764009176,0.12002326516458639,0.09475993014338094,0.11048732023146066,0.14260785090078157,0.12490490374252945,0.10526253381082527,0.03771930017051521,0.07189521326894435,True
106,0.1498776716344703,0.09744367496326575,0.08501005262989719,0.05905869969192187,0.03432989348556933,0.023211747154070192,0.10925082447921136,0.16174159056216453,0.12296260616840232,0.15711323923102724,True
107,0.07547619013651305,0.05313860875196325,0.0785384994663961,0.11024774709427251,0.0762543696755877,0.13015214333605243,0.1371860201476801,0.11292818037412221,0.10390531800707623,0.12217292301033629,True
108,0.10742379278449703,0.006191970669304727,0.128378493973951,0.10047913078131844,0.14725774595647287,0.1112949849377367,0.029550070557909362,0.10604295743964913,0.11950028488774028,0.14388056801142052,True
109,0.16888160337926464,0.09642057777355313,0.08427397465808181,0.12446957866533442,0.06728538015804619,0.05487123256234401,0.1473182560411971,0.05269292821147492,0.05943335436935688,0.14435311418134683,True
110,0.07305700753362346,0.14777617209671623,0.14850219614183957,0.113874457771398,0.0901510577803764,0.033867765555676645,0.11920484021223743,0.022097992181601942,0.10900586736302541,0.142462643363505,True
111,0.15718298841982814,0.0920267837482534,0.07598512932505865,0.07504653543852408,0.21647761559578332,0.011676647994630975,0.14112141116301927,0.05044205522252186,0.04719948483853263,0.1328413482538477,True
112,0.036489911967847774,0.2264837730003722,0.04534325642591331,0.12561748554147514,0.09732448157169346,0.03833638593299642,0.05400034541696574,0.07785505701469794,0.06835060691418601,0.23019869621385203,True
113,0.1647491587755796,0.009234292327039692,0.09744260991155704,0.029295437891582118,0.18339169524797042,0.09685042058211885,0.14429830344741068,0.07287857452146845,0.062258403591121475,0.1396011037041517,True
114,0.06524152167965228,0.2231996268685637,0.08945320373016989,0.047434569920546364,0.16417898484307514,0.013700460807223196,0.055964458902865284,0.03686157216142822,0.0680342248010901,0.23593137628538594,True
115,0.09461451676846308,0.14266926291726933,0.0018768427202163144,0.16206083054409795,0.15000011720773973,0.14198949761899268,0.027805775784856355,0.15813840805725013,0.062006066948687086,0.05883868143242745,True
116,0.09935192488030951,0.11346320359242171,0.11104542987941007,0.07084644933313577,0.07285040489757022,0.0031541896553346728,0.1476453709812113,0.10613111344451027,0.11051970059261358,0.1649922127434829,True
117,0.12046074600126362,0.11823744592834037,0.005031831479839432,0.09560220492013669,0.0953668077054875,0.12621805053235363,0.16122474386709806,0.010627029706666383,0.11206161810235837,0.15516952175645599,True
118,0.002386791450640344,0.05286635148073754,0.1199869832711576,0.17964265965004667,0.010711028345185962,0.12626284054064765,0.1716062425327653,0.1988900715470856,0.06516365508732186,0.07248337609441158,True
119,0.050513186478548446,0.20720385359750945,0.22178742858013661,0.021460147606076195,0.22601662550163315,0.08554413448333173,0.03859140450107268,0.021642338073282755,0.10332126252234713,0.023919618656061736,True
120,0.18406405931606992,0.15992235310189917,0.037110041238043796,0.08478583212044358,0.15624136426687216,0.007908152445404205,0.11953131544369873,0.12315528181145388,0.0936969340206924,0.03358466623542213,True
121,0.22220025369114765,0.022982603603172905,0.10879524604367087,0.08632724699513761,0.06758557106577413,0.06965917404365052,0.017548644412927136,0.1339902691654558,0.13326937911019585,0.13764161186886756,True
122,0.03215330692962443,0.1717551568358909,0.14957902124895323,0.014998906502672285,0.058100039893796,0.16269355457156026,0.08983554620343558,0.20399805226445358,0.0702002614041557,0.046686154145457855,True
123,0.15613607703191132,0.17603674732139107,0.014400273952029427,0.015390302192139896,0.12672052327897976,0.02818759720923099,0.12327803363106168,0.14666999417414717,0.0725731544533501,0.14060729675575853,True
124,0.03757367904389695,0.05629263224611927,0.010014649584205775,0.10054779433689254,0.07828247310338796,0.15483432457687993,0.125716983981481,0.19141098400298934,0.08731789941103547,0.15800857971311189,True
125,0.20242730290685887,0.0352323668508297,0.19426440464246483,0.19737645907648246,0.16636021743763627,0.06179357561735359,0.0462614017842025,0.05199177631830683,0.015997752119605406,0.028294743246259434,True
126,0.1498303213888967,0.09965832774222437,0.10402927625957788,0.013954024797734341,0.13780933456162633,0.03333117298319351,0.11815131379365626,0.14207124959238915,0.11415643750280793,0.08700854137789352,True
127,0.06068843652387314,0.04858590527329117,0.046994139360964325,0.14128539279048974,0.1990309797845875,0.1162577473726717,0.002496691910317487,0.13127254723189383,0.18088877612297397,0.07249938362893711,True
128,0.14158023920748897,0.12812069336157272,0.14080564614830673,0.1376115613391003,0.0818308713844515,0.03506440579465494,0.022130587538681475,0.13175116468528403,0.045138467269931405,0.1359663632705278,True
129,0.14268945001439276,0.09630252422264936,0.11168819731223865,0.13557864917158072,0.15521264457830378,0.02873595258019774,0.09486339057371478,0.07378039390349223,0.06308721798120587,0.09806157966222408,True
130,0.14683355875642679,0.05963747617122781,0.08134775626570677,0.19647545841522698,0.052258490099585136,0.21792970556487934,0.010063740138343942,0.09508073227221432,0.042114931947720716,0.09825815036866814,True
131,0.15928366381886394,0.1289267790864042,0.0001046546113098852,0.058948591032708664,0.19162235717640116,0.0658000861292521,0.1064183032821404,0.033144069040727864,0.17981489475067752,0.07593660107151436,True
132,0.07449210248411069,0.08693810590647928,0.08999049907073998,0.17018873405749893,0.001481182875706179,0.015786608800593203,0.10707102200246425,0.1225651799921585,0.20487562437234028,0.12661094043790871,True
133,0.01672307359375507,0.16459063415967673,0.27831351510868296,0.015169555509677829,0.09667997853667694,0.0033078193081406905,0.16142771881203577,0.1951732850446991,0.04043445535590003,0.028179964570755014,True
134,0.06985753660489848,0.0928269655832496,0.010485828513916736,0.19126885173904432,0.09033267262738691,0.26005142626653116,0.07652915184175178,0.07930763761109232,0.031193489960290047,0.09814643925183854,True
135,0.12580124053310884,0.2049198090615017,0.11669906248433903,0.2523002840208144,0.020968948155259053,0.13079054508621074,0.053798166738219036,0.0004079334065200874,0.007967360636477096,0.08634664987755007,True
136,0.012899917476466257,0.016432465982648928,0.09665587952194159,0.08382071212966477,0.05092351782036789,0.10405192230110127,0.1991565004385687,0.11872242322125227,0.16240170283120878,0.15493495827677956,True
137,0.010668695254867173,0.1701375028642821,0.16507545228066223,0.048205727879737745,0.014232189818016322,0.19003127900002073,0.1874408130134167,0.10124927257899217,0.08907845721969354,0.023880610090311255,True
138,0.13996481844534633,0.1381518300523747,0.06718000818389558,0.1630407023240711,0.04589743853935814,0.15816646278723578,0.03584439264692375,0.007157952648857879,0.14514407273608704,0.0994523216358496,True
139,0.09615991714380162,0.21849711042495268,0.017412246286906713,0.027883703885951735,0.005944298083732298,0.15080134017337482,0.1461175657665444,0.14142630560063935,0.0935480764513259,0.1022094361827707,True
140,0.12838750757368536,0.05368322500989256,0.1416901352815087,0.07784564077172257,0.11496723684033251,0.07995394450129878,0.07932002619011182,0.15072257766353972,0.052908206542238004,0.12052149962566994,True
141,0.011667345007271797,0.03717281283022625,0.10528647658758711,0.1679692721245592,0.1639874224654989,0.13077009741508833,0.04258162418571194,0.12621246958480037,0.08002359314545561,0.1343288866538005,True
142,0.10290773176599868,0.07690886805976585,0.12627882130390813,0.016830889954315836,0.1840252238467922,0.2564609528537098,0.029763370786500744,0.01556868150293439,0.06938724448142988,0.12186821544464457,True
143,0.042498845681699496,0.07042852217467058,0.06558108415549047,0.19322597730878366,0.12361501540053861,0.09301642512812279,0.09199710823516657,0.08295463798192247,0.16647324386305784,0.07020914007054756,True
144,0.15904178977530634,0.174923371323746,0.1420880178270597,0.03275185815239377,0.09469829896625935,0.09362575165747601,0.06885030037911335,0.0641115998499398,0.03626951746400459,0.13363949460470118,True
145,0.04451091776255043,0.038741061880641206,0.19199120691595556,0.19533511790958066,0.006267262322477789,0.20518659265710137,0.09359106592758698,0.07199851051534926,0.09988966542854312,0.05248859868021379,True
146,0.15567654857434166,0.12975713501875813,0.12568903685759075,0.05049970585063234,0.0765821527443824,0.1801543403465417,0.03839721350145287,0.039773660057596257,0.15557825153190122,0.047891955516802656,True
147,0.0642102040827934,0.12538385792617465,0.07083404921604983,0.0926422854497632,0.02016625799693145,0.17826303566938836,0.14862368453143648,0.09836610644317745,0.06986543981323372,0.1316450788710515,True
148,0.06460578596558436,0.16449294442480072,0.0019478595200111326,0.10538002502753828,0.09255085835165965,0.10953277213410666,0.12135466862097964,0.13452753957761254,0.14891847914722042,0.05668906723048656,True
149,0.11639098327304345,0.1465018903256497,0.14169671144810844,0.12989864380541397,0.05258703597144744,0.015862881565491583,0.13313653647261678,0.07371654649865649,0.14369139743158832,0.04651737320798382,True
150,0.01891024184927731,0.10941428667096506,0.018234400268350777,0.20232518401075814,0.11700796702281195,0.13792906024657123,0.13481757062544855,0.014555330942887757,0.15161994058153963,0.09518601778138945,True
151,0.09684613213127123,0.1548235890545362,0.04221840909065941,0.10625753433353166,0.11413856044586207,0.03272234093989989,0.11496444096063116,0.13132636759003807,0.1021043462200915,0.10459827923347875,True
152,0.00853547500944868,0.09831615418775214,0.1888466895172386,0.0878000166283129,0.13741205116751934,0.07597417955704638,0.1561049487309232,0.018539695310494875,0.16610206626231677,0.06236872362894713,True
153,0.04488783405424808,0.13441891347557056,0.09130248464342891,0.1586984031844948,0.16360007406869748,0.011995403651911322,0.12188473738083935,0.03568979235974025,0.1649126860389911,0.07260967114207822,True
154,0.11149479337266166,0.03671977270049846,0.11499976833139333,0.1169130332178457,0.06087205819948478,0.10397441824287891,0.09508069012292943,0.1312880600739553,0.1148224745105196,0.11383493122783281,True
155,0.12537298584645132,0.06720139288787809,0.05491620560632442,0.20387045254319286,0.005204968036317785,0.07055878807999352,0.1921479188890131,0.20204839927269283,0.011261679986714918,0.06741720885142115,True
156,0.015793708593128168,0.11060660205093831,0.039575158942903185,0.09993757166984636,0.18153732481078438,0.04807251588564287,0.04775880994868851,0.19150548654378616,0.13070887611355417,0.13450394544072775,True
157,0.18808418304436192,0.09589701975673066,0.06562583385829783,0.10319369982049376,0.01118285570689228,0.13223010317150083,0.13959503435368123,0.04186538678198634,0.026690483754259333,0.19563539975179572,True
158,0.12465149540830216,0.040601140308292774,0.05298148865496431,0.16036030010577726,0.14862883720063996,0.11160753430884832,0.024919222916404474,0.11808961126327658,0.10454194758321783,0.11361842225027625,True
159,0.016215285850633452,0.15874905956002264,0.11532291628270988,0.1749397726067827,0.2153419778637234,0.10371143003582274,0.17924233664169814,0.027928153456156304,0.0051083229020552215,0.003440744800395576,True
160,0.033553658058628616,0.06349376414627567,0.06937616084672577,0.11135703306152465,0.12684394675304422,0.046823818846396116,0.19151239771873912,0.10379258623071895,0.08009048690234685,0.17315614743560015,True
161,0.14413574376398583,0.07701979437676788,0.1253810565085387,0.07468079990364858,0.023016179633352864,0.13507213238754148,0.07827148596619428,0.09427986394054488,0.1238100987028278,0.12433284481659777,True
162,0.14588477757706228,0.1399881560457983,0.12704841028326788,0.15122365628366394,0.046648502402536006,0.012390451370637432,0.125532832767267,0.03201849625093237,0.10336809297814252,0.11589662404069218,True
163,0.1112612117826716,0.23463016852840882,0.16643376429265108,0.037999945396597797,0.005798448076396748,0.03941953911704657,0.21956772801066074,0.0426601865126566,0.10461184472277318,0.037617163560136876,True
164,0.08001749524424315,0.06584442852074243,0.0034753944528622617,0.18391432677497788,0.18062117382925477,0.16425315164676182,0.1279896496168092,0.008724879958190778,0.1537779085765622,0.03138159137959566,True
165,0.04433156971942191,0.1169690960468614,0.10536014928310145,0.07808007516994019,0.0058553354995340475,0.11091593557343458,0.1783902201172495,0.07187754407097392,0.11144189542600698,0.1767781790934761,True
166,0.15508206652530407,0.02746088482066764,0.1568188522598843,0.1014403300513903,0.0081117898719865,0.08601002492910244,0.07281119296125284,0.11210855283900949,0.11642477985026714,0.16373152589113524,True
167,0.20327973314030867,0.10661318349591993,0.13258459264648895,0.008972806815899436,0.026840441686258924,0.06606791709118207,0.13454643224673526,0.041555950028614716,0.14234311722795137,0.13719582562064062,True
168,0.163843657853758,0.09488457314795515,0.03206760507930349,0.07473060571491526,0.047606948205522866,0.10222011108931754,0.107924769040809,0.18795374480132682,0.04764487666765633,0.14112310839943573,True
169,0.08815920614315305,0.02044203615017765,0.15701363670987256,0.06546787233479222,0.10515190657497665,0.17328736429763403,0.00574280001188012,0.11763277805874761,0.10959120459271729,0.1575111951260488,True
170,0.08867084532036118,0.14776287893929432,0.11693921779899288,0.15837020408606517,0.07727707368525408,0.06469826816780258,0.1471991464855176,0.04731462118370467,0.017280382950651846,0.1344873613823556,True
171,0.14977313358347366,0.10361918756538223,0.11658497883840611,0.03483461873741967,0.07841505435586228,0.07254870233542463,0.09095227205073222,0.041478442268457885,0.17164439417406427,0.140149216090777,True
172,0.18100332036311176,0.07536632704333791,0.1895637948332628,0.04609730700540558,0.10016927688874036,0.011899963512824067,0.12126196667745426,0.15280085512864647,0.11601351787366969,0.0058236706735471,True
173,0.03725358744744321,0.04174746218558262,0.10764583260523478,0.14751020657516453,0.10183102563157655,0.1438042349048393,0.12164438168747431,0.15148785348580274,0.13533535847508643,0.011740057001795439,True
174,0.03102163795200222,0.013653771179503378,0.21799845581828073,0.0708925756645823,0.12275465795216793,0.0029017733567406672,0.214209904863992,0.080651938140762,0.05402809893586898,0.19188718613609979,True
175,0.017078394539455262,0.04096389942723428,0.04193812230254908,0.19753743259764012,0.10397712959784967,0.15856531531021262,0.06826942529075097,0.08483889666052705,0.1345021027752783,0.15232928149850272,True
176,0.13393352204750655,0.12470994761200864,0.0075578157227061404,0.10627969239733764,0.11207445583380661,0.015925222106749137,0.17279425993023076,0.13380889996045475,0.17397421597850438,0.018941968410695505,True
177,0.018774743845073744,0.1098230943763851,0.07079706478294169,0.11435620909031312,0.08942419142933389,0.14591664678177704,0.10081765184251165,0.09482212543734635,0.14105298346483375,0.11421528894948368,True
178,0.09393995226659176,0.011005075686913841,0.06555213629734948,0.09801540154580689,0.11959256647885985,0.0890513022598208,0.1584258269898866,0.10601322948358985,0.14000889559564228,0.11839561339553857,True
179,0.15829448019535874,0.09760099193515157,0.11775546722421203,0.10774879866945031,0.01518047154248606,0.03440861546770949,0.1724419573635005,0.1563290119933434,0.04490943060994578,0.09533077499884213,True
180,0.2007023165555758,0.052190200620232205,0.20471311591280428,0.06101105032161835,0.1287213505103806,0.06277876465192568,0.027311932418000215,0.1314395657714252,0.07227810947375259,0.058853593764285256,True
181,0.0497894196547174,0.02295270671840486,0.0727986088771202,0.08788351256469903,0.027033287114372136,0.18833285015688095,0.12431927532767106,0.16994805693894172,0.0747928164500989,0.1821494661970937,True
182,0.17055050650543693,0.03639161675725558,0.13205648509214318,0.11427772400994204,0.17279665536789263,0.009933642356100749,0.041417045263792154,0.13048689252946713,0.1447945906150942,0.04729484150287513,True
183,0.1253046676811826,0.07400658200014885,0.11494879561423287,0.13359844501505877,0.14184344107863664,0.033711283751835054,0.13077063667454292,0.08951890467914338,0.07448640923754593,0.0818108342676731,True
184,0.1810197370968218,0.06631219481518098,0.013785919541574501,0.1768102593204548,0.09104344199174683,0.11508297391502678,0.024803084937534057,0.1262904940341838,0.12811717889417723,0.07673471545329927,True
185,0.05245385336615717,0.1317416054019618,0.008273340462635066,0.14701348168158193,0.11611840999678225,0.08761509381144203,0.124942656861919,0.1445337586095272,0.05370690047931611,0.13360089932867736,True
186,0.09472019577358903,0.1493843512452931,0.14020408683149627,0.16425128744099973,0.008092413900212245,0.14892118283692624,0.01913382045879556,0.10245932761068631,0.14403220208992146,0.02880113181207999,True
187,0.04788950874114426,0.026454424770805035,0.030938377406956256,0.10872849886501099,0.13113947803374368,0.08117432134331637,0.13563731800594758,0.17200615048921933,0.16623338363298626,0.09979853871087019,True
188,0.14034320292052443,0.1534931739504822,0.0511823691444737,0.10626031691278787,0.09277985779273835,0.110512471811062,0.047330248793134945,0.08239931099878267,0.07671940050595744,0.13897964717005645,True
189,0.07716150018716357,0.0722101060003492,0.1564206925398986,0.10861915048372289,0.15653197010503736,0.16800381814722568,0.1197322997593196,0.012410902796894082,0.12419882460337758,0.0047107353770114175,True
