ID,strat_res0,strat_res1,strat_res2,strat_res3,strat_res4,strat_res5,strat_res6,strat_res7,strat_res8,strat_res9,ancestor,alive_at_end
0,0.10881736330245892,0.10628750307554831,0.20437481264642093,0.03192653930754311,0.09333405906351229,0.034394486232533626,0.1183136367974175,0.037657063376452804,0.07236096168411647,0.19253357451399608,0,False
1,0.11135372053759812,0.09635912728360731,0.20843441492795076,0.043773667817658776,0.08534610317373922,0.011902980444662361,0.13382409266144596,0.02433890460369417,0.07979289700276429,0.2048740915468791,0,False
2,0.10388501143728807,0.09382125230798889,0.19193629091003656,0.049916021825086275,0.098759852267001,0.016936817437975656,0.12260234969841557,0.030341414425956437,0.07913062786022831,0.21267036183002308,1,False
3,0.10340826450380977,0.09292837951131591,0.2058308631436316,0.036745031408407354,0.09820810218701594,0.031143642700693825,0.13867680885130093,0.03487621881003078,0.07453688295371348,0.1836458059300803,0,False
4,0.09504990245680377,0.0801454807322355,0.19578519817165987,0.05619170231937425,0.10088474931085693,0.00419196083518996,0.11112886007981097,0.05208028783847739,0.08409973069288473,0.22044212756270667,2,False
5,0.10417148356666456,0.10331925035267564,0.21764836227117,0.03472801846775375,0.09885937692770323,0.018411978320934934,0.13237164460920095,0.044412083198595645,0.05711424636047589,0.18896355592482533,3,False
6,0.09481234801436322,0.1028148875599772,0.21288005126085285,0.029219324909681234,0.09708714885416926,0.03187932017951808,0.13592378621548412,0.050714126947321636,0.04790607504139062,0.1967629310172417,5,False
7,0.09572722322717808,0.11270176843543867,0.20644482129427924,0.020413961465420658,0.10412779562455456,0.030192861156364444,0.11467012922224076,0.0437899414393603,0.07457683320673254,0.19735466492843082,0,False
8,0.08795018111949669,0.06428287667640917,0.19343938002172456,0.0669068393139611,0.09098960830212875,0.0,0.11825842181289073,0.06379596005583861,0.09217718808877925,0.2221995446087711,4,False
9,0.08746340870213595,0.10394955913705943,0.22104985711343694,0.030884689767996763,0.0988898297908261,0.04111169599734575,0.1101223818351108,0.03418842732936917,0.0830917805366312,0.18924836979008802,7,False
10,0.09157937780852564,0.09520514040216202,0.182558716861727,0.06625776806809128,0.09894131677016917,0.0,0.11219766684645158,0.0422881470623936,0.08868988631333333,0.22228197986714646,4,False
11,0.11162455429790821,0.11060929790198655,0.19409552615035258,0.040898923447243794,0.08905424054989383,0.03778933614915889,0.12352494222144443,0.039111849541217616,0.07204936698859268,0.18124196275220134,0,False
12,0.11636609586611758,0.08935400771804249,0.20917666152585962,0.050898665023010846,0.10102154240817914,0.009026883139982074,0.14864201840698918,0.03758083412780678,0.059767924524794465,0.1781653672592178,3,False
13,0.0861191983106599,0.09818688232804226,0.2243446189017559,0.030545410906494007,0.08247404012446025,0.029801614251355583,0.1332790042668798,0.056703738815678834,0.05774888296648247,0.20079660912819108,6,False
14,0.10712110599094085,0.10075010805416482,0.2043977239843585,0.04101320167525976,0.0794356103494498,0.017313065846291442,0.12942287658984294,0.025742953090086756,0.08949976223746947,0.20530359218213576,1,False
15,0.10913248249352908,0.0989497197119066,0.19050404181262856,0.056441968460215694,0.09418616753935466,0.01306927910199319,0.11095398854552661,0.03941099683929782,0.07754445058192518,0.20980690491362272,2,False
16,0.0737328319084805,0.10704034999097249,0.2179321278800444,0.024282502814512785,0.08839021893534926,0.047902934916970195,0.13002584318520188,0.04955691128380182,0.0614658246718856,0.19967045441278117,6,False
17,0.0911467271857676,0.13408057573653054,0.21435541128679436,0.018829308490555783,0.09536591835458706,0.010456681442231773,0.12452203390944667,0.04624731338597425,0.05733594481546127,0.20766008539265068,6,False
18,0.08891860138649188,0.11711134396097948,0.21709771463635827,0.037150864517107,0.09253263597103419,0.02386189018946622,0.13898124088518424,0.04963381451845793,0.038136362663514174,0.1965755312714066,6,False
19,0.10287498386993901,0.0874807603008084,0.22856545491695332,0.04698610813683661,0.10711155693452791,0.02281233074407975,0.12062094387387765,0.04304869682973683,0.03785175160552784,0.20264741278771273,5,False
20,0.12526129195437716,0.09645315281216414,0.19791457681278787,0.05232834578646711,0.08130195589897017,0.048589078073718775,0.10486802593552899,0.03592353872984945,0.07514524112277036,0.182214792873366,0,False
21,0.1236920675375141,0.11402822370878639,0.2065010534816039,0.030418395548701616,0.07719558033283887,0.03339982406029194,0.10818012215425617,0.033269494177236736,0.06237146572632411,0.21094377327244607,0,False
22,0.11144936845131277,0.09721156252877833,0.20454118904829216,0.04390631147977018,0.0864983185111402,0.0,0.13405351547805597,0.024374926793174285,0.09513228137051224,0.202832526338964,1,False
23,0.10152576783266418,0.10218339704236665,0.2145640094279604,0.05383257611278057,0.08920075195717471,0.0023413523134543177,0.12192973400799657,0.025580602564735593,0.09346749449238546,0.19537431424848165,1,False
24,0.124688188709331,0.08249982011030331,0.22176773332087701,0.041317252939366625,0.09704579159692239,0.024803640729452577,0.1287592403722889,0.01461963733797344,0.0858527390204701,0.17864595586301463,3,False
25,0.10488864584336484,0.09336283776361894,0.20264432269667768,0.04028540110508832,0.06815248366933413,0.02871104841993244,0.12498699021136894,0.04077907987541171,0.09264453187662115,0.2035446585385819,1,False
26,0.10041730664338103,0.07924591295803103,0.18891914856848688,0.04271668955347703,0.10192122592082595,0.0001839536727518649,0.10560846510528368,0.07768693249261673,0.08103008578957671,0.22227027929556917,4,False
27,0.07170484935797193,0.08990415810834186,0.2057201796420949,0.024142195910763144,0.09287638576341617,0.029584775482867646,0.14228894099799044,0.06608355606405317,0.0694465374022437,0.20824842127025697,6,False
28,0.1005462886297254,0.0762526575357545,0.19456013609870254,0.05080826919140462,0.09974611260294367,0.014342005482477448,0.1440666266065013,0.014530866602174071,0.08014026715113015,0.22500677009918624,2,False
29,0.111302765631885,0.087123950135673,0.18273856702264754,0.07530366180408089,0.08556013393708338,0.02359066187470575,0.09583452830099949,0.04736295056821058,0.07778803833343881,0.21339474239127545,2,False
30,0.1253023798874983,0.09367826803305294,0.2182830414449689,0.0568868072569616,0.08985127137793433,0.009383377119027706,0.14396050876941047,0.04218129983716557,0.0466100220488509,0.1738630242251293,12,False
31,0.1017626067866421,0.08165937094432685,0.17573527401306122,0.049930114865289935,0.10034971291767626,0.00401415747175019,0.13155735337107102,0.0381196584427046,0.09932592195822787,0.21754582922924992,4,False
32,0.11534193625703927,0.10875897124267044,0.21010730535176475,0.0510928359943721,0.09520868465897502,0.026557982702650484,0.12853321309555676,0.04392300868931512,0.0588688379176658,0.1616072240899902,11,False
33,0.12080683932695847,0.0968114074875949,0.17846510833080168,0.05564820266449133,0.08921413554967061,0.029973066721715964,0.11909553899960701,0.024939477768180434,0.07250990574693257,0.2125363174040469,2,False
34,0.08467098839565045,0.08649109930173193,0.1876617653750495,0.04451418815991093,0.09624914044309799,0.0026596265667545604,0.10248046786889033,0.050920284171384236,0.10380926667206036,0.24054317304546977,4,False
35,0.10304715740948626,0.10845230380179781,0.1921648432892351,0.04143426132212456,0.11571162172983813,0.025698747959407936,0.1174163906312517,0.04061680595482603,0.059666765471384824,0.1957911024306476,0,False
36,0.08008223963245507,0.10134623835936463,0.20279057376896678,0.04540713887984012,0.1046581586848384,0.03268679254313157,0.12803286651838042,0.05179238251549153,0.04594877817124201,0.20725483092628957,6,False
37,0.11121447536483789,0.09661084448503457,0.17912775290312355,0.04834505858543932,0.08991817587268285,0.057241636522332356,0.11542452160232275,0.040191241168657306,0.08700583412065735,0.17492045937491196,11,False
38,0.08778794434398414,0.1042398059711374,0.2377458125254906,0.037960197414372406,0.08829749612927615,0.021747878358331935,0.10363506284185565,0.03282183431807834,0.08817720329508175,0.19758676480239157,9,False
39,0.11887312001583145,0.08927657375062917,0.2168444850940067,0.04116639229023852,0.08280530459974583,0.022833973924764054,0.14117031387447165,0.04356380731786069,0.062468248722610586,0.18099778040984135,5,False
40,0.07772193241114696,0.09916455059610042,0.2036782803793154,0.03197132308387856,0.09799200488195473,0.032504893648216994,0.14003474338822203,0.059289442737443486,0.0749995177403874,0.18264331113333407,3,False
41,0.10607612943828838,0.0828264517919069,0.18903389195897186,0.057299562304140454,0.11367644420952919,0.006534210447893933,0.1101162050077268,0.04144385026277295,0.08203203072416898,0.2109612238546006,4,False
42,0.09842047361937248,0.08856461768794884,0.20216037650476124,0.06567811927889998,0.08966174242091197,0.02959049064920232,0.10405002983549703,0.03061445992639163,0.07789608697677614,0.21336360310023833,2,False
43,0.10615794431702863,0.11182361108148581,0.1875529212693942,0.029674011276329983,0.09427445055994527,0.034449315503686226,0.11646203206588099,0.04840790669687165,0.0731073036240045,0.1980905036053727,7,False
44,0.11546335663744851,0.0971678661061087,0.20697797914300392,0.0415351069092605,0.08401090839131889,0.027865442216927584,0.12321988977302077,0.043521166524804,0.070785603473668,0.18945268082443917,3,False
45,0.119502342326637,0.11125012361339529,0.20681776814870478,0.008726718240876353,0.09724561911361349,0.019676262799881446,0.11243402866579329,0.02774367428208567,0.09176708920696505,0.2048363736020476,0,False
46,0.09213905127048115,0.10437569798142635,0.19314256140858707,0.049220852051143495,0.09795793521034439,0.027385363415646097,0.1325651169778918,0.040922915355872266,0.06460270435576783,0.1976878019728396,6,False
47,0.0994205041338867,0.10128555842729037,0.22131642615014502,0.039541967640461556,0.09350506869844814,0.03428002935861106,0.13702845065324484,0.04477776651631604,0.0410292113685885,0.1878150170530078,6,False
48,0.102181164368224,0.05228134314548841,0.20585501458811115,0.056142268485868424,0.08220040070952957,0.0044531889221077385,0.12421011750997668,0.05507792508090311,0.10212941586105972,0.21546916132873112,8,False
49,0.12406772489733991,0.10810771162393636,0.18352042442712194,0.03181811697711255,0.10635854688893111,0.02604840778731955,0.09584164455525447,0.04679840502595895,0.08538674476303403,0.1920522730539912,11,False
50,0.0953827921351382,0.08152574508537516,0.21526294163918494,0.05283687866270691,0.0871807128070546,0.010068796434747155,0.10416825685020328,0.055974286660039854,0.07919959521214756,0.21839999451340225,4,False
51,0.10657156446129105,0.10704236625458065,0.22062265379957124,0.016367352899678774,0.09939825240558071,0.008771173740433964,0.13433011526593042,0.03821038550796965,0.06706958183554958,0.20161655382941396,5,False
52,0.10820227923471848,0.12469192780050746,0.21838647526717703,0.03710177727698636,0.08663984200193656,0.010646985058528197,0.13390058913504302,0.0353015151627771,0.05718729986740258,0.18794130919492327,0,False
53,0.08950931361295898,0.07583210589443766,0.18155969629091825,0.04798449088279542,0.11022372216292715,0.0,0.10636925413534497,0.06752988885671582,0.09598011263489444,0.22501141552900733,8,False
54,0.09956455407759722,0.1158544919289445,0.20304694825035577,0.050448586680694164,0.08671076307398172,0.00436738984220729,0.1443100378838919,0.04843888218167773,0.05945031951508751,0.18780802656556211,5,False
55,0.10579341744359046,0.1207405737199314,0.2175928917176776,0.03164607769568111,0.07600346639221865,0.03209491959531092,0.10266327751068617,0.051291624045690154,0.07989900640328082,0.18227474547593286,0,False
56,0.10867623469507841,0.09708478133792374,0.19040882187740188,0.02579380897901761,0.10504606917891116,0.04313708356676445,0.11712245295591846,0.03997200513895624,0.08133430674594917,0.1914244355240789,0,False
57,0.10875942370254264,0.10289171147581037,0.20828099177390755,0.03350502138321974,0.0958398470270566,0.021036481394747248,0.12004241186107975,0.040348745146297216,0.07979287715772956,0.18950248907760928,0,False
58,0.117972014152991,0.10126805947009042,0.22085961618054198,0.024495061405976345,0.09286422497513745,0.03628177909646898,0.11849848466078997,0.027370470970741346,0.07155006837950328,0.1888402207077592,0,False
59,0.1122256835589617,0.10660937543523065,0.20685136869982323,0.012719078043864166,0.08772179259931544,0.03403793986442443,0.13193453789779006,0.04384371388104974,0.06513883746171197,0.19891767255782875,0,False
60,0.1202334665901402,0.10717293622705093,0.19788095568400652,0.023965565497935864,0.08899333974057737,0.029716444089701886,0.11203479769500625,0.05086479623834096,0.07968622756364346,0.18945147067359655,0,False
61,0.09485112140529427,0.1270935923332807,0.2007179154073874,0.0434529350014359,0.08131418456313343,0.035018704902206814,0.12016593225259316,0.045384712985232153,0.06639239184092245,0.18560850930851372,11,False
62,0.0918844905380757,0.10027711366658054,0.19374773459004105,0.06599490761609737,0.09938759990489834,0.0,0.11388400295791627,0.0490594465674734,0.07954534343781691,0.20621936072110036,4,False
63,0.11786678193367688,0.08912900946913266,0.21124337083965916,0.04490931446810748,0.0972314714439308,0.005280508642226471,0.13523946947717252,0.0219947846248972,0.07528215389350922,0.20182313520768758,1,False
64,0.10638337127972294,0.10648211086663441,0.1966020269471825,0.016750786026618846,0.09916585789238455,0.03016859322412503,0.11274472368700865,0.03610803642059206,0.08805254636706625,0.2075419472886647,7,False
65,0.11841750168938188,0.1107441399928359,0.20033467145373599,0.03280777202848458,0.09374975738027114,0.028754369986005748,0.12564288323283787,0.029577694046364088,0.061380883177505834,0.19859032701257695,0,False
66,0.10514344412584095,0.11314446870765098,0.20764147381554263,0.03254937404978274,0.10169525226236145,0.03419296097456991,0.107901615924647,0.04098925144190582,0.07358380677607626,0.1831583519216222,9,False
67,0.08688273635994616,0.08973514959397826,0.2183468604604069,0.029034757400226378,0.1009554297428428,0.051582266928320734,0.11626368775308739,0.03553005292083977,0.08591727406943653,0.18575178477091508,9,False
68,0.10825651185134963,0.11914846450659602,0.2041515423225132,0.024202385761341857,0.08767538658198921,0.049583957189039816,0.12671825015620633,0.037255974900467496,0.04466764593372428,0.19833988079677217,6,False
69,0.10864579520464882,0.08165107135411893,0.20499907847840437,0.02964675565881708,0.1083451450872121,0.034255117211690334,0.1344625223363602,0.050052626847408146,0.07427146103581514,0.17367042678552477,3,False
70,0.09870288662652887,0.10830964987321635,0.19550634478423576,0.013112763922622185,0.09653462366456769,0.04974504080134225,0.12640741594528435,0.03741438326427776,0.076252161646709,0.1980147294712158,0,False
71,0.0723507856956929,0.10768156015683059,0.2164386310883732,0.029963784663828465,0.09933641166405122,0.026847992324060085,0.14152893217302293,0.05872498198708948,0.05112394020066504,0.196002980046386,6,False
72,0.12746210453023676,0.10038631893617404,0.18966580141516945,0.03899789939470261,0.0914904272582979,0.04639323230130683,0.12089400202009953,0.03466038536093406,0.06371434853715527,0.18633548024592347,0,False
73,0.09084383597046944,0.10564017799191443,0.2221066792078942,0.036588225431816286,0.10050478873231546,0.027889673267810854,0.10517583662958414,0.04656006154536205,0.0628319618668583,0.20185875935597478,0,False
74,0.09306662908417523,0.11743501142689731,0.21440020476222857,0.030461546983105683,0.08210814680994506,0.052113885254030226,0.0975683233054829,0.033667408936133264,0.09690157336094854,0.1822772700770532,9,False
75,0.11175859229029007,0.0953077483087187,0.19815304673245362,0.03237420681768582,0.11593347330251969,0.020501438560571204,0.12213445217179573,0.03126721074225921,0.07453141392299016,0.19803841715071563,0,False
76,0.1125577152845858,0.10718689134621757,0.21369808054436662,0.02662217965304592,0.0865044750519256,0.02422354296331866,0.1274045788779397,0.02642967568535492,0.08180432460513369,0.19356853598811144,0,False
77,0.11076804639017067,0.10548993867581526,0.20706411290643484,0.029094721530441913,0.10147041262187749,0.03472192709503577,0.12029905169199252,0.03137304000294348,0.07221911676922096,0.18749963231606717,0,False
78,0.12350160529377269,0.0964078831286439,0.21033534865804715,0.040556187019661974,0.10434587953337149,0.027679229324508284,0.1037558174682974,0.03476716018383578,0.06598456844838298,0.1926663209414783,0,False
79,0.1007090172102297,0.0857569431448098,0.2115227957223106,0.026119251866993348,0.10062115844019334,0.04101400504470337,0.13532894577837826,0.029353372553497237,0.07761331179859876,0.1919611984402856,3,False
80,0.10075775743683418,0.09825727085153384,0.21949716093848287,0.030641936386163686,0.1080244237957737,0.035940365285397395,0.14136323089398733,0.036867241140879324,0.04054349669599556,0.18810711657495205,6,False
81,0.1121856734312588,0.10158069865268046,0.22643396848677957,0.05379542394975104,0.08046996411759495,0.01998882381911365,0.12993793051912017,0.03673334134706261,0.06528620089465924,0.1735879747819796,3,False
82,0.10605836460701103,0.11429842506709993,0.2164325005840892,0.03363509528290493,0.07279292989195825,0.010827870857340447,0.1361774048338185,0.032832513767755055,0.09083156836203665,0.1861133267459861,3,False
83,0.09765992644186368,0.10119883502465758,0.2056927099235165,0.025073332019116774,0.11314038495027638,0.018646200084294767,0.13186758062530196,0.03885165557634458,0.07688401555027394,0.19098535980435377,3,False
84,0.11153261364494177,0.08156125836036039,0.2054140236312489,0.04027093917518814,0.09294182935788683,0.046482765536528796,0.10781276447248167,0.050668475069561444,0.07631671151522358,0.1869986192365786,0,False
85,0.11941298172669501,0.11853213142119876,0.2019156541054511,0.04830638754770809,0.10039697299683817,0.02416187212425272,0.11589579930224,0.021906740930741603,0.06823602450961452,0.1812354353352601,0,False
86,0.10348992430620618,0.08932835561459461,0.2154369142685529,0.030010793064768417,0.1001244524897054,0.024452218605251277,0.12237207679074161,0.042431064334070207,0.0968554031269965,0.17549879739911287,3,False
87,0.1040381133231259,0.08175595354146194,0.20841855436743756,0.03612603538760673,0.11068143414071574,0.02041842110003166,0.1340759460306128,0.03572217403664431,0.07429526529717463,0.1944681027751888,3,False
88,0.10078706183573848,0.08940610602628961,0.19784983710127618,0.03341307812118605,0.0918302554735636,0.05978472215229702,0.12627623767228968,0.028193015111108034,0.07396289758058398,0.19849678892566752,0,False
89,0.08071440606283195,0.09825589362533058,0.2309846367437927,0.035907066794806736,0.08189141367089847,0.02896375090419701,0.13142071074912123,0.050511988064242126,0.08047393761454479,0.18087619577023445,9,False
90,0.11978639198614593,0.09671969331150344,0.19435494151265834,0.040189203583532125,0.08695894745916845,0.061288115206644976,0.10585112603423853,0.052443653585525433,0.06839724774826744,0.17401067957231542,11,False
91,0.10589415223125784,0.1030995717675826,0.21127773323696905,0.038537370852677354,0.07926397185308773,0.044746156659118845,0.10999454536411346,0.029097335732476432,0.07351580241611268,0.20457335988660397,0,False
92,0.11338606897194024,0.1095372152474592,0.19711658523003228,0.04404773479558228,0.08585203956963049,0.041885103077552874,0.1292128189475695,0.045530037255628195,0.05604500547889202,0.17738739142571278,0,False
93,0.08877688954147066,0.10166071528098865,0.21019266908927922,0.034867523831648234,0.09039555479246149,0.04902032940197211,0.10113283093986901,0.026767563635604417,0.08577932373516317,0.21140659975154305,9,False
94,0.10602986172823685,0.07988355308463231,0.20210385190357574,0.04106732831604273,0.09391813689255898,0.03906274822333244,0.13448218804939657,0.05228521796686345,0.07386166016901624,0.17730545366634462,3,False
95,0.07578585950506435,0.10774606491264126,0.23669225100206395,0.028044367285477014,0.10069249489864894,0.023693275388438406,0.13697095302519316,0.053890358405850866,0.04159450266108718,0.19488987291553483,6,False
96,0.11285493035754778,0.11929581032487314,0.21068323882729292,0.029344546337724216,0.0914371660974847,0.04219449676467862,0.10595231535819687,0.03999083580273072,0.06340802503942711,0.1848386350900439,0,False
97,0.08925224535681509,0.11256554853228148,0.21711540466065346,0.0372384778209362,0.10397080120245718,0.047326850189393935,0.11005553028102459,0.017461731525551114,0.0731544391329456,0.19185897129794122,9,False
98,0.09997437912827895,0.11111511877065312,0.19975452329401094,0.04040757356555364,0.07913681834098964,0.045096754450646565,0.11088814149547853,0.0315386656773742,0.08600999930728118,0.19607802596973312,0,False
99,0.10317301942361803,0.09546537245844457,0.22239138120805005,0.019212991036574253,0.07893990145807972,0.047631948849601584,0.11851335002240554,0.044250404829177914,0.07919627642298896,0.19122535429105933,9,False
100,0.12836797795060373,0.10648950822210085,0.18311552233987963,0.03978160609026853,0.0882963147647081,0.05324662543259785,0.11749915261473799,0.04128301031564476,0.07672526943860317,0.16519501283085528,37,False
101,0.11441290570143026,0.11257294980222456,0.1908909894417744,0.05981859713380565,0.10357996672696282,0.022172859543697753,0.10897003386440007,0.04716233944176082,0.06555726295759232,0.1748620953863514,0,False
102,0.08910845411827954,0.11466016071796142,0.21347006341545255,0.026899004729016403,0.09196822066738398,0.038769208176477825,0.12230816042382414,0.030591733791512525,0.08958520755056391,0.18263978640952758,9,False
103,0.12183731659564333,0.11069244273291515,0.18749409429975544,0.031353288161501375,0.0780931633834068,0.03113079835930023,0.12937272982165923,0.04647743613842873,0.06959128942272437,0.1939574410846652,11,False
104,0.10381002935891913,0.11275470192861434,0.19982363971883638,0.050589383603954825,0.0847351030292077,0.05302364868525136,0.1219083235192078,0.013549204855506966,0.07749659145712687,0.18230937384337456,11,False
105,0.09996029264365523,0.12468972972272975,0.2184429988632196,0.034649718497825735,0.09163706879831901,0.015706599667530956,0.10310336410734962,0.058230871738673286,0.06180194164085849,0.19177741431983833,0,False
106,0.09588244959580804,0.11347652834973807,0.2055907436589592,0.02033286318369438,0.10639623569820318,0.05042664423002697,0.11185048981223447,0.04074449358000567,0.07523155460715367,0.1800679972841763,9,False
107,0.11676061983729225,0.129548569311451,0.18803189504822987,0.03969082390643197,0.08106901193328236,0.044793809060269967,0.11678760897582764,0.03180058419561013,0.06606033123053096,0.18545674650107383,11,False
108,0.11973554541460793,0.10497976626347937,0.20173400885964105,0.03651087811351143,0.07206951298628195,0.032201109741355975,0.12279985907717954,0.03717108825222555,0.07151831958870376,0.20127991170301343,0,False
109,0.11686067640030146,0.0965706219342284,0.1993158788212347,0.05274202590294524,0.07693499381741631,0.038790068648080385,0.12387433879477211,0.049876606898634254,0.05832323650291517,0.18671155227947192,11,False
110,0.08959822325560095,0.11669346249170102,0.19117368099035298,0.056833122019715826,0.0827954181371033,0.04522931816339703,0.10179177181634905,0.040317966176969665,0.0903385549133008,0.1852284820355093,37,False
111,0.07676181721985333,0.11246119486117435,0.2292238013530523,0.03406828045585556,0.10096923622511811,0.04768855099522864,0.11204428659508878,0.023146940284177995,0.06831416606717268,0.1953217259432783,9,False
112,0.0990048616556613,0.12303584567576314,0.20115404946893117,0.024288939664165128,0.09548561471620459,0.04096557617337483,0.1183531655041417,0.026462956145163783,0.07069218336733431,0.20055680762926012,0,False
113,0.10735445283658256,0.09910482275696597,0.2063733910204015,0.02366405707551625,0.08905447744780734,0.04111743333396998,0.13290355051996747,0.03224098724486619,0.06654791294108901,0.20163891482283364,0,False
114,0.09586479243415094,0.08626465100883716,0.2090394809800653,0.05292230878922695,0.10287298920495232,0.022514364312972688,0.1425578626538109,0.04172090257814682,0.06384364802209239,0.18239900001574447,3,False
115,0.09663441146667481,0.11251595018562723,0.20999685023166212,0.04328086546065325,0.0910854408860266,0.038946531045966015,0.11252057164391138,0.03876069474718276,0.07477967589783435,0.18147900843446146,0,False
116,0.10934423493863135,0.10541726502357589,0.19509939134915635,0.04215753685376882,0.09307785630235801,0.03242592629661843,0.12149072087854564,0.0411575617618604,0.06867147492044909,0.19115803167503606,11,False
117,0.095369775402997,0.09173332682557117,0.20609347938678993,0.04819770411627475,0.1037593609648424,0.023687408518051838,0.13109863188388562,0.026115110293073524,0.0705971772326154,0.2033480253758984,3,False
118,0.12302046611208911,0.10556499301345483,0.16205677414926062,0.046150859350660836,0.09708582104664291,0.057007077609603024,0.10742442268782727,0.0408795027264296,0.08368982690275191,0.1771202564012798,37,False
119,0.10471238902363911,0.10148529665948583,0.18991592447622135,0.04676212312396137,0.08018242912532814,0.07161263895345357,0.10412972372642522,0.037504965338446515,0.07764998292296468,0.1860445266500743,37,False
120,0.11884630093298218,0.10991184231896278,0.15438785661903048,0.05578477126363283,0.09827391790722415,0.04958761746630929,0.12235974148151513,0.03390674783231136,0.08913142607923427,0.16780977809879763,37,False
121,0.12385137543620398,0.11294132463497167,0.18108492734124063,0.0411580599019531,0.09174715100215382,0.03875314842679958,0.13250572599795996,0.031444190593954355,0.07339076432578907,0.17312333233897387,11,False
122,0.1151392940674091,0.08961083248308968,0.16802961126961477,0.043446116361911764,0.08765288027236612,0.06322238930896257,0.12364188229869101,0.06344907251016817,0.08529858020236125,0.16050934122542546,37,False
123,0.12419262788936192,0.09966528938865357,0.1779793920509329,0.06328924904018836,0.08942105573957265,0.0435276488978738,0.11735458559580238,0.01761578433648088,0.08429991945441744,0.1826544476067161,37,False
124,0.08934361497553936,0.10495980146960149,0.21273659061989647,0.014140814979662986,0.10382602350150155,0.026651236822596562,0.1494425566127414,0.04217627962057194,0.055582370853022305,0.201140710544866,6,False
125,0.07736048301548429,0.10507765884426556,0.21013592426582486,0.028328263341852143,0.11809970855813383,0.044410740145889964,0.11213259809344131,0.03363606662991933,0.08207104308256795,0.1887475140226208,9,False
126,0.1212353614204657,0.11972120007814792,0.1994716618016717,0.03489167794351966,0.08986558406084005,0.03026069426358328,0.11704093392313614,0.03211652549083092,0.06126473755941623,0.19413162345838847,11,False
127,0.09094348482310573,0.10728825976325268,0.19594914444810402,0.04900625417408552,0.09315042975512439,0.024737343603785145,0.11146263235898962,0.046244156087319986,0.08820003642570762,0.1930182585605252,0,False
128,0.10860743130841795,0.11901487205259417,0.19077731616655427,0.04832235751304615,0.09549058305043531,0.04751475237555653,0.11587050723696078,0.04894268128169706,0.05887133708259068,0.16658816193214712,11,False
129,0.1154766629539739,0.11377636119470814,0.19682278136368403,0.05581711288190981,0.0886132007260486,0.04832915504939405,0.10243482256551921,0.03668137670431344,0.0710646098677419,0.17098391669270685,37,False
130,0.11118244739152619,0.09563209256706344,0.16103518041835735,0.039572028433072975,0.07843757060564482,0.05534997681748436,0.11306918377833873,0.06051689317971376,0.08987180771364259,0.19533281909515574,37,False
131,0.10232493627848102,0.10097133184460888,0.16599450721374345,0.03842015467743184,0.10903094560015639,0.0568673556397014,0.1210084325103468,0.04355847051210709,0.0862823840971067,0.1755414816263165,37,False
132,0.10992482033098619,0.08833231950162311,0.2048808241290729,0.016182846664030436,0.10044954591200565,0.032538317823859284,0.12259844277970569,0.04498811354946516,0.08033976507843268,0.19976500423081892,0,False
133,0.09039886652217623,0.10709246655688212,0.1723154220828903,0.05078551554503554,0.09004950828666228,0.05188827687819994,0.12798249761567557,0.04566040132937883,0.09016428098565678,0.17366276419744245,37,False
134,0.0843142954836744,0.08721243862865029,0.20653414897555103,0.034501856894775175,0.10053840636690571,0.04478077454672316,0.1428957214876973,0.04184139972265153,0.07842583518566397,0.17895512270770733,3,False
135,0.11904558043158205,0.07356223803103377,0.16971055279641156,0.034392139037005415,0.09079680584713835,0.05855060482588453,0.1367944192495413,0.06723743888250608,0.0890091523230838,0.16090106857581304,37,False
136,0.12073653699243957,0.10756078254269133,0.19366303329004647,0.04324887991452201,0.07381784503155923,0.030440137815447847,0.11283237334280953,0.04939927681565357,0.0825922760199028,0.18570885823492755,11,False
137,0.10123626980213754,0.10269360505818131,0.2277892833481933,0.027093793142393897,0.09682766365762538,0.0416734571268938,0.10253792658507017,0.038351103802811676,0.06285733796429364,0.19893955951239922,9,False
138,0.10368171828211632,0.09546352311173253,0.18322096773120694,0.039304822227550405,0.09074322617767241,0.0514025922152081,0.1249862599439452,0.04081054375585107,0.09662348737418398,0.173762859180533,37,False
139,0.12350585788449266,0.1013993112271214,0.1736210358327507,0.059164908197971794,0.09331722820653793,0.06459520266741889,0.1065066290669032,0.025873835323821336,0.07883387181651037,0.17318211977647166,37,False
140,0.10530051321584939,0.1090018038529021,0.1615662766053968,0.05794310459663761,0.08517869109441162,0.07138356218661045,0.10959453932681815,0.050451794525415386,0.08594227116529818,0.16363744343066017,37,True
141,0.10988550130889245,0.10710622328173389,0.18716352464613054,0.03125759924264383,0.08303577041569053,0.05709541974492433,0.12363327452467346,0.025795153830040236,0.09214829188406257,0.18287924112120818,37,False
142,0.12671333659690057,0.0933636687226467,0.19625802755856828,0.03320820673734822,0.09547463705822236,0.05090745391241142,0.12355596910897107,0.03425877151415956,0.08215875659563276,0.16410117219513912,37,False
143,0.10145087701985459,0.10741959483228537,0.1698009376549441,0.059582936783567485,0.0698890867024375,0.07671036086411817,0.11948211532054921,0.042299859111849566,0.0876713554027438,0.16569287630765017,37,True
144,0.10439666530010877,0.0922608365014617,0.19194825783728567,0.05360367748222499,0.08769765961568127,0.05425782078808906,0.11084603754440582,0.0589599742225377,0.0843697234317735,0.16165934727643158,37,False
145,0.13243617606735555,0.10290627377304187,0.18486909154071737,0.05208962490009321,0.09020209044963344,0.05692314138215815,0.11526130229008315,0.03967885392878199,0.068821677929737,0.15681176773839817,37,False
146,0.10936894446772474,0.11676986714859121,0.20665324695627596,0.032062015137515026,0.07391660976445201,0.047151296928575025,0.1268606372437162,0.04338898142644291,0.061277120241105855,0.18255128068560109,11,False
147,0.1166719219984675,0.0813056025033272,0.17315405702662007,0.06358200077490958,0.079102539906842,0.04751703215081982,0.11702057042694382,0.04683847866980639,0.0802107338228988,0.19459706271936494,37,False
148,0.12637969119171769,0.08956714787963398,0.16592371336097259,0.02583295305528243,0.10350671582576777,0.062469015785425,0.11564367336106779,0.032967289483237995,0.08731291248086147,0.1903968875760333,37,False
149,0.10751067799263267,0.10109451658184149,0.1784412655173481,0.04665742885048183,0.10019680490064278,0.06277682005658751,0.09640723514743114,0.03709524154883392,0.08712841757065229,0.18269159183354824,37,False
150,0.11144343073224966,0.11440721594455079,0.17944644704672683,0.020402578856472623,0.10427694772423161,0.05290335129940376,0.12149256593142357,0.030026747608054405,0.07578341042160801,0.18981730443527867,11,False
151,0.11580043522831251,0.09294139724884001,0.18691687852601654,0.04748238041646526,0.10254572558732804,0.04684729279042034,0.1047274183654023,0.027110332543164865,0.09682532289530064,0.17880281639874945,37,False
152,0.11835146475667589,0.08842697476045741,0.17705873845849565,0.05099353880738884,0.08720414777545595,0.061674893711749786,0.1099033859768473,0.04345263069859744,0.07366777207482086,0.18926645297951097,37,False
153,0.1038771082050519,0.08795913122990544,0.1818613650839585,0.04961266230131077,0.09326082333660056,0.0613946921825594,0.12447862827612831,0.04268337593587236,0.07965786718317465,0.175214346265438,37,False
154,0.11512434350438377,0.0874307254198578,0.17788181477465453,0.06466441861186452,0.07730298185095633,0.060792812375240306,0.1142796756536795,0.0420167401103651,0.08232022860950006,0.17818625908949814,37,False
155,0.11539156814925838,0.0918403432327475,0.18141979594108557,0.051063067511095,0.10162166480978418,0.056174724683132365,0.11323848402096436,0.02695492991897702,0.09090215336870512,0.1713932683642506,37,False
156,0.11682150395053145,0.08215703952549928,0.16538848672087658,0.07306370988319716,0.08006798025203374,0.05567453537358303,0.1206439453570842,0.044677332150777856,0.08788549665096233,0.17361997013545433,37,True
157,0.1185692174219673,0.09713419273461575,0.18029179204876242,0.06500220913514929,0.09580547929432237,0.04799444772209829,0.10203878836426848,0.040030102605451506,0.07972576540939406,0.17340800526397057,37,False
158,0.10380813629902419,0.08530066840005121,0.18682651023626795,0.042485255020977185,0.07908612188683743,0.05126303428882028,0.12136283514885787,0.061898454989863655,0.08378239480713683,0.18418658892216336,37,False
159,0.10639150140737186,0.09595804583085622,0.17241502885083831,0.04346165381583676,0.08627047573154166,0.057594648834607694,0.11375256844283989,0.04617023887670369,0.09975189436824916,0.17823394384115473,37,False
160,0.10866778448369781,0.08412527272391399,0.1786518374994319,0.05277035546936455,0.08370333299073128,0.05405845295042105,0.11346214932001239,0.06868476923139108,0.07990622679337968,0.17596981853765636,37,True
161,0.10667230519656051,0.12785248055977239,0.1978063643134116,0.02498532116813977,0.09036979134726152,0.03706966173515551,0.11923546144116803,0.0325870644589243,0.06372046459065302,0.1997010851889535,0,False
162,0.09946101156961927,0.09372705465882858,0.17826809275632544,0.04865738637059898,0.08381599195669336,0.06294950127122484,0.12716136388954044,0.061638815073772994,0.07017366076499633,0.17414712168839985,37,True
163,0.08753935406511602,0.11685612922948872,0.2308792152792696,0.03594008004654508,0.07562956028176777,0.04147622364989162,0.09859172104635776,0.0324892049490442,0.09836503020238808,0.18223348125013128,9,False
164,0.11808900386503964,0.0989967972099067,0.16382779658533933,0.03923405669249874,0.10021557956884283,0.04872750705500151,0.1034068900705221,0.05816069022138864,0.08842986274777434,0.18091181598368616,37,False
165,0.11573903049205171,0.09876854525345845,0.1713433727431413,0.03660028061394607,0.10149437071172306,0.06516450668136692,0.12819892212746792,0.042380969562116975,0.05548478036464125,0.18482522145008634,37,False
166,0.09704111033494704,0.10301856837227982,0.1885184623561168,0.026339397453984014,0.11350829008575218,0.03249452586096332,0.11403132601337959,0.04822323219161029,0.0814141367733147,0.19541095055765234,0,False
167,0.10290373114293763,0.1030449366659084,0.15781938189222025,0.059160145209143006,0.07552530507229434,0.06395995250899682,0.12525249528246388,0.05413865679535462,0.08462742466397677,0.17356797076670422,37,True
168,0.1184298091731504,0.08615822492184222,0.17814506131927577,0.05611901988386936,0.07826967921684237,0.05583796052081043,0.11005646156937213,0.03130743520311029,0.1072566821060264,0.1784196660857006,37,False
169,0.11002801085893676,0.09040219004871422,0.17219366263549934,0.050835460413065574,0.09496230813683666,0.05572236899644981,0.1268224914417227,0.03434121173379576,0.08983957703576086,0.1748527186992183,37,False
170,0.08932341553323431,0.07936596523260107,0.17016610675529392,0.05640566119408307,0.0861723740168815,0.06575942280554796,0.13317861915151777,0.04216233020924472,0.0904908973577212,0.18697520774387438,37,False
171,0.12195057306815012,0.09613134325850727,0.17150124951276688,0.04914264573277634,0.08702841283780041,0.059550095307148936,0.12840070755811256,0.04700406833538269,0.07520730390752141,0.16408360048183335,37,False
172,0.12742036763252848,0.10188093026699747,0.18766085778678732,0.042675935070345,0.08096581773363887,0.04848951029642284,0.11883120203245576,0.043164938756914246,0.08775179455484657,0.1611586458690635,37,False
173,0.10473534858054442,0.08874082000635547,0.18056332220523866,0.052757212571006754,0.07057827322396319,0.0636131120182595,0.12763299094841557,0.05013025934330966,0.08213769328596962,0.17911096781693714,37,False
174,0.09591611967105085,0.11038657097185181,0.19034986448279093,0.04980533056128748,0.0957473519500799,0.049486931202146756,0.11959094965091416,0.02517074982614831,0.10886190352498361,0.1546842281587463,37,False
175,0.09948474520419887,0.10359999445033392,0.22936492009445075,0.02655047106563798,0.09318151324783346,0.03219107419425024,0.10090248454707727,0.05218795917652582,0.08169057524437495,0.18084626277531665,9,False
176,0.1389533815796608,0.08725420696241254,0.18847243566077035,0.03987977596205896,0.09102471513374169,0.053003126517366245,0.1054414921470112,0.02901814688942376,0.0766947326381194,0.19025798650943493,37,False
177,0.10776142413235391,0.10152126693106094,0.1851165297168708,0.05170919331270274,0.08846821973272477,0.07116093894494445,0.12252794383373658,0.02746178805765832,0.0668409932122789,0.17743170212566847,37,False
178,0.11834143661935206,0.10922820397547539,0.18398856594255927,0.05174172332423452,0.09107646689687618,0.05397709207264695,0.1035000363797787,0.025035769534361638,0.0830933231436123,0.18001738211110302,37,False
179,0.11371746374956723,0.08952166558637038,0.1907177654021243,0.04980576494164844,0.11048850218715192,0.05091050469612286,0.10844374258243011,0.032310524410424556,0.07661913543052135,0.17746493101363894,37,False
180,0.10472498214495357,0.09795582232121545,0.19134893685672794,0.04823679798554245,0.07511049359397173,0.06026017584524991,0.13155155795451046,0.050688092193647484,0.0663895135246531,0.17373362757952807,37,False
181,0.10642593789521944,0.09603355234602202,0.20247081471441747,0.01971790360536854,0.10609434381859269,0.02668415801531715,0.14787714344718586,0.054343890229522275,0.06477301552911811,0.17557924039923642,3,False
182,0.10284576585040718,0.10364439190975792,0.18499069878580354,0.045827378240420824,0.0911203065760181,0.05140658377139352,0.11803798982939397,0.05518090720215915,0.0799862561523518,0.1669597216822941,37,False
183,0.12820901039024027,0.10226052382792453,0.1775912391862738,0.03855293318483161,0.08057829373083573,0.05121721180782797,0.11681309262537715,0.03429695943751,0.09609307127801092,0.17438766453116794,37,False
184,0.1290652487262589,0.1006629745697137,0.18276485843962317,0.03612010849738393,0.09347447803533136,0.07647278421700489,0.11448343906693825,0.03406429249800499,0.07609899644975272,0.15679281949998816,37,False
185,0.11670451513919529,0.0975114800656216,0.16445543956092956,0.0575742480618823,0.08913772933141344,0.0548129461934824,0.11933376253370834,0.041699829434653245,0.08520895310185951,0.17356109657725421,37,False
186,0.11974260472590428,0.1156059103190096,0.18649576393224157,0.03910987797550997,0.08289613833069996,0.047320892603629636,0.12792260780275366,0.030677399852703496,0.07102796360948971,0.17920084084805799,11,False
187,0.11291817026548695,0.10140710472598333,0.15769628206184536,0.06459041335160844,0.09587463870882168,0.051524878070202236,0.11208431455026602,0.04326871940064536,0.08007331779552164,0.18056216106961914,37,False
