ID,strat_res0,strat_res1,strat_res2,strat_res3,strat_res4,strat_res5,strat_res6,strat_res7,strat_res8,strat_res9,ancestor,alive_at_end
0,0.12553138098571032,0.10035311677817255,0.11983532964066171,0.10372246594891478,0.0220169800752861,0.14701615066905754,0.0397153222568593,0.18189021363359922,0.15180119599391256,0.008117844017825858,0,False
1,0.1293854895206121,0.11297353494001124,0.11788012739957794,0.11180526220299213,0.01685152995630409,0.1337072013483711,0.04065991852556847,0.17312615799299785,0.15086609925895877,0.012744678854606317,0,False
2,0.13469590524014075,0.10335305678242201,0.1160478376822916,0.10116506473794447,0.015908887484625097,0.13742144213005417,0.03199580348805683,0.1887572452225845,0.16893997037620967,0.0017147868556708012,0,False
3,0.1308786767046395,0.1060106409786039,0.1115738322838324,0.11793903952279103,0.01683914387802596,0.13590254210272798,0.01530672445162351,0.18046334417217003,0.1683998468777452,0.01668620902784057,1,False
4,0.13073730930905414,0.10125807951437833,0.11878449738174857,0.09373222334861153,0.028927700094945573,0.13811116307228832,0.01421384067228366,0.18331355522280318,0.17443737738239423,0.016484254001492442,2,False
5,0.1328551118121614,0.11052087399770981,0.10996829594376338,0.1148152494192873,0.020373525320345042,0.1311310908096226,0.005162548767494023,0.1964981808309243,0.1531176899173605,0.025557433181331572,3,False
6,0.11927344177733241,0.11259901464235873,0.1090986751078142,0.09709087888946268,0.032694054676809615,0.1314916819682268,0.029453421187383828,0.19373652043101003,0.17456231131960173,0.0,2,False
7,0.11084600531619006,0.1190111317669557,0.1255312520180775,0.09962242568920379,0.011954840138048449,0.16031213220391394,0.02933391110899545,0.20004453850613194,0.14334376325248321,0.0,0,False
8,0.11810558358991276,0.10149768130762449,0.10918210305074465,0.11595206573097386,0.014813104658494678,0.13891104177782002,0.061160476538094685,0.18514844003013095,0.1398300866166897,0.015399416699514239,1,False
9,0.12006263718055786,0.11470127589169116,0.12528803535882244,0.1044909471552813,0.025263790853467787,0.12680374091135477,0.049083667503347105,0.18677206488360248,0.14753384026187502,0.0,0,False
10,0.12871220482419135,0.11794294739482303,0.09381748300382936,0.10943576775019825,0.023960996690250022,0.13970005478226005,0.05059403879157583,0.16723888234250034,0.1544393825824249,0.01415824183794692,1,False
11,0.12633710757804364,0.11194971710121789,0.1256941056193762,0.10415641708534033,0.038538972056378,0.1285665929920663,0.038135560275944794,0.18589302592701046,0.12696609260993882,0.01376240875468361,0,False
12,0.1398776696375939,0.08866362216477554,0.11613736530278176,0.11242606527290243,0.01151625846931098,0.15397564352290605,0.04451526597289226,0.18220915648950417,0.1506789531673328,0.0,0,False
13,0.1196741465187903,0.10909462769753814,0.12022846364830848,0.10765573402683819,0.030477305695531136,0.13606275365954285,0.022903401204995722,0.18847842979885338,0.16507101614389555,0.00035412160570636337,2,False
14,0.13363866768216826,0.09620167863464349,0.11041184685341872,0.11462941865664113,0.014695403255542283,0.1377546001312449,0.04407377338584261,0.1853635344661359,0.15076876808427694,0.012462308850085793,1,False
15,0.12946368530661487,0.11540291953556626,0.10523397417419277,0.10174696783155497,0.015753176798083635,0.14995393898454096,0.008938521785725942,0.18055368801248292,0.16294891598419622,0.03000421158704148,3,False
16,0.12582316833301005,0.09034827834763393,0.13434942756285465,0.09308923103972591,0.018299430820989164,0.14346872727605461,0.05431267366257506,0.1868938493940016,0.15125647660788033,0.0021587369552746385,0,False
17,0.13447753179466035,0.10406855486721382,0.09924860136600022,0.12455011736313447,0.0,0.14639517490473955,0.03356832908244633,0.19286373142019772,0.15373719862790308,0.011090760573704528,3,False
18,0.1333218667223214,0.12342053743138055,0.12505418965710108,0.11403570418640131,0.006379609646579732,0.12849128197532247,0.01731377337060854,0.18648194754602274,0.16550108946426212,0.0,2,False
19,0.12520514568347688,0.09808233773569192,0.12951876131738035,0.09596374273499911,0.001569710738047561,0.1591762449227675,0.052718074425095726,0.15729710490440016,0.16462082517310664,0.015848052365034192,0,False
20,0.12996404330015549,0.10923647441476471,0.11156672035047735,0.09589498949205912,0.0214830677040257,0.12689079791597652,0.025042912240640817,0.19095869012219274,0.1662686018971508,0.02269370256255689,2,False
21,0.11975067904090073,0.12242931356235164,0.08370784774778917,0.12679648010078953,0.02432449044049515,0.13002075601171142,0.07528880664090193,0.14911257984577153,0.15575943296855066,0.012809613640738123,10,False
22,0.11800334081335802,0.11227209594525737,0.11768111511252455,0.11973970259177526,0.004051203623069179,0.13996057179985746,0.04309880461063679,0.1717046930671556,0.15634947724581993,0.01713899519054581,1,False
23,0.13797148736624285,0.10671590866093977,0.11695693569263756,0.1183664079041765,0.02291768593965382,0.12683193207223148,0.014575422665389932,0.17926992119332674,0.1485728767162746,0.027821421789126655,5,False
24,0.1300962366223595,0.10756580952421578,0.1083647003397486,0.10037920645980389,0.009200614006168352,0.13942167060814228,0.035298145808293165,0.1767274677843497,0.183889357290359,0.009056791556559807,3,False
25,0.14275875307255995,0.10192142377967023,0.10266397001750906,0.10923022234003733,0.0318994094462537,0.13160872797215686,0.008215668033588037,0.18692716708549392,0.15929277313318171,0.025481885119549224,5,False
26,0.12598900072422847,0.11870582862682309,0.12189735539067247,0.10574891045052842,0.03714931802387147,0.11708370301288124,0.03838836502279335,0.16767001664323886,0.14809196771563568,0.01927553438932691,1,False
27,0.13644313647183529,0.10735762374538363,0.10769067991987911,0.11965110889997765,0.01672505681420692,0.1362709409819455,0.002531727309987732,0.18066906109659464,0.1690346234017076,0.02362604135848188,3,False
28,0.12005156104213359,0.11515795286269966,0.1218100655267239,0.10616326011114394,0.03286985846125875,0.1319552603559643,0.038107353795021205,0.1699562956658639,0.1591125654282247,0.004815826750965953,1,False
29,0.1376313609376927,0.09368522288506506,0.12824921565376543,0.09487666609730651,0.0316249340860944,0.1526651849140999,0.028528115971309796,0.18475434544551983,0.14798495400914632,0.0,0,False
30,0.1401681135840686,0.09358739364415586,0.1151024119363421,0.10608753196808472,0.01938855975491122,0.14285815100097826,0.04855715832715765,0.17525488235023284,0.1589957974340688,0.0,16,False
31,0.11559230594755937,0.10319126259017047,0.10966789381475775,0.09582195050473075,0.039250160079252736,0.1146059181123891,0.04087506833445384,0.20317838590925924,0.17781705470742665,0.0,6,False
32,0.1239487975916858,0.10297127835152421,0.10867924563206917,0.1060819099732139,0.01751394145851164,0.15441061518675642,0.051971585167585946,0.17154303029777015,0.15239751076868485,0.010482085572198103,0,False
33,0.13671979799024211,0.10523899268073217,0.1143593725147763,0.09505080392804836,0.01533687298374328,0.12604832872390365,0.07594284285330125,0.18168412628762556,0.13485309267212633,0.01476576936550102,8,False
34,0.1450589840691291,0.10881030624137199,0.11554222313637791,0.0964807720957928,0.027149627964023038,0.12953306395034256,0.03167054984962983,0.17646611777830296,0.1663540115261064,0.002934343388923475,3,False
35,0.12116659039708078,0.10332431993343386,0.1100920909070457,0.09731208378446785,0.009981721909278157,0.12782167510577525,0.008301416499598245,0.20945658152678864,0.18058567705550455,0.03195784288102707,4,False
36,0.12394719208523858,0.12121611736053427,0.11271949151704538,0.10870831158529964,0.02188370567951574,0.13787322160319657,0.029344317859067028,0.19663158173837492,0.1476760605717278,0.0,6,False
37,0.12342424478623033,0.11061545354602627,0.08828175712140227,0.11412649127216987,0.02040908642857185,0.14968361092218857,0.009312771843298371,0.187599574457013,0.16414027402804135,0.03240673559505818,3,False
38,0.11268697991551473,0.1223519980235411,0.11159666015991247,0.12271868733786297,0.028552396621864793,0.15522311164325778,0.037602273944354316,0.1870802079537106,0.12218768439998123,0.0,7,False
39,0.12022777395791294,0.08956766751432287,0.10637303030212103,0.12179875406445982,0.01698440345972662,0.15676202153609675,0.059475596570799254,0.18208688546162974,0.1302605152593425,0.016463351873588578,8,False
40,0.14223756517450176,0.08909938809426121,0.1178047647828977,0.09889836880809236,0.03977832320529532,0.13968461768506887,0.01800955229365082,0.1692949833189504,0.1620514024071127,0.023141034230168812,4,False
41,0.1334758297571103,0.11977963834615464,0.12245680805447794,0.08428338726599506,0.03464339100458533,0.1357024920094665,0.0446185512554728,0.15621995732526056,0.16220290494631176,0.006617040035164935,0,False
42,0.12857433782189057,0.1026885329769954,0.10876009560546464,0.09997444866091577,0.02223771777654902,0.12993213414639396,0.021776723223876648,0.2001312815682755,0.1859247282196385,0.0,6,False
43,0.12913718412568884,0.12157912088288259,0.1195069676281848,0.1237765376966955,0.013727685051407175,0.13293976078418585,0.012128900243292353,0.18765137432717308,0.15102560214828384,0.008526867112205995,3,False
44,0.12164298291546266,0.10655433014997315,0.11828957616427462,0.09753253415820087,0.006777927839908329,0.14623821502998108,0.04617002141906887,0.1811629886565599,0.15518571109479642,0.020445712571774053,0,False
45,0.12440098648936222,0.10613497342711999,0.11538679440043742,0.1064588135898951,0.0177946260697178,0.13387277777894235,0.03340711844977508,0.18700070579220712,0.15631807928610933,0.019225124716433565,1,False
46,0.12392245563908631,0.10998586175991527,0.11671400573108597,0.12010146872373438,0.013418697185971528,0.13481344881515178,0.03793197447761069,0.16961867329999195,0.15405488001965884,0.019438534347793423,3,False
47,0.12782929986738878,0.1150142475493082,0.09639713625586914,0.11548715499449957,0.025319816732018326,0.14307651983371925,0.024251341046840576,0.18110743336031437,0.15697280102195382,0.014544249338088046,10,False
48,0.09981102336339613,0.10718592696192268,0.11276873258635178,0.11024308411815635,0.03330690924463645,0.12213797158257751,0.03366013277477589,0.1792214469449544,0.179186437220097,0.022478335203131805,6,False
49,0.12113156382580471,0.10781811824775189,0.09985666937284982,0.10932413664372051,0.022923526346809005,0.14940282226655432,0.053763242307424984,0.15856138825258542,0.16302031650365373,0.014198216232845645,10,False
50,0.1314446510473343,0.1269965054839755,0.10308986428333117,0.11202297062539199,0.026979114983068486,0.13664065757196786,0.031246140775297724,0.1772333299267403,0.14587660238804148,0.008470162914851314,1,False
51,0.12337128244002521,0.11084620014140147,0.128132967914429,0.10126049843041138,0.015738008978328884,0.14753187130384693,0.033981395293060865,0.19270484416974576,0.14001506299099603,0.006417868337754536,0,False
52,0.11600279478652875,0.11427603206127883,0.11497589882953878,0.09855232388886435,0.011339508492529776,0.12148965004528899,0.06763674365502564,0.20098113291162883,0.1394943213369453,0.015251593992370756,8,False
53,0.12172930675879327,0.09523415937486059,0.12157502063189252,0.12349282178868537,0.02844478313356114,0.13472095563950917,0.04259568958188315,0.1936707718268369,0.13844887178829576,8.761947568204008e-05,8,False
54,0.12979116931140927,0.11137992438954165,0.10284191942266489,0.11447644231550701,0.006138232258676508,0.14326437163347158,0.05071758661877463,0.18791730824132938,0.15347304580862509,0.0,10,False
55,0.12223253783426713,0.10128808234778001,0.11823206434612205,0.08262675484886033,0.023372596845929704,0.15137441600044235,0.030418858489891634,0.20076435043112112,0.1635601894723163,0.006130149383269308,4,False
56,0.1121444137491056,0.09732535832740134,0.1082101148285973,0.08982584405421072,0.03448893568346466,0.13820234605760898,0.036152238639543414,0.19180375600664637,0.17397959039342495,0.017867402259996872,4,False
57,0.11869756873062588,0.09741702406668724,0.0859755840058632,0.10912606842086396,0.024459159889918265,0.14354634643142442,0.07047897775975724,0.18509805410705177,0.1431545842866662,0.022046632301141827,8,False
58,0.16760570683228568,0.09269236716365196,0.11535565050670238,0.11460029190162709,0.011777376132236835,0.12588860471218316,0.0036178734152322966,0.1897521827840785,0.1523202831777559,0.0263896633742462,5,False
59,0.12220407381352959,0.10125976395417347,0.11360420330995638,0.10757856994171948,0.0012257621980572163,0.1363038311820344,0.07532624997773013,0.18790041126437412,0.14028478271914788,0.014312351639277325,8,False
60,0.13924942030345713,0.10320792404550298,0.10073843539397755,0.09694534316307006,0.017448670503387165,0.13211675390367927,0.030667861222355812,0.18523860692533273,0.17699730356435886,0.017389680974878495,4,False
61,0.13481772546902387,0.12248513229004927,0.11799646249741116,0.11345237867079169,0.016413320101338308,0.12582187756113578,0.035405118259462826,0.17546754340186566,0.15553306959638852,0.0026073721525328676,9,False
62,0.10825021265316488,0.11531758622223627,0.1315090017205336,0.11511787959327471,0.032515856796095935,0.13455900454089,0.015054048237691027,0.1680285619697788,0.16826186547989183,0.011385982786442891,1,False
63,0.10330014407494381,0.0924933320365999,0.12579210292833629,0.11324962009125566,0.020338147184584654,0.14171655065380898,0.07096719325009505,0.19798695865131577,0.1281577102919396,0.005998240837120356,8,False
64,0.12618660527866665,0.09498347558123592,0.1120895911056032,0.09647829533624878,0.024451807023940033,0.15609056960991968,0.04912233537179831,0.18173729797707175,0.14945865181868975,0.009401370896825882,0,False
65,0.13574584513989574,0.08861907458472303,0.13579376032096596,0.09913532925593325,0.007455215309528109,0.1477978772992497,0.03369527661726393,0.1826293325642368,0.16063549862417212,0.008492790284031347,0,False
66,0.10692284185228168,0.10081681930409483,0.11707471122461684,0.12102496789360609,0.010524851404882046,0.1423538721991323,0.051852735249801676,0.19107418490582193,0.13368793440250154,0.02466708156326112,8,False
67,0.12185870360075904,0.10673562284983057,0.11627847922031836,0.09303933490858152,0.03287016164291527,0.15310848986007106,0.0,0.1826675983580182,0.18580341565683578,0.007638193902670163,4,False
68,0.12286890036747693,0.08618789925467917,0.1357479224991513,0.08479060443640311,0.04120964588802989,0.13282763931535788,0.023098228463228485,0.1857960129973269,0.16807139059123066,0.019401756187115596,4,False
69,0.1291224126691558,0.11394791455807193,0.10354916190802359,0.10805695241526381,0.0372708351110834,0.1143523487121521,0.017045018106147416,0.1961924601813039,0.17409061970994302,0.006372276628854855,6,False
70,0.12768955125071677,0.12431223365003136,0.11235185209817435,0.13253967947544906,0.0035247067553722403,0.13188265527574036,0.0,0.15799087310037516,0.17646088038643162,0.03324756800770904,3,False
71,0.11997619986594682,0.11360937018767217,0.12663537536567404,0.09174330689824538,0.011809341802672206,0.13655226351056104,0.03039414354358507,0.19824905417119207,0.1710309446544512,0.0,6,False
72,0.11735632081914985,0.10299667175214451,0.11360297828133756,0.12281059056976727,0.007568724237298959,0.12558566515485312,0.0654986000393485,0.18158237071022365,0.15401898821027926,0.008979090225597341,8,False
73,0.14558051418520904,0.10693893706029851,0.13289983098993635,0.10645251730291565,0.007259438194522094,0.13860255082603878,0.013637067214692098,0.18392014308271104,0.14873581118525012,0.015973189958426323,0,False
74,0.11696006063859797,0.09884440178645704,0.10504344866097422,0.11160408511040941,0.029316360456729015,0.13558043771808412,0.03659064446383417,0.18474092333781755,0.16741375751083434,0.013905880316262127,0,False
75,0.12498554732811044,0.11349419073586699,0.11915672778523467,0.12080423612138763,0.003355717827537029,0.12473651927066759,0.0395708778267532,0.1802430817364371,0.15304538770326914,0.02060771366473615,1,False
76,0.1158510554131048,0.10130022847023183,0.11556427617556311,0.126195912272734,0.020587727365161335,0.14282561550902884,0.05749947017745371,0.1688065807972875,0.12884392050423119,0.02252521331520379,8,False
77,0.12161509934022272,0.10814749568796561,0.10021658068436139,0.10475572933092292,0.010719128527992457,0.1473750813325751,0.0736236896752823,0.17434544483042808,0.13103522659831907,0.02816652399193025,8,False
78,0.12648688576437978,0.08084551141950333,0.1159209836144164,0.09429149482523613,0.008808416867814053,0.1753588178493006,0.03573649398188956,0.17589625788145305,0.16872102757698948,0.017934110219017533,0,False
79,0.14160196933464625,0.11405326956844748,0.10907485152214684,0.11732748982282709,0.014711609424084966,0.1435219415089258,0.04014315921118069,0.16376290297784776,0.14086527574382302,0.014937530886070102,1,False
80,0.11511576294936965,0.09863515769934289,0.12518730270076048,0.08550498438025317,0.034711357964739314,0.14721329141090986,0.039676283664677944,0.1724887847319405,0.18146707449800617,0.0,0,False
81,0.1626743315836643,0.11039107498972356,0.09417962540992032,0.09718567732101357,0.01283089867313691,0.1354490951367391,0.040944689041571954,0.1700598348938468,0.1542033269833158,0.022081445967067702,10,False
82,0.13416846075778902,0.10600356174387357,0.09277365126563158,0.11250341701200828,0.0,0.14308432756152378,0.05299726225613004,0.196277945720134,0.1436575292530884,0.018533844429821356,8,False
83,0.10640039049512294,0.09912033599515471,0.10890154180540183,0.12618006272361307,0.007973988997411943,0.128768671825241,0.05902868942317053,0.1986107357564939,0.16146633950853898,0.0035492434698510943,8,False
84,0.11305243539559824,0.0986711497411699,0.12503791012213922,0.10109410784869616,0.010965292100102594,0.1516222607794076,0.04141356171676049,0.19094432823878504,0.1671989540573407,0.0,0,False
85,0.13094807694470112,0.10953344680299992,0.1215327217796602,0.09895721503654716,0.031467939389320555,0.13641601410551946,0.024391674233557994,0.1655844927866548,0.16797303096821334,0.013195387952825578,3,False
86,0.12947664925205554,0.11361461336292214,0.09519197291074168,0.10395535875604518,0.02732839065327159,0.14649079162548426,0.042096174630230215,0.17590545225762197,0.14340122985445894,0.022539366697168443,10,False
87,0.12104621898455215,0.11418832680937037,0.10383579312837646,0.09909346940473086,0.039623957016636735,0.15551116591501749,0.03581218104171507,0.18104505450099664,0.14608807917220532,0.003755754026398832,0,False
88,0.1200982814538719,0.1279307928324083,0.10122936240536977,0.1063821115116324,0.013836589792793674,0.12334945614865413,0.052935421905589045,0.18084094188474575,0.15197799989284314,0.021419042172091833,10,False
89,0.1255268095588938,0.12220730499064617,0.12376796604035355,0.0925385061184513,0.029366143677717383,0.1383854352585291,0.01680875063640249,0.17687980185901164,0.15752641626847824,0.01699286559151637,4,False
90,0.13096774388268206,0.1056971120218002,0.10737948391833281,0.11565765376307655,0.011412660950353834,0.1476212259899385,0.009566080061640163,0.1736352997687662,0.16168112101252471,0.03638161863088482,3,False
91,0.12379653835790325,0.10166324728407229,0.1101989143222943,0.10036959693773716,0.015658966945688194,0.1431391823114018,0.07072234363591316,0.18310969981926972,0.14477733945467605,0.006564170931044196,8,False
92,0.11428337510926172,0.10951801051216634,0.09738558237742531,0.1323694319293715,0.0028357049227077727,0.14528474322367188,0.05960207995801704,0.17658476489736677,0.15069640247088842,0.011439904599123103,8,False
93,0.13736474642966534,0.10706960962456613,0.11403921180471198,0.1208498298881364,0.023386798828342402,0.13580229142908173,0.04880773696063002,0.16545117516553798,0.14307888512383587,0.00414971474549212,0,False
94,0.1278478452882806,0.12422235191021055,0.1024100231815601,0.10735687178053988,0.029067109366392334,0.1089782227469658,0.013453228817995013,0.208411797117459,0.1656978431883821,0.012554706602214638,5,False
95,0.12055067282102867,0.09724384056334122,0.10906882094097228,0.10156411336728895,0.01303586745083812,0.14725389336020342,0.06593974871963812,0.1865078501604543,0.13452477304726787,0.02431041956896729,8,False
96,0.13683596307247214,0.10619307480448836,0.13758210677917682,0.10564812871738778,0.02006369106871678,0.12727543187438847,0.009092019751129101,0.19459359321391176,0.15892916743335192,0.0037868232849768892,4,False
97,0.15340883229036725,0.09035665622351519,0.1098881439728123,0.09702259209388751,0.02051433636971151,0.14710789480746383,0.008715684415623766,0.18306699866651965,0.1717506800071229,0.018168181152976186,4,False
98,0.12755394009294524,0.10733047835976327,0.11320551489261954,0.09382079920562547,0.04944568328583443,0.13476203277029247,0.010873644685855742,0.17333714395391991,0.17836664377558106,0.011304118977562876,4,False
99,0.13395919196872474,0.10324797927072246,0.11907600156568969,0.08803227226013684,0.02167246828368224,0.13508775027626013,0.007057389585297227,0.1914637844417799,0.17802964835977617,0.022373513987930617,4,False
100,0.12498989007811645,0.1215352038839629,0.11981089359094468,0.1213909062655291,0.02242347460280375,0.11361192707509678,0.03320354447209001,0.16128970022889216,0.15922862060635115,0.022515839196213035,1,False
101,0.13823217300776605,0.10559344928264988,0.09127748968988621,0.10222968828148069,0.021673082543563264,0.13730394747763353,0.05406762647945374,0.1660612067773426,0.16641273353875846,0.01714860292146555,10,False
102,0.1266072478388126,0.12031422706588327,0.12563316646657968,0.08971336437844676,0.0316232610788722,0.12326420620347743,0.018998145480805192,0.18093930124414892,0.16169152971508946,0.021215550527884493,4,False
103,0.1356793828361581,0.09364410750983171,0.12300763065000772,0.08542895988713697,0.04812159056781933,0.13239507311105328,0.015103182786395917,0.18252811920332235,0.17181753967648844,0.012274413771786168,4,False
104,0.11658092825323511,0.07568152541312866,0.13618768994624866,0.09925270729455352,0.03377706585743321,0.14305353583777827,0.009897224238376672,0.17223332294797336,0.18961936396247886,0.02371663624879366,68,False
105,0.12006124455871292,0.10102312144559648,0.10801830430971589,0.11670648543529355,0.011339133183032358,0.14150651016716753,0.048383602150166925,0.19117555116428225,0.14148327187179274,0.020302775714239288,8,False
106,0.12674952769413683,0.08650237757831206,0.11844793763999059,0.11901761836851105,0.012393085732345965,0.13184405370349295,0.06660101428756068,0.18269790082841617,0.14769710568465044,0.008049378482583459,8,False
107,0.13811746262932348,0.1067822060036778,0.13653319686265994,0.08814756824418177,0.027713279151919828,0.13135235322419245,0.0,0.16944954115227515,0.17663103729172125,0.025273355440048304,4,False
108,0.14555474795537507,0.09625147696305661,0.12354769312754248,0.11468148731184084,0.0011237819898250985,0.13450828096412146,0.006720273186083494,0.20342352371526776,0.1411293649298744,0.03305936985701272,5,False
109,0.14671190989531935,0.10675387323016525,0.10252682327638556,0.10004593082493814,0.02207940893764798,0.15111132675844485,0.023368632093746837,0.16944064149005592,0.16298805933771196,0.01497339415558416,40,False
110,0.13157207007682437,0.10578069506812617,0.10545026889573644,0.1069160040662321,0.001231995983865694,0.1327468002141682,0.06087353618183613,0.19084072485922185,0.1389819008946847,0.02560600375930419,8,False
111,0.12144435893930598,0.0963171958032543,0.09974223118252329,0.11608013423218252,0.01718444690114018,0.15546462549356294,0.0594840696410168,0.18879664111597932,0.12860886063719582,0.016877436053838835,8,False
112,0.09699275978396907,0.09948243427643468,0.11735994001740543,0.10575006380223781,0.0467316872769584,0.11915184014545552,0.05536012943462804,0.17289425820224005,0.16859880373368885,0.01767808332698213,48,False
113,0.1215512409736427,0.11438259105387323,0.10957188222291599,0.10649472022771866,0.020299472284355143,0.1246460818350009,0.031755490821048914,0.18835038891277145,0.14988725624234975,0.03306087542632324,5,False
114,0.14056239100635062,0.11148784078933584,0.1045097767430954,0.1088217795936763,0.01825316668554498,0.13259728608735488,0.004053567198095163,0.19090933011571165,0.1579052172089805,0.03089964457185467,5,False
115,0.13423563257968657,0.12435886303139482,0.09291731973562424,0.09845209935868121,0.053197995276676645,0.13492764750135489,0.03710206306125585,0.17153495223320256,0.15327342722212325,0.0,10,False
116,0.13189764226357023,0.11009012809855623,0.11479182624028562,0.10087464169522012,0.028449772174536755,0.13796030787439154,0.015883963221627908,0.18647300681764323,0.1491473003153297,0.024431411298838645,5,False
117,0.11105845019764417,0.11276221870620183,0.09051970226729633,0.11445490623546264,0.02233236175652386,0.13064396438603026,0.06421251910970412,0.1918086621430504,0.1360197400825067,0.026187475115579808,8,False
118,0.1276165680624109,0.11105176274536277,0.09402559406265318,0.10962012806327637,0.042261266104094086,0.13439377349253065,0.0462394085194933,0.16755436079810843,0.15199302636720138,0.015244111784868937,10,False
119,0.1168001083372748,0.1021640632614894,0.1257356047055586,0.11012201784406361,0.03058331799594984,0.11873698799085591,0.038658030516709525,0.19291918845401018,0.15500256778446186,0.009278113109626306,1,False
120,0.12609504722189377,0.09940088210139689,0.11717232178563099,0.0994008367854751,0.027533818147198734,0.13104476159667777,0.019611373475496862,0.18037894151949738,0.18367118384826975,0.01569083351846259,4,False
121,0.15471378951588388,0.07405154614749153,0.1066084488386135,0.10990470647272149,0.0425391436356556,0.14383883039695114,0.019560336295636152,0.16865924205022811,0.16077541651857477,0.019348540128243844,40,False
122,0.14284375316892192,0.11019773897033405,0.11759356179854666,0.1166329381021389,0.03405049032437145,0.12455982184237689,0.0,0.1783170961423855,0.15777494427828007,0.01802965537264464,5,False
123,0.11682827339291872,0.10973870041143866,0.0976679860862927,0.09817804532651124,0.03478130763196973,0.14817829908591557,0.019454881032738836,0.19467752989961126,0.18049497713260323,0.0,56,False
124,0.1313346831615737,0.12862679658863158,0.09424354334559483,0.11807900514935304,0.01270171389305177,0.12676745479334867,0.019582150169879232,0.1866780554448062,0.15440860236599616,0.027577995087764758,5,False
125,0.13623143248791522,0.07989981650549276,0.1085399984543641,0.09803311048966239,0.02908199065030775,0.13903397608713652,0.02386514776646163,0.18120367965657122,0.17672806293606053,0.02738278496602797,4,False
126,0.13576672209645152,0.10984341147185996,0.09941065989454982,0.1339559427446152,0.010180338209622398,0.13004993566132744,0.01239798889496911,0.19197084853315277,0.1566910362220356,0.01973311627141634,5,False
127,0.13765289368113257,0.1019470760610784,0.122978780785504,0.10519353303547684,0.013880544953006701,0.12513576742745022,0.0007590042595060823,0.21339703530089504,0.15033295347661887,0.028722411019331196,5,False
128,0.12353375063741888,0.1064167627976395,0.1096859755938616,0.12476840468793808,0.03853074993100732,0.13261068984136967,0.0,0.18983195100734257,0.15501629956475993,0.019605415938662527,5,False
129,0.1339331763485792,0.11622181342571547,0.1027704322529195,0.08328262451133854,0.019023161432525984,0.12761613671608998,0.031948957006971,0.19661119345115677,0.17971635267948982,0.008876152175213696,4,False
130,0.1326478224556529,0.10374575206624742,0.12973714790502758,0.10212528742878468,0.02986175388755543,0.13706447497258226,0.0070553709454298915,0.17065412719349052,0.15894151461099706,0.02816674853423225,4,False
131,0.1309988400201422,0.11922684486092545,0.10310836338567364,0.10025829440100817,0.0337081979589193,0.13071648455793822,0.0,0.19264282499512095,0.17656954433260258,0.01277060548766952,4,False
132,0.11113425866401723,0.10307886112914307,0.11405266490422471,0.11775505321884276,0.03784884243182038,0.12932439376957564,0.0029692656246916712,0.21362623510299827,0.15304951752748835,0.017160907627197974,5,False
133,0.11900705394194071,0.11771209551962572,0.10733676584205315,0.11725149668601921,0.026588481451874472,0.12674372818569088,0.06543858531483207,0.1554880748650661,0.16443371819289765,0.0,10,False
134,0.1433410933046873,0.0694534705537496,0.1183048673952715,0.12117034236694614,0.04651583715497697,0.14580245287143995,0.0,0.1691636741819268,0.1559738924849593,0.030274369686042593,40,False
135,0.14899739878616175,0.10604232772563903,0.10623232853947481,0.10432077221090459,0.02012567723988795,0.1300589912062708,0.009302218516534604,0.19212680898412604,0.1454737229493726,0.0373197538416279,5,False
136,0.12261892164621659,0.09338127292030478,0.09372747794154108,0.11429669834041245,0.037021311755837956,0.14007535969804932,0.06667491403996098,0.1652057209826337,0.13290361425954603,0.03409470841549709,57,False
137,0.14718542735512535,0.10603512186785588,0.11966372283770794,0.10733395134914935,0.0038093695200195885,0.14208143237024265,0.010570238736809946,0.19493352800897418,0.1567629074137356,0.011624300540379622,5,False
138,0.13299071560458173,0.10878575688530721,0.11159712693153492,0.10743234198670429,0.06888270440825744,0.11145746766046372,0.04264595963826826,0.1504655513755899,0.14398311135254435,0.02175926415674835,26,False
139,0.14283081434664557,0.09192871504080717,0.10345625904614626,0.11196902886447213,0.035671038956370804,0.13842882179003815,0.0,0.19076465398036135,0.16536916925513992,0.019581498720018686,25,False
140,0.151108403297112,0.10132887178659862,0.10036586265978709,0.10305687941550902,0.03396478140069788,0.11817812258853636,0.03647602354094092,0.19139422479566207,0.14438357898181473,0.019743251533341312,5,False
141,0.13772628282388252,0.11628315686520321,0.0985649612016718,0.12680756123108877,0.0071130890696820956,0.12746859042827796,0.019324202661369666,0.1920340170092429,0.15563460724876135,0.019043531460819652,5,False
142,0.13445437505867322,0.10198605377564483,0.10951643491031368,0.12040676294337281,0.02844229489595963,0.12593323330314318,0.01204493016236717,0.18268629208239506,0.1543782732336273,0.030151349634503194,5,False
143,0.1559107398500743,0.11508309259579251,0.11729301382623415,0.09222726594717663,0.0,0.12978624468172284,0.005417224023755772,0.18483345211745372,0.18752228069203694,0.011926686265753293,4,False
144,0.13816582504896843,0.10780527401377873,0.12506081701989022,0.1185778984573591,0.022212360068070126,0.12409259065207527,0.0,0.1885875282749297,0.14905347804938493,0.026444228415543523,5,False
145,0.11328485298694105,0.13863353030023257,0.11850797509275922,0.11759514189529374,0.0343909851836775,0.11475848872797392,0.025313825045408442,0.17174495408186985,0.148147380913427,0.017622865772416604,26,False
146,0.13530871288474833,0.13357192152843828,0.11813524127384588,0.09709576216130575,0.01822727215975762,0.12738757557907004,0.003218646191573504,0.18957897999671386,0.1528687520597429,0.02460713616480395,5,False
147,0.13234898853729546,0.10473030732268018,0.11523504337914404,0.09896120602997796,0.014558753823590636,0.13439154795714015,0.020017018210670486,0.17787093675281912,0.18720485256787364,0.014681345418808308,4,False
148,0.12242532321813575,0.11882730015250009,0.10534286848128163,0.11344631679075474,0.020002785027531046,0.1324444204653296,0.008068240383498976,0.20985817440031534,0.1486588278391588,0.020925743241494005,5,False
149,0.14790626686177,0.09354103775802707,0.10868811401710934,0.0855987003191137,0.04073926792765826,0.14800246743617862,0.021353327679830815,0.1699702835754456,0.15924348313942757,0.024957051285438823,40,False
150,0.13365202314071437,0.09989119838230158,0.12663959248868475,0.08460147271427708,0.037018500671477,0.16024617070128036,0.0008445960945310302,0.1751324102914867,0.18197403551524713,0.0,4,False
151,0.13588571044645645,0.11423047263661752,0.12568891383420508,0.08673715914981579,0.048579693466317186,0.10338008485720863,0.04902275518217158,0.1707702604213225,0.15146512593055272,0.014239824075332514,26,False
152,0.13859055050498353,0.12316227905725738,0.0983821436338491,0.12172714468864397,0.027306489496753572,0.12682491579896848,0.008672619284800375,0.1988396890206881,0.14936542041884227,0.007128748095213102,5,False
153,0.13716287327124582,0.09145758850487558,0.11582772005181463,0.11907256946833791,0.0,0.13244685928594968,0.012257712083136462,0.20952919595418332,0.1621863284658999,0.020059152914556743,5,False
154,0.14722263637736166,0.10772465955942939,0.11598668827585747,0.10124336820069599,0.014136703249873884,0.1324100269259107,0.009447267131476774,0.18816961890801345,0.14224694942776356,0.041412081943617125,5,False
155,0.12813500670868025,0.11597396538938179,0.11655645029896192,0.12345468352379177,0.011953278051616759,0.13706534335529869,0.0022617662259244204,0.1868735426221194,0.1648588480743631,0.012867115749861971,5,False
156,0.12139348981235716,0.09187339360862898,0.12094987214796112,0.0838861134845412,0.019508204745979148,0.13924709362217727,0.04204454442361873,0.18912460518034416,0.16746136724119645,0.024511315733195774,56,False
157,0.11409540297547531,0.11150686545963599,0.08628199329225474,0.11482922806577013,0.028166743756363133,0.1531085099172107,0.0,0.1834762503931164,0.17016658900241674,0.03836841713775689,37,False
158,0.10141542333955661,0.10033827878848665,0.10946706261954067,0.1237417042385667,0.04239028217163957,0.12467277593822601,0.029335435755048087,0.17731113611107077,0.18070403911700347,0.010623861920861495,48,False
159,0.11391049484404547,0.11121943565439188,0.07713541150316382,0.137633204316848,0.03078887159638962,0.1555772687068323,0.001983116010635991,0.19072593031910953,0.15937224027164354,0.02165402677693976,37,False
160,0.1227210141739152,0.09749680480290696,0.11372078637534556,0.11789016222079919,0.02436527118874456,0.14065065395625684,0.007589041774307405,0.16997139601152877,0.17999190742813925,0.025602962068056314,25,False
161,0.14129977694298868,0.11626114772033352,0.11585400713155633,0.10985624339181717,0.029321797240989395,0.1201617401749261,0.00032013949405545626,0.20249387085043102,0.15199256153440382,0.012438715518498497,5,False
162,0.12146760862030676,0.1136714951193782,0.11427812223416921,0.0787023294495329,0.044877894561274785,0.1258974229075985,0.021697274068637667,0.17604653378765212,0.19147466816174324,0.011886651089706652,4,False
163,0.1411224820136188,0.09195968212942648,0.11424321636892767,0.09841087138814396,0.03580703493762301,0.14099935305469394,0.016836978046351855,0.15881905882435443,0.17641444291194086,0.02538688032491905,40,False
164,0.12120742293895487,0.12549490401370772,0.11430878513930486,0.11640687685676131,0.013635990793176827,0.13881952585259089,0.0,0.18603715445388117,0.1490964377527319,0.03499290219889043,5,False
165,0.14958833590843584,0.08461560577129722,0.10895915678407526,0.09237897129030904,0.044283255414586435,0.12371082552680146,0.03423309466616905,0.1659303496692413,0.17155481401649245,0.02474559095259205,40,False
166,0.13148506289302372,0.12187946215936853,0.09821784199830945,0.10187989856294241,0.017952894139131512,0.12885048798366075,0.022179477828981487,0.18674999472372322,0.18125721336172831,0.009547666349130539,4,False
167,0.14055907098475956,0.11446672515186154,0.10395369648060844,0.11997575919065086,0.023399915370213208,0.11075817059922459,0.015512902546783693,0.19523849824803363,0.14907241459364867,0.02706284683421579,5,False
168,0.16254647956747756,0.06763926791307903,0.10264735347466256,0.09661442041048446,0.028635672555478775,0.13298164418739716,0.008242769703570652,0.18248378073516963,0.1788858238902787,0.03932278756240158,40,False
169,0.15290389159811574,0.10335755657795105,0.1153163876703822,0.09757018507338129,0.02585504285559183,0.1389954281709211,0.008887812792081997,0.15836939797729002,0.1789283930685528,0.01981590421573194,40,False
170,0.14640209810530752,0.07994893429389856,0.11788950392962054,0.08077620166391486,0.050938421079448064,0.13310565497444227,0.032119373297877084,0.16368814086042657,0.1588562383945079,0.036275433400556625,40,False
171,0.1513653674561722,0.08341184957887358,0.1356829429446152,0.10273201424661646,0.03553496213355404,0.14143076306084695,0.008614431472368017,0.15281133778191466,0.16012279385989445,0.028293537465144368,40,False
172,0.10940820642095322,0.09305193077599894,0.0755996673943637,0.10821173243533311,0.03983495602741191,0.1422119184035471,0.06674559278110796,0.17683550645426682,0.16085593543946644,0.027244553867550987,57,False
173,0.13099392774705548,0.10810528886440963,0.1161267472667798,0.09943936613363989,0.028447258339733723,0.11889063660084116,0.0108709755815076,0.18311820806890602,0.16410448041455275,0.03990311098257394,40,False
174,0.1333791829473067,0.1177691904752126,0.10947671358468415,0.10999409696295524,0.019683675158867976,0.1142586599538497,0.018961446346541167,0.19620242725781392,0.15526426757674727,0.025010339736021146,5,False
175,0.13387097119650615,0.08892240483616666,0.12628586904653805,0.09779482286020451,0.0451675603228174,0.15372339803910812,0.008806440313902222,0.17923680239228834,0.15060968771409738,0.015582043278371229,40,False
176,0.13938571736348226,0.10263494711843772,0.09329315901758743,0.10868467396416717,0.03666063613092963,0.13258987239819808,0.00074048485819426,0.19677996416234983,0.16070813350360202,0.02852241148305158,5,False
177,0.12523216820890345,0.09182047498129078,0.10383576709052961,0.10990128232699437,0.029730135456092446,0.15445443727275823,0.021014789561921852,0.1666479647711171,0.15744018294881468,0.039922797381577564,37,False
178,0.12949004375145495,0.10282150216461317,0.11758650004061941,0.11464953471989384,0.0447515691540056,0.12063576819213892,0.027618107784732015,0.1751805085885149,0.13797857334049193,0.02928789226353534,26,False
179,0.13297512923099394,0.10579407414735065,0.11593078312359358,0.10349653852333153,0.019640051789017583,0.12857462736586825,0.021013814471241527,0.19071080162556342,0.14653267237955933,0.03533150734348014,5,False
180,0.14840098044996802,0.10260514144985217,0.11194143916907769,0.12147201194625248,0.007283163069928802,0.13813537292021927,0.012456228575766207,0.19604238693413806,0.14562181760084567,0.016041457883951563,5,False
181,0.14806345339592172,0.11171380044762792,0.1201220724300937,0.10844340905791201,0.010686398726053847,0.13657923729006385,0.0,0.16790583609443108,0.16634508632226955,0.03014070623562614,90,False
182,0.11185531764630192,0.1015150654064464,0.09927394053031452,0.11323588110166383,0.051086709518208796,0.11474591782160623,0.02430042125578083,0.19316793647179792,0.17284778993626015,0.017971020311619307,48,False
183,0.1438734992580058,0.09808836056238168,0.12036255225560326,0.0937511846177076,0.012425348967535109,0.13676736534391679,0.014187300613671659,0.18985891811132588,0.19068547026985225,0.0,4,False
184,0.13348676010218574,0.13360765997535956,0.12322322246583146,0.11116528396996499,0.0058989662903780665,0.12183503045210817,0.0,0.19525666341126363,0.14172522020814537,0.03380119312476307,5,False
185,0.13704109036473594,0.08089110652262775,0.1167754702623088,0.10016520600303416,0.03041084798575305,0.15952864775133596,0.02720524957274835,0.16036618727049542,0.17632427057727465,0.011291923689685965,40,False
186,0.11361384342562401,0.12085235684117186,0.08973021662250912,0.10895756931399202,0.018284051415965435,0.13977058570578282,0.01012281331974686,0.1932208561857207,0.15420249021729457,0.05124521695219268,37,False
187,0.12309045422947171,0.11476351698550655,0.08675962384525501,0.11908720422309098,0.020298335900126994,0.14933012838639717,0.0012598559398257318,0.1872437850022231,0.17358237340059238,0.024584722087510228,37,False
188,0.1359171279452814,0.10835921803980823,0.10543975241696474,0.08893460009439924,0.02581023229518061,0.14350848645764824,0.019629840111814872,0.1954308112734219,0.1608527613772645,0.01611716998821611,5,False
189,0.08492988978565627,0.09678632145397807,0.12557309815358383,0.10047364008032915,0.040621263764531006,0.13418001687512174,0.023831725147050287,0.18260786552952615,0.1699416316191745,0.04105454759104902,48,False
