ID,strat_res0,strat_res1,strat_res2,strat_res3,strat_res4,strat_res5,strat_res6,strat_res7,strat_res8,strat_res9,ancestor,alive_at_end
0,0.09583175819724636,0.20770571490175108,0.09621822186265853,0.0036520262105433315,0.1667890396683525,0.029892951025667542,0.032892107354454594,0.005166147220807874,0.04455015936468969,0.3173018741938284,0,False
1,0.07577880048783672,0.22253364178162632,0.0944274436420074,0.0,0.1751213177845431,0.04727163835844553,0.028636331497779458,0.0065149134168983385,0.045883930126392115,0.30383198290447094,0,False
2,0.07945912131477165,0.2220690100929685,0.10086615703303939,0.0020825581692440038,0.16554421201538194,0.03284521519960513,0.03359555457860314,0.035789200064946985,0.04363285123042919,0.2841161203010099,1,False
3,0.08794374575654972,0.1986720740374147,0.104570905517134,0.01572888639885212,0.15738595429203245,0.03653915837523706,0.04377602165455347,0.0053641075719210824,0.03976938734666433,0.31024975904964097,0,False
4,0.0789188003997021,0.2008013196428278,0.10264867138240323,0.00029003230545753385,0.1707201874250685,0.04178013017676402,0.027177621545307645,0.04874084215610992,0.054882606605193826,0.2740397883611655,2,False
5,0.08928466733886169,0.2153197520688608,0.09576935917496991,0.0,0.16188743777745085,0.03393477483048733,0.03485636107449733,0.005142484752253123,0.04113344328671479,0.3226717196959042,0,False
6,0.08664491217084208,0.2181813715655018,0.10465246642041788,0.0,0.1768313279411058,0.023180184945472998,0.02783346529250532,0.02877770525262037,0.05205308394620854,0.28184548246532515,2,False
7,0.08637723615040468,0.21518996553292247,0.0839416519096423,0.0,0.1782949555405126,0.0491547126503499,0.027793448397439836,0.0,0.054012859591338946,0.3052351702273893,1,False
8,0.08012053483434826,0.2281781041237371,0.09947669641136275,0.0,0.15919899050967662,0.035599293800287174,0.035707352595725494,0.010788200304062315,0.053098123063118736,0.2978327043576815,1,False
9,0.08303636859368262,0.2166189860041521,0.11716157766146135,0.0005701775541978576,0.15065545024211358,0.028516734382225163,0.04122495303442265,0.03130769298858848,0.03922643368162308,0.2916816258575332,2,False
10,0.07601220275568099,0.23145024495749472,0.08728221775947842,0.001733199553680901,0.1621451151754109,0.045426977166448404,0.05106553512545211,0.01889543298837211,0.03464644639022931,0.2913426281277522,2,False
11,0.08688909653119203,0.200879732803938,0.0875220103198557,0.007563688811335703,0.1702717045522958,0.041121270536637965,0.025160619999943814,0.0002363448059270171,0.051122824452442005,0.32923270718643205,0,False
12,0.06812253691559218,0.21457353580085764,0.10510841978136007,0.0,0.17662261717757105,0.03199736739573007,0.051455924104075595,0.03003623857498983,0.046620350284040595,0.27546300996578293,2,False
13,0.055269201550230296,0.23269716812615285,0.10361634762007065,0.0,0.1898690321362969,0.05007277299155379,0.03293022094983241,0.004149501475838353,0.031948728101955336,0.2994470270480694,1,False
14,0.08885335652426508,0.20930683074345866,0.08895891453031757,0.003951921459044742,0.17673417430499502,0.032511537690057164,0.026057620778545638,0.0,0.0444246973363645,0.32920094663295163,0,False
15,0.10383906935146697,0.20147079914846705,0.09920180957915091,0.0,0.1386848451943087,0.049811434821663655,0.03802855672733402,0.0028993419664952416,0.046742969223479335,0.31932117398763393,0,False
16,0.09378816930241872,0.22955207928340407,0.09681041964111886,0.0016983766704491317,0.18071171595030577,0.01098515957448378,0.0356207039912179,0.020866690923454206,0.03160772228149091,0.2983589623816566,2,False
17,0.08120045179306057,0.21883689407786025,0.09311391956497804,0.0,0.16588351814002994,0.02564759605241343,0.04410853755246236,0.0,0.04179168290129774,0.32941739991789765,0,False
18,0.07498337818438706,0.23265967622430891,0.08627407076175075,0.0,0.1764364226782071,0.057100515486212367,0.02242426054884566,0.0,0.03697909719219188,0.31314257892409636,1,False
19,0.07684162034431304,0.23526263990340437,0.10095867496591451,0.0,0.17090204548008772,0.0482577111551446,0.030666683506264496,0.005932021665539057,0.04104309379073329,0.2901355091885991,1,False
20,0.07944182702761171,0.22705545012030856,0.09580234730499322,0.0,0.1607984529430972,0.03353775029361416,0.04381602663447168,0.03624327729350871,0.05050300623493268,0.27280186214746216,2,False
21,0.0841999308627145,0.2125635720130059,0.0926472731114431,0.011979001113350114,0.17168851712996933,0.06554133601823267,0.015900995582444906,0.0018820394669276739,0.042095093845508566,0.3015022408564034,1,False
22,0.08058634506890468,0.21574567023938687,0.10053715070191142,0.007973071042205694,0.1449435087249084,0.03723311515280536,0.04652803059550327,0.025205284075669146,0.04437936649354871,0.2968684579051565,2,False
23,0.08002273717153563,0.22748341887923793,0.09105007331817078,0.0025018923811579667,0.1534695805674269,0.05245487717801978,0.030864306055468554,0.0,0.06480778674777607,0.29734532770120636,1,False
24,0.09926928773574904,0.22404315027655752,0.10099967532218243,0.01062235600676646,0.16320183197687485,0.03615109649374878,0.019565714211756166,0.0,0.024750921404538093,0.32139596657182656,0,False
25,0.07268251375441181,0.22049371282655042,0.09034135131229751,0.014412274060390032,0.17303062671021635,0.04495088010305292,0.032536010868207184,0.004381723546121479,0.05333368649571082,0.2938372203230414,1,False
26,0.07211324463427222,0.21486472751551147,0.11428918296622137,0.025313845712452848,0.16326634358787595,0.04689356670733528,0.021970203008964895,0.030315052087078357,0.028426424381261042,0.2825474093990267,2,False
27,0.07192401086674621,0.21851727367936158,0.09389794564739323,0.018115872848931618,0.16013913630518448,0.02780086053113896,0.026313008718225783,0.04402365598060945,0.06327003489028547,0.27599820053212326,2,False
28,0.08741342622081222,0.2142952624325715,0.09169689867385694,0.0026165217111476977,0.1697622624110188,0.042399850888832864,0.04670670764690622,0.030878077335655972,0.03316507066876405,0.2810659220104336,2,False
29,0.10119364008391878,0.21236406670217559,0.10653245299816573,0.0,0.15978254345468584,0.023581309918687784,0.04357708217223883,0.048922564305074516,0.025773317539922045,0.2782730228251309,2,False
30,0.06660315212562472,0.21001265754213203,0.09739663251349637,0.0,0.1652868936790343,0.055003832111737865,0.020942872633314354,0.027997099526308106,0.044464207068766026,0.3122926527995863,1,False
31,0.08705025960219762,0.2045918854601618,0.10030630297586365,0.01232988472781852,0.15098129142182132,0.04551715113679874,0.04549581338932698,0.02938526566183202,0.0395631372372745,0.28477900838690495,0,False
32,0.09483726698172563,0.20959480089114915,0.09471716599659312,0.0,0.1554452454619242,0.027329408792513395,0.049686222999016025,0.034939038939393416,0.04466766766703153,0.2887831822706536,2,False
33,0.10784386189385711,0.20090359802559032,0.10589010335284735,0.0,0.15151094113815033,0.03977350841348032,0.029617861397564643,0.0,0.04951824193524895,0.31494188384326105,0,False
34,0.10178687699205922,0.2228655057051757,0.08646604724909378,0.0,0.17024819580143122,0.02506071788101333,0.02043420828735613,0.036651026205862025,0.052942633597043674,0.28354478828096474,2,False
35,0.08747448604197457,0.21439446609431997,0.0959255889052248,0.007079298557699921,0.1682222222195847,0.04209861435439993,0.02898558589019693,0.03785515818051781,0.03599501295498374,0.28196956680109764,2,False
36,0.06892379228989957,0.23150458301253654,0.1016010440126823,0.0010530901349336882,0.15063192334463357,0.026441822247528734,0.027850363069547066,0.04891250391045919,0.04545472900351477,0.29762614897426465,2,False
37,0.069931952946724,0.2273063321169382,0.08947637534964892,0.009060559602523192,0.1770973768121413,0.05326366797118632,0.016013740988702983,0.006425646763644855,0.045772498015651496,0.3056518494328387,1,False
38,0.07429843588665666,0.21842492294219687,0.10870895053093274,0.0,0.17951632258781672,0.031744455774069695,0.03001434811899841,0.03487516236359195,0.041406613386623915,0.281010788409113,2,False
39,0.08431571602868419,0.23154202901551493,0.09429985907230615,0.0,0.16668386345111016,0.032724767449163965,0.03763904419432455,0.041097550992173076,0.023667486693207222,0.28802968310351573,2,False
40,0.07505821727563645,0.2254837795042085,0.08708723853547058,0.022093816349928956,0.17848676890587525,0.010402539840155576,0.03981714540821149,0.021912082168612217,0.043482739857821875,0.2961756721540791,2,False
41,0.07977569018745499,0.2242954000709595,0.09628160509581525,0.020800619194161873,0.1656757136875491,0.03468464101448606,0.019779000435354206,0.024689243103337158,0.041664116276601,0.2923539709342809,2,False
42,0.06823491249299388,0.22374470388631357,0.09387672179154032,0.010377346458737063,0.16027844924690204,0.029921077506943707,0.05086996146359841,0.034075091256442744,0.05796004837214968,0.2706616875243785,2,False
43,0.07022778604033106,0.2212681713852823,0.10876977214897904,0.010178339062232018,0.1621246979579719,0.03514156105514176,0.04537421717836841,0.039394661735834724,0.04335872451454464,0.26416206892131416,2,False
44,0.09048573422603919,0.2279453643367222,0.09613400939783236,0.008084603484221844,0.16730464628374972,0.033091674857263345,0.03928123836662078,0.03621283310655945,0.03487477591917308,0.26658512002181806,2,False
45,0.08351049608333334,0.21222989366341025,0.09958616918517424,0.002503487634087688,0.16796651392973203,0.03374478901769169,0.03241037879811768,0.027281651512791015,0.06474001526517593,0.27602660491048603,2,False
46,0.08538412753138871,0.2202091012107698,0.10109689211349503,0.020167111531900914,0.16279046051882898,0.04249884699694873,0.023374946966236872,0.03723490985746318,0.03813559255423315,0.2691080107187347,2,False
47,0.07980978984463831,0.19798135183441418,0.09003713023970467,0.0,0.16525725694484591,0.0570600747446057,0.024881363193568096,0.05518354167408492,0.05113868998046768,0.27865080154367056,4,False
48,0.07236947197327435,0.2380135277667723,0.1208756900350042,0.006797284182318113,0.16534965857968156,0.014404030093557325,0.020007003658871748,0.020028287786300607,0.04181107914903629,0.3003439667751835,2,False
49,0.09926618392804029,0.19816598434050078,0.10575340211180942,0.005366568914335263,0.15430102274792326,0.038043073642866604,0.04813464165845066,0.03797878597420752,0.045864786650353706,0.26712555003151245,4,False
50,0.0780609898018562,0.20707927413417962,0.08784493535154982,0.00035424837356326944,0.1879778157752709,0.030537404700726214,0.034492136914923706,0.04518520026308985,0.05102943178880829,0.27743856289603214,4,False
51,0.07843555388833857,0.2166744203171257,0.0853743799245723,0.004650756696225953,0.172873831425326,0.0386766711499313,0.04550875633384974,0.03251772311356468,0.031407478874386725,0.293880428276679,2,False
52,0.07088501412999332,0.21343525300174787,0.11002815906764947,0.0,0.16489855632397282,0.03305166916443991,0.05096504519759843,0.035250839074100995,0.04130488997728639,0.28018057406321084,2,False
53,0.07177863566666923,0.21107168131358403,0.08819594147889487,0.0,0.16800673182532663,0.034556705870499145,0.05079010646128374,0.05927163400769275,0.036369523662363616,0.27995903971368596,4,False
54,0.09641052767570847,0.21994146610513907,0.10748372501712147,0.0,0.16236261088657508,0.01837048743613991,0.031215781904603158,0.027539936250678024,0.0459752086450633,0.2907002560789715,2,False
55,0.08406205847587327,0.19466782815635864,0.10737928580772642,0.0,0.17294561690954255,0.039265343976026316,0.026201360419272016,0.04489223842882677,0.04629273192851278,0.28429353589786116,4,False
56,0.08337239642552785,0.19475374634081158,0.09413823133205675,0.0,0.1792226246023094,0.04010452138245,0.010392863617036004,0.058052632118172964,0.05380379645478302,0.2861591877268524,4,False
57,0.0690719038797943,0.22417415793378156,0.09728175817435639,0.0056263370835803565,0.15701394384967657,0.03245950171847158,0.027137844147264317,0.031730245306145155,0.05903496986462457,0.29646933804230524,2,False
58,0.07791179190849828,0.22405710850106997,0.09547650298996065,0.0,0.1749252122500662,0.04899363113495078,0.015581735009019018,0.008494820653467417,0.06040449648491168,0.29415470106805597,1,False
59,0.08356427264830651,0.23260365225693283,0.09379333647384669,0.0,0.16809918768313695,0.029718638674280082,0.034395120219596564,0.020874171521325483,0.04083047562653182,0.2961211448960432,2,False
60,0.07024885569555937,0.20289078326313856,0.11612016142529467,0.0,0.1730976358171626,0.022092635217145076,0.03230371564204901,0.06054371142065424,0.053110535525301546,0.26959196599369484,4,False
61,0.06188412610210568,0.21885928011362582,0.1046078505813742,0.005593589891322371,0.17468951301406305,0.023394019805981072,0.04153951411096652,0.04479522981022959,0.0449972284759682,0.2796396480943634,2,False
62,0.08930288410823688,0.18905064241604985,0.11669784716499466,0.0,0.16803209549937057,0.04029310363223382,0.0323857761978104,0.054585806127287126,0.05080448406413804,0.25884736078987863,4,False
63,0.06850701242308228,0.2261542416151782,0.10395454349361495,0.0,0.1685791239255864,0.038226432877652344,0.013756122131366837,0.0435380946298607,0.04617703778597757,0.2911073911176808,2,False
64,0.08386181372689858,0.20216899310874786,0.11331989076341253,0.002201221500561974,0.17732169429696767,0.04709774767856529,0.018881873061971297,0.048174362220504904,0.05028891449649841,0.2566834891458713,4,False
65,0.0760063777269749,0.22164000975670367,0.10002504049778412,0.01409438508413139,0.1455092232186182,0.03588801296482837,0.03672185247595398,0.041923924787757735,0.045507988813887415,0.2826831846733602,2,False
66,0.07233073992854773,0.22006171354192114,0.10097972223754757,0.011159128093013702,0.17217563159990737,0.03166538346933336,0.04326649714133263,0.0419329267761365,0.05110328650291676,0.25532497070934335,2,False
67,0.08893772740518004,0.1863581082386708,0.11527618029496099,0.0,0.16071971891353215,0.034059261406886754,0.040372769420037244,0.05326504880930202,0.04262213673526706,0.278389048776163,4,False
68,0.06916843184090667,0.22162096596228642,0.12669771063083277,0.003595509210576234,0.14824529422418797,0.035513960715925365,0.05280403259128383,0.032503589741904294,0.03853470046046282,0.2713158046216337,2,False
69,0.08880573505095284,0.20564819201006154,0.0998644678692343,0.012384893103265522,0.1688110448321178,0.019077900203536398,0.029687838998264878,0.03833656092458826,0.057743191541744246,0.27964017546623415,2,False
70,0.07506889338696081,0.22882153015298973,0.09446557912624681,0.0009546485199821063,0.17781037454361964,0.021607824390004714,0.04481223722632044,0.029971794118672256,0.021851159256696666,0.3046359592785068,2,False
71,0.10075273909623543,0.20536275389791347,0.09109486435393849,0.005018338668102026,0.16635422257713497,0.04063214871852936,0.03889263315693034,0.05579465608744557,0.04220445520912187,0.2538931882346484,4,False
72,0.06851872896502975,0.23780731839847272,0.12847268431391182,0.0,0.15997213938017582,0.02876349654221134,0.020722707428895367,0.03150327133820165,0.054132902891683966,0.27010675074141755,2,False
73,0.08534268909623433,0.20566272651809514,0.09707354987594569,0.0014369261294223362,0.16435285564777116,0.035558132931256765,0.02773630844701889,0.05241437141754637,0.047774709400346456,0.28264773053636294,4,False
74,0.07959704063582015,0.20600845909962454,0.10952854179613296,0.010283563707000475,0.15589292016265768,0.04722100283183667,0.0357829205069121,0.04180953362487805,0.039234097983134805,0.27464191965200263,2,False
75,0.07457825181043842,0.21142365214343792,0.12214737553463526,0.0,0.15819101944432573,0.03413000412166622,0.031486442865774136,0.05768658016545365,0.05565485241039777,0.25470182150387105,4,False
76,0.0924032629198361,0.1984356555293592,0.10201638150556795,0.015341234563973443,0.15262270727266655,0.03965622193134614,0.03636344815103778,0.0019359762988226193,0.048590657282922375,0.3126344545444678,3,False
77,0.0755925470122483,0.2146562124913719,0.11070743790020877,0.010162032184234835,0.16485654739919986,0.02542776824097723,0.013148603024019278,0.04744394707661371,0.06338901064411215,0.274615894027014,4,False
78,0.08789595828226521,0.2196552080312416,0.08943075175790076,0.0,0.17666728836576484,0.035357971583376065,0.02449158290916786,0.029296692582743346,0.03492190106099766,0.3022826454265426,2,False
79,0.0746228063391277,0.20047819874180506,0.10524755985446571,0.024850688055813593,0.17941150114163987,0.04562790945816865,0.030013062774928694,0.02120275922642924,0.026386501746153226,0.29215901266146826,26,False
80,0.08712497844176516,0.18769737837941186,0.11452815064551612,0.0,0.17260788827513746,0.033865886355831244,0.02345136338641049,0.03848397078266958,0.06347889842442081,0.2787614853088374,4,False
81,0.06814670211492556,0.20591550501004563,0.09928769802107278,0.0,0.19010695661769064,0.04499055063389423,0.013617203371061898,0.04891622784845555,0.06211510221501947,0.26690405416783425,4,False
82,0.07129703439666674,0.22100254448603565,0.10883205733521847,0.0048188120785022295,0.19107379719444872,0.03389491411462212,0.033296564593787915,0.029513685133800246,0.02915215898535823,0.2771184316815596,2,False
83,0.07611089813068153,0.23603233642092505,0.09816307835671036,0.004781590929599982,0.16132701431656654,0.03336534681034119,0.018910162053418233,0.028754114472269113,0.05178925247732673,0.29076620603216136,2,False
84,0.08257860515544205,0.20839293758861882,0.12670633215814914,0.03426475293804098,0.16342086355852697,0.03635027072680692,0.021106087944550565,0.021393511663205623,0.03324142041530651,0.27254521785135255,26,False
85,0.08450415903825954,0.22434336980201766,0.09777247617940239,0.0028739533441081945,0.14608648939523905,0.032639499735451445,0.03473226481014741,0.043674161335666324,0.04033524143692434,0.2930383849227837,2,False
86,0.08674090445744528,0.22850246003923066,0.09919632578330904,0.0,0.1724024020615183,0.035887209678802046,0.04402990870909775,0.02958165496505145,0.04648698775549808,0.2571721465500475,2,False
87,0.07703848150186729,0.22507471212850333,0.10808783034664037,0.0,0.17339536613891465,0.026328996913700328,0.03579928965374327,0.0302516680565803,0.04376789705484899,0.2802557582052014,2,False
88,0.08897450832286033,0.20262271448122854,0.10206325558076891,0.0,0.14947438570616192,0.042216919981914625,0.0341179565421629,0.05860463175264827,0.05121970751809143,0.27070592011416306,4,False
89,0.07711458703398401,0.1985117287553546,0.11233018790255211,0.0006922088701443897,0.16031357013561345,0.05544790999274928,0.028658113237967194,0.04056142756976828,0.05570676109029537,0.2706635054115715,4,False
90,0.06131949504617151,0.2166012072314664,0.10148294332911878,0.035084133896225396,0.1614574230038471,0.049620648884922944,0.02019672987596001,0.029325543686934793,0.041338866050015,0.2835730089953381,26,False
91,0.07564823121219985,0.1995907631163525,0.09302343991515664,0.0,0.17294815513153222,0.04977370249688923,0.005226242422212999,0.06870394781672694,0.04508873832222489,0.28999677956670483,4,False
92,0.06999477555364962,0.2157261343404906,0.08640450512963953,0.01807740279275633,0.17451458836836994,0.02285314982611022,0.03167627452195898,0.03263037338915498,0.0721778585724988,0.2759449375053709,27,False
93,0.10167602771774337,0.20157630590468933,0.09932546156765276,0.001034669220019105,0.1590853182884306,0.04798359758550567,0.03015404426817459,0.011810670016676314,0.02725418534449226,0.320099720086616,3,False
94,0.08254833991316408,0.2243650826250147,0.10233143620526605,0.005356312812927023,0.16862205617845577,0.028314264537935282,0.0180149808533556,0.04014883089670697,0.029953827099118546,0.30034486887805595,2,False
95,0.06422773222224382,0.21089972527054454,0.09539216278240989,0.015515062495390095,0.18857573095543126,0.017796728498661766,0.036142931681372115,0.04288786708454909,0.0456123317297925,0.2829497272796048,2,False
96,0.07520897642126276,0.19996671939667796,0.11151299671493774,0.0005904569679734075,0.1644655030403794,0.06295101365025679,0.01212338639728982,0.0611458251674731,0.04481769284663846,0.2672174293971107,4,False
97,0.07852563273637876,0.2056342525427354,0.09023566726637215,0.031968652845556035,0.1629258063740945,0.032311391160976505,0.013546745720603675,0.05856604297848249,0.050337275895550954,0.27594853247924966,27,False
98,0.09173769897456623,0.20100889376960215,0.08868734832808331,0.020577144202422196,0.16868178538209216,0.03896221245080699,0.028983018507741404,0.0022923893983277928,0.04230232087132134,0.3167671881150364,3,False
99,0.0907268326322778,0.1946781057544219,0.09102590445823604,0.008791650508436064,0.1641432442499535,0.048560223401429785,0.028447322140188264,0.04317817448332676,0.06828790950293862,0.2621606328687914,4,False
100,0.0963799973478923,0.21201888985713707,0.10415244401574003,0.019009497085239736,0.12896982416998365,0.031428906710543075,0.044624740293721994,0.020084819106973188,0.034743771811889056,0.3085871096008798,3,False
101,0.08576133786912289,0.21676928626508984,0.10378053062767473,0.0,0.15406929606488332,0.025757158275462034,0.02763957261504701,0.05214347388436034,0.05817308330055295,0.27590626109780675,2,False
102,0.07860398819960868,0.23651419170378593,0.08814463617304644,0.0,0.1626491532039268,0.042946231788296485,0.03567628559281687,0.05260158990402275,0.03052370570872027,0.2723402177257758,2,False
103,0.07023411668840157,0.21057062403440746,0.08314285252963624,0.024223339737948706,0.18101994979543673,0.03696115119538145,0.024197986774237627,0.06042273809645572,0.04848598327781808,0.26074125787027636,27,False
104,0.0655074672769919,0.22699997475842398,0.09478719973220087,0.02265386437602088,0.1349794984289497,0.03249387319597952,0.027959280032165544,0.04717946169998123,0.06912130405121063,0.2783180764480759,27,False
105,0.06716636504406916,0.22382596884173597,0.10738823332019537,0.005497597354826911,0.17006805084176838,0.021513769591299445,0.0344014413443701,0.03314419879702195,0.0551089623711514,0.2818854124935614,2,False
106,0.07252910421211449,0.22242685917862137,0.10319694387961371,0.03155501978554021,0.15094317759511855,0.06375011520823,0.030580942011831626,0.01559347301129313,0.026638859661604283,0.2827855054560326,26,False
107,0.07449093786389527,0.20790827499406175,0.09504658971141756,0.04411688257996688,0.1661416947202459,0.04326060315495037,0.01816272796610663,0.025065587333998728,0.034325466052022933,0.291481235623334,26,False
108,0.05505433071146343,0.2119320742708618,0.08478568050986596,0.023230298813525587,0.15713651831550565,0.04102874581536773,0.02947920996072002,0.056191221187130685,0.06594251547736155,0.2752194049381976,27,False
109,0.0823404505402782,0.19357013200408757,0.10644491149106151,0.0,0.17709476875674113,0.050241655605567356,0.036721962159294554,0.056418063385060786,0.04401911136247292,0.2531489446954359,4,False
110,0.06489580323931783,0.2130357621693937,0.11101942052041926,0.014826040404464568,0.16346438052681364,0.041943499247397015,0.03766110579007561,0.03763008450977287,0.03083156478244298,0.28469233880990236,26,False
111,0.062309689436234425,0.22210958208540962,0.10895824346252453,0.029545361864919403,0.16038203322226785,0.061328416810847296,0.0027829290209685363,0.02736406170321555,0.03154394195320237,0.29367574044041034,26,False
112,0.07469219646718726,0.2143915183120226,0.12047916136425887,0.01272861364017682,0.17184020953298015,0.06169509508057724,0.02659053200006824,0.036227647393180566,0.013850362048822102,0.2675046641607261,26,False
113,0.06828218994181384,0.20749311982920648,0.08322384242163194,0.04056055577139079,0.15471375006671742,0.036764080494325994,0.029916490811856104,0.04531803462028605,0.0693061162989979,0.2644218197437735,27,False
114,0.07125713779791051,0.21272746771076345,0.10655604905095396,0.026100839202001586,0.1819391524875834,0.05027518463726334,0.008845337395221869,0.032720099007597724,0.015939777053088168,0.29363895565761594,26,False
115,0.0707388799414067,0.22629821879742598,0.13453138471862472,0.017383675419558826,0.16781120096280017,0.0359783953615935,0.005887204630376543,0.026866319153367256,0.016754146977356433,0.29775057403748983,26,False
116,0.07533815806395028,0.20161135788766543,0.13248452876492472,0.028162006031586147,0.1614056072916516,0.04614275330630186,0.027405298455796638,0.03706581049493973,0.013100663789818109,0.2772838159133653,26,False
117,0.08797626422917434,0.18593878769483643,0.10570165340413222,0.03399865969346535,0.1641980690745185,0.03131955460114499,0.035807878787165515,0.0,0.04209851741087945,0.31296061510468315,3,False
118,0.06401937604033466,0.2077429716809899,0.11093387900166088,0.03215920719040901,0.15847899084781772,0.03987527207183166,0.011289539141384183,0.04921908012085712,0.041511859071449796,0.2847698248332652,26,False
119,0.08909713749273757,0.21643990223908469,0.11326496720220966,0.024498931178217404,0.1610921702569938,0.027634845575849096,0.02835388748999856,0.02215347997582923,0.031445538468028666,0.2860191401210514,26,False
120,0.08163727813813657,0.2128737415728612,0.12539160811715944,0.02324233750795375,0.16298489104580013,0.03541338123425231,0.02639396934908364,0.04280126821811066,0.01496002599899409,0.27430149881764826,26,False
121,0.06399161920908154,0.2192600123644176,0.10783367683070627,0.03774942902318151,0.15339863360990275,0.06232730656488537,0.031242025021786163,0.024640325265151614,0.019985526826992065,0.27957144528389516,26,False
122,0.07262274128991576,0.23771630139944314,0.10221957362825465,0.02906379664356279,0.16720757761741675,0.06667142170728946,0.006011867382065482,0.03881312756949658,0.010590740073952208,0.26908285268860316,26,False
123,0.0631769441824792,0.21944010922314366,0.11169708596443821,0.028994008333197242,0.15640026920254446,0.05245764481482962,0.027686441685423377,0.04031182071280041,0.02915468937882316,0.27068098650232075,26,False
124,0.07328449027281644,0.20322372545367745,0.11477708769792946,0.0298957595966377,0.15522900938121934,0.05923819064690164,0.0,0.03913803047587791,0.03189908234202901,0.29331462413291115,26,False
125,0.050019939108345936,0.21897229999159384,0.10759077233269038,0.021746813116857708,0.1623195160401792,0.029971669308367085,0.03558873424286892,0.04278251285923842,0.03881743474091976,0.2921903082589387,26,False
126,0.05838185883421212,0.201628041057453,0.12012379373499996,0.029565105267130434,0.15858860339781916,0.0417875203283267,0.026507458665673504,0.0384573263691131,0.0344144374046186,0.2905458549406534,26,False
127,0.06698626085488507,0.20559766749522818,0.11695357681582423,0.025864719190472632,0.16091861853086714,0.052765127753521074,0.005040799479724975,0.027006701195201648,0.02807371092774291,0.31079281775653217,26,False
128,0.07254180192364162,0.19874585149193624,0.10779839290232751,0.04493818133852405,0.1739145611003611,0.04293421224721915,0.006304215765468064,0.0352060074401784,0.028204732010841654,0.28941204377950225,26,False
129,0.05747032287143544,0.20711922559293247,0.11714783555171122,0.012023166362233873,0.17024884601756932,0.04049233382503291,0.03495405138203718,0.026669274543236508,0.04484050008950182,0.28903444376430915,26,False
130,0.06353972185409457,0.21296637284907272,0.09143635385579214,0.022760657252624595,0.14473935000239202,0.04079393526955657,0.03153400164310002,0.047083831706259176,0.07176029647587406,0.2733854790912341,27,False
131,0.06354376056752305,0.23416133101183387,0.10823257304715028,0.022061199855734525,0.17496262195023737,0.03572747325151888,0.0,0.04857813015465052,0.01916608289286355,0.29356682726848804,26,False
132,0.06633218841885204,0.21816696234171004,0.10106983878915472,0.019661186325179797,0.16982803835704505,0.051829182028706976,0.021382131444109186,0.026530240903940103,0.03510412079410199,0.2900961105972002,26,False
133,0.06353770761134162,0.21600067052223673,0.11942650592203384,0.013371338992011206,0.16404059532980106,0.04562968437746131,0.023145351676111665,0.03680688068348573,0.036539942901729676,0.28150132198378713,26,False
134,0.0695139791327602,0.23275465537158047,0.109152377024657,0.009004647856582573,0.14939356112369248,0.05674394794029596,0.02049525948037972,0.028285300738636682,0.029352447997344766,0.29530382333407,26,False
135,0.07234411568613741,0.22614330500659943,0.10374266373334252,0.023617289532374425,0.15725808468318553,0.06025136384075187,0.022586699479157618,0.035753709038765125,0.020495224731765203,0.2778075442679208,26,False
136,0.07043450098320211,0.20504609923183706,0.10725613860832144,0.03488918379993142,0.16471062942536313,0.0523075151263698,0.01488698665591496,0.02898492578205191,0.04131843052364592,0.28016558986336215,26,False
137,0.06978388825031312,0.22626447720569148,0.11293261983086866,0.03142433235002814,0.16734941568608167,0.03676326173009239,0.01328573431648671,0.020203469761889525,0.023807375401879712,0.2981854254666685,26,False
138,0.08191002715881636,0.23759233896459614,0.1154271677421138,0.016986650057103814,0.16711989800423369,0.026705734413838233,0.006784836381138594,0.04317047067472176,0.021205795044288697,0.28309708155914903,26,False
139,0.07323570115467523,0.21860802159120912,0.11256337007593219,0.03289542907247112,0.16693951948089564,0.05318419403956862,0.025106046163227567,0.007375413890704787,0.038534741628822734,0.27155756290249294,26,False
140,0.07573782895152649,0.20800894182139076,0.10063071863746641,0.021802662433551678,0.1660430001228347,0.04768784266912174,0.024187934105362005,0.05599541763868524,0.021767568842224107,0.2781380847778368,26,False
141,0.06393846373549134,0.22515300187276774,0.10990205052537297,0.013258522352256682,0.1726032087393972,0.04686921921109627,0.017380069504333923,0.029444062251931486,0.029099386525233487,0.2923520152821189,26,False
142,0.07629297332702369,0.21222274778366307,0.1098794740103338,0.0203461692714773,0.1675012147560119,0.049213979010359024,0.01206531102869897,0.03750216770921773,0.04150520065167845,0.2734707624515361,26,False
143,0.05687230704139795,0.20146248033675296,0.11216046747047938,0.004436239468819898,0.1550703149954452,0.043245837675751575,0.029706099512277834,0.046543551013131255,0.07158615385240101,0.2789165486335429,27,False
144,0.06511947862122848,0.21991896416561713,0.1380893051109475,0.028432429780946157,0.15628063776952822,0.042276066783852595,0.018982026733735072,0.030494641072299464,0.020776190389094933,0.2796302595727505,26,False
145,0.08240567535206056,0.19522138481703102,0.10805025699682988,0.03344608669263763,0.16810197085474926,0.03341530344385855,0.008779414000440813,0.025179393399506502,0.04378282506100409,0.30161768938188177,107,False
146,0.06276275176194204,0.21300419244755914,0.12690261402091924,0.010398505981387075,0.15662607839296885,0.062258229583769795,0.018795773224043594,0.0465855520933372,0.035032587645810485,0.2676337148482624,26,False
147,0.0885393347088089,0.2191911574292764,0.10251601532507286,0.022453175611787796,0.16131912613680957,0.05407774064269748,0.01599249334716237,0.019966190077871006,0.023791984905161868,0.2921527818153518,26,False
148,0.08092681113939869,0.21578038204308797,0.09065897024765483,0.026418198156597645,0.174153020159819,0.03967817629372704,0.018590854107548842,0.025202471729806896,0.03844425900376032,0.2901468571185989,26,False
149,0.08035417090471503,0.1917821164951512,0.11169999240558026,0.04748048807610253,0.16399727808026734,0.03916742095856187,0.009666776317792483,0.04826026959949637,0.033333596882233245,0.27425789028009984,26,False
150,0.07438377996231103,0.23049958166324203,0.12432566891321438,0.028195927456107654,0.15848012143338905,0.039058624741298835,0.0,0.029903257442445586,0.028358185085835725,0.28679485330215565,26,False
151,0.0754329112873331,0.21547421217511212,0.10752510649149323,0.027714682988334353,0.16499792581359202,0.05252874915561297,0.017896896250088553,0.03585758096196607,0.026596400355930517,0.27597553452053714,26,False
152,0.07280264416573895,0.20869668966423732,0.12183319628200433,0.032538146630605065,0.1787390162456635,0.027999047130831005,0.02784065378621007,0.03495113991066989,0.016197221660018246,0.2784022445240217,26,False
153,0.06816165219916619,0.2141528292414454,0.12292486592313688,0.010450816700245592,0.15808567714076388,0.05439309487119866,0.03225528902643764,0.03532274975308611,0.04161035542944795,0.26264266971507166,26,False
154,0.06841860579773029,0.21876812584715055,0.1280278159044721,0.018575889199981904,0.16435853353994365,0.03519912876725074,0.009373308381976076,0.0332171196374852,0.0344701961955969,0.28959127672841267,26,False
155,0.06622560613652674,0.21494690251070425,0.12982294100122935,0.02218130343885458,0.15391408285373231,0.03509240967763664,0.034537418115240776,0.02993928704748026,0.03527013937729555,0.27806990984129953,26,False
156,0.07189566790906932,0.21743357482930803,0.09930989329538722,0.05286501916865623,0.1673351360525469,0.018930629894684893,0.029583037563321292,0.023968419175205376,0.02771378181913128,0.29096484029268954,107,False
157,0.07377719228946063,0.21495155722452686,0.12217864650749338,0.029188438601965648,0.15522233742248287,0.04764532682315296,0.03168629600413777,0.018500783615227345,0.04034070638535946,0.266508715126193,26,False
158,0.0808881395269218,0.20848912839866227,0.12092251079220948,0.03807839617815079,0.1629177807548545,0.04560402466651773,0.008543158446494201,0.026767184042231284,0.036830812376451534,0.2709588648175064,26,False
159,0.07836786759969726,0.21275888709954366,0.11711869001704805,0.038764797137675285,0.17020114481394405,0.03479934370164676,0.008334122064716221,0.03138446093850824,0.02967173492349773,0.27859895170372256,26,False
160,0.0785389503049545,0.2098879840594451,0.10673760715134252,0.02619604239634017,0.1624340137639696,0.05452935725788978,0.02705567885288183,0.028665084664293336,0.0289308661147418,0.2770244154341414,26,False
161,0.07275943570265629,0.21054417933803732,0.13045485490838385,0.013164539183107277,0.16537877886644203,0.038026760366892766,0.03595680188685865,0.029046444733928284,0.030887867683498695,0.27378033733019497,26,False
162,0.09208565386598425,0.18939360616408354,0.13593988295678852,0.04195480431077938,0.15179094791810738,0.02870386943478916,0.027250375786589114,0.0031889004145523978,0.03848045647523684,0.29121150267308943,84,False
163,0.06604547674243433,0.19894998112196952,0.12304896550414368,0.04149761590632845,0.14141415010001954,0.04332556640495333,0.030949609229340286,0.03627898247209808,0.03262965831352152,0.28585999420519115,26,False
164,0.08390997497649291,0.22875933011818336,0.1281111414211757,0.020012902872433028,0.1651514799429617,0.0414603001722198,0.0,0.05046747752475278,0.026735227440185066,0.2553921655315956,26,False
165,0.06492425375123971,0.2012605183685815,0.11201032098320639,0.048097479257817315,0.14959261058265713,0.058358861172176354,0.01364805927398724,0.028193772177046873,0.047759309024356975,0.27615481540893055,107,False
166,0.07365317665777187,0.190747287752145,0.10670986195222863,0.05065596152116054,0.1763895607682445,0.047130451627758994,0.00849702711371894,0.025055328475601615,0.017681327619233918,0.3034800165121359,107,False
167,0.06507773460194026,0.21740657478251948,0.10367973065087595,0.02436275611656551,0.17964385697836147,0.05874272129519979,0.040130400225199224,0.018364816633126675,0.01889834200132711,0.2736930667148845,26,False
168,0.050916402039991926,0.21851514432647368,0.10445555453360778,0.03668068781395213,0.17250487208940446,0.05069421834378712,0.017671940468495535,0.027247726808416996,0.041658395680619416,0.27965505789525097,90,False
169,0.07427912006839861,0.22468693504564047,0.0845451835351861,0.04141680883622463,0.1721910263698916,0.031128248756791016,0.014437766124454002,0.027601038712347238,0.0423553219325062,0.28735855061856025,107,False
170,0.07537004111025786,0.1999010089283242,0.10021775903614168,0.05203186992940037,0.16917569002163976,0.04215922294665503,0.021745279033696385,0.029869762087186336,0.03388282286954917,0.27564654403714917,107,False
171,0.07816109716841661,0.20770178613434337,0.08929412252557013,0.053069027667821,0.17063750048919976,0.05189925721987373,0.004256280886936784,0.018779028123699484,0.01199564877221558,0.3142062510119236,107,False
172,0.08497643481689848,0.217853326334658,0.08522718997809306,0.03863970848167684,0.16588224257657752,0.047567716715071734,0.03224915695675942,0.01749174222565273,0.029732030207790222,0.280380451706822,107,False
173,0.065426076984761,0.21756381053296556,0.12062927749879998,0.03759353979526762,0.15900680420442226,0.04060325692493968,0.025154347064511532,0.01969271093368562,0.03914713378849442,0.27518304227215223,26,False
174,0.09485979760266136,0.2097595426366615,0.08612443429732167,0.05193172177797877,0.167136825119772,0.025149336962264592,0.017747766980791245,0.013008893582659789,0.03327891583321386,0.3010027652066751,107,False
175,0.08710512770898209,0.21548488523553785,0.10284945031710845,0.03568496302315432,0.15659826245596098,0.04293174609731427,0.006929200858543904,0.02952365743129215,0.03432572396501246,0.2885669829070935,107,False
176,0.061953047610265606,0.20371289903623863,0.1048518988650363,0.06097923560039386,0.1720343912942442,0.049563962699935085,0.005777561250461023,0.035396395709173877,0.03529970660400483,0.27043090133024655,107,False
177,0.08627064928966856,0.21302085877885174,0.07185935628408499,0.04112281153773857,0.163933926308018,0.028555766908178775,0.026548534530409795,0.015688156270187943,0.045831198430419245,0.3071687416624423,107,False
178,0.07747844249169678,0.2001026969512701,0.08631616957453664,0.05124143731673652,0.17856134048065453,0.04691599558429632,0.032523121490654165,0.011275596720213056,0.018975649107317208,0.2966095502826248,107,False
179,0.08084515993082578,0.18132478296665458,0.09703833300039258,0.055232583765906444,0.16023378935796903,0.049207565415464366,0.0229284623190709,0.03304762295136672,0.040199790989729395,0.2799419093026203,107,False
180,0.07120102996924592,0.19299464490910204,0.07088976120316941,0.06688151678650048,0.17671070004051342,0.043383632189415065,0.03156326986922467,0.0077987639169771915,0.027469972988164344,0.3111067081276875,107,False
181,0.07388150551767908,0.21908671727117054,0.11224288777658327,0.022306883077422165,0.17724991084229205,0.04414853559561125,0.014157575421715871,0.03808610451954749,0.010418476938380158,0.2884214030395982,107,False
182,0.08174680897322062,0.21088673791560641,0.1010589247295555,0.030103517723256,0.1801476846599348,0.04030430055149511,0.013129957391245617,0.02220247242046301,0.027613799388709864,0.29280579624651315,107,False
183,0.06571215241167809,0.20297559844023172,0.08115726717238925,0.056403613748919945,0.18446718935217815,0.033848594152512616,0.01920544315198423,0.039363841459146134,0.027813797074877095,0.28905250303608293,107,False
184,0.06462012680005444,0.21834904165122418,0.08233104024739073,0.04402022443500557,0.19026537733091578,0.03961581363414851,0.005947767022208848,0.029370798750805494,0.022759355329835383,0.302720454798411,107,False
185,0.07519270334320696,0.2038761944501435,0.07541365473700486,0.052279302919898935,0.1675840254936203,0.03295637172748668,0.017518518736765493,0.04361655723726225,0.03625525859463928,0.29530741275997174,107,False
186,0.07487472005366816,0.2113848598843137,0.10126548061115435,0.04033876341682026,0.17526974414628205,0.051110116840746976,0.013342974125816134,0.00871880219284114,0.036518311114512425,0.28717622761384476,107,False
187,0.08219924669022384,0.22229911554826626,0.11012584191029742,0.032310382193168743,0.16850378042145767,0.04090007851424382,0.03767784654247274,0.00603110913389614,0.02895599757814753,0.2709966014678257,26,False
188,0.07738429523733942,0.2179810385496229,0.09359810438624551,0.03347921519582106,0.1603345038136877,0.05435954152195492,0.0144455932752068,0.02431078646585997,0.029014288993193523,0.29509263256106827,107,False
189,0.08039055235128058,0.20924608879503623,0.10025403377220853,0.028655103219503233,0.15911484113187124,0.03770490299089967,0.0,0.07344199980293835,0.04105559632302261,0.2701368816132397,97,False
