ID,strat_res0,strat_res1,strat_res2,strat_res3,strat_res4,strat_res5,strat_res6,strat_res7,strat_res8,strat_res9,ancestor,alive_at_end
0,0.004101572144166726,0.00675880957018694,0.21690821028658366,0.17560060033468614,0.0468884958824965,0.015332808521207405,0.0826574147805945,0.09395157482761056,0.21097484695269464,0.14682566669977315,0,False
1,0.011896166027069615,0.0013673237787894769,0.22688753107171875,0.1573224117315965,0.04011012232122094,0.013013915838641057,0.09113537994460039,0.09099238708964537,0.21115135621510303,0.15612340598161492,0,False
2,0.0,0.00124823150839279,0.2404361145141269,0.16534982747447052,0.03522982446006203,0.01853587184092303,0.08192882054092461,0.09151503319085208,0.20695646670746137,0.15879980976278668,1,False
3,0.004282254353632518,0.01569005470796755,0.22354974070064923,0.1638984292446101,0.050276354474910384,0.021401094790088115,0.07608812972083169,0.09249671448397966,0.2143083291332454,0.13800889839008545,0,False
4,0.0,0.0057450933051268515,0.24424664751582303,0.1570223415787319,0.02179984871989363,0.023956803803417935,0.08775272430444357,0.09144410312549191,0.21348844808420753,0.1545439895628636,2,False
5,0.023191015607488347,0.01544260098424512,0.22949389212256907,0.1650046199604296,0.04409095393490344,0.0044788224675592,0.08798120398698786,0.07241115953992679,0.21022763827834548,0.14767809311754515,1,False
6,0.03520276978504669,0.004909493823674648,0.23466383884341688,0.16152194535377773,0.043032384734888095,0.010808381292060104,0.07355060823043683,0.08200903054712783,0.2130314261347099,0.1412701212548611,5,False
7,0.010707812278853321,0.0,0.2189951786556966,0.14351040356746564,0.06048160324286749,0.02164546141784163,0.09746639582912091,0.09560112619208043,0.21046545912893136,0.14112655968714263,1,False
8,0.0,0.0017547630608340653,0.25614284889117334,0.15186648651340573,0.0,0.03173409663744911,0.08694423341942144,0.0923291852320818,0.20960241896096762,0.1696259672846668,4,False
9,0.006597086774690279,0.0,0.2347699018488508,0.15837362083802894,0.03600913584553072,0.0,0.07884295293683098,0.09657230049220755,0.2321152094585484,0.15671979180531234,1,False
10,0.049812016951556924,0.0003397665345330818,0.23105667404827804,0.17643625496904242,0.05059128763665721,0.0017539781425188604,0.067948588785235,0.08010508148114304,0.21166012184130192,0.13029622960973355,6,False
11,0.011142119367973694,0.0,0.22592742880042754,0.14799916333803426,0.041681239028301585,0.03297957321851977,0.06795248406426381,0.10109141121151147,0.21078278901362454,0.16044379195734323,2,False
12,0.019393420985574953,0.010266545821185356,0.20306274926036194,0.17056615120077723,0.054975068109759676,0.024888352016859155,0.07395928123014285,0.08337874616127386,0.20438029876046016,0.15512938645360477,0,False
13,0.0,0.0,0.23303759785433803,0.19036800675826598,0.043729167043587855,0.020121635294076092,0.08297529892488772,0.08193737635836995,0.2163356120368527,0.13149530572962165,0,False
14,0.007483681312086839,0.008790981968333651,0.21809091250098678,0.16264071317310133,0.07102966108750557,0.0049751363704041065,0.07159897958146416,0.08696031587312955,0.21472989513258903,0.15369972300039908,0,False
15,0.007456331298863918,0.0,0.2193134244797844,0.17092111046835004,0.053511018611058614,0.03555169464670996,0.07144076589932648,0.08885291642069239,0.20130532607814422,0.15164741209706997,2,False
16,0.0033529195376720057,0.009581299784097271,0.21714472740599627,0.17553822260934654,0.04510942306164395,0.031780448994952755,0.05858631118446728,0.08899934638433481,0.21551891093261885,0.1543883901048703,3,False
17,0.0,0.025326452841449326,0.20165456399621856,0.17289109077222048,0.0689489901943976,0.015299183742921543,0.0851791215992432,0.09463009587546235,0.19840544592008072,0.1376650550580061,0,False
18,0.0,0.015506251657609047,0.20235455232014982,0.16966161423891565,0.062214916788415446,0.03245842447776995,0.0913324969601713,0.07835337675342834,0.1957730544782753,0.1523453123252652,0,False
19,0.0,0.012443018647798666,0.24042157080595547,0.14922449306876814,0.020235830540351323,0.017221678276196587,0.09143367122088847,0.11604751487068256,0.2007244695262831,0.1522477530430757,4,False
20,0.0,0.0,0.2224392428793155,0.16918584162051878,0.036667100762934224,0.03776505856878807,0.09439366893844384,0.10323758841884387,0.2056294769152588,0.1306820218958968,0,False
21,0.010979320273542495,0.0,0.20248982441629246,0.18788693886076538,0.06752407714727429,0.03217445322215057,0.08433312312369802,0.0840501745644734,0.19030907812244297,0.14025301026936043,0,False
22,0.016376159440051146,0.002913894051881306,0.2309879786206314,0.15079118483782755,0.03617274227578366,0.008184882834039203,0.08198640025315074,0.1077306003266909,0.20552141992637601,0.15933473743356813,1,False
23,0.034440899624525935,0.0,0.230524969029877,0.1597348759753779,0.0524542502434078,0.016204517037136476,0.07080644818880201,0.0798530257876379,0.20305917561637113,0.1529218384968638,6,False
24,0.014274538906817595,0.002503085951456077,0.22898399705385425,0.16662561913351076,0.044308695028338965,0.010042699848899694,0.08581443306504502,0.08619019265927991,0.20904157070941376,0.15221516764338403,1,False
25,0.014576160684649942,0.012432259110576183,0.2109069331582233,0.15691749615633194,0.05015665603389578,0.02445007152128713,0.0734562837611608,0.08950437385310508,0.20827780529268705,0.15932196042808278,0,False
26,0.0,0.0,0.24256851249201478,0.15469826875891043,0.05350621636001939,0.012796542474221946,0.08442147422925605,0.07913084963577151,0.21378857984343305,0.1590895562063728,1,False
27,0.053394670378419745,0.018589149461193347,0.26199225805412224,0.14578183796972266,0.041485268857159335,0.008688279458143303,0.06364025778870326,0.07546626760690492,0.19539517023788114,0.13556684018775006,6,False
28,0.022896537196012985,0.012170622346374258,0.21510997398790205,0.1558160750267719,0.04883339064240314,0.0,0.08952418708213496,0.08850578609017494,0.2115657884171713,0.15557763921105444,1,False
29,0.016046061991287684,0.0,0.22150287818824155,0.1529863097948327,0.04339707349419137,0.015583950025314122,0.10897878962180177,0.09532669433679421,0.1968613671192344,0.1493168754283021,1,False
30,0.0,0.00032667770559771035,0.21183392678256668,0.17628379467721686,0.04511409861246976,0.006795512961853094,0.07936280946448102,0.10313495863683964,0.2207339877807559,0.15641423337821933,0,False
31,0.0,0.0,0.24423722082542051,0.1615819103182963,0.037472733245310155,0.03758817585933261,0.07794198987138323,0.07660764254358704,0.20550825769252457,0.1590620696441456,2,False
32,0.031169876404787807,0.010848954013762962,0.23108809838824654,0.15688570787390915,0.03465592238421621,0.007914056531689332,0.06366452569874738,0.07486854946115537,0.23445445835132223,0.154449850892163,6,False
33,0.014078616766097837,0.02222107885870598,0.23285948963016764,0.1440499117646531,0.04043679702552669,0.0,0.08846836342176041,0.09088333299953179,0.2163878171016628,0.15061459243189368,1,False
34,0.009958449199116889,0.005355335743861369,0.22823350802403386,0.16380429764012422,0.031425032048333766,0.012588082777424838,0.08751871073728631,0.09266590195556572,0.22178972761735444,0.14666095425689862,1,False
35,0.02921432362073061,0.0018355881538264865,0.22690314873396003,0.1687974092924133,0.042864898140315445,0.0,0.08657556037710926,0.0696440849997654,0.20396910002493968,0.1701958866569397,1,False
36,0.0,0.0,0.22636085080121054,0.1669787360857578,0.05189225805858384,0.00651975382017517,0.0821923986294212,0.09928352918919152,0.20831990569967837,0.15845256771598157,0,False
37,0.0,0.0057754452801735785,0.22035233117490127,0.18059043030110178,0.04845325225989437,0.02424973159822247,0.09191233088607949,0.07787575518114763,0.20496156734887677,0.14582915596960266,3,False
38,0.01897263914274717,0.003311066254590448,0.23177288263915907,0.1635484367265772,0.02102938091999155,0.02750429042050674,0.07125463610441804,0.09242621038571529,0.219857258723706,0.15032319868258864,1,False
39,0.0,0.01686847334123699,0.19528662733534016,0.17747406360900703,0.05286929459248447,0.023962727608375423,0.0694252539218663,0.1055159544159759,0.20331332696316162,0.15528427821255225,0,False
40,0.028016996364511,0.0,0.20865158547499804,0.1538037351473225,0.03834397234489727,0.030571140044784947,0.09366340752128112,0.08560393843209366,0.19955409417914477,0.16179113049096688,1,False
41,0.0,0.011643637181094662,0.24381141173002657,0.160772158152666,0.028448806241350173,0.0,0.09042579280922677,0.1033971060456018,0.1995942135612708,0.16190687427876335,2,False
42,0.007599874617220337,0.0,0.25065420937942084,0.1585278631189431,0.011620404809951511,0.02409411403062532,0.08671424936959489,0.09815104666561371,0.2205897275318493,0.1420485104767808,4,False
43,0.0,0.004445696882497936,0.22623562822276957,0.1712273598176245,0.04225057800808012,0.016345795923897666,0.07542063148754653,0.09802720041188344,0.22665603337854662,0.13939107586715352,3,False
44,0.008268739176078751,0.00794699576831229,0.2244596176034438,0.15924029646935642,0.049815227518692495,0.019190921554107728,0.09042221330073087,0.07417763132841798,0.2063405973507711,0.16013775993008858,1,False
45,0.0,0.0,0.22479981027627194,0.17774016744832805,0.02920721657576995,0.02065749917290087,0.09032895393479429,0.10631630334753418,0.20137018866821502,0.14957986057618586,2,False
46,0.009950563856801778,0.0,0.211899118710697,0.17639199044747772,0.045279374942268275,0.0,0.08981905241715331,0.09289259316106407,0.22042026305142476,0.15334704341311312,0,False
47,0.01971858743476703,0.017100299297433508,0.24117483408409585,0.16285014322036762,0.03389074746677954,0.01734097326321766,0.07809780783462449,0.08083376036926855,0.22325369730586547,0.1257391497235803,6,False
48,0.01003692504112807,0.025152485568727755,0.2069001457870925,0.17414703864341471,0.0664716410619977,0.03445118913159765,0.07746027024917007,0.08681594631163421,0.1948940831644934,0.12367027504074396,3,False
49,0.010607518551694069,0.020833921376188645,0.23409009554499616,0.16656477843482118,0.03918470515974944,0.01526146911644588,0.08291950186578051,0.0961971005277854,0.19847912500572049,0.13586178441681823,0,False
50,0.020165295215835006,0.013253255288848798,0.22785005228492233,0.16770897551711514,0.05230212710629022,0.0,0.07514035752534112,0.07263207256819906,0.2157044491480686,0.15524341534537964,5,False
51,0.04513028634825056,0.004590140325026697,0.22698091636188428,0.15804593008426843,0.05643341557418223,0.022247533820151256,0.06145591274136548,0.06325282379750528,0.21247737938868666,0.149385661558679,6,False
52,0.011298674611745874,0.0,0.23954563513322033,0.1820581498084848,0.03520730113829553,0.005917400715921995,0.09040167320729821,0.09237510054598252,0.1922315279484873,0.15096453689056327,1,False
53,0.018621028513218143,0.0,0.22746255731369566,0.14864776954001982,0.03315424747956658,0.012221612155678874,0.09386288756294156,0.08991031686076831,0.2356394358106021,0.14048014476350898,1,False
54,0.011483896277871459,0.005724566392392515,0.22587695133315253,0.16629337602322544,0.03968058618609572,0.031067332656234476,0.07577532915075912,0.10740520999143371,0.20935896855660768,0.12733378343222732,3,False
55,0.028312335411624714,0.013395811055641917,0.2274986673942889,0.17263271468314756,0.05183533887550069,0.0,0.08013871733834833,0.07075496462974558,0.21000007362333495,0.14543137698836742,5,False
56,0.0024246767696538027,0.019485624817794173,0.19417803797562444,0.16976555895207493,0.047059079888151834,0.038307961628169254,0.07951738825966258,0.09108754697411796,0.20213428456664567,0.15603984016810532,0,False
57,0.04177846628784895,0.0,0.22678619882501272,0.16636759577915755,0.05103657575618218,0.0013452228456108783,0.06836365734163068,0.06611987850674773,0.22006328308468395,0.15813912157312543,6,False
58,0.029988942699469705,0.006574752190484695,0.24556913828007568,0.16595997627963788,0.04198408215149212,0.0057887355267663195,0.07994555071115235,0.06300931693831407,0.20842862133428672,0.15275088388832045,5,False
59,0.03670379662026339,0.0,0.21246623780978852,0.16309134951590656,0.04041785958953161,0.023701934184751212,0.07679879705493033,0.0901593074711928,0.2187589228179654,0.1379017949356702,6,False
60,0.018022528099800615,0.02187419427854218,0.22454398395240874,0.16193229954705574,0.021393532564730613,0.03210984625694382,0.07342172182479152,0.09519738348562554,0.21169839374463123,0.13980611624547004,3,False
61,0.017123883618585668,0.0,0.23776854619957188,0.17464473465842112,0.05398653050345961,0.01761785100762323,0.07837111208212774,0.06478815921159085,0.21634275441616582,0.1393564283024541,6,False
62,0.017780671581661335,0.0077200085487420965,0.21832408460123012,0.16062201309324542,0.020632539413809728,0.021434411851239465,0.08239915992648407,0.09420124964687372,0.22335790939530964,0.15352795194140442,1,False
63,0.02889179072175991,0.0015257966833627243,0.22537318418230246,0.15844332435684957,0.030877735224359076,0.0179644804775719,0.08541825827946913,0.08522468674159975,0.21105766591825847,0.15522307741446695,6,False
64,0.02575131548345603,0.001625899094603563,0.2303729299299361,0.1618078924413714,0.03478347934282059,0.02145929060947015,0.0792043314682986,0.09362079031667894,0.2175709125128335,0.13380315880053123,6,False
65,0.049465677902162976,0.01673443413965023,0.2635937713533078,0.15365890776789096,0.03849234996209441,0.013280343741315084,0.06920879543321404,0.08014109763604196,0.1908112837037914,0.1246133383605311,27,False
66,0.022579195556343575,0.011699657391813058,0.2404485910956564,0.13676808575803667,0.03862616087692336,0.021444850880493107,0.073014952425632,0.07350437771277478,0.22435433332615912,0.15755979497616793,6,False
67,0.002105124845204247,0.03268044990340384,0.22736221636983436,0.1647351587572321,0.05183026275229912,0.01635119066472169,0.06753943734586793,0.08880105165898051,0.21076252270690674,0.13783258499554946,3,False
68,0.02876404967065171,0.0037527378609307463,0.22853567706877945,0.16263248256566004,0.049480093628565,0.009594063646189418,0.06323869982901816,0.1032439281556657,0.22567170410654205,0.12508656346799776,6,False
69,0.048419705068096675,0.002261168302290758,0.22537202265415657,0.160838296147374,0.04957064229894601,0.007979285399755074,0.08566831980019886,0.0749017967407947,0.2100729174988294,0.134915846089558,6,False
70,0.05003278425584938,0.003811010733050882,0.23637476575138447,0.1740747505166289,0.02778328819093899,0.024799436945134173,0.0602520675474807,0.06256323086090561,0.21505227666073187,0.145256388537895,6,False
71,0.06543776378609956,0.0037701044602111477,0.25756912168390295,0.14959864812568235,0.05426510594086534,0.023314638930683824,0.061338047780740944,0.08493839124769746,0.17723702197738428,0.12253115606673223,27,False
72,0.04828682563518648,0.0,0.2321557139591977,0.15735203695476035,0.0395259356151297,0.0019390442691089385,0.07956268462464641,0.09002552554721714,0.20724867160121968,0.14390356179353347,6,False
73,0.06476482549739379,0.016642139910173662,0.26719146499597685,0.14944998070927562,0.0517928533857215,0.0,0.06044637669612441,0.0588071742881145,0.19934563619828977,0.13155954831892985,27,False
74,0.030008981609898327,0.01228007664354973,0.2229685753621448,0.17925401090273962,0.029928565163430915,0.01345337273394986,0.0873036793305669,0.07625496986218848,0.21194345955974367,0.13660430883178784,6,False
75,0.0027693193313761246,0.014041367743180915,0.2131990382667577,0.15843814317189925,0.06255497232311043,0.020036668513761565,0.0823822766392008,0.10545503229332964,0.1968647800415613,0.14425840167582232,3,False
76,0.010239402055241195,0.0,0.22331584246645184,0.17792082672583268,0.05812245430818245,0.014814372471205896,0.08739683302025807,0.08480525441061713,0.21176628199078457,0.13161873255142628,3,False
77,0.06263670283553165,0.022675684847405373,0.22404730108282056,0.15202331321842424,0.0493477055858742,0.008795874709783092,0.05183382817858693,0.07688047960589943,0.22368451898672664,0.12807459094894788,27,False
78,0.04381278880621543,0.008730881821858388,0.25073253184809086,0.16251045980106607,0.03674033478602194,0.02734482828235089,0.06862104534896603,0.06961812579655476,0.19380861964101836,0.13808038386785726,27,False
79,0.048893408903933476,0.026315401944751262,0.25660685929928345,0.15183484213908258,0.05360190189460638,0.0,0.06421891115459011,0.07818231559529575,0.19790371558228254,0.12244264348617435,27,False
80,0.01990018282222545,0.02073434353236677,0.22864983960405083,0.15914343695748748,0.07679197875774758,0.03633427297142041,0.06505759304900423,0.07515454035713479,0.1881053174158307,0.13012849453273176,48,False
81,0.039439454962691356,0.01175986379606493,0.2858520247852037,0.16252189267661601,0.041452308478780286,0.0020402265938570404,0.06093183422313979,0.07605991754610268,0.19183503856042391,0.12810743837712033,27,False
82,0.052474192564926546,0.02409080749293886,0.25704228269311086,0.13788628136582415,0.04024135378723001,0.012034071597114716,0.06270149986983961,0.0808381262478784,0.19904739429841434,0.13364399008272249,27,False
83,0.018547465026041952,0.009880050771930835,0.22397534969605631,0.1640647709100872,0.050030741245370366,0.020224202653324783,0.06542582024890911,0.08948799997177455,0.22203402544609133,0.13632957403041362,3,False
84,0.063767134571315,0.02711084201683139,0.24290581101059547,0.1356492520774647,0.06155246668043313,0.013063791826417575,0.048990934330888546,0.07846048859374671,0.18527859364837346,0.14322068524393408,27,False
85,0.04591785418039177,0.043856560411795496,0.26060814317381054,0.12637725647020895,0.042913802876017565,0.013133052777064533,0.068515555421703,0.07692266534379888,0.18051375920990187,0.14124135013530748,27,False
86,0.04602715379112157,0.02565583975707572,0.27916996717281495,0.16196572861699313,0.03165909986426389,0.01794702074647011,0.07254580259756241,0.05432704205806865,0.1808883640020529,0.12981398139357667,27,False
87,0.05023700668691441,0.03080339827079644,0.2637596073529774,0.12539180882164624,0.05407318171388719,0.0,0.06928999054591346,0.0648454729418259,0.20579917304102113,0.1358003606250179,27,False
88,0.05659372390994724,0.02184666810477535,0.26105712655288,0.13207233920614295,0.0375303439291669,0.0008917803208051759,0.07247482711795887,0.08924473834256784,0.19015817294601592,0.1381302795697398,27,False
89,0.0466253319101974,0.016101032061587972,0.2598244346267778,0.15421524258397556,0.04400091212885314,0.03621670781040099,0.033564652296601404,0.08676241905851054,0.18123145062789217,0.14145781689520304,27,False
90,0.041006071089631085,0.004592723135398388,0.26207479471635403,0.1568266895717238,0.04284574374305204,0.018161950626522847,0.05886811317202622,0.07374541805994538,0.20286006193578998,0.13901843394955626,27,False
91,0.05090282310210463,0.0,0.2662213920416283,0.14420621750510737,0.030979839603745254,0.0010643183135122618,0.06470265574972003,0.07648645177312925,0.2249879258844809,0.140448376026572,27,False
92,0.04490289886635593,0.005864062122885996,0.2674269229919668,0.13925641955730167,0.03334293921843399,0.03022322767209706,0.05225075389586081,0.08489026994589714,0.1975072762841057,0.14433522944509497,27,False
93,0.0034646296377987967,0.01638464688729976,0.21827364198413224,0.15969120974238624,0.07042026507514998,0.025293041347746372,0.06625978584820204,0.1062941399086095,0.2076686543572451,0.12624998521143005,3,False
94,0.006627799381976989,0.04484464310488797,0.20906121393243005,0.17065207530337348,0.07052672930103517,0.02092416012058999,0.06296039541495271,0.08159971331385395,0.19299911286274038,0.13980415726415932,48,False
95,0.054174369776352316,0.030923430911511555,0.24231125293201838,0.15255805040656187,0.04593010705795515,0.013099374080714292,0.05070804084333666,0.067701958646132,0.19999735202634755,0.14259606331907024,27,False
96,0.043545851659796776,0.005780303878142437,0.2650110094038955,0.13752471251859272,0.036428866683395365,0.006261815625372502,0.0816647123142059,0.0839562659590315,0.21803927147839178,0.12178719047917559,27,False
97,0.005886437271089382,0.01929119090964433,0.2152597742918983,0.17773018090191736,0.04586647393890163,0.041357888628669646,0.08018102186073643,0.08072676337031887,0.20444635914661816,0.1292539096802059,48,False
98,0.005063691832082015,0.022651160167301766,0.21441223472509294,0.14793333493542743,0.05926487973918981,0.024892770039279328,0.0867144668768259,0.0945102138575899,0.20600561260476,0.13855163522245081,3,False
99,0.05810807464839451,0.020262494008405005,0.2655520963738127,0.13597946589513335,0.055651488397247345,0.01790831968808662,0.07643241663786358,0.05741766368296393,0.2007724937340925,0.11191548693400026,27,False
100,0.047679481130837,0.022266541972348414,0.25733051052530737,0.1434028073634566,0.05195923142757486,0.007782728672494142,0.057303190622911476,0.08137431620485902,0.1820848624928422,0.14881632958736907,27,False
101,0.02368356880859033,0.02557485152986574,0.19814004032728577,0.1807344675656249,0.05755786492772494,0.03593244762060625,0.08311245206283961,0.0914350169117472,0.1951033445560718,0.10872594568964332,48,False
102,0.03898098573744103,0.010592552740106714,0.25772430566135063,0.16873165316584735,0.029682944689967367,0.018284193343789234,0.06512112172579058,0.08990774526213538,0.1795710808926835,0.14140341678088816,27,False
103,0.0019613016695360086,0.013532088368817639,0.22626172874638323,0.16855653389326541,0.04023925346966937,0.009646669978679316,0.07583018309700856,0.08615064688757396,0.23323130250510413,0.14459029138396232,3,False
104,0.005070637502507105,0.030835688852818864,0.21646204382491643,0.1657557518525903,0.055987989266307735,0.04292505315279459,0.08098415532691011,0.07642615519258031,0.19433262106936497,0.13121990395920952,48,False
105,0.011636425530178882,0.016104680670373094,0.22499116135143232,0.17813639963584513,0.049724264242148396,0.04503598897934509,0.06913717461188579,0.08611334659374492,0.20551134557084721,0.1136092128141991,48,False
106,0.005626558625002527,0.015861222313331765,0.1984621109133639,0.17047925560167462,0.057965976380131096,0.049983553881345455,0.08026769284565531,0.11467191141629647,0.18980315143166038,0.11687856659153847,48,False
107,0.0055014145503835075,0.0371516710188701,0.1834166042117491,0.14984280918609214,0.08932251182622723,0.04404220065575837,0.07751630002865159,0.10702757668938455,0.18143153913475785,0.12474737269812554,48,False
108,0.050489164270236885,0.00489565459718963,0.26326773656774166,0.14732125428003742,0.036110663849382954,0.01158462616721928,0.06352393951853269,0.0773068195728114,0.21007099710734708,0.13542914406950096,27,False
109,0.014378532568909074,0.006195239819105328,0.19420337201442284,0.1809923008055362,0.0686208082181597,0.04839413047986285,0.09050038087139785,0.09431251444284693,0.1865073959605266,0.11589532481923254,48,False
110,0.01764744915217655,0.03738171402234806,0.18300329622351347,0.1612994662122238,0.06883502768084766,0.030030369773853493,0.09704343760127246,0.10021872745647217,0.18842441439443475,0.11611609748285748,48,False
111,0.0,0.030862749341312636,0.2099827359571817,0.18369496025982676,0.059026195682834286,0.029843929056873223,0.07702674327058927,0.09458513917514826,0.19394391824667734,0.12103362900955651,48,False
112,0.0,0.03443294073098682,0.1992393105492242,0.17199681680688303,0.06988535475847936,0.02947855971554979,0.08454260053625826,0.10265281945617631,0.18576851510400513,0.12200308234243717,48,False
113,0.009780278934583218,0.008175877589312283,0.21022991813619557,0.18354056288217407,0.05583435108168806,0.032849363914143906,0.08139276990949904,0.07991660160481977,0.21827630820093685,0.12000396774664733,48,False
114,0.021142013409392178,0.034837621256779985,0.21303483594859626,0.16286955980446535,0.06679535684250724,0.03102977083661918,0.08531328682991501,0.08465241594587324,0.1886338239939578,0.11169131513189381,48,False
115,0.04935174552658462,0.01516141099421221,0.2689722593037039,0.15472685985405935,0.03390010491021453,0.0,0.06558468775723551,0.09281920168583332,0.19090467867743457,0.12857905129072203,27,False
116,0.024218242066085797,0.028994119771176458,0.2128636360871792,0.16580784403459806,0.06310067373645831,0.0334234071922043,0.07682354810981996,0.1073326454739065,0.1858156399394408,0.1016202435891306,48,False
117,0.006203482247699454,0.03339661924224136,0.20885504387546744,0.18872688805093996,0.04880114664524123,0.03861452713842443,0.07602366514433023,0.09270150619686017,0.19070538476753693,0.11597173669125874,48,False
118,0.0,0.023860145618273872,0.2212283481910142,0.17557142997712702,0.06849386257168781,0.031306878939057814,0.09247295462165397,0.08313661965486724,0.18754289468665228,0.11638686573966568,48,False
119,0.017709921293925398,0.03621703398080517,0.2135416028364709,0.17350441727006016,0.06926425310187061,0.03369580935299608,0.0710429707741493,0.06349385760598703,0.19768547001530332,0.12384466376843217,48,False
120,0.012768965997373665,0.016392186971493174,0.2080696558566541,0.17748782873364305,0.07001117955887015,0.04048834758007503,0.06926330070955819,0.09464365352774065,0.18487913189335736,0.12599574917123466,48,False
121,0.0065451193260265845,0.011902395667261432,0.21058787624034386,0.175136821091083,0.058594697188905205,0.02057670926654078,0.07893818005330956,0.10031183780103547,0.20923866379181125,0.12816769957368282,48,False
122,0.002512262293509484,0.034942561826016516,0.20572892050509953,0.16813434349953654,0.06361580386507129,0.02640713499831586,0.07840390199861366,0.08534479228269183,0.21774778747711865,0.11716249125402674,48,False
123,0.012623765055369437,0.014017140962225547,0.2135605493475543,0.17556814166397072,0.06352184431274396,0.04784374187753784,0.07640300651951522,0.09649171045033351,0.1895043718849693,0.1104657279257801,48,False
124,0.0021296468910485464,0.04287405210350115,0.20053089932162754,0.16597137444053633,0.07389874795848483,0.04865556402382258,0.06359231077684005,0.07315497972239571,0.19236589504632642,0.13682652971541684,48,False
125,0.0,0.030423603830382576,0.20967882477429048,0.1666472709005989,0.07742317121997996,0.02717681649334896,0.07441006084282284,0.09428320309605312,0.1901296053860974,0.1298274434564257,48,False
126,0.019835852476005222,0.025242270290828022,0.18982938163568122,0.19012418735159542,0.047361469846431366,0.03539762945094228,0.06485509799820452,0.10140198720760997,0.1970561369167553,0.1288959868259467,48,False
127,0.016868353246509427,0.04092124331679904,0.2213717779541594,0.17095570771099505,0.048473747471136926,0.029111823188519858,0.0750995986671433,0.08029334808005655,0.19428455973990355,0.12261984062477695,48,False
128,0.0027401903842728705,0.03520951920713498,0.196791505562415,0.17930273198456237,0.05660713638560804,0.03020636059526712,0.08445986493102674,0.09651351718354252,0.1826081544476348,0.1355610193185356,48,False
129,0.02082171823901774,0.02650020000988967,0.20143465982242628,0.16991261463768811,0.05798728935057718,0.03291074308195695,0.07024743827709241,0.09691384600432867,0.19605201684916362,0.12721947372785924,48,False
130,0.015101257812162554,0.027680776615894014,0.19233381892482088,0.15910723229928447,0.07698624610552092,0.0575546741563948,0.07432768496743479,0.07678307734779284,0.18476403387919044,0.13536119789150433,48,True
131,0.0026187277757439755,0.027719791637065477,0.1876703688263335,0.19140247421369014,0.07181428038301682,0.03238587329168207,0.0688247774255672,0.08010087039538093,0.20380300621494443,0.13365982983657532,48,False
132,0.028317250768214584,0.010553238368511887,0.19780186629964858,0.17620390915786058,0.06731747830982347,0.03592107016828956,0.07117535118175738,0.08785472459929189,0.18778911105823273,0.13706600008836947,48,False
133,0.018116626096486527,0.019494656896007406,0.20323580502019642,0.17543840568540545,0.040167010413657105,0.03428206718108915,0.07332087596691042,0.09655637152832905,0.19615725698508996,0.14323092422682845,48,False
134,0.0,0.029033087904626793,0.20184425214730997,0.178032335657322,0.059806755568138165,0.036034549986338364,0.07120813778693201,0.08767786355233682,0.20151188799041853,0.1348511294065775,48,False
135,0.008144671888606944,0.026828764643402746,0.21630900262964026,0.16977048247518187,0.07415722200741068,0.03818416665680746,0.07315901820287604,0.08101511071725204,0.19484793762378252,0.11758362315503944,48,False
136,0.018690865188158743,0.012716390582111896,0.21890927010378275,0.1601243188790792,0.06307720720505662,0.03306836151223871,0.07597901534324958,0.09220519575602357,0.19287083141688266,0.13235854401341632,48,False
137,0.0024988523721305193,0.03133262905991165,0.18358914860238093,0.1851397194980416,0.06037191553088909,0.040185399498803086,0.07382911321668717,0.10366456720551544,0.203706132724976,0.1156825222906645,48,False
138,0.016494753751812873,0.012653803425744067,0.2087813301172913,0.17979215021240405,0.06671122304495263,0.030426849907875097,0.07675817216595153,0.08071959013603426,0.20636974698506058,0.12129238025287367,48,False
139,0.029810564189205635,0.03159763163747547,0.2018489960445796,0.1666665244628693,0.05098565795363645,0.03398174227107704,0.07806917137759496,0.08271279591277989,0.2067602314614538,0.11756668468932793,48,False
140,0.05503563177959651,0.029830174459911183,0.24809150584486972,0.10653631162512966,0.07531747986825252,0.013810122751886434,0.06566766557350731,0.08779543822926163,0.17689347762095686,0.14102219224662824,85,False
141,0.0,0.021191108414030976,0.20038890604529747,0.1862964715116583,0.06696084802815395,0.012363820842530725,0.08088840192993367,0.10151043792371138,0.18809570972026612,0.14230429558441732,48,False
142,0.0006408890299814949,0.02361974181672117,0.19312742592718557,0.15989813947603743,0.09046414681919475,0.023410436765585373,0.08902162351682898,0.09276697989162981,0.1857099781288505,0.14134063862798488,48,False
143,0.013225576917954042,0.01912991702350166,0.1947292737068515,0.18520160721735046,0.06153221251291145,0.05467665081837921,0.05880576336410266,0.07982456318210512,0.19923259585510694,0.13364183940173696,48,False
144,0.018775738018921607,0.02059764389394945,0.20202464167483905,0.17675306761779228,0.074081945918783,0.02766329926477874,0.07987251594945205,0.0951371931558831,0.19321575671501898,0.11187819779058167,48,False
145,0.01145467532340186,0.009898986546006914,0.21658266933702675,0.17419086124153355,0.05805599009818409,0.035427967549844945,0.06279954727903565,0.09445093108922689,0.214640007264383,0.1224983642713564,48,False
146,0.006656960661701407,0.009199440586182835,0.23256633515142927,0.18554413890221963,0.0502249981094991,0.04073712345143273,0.08807294553638041,0.0847661832130941,0.16859902238631613,0.13363285200174427,48,False
147,0.005159870459125478,0.03767422933495198,0.19508932631946257,0.1537378258669704,0.08324482543699624,0.03713772463105129,0.09273569527086886,0.09504723565842266,0.18359432995980215,0.1165789370623482,48,False
148,0.0,0.02355494786419632,0.20795989700392847,0.19029593886513585,0.0481887663725188,0.03390012883339885,0.06941036341384664,0.09782956849519679,0.20031143027797077,0.12854895887380752,48,False
149,0.03545668939003072,0.03291860536488988,0.2057652497951866,0.16428557667847912,0.06819218647544856,0.030808700570515123,0.07075893735301753,0.09597598220533997,0.18089762033951742,0.11494045182757509,48,False
150,0.015255119858532949,0.03475671491780139,0.20576678104963614,0.1754316458125744,0.05495906311904025,0.02313255267798543,0.07302270888125659,0.07860891313103194,0.21616245430296044,0.12290404624918054,48,False
151,0.014043068176771069,0.019389624974753876,0.21162122395835545,0.16495951509480522,0.07364850999586799,0.03248024599184215,0.07779464194695333,0.08924534488717632,0.19757228250700634,0.1192455424664683,48,False
152,0.018858128564847813,0.02619551007933094,0.20681505926210925,0.17123971469816934,0.07806746702227066,0.045129656330074805,0.06600715839826782,0.08257991530070996,0.19639421822746914,0.10871317211675013,48,False
153,0.025793139008998676,0.0025476707013890845,0.20705639212261834,0.1746909814583923,0.05733457935670389,0.029892905815063497,0.05879647582253898,0.08179576223127338,0.22082251237197723,0.1412695811110445,3,False
154,0.0028383726894755275,0.018096596951308195,0.20189321123893486,0.17624461939218294,0.05355955716912225,0.04080765328461418,0.09653839280861315,0.08555552806274469,0.20385370669629518,0.12061236170670897,48,False
155,0.026349897577707282,0.013053531959910691,0.21111546676026002,0.1559282540050809,0.07338794256919128,0.04791373903432022,0.07716655212180216,0.07691482058227603,0.18290176090896873,0.1352680344804827,48,False
156,0.020236130137867344,0.018514921727029916,0.19655030174301902,0.17625955552697145,0.08326075730090804,0.034997254318627706,0.06884806141225511,0.0964572011455148,0.18727208636503534,0.11760373032277115,48,False
157,0.020569982521985528,0.02365202174125768,0.22288267628585196,0.1642388799842956,0.05699503101412199,0.013946177088273753,0.0866534564983839,0.084143243076133,0.19760663151951224,0.12931190027018427,48,False
158,0.016136525677832195,0.015040500437636654,0.22265355853320112,0.18307175228396194,0.07587033050066494,0.022746723972778958,0.06731895458294575,0.08899758577139438,0.18904834943976523,0.11911571879981886,48,False
159,0.003401013769912056,0.024617407551423595,0.21015706526060998,0.1691118448053663,0.06594696243902283,0.03430520574210511,0.08789913844372567,0.09011244153469739,0.21074582001960865,0.10370310043352846,48,False
160,0.002071203114822016,0.033979652742028084,0.2133109319346251,0.16880393933642096,0.06653271818974689,0.04632322252806978,0.08201808957464739,0.0957583269131825,0.1835128166239326,0.10768909904252467,48,False
161,0.00013484236136794038,0.021190219019566976,0.21205654860067188,0.17332063422736133,0.0558389836564537,0.04841405660400712,0.08947342912171008,0.09036629315641703,0.18186865656725323,0.1273363366851907,48,False
162,0.0007561068551297339,0.014754946073950548,0.22318050742396373,0.18382172751823153,0.06634683115471245,0.029168835980535445,0.07455385751046352,0.07011493623423425,0.2053809155406716,0.13192133570810727,48,False
163,0.0055643718243016975,0.025647391932789233,0.22154355882915272,0.1642124049365218,0.05567107245547711,0.0476471966231001,0.07643458021838896,0.09878213685755902,0.18404380490230166,0.12045348142040775,48,False
164,0.02831131299844438,0.01156067129670457,0.24296280384877497,0.15515633303446924,0.01508734832989335,0.034549595263828066,0.07697953881794715,0.09174460538763013,0.20518904777560662,0.13845874324670152,60,False
165,0.013109635254233828,0.03243020596159182,0.19532493294098743,0.18718076795101582,0.06980630114596846,0.046079854356823644,0.0633703499299158,0.08992741932011064,0.17988610646067577,0.12288442667867679,48,False
166,0.01877959732978254,0.024917276744086597,0.22226117693013134,0.17586223313696664,0.06710390492606862,0.007471080009260636,0.06229992557329311,0.0982353945358036,0.19915806187654211,0.12391134893806484,48,False
167,0.031471470370171284,0.042347343034482905,0.27329002548394443,0.13434748804079538,0.04545985995368078,0.028667195306036803,0.05805013998430126,0.06479479346989893,0.1728027274102727,0.14876895694641543,85,False
168,0.028868472336962405,0.017738406096719398,0.20283611183172925,0.17655830974491743,0.0875168133062347,0.02764254876096359,0.07236393255346082,0.07311407415329475,0.20176981559941914,0.11159151561629854,48,False
169,0.0,0.026671408917521122,0.21436256042594293,0.17087317936048876,0.07628752863610479,0.022156069149599222,0.07800435220394586,0.08735077630306425,0.1967268312139707,0.12756729378936238,48,False
170,0.0,0.026270753677454146,0.20643216590831268,0.1926062275991316,0.056741250830591,0.03225870314841178,0.07858683823390497,0.08840372857360376,0.1882275811530164,0.13047275087557383,48,False
171,0.009249858638943172,0.01669583604345725,0.2055771086849528,0.16676635687092203,0.0697675138680218,0.03850025165266021,0.08598542534815652,0.08486382590901112,0.19410369709190087,0.12849012589197423,48,False
172,0.00786180181078436,0.007348027223046561,0.2116369077295263,0.1771839232161466,0.061476774422191786,0.03485307983198133,0.07816481197065048,0.09165374826709666,0.2048147832590166,0.12500614226955936,48,False
173,0.003953095296077219,0.03161888265874394,0.21156110789658797,0.16627250416588862,0.07603373424856669,0.04443859081668539,0.06724349412844577,0.09248769068400259,0.1861294315237861,0.12026146858121567,48,False
174,0.010661051185100948,0.04127144687033463,0.22252179946631,0.15614683615382746,0.06243799225528521,0.03570959633710383,0.07429828398970474,0.07360523138093436,0.2084927139973386,0.11485504836406019,48,False
175,0.0217262816894798,0.02368856527699543,0.21921109755195525,0.16989190657534414,0.06860598314467273,0.016374740234298073,0.06113419841044046,0.08804173182322407,0.1976001801318903,0.1337253151616997,48,False
176,0.019576960733055117,0.01247114117744301,0.203848825503424,0.17167858661218066,0.06576108307024754,0.04291422983343542,0.0692877380906392,0.08876058946066136,0.19992731259334573,0.12577353292556787,48,False
177,0.0063162819063757375,0.035063248129862466,0.19402051946603302,0.1694444533393512,0.077811920839637,0.040022220210816646,0.08862184966627264,0.08827809591939434,0.20330402459051386,0.0971173859317431,48,False
178,0.037633197057313494,0.04151724986010571,0.25926186109078514,0.14737816875709422,0.02885720322283316,0.005033561843461262,0.06371334887277211,0.08810436168351411,0.19040389086082826,0.1380971567512926,85,False
179,0.03778589821518048,0.04771746244623183,0.26451862090372585,0.14005529670082092,0.0436565145872231,0.01396298674875918,0.06271509477894684,0.07353143116935418,0.17859658551405377,0.13746010893570398,85,False
180,0.008470427724099915,0.014060644495072147,0.2078513918934613,0.19575384130638165,0.06472976921234368,0.008527862434995122,0.08105209632341953,0.09744922133509601,0.1942551968893921,0.1278495483857385,48,False
181,0.007336171452540003,0.04294872658470534,0.19220831868449467,0.16794627595541484,0.06983117657395069,0.02378303926441528,0.07147907645282034,0.0932481144468598,0.1933353701272196,0.13788373045757935,48,False
182,0.0036849768083969934,0.028649358526573607,0.19014660606078188,0.17758902108749983,0.07771860039550142,0.04418295122949881,0.0751313205887272,0.08836178785968896,0.18300381501078797,0.1315315624325434,48,False
183,0.022870076015631333,0.033717548544992204,0.2158896758223326,0.17825839787167522,0.046164462089444164,0.03067116769378385,0.08040774834937574,0.07781258868270688,0.20238491639095862,0.11182341853909936,48,False
184,0.009215605138056873,0.03193371845728719,0.20133373461080145,0.16272171191612042,0.06762975135445182,0.03855149903709806,0.08387323953320312,0.09949282739764591,0.18149130441241726,0.12375660814291782,48,False
185,0.02838255400249929,0.03929152013344903,0.26622011550348484,0.12352092508690383,0.04564841463392391,0.03286718525588273,0.059173516484681096,0.06625087770875403,0.1868086186891249,0.1518362725012963,85,False
186,0.04751263899896373,0.039580042824882804,0.2537896762526675,0.12755071360473655,0.04055297129021567,0.008203941255403557,0.06495649192614404,0.08544299949082494,0.18737329911528794,0.1450372252408733,85,False
187,0.06300810280318726,0.008616110102762822,0.2771257614843955,0.14682672559830492,0.03386301041580451,0.008198592738448243,0.05545241135345286,0.07517549458023354,0.1973879464686263,0.1343458444547839,27,False
188,0.0411701711613207,0.033775491845166296,0.23529944873514538,0.12308005650014606,0.03743092831125809,0.03167996759295203,0.0836604351527218,0.0724978162635478,0.19035993957004615,0.1510457448676956,85,False
189,0.010469075359467351,0.030238986230095355,0.1935022192170744,0.1931520425225144,0.061445302525510045,0.04107015767530232,0.08716272357947188,0.07289243724021228,0.18974672869944792,0.12032032695090421,48,False
190,0.04554069165429329,0.0438434290978107,0.25283938216004864,0.1260941707953943,0.03344747235141618,0.03145436266585392,0.0726446790287232,0.08379829445351011,0.1828191101389047,0.12751840765404496,85,False
