ID,strat_res0,strat_res1,strat_res2,strat_res3,strat_res4,strat_res5,strat_res6,strat_res7,strat_res8,strat_res9,ancestor,alive_at_end
0,0.3113089206354245,0.014990226573911794,0.04990912422984997,0.18842828659407362,0.16035093490589936,0.030651106358812123,0.10654394584020374,0.09200420391339596,0.035899912348092866,0.009913338600336176,0,False
1,0.3102831650358692,0.019903018151621522,0.042754180319841364,0.19681036423633042,0.16319130085560574,0.03503462054861151,0.1002823697733726,0.09425447060762694,0.027205110813686692,0.010281399657433939,0,False
2,0.30168871037328243,0.019811319021432402,0.049696800603917846,0.17884651272297888,0.14694271885562726,0.03839353912568545,0.10473568016192011,0.10034077570626833,0.05339420648424335,0.006149736944643905,0,False
3,0.3303717108833883,0.006221357820638027,0.037818225324436405,0.18010306939533813,0.15870136315342695,0.025875478563719252,0.1137050503784078,0.09323090154051801,0.03655058583620431,0.017422257103922985,0,False
4,0.3111963142427681,0.02017503400202224,0.054629669032056016,0.18696962127605463,0.16458433402363118,0.029468611139534008,0.1098784405561474,0.08798908414434731,0.02798106707321959,0.007127824510219528,0,False
5,0.327303487336597,0.024050238119188643,0.052384783808558724,0.18050768472299097,0.17420384775545422,0.024228731802731867,0.09634688075698364,0.08499554996883019,0.01906303772379698,0.016915758004867682,1,False
6,0.30969739495308407,0.033886526717330966,0.043271059134290274,0.18008254990275133,0.1661112259815761,0.026463362702146165,0.12127724717300287,0.08737915358505471,0.03183147985076349,0.0,0,False
7,0.297208453851887,0.023082432305756437,0.03876488325195727,0.18411096409297495,0.17181567001448553,0.03029329263546677,0.09173912368002639,0.10833935328472845,0.042013132006025904,0.01263269487669145,1,False
8,0.3166130559319012,0.016752012295278708,0.06332151893184619,0.174413683255042,0.16271612078306275,0.03919679235685422,0.10571182715846744,0.09492792620469676,0.025978842543889574,0.00036822053896118384,0,False
9,0.31866851740319496,0.028544548874221934,0.06956851963176867,0.19209837453912676,0.16755834184315319,0.029986351268636722,0.09568513782660243,0.07475953800110009,0.014824722966718365,0.008305947645476876,0,False
10,0.3089545564027589,0.010628859011808203,0.048340232481254505,0.19090427045622319,0.13338721036965312,0.029458120231969,0.09837309913001424,0.11646810189392623,0.055494667991018924,0.007990882031373546,2,False
11,0.31139794130794995,0.013522895284893886,0.053539694039384196,0.1998328148092177,0.15608415297770706,0.021692106410556248,0.10644336883911716,0.0919774425209282,0.03189113667542125,0.013618447134824314,1,False
12,0.3263528171364373,0.012714950139841042,0.017468304947026777,0.19043105741547695,0.18222937088721905,0.025105305928981886,0.09705105285455594,0.10782884964282757,0.025935503515012368,0.014882787532621117,1,False
13,0.3130937428958791,0.013485158848020923,0.029281714202698473,0.17756372151822303,0.15552984813889528,0.026214041998347322,0.10312076063449611,0.1128665226025351,0.06884448916090458,0.0,2,False
14,0.3087804658857012,0.030452802821075355,0.045306114736944375,0.1688749983011123,0.15807841866726427,0.03504026745066427,0.12192763054711843,0.08463984544725295,0.03790671542069582,0.008992740722171235,6,False
15,0.33368851793716897,0.011322580406266809,0.03401945769356163,0.1664449316369513,0.14442129744353405,0.025907978391694685,0.10919849216771309,0.10771819607651463,0.052776396919613715,0.014502151326981292,2,False
16,0.2971592173767429,0.017404339083288905,0.03316178215064678,0.17541973371055905,0.13691360631113625,0.034609480223319576,0.09988714192790664,0.09914449476958571,0.07109416131155774,0.03520604313525625,2,False
17,0.29915067253547933,0.003058713224752571,0.05186902721986288,0.17370315456103175,0.1548056077420786,0.04159264568130725,0.10896037886519637,0.11230679222748799,0.037715256774409574,0.016837751168393658,0,False
18,0.2760165615540053,0.022227700998442627,0.0521565213518604,0.172415954211708,0.14803855952651876,0.04541877185003542,0.11952975410625091,0.10500348214201469,0.04174823862244152,0.017444455636722297,2,False
19,0.311273137501373,0.009959782469313533,0.04709828036060177,0.17501721321498895,0.16048396866839798,0.01583411467581367,0.10920481128158649,0.09995030887895603,0.06930507315513078,0.001873309793837746,2,False
20,0.32823326758784216,0.0053316208611089485,0.05372301583462747,0.1993994554212782,0.1661221167255648,0.011737134472795006,0.10562165406059858,0.08812847980016711,0.03999730223782502,0.0017059529981926934,0,False
21,0.29415586105782443,0.02083211966108019,0.04254102904341074,0.19073316491778505,0.16548080402237247,0.02833165610215055,0.1152381275625752,0.09363471894760989,0.03307135879620002,0.015981159888991323,1,False
22,0.3150513005538001,0.012699402206403412,0.04137371777748035,0.16135164928743365,0.1721978840071817,0.03316600276167853,0.09355143050843027,0.11067193673367998,0.055860879619495374,0.004075796544416676,2,False
23,0.311829071027628,0.017677550661296455,0.04954137401787965,0.2045846460945573,0.15815383512255846,0.021214189612777542,0.11100170122865508,0.09985026005206157,0.02462541340723553,0.001521958775350395,1,False
24,0.3228379464349511,0.007281229815819745,0.04232973149963262,0.19628457085393652,0.16066419060634454,0.02756932662091565,0.11229688447265394,0.10111606329654622,0.022477751907316358,0.007142304491883314,1,False
25,0.2930074410740563,0.03000909601296618,0.049867051168205584,0.18157499504575464,0.14044756282926313,0.023599167670541262,0.10247266174606469,0.10137801822461245,0.06620738095793614,0.011436625270599592,2,False
26,0.2960615126175232,0.020381198957884594,0.04465451500114185,0.17754045721010872,0.15554056557289175,0.0443887752993989,0.1012696977067614,0.08478657822152051,0.04325981729718427,0.03211688211558459,0,False
27,0.29889737156278434,0.005650178218661129,0.0358753113995303,0.1802148557561371,0.15062424109663955,0.0451395144598915,0.12021255168937439,0.09950299596269077,0.04003718173603969,0.0238457981182512,2,False
28,0.2996344862964143,0.025024384066758474,0.045544417054191856,0.1795925383628478,0.13559932071036973,0.0414687632966595,0.0930092666907256,0.10646238393987596,0.054041192924856755,0.019623246657300045,2,False
29,0.2903147340412199,0.0127617377415872,0.043074879793539106,0.18191827281990716,0.1539519902768894,0.04246074263001463,0.1015579521769082,0.11180420296441038,0.04949822000117822,0.012657267554345705,2,False
30,0.2986462740582459,0.03215071664598244,0.038950990272233116,0.1916761056369254,0.14723250692635173,0.0359839555765554,0.11075178705780593,0.09449444819189462,0.050113215634005503,0.0,2,False
31,0.3125184358114902,0.018867524562629356,0.05284559748348774,0.17854383849795838,0.15184685942337697,0.04378821617232294,0.12235246455306224,0.0823227614090097,0.027116879901917704,0.009797422184744763,0,False
32,0.29443637133903755,0.01848506795612412,0.05457885136740465,0.18333051919466806,0.14508827383221234,0.016217180467451315,0.10502953310052578,0.10770048449376957,0.06365858135066323,0.011475136898143376,2,False
33,0.31318460683876953,0.007554191977241966,0.0350365842062094,0.18466871502988463,0.16406961036719908,0.029481253724431583,0.11521064889340728,0.09086615791966925,0.03372290241346636,0.02620532862972102,0,False
34,0.2928386095120314,0.017950722167187287,0.04399674900567555,0.19131853016219286,0.15936428131250618,0.026258995606898962,0.11849609116454343,0.09085694962904868,0.04744443825305214,0.01147463318686359,1,False
35,0.2971162267206113,0.03273626203866219,0.04415735385334857,0.21407160892448743,0.17687809785652722,0.03080511714515219,0.10441756372651377,0.08635140711702681,0.01346636261767051,0.0,1,False
36,0.3319342291110527,0.011468180178429715,0.04812348697876101,0.19769351244980296,0.16570735478482468,0.02905014816569056,0.11177889782445972,0.07541217618123872,0.020378857305293457,0.00845315702044653,0,False
37,0.31828310769172147,0.013043121779054742,0.03650996139730807,0.19552252089153835,0.13841938198448187,0.03748563307088331,0.09710361787564893,0.0989477386659399,0.057909795297038776,0.006775121346384557,2,False
38,0.2995399377207278,0.027513738290192553,0.04720226155837571,0.16598829279534688,0.1521100113155785,0.05194861930779884,0.10844739442553282,0.09279023540733213,0.05445950917911462,0.0,2,False
39,0.31168897587506333,0.00289681500595454,0.05503951121980452,0.19648755433563098,0.15179336655673026,0.02009617069685256,0.10874201838623399,0.10673820846430322,0.03897958254635322,0.007537796913073346,0,False
40,0.2987424638704105,0.01304186886382951,0.04094154373341108,0.18675149767011454,0.1620345296675457,0.038379640598810674,0.09793449862259819,0.10040080041090571,0.04863013401604515,0.013143022546328986,2,False
41,0.29456440302984205,0.02120128978588391,0.04867167257788164,0.19778579624130768,0.17811069867677987,0.040454223171422304,0.09079747601460006,0.08665088523557722,0.03529798402806301,0.006465571238642191,1,False
42,0.316111797750447,0.028737348455485288,0.02189153052718642,0.19717155716543314,0.16896973326955841,0.04373420577275183,0.0943863664750636,0.10706416278466542,0.01632300106489424,0.005610296734514628,1,False
43,0.30594882852911925,0.010423641738248033,0.04905728790554329,0.1684241674239119,0.1505212538463576,0.03642451504520887,0.10036113321773174,0.09579299309067789,0.0690492068360408,0.013996972367160587,2,False
44,0.292776571987289,0.02198644627332143,0.054070260444585086,0.1817670205617963,0.15438874238705547,0.03312163577755822,0.10077640633270374,0.08799971616509698,0.0470223101230003,0.026090889947593465,1,False
45,0.3056290654179669,0.02540879223030214,0.049436375963106335,0.1869292485823281,0.14301016827730154,0.020476238069232055,0.11547078524996833,0.09534732603032059,0.053914225895642306,0.004377774283831727,2,False
46,0.3110960431557655,0.02635403006540039,0.04273161932077229,0.1705103561366719,0.13632095883042777,0.04334986843961196,0.11122683620193521,0.09283799083819468,0.06234197921095528,0.0032303178002650013,2,False
47,0.3187761778891885,0.009359662942076902,0.036071031740641996,0.19393508290780692,0.1454371459323948,0.027442918982139256,0.1075129558572601,0.10475104469411699,0.04112348399669382,0.015590495057680804,0,False
48,0.31147714616317945,0.026602941646550127,0.03994495328409999,0.17986436097043598,0.15313691196170467,0.025704039121098844,0.11232479147886194,0.09657679267018902,0.05436806270388002,0.0,2,False
49,0.2913549654520401,0.018777326423042116,0.05896196067994903,0.17980926795122906,0.15839960115572313,0.04715375019648371,0.10704811399416964,0.08597575568806146,0.049546349019011025,0.0029729094402907766,2,False
50,0.3012080372251211,0.01816498135478312,0.052094344566072356,0.20634771249113162,0.15538153110823977,0.045145526091161965,0.10713987080002807,0.08592710376999513,0.02448861838605221,0.0041022742074146214,1,False
51,0.2950890834885714,0.03005940152000742,0.052873139593640935,0.16720075133179033,0.14731065934688123,0.06048244838791475,0.10131545923304111,0.09177098523882618,0.0538980718593267,0.0,2,False
52,0.2898121018751741,0.017568078548473483,0.0403008351638524,0.18143944163406217,0.1457242930645864,0.04652496639021668,0.09213399889908984,0.11455214030963853,0.04893099639566027,0.023013147719246056,2,False
53,0.3070568207309939,0.02081271624782616,0.03585353814588865,0.2008379005533079,0.15303133131777938,0.020858968064503988,0.11453468445350208,0.10737048792443153,0.03191944032273094,0.007724112239035599,1,False
54,0.2839298565199297,0.01953392349308958,0.04144517262233797,0.18360223543372967,0.15169854517565112,0.02817256629200875,0.10321444987408372,0.1032256359032078,0.07186352539906093,0.013314089286900815,2,False
55,0.3028831594189362,0.005420386107064246,0.04320794335194992,0.18420250931954266,0.14329872373501373,0.04598741281315627,0.09786520894526438,0.10688825183583738,0.05790146023899477,0.012344944234240558,2,False
56,0.30741491071654764,0.017043625144475414,0.05838468373463905,0.19324353598573818,0.15257807016548502,0.03692053835279563,0.09742621213292903,0.09685536138251079,0.018971758406841507,0.021161303978037824,1,False
57,0.3049311470295668,0.010207999767437755,0.05616508526596684,0.1812527492752302,0.174698225316606,0.016579388774010453,0.12391399876279205,0.09308213169677765,0.032253055707235065,0.006916218404377239,0,False
58,0.31099399459721444,0.026916435504248253,0.04687034667812075,0.19431218630570568,0.1507582171987924,0.01442323911659235,0.10753090915426758,0.09419094282680114,0.02802700748923494,0.02597672112902245,1,False
59,0.29887575718505793,0.018113258102004228,0.07212319439130803,0.17110520270096236,0.136916640354237,0.03976767893133702,0.10425580723581514,0.10533080881949484,0.050115394357691884,0.003396257922091698,2,False
60,0.2904867675973221,0.02348206039331266,0.055938067766068106,0.19733528342532694,0.16426759802453794,0.03478971906960487,0.09777899054457004,0.09626754413501117,0.027649875754696757,0.012004093289549468,1,False
61,0.3114480216179686,0.031096411026773574,0.03330071128110788,0.17855630270401465,0.13102929203327623,0.03460170643868557,0.11277768110313563,0.10573779779288381,0.05443566986006136,0.0070164061420927215,2,False
62,0.29432658815730167,0.03055418344659006,0.04532973294470279,0.18172830287904096,0.15256667524877957,0.04124510595573327,0.11145189287666778,0.10334742680779306,0.018553717593783613,0.020896374089607175,1,False
63,0.3203629409553428,0.015043375837980346,0.04655854899658877,0.19692951031529632,0.1673273754066835,0.03176636435540564,0.1111884231778653,0.08726022871672671,0.02311633914452415,0.0004468930935863822,1,False
64,0.296397609506339,0.01688654333070791,0.06129029608781577,0.16082672172415505,0.13766229580791456,0.05117519356876093,0.1086379422610889,0.10384076060320767,0.05315646503877701,0.01012617207123341,2,False
65,0.29683915229272667,0.019604123480627744,0.0621497144007457,0.18697429439698623,0.16575524617905033,0.024759898555938825,0.09501082264786556,0.091749575963885,0.05715717208217389,0.0,2,False
66,0.31274681398422316,0.02005402155688518,0.029340871511019558,0.20724255206277817,0.16227418316247913,0.03163167836663438,0.10476875839336267,0.09939781190143697,0.030522592722515122,0.0020207163386656043,1,False
67,0.31043888974432976,0.04127717722060941,0.04636735384104102,0.16170258498946982,0.1390615993182713,0.040909901644383635,0.09479501637252459,0.1025227322078386,0.055659554727903564,0.007265189933628067,2,False
68,0.3014016858626055,0.0,0.05686644651135252,0.16199317131313484,0.1523859275071756,0.04710667262464338,0.11114992291518463,0.10190453316312133,0.06534361215400651,0.001848027948775782,2,False
69,0.3219278762132326,0.01874537293528945,0.052819711874570796,0.18693959905876736,0.1584305225552833,0.04791171338710239,0.10877620297907847,0.08015984272115362,0.016487058464315977,0.0078020998112061654,1,False
70,0.31775461250298614,0.020706735438924467,0.04224958727479317,0.1983464569918296,0.14564956199268012,0.035856994573830236,0.0912960170969372,0.1025955532492717,0.023626692340609427,0.021917788538137854,1,False
71,0.2882413809068524,0.02365699584373933,0.06507817667235231,0.18589398916167432,0.13818759524874577,0.029015483633495716,0.11323831445703461,0.09676776363781049,0.04213935812699144,0.017780942311303564,2,False
72,0.2941429676809578,0.014328618715140504,0.04568012308003406,0.20064346707184214,0.14045086148680516,0.030623705158624896,0.1063188613245967,0.09841491742944251,0.06633570165964806,0.003060776392908059,2,False
73,0.27978476374436834,0.03463318970504374,0.06070405738684749,0.16702948643088558,0.13992862953161758,0.04288920325383519,0.09293435082063144,0.10629219052154189,0.05729216040046937,0.01851196820475949,2,False
74,0.31752014668266787,0.03035544662676999,0.051272945695577554,0.17648911908869475,0.1644017974748402,0.034842000105012115,0.09595826814193675,0.09170092632761433,0.03209585966655718,0.005363490190329217,1,False
75,0.30586134487665967,0.024616831362897957,0.06411696544600888,0.16336950151877236,0.13171125792241806,0.054993954928563446,0.08948792768296951,0.09227661055665859,0.06836704703084813,0.005198558674203393,2,False
76,0.3165725763454236,0.000406722664587941,0.04065424471199081,0.2042796409298024,0.17364266012142554,0.04763944747250761,0.10439762468625864,0.06965839980773764,0.042748683260265756,0.0,1,False
77,0.3113033994158863,0.014373373504638465,0.022313190506761692,0.1836315332242442,0.15586155357831702,0.03283390775626751,0.0942122536804112,0.09857367635479417,0.0583177811120194,0.028579330866660025,16,False
78,0.31638978318702016,0.018611616392826696,0.050073674627449306,0.16587265592540304,0.15500548747619503,0.05526474109173269,0.09355756123947744,0.10344768974104931,0.040104655266567445,0.0016721350522790918,2,False
79,0.3073643779271533,0.01832703548746592,0.03812167773577462,0.18039902008436018,0.13842860551441238,0.03509624066449712,0.1093621924874072,0.10613537446001733,0.06272843194824224,0.00403704369066973,2,False
80,0.29617875906193875,0.022700885839889422,0.05694678319828398,0.1936373530163004,0.162033836647287,0.03161645257173539,0.09822004976559115,0.08404080101806836,0.029349212616220564,0.02527586626468484,0,False
81,0.34483226294932723,0.027285629700040222,0.038062310081903666,0.18089063653715096,0.17112212710850253,0.03744785270209171,0.096063381391081,0.0854518411769846,0.00990285136466074,0.00894110698825739,5,False
82,0.30185586960000244,0.02003284854962658,0.04802194302016559,0.17616272239111827,0.13334525819360446,0.04505966042166822,0.09032721858204333,0.08520881051072061,0.0744894755852308,0.02549619314581973,16,False
83,0.30829862169464917,0.023368956929217106,0.05303506722733978,0.18393227620093625,0.1699659178863457,0.032041554125613575,0.09485507064908104,0.08167261779218703,0.023293340878296605,0.029536576616333774,26,False
84,0.30388715351377493,0.016507658375746963,0.02925155000157818,0.18406834086966586,0.1329167911314316,0.03857881463655293,0.08699231519368114,0.09548010784039684,0.07984610255238134,0.03247116588479022,16,False
85,0.28406170590370494,0.010651603820114418,0.05939660349151018,0.18853737772475931,0.14733711137202588,0.051606622620027603,0.09959469447941798,0.08275918272840954,0.029578695873796645,0.04647640198623343,26,False
86,0.30356048095556604,0.004667787116895223,0.0366584623056048,0.18815691539213714,0.13631147676660657,0.03395387549425849,0.09699099160788857,0.09760673659204451,0.06797881838330395,0.034114455385694666,16,False
87,0.32577087138265837,0.018351606989864412,0.04488119642620615,0.1878982004966725,0.16660251882100474,0.023472243122593574,0.09987840505333663,0.09571424931126542,0.03743070839639834,0.0,1,False
88,0.2943844095573061,0.02559902808976955,0.04100380433396306,0.1722991115121758,0.16225853013825603,0.05129842750706689,0.1013256356385221,0.07287879237066182,0.044370410708730094,0.03458185014354857,26,False
89,0.2992545908771636,0.00589108796645906,0.03147931107462366,0.1886999456993974,0.13704543350101037,0.015079331876263308,0.10561373582639405,0.11152453656184683,0.0856832724883831,0.01972875412845863,16,False
90,0.311057395023291,0.0,0.026790533855802413,0.18302132201343316,0.14270884994416586,0.03923096729160703,0.09139227026297057,0.10103550006821806,0.0728520537092929,0.03191110783121915,16,False
91,0.3095716065657173,0.006868781591479341,0.045627977735084785,0.18649113878303877,0.15354786976707133,0.04233857804570941,0.09938888587856302,0.07765393464520447,0.048416191714204866,0.030095035273926665,26,False
92,0.3168015260417631,0.007240018472718839,0.0313591232184486,0.16830718784486126,0.14457972026921231,0.03386905489491336,0.0943379755642967,0.10995876063059329,0.05172166014634407,0.041824972916848474,16,False
93,0.2973915577615486,0.027210444728662415,0.04543832357016276,0.1891077412701489,0.14050343191621223,0.03466883754681274,0.10043294690163795,0.09716313721960133,0.03876018082258357,0.02932339826262956,26,False
94,0.3131656303644596,0.025691686599913804,0.03265517487708972,0.17721866671021583,0.15661504180586053,0.031900954064959415,0.08710535939533261,0.09188093578021639,0.06136117730437255,0.022405373097579572,16,False
95,0.33169434324513253,0.010883082380160142,0.03407290993154592,0.16714923732524792,0.1300681439461204,0.04152790042273152,0.08706818851826946,0.10408018809954593,0.05893041087754461,0.034525595253701545,16,False
96,0.32209966209724733,0.006275300568835034,0.027307817170122598,0.17135810752957573,0.14647937848975964,0.024477905999290853,0.10565150243540551,0.08753375026318044,0.06522212461731275,0.0435944508292702,16,False
97,0.30039053088658196,0.028759796238532063,0.02264323150927442,0.17412737709337625,0.13226489375666814,0.03033931456231596,0.10581316415205587,0.09378334087022362,0.0683032175208613,0.04357513341011031,16,False
98,0.30763239366609124,0.01142032658332726,0.04863566041062268,0.18796480831421192,0.14544503565405834,0.026486059501157927,0.09266280841741004,0.10328246337659361,0.057287430836151,0.019183013240376003,2,False
99,0.3112304023062071,0.011751250906304736,0.035299650780924625,0.15901037669902682,0.13814800876837952,0.02552754444169695,0.11467841818373625,0.09714586565093135,0.07070796490568056,0.03650051735711207,16,False
100,0.28205109967590775,0.01559305228458968,0.03983815607412862,0.18890317021722788,0.14142435786817473,0.029627751170231694,0.10037730626649159,0.09832908613106975,0.06841136362425347,0.03544465668792487,16,False
101,0.2802245528030418,0.01876260319004224,0.042154657068229774,0.16551140251290344,0.1627510310170545,0.03767127803202462,0.10863179494858263,0.08581746899850515,0.05345506133540734,0.045020150094208386,26,False
102,0.3203063405783372,0.015872949131076605,0.039228842588012694,0.17354051203940773,0.13462020702880922,0.01951920546605192,0.09224345470432782,0.09776407493681905,0.06775065023128642,0.03915376329587121,16,False
103,0.296913838045552,0.022500439734937646,0.019127286009114522,0.1878889404451287,0.12319548877931542,0.04077745116477129,0.09392494879111918,0.10573312983512735,0.05655235649311885,0.05338612070181513,16,False
104,0.2729258540155875,0.020620674073185474,0.047275267580966,0.17363144355365884,0.12740500701270954,0.04572691554236906,0.10867798499675664,0.10494238931823556,0.07401890680345162,0.024775557103079934,16,False
105,0.3067409543568226,0.018057412309162316,0.05064996812152859,0.1899946068583347,0.15463713585407457,0.05189490822069807,0.09514314538164839,0.08147219952345608,0.02563558278346438,0.02577408659081022,26,False
106,0.2906541431514309,0.005067442623720429,0.030551713769629466,0.18289013008945706,0.12955849421597687,0.03765608548285165,0.11106573001488454,0.11946324417650836,0.06504178959546851,0.02805122688007216,16,False
107,0.28366461307980817,0.03276210802204784,0.038143691811807524,0.18067854059904248,0.13223671104491339,0.036827140236151634,0.08681958419538464,0.09373571907006326,0.07181457095464415,0.04331732098613693,16,True
108,0.3137223060784015,0.013926011722356251,0.039693104769624815,0.18517082979594257,0.12760733487353845,0.04300293313463488,0.1010125350624321,0.12364648456245372,0.04503819138071891,0.007180268619896884,28,False
109,0.2823108111057148,0.04759619551304227,0.03678131676471389,0.18207156467861121,0.15862431953980755,0.039300725394093836,0.09344721920161886,0.09006622070391358,0.03315795670238325,0.0366436703961008,26,True
110,0.3019873982392803,0.010972266599833653,0.021194880022302947,0.17230797218671356,0.14643654389320476,0.038466337360293576,0.10652217369648008,0.08062912576003471,0.07546489351764413,0.04601840872421236,16,False
111,0.3282326834630042,0.015216072340410301,0.01631071795378298,0.1940088648377287,0.14712280549724055,0.01397328706489506,0.09115708798219924,0.1080903947486634,0.0503056152792677,0.03558247083280764,16,False
112,0.3059264870680081,0.013487999674672055,0.016911802860715086,0.18614815528471101,0.13640278730364327,0.03624965641137497,0.10582905024713138,0.11331683447520667,0.0683878063693478,0.017339420305189562,16,False
113,0.30302235831537827,0.020348533957157924,0.03870179059517281,0.2024435458612053,0.16029809597564465,0.04599713011935417,0.0867526676266636,0.08155194675611328,0.03824230110363874,0.02264162968967123,26,False
114,0.2921624464413637,0.015203169397953844,0.03168036947800073,0.1768216847467055,0.13498620173305947,0.03387907311819953,0.10845062707876753,0.10295725828419745,0.06606363781471114,0.03779553190704096,16,False
115,0.3052644132856056,0.005816798091935979,0.041303936535249115,0.17419232688339628,0.1600094094793545,0.0477018012488665,0.09306194117015754,0.09974608862019148,0.036328645491583655,0.03657463919365939,26,False
116,0.2863272210908576,0.03548551977646408,0.025540938631834948,0.17682878846933298,0.15262090815455426,0.030699336825156645,0.1058459370017784,0.09734048738627568,0.06608351512624468,0.023227347537500644,16,False
117,0.2918557849500569,0.03806077326574283,0.04815872512956872,0.17421439598889465,0.1260194351365599,0.017451541381430274,0.10468490048060977,0.09153517383924085,0.0698202025146406,0.03819906731325553,16,False
118,0.3156357075981938,0.02102755859154727,0.04359612917450554,0.181442317268016,0.1372157657171236,0.029122883893834644,0.0995708716827732,0.08617232788278116,0.0674967814404138,0.018719656750811022,16,False
119,0.31153800763194206,0.03500431580553343,0.04095424126176044,0.16595164278187255,0.13032730755103206,0.04719838875672393,0.09045805842562044,0.10195091073807251,0.05567557621058963,0.02094155083685288,16,False
120,0.28340609952587453,0.019386508342424263,0.04987194480839035,0.1980316577135068,0.15818458352047102,0.030763968314892524,0.09306639684654161,0.08934596586692256,0.05159819808496157,0.026344676976014746,26,False
121,0.3017783835105769,0.017302236565259834,0.014697291207752322,0.1751667980978871,0.13278951364308286,0.05662275209224565,0.09999042528919072,0.0984211671021911,0.0713678851975098,0.031863547294303594,16,False
122,0.28029429959724805,0.019404907256665,0.03542168165313501,0.16836647837650678,0.13927114746586786,0.04843603176446023,0.08880832429192624,0.10588426710743726,0.08210925176851068,0.03200361071824276,16,False
123,0.2960565282066316,0.011888487950432779,0.04713505465021469,0.17036593415851548,0.17552667094336855,0.05693473563555095,0.11281412854916667,0.06696178153264988,0.04061423839195565,0.021702439981513694,26,False
124,0.31335459089473844,0.008952926482357973,0.012683599942454223,0.18925564421085214,0.13569289858846337,0.02199814969552502,0.10449121869495268,0.11151816217026611,0.06787231797084341,0.03418049134954664,16,False
125,0.32161215561068573,0.015673448756571028,0.03356115085797481,0.1603980118799895,0.14817058018060464,0.02290984876250942,0.11321260297237798,0.1008903164835311,0.06485806115828514,0.0187138233374706,16,False
126,0.30125742581640086,0.026456126103967192,0.028189831055386576,0.17279030657947309,0.13041377852039904,0.03310914583696645,0.11148787458590667,0.09503545894701604,0.06725088312472992,0.03400916942975408,16,False
127,0.2862775433922687,0.0296553064769757,0.05863244936197363,0.16181389673598878,0.16467878818753331,0.033585379433637194,0.08765431678995905,0.08026100743715484,0.06349497300557089,0.033946339178937954,26,True
128,0.29334684497857905,0.018188993331353518,0.032287533093615074,0.18402739642077143,0.13173881989624325,0.02441544293654702,0.10695291533846878,0.10363967893832317,0.0681795889693348,0.0372227860967638,16,False
129,0.2850066860943387,0.01913408379191835,0.04118928718740389,0.17586369733998553,0.15101023466416322,0.01851861694458202,0.10529545022997738,0.1003994011774431,0.06841112827779075,0.035171414292397014,16,False
130,0.286114608101454,0.004075920834577441,0.027084114029739204,0.1769004638231051,0.13169116486722965,0.06426018757059758,0.1122212823289641,0.09389942879741471,0.06549401101190963,0.03825881863500876,16,False
131,0.2879136533465834,0.014043940594511941,0.048272128651735705,0.17336032027207038,0.12376843104083574,0.0212681575753967,0.10819510031847547,0.09385049750436791,0.06775078160273806,0.06157698909328471,16,False
132,0.2897631974569796,0.02034000198631616,0.026331936616036986,0.17895460531217303,0.12806903944459547,0.030065357652694136,0.09257660153000488,0.10437291001623014,0.07862189132400235,0.05090445866096727,16,False
133,0.31209610416366246,0.013978622660292907,0.03131166060181855,0.18888464356161483,0.15531071490452913,0.029263275864197167,0.10652149668924245,0.10095139717837105,0.02479223028215386,0.03688985409411751,26,False
134,0.283139816191707,0.029560208043384165,0.03132835282750704,0.17611302577486976,0.12458532647227007,0.04666550821208881,0.093676258561772,0.09960424531735042,0.0732940613171166,0.042033197281934095,16,True
135,0.2967746054918953,0.016870812386712192,0.056156215833754485,0.17287651632879958,0.15205392616461427,0.05247854731398757,0.09498890559110414,0.08017973132533339,0.040539587904158306,0.037081151659640814,26,False
136,0.30809559225409455,0.011603272343734034,0.033466965572037134,0.17480245006081174,0.1394147315880172,0.034707098072743074,0.09823920437407128,0.09232713023505251,0.06484422587031705,0.042499329629121445,16,False
137,0.29307540187289727,0.011526561002427306,0.0285031251860783,0.16014431419564978,0.13086979721415587,0.03909686409820701,0.11201357029770491,0.0847045767157158,0.08156713738791513,0.05849865202924876,16,False
138,0.2992998466307706,0.00682011870329374,0.03397439210999228,0.16667057051341988,0.15114735013789965,0.037081307288053124,0.09179763822211782,0.09815435742483188,0.07228993897849238,0.042764479991128486,16,False
139,0.2974532470300528,0.008174059379446291,0.027351876529514634,0.18976513832424702,0.15755731804585985,0.026397454292365508,0.10436604578443734,0.09571653896559816,0.06410299769274877,0.029115323955729584,16,False
140,0.28147883116107486,0.015220214031028781,0.03673907145882946,0.18065492251785645,0.12669221298709787,0.05186544912978878,0.08801781197459543,0.092676486727474,0.08243813622672336,0.044216863785531024,16,False
141,0.3031669550889516,0.018085728823436398,0.02623883295750828,0.17254689695982883,0.13768028008889005,0.015605222218303289,0.10964805792041622,0.09698127386147819,0.06826987827826397,0.0517768738029231,16,False
142,0.3071265104460941,0.015562001281928842,0.022680899886546927,0.19160776912095764,0.138217333481743,0.03563867836495337,0.09987878563451011,0.10667132037601455,0.059173331186270266,0.02344337022098118,16,False
143,0.3228737841434352,0.0,0.028637515205332174,0.1782574600703715,0.1426668287536347,0.026500451921978942,0.0984528420986509,0.09207576619583809,0.08218734079892291,0.02834801081183543,16,False
144,0.3051728617557053,0.004655570912559843,0.03607696673090003,0.17897485294666501,0.1275823872875724,0.018874192929190667,0.1038394796274605,0.11324656269183014,0.06569314877033558,0.04588397634778067,16,False
145,0.29990839211659354,0.026619959144236215,0.029164479358763394,0.16996134335781554,0.1381449853952025,0.024407488911595214,0.10306054096609744,0.10985527799872781,0.0761867295020413,0.02269080324892697,16,False
146,0.3038397868397717,0.028042654764641357,0.037851652565219086,0.184721721174101,0.1598114682345725,0.04909275049884419,0.09026494640497831,0.07361463015943989,0.036987903484291866,0.035772485874140045,26,False
147,0.29399306592631164,0.014463019838186394,0.03922008105934719,0.1641706191433254,0.12973056122618457,0.0469049345206369,0.10572801694658847,0.09862330006547894,0.06740316332553947,0.0397632379484009,16,False
148,0.29337992382598044,0.015866201750916516,0.046370272294072985,0.16560698901513898,0.1260919464020993,0.04809020224862283,0.09992845361774,0.10164413661087184,0.06028694714445894,0.04273492709009827,16,False
149,0.295339993630753,0.015149582018873814,0.04262198591446671,0.17650508659674416,0.16689269966797488,0.04387666888437757,0.10037297397922958,0.0854938150904383,0.04599893096279053,0.027748263254351476,26,False
150,0.3064317780546642,0.020292208983686996,0.038369534523311266,0.1615554828334659,0.13498210353486018,0.0278229128135358,0.11171459612189928,0.10494835116051959,0.06992664846376358,0.023956383510293063,16,False
151,0.27939200927648333,0.019300133570966094,0.040871542634681256,0.17242561046698163,0.17057934491219914,0.05198961132243899,0.11218217749006149,0.0829066114612186,0.052362168840253936,0.017990790024715604,26,False
152,0.2934668696544019,0.012884751979588209,0.046835663633290045,0.17701663316127134,0.16568607629550575,0.052209101296262266,0.10016105788849747,0.08460634799359329,0.02559697695887343,0.04153652113871646,26,False
153,0.2632550818863252,0.009932922075784287,0.04421345524918937,0.18096809657153698,0.15874646138210732,0.059478270421545104,0.10187423087718864,0.09591296341212995,0.039781464195387285,0.04583705392880591,85,False
154,0.29610824149091924,0.032220014439602956,0.051487842604387615,0.18513958064164826,0.1666608342907682,0.0388174112858175,0.09718772644010629,0.07609190719286749,0.03590923930507489,0.02037720230880759,26,False
155,0.2883901584219989,0.017669816898399356,0.03461302039467261,0.18537579074081412,0.13472998831910418,0.04039770411965744,0.10077653459512219,0.10399941876344329,0.07704828398093536,0.016999283765852472,16,False
156,0.2921039788294464,0.009969149399811925,0.020550380068298832,0.17264351657043814,0.1385771602681851,0.041761352822478066,0.09954873745908754,0.10431293044026252,0.08575251527378801,0.034780278868203465,16,False
157,0.2960914522157189,0.018484271967299334,0.03248462850820596,0.1970112201519891,0.15006857404351712,0.03402736566026135,0.11710369869913129,0.068865010810609,0.051408730018136145,0.03445504792513174,26,False
158,0.27781683998287887,0.024979491273570135,0.03999804968768747,0.168826076539644,0.15381997739437095,0.04456377754821451,0.08167163334969917,0.0932655013554159,0.06367311565210819,0.05138553721641099,16,True
159,0.2948940005383946,0.02020120286212358,0.03753218898866756,0.14998008397143145,0.15153494143857615,0.029521093725276556,0.10515391324105676,0.1011473832285012,0.07659149182223836,0.03344370018373383,16,False
160,0.28356639232790015,0.0317885725972918,0.04280347857355702,0.16928704954589505,0.1612416169451786,0.03359857914621094,0.11215301474323393,0.07760203871973383,0.04491829899171956,0.04304095840927894,26,False
161,0.297978126737212,0.022736799356365044,0.027276945108133714,0.1495890710049845,0.12486316423464718,0.05986834672508214,0.10924539003544279,0.09686609734331879,0.07818341057844652,0.03339264887636745,16,False
162,0.31065707155358124,0.00363391795190699,0.017727788863051777,0.18519757695169,0.13431291320896666,0.03828951377206781,0.11515239698533879,0.09430821787291209,0.06724113150195069,0.03347947133853394,16,False
163,0.2974006526500692,0.027037351988232157,0.0440967392306407,0.16473198829133281,0.14566973430814817,0.045214126151851886,0.1057265474733417,0.09635557323926867,0.03051293962371865,0.043254347043396056,26,False
164,0.29392149026538794,0.01954243562748372,0.04031593182880155,0.1680190881820698,0.12665795793554624,0.04898602905989515,0.10211242099624596,0.09104248835757989,0.06794482584372859,0.04145733190326119,16,False
165,0.30089099713203293,0.021951293043390562,0.02751761330048633,0.1681659313069865,0.1346935866888317,0.04467477326498671,0.09119131552855934,0.09748388751034463,0.07953458519735314,0.033896017027028054,16,False
166,0.2989844644788258,0.0,0.03871975143572599,0.17936964649267934,0.1736818962879312,0.05394955985269237,0.09838025807796996,0.08410010882691053,0.04457325966883954,0.02824105487842524,26,False
167,0.3069893828624735,0.015039698778924034,0.03946422984003794,0.1945350642475523,0.1452611940277641,0.03681649392825385,0.11113951173143678,0.08580187171104171,0.03558450314048738,0.029368049732028452,26,False
168,0.2824408707520136,0.030636367324667797,0.03423870710155261,0.16958405829268897,0.14420700795238936,0.03619217723997948,0.07942439618604728,0.10718156421780509,0.08158300353756677,0.034511847395289,16,False
169,0.31406042949295976,0.02686298203249263,0.03478359044758317,0.17785192792546212,0.12629155428525224,0.015472462787420569,0.09461729031742547,0.0924556762298215,0.07244654750699991,0.045157538974582606,16,False
170,0.309195840983976,0.013235114696412904,0.04132144462213242,0.17524374129478063,0.15414038385124149,0.0547100146465773,0.10280065708456874,0.09432097432732911,0.026230464724707556,0.028801363768273875,26,False
171,0.3059113354910038,0.007891700949871225,0.06297729257331527,0.16092089217403183,0.16367126824303938,0.04702591614850538,0.10017275118790489,0.07813459819019457,0.04438380091167127,0.02891044413046221,26,False
172,0.2897091004751723,0.05592196298217779,0.04466557301406818,0.19154289582807843,0.15607211830597534,0.028404652414501477,0.08402439453747543,0.07957025316883998,0.04089138716794724,0.029197662105763827,109,False
173,0.31056480165502687,0.009992379035012561,0.06173787712049803,0.17842931892505606,0.14387033988146214,0.05347205045563492,0.09877666634194816,0.08176832404960781,0.04442159391236498,0.01696664862338839,26,False
174,0.27738712440584584,0.022416635895553667,0.02559671398656896,0.17094738509348514,0.13236303164420712,0.04891196146670694,0.11728824383488425,0.10388466047460411,0.07103252063827925,0.030171722559864823,16,False
175,0.2602703370851186,0.04760511876023812,0.03666413247576262,0.1913706859700543,0.14928816967215217,0.05711170127190553,0.09333066773810231,0.09013952288019168,0.038030298167193236,0.03618936597928134,109,True
176,0.2994605089196121,0.03873194820231796,0.02969300609189232,0.17467929559007295,0.1617150194553632,0.06455471107404054,0.09530493808741171,0.0689458516607153,0.040234172053695734,0.02668054886487814,109,False
177,0.32255413313879067,0.01334660765372511,0.031810623036965434,0.1783989346142395,0.18202992498629875,0.026889691430738834,0.1016393566192678,0.0844016984960371,0.04126215328014181,0.01766687674379491,26,False
178,0.27996745292977054,0.046640706466971917,0.0393081701844203,0.1651986391829674,0.14655587784150423,0.04121229113266074,0.10250611710607783,0.09320103460528006,0.039950317867696185,0.045459392682650805,109,True
179,0.3088227181663445,0.006952519594487475,0.021223657724757528,0.17431977423331288,0.15145386098604813,0.0259885008794273,0.10247616855059456,0.10666840889642538,0.0642429807245824,0.037851410244019806,16,False
180,0.29326413997365913,0.046569736912414686,0.04088046657773732,0.18546224878794002,0.1507242443554902,0.036088973907610115,0.0930056833437633,0.08813928076801318,0.05363745884385877,0.01222776652951339,109,False
181,0.30208062946810943,0.02297771869560216,0.036759410623122414,0.17514594587679966,0.15310917660387965,0.013799234097701953,0.10331701397164146,0.08936155422407827,0.07028204469198453,0.03316727174708057,16,False
182,0.27717255861579576,0.04336669268958546,0.040736653504501535,0.17312957700150097,0.14794012656707312,0.054116863125748475,0.09322770712114907,0.0900840435874397,0.036537752270611554,0.043688025516594425,109,True
183,0.29934948779591497,0.009135034175366513,0.04167568760969413,0.17372543261088344,0.13823691034151533,0.03034736378965638,0.10786975693198116,0.09162628604042476,0.0765412332790686,0.03149280742549468,16,False
184,0.27695909423297754,0.05479110137042738,0.053130134009005785,0.16113096878204775,0.14886510146887952,0.03265802193152595,0.09232525148935651,0.09935196668757881,0.0349617825497144,0.04582657747848631,109,True
185,0.28662925519352245,0.0431175602329568,0.016649810922145073,0.17089897191447362,0.16612677007742452,0.04496050884569965,0.1000398119893935,0.09196636503862236,0.03117771217756553,0.048433233608196534,109,False
186,0.28239322739746914,0.05569655505739605,0.04646705600631333,0.17874756548469978,0.16547635625216156,0.03484047487174209,0.08395269475085029,0.0892767434537639,0.02467037522544124,0.038478951500162534,109,True
