ID,strat_res0,strat_res1,strat_res2,strat_res3,strat_res4,strat_res5,strat_res6,strat_res7,strat_res8,strat_res9,ancestor,alive_at_end
0,0.1534648366142592,0.21706424376135672,0.09934288469169858,0.0364178894210866,0.016928073632954548,0.06874946251901409,0.16577139853617248,0.0880789465106178,0.03986862384011267,0.11431364047272727,0,False
1,0.15804863128876415,0.21913904977654977,0.09965220680332598,0.027357525402816614,0.0002588796326405862,0.08519639482895885,0.17167369528638332,0.0921405607667219,0.027238017350851747,0.11929503886298708,0,False
2,0.1596510548421879,0.20881014761432484,0.09597105141958022,0.03189068588314541,0.0,0.08755306756869774,0.1473896335975087,0.10629900829275302,0.04789170299500324,0.11454364778679897,1,False
3,0.14943271254989887,0.2198450120803333,0.08913299197474404,0.021214272212804145,0.006698336039882361,0.089895678315306,0.1763319989975737,0.0970235878249712,0.025069368953919535,0.1253560410505667,1,False
4,0.15164641979712076,0.21644829727435422,0.10309446196310695,0.0397034459935263,0.019052137032697355,0.048886428527657066,0.1755864669936372,0.08825313143715025,0.02196115208873392,0.13536805889201592,0,False
5,0.15698262320626094,0.23630261814249595,0.09537912464688868,0.032205620730027744,0.016129339723296904,0.08090220545252293,0.16146274821122064,0.10200819333078798,0.00544553499028052,0.1131819915662176,1,False
6,0.15227889500633918,0.21079889850249114,0.09594090858779311,0.032351849731455815,0.0,0.09144025856743211,0.1715908604177252,0.09679901737974697,0.02504114859895483,0.12375816320806152,1,False
7,0.15286001068441918,0.21603990413708413,0.0951647784250981,0.027958444214527485,0.010424994158247719,0.08820834232091074,0.15992534040373718,0.10083280561786553,0.0315108773393447,0.11707450269876511,1,False
8,0.15400424654331657,0.2122348259813948,0.09705824426588565,0.027803862411524313,0.028447648319909737,0.07256433078989259,0.1697544666896344,0.0827577175975124,0.033550597208108726,0.12182406019282077,0,False
9,0.1542653939121276,0.2067307847372061,0.08917875374016393,0.04140970202297358,0.0,0.07639386989345125,0.15510025341611677,0.10012914131333149,0.04401380109027995,0.13277829987434908,1,False
10,0.16133213742224053,0.20860265994544658,0.0843628541652158,0.04072169350081935,0.0,0.09306638634952354,0.16533399113016817,0.08075698770999344,0.026459056064310257,0.13936423371228238,1,False
11,0.17279254578272646,0.20623378280061833,0.09657257939439283,0.024371006400714264,0.0,0.08435027432321938,0.1670041850761714,0.09079792132674966,0.028292505450280274,0.1295851994451275,1,False
12,0.1557411513079401,0.22412911484673825,0.08367482551005369,0.03235735956481742,0.02114233513125385,0.06329390179425695,0.16232949009003636,0.08807420155203687,0.05707988816300856,0.11217773203985794,0,False
13,0.15610864726519488,0.22345831942935554,0.08888941510668771,0.0471274790434334,0.015069139669734432,0.0671310849856101,0.170442252032687,0.0969443499388576,0.02802649674075825,0.10680281578768104,0,False
14,0.1456268212220364,0.21822870250350435,0.09620466032075706,0.04293583546392004,0.0,0.09209929677448529,0.177992282997293,0.08515610737649651,0.02713053075789077,0.11462576258361666,1,False
15,0.1667426616695642,0.2235469311326412,0.11004787346995297,0.026436698640090524,0.003634935224367705,0.09233520530929604,0.16993213116065553,0.07739282587402178,0.016395503227039393,0.11353523429237064,1,False
16,0.15405069361690857,0.21627721469596195,0.10361908776616767,0.022794634994541894,0.007394663021158922,0.09411287389848393,0.15919018026550838,0.10596610514766164,0.02877381867868322,0.10782072791492389,1,False
17,0.15815734748159174,0.22135750837967488,0.09334660697606866,0.05113673653650685,0.008098932319871728,0.0650719647670297,0.15399257840275368,0.08500218921787357,0.04224239018647847,0.12159374573215079,0,False
18,0.13716775118870855,0.20690730955081835,0.0984941166110914,0.047170451916588384,0.0166150396405412,0.07295864341769098,0.17244069773225923,0.09931730911507744,0.04273154973159545,0.10619713109562899,0,False
19,0.1314462667530995,0.22716589335079118,0.08921030187202951,0.027898749052577554,0.00886784573136323,0.10490034556581006,0.18166207376058932,0.09744310139572201,0.01040028487453529,0.12100513764348231,3,False
20,0.15235213374711779,0.20455444829652564,0.10775361730679359,0.02876516010284834,0.01078912561496109,0.08492182425294072,0.18411044083167263,0.10702789718468861,0.009363587481718564,0.11036176518073297,1,False
21,0.14905639036183968,0.2094137295287396,0.10107706654375673,0.029624691323164587,0.007023858034821247,0.08865317377947667,0.1712210392429546,0.09628436781567225,0.030415699318302063,0.1172299840512726,1,False
22,0.14716729393397598,0.21355184719294332,0.09164052884903584,0.044940423915460236,0.016111518776480337,0.07222533458497178,0.168711665351195,0.09597992376334528,0.030150148755918628,0.11952131487667353,0,False
23,0.1678481506820808,0.20232977462069826,0.08938176158743502,0.042046158037184665,0.0,0.09474842122795925,0.17174065710417907,0.08916464969845206,0.010984933984419801,0.13175549305759116,1,False
24,0.14507240553989428,0.21350072995866437,0.10301354755256849,0.05418806167563512,0.019097156964990487,0.0719107793387731,0.16174190828064883,0.09179384977275222,0.03390128888226659,0.10578027203380648,0,False
25,0.15355387290870162,0.204832831330527,0.10025058635725578,0.025164627950287424,0.0,0.08757779042018526,0.18057659307838708,0.10371030482317863,0.009334718642397521,0.13499867448907948,3,False
26,0.14973293954869246,0.22534175951872545,0.09554558097092482,0.03196565075759166,0.0,0.09596743218325282,0.16200679034641582,0.08885007403811553,0.0195517711540994,0.131038001482182,1,False
27,0.1442567518641804,0.21724255080466168,0.10328063520298626,0.02927604949938022,0.0,0.09059676565835148,0.15792478459037326,0.10860606257068538,0.026469542101867534,0.12234685770751386,1,False
28,0.15443577614278417,0.2076846844315675,0.10452781420632522,0.02402329489419196,0.0,0.07636590518500462,0.16054615063674998,0.09991106218722368,0.05415034430901731,0.11835496800713557,0,False
29,0.16173240238476727,0.20965594690126305,0.08186166936059576,0.04017041008024889,0.012129911753403855,0.09452307856366134,0.18342152365834752,0.07743638507236052,0.036182889885213426,0.10288578234013843,0,False
30,0.16170567847747616,0.22254470482138497,0.10858849818443264,0.02231683373189541,0.017065130914845354,0.07264577999900193,0.1676544626719285,0.09394137321364607,0.019655816419797044,0.113881721565592,1,False
31,0.14046526802753956,0.23751989349111483,0.07904552357001138,0.024739848036655472,0.007184243965803328,0.0812134313434722,0.18039212063563026,0.1104207532645091,0.015612325215759905,0.12340659244950404,3,False
32,0.15839916661916886,0.22619874863100928,0.09627210519944955,0.02755786788880936,0.014610575758214159,0.07201227431299913,0.15383347075193884,0.09277121151765153,0.03281556630952913,0.12552901301123007,0,False
33,0.14862834430690075,0.22519689636261903,0.09011673053963244,0.021343588764585534,0.00227432271402782,0.08352821333202441,0.1459228333324923,0.1096732616137908,0.05943176592756754,0.11388404310635938,2,False
34,0.1494763962219192,0.22282223070729862,0.0927319674279747,0.028896708281979554,0.02323014434807147,0.06572746300808226,0.15934931833042806,0.07186176120635283,0.05407909982719933,0.131824910640694,0,False
35,0.13864359526061026,0.2006494838853005,0.11912418968206541,0.04660505026250472,0.01515715063196521,0.06166535760966843,0.17695899541318352,0.10333453176597447,0.03370233836201387,0.10415930712671355,0,False
36,0.17050661767600872,0.22277235371545118,0.11224648171895485,0.012702007726232764,0.000698107555648095,0.08607021195854145,0.1622686464510036,0.08258890294740455,0.025432195031209453,0.12471447521954518,1,False
37,0.14837283598868178,0.20012539044896108,0.10422462097352758,0.043592804426093305,0.03228227073757139,0.0637443136959523,0.1524010280105976,0.08888267080698342,0.04514679308779221,0.1212272718238393,0,False
38,0.16561098461907248,0.20574087978886874,0.10937940877229546,0.05451022498971035,0.0,0.08535791702263845,0.17359167507496304,0.07559443246959678,0.017182908117424255,0.11303156914543036,1,False
39,0.16297566874051492,0.22690037273705596,0.1145200316640493,0.028441939201675055,0.008329346291813101,0.06922962931653111,0.15736631776569313,0.08045452237894314,0.035065613778876355,0.11671655812484792,0,False
40,0.16228253628045392,0.2124413274258327,0.10260021842485342,0.028424793539443913,0.0,0.07897916665181005,0.17200684748208744,0.09358265197818126,0.040980779235640634,0.10870167898169657,0,False
41,0.15557754767081572,0.22481634749237409,0.08339078046239862,0.03164722084219306,0.0,0.08010353241456292,0.145306272644355,0.12046928691044488,0.04043696999376058,0.11825204156909518,2,False
42,0.15012631280359492,0.22396083994359928,0.10693465271090072,0.033926203611568964,0.023544708131108334,0.068100509996133,0.1414731912913607,0.0865674140810322,0.03875153145253301,0.12661463597816877,0,False
43,0.1580958924084647,0.20636696754503467,0.11261343167258137,0.022128593649000043,0.020283632084105482,0.060820795008069875,0.17144187023417565,0.09774244694286086,0.02606384023258707,0.12444253022312024,0,False
44,0.16676915800495767,0.22914271543328865,0.08943531177465268,0.026203606420920837,0.025861480961638574,0.0844283165051905,0.1631781754917804,0.0895760014852262,0.01028920706503803,0.11511602685730656,5,False
45,0.16037804451520923,0.21493188751825457,0.09554209527160462,0.04137568689359897,0.019327413540012356,0.08575710654327046,0.1577409139875247,0.07586689124206114,0.031591312052338956,0.11748864843612512,0,False
46,0.16076059433108913,0.21348293721481013,0.09560369514510636,0.04327867224911114,0.0009664477595151857,0.06874193785151887,0.17121136210158466,0.08745372709249971,0.042970912344164336,0.11552971391060064,0,False
47,0.15134716690549999,0.22015953962921217,0.09551233726558168,0.023618160688766862,0.011015595808383459,0.08325767979017469,0.17692694650722607,0.11376086471377089,0.00850060231349746,0.11590110637788673,3,False
48,0.14904297487413776,0.21658264849101738,0.10247912441679544,0.0459577241929457,0.026480744519430954,0.07816347169499228,0.1698901960953321,0.08263880548515731,0.020697326769136565,0.10806698346105459,0,False
49,0.1603487815812176,0.21688892947236346,0.1029336326447638,0.0353626025062949,0.014761202211064675,0.07578029416829196,0.17740663580911284,0.0916495499435878,0.01815975092506825,0.10670862073823463,0,False
50,0.165477461960253,0.22820283873671127,0.06894967208534009,0.025490816332729746,0.0,0.08107888278547329,0.18476204350245287,0.09772159115679736,0.02875016208900264,0.11956653135123982,1,False
51,0.16163802181123202,0.22328896813568705,0.08569018646143935,0.007347046116410536,0.03886524698229495,0.06248172235869509,0.1784974476719148,0.09046640549000212,0.04977176226251536,0.10195319270980871,0,False
52,0.13162919873401113,0.22418242516069317,0.0930469812171994,0.017844876539138802,0.017762920897511494,0.09937737427171787,0.1671216308497923,0.08496252663516958,0.02783573199153153,0.13623633370323457,1,False
53,0.15068224912889822,0.2113532663929691,0.110538177245952,0.04725892391415565,0.0,0.07183854771174472,0.16593597427444678,0.0884649697963392,0.03345907033196058,0.12046882120353367,0,False
54,0.15756467699359172,0.21961865223639124,0.11454458013741484,0.03195874981153286,0.01453831969401007,0.06245516675618003,0.1586141556558364,0.09666926588100558,0.026876491631074795,0.11715994120296248,0,False
55,0.15234294993976627,0.22401003622107954,0.10304748422338006,0.034096183824265,0.03362717992306265,0.06388820541753938,0.17313079882205962,0.07847968432726743,0.03348388770000184,0.10389358960157824,0,False
56,0.16175319777856553,0.22389365742113654,0.10607673664524468,0.015787536621724458,0.0260869424881989,0.06761430331015282,0.15042122207072767,0.0940678026436026,0.04532499627262427,0.10897360474802253,0,False
57,0.14761215936976116,0.20559794747433338,0.09888078333147968,0.04157704096094827,0.011611407168538536,0.08821335654987938,0.16987937002703352,0.09115803266565843,0.030033171575957102,0.11543673087641067,0,False
58,0.16480178698984688,0.22092390566467832,0.09968510117857188,0.04808667246884344,0.022793091517945212,0.07660273623883093,0.15526404444133823,0.07079488959042374,0.03464112173366538,0.10640665017585597,0,False
59,0.1642107501955088,0.21377787780083385,0.08899232619952868,0.03529711252570318,0.015140396031761334,0.07015450600711544,0.16093709760500263,0.09085503010153033,0.043185014365492866,0.11744988916752284,0,False
60,0.16369663177082627,0.22045760607854298,0.09269880042434286,0.022258643659951737,0.018591785356091003,0.07685512598293526,0.15918037154955328,0.08320851267372141,0.029434617671410333,0.13361790483262484,0,False
61,0.1545953449851363,0.19084621535576338,0.10460866363147657,0.04001872610606515,0.019113012656804058,0.08229572380809773,0.16531001707048068,0.10163312993336454,0.03812518258504916,0.10345398386776247,0,False
62,0.1534131669699386,0.21683312024605214,0.09723927965063932,0.01058107490365217,0.011446091831179048,0.06298343608735997,0.17792644082967393,0.08351658333787156,0.05340689620136323,0.13265390994226997,0,False
63,0.16245038835907,0.24184443285671733,0.09492982444944104,0.037319217297507624,0.02368687456616444,0.061386886804860215,0.15495786793934335,0.08208404507292621,0.03904687755930665,0.10229358509466308,0,False
64,0.16234193848019177,0.225587539121663,0.10951041797501103,0.034840397972947613,0.0011634660873224983,0.0727375005985086,0.14112047334182518,0.09622654602368708,0.042304031827206955,0.11416768857163624,0,False
65,0.1684403926128588,0.21138060110254409,0.11679759056668554,0.01131871275930251,0.006452724637783561,0.07439411898113606,0.16991783683098313,0.08121446612010959,0.043632496285843335,0.11645106010275327,0,False
66,0.14473540318708433,0.22903997475332655,0.0773895047890693,0.028175185999875375,0.025117700928218252,0.07097329697954051,0.15463431868777167,0.09832249440606228,0.04360814520310666,0.12800397506594507,0,False
67,0.1488377784837172,0.2150700354265696,0.10549035733886339,0.03350512018292178,0.00588018299773091,0.07672671896260419,0.18208658335680689,0.10333834687898974,0.03796186211483321,0.09110301425696313,0,False
68,0.15437004372927113,0.21528932894168665,0.09745879950941852,0.04357909320010416,0.01103594098307757,0.08297952766077278,0.14974631642233296,0.09175666968376628,0.04232063275089485,0.11146364711867492,0,False
69,0.15312392137937544,0.20306101307129656,0.09656620550834319,0.05510807801155734,0.01365438169577457,0.08053698955641568,0.14758997476515073,0.08963985765403445,0.04204160432485768,0.11867797403319415,0,False
70,0.14897457625799163,0.21116195299645565,0.09682540446067502,0.040725661846035245,0.012305251881315865,0.07065817395261058,0.16323285165994747,0.10032603225558721,0.03955920916805744,0.11623088552132402,0,False
71,0.1517261860215721,0.22266341123631841,0.10439301870306378,0.04070061781578776,0.025185616659394644,0.0567998262276144,0.15283047061250093,0.08701177588958207,0.04931409962093461,0.10937497721323136,0,False
72,0.14900137538968108,0.2175426198287883,0.10037107114198761,0.027910533265533062,0.010188782625125934,0.06437129078903625,0.16525096995280592,0.0977731650257197,0.052603344625912075,0.11498684735540994,0,False
73,0.1506853574814602,0.22389493982166817,0.095669198870707,0.05454671318720921,0.020828931197159953,0.06468393403155127,0.16226670802515092,0.1019972539966063,0.019760830052058274,0.10566613333642877,0,False
74,0.16681432412458067,0.2328302561496112,0.09728274502534616,0.041014961922156236,0.013055500245514315,0.07709914011173333,0.16902996522444869,0.0667203443579631,0.03870350545238481,0.09744925738626144,0,False
75,0.16453049194829306,0.22633048023048585,0.10299454822220663,0.0320398736668494,0.003372096289454531,0.05693085159270048,0.17394448144836921,0.09050667659241209,0.04515537438843335,0.10419512562079551,0,False
76,0.14218350517978376,0.2033870599541075,0.10529021379397176,0.04998253274491907,0.011406689604878605,0.0750415717658358,0.17856061086270486,0.09056332980379218,0.019889648918107083,0.12369483737189935,0,False
77,0.1590026176160156,0.23728055308579793,0.08451402354939828,0.025592319962228265,0.015238577368695203,0.07094369765487314,0.1629654344577987,0.08522928124573358,0.03343001839946957,0.12580347665998987,0,False
78,0.15764953717701127,0.22721718860295276,0.09909273614290144,0.01756510784760757,0.0,0.049582236980887553,0.17067101602701396,0.09690417915102967,0.06557706156394172,0.11574093650665412,0,False
79,0.12723763300274524,0.22229099837663566,0.11144676291388485,0.03590802800547665,0.019507161058762525,0.0797618655356371,0.16115745856799515,0.09661150296216028,0.02370759558498179,0.1223709939917208,0,False
80,0.14485510449199254,0.21921884471767727,0.11051771166393107,0.056859905120042485,0.02649095700352168,0.046400738849988674,0.15459122702448191,0.08987285236747358,0.04309996266943493,0.10809269609145575,0,False
81,0.16300789314289388,0.22042068940761367,0.10380945093440368,0.049231788467221496,0.025003933957417273,0.047716556538725696,0.14587958632000372,0.07793258025479227,0.04024525310275624,0.12675226787417207,0,False
82,0.14832598169383918,0.21742537795151345,0.09383107930446216,0.032394726126311016,0.044918562861611146,0.050385320746947564,0.16302680317343624,0.09241362478581527,0.03738865712016573,0.1198898662358982,0,False
83,0.1646578564448205,0.22119546407636148,0.07995373032186656,0.0367275247994716,0.011805280385443427,0.060830933460613634,0.17036458885292297,0.0908210596995672,0.033388931348107595,0.130254630610825,0,False
84,0.15282403827002003,0.2233370368144328,0.11359962515525243,0.045174392369195,0.011574441648366025,0.07499742016099416,0.15966665981970568,0.07249414909231032,0.03758711911861361,0.10874511755111009,0,False
85,0.1724092036206029,0.218242823979797,0.09714022166180006,0.03491145839136459,0.01117851183287699,0.06785559244813734,0.17079340531713302,0.09960622067370072,0.02826688959591573,0.09959567247867161,0,False
86,0.159876961278342,0.21350487606794885,0.10617851886862104,0.0507086273146089,0.017344750455934022,0.06017946128997044,0.1692321474905553,0.10054590091813893,0.02944108682532988,0.09298766949055072,0,False
87,0.16131406851724425,0.22427278820173455,0.10295760532416925,0.01669255663977995,0.002320991000446636,0.06996227376149422,0.1738306617432901,0.10402483233750842,0.03023825455542579,0.11438596791890682,0,False
88,0.14654660068113426,0.21954667012160728,0.09815830244017983,0.0381131865291253,0.031563704378618274,0.0889739455078069,0.1603774827416894,0.07316970282470471,0.038505938606432394,0.10504446616870165,0,False
89,0.16419145054745043,0.2224117138500415,0.09634892017880961,0.0448972016529916,0.020053024960984617,0.07632378541621856,0.16727855200507516,0.07670837213574905,0.027101610148679088,0.10468536910400032,0,False
90,0.1608176653240121,0.21399774885699163,0.08995219258717253,0.020512652429516002,0.01176810562550528,0.08095123750749285,0.16033065965725674,0.10307303142666778,0.05341955021733239,0.1051771563680528,0,False
91,0.15248328791254095,0.2099243893343561,0.11962516843871004,0.04181984778811507,0.03143014444095205,0.07239349075367806,0.15277520641632908,0.09469438678258026,0.01895552352699706,0.10589855460574134,0,False
92,0.14226000138928072,0.21354009191662088,0.08040197934314623,0.05117001566986136,0.023292117525797185,0.06708944876358827,0.16874633740328163,0.08887610217180748,0.047457344343912175,0.11716656147270389,0,False
93,0.16658697581481224,0.2150658726365347,0.08613780854947593,0.04186709689648217,0.01980538946721864,0.0665817552860912,0.17620537483812912,0.08167462312516573,0.02486122153519938,0.12121388185089095,0,False
94,0.14907468330929813,0.21965102944107207,0.08289527261267238,0.040464401464668634,0.014766656413114199,0.08138303266911935,0.15913451887166125,0.08366299239350995,0.054366594372082425,0.1146008184528016,0,False
95,0.15738018028621364,0.2036368894859407,0.09585444649068428,0.019875090989938067,0.013328793243524624,0.0904779304782249,0.16661647450112646,0.09310773753481064,0.04296379664295137,0.11675866034658527,0,False
96,0.14836423719395198,0.23053810647835377,0.0990018661776189,0.04540498825258398,0.0004986807337866268,0.05851274601181859,0.1892511657791085,0.0833621523446152,0.03437803214977464,0.11068802487838793,0,False
97,0.15228167797199824,0.2247138060330094,0.08448104622232562,0.03209994477394372,0.020024346240871804,0.07246185197312514,0.16605854678573226,0.08984429209652876,0.03888455139821322,0.1191499365042517,0,False
98,0.16399763860290767,0.22259917897671908,0.10037116076487965,0.02265454053179212,0.00828742044980825,0.07118526450023445,0.16516400653513796,0.08614196483439175,0.035571786376688744,0.12402703842744041,0,False
99,0.17220748636820607,0.21775105842948303,0.09694156714182375,0.025709718979545923,0.017510784592601573,0.053382552925554834,0.18182395118440386,0.08156380578694102,0.03314044205014419,0.11996863254129574,0,False
100,0.14241535755799267,0.21236226135312555,0.10752031091548647,0.03593290317847922,0.02880183703653446,0.0655261702957099,0.1661144348657598,0.10121691295224522,0.036934546979169605,0.10317526486549705,0,False
101,0.16196103773160558,0.21900544731195032,0.10009482315085134,0.0392727053277359,0.016069775642192835,0.06410346550083196,0.15082573535834104,0.08887150415372598,0.04640951586746538,0.11338598995529958,0,False
102,0.14892932683180438,0.20157634984033626,0.1083334344285008,0.023685105686105167,0.01667394577455034,0.05987110302626141,0.17361843640822794,0.09470616768475608,0.04906764312855839,0.12353848719089931,0,False
103,0.1697787612525129,0.21464760249733703,0.08815806803189927,0.037492264345879205,0.01429824675456204,0.07586351948571878,0.1577151682605614,0.07592304195895698,0.057928340599879606,0.10819498681269274,0,False
104,0.15826893784701673,0.18694755791082335,0.09602162088179134,0.0475695210033226,0.04055165119355056,0.07157715010635225,0.15540593140050327,0.09947299384938361,0.027334277054451586,0.11685035875280467,37,False
105,0.15024177981541037,0.22045873455455905,0.09805191237797378,0.02751256128425126,0.014888081651839268,0.0706265355812289,0.17083622977543947,0.0931065282269604,0.04032706757023609,0.11395056916210135,0,False
106,0.15891854290024204,0.19550317167612188,0.09417851835348492,0.04664376035077116,0.027753756582520918,0.05098179799742746,0.1635339077748788,0.08892801545604426,0.048065597396503415,0.12549293151200513,37,False
107,0.16880493872772678,0.22356124679244643,0.09688512177513593,0.03860692086922506,0.023615577198389377,0.07275469225902607,0.16360346021413363,0.08458701092868769,0.028279122766745518,0.09930190846848352,0,False
108,0.17222772418352805,0.2037583276729036,0.10442975777645354,0.025651806915810715,0.009810087639834418,0.05031017432427393,0.1767201727852332,0.10611048267175072,0.04209335347910269,0.10888811255110921,0,False
109,0.15966092210969982,0.21902284459036298,0.11614880868615621,0.03620862791041475,0.02422230394611174,0.06275635072136806,0.15054988170736314,0.09049757831044197,0.026584031521213806,0.11434865049686763,0,False
110,0.14532844918279272,0.20871050019494475,0.09678883905729353,0.059664299115447336,0.0,0.07538403739167332,0.16239708279654494,0.108823760433837,0.03762148658291509,0.1052815452445514,0,False
111,0.13983429680277,0.235350210828606,0.08243735475660931,0.0366037885496272,0.018273862230281393,0.06984306054544592,0.17668417906522912,0.09285780739513735,0.019315135664233356,0.12880030416206045,0,False
112,0.13409749462990878,0.19060525943136147,0.09906252317865182,0.06397400425500645,0.04669705162701928,0.059904513157434794,0.16415764503603272,0.09440841003218621,0.029253302267359442,0.11783979638503919,37,False
113,0.157942660341617,0.20091396449534143,0.10253609036916186,0.04615325598489854,0.026304385130827838,0.069212973465983,0.15038196013685454,0.09215191891300616,0.04871753588089195,0.10568525528141766,0,False
114,0.15319959937963437,0.2507122254387453,0.089151441489309,0.004959622678111843,0.016398607133158112,0.06054764640146599,0.1928507705910456,0.1069650414575766,0.025235104362296975,0.09997994106865617,51,False
115,0.1408434159880584,0.21048432993729377,0.11389592923140887,0.023517907874209043,0.035968178983967036,0.06556240265683703,0.18182533458084194,0.07602393482722203,0.024441964873623677,0.12743660104653817,8,False
116,0.14033572567390623,0.1884971664553405,0.10885448241117059,0.03864012261786856,0.03311246228173707,0.08283688013190975,0.16291399928174327,0.07164791293154069,0.052072543672450816,0.1210887045423323,37,False
117,0.1542251807266824,0.20625903716429103,0.09896923938371557,0.06853826744443235,0.022623527039815933,0.0729187096204478,0.14421489285472663,0.07958264564169322,0.04633697062655814,0.10633152949763691,37,False
118,0.16035949687617723,0.24244407434277163,0.08489020130035932,0.03304442887036243,0.007364863497308101,0.07323547471455201,0.1584219887464208,0.10667654012639687,0.03435715025420874,0.09920578127144283,0,False
119,0.14137986631131075,0.19183774446020266,0.09984263812483513,0.034541971969820805,0.03189448502178874,0.06703602457678941,0.15949110853215182,0.08603396658552856,0.04621463601425201,0.14172755840332016,37,False
120,0.14265672157583878,0.18671884821865165,0.10420836336339648,0.058703328974234734,0.043932549853106885,0.08041234372405268,0.15468788125866448,0.08370765339459814,0.0359124675055022,0.10905984213195401,37,False
121,0.15565074603069132,0.19594660563532296,0.10055268436069142,0.03119447613980197,0.03337849669721926,0.05189971358106038,0.1446665811396023,0.10388593909329157,0.06284541556085001,0.11997934176146881,37,False
122,0.1541927493124333,0.22207696884375314,0.09910145356163315,0.028413749517725115,0.053569723188381775,0.06792971317356979,0.1693495643183668,0.0708058916632612,0.045411754122185,0.08914843229869074,55,False
123,0.1417496527589997,0.1910487351131394,0.09687206564337848,0.045849375335314704,0.052783800716923686,0.06254347853169316,0.15359739717719426,0.10143634611448032,0.040324941322010595,0.11379420728686579,37,False
124,0.16650939392327613,0.21214286270781002,0.10907163514927566,0.02577800111910929,0.027893362951881315,0.07187148836242098,0.17142228333575377,0.08955693036863947,0.015393972187144531,0.11036006989468879,8,False
125,0.1419316960139672,0.178203996230599,0.10803706183886905,0.04517032791094952,0.03965725394164151,0.0764747042133523,0.13860422209400047,0.10139052854632635,0.0385671045657959,0.13196310464449865,37,False
126,0.1450295437550671,0.21088207111348098,0.09935915242829803,0.0454304747900793,0.03430984887287948,0.06634580428821295,0.16462313253591382,0.0907933156063274,0.029228876095583826,0.11399778051415697,0,False
127,0.15809257673384977,0.22522027144898712,0.10183724034711623,0.032529626586262496,0.01733295830265053,0.06661314384147102,0.16767872963694322,0.0870897810664941,0.03627865901776742,0.10732701301845803,0,False
128,0.14022246140243758,0.20084402826256897,0.10315345806466013,0.027252123471444782,0.033056626427672056,0.07369476234215569,0.1630619033107907,0.08128215641204949,0.03907839682618445,0.13835408348003625,37,False
129,0.14839047419229598,0.20740876660009264,0.10173589817227079,0.024057152714101502,0.051257129851409115,0.04363465404699226,0.16221668037277856,0.09011085977408477,0.04631073205232653,0.12487765222364791,82,False
130,0.16924489841627566,0.23910040612728714,0.10667278422227901,0.0,0.031144532940911754,0.0488995138914388,0.17829589460287168,0.09301655752122454,0.04254793917129332,0.09107747310641812,51,False
131,0.15353185908067604,0.23275415191446364,0.11247821603719997,0.047153424496334105,0.002615747754326587,0.0509173443521196,0.1519959707451486,0.1072942320681005,0.042210099433814166,0.09904895411781693,0,False
132,0.1583105601129025,0.19785571465448495,0.09608390061910631,0.05513085522890962,0.025199882446411432,0.05964737350381779,0.1511031971950781,0.09269687929926833,0.03444986614873288,0.12952177079128802,37,False
133,0.1767514656285069,0.20833920195881298,0.08042134268804693,0.004826118734604491,0.039028734500347405,0.0729810044685573,0.16222226689607802,0.09027618532497544,0.06605781389003475,0.09909586591003573,51,False
134,0.13755413158948832,0.2049299121001882,0.11495219310915673,0.04604857591032843,0.03065115998214654,0.05746890461395478,0.15767088185272926,0.09120081060399049,0.041897656586872806,0.11762577365114445,37,False
135,0.1691131164322783,0.22632746245559227,0.08841365078029127,0.022266701562364807,0.040841657003947984,0.04047552543338159,0.15430218172029614,0.09335956985604021,0.03393889359598108,0.13096124115982632,82,False
136,0.15725753279040858,0.2135355955017319,0.08541667194150873,0.006478035262346114,0.06487577583546202,0.06017550076302286,0.17129173536514425,0.09473882919383848,0.048192721398236965,0.09803760194830001,51,False
137,0.15652289044530207,0.20679390402462444,0.0863990630102802,0.02657491346530878,0.039073262140319295,0.06455210121869223,0.15540991444278154,0.10652865543490825,0.059215390180881025,0.09892990563690228,51,False
138,0.1396595167466444,0.2292205956557752,0.0971341554583084,0.029880679165639967,0.029852548094571007,0.06291836951476307,0.16246671232698795,0.10172366085148894,0.035454514465029126,0.1116892477207919,82,False
139,0.1804613257950155,0.21167277437088391,0.07067750725363998,0.015677963607813886,0.03484745409127103,0.06157727091574995,0.1962603053414361,0.09147438127284777,0.046627942195335635,0.09072307515600621,51,False
140,0.14901603700197497,0.20537621443249943,0.09551889309895653,0.04471367011759746,0.04191033446496744,0.06563948238699067,0.16207263881808315,0.08672859773734676,0.03715995328192777,0.11186417865965603,37,False
141,0.1476300790535772,0.22172067338121756,0.09391811067845392,0.035822945166256524,0.0461584674971106,0.048859898441781,0.16299413867284562,0.0845987649512718,0.026666343500172003,0.13163057865731376,82,False
142,0.16035200655627557,0.23166850468894418,0.07711270154363614,0.009231916794367427,0.03729519875189097,0.05347078061333957,0.19198874363372306,0.10310244066389126,0.0461608401261694,0.08961686662776241,51,False
143,0.13448298840387649,0.23195772644828516,0.09181042861228657,0.013636851239290582,0.018411410048921342,0.07306771600459423,0.1631373664695588,0.11547864510345715,0.05545287572120064,0.10256399194852892,51,False
144,0.1619998410911893,0.22669276235716923,0.08767777261119572,0.016100618062411882,0.027508752506847145,0.0564362395244726,0.1858751247250356,0.09052174327412361,0.034361096337509014,0.11282604951004589,51,False
145,0.13639741571300518,0.18700372782794084,0.1100565702318894,0.034172530822892656,0.03467803079514286,0.05928728344448102,0.16362493396218403,0.09497589280147385,0.0575776425692009,0.12222597183178921,37,False
146,0.15011294593008565,0.19007977764091208,0.0912416160201521,0.031079124256170175,0.04165281599438285,0.05775175193128575,0.16457037482237222,0.10233976017857054,0.04628656514148454,0.12488526808458414,37,False
147,0.1629677759834315,0.21283043906855048,0.08129235051622564,0.0201038935834171,0.045074322212232065,0.06924121238068336,0.1639281419131402,0.09386784281511353,0.04941351747572766,0.1012805040514784,51,False
148,0.13349262457790034,0.20094860459588806,0.12534417019886532,0.04575949972899539,0.05281181917213067,0.047645242788947134,0.13712905623884716,0.07365001145124571,0.0521214263924758,0.13109754485470448,37,False
149,0.1470696405619997,0.20595624660640854,0.12411383492991161,0.023937498319693058,0.04040680531955573,0.06428349447622311,0.15499710819464213,0.0748061514007232,0.034799947603059274,0.12962927258778376,37,False
150,0.17034911137441527,0.22335950300761623,0.10632345328822862,0.00929165341718504,0.022541026914550427,0.06392282118731576,0.15611641320987743,0.09276282763011473,0.047631061981981984,0.10770212798871452,51,False
151,0.16703352406100694,0.22893624868852572,0.0792739630043898,0.006832309448227542,0.051280239338088646,0.04220789265480796,0.17437835003203117,0.08715137280693469,0.05698734001065497,0.1059187599553326,51,False
152,0.1680431258535255,0.21501984263913793,0.09840977344778457,0.0,0.04250549069722828,0.0575070902479724,0.16762192956126215,0.09905842503985951,0.06472692352949208,0.08710739898373755,51,False
153,0.17083420486186504,0.22775229773096797,0.09337015281912761,0.005536857937290675,0.03714257621032243,0.05280561458035096,0.16524545863478085,0.09634085624102463,0.05934274923867079,0.09162923174559896,51,False
154,0.1678369773683475,0.20636036546968892,0.08979182146534602,0.009809535088186652,0.04380952574505293,0.06612138076539455,0.16800254611959953,0.09122888152124468,0.052746629361926346,0.10429233709521286,51,False
155,0.14623817019775054,0.22914812317340336,0.09160640161557718,0.01964793576309077,0.028632747144652002,0.06389350704454601,0.1924967939803294,0.0784188253925137,0.06329278916482699,0.08662470652331007,51,False
156,0.17102567250714598,0.22445862656498347,0.0886026359693965,0.014902251555495792,0.03755860472250858,0.06865107818210871,0.18020155341704666,0.08007785919596254,0.04699752390056283,0.08752419398478893,51,False
157,0.15419317067225619,0.196387060751219,0.09362421420025724,0.04777944731070441,0.04708510508507231,0.06115417991157559,0.14606421711259995,0.08214931876607941,0.0401310210662549,0.13143226512398096,37,False
158,0.13521046532199782,0.20921320964807416,0.09617583573604943,0.038933680517593744,0.05732907593155459,0.05215769683103385,0.156902058312891,0.0798355546033834,0.059053789768515746,0.11518863332890637,37,True
159,0.14338057468725146,0.19513818716037942,0.10420817323841049,0.0385704797399404,0.03776722952303702,0.06952834284929646,0.1564383870099938,0.10033069880059058,0.05120434856891442,0.10343357842218599,37,False
160,0.14478660720925648,0.22217139472033678,0.10747471136876244,0.028159791418754545,0.052237819916254945,0.05164156950420789,0.14664258725284532,0.08205197256991129,0.05155964271775993,0.11327390332191047,82,False
161,0.15394456310449986,0.21058575216874278,0.08272389547278755,0.0003486622220776498,0.05513330591866407,0.054068501418861624,0.1775720958029408,0.08328338435883134,0.06786226127045465,0.11447757826213975,51,False
162,0.1539952366038881,0.217003016488806,0.09458547737946332,0.04134350107346845,0.05364063823822551,0.026155200164504955,0.1600899482657157,0.0900774177866863,0.04035118478174372,0.12275837921749805,82,False
163,0.1460054057899469,0.21871793293098762,0.10070795349927561,0.03821721977842973,0.02139654970362232,0.06545136375502826,0.16129624815289417,0.07600647617030397,0.04005430890611246,0.13214654131339898,37,False
164,0.16102995535634154,0.21532821782509728,0.0855684292301655,0.044994045425851364,0.042280867136166154,0.057494035425948525,0.14674909457997584,0.08956420203070732,0.0363277193269782,0.12066343366276835,37,False
165,0.1358923417417084,0.19916341719095143,0.11691649413901525,0.030382062392849588,0.03457096582263469,0.06078131977386737,0.1504895629915893,0.0940230046529828,0.06693337163174111,0.1108474596626602,37,False
166,0.1374620330735903,0.21253911250081423,0.0882893603428991,0.013562543421242527,0.0586380455472646,0.07024478137038391,0.18392325755575878,0.09115139401442701,0.05089405612894075,0.09329541604467882,51,False
167,0.14539613228499124,0.21934745000223332,0.10007325586272905,0.03090806654721762,0.035055788085129526,0.055722523079372366,0.160036721882407,0.10497338899113662,0.04164898775472173,0.10683768551006138,82,False
168,0.1470310784483367,0.19457856300260878,0.11335427949162312,0.03727198860821143,0.035776870186221436,0.04882573428574045,0.15907449072088428,0.08905088975759376,0.04403300450956058,0.13100310098921944,37,False
169,0.15681998032926067,0.2200412579539074,0.09567198952422547,0.0,0.04674352502396415,0.051640210535534796,0.17192189601111624,0.07450679023373732,0.07746573461574847,0.10518861577250556,51,False
170,0.15465782842951728,0.1944679354383225,0.12545445512896503,0.05007216630063146,0.020463771337199885,0.06618950598067735,0.14896725890236673,0.07243971613688698,0.04756716336961619,0.11972019897581665,37,False
171,0.154830501048905,0.21023462708612695,0.08504155484205209,0.02416114054442395,0.04934367531077316,0.055886072050645205,0.16660081948714794,0.09101097133397155,0.03311890838780372,0.12977172990815042,82,False
172,0.15588309268214223,0.21205310189633186,0.07668957624522185,0.021324398710170184,0.02985147753166521,0.0717856771998658,0.1867983557353225,0.0901154009557001,0.05243322391692086,0.1030656951266594,51,False
173,0.17422369144307492,0.20909030265079318,0.09005836975272007,0.005705217770138121,0.039579388410381645,0.04045879276430857,0.19037297014745788,0.09152466466450188,0.05182419447384885,0.10716240792277491,51,False
174,0.17329576445996445,0.2327003839394047,0.089657170224206,0.007364710224989521,0.04244369989276777,0.07011074645674972,0.17617247645578404,0.08240612509827991,0.033053319388260005,0.09279560385959404,51,False
175,0.1606544396860246,0.21098532159729838,0.09134669062992147,0.019695847089888786,0.0641573964194811,0.05640257952020711,0.15996709024713074,0.07978990812183928,0.029363748888335595,0.12763697779987293,82,False
176,0.14867131873001538,0.2115737675376314,0.09231997805084,0.034268683807658115,0.03765269828470771,0.04187460542694378,0.15585609158082864,0.10011764030847368,0.03727719636908509,0.14038801990381616,82,False
177,0.14935635223997545,0.1810532352329673,0.09956261778818225,0.049944516908454493,0.040567579221006456,0.0674073959989823,0.16210881193053706,0.08765758085398623,0.03431111308765255,0.12803079673825604,37,False
178,0.18522425334342218,0.2284644686343411,0.08633468291274322,0.0,0.035992046989102675,0.05573493883682342,0.17691241553726866,0.08837583704473705,0.03322946637350435,0.10973189032805732,51,False
179,0.15973301470094198,0.19455906681827492,0.10322629506059926,0.04505845534918912,0.008158762350973374,0.07093866387845503,0.1485648787630795,0.10695986539277018,0.02921236877116349,0.1335886289145531,37,False
180,0.1579941598606098,0.21592954825286906,0.08737630764174106,0.026599968023632674,0.05171734480021899,0.029776910497911636,0.14804316195223766,0.10909965320183018,0.0554401502196449,0.11802279554930405,82,False
181,0.1386080146186719,0.21548137206571896,0.11258665355061126,0.024782122680207845,0.04578393308534793,0.05140739441253835,0.16775428886317054,0.09342974551427068,0.05131356519974584,0.09885291000971677,82,False
182,0.13831069876058544,0.20681812785848652,0.09604788513851109,0.03374180899026687,0.05564913748377526,0.04452500773463583,0.17620818300507562,0.09222902060916825,0.0336623699248818,0.12280776049461327,82,False
183,0.13734049649126684,0.21151520770390939,0.10415096651514846,0.04274974121381081,0.03644835493861013,0.05134979767175992,0.14548683836210166,0.08280513471793682,0.0635295710783254,0.1246238913071306,37,False
184,0.1476330433920657,0.2166463027838509,0.11656652956620224,0.037034088903236874,0.03993470835056934,0.051917464767646936,0.1504912281028041,0.09354769463490949,0.04880060882628602,0.09742833067242834,37,False
185,0.14506501111445533,0.21703207687246903,0.09665056848873897,0.022961282361915268,0.051857810411135866,0.03359969770443945,0.16722831616941033,0.09193201295301585,0.05077799570432234,0.12289522822009742,82,False
186,0.1459991907010518,0.19313625874281737,0.08138850516605413,0.04594450960740243,0.03721519649088879,0.07627644611713166,0.1531698183699841,0.08574416652023797,0.06117154106924662,0.11995436721518504,37,False
187,0.15288202198984338,0.19788588608780314,0.1065146443195524,0.05463895004956799,0.019724652465048145,0.06971218397597803,0.15308300853776816,0.08457775846145564,0.037598519942050365,0.12338237417093269,37,False
188,0.14905953235125766,0.23802932431418128,0.0997582792517647,0.037885457224468434,0.0372096031041878,0.045529393904735954,0.15208260063453596,0.08398103042397813,0.038501977485014674,0.11796280130587547,82,False
