ID,strat_res0,strat_res1,strat_res2,strat_res3,strat_res4,strat_res5,strat_res6,strat_res7,strat_res8,strat_res9,ancestor,alive_at_end
0,0.24102419570257685,0.14111764895445023,0.13158642895774975,0.2808287160886795,0.051555271693137436,0.0019649656648267864,0.0017281989747952155,0.05551183547002028,0.04079228064581518,0.053890457847948756,0,False
1,0.23343886718848073,0.13413962936887264,0.12468098115430254,0.29014306789408734,0.05799342022333148,0.0,0.0008431463224231517,0.06463509783758731,0.0419097277739842,0.05221606223693051,0,False
2,0.22337422451774208,0.1303239879397236,0.13171513717009345,0.2962331542851129,0.043330067704796124,0.0,0.015420783298609434,0.051992551745520456,0.046804510541673144,0.06080558279672888,1,False
3,0.24767652088960815,0.14932214040293923,0.1484385490610227,0.27722799473638204,0.033211389385107405,0.0,0.0,0.05345751459213524,0.030791050850431594,0.05987484008237375,0,False
4,0.25196540563678593,0.13172254867985095,0.12351488832168955,0.2816034289882761,0.05436104877369695,0.0002676109103182243,0.0,0.05178457067527595,0.04784549153708471,0.0569350064770218,0,False
5,0.2237156551079368,0.1355809282934292,0.14480112430002254,0.28160407283739897,0.059646832361109015,0.018542385813899886,0.0,0.05756212813224739,0.03314325681935837,0.0454036163345977,0,False
6,0.23078696969761017,0.14108079969598297,0.13153182047916634,0.2743261487885099,0.03680234376387019,0.0,0.00997175126976437,0.062312826260054265,0.04085895042040236,0.07232838962463954,3,False
7,0.24030351260467134,0.13659038995383527,0.1315758643508802,0.27309306445698306,0.04059941593499161,0.01014116061302779,0.007209484463984655,0.047841590146977676,0.06065878853446909,0.051986728940179416,4,False
8,0.22353492465121266,0.11776097172850283,0.11749158583565487,0.2988073698144194,0.04916932655414242,0.006583502218229554,0.01800765896793142,0.06485723683772725,0.044938234089838006,0.05884918930234143,2,False
9,0.23966909826012694,0.1402130819551648,0.11201745376885362,0.2798665619206162,0.06787555928835007,0.0,0.0,0.04980275719628739,0.04534810382584558,0.06520738378475534,4,False
10,0.22428639285103938,0.1463330604657124,0.15997573084456676,0.27889283377571084,0.05515360602423181,0.006190857861485659,0.0,0.05850409910741904,0.024116347300699895,0.04654707176913426,5,False
11,0.2193591400066116,0.12475025238403865,0.12365993094501501,0.31363429996717707,0.0262771245334702,0.0,0.01923194964518803,0.05166823275886184,0.06717199260184988,0.05424707715778769,2,False
12,0.21868012321071503,0.1390379812470397,0.12232695208188751,0.2979333295983663,0.0524444621183148,0.006177928107041382,0.025869044716930623,0.040808507290764275,0.03515866301456855,0.06156300861437177,2,False
13,0.2560977775109771,0.11632031661637011,0.09743345052997401,0.2791535007183363,0.06592540054873976,0.00670070957415307,0.0,0.05653407219217959,0.04846879325996312,0.07336597904930704,4,False
14,0.23461318669054634,0.13967751370785078,0.11559615545170121,0.2765020185984363,0.07604547268581975,0.0,0.010495988034061784,0.059848951149081654,0.036062810065718355,0.05115790361678386,1,False
15,0.23660267609307897,0.12969340187826386,0.1213324346679887,0.27905705106819156,0.045579085846101014,0.0,0.0005897279699350683,0.07561402468370691,0.043617762706512506,0.06791383508622141,1,False
16,0.2525428989269083,0.14601340143488972,0.1265238589706922,0.26049949171930936,0.055584251691715804,0.0,0.0,0.05373668829848998,0.05030586510652955,0.05479354385146514,4,False
17,0.2360602070677192,0.1239393892140943,0.1328504477933218,0.2816436014514462,0.061769162681432996,0.006455301599949031,0.0013754091879210086,0.05480807317317417,0.036109098011948816,0.06498930981899241,0,False
18,0.26815169319525856,0.13048914545542792,0.12777690615311255,0.29298090827117285,0.03712111998245141,0.0,0.006653581880591573,0.06127482286422019,0.034640187466484985,0.040911634731279956,4,False
19,0.23464508385888813,0.14152798030714667,0.1241184230260594,0.27473834784298706,0.033509565347512836,0.0032202033709347547,0.012182256249360044,0.06265268465234541,0.04664412091246057,0.06676133443230509,6,False
20,0.25722093902053356,0.15791713300894836,0.16575040730332696,0.2746600378994219,0.019645414045146983,0.002304411671992273,0.008485661275546515,0.049054688135864076,0.020335916227009473,0.044625391412209836,3,False
21,0.22443707649142355,0.14084481491815576,0.1272107121170746,0.27315925523128076,0.058283185379878345,0.011449468345394093,0.007175582214137455,0.057216796222552505,0.053941965097157596,0.04628114398294528,1,False
22,0.22167169263378975,0.1173622673333869,0.1388365742972676,0.28395300596371725,0.03824157292658474,0.011945648304523483,0.020411566494833472,0.054567464013515164,0.059566292182470656,0.053443915849911025,2,False
23,0.22510465499328047,0.1225394899346284,0.13560304026968534,0.2925527359183204,0.03517761942031607,0.0103353050729119,0.013664704836059947,0.04904785960072102,0.05808872025159832,0.05788586970247823,2,False
24,0.2289091335691598,0.1314010087541344,0.12781758612143695,0.29470055102940484,0.03327474723488689,0.0,0.024561727172661692,0.06753027772100417,0.03190545340480782,0.059899514992503275,2,False
25,0.2340331607781441,0.12380490058546417,0.12556621970571255,0.2570845549620789,0.06045049936294867,0.0,0.008316608928271454,0.07498668366332421,0.04802060650541763,0.06773676550863843,1,False
26,0.23789728771247734,0.1482916013833877,0.12703340596112403,0.2945372564863199,0.023804457634102487,0.012461200095154846,0.0,0.06190258840098526,0.026403111054993798,0.06766909127145475,3,False
27,0.22000787599573937,0.14165228928504534,0.1273888876904978,0.2930594684873151,0.04317595538573471,0.0,0.021586998564231383,0.03840578934233922,0.05507304721765118,0.059649688031445866,2,False
28,0.22656747278176073,0.12196203137846419,0.14516766856777072,0.3026829489220098,0.04039073588640852,0.006578193125399667,0.010215312933303616,0.037160335457861016,0.05071216466008838,0.058563136286933354,2,False
29,0.26432549382722637,0.1256643070914904,0.1124950991594804,0.28552655239153657,0.06286554082102877,0.0,0.015928817044551218,0.04380602208769738,0.03306836354860956,0.056319804028379356,4,False
30,0.22650421001205046,0.14096943984260707,0.13825459824616088,0.28264634160098956,0.04731304282951599,0.024218983890567796,0.006453213633829891,0.05134510493675146,0.041541116649747356,0.0407539483577796,2,False
31,0.2311737694867839,0.11783891734566272,0.10236161696186222,0.3125401149824993,0.04007170379107291,0.0,0.025187619039188206,0.07368849087965886,0.040794961128528,0.05634280638474397,8,False
32,0.23467408961468703,0.13779916827245117,0.12421040955517011,0.2845591223626418,0.0569990224872215,0.00035859264269726853,0.0,0.06116629646216054,0.024450630641973007,0.07578266796099752,1,False
33,0.2200481738233896,0.14676677535424157,0.14131736436099354,0.2850123347957077,0.05624494003248061,0.022349027332809326,0.013257990248137607,0.02915580776247131,0.026568629535389382,0.05927895675437938,0,False
34,0.2265960086858606,0.1560675547285019,0.1547459292084527,0.2702392493364499,0.0662316272382341,0.008445980181989932,0.0,0.041510470188292174,0.04264624462512005,0.03351693580709848,5,False
35,0.2181122776255189,0.14339688639772322,0.1257933823274695,0.27133731748877465,0.07620321453273346,0.011457248103099974,0.0,0.06273613660172972,0.0322468033468675,0.058716733576083015,1,False
36,0.23693022721651077,0.13092157118720826,0.1194279295232019,0.3022492379894311,0.05162870300038418,0.0028226256607486034,0.0,0.06703926026153242,0.03343145922306473,0.05554898593791817,1,False
37,0.26834999029226586,0.12381498323574898,0.13080382110668823,0.26976893636201615,0.06003722194936589,0.0,0.0013003620857254164,0.039816517802581136,0.048631429103514826,0.05747673806209332,4,False
38,0.211748347091616,0.12680511650547166,0.1486329299152022,0.27760437041090086,0.06811527150052898,0.02585266022188618,0.010616933667547011,0.0580118795411993,0.03368414019431902,0.038928350951328926,5,False
39,0.2204807664242676,0.16351317786895425,0.14181248176099462,0.2703153590236756,0.009721724668455698,0.0,0.014326037745839003,0.07013450516668428,0.03738431085062339,0.07231163649050559,6,False
40,0.21433357456236526,0.1387680255812706,0.16326448291305914,0.25484019109090245,0.06436607724885611,0.03330449706935363,0.0,0.04591016925166878,0.04480555137933935,0.04040743090318464,5,False
41,0.2157652358873437,0.1111372212066537,0.130666127374054,0.2837703973899128,0.06372717001611757,0.0,0.016058667068096468,0.05026587020779304,0.06027518305176686,0.06833412779826194,2,False
42,0.22463090756600484,0.12240655936690327,0.14126043433851207,0.29086064145012047,0.052476773668860846,0.0,0.0008713691834927442,0.07318208361060313,0.04213626836447154,0.052174962451031044,1,False
43,0.25769689922705097,0.14399854558860956,0.12770698436700118,0.28923468429363813,0.049722388336047196,0.009623124564231542,0.00423514690219213,0.04079988948449675,0.03374133494741018,0.04324100228932249,0,False
44,0.2177436576170101,0.1337836365189253,0.12790398684508775,0.29203305027350995,0.04793600804290881,0.013477966879561163,0.009502460907542176,0.044302383154302086,0.04834171965103613,0.06497513011011634,2,False
45,0.22666948752947047,0.10192060123179701,0.10166222269472133,0.3303528336792602,0.03564098301178713,0.005473622114913134,0.03147737063379691,0.06519426635032566,0.03807555656209301,0.06353305619183502,8,False
46,0.23161192085502408,0.12929167153301965,0.1434777365142678,0.294952596853074,0.04940848347475991,0.0,0.010219885389088568,0.049833891586458616,0.04604666780460153,0.045157145989705896,5,False
47,0.23735793941977393,0.14140126213509618,0.11273435329785013,0.2918447797733799,0.057173715996349024,0.0,0.008233861194141084,0.05908949955721581,0.04830283458148402,0.043861754044709836,1,False
48,0.21290953656796544,0.14342953924886043,0.14599780936952533,0.29068857029479683,0.05147171460575474,0.02414233516704526,0.01033054810242886,0.052709492938151345,0.03278150010787373,0.03553895359759795,5,False
49,0.25682807127595925,0.14721176007425246,0.11917025211507246,0.2695375201178148,0.045920210666075434,0.009815494242355812,0.0,0.037759224526151366,0.043370553871218256,0.07038691311110025,4,False
50,0.21642019063368026,0.14171019466417184,0.14244183772767266,0.27876318427200436,0.033899640050963055,0.0009005679521212136,0.014966858479982475,0.06830628774948806,0.0520269899337111,0.050564248536204975,2,False
51,0.23459227062218282,0.13175159341371154,0.13906903931615955,0.26571328999325544,0.056102526657576215,0.0,0.0,0.06834215419790546,0.057373047732037316,0.04705607806717156,1,False
52,0.2343056249531381,0.12427364974199907,0.14402714043812515,0.2701376579840726,0.04072920503086612,0.015731272959256935,0.017653437305715024,0.043118078251571754,0.04944646320836495,0.06057747012689037,7,False
53,0.20654772092026985,0.13843232442139208,0.12362638527969179,0.29580720046970665,0.03924824952862471,0.0028456070030485133,0.015247573258336219,0.05255198298531108,0.06642547616071445,0.05926747997290454,2,False
54,0.20717233270635643,0.13273067947044523,0.13296823877127958,0.2878748092004589,0.06449520150546853,0.0025769057869530028,0.0074003016039067985,0.07188852723313835,0.05019114597601132,0.04270185774598198,5,False
55,0.21771985618677678,0.11753829978343817,0.13783000074175378,0.3060653048020558,0.040381723602679866,0.0,0.01726753047268919,0.06856109695826001,0.028392675534518342,0.066243511917828,8,False
56,0.23109559118206888,0.1275065253704537,0.12742228491155497,0.2677769360780849,0.036552106588576785,0.0,0.0,0.06386292956269787,0.05491539464232295,0.09086823166424,6,False
57,0.2463022315041219,0.11585787455735379,0.13143174464101764,0.2986058609354603,0.04198909699016372,0.003996295301626808,0.00840079874449843,0.062384663040527095,0.04277327253547757,0.048258161749752684,2,False
58,0.23252701560676764,0.11454116796840072,0.11319073704885267,0.30899537819709,0.03453837101814448,0.016076022974811623,0.013091724404364787,0.06082512015314839,0.04406790533598794,0.06214655729243164,8,False
59,0.2325235861452199,0.1414214900710378,0.13723543619354844,0.28248670842191154,0.06311213930856756,0.0,0.0,0.05557545095624969,0.034444598253727116,0.053200590649738075,0,False
60,0.2346356255753747,0.126500881452659,0.12177025709643897,0.29593654694514726,0.046002624394702506,0.0,0.01498622204645847,0.05998941155558003,0.04431503562052932,0.055863395313109604,2,False
61,0.22665336141154596,0.12890851325457925,0.13561652533050358,0.28019981022611085,0.05957538091892343,0.01855362307700702,0.003235652738516156,0.05795076113481835,0.04905330587988895,0.04025306602810664,5,False
62,0.232911910203805,0.09793248711135856,0.12175800557815707,0.2960869908281426,0.05225698095194858,0.0,0.032660572758995934,0.06431864230717216,0.03928552022890472,0.06278889003151551,8,False
63,0.2151288922746614,0.1476622574813625,0.13339647347158853,0.2793660119581872,0.06809161437600665,0.03195086767134474,0.0,0.05354596779964202,0.03758440737034007,0.03327350759686682,5,False
64,0.22779188026293742,0.11690885069452592,0.110736874827837,0.2860231176263096,0.05773217761490742,0.010469302258366911,0.029695206687456874,0.04530079320598645,0.043416194032815096,0.07192560278885743,8,False
65,0.21209220970272966,0.12106543727055197,0.12551719178080287,0.2927089452837153,0.043279849684385904,0.00444092233389048,0.030742057881909403,0.05632317394544007,0.04203059659343396,0.07179961552314033,2,False
66,0.22051310644571218,0.11102353009889603,0.13109431935381155,0.30763111292116296,0.04942520815873534,0.0,0.0,0.07183442439291635,0.0507785766609931,0.057699721967772385,8,False
67,0.22795666276982893,0.129106667808634,0.1334539642421615,0.2978044742495957,0.034456771112125785,0.0,0.017223240303278056,0.05069023346109057,0.05748698029799927,0.051821005755286094,2,False
68,0.22677929463039184,0.1131895870715081,0.10201552984682385,0.30702487588507354,0.06308007501659418,7.224794140093933e-06,0.0150238854929904,0.06331601188622314,0.052051519919726556,0.05751199545652834,8,False
69,0.22542608460782457,0.1316809416342028,0.1265077071053173,0.30564538522573714,0.061784115242080696,0.0,0.0024279188942225773,0.054121982376934066,0.037210605956782564,0.05519525895689828,2,False
70,0.22762553115505693,0.12428692215440135,0.14506545804571203,0.27476360624433155,0.05601472532440089,0.031173714480702105,0.0,0.052430204802068794,0.03157722567401339,0.05706261211931297,5,False
71,0.24244751369597875,0.13193756646228727,0.12460620880073417,0.295253026562305,0.04058630698814469,0.0,0.0076064409946513395,0.06910946321738563,0.030295738681395144,0.058157734597117934,2,False
72,0.21381440276703675,0.1313272029678947,0.12923088573374492,0.29683650794609046,0.06312322411830214,0.0,0.026161014323584614,0.03231253770108489,0.05600061009567168,0.051193614346589804,2,False
73,0.22535690856729654,0.11782295052470856,0.1151345863224372,0.30740802139302864,0.06225012912394898,0.0,0.013469568574728268,0.06708018155688905,0.04357367356339279,0.04790398037357,8,False
74,0.2029632196512764,0.123669820052991,0.11602430947901735,0.29792332562403007,0.04584479504862988,0.011787485223387583,0.01650031149745753,0.06542309915516786,0.05223706617014943,0.06762656809789294,8,False
75,0.2249012507176882,0.11397830946208315,0.13732201367676872,0.2940655068009601,0.05843589951046946,0.032622122937543,0.009886072192067085,0.05939728861013678,0.03359765235272391,0.035793883739559613,5,False
76,0.20501810862213787,0.1393403208956054,0.1400552921570229,0.2637898440956624,0.056626565679493285,0.021844847550312286,0.010629708355232241,0.07431617765894898,0.04190431560524857,0.04647481938033596,5,False
77,0.22776490437441244,0.11270928113407361,0.10902943033162085,0.2849799359162385,0.05644463379333561,0.013050823763477987,0.01417402459443079,0.05601251877287849,0.0634883351537695,0.062346112165762343,8,False
78,0.23752739570983633,0.14165019217850813,0.1369175639618603,0.3151790915989549,0.04556103696141977,0.002009694990185936,0.0065003396046104875,0.0528616831369726,0.012192032725146846,0.049600969132504724,2,False
79,0.24238650627938535,0.1190222675165832,0.13409609311165205,0.30334134566456294,0.04100659583312942,0.0018951864916239832,0.014936338575184479,0.05296921925338167,0.04461982725769811,0.04572662001679894,2,False
80,0.2267311523849561,0.1251132848603653,0.13859396633656984,0.24869467501179027,0.06200291656918483,0.00916349609786275,0.024847969316154243,0.04971728640683404,0.040048865701376786,0.07508638731490581,33,False
81,0.2484066917011903,0.11499017158642517,0.14039672091665,0.29131953971541324,0.025555476479068896,0.015803760755469843,0.014410857084665888,0.05885792471785458,0.061076970717096016,0.029181886326165918,22,False
82,0.2291964422361726,0.12165889458854999,0.11733670881942533,0.29302710634437273,0.05992570839411393,0.004457999124194255,0.01970689634303031,0.06548132703956251,0.02682543191953023,0.06238348519104802,8,False
83,0.22630640231360102,0.12336502865258471,0.13143586410964403,0.2906460068564529,0.06030753674202796,0.0005183170437417462,0.01984344332674612,0.039026248998101025,0.04465746438649293,0.06389368757060739,2,False
84,0.21384694607828378,0.12719052555955568,0.14709374483319576,0.2669706183256634,0.062332260962493696,0.0009202509928846218,0.026427501986817627,0.04877918239504908,0.052935720712416395,0.053503248153639986,22,False
85,0.22366918424876558,0.12010610385648712,0.11568188601382003,0.30392776621606604,0.052069133875318835,0.003517470580823607,0.009200405610648535,0.06886618887233142,0.0494598740622355,0.05350198666350336,8,False
86,0.2184156859766252,0.12302040331477954,0.13508527033994192,0.29679037306992195,0.03977545545520677,0.0,0.02263783497433907,0.05311901180156479,0.048932742653349855,0.06222322241427088,2,False
87,0.223299121834178,0.10448200126285404,0.12016053184249478,0.2915013241255941,0.05492283216612819,0.00757799735334171,0.012710868114218872,0.06459096395360946,0.06108685115549789,0.05966750819208313,8,False
88,0.2387481089467452,0.13584662717311743,0.13721160388456216,0.28157433690868167,0.053196397944516846,0.025599455776431343,0.0,0.048611356876202404,0.025452838262528893,0.05375927422721393,30,False
89,0.218467550533432,0.13790401486168857,0.14336435657896315,0.28389324861847753,0.05272573854518914,0.023604039690693236,0.0,0.060811791489670655,0.02717999597451089,0.05204926370737476,5,False
90,0.23134860664092755,0.12539260602632152,0.12476389863567722,0.3105453322521779,0.03219341632950219,0.0032840912751627327,0.0021671032587854675,0.05195663011916358,0.05296435283312084,0.06538396262916096,2,False
91,0.24436449305370198,0.12836367974467228,0.1164899554814936,0.2927408910560429,0.03880579086065843,0.028749547780281687,0.018185310800084318,0.04503341155727573,0.026308693231513938,0.06095822643427501,7,False
92,0.2093288309277473,0.13261307666493452,0.1705918490917327,0.2644531624992713,0.057789496840063743,0.033713586508738194,0.0,0.04730967651018335,0.034808099540472585,0.04939222141685639,40,False
93,0.21058735803983403,0.11385115208231746,0.12712203277149747,0.298065467331584,0.03589985846720038,0.01365585847652798,0.019535941242730254,0.061669891666487585,0.06152314938435211,0.058089290537468606,22,False
94,0.2445532350358158,0.10735066666572263,0.14272283030132044,0.28253933206699905,0.05332238342537249,0.012014071135401356,0.007402372855645894,0.042522465190036274,0.05092576633831442,0.056646876985371554,7,False
95,0.19309927899554147,0.12250904969799897,0.1416883572123658,0.26754620608148544,0.07479581696946543,0.03851557620608341,0.007192190791415376,0.06925291648311334,0.03536514681776775,0.05003546074476295,38,False
96,0.23837327023151716,0.09761932537534702,0.11934806624080409,0.29298735643213314,0.05136227468658616,0.01130285526965792,0.017675669598272926,0.06057106681055725,0.056028990360016614,0.05473112499510776,8,False
97,0.23136264001514542,0.11724741240242363,0.1272678174471599,0.2921325429624384,0.052971974639351264,0.019928185546332234,0.0,0.060225242893025104,0.041922549006606004,0.05694163508751806,8,False
98,0.21773323354347932,0.1414604228321736,0.13398623281301641,0.27401097824662446,0.04935521968483227,0.0319581939862568,0.0075676872060857995,0.06223610070004152,0.04154751475476513,0.04014441623272485,30,False
99,0.21733752266022635,0.11013465467624216,0.12137309054491205,0.29124673576493426,0.05785410177171617,0.016982168934186595,0.014518011731617713,0.0547375617826067,0.0562056139171545,0.05961053821640335,8,False
100,0.2331072528657051,0.12904231097574076,0.10724842114717587,0.3038051293515752,0.05562525084456147,0.007173766662443135,0.010956510813555208,0.05658162084201459,0.045932984510367265,0.05052675198686127,8,False
101,0.21052566258806857,0.12975823714290263,0.13123363335597218,0.3006569362161497,0.04933280073099506,0.0030958710198216244,0.028302236461583762,0.03954114052592678,0.05111799577267688,0.05643548618590284,2,False
102,0.22893758440181658,0.11504564615400736,0.1169472690583607,0.2970600141723295,0.06625636564247687,0.0021283060348885594,0.013380605727747966,0.06939024410279578,0.03938326715550354,0.05147069755007323,8,False
103,0.2390767932848675,0.1309849843713053,0.1342607552726664,0.2715902101408902,0.05203973863776309,0.029976120197915675,0.0,0.06444172518100116,0.04526520991201847,0.03236446300157223,5,False
104,0.2421388238268912,0.16339616123939688,0.1476682794155243,0.29231736857403384,0.043086529256066985,0.01938826531231846,0.0,0.04702689376427026,0.008115695129658148,0.03686198348183995,5,False
105,0.21790455116690782,0.1317527336201154,0.14574202290333946,0.2682006226973606,0.06568647641931019,0.027096527621988636,0.003353287791080904,0.06378123178153343,0.02955838967566381,0.046924156322699855,5,False
106,0.21249557362627747,0.1346118213906662,0.14212708767802779,0.28761000791737584,0.058061499008984094,0.044520429893058586,0.0007706458289240458,0.051145295612958205,0.036161320310750415,0.0324963187329773,75,False
107,0.2342377752487301,0.1290061888191379,0.15144271407796228,0.28633795103884946,0.07238916514840987,0.005110381640807748,0.0038466291623571857,0.03880465870883884,0.03957018663731811,0.039254349517588695,38,False
108,0.2252874045600576,0.11749794068500269,0.10943443052983062,0.2973522421277397,0.040732054471881614,0.00020903733539254617,0.010592146154385838,0.07376655455618546,0.06067565849670048,0.06445253108282345,8,False
109,0.22816961805498723,0.11493573773804829,0.1269656502852996,0.3009447799972959,0.050287660406701115,0.04144919943937358,0.0018109212418591925,0.05771902673553691,0.04027457823046458,0.03744282787043354,75,False
110,0.2230534154594732,0.11065487494662732,0.11381495703078624,0.31820538978334384,0.05031153479547979,0.002108707871458574,0.01319779801947259,0.06366620089744346,0.05197175766622128,0.05301536352969362,8,False
111,0.21332110328591752,0.12181791757092827,0.12730268764325545,0.294621393349472,0.0687246651679714,0.026378806413162908,0.005230199487063753,0.07849294748633112,0.025957369385214382,0.038152910210683316,38,False
112,0.22844933827622566,0.1295026097676389,0.14393637170696086,0.2861782392604073,0.07581841703525326,0.04017501813394667,0.0,0.052974776084906666,0.019900560915941157,0.02306466881871953,38,False
113,0.19896324203353144,0.1505595495290051,0.14018620749707053,0.31403758050770925,0.04196206722690172,0.03286677802853873,0.008363836903509215,0.05976581821867756,0.01945058751773633,0.03384433253732014,48,False
114,0.20979052455848377,0.1275903897654578,0.13370821299917024,0.2825164226578459,0.09568152626120878,0.017966301562840827,0.00703657677210969,0.04877831986906871,0.030542759446516916,0.04638896610729729,38,False
115,0.22606903325656116,0.09869156025568121,0.12888109168208645,0.2906764290257469,0.03986610286548184,0.02688979185296565,0.030596980789399413,0.06189576951894745,0.04179713336111393,0.05463610739201593,22,False
116,0.2172025291358667,0.13727224079304998,0.1616046120342936,0.2389689623141001,0.0688226167876734,0.03760931361909123,0.0,0.04711800759092468,0.05604110397408747,0.03536061375091287,40,False
117,0.23482972657244394,0.10275848042449696,0.09655923332031288,0.32349067034270884,0.030820606988647515,0.025795710502398476,0.024196857365879034,0.072570714948096,0.032080504957244245,0.056897494577772274,45,False
118,0.21183119759254043,0.15168983790748572,0.14613520183485598,0.25542147141013,0.06882214703512708,0.03771072888670417,0.002373711252611929,0.03550949203013318,0.05429502030796918,0.03621119174244241,40,False
119,0.20048879688347385,0.11912781753507407,0.12770939850776025,0.2945712480752071,0.024526754526984947,0.014464185825551317,0.03002349405769743,0.06771242326859829,0.05273169414921195,0.06864418717044084,65,False
120,0.2071396379521375,0.13246935547100197,0.1510721885149702,0.2817597052343716,0.05780896405721649,0.017328784188114836,0.01963667303588714,0.07052472291202912,0.02584038941162166,0.03641957922264955,38,False
121,0.19755544638775477,0.1343885795857665,0.15111752016923843,0.2678457614329629,0.08121364084318078,0.03504141255769044,0.009949058310360007,0.05845977913840708,0.021055633074533214,0.043373168500105905,38,False
122,0.2291115143816907,0.1286347675789096,0.1480559252301598,0.28446011361376006,0.03300880307196738,0.0,0.011793955794582926,0.0567743978703011,0.052109494895040194,0.056051027563588186,22,False
123,0.22233356854388833,0.11419888348770246,0.1372900168966794,0.2845448049383094,0.08057994742184087,0.017383395507974346,0.0,0.0649024031884783,0.027981623478571516,0.05078535653655533,38,False
124,0.23263815554999592,0.14665259073118123,0.1477796453984346,0.2733116866194965,0.0565910203732748,0.02283918214502706,0.004369957585149425,0.0189112804216057,0.02333714162982374,0.073569339546011,33,False
125,0.22346748447422507,0.1513922090037179,0.14102720904531196,0.29093432168531014,0.054724953752621076,0.01843324076094878,0.016517229458927266,0.03148221784464236,0.01618193868574613,0.05583919528854939,33,False
126,0.2196927681397354,0.11940465883070048,0.12846569811293979,0.3056023584977831,0.04381616921217715,0.009573432435529147,0.00667314439114966,0.05780587728767981,0.03935223011432098,0.0696136629779844,8,False
127,0.2184833947260084,0.11457797777408157,0.15420736193487364,0.29576622148484727,0.07435326802394075,0.010355942903097926,0.02273752378776877,0.057899964160648756,0.017177752503496443,0.034440592701236526,38,False
128,0.2018216395051754,0.14085075355298163,0.12316051494921501,0.27540761183735907,0.0711925661576034,0.02545652056247415,0.022998335803909857,0.050611860886418655,0.028761136931730404,0.05973905981313239,38,False
129,0.22152482311172456,0.11112173568580531,0.09886788205990796,0.2853553783463127,0.05728243711157355,0.015467301635129119,0.036584584318265105,0.05686816333341221,0.04349248913212831,0.07343520526574128,64,False
130,0.23230252903643206,0.14225685764581109,0.12736889632274315,0.27613988001721074,0.05061653730171588,0.017943505765924184,0.02476705851052242,0.029344154002454423,0.03795863351188723,0.061301947885298934,33,False
131,0.21454342245539754,0.11465063310117442,0.13965868732831507,0.28836423546819,0.04621694740950166,0.0,0.0,0.05995394970058941,0.06073770650396721,0.07587441803286482,22,False
132,0.20222217605550916,0.12190729565179995,0.14543244978118797,0.2836034236539151,0.07878632739426322,0.02830624070254431,0.011906329427249746,0.07049043416564084,0.021902127897922907,0.035443195269966705,38,False
133,0.21596032045023894,0.15139646406143215,0.13574720713172925,0.2850073562363028,0.05612774393156867,0.03622051384864066,0.018706619801082718,0.05665239664823672,0.01867509604072631,0.025506281850041796,48,False
134,0.2182525046358329,0.10989962840618518,0.09586287092577815,0.33316150997161836,0.028646121687199995,0.016385150613052006,0.04883617725817048,0.06828157896169507,0.029054813592649192,0.051619643947818816,45,False
135,0.22835364239329303,0.14798256004943344,0.13351952914329906,0.2656145232011201,0.05704422587260682,0.03047489693113255,0.015213629435190187,0.03424072963336866,0.029673119477763896,0.057883143862792315,33,False
136,0.2278868956115069,0.1549839417883245,0.1374035283365858,0.29549450415464473,0.05518272752289716,0.025620293857524925,0.0,0.008364950174425468,0.032672786572944666,0.06239037198114569,33,False
137,0.21178434197252705,0.12989257160115253,0.12602645761899056,0.28080021680960643,0.04315948460916461,0.013097660838408628,0.033841606540441486,0.056230006459611875,0.06748961225443138,0.037678041295665564,22,False
138,0.20315971144126294,0.1481917095614999,0.12715834013904787,0.2971158095318497,0.06063182615421871,0.03810973827089729,0.00946878372063858,0.05280781268443051,0.012122449395705996,0.05123381910044849,33,False
139,0.23860782328186858,0.09798896622634048,0.11280727218225141,0.3301321969520898,0.02234372989549325,0.0,0.03579020036601817,0.05590580617141545,0.04123762574410378,0.06518637918041896,45,False
140,0.22761811480952152,0.11320352720981808,0.1318413763532997,0.28691646743671617,0.058085278993427865,0.020443737093104396,0.01461519749279241,0.058386043064776835,0.03826148175651775,0.05062877579002528,8,False
141,0.21954525174601147,0.121882530771976,0.14312795749761054,0.27807640857707566,0.0648519110532319,0.02380365256545097,0.0005576451935306218,0.06648378096677769,0.04039769640977903,0.0412731652185561,38,False
142,0.21039449087563447,0.1543755933030263,0.1340786323746264,0.28703407363125,0.05845111100153879,0.0196105768559923,0.0,0.03781687202857157,0.0324592474470095,0.06577940248235083,33,False
143,0.2196386799526456,0.14066501582496446,0.14115351707060406,0.3023110710570894,0.054756415547840886,0.0207900936497346,0.019025583388730206,0.030584686502441824,0.002975950296359468,0.06809898670958954,33,False
144,0.2141607567612355,0.12623186106219408,0.13447102601619484,0.2801091559233243,0.06934647400568962,0.02531649266942204,0.011494058921081499,0.05567977679545552,0.033070889215509124,0.05011950862989345,38,False
145,0.212066184355694,0.12163506250519426,0.12126600413909777,0.26695732856856275,0.07245484014534573,0.006814791065019652,0.02119225789948956,0.04831235111191226,0.04994032180371895,0.07936085840596514,64,False
146,0.2058233578555226,0.11835379435196075,0.1516047547096087,0.2673808335204849,0.06827801614207825,0.01649492183168108,0.022493019775891687,0.05489353235574613,0.04089432225006692,0.053783447206958886,38,False
147,0.22092595007021507,0.13593244671034727,0.14646842554853134,0.2791051851217521,0.06059944599458104,0.017039994680631377,0.01393117162376595,0.05427562589324292,0.03415065027137431,0.03757110408555862,38,False
148,0.22835522158074364,0.1242539383463697,0.1514505070114329,0.2985105516163924,0.024083464107388656,0.008460699649954327,0.0038943791555364204,0.04672530378423377,0.06282864771910765,0.05143728702884042,22,False
149,0.22639116145520313,0.13127765057722895,0.15882281772453824,0.28008211941689026,0.05718245524654579,0.00797301753443967,0.0,0.05328193555326298,0.04596698800679204,0.03902185448509892,38,False
150,0.23212397335848575,0.09095391399755676,0.1022563967814008,0.33325270517714667,0.024948298480255735,0.0,0.04624800227086548,0.07134723895996206,0.03677769594222111,0.06209177503210556,45,False
151,0.200000538117868,0.12111732028716218,0.1356033873649497,0.2756454873144152,0.058402068139429296,0.03861198019286647,0.0240396032860062,0.06477982807299507,0.03672148828153196,0.04507829894277601,38,True
152,0.2183802833355115,0.14221419360154577,0.12047197560135248,0.29806967301687537,0.05976663899326848,0.0048382812954517705,0.010944254290074118,0.03696227101001859,0.03387290210483879,0.07447952675106329,12,False
153,0.24123015453542695,0.14262229737352913,0.12533705525471436,0.31227129215438615,0.043911516389238035,0.024399259736942066,0.00038933003934987244,0.04869327114923147,0.014577844520488475,0.04656797884669355,91,False
154,0.23906151083684032,0.11733952450624512,0.09814081563384966,0.2999769864212053,0.06021758938690108,0.009049921076815912,0.031119066184434104,0.04257232644191849,0.04305171621784997,0.05947054329393997,64,False
155,0.2182161526216484,0.1488996385119635,0.13548364145983516,0.28059136754175396,0.05330754469149224,0.022074917588851328,0.016243786792853373,0.03373533000678847,0.017458978799817084,0.0739886419849966,33,False
156,0.22296908806177607,0.12413554942609543,0.1361525548200508,0.2613385319133554,0.07789991063343754,0.0212214692919354,0.00953537056612159,0.06303104562232328,0.04177173562092897,0.04194474404397559,38,False
157,0.22527188486781013,0.11526739363310305,0.09655308958803285,0.3275068060383312,0.04843472853557762,0.0,0.020957178924789398,0.06511508390523052,0.04923871823833945,0.05165511626878582,45,False
158,0.19922076571044586,0.10569528070695877,0.10167584902948952,0.3242229443314955,0.03786310251172946,0.011642134752109056,0.02763146116003527,0.07108434194115933,0.05030203445120775,0.07066208540536952,45,False
159,0.21876134154981947,0.10635659705533733,0.10961393464831938,0.3090297068455822,0.035012468956252665,0.017281211383858363,0.03457684890553188,0.06546573390293726,0.04478760402516893,0.05911455272719253,45,False
160,0.2119461568798015,0.09869177989579428,0.1131307166133163,0.3213283383629205,0.05613780781453575,0.002104160232162099,0.03499532331267788,0.06698783087245348,0.04170764732134454,0.05297023869499358,45,False
161,0.22958950065616032,0.11169598177295943,0.11969592709868258,0.29218377067054174,0.059390282677676515,0.009325892299180677,0.017747908245933437,0.041556384147051956,0.051564749082446036,0.0672496033493673,64,False
162,0.22529362799888475,0.11425913887260812,0.10739895961379282,0.30611377907865256,0.06706221893745688,0.0024746293137856887,0.020421039458191778,0.047650959092354506,0.03716313931865512,0.07216250831561787,64,False
163,0.21625806277515855,0.13392762974634176,0.13709379067046792,0.2988919494336787,0.06255777091163611,0.02612568984124649,0.0008045081545138139,0.049369599953667,0.03518277864148308,0.039788219871806474,38,False
164,0.21468132547294855,0.09979978129836399,0.09550491531809424,0.32172423360817315,0.04650025348172672,0.011945869086651994,0.04057099191697611,0.06432660808256083,0.03306141579366772,0.07188460594083676,45,False
165,0.22191232063199118,0.11402074543061474,0.14838310205730582,0.2835400426786885,0.07833924770155927,0.022288409255899602,0.023801258382248797,0.057207796113512684,0.01451026146229908,0.035996816285880424,38,False
166,0.218828114712621,0.12077725415058109,0.09400117259014634,0.31579891373599295,0.0484046916036351,0.007863356878998305,0.03724858608681604,0.06147303506042356,0.027617846554217715,0.06798702862656794,45,False
167,0.20220194702136005,0.14485738351847421,0.14655901703919133,0.2907149622163356,0.06481928951389695,0.02584066614011371,0.0,0.03259071726141427,0.024291091488199648,0.06812492580101445,33,False
168,0.23086538122977698,0.11280405501058806,0.10442373252572314,0.26728002391130884,0.0581301398637388,0.016218617542326695,0.033991786917645074,0.046595138946945086,0.048641306813520725,0.08104981723842665,64,False
169,0.2256732221543817,0.12671018721075408,0.11443557862997367,0.28253205734566966,0.03895514874206449,0.04215434180330626,0.02660888509149534,0.03640634420922259,0.04447746688382171,0.06204676792931047,64,False
170,0.23124379334827938,0.10251465210498002,0.11593093378611156,0.26231277831079575,0.06403897046480289,0.022184924678917316,0.035252288998732936,0.04377001998172258,0.046802573398945696,0.07594906492671187,64,False
171,0.25613532420792134,0.12579056109589867,0.12171404616061166,0.3094332956970151,0.027957089468629997,0.04414412597115158,0.00719913334709475,0.04863769783939774,0.009991959221733798,0.048996766990545455,91,False
172,0.21571255171025358,0.15671822312878073,0.12637911230530285,0.2937522852709422,0.06140770006167409,0.04008035973768563,0.008663374335124248,0.02969234344399949,0.01437753384911163,0.053216516157125554,33,False
173,0.2268065673698737,0.10119779185657635,0.12733149058025472,0.27120170853356496,0.03554046413657039,0.048679700296822656,0.012441280519646554,0.05889912422150384,0.05465329322311225,0.06324857926207451,115,False
174,0.19685477798842466,0.15264670008527426,0.1411131229039692,0.2739092178156887,0.08030009564514275,0.02138811374762962,0.011955271053899565,0.058562293296319935,0.033742300127962664,0.02952810733568872,38,False
175,0.2323571801955046,0.09619640435510135,0.10025563441135468,0.32965027002317493,0.035591347288399966,0.0026990011985097875,0.03212181306644598,0.08273641663298818,0.033992193411090416,0.05439973941743009,45,False
176,0.21984218098258757,0.13512910179843882,0.10218532170216849,0.2872909667679442,0.046120745515665966,0.01762174830956417,0.0382867835469555,0.03361943960065297,0.04504525096123444,0.07485846081478802,64,False
177,0.21444273531591795,0.11611329956718835,0.12897275227809912,0.2878117927184751,0.05504901185397254,0.024628221417840917,0.02641992888540967,0.04161442881753251,0.045334018540828185,0.05961381060473569,64,False
178,0.22226621714375414,0.12133742982104792,0.1531444384385848,0.2775777748093721,0.02839404893562432,0.009821811397596355,0.033548735971227796,0.04632505515821092,0.05567014707492552,0.05191434124965616,22,False
179,0.22893266477168436,0.1347755400387565,0.13851628042820946,0.28547898444424463,0.09132430947436557,0.0063139839498925305,0.0026701680162155247,0.043009609350444865,0.037527608181845695,0.03145085134434099,38,False
180,0.24728892219290088,0.11389447893195412,0.1147266868377741,0.28457738045539627,0.06603123918804356,0.010592646074994164,0.03636327343612673,0.029611342749223536,0.03316311953061663,0.06375091060297003,64,False
181,0.22657705834076958,0.11515938589032687,0.10066642217138103,0.3271585162675895,0.039476963518066344,0.0,0.026848148247600945,0.0642119500386259,0.04626115833876403,0.05364039718687584,45,False
182,0.22170453780636296,0.11412359711275435,0.1247575088783191,0.2725831724365176,0.05663664746451496,0.03448650295025126,0.03314445626310791,0.05340553700859714,0.027402737866668473,0.06175530221290632,115,True
183,0.21321715168462074,0.10150488181432095,0.13584176722730118,0.297483658892036,0.03906769799598986,0.005760294061035382,0.029384536847299234,0.056729365030204905,0.05195225240407372,0.06905839404311812,115,False
184,0.20771460722877724,0.09365084753875125,0.13205503518935682,0.2932670359506822,0.04899803513067288,0.009941985517809835,0.04986213636996114,0.07735237635271523,0.04636860905052246,0.040789331670750995,115,False
185,0.23288458437192033,0.06810000205692152,0.14553513910356525,0.2945878988462508,0.02597571096766781,0.02458294469661174,0.04140667775209752,0.0423335648314933,0.05189872571882127,0.07269475165465038,115,False
186,0.22958810064616,0.10640998113818617,0.10385108246339926,0.339390365795971,0.02925636106109864,0.0,0.018601730645990508,0.06425596557607341,0.04179963640432599,0.06684677626879512,45,False
187,0.19458586571524628,0.11487122775335304,0.15636092396316292,0.28090269873364104,0.07132760064915873,0.03202733603831118,0.011648802990193892,0.050735310879481285,0.051350293684737015,0.036189939592714646,38,False
188,0.2180087137569373,0.1349073948234514,0.14320080852389414,0.25644287489708845,0.04473962650886062,0.03028378601372571,0.03099233171861132,0.02962373585463669,0.03804370054431668,0.07375702735847764,33,False
189,0.23988500370067128,0.11280492221893448,0.12387757259445273,0.29979271481470543,0.029587648665641852,0.028042427308942228,0.023710631655908834,0.053643339327764536,0.040658976085001505,0.0479967636279773,91,False
190,0.20939080612141409,0.08489572428754112,0.09707593025641476,0.320289277825921,0.04108827903944182,0.030893981301771317,0.0363246744103802,0.07367758927014668,0.03239882909739185,0.07396490838957702,45,False
191,0.22144681378509676,0.09953965092856172,0.13030226214355278,0.2889515563044728,0.0340274249082727,0.03997879130584266,0.00868605976238828,0.06284269851392386,0.05447871814332214,0.059746024204566296,115,False
