ID,strat_res0,strat_res1,strat_res2,strat_res3,strat_res4,strat_res5,strat_res6,strat_res7,strat_res8,strat_res9,ancestor,alive_at_end
0,0.08980461007601916,0.06967038040840758,0.09258313610554413,0.027677051891131163,0.4867494114969428,0.01892872580807701,0.0039643007970375874,0.0852179477296784,0.032394664948113654,0.0930097707390486,0,False
1,0.09479590348857829,0.07799542659589344,0.08419247564048517,0.029843567062707833,0.4545379425223931,0.024380719641210042,0.01492216071357537,0.08090423109897682,0.021735458581952083,0.11669211465422805,0,False
2,0.10604955167361321,0.07003232011177699,0.08637823374314801,0.029951981196973145,0.4893790892370797,0.015502791765798728,0.0012455238898290047,0.08279297857620589,0.03381829596193366,0.08484923384364174,0,False
3,0.08314942208694086,0.06723355541089568,0.07758613365283257,0.035116168761581835,0.512696306507216,0.014855343334164781,0.0041773603032621235,0.0909144888545644,0.04264657109935231,0.07162464998918944,0,False
4,0.0630504481803374,0.0691588663196402,0.0770031808197305,0.023001209160372384,0.5630019344231242,0.0,0.0005716139522908973,0.10031733681092449,0.03560375470329321,0.06829165563028668,3,False
5,0.11092780199500768,0.06762668359590547,0.08452159865178711,0.034150914387904664,0.48143405087335,0.011998998389602944,0.01384994562916676,0.09328348403017955,0.042234218794975076,0.059972303652120855,2,False
6,0.09751574056752706,0.05549985991654161,0.08296377893668234,0.029033334792122428,0.5075555921778836,0.028654663844600456,0.0,0.07607875196500784,0.03753852549094215,0.08515975230869258,2,False
7,0.09880725605097929,0.08244955859426689,0.0713253699940502,0.018852778197769905,0.5139717786936508,0.015342066622760667,0.00011332681287815787,0.08704363592038018,0.03495266331312195,0.0771415658001419,2,False
8,0.085876564285122,0.07686025542252063,0.08185293911680648,0.026021998914489187,0.47478301425700054,0.025757838559677403,0.011527941953595987,0.08638947388500089,0.031864825861834124,0.09906514774395281,0,False
9,0.07718904715522397,0.06538305702051554,0.07211403568459353,0.027793678268195274,0.5249236082504977,0.017611769613080776,0.012746369951895079,0.0895386613134656,0.04346752334888551,0.06923224939364708,3,False
10,0.11032734108952576,0.08206476960328916,0.0897080015801705,0.039135214220636344,0.46647603989153225,0.0,0.011968761121710407,0.08833238458097753,0.04892847249958265,0.06305901541257537,5,False
11,0.04333976009852985,0.07347784275566031,0.0869169258445629,0.016851886425314083,0.5552588061675151,0.0,0.019395584132398707,0.10673146857948465,0.027248834795433313,0.07077889120110108,4,False
12,0.11795198364890655,0.06651992953385484,0.08831809651395836,0.02889340072011891,0.49326129828630877,0.0,0.0,0.08697008699013224,0.02476444548540918,0.0933207588213111,2,False
13,0.07840075762230271,0.09149245014481877,0.06938409416283375,0.009984444766533014,0.5015478344958989,0.02155855861140669,0.004763849516883908,0.08896773940748684,0.03970481615010684,0.09419545512172853,7,False
14,0.09050592157551939,0.08387992761799613,0.08442596368192466,0.039366146125639025,0.4713641814129461,0.015489751472460908,0.0,0.07477915111343107,0.04530312171283254,0.09488583528724992,2,False
15,0.09138207334690447,0.07534893618726032,0.09363608333813496,0.021910500611145432,0.4830189276848156,0.010781894380267592,0.0,0.08744157243931007,0.03139453054860655,0.10508548146355494,0,False
16,0.09783060657240139,0.05540717304483638,0.07964018005443743,0.04232703523600146,0.4744190432211317,0.01892395054604796,0.013152048268334377,0.08790845237054024,0.039767789292208165,0.09062372139406077,0,False
17,0.08990618085326853,0.047585697072899655,0.0817310136257898,0.03908670045552627,0.5182917678859958,0.015859830834274977,0.006943570919073295,0.08283050791344951,0.049169308118472525,0.06859542232124959,3,False
18,0.10404363286891952,0.06581907436823023,0.09101668396963412,0.03242866852678401,0.49903254763711674,0.013174301677103501,0.00020453985514999154,0.0740162163511983,0.04382995214187098,0.07643438260399261,2,False
19,0.10582785441794305,0.0916132340143746,0.06229483497603087,0.026728577902239786,0.4696895085759834,0.010375184592465904,0.00590217829652268,0.08108840174423623,0.02653218940079568,0.11994803607940792,1,False
20,0.1037036674214165,0.09211868445816447,0.09050530239987181,0.021637871799395778,0.46882800922662304,0.010616055839074049,0.0,0.08137683746994442,0.007582966592605209,0.12363060479290483,1,False
21,0.09621056689759312,0.07831043490498467,0.08099533284047568,0.028854105105726557,0.49800129612999977,0.012741678982823551,0.0044378580173421445,0.08849916105398098,0.032787149384572216,0.07916241668250146,0,False
22,0.08870601745627939,0.09675470413756651,0.07769358886760815,0.02919682281194299,0.4446119801158185,0.015160970149454774,0.033442036496034236,0.07720063683633839,0.020666444442941,0.11656679868601608,1,False
23,0.10652629481275128,0.09430567542062468,0.06242495848516186,0.024353053547095268,0.46432997984596996,0.025478600122784165,0.02337476133239674,0.06613552479700435,0.013793076043356,0.11927807559285562,1,False
24,0.08752713580889716,0.08300026736408322,0.1030605669888567,0.025475623970695496,0.4866809931282291,0.014990795893854209,0.012125225385410698,0.07378150512529454,0.03560389958804941,0.0777539867466294,0,False
25,0.12392995759255221,0.06710030029969463,0.08729763992116919,0.04059418792833408,0.4612595761246949,0.0,0.020743446041996592,0.10057936823181787,0.04273878231594711,0.05575674154379329,5,False
26,0.11925209854193848,0.048265403002079335,0.09472646179848691,0.024151713245626833,0.5037177307254282,0.025361028968703448,0.006583623823584943,0.07329583961519322,0.03378662800419095,0.07085947227476752,6,False
27,0.0779967680564652,0.06814537353535521,0.06782241636555057,0.030281439414545284,0.49648419146748396,0.025335232586898102,0.011910150421408259,0.09762294422906109,0.05073137060790571,0.07367011331532664,9,False
28,0.10015622297347129,0.07264867134534053,0.10418243422387409,0.017667692396953406,0.4757824575815685,0.014917641513951724,0.009126337004980774,0.08886562643301671,0.026996254544741412,0.08965666198210166,0,False
29,0.10500973532716507,0.07699647951851787,0.08762757368292827,0.022332595987661814,0.4483879362952039,0.023774213387886087,0.012862626508035125,0.08564713047255759,0.009318227583693528,0.12804348123635084,1,False
30,0.12034325169108588,0.06318206292050851,0.09492417933445718,0.029332514461578717,0.47235353452826306,0.0,0.023550462601698942,0.09824064743139944,0.035880227508197915,0.06219311952281041,5,False
31,0.09139486051458678,0.08167304167526834,0.09456524531840704,0.03108592810679589,0.4408118925641887,0.0344458068292417,0.017595891228894676,0.07914944121004217,0.015638047384707244,0.11363984516786754,1,False
32,0.08886526977640134,0.06633560154778427,0.0851418232868875,0.021798205255093066,0.49357547512420985,0.027624480741736623,0.008231975930179429,0.08965734643402624,0.008241717596379466,0.11052810430730234,0,False
33,0.09165872350268228,0.06189069374023708,0.08866891620644181,0.023621888929410334,0.4905079488961137,0.029900010380286002,0.020957638758037272,0.08714976844367664,0.01984509665469697,0.08579931448841792,0,False
34,0.1272580778728223,0.06553558885526778,0.0921813731042425,0.031099238373599642,0.47090427456827644,0.014775463025194042,0.020000670490876626,0.08959915383792406,0.050951843150708935,0.03769431672108768,5,False
35,0.08762955714492537,0.0726907553285367,0.09075706738935309,0.03649578733217662,0.4491087554887326,0.03274231982657701,0.015289135888897645,0.07765816653160494,0.00882173463614857,0.1288067204330473,1,False
36,0.1137671429163909,0.06313408664985065,0.09831883332832522,0.031818944177884785,0.47859445189972993,0.0036690682099411263,0.009811814358452782,0.08112320732304121,0.04698341758412527,0.07277903355225813,5,False
37,0.10675089236406576,0.07319027299824278,0.08860028309540328,0.02377391682428339,0.48307081465420887,0.01808237964527142,0.004514707809373329,0.1010863624754436,0.04345726084899038,0.05747310928471733,5,False
38,0.09846824584260883,0.0512804858311951,0.08886770217024462,0.05072834956062419,0.4598502560016884,0.017480177469253216,0.013054128932472982,0.09175123674463785,0.03932041185761429,0.08919900558966055,0,False
39,0.07223858510829365,0.06781500652962932,0.0757408579628675,0.05832318736979995,0.4949008995008481,0.0196550066937162,0.0,0.10346635562298813,0.034912604312122564,0.0729474968997346,3,False
40,0.08220482437504,0.07191156876721357,0.07376840907431509,0.02438090582046751,0.5187271353206176,0.017169025741513595,0.008187366642616429,0.08031374611417091,0.05055982184645225,0.07277719629759288,3,False
41,0.12016821834680036,0.05983410936745652,0.08368929222028497,0.028913329688383674,0.47094574462687555,0.015926081256306672,0.013266210647608545,0.08765319096287115,0.03805436521297918,0.08154945767043344,5,False
42,0.08819606603525035,0.07145816380355285,0.09183550306081496,0.03566221635499927,0.4624145945958621,0.02236188845245707,0.020353268384578845,0.07951935142340408,0.026481303629998402,0.10171764425908204,1,False
43,0.10993651620875558,0.07322412773730681,0.08535250361638572,0.02822224856635141,0.47228098136917535,0.018420194684247253,0.022479317134052258,0.09060826485803072,0.037422720599635535,0.06205312522605947,5,False
44,0.10863707095833688,0.06066600658983604,0.09750533172076452,0.02915249334635635,0.44799108889954786,0.013837085612511863,0.026741296922895126,0.0760491429950059,0.014719560529310583,0.12470092242543483,1,False
45,0.11325365527488283,0.07635697602604481,0.06801286854715424,0.026859583330897847,0.44824388925040154,0.01291457361670816,0.01937787388610598,0.08822450910158296,0.0214498899716535,0.1253061809945682,1,False
46,0.11470423601972227,0.07493690695954826,0.07717222867630603,0.04275728989810307,0.4843243932708267,0.007203246905969338,0.020058700046333696,0.08868787990461394,0.041323784326374895,0.04883133399220175,5,False
47,0.08052802808745313,0.07801093911985026,0.09600906119932506,0.039025250503502355,0.4376711602159209,0.03510621227051593,0.022517617448115482,0.07789973152151877,0.008258330019114054,0.1249736696146841,1,False
48,0.1015131773604573,0.08423205532254091,0.07592188641373018,0.0221229081341595,0.4581340698917334,0.018378504758664687,0.017298142351785374,0.08440039572939048,0.003891965908079138,0.13410689412945925,1,False
49,0.10255737754823385,0.07846665862911724,0.0757207665019847,0.031649646863212096,0.4426387102693972,0.03743112328855856,0.011788894134755406,0.07615977851626918,0.02173878715361499,0.12184825709485664,1,False
50,0.08090615235527514,0.07086496473313222,0.1003549344153304,0.02669872961584371,0.47570179462670376,0.014885944119839655,0.015126274713380052,0.10202196840011987,0.03265201938378956,0.08078721763658551,0,False
51,0.10918330422075474,0.05054915131084603,0.09226011871148371,0.032068678906063665,0.5015813687010787,0.022111565090419182,0.0,0.06045466009983864,0.039981528061367566,0.09180962489814777,6,False
52,0.07456133076411788,0.07421044411284766,0.08899916030251155,0.016530760437301346,0.46097449242185723,0.023210468549189584,0.01009622287360802,0.08362437358392824,0.041593502762280125,0.12619924419235828,1,False
53,0.08085506599118206,0.07540548411201864,0.08300810411471576,0.03635294903889475,0.45324696851817015,0.02375691472405667,0.004776364867811305,0.08009334076609013,0.041527983132889336,0.12097682473417132,1,False
54,0.09708948391900632,0.06603054270070335,0.07190864233686882,0.037775005225280114,0.4778446758053879,0.02833428743826512,0.0,0.08907722254618877,0.033456719443698865,0.09848342058460065,2,False
55,0.08740327587009915,0.07299041881845231,0.08375283268459384,0.025302091224678875,0.45576479277555515,0.030222265988011195,0.017082482208394412,0.09838859428736706,0.02403831588634126,0.10505493025650682,1,False
56,0.12153258987293829,0.06807094513315506,0.09492540726153231,0.029962205513645913,0.4776903564071818,0.0014250187397493613,0.010536340383675066,0.09293349572692068,0.04811532692940863,0.05480831403179283,5,False
57,0.11621142949470388,0.07443976334237049,0.07613127168135325,0.025268419527193116,0.4694725383920811,0.010578368540289724,0.027672381170966737,0.09330343765045462,0.04821182870755851,0.05871056149302862,5,False
58,0.09546265806258593,0.0773642604051796,0.08203143046206825,0.037708176448014094,0.4553812407273224,0.01819480390107872,0.018232107642510532,0.07321080856575914,0.030789328763319357,0.11162518502216207,1,False
59,0.10403403088474031,0.08458457462178211,0.09867626967143132,0.02055336090730008,0.43774229807729065,0.0244929418661761,0.009894908321235242,0.08621165904286222,0.019163345034625474,0.11464661157255648,1,False
60,0.09667151460947151,0.07114182916732201,0.0876032300857403,0.02146647057993529,0.48979787626869153,0.009614453944840918,0.01893807429653887,0.08002013537465996,0.0175929933818502,0.10715342229094929,1,False
61,0.08372306341805547,0.08904404846063027,0.07132284444404316,0.036012209071254804,0.45200704150948295,0.020242629047475518,0.013963272029986854,0.07645251714581501,0.03896629688373199,0.11826607798952392,1,False
62,0.10276914807260966,0.09044566589582001,0.0777300147885841,0.04822359283608245,0.46916733479188294,0.020034780253900403,0.009977035673412687,0.06496932671519383,0.006288412921874925,0.11039468805063903,1,False
63,0.08669440026861763,0.06807367971457223,0.09351445368256883,0.0224676983698346,0.4762453050136941,0.029718087004786252,0.006671429884278706,0.08172523817501377,0.012016722661091038,0.12287298522554285,1,False
64,0.08071962310195481,0.059216083321912805,0.07084082038748445,0.03862481848395058,0.5294098767848635,0.015665861823188743,0.008815273689099314,0.050092827376641426,0.055016158391916904,0.09159865663898739,3,False
65,0.08147738694517694,0.07624765874438082,0.08206752056431252,0.03377217940973616,0.4834516074405689,0.019302708873949654,0.0015396266288368941,0.08428860827675898,0.01911795235873739,0.11873475075754172,1,False
66,0.08615214343745142,0.0696904163190447,0.09107441685781818,0.026180835013241865,0.5057839948839348,0.029526619924572405,0.005304784164983339,0.061383982638961145,0.017915569639022282,0.10698723712096996,0,False
67,0.08879623708644549,0.08336283546269226,0.09879817601853494,0.017773130623682697,0.48287563011352763,0.014984663772388133,0.015792009446001693,0.07735314348036842,0.017899732491786058,0.10236444150457265,1,False
68,0.07629154096045128,0.06776952292662407,0.09901572008747106,0.053200073153474074,0.4387714466627416,0.017964227812551206,0.011235919393524202,0.08218742080530451,0.026597984000993835,0.12696614419686425,1,False
69,0.11153362114142555,0.07498346879049583,0.08369410236882854,0.024691335196694097,0.47293511720256215,0.02696280540248145,0.02784160629955849,0.08388563805440191,0.033736777841435306,0.05973552770211662,5,False
70,0.11083144824165758,0.0635635979020248,0.0814058478095009,0.03403441170287564,0.5238260587065864,0.0,0.007822295905138405,0.0933032976247055,0.037589073654352774,0.04762396845315795,5,False
71,0.10861959577356986,0.08209927143746318,0.10080133919431915,0.033540867478485996,0.4694618542099198,0.0059989432974451124,0.008399486671680126,0.07815627445968935,0.05636897824273693,0.05655338923469056,5,False
72,0.10416545313632475,0.06618654462332436,0.08466267133278364,0.030161011945207195,0.4456868567750402,0.036026213793413725,0.0052928115876149885,0.09686461720483433,0.015154111701796981,0.11579970789965974,1,False
73,0.0996269170540122,0.08515734582327948,0.07845306197895154,0.024765337230735016,0.4410590478528832,0.03571004549937749,0.005018467276877745,0.08099797292270916,0.02619199926700037,0.12301980509417389,1,False
74,0.1065790442144482,0.08218239294030359,0.08564405662546222,0.022540537960839706,0.4643724918182322,0.03837332822144259,0.0,0.07655238239973047,0.005088753174496972,0.11866701264504406,1,False
75,0.09102452497617201,0.07865356713649012,0.09196707825475178,0.023236469125930848,0.46100148716038464,0.018877704535223094,0.01790086039889903,0.07538288720873994,0.02350997811289032,0.11844544309051831,1,False
76,0.09136035734982711,0.07815548384587649,0.08481942523053362,0.05616908564504293,0.45501971135325464,0.014347372425882483,0.00893061486688089,0.07853666362677111,0.023137952882945973,0.10952333277298479,1,False
77,0.09287537393325555,0.08303104930235748,0.10668906164056767,0.003242340603273393,0.48762957635900034,0.023579888277819632,0.006321640455552874,0.0771097013319368,0.008809111858779115,0.11071225623745708,1,False
78,0.08917388451847698,0.0824582708918638,0.09421869126299955,0.03541369260784274,0.44680231180752106,0.035426725548372034,0.0072336088600561356,0.07922972892817344,0.014555585157019327,0.11548750041767493,1,False
79,0.09088649971295609,0.06102405235847829,0.06276308762173581,0.016344183376893875,0.5212500326017041,0.011009079320195672,0.010346253272032098,0.10791697891259373,0.05563742198416268,0.06282241083924762,9,False
80,0.08648649291147723,0.07151561599224583,0.07670853288302919,0.03131223972780524,0.4531480631180487,0.03218377338484834,0.0,0.07590899380532883,0.04022099346277382,0.13251529471444287,1,False
81,0.10039654891139668,0.08561072700718102,0.08460015510388591,0.039551882326536905,0.44132972628597605,0.034843286038026514,0.009441007349040003,0.07838837559373159,0.015343440634309735,0.11049485074991554,1,False
82,0.07185362779685703,0.0743182254830906,0.06841699602484384,0.032952538994539905,0.5108717618515428,0.026348323043866587,0.016080810501912228,0.09225465699293997,0.053184809807428624,0.05371824950297832,9,False
83,0.0771671946794928,0.0737910290715138,0.09577643227904185,0.03484782876302904,0.4816964071483945,0.015647767513938433,0.007433626961377748,0.07427879468561552,0.029120353251903635,0.11024056564569268,8,False
84,0.08878606562996116,0.08272921816697464,0.0808296940843079,0.04445611071467245,0.4400277599093695,0.017360803708137498,0.031233812082713277,0.08534018907026082,0.03066747329832871,0.09856887333527407,1,False
85,0.0792695706505031,0.06918912556004207,0.07407876289483895,0.037301101730924754,0.45976868994466513,0.023518250564062204,0.025285954189137372,0.10422832567235156,0.001101820758737565,0.1262583980347373,1,False
86,0.08765942095160134,0.08003647545933348,0.08464982325844701,0.03290608183723055,0.469773287771355,0.029918308360019134,0.0,0.08590436826653122,0.011177590723481956,0.11797464337200028,1,False
87,0.09929215704305157,0.09307124407857847,0.06840035956635945,0.04654138302150896,0.4540488494855878,0.033561885149575664,0.004330444590469646,0.06416081639138659,0.013768206247223821,0.1228246544262581,1,False
88,0.09492565805369158,0.06704641296761671,0.09976514589089545,0.022327658704671266,0.4497877108245265,0.01724931866838992,0.012620192913379803,0.07857992920842714,0.038272345403444125,0.11942562736495753,1,False
89,0.10967304773758133,0.04767458338958591,0.08582134741402421,0.038930355443451824,0.48243769470316805,0.001377957020661215,0.01696176661491358,0.09497997530843352,0.051807427931236556,0.07033584443694385,5,False
90,0.08847110524031467,0.07911719073243208,0.08917870706589705,0.03330944641444295,0.4201479108463221,0.027067164873825978,0.02848018173294599,0.087889541841137,0.026833349329494553,0.11950540192318773,1,False
91,0.10062641701187035,0.07421876352396645,0.08077950265539123,0.010594221464274866,0.4625594775700588,0.022648853244708417,0.016361602072126332,0.07761961330189156,0.010345394372996789,0.1442461547827152,1,False
92,0.10931543303519088,0.061676056240787536,0.056023583393575695,0.03230559911130263,0.4831616167679434,0.03178258763531464,0.023993058550028236,0.06963204659549001,0.012528220238706091,0.11958179843166095,1,False
93,0.08053546044696673,0.06953260737312243,0.06060256854438642,0.027021877306304835,0.4907726033771136,0.01784791487610778,0.029444204950654917,0.1043033647107309,0.04903010812856832,0.07090929028604397,9,False
94,0.10607020998724032,0.07327196350886445,0.08494739567678473,0.03767466417715134,0.4392308585171165,0.029837038532419046,0.01353196549488993,0.0824628923567457,0.01984249050059213,0.113130521248196,1,False
95,0.08275687212597217,0.07987892231812226,0.0924587498213196,0.018054778808545942,0.453587370402071,0.022688589158164477,0.024690855166566522,0.07473998357937787,0.026755810875010062,0.1243880677448501,1,False
96,0.11451097476747557,0.06175099326167063,0.08086850739178505,0.03564249055533622,0.4811333157457155,0.006638946246609237,0.01650258481797905,0.09223126549901513,0.048334814985155995,0.06238610672925775,5,False
97,0.09987996296228703,0.084512479229872,0.08632686902034815,0.02526783454683616,0.4543174151682502,0.015141046567563484,0.025185739926740034,0.06695295691742827,0.00557812013747101,0.13683757552320366,1,False
98,0.10362253316056036,0.06430410036880617,0.07668989542414356,0.039312926805122904,0.4819525912555173,0.028690447404269265,0.0016633775383393928,0.08976730740245407,0.050794618241767786,0.0632022023990191,5,False
99,0.08501485790554403,0.09291238867013513,0.07552147948775678,0.03696692059262026,0.4808197749427701,0.01332270492238875,0.020244441649089586,0.09039976717293385,0.008663257577324337,0.0961344070794372,8,False
100,0.10028996829636325,0.07664515470413803,0.07561080717559585,0.015522837991819098,0.4666363689888391,0.01300586788025044,0.031347458825035895,0.0854441603216202,0.015966805796778522,0.11953057001955962,1,False
101,0.09005850761605196,0.0724606532909473,0.08370464781613633,0.04629162562136727,0.4446827566151646,0.013533929011056564,0.01759001275923355,0.07376730848424845,0.030893080765043494,0.12701747802075056,1,False
102,0.11156231957677935,0.08615371765512891,0.0830678509029071,0.02910768453918101,0.44280983943220903,0.035265844158328424,0.008254172173784881,0.06619767168278515,0.018625987710448294,0.11895491216844782,1,False
103,0.09744361160122615,0.0743651226351028,0.09189111114988997,0.03464409156612193,0.44805732646068364,0.02849425033976191,0.023877554848459527,0.07871108377725136,0.019001256312570033,0.1035145913089326,1,False
104,0.10024368060649697,0.07193869776907828,0.0831147609490871,0.046856585578178164,0.45695025668043104,0.02771853640132348,0.024924757266295807,0.06464099677378829,0.01104373054275838,0.11256799743256252,1,False
105,0.09345857561564977,0.08868777817452377,0.08956772959422682,0.008941710001546822,0.47117396484040147,0.037458058556965254,0.018044487780151827,0.0873516495991697,0.0,0.10531604583736454,1,False
106,0.10536272133821016,0.09131412321680887,0.08377436423843676,0.033162700624915914,0.46083787108776075,0.026536585731141947,0.009294676470818292,0.07202518379329355,0.014213837713055351,0.1034779357855584,1,False
107,0.09278329669471491,0.0702925231578651,0.08070925895946406,0.05261098698040635,0.4438375753031211,0.02325381403244897,0.018342951233058617,0.0822509484698685,0.02954042726380384,0.10637821790524866,1,False
108,0.10750457479477968,0.0852778374711162,0.08345684338348479,0.03325342830460474,0.4645802365567745,0.01988535772429735,0.0032993598578638984,0.08154557836537625,0.012397941227552231,0.10879884231415038,1,False
109,0.09178479270419324,0.0855546491695997,0.0920255460551054,0.03027980199759145,0.45265556178702887,0.018103596715868447,0.011370597903987947,0.06242014503659856,0.027019196981195957,0.12878611164883036,1,False
110,0.08276088167546763,0.08505709259553994,0.07569745049394389,0.04251575069502649,0.4777588254825376,0.020470286052376878,0.006947457434842469,0.08057570590449273,0.00750788583269102,0.12070866383308132,1,False
111,0.08713865831641375,0.08552628334207933,0.08070933183389829,0.02597558888311796,0.4624952364252873,0.027454341915300884,0.013719437896884333,0.08122558461501896,0.028061931163083004,0.10769360560891608,1,False
112,0.11544807522734375,0.07679986868304618,0.07051474832201382,0.022258315062536223,0.4669688660792615,0.023135700429227947,0.01511945116278142,0.08705377826536774,0.01423914249275535,0.10846205427566596,1,False
113,0.09987235877575094,0.07893781816479196,0.09287341989068153,0.027143510582021857,0.4562953529192454,0.021247409468294415,0.0245069474342237,0.0740861012202803,0.016360668319920238,0.1086764132247899,1,False
114,0.08750836425076829,0.06817407094567267,0.09442033300337888,0.041839760087567984,0.4475607513358259,0.04042341037393909,0.0004707124997785844,0.09151223390386798,0.022639759496706286,0.10545060410249436,1,False
115,0.09355268964738295,0.06243058232120063,0.0974883918230178,0.02616448280855027,0.4413039963277163,0.023020921859401498,0.007409401755814676,0.09541298917431708,0.02965477200694175,0.12356177227565705,1,False
116,0.11295727932958874,0.0754966674733717,0.08320912945313678,0.042800072406878276,0.45414379615108164,0.013047087213063803,0.03014450282817527,0.08731162383407981,0.04646295355837776,0.0544268877522462,5,False
117,0.08892200755534992,0.08158741023347327,0.07957966986730877,0.05241925769653224,0.4463872443803728,0.023068852057417783,0.025285727319183306,0.07378623213862343,0.018765031210075295,0.11019856754166313,1,False
118,0.12561364725956994,0.06543177508283297,0.07832227772940566,0.0291516831657076,0.4866718586159557,0.0,0.02281542865192054,0.0939636277498973,0.04910369072360839,0.04892601102110186,34,False
119,0.09350987184381258,0.0682132714153033,0.08208672893286369,0.02544906311033401,0.48099474445173457,0.013649816585107749,0.0028781798354676922,0.08142743787965312,0.02800871842960517,0.12378216751611812,1,False
120,0.08583097849436608,0.06534725505910934,0.09401193907778711,0.03437390567112906,0.4754928548308151,0.023805045275269075,0.005552341369013103,0.09020048185550918,0.02304442757600916,0.10234077079099292,1,False
121,0.09995791758963778,0.059981471805520215,0.07495249065624057,0.02451080571996348,0.44936125399815663,0.03526800767699412,0.022847420979942,0.091901830045836,0.023233674005289775,0.11798512752241949,1,False
122,0.09445323327268766,0.05854872911853215,0.09756853760302361,0.019976800583349014,0.4692193725850455,0.023136798033159742,0.021108223732944204,0.07909320499494019,0.013396552641087309,0.12349854743523059,1,False
123,0.08257462969863967,0.08592940416840217,0.08143557507730935,0.056575685060508314,0.44965602748244093,0.03376909129093141,0.014506969581701584,0.09092130577006506,0.005191923668676472,0.0994393882013251,1,False
124,0.09768970805198665,0.07316703493449651,0.10451364886173065,0.026918439018344783,0.4636836202466442,0.022348348880430628,0.01817510067556392,0.07157804356993698,0.022871404338651834,0.09905465142221379,1,False
125,0.10422753172172487,0.0706833053744043,0.07622176243269077,0.03919696960422842,0.4613067032495624,0.012038692277459078,0.00561059928094779,0.08661366646194028,0.03004712264180025,0.11405364695524174,1,False
126,0.07915130449053082,0.07304420089196528,0.07982711510108538,0.03887469518600737,0.4528139322706482,0.02817385755637124,0.020135830720013886,0.0989699243332581,0.020756364015105333,0.10825277543501448,1,False
127,0.09200254592794775,0.04888018833232669,0.08333500875353286,0.029535162086709615,0.473579500850568,0.0014711399427823238,0.042897522177781026,0.07861601550409146,0.03853086769820943,0.11115204872605085,1,False
128,0.06984466028858288,0.07834631004519187,0.09722734856601317,0.0710102372721503,0.43830997673258854,0.04162283229118433,0.016601550506939844,0.07898318365818469,0.0,0.10805390063916415,47,False
129,0.08231140201339497,0.06932005595333644,0.08001169472578173,0.022121588397546896,0.4733705064564274,0.0026571392510990315,0.01697163463537023,0.09653152059029406,0.024984749457756587,0.1317197085189926,1,False
130,0.11104809226480315,0.09707515529803512,0.08255361455909382,0.032365954625407374,0.4496818940647069,0.020496273463586314,0.00897200398038052,0.061706520919538634,0.021452843847204747,0.11464764697724361,1,False
131,0.08861213386434,0.06492555632978178,0.09009183441380733,0.013949021164690876,0.4744661552754264,0.02145426411142436,0.00896461234985791,0.08204986070076413,0.040323954530721455,0.11516260725918583,1,False
132,0.09779922051765447,0.08434773658191089,0.08681306117293763,0.03047337063336566,0.43046738082939884,0.02408661521889265,0.017289064299697617,0.09062483761713155,0.012516534615243411,0.1255821785137673,1,False
133,0.10573830001199791,0.07790799940105941,0.07751492194403435,0.0244195179825017,0.4620645488174942,0.012010001276936256,0.02501807661225364,0.08932872128460068,0.00893489722487959,0.11706301544424227,1,False
134,0.097744432634659,0.07332425456815969,0.08897135376424643,0.030563662098163687,0.426804262707737,0.03846067762173663,0.01957383293208662,0.08693182059141391,0.009337715712613041,0.1282879873691841,1,False
135,0.09887045724798225,0.06724602072797682,0.08657384906611264,0.011595345179625717,0.4696829351654772,0.0204960088804112,0.016505963281514706,0.07981356869335586,0.020840549730571985,0.12837530202697164,1,False
136,0.10068329126331131,0.05363263888564112,0.10290561904984058,0.016533285831131405,0.4588330418747844,0.02780408753810839,0.024516050739283746,0.08437022779598899,0.014702349718126036,0.11601940730378392,1,False
137,0.10704080681698099,0.09470518015491763,0.08224342294709344,0.03461986892590293,0.4535105644285643,0.002168665002159073,0.03379119109270408,0.06706456012942534,0.005462883532749862,0.1193928569695024,22,False
138,0.08791022115587517,0.10449374106767859,0.07900242055272659,0.021337743985075878,0.4782766498010793,0.012815576373702618,0.013270410977893917,0.06419330967037973,0.015652652544162867,0.1230472738714253,1,False
139,0.09110551475657871,0.09861360012351088,0.09904375020599805,0.012220041875200774,0.48228741987530865,0.02081172373661335,0.014334188300739476,0.07005256231139921,0.0,0.11153119881465087,1,False
140,0.08741900640419936,0.0964160917211099,0.07450463731803836,0.025417205066217734,0.4477807577900495,0.0411054846625485,0.010751745467942485,0.09479964080415149,0.005251583255214557,0.11655384751052822,1,False
141,0.08948473766884253,0.08528185316563529,0.06541844649332441,0.03614000777649023,0.43758273570129497,0.024133874265700808,0.04419676599806827,0.08285706357694422,0.017812625639606984,0.11709188971409236,22,False
142,0.0917454252271202,0.06041956237832941,0.08610995790629337,0.015999114323213565,0.48457393382997965,0.029624119968322496,0.010149268266785747,0.08723959295653917,0.011533596055752339,0.12260542908766402,1,False
143,0.08903807471633728,0.07260082224634741,0.07855183296157675,0.030491162732896284,0.44134032839190157,0.04032104524208617,0.02099165818269812,0.0906645155203233,0.010739534570439774,0.12526102543539328,47,False
144,0.0700697030674545,0.09659519564177456,0.08236546205427343,0.036387730288779084,0.46755293095424844,0.037194536790884226,0.0249996610264738,0.06690026437755033,0.0,0.11793451579856154,47,False
145,0.0763475419451584,0.09618578289963217,0.08734307026496152,0.0360616580363167,0.44719212654072443,0.010238976086034319,0.017644366145908506,0.06460522864229788,0.0403157433609783,0.12406550607798764,22,False
146,0.08202559185542269,0.0896780618904633,0.09418642484172549,0.010877206173170022,0.4828968580997498,0.01721333661933802,0.01020150507686524,0.07239852563406422,0.03992383314277411,0.10059865666642716,8,False
147,0.08379505842655989,0.07613176984282805,0.08551832501839629,0.01935730003129182,0.44335957239718427,0.020418460198088576,0.01874626561415452,0.08121939518036671,0.02344368336624867,0.1480101699248812,1,False
148,0.08695210393722633,0.06564757857670152,0.07781198719599863,0.03632932451398461,0.47277893019120887,0.01883696346306111,4.507287583204256e-05,0.07957408148859647,0.035840273351726064,0.12618368440566438,1,False
149,0.08466189230203595,0.08866836842733462,0.07270362393820314,0.04507187627692058,0.4411222895648157,0.019816065039840024,0.027459686748046237,0.08259933160152504,0.027232357177951468,0.11066450892332719,22,False
150,0.0892732343181367,0.06431371670649284,0.09421847304049205,0.027270581508960768,0.4728081690005447,0.017349647536269552,0.011591537039014546,0.06936423600227357,0.0329757793774676,0.12083462547034764,1,False
151,0.0738255002462801,0.0984815958594049,0.08928475261218466,0.03788176886327104,0.4305776122165154,0.010099796039408193,0.048246632792512234,0.0732396886586767,0.017226591311514345,0.12113606140023257,22,False
152,0.08480561111888729,0.09914024247114837,0.09810393613208292,0.049126184459165625,0.4470364972357623,0.03620869723677942,0.009105316687628108,0.06224184991083576,0.00793130516633125,0.10630035958137897,31,False
153,0.08098972847479309,0.07508534390040086,0.07772921953114063,0.0355349338125199,0.4399596097237088,0.012421902342118683,0.029789572015429738,0.10198955925761806,0.028756598711652738,0.11774353223061748,22,False
154,0.08803218486112603,0.0733381206538288,0.09827364733143575,0.031015458381786352,0.46176357783618743,0.027539917247624685,0.011597632560782015,0.06324289622642687,0.024586730681693376,0.12060983421910879,1,False
155,0.077167241040343,0.07786527920677094,0.07624661061217465,0.04490048884955581,0.4424220946973093,0.03590100081054172,0.0036639405542949564,0.09640201324853283,0.010015334689144105,0.13541599629133258,47,False
156,0.06553702194381558,0.09784109970973558,0.08112490312909142,0.018248429701018202,0.4722761608598212,0.012149128785446061,0.01646712543994177,0.08625938367228317,0.020378385350081806,0.12971836140876516,22,False
157,0.07765979794199836,0.074153760968771,0.08840721959153863,0.04538820580107734,0.44596822537184827,0.03401687185907417,0.014341090787018488,0.08330054724153695,0.010583700672513465,0.12618057976462335,47,False
158,0.09095424727287874,0.07746513091332205,0.0790936364853282,0.034916888197795586,0.4673402706419541,0.03105804071792438,0.011592335523683257,0.07340142658264075,0.03511690493388568,0.09906111873058718,1,False
159,0.08014076267484471,0.09744217074633219,0.07154597855828478,0.038471105059426934,0.42944327200863913,0.022949167902376055,0.048264789042086455,0.07401791011345905,0.027610760223840562,0.1101140836707099,22,False
160,0.07718522948585475,0.07620799720858272,0.10864608716988172,0.041682063265223064,0.4408430358690911,0.028836676461058253,0.030188506905298836,0.06932040028705345,0.0,0.12709000334795595,47,False
161,0.09758554490989622,0.06617634275967678,0.08960112140066477,0.024852891055294455,0.45311464450380745,0.021906383774115332,0.027056987833259123,0.07893745794871541,0.01775823539586679,0.12301039041870376,1,False
162,0.05785873812710751,0.09510023305732769,0.09666935223169387,0.03556792809851315,0.4593617398353922,0.028984218179557368,0.022662102935643483,0.07023982807622334,0.013816613525903803,0.11973924593263764,47,False
163,0.09787962594422561,0.11523820254427898,0.07542666637265452,0.01881547716796084,0.4474227533399282,0.014704174459220141,0.03363105945400464,0.06770489518485856,0.012952649130121865,0.11622449640274662,22,False
164,0.07863198501319597,0.10304321033283939,0.09144403976717232,0.04185093773331701,0.45760709985653275,0.009461651392819046,0.023548628374837097,0.0640521709124801,0.027863188514686662,0.1024970881021196,22,False
165,0.08386495008748804,0.11024445142404474,0.06126001487430836,0.04114727052279332,0.4512749906181232,0.01087931887422847,0.024858834059965577,0.09035021888683482,0.0,0.12611995065221349,22,False
166,0.07420876419519627,0.10101021134221953,0.07500652478330393,0.02010119887427051,0.4479191691521655,0.015793502660789854,0.03190856886500923,0.09291395099789605,0.016557827237975848,0.12458028189117334,22,False
167,0.09494320696245444,0.09941484758993445,0.0717218143963433,0.04125434468887537,0.44008933370684866,0.014272389697214909,0.027280197794043507,0.0669186161286581,0.027994617617365145,0.11611063141826203,22,False
168,0.09100632739391068,0.09604635446416278,0.07422213261756822,0.03436687178813263,0.4610113144684978,0.031247401159385176,0.020299391425319037,0.07143995239418632,0.016137907873245122,0.10422234641559217,1,False
169,0.0865003589271509,0.104723305822006,0.09450582531347772,0.035011564902695594,0.43168784597911103,0.01945898759861091,0.018031470554712298,0.07564982524668423,0.021604009435776943,0.1128268062197744,22,False
170,0.07777452950529602,0.09572041084350891,0.06673067729843087,0.03538085120315444,0.4361236225575853,0.013015710474076556,0.051833537823891794,0.09675569961556982,0.019221390705738448,0.10744356997274776,22,False
171,0.08861722434645988,0.11098937030027496,0.08385090690768321,0.02857331995541839,0.4321636798715187,0.004204569182773167,0.0396585350664362,0.07551158788564287,0.021365340851115733,0.11506546563267679,22,False
172,0.0924968839357571,0.09881476511808703,0.06263393277868669,0.03603876024110444,0.4145326075323549,0.0037999890458953515,0.039294215116524096,0.09932521589316705,0.027210271425074234,0.12585335891334917,22,False
173,0.06753874567891559,0.07593189978124831,0.09864325149626733,0.028682399042746904,0.4499743158910998,0.030220021437667204,0.03217883654195317,0.08714619293062094,0.0,0.12968433719948075,47,False
174,0.08766223738292656,0.09069082396988803,0.07436213509958535,0.03120842337310409,0.4330895186351403,0.012317978866942586,0.0328067057249298,0.07254595739294176,0.025644011526737794,0.13967220802780375,22,False
175,0.09933655497645091,0.09678308202478275,0.08170850191148503,0.03706931837573634,0.43471358257350884,0.027077900392590577,0.03259565963149723,0.07305363756511805,0.012812658280873076,0.1048491042679572,22,False
176,0.10290576521885905,0.09991333076373823,0.09940731860073422,0.013882744434698982,0.43725887620479875,0.016976496742070173,0.032683638829486716,0.06644028972015519,0.015573525418086513,0.11495801406737219,22,False
177,0.08445471309023492,0.09649032151842675,0.0775914413450886,0.03609733781444766,0.44074799459894315,0.017627617170143405,0.02708476686754921,0.07495941787321175,0.040159628724234994,0.10478676099771961,22,False
178,0.08646260186615537,0.11262598757867726,0.07559662537753453,0.03378324412581768,0.4508100986644195,0.0,0.02672644367087282,0.07485420616961576,0.00225168415152723,0.13688910839537982,22,False
179,0.10120883618689792,0.10367716904260713,0.08453856315141572,0.034168785921756685,0.459717563705376,0.007185502367292576,0.022938781199884163,0.07285298220463703,0.008266152609879278,0.10544566361025344,22,False
180,0.10976605280429888,0.08091333919590796,0.06974244463817725,0.02677716818137856,0.4281859965002472,0.028940748706037845,0.04440805426390548,0.08333867096768216,0.019384564754567315,0.1085429599877973,22,False
181,0.09882787954238986,0.09381950892227402,0.061036919087034354,0.022600770444654326,0.44502282504017315,0.020858720734896283,0.036180523637789966,0.08371884665460173,0.02611848590489327,0.111815520031293,22,False
182,0.0813655045730994,0.0734951785131201,0.08928450674061192,0.04328558100324304,0.42697157041388106,0.0367603361602033,0.03127792968801917,0.08492744823114037,0.005308890585344682,0.12732305409133704,47,False
183,0.09419108349972115,0.08901978103993347,0.082869602274373,0.02156306127075488,0.46582338685961916,0.0002450796333548315,0.033299367306511764,0.09174523947544398,0.011021163594744723,0.1102222350455431,22,False
184,0.06932766645387596,0.07280625298891978,0.09715845130968165,0.04673999028023464,0.43473523199331354,0.03559846590686491,0.016523804570485523,0.08109166200538803,0.030782677224466055,0.1152357972667699,47,False
185,0.08808343232374982,0.08653159059857023,0.09306364708312126,0.03742207919414988,0.4640040078212497,0.011937403114629656,0.03908673766153366,0.07090464722653213,0.007395121421301717,0.10157133355516203,22,False
186,0.08584222070356945,0.09735059737156308,0.07478645053339805,0.037353691918597054,0.4365171424393632,0.0028019240890953573,0.039715491848907256,0.07991251952949016,0.01914625942302258,0.12657370214299377,22,False
187,0.08244950142989428,0.10238601958487407,0.08640975087456014,0.02103077523858009,0.47696046018420024,0.011860361277873634,0.03134733058302799,0.07489908392034304,0.0,0.11265671690664661,22,False
