ID,strat_res0,strat_res1,strat_res2,strat_res3,strat_res4,strat_res5,strat_res6,strat_res7,strat_res8,strat_res9,ancestor,alive_at_end
0,0.1946058246467794,0.015517941642035654,0.09057303204160445,0.2608522499995092,0.11970456264158318,0.06246508243094984,0.007284526058051048,0.0242173642297168,0.053285245217375724,0.1714941710923947,0,False
1,0.1872327648502236,0.012947774844181982,0.08924090131129156,0.27221754463785053,0.11549603379082501,0.051465610471253545,0.012738382050356328,0.03741533432578692,0.04751000690614345,0.17373564681208697,0,False
2,0.20102198994970177,0.01505959550156484,0.08295125658600642,0.26109302497606784,0.125866245187322,0.05744096481905876,0.0017836816113690657,0.025275785940778693,0.0690753579226517,0.16043209750547888,0,False
3,0.1952353321071596,0.010825231001092032,0.09516014337060935,0.25713432565307864,0.13168775823230042,0.03600238368065462,0.014021541678240322,0.04347146535269,0.060569422051439205,0.15589239687273565,1,False
4,0.159328266326802,0.013204593492640393,0.09252123248243595,0.272938162616657,0.1025806253201927,0.07392353084522439,0.03480467570879787,0.03739158333891686,0.05033526338630014,0.16297206648203272,1,False
5,0.20003495142360564,0.030711510660003147,0.0843008138355224,0.2555882446087115,0.10184174964335208,0.047578831481646267,0.009656301059301783,0.02422880856380851,0.057572621933501614,0.18848616679054694,0,False
6,0.19456496336845058,0.0,0.09926390311039895,0.2699662192963185,0.11824203402905953,0.05040845200619133,0.00532712063917543,0.03644834221831654,0.03676909918076419,0.18900986615132506,1,False
7,0.19653322970916512,0.003987051312303683,0.10067882202139723,0.26478742251883863,0.11412894415675913,0.06944078733564296,0.014307983165279925,0.016422674021800414,0.045751967615076224,0.17396111814373663,0,False
8,0.17744249423641673,0.015508983568331976,0.08812214983331079,0.28264940272591926,0.12289683293135968,0.05514723042275876,0.0,0.028388028132404767,0.06099996471658573,0.16884491343291236,1,False
9,0.19901567611663357,0.02400812728905902,0.11446042715489259,0.26281335914702453,0.10961710570925082,0.03976916393236555,0.005016217323583517,0.031139589646459513,0.04300951628737627,0.17115081739335467,1,False
10,0.18676240158299084,0.0240621220087218,0.0918282293717363,0.2573909783680146,0.10158707858543403,0.06566024214777737,0.027928186754718715,0.026465284442077342,0.05042833476309954,0.16788714197542937,0,False
11,0.2031193776194351,0.010546625908115163,0.0913455880997322,0.2579338926484376,0.12295090426183723,0.05428981849366414,0.018789866648108652,0.018694630386608447,0.0697171235011821,0.15261217243287936,2,False
12,0.18302510603930025,0.02124549338812494,0.09490151483714665,0.2797781519715195,0.09961666081504968,0.04796563043822019,0.019018868113394094,0.03540268793736532,0.06553999151205335,0.15350589494782602,0,False
13,0.19206100054015618,0.01748308119067504,0.0936139617187622,0.26093282194143397,0.11641833896325339,0.05621844190230771,0.010363755827159992,0.027851918367957022,0.042904868794289605,0.1821518107540049,0,False
14,0.20128606861379691,0.019443675758259553,0.09440452118192359,0.25689072058089335,0.12655255947492688,0.0629495123249316,0.0,0.027620363569168832,0.05171786602853708,0.15913471246756214,0,False
15,0.18636580641308398,0.015849990576685243,0.09703880518272023,0.23507174549231216,0.12752277253015143,0.06338336953650915,0.016612685984127733,0.031159695039437614,0.0512907143557646,0.175704414889208,0,False
16,0.21119715580132514,0.01624214413618997,0.08544836373541023,0.24678789035237034,0.1298153113295864,0.07684547231275121,0.0007834413757878952,0.010093943942859507,0.0537265002650996,0.1690597767486197,0,False
17,0.19960248675535142,0.007458676126450278,0.07742911313353741,0.27215530762322343,0.1303661316268741,0.06177243512785206,0.009996266779346206,0.01962378436437662,0.04212800804888032,0.17946779041410824,0,False
18,0.18590719939371772,0.017893553804679482,0.08916669665281705,0.2680025988972424,0.11412888018973597,0.06162873213944866,0.017453901768315284,0.015726620333428025,0.05668207355785217,0.17340974326276334,1,False
19,0.1895764594319838,0.012065372730316022,0.09881428259381594,0.25029410508247396,0.10957298221824968,0.05347827965812284,0.007374487304477445,0.025190418451977156,0.07623978520170986,0.17739382732687323,0,False
20,0.17739672740958104,0.018348495704721687,0.0897127495178325,0.2802713541709709,0.11553357563999171,0.03632482270035937,0.002583352035137704,0.03868629475508584,0.06346487666846508,0.1776777513978541,1,False
21,0.19205840573515923,0.012139624464354909,0.07970416129825196,0.256084791062273,0.1129151035271292,0.05513031504274835,0.01858344085877601,0.03444942929251486,0.057978883989569296,0.1809558447292232,0,False
22,0.19667521423472722,0.02116896258877683,0.1002259955789136,0.25887402465263615,0.10939315547145907,0.07410792714794487,0.012703330197458902,0.024343428064325313,0.05324467075364984,0.1492632913101081,0,False
23,0.19709875876286273,0.027521918317665317,0.08331620218866001,0.2765254443456755,0.10800488359849482,0.08604566481378254,0.010288362089600395,0.017872393987318755,0.03534257300614507,0.15798379888979494,1,False
24,0.19617549324767444,0.022179206623265658,0.07201562722970847,0.26227553868586084,0.13375041995053327,0.06962522810253309,0.006624478832337562,0.016286182017054396,0.054631090749285134,0.1664367345617471,0,False
25,0.1792917914939935,0.002870811597374617,0.08856114513596028,0.2808420229599063,0.10953116295580206,0.04727524184458775,0.025357903342916464,0.05322656847269987,0.05035406937288654,0.16268928282387266,1,False
26,0.19462916118547074,0.013584301864576655,0.09498455769646294,0.26115168807517053,0.12539363482748128,0.06578308165748903,0.0,0.024810067416125434,0.048583961146407534,0.17107954613081577,0,False
27,0.18937496608756785,0.004272271707406104,0.09504843779473264,0.26914805014647214,0.11221559209736552,0.04666780950520634,0.0037759523665536155,0.04804316576643851,0.049307221750037905,0.18214653277821927,1,False
28,0.19542003518703152,0.02220513032652545,0.09659832604042491,0.25598231106215336,0.1300809380849811,0.07156704891297098,0.0007989240027409985,0.024101539568136533,0.04974885676625762,0.15349689004877745,0,False
29,0.18652433101898683,0.03131911886647976,0.10681159426653407,0.24181491849811165,0.12919418105756733,0.07112632860523081,0.006311310264654085,0.023412530350114806,0.0393173452583156,0.1641683418140052,0,False
30,0.20482860405788875,0.028137662171270998,0.08604833811345627,0.2488948866070131,0.1202214133092386,0.07668801853517106,0.0,0.012147748844256744,0.040103719151024356,0.18292960921068013,0,False
31,0.19585695004429193,0.0,0.10212210671384479,0.2714191045937574,0.11869886925622038,0.0654276341099764,0.0049725292004216114,0.038476006977514986,0.03434801029772269,0.16867878880624987,0,False
32,0.18737523552211266,0.01822238225773424,0.08719826188471141,0.2771781736604863,0.12244775214379496,0.0647193711747159,0.0,0.020355997597796584,0.049136246828589775,0.17336657893005816,0,False
33,0.19363894865093798,0.027879272878259632,0.09095644936069323,0.2531637946998501,0.12485026897926688,0.06035591001216795,0.007187245999684942,0.03076127667424908,0.048627696911659385,0.16257913583323086,0,False
34,0.19339425790731724,0.01693549189228923,0.08725112727862641,0.28217983255015966,0.10722690317747953,0.048344937448031734,0.0040794812215752575,0.03129972836412393,0.047950480627626205,0.1813377595327707,1,False
35,0.18686537192417657,0.0,0.08693473046201482,0.27638168788469797,0.11930105763149974,0.0659719272362414,0.015140149494284945,0.033531782488644114,0.04799230005768396,0.1678809928207565,1,False
36,0.1863074249815064,0.021868067662912712,0.09091158608867632,0.2696841764919216,0.12777086968431514,0.01896279282240971,0.02123830198974284,0.048868579043048185,0.048706228379710254,0.1656819728557568,3,False
37,0.208258688401087,0.00714844844207151,0.10545883408090162,0.2773487994547653,0.11145319880301437,0.04849956752468128,0.005991494449476816,0.0,0.059944818295696506,0.17589615054830574,0,False
38,0.2000676027713509,0.02346949063332768,0.09404076044862933,0.2597505314780451,0.11095926133976634,0.05779658295988846,0.0066795311219892345,0.01135873376286576,0.057647526950488574,0.17822997853364864,0,False
39,0.18797325996548372,0.027477085293342966,0.09073848935629752,0.2500975962344223,0.1104114756988938,0.06629031959379998,0.004485429911790977,0.04348523078399457,0.03626878390943324,0.18277232925254083,1,False
40,0.1848319224593637,0.0,0.09970303790013597,0.27387595418444227,0.12067675515687055,0.04309858512556086,0.0,0.05633057081644151,0.036916234495836434,0.18456693986134867,1,False
41,0.21126889491682574,0.002421118245977414,0.1130358743798424,0.26254046610457554,0.12232323855243604,0.056049447401803995,0.0012163595509349116,0.011254113931998705,0.05266609578495874,0.16722439113064658,0,False
42,0.20186234966076932,0.022143818669956905,0.08460118719951833,0.2642096876798401,0.11497275119957846,0.044737183747391,0.002215352852610759,0.030547809239807204,0.04619045240315892,0.188519407347369,0,False
43,0.19579143923008835,0.0,0.08768946804893857,0.2904643810916473,0.1245324026769063,0.060888706950727435,0.0,0.037192107071101516,0.035511368314012665,0.1679301266165779,1,False
44,0.1832659484241722,0.0022619085874600545,0.09684800066817177,0.2725378571899274,0.10990447461292022,0.08267866548865282,0.007845035272872352,0.015519442879439703,0.04083794510168827,0.18830072177469517,0,False
45,0.19491575843439932,0.023689117038150753,0.08219020358019363,0.2636696264832666,0.11990663044529071,0.049021129730994276,0.0031647709586555355,0.03690694319776911,0.05895967417198796,0.167576145959292,0,False
46,0.19668444785477135,0.03354272773036937,0.06338907986002916,0.27360157949041675,0.12792525632699075,0.06655637523981695,0.0036636869493146423,0.022277678390264333,0.05382435534193181,0.15853481281609483,0,False
47,0.20076262621001117,0.0,0.08723460511826267,0.2750647276339631,0.10686523214257058,0.06203825437351267,0.012049820669322232,0.01646872319900025,0.053619744120667376,0.18589626653268995,0,False
48,0.2017865047843832,0.01393995785329165,0.08112604168993043,0.2711560667036911,0.14054469466118358,0.038247228113746645,0.003887398925011935,0.02835295727673145,0.0497732201485577,0.17118592984347225,1,False
49,0.1648288046163276,0.022603450567889004,0.08522141768807531,0.28363251038502774,0.09915630812023951,0.08623690643581386,0.02636741819233282,0.021520175952156183,0.05444407443754834,0.15598893360458954,4,False
50,0.19375391510152476,0.016583877051366845,0.09031328566781677,0.2409325554385784,0.12439356252645085,0.0544095023632089,0.020169074430691044,0.03637517364350831,0.06774854646752139,0.1553205073093327,3,False
51,0.1837336581260499,0.026894751110192433,0.10416417596375867,0.25252820708342405,0.12143619640846405,0.06743165189273664,0.0,0.029331178139518813,0.0557802104419687,0.15869997083388662,0,False
52,0.1711217754933435,0.0055302939814411015,0.08076357359025656,0.2583161056629374,0.10056930168665855,0.06778035791559765,0.02994221110364994,0.05527534384579571,0.06387899157764018,0.16682204514267931,4,False
53,0.15251496044341653,0.008256585932773411,0.08781417600767638,0.2595511802300106,0.12628473636344853,0.08793986194840159,0.03593907118371773,0.03587088242915046,0.04385980816948147,0.16196873729192332,4,False
54,0.18581782726156937,0.021711500923334,0.10603328207038022,0.2695515360051971,0.11094855088431468,0.05436688922036588,0.008219654037443949,0.03412118939897227,0.027817525557466128,0.18141204464095628,1,False
55,0.16337365870501092,0.020638687363507796,0.0996694922932338,0.27459100984491264,0.10179544223941803,0.056454955031741735,0.03551812567007653,0.024794625443670087,0.05760528203949466,0.1655587213689339,4,False
56,0.1552895405905517,0.017678039042533313,0.08366178590323227,0.2788136377381283,0.10298789136636412,0.07753831998650995,0.03513852579924944,0.02444251301810455,0.057729652831625095,0.16672009372370136,4,False
57,0.18702245730413852,0.017763297234012772,0.09691876570442771,0.2910753018377012,0.09937220217830643,0.03743072103575591,0.014036668625412762,0.02860939757710134,0.036911393304794544,0.19085979519834878,1,False
58,0.15987295361445558,0.019503582099514822,0.08171909680790584,0.27789707031845007,0.10228677763810194,0.0712369911129165,0.03361586089887108,0.04042026256999119,0.04542344910953301,0.16802395583026003,4,False
59,0.1963955907936734,0.0,0.10302880639939403,0.25078564136666226,0.14554042788228164,0.04612483774403432,0.0,0.05810272102470647,0.05201407174045342,0.1480079030487945,3,False
60,0.17272260808668485,0.010031622873397624,0.0854864992984426,0.2592341044228034,0.10716024424822285,0.07405862787503256,0.03225010786346672,0.04076336486927293,0.05809755889918944,0.160195261563487,4,False
61,0.15288379788601072,0.009841695240175507,0.08666955134909514,0.28582760878865776,0.09768540999193576,0.06924979632155229,0.0363391527761414,0.04752341963234738,0.05045270074256539,0.16352686727151866,4,False
62,0.1665324851602039,0.031149165286290952,0.07660416244982705,0.2805553664000146,0.10488055021008096,0.06154029656453485,0.03906051537656315,0.027156707526863735,0.05447408605364053,0.15804666497198028,4,False
63,0.164897642078423,0.0013799524381374192,0.10350089625396307,0.28542298763355795,0.09150816743944075,0.06968910365853069,0.02586113928137546,0.02709197377292499,0.05332118517551871,0.17732695226812792,4,False
64,0.16678865503659177,0.012974028875399059,0.08606636418150346,0.2698683732639482,0.09726431355588655,0.08075096339894917,0.03202834406967205,0.04157324576476464,0.049725789955428784,0.1629599218978564,4,False
65,0.19096774112472337,0.016666252035380063,0.09850424975633232,0.2592783550647623,0.11610394642143995,0.05427067241517216,0.022107442579404758,0.020043737735626038,0.051081591617290506,0.17097601124986855,1,False
66,0.18717960080916052,0.021223293163562564,0.08178024280599905,0.2788629881226416,0.12778527092322486,0.038607245182200316,0.0,0.03775798405976195,0.049882302248596376,0.1769210726848528,1,False
67,0.15272706432616726,0.010477038058257426,0.08884702656063702,0.2709350368606259,0.11360924190677632,0.079757980743399,0.036554121412751356,0.031990726179644255,0.052556539784501796,0.16254522416723977,4,False
68,0.13863819539103253,0.01053264891398424,0.08480648522349753,0.2740369752640524,0.11221556947542745,0.0666953005346195,0.05578117852625315,0.03481789046818171,0.04946343785978891,0.17301231834316255,4,False
69,0.19275249502062428,0.01236374030578661,0.08715739606640449,0.26018742137271533,0.11171720003732089,0.05785930819257619,0.015192096298432819,0.04869966155268499,0.04855459206002149,0.16551608909343293,1,False
70,0.17479394533147807,0.01901099289897395,0.09195882545248898,0.2575852962147158,0.09086212117625247,0.07999661479812169,0.03115725522131808,0.032687773252888505,0.062417719527774224,0.15952945612598818,4,False
71,0.16451999763568925,0.008063769915211828,0.1065634229233776,0.2571159542392625,0.09462714709295282,0.08128228406461205,0.04884040241782999,0.03681046940343368,0.04816459005872508,0.15401196224890526,4,False
72,0.1567408263158764,0.009877900728847883,0.1010433708496656,0.29847859348403444,0.10719110849592291,0.06708322975943572,0.02558192383347845,0.030270663416766114,0.04218085759222295,0.16155152552374968,4,False
73,0.1524893682796198,0.011932706241591307,0.09166798032920138,0.2755849614899673,0.10437354819387328,0.06444950527042091,0.038407840698065514,0.03550067675055063,0.05732828890973896,0.16826512383697104,4,False
74,0.15256676626415644,0.0068080650112215734,0.0982985343306505,0.2670297839187035,0.09126622703151671,0.052848133683518476,0.05908400509885468,0.048731134791205236,0.058638644714991695,0.16472870515518123,4,False
75,0.16473048406620985,0.005207117950943913,0.08782778880889336,0.2700288332330092,0.11154245825758788,0.07574993219412042,0.030150221998980153,0.03780270886907778,0.057051463937928454,0.159908990683249,4,False
76,0.1463395716552099,0.0175705680256821,0.09747388091185351,0.243723411668843,0.10842053279643647,0.07737388823097106,0.05276667076117911,0.02862444277426509,0.06050363960838825,0.16720339356717143,4,False
77,0.1870156514833771,0.01809196751803538,0.082268825579515,0.26649732461758063,0.10761964151206073,0.060162722886510325,0.01083869961883892,0.04016388351784123,0.05712333059446201,0.1702179526717787,1,False
78,0.1507215485536627,0.005500641816987727,0.09739611286335612,0.2802802243179281,0.09689344678795198,0.08110699973166753,0.028992006987437285,0.035612737146765557,0.04395295628175843,0.17954332551248456,4,False
79,0.15527099759230242,0.004227026720663063,0.1022265284732884,0.24843564320424583,0.12167117379401379,0.07032651151988464,0.03444155080260472,0.04196810211150498,0.06463407743315124,0.15679838834834092,4,False
80,0.16472380074992968,0.0,0.09975110938298405,0.27077174818881533,0.10461618294240067,0.06362067118183168,0.025357718529227687,0.04510979834634045,0.05210922839421343,0.17393974228425704,4,False
81,0.1688435020134413,0.022550861546817555,0.07240781464609995,0.27134226991998267,0.12070252328004827,0.047551907786264204,0.026108103998031526,0.04491560145038721,0.05915839863050242,0.16641901672842488,1,False
82,0.15648286788093982,0.009162955821564489,0.0854708597154218,0.2735562670644467,0.08955812880395374,0.07594206620530468,0.04702611493615108,0.039572466847494624,0.0641158683778982,0.1591124043468249,4,False
83,0.16662502972282492,0.0,0.10161875623796725,0.29155152680790164,0.09519032498854971,0.06877371723199326,0.03179710512622363,0.03974128156336441,0.05039212224084995,0.15431013608032515,4,False
84,0.18189341623825628,0.0,0.09378670192233933,0.2583621799125689,0.09170847338462483,0.06734655467976189,0.03519822346735003,0.05019537121295465,0.05850222390459133,0.16300685527755288,4,False
85,0.15519012661857412,0.006201341776247959,0.10669260800268637,0.275092342693913,0.10753851807799884,0.07217797829879177,0.03796043333316929,0.020720053144880235,0.052080881765198844,0.16634571628853964,4,False
86,0.1460044875611715,0.01904533126203928,0.0993937202861058,0.2715902105588297,0.10033153674399446,0.08577610707043264,0.023861481756432854,0.04559453232888739,0.051043781282329996,0.15735881114977648,4,False
87,0.16643203782160718,0.022462538467344105,0.08618063347387712,0.26284963089053176,0.10268519423006844,0.07588257884059324,0.03346481730159295,0.03996369115085544,0.04337280113112549,0.16670607669240425,4,False
88,0.14723244602124874,0.010138677041625225,0.10447516053960913,0.2767966503062217,0.10779302008259473,0.05077452150668862,0.03142036338816877,0.0389599811759882,0.0626150630055315,0.1697941169323234,4,False
89,0.17032654685474866,0.011629746676343526,0.11245952424512634,0.27235673415945244,0.09489338183359693,0.08950432695033575,0.03395120541279351,0.018240810033200217,0.049493220453997885,0.14714450338040466,4,False
90,0.15709104419974837,0.009237676556089336,0.09065864049436291,0.28459958475509195,0.12395626801639259,0.07369786879204397,0.02807176085703157,0.0294706271614135,0.04258747337822984,0.16062905578959596,4,False
91,0.1618680981775036,0.010577167873244905,0.10469730070935473,0.2902109613614496,0.07525870276933784,0.06531330978853729,0.03061153250488788,0.03914881925443229,0.05455033929167485,0.16776376826957703,4,False
92,0.1697340027954551,0.0018849094727331906,0.08850497688341574,0.29345590699965496,0.08834793296829738,0.07690654902600029,0.030919318970173523,0.029268303798677613,0.049273841289078836,0.1717042577965134,4,False
93,0.16200961541377337,0.021582859215562956,0.10283679332721406,0.25494662038564925,0.10552868852683095,0.06869189379387858,0.03864398964197334,0.04269735204391307,0.0468511445103073,0.15621104314089715,4,False
94,0.1528867686036859,0.001785536417230436,0.0858698385671104,0.2753015884741088,0.12410671260905054,0.08210237623672977,0.03891973768537352,0.028858687978217473,0.05990982812289914,0.15025892530559404,4,False
95,0.15754584183899742,0.019231815754560365,0.09286246512615168,0.2539940557626383,0.1105053554312631,0.08352342146071495,0.028777408540573285,0.05126624427791995,0.042411569073779576,0.15988182273340137,4,False
96,0.16178260202833136,0.016486886150449357,0.10580772248761022,0.26595368269659714,0.09176761980668216,0.07044175729225075,0.04044571267894743,0.033647256396726395,0.05645156023902936,0.1572152002233759,4,False
97,0.16166645385022624,0.009174012533940417,0.09803730353027248,0.2747652776826562,0.09566822443527621,0.08145621535867414,0.026929605734419812,0.031992283550645366,0.05299820997464186,0.16731241334924737,4,False
98,0.17040503759296505,0.013632458776859624,0.10733583263194063,0.2908256624384513,0.08001548754435607,0.07080367814163088,0.020338420439353817,0.04192190585174642,0.03747418588400054,0.1672473306986956,4,False
99,0.15982307805812088,0.01367788983708622,0.09108131270636732,0.26336949689592815,0.09750949975201878,0.08658146585104243,0.0387340446388335,0.03313387483148326,0.05407569974101486,0.16201363768810462,4,False
100,0.1620140817760264,0.02816423790009449,0.08784559608943265,0.26684835646764943,0.10209983344390341,0.07245897849650654,0.04374567381188456,0.02923920752194789,0.038695159793564075,0.16888887469899044,4,False
101,0.15810303837743842,0.010137534114797911,0.08734516803295568,0.27726127306892684,0.09937712657698335,0.10237315368690748,0.03122971149975446,0.0394915227116091,0.031058885047964207,0.1636225868826626,4,False
102,0.15435203054722255,0.012130478577142582,0.09217545326789349,0.2859982244465294,0.09358218104019544,0.07494375827536538,0.027495921010827467,0.048634265218304475,0.05426875687036398,0.1564189307461553,4,False
103,0.16389506972364173,0.006342688023559878,0.09194718157137742,0.2766552214289888,0.10003905342911859,0.07141516282085053,0.044130189651248805,0.04242222519066492,0.05406380889931799,0.1490893992612314,4,False
104,0.16347530258923512,0.017073618740878954,0.07614825924604471,0.2730497989352113,0.10626962226461173,0.07266536846021972,0.048384583095305,0.034565935642322874,0.04875715934211757,0.15961035168405308,4,False
105,0.1621684642528402,0.019043924280089344,0.09438368898940849,0.2714107957003537,0.10537264364447131,0.06101604047422888,0.028400927516417748,0.04204557332529492,0.04832149376677767,0.16783644805011785,4,False
106,0.1718458259456763,0.02346099327371511,0.08652039622909082,0.27612329207241043,0.10119713260126129,0.0671888370411143,0.01828167810639609,0.021998598881626728,0.05574943720487246,0.1776338086438365,4,False
107,0.15465673356373918,0.0016800204588478206,0.10265888705697103,0.26709167539380646,0.0980072435684472,0.08784820758401864,0.031229468014819284,0.02819882599568582,0.05896597807465169,0.16966296028901284,4,False
108,0.15949600631801555,0.015556167853289525,0.09021980565858358,0.2754186993443282,0.11162930886409674,0.06862936120046065,0.04033005973324569,0.03158857599644456,0.0563951354057663,0.15073687962576907,4,False
109,0.14130093502873395,0.015208182428715404,0.09506867154628951,0.26706619369396767,0.11271727693796514,0.07381556176790599,0.03549041068844778,0.041215236676574826,0.04873569286111772,0.169381838370282,4,False
110,0.17253942682569237,0.016208201279733703,0.08807315970128496,0.27408731309684436,0.10168952236666665,0.07225471226921833,0.019742351449997125,0.059596483891275226,0.04249216912825584,0.15331665999103145,4,False
111,0.2026435202781648,0.02468663003618014,0.07508873922782884,0.2716412835624588,0.10676173532692262,0.05173696739118866,0.01960320185036957,0.028697614895033866,0.041506904534560476,0.1776334028972921,10,False
112,0.15303842844712873,0.004224090587537643,0.08304880346741503,0.2644429603964795,0.10862385831490112,0.08973379330526102,0.032038669517847625,0.03854613945384704,0.05612528434716806,0.17017797216241434,4,False
113,0.15496884128926763,0.004178069716270002,0.09194513428539086,0.2780943156606508,0.11442098614222028,0.06838201336634889,0.03811012096550879,0.027501919349360127,0.0629904037293823,0.15940819549560034,4,False
114,0.16539451470624975,0.009608480076865598,0.08134882242582135,0.27709793737963045,0.11650630916016612,0.06261563740074888,0.017927792471847538,0.03576342386044033,0.07409596752542719,0.15964111499280287,4,False
115,0.16152061769364115,0.01662269650726072,0.08408695140605701,0.2666860833448416,0.10624174211986478,0.07966417313815985,0.022502679162703612,0.039239420213242934,0.0501914484214252,0.1732441879928031,4,False
116,0.1478072061578551,0.021100268362670878,0.09196580670733037,0.29925183261117627,0.11323475506273004,0.06112065574104988,0.03398421309755518,0.027049832411842663,0.05053208929068102,0.15395334055710858,4,False
117,0.1567874453110938,0.02273941653804265,0.09733410319174463,0.24939035430148007,0.10503576828241908,0.07021775394926315,0.05109943640133919,0.048526762115424484,0.04581734280798209,0.1530516171012109,4,False
118,0.14825527832074936,0.026733369977952597,0.09609946044609124,0.2629205611245291,0.10750932359889304,0.060173250647399514,0.03094644295849507,0.04480466973593338,0.04594632461842163,0.176611318571535,4,False
119,0.16889595388602063,0.018704430075777306,0.08772928623752234,0.28197880866545355,0.10512888842113645,0.07380094086223135,0.03454414187753111,0.04626271637794033,0.035328855986381635,0.14762597761000543,4,False
120,0.15274317590175593,0.02416997638201405,0.09689080098488624,0.27154582808794575,0.09441712537123048,0.07327185062688985,0.04235725218903163,0.02895205041072748,0.04904948357967162,0.16660245646584693,4,False
121,0.1693794881341756,0.00935575543823983,0.08972831399951041,0.26147582223566135,0.10210608987045107,0.08152756370681943,0.030641014773146326,0.041765975695004114,0.05291675269235972,0.16110322345463213,4,False
122,0.16502190018229862,0.0,0.09231670748868812,0.2858371200337198,0.09432391474989658,0.063777937682599,0.03699732401636177,0.035968080363678295,0.0484359483456811,0.17732106713707674,4,False
123,0.15843750525044428,0.014470411017722557,0.0976019052898305,0.2671078480854753,0.08999930760156082,0.08165130529165315,0.03360261842359643,0.04625331637381962,0.05187244169345372,0.15900334097244367,4,False
124,0.15818181297402784,0.005756002634285734,0.10116333892051198,0.25231983925518003,0.1041219469671095,0.08017705754501012,0.041817305642818166,0.03468565988538569,0.060060749342119225,0.16171628683355166,4,False
125,0.15606999941244654,0.031487604154805615,0.06223994437396937,0.27094528722380756,0.11623608757393553,0.07684721752968234,0.04718922971003237,0.025710378111309908,0.049343473143331686,0.1639307787666792,62,False
126,0.1791502740094433,0.014674081695680127,0.07720776551784304,0.26768051151941574,0.0935818080127481,0.07166775319697796,0.029691145913087927,0.041689345958481755,0.05471689214151482,0.16994042203480725,70,False
127,0.15623268101162274,0.018858490148647253,0.10219205854164859,0.26641558311933394,0.0991717771617074,0.06524864816555768,0.03765436941751574,0.041367116465847724,0.06011250690995248,0.15274676905816661,4,False
128,0.1615294390301263,0.00974592463397255,0.09945438944271648,0.26828686072192565,0.10291226191880401,0.07875595212034035,0.04029615356630253,0.053237268329451526,0.03918976711559351,0.14659198312076713,4,False
129,0.15871360116299874,0.022392589447050484,0.08206865493145064,0.2698963827569621,0.11160876213483945,0.06457542132615135,0.04893554638634394,0.03670754123454611,0.05856299768141986,0.1465385029382374,62,False
130,0.15557754041378513,0.0,0.1091583559091417,0.2737191703711547,0.10485759422172594,0.07718065803675692,0.015887535076605258,0.039580986774482026,0.0495107626241524,0.174527396572196,4,False
131,0.16813151975892313,0.004861220299380296,0.09108912917391233,0.2708055758307107,0.11944176459785788,0.0646989999286774,0.04003002178378741,0.025025460976240862,0.056816793286762354,0.15909951436374775,4,False
132,0.16189637441109808,0.04484284055669759,0.07080830924806726,0.2768970448767652,0.10656457563171158,0.07043496254243375,0.025090992817877987,0.04281569316031043,0.051395886834533805,0.1492533199205042,62,False
133,0.1463713779963695,0.007044132149304888,0.09619242010955639,0.26714936935284506,0.1100728121737142,0.06301595336237598,0.04107326052650589,0.0406511181046134,0.05887246677236851,0.16955708945234613,4,False
134,0.15753094348058236,0.026147537392025084,0.08881991333956776,0.2752269230647715,0.09937506395268916,0.06295054059449469,0.04672778659730875,0.029680394655144902,0.03324385880688584,0.18029703811652995,4,False
135,0.1635533784636699,0.0011704915655868068,0.07629453091320319,0.2656430568111484,0.12098962012536227,0.06018373192487845,0.049766759034808414,0.024566608676859135,0.06941610481421531,0.1684157176702681,4,False
136,0.1521039653306078,0.012536386397446978,0.0833741759780783,0.27150121832759744,0.11603868757695199,0.07581974136052694,0.04183119981708446,0.0391827874530621,0.053713309974422564,0.1538985277842214,4,False
137,0.14798457769491064,0.030225138968761736,0.08594440588640792,0.26196698767413357,0.09140320623791033,0.07424747598711275,0.04330294064362859,0.04416938731866895,0.05645321839834834,0.16430266119011708,4,False
138,0.1976976224614341,0.017276182946506943,0.10350274094170993,0.2354568303884996,0.10496036152682625,0.05766413326739082,0.026376399120089926,0.03275040542409763,0.05546207948507847,0.16885324443836636,10,False
139,0.18748552548781325,0.033607090337812506,0.071260464899701,0.2542883378141831,0.10962282487127357,0.05696911819918576,0.022465652699420323,0.01977053959696685,0.04226427943796982,0.2022661666556738,5,False
140,0.16632613482489825,0.03555107618233947,0.06916844158055914,0.2768217904872317,0.10648360966900874,0.06157330863616363,0.033479073871937146,0.01860577207991087,0.06148294339074845,0.17050784927720264,62,False
141,0.1683169164705556,0.012233596520386017,0.08573568485703476,0.2717044791113734,0.10285240264365296,0.07998393417434865,0.03912117773488421,0.04706312928683328,0.05227168971349932,0.14071698948743178,4,False
142,0.14597985349645481,0.014313244887456299,0.086498300939326,0.26145024923153926,0.10179556778156279,0.08130588518763632,0.02915123105449838,0.05528202340550361,0.05254908986183989,0.17167455415418265,4,False
143,0.1480514779281834,0.03249849955653411,0.06401419422268184,0.2780401956356945,0.1092535753665672,0.0697588439612291,0.04209421341832193,0.03934106618952818,0.06119517043002797,0.1557527632912318,62,False
144,0.14130316756319738,0.016966154228570497,0.10875623533507171,0.26561714190080477,0.1003707131205174,0.08608391616173983,0.03244743582340986,0.04572378097032986,0.051301436006246016,0.1514300188901126,4,False
145,0.15989553001413973,0.039358305242957844,0.0830332363728241,0.27985629993257805,0.10749506579578899,0.044691733555761066,0.040532395707766795,0.025478838540555732,0.040810270994485025,0.17884832384314267,62,False
146,0.16838644193346958,0.009881215596605365,0.0891533125086819,0.2657669540484758,0.09833057175499543,0.06754280521122687,0.031789945166055045,0.0523347552835713,0.06221392192851042,0.15460007656840818,4,False
147,0.16458585305023077,0.015654814084800905,0.07614489878530495,0.27471301308690105,0.11437062677353345,0.06831852024569482,0.037671852577206455,0.03914947990189882,0.0479582386694068,0.16143270282502203,62,False
148,0.18423751452945203,0.029181454805854126,0.06299052307865913,0.28399814194910195,0.10365443005640976,0.05194715033465361,0.0504860136136957,0.03565319663992469,0.04301698687954396,0.15483458811270515,62,False
149,0.1658186106456211,0.019808254589997916,0.10085202571479508,0.26928941978535964,0.10915810766223684,0.065021148416079,0.0477360596278403,0.036407608028118,0.03712532543105973,0.14878344009889244,62,False
150,0.16360245044085212,0.024652431677914165,0.09151518873804525,0.2746939179214659,0.1196492446406134,0.059503247775718464,0.01601328346581402,0.04676256501977848,0.04990264798545898,0.15370502233433916,4,False
151,0.1900344870306329,0.037893016138950054,0.09479862770322255,0.24895235252559877,0.10947114167389022,0.043307921481894524,0.002452044547546141,0.007989373611438902,0.058235423109431195,0.2068656121773947,5,False
152,0.17497560527688455,0.030934868428220345,0.08723617117232028,0.26244067087081613,0.10982973153603255,0.06548096002699705,0.04871987758044422,0.03433922029474819,0.039896721268365194,0.14614617354517156,62,False
153,0.17986806717141396,0.030657660764043356,0.0844061558204489,0.2730869671187691,0.12098147830318083,0.03738068946856204,0.027617428911833757,0.03315523167178367,0.04410866468613032,0.168737656083834,62,False
154,0.20338350185405862,0.04021668842606571,0.07733179433021427,0.272358648512462,0.0913428398301229,0.039934694166733536,0.009776245995718223,0.012438926569753248,0.04925265130922494,0.20396400900564654,5,False
155,0.15331671202130287,0.023812457163791503,0.0791089850467253,0.2763876144065373,0.10463614936332469,0.06426448257338355,0.036083006360882366,0.040581279247222074,0.04990869206874361,0.17190062174808668,62,False
156,0.16956584843313519,0.03825645149069453,0.062082075206453174,0.26670734359835274,0.10489264594075776,0.07373997695457499,0.04761579930468453,0.030461786767629388,0.06973386764596962,0.136944204657748,62,False
157,0.14902183313412223,0.05565692926258062,0.07147607421866609,0.2700774572778829,0.09220936535776653,0.07415979466202725,0.037001587902905565,0.03535419410836406,0.05562485775150215,0.1594179063241826,62,False
158,0.16206787356272048,0.02925480198775542,0.06501735255068682,0.2944780809539114,0.11930318981220761,0.04967772151770844,0.05924534191779289,0.020970354959111974,0.039769533940479586,0.16021574879762535,62,False
159,0.1527762944981807,0.04002761189554752,0.09338666630546665,0.28162290246466715,0.11364385305704469,0.058172221342697235,0.030060624253245856,0.016655689441505066,0.04925214423290793,0.16440199250873708,62,False
160,0.1741957989085293,0.023726536088038437,0.08080402748903755,0.2898792127682832,0.10843752529225481,0.06489156876110182,0.041972934290862476,0.0029810350312020574,0.0664489717322687,0.1466623896384216,62,False
161,0.1612915476297951,0.02224505987495995,0.06971327081757643,0.29009031753167047,0.1115577068295742,0.05366184631784498,0.03438539619903321,0.03553183093960367,0.0551723535729877,0.16635067028695422,62,False
162,0.16206203063941121,0.047742535391938304,0.06296931392911159,0.2966584781009401,0.11465851288682558,0.06108077239216978,0.02381004682299158,0.04210152030054624,0.04920577729859997,0.13971101223746565,62,False
163,0.17687452967449355,0.036468943208349015,0.09074892603928823,0.2643317244533085,0.09713546335717299,0.06417774940640791,0.03656473962960663,0.01359765348194992,0.05978517681149843,0.16031509393792465,62,False
164,0.1960502523783298,0.026640586101485116,0.08721382320906636,0.2381056900671006,0.10555286834011911,0.05319377365599088,0.013415519959205096,0.03568241012416536,0.06696235105618038,0.17718272510835734,5,False
165,0.17382701083328697,0.02004504977649705,0.07257959928836272,0.27620742969474016,0.11735092806217609,0.06607018873369107,0.027451314061710714,0.02756837530384153,0.05827392613504212,0.16062617811065152,62,False
166,0.1665100526590536,0.02142589727809079,0.08405889462258215,0.27125123950249025,0.11250272364703898,0.04463677137552476,0.04645715019102867,0.03260564182177511,0.05347983700664561,0.16707179189577018,62,False
167,0.179788566844757,0.029345487657875285,0.06540780190464611,0.2851578099561963,0.1162173648734172,0.06649233502429003,0.046660648077844875,0.026989884010985808,0.0374879932919404,0.146452108358047,62,False
168,0.16431862178863282,0.037041146896958775,0.08058639984375418,0.28831276524378013,0.10913888886497326,0.06199773308965545,0.01941193645375041,0.02215653794016008,0.05806439890745227,0.1589715709708826,62,False
169,0.17294599145000375,0.040547416908744936,0.09520559099049122,0.2413246299872697,0.1057777961030134,0.06699768640240536,0.03360466072446838,0.02200972900457285,0.06071740832354089,0.16086909010548964,62,False
170,0.14802521752469092,0.02586841154152846,0.10201203097525784,0.2574065234300101,0.10720175479510867,0.0771680357810651,0.017380963476292064,0.03078094880104024,0.06953421751294975,0.16462189616205686,4,False
171,0.15729807752088507,0.024808039070410143,0.07161895395191233,0.2704110374185646,0.12416729981494606,0.06483918068276155,0.05068391978412917,0.02552983891485279,0.058929141703528136,0.15171451113801013,62,False
172,0.16813391532715205,0.023600528273839832,0.0739920742668515,0.2582258601365908,0.10460003326999912,0.06935304532802712,0.045619177936024845,0.025753145621717956,0.06952053347155869,0.161201686368238,62,False
173,0.15175543153915863,0.04255678663010067,0.08382311769169616,0.27073834353440557,0.09561575747372515,0.05320096613745919,0.04747288674012154,0.029373249376305702,0.05333382876026356,0.1721296321167638,62,False
174,0.1688758956532275,0.037586792639833555,0.08250154510838743,0.27665788518415885,0.11381153762642322,0.05257489001845613,0.046343851740338775,0.016615620163247916,0.047676980767662185,0.1573550010982645,62,False
175,0.17124376713577813,0.023555158808725406,0.07899930514860787,0.28505683809171994,0.11229897527162458,0.06805245178906459,0.022719999263130612,0.011525303730131786,0.06947775673810284,0.15707044402311426,62,False
176,0.14362216362877597,0.02476887214571848,0.07964581523244436,0.2726162578374184,0.09146043744784461,0.06630123406377009,0.03972555268642158,0.04695023486880656,0.07496969418807413,0.15993973790072577,62,False
177,0.19209281511422438,0.01850306693572852,0.08523755976382084,0.26751534281025463,0.11283600223117257,0.04556866443479072,0.028770261877981963,0.013709161848246889,0.05140079329983048,0.1843663316839491,5,False
178,0.20166453342339138,0.03467986459733837,0.08999392449769669,0.2516173898319505,0.11926023788277416,0.03698501662044478,0.005100824491009888,0.026073979731257947,0.04442431668679265,0.19019991223734353,5,False
179,0.1447168348287147,0.008461699045861637,0.09067166377158556,0.28732571555288167,0.10249682334987437,0.08066993652817384,0.016485837100220484,0.05271951933228726,0.054958721363256025,0.16149324912714452,4,False
180,0.1781799102671274,0.030379453332882844,0.06079076911335524,0.2953039365372124,0.09565193928940001,0.05870928804400539,0.03936249431450599,0.02400582087875782,0.04852520575712833,0.1690911824656247,62,False
181,0.16717048201561593,0.022793776521915627,0.059201653879401225,0.31944589121534606,0.10114307210416768,0.038041485095070944,0.025111328227801925,0.04103065772576395,0.06497106914384815,0.16109058407106855,62,False
182,0.1475043918534673,0.02602547393744804,0.048156277261038195,0.28716998966618545,0.11515909510981441,0.07053587273217755,0.030122645464802287,0.047354961008590546,0.07111857952775744,0.15685271343871882,62,False
183,0.16749143002959788,0.030665224763555494,0.08833012537928532,0.2773700494876429,0.09949509252311847,0.06468261997636011,0.04594774430207904,0.018515777326584708,0.04556622704041176,0.16193570917136435,62,False
184,0.16472793160464638,0.018942449619844915,0.07654243428929805,0.2829224863571426,0.11251786358010021,0.048028227204824976,0.04871637460743866,0.03209417965935458,0.0585524601698471,0.15695559290750252,62,False
185,0.1882850063214517,0.020479534639699898,0.0857012761442861,0.2795099692862922,0.09261891257734317,0.07729471230379761,0.03375714036973895,0.016424680190609893,0.050083771820648576,0.15584499634613186,62,False
186,0.1642103949185909,0.02509622235495076,0.06841210610046436,0.2887029856758009,0.10472298013055777,0.07022997228527492,0.037707361912325654,0.03314004667251386,0.05187931987471107,0.15589861007480987,62,False
187,0.17535657683879843,0.031517871064573905,0.07862619196514953,0.2747355103588385,0.08649789878520547,0.08134018016330469,0.03591666848867612,0.013743599593642056,0.06602459438360611,0.1562409083582053,62,False
188,0.18439730764402323,0.040405867611858444,0.0967834116365458,0.2512339298443381,0.09038535232376857,0.04734467605883554,0.009262569358941774,0.035370332466300385,0.05518947586852819,0.18962707718685995,5,False
