ID,strat_res0,strat_res1,strat_res2,strat_res3,strat_res4,strat_res5,strat_res6,strat_res7,strat_res8,strat_res9,ancestor,alive_at_end
0,0.0998275983530636,0.09986622122580385,0.19039164881593326,0.011818173259990617,0.11018822030196682,0.28538796982759684,0.027773709764731983,0.052829721689574456,0.04887852955615721,0.07303820720518138,0,False
1,0.08854156175245215,0.11160640702136847,0.17544559680163654,0.010276799736454923,0.10347904825999323,0.27840418578992115,0.0381151905020431,0.05730783040334371,0.05729255512385066,0.07953082460893617,0,False
2,0.09190091028946067,0.11707742792484371,0.19637849859471496,0.006033718551007232,0.1158435119547099,0.2628328667547391,0.03747339878738864,0.058538120056918955,0.04855757269793051,0.06536397438828627,1,False
3,0.08201276564650942,0.11537654191625611,0.169493277482152,0.019390221070149656,0.11108390647966986,0.2717782890994726,0.04041028038657945,0.04127817635609207,0.06448658483327471,0.08468995672984424,1,False
4,0.08881154425102203,0.13426901888429835,0.19668297802551593,0.0027508819106227787,0.12318580793518849,0.271828773966453,0.04190582568707875,0.05130682479812351,0.025698921381309605,0.06355942316038761,2,False
5,0.08256481595083012,0.1277847335121,0.20149183443723523,0.010773070355730384,0.10430097427698623,0.24939148557938393,0.038007229107749174,0.06605048129869279,0.061384171044629475,0.058251204436662665,2,False
6,0.08845149250618349,0.12314892835298337,0.20163835266554223,0.0,0.11264216942613896,0.27699768265849883,0.024855459355229596,0.06014818447408916,0.037877073216738014,0.07424065734459637,0,False
7,0.07654333063794977,0.10528336374549521,0.1580095310300507,0.005058010193107623,0.11212072637461529,0.28195605040377514,0.042917762931786285,0.0696070524274004,0.07116825235223175,0.07733591990358771,1,False
8,0.0870166931226462,0.1267807274540883,0.216234512278778,0.012375534366650742,0.09167441718994104,0.22878175329621672,0.0315283442792832,0.08501996653474794,0.07056830059559174,0.05001975088205597,5,False
9,0.08226104050025697,0.13783037331365852,0.18773662961076276,0.010300385989846596,0.12477922232392719,0.25738593915839475,0.054053778864696644,0.045893677111080666,0.026343282813537046,0.07341567031383885,4,False
10,0.07992043136463023,0.10031258089267539,0.1593453379589387,0.0016555875126305231,0.09840444463177778,0.2703750782630627,0.05033443998487056,0.07188075220838974,0.07446302896864558,0.09330831821437868,7,False
11,0.0957295734768181,0.10703742290631853,0.18432065893703625,0.016212198517361526,0.1152722333519074,0.2626734278033202,0.047885890695340064,0.06555333996414345,0.0354066355219608,0.06990861882579376,2,False
12,0.09880769072685251,0.11130763201659279,0.18387397962803206,0.01728447541189099,0.10942696275381092,0.27854468867851373,0.02981963970185608,0.05382746570157949,0.041435972873880705,0.07567149250699069,0,False
13,0.09386401250776487,0.14033456662449945,0.1896439344339073,0.010935066472077893,0.10810280610470814,0.26947537198003163,0.036640826057197005,0.06025075331811871,0.034831065677498274,0.05592159682419665,4,False
14,0.0841642477041357,0.13110287957428293,0.170373042244944,0.011049768163917653,0.12532018149551513,0.2736857830242093,0.014781042607968767,0.04533999741440933,0.045752983894843724,0.09843007387577357,3,False
15,0.07763381780060691,0.11569755231780467,0.16824337857553467,0.023229756522981617,0.10293487937590542,0.2858741603912098,0.021878904752812626,0.04671314198128922,0.08631467326899685,0.07147973501285834,3,False
16,0.08710258280663376,0.1360841144971228,0.20754316864333477,0.013891368631487213,0.0991525992472323,0.27072162386650167,0.032060310521319996,0.05316361806383089,0.03200870042355461,0.06827191329898193,2,False
17,0.118251524066217,0.09643337102143827,0.1775801677210749,0.0,0.11046091257014991,0.31415837889981035,0.010056030189652508,0.037152416708319994,0.04055318891775693,0.09535400990558023,0,False
18,0.08168700435879112,0.11321277018445333,0.19838913375553857,0.02319888670660438,0.11931541449750631,0.2574398906574929,0.022097301486325712,0.06083451650463782,0.06237725240757502,0.06144782944107483,2,False
19,0.09399949406853683,0.12088445453402899,0.22172706019982266,0.02020377109752233,0.08363961497239954,0.2311202708244994,0.02303139280806274,0.08546366305903326,0.07399793438350824,0.045932344052585984,8,False
20,0.09622502816953737,0.13302844847414383,0.1821108176785064,0.01526729938352251,0.11821809241964872,0.2700841940545452,0.03783782709247692,0.05104273084524053,0.042755255250673245,0.053430306631705296,2,False
21,0.07392197991191446,0.11616878839032543,0.1917724336930058,0.020634292419873284,0.116132767731683,0.28480008158963116,0.0521574067451495,0.040037800424945265,0.047730631379547785,0.056643817713924134,2,False
22,0.06113479637588817,0.09278977420095792,0.15590881185385427,0.013251078018781491,0.11363208997688216,0.27835648681718894,0.04521660803623099,0.07664723415418202,0.08589130662015203,0.07717181394588209,7,False
23,0.09207194562457817,0.1268187787968133,0.15334875702005452,0.01051277682809109,0.11390447261775766,0.2785804913839911,0.03497366978979476,0.04729486533630155,0.048914830641248505,0.0935794119613694,3,False
24,0.06716558534032628,0.13534428886458483,0.19728678575662353,0.024503747676809632,0.10683027575910742,0.24987790521071085,0.02466982011615017,0.07565159730420569,0.059696127031177874,0.05897386694030369,5,False
25,0.09542942611624931,0.0987834703540386,0.16629712939387947,0.01798802728914387,0.10373782293829066,0.27675802022853985,0.05118739312573279,0.05464213129238593,0.05854626884415989,0.07663031041757959,1,False
26,0.0986148937785689,0.11148257095302039,0.22212737608114497,0.008109556212838263,0.0862442783032051,0.2602162668851588,0.010746260857443917,0.08743076052460691,0.05260870808793621,0.06241932831607653,8,False
27,0.10316925632453437,0.11193286184708928,0.176070014622626,0.014855726985490843,0.09863000388245244,0.2661387825080664,0.043975245249165185,0.04564645838929825,0.05302441390017178,0.08655723629110547,1,False
28,0.07966194471320663,0.12151987474202583,0.23719889977358,0.0,0.08460514482004712,0.24032221408578877,0.036813855733446976,0.09325603052681955,0.0697490249525876,0.0368730106524975,8,False
29,0.0713254640560999,0.11744348472464655,0.15895547094929488,0.03265338188220792,0.11589420176636597,0.28769394287774125,0.0320876140922769,0.04005930685154226,0.06292171372798257,0.08096541907184183,3,False
30,0.11219980545134697,0.09567754256828007,0.17824364655096467,0.016488844402987445,0.11101243358634577,0.28576295588499484,0.00660419868388241,0.06374359650778999,0.06314397122848141,0.06712300513492653,0,False
31,0.06788363993025924,0.12789940959619692,0.18672394457124936,0.019870721540417285,0.11274299338079304,0.2636538168678387,0.03474931823440789,0.03318499259416549,0.046005334074864075,0.10728582920980788,3,False
32,0.08454949813524801,0.13021121571774222,0.1645835181319029,0.012965845625333934,0.11562101463356178,0.26604435681874367,0.03796747262522024,0.03208678617043242,0.06792828210270457,0.0880420100391104,3,False
33,0.1115354853901917,0.09914741480723409,0.21412041413993685,0.011375650376413082,0.11734338466296457,0.2723565896030829,0.021517096658024516,0.03801842915209584,0.04411636065165623,0.07046917455840024,0,False
34,0.08875196513682247,0.09991026838092755,0.1832327614335375,0.0006744476790646756,0.10436183067928778,0.2831307944031828,0.023790576974539963,0.06687093342818251,0.06342495813244667,0.08585146375200808,0,False
35,0.07181583432569144,0.12550257783391183,0.20805005616575029,0.014670139433423154,0.09784316692877627,0.2645763371016545,0.04165470344058862,0.07472468529925201,0.05051646348640987,0.05064603598454195,5,False
36,0.055407109921777845,0.10056429688270553,0.16177514235534735,0.0,0.1262909039992797,0.28685133960622794,0.045488695635073885,0.07013867273720968,0.07203315209695273,0.08145068676542541,7,False
37,0.0821927939250347,0.14850378206304168,0.19083861104807873,0.010141516854980943,0.09734359590225235,0.24123585030297623,0.03815310988407601,0.06641735826088557,0.07328967198758554,0.05188370977108831,5,False
38,0.07265536833935338,0.11716849732087539,0.21515338076476717,0.0,0.105744952497994,0.24896918003517654,0.04814418957663045,0.06564991361295221,0.06949357515713046,0.05702094269512034,5,False
39,0.08397308237100579,0.10497099054867554,0.1779532771434052,0.0,0.09418423264895046,0.29355414274985925,0.03857288201898126,0.054351659355868234,0.052512897514524905,0.09992683564872938,1,False
40,0.07237611865937599,0.11398028593414622,0.1658807432054444,0.023011980806844193,0.09917135224865349,0.2886777560594187,0.02824098768893594,0.051739836328614626,0.06301444542779719,0.09390649364076933,3,False
41,0.08511971595539024,0.09261457433915082,0.1849517991881945,0.008054410541230265,0.13393530233436585,0.28876864483085707,0.022089686791983653,0.045003694083125594,0.056594703124787656,0.0828674688109143,0,False
42,0.08064373873353761,0.09308286977192781,0.14846259276602397,0.00535462839611938,0.1262283963050171,0.2898433509073949,0.028980247835373937,0.06582091925358947,0.08092125600537906,0.08066200002563668,7,False
43,0.09778133105205765,0.10517105790595016,0.1909189256955129,0.01588547938335046,0.11743372774287061,0.25927793531845333,0.0527828585648158,0.04798796555191145,0.045016876111599186,0.06774384267347845,2,False
44,0.07169735991302893,0.1464387237198133,0.20535238052805818,0.0,0.11189680319203367,0.2506607566808514,0.0365085151016433,0.06831874209735067,0.049093318618962066,0.06003340014825837,5,False
45,0.07111585278622119,0.12416857989102682,0.181017628094184,0.03550147836123139,0.09617012356114447,0.2599058112706096,0.03763623529613502,0.04278884998581603,0.05585961483625198,0.09583582591737964,3,False
46,0.08519282339500985,0.11327929353232412,0.1871340253356441,0.004503533428175905,0.1241459484286204,0.2653829189724962,0.038578194557978514,0.036022491206776946,0.0651558728750173,0.08060489826795657,3,False
47,0.0792143561768346,0.11405777535216868,0.15178479987861646,0.015407424277211045,0.1117674362744204,0.2841674014218559,0.039680559502179455,0.06915078081935751,0.05935257478463414,0.07541689151272178,7,False
48,0.08377278393255705,0.11519249777603122,0.17415670804068967,0.010565611018799215,0.08533861536306919,0.26656755023419115,0.04579834639675857,0.06590055081357436,0.054567080865723414,0.09814025555860616,3,False
49,0.08261454425751175,0.12658763660616304,0.1669979773973198,0.020498792520818977,0.11522338294686871,0.2716558512991021,0.059835702771121366,0.03731107923388083,0.053814775717205866,0.06546025725000752,3,False
50,0.08313206709639516,0.11451519168152084,0.15989992257691768,0.03649334034015645,0.10326636834014666,0.27119548053522763,0.03468644744711853,0.03145237689569514,0.08678887725231435,0.07856992783450759,3,False
51,0.07362970022247324,0.11358902685804369,0.1608003470455199,0.008660864367155584,0.11377079782105758,0.2848099059845979,0.03809896099123263,0.05195824808299567,0.0632495682323302,0.09143258039459357,7,False
52,0.08525461423271506,0.10978152755686472,0.18086654481848882,0.01161944681143332,0.11164571382031128,0.27881805447887875,0.02631544607085007,0.03091993432234832,0.07818952172530519,0.08658919616280433,3,False
53,0.08568730540037718,0.1323556077996713,0.17294285996936298,0.01603294574347368,0.11256631953089953,0.28513791381037484,0.03427604143520464,0.04076031171343266,0.04666968715151041,0.07357100744569271,3,False
54,0.09229742077891265,0.1267819423124371,0.1562955390095608,0.029338067834640186,0.11658921314900188,0.2554781826335467,0.037734862533800505,0.034002011350781916,0.06536193465868094,0.08612082573863718,3,False
55,0.08966106437025784,0.11519706792534036,0.16224021595292631,0.008455980206082679,0.1335018937715378,0.2625356011967379,0.03701440335160754,0.03881725252122538,0.07046788595708026,0.08210863474720398,3,False
56,0.09119909453086764,0.1081995172403646,0.16301987054475617,0.02187091188266653,0.11697988261150655,0.26134923739396093,0.045456398206441866,0.049690926068865805,0.06171615532427397,0.08051800619629594,3,False
57,0.10729824476858411,0.1144761521949573,0.1491521595737914,0.03249337483412805,0.1001625348891307,0.2559719870524004,0.054060404122291274,0.04236206562731545,0.06559964844998543,0.07842342848741603,3,False
58,0.0904239571537746,0.13487411314178965,0.17361791129057702,0.016086077065565245,0.09789294656031804,0.25726615477868203,0.055202243647271436,0.04533869068392724,0.05887171896334727,0.07042618671474739,3,False
59,0.07211473393316231,0.11741762987896666,0.1754825883999152,0.004438360290812672,0.10500097658172117,0.28566874559974986,0.0391208112148195,0.06636377260861849,0.045523585603758424,0.08886879588847565,1,False
60,0.0789150495428621,0.11422534990546097,0.18294798329948225,0.016846668252414192,0.1026344621275688,0.2943015191757178,0.0333198571045555,0.03801587508107067,0.06649815689016374,0.07229507862070382,3,False
61,0.0990530132082113,0.12856631455633652,0.1796122261370448,0.023079620203590494,0.09428622514485807,0.26429547519023927,0.03852653537731398,0.02700130424565929,0.08118383060616566,0.06439545533058061,3,False
62,0.0739656296778713,0.11198578828522511,0.17444270839289722,0.02254607135511433,0.1032381512066521,0.25123537310399985,0.05245703489118867,0.03673398168066904,0.0812154682564869,0.09217979314989552,3,False
63,0.07962842485511587,0.1302154080666531,0.17035896828337715,0.013865226058314167,0.12383900255199956,0.2744192373275594,0.03660270649718884,0.030081810558294377,0.04650070256252753,0.09448851323896998,3,False
64,0.06867987433981834,0.13088445602011595,0.16436443872275436,0.023068219861890595,0.1206495722452215,0.2716913264743637,0.02709091064258285,0.03313652434769476,0.0689423735229566,0.0914923038226013,3,False
65,0.09839713553861684,0.11253900558869194,0.16429331422977758,0.017735444889446925,0.11375017179150879,0.2779394575207842,0.041260010973662116,0.043045267170451575,0.055889753117789605,0.07515043917927051,3,False
66,0.0974591779425036,0.11684368752437486,0.16834848174438385,0.00768864408685734,0.11292505282461816,0.27411558201645514,0.035935150991739155,0.039272099934737674,0.05553136054451106,0.09188076238981924,3,False
67,0.06830452065012096,0.13119535498612941,0.19313035542278567,0.014398921120544158,0.11452092610161536,0.27807823123729725,0.03455031622400054,0.03459831247344459,0.05004642717804422,0.08117663460601789,3,False
68,0.09673149060404052,0.11484071570062082,0.15758724257161216,0.03410298079073791,0.11103025248825686,0.25364054488831017,0.03168007447187823,0.03864855326582034,0.04943881537865898,0.11229932984006409,3,False
69,0.08741858936065457,0.11383980571931782,0.16074620884142016,0.00428003161166243,0.1036605034281036,0.2792860010733757,0.04254610046691403,0.07069626515612541,0.05173817768435457,0.08578831665807175,1,False
70,0.0826718855467684,0.11103056885566732,0.17538117641591155,0.03540160661150792,0.1053597446240799,0.2809422188602912,0.033133236785604744,0.03811550378720648,0.0652593887233356,0.07270466978962681,3,False
71,0.10370962448066919,0.12997581947472964,0.18329847690051218,0.0037351468640042552,0.10259495904997944,0.2619002776622968,0.043523853718830774,0.05632794905145558,0.0374983563002244,0.07743553649729766,2,False
72,0.07904087959995233,0.11115167716879881,0.18373291382566134,0.019128603237575835,0.10427673517371336,0.2703438541483911,0.05197707603250573,0.04359847345690828,0.055605859433189866,0.08114392792330333,3,False
73,0.0647158079480511,0.11472121068576788,0.18609431978962582,0.03398661698726455,0.11216705043458033,0.25914307996884384,0.04528976913018798,0.0563148294529609,0.051699090184722934,0.07586822541799473,3,False
74,0.0921401200860668,0.12255446330285824,0.192437052367923,0.015193053154629934,0.08964657441827004,0.29144603007499764,0.030031626068230163,0.05775531850738786,0.0413018042616683,0.06749395775796795,1,False
75,0.10567728356168861,0.09948948433129003,0.16374811425022356,0.006794085798920255,0.11457861592570077,0.27314195495887494,0.04171803675945859,0.04239587834145351,0.06007336841770758,0.09238317765468206,3,False
76,0.08581287717472298,0.11251258156113872,0.18110586552693186,0.027078803104781318,0.09568698855123577,0.2918566145022417,0.0486846078136557,0.05308716108105138,0.03679771056185182,0.06737679012238873,1,False
77,0.091346565588005,0.1163113272830768,0.16476662611698406,0.018248026568622615,0.11830983029147457,0.23689441369861824,0.050779885367461454,0.04034109130784648,0.06056326363104849,0.10243897014686222,3,False
78,0.08644126533530767,0.12451411147373653,0.16155630836368973,0.012066822637503312,0.10497089765675383,0.2676007903639348,0.03229902306710571,0.0476862408737642,0.07150420215066883,0.09136033807753527,3,False
79,0.09917155281741269,0.11969070075986718,0.16462689717482018,0.017282409537863853,0.10413401090696689,0.2591552211245443,0.03414120332825413,0.041593182453529685,0.057711757186529655,0.1024930647102114,3,False
80,0.06525094052448538,0.10878927773187093,0.17421620096272084,0.0311379131606021,0.11256795073705425,0.26703928555116824,0.05429614568005108,0.04582104427351935,0.04949270836930516,0.09138853300922276,3,False
81,0.08017927418154674,0.1075674010564817,0.1728831003609756,0.024935962065105108,0.11089586354317234,0.2716624560624786,0.03458570351396297,0.053358535648589146,0.07074969777266925,0.0731820057950184,3,False
82,0.07055149864178194,0.11831913471996715,0.18858618647656597,0.01956558969423744,0.10906254767371533,0.24527564586307754,0.08150321460788404,0.05899043274128251,0.05400673404085044,0.05413901554063762,5,False
83,0.08625188051553645,0.125689482143495,0.19211290866618366,0.022099954869057168,0.08528326327239219,0.27786393861362735,0.025542306522597376,0.03277511170164131,0.05646157592268787,0.09591957777278162,3,False
84,0.08595490157567104,0.12181591510073335,0.16967757394761146,0.018835691052031048,0.10288917909518717,0.2656474252756253,0.04072045284879178,0.054160298470932525,0.057922902314382706,0.08237566031903362,3,False
85,0.09330293942885991,0.11859224850002927,0.15727654865105137,0.008956387890127048,0.10922672840756635,0.2671097886985127,0.05066105118430635,0.05294702359468162,0.051546543435161615,0.0903807402097038,3,False
86,0.09281012269058893,0.10875845198974815,0.18375906931314395,0.018483700358887117,0.09768905334475111,0.25241828837990493,0.04164818660017994,0.038507926517211404,0.08666377831003944,0.07926142249554505,3,False
87,0.0794173506754711,0.1349666192712379,0.1517254915507,0.03144163921214905,0.10944088370945848,0.26690438939550565,0.024775181956077842,0.045569150311547124,0.08227245111427063,0.07348684280358227,3,False
88,0.05153900569851828,0.12652184784157128,0.1857396000736227,0.013452613110111604,0.12497271727984738,0.26239712424525474,0.0355908381629466,0.038475576384244876,0.06708569693916949,0.09422498026471307,3,False
89,0.0871925663328325,0.11088563483929881,0.1577107873762722,0.015041403496880023,0.11618629982282767,0.28195828978412907,0.05488669227837552,0.059837562438863894,0.04803712523436851,0.06826363839615174,3,False
90,0.08154736563287701,0.12488007803689048,0.17127300843115326,0.021210033496147702,0.10581065774186593,0.2706073157109222,0.03954336074486355,0.032390325043438056,0.05960301843350821,0.0931348367283335,3,False
91,0.07061751015876598,0.12076828802903226,0.1593498276731022,0.022081824187627153,0.10284826788145995,0.2971841906080639,0.036189080202549885,0.03172888380381375,0.05727564569337833,0.10195648176220658,3,False
92,0.08271924444482391,0.12095565709554021,0.20579332693241875,0.02107770257194406,0.0934241468055753,0.2474724658680874,0.03878788918511582,0.05471784987664973,0.06977934558030063,0.06527237163954426,5,False
93,0.06522354208342514,0.1261657258110087,0.16418651531229542,0.02607415716171515,0.11520747840863438,0.2795999151496809,0.0499898220009476,0.03518261710468655,0.0693578506721624,0.06901237629544374,3,False
94,0.06646404619343493,0.13220504846298398,0.1763289245364626,0.019569561593660044,0.11874365634323124,0.26152133907447617,0.03734248492827034,0.03419528921000833,0.0754155396348727,0.0782141100225997,3,False
95,0.08257058112099823,0.11359105240947834,0.18163748688746084,0.02933093290268593,0.10418725739801576,0.2663951018044668,0.03038390657868189,0.03034131154170894,0.0770151912656702,0.08454717809083313,3,False
96,0.06096411185460726,0.11182974118521057,0.17268778494493373,0.027673318843316537,0.12196596463034863,0.286595467371002,0.02730687794176493,0.035426309767583,0.07129942301926014,0.08425100044197306,3,False
97,0.08691485068713559,0.10365376569318159,0.15781938727946895,0.01318259655515236,0.1270219024574662,0.28030198890245994,0.02790618026741963,0.05855230594369989,0.052254728507380596,0.09239229370663514,3,False
98,0.08888024495046505,0.1147673679371657,0.16612027883397937,0.005608135150175533,0.1084080867479378,0.2713487409455522,0.04344824184701443,0.048692000304246565,0.07043795303207234,0.08228895025139102,3,False
99,0.08712241820291138,0.1051805899471004,0.16948156145418464,0.018470837480555873,0.11589973612477766,0.2696131156755091,0.039525454470337215,0.045110392736415234,0.05909045614783661,0.09050543776037207,3,False
100,0.09899606374625124,0.11482905549144092,0.16861248592696096,0.02691942854978291,0.10776184215215227,0.2855649976605068,0.03604733642238132,0.027177496073550866,0.06828174090113508,0.06580955307583777,3,False
101,0.08968200563314763,0.1419787788830436,0.1569436436748988,0.024450155781392795,0.09865003427877302,0.24417525047284763,0.060706920989210704,0.037796128224143,0.06402443008590278,0.0815926519766401,3,False
102,0.0912642309928995,0.1295146184586423,0.1630615380142544,0.010962738640750536,0.11484145545684002,0.2479317130841477,0.04579582834760097,0.04876812144990208,0.0677853860789184,0.08007436947604407,3,False
103,0.08058341848206742,0.12319207775090625,0.16732544230629837,0.0028167100939199175,0.12356456951001853,0.27656983138022156,0.04231129918969543,0.0393977973063342,0.07202169429805737,0.07221715968248099,3,False
104,0.060185126266361036,0.11792788530643458,0.1733436957233858,0.026030906134225006,0.10793253685852547,0.2802815102242411,0.045810019990583234,0.06183353850335979,0.060049983643039775,0.06660479734984433,3,False
105,0.07776987514051385,0.11063482132729582,0.16150359773865167,0.03770801696467682,0.11504500154847119,0.2779766717167395,0.038997583949281926,0.0432222300347146,0.05465926310451815,0.08248293847513653,3,False
106,0.081455956825505,0.11508144691079424,0.18425299985553964,0.0,0.11031707797047816,0.2853918741295119,0.03372652619343118,0.05924783944684341,0.05094853208701384,0.07957774658088267,3,False
107,0.08828479506632453,0.10531405176244545,0.1775882558379672,0.02513780264033224,0.10885433608349003,0.2620983751094273,0.027769769158797423,0.04006722272549348,0.06697823232668634,0.09790715928903602,3,False
108,0.07530486711957353,0.11792214234820284,0.1642217599914969,0.03817240147651877,0.10921245608897198,0.27874922432261384,0.03870922771926348,0.026906167605559837,0.05645368634841421,0.09434806697938458,3,False
109,0.07515251500170368,0.12998758842732633,0.1701195206070417,0.01446706657434457,0.1135116741816432,0.2737376443590628,0.03152900627044364,0.038813238553279734,0.0537262245557383,0.09895552146941604,3,False
110,0.09311956003342654,0.12100804826571722,0.16836267699978627,0.0,0.09456716241365874,0.28008053316573905,0.03670338252384839,0.03259105703552852,0.0926487316604643,0.08091884790183095,3,False
111,0.07567449506867276,0.12152523359938501,0.17795731843676235,0.005647585880578991,0.09665520549602637,0.27343336004811963,0.04859440740028894,0.053544410259345296,0.0676394276556693,0.07932855615515134,3,False
112,0.07843968687960286,0.10789697657510164,0.17109679731684882,0.03841200432829236,0.11832425087959207,0.2716967151593654,0.03311479332978684,0.01875501684809727,0.06308152663933554,0.09918223204397701,3,False
113,0.08378012598615077,0.11876823191503338,0.180014033917696,0.010089377299625332,0.09730198003746142,0.2665096896646121,0.05160963512605185,0.03213168904217571,0.0710627621011331,0.08873247491006038,3,False
114,0.06841340864083968,0.10914999533663426,0.20235963820497146,0.016829532299406553,0.09711002525634282,0.271257285666515,0.04434220902432041,0.054213524208924446,0.06229252852613634,0.07403185283590889,45,False
115,0.06668766066004948,0.13568518549058012,0.19135139634815165,0.028194988833156197,0.09405775275214572,0.270027755607888,0.024517904933352142,0.03605348298275327,0.04853575441774985,0.10488811797417358,45,False
116,0.06702614041671519,0.09416974128194014,0.2016603202883652,0.013329832500532745,0.12052122854928606,0.2756614171683241,0.03734336390804257,0.04898847504913645,0.06520335526115872,0.0760961255764989,3,False
117,0.07728830847140951,0.11037708816614498,0.16679819071161067,0.03654146552969141,0.09406709134898554,0.2705532433524201,0.03857066388362287,0.05824759847681122,0.06748332705132393,0.08007302300797978,3,False
118,0.07812449783112335,0.1101523121824314,0.17770496227317856,0.01757209045715582,0.11655916603021171,0.2827543210846822,0.03159424911846093,0.03828578338927879,0.06353888082925378,0.0837137368042234,3,False
119,0.0659229574069032,0.1299059551918568,0.1852325758473692,0.03141563349571708,0.10739484484566986,0.24587442593326309,0.03910681315503091,0.03996140204394686,0.057301383758362315,0.09788400832188085,45,False
120,0.11592664996868056,0.10108059237795271,0.14774906054309275,0.01401052260184278,0.12874076396259485,0.26062665143907693,0.06731721404470388,0.02226501746258472,0.056473019150163055,0.08581050844930771,57,False
121,0.07902944137738512,0.12808236559711964,0.16440818788258965,0.017939984329626707,0.10608766190741815,0.2714870273140507,0.034598141003848254,0.04000085248839249,0.07369931283855959,0.08466702526100973,3,False
122,0.09484023434546111,0.0892005048681695,0.16457536793424898,0.02789886510518901,0.11077319921474812,0.2545137468523143,0.055247989399626295,0.038819459569676924,0.03767235572572823,0.12645827698483758,68,False
123,0.0910383302954905,0.10882866700624709,0.17028823784277053,0.007837219387152526,0.1155662207535019,0.28020231062496326,0.04595070597845339,0.05599578845270568,0.053475765798076266,0.07081675386063882,3,False
124,0.07681678627222699,0.13456530249749188,0.17304905933035844,0.018850111233530382,0.11411264361291831,0.2684739931110827,0.0363553313606005,0.0391948087193344,0.06972653285240688,0.06885543101004954,3,False
125,0.08810365725782253,0.12347335374030731,0.17323479698085323,0.004131471567986739,0.0985312551062521,0.2657262879871332,0.03743204539533137,0.06020374017832245,0.06621283588351576,0.0829505559024753,1,False
126,0.06396887704638701,0.11883198368693497,0.17679508072336864,0.03456291126787743,0.09609538899850589,0.27299829455640523,0.04492459774051312,0.040609170717404976,0.0536787544951564,0.09753494076744627,45,False
127,0.08206547129936557,0.12322774219266504,0.18505593891991415,0.0057691201840968966,0.10312406062737135,0.2718626877636359,0.036442784523585424,0.033313252415508456,0.0760300696937787,0.08310887238007846,3,False
128,0.0929240313826207,0.1245334461397994,0.15977136469750264,0.006784949589930556,0.10696145471649016,0.2805562232807659,0.02471720390468157,0.07489102491296531,0.059201824498068906,0.06965847687717494,1,False
129,0.07095145333476752,0.12318948736888337,0.17947972582374877,0.04266848646041734,0.10939240766153215,0.2578136233446525,0.03637765206141811,0.04209153506516614,0.06166723671089074,0.07636839216852324,45,False
130,0.062417510101775805,0.12460650491413679,0.18919203366620502,0.0286509557318814,0.0882656834828708,0.2690339443105956,0.027646575394289413,0.03742567110348977,0.07499788950606155,0.09776323178869373,45,False
131,0.0654622240703823,0.12344789687803631,0.1985705682020817,0.019667290865609335,0.08885819452491586,0.2622122458698902,0.03115097578583901,0.0472786488785736,0.0737108956170047,0.08964105930766696,45,False
132,0.10139090795705508,0.09997514344720164,0.17274217900509523,0.018105100781300787,0.12370794180806985,0.2747683065691635,0.027632051414684135,0.04500697058825329,0.05580672558970807,0.08086467283946844,3,False
133,0.09248204108574258,0.10464504889839409,0.1750249538294012,0.031220108736970308,0.11320759924845507,0.25425398820217104,0.05219461994182834,0.025494307742466565,0.06499144078338638,0.08648589153118451,3,False
134,0.07313219302437735,0.1209846900588349,0.18468844621630548,0.03593574153959965,0.09805759031033437,0.2648125492626408,0.039691311070809476,0.033793295298808965,0.060938893302990675,0.08796528991529842,45,False
135,0.08353352662781657,0.11896641654408212,0.15304533378821353,0.028363428031233248,0.1119258760377609,0.3043655091844809,0.029018155993067955,0.032457332882016764,0.0573219774679979,0.08100244344333,29,False
136,0.06555903539861498,0.11250383545984577,0.18272339336230256,0.030562316981360332,0.1060469282532703,0.2621982860056481,0.0543097556786124,0.03872242077446654,0.04560447886207532,0.10176954922380368,45,False
137,0.08468652526776356,0.10163209610800338,0.18396808925035799,0.0246060883187204,0.10818978942015084,0.26148839157405945,0.03366979549756618,0.04798051371103104,0.07767700800034089,0.07610170285200636,3,False
138,0.07215832393358187,0.11408278780426546,0.15601210646371588,0.04329744403187763,0.10462073964964845,0.26790444643605255,0.03758573376335065,0.03347867964115477,0.09683495724505979,0.07402478103129294,50,False
139,0.0628100835305612,0.13668682012250347,0.1726979510358732,0.04967207581088818,0.11040595863945157,0.2578137104213585,0.04209387513242947,0.0367518161148759,0.04825330784803473,0.08281440134402376,45,True
140,0.08520047962713846,0.1273959435751813,0.14533658589001738,0.03331537004725842,0.11009410490499744,0.2530718126155617,0.038820374947552,0.03628215716437329,0.09804111113261929,0.07244206009530074,50,False
141,0.06619666258048096,0.12928773760458573,0.17692917009175815,0.03052069476239123,0.08912886461601592,0.2652979985528659,0.040619902668296376,0.0416272917567617,0.06209565160442761,0.09829602576241646,45,False
142,0.07773891892203719,0.11227622598917404,0.16693600025064645,0.049217221400851274,0.10121155219392194,0.2504006411991577,0.03892235878733182,0.04705383344121673,0.05923822675741465,0.0970050210582481,45,True
143,0.08128233335315752,0.12120368339301572,0.182342326216581,0.03675567641322825,0.09706389958336659,0.25039970884376406,0.03130472718829479,0.046103064824358976,0.04064609162504484,0.1128984885591881,45,False
144,0.11447584191872952,0.11893546918130014,0.15122618457373235,0.019448621860425615,0.0825209293192094,0.2773810737986007,0.05973025516442516,0.027502740272043334,0.08116675039396894,0.06761213351756487,57,False
145,0.06282197303236986,0.12584470763852781,0.17020877693583206,0.03470870742224967,0.0989740150840358,0.263459430406161,0.05973267930258067,0.03671111291033058,0.05413978845012065,0.09339880881779195,45,False
146,0.09039201009880919,0.13279310334019187,0.17057856683056016,0.007813442347069596,0.11181938742899548,0.28594653158503186,0.041316925283730106,0.026115946855513134,0.07118571700416972,0.06203836922592897,3,False
147,0.06172273896029465,0.13200324849913456,0.1826163282450311,0.03716887685832663,0.10192470526737916,0.26316997853441215,0.04016558004832472,0.0453157466312741,0.047416458885765754,0.08849633807005726,45,False
148,0.07986521557086378,0.1150473762015149,0.14639493979993687,0.01976443900444303,0.10514112649729525,0.26546366223584394,0.04418883861721798,0.051051530086342736,0.08500466996582758,0.08807820202071401,50,False
149,0.07778257712519547,0.128488252963528,0.17820484753968613,0.04367208205552749,0.09546280649337506,0.25476443581419994,0.036064318927217155,0.03659237755925544,0.037187445218826484,0.11178085630318887,45,False
150,0.07523574219918176,0.1302471684122868,0.16909397632768944,0.019176371125362534,0.09114883681778589,0.26090454520740297,0.03920181226040104,0.048426132967617594,0.06899902105797541,0.09756639362429649,45,False
151,0.11530252026692832,0.10931934260581327,0.1496258047180182,0.04268509061737088,0.09815145725196588,0.2529406752033241,0.049185048512439,0.041978288617641274,0.0627658878236683,0.07804588438283082,57,False
152,0.096339755260254,0.1118819551225787,0.14717412089514953,0.04478767137339534,0.1047067497781703,0.25193467251997254,0.05686894501864653,0.045813773654162,0.06346701081168249,0.07702534556598864,57,True
153,0.08375491553440238,0.12271140443489065,0.15861819035791086,0.0364455850382248,0.08965316242995032,0.27348921338236193,0.0429129917642185,0.04092157951478532,0.031624281379782265,0.11986867616347294,68,False
154,0.07121053233514348,0.12981365906163816,0.18580619634081363,0.03764481381552083,0.09352891970547662,0.27090871680426454,0.02616951631248505,0.03043708851212586,0.06903477531786223,0.08544578179466951,45,False
155,0.072072332065973,0.11566725811739487,0.18908599541821125,0.02786569738718265,0.10560596606008485,0.2758361550944056,0.05035086295017839,0.014260087711700333,0.06721378627311518,0.08204185892175382,45,False
156,0.08867631355991659,0.12135842012853307,0.15942848292915238,0.03941481998475195,0.10659177404768803,0.26252020771333245,0.036256800888187904,0.03429834312587858,0.07998181010416738,0.07147302751839171,50,False
157,0.08606224538652148,0.12589006003391326,0.18103466549876718,0.019753746176443942,0.0893930573794984,0.2635527800954964,0.03781887939613539,0.05518467224904272,0.04406277179693943,0.09724712198724182,45,False
158,0.07195629450239256,0.12242290925600209,0.15957918810521407,0.050968521802316764,0.08615733023108374,0.2919009357448958,0.025569729640067117,0.030438971818570373,0.08963278438095178,0.07137333451850573,50,False
159,0.06477152060159616,0.11358925429135326,0.16202722208539788,0.04530113874990164,0.10497030900147573,0.2718758048929401,0.02740536893199665,0.035047720518302454,0.09914977795440047,0.07586188297263576,50,False
160,0.06837382955296929,0.09961114652626955,0.16933289654029085,0.024592286238290236,0.11326904470028863,0.2893611873606852,0.024929821397201644,0.04979271910978643,0.06292131112518735,0.09781575744903076,29,False
161,0.05634718223756132,0.1352306401161506,0.17520333711396507,0.038516609638036964,0.10193821875909644,0.2613380048836229,0.03419610340092057,0.032538112589700074,0.05186798963288732,0.11282380162805886,45,False
162,0.06943871121463166,0.1320359018533538,0.1680562787555934,0.046673648289162595,0.08497903989610205,0.2614217809558479,0.04591478183100527,0.04077144128817127,0.04539759783208712,0.10531081808404504,149,False
163,0.07833769582158875,0.10860924812424341,0.18375786141937633,0.06019422112413651,0.10596205678652185,0.26883275068898865,0.02805012815387896,0.03869525179537742,0.03984197930157446,0.08771880678431361,45,True
164,0.09461364464089571,0.10956606301984326,0.1678289460128499,0.010847674132271745,0.11900948678691028,0.2751890146213262,0.03887019434867989,0.039993649665762306,0.06724098262984896,0.07684034414161175,3,False
165,0.10029455276865391,0.09953636995309163,0.1750550472772235,0.009995156364313708,0.10078828966012782,0.2898191551285517,0.029057801887215223,0.044384010014502664,0.06474806216184688,0.08632155478447304,3,False
166,0.06259384717247755,0.1396717168686543,0.1777898274439027,0.025513290048883155,0.0967194245477648,0.26957627387180616,0.030824980660707758,0.049299324239421315,0.05802409772437571,0.0899872174220064,45,False
167,0.08370364492694939,0.12985067979280812,0.17881551777100757,0.024334334105680196,0.09671608631515133,0.26275932072331604,0.03293429275035724,0.039481829324620785,0.04566753475864422,0.10573675953146495,45,False
168,0.05020001332426047,0.13235958446840096,0.2056284933561604,0.02278865396981175,0.0897167645665512,0.2560116670935164,0.037078574698302946,0.03512187773766515,0.05937007244065573,0.111724298344675,45,False
169,0.09059053367485373,0.10807088295297645,0.1884447298457379,0.04663852298157331,0.09187777211027559,0.24101222577027268,0.04842235297965537,0.044289470545165535,0.038624110376924974,0.10202939876256445,45,True
170,0.06222702088909721,0.12015135061888091,0.1807805935454312,0.0344988190511765,0.10168626486823781,0.2555475139353617,0.04421601819869271,0.048131535506125186,0.04577760660516137,0.10698327678183543,45,False
171,0.08561774625301811,0.12442077700961285,0.17438432374652438,0.03609267966995508,0.09169477845478524,0.25020202192312313,0.04926690226230795,0.04504100506383247,0.05406915609224459,0.08921060952459621,45,False
172,0.09493307272730823,0.09820007958233068,0.1651988849943036,0.03637346218028153,0.11513977774776135,0.2646296798686293,0.04792692009644191,0.027811492913655717,0.07850629808308526,0.07128033180620237,50,False
173,0.06713114490680255,0.13787387838156653,0.17360255411925593,0.032061616494691574,0.1011881243261214,0.252155929557789,0.04952735494225779,0.04223860858870821,0.05612042806030348,0.0881003606225036,45,False
174,0.09427703041543342,0.11867728678492794,0.15593098492544308,0.05383640338505816,0.11493447923675967,0.263114092921147,0.028775534266966565,0.05072089921661961,0.056719261403289555,0.06301402744435496,29,True
175,0.07496527961550993,0.12005030264844628,0.16336608383598086,0.0285578690330042,0.11505257337287318,0.2558557911126956,0.05997973396730694,0.018065551339855507,0.05579842376000496,0.10830839131432246,45,False
176,0.06089304855500632,0.14448813593798174,0.19633286331648422,0.02823585326667983,0.10462516594989901,0.25392671712203513,0.023623229636917636,0.03568570430558452,0.06601909810704364,0.08617018380236798,45,False
177,0.061153992513373105,0.11713136978561917,0.16966488038135066,0.017688348255955742,0.10705461311924364,0.27114633598594196,0.03518680605774676,0.05664103967868529,0.05718643968528932,0.10714617453679448,45,False
178,0.06081886876778656,0.12078010235202939,0.1946606179896953,0.0409980977565492,0.09305923130910479,0.2773044078306556,0.0329844858750318,0.03636666848475318,0.0381351591495812,0.10489236048481305,45,False
179,0.06662407323359822,0.13529823825383244,0.18675837060374184,0.03944952203703717,0.09395382268795884,0.24215035668177196,0.03706333112797565,0.041347113702703935,0.06302599569070329,0.09432917598067661,45,False
180,0.07072424203951255,0.12770975402378237,0.19864680325787745,0.026233115786474602,0.09440308435593359,0.24298320425494158,0.0434308783892634,0.037855571946312214,0.06649046177662879,0.09152288416927341,45,False
181,0.07457807993366673,0.11137221389279012,0.17977828139619068,0.03796754902021347,0.10938398396869653,0.2649599963802745,0.035952205248317874,0.033258407271636904,0.0795653196184156,0.07318396326979763,50,False
182,0.09174971156073594,0.10535341442570384,0.17194868685194512,0.04397593451093181,0.10378454198633331,0.2838180882509916,0.02854596070576565,0.011872406360391718,0.08186633065200567,0.07708492469519534,50,False
183,0.0891682565322683,0.10806410385616289,0.17243665121663557,0.027425922473252682,0.11333133643193592,0.2544467571655344,0.04151504949678231,0.04379916725740228,0.05957555825334555,0.09023719731668019,45,False
184,0.09218011669279652,0.10177125627387584,0.16854082945151388,0.039121140786331485,0.10972766245170959,0.26077283172572735,0.046230770596746656,0.043042774220414304,0.0653224398692491,0.07329017793163527,70,False
185,0.07468677445707464,0.13441532509780335,0.1709546210660831,0.051325897630730005,0.10236306875149857,0.23654822906580092,0.041643234525306924,0.031508744082787685,0.04452584940261532,0.11202825592029945,45,False
186,0.0801525117111435,0.11798350364221702,0.18827055423750316,0.027815685951407737,0.11712304949284845,0.2556862388490483,0.03223861244069354,0.047089818600667625,0.04841108294151985,0.08522894213295086,45,False
187,0.0852485681572917,0.12772643419568938,0.18177433924183545,0.0227237470994978,0.10626325570435259,0.26257184793600036,0.04367815443877055,0.030651858707963803,0.06439859741870596,0.07496319709989238,50,False
