ID,strat_res0,strat_res1,strat_res2,strat_res3,strat_res4,strat_res5,strat_res6,strat_res7,strat_res8,strat_res9,ancestor,alive_at_end
0,0.0694169424084384,0.00604842331290781,0.1014807108128978,0.22208401128363792,0.020809238046935706,0.05102107765080513,0.21268325948328032,0.2562205236082029,0.036088559971959706,0.024147253420934277,0,False
1,0.07849622727084447,0.007905157140598671,0.08787263958171915,0.22434325221879464,0.01653331804038337,0.06689052246549207,0.20709804605272206,0.24110233278608084,0.040562660575960974,0.02919584386740379,0,False
2,0.05315229761050966,0.003021391273489324,0.10591776615626027,0.22479988788685004,0.015571584658977344,0.05056666791545916,0.2110327688916725,0.2616040369961801,0.030804655745898815,0.04352894286470284,0,False
3,0.06930102298358615,0.0025261762871566437,0.10096858904648841,0.23086782815229195,0.01936278196100171,0.07356809421525906,0.21223647329990478,0.23634232777059683,0.03150693344866896,0.02331977283504553,1,False
4,0.09204884980448472,0.0,0.0830758652202195,0.22896608585109254,0.006718467369416706,0.06325072551146697,0.2073596986212885,0.23255115333073165,0.05486471167969997,0.031164442611599317,1,False
5,0.0979396207046216,0.011303779197175092,0.07696089236884046,0.2057969829320435,0.0,0.07310363258545892,0.20753482687812122,0.2264954931447184,0.05455198514206465,0.046312787046956204,4,False
6,0.05137669302008813,0.012468467009822199,0.10481504165619998,0.20708665083131625,0.03276612032573568,0.0442054434117112,0.20923696677884354,0.25348666399908454,0.040267623943971036,0.04429032902322731,2,False
7,0.07695793437616855,0.006220360591086121,0.07608841329118785,0.2188856775272404,0.021947298409452955,0.07099280156559805,0.19975858046099607,0.2457114727577961,0.03982903436446105,0.043608426656013034,1,False
8,0.040322904977459766,0.0,0.10702279758455042,0.23879142966060768,0.02428889727870725,0.05498833066083402,0.20271812514702608,0.259253233532498,0.03324352779497643,0.039370753363340484,2,False
9,0.05226217068316671,0.0029760817029964343,0.12510152477531136,0.21174453947312033,0.013063711905711692,0.05304266171367064,0.2274768162055664,0.2493566294860421,0.047159478439789446,0.017816385614624997,0,False
10,0.08559454429398448,0.01333061676217611,0.07776907992141571,0.21400980297069178,0.015484940682579287,0.07438178522262211,0.2091575248995511,0.23690367471678114,0.03365779359590872,0.039710236934289656,7,False
11,0.07762332567833427,0.0,0.10938070586528242,0.2262550351207087,0.0,0.044224961795203126,0.23181347565397792,0.2539471437034098,0.038116916846902056,0.018638435336181716,0,False
12,0.0885998539738809,0.0,0.08769458209986257,0.230039193417732,0.0032836368973575654,0.07751495217195525,0.19823481684514405,0.21568661118936258,0.06465650900244733,0.03428984440225801,4,False
13,0.08258031675984054,0.0103092919320872,0.0587003385050354,0.2251104035368935,0.023248954898284414,0.06679705967432727,0.19122188303231602,0.2503583504134981,0.04578873965169264,0.0458846615960248,7,False
14,0.052528213139622235,0.0,0.09514206081283726,0.24475827956408974,0.021735356870571553,0.03446705222056614,0.2130924366943043,0.264888299479102,0.034212290450482866,0.03917601076842395,2,False
15,0.07586942167969808,0.004965507201534238,0.09989413838606723,0.24360552284333528,0.011512883299301996,0.0677979711633097,0.20899266516447548,0.23342741645326465,0.04491015430682437,0.009024319502189007,3,False
16,0.06868560836608184,0.0,0.08214765753102952,0.21927688175208437,0.008414383095665163,0.06571352452676,0.22518439807931923,0.24882180798201378,0.045176276247982296,0.036579462419063735,1,False
17,0.09072141310727885,0.024359919882172378,0.07851727017733297,0.2208473702984711,0.02408867443662141,0.05504036951596776,0.20149894708432345,0.24644237835286675,0.02946318630053006,0.029020470844435126,1,False
18,0.07331351596351118,0.0,0.07006533441933518,0.2093272811207774,0.025821725847093017,0.0719837273682345,0.2209617182383222,0.25057468025368523,0.03434140443469774,0.043610612354343596,7,False
19,0.11525946452682853,0.024446955151958997,0.07229494252496678,0.2111552603373488,0.015931429834603855,0.05185005486086794,0.21116810283949264,0.23527480791666966,0.03129152699544356,0.03132745501181925,10,False
20,0.03481007024457691,0.0,0.10809521040248032,0.23296138258623855,0.016984776013170014,0.05987345815487137,0.19578691226682646,0.25955395566172146,0.05080674053585127,0.0411274941342637,8,False
21,0.09178047885647614,0.006392349709044605,0.06511830937371497,0.22702589603877116,0.001563441662001958,0.07209201458948386,0.21904315792412438,0.24989967053682072,0.02966434354264425,0.03742033776691803,1,False
22,0.025954666009262068,0.00812141796373659,0.1191214362050042,0.24463573728847982,0.020584140842254465,0.05924163408939386,0.1937344731760955,0.2423849327195663,0.0410000567979859,0.045221504908221494,8,False
23,0.06879318013373381,0.01431883307291537,0.08685905752348166,0.23626745890222445,0.015144592549438353,0.07826753314984049,0.19259611404539376,0.22199234637667575,0.052169624454589975,0.03359125979170633,1,False
24,0.08078002065978741,0.017425479246444442,0.09075672063628161,0.21749107901867634,0.013327100339759736,0.059710864279124115,0.20502135602284133,0.2529707308571198,0.027828313989268532,0.03468833495069666,1,False
25,0.030912635592137732,0.0,0.12671219182955246,0.23244867772873756,0.03609574520859928,0.057992781518611744,0.19913977242815425,0.23238203906554006,0.03395936370343616,0.05035679292523073,22,False
26,0.05529422253395895,0.004156512830607112,0.1216426771995778,0.20768191904460961,0.002964566034153771,0.04319703719744977,0.22782626425181077,0.26905815936015626,0.036260842239175764,0.031917799308500285,2,False
27,0.06125271899608748,0.00773553308298243,0.10233634343588421,0.2285568100308151,0.026122628436825966,0.0684697851944751,0.23153063801511556,0.22535031917693618,0.025646381976193667,0.02299884165468423,3,False
28,0.08516380458956768,0.0,0.10500464738596461,0.21782773217080978,0.027238992979841097,0.06444842590163612,0.20797592415185176,0.2447972740495574,0.03446988469964919,0.013073314071122206,0,False
29,0.05895879695826128,0.0,0.09068360844574165,0.21271814622576557,0.047448258707498824,0.07400510816193845,0.1985262850525421,0.2306692876195235,0.029108637973655694,0.05788187085507296,7,False
30,0.09132954909492343,0.0,0.07956259305045361,0.2427649678392408,0.0,0.07278657691747874,0.21068421114639785,0.22415206772654434,0.05605035293382687,0.022669681291134572,4,False
31,0.09878311009711542,0.008254112127675746,0.07671522685473608,0.22233083460658243,0.0,0.06323544237283062,0.20590033924790652,0.22237899658492552,0.06953299408167286,0.03286894402655481,5,False
32,0.0609392612647801,0.0,0.11414407679609961,0.2320315969632423,0.026751250554555434,0.05966523854378511,0.20610049776822006,0.23533073568997884,0.027411633517775813,0.03762570890156271,3,False
33,0.056022897752932156,0.0,0.12016462046531212,0.22058629873319163,0.02828165462919967,0.047872977708261905,0.19164476571218522,0.26419546951601364,0.033462054133889675,0.03776926134901385,6,False
34,0.08656158642759743,0.0,0.08244877092555394,0.22596432465747254,0.012762749959410728,0.07474099627516771,0.21484986589879687,0.22826135320579122,0.04881962168592163,0.025590730964287944,1,False
35,0.07716995620370569,0.0006287447188567946,0.06544615439519666,0.22941186462591034,0.01973961405766021,0.07245018410125036,0.20305936308192327,0.251344456606787,0.03976892193518012,0.040980740273529694,1,False
36,0.05572047630056913,0.01960111592645862,0.11335093587224014,0.20907580049558666,0.052593191380511176,0.03938254402583949,0.19785374384302287,0.2576768111974993,0.023755770153954504,0.030989610804317887,6,False
37,0.06460127278944987,0.0,0.11994527458699426,0.20917991746232742,0.00213426905076632,0.0568687421691613,0.20706238328115048,0.2670928826821769,0.03889832551030307,0.03421693246767044,2,False
38,0.0739792644316064,0.026195012521423904,0.07522580847308272,0.22343067694265503,0.026469235319605284,0.05976395143336037,0.1979824658881386,0.25567600735175666,0.043286919754791785,0.01799065788357909,1,True
39,0.09779441467365539,0.0031647992020187488,0.07045747530490841,0.24412395083736727,0.0,0.043022716300223744,0.20605913589972558,0.2438759165967091,0.04960697014901183,0.041894621036380024,4,False
40,0.05690042342391387,0.0,0.10431457575961323,0.22766232994158667,0.011147580156831233,0.0601313090697485,0.2083533506914211,0.2674883779864066,0.022852012306015572,0.041150040664463185,2,False
41,0.05476717022760101,0.004588856011432137,0.10844029387754912,0.20243720317586175,0.01466674722227699,0.07034857288803797,0.22284635034438752,0.25204365613386137,0.05564260351486464,0.014218546604127512,0,False
42,0.050743385624631016,0.01790650908114286,0.11423597594703237,0.20110006020156415,0.030814545280248528,0.05614629844475228,0.19559327093969284,0.2367358565921772,0.0428494690173558,0.05387462887140293,6,False
43,0.04967691925411415,0.01782083375031566,0.10454357501593302,0.21359915754493664,0.023306284013479332,0.029837242729528896,0.21438159475898172,0.2796959873896452,0.021231319774858464,0.045907085768206936,6,False
44,0.0915531861371783,0.013176511676455336,0.08277501365004696,0.22535814118149977,0.0271665409951007,0.06673913632836569,0.1945445524683693,0.2351118829117857,0.04015156894710623,0.023423465704092143,1,False
45,0.04860850571339171,0.027577450162225448,0.10488980537438951,0.202058594521278,0.04367148419285053,0.03970188210943729,0.19189007217807866,0.246845354007076,0.04448424377483801,0.05027260796643475,6,False
46,0.08103865621040793,0.009962064587861278,0.08755439509833604,0.22253428277448375,0.010473996554454823,0.05374864838853914,0.20621037475245863,0.25001271047953955,0.05514310845505826,0.023321762698860497,1,False
47,0.05439045441972198,0.020852165334278718,0.1123315007249988,0.2012460487515721,0.024437294829824915,0.05251685322072867,0.21341037957201134,0.23907481249578394,0.04442595136678446,0.03731453928429507,6,False
48,0.04029095051707001,0.016703337626016727,0.08585695893173714,0.19395291766859168,0.040449403960690224,0.04777824653755827,0.21288791525241538,0.2775290185881869,0.04838719846899323,0.03616405244874051,6,False
49,0.07180582400828632,0.004549818307123662,0.08992551003060163,0.22401684622632995,0.015692315530732442,0.07620812108701785,0.2243613443156422,0.23199908154502757,0.03176233226878399,0.029678806680454466,1,False
50,0.06219524016017838,0.011451655761040952,0.09673524524054254,0.20550215016299694,0.03540657929667377,0.050040327320981404,0.2099935408419287,0.2531924102743741,0.02695379556556215,0.04852905537572085,6,False
51,0.053268445383212154,0.009907137852602246,0.10160280378511514,0.2046338835705191,0.0250532389743367,0.05356559983585947,0.18348437235227352,0.269708908997201,0.03356897561542371,0.06520663363345695,6,False
52,0.09746652061831393,0.02338679001744255,0.0712486378317507,0.21091155820187107,0.0,0.0751752790625532,0.2058149201902876,0.2215012313975534,0.048972597347403474,0.04552246533282391,5,False
53,0.048269632169185755,0.014488194149511432,0.1045680991687682,0.19712707048910083,0.036932890528416716,0.05196988009298737,0.2122889549335962,0.2645057832910842,0.02467879699519342,0.04517069818215582,6,False
54,0.048423221830692954,0.0,0.10303838781399251,0.22226432219217582,0.019066964307028728,0.03676763971032607,0.21712448067514128,0.2840817049993145,0.054787648338768064,0.014445630132560124,0,False
55,0.088918761642951,0.0016568712186943513,0.08872651508405101,0.20796350694445795,0.035505561718879156,0.07190403473920261,0.2039721293539259,0.23468537871415368,0.0279931903889007,0.038674050194783635,7,False
56,0.04920315500145166,0.003246296381640175,0.10013566727115734,0.2277988615490253,0.016881930686300294,0.04831313929507008,0.20216756316916099,0.259256516126648,0.04304500204061252,0.04995186847893373,6,False
57,0.03832205307596612,0.008190691639831058,0.12090901628381992,0.20848311764854158,0.041287124503332856,0.04244468080331179,0.2293568326316775,0.24834773838600668,0.026629928675839465,0.036028816351673015,6,False
58,0.055209312008935876,0.016010267033374933,0.10415510741900487,0.21995305928154552,0.030473517476320752,0.031524784043315414,0.2001478256839413,0.24626621341222685,0.05575089309197056,0.040509020549363985,6,False
59,0.058795324152382325,0.0136583044731869,0.09948276714408322,0.20135993946577455,0.028013773286724244,0.0690902698729905,0.19903683083641485,0.2536253479099455,0.032676647285482974,0.04426079557301492,6,False
60,0.059591326974304866,0.010810524883629213,0.11435458341567155,0.2031476434966922,0.0422284867935003,0.04422438348817392,0.1997357499426355,0.24409025498876455,0.03910957188892416,0.04270747412770389,6,False
61,0.03086813213317238,0.020629753066132895,0.10958340780849649,0.20165799013710511,0.04079618874495439,0.05715299110455791,0.21309183216217586,0.26289535569352407,0.027957171483621094,0.035367177666259915,6,False
62,0.05272494621483453,0.009640206103623506,0.10975091323453069,0.20615256511238755,0.03865771034205041,0.05534132870732553,0.19123134311785064,0.28442621894670395,0.024556120266886066,0.027518647953807145,6,False
63,0.046257216043017545,0.010007479533212835,0.09100532798334732,0.1947641841891209,0.04178255365009305,0.04572607298537841,0.2012926286574435,0.25444578870727624,0.0431364776809661,0.0715822705701442,6,False
64,0.09653777321747153,0.0,0.09359919984249206,0.20791831968867996,0.0010363945870976033,0.07657405958351904,0.2227631830281088,0.20728023930830558,0.05695833069717093,0.037332500047154625,5,False
65,0.030273167446505114,0.027958790621258434,0.11176519913063632,0.21555429659817546,0.04598440527331242,0.030627482807940587,0.2162666308070749,0.2471960321479244,0.05523933485168138,0.01913466031549095,6,False
66,0.04817329315177202,0.006869734939033728,0.11040496809292846,0.20593250226177912,0.02742250527453772,0.04614315826184646,0.23411181518820232,0.24765623740406453,0.03186374299664438,0.04142204242919122,6,False
67,0.04193816678338257,0.006957843512532766,0.09971162982297743,0.20603998851861893,0.034050058077114434,0.053598523813484775,0.21531928898162206,0.26853724394612255,0.039983985346995404,0.033863271197149054,6,False
68,0.05459969889742622,0.011865649866674733,0.0979452965060508,0.2084981793383129,0.02470906000755,0.041309931338637695,0.22209588758052812,0.2694790424832283,0.03192050311700036,0.03757675086459079,6,False
69,0.049463837502819574,0.011578952719024168,0.09276868393967291,0.20207523259463164,0.04155662847657081,0.030556957947550548,0.219289605879069,0.2776343221543407,0.0344672195809296,0.040608559205391,6,False
70,0.04288229843310227,0.014257367012075865,0.11628286532273942,0.2009582225842332,0.03725400901342943,0.04533750410949125,0.20690101788845955,0.25810284538989536,0.04464839810883551,0.033375472137738095,6,False
71,0.040632834770938354,0.017949975625884636,0.11464285968513081,0.20424810243338654,0.02202972630966671,0.04190662831455164,0.21466217851160857,0.2737637819144321,0.024171030355983242,0.04599288207841736,6,False
72,0.049307429479587675,0.016578719400801738,0.11097133242897303,0.21009072262973882,0.023800564244534646,0.048147091793454874,0.21176895565743467,0.2543767452121155,0.02914995652370435,0.045808482629654736,6,False
73,0.05291437268852872,0.004553695125597525,0.11178481211364986,0.21025867014407515,0.0270878502894195,0.054867491983145535,0.19474352674843115,0.2486996693775977,0.05615254638258966,0.03893736514696512,6,False
74,0.06872789036145316,0.012429891472773283,0.07550935705147196,0.2276987453565676,0.02836468343396724,0.07023551581035857,0.18274142548027933,0.2548198464374649,0.043112041555944246,0.03636060303971969,7,False
75,0.06420884184915084,0.01930216713463598,0.10891174868020252,0.19403181919285306,0.03016995569645947,0.030348104598666638,0.1944829287488714,0.2626884169368078,0.04687712894481927,0.048978888217533184,6,False
76,0.05342159595785917,0.031048402318572636,0.10290956579476748,0.17998269127443442,0.028993012682757092,0.06052502460300838,0.19800205092210016,0.23996742021903825,0.049148796350962205,0.05600143987650043,6,True
77,0.05931400530251217,0.018030291002576613,0.12579905292412044,0.18319276756163214,0.03530959448327913,0.03600593626619389,0.18841298124045455,0.26257981016596305,0.03307602701853758,0.05827953403473048,6,False
78,0.034740211253244876,0.02618639265840513,0.11120657227984627,0.20623855785503808,0.020681352161557406,0.05323226169854378,0.21225652740450923,0.24584460241725917,0.0438761169662992,0.04573740530529685,6,False
79,0.0596973038516667,0.0,0.09815535208702077,0.2180011465946068,0.022091854148595623,0.03348179299297536,0.20811198375965395,0.26870055543513977,0.057924041814350104,0.033835969315991116,6,False
80,0.05105723489452817,0.017983285248626364,0.09939960512620916,0.21967839052172228,0.036735255583938455,0.04317128701960619,0.20557171370586177,0.26623897210461833,0.029838787839244412,0.03032546795564504,6,False
81,0.05478650476824478,0.014596250530057982,0.12560904563922726,0.2222339281338616,0.041666663985778764,0.02472342643210185,0.20211980003566085,0.24152886596372647,0.03283049729097919,0.03990501722036135,36,False
82,0.05378545110907522,0.02246916802473431,0.1119586025062471,0.2194338368907846,0.019611440425221137,0.03960706996559721,0.20843800012243874,0.2540631510917275,0.041715117460910736,0.028918162403263427,6,False
83,0.035673858487363215,0.03403532476922508,0.09852162749416528,0.2131156864169713,0.04749916579129961,0.053167443962869425,0.18672312195390128,0.23550302806013185,0.05774149634129179,0.0380192467227812,45,True
84,0.05326453042610726,0.023206627043150217,0.10305071594448575,0.20143522878563067,0.04211048712094538,0.06112449346259069,0.20954907781757637,0.2544362190210063,0.01721160278448626,0.03461101759402102,6,False
85,0.03691856181273715,0.028252717216348876,0.10903648292479891,0.20423187848757482,0.04278812315718875,0.025505357927354463,0.2059320257530845,0.25395457569276686,0.0410484708969224,0.05233180613122329,45,False
86,0.055546400006324784,0.04594538618451116,0.1114678417550654,0.18825206379178785,0.042893918211794425,0.026590646817975315,0.18065651092970794,0.2585382866840426,0.035781180895449675,0.054327764723340805,45,False
87,0.08515719301339114,0.021274453213386675,0.07118206338561506,0.2200860940079908,0.014152950098220393,0.06073153915213775,0.1904348091001602,0.26004330358069394,0.040369595786635896,0.03656799866176806,38,False
88,0.06864506229933016,0.022611077379490783,0.10884193726947998,0.2079261786302584,0.04756091322349074,0.04146401304386082,0.19008495455007252,0.22585859617656925,0.03542457939008473,0.05158268803736279,45,False
89,0.06331957844270046,0.002979045895251129,0.11552405055765094,0.20248984055090086,0.03358823434549099,0.03045426144093315,0.20941785474493443,0.2538977484916345,0.03789016185240415,0.05043922367809946,6,False
90,0.053232662155171785,0.020745027324258716,0.0846910383467956,0.20036097258940144,0.06880180804988616,0.05122810247406924,0.1939282154035316,0.23316413179488374,0.053093859106093724,0.04075418275590812,45,False
91,0.04619418018227763,0.0081614210783629,0.11870976355743955,0.20436429710790024,0.014019565119251528,0.05873509978928044,0.22869394632387574,0.24630794791724164,0.04783880071543592,0.026974978208934366,6,False
92,0.044773019920999316,0.018054134457999013,0.11151124400737128,0.19886778671287636,0.05278606198503506,0.03543305229781682,0.20484136917007909,0.2510198648091114,0.039439687124593246,0.043273779514118316,6,False
93,0.05230137672202939,0.04220766559905965,0.11451177973116476,0.20098513826290781,0.02428631601434868,0.048879779889767064,0.1869010605644125,0.241405344793637,0.039589113729847324,0.04893242469282587,45,False
94,0.029765235103545028,0.03677183382400426,0.11604925693211672,0.21040274972816594,0.024927154644895103,0.03928789123104425,0.201827902040073,0.24221635354822724,0.05489277704022512,0.04385884590770336,45,False
95,0.05734873021778134,0.02013572700348832,0.1095440822462129,0.21205532718085668,0.026523711133184948,0.046637380533615914,0.21011323215752012,0.26312591012041564,0.02717711553352033,0.02733878387340368,6,False
96,0.05313780833369989,0.01298661416911784,0.09076767901662874,0.20631984695100314,0.04082324256443653,0.049893415321225786,0.20755336218566892,0.25183885561045,0.04585793353265411,0.04082124231511498,6,False
97,0.0563013443929458,0.02762140408856353,0.10103236925069413,0.18246002908148298,0.06670024825091284,0.03327865905797047,0.17843225167203497,0.24681786157728933,0.06164653850666834,0.045709294121437635,45,False
98,0.046475111396078336,0.010682427671585481,0.12437946641969357,0.2104353733502899,0.01926700998682149,0.02924502353024624,0.20033142935207707,0.2686612818544749,0.029853681002918356,0.06066919543581455,6,False
99,0.05490490012222726,0.02262186279954303,0.11162167399596418,0.20588702443802548,0.028471496367612443,0.03298976603811175,0.17669310134514102,0.25987106555881423,0.0501175789038623,0.05682153043069844,45,False
100,0.042977492032736084,0.012620163099023597,0.1042792450757142,0.1940192454048277,0.06208868728442841,0.033215225039511014,0.18687664716072086,0.23451574580883938,0.061393591247454846,0.06801395784674392,45,False
101,0.029560091453449552,0.03696438829647168,0.10283976025079987,0.20651118890215497,0.02152351479330044,0.03377637431201287,0.20485008861561976,0.25698726376836073,0.05069875820558602,0.056288571402244095,45,False
102,0.04343153949841056,0.015782938260253426,0.09595890454509935,0.19539075484178486,0.047175592013690426,0.02962648058126506,0.22134927451504904,0.26248466159725076,0.035219815774926964,0.05358003837226944,6,False
103,0.04259232007917727,0.014746819976742463,0.09790877716400485,0.1953121335845872,0.047460658026118915,0.037181576166158456,0.1980505447745573,0.2588639847070879,0.05266969255280397,0.05521349296876162,45,False
104,0.0692219109000543,0.01554427967622732,0.09880729464547432,0.21206531282057164,0.033947455715744264,0.045237234386443,0.19491358547958873,0.2602683532930887,0.037491234900040145,0.0325033381827676,45,False
105,0.06250062334266232,0.018163172893500345,0.10925008713183045,0.182299949661223,0.04819355216100071,0.031844208530333644,0.19629081488381686,0.2608860378742877,0.04642909260880941,0.04414246091253564,45,False
106,0.03983199988783342,0.02017804588314801,0.10840292546796851,0.19637944253388398,0.05251863601951923,0.051116643078809317,0.1942376126615114,0.23916567255217122,0.048429534582292426,0.04973948733286238,6,False
107,0.04969083159725979,0.029912551429440108,0.091491485218264,0.20031789601153965,0.05604616309251773,0.03298881319252385,0.20198847230503675,0.2620406056429809,0.03727150173690311,0.0382516797735342,45,False
108,0.03454832472991434,0.022727245560015326,0.10318111064135356,0.2067053726387869,0.054607175517917154,0.03473740010125827,0.2030781889751822,0.2522597764341377,0.035794954357962816,0.05236045104347168,45,False
109,0.048050558081874965,0.023411026834964623,0.10724993741887019,0.19986793027159522,0.050902429237391994,0.024026777573610703,0.19475340893959345,0.24733368023650437,0.049345283726344724,0.05505896767924972,45,False
110,0.045997586318484704,0.03341293469607497,0.09907460198987397,0.2014009703659547,0.03209643842389121,0.03546872526020559,0.20478026737707775,0.24433769659700263,0.04367141064318012,0.059759368328254514,45,False
111,0.04312437409709953,0.02452114663369947,0.10786119640034732,0.191040766985161,0.05384953473355716,0.025305613932316864,0.20422175583168314,0.25692013323509727,0.04383195682987478,0.04932352132116342,45,False
112,0.053924088506920875,0.02353202303565644,0.10536930719460562,0.20909760184771195,0.03542708907668672,0.049168912828526846,0.17324988594159962,0.25722293670369545,0.028535779389286652,0.06447237547530991,45,False
113,0.04473636842627963,0.023946644191507417,0.10398912703004001,0.21009718778376843,0.04740560384312753,0.042629284917879165,0.20154034836588433,0.24462031056211972,0.04262691609507388,0.038408208784319775,45,False
114,0.051790460125918154,0.05447707810677661,0.08963937008226626,0.20332291111994397,0.050605443819356076,0.03661903386457406,0.18743106709675555,0.24826088638237642,0.033161707518173864,0.044692041883859,45,True
115,0.05184569685413355,0.023028813224174577,0.09187113986221429,0.21367993215873998,0.03057187608064547,0.05071683060653973,0.18259640766885923,0.24959246060568044,0.050985781670670624,0.05511106126834212,45,False
116,0.05079599150444958,0.012151677862769163,0.11293612808562006,0.20280164039494653,0.03283203408962354,0.05024782198689718,0.18190920559941695,0.25130462983060103,0.058468971276133874,0.04655189936954204,45,False
117,0.035829567925657925,0.017068337551665896,0.09576086394014514,0.19418452282687743,0.07500030286602578,0.03511612594131271,0.18969301350873652,0.25092952724190243,0.05192893897699473,0.054488799220681575,45,False
118,0.05385636673969989,0.03259856861204557,0.11320553838614855,0.20650853797681518,0.04885975038692174,0.017960393660339514,0.1876368936644751,0.24677268358627538,0.039156624356901704,0.053444642630377376,45,False
119,0.04832865191553935,0.03168432762172256,0.12421444691218604,0.21626234870116579,0.05069716894888976,0.035565735400358775,0.1941668242049937,0.25009738759647043,0.02028008794703347,0.028703020751640235,36,False
120,0.04570504635235153,0.03198299140584145,0.11749065874190125,0.2024705325813943,0.05760910005207777,0.0470160713495738,0.17403238934819498,0.23921691065891532,0.03773496089260223,0.04674133861714725,45,False
121,0.06358880975170247,0.020575345544019078,0.10635947486296672,0.19773046953278825,0.03142629165372425,0.05922073675495229,0.20533543159742512,0.26191556827050083,0.015246954494260768,0.03860091753766026,45,False
122,0.051615576191913724,0.0257038771428701,0.09100102427584737,0.2116695718105901,0.036362461617799484,0.04844437346427154,0.2019960995638557,0.251293010424809,0.03616310769964173,0.045750897808401365,45,False
123,0.054884698225743156,0.02928358862124036,0.10326375429354522,0.21450204759220218,0.0618699145516518,0.05268092992252247,0.18916684541425785,0.2389746078198523,0.022868613542460486,0.032505000016524205,45,False
124,0.06538280522476211,0.02920256735323877,0.10784288956502776,0.2056063968070479,0.02717406961044087,0.03539484666155821,0.1934066963447983,0.23751447007858587,0.046710247895068925,0.05176501045947141,45,False
125,0.0445365485245057,0.031723038827330616,0.09779350806774183,0.20339585768216034,0.0518540665392823,0.04969239401790356,0.19625257025852777,0.2394225633335914,0.03525410172288238,0.05007535102607413,45,False
126,0.053841799519874195,0.02036467659291203,0.09826325457668955,0.20019891003122423,0.03996867609725228,0.03778199237022864,0.20169801507480278,0.2532455431331961,0.053131532442505944,0.041505600161314465,45,False
127,0.06023058262134817,0.06292223655586057,0.10961806782171424,0.16257114940255896,0.0465567339595263,0.03319908979084321,0.17283635269694006,0.24581209484586325,0.04567551882756317,0.060578173477782125,86,True
128,0.052433738518706766,0.03367527296118703,0.10983232429708223,0.21237744803070635,0.032090687561169756,0.023426012071506158,0.19488684916360044,0.25155076233975565,0.0474468614945142,0.042280043561771494,45,False
129,0.04412840798171714,0.032255500648432744,0.11447726241672265,0.19697464757051172,0.052099994372698966,0.045684582881997816,0.1751607600968691,0.2338409008781837,0.05151718062660746,0.05386076252625875,45,False
130,0.059883938631607576,0.03769239005826888,0.11118221528675393,0.18459131612540636,0.03877453195588889,0.04923909769017185,0.16951679163883424,0.25251605723337417,0.05373344129287794,0.04287022008681616,45,True
131,0.05587004587144898,0.014181381449278307,0.09803976568187595,0.1917875062946517,0.05914786879952122,0.039870903753992416,0.20201319529737682,0.24488488477869688,0.040879814076363485,0.05332463399679433,45,False
132,0.04860570782318459,0.0156442688185839,0.1187982419423757,0.19789254039805235,0.0397288937272493,0.03452803493393009,0.19992522359263007,0.24248245843773372,0.03610296647230006,0.06629166385396011,45,False
133,0.04091446978706481,0.04929099453248425,0.11698282750125678,0.1757812174570979,0.0636519211276626,0.04803849979897769,0.1865789954046113,0.2424290085980929,0.028783771879061233,0.047548293913690635,86,True
134,0.058266144484962486,0.010182588220618625,0.09877178876370024,0.21345561548157949,0.03302804614557572,0.028693599347000373,0.20561329244529256,0.2403722614815969,0.04961236617354548,0.06200429745612813,45,False
135,0.04844895356404715,0.03478297492678305,0.11280611405474052,0.1858567465205031,0.04314062625854912,0.03800490445947402,0.1946219922675684,0.2431988217834195,0.0470405796778037,0.05209828648711157,45,False
136,0.0627450750830673,0.03281942597819987,0.12519073386229515,0.18380843218382695,0.030288359960807445,0.03290649982122633,0.18086421990862742,0.24465947375891792,0.04545171998342238,0.06126605945960933,86,False
137,0.052811334251018555,0.03987728753195714,0.0824701697769767,0.19613509506121657,0.04215390190972206,0.04491998769281775,0.18934393640202823,0.2535080757911723,0.04190563803135244,0.05687457355173824,45,False
138,0.04771442502855541,0.03469588017397326,0.11824058149846652,0.1912561126847676,0.04412122983116762,0.035520486592102676,0.19911649074944635,0.2502055739187999,0.0332547668072177,0.045874452715502986,45,False
139,0.038974978055336666,0.027339474306842377,0.09505777219618095,0.20072061322415932,0.03743475440011475,0.04550698423780016,0.19230651994453224,0.2557847859599084,0.05451627347021127,0.05235784420491392,45,False
140,0.05248384263743629,0.03072629641193488,0.10367469424856479,0.1941688749981821,0.03866340751501867,0.050831985901966165,0.19634109276762712,0.23894780887217998,0.03776108238085171,0.05640091426623834,45,False
141,0.04080542801003483,0.029629950832719867,0.12000742513779723,0.20463109880311053,0.04590121534125043,0.03400104149567807,0.2005834686594096,0.2401761256509115,0.043917224118024505,0.04034702195106356,45,False
142,0.08540602939169965,0.014317774390692449,0.11193846587797875,0.20455308408759737,0.026218438483141815,0.04268406379633505,0.18334622116778312,0.23949263155043604,0.04465128943349231,0.047392001820843396,45,False
143,0.04107993674480773,0.06878088001478903,0.11315086157517264,0.1828241915644556,0.05215491775485251,0.02671434169873834,0.17824969513101444,0.23351827881729753,0.03769808087448834,0.06582881582438369,86,False
144,0.037983225418918104,0.022843428750642387,0.10027779726729993,0.20531448739483782,0.045335164617048944,0.04378925420545164,0.18813250834276943,0.2543317080824765,0.03605171403072355,0.0659407118898317,45,False
145,0.051490978847369605,0.02328342650572841,0.10496240984422939,0.20763394478508415,0.03928224439083265,0.026098939241791335,0.1878672924618692,0.2694138510007363,0.039288945268331835,0.050677967654027246,45,False
146,0.05539686411221194,0.05259968264635479,0.13366597050772763,0.17931487230945886,0.036061408273103515,0.017249123815303632,0.18780459291047555,0.2539362682123086,0.0485870828526783,0.03538413436037716,86,False
147,0.057397335713790916,0.02100114071538862,0.1125346888759741,0.20914546639348977,0.030063213194596712,0.031229684881273173,0.1860457463733159,0.25229609975689854,0.026271829095970194,0.07401479499930207,45,False
148,0.0669370510589677,0.011925435812661063,0.11785088987893817,0.176816473002623,0.038979044745085935,0.044498000782909206,0.20098013138034868,0.22780439687346518,0.0650327147908579,0.049175861674143215,45,False
149,0.034135718880019504,0.05162346806923919,0.13834924110965519,0.18743596428945444,0.023510543001642393,0.017072452755844986,0.20421420525600834,0.25236763120345473,0.04523135070855524,0.046059424726126,86,False
150,0.05674300901322764,0.017487261992297047,0.10890548926820869,0.19368272224484925,0.03738648610148877,0.0200766108674655,0.21665988142018935,0.2472665873398048,0.041172444401505526,0.06061950735096341,45,False
151,0.060352316391336994,0.03591182331517155,0.10283848808404795,0.19423813783005797,0.0530462241380891,0.03411196788963284,0.17891380596238737,0.252689777214509,0.03555439901983698,0.05234306015493029,45,False
152,0.05538295983145142,0.038771216004396744,0.10490280446832445,0.1929155504010528,0.046885294709346326,0.023606422731861632,0.17206829888538153,0.2660204709047166,0.048672127945637994,0.050774854117830476,86,False
153,0.03684407593593269,0.0255726309054114,0.11456521521857897,0.23034687257654032,0.03413054626194936,0.039358981159167784,0.20263207575284597,0.2444068167702472,0.030513181177377276,0.041629604241948885,45,False
154,0.039731619081798064,0.041727345651335214,0.09572267394204224,0.1982854816161034,0.0519948958820493,0.044066892538893655,0.189913745029057,0.25105568570862846,0.04111945294136348,0.04638220760872909,45,False
155,0.07063739600933584,0.04295928088245473,0.11687764256559412,0.19814043091125108,0.04318291890430313,0.02982085745045757,0.16841600963399553,0.2484494115969266,0.041392834891263816,0.040123217154417405,86,False
156,0.06068684243723462,0.05261266677192313,0.11967235804217148,0.18873121188600644,0.03540048460310315,0.01077780341196362,0.20127249124810398,0.26709699752778737,0.015519821902563753,0.04822932216914253,86,False
157,0.04074575131023076,0.03434360124767787,0.10335167692514188,0.21057001479155255,0.03956844434608859,0.030722001540793773,0.1943555712815314,0.2464043569726378,0.05045710335613036,0.04948147822821502,45,False
158,0.044448031421305115,0.04826155515419722,0.10481035614999931,0.1951212758337632,0.042343348633207815,0.0146537803037602,0.18430094104440523,0.2547714932404266,0.03767479234039862,0.0736144258785366,86,False
159,0.05802207517069102,0.04758189611995034,0.11630190525648613,0.20293267918650315,0.03239304300875882,0.039692686922096154,0.17570280713266045,0.2472227372415731,0.04531473219839021,0.034835437762890595,93,False
160,0.04867956891077181,0.0409829743270625,0.11982619146508705,0.19315048445970454,0.05476359844197249,0.029458066837938668,0.16726856776509008,0.2504170345628978,0.04328853238695994,0.05216498084251503,86,False
161,0.046845726941637876,0.056627771092714614,0.1216519359587214,0.17981853512010224,0.051929656470297014,0.02960727104867547,0.1779313324019208,0.23337120626894572,0.047790829742940175,0.05442573495404466,86,False
162,0.03570680730086225,0.03535823150513172,0.10972157668756605,0.18014705800030778,0.030865479235603874,0.03239848739301616,0.22122889651786462,0.2561277324377599,0.05030248201581702,0.04814324890607051,45,False
163,0.04831803624072765,0.062141119030192864,0.09297239119754785,0.21745812443087464,0.04844446744698647,0.012939283958989915,0.17764474382022766,0.2646590047450231,0.013989525816147996,0.06143330331328199,86,False
164,0.05905033555156663,0.053578854882054064,0.10281345989730377,0.18714486351484724,0.03147383988851911,0.023730094137098024,0.18574792253865413,0.26400300517355174,0.05107237884270428,0.041385245573700866,86,False
165,0.045194680147259816,0.041596837894418766,0.06857726332288752,0.19206567350107415,0.054293742682714786,0.04287146008842021,0.1980617906009135,0.25728761352414437,0.052709175884505535,0.04734176235366133,45,False
166,0.051116657600958675,0.04087502554792185,0.1195372416874055,0.18421864447072575,0.04678013545829281,0.024860281024579323,0.18149067325995913,0.25283950209085204,0.03967585845309261,0.05860598040621243,86,False
167,0.043097774397946896,0.03910893337516557,0.09806658012968575,0.20291324309391975,0.04392978210487414,0.04513703970011086,0.17988022695177555,0.2596949263199271,0.03850302579814462,0.04966846812844977,86,False
168,0.04659906150110473,0.04197434126686315,0.11003919692174195,0.19544058504460993,0.035590698193802464,0.03649307577017444,0.17306044878943358,0.2681859640448832,0.037212876185129765,0.05540375228225672,86,False
169,0.055123007994755675,0.051964333682517835,0.11440534967420231,0.17809724230911717,0.04586914612342844,0.02149642363317994,0.18100371183280975,0.24220502448801706,0.03507390477129466,0.07476185549067714,86,False
170,0.038401421350315476,0.01991473892416777,0.09849863964596055,0.19694924951364357,0.04855970106180184,0.02873641447688532,0.21408810058860842,0.25604591380985725,0.05092753891417424,0.04787828171458543,45,False
171,0.04890918872314827,0.05525621367042175,0.10738707072459654,0.20172948650126946,0.022438594621901474,0.05739139849253859,0.17953233097879265,0.22897503236748837,0.03559634027085993,0.06278434364898296,93,True
172,0.033390566507405746,0.038528052742912246,0.09927371487083826,0.20270690235271385,0.03608641473946343,0.03903299236276717,0.20754752386735628,0.23763840560255808,0.05125292029411691,0.05454250665986814,45,False
173,0.05196208710184215,0.036261316396654,0.1031552227391182,0.19655107214431636,0.0443920678590276,0.04381990494675892,0.17850298680599153,0.23782301204548792,0.05926890176501122,0.04826342819579227,83,False
174,0.05772709122336158,0.04634178910147216,0.10672970971471482,0.19065660827374734,0.032994525743720256,0.026725023094527112,0.1880921784716594,0.2538133711471157,0.05228837555772837,0.04463132767195326,86,False
175,0.06763522692975785,0.06419343365534316,0.12364957698436603,0.17179862739267315,0.03519886934478931,0.03807348929277051,0.1724890585604259,0.2715303637416226,0.01012272133495769,0.04530863276329375,86,False
176,0.05572597875907016,0.053603981900983796,0.09157225838538545,0.18573777599778238,0.05184037616524518,0.03247868871428412,0.18498969927692846,0.2482698475199359,0.041510486726603214,0.05427090655378142,86,False
177,0.0504735945721306,0.04628730457095494,0.1029440227140781,0.19900251522602463,0.03168105386751128,0.015333256577719596,0.20206286653200525,0.26496488843359955,0.02839301776010738,0.05885747974586858,86,False
178,0.043581270907396934,0.05048694315194889,0.11354556599449167,0.18912901203419846,0.040471765472228735,0.029075563327123643,0.1832981229071097,0.261788080177881,0.04390707259241217,0.04471660343520886,86,False
179,0.06721791108778472,0.04835521420794135,0.12003322815013026,0.1718401403701474,0.03993354034535326,0.02783752605779123,0.18939846834827187,0.26298050441788107,0.03315984934106693,0.039243617673631936,86,False
180,0.052530791347765504,0.04050935072861502,0.12013936047237322,0.19799258410492002,0.04565761934496248,0.02708820904787438,0.16931796034053062,0.2711976360776931,0.033961071078882014,0.04160541745638363,86,False
181,0.049639621217170256,0.02315275677054268,0.10412079318523432,0.19494993016378448,0.06323902407859344,0.01889112937745015,0.18987048193088918,0.24937255548072912,0.04264365014052479,0.06412005765508169,45,False
182,0.05322979796771201,0.04460669290805671,0.11860964672127892,0.20257593991981476,0.0542053308786857,0.027124150781777906,0.19293630457241287,0.23456750067258403,0.022580669254916422,0.04956396632276077,86,False
183,0.05886203829534533,0.054948488352055375,0.12141815692432592,0.18605755035669538,0.0426145990255777,0.012664146709484759,0.17867669374615344,0.26186693005977996,0.024814199035751862,0.05807719749483038,86,False
184,0.04307382522300373,0.04867674988638513,0.10673180676469722,0.20688677279499434,0.04836699398156534,0.007899837073867577,0.17561180322017136,0.2593969626538648,0.04709035537792961,0.056264893023520834,86,False
185,0.05705480633325298,0.03830935917817235,0.1070561929903637,0.19326721691265641,0.046391502496451326,0.01386232699225673,0.19202951637984053,0.2658187080651795,0.03306434878481604,0.05314602186701055,86,False
186,0.06964773861384406,0.04240413610636915,0.10896890834855764,0.15587509014060327,0.04760549328393829,0.016447334301594136,0.1701229553756003,0.2749954871006712,0.042420742779122514,0.07151211394969953,86,False
187,0.04429307303606886,0.04944943697188359,0.1160968834392506,0.18306144266458171,0.03503530885763509,0.03669355705727365,0.19673808222496963,0.24721757682526857,0.03462216251130328,0.056792476411764964,86,False
