ID,strat_res0,strat_res1,strat_res2,strat_res3,strat_res4,strat_res5,strat_res6,strat_res7,strat_res8,strat_res9,ancestor,alive_at_end
0,0.12001830375475257,0.19995539981896807,0.05739428750101006,0.26100654696655146,0.05622551173059449,0.150060768205104,0.025851965835628914,0.005302180941572608,0.09774162390617547,0.026443411339642228,0,False
1,0.09654517426986024,0.20230922877234042,0.06549053947790752,0.27514460007094105,0.05603340713871967,0.1495189448498056,0.014214468139264618,0.011196184636792306,0.10379402460998449,0.025753428034384143,0,False
2,0.11897074099424072,0.20788938101146848,0.062310446332781454,0.2748978981025009,0.042876957664001396,0.14339055831587877,0.019335729412269246,0.0,0.11508460625514125,0.015243681911717781,0,False
3,0.11789726830111147,0.19468303891996555,0.049267210358238715,0.2616244502169126,0.037905742208622924,0.14652727056509585,0.031048074436536812,0.011362783733350338,0.11071687671658786,0.03896728454357792,2,False
4,0.12272677702220108,0.18585426081047382,0.03518339650093821,0.2523681307423487,0.02968144554680644,0.15481708213522705,0.03634958247428105,0.03352728606262322,0.10671334090705473,0.04277869779804573,3,False
5,0.11624623998666511,0.2029993961891423,0.06346657374033154,0.25082783124955355,0.049134337842966204,0.1397354489416388,0.03552913314996109,0.01826308108294313,0.09422249418982817,0.029575463626970097,2,True
6,0.12494802334282094,0.19303262650965827,0.07475784209134634,0.2528896242526069,0.03677205848188142,0.1459459149044538,0.03441520746673553,0.01931087763203729,0.11176409628382312,0.006163729034636495,2,False
7,0.1058339384615391,0.19547055845300804,0.043725060507344725,0.2705189048769944,0.04377077515847372,0.15645425986128747,0.030417691221918255,0.007407234218453061,0.10485148762801592,0.04155008961296518,3,False
8,0.11452192152457108,0.18406943554480557,0.04649865513255736,0.2563531380573283,0.04354146478512804,0.14879511010003885,0.028033535576352134,0.013375916869554517,0.1054583891661349,0.05935243324352934,3,False
9,0.13435242051767438,0.17523089769215022,0.07029330703382258,0.2681701935951214,0.06254869953996924,0.15100870459418864,0.009066050723467993,0.006770317507348945,0.09956061616669219,0.02299879262956432,0,False
10,0.09973519357942733,0.18617000421457724,0.057039576916156666,0.26652463963751977,0.0804445212440794,0.13962250429971365,0.025231396737383678,0.0017528204741219407,0.11280051544595147,0.030678827451068886,1,False
11,0.12282264206218592,0.1924358138326637,0.07731352817494545,0.26416227880554455,0.024680687296021107,0.138468442099756,0.05183811019708958,0.012519627526499169,0.1000736997018689,0.015685170303425686,6,False
12,0.11229004405287336,0.19844356702662697,0.05792416414059291,0.2565649253189686,0.04980491413396058,0.14590486536301786,0.030697256920379733,0.014296679776074227,0.10881570283818066,0.025257880429325162,5,False
13,0.09956908841770847,0.19155385294646923,0.06468418356383411,0.2659331134567011,0.05853453724750364,0.13196243913556824,0.0055017677879046906,0.030680437741527435,0.11346038041062553,0.03812019929215767,1,False
14,0.13029748586234635,0.17509069267233443,0.04432825026652633,0.24819453066208735,0.040186966781978466,0.14895058974006062,0.03783787011653121,0.032433654463177045,0.1065082759132801,0.03617168352167791,4,False
15,0.11300883714100045,0.1753628287582003,0.08169784520672452,0.24979715671149855,0.041935391868558415,0.14534626484336394,0.03790787669541486,0.011243244535107565,0.12527116553944848,0.01842938870068325,6,False
16,0.12391855963067736,0.2047786884637518,0.07719707666108237,0.2514468709709743,0.0401671871023944,0.14915665499258265,0.023137184665346686,0.0,0.11255957366469495,0.017638203848495453,2,False
17,0.1015746981462336,0.19542247184296477,0.082376526194469,0.2694021761317414,0.05914968134427932,0.13200592817304224,0.006261767287024575,0.008251492842771987,0.10282205973757129,0.042733198299901805,1,False
18,0.09462118418317864,0.20510546238135594,0.04309608869460138,0.26478067303820213,0.05313682315283045,0.14749038134316236,0.03806774314720868,0.009227513391089478,0.09976870587682879,0.04470542479154224,3,False
19,0.10417724608554982,0.21027056583580545,0.05390919006315764,0.29224095189675936,0.05513807345800999,0.1454124431185527,0.01079763168872513,0.0,0.09486553313420351,0.0331883647192365,1,False
20,0.10021732237764097,0.2180807478207603,0.02807518506632437,0.29597009047870726,0.03456986690720604,0.15925888048170575,0.016787123789397302,0.004946773726142344,0.11410736553863342,0.027986643813482214,7,False
21,0.12188652432268263,0.19827076754539982,0.06242613209403259,0.25723168123518,0.03969446056502605,0.13645287894423422,0.026435349995618657,0.0,0.11828347381339076,0.03931873148443528,0,False
22,0.1083291576403448,0.20441751488513066,0.08690877328650105,0.2529744325946291,0.032185912731427575,0.16471131590697483,0.03191612106625597,0.01090023620300379,0.10765653568573234,0.0,6,False
23,0.1257398737206383,0.18490569379294008,0.038940266790464334,0.2485409428879869,0.03231990425938758,0.1607308899238888,0.031153424082411715,0.007386677689038146,0.116546779754866,0.05373554709837816,3,False
24,0.08321730565426678,0.2186572516211824,0.05797691878364511,0.277166293522189,0.03770526234722862,0.13692830241232368,0.012678934697744794,0.02778459914217055,0.10215584431475064,0.04572928750449821,1,False
25,0.1253105315040237,0.2025185469167706,0.056620690022134344,0.257849301643786,0.037991639292852805,0.15167554094619676,0.03573376647477028,0.026825207844316162,0.10083769939707338,0.00463707595807596,6,False
26,0.10490747071312594,0.20725616271868752,0.05833172071904986,0.2686888138803481,0.07923816275277606,0.15864623075374804,0.003960274368159653,0.0,0.1043356538922148,0.014635510201890054,1,False
27,0.14099425887373093,0.17415071815539648,0.023059778405838244,0.274859191826598,0.025818652284248254,0.14701338751806012,0.04346543158664272,0.028299425054105598,0.09802919261521949,0.04430996368016006,4,False
28,0.10357800360637248,0.1935227366743979,0.0410341030839226,0.2831056644769844,0.035571739616302805,0.1632897601092059,0.005652717500519603,0.005200347913474609,0.10491069002229045,0.06413423699652934,7,False
29,0.14481592394196385,0.19890090606308525,0.02880256614523951,0.268759584568897,0.030324581861924854,0.14365950065092686,0.04296517213281467,0.016953516798600438,0.099796715242428,0.025021532594119635,3,False
30,0.10893894931760242,0.2185419672697426,0.051222460369339064,0.26844721931500215,0.04069020369283729,0.14169306788645591,0.012675492296216376,0.006446772795985387,0.1266045181685374,0.02473934888828134,2,False
31,0.11807304295909385,0.1896728959305997,0.0517430163162339,0.25196754016525846,0.05901941129408051,0.1422354798654482,0.02365588611316217,0.013386249374278337,0.10213399903996288,0.04811247894188207,7,False
32,0.09813290469378853,0.19971615853819696,0.02389971544975335,0.27235340806634184,0.04746250909371486,0.18221700310503736,0.03274649076212256,0.004976067916651417,0.10410503030923493,0.03439071206515815,7,False
33,0.1106966647055018,0.18896244885314095,0.05913978897880365,0.25865673197638517,0.03624398573121211,0.14682624853733897,0.016052560651996662,0.025289968060449933,0.11787562157119252,0.04025598093397841,3,False
34,0.09151491543731617,0.18731776772775,0.07738303658305432,0.2533595054232747,0.049576009573589555,0.14614930008850902,0.021973759180922075,0.04567864489895328,0.09721663258653512,0.02983042850009579,13,True
35,0.10879501073500338,0.18872590357275426,0.053792615953462915,0.2743837569469083,0.03720011955086916,0.16875430116693457,0.015627127480317003,0.0,0.1043553006037,0.048365863990050266,7,False
36,0.12632603411401436,0.2145041781681414,0.05693167988061645,0.2599260025227834,0.027923944369229514,0.1508455619983221,0.037938446207082525,0.020868348328395098,0.0736465058351494,0.031089298576265766,5,False
37,0.11411773857929965,0.19687601138976865,0.03834775787438115,0.25517237560742073,0.04474448431347823,0.16917964241560374,0.026000003388932817,0.027704976596037895,0.08626649068060147,0.041590519154475626,4,False
38,0.1062063925971959,0.19484513074056656,0.04940742822968685,0.24983490938043182,0.026851282446124922,0.16222748635649514,0.014284759808533023,0.055621617555680083,0.10112197579786955,0.0395990170874161,4,False
39,0.12002234870898217,0.17534424764878537,0.05026511436531123,0.25022920573006313,0.027480406235315894,0.13358914249145207,0.04134830890930113,0.015077488602524782,0.1158141346176273,0.07082960269063689,8,False
40,0.0951739237952169,0.200339524801102,0.06538653728116801,0.25871727461270444,0.05340451057531346,0.12435549862189374,0.03922242498380928,0.013782681492875795,0.10669341677897742,0.04292420705693902,3,False
41,0.13356794363972965,0.1971343642788688,0.07076176232817079,0.24871701947819916,0.062109932958119236,0.1545788613077287,0.03185971745332974,0.0,0.08523943399197134,0.016030964563882786,0,False
42,0.09899962494268576,0.20214481839755247,0.02555600061109198,0.27255633377650457,0.04552622200384202,0.15419872394766773,0.05314773306163686,0.0,0.10667376879644913,0.04119677446256951,7,False
43,0.11917876012052102,0.20412676409036265,0.04277952278095838,0.27117216340649186,0.027728668350262713,0.14251557271523077,0.03852989127635705,0.013748613447554138,0.10353224083164461,0.03668780298061677,3,False
44,0.12953767268209726,0.1881154291132935,0.04726758803507118,0.25836655479162307,0.05336147745428748,0.15622798678731256,0.03407837178521236,0.0,0.10063496920621584,0.03240995014488668,0,False
45,0.11984427895165775,0.1913252904355603,0.08253492700617208,0.2658623919536486,0.028132444405006726,0.1684558443280878,0.020503817134307843,0.018800062343325857,0.09964020586683933,0.004900737575393705,6,False
46,0.1321828928215717,0.19918470564864635,0.027305559140178324,0.2576290669394996,0.02034949814239516,0.1568340439930129,0.02230228512530453,0.03500949793926247,0.10527266602214985,0.04392978422797897,4,False
47,0.12063156471130261,0.17695119755954306,0.031672128038696214,0.2399266834955354,0.04933177549841227,0.14936657229215852,0.04051788312090073,0.031218788661506836,0.09969368839715857,0.06068971822478571,4,True
48,0.11739443513850766,0.2137558556318007,0.06698047465274942,0.2562036537712214,0.05973720828751593,0.14802648786262904,0.015936613093042368,0.008244178102084831,0.09902758975433901,0.014693503706109726,5,False
49,0.1217376199664159,0.21812650938417047,0.0656489036833574,0.22698787851853083,0.04945648168782646,0.1450107099980157,0.022299188102489997,0.034796508203751755,0.08723659264367127,0.02869960781177017,5,False
50,0.10247468728249631,0.19371294032097977,0.05386257812167057,0.2598424238546347,0.05061233234481613,0.14889026775617475,0.024767123302556003,0.014464159827710847,0.09545688123047574,0.055916605958485056,7,False
51,0.11686112043147526,0.1854958129447351,0.07009875920891855,0.26708591895286016,0.06053251020588908,0.136829618831321,0.046157017955037745,0.008606960587251793,0.08241031095324482,0.025921969929266583,5,False
52,0.08473090365855782,0.20358970837724324,0.049327615377658215,0.27842856169789404,0.06973043243131798,0.1564055033481154,0.01305168503995595,0.00019394260562565754,0.11027298931029364,0.03426865815333787,1,False
53,0.11768804716634106,0.1978009149639932,0.012193300190049303,0.26667315788926255,0.03442496594300507,0.1567632047932483,0.0396653691336134,0.03954680232467927,0.09083867508662102,0.04440556250918687,4,False
54,0.12344186516597262,0.1991082570852172,0.035545050970636656,0.2546493184060822,0.01103137534566731,0.1465690720661993,0.02940193284563296,0.02591928610299874,0.12529805188858448,0.04903579012300855,4,False
55,0.12467771971881338,0.19409703652767743,0.03987846613686521,0.2326660187987335,0.021609187202350662,0.14637053542255632,0.03160520997735738,0.0481579787560015,0.10812792235445573,0.05280992510518893,4,False
56,0.12521740161691167,0.18822429009354127,0.022548663198271254,0.2522235406871099,0.03306216449563357,0.14968153772119822,0.03905386271801995,0.027179615518555026,0.10368037496680485,0.059128548983954324,4,False
57,0.11195043698271781,0.19862129254131863,0.05305430501297894,0.25172929577360115,0.039153917636415375,0.15217980367874634,0.034343852876474144,0.008403483379796389,0.11514608982871387,0.03541752228923732,4,False
58,0.11337633650608685,0.168992351991915,0.04015843035183583,0.25045989505220906,0.030066548756200545,0.1446672842237428,0.05484436972606518,0.041085109339445126,0.10969089515887959,0.046658778893620134,4,False
59,0.11666686145096189,0.1928797299875417,0.022472266885624176,0.2515361328559425,0.025094144952958457,0.1611273404119332,0.057198813888855705,0.0374369594258127,0.08983127403132803,0.04575647610904161,4,False
60,0.13425246089342144,0.19045410550302455,0.038248725943000904,0.24610955113032612,0.03829112854776562,0.14693361043878828,0.03418359974734994,0.03443991521310158,0.09596275853354663,0.04112414404967505,4,False
61,0.12074042326901202,0.18044492347609198,0.012406326491617352,0.2617532668258839,0.014072453819348974,0.15474606106935712,0.03967573990349881,0.030376222467760977,0.11226628037016043,0.07351830230726847,4,False
62,0.12287204198968783,0.1762324441884658,0.04048651817515898,0.240810369048507,0.01815232080510968,0.16148304933764707,0.03036646917571013,0.035679369924058534,0.12514933173373927,0.04876808562191559,4,False
63,0.11594457707118071,0.17349279784789745,0.04352611158468368,0.23446344669443947,0.031880540420678095,0.1423386374082416,0.04186751759391562,0.05813320400697031,0.11111094457792571,0.04724222279406729,4,False
64,0.11854039370002142,0.1938549437547081,0.02066543598106339,0.25397255555057535,0.032449123873667836,0.1653163240467103,0.03269414088285005,0.03334253180694526,0.10568518349869586,0.04347936690476241,4,False
65,0.12782782421587738,0.17986195363900218,0.019523773311440628,0.2721755504276652,0.022005211922025918,0.1514400725476961,0.033495311887792194,0.041049606714710196,0.1082664886032087,0.04435420673058154,4,False
66,0.11774264595497433,0.18596656915784157,0.018737028884279302,0.24431834565458654,0.03183017480825754,0.17411112018640323,0.043109695776848825,0.043177404596427035,0.09354880239394116,0.04745821258644036,4,False
67,0.1356477269910159,0.1942249524808406,0.013657091466226158,0.26487642715226106,0.01271883572223458,0.14613862894344073,0.02565131919982188,0.05402269617535888,0.11269883020466386,0.04036349166413636,4,False
68,0.11231287813576228,0.1909413242671425,0.04656231431015857,0.24607502204896362,0.02695878804796508,0.14379125974903412,0.04493148746378685,0.03261457797709561,0.10417740513300387,0.051634942867087516,4,False
69,0.10902879325780147,0.17711072232974417,0.03405199213430504,0.2737515668302939,0.04273004392365377,0.13892333573463816,0.030599604578925237,0.03224461396064195,0.1153099253801936,0.04624940186980256,4,False
70,0.12466648359152353,0.2057912952786552,0.05794582402007611,0.2422845349768733,0.04779341978600115,0.14941428614188254,0.024484320549805084,0.019693669310628065,0.09932576342510442,0.02860040291945079,5,False
71,0.11065685217110105,0.19938241967859296,0.03169626881018741,0.2511836643048409,0.026299182664365425,0.15889342085398223,0.04370166822225306,0.034180394582839745,0.10529020084010339,0.03871592787173387,4,False
72,0.11982617735851536,0.17825469186087634,0.040694598733190306,0.25083976514188905,0.03466129366984921,0.15162815377071248,0.04854299409748465,0.02802664699246332,0.09833412604410632,0.049191552330913116,4,False
73,0.1076342244319231,0.19398443570064014,0.02300053996413786,0.25315308578902607,0.04723676620859579,0.16102269580853024,0.034463362898365185,0.028486496745584167,0.1117597869042324,0.03925860554896501,4,False
74,0.11986239841182003,0.1974170336470641,0.04058428286702993,0.22800383675523708,0.039803170929722825,0.1487719053848249,0.05200327374017512,0.01768818077979226,0.11448187441590783,0.04138404306842597,4,False
75,0.12409037577904378,0.1710316542825478,0.04074000621602613,0.24933523430826693,0.025385639244262515,0.14461613011128627,0.04981089774634818,0.03136863754508015,0.12670076120877977,0.03692066355835858,4,False
76,0.11474630211885169,0.19467242333170307,0.017307743175897432,0.2580137080913624,0.024691745938229384,0.1461867293660301,0.04327736895794965,0.03757674104759563,0.11533441438885182,0.04819282358352878,4,False
77,0.12761214190720938,0.20365666698773155,0.03320234167356221,0.23838607697941164,0.0423418890545881,0.1498546414974859,0.019894411122574875,0.03851271154941277,0.09527021417656875,0.051268905051454726,4,False
78,0.12991724166725488,0.18037567727460474,0.03394126375467851,0.2571866228613501,0.02379577847206012,0.15485007105885396,0.027341047672279455,0.029796581041781192,0.11260016837206614,0.050195547825071005,4,False
79,0.11978421723387474,0.17818268795085537,0.0430781858027589,0.2338055829880566,0.02320116734252135,0.15810831881783838,0.048710385133597905,0.021745318968641063,0.1143904971335306,0.05899363862832501,4,False
80,0.11240744320543974,0.18766363085586757,0.023640946223062453,0.250813600723932,0.025712155799650988,0.14256548219461035,0.05240649326572904,0.0450267632376734,0.10847137054673987,0.051292113947294694,4,False
81,0.1292825708492581,0.19538037591704285,0.03943042714802383,0.2408562164105864,0.02755119283689427,0.13858106987264524,0.04198088390967256,0.02729416395749726,0.11759605334676156,0.04204704575161791,4,False
82,0.12722633466657976,0.17919246654087825,0.029924676858292077,0.23853929462520188,0.050392131491611356,0.1435810897395803,0.048145574738075056,0.02271690375175843,0.10174393410406421,0.05853759348395872,4,False
83,0.12446381654554402,0.18770888649479847,0.04401456137467498,0.25991754772077674,0.025263948766264588,0.1673953771823057,0.031827895234846,0.030433650991876077,0.10994717830613572,0.019027137382777767,4,False
84,0.12357403685818955,0.18622161034452483,0.050107960726024206,0.2374773953367708,0.038008710085923075,0.16759012160410688,0.03330459719090174,0.030001013563586438,0.08852082908944157,0.0451937252005309,4,False
85,0.13110595403417546,0.17221242250076707,0.03677158497110039,0.25989271836241606,0.03252814237797104,0.1470161861997058,0.02108402172944667,0.03799899839903763,0.1093790606066986,0.052010910818681214,4,False
86,0.13099706552404358,0.1786422528649031,0.025456811739347662,0.25791376359038404,0.032690659406353025,0.17106023817640245,0.028136521609481976,0.03051958422796537,0.1069884526024814,0.03759465025863739,4,False
87,0.10852699556592006,0.1773911936269781,0.05151067988356408,0.2544886491010733,0.04031422127176959,0.14775116030239774,0.040254162540432376,0.042408768806149355,0.10294037720372576,0.0344137916979895,4,False
88,0.11488100310243446,0.1852214589361104,0.04143728790236495,0.2593785204714747,0.02716107592565323,0.15388341081974818,0.04380866466305287,0.04235246089961513,0.09448902799986147,0.037387089279684635,4,False
89,0.12956800087978734,0.18700148012429535,0.0308678574964479,0.26991190107646207,0.02060039887941958,0.15769625067250675,0.031454105958936815,0.027224500915083223,0.11840081540733263,0.027274688589728334,4,False
90,0.1344780195355194,0.18384068431197476,0.030444636158184265,0.24099285064005543,0.03119581586043356,0.1509418970256591,0.04428700169816886,0.0218376319394319,0.1043307997275956,0.05765066310297715,4,False
91,0.12642191298093985,0.17852961892079225,0.03749803215889077,0.24366901209090747,0.043986250035009986,0.13562422061816998,0.0463620659506096,0.03052781306410486,0.1098580846402058,0.04752298954036954,4,False
92,0.12540994248837856,0.18092522024292756,0.03960732004901287,0.2384924573274451,0.036956499931931994,0.16437907624360526,0.03634767132885649,0.014743874581690065,0.11085957632099107,0.052278361485161094,4,False
93,0.12299143150139602,0.16431593852138238,0.03890878161175674,0.2493372638426697,0.04120723298027652,0.1480328267699659,0.03661743079294982,0.03270233668896362,0.1185016552634412,0.04738510202719811,4,False
94,0.13033646515499447,0.1813400209837409,0.03604566311294759,0.24591191818841637,0.03042387024444407,0.1696483621137454,0.0265396777613038,0.03958599525805847,0.09700098994282062,0.04316703723952826,4,False
95,0.13323207909448037,0.17055696511491358,0.03649616310314137,0.26002027540138845,0.04103497027344544,0.14840329669704996,0.02754133553189028,0.036720427708230904,0.093177649217862,0.05281683785759751,4,False
96,0.11450063259826558,0.1804654477567156,0.022230620683833854,0.25036594646965854,0.03443210942740744,0.15131696860859328,0.04061645773572226,0.04046548641704594,0.11561061255018214,0.049995717752575185,4,False
97,0.12269026464887922,0.183342891218697,0.028111257560160776,0.2597488201659419,0.038361609991096265,0.15528216191175978,0.026651118622583823,0.035109914489779515,0.09939191699409351,0.0513100443970081,4,False
98,0.12517583791820527,0.19224269155794727,0.026056403590733232,0.2537118569825938,0.02506136097505733,0.15863063412894224,0.04306162832502612,0.0282901150001305,0.09135784232012586,0.056411629201238336,4,False
99,0.136333800529526,0.1835666377551666,0.019663690335309927,0.24452802131628829,0.041063908033824,0.15805520059067754,0.03032961117815986,0.028745880405209152,0.10755646456924438,0.05015678528659426,4,False
100,0.12644936193882791,0.19620439981452964,0.04163892037420144,0.25264584678166074,0.021206633948607098,0.14991500878202388,0.026432326144000116,0.03780679094889706,0.1304432049891382,0.017257506278113913,4,False
101,0.11186636534816138,0.18140348214299112,0.03194613345216035,0.23659880500547614,0.05260586540010207,0.15106718312524672,0.028165669074602568,0.04338384476736687,0.11406368163703455,0.048898970046858094,4,False
102,0.12371251720420498,0.1943940904199665,0.04622059618364279,0.2644045046664866,0.027838100561671207,0.14473135893887001,0.038439391936526096,0.029027963382221352,0.09320351981206948,0.03802795689434107,4,False
103,0.11980768313723218,0.1776657851038612,0.04397226952613394,0.24962317991119637,0.03517143487308319,0.16680247611058457,0.029597686693384927,0.02514204401540807,0.11069666566865158,0.041520774960463976,4,False
104,0.1314196959882821,0.1833412910162646,0.05028818397369857,0.242823738875625,0.037478323360234676,0.1532070553663779,0.029755215053376537,0.032051718184393695,0.10089904888322138,0.03873572929852573,4,False
105,0.13289163286896996,0.18413792966042294,0.03823594695819373,0.24308038665870796,0.0298313882419767,0.14669964198065383,0.019344605738718722,0.042693928855368934,0.1048920948872304,0.05819244414975695,4,False
106,0.11863216417821025,0.1950672548252631,0.03067303864732369,0.2409379358178972,0.037961479390306085,0.15575456797346204,0.04301597417795734,0.03709897875537037,0.10469044186791097,0.03616816436629898,4,False
107,0.11227835985294847,0.19643490709986716,0.022615410867633058,0.24824618457779826,0.04519637031287469,0.1541766874845021,0.033029047823764694,0.040266002371496995,0.10651032984500589,0.041246699764108455,4,False
108,0.13385656729261655,0.1877920429436489,0.046939245364451425,0.24387377073308242,0.015633189056042347,0.15491588790638847,0.029051348244957077,0.029001375662371712,0.09877410176409582,0.060162471032345115,4,False
109,0.1231552399123531,0.19731865864928036,0.02867533111668063,0.24656439632231764,0.02919128245130885,0.15161904224196127,0.02636654471234319,0.0351161568939883,0.11361453916964982,0.048378808530116786,4,False
110,0.13342075278690085,0.18825243087847027,0.03178358070395502,0.2638900984899662,0.012334284639033065,0.1595448666587808,0.025028944062726696,0.033833390071106355,0.13566565840292424,0.016245993306136495,4,False
111,0.13506723774507728,0.19209648253723394,0.01862554375447107,0.24696628818141222,0.034902452091129306,0.15023451481642114,0.013692498608759417,0.03034862270176862,0.13056240281176348,0.04750395675196344,4,False
112,0.11951265558547142,0.18563197366893908,0.043068785120946786,0.25878436590293225,0.03906748561567859,0.14346199348222852,0.04348334339354171,0.03825614683890532,0.09545057992919326,0.03328267046216314,4,False
113,0.13356548131986806,0.2087822115725205,0.035455472577054614,0.24516462581598225,0.03870085728212126,0.14417331061689279,0.042386876658349525,0.028460372902261447,0.09295171576968055,0.030359075485268783,4,False
114,0.11535700030850461,0.18800947834041223,0.02557449253445936,0.2562604522520978,0.013736485993163128,0.15893569420311363,0.020048159680916458,0.036064126115690896,0.1378727102401018,0.04814140033154006,4,False
115,0.12140566414393121,0.17438456875021224,0.02954134186503873,0.2558509073274738,0.04362116978841303,0.14712904871012084,0.037341549009182844,0.03878031828385506,0.11024197699066436,0.041703455131107785,4,False
116,0.12653648308577084,0.18748943935000545,0.04068515980587878,0.2646931782787985,0.013165314296890121,0.14074333349135776,0.025392606384828115,0.032720178173700425,0.12018665326285731,0.04838765386991269,4,False
117,0.11976584724850331,0.18864885600854037,0.050216176777113916,0.23459556808421983,0.03387919207604118,0.15182635229620753,0.03524139459021767,0.03213563663013715,0.11308117674146036,0.04060979954755872,4,False
118,0.13772678307415118,0.17355057985142155,0.054259867575216274,0.23886873506930403,0.0398062087448987,0.1606810542142386,0.0342876619116967,0.02649182646664215,0.0943412905821715,0.039985992510259256,4,False
119,0.1127322372431131,0.19289391443412013,0.031253275364406245,0.2611361338306603,0.03431528725870824,0.16045212954032165,0.03476730220159969,0.018859419563078923,0.1116703407513695,0.041919959812622254,4,False
120,0.12790074096329176,0.17426785053687277,0.040632227163593014,0.24810562294209038,0.028933852392204334,0.14857085114048565,0.030713570295909518,0.045115353781963054,0.10842862303699166,0.04733130774659778,4,False
121,0.12544743439069136,0.18579441606536082,0.021121548603664365,0.26824634107627277,0.03583246959496431,0.1603802364054838,0.029182668644215214,0.031847175801118004,0.11270564999126285,0.02944205942696647,4,False
122,0.09966184571502024,0.18488442164557436,0.05396436113347894,0.2651187282274873,0.03600697408710506,0.15112092350561532,0.04868615387090154,0.01997112890961628,0.0919306866818449,0.048654776223356025,4,False
123,0.12901317473392593,0.21603480826312393,0.03605933421942808,0.2692603648162531,0.003914099940254252,0.1656571125015322,0.03452001913630063,0.019295677381176903,0.0872488681953903,0.0389965408126147,4,False
124,0.12424294182775453,0.19568458429372879,0.025136112720873714,0.2522098872044952,0.019392835959078276,0.1573900872577488,0.03997328947047395,0.027465792537455857,0.10896860689217258,0.04953586183621843,4,False
125,0.13207755617022016,0.1856789631308178,0.03988108318648927,0.24178828831072244,0.031768419429944454,0.16063558791140867,0.03556352780233871,0.029666983190573606,0.10406786968085763,0.03887172118662724,4,False
126,0.1118335877995876,0.17597017719107041,0.05282728078669801,0.23670031804775263,0.009757316844866557,0.14335644810025908,0.05481262139065533,0.05975974839032943,0.11328420999693864,0.04169829145184239,63,False
127,0.10811786240782556,0.18512553677381885,0.028918158250801625,0.2725467475090143,0.03461331988160698,0.14821258765621065,0.051429581553484635,0.03466248067881321,0.09814361697274458,0.03823010831567952,4,False
128,0.13044346285635128,0.17170184991759438,0.035482694698866474,0.24166123116878307,0.021680931262262913,0.15514862683638486,0.04838554903627298,0.0280448573977019,0.10860459767908727,0.05884619914669488,4,False
129,0.08759403884572259,0.19856181600953482,0.06963385586660936,0.23694967080463586,0.025512104421010325,0.15729413454369037,0.022606041402753185,0.07721480848100284,0.10518307736870641,0.019450452256334235,38,False
130,0.13452918258743596,0.17895368541455883,0.03388439888245636,0.25352585007702266,0.027776713141859904,0.14730544514018806,0.03880833520460417,0.02702141194723787,0.1043822348326603,0.05381274277197584,4,False
131,0.11655510674965752,0.19696169887143447,0.03186644699310469,0.26445368920324414,0.0008070107526370739,0.15956043189244506,0.057247129504684434,0.022128415531133917,0.10540039233510427,0.045019678166554354,4,False
132,0.11034741127076235,0.1980528527806782,0.04308117134589369,0.24744647944551676,0.03095684729140654,0.16787113097733505,0.04032022478433951,0.027603779186872738,0.10536542406311454,0.02895467885408051,4,False
133,0.10649634475918679,0.198326506353645,0.05298630583569731,0.23692976824195186,0.0299226815327981,0.1620719845894268,0.025738228354228062,0.018162068686929156,0.11423314283315555,0.05513296881298141,4,False
134,0.11659815664570118,0.19366595937485848,0.024309745802884124,0.2526908322055988,0.025880434218732252,0.15906939730551437,0.043764302404166386,0.03420685721954757,0.11376171835041933,0.03605259647257763,4,False
135,0.12103639292321848,0.18328271611845873,0.05191002218614858,0.25149821133914607,0.039252251395872934,0.1582687203080942,0.028191637768312957,0.03369053392693238,0.10055617176442185,0.03231334226939397,4,False
136,0.12369402806940998,0.17783749295136578,0.0596190193278844,0.22256302750711887,0.04199241203987469,0.14134310064342775,0.04414786067809359,0.047771146031105355,0.10463941897057268,0.036392493781146784,63,True
137,0.11580929869879526,0.19789660826676891,0.03378964232799789,0.2616173896556641,0.012066067290306579,0.14657076191709037,0.026035394822776427,0.0408512079367969,0.10888927456616652,0.05647435451763723,4,False
138,0.1181968854668542,0.18514880870266215,0.05817515180136312,0.24433632232107094,0.02794370310246482,0.15506276826897225,0.04481357833146951,0.03505566076444761,0.09115833222735926,0.04010878901333611,4,False
139,0.12707060690600236,0.1991317727728306,0.02505153853507662,0.24516833591284126,0.031024870678533902,0.1753914027676786,0.03069056902479958,0.027156769848194866,0.09133171538625329,0.0479824181677889,4,False
140,0.13617098402834735,0.17965081963596186,0.03410219049476943,0.26604701924785806,0.025238645719816096,0.16491398170181631,0.03443257839083787,0.032859944694749975,0.09630419677567259,0.030279639310170463,4,False
141,0.10124162120593529,0.18615745833010575,0.03400373394925561,0.25691786924631366,0.03255140579808298,0.16883315619964887,0.02912011917162879,0.04361531825641918,0.1061285700135373,0.041430747829072655,4,False
142,0.11030522331568429,0.1965297582727461,0.05109107059370317,0.25065667100937705,0.022250530740822335,0.1458852768987341,0.04791910848855847,0.0303902421054715,0.09833155679646818,0.04664056177843485,4,False
143,0.13603094170018956,0.19116949581476095,0.044162968509089386,0.24759350726560686,0.03389790287030415,0.15799800491707744,0.030449138429748293,0.018721930080039823,0.10110980047359713,0.03886630993958647,4,False
144,0.10984356984095273,0.1533468022407882,0.040190276469051316,0.22837917443648673,0.03997563426952594,0.15008314369984713,0.057245680353818926,0.06393257774246193,0.11101013708901691,0.04599300385805028,63,True
145,0.12529569194195248,0.17769225477228226,0.026124544480745825,0.2575706370528306,0.03592093989359217,0.1675305826964565,0.045296361166730734,0.034500126241802063,0.0988286940664888,0.031240167687118504,4,False
146,0.1298562127187361,0.18857451027781996,0.041466854600472156,0.24936341448956933,0.03147073009520469,0.15471386446713684,0.0269849254812242,0.02972358516835241,0.09458734695382964,0.05325855574765467,4,False
147,0.12871922484557669,0.19653777151882712,0.03452332504316175,0.25585498322817024,0.024929681518304093,0.13754114308670456,0.03860701223389207,0.05030394120298047,0.08529598214582497,0.04768693517655805,4,False
148,0.13706141579301184,0.19069576600802404,0.021475249693651065,0.26899814487697116,0.01597527927843996,0.16351043889172165,0.019571825945230475,0.04747175593341183,0.09878638620614456,0.03645373737339321,4,False
149,0.12012628912308455,0.20056088007734527,0.039191550210642606,0.2566563503792892,0.03155199506331856,0.1511333295534768,0.026596917228283452,0.0219427410340979,0.11061710869262838,0.041622838637833295,4,False
150,0.13041703720342362,0.1839527018893671,0.02471026420473444,0.2622006149581565,0.02530547561739698,0.1597086972658449,0.03284970279533234,0.03447547369587209,0.1046087079120432,0.04177132445782869,4,False
151,0.11800005007209213,0.19019602157978505,0.026866181138507996,0.2605048984539979,0.029850682442820176,0.14258708787397378,0.036109133164128074,0.036694767800302126,0.12076401410677487,0.038427163367617784,4,False
152,0.11202770524703302,0.18365759105701224,0.04295490665314839,0.2364104633359259,0.015266550810348493,0.13699735151360792,0.05697962833386346,0.06678751841817403,0.10613178723949739,0.042786497391389275,63,False
153,0.10710963976654977,0.19285918153714568,0.046892813142083406,0.24365917992251265,0.040727436916896655,0.1554243188531606,0.027666386797341944,0.04233646549522903,0.09054155703111055,0.0527830205379696,4,False
154,0.1194053104257536,0.19710817365290217,0.04063987248695583,0.2480947606164805,0.030786865568194585,0.1533859572219382,0.034341886493825746,0.022596852642045615,0.10713068971961857,0.04650963117228503,4,False
155,0.11699776633294429,0.19574421876380063,0.0335388364557915,0.2601480100907879,0.025988170600984864,0.15034442576150156,0.0576134487340802,0.02056284829214736,0.0848053714021498,0.0542569035658118,4,False
156,0.11298809755138552,0.20024624154754958,0.03400224193964917,0.2482481778294777,0.023235545705723504,0.16110763625716545,0.021599460672497618,0.04479738512384002,0.10433941889480487,0.04943579447790657,4,False
157,0.12146257185924746,0.16817390992070314,0.040900428291001496,0.24652737472168526,0.013822349475587747,0.13299288235316878,0.05299065691770666,0.06069498668133405,0.10893501809488647,0.0534998216846789,63,False
158,0.11842407066630713,0.18904331768622343,0.017301915293623956,0.2589162961856476,0.044920675362654996,0.14702460938668446,0.039844223318830474,0.03956452075910475,0.09814915670254419,0.04681121463837911,4,False
159,0.10777929995394483,0.1592308915039643,0.04541874605954128,0.23165197565299375,0.014460934908507753,0.15497076803543294,0.058234515533036366,0.05967826468261673,0.11410486222620116,0.05446974144376074,63,False
160,0.10265109103623543,0.18680419803549272,0.05862139103682787,0.2210693158578509,0.05081256347170402,0.1313269407973301,0.031618981312598715,0.05175445553443456,0.1162460716432258,0.04909499127429992,63,True
161,0.13897520867193155,0.19401981454274667,0.030633837303912687,0.2439527824363292,0.015323345329255342,0.16362207182774832,0.040246105217337035,0.03616104080820667,0.10461759539201418,0.032448198470518434,4,False
162,0.10909186549879014,0.1779658624192736,0.04033343488415528,0.23755657279900166,0.04937902908332289,0.13075544987694618,0.04448923689045663,0.045682350431204666,0.11933685803213065,0.04540934008471834,63,True
163,0.10978652804316717,0.15949983164006776,0.05039379349319362,0.23125360579185283,0.03311205683734363,0.14227066583592843,0.04339274129896158,0.06327667186238328,0.1188344360809984,0.04817966911610329,63,False
164,0.1173755933546025,0.18440302312638687,0.03703956049148963,0.24064666593193818,0.02896154908592432,0.12869822705885614,0.022511888697855077,0.05515137974130597,0.11462132135645356,0.07059079115518772,63,False
165,0.12202047742858425,0.19497978892602133,0.037395334063381434,0.2597883120434402,0.02911170048275393,0.15227179199204943,0.03746390743192884,0.027521920419039305,0.10662909795987396,0.03281766925292733,4,False
166,0.14520757632416545,0.18037179572965234,0.03792737314506727,0.23425745709748358,0.026370834315729515,0.1462162179410651,0.032540361590178916,0.039154262302730246,0.10526495620231749,0.05268916535161015,4,False
167,0.11036583300364973,0.2016115892098662,0.04065281909212028,0.24726020251945713,0.03329369926582801,0.16895027362809267,0.019694999006053027,0.047823526189059634,0.09477018531107617,0.03557687277479725,38,False
168,0.10382945669133467,0.20946688901674126,0.03216490189193719,0.24815637975998206,0.03452323500330622,0.166704980739201,0.022379159935211154,0.04491795541327021,0.09967393386220866,0.038183107686807514,38,False
169,0.09335138059512686,0.18514771902732194,0.06031703762605874,0.23820200769280053,0.03568808534286798,0.1537370527403896,0.032136966147128826,0.06455370919068146,0.10020817396489848,0.036657867672725594,63,False
170,0.11245115830789597,0.1810614298418656,0.033715702031843695,0.25478570490466046,0.032818183914729376,0.15239109013260008,0.03734996545724439,0.04727309850847553,0.10015075933405257,0.048002907566632357,4,False
171,0.11662073432207296,0.1706111055574125,0.03753186326021665,0.2155015940582366,0.030716483971398156,0.14439948631019964,0.05301519823608524,0.0664345321653404,0.11226494222208173,0.0529040598969561,63,False
172,0.11400223233886372,0.16888007906036703,0.02812542129945904,0.2456363059216499,0.037974761300402386,0.14266790665343326,0.035471367550408604,0.060951318451217505,0.11071453557064992,0.05557607185354862,63,False
173,0.12391275421568977,0.17492536227557778,0.0466462115209641,0.23073623672866697,0.04269570493275481,0.1485129481185943,0.03870855777786521,0.047801676603945124,0.10544717748721426,0.040613370338727695,63,False
174,0.12776754846158442,0.19323288730615268,0.02833201325399645,0.24119251203410205,0.022641668022152093,0.16424604532252196,0.029327527799037176,0.05083200326116395,0.10732926044177557,0.03509853409751384,4,False
175,0.10369711485372192,0.17405316562860854,0.04760442286649225,0.23113742762432307,0.03477544297185293,0.14778601200022817,0.03858949645152605,0.06831669752052334,0.11094691302155113,0.04309330706117242,63,False
176,0.09955591359716279,0.18108655922427508,0.021597738984327198,0.260188772807928,0.009725246116692515,0.14458979786763773,0.03642778085320509,0.06278838857472836,0.13370236056784937,0.05033744140619396,63,False
177,0.09820871760176737,0.17039804604918377,0.03647776782702135,0.24792770589228216,0.02009195631704975,0.15814588496747503,0.03223059033998869,0.048306047292455606,0.1119540037598939,0.07625927995288234,63,False
178,0.1052195839786928,0.17050751577330067,0.0405581526019978,0.23342534597999198,0.046853927157876944,0.1610776827005613,0.03314609028031001,0.04628512642899424,0.1116432238080801,0.05128335129019416,63,False
179,0.11266446128600972,0.18574070697525047,0.04183771901854094,0.2259847394633876,0.027317747045886968,0.13997035589677842,0.03996534598454216,0.0576125911096946,0.11159303904430284,0.05731329417560621,63,False
180,0.1192831162699821,0.16326735297547798,0.04367546444068891,0.2253523704061811,0.03366249820749032,0.139038926207978,0.039683064333411316,0.06699385099806654,0.11373074842903078,0.055312607731693025,63,False
181,0.13796896008504353,0.17386042340844177,0.04151013573811863,0.22539398292383483,0.019545952807245727,0.1318277595158839,0.06166932126642182,0.0490657124404743,0.11046232904582709,0.048695422768708384,63,False
182,0.1164474017673787,0.1739900596991931,0.041788109424657875,0.24669692988581646,0.0360563930122206,0.1398743535174038,0.027723951028744653,0.043371479548608136,0.11095385181916649,0.06309747029681018,63,False
183,0.12182513488399098,0.18032056137528965,0.03816991382268498,0.21886581877166106,0.016060185350142604,0.14598732206257234,0.031615380390017295,0.06371983194078187,0.12846018528745645,0.054975666115402715,63,False
184,0.11436268823027376,0.19699399273647195,0.04558191884914077,0.26700973482484447,0.029683506333904933,0.15256180152561538,0.026147530670703703,0.037503535609267266,0.10431221989709302,0.025843071322684742,4,False
185,0.12360801638294192,0.1922398871995264,0.04640880481784605,0.2441731857886006,0.020997752867132128,0.144723956628455,0.049934514226713855,0.04165202155749923,0.09890132038323653,0.03736054014804847,4,False
186,0.13320851899216152,0.14539444103651528,0.03729626810257905,0.23915591475571202,0.022609454629392397,0.1476972891845779,0.048320546814252595,0.07262836392191144,0.1077375476787667,0.045951654884131256,63,False
187,0.11195060033455412,0.17288037173942183,0.046043997762246366,0.23971762817427408,0.03547733456587804,0.12570548965236486,0.042834472966140985,0.05099416890023922,0.1298293457536429,0.04456659015123763,63,False
