ID,strat_res0,strat_res1,strat_res2,strat_res3,strat_res4,strat_res5,strat_res6,strat_res7,strat_res8,strat_res9,ancestor,alive_at_end
0,0.11203244131265523,0.03488026874771026,0.10904435871477057,0.011573400782387187,0.02419925734347978,0.14335421733786324,0.1792780964794961,0.2575315722338591,0.012504719542644392,0.1156016675051342,0,False
1,0.10394381381471508,0.035740759465362426,0.11063984753961881,0.010237143854031155,0.006516645064071573,0.1511637502623258,0.18423663122508882,0.2673215474786899,0.0052396053159815765,0.12496025598011481,0,False
2,0.10022429371310874,0.03799833907396817,0.11003826776968324,0.004603433359663858,0.009375104892041464,0.15060411684668534,0.17566702995788328,0.283846426854393,0.02679881769450109,0.10084416983807179,0,False
3,0.09397923189810635,0.03210058963663022,0.11688999880655541,0.0,0.011405963857844575,0.16360366379354827,0.18604998110212143,0.2755335835194679,0.032614345245084254,0.0878226421406417,2,False
4,0.09243392743481225,0.03660956551810176,0.09829022466246738,0.018078399584481365,0.02519715295261494,0.14330035867408286,0.19185388887257218,0.26671523475968567,0.0,0.12752124754118163,1,False
5,0.09737180000715825,0.029139379369668095,0.10829535330946821,0.0112483158121496,0.011440098194991984,0.13580561752175185,0.18910951587122843,0.2766592182393565,0.03778746208073423,0.10314323959349281,2,False
6,0.08488041363712426,0.03332165771604517,0.11958090586481367,0.003114088329216052,0.011588468365542896,0.16108783706655605,0.18021043623018973,0.2746704719212217,0.0458894103722546,0.08565631049703593,3,False
7,0.09955226470659365,0.03309783079706649,0.1183144646586368,0.001004996498820408,0.00298670036555762,0.14324580333175232,0.20387727375316314,0.2723241761468878,0.0,0.12559648974152177,1,False
8,0.10316944611888772,0.02756896789843494,0.10906004963285588,0.0,0.001658265103041206,0.16624190567203798,0.1793784165904997,0.24691027717030706,0.03345846825453493,0.1325542035594005,0,False
9,0.10103775794054018,0.044611271259184786,0.11057352334252883,0.00967751761027979,0.015347176866098489,0.14098766124174067,0.17718870776382264,0.2675620961588913,0.014987311649488338,0.11802697616742494,0,False
10,0.09851089999247135,0.04277862323303759,0.11233825135131084,0.0,0.004772952669168189,0.1608939481224946,0.16997193741721356,0.2725791672820151,0.04547643310511675,0.09267778682717212,3,False
11,0.10565002097076484,0.05497524968831545,0.09987417186650092,0.0,0.018389378431209514,0.15188730959974941,0.18566277173172654,0.2670484385011958,0.008245941144080497,0.10826671806645703,1,False
12,0.05867447047357326,0.03849385920179822,0.1150675171134712,0.009713373766826563,0.0,0.1704063794348229,0.17961539741606983,0.2771004215197724,0.06619374347124242,0.08473483760242312,6,False
13,0.11037130236618037,0.03527206200123964,0.10072888778454389,0.0009738440834840969,0.007553279307821262,0.15097423414030742,0.1798648322357197,0.2858579090071517,0.01372702231283687,0.11467662676071505,2,False
14,0.10692882217175105,0.03705673537752283,0.10356994699299152,0.026090033128787,0.01272210694126856,0.1739917982376343,0.16343567838078793,0.2589331144175229,0.0,0.11727176435173385,1,False
15,0.08986611434780954,0.01897243898978599,0.09422339736719221,0.016562791803136988,0.015631438546673697,0.15928747909734334,0.19352335569741938,0.27334451460322595,0.013881555299760616,0.12470691424765216,4,False
16,0.10260741140310836,0.03773438045677787,0.10384306510329316,0.0,0.030685216951912023,0.15429126323455347,0.18333090251194656,0.25483787601762964,0.003994637538952906,0.12867524678182612,4,False
17,0.12320799326570944,0.0193761061971718,0.11437444534409313,0.0,0.0227037669497604,0.142858827687752,0.1763490321548556,0.24404707072814436,0.029536047247287388,0.12754671042522606,0,False
18,0.08388970686204535,0.037322661831815776,0.1306854790938775,0.00967622921111831,0.018847452126941448,0.16510844610234682,0.18793821759732926,0.25157944980253605,0.031557525744821124,0.0833948316271686,3,False
19,0.11182559735553387,0.037396329172516465,0.10007488299385398,0.0,0.028888425203300483,0.14386199466071092,0.18233386669417082,0.2739408967977338,0.0,0.12167800712217981,0,False
20,0.11993089082961488,0.027615612537415683,0.0832542060316321,0.002627236004947263,0.009843010647781448,0.15343292780498996,0.203970034492889,0.2733670371121196,0.013537810445761902,0.11242123409284814,0,False
21,0.12713099801171202,0.042897655795826474,0.10201390539736821,0.0,0.018634353629949467,0.1407116470169791,0.17917863750337754,0.2532556589776964,0.01836730543842755,0.11780983822866324,0,False
22,0.10002324526159012,0.03622809722528023,0.10586762377623855,0.0009479010190841512,0.025104830178953225,0.1543793599410944,0.19016784639781814,0.26204469657152263,0.0,0.1252363996284185,1,False
23,0.10121599094553031,0.034066385797690335,0.10968978323769582,0.018746488275701592,0.023244800807328273,0.12643311304161928,0.20764733434963956,0.25744479982891894,0.0,0.12151130371587587,4,False
24,0.09594101133611305,0.05029859290888298,0.0929325223306931,0.011569152598517608,0.0,0.16787250212381982,0.17333104583193343,0.2695895059314316,0.0,0.13846566693860846,1,False
25,0.11840400808282354,0.03283136023676519,0.1025053949661271,0.014205731226573405,0.03977066415525538,0.13935253863417202,0.1589924121997324,0.2591258381501553,0.02376713750603707,0.11104491484235869,0,False
26,0.11313209965960636,0.04270653564986059,0.10441288202840672,0.013197124303296092,0.0035745978031447604,0.1317131247056627,0.1739726170302374,0.2719145667106286,0.01971660947514656,0.1256598426340103,1,False
27,0.08873433586781863,0.048907100173259575,0.11694725035238517,0.007201338157277377,0.01805866387663095,0.1380216298425,0.18618536427115687,0.2622943244837353,0.0,0.13364999297523616,1,False
28,0.0875162261955078,0.031070930983023912,0.12655520645662555,0.007898207235024412,0.0,0.1490188273462163,0.201609352448016,0.26010474970130876,0.010137955913373116,0.12608854372090414,7,False
29,0.10133103412636692,0.042552700712834686,0.10749649411222637,0.0,0.012592366519926264,0.1444117014598228,0.1768324920334282,0.26184689697876007,0.0434042319090279,0.1095320821476067,2,False
30,0.12197995505787469,0.04897427282272754,0.10981689313416718,0.013016985781643241,0.007264632324860354,0.12393590644198181,0.19232777275631435,0.2652946145527534,0.0039022690764446604,0.11348669805123278,0,False
31,0.11515155559094103,0.033861460566691357,0.09868581133879603,0.014345846355916191,0.0036030297311516013,0.15779423898202977,0.18730929401595955,0.2515375647857292,0.010112664993946231,0.1275985336388391,1,False
32,0.09516661130455233,0.04503062035429089,0.09098727395870769,0.012861271376041877,0.03990377992949774,0.14121343209604456,0.18957352583341008,0.2579983315538667,0.0050505330395862556,0.12221462055400181,4,False
33,0.10268001077701229,0.03731164292858042,0.11783206451262107,0.006890979043149712,0.015944709530244513,0.15967189495339673,0.17815569829923394,0.24183708884301697,0.03072941681802747,0.1089464942947168,0,False
34,0.10131085395814149,0.03345974533547775,0.08651433510859664,0.00966987452640503,0.0346862641365281,0.1637974092911854,0.18369428869022522,0.26317793805545764,0.0,0.12368929089798276,4,False
35,0.10434209815758931,0.050879529498622886,0.1089475862875096,0.03630957236417066,0.027136835553166212,0.1465821508134249,0.17883279016851478,0.2451727089246375,0.0,0.10179672823236414,0,False
36,0.1026043639212617,0.04192255513900511,0.09777266465604179,0.006280939745232762,0.021252341241405837,0.14999129156777302,0.1819734506164322,0.27532030707671434,0.009709632072758226,0.113172453963375,4,False
37,0.09004591579648752,0.044837331694826184,0.10903324830511195,0.012695535094609564,0.03469907830154106,0.13033495552345012,0.18505274261796384,0.26520150599042336,0.011459347732223164,0.11664033894336322,0,False
38,0.09294525515948521,0.0477405679651109,0.12449633239892861,0.0,0.03273080535880968,0.14219037899816028,0.17290526727198474,0.2625168882552535,0.015428081804749671,0.10904642278751746,2,False
39,0.11113169153424715,0.026402156973154595,0.11889764982643826,0.0,0.03552123388798016,0.14991934646269323,0.16886633089699954,0.25950382280509876,0.016317231447030008,0.11344053616635841,0,False
40,0.0844004824515207,0.034516728037037765,0.12278398497933579,0.005765164732830251,0.011593402166611885,0.16112918138804116,0.19243498540183462,0.26859221198748445,0.0,0.11878385885530328,4,False
41,0.07112875498947702,0.03077135232225808,0.12381865003374552,0.0013999621004402983,0.009981387805201173,0.16840268853323823,0.1928663057252089,0.27263093503605,0.04008852320375923,0.08891144025062142,3,False
42,0.08589810157988659,0.03429394471470296,0.10704499436472145,0.0023672348986882143,0.03784233902202768,0.14617046038460094,0.16958763274144634,0.2776631616589594,0.04597381232632726,0.09315831830863908,2,False
43,0.09258474901626954,0.02455506484563682,0.07789953110066428,0.024260547318446124,0.039641490390598805,0.13699324800209095,0.19630433887053245,0.2781235385385575,0.004233592447296424,0.12540389946990724,4,False
44,0.10714636145954828,0.031743197346605176,0.1119666982346396,0.0039358370927946385,0.021765918310076064,0.14111790043400643,0.17478769962419885,0.2611122300917996,0.01316044539724818,0.13326371200908316,0,False
45,0.10545857124600601,0.020837245298606144,0.08906941916841446,0.006072132157521034,0.0033689262235610112,0.14653795869348882,0.17983573352623086,0.298397353717886,0.03390766674757173,0.11651499322071392,5,False
46,0.09231979673475367,0.02306516194261317,0.1074652228525652,0.0017008624643254015,0.011800869473828792,0.16687058266169036,0.1744200208581947,0.26811217663289855,0.06529337579353588,0.08895193058559425,6,False
47,0.09151465323033993,0.042022445695809194,0.09723827541608115,0.017051077200280113,0.012501894046290428,0.16198044079542917,0.1668999569120743,0.2894835251517813,0.033200806297264414,0.08810692525464985,2,False
48,0.09245259741120838,0.03937286399694467,0.09977783275801183,0.02124834377520437,0.024960806190625302,0.14126959798207628,0.1771523666265867,0.27256742338475654,0.0,0.13119816787458596,4,False
49,0.0986360550676371,0.0017538639482769986,0.09811952357344811,0.027316592702790497,0.024822596242243835,0.1444253825088684,0.19097323285014814,0.28217532995452105,0.03603724546978194,0.09574017768228413,5,False
50,0.10099999890646418,0.024020777615776145,0.10052251837892794,0.004660156637146623,0.011017561687014928,0.15065122187863003,0.18179959421798808,0.2807326653559364,0.03318016898431983,0.11241533633779587,2,False
51,0.11569491201396755,0.032288022099390086,0.13350123444468978,0.011294265581487582,0.03163923062254925,0.12287867576787877,0.1569388546973278,0.26721130012337546,0.0046013672716555855,0.12395213737767828,0,False
52,0.08407419578424617,0.03160013682779226,0.10925682495815321,0.006818126567857267,0.02029834084618761,0.15160645841969475,0.19701293426797264,0.2563243861071204,0.011074276346997335,0.13193431987397825,4,False
53,0.0830587830219315,0.04256113483672903,0.11503427963601975,0.0,0.011922181125921102,0.16116835911710461,0.1915374677404147,0.2765074064587347,0.02820766914450598,0.09000271891863874,2,False
54,0.10533132857618993,0.03323324328146136,0.10999480132894705,0.02271580483296396,0.022910342134636472,0.1439626629757497,0.190113923337858,0.24640056998893714,0.010727853500883329,0.11460947004237299,0,False
55,0.10308156103046673,0.045608690498813866,0.09616063564059628,0.013802850465617493,0.02779486934618721,0.14720842965777542,0.16965202611699048,0.27237826358857936,0.007065549872541315,0.11724712378243198,0,False
56,0.1174664306600193,0.03367355717735195,0.1090628128281112,0.012083142138303403,0.01876299968662634,0.14741142461644383,0.16577682121686899,0.26848539562568174,0.0037551852970561595,0.12352223075353709,0,False
57,0.09476756001520958,0.045304390486162464,0.10954933838098595,0.01060788988256409,0.0033338893923898993,0.1560165933720584,0.17990516927443992,0.28221480011539823,0.004611795758153139,0.11368857332263847,0,False
58,0.12037514066990507,0.03961326615871886,0.1281107162244293,0.0014340519746368085,0.018592323608436562,0.13353329928847593,0.16513001859530752,0.24948418447095397,0.03294058678399279,0.11078641222514324,0,False
59,0.12375548096658359,0.028897872521799168,0.10154169381913793,0.015713423004275882,0.020515084652273915,0.140319285313851,0.18857784326707822,0.264661134515096,0.0,0.11601818193990435,0,False
60,0.07584539377607238,0.04195779275203512,0.12366800623586029,0.0,0.0025860700344380433,0.16558005790794705,0.17684860179999565,0.27185264702560513,0.05731177758059845,0.08434965288744795,6,False
61,0.11558488226112455,0.03393234383401552,0.11221689025876273,0.015201449811091623,0.012659996143406198,0.1373688616538834,0.1819322037692155,0.29253007645715806,0.0037102048186600164,0.09486309099268252,2,False
62,0.11375447609563727,0.04054779462257364,0.09818860289877562,0.02104527369160566,0.01307014743886924,0.15519837626633423,0.17711828147037728,0.2693177805324917,0.005096684498314152,0.1066625824850211,0,False
63,0.11039113468401668,0.024638233084423873,0.11317408564654427,0.01805658822649534,0.017218938148198134,0.1507727904380673,0.18466296648028585,0.24523573251182984,0.02569420241654383,0.11015532836359493,0,False
64,0.09983716010551134,0.04915606441911395,0.09867366239849726,0.01455306703991233,0.025267480503274226,0.1310105255723496,0.18978502916313336,0.26822030610972125,0.0,0.1234967046884867,4,False
65,0.10457170512795803,0.019119750076402573,0.12794223501678628,0.0078228449898143,0.0060737240612968365,0.13334457963425306,0.1820863613737321,0.27827564741253324,0.02299453589688297,0.11776861641034055,5,False
66,0.11830501711059886,0.036717129637096384,0.11063535803671477,0.003907304860857892,0.01860064009319862,0.14393647788101016,0.17438354727418603,0.24470882477334052,0.022928635508784545,0.1258770648242122,0,False
67,0.10086878454082678,0.019794909396903045,0.10402476978690069,0.005088787776607572,0.00444318227529674,0.14275945810680427,0.2024391499666485,0.2763582111789051,0.03837457623321382,0.10584817073789342,5,False
68,0.1276804678208406,0.034009327866791186,0.12093942877761024,0.0,0.007683575238559776,0.14118841454592343,0.18433858703460085,0.25193995925810087,0.022938440856997068,0.10928179860057598,0,False
69,0.07337831723545603,0.04706881142132084,0.09411532295552796,0.027772091823040874,0.031202207287126398,0.14435297842535705,0.18759407151107246,0.26497113847898357,0.004504075634929336,0.1250409852271856,4,False
70,0.08254955173525012,0.02664879156574653,0.13267522358608538,0.0,0.00769922623878056,0.15708893378979502,0.1763082807452456,0.27244115641148337,0.059560545719575315,0.085028290208038,6,False
71,0.10169599732468482,0.03493298807205935,0.11933768791777218,0.0,0.016121464362932995,0.159691693992441,0.18025234923540304,0.26218929524656653,0.007060725655098134,0.11871779819304197,0,False
72,0.09192073009609303,0.04222734894843056,0.1243198913052577,0.0,0.011196036431200599,0.1556140819592105,0.19618054119991007,0.28889504952670425,0.01846925587038712,0.071177064662806,6,False
73,0.09718713589429878,0.02139293088351943,0.1113462941584778,0.001791230190155232,0.013265168457656726,0.13787103234924408,0.1901927183738651,0.2889124264490238,0.03649823532267746,0.1015428279210816,5,False
74,0.10014615613058502,0.03553180773375007,0.1086307552938904,0.0052586117707402805,0.007345141377273963,0.15337183245027552,0.18895149660934282,0.2858160119499709,0.04241967582498344,0.07252851085918753,6,False
75,0.10489010337490501,0.04526209708850304,0.11868188917946113,0.0,0.012029820897321028,0.1385450418428039,0.18195953253833155,0.2691908244243858,0.014647931240526518,0.11479275941376188,0,False
76,0.09502124940605913,0.02947428378177094,0.10859396238368506,0.017859991292900203,0.02818964513866473,0.1460836333991845,0.18932086804081222,0.26452728181328483,0.028945886801268295,0.09198319794237007,42,False
77,0.08154298903866758,0.022924405083402998,0.11858392404523808,0.0018230527000395002,0.0,0.16903784981857653,0.18384313678819633,0.27094272893650134,0.059217259659750617,0.092084653929627,6,False
78,0.13395948559907225,0.013654883006738824,0.12027955758638058,0.0,0.021938488250203045,0.1580343393020529,0.19053299588886255,0.2447598551729065,0.0,0.1168403951937834,0,False
79,0.09763146967503347,0.05425620677868594,0.09694498211954414,0.028020887355763288,0.04818759486405817,0.13604200770548297,0.14647701838256366,0.2559128333742814,0.022889841986824234,0.11363715775776263,25,True
80,0.09723286988436666,0.036161928019877776,0.11702797199989466,0.009626555725478072,0.036576631333965964,0.15502119260699235,0.19417014213847708,0.2432514581036445,0.0038251699700171935,0.10710608021728574,0,False
81,0.10897115662014034,0.025216416460349327,0.11489249412090657,0.038859406240608005,0.025964525198625514,0.13732976351917864,0.17052150697956756,0.25158756404315497,0.009633048395580573,0.11702411842188859,0,False
82,0.08910921445359443,0.012756302588988222,0.09935682804892587,0.02774830448335089,0.0,0.1400913251047264,0.19118607199946652,0.2970392825116136,0.027435849970238853,0.11527682083909532,5,False
83,0.11298778364342078,0.06535792185527145,0.10356411405483552,0.05191676966864473,0.013249536237304266,0.1576534632305055,0.16718475461852694,0.22527028461978224,0.0042786899624204875,0.0985366821092882,35,False
84,0.0982958968085909,0.03659223433699874,0.12398495745678727,0.028518347436180938,0.01717206297961348,0.13370332852150446,0.1761902072548961,0.26432013720915665,0.02662191747094596,0.09460091052532554,5,False
85,0.10670195889407864,0.04842826157356468,0.11977950044703632,0.004553991947386575,0.025447136913007373,0.14058826639917527,0.16093952748647958,0.2511401045641947,0.022937037203653407,0.11948421457142341,0,False
86,0.13024793196888662,0.01998417120719298,0.11837605749991356,0.010662756237479278,0.029589675526467196,0.14795430657283534,0.1784728364716685,0.26986731887006343,0.0026566399108190314,0.09218830573467404,0,False
87,0.09785198794429939,0.03597191343800599,0.09606926865880308,0.0,0.0038174255130918725,0.13492327260687342,0.20633313137138806,0.2706677531397538,0.05157457822315893,0.10279066910462545,5,False
88,0.11521410734752086,0.045267542166268174,0.09618837494125992,0.02051688757681253,0.03539972918964232,0.14408495618807354,0.15809153855098793,0.2449226698495373,0.030014735317750695,0.1102994588721467,25,False
89,0.12422422518804684,0.0199568848299398,0.10707132149653985,0.00620553964588264,0.03847655811830023,0.13497462202950458,0.1600069741231894,0.2621453962073919,0.018880820846699935,0.12805765751450487,25,False
90,0.10065561862839405,0.0382248903525747,0.11067832175674869,0.004680902561122449,0.02889779805953312,0.1487105552282182,0.1864672612310643,0.2508975935062954,0.013300652306173232,0.11748640636987566,0,False
91,0.11707904332575761,0.02913824262123698,0.11682216695867578,0.0,0.02675117095947329,0.13401773533131323,0.182444680721483,0.24892012173018402,0.032316114206876634,0.11251072414499949,0,False
92,0.09134757203544253,0.039422194822243094,0.09626643873096767,0.019200296041072255,0.01612782134619631,0.14835578190568138,0.18671390309482103,0.26297681597934763,0.0125269067329456,0.12706226931128256,4,False
93,0.09806138772409631,0.028278499845073517,0.07940838861172227,0.018483700099455883,0.03636458100257895,0.13791963554775988,0.19432169083960454,0.26089369680646374,0.0,0.14626841952324482,4,False
94,0.09651419312500602,0.04278828145871522,0.11913349044914028,0.007610262536593322,0.015760636493883103,0.11600267247506918,0.1882378119046462,0.27583173155083196,0.03831404699967959,0.09980687300643533,5,False
95,0.11144473394034002,0.04594772878134628,0.1039438274771453,0.0,0.004875679456517594,0.13118832248396012,0.2081609753474989,0.27736392929407583,0.026678370397284257,0.09039643282183177,5,False
96,0.09087699120326438,0.03213932307419362,0.11917773819779763,0.0,0.013912062566702995,0.12124361447553475,0.20197248425726022,0.27938290850957803,0.032198467301782906,0.1090964104138854,5,False
97,0.09623051746516158,0.035832982446490406,0.10958033882780138,0.02535778188808862,0.0008849098096862088,0.13560231289605199,0.18441697591756584,0.25786209882155303,0.04732863594596897,0.10690344598163187,5,False
98,0.10389405600971066,0.029012350119590233,0.10713412999994112,0.01840837848977991,0.007272831556967703,0.12601268187286388,0.1805555680423173,0.2786417479226768,0.05365159732087548,0.09541665866527682,5,False
99,0.09189152806062932,0.028100648177725056,0.116139737293569,0.020360530570900877,0.012702018673448334,0.14348516254204735,0.1887069377526677,0.2751669886781104,0.03732114592996758,0.08612530232093427,5,False
100,0.07869603944876565,0.03713125511619368,0.0999144966036801,0.008679815380056228,0.0191141980227459,0.12947733529468994,0.18917426217693384,0.2756639920234888,0.05392558319954921,0.10822302273389671,5,False
101,0.10705471791355303,0.027423676831744192,0.103658996226437,0.01663996200140207,0.012473880255836078,0.13787482668829198,0.18931389758154102,0.26038653956600677,0.03598700750471225,0.10918649543047547,5,False
102,0.116663187806416,0.02271232393966386,0.11016294628964086,0.013152063035776559,0.04333809091020439,0.12976072829933377,0.15836571033293942,0.2630977176192747,0.023407241972387343,0.119339989794363,25,False
103,0.10475260085521539,0.02821897224455979,0.10513428579503983,0.02770458666459455,0.039919315089851796,0.1343179944270726,0.15015325586142111,0.25321748359598023,0.0255430999150442,0.1310384055512205,25,False
104,0.11184617996717168,0.04246107964483749,0.11850538104315628,0.0011561870849112973,0.03822827960303562,0.13505547415083904,0.15547383027341657,0.25374378054788665,0.018680426968854302,0.12484938071589091,25,False
105,0.12460798259833582,0.028172150677270438,0.09674945305520218,0.011743041957746371,0.05059787238747711,0.1356144999312742,0.1585250701622974,0.25523530248912324,0.03384490920260838,0.1049097175386649,25,False
106,0.112396882493779,0.05062784087859026,0.10317529167146912,0.03702957410997759,0.004851168999991966,0.1455444494064931,0.18623033660296426,0.2593393333423246,0.0,0.10080512249441005,35,False
107,0.09093413354400025,0.01688768096958516,0.07635595245114406,0.0474144328031076,0.0280802916549217,0.13823868164479208,0.18555594159149963,0.303005431222121,0.003438070190335657,0.11008938392849296,43,False
108,0.11274696398066728,0.021274019852611674,0.10232758004718422,0.0009581320336902933,0.026443396751781385,0.1434221312326791,0.1994390350094726,0.2685838997701778,0.017002610793927914,0.10780223052780773,0,False
109,0.08931696507896886,0.04078321333349669,0.0904720800209372,0.022740181907980446,0.036174791838393505,0.12908597676172473,0.19236135343760047,0.2650814220224375,0.0,0.13398401559846068,4,False
110,0.08318618083958852,0.023538817045413277,0.11291283139530857,0.023553823741193622,0.01092200787025867,0.1304017622803014,0.18187220719353575,0.28670422289800834,0.050884880648900774,0.09602326608749112,5,False
111,0.0997036603227109,0.05656328301274743,0.08816452299231377,0.034650827979470195,0.03376038679379725,0.14037241591463134,0.17665307692183088,0.2527698166464487,0.018750520903654925,0.0986114885123946,35,False
112,0.11247089473707719,0.06140632344789471,0.10553540753201703,0.022904771922091175,0.03616415589514617,0.16062580276784733,0.16965216377447645,0.2346078923505896,0.002652557424462547,0.09398003014839784,35,False
113,0.08591306633483355,0.03503814773498896,0.10677817135622576,0.03202087565303382,0.040167347517473466,0.13215157947050313,0.19205515593581074,0.2576205874855147,0.0,0.11825506851161588,4,False
114,0.09009850842208372,0.05119642823551538,0.11740207103227601,0.037734513658707496,0.028442143406690906,0.16231023006566495,0.17590109203101595,0.231585026130549,0.0,0.10532998701749666,35,False
115,0.07836518985653905,0.05868178918069435,0.11208874972994048,0.06287972993362505,0.01571662631138996,0.150845163663774,0.1816717582932931,0.23604098148516045,0.0017372480626326409,0.10197276348295098,35,False
116,0.11481903406330855,0.02761671542258079,0.10031208816641772,0.04872052426827694,0.03820134256094027,0.14086324195804903,0.1745911679124797,0.23303870983108133,0.010909397471269703,0.11092777834559601,35,False
117,0.0987060626888622,0.060621507261172936,0.11549992667872247,0.016866450405713076,0.014357809761781127,0.16309706690448242,0.15061069196842364,0.2503596934925547,0.02149860630443368,0.10838218453385359,35,False
118,0.10510370937776324,0.04844000874280267,0.09928885926373913,0.04252131896612537,0.03016719092537761,0.17073664699262545,0.16735386795060977,0.2295996013699024,0.0,0.10678879641105431,35,False
119,0.1056482620759637,0.0517279226080106,0.0983020416455996,0.018762265580593622,0.02929793972188135,0.14560285370730836,0.19162972754815324,0.24827057949554665,0.008442285867263068,0.10231612174967984,35,False
120,0.1000753843078738,0.03468733482805768,0.1143799704037405,0.026450147858165778,0.04099564203413112,0.15028240095301082,0.18451797943805615,0.24481369096690894,0.0,0.10379744921005522,35,False
121,0.08961863612818798,0.032130243894401236,0.09757060402771556,0.022922254303939373,0.01359077151171687,0.13438021612516493,0.18695652710761243,0.27061588001965853,0.037515100555180106,0.11469976632642293,5,False
122,0.09457863381946989,0.04899484388135877,0.1152137091830418,0.04684061042298417,0.01819753112377791,0.16063855468753868,0.16818350878217345,0.2540649445497216,0.0001395157121693511,0.09314814783776425,35,False
123,0.09618924539733076,0.04569690425513788,0.10193882153115635,0.041181861928072876,0.033359340451336955,0.13588114844038776,0.16632797137550168,0.2517343326321546,0.027166442540982095,0.10052393144793897,35,True
124,0.12220285349497373,0.058546316520787324,0.09598471782351313,0.0392761701808274,0.04298896805983406,0.13356230048912257,0.18326419772457506,0.23444393198334906,0.0,0.08973054372301764,35,False
125,0.1141503734766765,0.030220568657997507,0.10469919694021892,0.0521991098249366,0.031372222458567876,0.1425233687824843,0.18129794987929918,0.24751300633115236,0.00021103116707089228,0.09581317248159604,35,False
126,0.1081844035232445,0.01355170069435509,0.09719930496043051,0.022477149239075143,0.02419704285638289,0.1434198968449098,0.19012892520955604,0.2855864329162273,0.03815146315654468,0.07710368059927405,49,False
127,0.09219344288778433,0.0,0.06899615765650198,0.013880772614993639,0.047640909945688446,0.14712442425952363,0.1912431567072835,0.2906173093024356,0.0245729570231258,0.12373086960266318,43,False
128,0.10029343710371208,0.05755253941093337,0.10668352419989222,0.04590878657524511,0.02683883094400409,0.1378609124436352,0.1750064475738927,0.25230958660367986,0.0,0.09754593514500547,35,False
129,0.10435103815410807,0.0371408503833523,0.13559656433624637,0.02729778304302228,0.022070649817170364,0.1355630727727384,0.1647058412224895,0.2493003357141701,0.0,0.12397386455670274,35,False
130,0.09495321264820754,0.005352985476575089,0.08882251293539559,0.026249894283838594,0.02860436271813081,0.14507552770307078,0.18881206385132657,0.2796970939143057,0.02861772709813588,0.11381461937101338,49,False
131,0.11544180760454859,0.05500442687694853,0.1102801636353146,0.028315470577742367,0.015562669824898049,0.14666145817624743,0.18241003398503708,0.23847705755864787,0.0,0.10784691176061538,35,False
132,0.09356911425663406,0.006871219263330432,0.09492847209992386,0.04157966038984226,0.025472666141695216,0.14734004734896028,0.19240086438108175,0.2770146636467309,0.035524715513810534,0.08529857695799063,49,False
133,0.10282176471863652,0.0,0.10225557265135715,0.025974606810112655,0.01592323045248704,0.13836806792469877,0.18171402578549437,0.28823727673415317,0.04047202881336344,0.10423342610969696,49,False
134,0.10949815709822498,0.052467408072283186,0.11458900595981908,0.020554546613610444,0.028287826406365825,0.1648532220470366,0.18022076233099613,0.23335132166841743,0.0,0.09617774980324634,35,False
135,0.0913047988038047,0.04685831814917011,0.10916375711123383,0.037142305237132085,0.024807270623820692,0.15398991355581357,0.16769887781209178,0.253323185152174,0.0,0.11571157355475915,35,False
136,0.10714872003316613,0.03436666025211578,0.09418153559398677,0.022425248606277762,0.0416005960248893,0.1561638327083436,0.19157249221979003,0.24669088198100309,0.009030213013117828,0.09681981956730973,35,False
137,0.08802753290920315,0.06070508295903872,0.09187439883128808,0.05677246064979928,0.04402369391501398,0.1368345784592736,0.17506434833453444,0.23677744242891613,0.0005310325659084122,0.10938942894702422,35,False
138,0.08125631616586905,0.03667680921826525,0.11915383459269956,0.05380506879322398,0.02646652848929806,0.1424467361998025,0.18377074663919946,0.2530316729705695,0.0,0.10339228693107251,35,False
139,0.09861432148961781,0.07454038258760125,0.11340137769755253,0.04658867293552727,0.027447910019119844,0.13333757933232462,0.15185879736007543,0.24098064389233767,0.008808833369849738,0.10442148131599374,35,False
140,0.10753693947656123,0.056342710181483416,0.10986256180138639,0.05595556104609089,0.0230877345143335,0.1569598141149525,0.17095934286929385,0.22132102713410143,0.005381702452456086,0.09259260640934049,35,False
141,0.09738592426051275,0.05585580694227425,0.10095359621940757,0.025291353623423475,0.029413604098350976,0.14492001384523964,0.17794314910661738,0.2567566014375321,0.00695314143267051,0.10452680903397137,35,False
142,0.1044022199286062,0.0010870701536460645,0.08420427642567005,0.026268636901043172,0.008607380112067402,0.16562833067500005,0.19682952841809717,0.2628250140712814,0.038792019494275236,0.11135552382031313,49,False
143,0.09684154835926805,0.0,0.09407689546706786,0.02714996120050835,0.03026268448491239,0.12802235914069895,0.18906467512835423,0.2895971478620914,0.05515987870653327,0.0898248496505655,49,True
144,0.09848098372097022,0.0,0.09101674306041065,0.0347958338485039,0.04213505925753325,0.14709713330345892,0.18441609852975469,0.27595546647318675,0.0379386633114832,0.08816401849469846,49,False
145,0.0959112768852092,0.00017691783442771728,0.0976567881180969,0.029169709598144133,0.01438093738653643,0.15817663399560108,0.19708759747811858,0.27475001762017714,0.039297587016351776,0.09339253406733686,49,False
146,0.10980213874662985,0.053505910615988146,0.0984463512075993,0.008255459962157199,0.04152933993994923,0.14687109477861088,0.14587037811133133,0.26222367140876324,0.034467041082935294,0.09902861414603542,25,False
147,0.08729613943584803,0.0,0.10020122506368231,0.02878650315463009,0.021171745112240993,0.15525881480900297,0.19276672269164496,0.2893189880176125,0.04390747096094652,0.08129239075439164,49,False
148,0.10157843149311564,0.03868418313177941,0.09502084044624218,0.04085146661177582,0.037603401814971696,0.15581833246680188,0.1628687964161091,0.25157398966710043,0.0,0.11600055795210391,35,False
149,0.10226022083114779,0.06603808788329804,0.10422606094815194,0.04575314738448503,0.04308720754198037,0.13938758824342018,0.1625165788598656,0.2454626079648874,0.011327030390251373,0.07994146995251221,35,True
150,0.09328442749165168,0.0,0.10935522663908567,0.025368986413231334,0.0383664490435834,0.13257079223233686,0.18652843076595882,0.27951327788908437,0.03993620777855793,0.09507620174650999,49,False
151,0.10633213369386814,0.04765957439229012,0.11251701149853109,0.026185606993676502,0.027464393619044226,0.13004961250290295,0.19022988511655975,0.25841717337752496,0.0012942809496104461,0.099850327855992,35,False
152,0.10482133818658085,0.03496073341558631,0.10339417934600359,0.04576960144441265,0.021254236451598116,0.15407787159658692,0.18910134598408826,0.2464662479934886,0.0,0.10015444558165472,35,False
153,0.10989967808788571,0.06935382829977269,0.09916926813698106,0.041780686958956134,0.011979860966074098,0.1577969712730946,0.169209761955468,0.2383088585956902,0.0,0.10250108572607752,83,False
154,0.11079239570140671,0.06298337348879222,0.09123853141078431,0.03183157808671695,0.017570294431825787,0.1387005754099071,0.19004937313818357,0.25431105282316585,0.006307203188099649,0.0962156223211179,35,False
155,0.09480990003512695,0.03974334284559748,0.09773310995958287,0.01984599765864905,0.017791610270450498,0.13329874416665924,0.18230431134085479,0.2848027934760855,0.04681987927545421,0.08285031097153941,5,False
156,0.10297851819099466,0.036752945575055346,0.11621788541621547,0.016877429455220725,0.00715405089175497,0.15036304216292445,0.18308341003884515,0.27843306205010765,0.006442070646009364,0.10169758557287228,35,False
157,0.12266616958669282,0.0,0.09752068197333252,0.021525655748173427,0.011128964956875582,0.15400912803678304,0.18805368349696805,0.29197029871298996,0.03190007327396975,0.08122534421421485,49,False
158,0.11023806737523305,0.040550703461225523,0.09285949441016188,0.04569908131968578,0.03252425926134692,0.1414819467646027,0.18846091702826945,0.24020254638645513,8.562364835149943e-05,0.10789736034466808,35,False
159,0.0988710119553759,0.060497371102239926,0.11223467643347917,0.03813164246687296,0.04310396833135458,0.145874839560473,0.16935920933850337,0.23414004756594817,0.0,0.09778723324575306,35,False
160,0.10527927969634851,0.009665478136769382,0.09993678379151816,0.029364922032384205,0.015373758296916874,0.14085779760446196,0.18958940293034865,0.2868222070316828,0.02549388327101206,0.0976164872085575,49,False
161,0.09949146516397511,0.0,0.09994068980160747,0.02771894867296279,0.03966599832847688,0.1391934071236731,0.18380987517085529,0.27302542758789816,0.04461484697617955,0.0925393411743716,49,False
162,0.09925016409674077,0.0026223555561700252,0.09793618098432472,0.03988326787696494,0.020407441977163154,0.15370617873866588,0.18354265128579197,0.27474247089510845,0.0399233285034633,0.08798596008560675,49,False
163,0.05547113427441274,0.03627946344583809,0.12461244516234829,0.0,0.012989771200056227,0.15630993025303333,0.18661652537900347,0.26571806105870216,0.07870542017921797,0.08329724904738778,12,True
164,0.08005405764115908,0.00890285311111144,0.10322036877941439,0.02757349244464169,0.007048413626351676,0.15201847095990756,0.1984311017757601,0.30950107252323883,0.022326092833123402,0.09092407630529188,49,False
165,0.09180770614034961,0.04947248014611072,0.11784317771396352,0.024130451283534197,0.015263026755221037,0.12577531889537932,0.18152371302255638,0.26017148678862106,0.007504205888961734,0.1265084333653024,35,False
166,0.10244819670007087,0.0,0.09701329709448031,0.02070689999861133,0.024143167159838868,0.15870893756397533,0.18029482052358548,0.28219693970807,0.047662120352268744,0.08682562089909912,49,False
167,0.100381525708403,0.0,0.09079087872452037,0.02602612830511766,0.015051425589280474,0.1521312979017824,0.19029562467405464,0.27443870187512637,0.05617732302820537,0.0947070941935097,49,False
168,0.09903705018009268,0.010445661376590452,0.10585695834989414,0.026726729710628377,0.01744435460698125,0.13662131555136806,0.19364165415598006,0.2866484638023131,0.026720703777943333,0.09685710848820851,49,False
169,0.08895501834616013,0.012622085202491286,0.10717899345582624,0.014250408232370749,0.03745539124096455,0.1477156864388994,0.19145134671941486,0.26090792996773876,0.04517910211444408,0.09428403828168984,49,False
170,0.1113493698558244,0.03821542079193232,0.10601609562093905,0.0250124593034485,0.017807694068581518,0.1651199869911599,0.18398171084856701,0.25563802473599445,0.0,0.09685923778355293,35,False
171,0.10849997860652802,0.008500093784792375,0.10859802599990323,0.02913400977850912,0.00958041462357695,0.15296967527933483,0.18231104219454602,0.2894849364835514,0.027304720945304804,0.08361710230395315,49,False
172,0.09517194486831548,0.0,0.09085187971615911,0.044416185867572094,0.02165853272588685,0.16186098057014892,0.17222213753136092,0.2788423786325323,0.04016975622665068,0.09480620386137358,49,False
173,0.05465523170337046,0.03697564036648421,0.1141084016910401,0.0,0.0,0.1753206474009932,0.19291612855926502,0.2870136981650406,0.06275996877530104,0.07625028333850556,12,False
174,0.10134299484445847,0.046656453589851925,0.11479220668443438,0.04169439809668399,0.02547907606736426,0.13809574610092978,0.17377879636723328,0.2505734879555281,0.014007048340819207,0.0935797919526966,35,False
175,0.0978697888146885,0.0015236051855129602,0.10872903316504377,0.025358248709719946,0.01088454310904651,0.13771240324502318,0.19187345263275934,0.2862459480892175,0.036175726672520205,0.10362725037646808,49,False
176,0.11644177337917265,0.0030280052011806063,0.09456893675728498,0.025604962465699144,0.028384338814542144,0.14071775567827624,0.18354350457040003,0.27936035376810536,0.04421055457971786,0.08413981478562102,49,False
177,0.11005743142580135,0.009333665706025018,0.1074795868582151,0.015218093675463491,0.024459822385274277,0.12324523821473679,0.19124471944781718,0.2676655964044058,0.05052958372304959,0.10076626215921143,49,False
178,0.10769077979559125,0.003007257628822662,0.08967925534178929,0.03318652923259662,0.03408802225205308,0.13678020978114816,0.18080300531547708,0.2746716468845442,0.051299170478219865,0.08879412328975791,49,True
179,0.09353026405898579,0.0,0.08816983887022277,0.025762518638787018,0.01625739787339989,0.1530991436872346,0.20314753584491416,0.2829617064065484,0.04790135541929473,0.08917023920061266,49,False
180,0.09834534601403418,0.011446576702636671,0.08240121863902643,0.04658462173104039,0.030735911766310325,0.13122029226880935,0.19636177863709142,0.2753958060721136,0.0421172284689453,0.08539121969999236,49,True
181,0.09932765984252556,0.0417318675866098,0.1002370782517278,0.038765974888164946,0.029226885083680054,0.16069139625464088,0.17601102273634645,0.23974661226416236,0.00883707326982078,0.10542442982232149,35,False
182,0.09906964654180361,0.0,0.0959180016984336,0.0192875890411845,0.020483603329473268,0.14022873258690496,0.1949008966226398,0.2932698025736946,0.0378483690329267,0.09899335857293888,49,False
183,0.11713946035455339,0.006846845337138756,0.10515353156305775,0.019007731873039863,0.003322358339645372,0.1433840937927706,0.17502401496711187,0.2925924235070565,0.040876411039016035,0.09665312922660997,49,False
184,0.10020065693249254,0.009336119576079523,0.07979833748026476,0.02542197804347183,0.0240605081639898,0.15058796784351772,0.19360857577587487,0.2833954897068635,0.035048379771098766,0.09854198670634674,49,False
185,0.10048281412660273,0.00044989106283437963,0.08830298196980556,0.021387905694411513,0.02980444020348471,0.15700300938325243,0.19461730005926048,0.28143790511664746,0.03868304479083139,0.08783070759286947,49,False
186,0.056154643455843076,0.046367195890700624,0.10344452793882852,0.006395062656789962,0.0,0.17332328800185068,0.17984475740123435,0.2767958559716212,0.07635164879078571,0.08132301989234587,12,False
187,0.11758125964232655,0.07842400761940169,0.1042856902623401,0.0436548540533595,0.017892149148322274,0.1498197063725862,0.1660178559220713,0.21974499505537384,0.005453132808550467,0.09712634911566806,83,False
188,0.10705212080535376,0.002588869305460312,0.09568570315753308,0.03487678129961517,0.02227206175473357,0.14991457352628246,0.2046958147065222,0.2565177278236573,0.036028885165144006,0.09036746245569828,49,False
189,0.09323786854484414,0.0,0.08967242426513769,0.02875725728707064,0.02557431949950677,0.14785186316819532,0.17750486003913443,0.2982274401620211,0.03966777146158819,0.09950619557250188,49,False
190,0.10285601750099718,0.0,0.09794425738294155,0.0465616474944711,0.01031143936438388,0.1345001053608908,0.18600357560369998,0.2973762469110786,0.02793501187185809,0.09651169850967885,49,False
191,0.09236141985956987,0.008055529455398926,0.08849026027055575,0.031500218937821296,0.015214884784275387,0.1433276781374174,0.2075646715732362,0.28100579866344016,0.028750901982789834,0.10372863633549519,49,False
192,0.10292217538439989,0.007298729605634955,0.08907971079511609,0.0404781713047422,0.020333419101103103,0.1486197535124195,0.17407481997157082,0.27728783238046756,0.04777790645248804,0.09212748149205785,49,False
