ID,strat_res0,strat_res1,strat_res2,strat_res3,strat_res4,strat_res5,strat_res6,strat_res7,strat_res8,strat_res9,ancestor,alive_at_end
0,0.14594068152733364,0.06382575214090883,0.10738423696246192,0.003038974490877305,0.02156307866969441,0.004509438821446498,0.15135882667010395,0.058456159655730276,0.260602724750802,0.18332012631064135,0,False
1,0.14304585137465856,0.05614592135872964,0.10162393062827398,0.011542535012321931,0.02092584555021851,0.0,0.1494028350275401,0.06371291362140581,0.25837061873356226,0.19522954869328932,0,False
2,0.14774589721695278,0.0787679722795321,0.11075720591844322,0.02273479816994915,0.01658429995757276,0.0,0.1468218303418278,0.05447864082498998,0.24361200479329567,0.17849735049743654,1,False
3,0.136782236799365,0.10329497275409436,0.10780393521766654,0.035247803308542505,0.01682390620380874,0.0,0.1322340242780359,0.04820626062113894,0.24304504350068185,0.17656181731666612,2,False
4,0.1457819990137603,0.06967355716902981,0.12472451493971345,0.02271626450255609,0.015009062918866011,0.0,0.14376023433702406,0.06352693876944167,0.2342916158385614,0.180515812511047,2,False
5,0.14707384739501875,0.08483475903409743,0.12191635856438142,0.029621219423937178,0.0024036969075034898,0.00979154424374807,0.13354176360650735,0.07640201673016857,0.23146102075295405,0.16295377334168362,4,False
6,0.1394793321268111,0.09749540046016432,0.10207110475460798,0.036843204294350576,0.008901412364472991,0.0,0.1424399093407219,0.05538805296745958,0.24547802883473202,0.17190355485667955,3,False
7,0.15238363445660225,0.08046195871546062,0.1241082030274228,0.03448275960137474,0.0,0.023320798385032933,0.12491603507957036,0.06287274448693356,0.23821053445477294,0.15924333179282968,5,False
8,0.1530802338000929,0.054730534143868845,0.09035214861695234,0.0,0.026599141263061957,0.0029680304515222592,0.16390312975667523,0.05085874996922149,0.28703927750350483,0.17046875449510027,0,False
9,0.13737127161713186,0.07133124010205358,0.11737368921711927,0.02513276050502455,0.025714564563159303,0.00452773289414527,0.12155516088860242,0.05842614899253933,0.24762442257477468,0.19094300864544975,2,False
10,0.13684007407043236,0.0714263786938058,0.10832226594437638,0.022563748320344135,0.027620165751635846,0.0,0.15654521192699272,0.03795092742390493,0.24043015427784925,0.19830107359065852,2,False
11,0.131680741051047,0.09470096292596253,0.1169184058530257,0.036986386408268505,0.002334987023909393,0.012711155094038792,0.12861683092248336,0.07742927551812913,0.2383027837241463,0.16031847147898937,5,False
12,0.15404840316739724,0.10308714660817261,0.10925581560211217,0.038704668280128564,0.00977920924787728,0.0,0.11574331115878249,0.036283463132283575,0.2513018634423317,0.1817961193609144,3,False
13,0.15603979204978116,0.038137537260630405,0.09577866172982546,0.009306307116444857,0.012142594104724114,0.0,0.1382884439747788,0.07105507318561681,0.28583856753144304,0.1934130230467554,1,False
14,0.15697145940169696,0.09706031407690671,0.12048241347282894,0.008514238730198489,0.015955148078137294,0.0,0.1334861515091851,0.04930495984602545,0.239979988574667,0.178245326310354,2,False
15,0.15638241488285787,0.056219072170330085,0.0934039444109651,0.0,0.01779737392680681,0.005258006377378047,0.1493388172458452,0.06498764069831804,0.25502321549545515,0.20158951479204354,0,False
16,0.12698696641624996,0.10171701682656965,0.0977709741010688,0.03789814666426277,0.0072245372862838235,0.002373329455029278,0.11693756029557582,0.054972369347949815,0.2568234466409633,0.19729565296604692,3,False
17,0.12977590824906884,0.10439614430988056,0.11036109000683712,0.04119991401743945,0.01562547985638586,0.011157789918539563,0.13773426493587165,0.03215928682401661,0.2478574682543192,0.16973265362764106,3,False
18,0.14529965651817242,0.06680721966861015,0.10365876406609592,0.014154066185616291,0.014509747089482418,0.0,0.15114266521750178,0.059828233882714014,0.25820895097579144,0.18639069639601574,1,False
19,0.1439744341745314,0.09960335429558906,0.10701736702357757,0.031033333818393592,0.021863732548538118,0.001774510604141056,0.1416192055466834,0.04806097878121523,0.23244964491615278,0.17260343829117786,2,False
20,0.13925252274792477,0.07548936807336787,0.11096224841103468,0.0,0.0274380321525948,0.007041879587161534,0.1489194970861112,0.06019108123533897,0.2549233441248831,0.1757820265815831,0,False
21,0.1361720156720896,0.1255562631294827,0.10493859742980977,0.020864079130056216,0.0172905469023036,0.0015165087924102574,0.12860867598373268,0.0367561837416194,0.23785796456845562,0.19043916465004007,3,False
22,0.14678697190569975,0.08187413818606323,0.10424424965044413,0.026375854007408727,0.014457441589625341,0.0,0.14815229638261204,0.06020150582820874,0.2446410755844047,0.17326646686553324,2,False
23,0.12464181470228075,0.1029056875643787,0.1218207034839189,0.042838548662603,0.015047110676781696,0.0,0.13089548267648082,0.03786856164469917,0.25010205056326246,0.17388004002559457,3,False
24,0.1306427108599829,0.07968421804723999,0.11061435648711568,0.03103608261856311,0.013813196121377217,0.012345608374547155,0.14015252869783104,0.05432563336811444,0.23765953360143288,0.18972613182379552,3,False
25,0.1482550122855784,0.10232045747352445,0.10507892031094386,0.04568460390864171,0.02639455940149973,0.0,0.11132700691929283,0.05060177134934926,0.2329101781115311,0.17742749023963855,3,False
26,0.14066194904645826,0.06652721012237783,0.11289019759320691,0.02917129772826202,0.024364322404712816,0.007423083398201198,0.13872223064710404,0.055210685634819595,0.2376599745848643,0.187369048839993,4,False
27,0.15119467375299997,0.07678454831553211,0.09927615035325184,0.024842843358330462,0.02468228265454325,0.00952104495093857,0.12442321509009488,0.08227238456290524,0.2501271542666758,0.15687570269472784,5,False
28,0.15105054217568337,0.10302498557265367,0.10905658616257083,0.025085043533681562,0.0,0.00995280594108997,0.13979689054082986,0.0470183783156981,0.2565720622706996,0.158442705487093,6,False
29,0.1421003927723595,0.0940528416682105,0.11020054763461025,0.021499810853910246,0.0027798196777360003,0.0,0.15511930855580539,0.061588036432590566,0.23213165816353235,0.18052758424124524,2,False
30,0.15292779009430504,0.06631667727270524,0.10574820220925424,0.0,0.016533986329703786,0.0036090678892977614,0.15007872273459485,0.051787283517245056,0.2607845504651546,0.19221371948773944,0,False
31,0.14223285654655132,0.05861768459462057,0.1354016590255887,0.013023941012951243,0.008713914864463174,0.01391256124667555,0.14103787986673996,0.044266281321322626,0.2331218122693366,0.20967140925175015,4,False
32,0.13615908791929615,0.05602659131349961,0.08406462445721513,0.022701971178731774,0.04482222981337691,0.010071920168101408,0.14676963971091211,0.06905606306363947,0.24222363315748857,0.18810423921773886,1,False
33,0.15196759944672014,0.06810200344048022,0.10246603148633827,0.018122188722548133,0.011075772263995054,0.0022804668685752236,0.1365092701244928,0.07245365739369795,0.24613687797603684,0.19088613227711526,0,False
34,0.13158817847050333,0.0664140459185908,0.11837631053362868,0.01652276666300376,0.018840184814338024,0.00962903495890493,0.1248637542224201,0.06732572582498886,0.2564547366181072,0.18998526197551438,1,False
35,0.1586803165035749,0.05636397090982454,0.09947565542182572,0.0,0.029873304813219446,0.0,0.14210692609558537,0.07311072318200977,0.26909080307608046,0.17129829999787988,0,False
36,0.1582501378617846,0.07061144086348838,0.10884469746873245,0.01691261406087485,0.022558883596555997,0.0034002661455376933,0.1324742488810193,0.06741896296995041,0.23475957357850444,0.18476917457355196,4,False
37,0.14995569649254623,0.07711286170042488,0.1321754752134372,0.013112898890283177,0.01761040019683036,0.0,0.14960216884759503,0.05977362967950115,0.23456698324765973,0.16608988573172231,2,False
38,0.1567447810497594,0.08903847805717097,0.10041253548554822,0.02132698707884349,0.009515508588205953,0.005032750536462189,0.14686106093167223,0.05989165073706957,0.2310962544865168,0.18007999304875122,2,False
39,0.1342405654775696,0.11067768808594888,0.10548259515044536,0.0330820148402099,0.005827182769906492,0.0031309472447838375,0.12597218927577697,0.051568057812779476,0.2428778380602653,0.18714092128231433,3,False
40,0.15270635067578825,0.06559161473455119,0.11834470604852522,0.01592198934679777,0.03175072109544083,0.0,0.15007803009487455,0.055065475553975805,0.24076837266382753,0.16977273978621893,0,False
41,0.15155794226382333,0.0917765255852551,0.10867965243688057,0.030556101691085594,0.0,0.01511664581934118,0.14274631600034415,0.0816925613798811,0.21133472131650213,0.16653953350688694,5,False
42,0.13506379784182354,0.09522441371441127,0.1018290684321942,0.027757020456714188,0.01743762845912083,0.0,0.14861434073053684,0.05584592910371035,0.2358045122458897,0.18242328901559898,3,False
43,0.13523354055525222,0.06584640466033782,0.09967291037388382,0.013892802462306942,0.023872954751656857,0.009568103589545712,0.14609302052790107,0.06523400540734853,0.2417094806641242,0.19887677700764292,1,False
44,0.1552782445175318,0.08529278829586473,0.14130924699523706,0.033399406574289844,0.0,0.0,0.13353290551438718,0.08343841206670721,0.21536912708984157,0.15237986894614056,5,False
45,0.12843134718915727,0.0911254449528709,0.10845152975678293,0.04115414905517315,0.03463602991392376,0.008245260225744705,0.12390881124057394,0.05515777970948626,0.2434610664137671,0.16542858154252,3,False
46,0.12979384926324058,0.08146654639739916,0.11967665729534041,0.04050688911948429,0.0012913775139666507,0.008060193447760917,0.14713591908786103,0.07390993067409395,0.2316611589832336,0.16649747821761943,5,False
47,0.1539731805642683,0.08875752280390084,0.11941955166798798,0.02407412863347182,0.0,0.0,0.14561836624426222,0.0665357581224063,0.23056402993994526,0.17105746202375735,5,False
48,0.15203633867458866,0.06916817504730156,0.12630563069014894,0.02358173733400323,0.014422973129880837,0.0011587838061686534,0.13117040559757495,0.07947298537796146,0.2246480187319139,0.1780349516104578,4,False
49,0.15226912794688674,0.07205885350867257,0.12167974542952815,0.0,0.008885832114897256,0.0,0.1461987440752844,0.06979814906412507,0.25918074803511076,0.16992879982549491,0,False
50,0.14112110731841063,0.10771620462397102,0.11443974183433989,0.029281318109880702,0.017667344504782953,0.002354627735953998,0.12908803026533333,0.049018248685947355,0.23338838085334493,0.17592499606803516,3,False
51,0.1453502504683713,0.1154193661369624,0.11944933003560858,0.021498850728159758,0.018494009658475013,0.009180804986653732,0.11353586186707848,0.05441829663142405,0.24879578648076345,0.15385744300650334,3,False
52,0.13716144438161917,0.10276348833391313,0.10323681120184904,0.03730986558910265,0.0248688238831132,0.0,0.11817524355475192,0.05179172498257989,0.25173609602538427,0.17295650204768678,3,False
53,0.12943742286182722,0.1271022534352753,0.10916471238098666,0.030147599212262243,0.01618336374542813,0.0,0.12422456067150486,0.03258004626715082,0.2541044475956093,0.17705559382995548,3,False
54,0.1470259030506542,0.060505852370679396,0.12442467215908058,0.030312578859919052,0.007241325902344499,0.0,0.17315782875946314,0.05451508946361333,0.22994638198189826,0.17287036745234746,4,False
55,0.14981268362609831,0.05556485929861329,0.09350826700290595,0.02383031890988598,0.012466334100193448,0.0006015467306462271,0.14572911003753147,0.06790399848717982,0.26091416772213905,0.18966871408480637,0,False
56,0.13992067780795026,0.10133248665553642,0.10347429330004314,0.04657088031341836,0.02358849114821797,0.021516514171051056,0.1348127819916661,0.04180225407454306,0.22108064400147626,0.1659009765360974,3,False
57,0.15130535653703026,0.07255122824202616,0.10891276438539658,0.036515876553078294,0.035564553534548855,0.012465960930107822,0.14626651705933963,0.048050288185050825,0.22212419087317115,0.1662432637002505,4,False
58,0.15400060208821262,0.07993246715788155,0.10138847659130708,0.00943336258706905,0.024276162447929486,0.0,0.15360534368412837,0.04278578491931622,0.26397525192211824,0.17060254860203738,2,False
59,0.1359561831835061,0.1086807523294543,0.11544144379213278,0.0471252269023983,0.005795235652089117,0.0,0.12100398764297722,0.05282271265094712,0.2480483946504353,0.16512606319605977,3,False
60,0.1557336963569085,0.09312505524252564,0.10723358488882775,0.030252998268972892,0.02260825569873142,0.0,0.13472483506001182,0.04981399200329109,0.24088504440802774,0.1656225380727031,3,False
61,0.15628179740287754,0.07140316901218997,0.12527600801509886,0.026206325008582734,0.0,0.0,0.1543761100391418,0.056278239245677,0.22629009684449966,0.1838882544319324,2,False
62,0.136748592092337,0.09778486180736247,0.11510428115913429,0.038715925720661105,0.018185467669732756,0.005514150393657559,0.13195474172322993,0.04799179415240904,0.24315442973182472,0.1648457555496512,3,False
63,0.1271839296755344,0.05388207229314166,0.09763342753637767,0.028459923571451804,0.04798202753624552,0.02611481480027635,0.1330380840773045,0.07119038109794666,0.22619747919612462,0.18831786021559682,32,False
64,0.1581444196245292,0.09602493338397987,0.11413838734620128,0.024872056048720934,0.00844243666263862,0.006256397678311354,0.1274859809462036,0.07093298106881073,0.238751101417248,0.1549513058233565,5,False
65,0.14921769654986058,0.08794494864060295,0.10575474846702478,0.012939411948286253,0.0,0.0,0.1428562394304526,0.05950422533110167,0.2521534021323122,0.18962932750035888,2,False
66,0.13939291290480912,0.10729008806309917,0.11030256666679678,0.018872535623098045,0.001796912764410003,0.0,0.14216571070956982,0.04272328114845831,0.2612248560623411,0.1762311360574177,3,False
67,0.1681597299501788,0.09758730097161757,0.10477214522458585,0.016001714533838123,0.0,0.004358921491066591,0.14404099192760278,0.05899677389902643,0.23999210085221293,0.1660903211498708,2,False
68,0.16453826865204166,0.09212334417339045,0.09825817265538965,0.04493511596717398,0.011460315062923448,0.00011225308803290842,0.12573593346133108,0.05460419342516646,0.23725329467400422,0.17097910884054615,3,False
69,0.1382380923090069,0.11989598604685113,0.10072112548496621,0.03217754506852869,0.02070046229395924,0.0,0.1336996188708415,0.05116675058919888,0.2215623045018221,0.1818381148348253,3,False
70,0.13373585592135592,0.10891161254767427,0.11020897490394407,0.035140472966970066,0.010066989863268335,0.0011879332438456966,0.11114481933444269,0.047930636326670016,0.2520678203244162,0.18960488456741265,3,False
71,0.15325406760376162,0.05768994777445952,0.11595840528382119,0.010427433154910612,0.0,0.037012673461817844,0.14084475917426625,0.06994870442601266,0.24728543115395152,0.16757857796699885,5,False
72,0.14910154262613903,0.10612913616082065,0.11582271959392569,0.029839478697641763,0.013680264974740543,0.0,0.13066315375704696,0.042263801925028176,0.22878218611457862,0.18371771615007865,3,False
73,0.13173199793447177,0.10304463335604784,0.1097410295910892,0.05816820576350817,0.017813139168928058,0.012036735991503776,0.10991494028395443,0.05759321780821316,0.2312867843800997,0.16866931572218385,3,False
74,0.12986977191117055,0.11649781069308218,0.10007233148926678,0.03445600666922833,0.026395570350152515,0.004867120266860017,0.12323008758944483,0.04820324487678317,0.24095417179428477,0.1754538843597268,3,False
75,0.11833807833857216,0.10791982141155855,0.1166242596750128,0.025177523507459502,0.01812718206791624,0.014052145536824958,0.13952328859596871,0.04699135787306756,0.2381430787761508,0.17510326421746863,3,False
76,0.14428054486694528,0.10898557972787952,0.10956349025351966,0.04794669171138731,0.015502606868626848,0.0,0.12003251767343409,0.03260262826561794,0.23512548117199153,0.1859604594605978,3,False
77,0.1344214632959731,0.11415773102935053,0.12317254754571076,0.025899573704677013,0.028878010906750448,0.0,0.13217690990767736,0.047516726454998263,0.22551498958587576,0.1682620475689867,3,False
78,0.13557941677448548,0.09781207241826229,0.11898543122937776,0.027104277653137998,0.020783128741196016,0.0,0.14283516337938768,0.033690289727991346,0.2393958426775519,0.18381437739860956,3,False
79,0.15094911946108125,0.1162762562271197,0.10312843802840442,0.014187113747783937,0.017014912240065086,0.0,0.12797708898578142,0.043647772390904914,0.2630843847026368,0.16373491421622252,3,False
80,0.13596793967207194,0.07955164446592876,0.11121169992371802,0.022213434098351862,0.005787592913984458,0.013845399558806138,0.15038008287893798,0.05434436204701895,0.24001226108156637,0.18668558335961546,2,False
81,0.129922031346125,0.05745920822823742,0.1006228749200455,0.022306172098757533,0.02624385323577888,0.02218425572435108,0.14583957265279546,0.07914328871383434,0.2432520131191198,0.17302672996095508,32,False
82,0.1473414092179097,0.09008761320638435,0.12694579301515344,0.029296149370761828,0.0,0.012532764154530677,0.12067810170499783,0.07898298002737036,0.2321003854823544,0.16203480382053745,5,False
83,0.12701955948715138,0.11291121873817471,0.12495477952521794,0.0336953840298409,0.020325227490483298,0.0,0.12819978674320817,0.03934209572946215,0.24474429074562676,0.16880765751083465,3,False
84,0.13881739533989265,0.04983756045507788,0.12452752667934576,0.013449774002843834,0.033913370989628926,0.0031483827763967545,0.14310237580308843,0.0725323140943864,0.2446338447725088,0.1760374550868305,32,False
85,0.11307173097939237,0.043462418339807934,0.07411311335297532,0.02298175072231805,0.05323321880517811,0.016203764164287794,0.14785904736654387,0.08501194459950469,0.2451108450630443,0.19895216660694753,32,False
86,0.11121838505335034,0.110523044656694,0.11784754096677781,0.037991692370591905,0.023673205428699905,0.015222230503842318,0.12267463751074315,0.02793080934032201,0.2558574325533161,0.1770610216156624,17,False
87,0.10724564993601968,0.11636067149054173,0.11027807446157918,0.026443041162714436,0.026775241843475343,0.0,0.12257195031309476,0.0566793072357762,0.25381797829676783,0.1798280852600309,3,False
88,0.1510441590027646,0.06966830055102063,0.06855389583289775,0.00956709736729564,0.04309218795157054,0.0210590627182483,0.1414560645553766,0.05910781465625852,0.2537074862754299,0.18274393108913747,32,False
89,0.14206384205842243,0.09220113077325517,0.11654062556938533,0.049646684930797554,0.013964157462169061,0.019998303238518166,0.1266075776462491,0.032398075226396025,0.23225533232761048,0.17432427076719678,17,False
90,0.14357059607699643,0.060464287017721455,0.06325603966610316,0.031124701568852473,0.05154662439339032,0.006395065674012815,0.16280363757005004,0.059620957631755525,0.23725345416969465,0.18396463623142315,32,False
91,0.13373651769095168,0.05502802976165375,0.08871187680315186,0.007032622468533545,0.04700828145257397,0.013965478302535276,0.14813390126090303,0.06558928659894327,0.2508893098577312,0.18990469580302252,32,False
92,0.1364258613345578,0.06208924357958971,0.09367633159409558,0.02308906024974531,0.04323865230146254,0.010340163956769378,0.14813337538040752,0.06108476023318303,0.2513660291560025,0.17055652221418674,32,False
93,0.14030286593963334,0.08129789402019295,0.09803527234439889,0.06855083621450131,0.020160212797106922,0.026981738054935096,0.12667410243720822,0.052909477648974294,0.22830250547041542,0.15678509507263363,56,False
94,0.10815330059487711,0.10588717109388336,0.09929537599829506,0.03775869448273265,0.017410987086483105,0.01774359513534698,0.12394940169125863,0.06202336535749926,0.2573924898072137,0.1703856187524103,45,False
95,0.11291252823903188,0.06889496231244731,0.08647648915051215,0.02225293273749948,0.05871723838581514,0.0345575961674409,0.13291487867840052,0.08011886640263366,0.21154233970632236,0.1916121682198966,63,False
96,0.12149211532281401,0.05682399580095837,0.10845204086109504,0.03586119892481804,0.05561927705507918,0.011100847368475419,0.13371951026052467,0.06368422819762701,0.2277076359670136,0.18553915024159465,63,False
97,0.12429603289107832,0.06050417498665324,0.09122049581718288,0.014741311361357175,0.05432139450926821,0.0,0.14226567063044895,0.08304722355363389,0.23345474920850634,0.19614894704187089,32,False
98,0.148425343949596,0.06942340805612726,0.12780442399997005,0.02621534679752161,0.023652390910974555,0.011949328480991055,0.12513942104616135,0.0737916434649874,0.2309649988006759,0.16263369449299478,5,False
99,0.13602622290790012,0.09253391970110657,0.09982919430070372,0.07223385621110578,0.039382037134363834,0.018014499612699898,0.12316626429618506,0.04631878679227436,0.21819379250875384,0.1543014265349068,56,False
100,0.12005615422637905,0.04979985500202233,0.0982896244834795,0.03993778874072138,0.050084777597670646,0.012685663713558325,0.1493556548300267,0.044981734018810414,0.2391337459123656,0.1956750014749662,63,False
101,0.12990079252732684,0.048407919895767766,0.09021264997858572,0.03417432566797073,0.0340054763852897,0.03389887285654476,0.13493682237257865,0.06432826282770174,0.2390669334683264,0.19106794401990776,63,False
102,0.14205289496757992,0.04656707720725068,0.10358760610755084,0.06110659184199621,0.018201248553529205,0.0,0.14797401656615808,0.06789469465960674,0.21926364026537465,0.1933522298309537,32,False
103,0.10652481002211456,0.05138302081852099,0.09478946866183847,0.04017086576705798,0.05420806280546065,0.013365038675029807,0.16073751910337364,0.052133086313404735,0.2367866497476016,0.18990147808559762,32,False
104,0.13864519923278845,0.051900752143754565,0.09489784679406162,0.026953388549100506,0.03495909260000947,0.0,0.1506598548278209,0.05559651900823886,0.2444997300577965,0.20188761678642914,32,False
105,0.13098223788100213,0.04964237559483148,0.10190878487724836,0.025548004700310805,0.049275654010209315,0.014739094888466659,0.13544419949413716,0.07748454974036365,0.21838608933666362,0.19658900947676677,63,False
106,0.14016954993404046,0.10099964045491563,0.1225732795478446,0.044822740122372966,0.005742363133616081,0.009235675818091354,0.13901363223126295,0.07914562532940406,0.21110027929617972,0.14719721413227216,5,False
107,0.11065442812575749,0.05537474216709371,0.11466379870110287,0.03146178251117514,0.034312737790341,0.028442126293165004,0.12093301175650382,0.0865630107687072,0.23582127982340684,0.181773082062747,63,False
108,0.13085690499507255,0.048815193647557945,0.10114671243424601,0.033508687347020887,0.043016421458923405,0.0272901973439916,0.1306733381074281,0.08080599205655146,0.21844939412965683,0.1854371584795512,63,False
109,0.13398931005206693,0.03983719462239752,0.06977453786341571,0.03205703221259447,0.0543072876425218,0.0,0.1559379642466813,0.04895196103926045,0.2619954427071448,0.20314926961391705,32,False
110,0.13963718901561875,0.05238448988763854,0.09076487923516126,0.036872520071805526,0.04600158260676817,0.03326056566393226,0.1394210479032164,0.06896671885578314,0.21689488070842677,0.17579612605164913,63,False
111,0.12280826553449636,0.051676006731561384,0.08622816051740746,0.02501249087809409,0.028631942368049133,0.03327458581861745,0.13601696006124395,0.07339657896705012,0.25009494853547376,0.19286006058800603,63,False
112,0.12696431484233364,0.10534774007734447,0.11639722428731027,0.04013284123267459,0.020446985339267275,0.01729124545156161,0.13805750312559117,0.053488577715648876,0.21955074599725546,0.16232282193101252,56,False
113,0.15257900836160176,0.05017049264705879,0.09204820249434155,0.016525531392707883,0.04742556505993369,0.002451363335608821,0.14068748148175217,0.06997192028634777,0.2431952927833395,0.18494514215730823,32,False
114,0.12222956160833348,0.0586393498726362,0.09308717025381122,0.03691753870184946,0.047294014613859924,0.03195754028863159,0.124026072743505,0.06533381356719273,0.2344377799633278,0.18607715838685265,63,False
115,0.11533353462635623,0.06622561922284428,0.07987121729760374,0.01830738621373583,0.05349206790692187,0.03541978389758294,0.12964158713996746,0.08396315146050995,0.22956561646789697,0.1881800357665807,63,False
116,0.1405515807360988,0.049572350026052404,0.08881353506485583,0.010703394079683784,0.04609177820408213,0.011646616067269371,0.14104080653996928,0.07187415167421474,0.24281778645754934,0.19688800115022434,63,False
117,0.1239932115532742,0.06128747291112748,0.09180040671531836,0.020619700642464045,0.053596629767297226,0.023462480732933562,0.13116665835217992,0.07026234184622723,0.22319551980439406,0.20061557767478375,63,False
118,0.09039059985943576,0.06973248630831572,0.09081032483096294,0.019686911515546437,0.049978473543729585,0.041022081473428125,0.1333945536526291,0.08787222381288058,0.21228324912423627,0.20482909587883552,95,False
119,0.11920396084866575,0.06222943974568071,0.09345505488567489,0.018358077058970242,0.05386426726537999,0.027712223226083858,0.1336570835173673,0.08747274924205872,0.22460087298585488,0.17944627122426363,63,False
120,0.12446561851144052,0.059116673387616864,0.08509797853633948,0.017769860539232376,0.047520436103271675,0.022945599800503178,0.1385870317111944,0.09227769906990418,0.2328790284337062,0.17934007390679116,32,False
121,0.16147789029527473,0.04663903215845547,0.07815468339471217,0.019952440297198892,0.05262207521448638,0.0,0.1487001397320188,0.05984245182890226,0.2415372024368617,0.19107408464208958,32,False
122,0.12351298044405201,0.09929934311694684,0.10478119463976485,0.044551329274344464,0.025276330683387662,0.00999777336996577,0.15052535407161646,0.06703052054255894,0.21371157938824434,0.16131359446911872,56,False
123,0.1355065885820239,0.04955177642457974,0.10546386140533781,0.01168482228040563,0.059551033629633605,0.028408279654396698,0.12830502550133396,0.07126089632461537,0.22024982158047568,0.19001789461719762,63,False
124,0.13421520752351784,0.04921509678858129,0.08539149641583255,0.010231987400285145,0.050806003531188824,0.01839641336878071,0.1516270853551416,0.0836093269604093,0.24048278668755402,0.17602459596870887,63,False
125,0.11040950194348972,0.05764437613632614,0.11685818546670433,0.01955142741268441,0.04472128371071283,0.0356908446951129,0.14142425518498683,0.06538225577181293,0.21749478149774712,0.19082308818042276,63,False
126,0.11427141245386185,0.04753275721034631,0.09749885859972893,0.013615967119277646,0.050087492193206254,0.01755052067265957,0.13356231049247577,0.09965256199569592,0.23595624794705636,0.19027187131569148,63,False
127,0.13711959278234978,0.05176445897345777,0.10844871325681647,0.05141032088022141,0.04380901444575478,0.014821176665837852,0.13947681032295467,0.05214607620907828,0.21630372024885677,0.1847001162146721,63,False
128,0.12433732712018941,0.08773242242763662,0.11066791339976179,0.03349654519230536,0.04035940736445376,0.03962682038020068,0.12252470488279904,0.033463320065116174,0.2365877973726717,0.1712037417948655,56,False
129,0.1230324254017822,0.050324715143755125,0.09857623522308634,0.04375763173881419,0.04532514102848443,0.020034753475217264,0.1442602801826021,0.05097085616311346,0.22857256808718582,0.19514539355595908,63,False
130,0.11989994701605282,0.06537167119578882,0.1262295316120229,0.028400180061348635,0.03967688518043312,0.02105203724627224,0.13131289017794723,0.06893250038441395,0.21468733981351115,0.1844370173122092,63,False
131,0.12706427888974514,0.03850170059500226,0.09901898868361442,0.03400044302560794,0.05592488775016997,0.012960551397582813,0.13078947728978993,0.0727256180264169,0.23262998309098315,0.19638407125108753,63,False
132,0.13620798213889612,0.06400013906983022,0.10661012370396604,0.02434858009656332,0.04648996356826802,0.01774919301546047,0.1421185570252496,0.06556402132989939,0.2169918933125391,0.17991954673932783,63,False
133,0.12006630927338026,0.042662532995922015,0.10195984362717726,0.04005499268793489,0.05480286813376486,0.02229235563376602,0.12872574572863846,0.075749553373047,0.23457132094365704,0.1791144776027123,63,False
134,0.1289498146351374,0.03878961703399748,0.0884849857060941,0.03206842106830547,0.044306898267886335,0.01862476003631442,0.13699924271074407,0.08327661422966995,0.24988245253670077,0.17861719377515,63,False
135,0.13402363089365388,0.0691857540316849,0.08463847331813258,0.021751175683869403,0.03958682814721779,0.03064462514460649,0.1426556007800731,0.04698459608306899,0.24115401909895143,0.18937529681874132,63,False
136,0.1509007618057455,0.09855882536738672,0.09459610294282443,0.02049221608645202,0.0382350702810937,0.03566442168256627,0.1315415664856816,0.03553548076873471,0.21792808221977394,0.17654747235974122,56,False
137,0.11297141842010931,0.04903986841434936,0.09033134374803631,0.024092533988008546,0.0540464871752578,0.044514415070317344,0.14130734394414535,0.0696494241466434,0.2256743717821914,0.18837279331094114,63,False
138,0.12912798974064496,0.06100518369655846,0.11344740870000614,0.017144217554094128,0.039608061509355086,0.01946237033984358,0.12951955447709523,0.0618358553590508,0.2342946319085109,0.1945547267148407,63,False
139,0.1322205413861993,0.05537222693505176,0.09600868006957836,0.012459787559338267,0.04763066253286592,0.028937985890875685,0.1369231253509816,0.060627168966905294,0.22840578141641873,0.20141403989178516,63,False
140,0.12662997959420927,0.04765891151873391,0.08067745499321445,0.032013228238559774,0.054002658701867955,0.026184276610350422,0.1393596397951895,0.08075624370855998,0.22803090030827944,0.18468670653103517,63,False
141,0.15573275876466494,0.0917901839115196,0.11164721238069023,0.037448730066133626,0.029161480396328297,0.02594477613303081,0.1397871548644355,0.060456420992020234,0.2007249959285293,0.14730628656264755,56,False
142,0.11832456548001202,0.05253563498366023,0.10176474468875166,0.02448988412747623,0.05238235167764968,0.02583525643219266,0.13558493036423683,0.06722219084984475,0.22489894471681343,0.19696149667936244,63,False
143,0.11783474696265198,0.07712988738876125,0.09013491819640905,0.04473750168189606,0.041546351025588846,0.017747063193960997,0.14291379407272103,0.06961701846124013,0.21928378421792372,0.179054934798847,63,False
144,0.13950800135538216,0.050093781358809035,0.11199547715820095,0.02571981530062019,0.058379384648927383,0.02148048570118956,0.12217684018757127,0.06915346514272139,0.21629708057624825,0.1851956685703298,63,False
145,0.12621091811914598,0.06042069488067726,0.09346131410695116,0.020532954250888042,0.0493073759950972,0.03393292739306091,0.13061969664468306,0.07367921241362421,0.22199326093540034,0.18984164526047187,63,False
146,0.13950894929148833,0.0670879090147256,0.10152708009845927,0.023556799925390323,0.04767709417809549,0.02799236868481414,0.12405605411406291,0.05081611215785652,0.22988723578073456,0.18789039675437286,63,False
147,0.12710779691143112,0.05859803633911514,0.09736112567929735,0.031180369724722188,0.06001069323293715,0.0252551300501042,0.1035023874094417,0.08683467819493625,0.23179114168932552,0.17835864076868932,63,False
148,0.13976469009751452,0.05587242326866076,0.10046185030118569,0.024691107602916533,0.0403081291081263,0.03151502731284779,0.12592881540420947,0.06493206168432981,0.24312562511614247,0.17340027010406658,63,False
149,0.11667236062124732,0.05399605700144151,0.10471132486679999,0.013845259819313241,0.04949051351688911,0.03067457039279991,0.12995086136778133,0.07100103042803386,0.2226626363176622,0.20699538566803152,63,False
150,0.11821062983032728,0.048475047725384815,0.09528343525524856,0.03245239550609624,0.04723475227040489,0.028915146377222374,0.14778950752152223,0.0631883730374356,0.22284928870778517,0.1956014237685729,63,False
151,0.14625557915493914,0.03462341530597853,0.13071443362903365,0.01883235813393444,0.0053373849362478125,0.023843427713782516,0.147667572856132,0.0726262714644789,0.2542015651027499,0.1658979917027231,71,False
152,0.11992683034069622,0.04880355420577487,0.09872520603235972,0.03145740208547108,0.05235444973957816,0.021320733898284715,0.13368136293392974,0.08159865955674975,0.23552601968044917,0.1766057815267066,63,False
153,0.132510583877897,0.05269412816177492,0.10495914085738227,0.007842365706673494,0.04841754880593681,0.03419303974988193,0.11937672994129266,0.07829844889101098,0.2342285918847411,0.1874794221234089,63,False
154,0.13623350634758657,0.062212572348295865,0.0848079243423162,0.02262918269058268,0.05371602567848125,0.02650060815951669,0.12545045684030817,0.07667792235305809,0.2265736278183694,0.185198173421485,63,False
155,0.14139133619401462,0.07035312280040311,0.1283173262273042,0.015880285468955747,0.009404319003536303,0.037835290368780514,0.1253045153516402,0.05670724120313169,0.26890050149852446,0.1459060618837091,71,False
156,0.14271601601210326,0.09251942367771661,0.11413277136841414,0.035709962291681274,0.0,0.02351661403836499,0.13890753433006517,0.05461382543694028,0.23278064105597146,0.16510321178874293,7,False
157,0.12452383588920754,0.05854684015091069,0.13216366519884887,0.007308417815183284,0.0,0.030148735738427322,0.13406094554438297,0.07858235777665615,0.2552576247707512,0.17940757711563193,71,False
158,0.13536402870924416,0.061026292524647766,0.10370640940360061,0.0,0.06193164845489222,0.03472559370200135,0.14175424940444697,0.06849875838516338,0.21002463484715223,0.18296838456885123,63,False
159,0.15116164589315206,0.0756854663618918,0.10726986547239589,0.015798599281892492,0.002024015774911613,0.03917909691796357,0.14388049330235925,0.07296284237752952,0.22334201967525225,0.16869595494265158,71,False
160,0.12285509743705525,0.03189968534614706,0.10438315394376757,0.044327246867746244,0.05122972964313878,0.030664475068425377,0.12450318844416235,0.06392709035315895,0.24025537254021354,0.18595496035618495,63,False
161,0.12775922398314132,0.05298105597562727,0.08832861942328918,0.03534662885654033,0.05242163885052135,0.018536331948298432,0.12718273110385966,0.0585386548601817,0.22742091559868105,0.21148419939985966,63,False
162,0.128512873529482,0.05301640617747849,0.07849999526960064,0.024438809336116092,0.04864391122551793,0.037600676164756076,0.13568599115877614,0.08180103662877955,0.22301264283750252,0.18878765767199052,63,False
163,0.12178286303867634,0.06493672346071666,0.09016787818506646,0.03918836523336066,0.06341448349406538,0.03381284216427664,0.11069940295960282,0.05384407596756143,0.23282052593927083,0.18933283955740277,63,False
164,0.13899869697182315,0.05588267911306867,0.07843592113241228,0.02090497155143186,0.057124877862731877,0.036467619305406325,0.12480037467663015,0.07811871530984286,0.22606501738457072,0.18320112669208216,63,False
165,0.13801851818255106,0.04597007499958644,0.08464639832145829,0.028499766951206634,0.06426186245727335,0.010942978679907506,0.14290508908368255,0.06805418671550154,0.23269753413371974,0.18400359047511286,63,False
166,0.1337659772961447,0.05142679652915937,0.08500318850980128,0.02634339808463427,0.042601448760519474,0.03299047929177384,0.13352343194464303,0.07997559835850289,0.2209055403905679,0.1934641408342533,63,False
167,0.1111395732568274,0.03907320204678702,0.10644948516297324,0.03588975008088445,0.07268109008330861,0.01515464111403654,0.1338673648419289,0.06887738396439802,0.2256312582937035,0.19123625115515222,63,False
168,0.11116027675850729,0.0480981354206147,0.10885197323669238,0.03621872898249147,0.04818270182397738,0.01590765418845704,0.15467837592656633,0.06377241991331777,0.22188254025304768,0.19124719349632802,63,False
169,0.12595438089287564,0.04900435225880555,0.09027888808650333,0.044834855534626177,0.04873254493908073,0.021893196021494827,0.13320364642890342,0.0707486266240323,0.22069346180260302,0.19465604741107492,63,False
170,0.11963772996441889,0.06815110415719858,0.0888053660592394,0.0236651485898276,0.06690779835726103,0.019393532732893303,0.1148481724363155,0.06731753245178165,0.23622987877038634,0.1950437364806776,63,False
171,0.12738989656048255,0.05852263656893409,0.0971682173795942,0.027150969094181437,0.03938142536937644,0.05717479945028637,0.11408593721102428,0.06768494337158745,0.2250475611093046,0.18639361388522857,63,False
172,0.13617828291700299,0.052311636756498206,0.08914105220572652,0.044431326036766215,0.045502771602131134,0.013743367993599426,0.1341824575240871,0.06802915151687812,0.22992491064273837,0.1865550428045719,63,False
173,0.12475287693614313,0.0636338296479048,0.10381460595385547,0.03446032463529979,0.061709059838990235,0.02454381071884797,0.11822568007485817,0.0760939679458976,0.22004738523836317,0.17271845900983954,63,False
174,0.11917872206857474,0.05977838494242764,0.11249997005226499,0.026102070318450847,0.03145632922927128,0.0324854105232323,0.12217376840855462,0.07562893750129047,0.2291561257466676,0.19154028120926556,63,False
175,0.1189095893468477,0.048070355629383575,0.09702586690026194,0.016584281220552836,0.06759515455171389,0.027743144351157507,0.12511204357737596,0.07056990287018103,0.23880451933422311,0.18958514221830247,63,False
176,0.1504557129884363,0.05071418405153423,0.10632353857636322,0.015945043867656748,0.00021700404389978826,0.04649520003350367,0.14744585744219513,0.0639018662131067,0.2529406277561668,0.1655609650271374,71,False
177,0.13364022220958796,0.03895382563044177,0.082685669250739,0.04260249599152955,0.03360424087161305,0.018553493674651977,0.14568998462081398,0.07675018746788179,0.23699118572652064,0.19052869455622037,63,False
178,0.14246643690646427,0.05704330539330221,0.09055462236301323,0.02673719669397345,0.039993811506747176,0.005197406381338235,0.15671853000814073,0.06047102108888434,0.22325185096420472,0.19756581869393164,63,False
179,0.1562016827907205,0.052801879976234214,0.10491583705189372,0.0,0.0,0.030064371046681318,0.1383081453313629,0.09329792422139438,0.25281427182903665,0.17159588775267634,71,False
180,0.15643269900195794,0.05515284410244176,0.09965706425579203,0.018191917896124538,0.0041491361217028885,0.03622936185684106,0.1254399985356385,0.06934353862384328,0.24247044245610028,0.1929329971495577,71,False
181,0.14667997348021164,0.07140333039158603,0.10743473911895897,0.01766689511820363,0.0,0.0313223106743294,0.1423449458548967,0.04711896519342426,0.2610826336823473,0.17494620648604212,71,False
182,0.12458205232458862,0.05235856728814029,0.10474533417814416,0.030519058399413913,0.03380774669160514,0.027279063419982364,0.13285160764926632,0.07503687017676999,0.22773602810030874,0.19108367177178054,63,False
183,0.12833924659284848,0.04977240544031309,0.08947412593823335,0.040210666958846605,0.028848564713665675,0.026088290677445163,0.1595066182523289,0.06896888642944815,0.23004606919905266,0.17874512579781796,63,False
184,0.13626152293524885,0.044003720699046706,0.09183069599634189,0.024937676508043027,0.048422394312527026,0.03304340252850873,0.1355159355720513,0.06548185341134231,0.2232299290756284,0.19727286896126175,63,False
185,0.12033491547415189,0.054135221912319495,0.08952046138923962,0.03351161613272315,0.053034398377674194,0.023743959490848916,0.13191524579547545,0.09184030355348903,0.2284453392581722,0.1735185386159061,63,False
186,0.11309252760879057,0.062875506694588,0.07724832816561555,0.03249561013149886,0.0662584440923748,0.02872768969964501,0.13921832379968518,0.07952429002027464,0.20183615675487745,0.1987231230326499,95,False
187,0.12402525252987616,0.055021697644928494,0.09327858790109797,0.05265638495211845,0.04684956518927015,0.02281748079599343,0.11797308059177929,0.07831571556426492,0.2213736735515436,0.18768856127912742,63,False
188,0.1293237271820246,0.06416070658197193,0.09600992884875573,0.035421959056945104,0.043197390992098586,0.01684479417421226,0.14625002790539163,0.07452581421931152,0.21519524303101978,0.17907040800826887,63,False
189,0.1571197613028003,0.05402889530888272,0.1100558437273187,0.007952592503139146,0.006041380714393712,0.03982137420451325,0.14376074087494456,0.06639356219940627,0.24038423357467056,0.1744416155899308,71,False
190,0.13871933546847512,0.053915335222023776,0.08872472687129786,0.042187181065226294,0.04905769785559949,0.024999337353570236,0.15142432940034115,0.0736916719804164,0.20309295898792337,0.17418742579512625,63,False
