ID,strat_res0,strat_res1,strat_res2,strat_res3,strat_res4,strat_res5,strat_res6,strat_res7,strat_res8,strat_res9,ancestor,alive_at_end
0,0.12515125158490278,0.2510437315056456,0.1639880590945151,0.032173707207508694,0.06272704093051878,0.0010590922918768844,0.007145862660552416,0.026444836289828664,0.2808393750188298,0.049427043415821416,0,False
1,0.13059248374983035,0.24281836295222595,0.16126203876871004,0.02901801637810596,0.05664686908108366,0.016219684816546787,0.0,0.03668229410649752,0.2854059223277479,0.041354327819251954,0,False
2,0.13283952357341136,0.24605596837714763,0.15653910850869,0.03772014928510079,0.05682454464561016,0.0067000669782340235,0.0,0.03655928823430587,0.28641744655371587,0.0403439038437844,1,False
3,0.12486652346695395,0.2523115648818923,0.16978946427440184,0.04140796049853389,0.045973023166226416,0.0,0.005175578971234003,0.024694361190077056,0.28721851553948585,0.048563008011194696,0,False
4,0.13515353320012352,0.23328400174469724,0.1580899943340779,0.031853328175949956,0.043808984797391835,0.015136485338421869,0.0022925377668605307,0.04521190775464066,0.2818957956448939,0.05327343124294253,3,False
5,0.1258685568745788,0.24399067277458183,0.15741071062888587,0.03301347090188009,0.06290414536839928,0.0,0.003318090271013858,0.042343597463882644,0.2752964687801886,0.05585428693658892,0,False
6,0.1251105786247938,0.24969339650099803,0.15434322983804535,0.03145344801479462,0.06876185809827928,0.004761662828703837,0.0,0.01958770786614642,0.2831815259189691,0.06310659230926952,0,False
7,0.10505602147465015,0.2127732475358469,0.15824121048825968,0.03436050345196637,0.05435923485318758,0.03227271143904761,0.00787926708486041,0.05235724471897992,0.2724133383442833,0.07028722060891801,4,False
8,0.12083272172296117,0.22281091801290773,0.14602220142575867,0.044015604738850495,0.05126687540573203,0.023141374286605267,0.013851107450017188,0.06269210191004237,0.27187398417485104,0.043493110872274206,4,False
9,0.14576839214447954,0.2484200264356886,0.16840400675550513,0.033407069712288025,0.044145677516565306,0.006726191647994729,0.002534057458445601,0.03726246420915816,0.2773405987829882,0.03599151533688675,1,False
10,0.12402717335798391,0.25249843515036924,0.17849772226772226,0.042008890165422134,0.03710491632537828,0.0,0.0,0.02994977575973094,0.29763234205412936,0.038280744919263685,3,False
11,0.12042585152444504,0.2103212240318164,0.14444624509570855,0.05055627873265022,0.043316961652326395,0.03326652552116591,0.02154863064686739,0.05936798771909889,0.27299953196191434,0.04375076311400679,8,False
12,0.11644287249963556,0.24158989007670223,0.14791681614017113,0.03148421716682008,0.05769988070059106,0.020732683326934846,0.0,0.03680678771012993,0.3053977525189847,0.04192909986003047,2,False
13,0.09812629571267156,0.2348196345796111,0.16486198556589593,0.040356415263816774,0.06313138969250309,0.015056921735030484,0.0068242052096327555,0.05509614390461842,0.27828708271046537,0.043439925625754425,5,False
14,0.1313753445553272,0.24242651032583548,0.15156516718409108,0.02631603001398461,0.056113477102090414,0.027381890807151282,0.0,0.04150703128615235,0.28029605522246787,0.04301849350289971,1,False
15,0.12012323906611866,0.25141468289163466,0.16418159538247754,0.03312241055892893,0.07421684109235965,0.0,0.013403100101969576,0.020775624891900296,0.2770253709001002,0.045737135114510497,0,False
16,0.1291579669812328,0.23947749465306173,0.15485605848077516,0.0234782936889701,0.05921990128933989,0.019619445180966463,0.0,0.047535753296126214,0.26258715871428606,0.0640679277152416,5,False
17,0.12560745598318052,0.25900161069356314,0.156007250361551,0.014428310450688084,0.0643766670118224,0.0,0.013500592617888342,0.035453422742026924,0.2896285735721667,0.04199611656711279,5,False
18,0.13531211004262486,0.24129140558764584,0.1586929564882425,0.04640127242823824,0.04609951033816484,0.028387432335149256,0.0,0.014553352904276486,0.26799850185746826,0.06126345801818963,3,False
19,0.1315642242502319,0.22910539851227596,0.14820834527332108,0.03371377686063485,0.050904719910734045,0.015508989372051425,0.011843076745963275,0.06426853829036548,0.25577108447499103,0.05911184630943104,4,False
20,0.11224047952530515,0.2533703291006342,0.1458559318043245,0.04936823401222357,0.04839289787108007,0.0,0.013409176236824309,0.018305247143050943,0.3006795071463463,0.05837819716021112,3,False
21,0.13259011304216314,0.24384017497166954,0.14535845531327954,0.017496739215758235,0.06674020770651269,0.0252056566626381,0.0,0.02879390067589104,0.2903379930920147,0.04963675932007291,1,False
22,0.1439889873266855,0.23583283658337695,0.16906354617774016,0.025612776035470172,0.056722942795320655,0.00137639094598543,0.0,0.03574166606369735,0.2812021543089543,0.050458699762769635,1,False
23,0.13099491521289883,0.26457839764822244,0.16417189891112977,0.03740662636630129,0.04281946579952792,0.0032895328840043788,0.0017383027491443578,0.014258666991806033,0.28173380304141515,0.05900839039554984,3,False
24,0.12946173831498325,0.25099881560529874,0.1481030888740044,0.03976787653511213,0.05396645288953877,0.013980170713185198,0.0,0.0364433713791746,0.28235723857024625,0.04492124711845678,2,False
25,0.13191208736426607,0.23814120685884724,0.1730331691746086,0.011179792154365402,0.08064840854779831,0.008518957170643807,0.0003853800883691215,0.02609522755219138,0.26683202828554853,0.06325374280336143,6,False
26,0.12162353593796317,0.2555158596947774,0.17995810379983251,0.054410120729187265,0.034232581548423215,0.013158101845707678,0.0,0.0018731150640342242,0.29938052042656144,0.039848060953512995,3,False
27,0.13779483414850494,0.23654600469620868,0.16298551049864532,0.03090144974013949,0.061927340819331406,0.0,0.0024475728461317357,0.03049250979415292,0.2896632767830985,0.04724150067378682,2,False
28,0.12790588245138,0.23316872337468378,0.14895132660222113,0.025967756109631118,0.03825127305921352,0.020976194129922597,0.01832276227662778,0.046970497349136366,0.2795437689758828,0.05994181567130095,4,False
29,0.12530440316490593,0.213766931126131,0.16140435056611369,0.031103997240307508,0.05469890158303178,0.019486651585897224,0.0,0.051731291041751865,0.2729363626215387,0.06956711107032239,4,False
30,0.1073721467286788,0.267490003635662,0.173068761450171,0.03331677958110485,0.04711798653858252,0.0,0.00753552451907151,0.015453189156095202,0.28432962442634774,0.06431598396428652,3,False
31,0.11538058576910756,0.25232889250555257,0.13598216011856648,0.060117769281567895,0.04945514650594383,0.001146720893156362,0.012999736472187008,0.02383851037911927,0.2949081611717045,0.053842316903094475,2,False
32,0.14052658570684268,0.2403681099441627,0.15084925798973975,0.02472187526366936,0.06319109029826867,0.0008383050943297773,0.01359832761417898,0.03456365376266325,0.279362914481334,0.051979879844811,0,False
33,0.13285972227621815,0.24383773854347432,0.166208357977665,0.05004179003677906,0.06774449552794377,0.0035136417217690253,0.0,0.01027550975099103,0.2813942495584983,0.04412449460666143,0,False
34,0.12080387393698885,0.23536252947912653,0.15919353039511164,0.055137434773639776,0.047929934729206806,0.0,0.017210539144531432,0.038316595852845435,0.267702147411958,0.05834341427659158,3,False
35,0.12309255371417713,0.25291929613296776,0.14463083315836023,0.04675617879769811,0.05039367705518558,0.022764161277017324,0.0015126826868339697,0.0317787595983091,0.29174266898499107,0.03440918859445971,2,False
36,0.12427308589716242,0.2590619965471717,0.16098276320112556,0.04115086661949249,0.053414793572105476,0.0,0.0,0.037646113124230454,0.2878664635457363,0.035603917492975624,2,False
37,0.12937936939083577,0.26220222926667236,0.1538723955399314,0.025849574201100636,0.0689309778014954,0.0,0.0,0.022903259844004483,0.27565814089004964,0.06120405306591042,0,False
38,0.12639499000463725,0.23329347758431318,0.16862495754657136,0.028877591258552396,0.03772900424256426,0.032324682856458384,0.0,0.04237683577136957,0.2771703539843331,0.05320810675120046,4,False
39,0.12745927430722448,0.21728089392661706,0.16279589755403984,0.028871554768790227,0.055546052983881024,0.028913965419476592,0.0027325397031262477,0.0485964643108013,0.2698154856586049,0.05798787136743824,4,False
40,0.12431758764149405,0.25294104424985625,0.15354426537148821,0.022081933064130393,0.04556721560250695,0.005612502328189074,0.018448721521899795,0.04249326835880147,0.27745324124656806,0.057540220615065696,2,False
41,0.13388437729855998,0.2448166780172915,0.14926778108331032,0.030144376683496895,0.043479827379377105,0.01352787755678039,0.0,0.04379055411579344,0.2873325424343428,0.05375598543104746,4,False
42,0.13643137930861074,0.25730417076010936,0.16110383803104514,0.025175252527218618,0.05178911328504526,0.004902059937503138,0.0,0.027848071138488955,0.31054956101367887,0.024896553998299965,1,False
43,0.14118691887403112,0.23876171524107304,0.16928087899370867,0.04610210199995503,0.042753859629899124,0.0,0.00045450722202770556,0.014164736493573698,0.2900994494555299,0.057195832090201834,3,False
44,0.1469537901446151,0.23795183917070034,0.14305507475486465,0.046002646274229717,0.0747934010357725,0.0,0.015289941363198854,0.03013717305439269,0.2630261742210001,0.042789959981225846,2,False
45,0.12651633319355549,0.21928344997398158,0.12227347685918898,0.03519399218585062,0.0572778732832115,0.03967109442363021,0.01152410198751248,0.060460874956949136,0.26714633739450544,0.06065246574161449,8,False
46,0.09746882816370439,0.21519041952254042,0.1647895450938079,0.030711616239269615,0.05344164638977964,0.020810082487559854,0.006032489092802892,0.048906688969700816,0.2913865044963547,0.07126217954447976,7,False
47,0.10569592657152725,0.243196132185387,0.1661664225571278,0.045720256955779484,0.03674859823504436,0.022923809554960713,0.0,0.038242893372481476,0.291988506871325,0.049317453696366975,2,False
48,0.1323237600926079,0.24807106995086672,0.16314978534649213,0.022810888545142016,0.03692853180205278,0.0272653160449752,0.0,0.04237174563559444,0.292536897501351,0.034542005080917836,4,False
49,0.108712748365996,0.2422590144170136,0.15077317146226618,0.034005084473960175,0.04132800009559081,0.026516421983831886,0.0,0.04372369498067392,0.2936275146635102,0.05905434955715718,4,False
50,0.12829798507250453,0.2648497664783938,0.1779535718575312,0.030927867806624678,0.038404381386027385,0.0,0.006251831402289313,0.016718616058342718,0.2936246956846131,0.04297128425367329,3,False
51,0.12165718050244767,0.22809992857982883,0.1488495458305086,0.05139696211820882,0.05552681586142185,0.0,0.0,0.059995549040531615,0.29247426224548223,0.0419997558215704,4,False
52,0.13395981606145083,0.2577177135649102,0.14919666521408195,0.028774027461963746,0.041529331507365555,0.0,0.004606576856111834,0.045467556990289246,0.2995254583053059,0.03922285403852079,2,False
53,0.11653917342089992,0.22130724638136456,0.14920658981752846,0.04391624858415118,0.05809335495799021,0.02992010222665684,0.0092109110181363,0.056539522575160886,0.275996003101921,0.03927084791619055,8,False
54,0.0987570821265692,0.2137086569720621,0.17702121132517612,0.027902963006907897,0.05194728299451087,0.02502627507689673,0.0059482187448838,0.05951140068440989,0.2729942632381279,0.0671826458304553,7,False
55,0.1029993060439814,0.22876162750205387,0.1372497175581713,0.046804901701807594,0.04915981568684299,0.021522555153048586,0.013976136582763863,0.08146000515286672,0.288075812351193,0.029990122267270748,8,False
56,0.1161938367937601,0.22521954661937002,0.15715634111763954,0.038592296560498056,0.0635109442126026,0.011934675678610196,0.003405500685936786,0.0437317366008443,0.28227177619634297,0.05798334553439524,1,False
57,0.11881743314389068,0.22061056548239982,0.1269149012473075,0.05384057042536919,0.0439028382240497,0.03698193364755555,0.02343013419042592,0.060321264584867446,0.27375097405852017,0.041429384995614014,11,False
58,0.11999944244930655,0.2373777165712832,0.15697166505516738,0.04623610364281763,0.05565680176881694,0.019332913022783036,0.0,0.04397863807452098,0.2919868730412809,0.028459846374023327,1,False
59,0.11292795757170342,0.2010767679960629,0.15427080888144537,0.034467127798560676,0.05001298478878798,0.03944999491776788,0.017852180184028742,0.051599118653113646,0.27722833101102645,0.061114728197503014,7,False
60,0.13062117469438836,0.22254369529937854,0.15865039312003534,0.03406138232411139,0.05220626535129456,0.012678656073620696,0.02071981449249707,0.06724805740420568,0.2677911161845954,0.03347944505587283,8,False
61,0.10760332576371613,0.21462046798594608,0.14431617039913577,0.06212537534170701,0.03531175552126531,0.01859386556551775,0.024227093212750822,0.06919674589988592,0.2654550280349568,0.05855017227511849,11,False
62,0.09334345545540655,0.22299264390023046,0.1562373731149233,0.02887312659228834,0.05500803237845185,0.03220970680588461,0.027121700647701925,0.04513877017421303,0.2746685285739627,0.06440666235693727,7,False
63,0.12421296127199902,0.2309385965933831,0.15367283235728832,0.045015356579181195,0.05577929590435418,0.007352757942375188,0.005644230592376318,0.06738942239341708,0.27290769269428716,0.03708685367133836,8,False
64,0.10637530376580422,0.21158046081378773,0.15742572148859474,0.05149120255569981,0.05043357242918952,0.04790468297653167,0.023317560974508548,0.056149108013455594,0.2702473735385623,0.025075013443865837,11,False
65,0.13026133993211644,0.2092039637760772,0.14286414494140937,0.04510348415212745,0.06330073565403829,0.010249395240323193,0.0,0.07955709466783988,0.2885191468308216,0.030940694805246558,8,False
66,0.11144848730244837,0.21100416578155384,0.13210963869530137,0.05101711599095115,0.05591638905712878,0.03552636282305058,0.020965401454093542,0.06611567518295558,0.29134952184457197,0.024547241867944807,8,False
67,0.10993753145845435,0.205908813482099,0.163053166553874,0.026485619795838907,0.04770082976323038,0.02979442135927952,0.01163423711927221,0.05630992276767426,0.28690023038624,0.062275227314037444,7,False
68,0.10868010017586072,0.22755388885518774,0.15866486938829305,0.04334049447948346,0.06315253359907863,0.034630887870216086,0.0,0.045658128044525216,0.26759747445759885,0.05072162312975604,7,False
69,0.12683883302374857,0.2135567771357348,0.15138552156299176,0.050666405717024986,0.03921346752931728,0.015186823599816166,0.01487641963665178,0.06608370033373742,0.271920478888762,0.05027157257221528,11,False
70,0.12196357861756396,0.20663642799858162,0.15584321941567078,0.0481084872537164,0.052164511946869906,0.015043592954399,0.014918315539191263,0.062124321097978656,0.27478284796331237,0.048414697212715976,8,False
71,0.10854911931622542,0.2241364033084151,0.13879938500698746,0.03994127757609087,0.05310634215762385,0.016809154932432895,0.03343778381859049,0.06287164332781958,0.2723605640101335,0.04998832654568078,8,False
72,0.10921423064050013,0.21595943486588415,0.16470905826592733,0.0188812353652444,0.0522684530273347,0.03608226560992845,0.002842138437707613,0.047037928235079046,0.27555865492745735,0.07744660062493672,7,False
73,0.12327464967963456,0.22374033242956368,0.13604483995258035,0.02633736887472148,0.05370399799894662,0.025632934397815194,0.012460210783985844,0.05677657765819971,0.2909118642461961,0.051117223978356545,8,False
74,0.11287351059437412,0.208558356354309,0.15044586629491818,0.04386603849452435,0.049006997085547614,0.04236361107456051,0.010199968827763604,0.06597505359598566,0.26771974784739366,0.04899084983062315,11,False
75,0.11168146284476707,0.22173245660803606,0.11814756088513143,0.05865500128914015,0.055072614781156624,0.039862470143119826,0.026877183727261496,0.0697869643312694,0.2703365918374229,0.027847693552694897,57,False
76,0.1159473022822453,0.21712781776530032,0.14319343799610065,0.06765718239298077,0.03895616039812795,0.03881990845972297,0.01722149826214059,0.05590265367216903,0.2831955867366949,0.021978452034517475,11,False
77,0.11678767871953012,0.21066076916063356,0.14586934876188318,0.04969208816033333,0.05715979337927065,0.027850051823425807,0.011113734317437934,0.07639564307370858,0.25554750643018886,0.048923386173588095,8,False
78,0.13724277845966198,0.20470838977040837,0.13891347483081806,0.048454751344897413,0.03861186432979295,0.01997019277938478,0.03045940274306,0.03809229207370069,0.28786433274314216,0.05568252092513356,11,False
79,0.13076555198137155,0.21142909482062872,0.1433828172190843,0.040269387346800765,0.040261827104444196,0.025064096967089645,0.038759645049793616,0.05948578856293816,0.27094967452689755,0.03963211642095133,11,False
80,0.12861198603622123,0.20989502914819078,0.1420533994589381,0.05983355657133734,0.05089030030192864,0.020538753445618885,0.026588207460764478,0.05085865662412599,0.2564065194105267,0.054323591542347824,11,False
81,0.11389944022193009,0.2128494368957748,0.1357374596607759,0.060242811071401454,0.03714134152032821,0.02970898434069158,0.02263099365689228,0.05521790298915572,0.26900241138911785,0.06356921825393226,11,False
82,0.10675118003436057,0.2117677179326873,0.1396238972897009,0.03780503043310804,0.05852088115889221,0.03841128874591039,0.028356763441429393,0.053121719707910235,0.28373464398508735,0.04190687727091362,11,False
83,0.11600631260186882,0.22053374757557048,0.1389552525854034,0.03445209112465112,0.028926186934305466,0.04017238519836214,0.025371387666775644,0.06306621289089749,0.26983017459677533,0.06268624882539021,11,False
84,0.13437963156180968,0.2074941263849927,0.13175183718212555,0.05549612990978003,0.051104648374865835,0.046820498024427296,0.003677172007236062,0.05726162659766551,0.2657031054786578,0.046311224478439626,11,False
85,0.11144706273197122,0.2135828784163924,0.14784483040227334,0.0456674840361219,0.05127780110276415,0.03924987053470722,0.033848930473235575,0.06051350621151107,0.26266739161427793,0.033900244476745243,11,False
86,0.1265267175229429,0.22268624015754723,0.1553514216856411,0.04839151450549197,0.047451976195835174,0.03115482283442073,0.008823856957535745,0.06133168408016383,0.27097566216657903,0.027306103893842363,11,False
87,0.1101572154971901,0.2108218459153031,0.12418432920857092,0.06074262549194945,0.04255531150023978,0.04423971899068969,0.03515636882881056,0.054808222738976994,0.26857932743066504,0.04875503439760447,11,False
88,0.1161552486688858,0.2265052178164103,0.1425501471680903,0.02819484713540781,0.0481504380963809,0.016552499550101716,0.026890593611580638,0.07355923623816038,0.27395138131695346,0.04749039039802868,8,False
89,0.11117505869227379,0.17701405905187012,0.15820920351115972,0.048545453299259855,0.0360650014443299,0.029705987211658087,0.03161015816104428,0.07504138905910171,0.27950541016527436,0.05312827940402818,11,False
90,0.12304191832770743,0.1988322026822449,0.1511189754812576,0.05905845308669187,0.058990454016703324,0.024323303627613365,0.01344260999496369,0.0626658225920667,0.2673352615500727,0.04119099864067842,11,False
91,0.1114670824577596,0.20819409436119554,0.14725323174256347,0.051177702682552964,0.06021733958154623,0.028839325170447194,0.029477160964251587,0.0664131571257304,0.2585545337308177,0.03840637218313545,8,False
92,0.12024026041051332,0.20206227418081876,0.15454418240974072,0.05410607314848374,0.03150587453060907,0.027152820167979624,0.023921222431389767,0.07734827145567874,0.27026814080442635,0.03885088046035999,11,False
93,0.11147625939601173,0.21165849769997394,0.15850538784712676,0.058244049172214006,0.037820861249173006,0.013369790010817206,0.01385916056733165,0.07672142312058448,0.28822800194783155,0.030116568988935766,11,False
94,0.11157424962733974,0.23648599003132395,0.16257172516073354,0.034672196968151936,0.03463985400809976,0.021077144770723692,0.010115812905609475,0.04722887501774419,0.2792076608415262,0.062426490668747565,7,False
95,0.12454963247277456,0.20950298606196813,0.14803127524242504,0.035671771356320256,0.04476143465577273,0.03684649538198169,0.02251042312834464,0.04876232277870593,0.28901831300510794,0.04034534591659912,11,False
96,0.10013118245910915,0.21622906728330027,0.15763182049049385,0.028835001339376436,0.062299924719750044,0.0440578666475726,0.007876940815591949,0.05047660172207598,0.2655875362027297,0.06687405832000007,7,False
97,0.12628618627109822,0.23811295768252166,0.14931903984061212,0.04305960528256344,0.03216549165248102,0.0128257055560181,0.018511755785388235,0.06106957470856989,0.2836696283327084,0.03498005488803899,11,False
98,0.14559631620133398,0.19723424063331726,0.1399335552565957,0.055103690078194066,0.04579762061318561,0.02077344621736761,0.025819023314090507,0.057869635434710784,0.275155452885407,0.03671701936579747,11,False
99,0.1112907023293213,0.21044189258767254,0.15079645976110878,0.05732873392267239,0.04801099067200826,0.03305003884306045,0.034577217810785016,0.047351367634552624,0.26623202093082066,0.040920575507998026,11,False
100,0.1408912949579882,0.20202089065945225,0.15230111539204455,0.057568185893147265,0.04250969138326021,0.031950761046733396,0.019378620740224305,0.04550313339887468,0.2611448568313209,0.046731449696954495,11,False
101,0.11614142963206096,0.19729482907833532,0.15301335112019812,0.04259528334820797,0.04379703341379728,0.05067136164054216,0.030760399302050795,0.06259951632486423,0.2715196478564179,0.03160714828352519,11,False
102,0.11352717580396224,0.2036310981863702,0.14355751663693142,0.06663858631979833,0.041538110637890924,0.024220580914439092,0.020619634049392765,0.0634846493349944,0.2668959805530646,0.055886667563155995,11,False
103,0.12311136699085637,0.21888879350838636,0.1397331616439311,0.04947303476087192,0.02480313424029878,0.038726137086839585,0.01308563530866382,0.052734615517013916,0.27545928620279386,0.06398483474034423,11,False
104,0.13951107222396458,0.20939228096846202,0.13832832827894223,0.03789252258209065,0.04699661306850851,0.02045530985420733,0.02556509018986751,0.05961730788960372,0.28567739149734994,0.03656408344700355,11,False
105,0.11836615498519076,0.2259295446508152,0.14075420339726152,0.043236636956104316,0.04744692459690951,0.03555181330454646,0.0263759371169811,0.04781469606349316,0.2750666950125506,0.03945739391614718,11,False
106,0.1222200589686121,0.21073435729221554,0.1593871618139669,0.05119662538066397,0.03247752849009671,0.04330715944523968,0.0227757975342487,0.06460146391089039,0.25864681865788636,0.0346530285061797,11,False
107,0.11877345654457118,0.21319593634233946,0.1441975884188666,0.05560897516470926,0.03107409705539758,0.029139230077346506,0.02411231259478802,0.03708662176529419,0.2956747938187659,0.05113698821792134,11,False
108,0.11279807550829646,0.21814946308507416,0.158836249318614,0.03196357529378613,0.06631888628814823,0.028483499916062877,0.02146955118078787,0.06182912060338013,0.2672615617438428,0.032890017062007344,11,False
109,0.11918989454673468,0.20229972013880454,0.17060654865543945,0.042780970136110055,0.017340680528986074,0.019428880591009747,0.020683760109851644,0.07144757479493274,0.29307862039848376,0.043143350099647336,11,False
110,0.12823025385501835,0.23479304748166824,0.12840772067582348,0.04502002295356025,0.05404732133731414,0.011347739216604518,0.020705997665804818,0.053632927482308565,0.2901344075948525,0.03368056173704524,8,False
111,0.12040226004509301,0.19901215041535286,0.12877952427734563,0.05670234314273835,0.032823768059501955,0.05118112922943265,0.03871871913247466,0.05922018962695233,0.27347607668939306,0.03968383938171556,11,False
112,0.12608084213732543,0.19812135533464678,0.15658285279301878,0.05111330347068465,0.03901773500564224,0.01699053740326596,0.03055608658850072,0.05910226189341943,0.27762317968742234,0.04481184568607347,11,False
113,0.1340732033655147,0.20998429429436097,0.14230751886134674,0.056623376986808034,0.04260044655198686,0.03662718396095952,0.01999419312278031,0.0752148876638363,0.2584306388585096,0.024144256333896864,11,False
114,0.11539374998701442,0.21638353980417666,0.13937593073704788,0.05613367039546071,0.05098865174063697,0.03873569108465313,0.019179174591714896,0.07738873736220706,0.26332567436708365,0.023095179930004595,11,False
115,0.1363735685567771,0.19755124138593932,0.1665943564859435,0.04392336959117325,0.028982901501190837,0.036774929065127394,0.02744478661703481,0.051626770068215935,0.27127763682162537,0.0394504399069725,11,False
116,0.12034343722103776,0.2098618700254373,0.1481096857138992,0.052268476494195915,0.037847513634032305,0.026863748772075993,0.029353581784320563,0.07129253350943064,0.2715841443097587,0.03247500853581147,11,False
117,0.11969411680403484,0.2265355841342382,0.1380348976464,0.05501149546866874,0.040016243009922015,0.03475676233873476,0.012203847365987123,0.06671661343962125,0.25843427329810986,0.048596166494283145,11,False
118,0.1088990409557244,0.20837373606911325,0.157469140740638,0.0384992208009527,0.04716122229494579,0.03306959246544457,0.025348692332439568,0.05614089214410979,0.2766008541077805,0.048437608088851315,11,False
119,0.1243019833819694,0.19355434317787631,0.12468543448805239,0.058926005961645316,0.045921954159223705,0.03969318997687081,0.024405122842024382,0.061115407930861086,0.2711445202248008,0.05625203785667585,11,False
120,0.11610107425169111,0.21041901755738573,0.13847013799593744,0.048904975603204566,0.05057401129464842,0.03457516025002771,0.024161010908282512,0.06065142222074277,0.27313955283422725,0.04300363708385252,11,False
121,0.12565485322097103,0.20391267807931676,0.14198571086060943,0.05516194825897618,0.049558298350109976,0.03689666853785387,0.018607612794949418,0.06144162324859972,0.2691737805277543,0.03760682612085932,11,False
122,0.12308194015121898,0.21912949553811928,0.15203400801933578,0.048500594405193984,0.0449301333596487,0.037399126794511094,0.0210059259080555,0.05459699645390771,0.27399339104641074,0.025328388323598135,11,False
123,0.1250444849577714,0.19923470956183503,0.1426962128430173,0.05483472166770647,0.04647447667013175,0.0322450828587268,0.03537747356092343,0.0529717677672968,0.2663140535790071,0.04480701653358382,11,False
124,0.09350074383200863,0.20593648493421146,0.14805347227522547,0.041736550594441306,0.04093805976066446,0.05320065718795485,0.02391025612652097,0.05702071271199101,0.2797535844384184,0.05594947813856328,11,False
125,0.12671160995974548,0.21802575786498152,0.144284293145776,0.05281836023589307,0.04266658167088369,0.04563135350069928,0.03406354820392896,0.03569709268584374,0.25334458367991225,0.046756819052335995,11,False
126,0.13271697020745205,0.21450013942054635,0.1326573630542321,0.04633935904367018,0.03642853510248826,0.04026335563458206,0.01993236294069748,0.041936382933061116,0.28904721300573777,0.046178318657532684,11,False
127,0.105824137394522,0.198097679090663,0.13663275633520475,0.05448156268648639,0.049034878073397285,0.057857435681215555,0.028614230876627823,0.060224047829826655,0.2516673835300259,0.05756588850203073,11,False
128,0.11804601925359387,0.22758969229130763,0.14793091514812287,0.04194924046827501,0.05017568976918788,0.023422805233260968,0.001217691654398957,0.052318789514035006,0.2854401521383433,0.05190900452947457,11,False
129,0.1224740272684627,0.22361814282821876,0.12252052862772214,0.05187780087467952,0.04420717021729385,0.03534998923505421,0.021380671645108325,0.05811187339874353,0.30119358164322196,0.01926621426149485,11,False
130,0.12263055188658034,0.2015602185548671,0.15052163626205295,0.04528443029999145,0.049628543235817765,0.026299066737650877,0.011621069123799775,0.06822366877965934,0.26918113207167094,0.0550496830479094,11,False
131,0.10143496487650837,0.21220405596885614,0.15181613679612446,0.02486810128061919,0.06027824437215529,0.03805566131364828,0.014225739640030186,0.05825316772711696,0.26716706156032377,0.07169686646461723,7,False
132,0.12569355184407363,0.2263747690076854,0.15477772721918917,0.04864125185834006,0.023373257317298547,0.021464437974979208,0.0,0.07707439559076837,0.27213069327238054,0.05046991591528503,11,False
133,0.12159389841218181,0.20592156175847287,0.1481524121212122,0.060499770190549806,0.03636897357516731,0.042668810862378205,0.01529270110550206,0.0688104565517235,0.27631531535567955,0.024376100067132637,11,False
134,0.10019911311160587,0.2150382867378518,0.12787129259558144,0.05030808229867152,0.047098246381279324,0.033377418119531384,0.019599608260155044,0.08460558343044927,0.2786101423079531,0.04329222675692129,11,False
135,0.09369531365944204,0.225801506852745,0.14177093026322743,0.07015599510257675,0.025301923779485223,0.03285260155381055,0.020294441562075084,0.07066164939988856,0.2882806057772081,0.031185032049541355,11,False
136,0.12364965585986488,0.21673790620871916,0.14881864628611127,0.04042796652899511,0.027416875192862917,0.023591533903148422,0.029322387362790935,0.06465217827436998,0.26707032052750035,0.05831252985563682,11,False
137,0.12209045522455998,0.21182266981196568,0.14216974333776652,0.051870218536615956,0.05227944824571961,0.02998375882716186,0.02265103755155118,0.0608446298926968,0.2629708511882934,0.04331718738366895,11,False
138,0.12147050755104334,0.20437060039519978,0.14174146656758208,0.05914679099005614,0.033995483341612176,0.03693200262019192,0.022605384116839412,0.0668597011689101,0.27728298529764706,0.03559507795091798,11,False
139,0.13178991637408807,0.20638460061282835,0.12919615951417582,0.045304258835276834,0.0325122564361347,0.03470892110120548,0.03754422374685721,0.06512589805956523,0.26482065099448465,0.05261311432538361,11,False
140,0.12291509088759202,0.21055302839361464,0.14048976802005106,0.04953990954577657,0.04831087884886458,0.052095376677616725,0.015780091837113784,0.056679353584618355,0.26253662895862073,0.041099873246131485,11,False
141,0.13182540733822867,0.23283465208186707,0.14367366016970468,0.05849140228976496,0.022305001373648894,0.02336371070936994,0.03238231863386997,0.05100732329549527,0.2573308668062021,0.04678565730184842,11,False
142,0.13684173394302968,0.19596127072718952,0.14805970909677377,0.05365594098628308,0.04973898704706319,0.034015724654742785,0.021138938993025585,0.059795571992860425,0.2576325577690872,0.04315956478994474,11,False
143,0.11554566913341453,0.21601929520525054,0.14839802877174052,0.04446714433370884,0.051876790023237244,0.034593170727682795,0.022041848191195174,0.051667229235827394,0.2766495205304425,0.038741303847500456,11,False
144,0.1296634223195584,0.19819805078243868,0.14330641636525931,0.06643742502409312,0.029980362388831255,0.021752974163278108,0.028279249746325657,0.05350617164463984,0.2687650453076658,0.06011088225790974,11,False
145,0.14112505225582858,0.21458275717250164,0.15017938007568804,0.05181839038029926,0.04898405215236474,0.035096640508534754,0.0073577225378949045,0.0567776090521181,0.271779392240619,0.022299003624151,11,False
146,0.1001218008491433,0.2224659140167896,0.13742757082462165,0.04829106426635662,0.05497774550255354,0.03682236486954221,0.023626137027549104,0.058975766785043654,0.2798624079267557,0.03742922793164462,11,False
147,0.120721723140466,0.2032098156228018,0.14829604053249965,0.05738607025979084,0.04500733992910759,0.04024099016218686,0.009325842633110664,0.0408951833301011,0.2924592911269598,0.04245770326297559,11,False
148,0.1332325165825016,0.21051667098306337,0.13752401520649643,0.04741934437333005,0.04901463926850125,0.04123625475984065,0.024426036267831828,0.068306742160647,0.2585829755570353,0.0297408048407526,11,False
149,0.11244602318475094,0.21607244195016195,0.15636281692850545,0.04082297478935312,0.035415356261849204,0.022052997587566948,0.024040054291499274,0.06368092231059667,0.28682289959975804,0.04228351309595837,11,False
150,0.11400796606127647,0.2131729138713084,0.14514091016245204,0.056148554266979296,0.05033346118122789,0.036689134414028386,0.015146333654576702,0.049500173460020544,0.26975210983193737,0.05010844309619291,11,False
151,0.10962321492287382,0.21443170186518276,0.1600536143987897,0.04274493591642097,0.04410666877216752,0.028862796147750055,0.02765893224587653,0.06448436198569435,0.26789348696880394,0.040140286776440305,11,False
152,0.11401253024181986,0.2134175879368565,0.1352908541854015,0.053367639218574216,0.044126343838780585,0.03573275461416177,0.016816697596835725,0.0524477440498362,0.3004953391808941,0.03429250913683959,11,False
153,0.11498690924763214,0.22908515400831858,0.14460353216891458,0.05211583264697397,0.03421068873795859,0.03293252049854209,0.02209523594457825,0.05239358627310183,0.2936154260373773,0.023961114436602798,11,False
154,0.11814093043517611,0.22305060873507795,0.13699026388022786,0.03540069010130338,0.045790481005089215,0.02857054352726297,0.0367633565280162,0.07188138127534724,0.26959562217810246,0.03381612233439673,85,False
155,0.09196209251145422,0.2089249770243446,0.12531024516618042,0.06491318505209634,0.04580825588778481,0.04265822250449714,0.025755490722994868,0.07228574512637341,0.28733171513008227,0.03505007087419183,87,False
156,0.11055473173672402,0.22653925969042152,0.1670834987193555,0.058202021917598386,0.03160069851390189,0.036430636861363566,0.012339648954723023,0.049554453348163906,0.2740093333547416,0.03368571690300666,11,False
157,0.12234621169610865,0.20155713845927128,0.1508794993371201,0.04368135263937082,0.04204729346434218,0.022408254506406246,0.02300870504837264,0.04732750862060642,0.2798112285205946,0.06693280770780713,11,False
158,0.09986094611609495,0.22216123815116803,0.14622450606513954,0.03457752647976074,0.04023123832197305,0.037206328224723535,0.020011489248481354,0.055622724293939815,0.29024763919115043,0.053856363907568656,11,False
159,0.1029198410451577,0.21837195479435673,0.12672289197985512,0.05435852100979673,0.03515382088625,0.049793773131805295,0.04024640429550082,0.04619900898483308,0.2664836426683101,0.05975014120413454,87,False
160,0.10934535081717751,0.21248171285078674,0.1380884390855779,0.037945561174629765,0.04747359258796181,0.03902909965059964,0.030890665348186838,0.0672006964721867,0.25843680993896506,0.05910807207392804,11,False
161,0.0999365638340928,0.21433010962271173,0.15730738721993395,0.05237696518908929,0.036760323585866506,0.037547028681806975,0.009328656050381324,0.061600486485161685,0.28812359293735673,0.042688886393598933,11,False
162,0.12957880346605954,0.21292643762933788,0.1607273439966978,0.0576045607637742,0.04423301601067481,0.04772389711987573,0.004468528082921756,0.05048020681255921,0.2548726168008562,0.03738458931724294,11,False
163,0.10838119485759054,0.21048526799770265,0.14229132647843645,0.06023849889103994,0.039815476178349914,0.030930494785324218,0.026261569126913308,0.07249520488416211,0.2705099209368917,0.03859104586358929,11,False
164,0.1402563632667474,0.20010672814588015,0.14146601116520743,0.0563848988142436,0.0370514270264786,0.02065942159541182,0.03127643012469954,0.04515464217407909,0.2854861502040415,0.04215792748321096,79,False
165,0.1087027624173466,0.20800086735018466,0.1521371270423042,0.055443145859760706,0.05163924687555228,0.026371526790725804,0.02206417459765629,0.05046409684511487,0.27766008182982554,0.04751697039152899,11,False
166,0.12096356398270125,0.20423562009567142,0.15114729902135454,0.05808266493754876,0.03932473009458775,0.04187663340885129,0.008612363688528074,0.05701214571569008,0.27632415215157924,0.042420826903487585,11,False
167,0.10825655137740565,0.19756315962652088,0.12088918918660815,0.061532615289713675,0.026656750032151476,0.05303477431870599,0.03229622568675467,0.07200605105275484,0.26803928508401964,0.05972539834536505,111,False
168,0.1254451537889548,0.21304536933881013,0.14457081685008666,0.03500424487845256,0.049993823324870665,0.047398659670175626,0.030840524089058456,0.053033245785002237,0.2644674520141214,0.036200710260467485,11,False
169,0.12158313227067007,0.2104660934145028,0.1561012570216059,0.035742321901668386,0.04631295513658044,0.035641385222977336,0.029285564376278165,0.06543604783379064,0.2545504392145738,0.04488080360735252,11,False
170,0.10517613809730426,0.21580357085296642,0.16401558497980875,0.03971412517744378,0.03557867287118887,0.042132969912793174,0.02880331257930599,0.05454084366367571,0.27870925224004034,0.03552552962547271,85,False
171,0.11813926596082695,0.224111823280586,0.12044772506756787,0.06147397633063278,0.027529721527848276,0.0332377276241057,0.03569786885492811,0.058764616364089334,0.2727606881544384,0.047836586834976665,87,False
172,0.1236766793309362,0.2062077606594315,0.14858907802584334,0.034438650747899244,0.04054213727920233,0.03742206239068646,0.04037303308729551,0.057266800016530124,0.270285616551551,0.041198181910624194,85,False
173,0.14143250933796217,0.20052369969871484,0.15160745402177375,0.047238421989497396,0.04926956455736504,0.019928084958538154,0.020796397089288068,0.052521118689967304,0.2730337880898789,0.04364896156701436,79,False
174,0.09604294206480668,0.2141503499574526,0.11451253238630307,0.06063065806595812,0.0337706905613189,0.060072129334273014,0.04778512786001229,0.056403168817262886,0.2608506145556658,0.055781786396946476,87,True
175,0.10953827465581475,0.21284564525848065,0.14419247932342688,0.07534212699845966,0.051185135717569503,0.01696211351112153,0.030987906715262543,0.050498912789019836,0.2609554710252335,0.04749193400561114,99,False
176,0.12502299389297314,0.18904747501803537,0.13520995149246778,0.040895005941199346,0.040011096486689476,0.06698711005239075,0.02358943481536474,0.05850038816837852,0.262101916239081,0.05863462789341971,111,False
177,0.13401333948123148,0.2058726387957492,0.1338876228493338,0.0386807649788906,0.044527302971180203,0.025656360933500523,0.05231727308775705,0.06498298815519059,0.24309842706790213,0.056963281679264524,79,False
178,0.10820455984457625,0.2248665612466878,0.13116026329154604,0.059275479392654165,0.042983900968700126,0.032331820826523826,0.044808419344587666,0.05489466136058294,0.2652712790004127,0.0362030547237283,87,False
179,0.09856980017460486,0.21913004308827608,0.16066235630156409,0.052265390519982004,0.03728226972544587,0.020813590865490915,0.027719733127652992,0.05345520626679971,0.2868750734526769,0.0432265364775067,11,False
180,0.10759668579060862,0.19689221370957452,0.13953226442188596,0.08723179910298105,0.04059611920333299,0.052234626119362755,0.023235058782941655,0.05111169194849651,0.23790189373454887,0.06366764718626709,87,False
181,0.14329064373779424,0.2217493087688197,0.13437543067893146,0.05046850051091657,0.04479783192860057,0.02290371644720987,0.03037040603256208,0.04678040367676353,0.270377897829401,0.034885860389000885,79,False
182,0.1160873547393153,0.21906219485141182,0.13537443100122315,0.07053409665021985,0.044189310416519745,0.03490920622006419,0.026936022908418327,0.03784015307597874,0.27048065524517495,0.04458657489167401,87,False
183,0.14757828434492176,0.2178630176835036,0.1528987683533657,0.021818099840206665,0.03303490097290324,0.016359833764970418,0.033820465220191824,0.0581864902021555,0.2756073770909196,0.04283276252686151,79,False
184,0.12710479408418143,0.22292516655038996,0.16068140340855122,0.04296049548686066,0.03327750366180004,0.029027835703584453,0.012819192597223323,0.053127237654004414,0.2836225335142664,0.03445383733913808,11,False
185,0.12114883918997113,0.2344555475635769,0.14781465439001992,0.027947508692794894,0.029004841812155065,0.03968012680754931,0.025744554127942514,0.04122635547071095,0.28888529237727806,0.044092279568001436,79,False
186,0.09604330039553308,0.2371282925351721,0.11606352835412827,0.05395148177251394,0.05942798107856502,0.024998057671186787,0.03230751938639176,0.06701559395882564,0.2779775406785166,0.03508670416916681,71,False
187,0.1229045639002463,0.1842002636305051,0.12326558429693586,0.04825617033769849,0.043168837309887936,0.06040946880652809,0.047338667172946026,0.0665342078645092,0.2791652540400224,0.02475698264072058,111,True
188,0.11487189316214069,0.21273657580724098,0.13948933581294914,0.0644515759218156,0.046541310957630255,0.03143749407713192,0.018783453083311048,0.05987451443371116,0.27151257384971544,0.04030127289435387,11,False
