ID,strat_res0,strat_res1,strat_res2,strat_res3,strat_res4,strat_res5,strat_res6,strat_res7,strat_res8,strat_res9,ancestor,alive_at_end
0,0.04096809417419813,0.023666549736453667,0.168421766890743,0.3070233981927905,0.1810274381722332,0.061677352972704616,0.12989461026125046,0.05699883733036642,0.01921514915495693,0.011106803114303157,0,False
1,0.0397812596874767,0.01703089001787529,0.1756309605536274,0.29631982277622104,0.1767374133856505,0.06134963824607976,0.1456843866750503,0.05388311176584898,0.0335825168921701,0.0,0,False
2,0.05755818912535754,0.008124035052891212,0.17260192245701164,0.2925954210137831,0.1667790148893454,0.06055122060454255,0.15662748655435554,0.05359582828499839,0.025235962886563098,0.006330919131151306,1,False
3,0.022832474866022606,0.029724765612654105,0.17800234270323148,0.29648195586912857,0.18819341471402126,0.056419888662793655,0.13933532397627788,0.06579651708273718,0.009457768777521157,0.013755547735612156,0,False
4,0.04032997908848835,0.0013545905163976214,0.18446681537937326,0.2941662748331329,0.17937891955773397,0.05160079516468335,0.156295649623326,0.045749694852876506,0.043389321339204506,0.003267959644783408,1,False
5,0.024875614413314612,0.019951288364807727,0.16800780437933618,0.32571482076532515,0.17288508586589516,0.05849901750898003,0.13296647048059512,0.0594210176158744,0.02830037931668057,0.009378501289190983,1,False
6,0.045084677232946964,0.020323790150179093,0.17174515869569051,0.2983729799211159,0.1713196763861622,0.05539015514267638,0.13023621297474822,0.05314884916353154,0.05437850033294923,0.0,1,False
7,0.04082544073500658,0.0,0.18272604407556745,0.2715426838727363,0.17399235302241747,0.058512168753973755,0.16332147011602371,0.06738182395661163,0.03437755746701008,0.007320458000653054,4,False
8,0.013532895062657011,0.027477004893449324,0.16846417328104293,0.28897809091869975,0.1910621643047808,0.05641903770660549,0.151261721637322,0.07006709836654051,0.013981489414755539,0.018756324414146538,3,False
9,0.03969296570946333,0.02052278406791462,0.16708670868926911,0.2988313541627632,0.17569694172977995,0.08072381360581155,0.13604810138485407,0.06484225249698798,0.014922298234897772,0.0016327799182583277,0,False
10,0.030921059530652877,0.025340622651238574,0.17215768324781552,0.31765233706606605,0.17608382401224487,0.03964363930612986,0.14028970874589702,0.06668715291305786,0.015811544905162216,0.015412427621735057,0,False
11,0.04408389847438311,0.01760388219662704,0.16837466117522878,0.3017107730760534,0.18157508809340894,0.06730081547361695,0.13070991370158902,0.0723165118263519,0.016324455982740797,0.0,0,False
12,0.048397408019332164,0.012680218684827906,0.1718528678080048,0.2883723901102149,0.17641100036310994,0.06046016776316894,0.143022404633616,0.055686092667503274,0.02328946154180913,0.01982798840841288,2,False
13,0.03910528549407661,0.037958311723160436,0.15359481397793126,0.29028128496302424,0.17525686794684567,0.0627943284360981,0.1251359985142592,0.06202163744675851,0.031486124794319656,0.022365346703526474,0,False
14,0.04804221860394683,0.02138921602105112,0.1623598582789919,0.28678267694468124,0.19343667228105438,0.07189008791349256,0.113959330825708,0.058388020022750585,0.020736381639648114,0.023015537468675327,0,False
15,0.03683786292499148,0.021592400588181772,0.16375514858812673,0.3315802634241208,0.1784639009603696,0.05395673453923304,0.13063466405536575,0.04403333292747693,0.020363983638519823,0.018781708353614014,5,False
16,0.0527371607716901,0.019312039644594083,0.1920775886677051,0.2743114657539431,0.1521856031487357,0.05247657602214552,0.1517587872238645,0.06537817233056653,0.027310734581213664,0.012451871855541639,2,False
17,0.030610995884530305,0.026084657743397494,0.16497910601971416,0.3061638680969582,0.17512514440729102,0.07149965390424097,0.13872895145076042,0.05393035321318659,0.022420152325583382,0.010457116954337443,0,False
18,0.007768442064780721,0.04484961175454171,0.16344521619470193,0.3259100979683937,0.17380244016430244,0.04573661377982105,0.14983679046376916,0.06403634958273201,0.02461443802695728,0.0,5,False
19,0.05420162926173945,0.0,0.16738878991515732,0.3130398614179735,0.1845712333191536,0.038918180909219745,0.17244115044083183,0.04453995729414704,0.015882173815917566,0.009017023625859908,2,False
20,0.04028607264777163,0.021889856271418637,0.17275307577958976,0.2842303839375506,0.18392144565940888,0.05533611540358555,0.15347429806238808,0.04723760676979305,0.04087114546849374,0.0,1,False
21,0.02602203444065635,0.039038979677536674,0.1821798253427833,0.29352956636350974,0.179977806573299,0.04798582395889224,0.1360200527666682,0.06055328378770307,0.013643597331204788,0.021049029757746616,3,False
22,0.054635710633607795,0.0,0.18156406001730152,0.29388428062259375,0.16851081896063203,0.058012287558954594,0.15722107066332586,0.0598331666125441,0.026338604931040368,0.0,2,False
23,0.05355707643533672,0.0,0.16682296894754467,0.30558488600855904,0.16709329564954695,0.05912992600223069,0.16189821876122784,0.05163820287715167,0.015458648164473109,0.01881677715392943,2,False
24,0.04699663323111961,0.015947573689483033,0.17957249154943433,0.2925837016739798,0.17461858381825004,0.058642608168801,0.15134414774453223,0.04418106128039057,0.036113198844009334,0.0,1,False
25,0.02420100878192414,0.03847892664760781,0.14874310859623863,0.3000970247534484,0.17982686146772894,0.0613317341320858,0.1281981227782137,0.06609477422696793,0.030908830878436648,0.022119607737347863,0,False
26,0.044910755722644656,0.004974449697621192,0.16826793362092365,0.2904586677386103,0.1683073951874961,0.056431640711704915,0.15973214813120734,0.06729011984855046,0.032213706050245705,0.007413183290995621,2,False
27,0.02056211017776882,0.009729406680560819,0.16018753660579774,0.3398125702388035,0.18272992564631363,0.042761638658300814,0.156945313019564,0.0578556816105052,0.02725632981490972,0.0021594875474757066,5,False
28,0.055484919173120255,0.034725265488542476,0.17249680351802768,0.3107681345645058,0.18160153646420793,0.057336220679296904,0.12100510436462283,0.05564584243797793,0.01085989193957624,7.628137012187583e-05,0,False
29,0.03098909083345204,0.0,0.17445261791369704,0.30152753160625695,0.1776460723032162,0.05991748288526883,0.1439443408409026,0.042704987982991625,0.052218584705113695,0.016599290929101167,4,False
30,0.045734863700799926,0.016004693057301192,0.18063394852850545,0.29440053210970807,0.1533881710058686,0.07043662708759858,0.14468686882497828,0.04370011693890941,0.0510141787463305,0.0,6,False
31,0.03174125302100242,0.0,0.1871952713408927,0.2965771338940522,0.16915586480263778,0.0536599512051668,0.15728221518395627,0.049589438221889034,0.05479887233040271,0.0,4,False
32,0.05610342630391767,0.003545402175968277,0.17682331160163084,0.325659611364846,0.16333257708989252,0.05476739513826667,0.14677317226513317,0.061257249517310916,0.00659693133011703,0.005140923212916912,2,False
33,0.05220225278324705,0.011682035155872818,0.18876550795570515,0.29848940724500356,0.1748622787586016,0.051086391696640934,0.12955643553573903,0.037323697875207396,0.05187442202113373,0.0041575709728487,6,False
34,0.05281223373885213,0.0,0.17869064325824294,0.284512824881459,0.18280579877986258,0.04916446389237439,0.16916954410096027,0.05420487319680445,0.02376579126154452,0.004873826889899748,4,False
35,0.026818365379133832,0.010069392772332854,0.16469241919236366,0.32898620535415785,0.17624337837074636,0.055808469358806505,0.14231946779398272,0.0642067879700976,0.030855513808378632,0.0,5,False
36,0.03552344763783332,0.024623735362659806,0.14950643976103206,0.30533426394170565,0.18400260520689207,0.07302906914024779,0.13776903040134858,0.07000113316338229,0.017812724038725077,0.0023975513461734557,11,False
37,0.031737589765661725,0.01583025420967339,0.17860943911849045,0.3043432926997504,0.16797129792487472,0.07579854798061203,0.1193218388390943,0.04369078859476242,0.0581430473071756,0.004553903559904764,6,False
38,0.0345369760239883,0.0,0.19712659173442823,0.2956378379456568,0.18268607357932826,0.05183904967048554,0.14839400674742814,0.034490211289204015,0.05528925300948076,0.0,4,False
39,0.07294153233964573,0.014420036723789144,0.17253432467644814,0.2823722593865137,0.17620129596712442,0.06752568590456937,0.15050379921718446,0.056336141325452414,0.007164924459272639,0.0,2,False
40,0.03086967097017963,0.007937464576843325,0.18537446555660747,0.29408545308650275,0.17441835766578578,0.06456264021863214,0.14844763651353815,0.053434885913627835,0.03314690289879811,0.007722522599484748,1,False
41,0.036630155926488835,0.030033676994674102,0.16764765624606978,0.3228739518904735,0.18025810125169378,0.05799088401608539,0.12697549395976335,0.05751721009528015,0.003421121680581317,0.016651747938889676,0,False
42,0.029131663380459305,0.022487737558806297,0.14917360604866473,0.3141685004102732,0.16276823583880431,0.05898697914895402,0.14081899345641788,0.055632194791084805,0.05821461223111294,0.008617477135422534,6,False
43,0.03510275671513973,0.016566500980726314,0.15463408913703738,0.2859667970216623,0.1776113872754919,0.07118433268831133,0.10745200594995065,0.06940969440323387,0.05758419950497164,0.024488236323474882,6,False
44,0.03351966989864855,0.030623272599345268,0.18403726065711123,0.29574298085172906,0.19395278501843138,0.057262881392290986,0.12751258153758704,0.05032012706037411,0.007776580468113616,0.019251860516368718,3,False
45,0.04201268684192007,0.015727047640594634,0.17300190496565757,0.31130311304374625,0.1880630877577048,0.07200231423704467,0.1329784333026828,0.05119593275777962,0.0,0.013715479452869534,0,False
46,0.021756998099425256,0.032844817175670955,0.1828192182733639,0.3039409205615219,0.1978527440902934,0.0671723753650006,0.12823702820456148,0.043665521508208946,0.0024603442092175696,0.01925003251273601,3,False
47,0.057949625636003484,0.0405216727318986,0.16855241328026804,0.2830931664673341,0.1482472055469297,0.05237953038468163,0.11912327807346393,0.05692879225810283,0.06703721872372577,0.006167096897591711,6,False
48,0.02137482115536415,0.027894202895733595,0.16373698145446178,0.32068042962327986,0.17149258346859053,0.04191370047710201,0.1235411679357867,0.07105254685202197,0.04924100321699714,0.009072562920662098,5,False
49,0.038416975843947154,0.008021924743430114,0.18084219221951495,0.277969501201362,0.18398473103709478,0.05461937043663072,0.15414056028460524,0.04893633428604841,0.041865496052688994,0.011202913894677544,4,False
50,0.03700166398629927,0.01767824519150716,0.17585393055321968,0.3047211139380548,0.16098990853349157,0.07247047032120663,0.13744524103849565,0.06091025498224962,0.02838102535198497,0.004548146103490473,5,False
51,0.05355800406849791,0.02278175424268787,0.1729998949956701,0.28133588885065114,0.17916144416463248,0.06387311496509748,0.13853524768007824,0.04963992284142809,0.03811472819125671,0.0,1,False
52,0.051223943931962695,0.0,0.16119115489399455,0.3090379388366467,0.17499847605004898,0.06707654771781263,0.1694613179406953,0.04317731946578159,0.02137741941514226,0.0024558817479153044,2,False
53,0.018904471410712408,0.026980396724488237,0.17988550131062184,0.289748540057418,0.18579546384255077,0.052656981185036075,0.13667300664080564,0.0672795260361793,0.0290873339557597,0.012988778836428162,0,False
54,0.04802029654215887,0.003924245516365574,0.17169264535540904,0.2901043540093788,0.17935306065775702,0.06229977231832788,0.16138453039753173,0.04590804960730922,0.03731304559576187,0.0,2,False
55,0.017239846599619035,0.00601457221178754,0.16598989025164526,0.3203038147084919,0.18100307296069426,0.06940408977471431,0.11288649098455586,0.06864092386216308,0.03615846441835192,0.02235883422797668,5,False
56,0.04986334804924775,0.023405636421711052,0.18224224306243733,0.28969712273507114,0.1787699976884636,0.06217168955596126,0.14000913616716235,0.030903479481935912,0.020931138204408468,0.0220062086336012,0,False
57,0.0221927779495507,0.0077359678373432545,0.17943551663620963,0.305124451657722,0.17206237899403495,0.060244070354595114,0.16662338784931208,0.059892627447819875,0.026688821273412537,0.0,1,False
58,0.005697876356762263,0.01673432951128733,0.18833162068283135,0.2856638728653911,0.21354756928810617,0.05716175870191484,0.13979711942857181,0.0763553276657289,0.0,0.016710525499406367,8,False
59,0.05459711939119297,0.031164193674443154,0.17042676723608435,0.26895981659443907,0.1622440748655964,0.05860530523814987,0.12190669299045342,0.05621996881720182,0.07587606119243898,0.0,6,False
60,0.047346288415113166,0.0,0.1762346457365936,0.2987194976421024,0.18780521826263696,0.045488958843227185,0.15109508821675038,0.06255935909139101,0.030750943792185275,0.0,2,False
61,0.027629132800408452,0.03096099793677869,0.17590525791095515,0.2939842414750832,0.1725546764212899,0.05320252364517471,0.1492883025616317,0.06714011438765319,0.011631797916275412,0.017702954944749504,3,False
62,0.034638573425231044,0.03489202613778065,0.1782856801617311,0.30133430134610106,0.18720460829673627,0.05472138652026351,0.13285042153401255,0.05481847058306662,0.005883218119041482,0.015371313876035712,3,False
63,0.028500471042140277,0.03674321503486647,0.1775729132683768,0.27519488550930943,0.1855803651035437,0.06382857994040567,0.15266523822377726,0.06997863767717265,0.0,0.00993569420040776,3,False
64,0.02017278099990383,0.01939503029861567,0.16694949933818107,0.31728447285695976,0.20467855902892967,0.06288741023464776,0.1295902381559581,0.04886172251199244,0.017740935198107405,0.012439351376704294,3,False
65,0.02591254074307751,0.016791904067330263,0.17072355037711281,0.2782121341913161,0.1865968507618015,0.07046926686970878,0.14733827611916264,0.056829815492258164,0.04236837069710158,0.004757290681130587,1,False
66,0.02209610927284213,0.0360343889855509,0.1539084295809227,0.28317570236051925,0.18506715719770725,0.054755169056538586,0.12617023855909235,0.07605350453450116,0.02376973798085898,0.03896956247146683,8,False
67,0.028804140080810153,0.027134700687712496,0.1784948844477005,0.30621560168240997,0.19276848519972703,0.049137021624379475,0.13618823904787497,0.05660661128588835,0.014788242691083604,0.00986207325241342,3,False
68,0.031006747627886327,0.03218697098238621,0.15942166114491793,0.2855550397606419,0.1671855675430283,0.07146957788866654,0.13945846664770112,0.08552129804312808,0.016917317190605356,0.0112773531710384,3,False
69,0.044970069009882,0.03117159184162011,0.1711895127329202,0.29083355990515447,0.16848379650668854,0.06393085504227235,0.12410500942325797,0.06107267783502729,0.017917318358643155,0.026325609344533665,0,False
70,0.02443888467948339,0.01234070049687857,0.1741620975745759,0.295921618875213,0.178935625792422,0.056955076576414486,0.14845391292996077,0.10033747986737163,0.0,0.008454603207680175,3,False
71,0.02535135185107796,0.029155607152206768,0.18051590085362232,0.29948914639716956,0.19099712662847662,0.0481203696917406,0.12583010252555749,0.06019656158855212,0.008547180965106253,0.03179665234649045,3,False
72,0.03841710649413086,0.005873337633172109,0.18456648592711794,0.3031802183370239,0.20319661066411,0.046685749294283714,0.13978330786522628,0.06551896038723719,0.012778223397697925,0.0,0,False
73,0.025377922882668925,0.0273572092169512,0.1703889520858328,0.28480993512977065,0.19629015419499377,0.044837608455257194,0.13508744890616542,0.07908493435902562,0.017290144992477142,0.01947568977685744,3,False
74,0.03644235334243035,0.02537391480692456,0.16504437969130656,0.3074983465697273,0.18413673457016153,0.05715426872409244,0.14131914975298568,0.042437653801730466,0.040593198740641115,0.0,6,False
75,0.0002815801428282398,0.025735164730950503,0.16755164199535297,0.29998084691812965,0.20002267531383774,0.03776460062724857,0.14651643479052884,0.08506653697087178,0.022111981544721836,0.014968536965529867,8,False
76,0.021259895326417776,0.024053248826925874,0.1690435857423604,0.2911024351708531,0.1927916989370016,0.06426672380076638,0.1340187855277456,0.07148294786392816,0.013623002533276167,0.01835767627072496,3,False
77,0.03111381649509363,0.041115049359426954,0.14386819815647064,0.3210932335282482,0.19703090276766916,0.06547326407451141,0.11857095188023156,0.05104853827955187,0.00837647288063935,0.02230957257815717,13,False
78,0.032279010291072684,0.02960022565689175,0.15884902882026417,0.28580926074389595,0.17353841752626234,0.05573988006178756,0.13401416466536414,0.05240829163067049,0.06658237034705289,0.011179350256737991,6,False
79,0.024946769337534334,0.034923078457731696,0.16814272946446246,0.28462952081544873,0.18317741050600128,0.0530008860546053,0.1542808142094527,0.07644257542079556,0.003989540186850464,0.016466675547117275,8,False
80,0.03440108713095606,0.0401468937819876,0.1510557676122544,0.28508372853903036,0.1705225314833426,0.06943667338106838,0.12286074221375139,0.058109000673557,0.014636868759462728,0.05374670642458951,13,False
81,0.03929010941876682,0.036615855188359026,0.14748585365670727,0.27285033325010044,0.176044476723351,0.07502653225405485,0.12263809466716859,0.06264098733618044,0.041199469653712614,0.026208287851598986,13,False
82,0.04019671999845409,0.0398188267308651,0.14988350465035394,0.29742010761197346,0.16652896463602979,0.06703978072958183,0.1269632785853629,0.07050315793198074,0.030070965618095052,0.011574693507303151,13,False
83,0.028253566039161848,0.03841598257845544,0.1668638126712916,0.2804307399434396,0.17586927898288357,0.061460845887489124,0.12185219474368704,0.07003428280125656,0.023648631410611205,0.03317066494172407,13,False
84,0.05663366720101161,0.02682385815984409,0.1613571442431321,0.2778356044488391,0.19312374201722002,0.07768082766758591,0.11828282175392685,0.06784805490849273,0.013624734989224297,0.006789544610723392,14,False
85,0.039500755910692735,0.03934255783668329,0.136964784082968,0.28814991325757855,0.1731506340146995,0.07541444449602784,0.12434589879334765,0.06148193092952687,0.039061248609346656,0.02258783206912891,13,False
86,0.029173081843643107,0.031041700827450055,0.1570187778375483,0.30682287647255124,0.19748452744589698,0.053630831504213335,0.14191231302842286,0.04781121142240401,0.004099423474889223,0.03100525614298094,3,False
87,0.042874587597968965,0.029124078939891076,0.15791992847610686,0.30760359752463284,0.17887991242696763,0.07251104403014919,0.10934827848017334,0.05555295673247854,0.03440612143639925,0.011779494355232258,13,False
88,0.018368595241248474,0.03395226765930008,0.1532722788447982,0.293191245193067,0.1627365649113834,0.06363198282259502,0.12545855893841387,0.06984625510307822,0.048967865109855055,0.030574386176260727,13,False
89,0.04272435193644699,0.029551113975078726,0.14738560737139517,0.28893425078158724,0.17184484736415376,0.06427821293004132,0.11841963650339249,0.07628054070257125,0.03962238577644096,0.02095905265889213,13,False
90,0.036752397063511216,0.05029346764744022,0.1550785970041801,0.30298854833708444,0.16212853928471538,0.06814581938169306,0.12178322647879672,0.04722442575261078,0.02582327177006191,0.029781707279906276,13,False
91,0.043597784333778374,0.015382806553785185,0.1717986590800221,0.3056932790148069,0.20262013371354287,0.0712014030420384,0.11382694478506568,0.062245919603606044,0.01266817558334041,0.0009648942900140691,13,False
92,0.04639452560140707,0.03644944696114237,0.16233822796016276,0.29485517026711183,0.17762218082581405,0.04417236265124767,0.11914165935733274,0.06307035341391976,0.028607551581349096,0.027348521380512702,13,False
93,0.05347511631660398,0.02882705114660061,0.15874641629172465,0.2838751438813518,0.1840902893632944,0.06682192720322164,0.11240875757319096,0.07983633891705495,0.020026584778796742,0.011892374528160192,13,False
94,0.01669034966386207,0.04924924610214437,0.15813144329246118,0.29609364146760403,0.18998539308952542,0.06141441104733771,0.13061840894916193,0.06554135109112841,0.007507811652730094,0.02476794364404485,8,False
95,0.050370132778003306,0.04571464696471998,0.14511468229806657,0.2968248888240906,0.16778470763883946,0.05946194986780952,0.11499753109651902,0.06506848016155974,0.02526146999385536,0.02940151037653653,13,False
96,0.049006531615072145,0.026254072819124803,0.17298246312596413,0.26855268083724054,0.17375459318132147,0.06759417817473715,0.13667160073302317,0.06778170346639666,0.033743577038033046,0.0036585990090868647,13,False
97,0.030589942708159946,0.03386251312938535,0.15211935260755732,0.2754433418676793,0.18640411927384884,0.0577849675639327,0.13157888754281624,0.06420075976388935,0.038519886375623244,0.029496229167107632,13,False
98,0.039841688981737955,0.049461451775429946,0.15029169728427622,0.28107597014898505,0.15958628462595612,0.07201631334356894,0.12099751476141284,0.0627583615241755,0.036169107793543986,0.02780160976091346,13,False
99,0.04714687346454161,0.019647113168956655,0.15439364955455617,0.31495146740424335,0.1788094248244812,0.0607412302987145,0.13104623343536087,0.07321155458342056,0.019939528031952675,0.00011292523377239716,0,False
100,0.045030167793843896,0.018826925308681446,0.1590069724288921,0.299595967795479,0.18036582039781254,0.05758395614967177,0.11072359032712026,0.06313262110230215,0.03859307136068854,0.02714090733550844,13,False
101,0.04264188355935161,0.03677545081924638,0.17093662058609516,0.287993407557463,0.16570453786233832,0.045583018598151614,0.1255919517924195,0.06690712481745346,0.02809301650124159,0.029772987906239255,13,False
102,0.03522434055453855,0.03226242222358152,0.16498054128428208,0.2822346498937084,0.1737866300422482,0.059869173963121886,0.13506362920935244,0.06130676031282705,0.03182801003011942,0.023443842486220327,13,False
103,0.054585948330225245,0.01911156324342592,0.18036761061826292,0.2956347914495142,0.1667605578125411,0.0723896072450769,0.125702395107622,0.0533725097985281,0.013857728246827074,0.01821728814797643,13,False
104,0.03396484413667531,0.05133449351814314,0.15509253291769623,0.2957268802631261,0.1560851272624644,0.06891910623186068,0.12710905985199497,0.04842468415216899,0.033089969118814434,0.030253302547055716,13,False
105,0.033149536714665404,0.06205562713471477,0.15218248245415592,0.2714857514101121,0.17193514057133757,0.06050650200530566,0.12177831254948604,0.0695543349405165,0.04771194617435112,0.009640366045354853,13,False
106,0.03256261668047069,0.012464708355361695,0.16846003255768172,0.29807340393521814,0.19415683268164477,0.06432822718492412,0.11932449523015774,0.07822339149765563,0.011060972616280857,0.021345319260604657,14,False
107,0.043680640809655495,0.02804414684230704,0.1554300113054388,0.30035916464416595,0.16774492785302975,0.06353747514286348,0.11608585162370774,0.06567325846840133,0.02244801405308229,0.03699650925734822,13,False
108,0.04698480473323079,0.021494023326005304,0.15702683351592084,0.27264690075859505,0.21647967749924485,0.08100362264619324,0.11261561003686081,0.05506164508615947,0.019711984776263042,0.01697489762152661,14,False
109,0.030706453105185334,0.042219675474432755,0.1602205530081352,0.2851988458057704,0.17629632477129498,0.0606518595021039,0.124704371993226,0.06020166647900965,0.02765249935288756,0.032147750507954195,13,False
110,0.042632461104143426,0.03931118234069458,0.14931866068459723,0.28486586895318594,0.17297630761367966,0.053990631309095725,0.13563849526977084,0.05153007464723835,0.04059605027265562,0.02914026780493868,13,False
111,0.050046189754067855,0.03477798724119684,0.1482651020337932,0.2882809174037275,0.1825657157557852,0.06659114211054484,0.1186990813001969,0.06646812242664142,0.02807905484815974,0.01622668712588644,13,False
112,0.03580393558540153,0.04178304725049795,0.13596896744911635,0.2838199176741981,0.17672318403088466,0.0465077762654729,0.1510331081398881,0.07182002914432638,0.03388015434466171,0.02265988011555231,13,False
113,0.04656504014044421,0.023594465219906578,0.16363404544988858,0.28440357436828684,0.18288168330659604,0.05146218815200021,0.11730973753274018,0.07120303680979337,0.04306242938767319,0.015883799632670864,13,False
114,0.029072259992035835,0.050618385830432246,0.14980709852314059,0.3108163098791207,0.1861272425781595,0.05976433066511581,0.09272102250986083,0.0556596227371215,0.037625571591919336,0.027788155693093626,13,False
115,0.05230542322067723,0.021452590353359675,0.16040971598461454,0.2814567806274185,0.1856645769940037,0.07609129634091782,0.10955924926808097,0.07262641057858489,0.02099434571338559,0.019439610918957063,13,False
116,0.03244399292300606,0.04875661375950054,0.15306515866074144,0.28983863706898055,0.1766271614262638,0.04045775786912657,0.12472538503935979,0.05811701899263868,0.04728039258025441,0.02868788168012797,13,False
117,0.0307546587173494,0.04165172045464475,0.170703569718805,0.28718084426283197,0.170214977769959,0.06976496740404393,0.12809567260720692,0.054556913151128046,0.02002696539675715,0.027049710517273787,13,False
118,0.04144216604328407,0.05284615076090084,0.15802687091504877,0.28693068648931785,0.177525724663551,0.06982603733008393,0.10798589013932224,0.06163553573757564,0.02403578319263943,0.019745154728276208,13,False
119,0.032729831220458756,0.03974848266960008,0.1841214583711962,0.30486899934029027,0.16487273743730724,0.06658495873277144,0.12236346231787315,0.045632541953698216,0.022470621086331483,0.016606906870473125,13,False
120,0.044454832911747004,0.03408145205679928,0.1405303084049347,0.27936755792407836,0.17177192252705756,0.07022163881497347,0.12694235968722978,0.06521620218992542,0.04931905834253529,0.018094667140719053,13,False
121,0.03705948225742451,0.01623541582998978,0.16434930358578528,0.31036381147304826,0.17114503984940968,0.06464708197490462,0.13592427896408008,0.05607182187506052,0.03789373547673706,0.00631002871356007,13,False
122,0.042710882995422056,0.023972672589208103,0.15358078927518926,0.28898854372049243,0.18873656074422984,0.07683489148406869,0.11434981940248978,0.055812694434732045,0.0026380711949857026,0.0523750741591821,80,False
123,0.0476449291755537,0.036219228351945215,0.16375367749467978,0.2754926382874066,0.1588732395866661,0.06642630357427691,0.11802764173770419,0.05339036365117912,0.049949906998706314,0.030222071141882093,13,True
124,0.034581311795739283,0.045593844624730706,0.13646635650645556,0.2758026655843446,0.1839378592680609,0.07824275196053095,0.11275395235973161,0.0729363002590116,0.031959539568699236,0.027725418072695608,13,False
125,0.05114075347829414,0.031609891567698375,0.13647412582553842,0.27360941420675716,0.18460478317022935,0.07070980342749757,0.1182154556240828,0.07151448214020312,0.037989775516425336,0.024131515043273447,13,False
126,0.03861503678665749,0.035052889752906935,0.13387197894333466,0.2889932714455631,0.17823142017567664,0.06300149073066465,0.1408020977467207,0.059214473648172866,0.043263458073453456,0.01895388269684945,13,False
127,0.031608114136593,0.033674042627931874,0.15013516120850465,0.28484949678372495,0.16427144443559627,0.06954921397438697,0.11678586642704512,0.07670293893640284,0.042571366363070295,0.029852355106744086,13,False
128,0.04733386775517921,0.045566944288903934,0.1487023958367858,0.27727327094912113,0.1827970011206722,0.06885165635803527,0.11884171849195622,0.05976359338935863,0.02544206438831075,0.025427487421676612,13,False
129,0.05549801822124404,0.024703972356710627,0.16018844358626008,0.2790830377389357,0.17116533135085585,0.07708455346818799,0.13320811617152822,0.03902112839057525,0.006248065716983316,0.053799332998718995,80,False
130,0.04078675112477342,0.05476397108351735,0.154406427209731,0.280311100166563,0.17511452596131435,0.08374235316220013,0.1326366824249261,0.03205488415856641,0.033932435940868574,0.012250868767539662,13,False
131,0.04159709690778764,0.026281652550976687,0.16016838731805372,0.29504656141710756,0.17942927551221444,0.05226675432339508,0.12365024853098446,0.07104694080526336,0.0342493270045311,0.016263755629686082,13,False
132,0.037266567296971455,0.03312588222004685,0.16804822169438358,0.3034425811537517,0.18163542208136088,0.0672227253273285,0.12571219163085223,0.05334492625310416,0.015807977898441662,0.014393504443758873,13,False
133,0.041390860033141665,0.03485265286132792,0.15646031902610333,0.2800705979195568,0.17722164516084649,0.0654198379530701,0.13917930741601678,0.05551704183872297,0.024494988093212454,0.02539274969800151,13,False
134,0.023136256460650883,0.04792300066923894,0.1649503701191428,0.2963995041422312,0.16943945716949468,0.058474278219483956,0.11025116500683813,0.056869098675916774,0.01657294734387509,0.05598392219312745,80,False
135,0.02833388594844533,0.040306001905948685,0.13942464427080378,0.29208731049738496,0.18143692838659942,0.05566257525043952,0.14165076384847833,0.053697787525032216,0.012044021585698299,0.05535608078116944,80,False
136,0.04759033634436113,0.044250664419688945,0.1455247159300145,0.2723845705303944,0.18267985653939992,0.07848903793887387,0.12088536650290854,0.060852964296858866,0.012524462127970495,0.03481802536952921,80,False
137,0.02874832378495566,0.043796479570600594,0.15791132519489845,0.2907183147879051,0.17348721587824112,0.07131509260793727,0.11011774309153519,0.06018623888470522,0.006604537950030791,0.05711472824919069,80,False
138,0.04505110582327923,0.03721569928882918,0.14796417443309218,0.2761069935316036,0.18272119433147055,0.06012685063613483,0.11687769029497527,0.07001020846647614,0.005715678173842081,0.05821040502029696,80,False
139,0.025294170208827734,0.04003203790136219,0.15597052035010708,0.2759149413480745,0.16345340771519482,0.06101481079353396,0.12769427243642695,0.06989761025336538,0.013990932857492028,0.06673729613561535,80,False
140,0.0435178214163081,0.030740566694390316,0.16417810457230037,0.2816464443391587,0.17718372353872677,0.06561195141563972,0.11196828825799275,0.04173019718081749,0.03331979045572291,0.05010311212894302,80,False
141,0.03750543941632568,0.04002800241523309,0.14262153631662894,0.2890072444425472,0.15709493551182632,0.08016263550034144,0.1371007238279186,0.06596555013646678,0.00269083158808461,0.0478231008446273,80,False
142,0.02029919943128808,0.03670860202732598,0.14887093714649846,0.2914244661248984,0.1847858959190953,0.04733827446076006,0.14532856462782145,0.07117944118768176,0.02478526485406398,0.02927935422056645,66,False
143,0.03900079798624528,0.046538137131260045,0.15325672660174974,0.28280370350413514,0.18454817848356683,0.057728640394308826,0.11396292636589217,0.06224517786469873,0.029562423020328566,0.030353288647814773,13,False
144,0.008839829015453446,0.045739661780815594,0.14763653785747505,0.2766593563701395,0.1855943480217631,0.07116277648518043,0.12968593242376833,0.04589418010585928,0.02678738797104516,0.061999989968500334,80,False
145,0.03136160750678151,0.03078153108484238,0.1714236220499255,0.30397962721999494,0.17787596950464368,0.07080970149576539,0.09582078055920179,0.0665816574621065,0.004776484890905065,0.04658901822583317,80,False
146,0.03204839605762913,0.0533581938436552,0.15748710333305302,0.2592382892954171,0.16169637369738618,0.06692695434661156,0.12204426160792564,0.055858680774061926,0.03138507109555593,0.05995667594870424,80,True
147,0.039857721659806916,0.05140736542000274,0.1479919586124783,0.2797522476124346,0.1645184723188376,0.04574801302763319,0.13871227522647628,0.05520197923955375,0.019962725806966723,0.056847241075809817,80,False
148,0.024209891259244595,0.0317098135222681,0.13808154716977347,0.28774002021511375,0.16805799268082103,0.0814968390800903,0.12376970141834699,0.0668875310894396,0.02497631796330699,0.05307034560159533,80,False
149,0.048859538732490854,0.03821296076140838,0.14943420906300578,0.2915718359758219,0.183182424143206,0.05921830080124336,0.1211779449982574,0.041386422206674246,0.011914431666139765,0.05504193165175231,80,False
150,0.03575875112424327,0.0304033993868581,0.13079116990191145,0.30744384546078807,0.16976733991402343,0.06875491986519376,0.13499149188740822,0.062445991686531824,0.0148125835661536,0.04483050720688837,80,False
151,0.037228587454785245,0.03298150005966227,0.1423887225015601,0.2907337059579277,0.1680159871091447,0.07178413393177854,0.11375177659545573,0.05050360731374504,0.03385503322015395,0.05875694585578673,80,False
152,0.03458789716703694,0.04544182480265735,0.14686192201083667,0.28911121111621757,0.17285442404833137,0.06616836693612395,0.131065250500135,0.05010768733714863,0.012726989383278257,0.05107442669823425,80,False
153,0.02961362934575894,0.0251445259505535,0.1526661838213799,0.30100725279064955,0.1641370726739498,0.07671396946215334,0.1299430408481127,0.06346777662130156,0.008578521646052327,0.04872802684008838,80,False
154,0.03665287784692949,0.03443519192470514,0.13110241951918397,0.2925277462805491,0.17105732822499264,0.08817691953850396,0.1250886856689415,0.04689979977866998,0.020199367635793143,0.05385966358173105,80,False
155,0.04438570815366738,0.03682012003185551,0.14724446240525618,0.28653978496587823,0.17751417372870504,0.07918414868816187,0.11822480285342762,0.06334730064526549,0.012705740207763373,0.03403375832001946,80,False
156,0.03529758437151055,0.03411920425993431,0.1537073805616403,0.2885660802233868,0.17578861969775503,0.07080070831389787,0.11739560550132389,0.06626799811528843,0.01711502921046515,0.040941789744797626,80,False
157,0.03346714016197174,0.003040449660661987,0.1641444216687656,0.29920514888665173,0.18631326984613492,0.06080120738294108,0.11016451340109046,0.05705910570008455,0.06376422863438286,0.022040514657315106,43,False
158,0.05137295398850326,0.05645820098971208,0.1385384425412516,0.2829635243071233,0.167386438301076,0.05529370711597128,0.12513872031660114,0.05306649656021704,0.030237699052630393,0.0395438168269139,80,True
159,0.02408529008631866,0.04205398937469742,0.1548262511730039,0.2865968723661709,0.17590446879761062,0.06510910941411763,0.12857718743188615,0.06969039863304412,0.0,0.0531564327231506,80,False
160,0.03328395387657608,0.038345289360016604,0.1598200802510123,0.29474048494915317,0.1769095988843659,0.05734281088255555,0.1168533865399142,0.06545349385357556,0.0053370084983001475,0.05191389290453036,80,False
161,0.02256637030889355,0.04111774038066327,0.14889102543312954,0.2837357386338503,0.17315987440035402,0.06198849489416253,0.1250304708632366,0.06897419366154693,0.025166135797170374,0.04936995562699285,80,False
162,0.02837623700014685,0.03729153629590485,0.16111389698474923,0.2887677791555116,0.16965616802371492,0.0643705796119103,0.11427455119662418,0.058118340094518495,0.0384979361919441,0.039532975444975395,80,False
163,0.02892284385361537,0.047862532727681435,0.14895765008252335,0.2820522173197344,0.15108247022864024,0.09290013720333166,0.11960361741093886,0.07380385576093176,0.0065361194051818845,0.04827855600742097,80,False
164,0.031736604081837566,0.03264407889266067,0.16925389485170125,0.2957120611356691,0.1712388058197522,0.06381365222314596,0.13742890764031376,0.04411805674680883,0.022907200954333417,0.03114673765377714,80,False
165,0.02899217885077157,0.04677040310542478,0.15227913913706614,0.26463397295774377,0.17153257907924227,0.08842084892841512,0.13092511902977494,0.049971367955550884,0.0024630493285863267,0.06401134162742426,80,False
166,0.012530568249575724,0.05648420231955796,0.1491601631588101,0.28169602919839,0.1868244083860101,0.05084012597720011,0.1304277698647094,0.0682266806049235,0.027012416656922854,0.03679763558390028,66,False
167,0.027993867753012516,0.026553148492114022,0.16857124872223506,0.3026455065360044,0.17882397744696965,0.06180893349890247,0.11063345319354397,0.05137662509608802,0.022096726522746277,0.0494965127383837,80,False
168,0.03595088598293198,0.03319278970850064,0.14788662261930838,0.2920782724438983,0.1678413758023001,0.0827866291661221,0.12666943738997125,0.06321122524010957,0.004045670085306866,0.046337091561550914,80,False
169,0.037569652263564825,0.034306339513876766,0.15974360612728394,0.2848875670909027,0.18222384084420867,0.07200968331697831,0.12950345568260313,0.05040381083239245,0.010352698549915898,0.03899934577827332,80,False
170,0.03217342957008989,0.03565204978197718,0.15883969408942927,0.3076781724693949,0.16526055391156888,0.08229907997908036,0.10999168869133405,0.051035171209368325,0.015600465516941197,0.04146969478081588,80,False
171,0.0257228270581787,0.02849748311295841,0.15762778806755667,0.2905019913213789,0.17958816096069932,0.06637368797003687,0.1244437561723277,0.06697104704584217,0.00020206719032721945,0.06007119110069403,80,False
172,0.019782087941025716,0.029517858564598563,0.1481792488035625,0.29717654493054513,0.16740281383139938,0.08030681317718122,0.13205367352625336,0.05002455543594294,0.019448633108477126,0.056107770681014066,80,False
173,0.03353047842157418,0.04124876495430248,0.15912294907594726,0.273421984371348,0.17562571269591296,0.0689154067033565,0.10732797639415081,0.07340005674139209,0.020127094344896113,0.04727957629711962,80,False
174,0.05675154293025149,0.02883581568053371,0.15224567444655943,0.28604426427675067,0.152334094057053,0.06023593026890946,0.13819667210811915,0.0596983783214081,0.007724358357522261,0.05793326955289262,80,False
175,0.025015340421350684,0.04065678718076744,0.15178720017636793,0.30188294279185013,0.18081871738132377,0.062250501264794464,0.11718056365895446,0.0631545778771966,0.012986872378440066,0.04426649686895443,80,False
176,0.0335415072248286,0.03239817646993072,0.15507667629351946,0.30281792902251614,0.16099610489636965,0.07231636852744355,0.11961339103810593,0.04790062173426118,0.01768872079321181,0.05765050399981305,80,False
177,0.0488166033262758,0.04562221831032038,0.1484694391542856,0.28202796054111984,0.17599551326519888,0.0683065199561875,0.12458524115200084,0.059212423767842075,0.0,0.04696408052676916,80,False
178,0.03328424452099648,0.0461584161689675,0.16480544602731878,0.28660298445882465,0.1692548756750203,0.046562873866481926,0.12886525795086975,0.06350783075401852,0.02594673902835847,0.035011331549143654,80,False
179,0.030149203140415238,0.04452098458810769,0.1417813289055353,0.2782281052480474,0.15862932941613878,0.08688112807591916,0.13229423545246186,0.06001492468377397,0.0,0.06750076048960058,80,False
180,0.031824106512551666,0.03149375983968504,0.144894002648788,0.2899137741356453,0.1674066751413371,0.08401104156724705,0.13500867537469785,0.05803464757049952,0.005993732720143028,0.051419584489405416,80,False
181,0.033310409260336994,0.04686705927368073,0.1467626931706199,0.29101179956863654,0.16430131945863105,0.06045789663842974,0.11921824824561378,0.06383799440305964,0.01567842987813974,0.058554150102851824,80,False
182,0.03466752434849661,0.038514755116423445,0.14275673110722092,0.29109011647383576,0.15556268346167867,0.08164629181307485,0.11183259295662629,0.06582692149583998,0.017731844001051857,0.0603705392257516,80,False
183,0.03668409383533167,0.0330164226876181,0.148581351668542,0.29898560235073707,0.1597342138617985,0.06080009998059061,0.12297175153143876,0.060646934635447305,0.022170471751432542,0.05640905769706357,80,False
184,0.0384396501274532,0.04487870496670171,0.14073323993587158,0.2836389372685859,0.15654903685472246,0.0697995201523694,0.13450560622611374,0.052270934547432285,0.019193286634969855,0.059991083285779845,80,False
185,0.026051612887757286,0.04554829578011545,0.17387296818713055,0.28388319080740665,0.16879333892893103,0.07280072978519765,0.10787295375050666,0.05374292050798193,0.011021451956031377,0.05641253740894138,80,False
186,0.011185622039961608,0.03140201730509871,0.15152767519858787,0.2866017642615765,0.1731341503818166,0.08537135041106936,0.1397975249221161,0.04986035235333505,0.009424167377081724,0.06169537574935639,180,False
187,0.03114863200867373,0.04081214244588675,0.1476714410244456,0.2882780797209384,0.1575475012660219,0.07349472756698888,0.11713331815451479,0.05131336473658793,0.028787526298730985,0.06381326677721119,80,False
188,0.025045429578668926,0.03814622020719272,0.16869074110230753,0.2849421666285574,0.1794594815461843,0.05916674539691122,0.1250848460336126,0.06212274700738586,0.013511122606793831,0.043830499892385535,80,False
