ID,strat_res0,strat_res1,strat_res2,strat_res3,strat_res4,strat_res5,strat_res6,strat_res7,strat_res8,strat_res9,ancestor,alive_at_end
0,0.01622447304226426,0.01430169692657194,0.09407143785926043,0.0005858394501993071,0.45034025531192673,0.22833704376352626,0.06311472827118512,0.03328531100793375,0.009572090976941955,0.0901671233901903,0,False
1,0.014169542378862672,0.028995004709536077,0.08169843612785342,0.0,0.45377329266958477,0.22423452343756847,0.06698824941386008,0.024825582187485356,0.0005429213535606431,0.10477244772168853,0,False
2,0.011704056705496194,0.011716387553630166,0.0769679211716495,0.0,0.48019534213948273,0.256186849825414,0.06421263161619642,0.024727949928239703,0.0,0.07428886105989128,0,False
3,0.0,0.011218835446674,0.09538540413011315,0.0,0.4844638598221803,0.26184626627639784,0.06222199200595498,0.011345609727983687,0.0,0.07351803259069609,2,False
4,0.025724888723268006,0.008447097900760836,0.09557348854442918,0.008247053475496223,0.4499285797097272,0.2219357790010906,0.05985978523484339,0.02205513264260513,0.02532290818900947,0.0829052865787698,0,False
5,0.02083351721124187,0.015985061479292646,0.1009977502550049,0.0,0.45510545183639556,0.24804004549583972,0.05825038432758021,0.017472187026500094,0.0,0.08331560236814503,3,False
6,0.009329570040259897,0.013210641419350013,0.08679199283892124,0.0,0.4850413366214756,0.24730735439580867,0.05559777294693767,0.002568085192236372,0.010155348116489665,0.08999789842852093,3,False
7,0.008793172051041912,0.01206606259570049,0.09413594030712406,0.002143473604806329,0.4502342762664026,0.22295137379730776,0.060616470108466165,0.02903260437475294,0.011620642287532656,0.10840598460686493,0,False
8,0.0097342236147063,0.030023233901238025,0.09777513707861518,0.007502760300343973,0.41920681110443553,0.21479905563303983,0.06437458337070671,0.028107816574856843,0.01815282275579584,0.11032355566626173,1,False
9,0.026002343981092038,0.026284794405558795,0.08549520691807773,0.0090801261781579,0.44570626669974683,0.23564743613751593,0.05100870593841683,0.019308716084737488,0.0,0.1014664036566966,6,False
10,0.019350118508565335,0.029900869903407245,0.1006751500316848,0.0,0.44761762314906056,0.22999622526827274,0.05697140934280351,0.03367125863174398,0.0,0.08181734516446187,0,False
11,0.02381281293904459,0.0,0.10120250906027164,0.0,0.4586802289513749,0.22711350703517608,0.07363165200405847,0.028943025301570634,0.006247092621033963,0.0803691720874698,4,False
12,0.004468140548291389,0.002940057720157087,0.08796025459573731,0.0020150920807139555,0.48633527670384086,0.25714783114355577,0.05218617246191241,0.020363170064182114,0.0,0.08658400468160894,3,False
13,0.011071828825426004,0.012321084950669203,0.08704782054162097,0.0,0.47619878187425396,0.24483631703680336,0.07227966026791176,0.02130657374020061,0.0029195476484224045,0.07201838511469152,2,False
14,0.012627287921713443,0.03505164927643458,0.07426998370506081,0.0,0.4577128683003187,0.2451582229115086,0.048770313361583564,0.02925565519174122,0.0,0.09715401933163909,0,False
15,0.01037932754012084,0.011143154839534956,0.1004686274710742,0.0,0.4669950136358857,0.26657173388632294,0.06654095430316799,0.00683086479367087,0.0,0.07107032353022237,3,False
16,0.0,0.0,0.09479421827775199,0.0,0.48435473712019794,0.24719427577522374,0.05053143376806902,0.010922285717822368,0.015094040651588321,0.0971090086893467,6,False
17,0.02324254217713032,0.009753934033671127,0.08537017792127323,0.0,0.4494203029591254,0.23339257620288834,0.05974117608948319,0.03494749326813632,0.0,0.10413179734829213,1,False
18,0.0,0.033271692599352955,0.0767906999681501,0.0013261345355444335,0.46405037527968845,0.2186395569823846,0.0783078823850783,0.016039102043590384,0.008911619938412411,0.10266293626779825,1,False
19,0.016818575667139676,0.0,0.07174023801752277,0.002094510619220098,0.49281702324449983,0.2619360576797754,0.06573241351901522,0.030627243808559846,0.0011378549370512103,0.057096082507215914,2,False
20,0.007350051206581958,0.025628735534802976,0.10315041233657528,0.0,0.45016471456875456,0.22265212849893146,0.06406479531443744,0.031999023660371,0.01348475602922666,0.08150538285031869,0,False
21,0.02108438236267176,0.004786623599136544,0.09010028938116882,0.0,0.4453070428159307,0.22107877883539154,0.0746373259902556,0.018811859941540245,0.03812586789164291,0.08606782918226195,4,False
22,0.01921748126341152,0.005721750248737707,0.0898446927615839,0.014195428163223583,0.4468935082253945,0.23075622217982766,0.05330511301197386,0.026363706875284984,0.022558427593716998,0.09114366967684537,4,False
23,0.010759404004464805,0.0,0.05538637304573748,0.0,0.48447881506786206,0.26034070480682736,0.06558657252048754,0.020629056094215194,0.016350992625407925,0.08646808183499761,2,False
24,0.0,0.014905764072669374,0.09748216126014826,0.0004760483664506973,0.4606017433474888,0.2384410931869039,0.066008200073123,0.024187440796814064,0.0,0.09789754889640187,1,False
25,0.00911001903879831,0.013644431975482053,0.0905340348027834,0.0,0.45974475277927745,0.22882059638582536,0.08214595643545791,0.03580921747576052,0.0,0.08019099110661505,1,False
26,0.043704741897113424,0.003388385419299211,0.09582739685548582,0.017517721506804466,0.4550629581514108,0.21754868112415202,0.043658848361830704,0.029058639937155784,0.019420659632449596,0.07481196711429823,4,False
27,0.01892000914865676,0.035241012862117914,0.08494726341122372,0.0,0.4447996180746837,0.21783476664031992,0.07401894475228933,0.021416684203485702,0.00179771604045299,0.1010239848667699,1,False
28,0.007988293913761792,0.0,0.08723299756908566,0.0,0.46310888089120317,0.25324197282257177,0.05636877042092446,0.04201724236095862,0.0015896658931516354,0.08845217612834277,0,False
29,0.030923549829862295,0.0,0.09918596720503271,0.01882940309504596,0.4526578335266065,0.2255425340032165,0.0490808830813695,0.01807561919443851,0.025520835564366913,0.0801833745000611,4,False
30,0.014165210923049934,0.0011430943266093792,0.09533240101846939,0.009556879121816523,0.45850471354590944,0.22519216480285112,0.061270277363171866,0.015049441203951963,0.03460256515479945,0.08518325253937103,4,False
31,0.0012625367676835967,0.008219395520679993,0.10102887979940466,0.011694646994179854,0.44477825522993564,0.22221200875811564,0.05389448900399948,0.040428479432067364,0.021330749845343697,0.0951505586485901,4,False
32,0.01782477151035893,0.03864591148136273,0.08605006066105707,0.0,0.4296920985553472,0.21535985691600107,0.07923389149001259,0.015499609231719403,0.01916989925152791,0.09852390090261315,1,False
33,0.03417249450232444,0.028747204775384772,0.07164194468602693,0.0,0.43160747339564215,0.23000250349171295,0.06215345723489422,0.029868553561847963,0.0,0.1118063683521664,9,False
34,0.009696462550512524,0.025256270986327926,0.06715451601956433,0.008380697886455669,0.4348437203187384,0.2330175659742273,0.06375921649450352,0.0583303436259954,0.011955932757962721,0.08760527338571222,0,False
35,0.020613953619596146,0.0049813639725703905,0.11052661550276073,0.009143426602935045,0.46642421766266773,0.22747147413846142,0.0541045518399804,0.007170158338644016,0.03191555705886552,0.06764868126351847,4,False
36,0.01902196131872385,0.021382062536118126,0.06905363482672447,0.0,0.44908967673912464,0.24462418702560887,0.06638760458959853,0.021436770943052873,0.0,0.10900410202104864,1,False
37,0.017856693980279642,0.0184921281041023,0.0994724332098659,0.004902066565680429,0.445282374386402,0.24932234804860398,0.06392408384634998,0.026247798092460445,0.0,0.07450007376625525,3,False
38,0.03403540200870302,0.030576545941290143,0.07007583442232018,0.0,0.4454006168448864,0.23363715897991885,0.05768389059005609,0.024622793098699632,0.0,0.10396775811412583,1,False
39,0.007607790421307732,0.0007087802353019521,0.10221758708631246,0.00021421239947171003,0.4581941559666239,0.23066091287031482,0.06206612881419404,0.030287999297254457,0.01887475218940546,0.08916768071981336,0,False
40,0.017891031552271258,0.0005206736136623119,0.09705083286193311,0.0073890130988965375,0.4567426857516709,0.24004114608027544,0.053874067825230396,0.0244289766129624,0.016194585387735695,0.08586698721536178,0,False
41,0.012777208625827811,0.033250667921398656,0.08649214359225729,0.020812546246563795,0.3999403250254167,0.21198043152131274,0.07050725718327178,0.038795004213693814,0.016361142943333594,0.1090832727269239,8,False
42,0.021498542827970042,0.012942575707748039,0.09403102038985538,0.003321561375669033,0.45467784225913915,0.23383357193000298,0.05714847468288383,0.027695468629841874,0.007577357428439286,0.08727358476845039,0,False
43,0.011553363728454755,0.017896205430255708,0.09183645241079223,0.026230868952072106,0.43019284627245014,0.22059443568364911,0.06457818992069221,0.02789557504296739,0.017870886016242066,0.09135117654242438,4,False
44,0.028494926780351086,0.01001667876604833,0.09606772032354835,0.013917831940502638,0.44812950114444444,0.21159573279635774,0.06864013939871338,0.008747304149324486,0.027495183965019536,0.08689498073568995,4,False
45,0.027236627452310123,0.005729208774773865,0.11474207050431028,0.01184969577939771,0.4318513181019966,0.2146213494498509,0.04945519288705485,0.021811698733476468,0.041377473871129396,0.08132536444569972,4,False
46,0.024001838891773146,0.009717778415379899,0.08037367553099758,0.0,0.4471086772795294,0.23304635983659316,0.06431938499183544,0.04934609388786811,0.0,0.09208619116602329,0,False
47,0.006287201086674229,0.02939835181627052,0.06738410274564165,0.0,0.44976422800613336,0.23091588015978215,0.06206996882700991,0.03303892724686897,0.011505671447929341,0.10963566866368976,1,False
48,0.013005714109095469,0.011173445678857826,0.09072313663956039,0.008493772420440523,0.45088236337430515,0.21908762992915579,0.08516851563249984,0.014582656061929433,0.026335575926168697,0.08054719022798697,4,False
49,0.023865370910850264,0.02228979769421799,0.09761827428666542,0.0015504235265937788,0.43223433323931837,0.21282664061852594,0.08159924973775523,0.018057396248344484,0.02077717087344913,0.08918134286427938,0,False
50,0.034522325008900345,0.0,0.12007541718452994,0.013878058620537419,0.4450730187295822,0.22281400497869638,0.0552140716078879,0.01653109409037286,0.019356787015791486,0.07253522276370149,4,False
51,0.023429838283519768,0.010054949587955131,0.08886904580690506,0.017675515312718732,0.4465360439955415,0.2294847303374002,0.06241242699255945,0.01962824480561488,0.015858427869104963,0.08605077700868033,4,False
52,0.025412070526012263,0.013830443743040915,0.09825095399724056,0.014016476409197273,0.44909039762714703,0.21330517300211302,0.05686734409261917,0.016614581204970856,0.024562090635945836,0.08805046876171302,4,False
53,0.03188614116282027,0.011501216861647253,0.10453032693719531,0.0004160110038185588,0.42056420710947684,0.2043424760836334,0.05149953766010383,0.03986424316380014,0.04572921875508909,0.08966662126241534,4,False
54,0.025771131741069875,0.008644425338139977,0.09345245535357617,0.011314993332684077,0.46523778547426736,0.2173870436622147,0.06517317792784141,0.018460257619648573,0.016368479316464037,0.07819025023409391,4,False
55,0.0,0.0277939312177989,0.07549262771285235,0.0,0.46592809562616544,0.217426887896653,0.0660427258715127,0.03823935542625462,0.0,0.10907637624876299,1,False
56,0.041688480968319674,0.012353604054906596,0.09367949397307808,0.009228933263823317,0.4481189517062149,0.21945687147046591,0.06057133862888688,0.025319814838205376,0.020798311580489486,0.06878419951560967,4,False
57,0.029454313560370576,0.01718126360020661,0.10911876501350735,0.010006910172984036,0.441378181787455,0.21311549203379668,0.04398930765297434,0.02637538689833193,0.020846400400434544,0.08853397887993888,4,False
58,0.0230375082289278,0.0,0.11564417338011697,0.0,0.4465091194141048,0.22525317757262356,0.04684498420427068,0.025974633607068885,0.023656395601512656,0.0930800079913744,4,False
59,0.029205091973679723,0.02413415527425628,0.0906519962025374,0.0,0.44018581932598266,0.21645601882223636,0.05445871960068286,0.02644155944555474,0.01963765215389513,0.09882898720117492,4,False
60,0.014252504368967042,0.0,0.10704622898496613,0.01802598786413478,0.455106325466624,0.2277988634039658,0.06038727007317033,0.02206448581956867,0.020437865058394653,0.07488046896020852,4,False
61,0.03373640192217765,0.018619444729497527,0.10703142634600626,0.004848795906052207,0.4361584554768808,0.2201055107287623,0.056994072719790775,0.018181841969364745,0.03791561664804779,0.06640843355341991,4,False
62,0.016267314474046918,0.014464254781894842,0.11344241930603875,0.0028849101978372657,0.4734327716264688,0.2028796812042464,0.04693831725574716,0.03158246951571698,0.019299324483286855,0.07880853715471595,4,False
63,0.018837627487384698,0.0071067978051516534,0.10033840920679812,0.010549203100678167,0.4595503901589579,0.21576960942629347,0.05136058477025142,0.018749732287110268,0.015825073817473733,0.10191257193990055,4,False
64,0.020698404417255022,0.021613410193893744,0.10671912545228039,0.0,0.4377532737771718,0.23741235075267944,0.0594269104972186,0.01428577314568218,0.030904160901836234,0.07118659086198255,4,False
65,0.029934519787683873,0.0,0.08220561063642903,0.017852697000412875,0.43413426858967175,0.21595600828392728,0.07195294632674433,0.024734898005608325,0.022824473514316147,0.10040457785520651,4,False
66,0.027331407293280822,0.022687291960429217,0.10257064772882843,0.015958479812004007,0.4179639068789706,0.21400194972356082,0.06361442428822296,0.02746770137339236,0.02993231754173837,0.07847187339957247,4,False
67,0.038138766356052164,0.020197897190280666,0.09267477210434077,0.010639649748071783,0.4279529763628167,0.22062974309383107,0.0557183144119132,0.034035991369824235,0.022903140744885486,0.07710874861798395,4,False
68,0.022878385632370553,0.004545554920916027,0.11125643640868259,0.01237204665710039,0.43175672028313816,0.23482713290810156,0.055194675822949964,0.03275198297957222,0.017163369724087316,0.07725369466308135,4,False
69,0.01853075794480148,0.0,0.10641278552996591,0.017258378385144303,0.4448725823541066,0.23304238738215874,0.05072254605045646,0.02176425280810523,0.014195803601380097,0.09320050594388127,4,False
70,0.016824706165418885,0.0,0.1000288180645493,0.006970357199070281,0.44334384952245687,0.24091649550863098,0.06458133061318817,0.019611578944275423,0.02011423303057108,0.08760863095183903,0,False
71,0.027108642284587012,0.0,0.11879311227177726,0.020523743611465934,0.4625456118417434,0.21116366237372536,0.06163563307532714,0.0,0.02529942587648783,0.07293016866488625,4,False
72,0.008883258670392115,0.0036252953394298295,0.09075942728649727,0.00705561096120838,0.4429275476263683,0.2405388456653181,0.07142687441495493,0.04017063039538944,0.006842824749223046,0.08776968489121877,0,False
73,0.033794371377153194,0.00878097049670143,0.10762370243511946,0.01813185174976135,0.41830628912787104,0.22943126416216006,0.05197813917052476,0.016567439527937544,0.029163360793342155,0.08622261115942904,4,False
74,0.041288226776791226,0.019382875655421867,0.07301782765492332,0.0015783655734716217,0.45335294292334066,0.229837473156152,0.048131802879767246,0.028720372127650527,0.011820192583013853,0.09286992066946764,4,False
75,0.01971983628721146,0.003432143099239641,0.09628779620131307,0.010017697041947883,0.45451579023690447,0.22885146723463357,0.04084557957357897,0.02171420375985856,0.030011563099595177,0.09460392346571722,4,False
76,0.021119562625920043,0.0035082898789754917,0.0919409679134196,0.0020726938882436588,0.4623513795696228,0.22746329515605374,0.07209168618669194,0.027183710121445624,0.004302619900185216,0.08796579475944181,4,False
77,0.04611798471550387,0.003913939194921225,0.09541636371670331,0.002648727921210396,0.4510558753518932,0.21016517945285462,0.04805286062792709,0.03242906293112169,0.01871939461660118,0.0914806114712635,4,False
78,0.01792652497799955,0.020786611103745363,0.10214685169617765,0.012119324642339255,0.4512391781936776,0.22094057467536762,0.0907329516765542,0.012840628202795634,0.012242896669399954,0.05902445816194315,4,False
79,0.022408784344265284,0.009045404692685308,0.08990994395082252,0.0,0.4310071948413139,0.2380216088950101,0.05203282048494314,0.027970810096178383,0.02743443639638357,0.10216899629839762,4,False
80,0.03662218451526189,0.01018838640042379,0.11090174337952335,0.010057235775717861,0.4308699168022399,0.20593711940882525,0.0712078683573362,0.010092949892456588,0.034217175462250726,0.07990542000596451,4,False
81,0.023899705296567302,0.021398495565404515,0.07868996659441418,0.01907558526707287,0.42388311926356115,0.21068357639151436,0.06886725290447392,0.03386256544031758,0.020662368532977475,0.0989773647436967,4,False
82,0.03231740403355501,0.009596856987648877,0.0666084706928059,0.0061186303324667285,0.4600531158413301,0.2403215479703878,0.05159795712678409,0.026582225593174275,0.012175178766949178,0.094628612654898,4,False
83,0.02579795027732247,0.0190036454458838,0.09605535430805925,0.013725074301929355,0.4326784404838528,0.21006222722454287,0.05558949119448029,0.022350482028652918,0.03453088684008972,0.09020644789518649,4,False
84,0.014328143707470981,0.02276992732659628,0.09439531804336698,0.005439097107320477,0.4656082628445681,0.21748187698063334,0.04398903642864031,0.004041459846751203,0.035658911784553014,0.09628796593009929,4,False
85,0.02149009565980584,0.0018875522352407752,0.09615586445798435,0.025775467108237294,0.4490153733879844,0.21943731481948206,0.059926777509247034,0.026785848357284626,0.024461577053989884,0.07506412941074367,4,False
86,0.03199767963489926,0.015657709728544914,0.09519881590593313,0.01417146667561332,0.4220515460782831,0.22065747501885866,0.062747534009919,0.015820203027252455,0.030785296346453054,0.090912273574243,4,False
87,0.0,0.026036621041782348,0.10365055368458402,0.015186710363165238,0.4509331352001072,0.22416409753996563,0.06365357702740954,0.018022309781793457,0.016157596646969183,0.08219539871422336,4,False
88,0.034476438720949576,0.0027502498075687443,0.1010786316594951,0.007933888853020573,0.4576573037227396,0.21921721685033504,0.056518485930744974,0.01958999654164354,0.01836385392883095,0.08241393398467191,4,False
89,0.024029878047935965,0.001607561742552928,0.09982483745595878,0.003431412365239678,0.461514802297789,0.23160180518672607,0.04608250027500564,0.0,0.040474588238352746,0.09143261439043925,4,False
90,0.012325405526791075,0.010462717292064294,0.09714858724002144,0.0,0.4643727493599395,0.21265949147360225,0.05154072055962083,0.017658355285861873,0.044199302666107936,0.08963267059599075,4,False
91,0.02728810886717114,0.006950172590239743,0.09904983566558496,0.00031622291890181435,0.4364083481778201,0.23477782356201382,0.06267293628144018,0.030111668125093263,0.013516731208873272,0.08890815260286168,4,False
92,0.01962027743688928,0.023857893258395397,0.09964856194395268,0.00814805228290291,0.4416721358790798,0.21852306856046788,0.05146178971432753,0.03224703437401718,0.018487915617734402,0.08633327093223289,4,False
93,0.03168679690071415,0.0,0.09947226953411982,0.00012056768550289697,0.4602415412726063,0.23202601853139435,0.059236004271966604,0.027162152080590734,0.013629126114345325,0.07642552360875982,4,False
94,0.031040330596007967,0.01404711003190241,0.089914698706277,0.003902510164948831,0.44509240832088887,0.21112112915187067,0.0700506865334819,0.038996247830472834,0.025377017715736805,0.07045786094841275,4,False
95,0.03326758170142156,0.004669088033964619,0.09702563350248894,0.02714245952064348,0.43813847057221345,0.21660854372944002,0.05113645210609954,0.0332153681386807,0.011580123838403452,0.0872162788566442,4,False
96,0.030517069508947246,0.0238533890656612,0.0928987174822575,0.01801478378267102,0.43443610085505396,0.21228810508813717,0.06468530344621369,0.004301770230187605,0.019529638014419908,0.09947512252645067,4,False
97,0.03507509341740905,0.0009943776382513206,0.11394783217465965,0.014960205627437826,0.43570465503390143,0.22212964662739368,0.060154744520184614,0.022706088012991045,0.013282443572049763,0.08104491337572164,4,False
98,0.0,0.027211173050584275,0.09314014950650905,0.0183020485594832,0.3847580093199118,0.2099016235622086,0.08323234377041527,0.03761432718068468,0.0267922505986624,0.1190480744515409,41,False
99,0.020017801662139022,0.0128664766197053,0.08751301201386608,0.005585954107138105,0.4577907185273164,0.2266109479005507,0.05758372388138042,0.03358482547442065,0.029068293967381108,0.06937824584610217,4,False
100,0.022447154784914512,0.04239586354262314,0.07353314592706137,0.0,0.4342325911241051,0.21398235950173097,0.06098077232346154,0.02931567236733332,0.018215150920517967,0.10489728950825201,8,False
101,0.016227549138507238,0.03192175963063122,0.09944340709595198,0.02606283620196293,0.37687993011390813,0.19844788012347947,0.08383591773849347,0.04612178116955916,0.003101489247527215,0.11795744953997911,41,False
102,0.01745372555972008,0.015456580981638105,0.0931908763424016,0.026719897057444635,0.44614473701513147,0.2238192765156168,0.0595957988673421,0.023675363275222357,0.0297205442849302,0.06422320010055282,4,False
103,0.0,0.0,0.1050525017473592,0.0062689611891700685,0.47442463293421017,0.23985968169582728,0.05076786408309895,0.013866655381647039,0.02341853815657972,0.08634116481210759,4,False
104,0.01816466691689552,0.02153202884721174,0.08690224302612648,0.0,0.4310956873541272,0.23292087324243477,0.055660406161882094,0.029117075991414366,0.019265962701137295,0.10534105575877056,8,False
105,0.01208092090926489,0.004740528407134904,0.09044542042804342,0.016455968639099747,0.4500173953950453,0.20886601452690712,0.08282284831974407,0.02784413471078669,0.014010242053581659,0.09271652661039198,4,False
106,0.009246747902183876,0.03379667463576774,0.07874199345373648,0.023828161410578516,0.4548190866176311,0.23095233754727007,0.08010642826377246,0.0,9.810264715771075e-05,0.08841046752190207,43,False
107,0.00790484266353883,0.037418271726974296,0.09871739343580128,0.02193276477757122,0.38990017031405627,0.22867747605210476,0.054819883362002865,0.03558536846274968,0.0003343041811733932,0.12470952502402734,41,False
108,0.012472420855324195,0.041729377376193005,0.07669637440931996,0.0,0.39792618273710284,0.21412957323252724,0.08955742687088081,0.028481203683082695,0.022957888527702572,0.1160495523078667,41,False
109,0.021862784071987752,0.02545325562265484,0.0838392096678081,0.006835841820253831,0.40752817190568014,0.2216897908090684,0.05293390214424717,0.0566045725236898,0.010131915015018074,0.1131205564195919,8,False
110,0.005453571144240967,0.03116805226235922,0.09675601460983262,0.007081715618565951,0.42098802673260394,0.23972471491282046,0.050835528809684095,0.028440482881923107,0.0,0.11955189302796972,41,False
111,0.018831632611275642,0.030996227636687045,0.08554438797526405,0.022695869037323693,0.3990186464054154,0.2055158377675531,0.07779613110849738,0.025595150645945024,0.018022438572786553,0.11598367823925208,8,False
112,0.013634094955766438,0.015045556017488266,0.07981239176265126,0.024776316605810967,0.40706190672726467,0.22368977280944205,0.08245312623680856,0.03586333262903512,0.019312940537706862,0.09835056171802571,8,False
113,0.01725042644544717,0.04626869576618952,0.08380179836320951,0.023259731666694743,0.4029012896770357,0.21316639018572922,0.06439154419366239,0.032900168027013704,0.010896945508200187,0.10516301016681803,41,False
114,0.016601456345376145,0.029133767260901146,0.09610505786361268,0.01554698240349378,0.4051344515129456,0.2009110658605954,0.06821383022202136,0.03831205068202828,0.02505246798679696,0.1049888698622287,41,False
115,0.0,0.04709214614097735,0.07859839467483222,0.0062183427185176195,0.41003716292196235,0.2243591147193934,0.07702566846239393,0.023155880072289456,0.03477084060366228,0.0987424496859713,41,False
116,0.02478499913619522,0.021489506568118086,0.09427802985388348,0.022264977544684924,0.4381363655071834,0.21937060019798763,0.07208797791622777,0.017659810464125947,0.021134637871310882,0.06879309494028264,4,False
117,0.013976762756313545,0.016550664836703997,0.09729740201769964,0.013343647862877282,0.4348118313571551,0.21944968564579365,0.07195551806934088,0.029326142420995748,0.03310026071541136,0.07018808431770882,4,False
118,0.006995937997262256,0.010046801276672426,0.09683853642968232,0.0,0.4790355667822903,0.21571923173571364,0.047738071988166604,0.03236323623325559,0.039086720205758645,0.07217589735119818,4,False
119,0.015047471623988052,0.03485308820900927,0.0829999250950504,0.028440103827813673,0.39196576872952255,0.21998493012280107,0.06643969135869512,0.0415695869512083,0.011977400219858167,0.10672203386205334,41,False
120,0.01073337967327518,0.0031500667345229776,0.11078134495838679,0.020080539688718625,0.41103642504401006,0.21785437686914744,0.0697914851829657,0.024467196056504697,0.03706444622975433,0.0950407395627142,41,False
121,0.011633198828651627,0.03114814969339923,0.08850945355429307,0.0,0.41942041381658424,0.215612764571246,0.06646544319063895,0.03287431512057404,0.013491057956845909,0.12084520326776693,8,False
122,0.017830518470441307,0.009206603643848153,0.09153038972292213,0.018791006480262742,0.4041140681786405,0.20167129754256743,0.07467100102086474,0.043134077418462355,0.020019023364204653,0.11903201415778596,41,False
123,0.005198252192635791,0.03483890354229774,0.0855960627232219,0.030441534615155582,0.4044966285813706,0.19433695425770836,0.07417785200385472,0.0382996227715638,0.03227697572707186,0.10033721358511964,41,False
124,0.01342265599698246,0.009401657208856181,0.09749508664753696,0.03016639620782775,0.43908708505807087,0.21283280488786688,0.0666654724210058,0.025307396461318,0.031014660566046997,0.07460678454448803,43,False
125,0.015444697014759014,0.03510832012697451,0.08045272847202141,0.012038242916133072,0.40797876115773285,0.20565481313365497,0.07209799777424906,0.03712918302657902,0.027114002637707593,0.10698125374018858,41,False
126,0.01244458939253389,0.03954227251861899,0.07735954250184617,0.0027820547308861133,0.4039343315362893,0.21044624662731654,0.08768791334639789,0.05042664801578428,0.017855981535804505,0.09752041979452224,41,False
127,0.01954710101237141,0.02839991614059145,0.10142949083726908,0.014204027102221628,0.4422620263201838,0.20030891278368426,0.054733487777496176,0.03817445770389757,0.01713430074904891,0.08380627957323564,43,False
128,0.01974672780877871,0.04384613544719983,0.08239089141609734,0.00238531751946322,0.405128877944172,0.22453055761116814,0.06235816282718436,0.03257108050452611,0.020434795685205672,0.1066074532362046,41,False
129,0.014449999436845988,0.02129026698607136,0.09502747293163115,0.015354407444573918,0.4008362877611086,0.2220026645827268,0.05814499659828592,0.048279943764103314,0.0222119255889686,0.10240203490568447,41,False
130,0.013946431341876899,0.021583508722681347,0.07317305489745604,0.021635646104710898,0.4139167512600391,0.21555856093140335,0.06781327746008459,0.02384351335078566,0.031872482089999994,0.11665677384096221,41,False
131,0.007577452852310174,0.00897682028505352,0.1062387492636958,0.008354551902872818,0.41656420301291125,0.21619516256923924,0.0702664436169763,0.036007871942916235,0.015050869522829078,0.1147678750311957,41,False
132,0.018504368480168662,0.038158748052859646,0.08422038361058982,0.03553465629696233,0.38159203085853083,0.2077454671226146,0.08201294585559821,0.04662527453563628,0.01894783682783567,0.08665828835920403,41,True
133,0.018880179311640818,0.03606405382667029,0.08544703856941904,0.03803703035170173,0.3961336682086587,0.20283360978409437,0.0711284468865301,0.029430269183348356,0.02201723730076591,0.10002846657717059,41,False
134,0.022970278038947935,0.038554982505843494,0.06835336464001288,0.024551805314419733,0.4010448930644248,0.2027696293520394,0.0735096614782989,0.04527683742853403,0.013766486650215234,0.10920206152726353,41,False
135,0.0017850952599024288,0.033398499210274636,0.08310223231975493,0.022067768666691676,0.38409197832661834,0.21385406716716027,0.07691865646702999,0.05383420183019774,0.009269360924649443,0.1216781398277205,41,False
136,0.008363006176404252,0.01574900122675799,0.10357235030560699,0.027146513385447442,0.38991818854977517,0.2086423425845776,0.0831575879148558,0.04010771535855752,0.014025406733877413,0.10931788776413977,41,False
137,0.03457375924328964,0.03654746296537971,0.08590486247434499,0.02863740197566192,0.3776874784492951,0.21246760585424704,0.07016504611878699,0.03903834917722443,0.004222125103764144,0.1107559086380062,41,False
138,0.01949891678179056,0.03350959682075684,0.08068141096209501,0.0318042365242528,0.40551494663733806,0.1943544982199278,0.0972330649645359,0.0384340155442566,0.0,0.09896931354504654,41,False
139,0.03445900660014317,0.024598026086927433,0.07170768131538247,0.031052659640358058,0.38361381167497066,0.20247976230342332,0.08322823348032406,0.027489535329705835,0.024898015748465167,0.11647326782029988,41,False
140,0.0092721698738808,0.03361738458780361,0.0968893352481429,0.012781072980104434,0.4078418689399733,0.2244310350896586,0.07789335914618603,0.0336565378479321,0.000888700347868437,0.10272853593844977,41,False
141,0.012447077887051992,0.026002356449116713,0.0936916298891075,0.018879040273950636,0.407604489190175,0.22877593220743564,0.0802014280626077,0.027274945108772288,0.0,0.10512310093178245,41,False
142,0.008833579728171235,0.04799939441209509,0.09105547550676778,0.022227123931873677,0.3945341722242915,0.20445345394028724,0.060767200348262565,0.02871473655607592,0.017415722867792836,0.12399914048438221,41,False
143,0.02182657596044106,0.03228117635466939,0.08959232276800791,0.02580661179009005,0.37986507799001445,0.20956436805993986,0.0674495215489382,0.039567572671616286,0.01441119111807696,0.11963558173820578,41,False
144,0.026694584924287244,0.030711733915727523,0.1022542366856776,0.02220659542365481,0.3806274381184741,0.22386712760472885,0.06098801255990435,0.04566787654404363,0.008687966690885474,0.09829442753261625,41,False
145,0.02076509972880543,0.030735269124666977,0.10017286312298074,0.023469889541930373,0.3867131802381269,0.18969902016280363,0.07633095996357722,0.030547108066481213,0.014695117752487094,0.12687149229814043,41,False
146,0.022793406216142627,0.03502942331032985,0.07155882753667409,0.021600289864266056,0.39390555594372784,0.21581084564899047,0.08664000689693087,0.03616009203672766,0.01983949109916215,0.09666206144704845,41,False
147,0.005880149448856602,0.031762832728457854,0.08461867386089221,0.02484551932484622,0.41674541059003734,0.21343748902474788,0.06437025058971721,0.03417371448358315,0.003685821150713456,0.12048013879814815,41,False
148,0.004809499276898607,0.032227077064373104,0.0905893434129868,0.00886122192828394,0.4018274830128375,0.21949669424852883,0.07412227442152985,0.0295071400953465,0.013749546520434721,0.1248097200187802,41,False
149,0.015367169844411797,0.04007820717335645,0.08407832871109412,0.00022304756503220216,0.4084102361452663,0.2061874859366102,0.0729056840944011,0.02658821556562865,0.037590201020769834,0.10857142394342925,41,False
150,0.0058606585736785295,0.028367730910179315,0.08715745561150069,0.011385307472159354,0.3979049072399032,0.23309392034339094,0.06884865538702606,0.032501995989844414,0.024407708059624656,0.11047166041269284,41,False
151,0.015482930194445195,0.03745945845390614,0.08179846964927291,0.032364649033067974,0.39868672275913575,0.20908675973878665,0.07372411399191613,0.021277782724655026,0.02740508468140777,0.10271402877340653,41,False
152,0.003726814266205893,0.03525815682187978,0.08306340607025783,0.020604554761738916,0.43728892438502914,0.21900180583260398,0.06963975408236049,0.03063388242135723,0.009387285622797732,0.091395415735769,41,False
153,0.021553627086075843,0.034405682764751123,0.11340901858655615,0.014675410271146603,0.4089809394279916,0.20396135788997916,0.06242754124614726,0.029915989110436286,0.015568424799797361,0.09510200881711874,41,False
154,0.010625098182938773,0.027820571052900516,0.10192213502083743,0.02683362096179645,0.377819688656606,0.22707156460575098,0.07835694809427184,0.044581870720306435,0.0020897384794777408,0.10287876422511386,41,False
155,0.01941541683149246,0.04281848868319658,0.07865397163607522,0.03468419301563785,0.3917154560524335,0.23071288319863661,0.06268351313525879,0.026133620918180757,0.0052124741562490605,0.10796998237283906,41,False
156,0.017830331888632884,0.02927964955380764,0.10567547571943929,0.026760620348573985,0.39661488972595804,0.20442619408082646,0.07870263076763741,0.03200405004990213,0.01615937735740478,0.09254678050781738,41,False
157,0.027895347719075623,0.010801941242057144,0.09219604865620377,0.020696537613006372,0.4427185380456658,0.22271479959891177,0.06704707318712551,0.014251426479212103,0.024945369633945485,0.07673291782479634,43,False
158,0.005430472944685709,0.03202957964654042,0.0884364974897522,0.019084118353833633,0.4180727506697304,0.23029619824668704,0.056736425139032494,0.03416520227460475,0.007475038515445901,0.10827371671968736,41,False
159,0.018015637626210192,0.025987779439329468,0.08562290210476686,0.008901006929537986,0.4203925517000353,0.20322043950868554,0.07220119466432931,0.009818406712900744,0.044723250012208074,0.11111683130199651,41,False
160,0.005719980174347252,0.05036205234286974,0.07562156965814944,0.0,0.41021845345647046,0.2215126699166886,0.07882712182185177,0.027112569326435545,0.010930212927044118,0.11969537037614313,41,False
161,0.025343507339487845,0.029821822893974007,0.09214368435902474,0.005434358398726453,0.40753257511314944,0.22892813409146875,0.06603087234455338,0.025662173449140162,0.007987236059466643,0.11111563595100866,41,False
162,0.007725342711909619,0.04286431351835014,0.07920898701613958,0.011671681393131147,0.40092325265229023,0.20859112637851315,0.07754323236982674,0.04903386825366631,0.006612931745881644,0.11582526396029139,41,False
163,0.014820090749054908,0.03369175877738543,0.08641061927367655,0.03493809035716602,0.4220206116075295,0.21402109211645062,0.0663012762787027,0.03417361188519566,0.0,0.09362284895483856,41,False
164,0.022674828521532457,0.04377319488097279,0.09173509829043987,0.0,0.40850795847739213,0.2203306452226502,0.05720613240227276,0.03158800250948098,0.00673103751333181,0.11745310218192698,41,False
165,0.01582241903124626,0.022397224182986404,0.07862018279823928,0.025853507364386578,0.40860418642458685,0.2092392421918672,0.06142862874875299,0.03412815951828734,0.02435101497050732,0.1195554347691398,41,False
166,0.014658408069393886,0.048222427931098856,0.08188907137478811,0.017787306447488004,0.3964462477991026,0.21844568122213348,0.06047080575276382,0.03726834431926358,0.004759403289447586,0.12005230379452013,41,False
167,0.0,0.017021226823843442,0.08776511197373946,0.03083203474107083,0.3856229564967058,0.22534974662008408,0.0708940491410756,0.04724920318741201,0.014862090658365884,0.12040358035770292,41,False
168,0.011821792867954217,0.027423143278131862,0.09424411795858322,0.02907692433553107,0.38951743002014955,0.2267503747127934,0.06066977361418233,0.03603588523806779,0.01878678516619756,0.105673772808409,41,False
169,0.00742014456531213,0.03625353992828048,0.07458849312145716,0.006220428861007744,0.4012303768606357,0.23270005248151013,0.06530624149666328,0.05369363833970371,0.021339953396257175,0.10124713094917255,41,False
170,0.016295290637263284,0.0422497041278289,0.08702579874719873,0.04439370991906195,0.39013170244999396,0.20216231082587482,0.06543112617360242,0.03029318954950944,0.014821331126808297,0.10719583644285824,41,False
171,0.019943311773201564,0.03516695599251586,0.08334221266957308,0.0,0.41342775454106245,0.22322301457457636,0.0647984146046943,0.04568298519309937,0.015869259695365918,0.09854609095591114,41,False
172,0.0,0.02924996481399388,0.08238362884257938,0.004922612825005196,0.4279569575798096,0.2117485931622416,0.06819900183018866,0.036719159995847066,0.03059480758826701,0.10822527336206762,41,False
173,0.015104670676663986,0.020192043056626162,0.08265049070036445,0.0367432844370685,0.38594432025381875,0.22541530064746662,0.08922755152699446,0.03624287856852966,0.01169316633309004,0.0967862937993774,41,False
174,0.0,0.043747088321704854,0.0988319402139647,0.008935697325333069,0.3922355989859412,0.22041092391095476,0.08107432072548443,0.04804838163213797,0.0,0.10671604888447893,41,False
175,0.00448103406512666,0.03806269968949131,0.08328936025248583,0.030825413110648382,0.3868655366678361,0.21137731010112842,0.07302519337080073,0.04585300105404926,0.019408371719941937,0.10681207996849129,41,False
176,0.012934492418180666,0.035576766631822396,0.09330140454040203,0.029814729379174544,0.38135083998141195,0.20552691098470657,0.05826488568976255,0.034231127801049144,0.02755162677741224,0.12144721579607794,41,False
177,0.016537614283067235,0.033679640579461094,0.07464758783904486,0.024428777034913713,0.4018498609347689,0.21619437769463004,0.05810160965262072,0.057379466085166995,0.002350250727144725,0.11483081516918166,41,False
178,0.009688643783380914,0.04745768507125649,0.08200290400514801,0.02780686840335998,0.38850615811103784,0.20332725522659156,0.06333508319242404,0.04570513075289857,0.02244191776134577,0.10972835369255676,41,False
179,0.006781153300640417,0.03231092466320167,0.08194989275519171,0.026482325619880388,0.413049645176472,0.20474221671307447,0.0728168465510234,0.026060783769559944,0.029618950082402697,0.10618726136855328,41,False
180,0.00802427230058588,0.0381400524328639,0.09396370516966931,0.01954656587185871,0.42293043735276814,0.19756235664509714,0.0658374555860472,0.02692145901611674,0.000328495449210792,0.12674520017578234,41,False
181,0.01807268068760981,0.03221824647901175,0.10075301369242334,0.016126017007725483,0.3918492024536144,0.21087983651535785,0.08054213231154489,0.032989399392972144,0.007339569456124917,0.10922990200361554,41,False
182,0.01735347015301813,0.030177556551897463,0.09302956048984153,0.035422476973626285,0.38247806237981585,0.20751006778750725,0.0629741555363973,0.055861027390722226,0.009693912420487241,0.10549971031668669,41,False
183,0.02220482471544833,0.022470828573311535,0.09375415431898944,0.018554981542159354,0.4069378825385324,0.19975861391019653,0.07254909296462435,0.05334111387551647,0.0,0.11042850756122145,41,False
184,0.02292725343070944,0.02119128489376167,0.08837220274284356,0.03147700144441465,0.3858265481622433,0.22113987065305724,0.06342699337566401,0.04195075118150977,0.01569075992490161,0.1079973341908946,41,False
185,0.0,0.03453949150142369,0.0715661501142352,0.024136984904084658,0.4163193351740561,0.21843078827293685,0.07120988686375183,0.03813024129170853,0.017129600997905645,0.10853752087989746,41,False
186,0.02688653313181332,0.0317424429200815,0.08432264179843121,0.02595807789087266,0.3845025210708154,0.21000965683344036,0.07264342672071941,0.048421023697278937,0.012158915178570186,0.10335476075797695,41,False
187,0.018172375627467034,0.022207496607938037,0.09125162732052006,0.03792597827710275,0.40555719069853613,0.2196347073253371,0.0707153793813724,0.008756963989272839,0.026202579141139243,0.09957570163131453,43,False
188,0.007598603334629631,0.0403306959707697,0.08548213667285275,0.015746431503114163,0.41730910700310614,0.22446498713994112,0.07683274417839585,0.0209882231033621,0.0024828750520140175,0.10876419604181457,41,False
189,0.0,0.0354502796078783,0.0806782373828095,0.005402437333517806,0.4008610060639473,0.22787685139185762,0.08012370253103271,0.048280556294711854,0.02780482011391113,0.09352210928033375,41,False
190,0.01168255591163921,0.01617217290307918,0.08630141193559744,0.025281650000878442,0.3970718411222443,0.20940251401567037,0.07332588257246458,0.04999745029167572,0.015137938244580729,0.11562658300217023,41,False
191,0.017640137799845235,0.03336139211662162,0.07836048742784316,0.0,0.4172101445329509,0.21377585368022572,0.07000049936092329,0.03547778732134891,0.02092274577294554,0.11325095198729573,41,False
192,0.011526608807428217,0.05203793917793252,0.07855211350931748,0.015909548053840677,0.37143915426818275,0.20400213356321945,0.0947684395987251,0.03084887098127323,0.024175756301176035,0.11673943573890451,41,False
193,0.039656805104047295,0.028921415205366237,0.077365805963976,0.04074845714659123,0.3955232069425624,0.19399581767502813,0.07713684946558301,0.028726266023065987,0.02618397726042922,0.09174139921335063,133,False
194,0.01722925725457853,0.0387477029533999,0.0753820699231537,0.025332982082445867,0.4083033239275107,0.20128010487816153,0.07851961319821855,0.03440471373822003,0.01917391307845128,0.10162631896585975,41,False
195,0.01561354429935999,0.03201533579370471,0.07848196096066791,0.02463997746200791,0.3922756141050096,0.21668471657221075,0.05991242504288796,0.03772567244887056,0.02042179300182119,0.12222896031345946,41,False
196,0.0024918712186702318,0.024152852066842825,0.07365340729549211,0.0,0.43737157563462387,0.20773696219756535,0.08177551853143433,0.02011528944880788,0.04634058187033283,0.10636194173623056,81,False
197,0.018654119815703613,0.038539030492253955,0.08775870000958796,0.014980140922155582,0.3684539826112778,0.2288232509779736,0.07400007983180389,0.024645192408825574,0.02090311982987138,0.12324238310054662,41,False
198,0.02061461950974541,0.017461302953136366,0.07423015406873712,0.025350661631679646,0.4040867951652397,0.22334419677664938,0.06029491911992441,0.04515640669845815,0.022704840973352427,0.1067561031030775,41,False
199,0.008123157957096401,0.029256158275399118,0.09018466407699637,0.02783545110350761,0.39637487954656375,0.18940095881090854,0.07846943050332661,0.048387918513419205,0.012946546879707817,0.1190208343330746,41,False
200,0.019907694847963637,0.03771168970772012,0.09587896276172256,0.01632660426330686,0.38543962670293175,0.21671871184661712,0.06898190980384362,0.05007356160829648,0.011927569780440803,0.0970336686771572,41,False
201,0.010538408225069552,0.03608406582243469,0.09254765774009739,0.024349705829933566,0.39425609325568906,0.2248525950261873,0.06629593996696898,0.027868129131021883,0.021299570208003618,0.10190783479459394,41,False
202,0.013506285645533064,0.033830376319446485,0.08257015712347647,0.008903485864311014,0.4173461890471055,0.214826893027086,0.07650065134530734,0.04401261599026704,0.018051889322018226,0.09045145631544879,41,False
203,0.01631279531563872,0.04075859075437094,0.087000877443109,0.00882912868763839,0.3880116541070039,0.189933175899099,0.08770441826971818,0.05124198620220877,0.02983555330247346,0.10037182001873972,41,False
204,0.0046166344351402065,0.028579281031626495,0.0836783515622949,0.023685633948069298,0.41568801573769665,0.20785940834397035,0.07682468058998886,0.04372853856461395,0.0,0.11533945578659915,41,False
205,0.025385922851520176,0.02397359944782785,0.10643506928356736,0.024868038177607726,0.390120325309168,0.19590589641126868,0.07263532947617024,0.03914370623746709,0.02018971710728117,0.10134239569812183,41,False
206,0.024994603451357,0.041498915211764804,0.08460652037310773,0.01754044914298409,0.383729682460757,0.21929377975865538,0.07338210008248218,0.03655564177316486,0.010581005249428269,0.10781730249629877,41,False
207,0.014331009388221048,0.034397695434040865,0.07642731668430389,0.02326770099263648,0.3999739080785181,0.21551855970449627,0.05709251890474617,0.034521657511331044,0.019416794296755507,0.12505283900495054,41,False
208,0.009687304918854393,0.04754918515658029,0.07134828361354158,0.01584950650335952,0.38520171965622785,0.20943870147479723,0.0766222913376806,0.042149143332082015,0.026854336594981654,0.11529952741189468,41,False
209,0.015363643060381555,0.020721553760707383,0.09598381404067394,0.021762576717608402,0.39307128853607665,0.2096999163224949,0.06937705599715781,0.04690118415902718,0.015356786659554053,0.11176218074631797,41,False
210,0.025717870074096687,0.04083661985822538,0.08311711305434216,0.021737423895603174,0.4007869836240864,0.21308215375855388,0.07953412409430581,0.022974141652715864,0.01459249232469688,0.09762107766337381,41,False
211,0.03308373630148372,0.03968747369694706,0.0874527169034923,0.0433928162035026,0.38769638006039636,0.1972260693011506,0.06620707728244894,0.017374349000928095,0.02818550115704403,0.09969388009260637,170,False
212,0.014095425738123325,0.05489770764723004,0.0963626560013857,0.03735656340512484,0.3724823258496848,0.20216781488368535,0.07773443848525688,0.03869215986408939,0.02136299826266876,0.08484790986275083,132,False
213,0.020246149829334342,0.03586786759861644,0.08797558570973521,0.03199555985113144,0.37981456797631463,0.20082550505235652,0.06673607884890102,0.029944196881991778,0.019363248702758885,0.12723123954885976,41,False
214,0.012980494567511974,0.04079490188206928,0.07803256420062778,0.03440093273899591,0.4038190809575235,0.18869713574866728,0.07668743911796226,0.03915659170329698,0.010747732259791412,0.11468312682355368,133,False
215,0.04007628359842192,0.022583988874999277,0.08450105038650894,0.02855029874512489,0.37507893265610115,0.201098673962984,0.08110094804081107,0.004971307993399156,0.03705367761206854,0.12498483812958104,139,False
216,0.014506127805317211,0.027532185512466955,0.089836960624096,0.02391661506395501,0.4024399067843633,0.20271486295415042,0.07495064202728151,0.04058538907366992,0.03437500258381542,0.08914230757088414,133,False
217,0.02301746758437695,0.03255732675532254,0.08789032868554822,0.03509164269942253,0.38903195961412473,0.2071375432757206,0.073875935675386,0.033664058571749034,0.01892242525277528,0.09881131188557422,133,False
218,0.004645945004281342,0.025927492937203766,0.09282324381125158,0.022802268840347112,0.4019920128034431,0.20710664134606432,0.07352635580895474,0.03914361389678425,0.016362764722137785,0.11566966082953194,41,False
219,0.013068934919598419,0.03203371469315148,0.08850434998060755,0.04960773885169255,0.41893982002873537,0.19062001405658904,0.07026448012979764,0.027348939841719898,0.0071300349149012775,0.10248197258320697,133,False
220,0.03916892201958721,0.036681988207320486,0.07361804140796262,0.015713737145265395,0.38394923184492286,0.2172958205046565,0.08543043999153241,0.02188195907960314,0.0,0.12625985979914942,139,False
221,0.005528377357458451,0.056986118957069516,0.08376579807130949,0.03885566264008218,0.3550047538613264,0.21262508739858632,0.07363640773669844,0.04230649465043996,0.028797985763371545,0.10249331356365772,132,False
222,0.0279816351203566,0.02498323785477247,0.0732500931342419,0.041770286594956886,0.38045647481895406,0.19291432698391472,0.09060465595219554,0.0323937417248698,0.023597942346104146,0.11204760546963391,139,False
223,0.011741083319762197,0.03093734168402569,0.09328474095555259,0.02990603435188292,0.3923968081583219,0.1971630027399089,0.06620149883485352,0.03248016646510655,0.015000661967587127,0.1308886615229985,41,False
224,0.005812482685794341,0.030436484519850947,0.09713974362939634,0.01900978122718108,0.4057481097799743,0.2031534886744064,0.06836026183769503,0.04705558236955492,0.011085410156495674,0.11219865511965099,41,False
225,0.03303562582038526,0.03352933153073946,0.0846518985976513,0.03888352334479689,0.37458277894945996,0.1919661456618606,0.07526853135961742,0.020863792920545608,0.04381880686570556,0.10339956494923784,133,False
226,0.008940014798120224,0.04097974604178878,0.09025994411131943,0.04037616615785416,0.3922024423636774,0.20654843154765445,0.07354801844991375,0.03221578395994567,0.023867133898008354,0.09106231867171782,133,False
227,0.010175612849932429,0.01961406255443744,0.09121875951374785,0.038801483634902115,0.3991966853970649,0.21772354705308883,0.07272887670368905,0.007353848570510528,0.033088417588211266,0.11009870613441558,133,False
228,0.02785976079325734,0.04416704941691388,0.0819917456479937,0.029451592771239075,0.3765024695549217,0.21667292206821545,0.08060079503237765,0.04158191000186631,0.007651347094057308,0.09352040761915768,132,False
229,0.038779073316628,0.034940528764657135,0.06481926449354257,0.04436932409724579,0.3907782485402344,0.20244171313989195,0.061082026575253065,0.0394905130440464,0.029035376655038768,0.09426393137346192,133,True
230,0.008050013939406787,0.04071705081897051,0.09277760640570347,0.03986513950520857,0.4338145695749022,0.20281455971480913,0.05695517730203307,0.021613453189052334,0.010934047338943704,0.09245838221097014,133,False
231,0.029036278503045108,0.04412873702278959,0.0791029857147151,0.03813750315941174,0.3827952067992286,0.19310485689141246,0.07154047985872905,0.024849803416750034,0.020230733148588437,0.11707341548532987,139,False
232,0.035679270331222666,0.014688824448625,0.060722313264565564,0.04095324361029842,0.3863781673560856,0.20213933113727242,0.08236123249400219,0.027261974360557883,0.028384989975626544,0.12143065302174358,139,False
233,0.02717751828288127,0.009943487584235097,0.08582046008048845,0.01849245696060925,0.4704380080040063,0.22777047886510807,0.04901939861088637,0.02691074908852173,0.02957429897343145,0.05485314354983196,102,False
234,0.0402072960292245,0.030912825844514574,0.06485709662027003,0.03789080056551947,0.38312847688803475,0.18991638143934622,0.08943194057629882,0.024074763772887947,0.027271372440897754,0.1123090458230061,139,False
235,0.01211115738409156,0.05173502611674431,0.07271926176720049,0.06382488508181608,0.3914551962202632,0.2014699802432133,0.05630378400635968,0.031355820714193204,0.012743214533456464,0.10628167393266164,170,False
236,0.028804847583153374,0.051851488645368385,0.07389836658040251,0.0471236053951457,0.3650894895048707,0.19040333075289248,0.0893599897761705,0.03318083351170552,0.012537862042710487,0.10775018620758035,133,False
237,0.019924398023109777,0.02627672688711466,0.07495258265859986,0.059238405661495575,0.4128191827089459,0.2181979582054267,0.06104472473536888,0.011762340999315214,0.028467786401232858,0.08731589371939057,133,False
238,0.01978842795152359,0.038128275180769944,0.0878879217973057,0.042350231139685196,0.3923790342227206,0.20523386967890894,0.07198104473925096,0.01899713996511535,0.0003432919717024035,0.1229107633530174,133,False
239,0.0101279250476543,0.03736989969589406,0.08009659293403615,0.049003495171697886,0.39577804138486034,0.2018631297254779,0.07003296367712089,0.019642669286577624,0.03252502855536096,0.10356025452131978,133,False
240,0.026252375070737334,0.03831805248875629,0.09251633626957445,0.03529195818627834,0.3675644119410548,0.2058195754423329,0.0756519936181148,0.04049329499998687,0.018498139904547777,0.09959386207861642,133,False
241,0.04265446018835159,0.04995129681441668,0.09453686676319947,0.04447057250829874,0.38050395554744904,0.19427721283768215,0.060205665499874536,0.03517011555995552,0.004266744903773548,0.09396310937699846,170,False
242,0.006252778439135825,0.038477171387709126,0.10096944926048085,0.037662365860345055,0.39834420022169964,0.19511205854370167,0.06321253311630709,0.03586045551366451,0.028019895155143974,0.09608909250181215,133,False
243,0.03435807025714816,0.03617525203359374,0.06647074557268363,0.028251359918749334,0.38386479691846864,0.20281318757650876,0.0857719036977476,0.02097155901497319,0.02665160406091855,0.11467152094920854,139,False
244,0.05011580120898826,0.02876747317865111,0.08007287420524313,0.04263640901469509,0.39994452279890536,0.2010373151961039,0.06413261998012322,0.021948926603255096,0.03360197116696498,0.07774208664706976,193,False
245,0.056717202972558084,0.03799613465944622,0.06137866164131677,0.03948718691064379,0.4049087136239775,0.18578737554870342,0.07186150682823551,0.03139953195745844,0.029265369809400782,0.08119831604825944,193,True
246,0.022725221897387828,0.04228104414452973,0.09700086005274614,0.012730547736499162,0.39040076824459696,0.20142089521466872,0.07631960332499596,0.020408940672669622,0.03533808281472831,0.10137403589717749,133,False
247,0.04259002501400881,0.04140148451757156,0.09117650577216808,0.04566261805588087,0.3645234617004203,0.1935403476762963,0.0700788983438404,0.01705343898971833,0.022956946157056228,0.11101627377303917,170,False
248,0.04275611710427678,0.027370025307896454,0.06926081491353889,0.01341483301308662,0.39850924555123174,0.19552315928601105,0.08801074630531082,0.04050243593358087,0.016697079921535664,0.10795554266353106,139,False
249,0.021040615085297046,0.03333631431702902,0.09107143274679365,0.031500878394938536,0.3833260459590724,0.21690615073135505,0.07414827329111974,0.02081127015187047,0.03120796903566427,0.09665105028685977,133,False
250,0.014736620172480053,0.0455657495221874,0.1034000556576624,0.032080140582149905,0.40498493192359025,0.20866316836180027,0.07102615842702863,0.016173528233873746,0.021339539939143854,0.08203010718008344,133,False
251,0.04848704073527316,0.028357317238291307,0.05038087780373164,0.03925292047563348,0.37219898535683726,0.18675919149370815,0.10437490473945746,0.04178251105765667,0.020404281308897248,0.10800196979051362,139,True
252,0.034126983125135436,0.020805447535501457,0.08555896194512252,0.043184916492484585,0.40328600710424234,0.203836292310266,0.07976238939389528,0.026399243036652028,0.01075080836991503,0.09228895068678535,193,False
253,0.030968792849816244,0.02185893041312406,0.06858687494823741,0.032622708218216216,0.394835697350525,0.21132248294184564,0.08938297252696095,0.03169367163248597,0.004011285713015499,0.11471658340577304,139,False
254,0.013534298608005563,0.022037671322550145,0.07455738024609589,0.046799477237909254,0.4155418220984835,0.19435163064649602,0.05656449506135035,0.035446685809992495,0.03578486375628433,0.10538167521283248,133,False
255,0.019490196019914717,0.027089884771682532,0.07225041840068112,0.05000068606020258,0.3997943185981368,0.191253865780173,0.07560203522359268,0.04074577442955048,0.023483354060791838,0.10028946665527422,193,False
256,0.03281232540007112,0.012484494452906097,0.08870992634700547,0.042946845139906285,0.39195956922930525,0.18959487121271557,0.0782808320144257,0.04207873304696068,0.037631779451933085,0.08350062370477067,193,True
257,0.03564552255872111,0.02806235367502549,0.1038711032029206,0.03054243344794323,0.39194249671659337,0.1861943714014007,0.07387191670744964,0.029455072576689622,0.025684699711846323,0.09473003000141,133,False
258,0.04429925484731015,0.013064128252839253,0.06317182388248983,0.06493695075345764,0.38858589942756966,0.20041369342335466,0.06338850639000189,0.013360939297740805,0.03311393024294637,0.11566487348228977,193,False
259,0.04052950331057898,0.011069773972533706,0.10165151251359086,0.03949743002895123,0.3934917776497433,0.1853166970314204,0.0691047933199388,0.037814925373724106,0.029281717930763854,0.09224186886875477,193,False
260,0.019673764265328807,0.028155707211221598,0.09054516742107563,0.050841617744785614,0.3757816384137164,0.214842470416268,0.07129387387845317,0.027485784095873763,0.021767349881565718,0.09961262667171135,133,False
261,0.01645436460371152,0.05807665905708615,0.08071356760225262,0.03300422227402293,0.40450629528994264,0.1950226469062683,0.07206353063464901,0.032921338057188575,0.013676161743905133,0.09356121383097318,133,False
262,0.03484864756560237,0.016440015002508617,0.08283986326319975,0.04613567192138865,0.37710385312788586,0.19425638705146941,0.0742381847273803,0.01339226499689857,0.03499660065271048,0.12574851169095605,139,False
263,0.01816144896830419,0.03417329213442047,0.08104461029255573,0.04675414153500725,0.3755107200327501,0.20276792604720498,0.0754827613426585,0.016906603268100902,0.027747198809931366,0.12145129756906656,170,False
264,0.04415800337670367,0.012492132449639714,0.06987871223580185,0.03398905197243498,0.3888580527179339,0.21283818437261037,0.0594145147083515,0.025619295407259296,0.05021960085914254,0.10253245190012229,139,False
265,0.04109051027355539,0.022537638279040425,0.09165690814148353,0.03659877877857873,0.38561028788806956,0.20556494482012413,0.08272684614228831,0.029558268272822878,0.03016667987777724,0.07448913752625973,193,False
266,0.019092985258886617,0.054817773970212105,0.07224853195335497,0.03701198271745246,0.3762337930258581,0.1941147285072252,0.08216523542630183,0.0231807249251273,0.04160416657635915,0.09953007763922225,133,False
267,0.05861006472592085,0.043260632226693824,0.07356436121167868,0.024304682141260827,0.3969616237253852,0.207529354359096,0.07748290984889489,0.013403676203384665,0.027258230631259917,0.07762446492642532,193,False
268,0.021382588866577464,0.02843841038961274,0.07708136829291953,0.02624615324306703,0.40738995438609127,0.21584398760052512,0.08224612693590992,0.0069039911015979765,0.023747296789944236,0.11072012239375481,139,False
269,0.036644060680249856,0.028110192520667265,0.06745705252368123,0.019278739707560156,0.4128485713287429,0.20278591812971625,0.08294282027003834,0.024168878559017407,0.009536433438656672,0.11622733284166996,139,False
270,0.03860062985519189,0.02469009528280206,0.08088957660206003,0.04742380745652862,0.39533701123802334,0.17975455121837278,0.09833978070738145,0.024667418684297705,0.01704001060093033,0.0932571183544118,193,False
271,0.0010884763879939348,0.04913688307824796,0.08109264036991728,0.04201611620524284,0.39299204359502254,0.18957258821133183,0.06701832202160622,0.027749878848516134,0.042043255108575435,0.10728979617354586,133,False
272,0.027408797748076974,0.03565699783024768,0.07939952703491826,0.044068802212418996,0.3922900266528745,0.1971453100650137,0.07251035937400856,0.033055701799890314,0.02452040778459766,0.09394406949795334,139,False
273,0.04173576938582946,0.014382957067484645,0.0783729213200215,0.028811626291790095,0.40815063982268046,0.1802084447808236,0.09427351103396092,0.029022977446337337,0.03606262308740906,0.08897852976366295,193,False
274,0.03447274319370012,0.03622869976738826,0.07200682245359323,0.03435692031330388,0.40634682251377047,0.18953313513834275,0.08017944224107552,0.01149661665603401,0.019983025272338,0.11539577245045371,139,False
275,0.03613767150604262,0.03754472671439294,0.06524867868633229,0.04184240997112744,0.371373028919474,0.1892573569693481,0.08759781176698629,0.029504928625358688,0.03797781994692743,0.10351556689401029,139,False
276,0.03980504695381773,0.03324543746929372,0.07621500720768408,0.03838976813544766,0.41348283600732133,0.17379540968946283,0.07151231610404062,0.038484893311862854,0.026579424058413573,0.0884898610626556,193,False
277,0.04707815515232861,0.020536636080644273,0.06295291701938757,0.03775730098530228,0.3913899714780391,0.1905513965623494,0.07879283274768831,0.023039186273603057,0.026568669299863713,0.12133293440079371,139,False
278,0.04293670703496203,0.026026345413133655,0.07607201203002843,0.04490070404750814,0.40233303127162395,0.1970100755370347,0.06906161132592142,0.019017651000174163,0.02960732181544995,0.09303454052416342,193,False
279,0.0351304484138655,0.006570833271091004,0.06347559119236094,0.02365053930797836,0.4116727315211959,0.22163637093469196,0.05987268425658222,0.04605887480869431,0.03972501721714994,0.09220690907638994,193,False
280,0.03479416785709455,0.02638123604332349,0.08508328976352188,0.03259398703042271,0.38372196865013647,0.1742946921274158,0.08203786456680358,0.04571130044012049,0.02110065135057723,0.11428084217058378,139,False
281,0.04051453765020896,0.029292925453226523,0.068036806594062,0.022397457177750563,0.37368767314418044,0.19487707372696816,0.08100165711311706,0.029408780834923282,0.04599359465863184,0.11478949364693111,139,False
282,0.028994645243127184,0.055776937384331475,0.06941449528787538,0.04750765626855088,0.35285215956694405,0.18883331964792052,0.0898801318063859,0.032517341964943915,0.02862822252129782,0.10559509030862303,139,True
283,0.032534443208447235,0.03156838383700671,0.07721284932894404,0.029880676152650873,0.40966058767635144,0.1806112954564537,0.08233340448424233,0.026941239919890565,0.023477737665656903,0.10577938227035624,193,False
284,0.007039097870611182,0.03708398733492971,0.0746021888546466,0.037681839134065746,0.4015579843719831,0.2160022602026086,0.06059861484054297,0.0349015222352632,0.02051578852194873,0.11001671663340018,170,False
285,0.023921684539255205,0.027606753760846165,0.08179370459265563,0.05301599196750737,0.3905150476851055,0.19975112052619673,0.09633015285859717,0.00916050092081428,0.015719451391869005,0.10218559175715286,193,False
286,0.04203203923523073,0.014211576300309645,0.0861118733207132,0.03796869048483499,0.4037386832142304,0.19185893359512154,0.08355581280432069,0.027711303638021104,0.03130846094012205,0.08150262646709579,193,False
287,0.03846674828920554,0.02567141200812766,0.07048440375314134,0.03071080234606392,0.4328366239723158,0.20879909992276466,0.08276128983530959,0.016736644972143843,0.01812022143764351,0.07541275346328401,193,False
288,0.04114336336223864,0.042241738718878596,0.0822878710247118,0.04147486970954567,0.38251571118154476,0.16467828202346674,0.07425444154506393,0.021066307434450003,0.05281463070419529,0.0975227842959047,193,True
289,0.03786906745062812,0.030421839700855276,0.09706441491728525,0.03951735077748419,0.38158839757810553,0.19115123438264706,0.07691279611489564,0.029038891855796948,0.02004444634100177,0.09639156088130027,133,False
290,0.027056274591247566,0.021095307365040714,0.07381873485947292,0.027617240041435176,0.38658310393975176,0.2118238104801223,0.09640440689729822,0.027463673433439532,0.017746207227153112,0.11039124116503875,139,False
291,0.022847356404541518,0.04605443098047238,0.07191607931543821,0.03438251969274313,0.3981511785039103,0.19055920538432722,0.08168464042064628,0.035097078008173535,0.031195510596436507,0.08811200069331092,193,False
292,0.04252627694594758,0.013887485394359172,0.06611598127926616,0.047206084603485625,0.4130644732632215,0.19030423254042433,0.07531111529124092,0.023857025185288632,0.03061720566460729,0.09711011983215871,193,False
293,0.042406779162293025,0.030830894516899236,0.07545231860699325,0.049069117842219886,0.38779666472857066,0.18414852613261715,0.07752976146242861,0.02617251467222144,0.01858510851079845,0.10800831436495827,193,False
294,0.06215078793236908,0.02004270820423943,0.07194057875578057,0.03466293346287186,0.3946529216479422,0.18342590477967738,0.06357884271018058,0.030143691367856818,0.033703435242099886,0.10569819589698214,193,False
295,0.037962550164162605,0.02505446126444941,0.06664903130594567,0.028481590646772886,0.3945090610790479,0.21665493443493286,0.08179879533575128,0.03662803679475518,0.017254879159570895,0.09500665981461147,193,False
296,0.041188545188367925,0.03189079317509926,0.08363435632942978,0.0312489176682429,0.3672401519166861,0.21380745992779873,0.07081706214069236,0.030122294095513008,0.015064032262693348,0.11498638729547646,139,False
297,0.05773087852889058,0.020369570215807136,0.0822400672327023,0.0385438200733413,0.36369439333870385,0.20182793547481134,0.07600629391567305,0.03779270604961603,0.008236822777871265,0.11355751239258294,139,False
298,0.04246720037489871,0.016741816823222542,0.08701722225003468,0.034843884378822146,0.36652326638909394,0.2000576701337799,0.08310904670918942,0.033404528257039906,0.03485884370071106,0.10097652098320754,193,False
299,0.02974325813391082,0.041961333076732374,0.06449062819254095,0.0518350146684783,0.40943429538083104,0.20298814531404935,0.07139739896843555,0.017057628601318073,0.024570052483403312,0.08652224518030019,193,False
300,0.03406234050402905,0.03503651685743162,0.0713079538529617,0.030094004634435945,0.38948891978220535,0.2063048596907264,0.08383501331932036,0.021403429369821075,0.01585787823053491,0.11260908375853361,139,False
301,0.03113249826636092,0.013202220314400001,0.07418910576192693,0.0400009555375047,0.4086028809915165,0.20718227360735433,0.07893795143227202,0.0180980584008368,0.02931655486454426,0.0993375008232835,193,False
302,0.02369506204418049,0.023320042131575174,0.09367161504201195,0.046926862883889336,0.3903753712175204,0.19369539832676172,0.07044183656017212,0.039288330444145654,0.018579657036424543,0.10000582431331861,193,False
303,0.04454082544693831,0.01744940299744212,0.07745900734005028,0.02409778120813835,0.38240288579945625,0.2112907718893124,0.08959562803443268,0.019172686981548982,0.03511422813865793,0.09887678216402265,139,False
304,0.028738221058228992,0.0362872884951359,0.08627895849386713,0.0288670653330589,0.38824832608492965,0.2033487003794579,0.09385501360501272,0.030469244161123177,0.01744433839442646,0.08646284399475908,132,False
305,0.04195830297925961,0.048909351138696454,0.07185813677004252,0.04159118438319427,0.3838917913972336,0.19473856534597775,0.08607896020470067,0.02749773244533537,0.025278703999578073,0.0781972713359817,193,False
306,0.042736134816665675,0.013123516056245519,0.07160019446496904,0.03312938140498157,0.39779952825708087,0.18797267148543392,0.07131544682229012,0.04076811474526632,0.01807584570571005,0.12347916624135698,139,False
307,0.036898042505467105,0.029572509958486908,0.0736945669229767,0.028425281714915655,0.38351545065367576,0.195198151110214,0.08192741151523866,0.04191620880997047,0.026640215816148064,0.1022121609929066,133,False
308,0.044426559003486896,0.038947863726734394,0.07524335989779508,0.02668593150999695,0.4100252872008525,0.19241379145305154,0.07250289985132173,0.02873932986567617,0.018272867565944755,0.0927421099251399,193,False
309,0.036131406719802944,0.04221202072427789,0.07654140019170075,0.03327069264775353,0.3897587764699319,0.19492269977714297,0.09190936744985961,0.017443743622727863,0.0028705556863298167,0.11493933671047271,139,False
310,0.0555481506444502,0.035987953664547774,0.08177616827484904,0.03713308220748765,0.37631202897433463,0.19870608073028562,0.06363169157876375,0.02826316059815163,0.031688941246474686,0.09095274208065499,193,False
311,0.04817833748495643,0.049318111155134826,0.06894446317754235,0.004143714306445357,0.3881133891646063,0.20220142847026998,0.08083297693546707,0.016252921189797872,0.022957376978253157,0.11905728113752662,139,False
312,0.025106422363813153,0.028161216217670332,0.06817710650706206,0.05489293485741296,0.40913923011623216,0.2073790230779211,0.06772999279121075,0.020700141126506595,0.02359433881253709,0.09511959412963396,193,False
313,0.023476436802461392,0.04005067903867696,0.08725821792249322,0.05608221995222258,0.39995114785488833,0.17671823579191126,0.0711748509056572,0.04266850678650394,0.028287884853159816,0.0743318200920253,193,True
314,0.03273430691188868,0.0290539407512944,0.08314084591912706,0.04424832481615319,0.39570813245230857,0.19150505390521377,0.06630742931993228,0.03299454304164068,0.03482966014803056,0.08947776273441066,193,False
315,0.055204685146717336,0.028674839988486578,0.08538170542131916,0.03444122253924766,0.3842977133439273,0.18172076406119675,0.09402620111614943,0.026220836098531933,0.013003404373021152,0.09702862791140282,193,False
316,0.04774159658696805,0.040802911943792985,0.0878759767618257,0.02025651537985019,0.42093034888598935,0.16494593511949754,0.08022604779558012,0.027617302393398654,0.021275462999154497,0.08832790213394284,193,False
317,0.054684992324982085,0.012295377386695923,0.08308959665527499,0.03669065096786453,0.4058284040601059,0.1936850413720383,0.09444440531717609,0.014094027449587295,0.02424444181563196,0.08094306265064294,193,False
318,0.03112040222519067,0.007971887597829321,0.06557884522528216,0.027495150110880485,0.39810233951115626,0.19520707828273892,0.08654494690027734,0.04480982024772236,0.0314694223629121,0.11170010753601045,139,False
319,0.048300138570998956,0.029741020505005166,0.07209269961917748,0.040204360123901356,0.4030654979807032,0.19965618289546833,0.07246677534832775,0.022161461212886122,0.022617505659500898,0.08969435808403069,193,False
320,0.027833727982676394,0.03513555763036732,0.05869412435011463,0.029654081389348903,0.3745248979160317,0.20980530565097844,0.0815889301087067,0.0345004942933644,0.028229894277439292,0.12003298640097235,139,False
321,0.020314382699125905,0.03014148574015106,0.08314669131233947,0.03225389240563577,0.39754301348840326,0.1953861443425234,0.0868295010743167,0.02292884329498826,0.029053298911340474,0.10240274673117578,193,False
322,0.053251910260565825,0.021821811913570084,0.07469051956458397,0.03125364269919696,0.40753062497353987,0.1819911553313618,0.08642707995767453,0.04521517938121801,0.022507583902192853,0.07531049201609602,193,True
323,0.031418601400929315,0.03937544458983329,0.0722648351522625,0.03108463262713769,0.3847247141784511,0.20215531951688437,0.08789619102508156,0.029103604603990387,0.025667685533715765,0.09630897137171406,193,False
324,0.041234061930109096,0.021285721527874838,0.09048335228545229,0.04535532025148081,0.40777977094262613,0.19270300560069376,0.053767019958885186,0.03035639282304362,0.027797923912142617,0.08923743076769164,193,False
325,0.036728875044229205,0.030596496973496496,0.0664420520681352,0.039059565014328404,0.39932317803620127,0.20456248323118945,0.09088405756642685,0.013753318707903823,0.02401363078092209,0.0946363425771672,193,False
326,0.05086132704336643,0.031837327543652656,0.09589410616701237,0.024646494925268134,0.3999251035228599,0.19380192388315473,0.06319439913119611,0.016056105541267577,0.027046396377805388,0.09673681586441676,193,False
327,0.04295887678163652,0.03572111003072783,0.06603475285191267,0.036636728475961194,0.3933374397797174,0.1967176917578131,0.08574194918150248,0.023522889245740242,0.025813289544353163,0.09351527235063548,193,False
328,0.04457676752937401,0.025749674210785112,0.07249026034084455,0.05104638153923436,0.395878051693226,0.18942797743926829,0.09164203763009919,0.015158899494808743,0.027452856716260996,0.08657709340609883,193,False
329,0.03672472285656957,0.030877303842619313,0.08206548546170435,0.05123470096404821,0.3896962398885442,0.19883365111013604,0.06670625921321809,0.027747812690006445,0.029957690886929823,0.08615613308622386,193,False
330,0.04345044798293614,0.020646821679465795,0.0626213362597715,0.03206455243247546,0.4004665162242913,0.20639654332386714,0.07687106199995554,0.034578408734052664,0.033286501335657984,0.08961781002752656,193,False
331,0.032416856402913356,0.04860183916964612,0.08127548878996389,0.024028998369226763,0.4230354488915818,0.1872491565561024,0.07462579102612313,0.02011594012996062,0.017703493836576524,0.09094698682790534,193,False
332,0.012600698607366175,0.030969493065776486,0.062329548220434385,0.008530897176748967,0.3917315233977657,0.21187870038258869,0.10591018557129794,0.0059665440876604,0.023591986484521953,0.14649042300583934,139,False
333,0.043332000027748625,0.027530483764214908,0.07084509914989395,0.05311505615807582,0.393138465100949,0.19561876502892236,0.08595881655164431,0.016637040896639702,0.027356703596746895,0.08646756972516452,193,False
334,0.03770488049301448,0.024132988442131898,0.08008688257437885,0.04665882604409575,0.3839096176119096,0.19423756475511172,0.06492131022055679,0.03871127049247324,0.03275898396509797,0.09687767540122964,193,True
335,0.026046240953974002,0.01757391586806431,0.07621984938792054,0.0491306174239842,0.3879786080647006,0.18751064936065198,0.08575817945819032,0.030782562017615603,0.043112423139984125,0.09588695432491436,193,False
336,0.03765710673190751,0.03798652826266139,0.07259084853411304,0.04212009963773255,0.3796154697399238,0.18907698049350688,0.08388266198561412,0.03932049094090056,0.03179982134656187,0.08594999232707813,193,True
337,0.04965185687689597,0.02135848306969788,0.07026273600669344,0.03603255992984537,0.37879634050709754,0.1979072234576653,0.09364213168315427,0.01972703060249454,0.03754397558449816,0.09507766228195756,193,False
338,0.06220724984833788,0.05264107810348127,0.09457175666768701,0.054068156850812725,0.3760651480029054,0.1810355377434658,0.07891769128407645,0.022989194639815393,0.010688631618422312,0.06681555524099578,193,False
339,0.03689285767059294,0.033041546884005644,0.0668420767975833,0.046186820949934496,0.4075945973150631,0.19323160993902783,0.08191810998054137,0.020194321453032103,0.00467105680345174,0.10942700220676735,193,False
340,0.030873082871622354,0.03068342355025592,0.07067320039025785,0.0367702916722263,0.41234926157658275,0.19410004925639945,0.07144427874811282,0.029190603113867477,0.01813936771435255,0.10577644110632262,193,False
341,0.044567377630676454,0.035862185022192836,0.07832881633788136,0.04229283851318949,0.3963287362514258,0.1790295192261229,0.07833922547994196,0.02149612035715462,0.03785008699825367,0.08590509418316078,193,False
342,0.02694871834921761,0.029948660815815854,0.08359586106438785,0.05174523305852682,0.39032672776189925,0.1822549689372084,0.0804602126798963,0.030545332829519163,0.024045073184214293,0.10012921131931438,193,False
343,0.0487316612772935,0.037006303930348455,0.06508557251864612,0.04439588068285606,0.382233969934701,0.18460490604093918,0.08688986916870974,0.024964794305542885,0.034641740784023656,0.09144530135693923,193,False
344,0.027387821045338975,0.01689180897392562,0.07780646243075993,0.033528856293717775,0.39953594300897893,0.19627617872704986,0.07935295600626807,0.04481895589155913,0.019436845838420803,0.10496417178398072,193,False
345,0.049814223431701506,0.031395467752319044,0.08224138161309565,0.03805765649248214,0.3960902191929027,0.18444686328864857,0.08232301892306057,0.034355098742678516,0.013394557211872996,0.08788151335123826,193,False
346,0.036928404925210295,0.041929818379763756,0.08813736059273286,0.04560537334451305,0.3839940531022443,0.1839041930511772,0.0694757118925827,0.039259249899455576,0.023391171217138927,0.08737466359518117,193,True
347,0.04012666059145378,0.02053613731156482,0.08233453944201535,0.039548556510402594,0.40177781207601143,0.19235091514923133,0.08295314937143325,0.028438491640349093,0.016618564718139606,0.09531517318939875,193,False
348,0.03047200747096686,0.030834443821196253,0.07969522985278256,0.04677928549981616,0.4043170928627531,0.18979460091717273,0.08202606460372196,0.028993270613424316,0.01560321031320925,0.09148479404495678,193,False
349,0.04252985855766255,0.016115288057467078,0.07503809963241456,0.053395096384534144,0.3866109263665754,0.1999548479134985,0.09076299019166825,0.026240516197688902,0.020970354774822206,0.08838202192366847,193,False
350,0.022023500429352784,0.011995235481282243,0.06591734108730872,0.036076102279223574,0.4010775610011862,0.2074680007260684,0.10200663941967199,0.01820535470301862,0.01503217571975609,0.12019808915313143,139,False
351,0.04132901277769715,0.010384982707821093,0.0773779012742931,0.045703121954766196,0.4002837455125154,0.19776969750061874,0.08494173580590436,0.03279987265024038,0.017205434533809256,0.0922044952823342,193,False
352,0.014203957226331042,0.022074608980496825,0.0870754465267206,0.007995617424475118,0.42271346568808416,0.1932199532931428,0.09169211852313246,0.02081758102642635,0.041779127665821016,0.09842812364536963,193,False
353,0.02627450697405027,0.02314883185498339,0.07544062491768594,0.04398484389322933,0.40418096911849083,0.1986840130780683,0.06836242285529928,0.04434476588948061,0.015249767473191402,0.10032925394552067,193,False
354,0.03599788991743456,0.03213736488885582,0.07185816811114426,0.03008745143502282,0.3927972079726803,0.19091346433329545,0.09322450548380902,0.026332726939465808,0.0355148721476539,0.09113634877063805,193,False
355,0.03682748962454639,0.02871974802349344,0.07893532160092376,0.025099874545292163,0.3878743034869209,0.18655442132726652,0.08116061151911738,0.04137456727350456,0.041941998036700075,0.09151166456223472,193,False
356,0.02565070477678294,0.02143721463817201,0.05395573853213439,0.021599066540094473,0.4037665707198236,0.2059953771693334,0.07330440313330057,0.05677315923698265,0.016077920519182116,0.12143984473419381,139,False
357,0.026343753215437235,0.03165463768482329,0.09678753529648439,0.04850318592370719,0.407248202036798,0.1722882960427463,0.07412601202604019,0.024930295045906416,0.02184228620851688,0.09627579651954006,193,False
358,0.036362075034669955,0.04806197491570875,0.07954420689011608,0.04075003238013133,0.38775161925314533,0.19114165592557883,0.053614285114686924,0.026737538251840158,0.03922281319818984,0.09681379903593282,193,False
359,0.01927254963313234,0.024394154821682612,0.07809686542981081,0.03818576479746434,0.4159656120162748,0.1976352859274794,0.06371879405932376,0.03706192968092626,0.029870862746856817,0.09579818088704885,193,False
360,0.028876564983666975,0.019294865073602025,0.0765022092469103,0.04415468635183934,0.4011241174543569,0.2007760216622656,0.06931843599164868,0.03687739088947027,0.023540061171488075,0.09953564717475186,193,False
361,0.031160680103499695,0.02662853288232606,0.09330691873828967,0.03530370068133424,0.3984426937844344,0.20870459540125136,0.0730794051671068,0.008124153034323274,0.025442801063129898,0.09980651914430456,193,False
362,0.02975710696111468,0.04033643091744884,0.09725902292066271,0.0520718819254181,0.35950768536255895,0.17585753254955933,0.0848775929211267,0.018231132267532073,0.05148483585545721,0.09061677831912154,225,False
363,0.015941765013126413,0.035814851609448924,0.0818577531194229,0.03644114984896444,0.39588339098768704,0.18282472532421257,0.08425804840434348,0.022714281024753775,0.026174968082924664,0.11808906658511586,139,False
364,0.04396444327507593,0.034658334575103394,0.07895824063158272,0.038294907631296386,0.3995269006219122,0.20561623401548354,0.06874222095736414,0.0125581532983532,0.02499025934370282,0.09269030565012575,193,False
365,0.04350361000080861,0.03412903131661794,0.07083200111658863,0.05149774485234499,0.3780483927245989,0.2004567465923403,0.07238797346225063,0.03161093380246795,0.019610752315710106,0.0979228138162719,193,False
366,0.03887989296395458,0.024242011596109177,0.04227516381120604,0.04168931473613488,0.3960952312129788,0.21520590116560298,0.08412529102510194,0.02216588938279626,0.028131461172588516,0.10718984293352671,139,False
367,0.04067154398226995,0.02578978623280101,0.06553781199467598,0.028419747667391415,0.42830748102025373,0.19447680109952908,0.06602648526789906,0.02745493340776069,0.021365090214976533,0.10195031911244254,193,False
368,0.032968620629785936,0.031119674510862647,0.06321472773021024,0.035903529946147365,0.3964732506477937,0.2037131500726555,0.08209863935751556,0.020327372336699494,0.01248625072831889,0.12169478404001086,139,False
369,0.04397268137700822,0.009287043054048151,0.08453379617853231,0.04244390493965607,0.42749802247871677,0.19646826318307242,0.09387411058004011,0.011843432362420303,0.029584670442458272,0.060494075404047436,193,False
370,0.033805962276034066,0.036067033006517375,0.07187323126959601,0.04382094948093615,0.3843308230624459,0.21201057985757502,0.08401838686261016,0.01968429850834716,0.009911720091266327,0.10447701558467165,193,False
371,0.019686188168869294,0.033354716484797535,0.08691884994346283,0.04605894614606116,0.40177349566984,0.19863043150836712,0.0662126684070499,0.009013888420617644,0.04165916661865832,0.09669164863227622,133,False
372,0.03365128953950994,0.033000315519828856,0.08957918486799903,0.03394118660453044,0.4013140391883807,0.1931226025273771,0.059607494875561495,0.029838217730004415,0.03969089968794054,0.08625476945886736,193,False
373,0.04395744566759452,0.03336668926276117,0.06552834606224002,0.044496614758646,0.39614602094711093,0.1824338468768283,0.06463770704811626,0.023209546524893553,0.04471639843925516,0.10150738441255411,288,False
374,0.022492176431928135,0.043799059604022625,0.10604777641522992,0.04172319490004151,0.3972741191001821,0.19739591317623445,0.05174867236534171,0.026665865737542014,0.0,0.11285322226947747,170,False
375,0.03469033183171366,0.016313468089928288,0.0924513073787717,0.0402609692375063,0.38445229095502065,0.21774004537622813,0.0526470493366792,0.023994037746433456,0.041492875736605386,0.09595762431111331,264,False
376,0.04148181959858026,0.023615491374585146,0.09201132252541869,0.028845130416628176,0.39065822968962677,0.19492642202552452,0.07426565969344527,0.04787970912850061,0.023775833978631557,0.08254038156905903,193,True
377,0.04343621418741748,0.02565648636954943,0.07424896291106178,0.05867011605848604,0.39097583157930765,0.19033957029815768,0.08824066099838675,0.02766568038158124,0.008909611004440732,0.09185686621161118,193,False
378,0.026353972504321126,0.02742284148000415,0.07146309104455568,0.04694253637385613,0.40994525364523454,0.1988042254626307,0.06814014956505343,0.031668833059619844,0.02304999773635063,0.09620909912837376,193,False
379,0.028413809863925873,0.024932145394137916,0.07533699692887295,0.03233859814590562,0.4176175433569217,0.20450953691470436,0.07994625344682052,0.028126410158446493,0.019406882693014625,0.08937182309725009,193,False
380,0.023900190640243284,0.027406858887667356,0.07043192472532929,0.05702640439886542,0.3974881343488804,0.20273233532901944,0.0656804206109579,0.019888427644088758,0.04374022723914758,0.0917050761758006,193,False
381,0.0320739493612817,0.027964317655044323,0.08167748633117947,0.03345787445740217,0.4103728676367043,0.2019953965789931,0.09211530250321831,0.02793896761659854,0.007879572194073746,0.08452426566550435,193,False
382,0.047925941765925774,0.03937787753945915,0.0833015849702388,0.055124025204671225,0.37372097352176115,0.17953504462867095,0.07454773250384199,0.03004084267134973,0.027359796320456754,0.08906618087362451,193,False
383,0.057761324027322945,0.054596789810287955,0.07066453375014667,0.02425537366908785,0.36558332906350727,0.14529664408310633,0.0757137843641078,0.02733624222981624,0.06567856529991387,0.11311341370270304,288,False
384,0.04129136574895353,0.031124423115158454,0.06692093507616388,0.0273726248458668,0.40606196394102306,0.19741019460231393,0.073453981489213,0.03697926765541196,0.021789536630236053,0.09759570689565923,193,False
385,0.05146448963285966,0.02907674416163279,0.0835531836318474,0.05285600284843373,0.36975081271084087,0.16867979153848145,0.07303164798045454,0.018491194072638287,0.051628154890837434,0.10146797853197408,288,False
386,0.020313007041242257,0.0506678038134448,0.0871028232679364,0.04197469834061432,0.3888244730923758,0.18155136264130842,0.07290349901706691,0.04104835924454669,0.025138510813930207,0.09047546272753436,193,False
387,0.05587608834281072,0.03874582956801665,0.07143145360665118,0.03377303568165864,0.38241433235832506,0.17104221459267138,0.07442483845973157,0.02735812028383091,0.05412855822887487,0.09080552887742908,288,False
388,0.03039128326031258,0.03853448136334754,0.08585143058195098,0.04376116715474404,0.37537769724428294,0.17365526230588885,0.08084058134223665,0.022091705172697998,0.05631135848741043,0.09318503308712793,288,False
389,0.035182614784403425,0.04051111873065566,0.07841161369059085,0.033704119977122936,0.3930007459424563,0.19751641219145252,0.0661667165151732,0.018002272599138135,0.03403479630967649,0.10346958925933061,225,False
390,0.04052141195616805,0.05296010011571434,0.07795729144645443,0.036491116293866845,0.38665559384100895,0.1638693229057528,0.07760756542129145,0.0023576375832779855,0.047000316953171764,0.1145796434832934,288,False
391,0.04482264037964993,0.046146911990582344,0.08590716627839134,0.04243841270069598,0.38111371836484265,0.17598359071223688,0.06547177339490284,0.016764198239687042,0.04964767787371561,0.0917039100652954,288,False
392,0.03660582727797814,0.029637043469248805,0.07683452128412217,0.03757310522462115,0.4156749126625292,0.17772951635403628,0.09522412559621968,0.006662716343918641,0.03034246326141154,0.09371576852591434,193,False
393,0.034619400258074196,0.03163169222487884,0.08629454930153557,0.03555978403201876,0.3903852918558878,0.19062746097595493,0.07732955000203463,0.03255993931898277,0.03705662170469174,0.08393571032594074,193,False
394,0.04453161974033182,0.05511539032744859,0.07513753579686219,0.04957053917271287,0.36108442859399065,0.16298646446733794,0.08451386810079858,0.013747858442467292,0.06023558840734488,0.09307670695070513,288,False
395,0.04603112713238038,0.026226686047605845,0.06343425264591761,0.017406566057532526,0.37617179959052205,0.22082504348562543,0.0552557603275656,0.031671547766487326,0.042147537481446215,0.12082967946491693,264,False
396,0.05908244789993351,0.036919262164765806,0.0961796242330346,0.03592140341763123,0.3777063414677281,0.16068385540481747,0.07110982688205365,0.008913666429597157,0.06381406324383267,0.08966950885660581,288,False
397,0.042486091717795715,0.012781436203329513,0.06284614740194203,0.03145560618893943,0.41898420548472354,0.23250616056274526,0.050734077685594056,0.0,0.0479624224781876,0.10024385227674283,264,False
398,0.03849405922205547,0.019539720315987812,0.056295427737084514,0.06403187690448665,0.38864512140453594,0.1902633055809102,0.08558236422191497,0.016562988093336554,0.0309193733184604,0.10966576320122742,193,False
399,0.053605861341449776,0.03418724183106737,0.06478017318906565,0.033986460013010124,0.3929787932636655,0.19052181676150923,0.09319202648604821,0.013516014609222327,0.02624780455871702,0.0969838079462447,193,False
400,0.056435664261996935,0.04803118212777035,0.08557773285257717,0.023652934068195908,0.3658411420018369,0.16414226718444033,0.08455655040068598,0.022346622488303117,0.04489013195042157,0.10452577266377186,288,False
401,0.035932871376628574,0.06350439621432194,0.08516942308882797,0.03909846353165239,0.37732661805158707,0.1716745022074169,0.06881541789742389,0.03193289605951336,0.04923332565036948,0.07731208592225836,288,True
402,0.03466012179511614,0.03194416227179409,0.08632029553217938,0.038698342034807896,0.4089538323492291,0.1942910852286473,0.07525137781576165,0.024316973312855945,0.019214899796194725,0.08634890986341383,193,False
403,0.028226389242846026,0.03769048780755866,0.08074333767110863,0.03697983104566955,0.3993981132064618,0.19683164948100026,0.06770932685758495,0.03749327810748002,0.014712232866877858,0.10021535371341234,193,False
404,0.03427351180218945,0.03101152047086686,0.09153228174123892,0.01992257772716377,0.39634883501612117,0.21915178660818543,0.055628409770911345,0.03069558804632562,0.04025187262738268,0.08118361618961478,193,False
405,0.03730211575586396,0.040644680721595446,0.0928335224037125,0.048916000892099964,0.3892491017877188,0.17657456922859657,0.07608328788398562,0.021699940899096975,0.03187617015422676,0.08482061027310334,288,False
406,0.050451785865792284,0.03478037863398253,0.09326645424050638,0.034124959943072075,0.3860223343431545,0.16118186255651565,0.06473283290440453,0.036261872520994165,0.04921248363839525,0.08996503535318254,288,True
407,0.03118209328609979,0.012044259704185593,0.08135674463324717,0.03580950108443328,0.3934579517277722,0.21812806458517028,0.05807118171127623,0.008736878853233501,0.0498889024829725,0.11132442193160944,264,False
408,0.04644144708721511,0.03123393766179455,0.07929009541358326,0.03321312374350836,0.38876339933538295,0.1919148520264331,0.07085032252969742,0.04119538724606613,0.019160859121259623,0.09793657583505953,193,True
409,0.05888255624452371,0.04018136349008276,0.08911828286042106,0.026054936718289966,0.363908789580588,0.1643396760523143,0.08400682817925778,0.019497911886830362,0.05862968128049372,0.09537997370719828,288,False
410,0.040086674954859146,0.04468522778376868,0.08253844472369715,0.047066373796361,0.3616963905729053,0.16558435518457482,0.07950586478824187,0.025483639907544625,0.05865553849357544,0.09469748979447179,288,False
411,0.05181827208904163,0.05272789670069182,0.07619095873329844,0.04513176246156712,0.3764143847786023,0.15675406478659187,0.07202391460396398,0.03659648786781786,0.052601461419028384,0.07974079655939657,288,True
412,0.04558387551947283,0.03155729631546429,0.08582349827354642,0.035177327334538114,0.4167073718003918,0.19192162596470846,0.07428906720752916,0.008900987014984872,0.02120414081944302,0.08883480974992108,193,False
413,0.04060426749944547,0.036040958916092526,0.09068746852158596,0.04357537662590592,0.38185448532059263,0.17476421419227536,0.0599158728089047,0.021093150432115796,0.05316989021595855,0.09829431546712303,288,False
414,0.025694732745810828,0.03419301802491135,0.08187735050270782,0.028514538306553965,0.38019770327104824,0.19228465935500835,0.0948008263817935,0.013269984065621751,0.02110784027114467,0.12805934707539954,139,False
415,0.02919156866662347,0.025382151620077655,0.1012647938835586,0.0413148257933385,0.40651947382840165,0.16194796933270458,0.0712314685845997,0.00021330572914306174,0.07867514214622894,0.08425930041532378,288,False
416,0.05630969001507289,0.031887310014883936,0.07798590333171003,0.026421556493212636,0.3618934360498092,0.16698539973853754,0.08573519822952771,0.032386436787663474,0.07330930338180931,0.0870857659577733,288,False
417,0.04993779821783279,0.021321413769098678,0.10332542479363979,0.02890252740763703,0.3715580638036153,0.19613486612097553,0.06457539393438522,0.02985079610709768,0.03228120523706752,0.10211251060865054,225,False
418,0.03930058858334283,0.038652443511495514,0.07886820359951378,0.05805305869314339,0.3798892755842679,0.17763638009331262,0.06993667262129803,0.02519826448165613,0.04474528273557217,0.08771983009639758,288,False
419,0.0451003913777429,0.0413407995856787,0.07964289795754721,0.04467234215126909,0.37545495695781206,0.16234025424965937,0.087895108668513,0.026292174860139777,0.03927833780997587,0.09798273638166209,288,False
420,0.029045594078229448,0.047928327851250604,0.0967307482586005,0.03721366734231419,0.34729836699362526,0.17038512406809472,0.09091230525614774,0.020672152126921636,0.05915007310829572,0.1006636409165201,288,False
421,0.054208128893529155,0.03965837084368065,0.068942179751416,0.02324090891490827,0.3581627840826357,0.20806518144259345,0.06286378745233741,0.02951507783146043,0.047642577300740556,0.10770100348669828,281,False
422,0.04207436290254743,0.030499167782657592,0.09188664155290158,0.03514297451740702,0.39360916116296324,0.16400012662812868,0.07397015291707479,0.015118871571780622,0.03783840539077339,0.11586013557376566,288,False
423,0.04575970283400984,0.03859508497901999,0.07439513683659045,0.05244680172508093,0.3923304364179593,0.1702545712498447,0.07705148526664989,0.021510115494691256,0.03972689160143613,0.08792977359471732,288,False
424,0.044266841182109586,0.049702408384200224,0.0914641461554081,0.049414118196120384,0.3661270695462676,0.16071516184273243,0.07433184720439016,0.010176866213264513,0.05812487133252427,0.09567666994298257,288,False
425,0.03603127780919451,0.04769562099786893,0.11288970102180204,0.02574549977330923,0.37071771772254475,0.1533999178442206,0.06905733647747546,0.028258598024045713,0.0590335116624855,0.09717081866705342,288,False
426,0.06393024304096664,0.02610582961956273,0.06887448374239558,0.05962402352865812,0.3790977335236287,0.15972208109673608,0.0785275484508367,0.01211880984776157,0.049176175073713684,0.10282307207574011,288,False
427,0.04254144132388996,0.035249973091247076,0.09024688382377312,0.040046095482426755,0.3978817722718853,0.18325357044330992,0.05964288135460096,0.023698233621534143,0.0234375899800923,0.1040015586072406,193,False
428,0.05327601077290422,0.022982849805263703,0.0738999625674385,0.032166526484022975,0.3693902850181267,0.19881785777563565,0.06949255971329903,0.013996929748741782,0.05907682030497313,0.10690019780959416,264,False
429,0.02059818647781504,0.051981815091733254,0.06662285696276886,0.02756213133750323,0.4227393653673602,0.1938057887307344,0.08567732419755529,0.0019953991188306278,0.03690260064740569,0.09211453206829351,288,False
430,0.03599573392512685,0.05274412266848949,0.08715261541658892,0.02637195201511506,0.3655725208689885,0.16838225873886736,0.08369556981432665,0.028026880056294837,0.05409351879031328,0.09796482770588899,288,False
431,0.0338554705204746,0.03431392499639702,0.084259357431107,0.030862135960875878,0.40166999322152924,0.16595222967000822,0.06961610967739379,0.0016168517551611269,0.05868780943188765,0.1191661173351655,288,False
432,0.039709033703601515,0.03410578348121774,0.08012082202312017,0.04662735119855047,0.41373182724613133,0.15787702298951253,0.06655876898135608,0.021964582169199606,0.04480006326622481,0.09450474494108566,288,False
433,0.04149321978820465,0.04843102301561231,0.10299585354647865,0.027947426749175653,0.36091448776714696,0.16113470584192235,0.06844158424179143,0.0479696890663985,0.055201633919427104,0.08547037606384243,288,True
434,0.05771213202892326,0.03284391214640571,0.08203329830480231,0.05052810906087574,0.37727170573884805,0.15659413252693177,0.08094998270447272,0.022179137419111417,0.05545525513468804,0.08443233493494096,288,False
435,0.04311936910512259,0.05234826070099501,0.08899214781064166,0.0438141680850736,0.376043345263165,0.14897463552043774,0.07591305921908893,0.030844898761319163,0.05225869466145488,0.08769142087270133,288,True
436,0.051767907214838225,0.031093017158437923,0.08345379724861558,0.04049127350558691,0.3858412139475363,0.15599836630023461,0.07183207485183493,0.02194413400146678,0.053688327022607375,0.10388988874884146,288,False
437,0.03966957449152121,0.044693766809557375,0.06753941225589584,0.046674948825728126,0.3648377527528317,0.20127321382474692,0.06292530795562316,0.02237584841681068,0.03888699883773828,0.1111231758295467,225,False
438,0.03958869303911244,0.035119793147216666,0.07784815416017961,0.044498768581778314,0.40208604183356633,0.16046699508812234,0.06706195952952405,0.01824622518504594,0.06003370714762985,0.09504966228782456,288,False
439,0.03621611415646196,0.03284469080317862,0.0706507970606054,0.03111302999116012,0.3924503267608954,0.17869554090171957,0.08080236571027787,0.007645997558823238,0.06548427822405545,0.10409685883282235,288,False
440,0.03559081258735847,0.029649733934924073,0.07116280082726054,0.0617246564302839,0.4071157064299439,0.19259330720236822,0.06960070495930694,0.0259283267344781,0.01971526235156403,0.08691868854251197,193,False
441,0.06260730463378761,0.05184184322428314,0.058965640210309075,0.027387611864559923,0.3637502338134368,0.14896560558292182,0.08327944148397123,0.025386735353439136,0.06735367862870306,0.11046190520458826,383,False
442,0.03993773864946988,0.03239085885394109,0.07569057978910547,0.04557633301977059,0.36802180587780686,0.16828395514339375,0.08004264443535275,0.020790500302289933,0.05852683944179489,0.11073874448707466,288,False
443,0.039341602174408,0.0,0.058123125685760245,0.04830071860770446,0.3962821684566365,0.21454115510168983,0.04690911528327988,0.041491122896731264,0.058713860134708314,0.09629713165908158,264,True
444,0.042694675352543295,0.04055168928432406,0.09499247384446223,0.028766614674351845,0.38495821852742923,0.16038519581273813,0.07620583762300037,0.02912972600350692,0.03852414595986666,0.10379142291777727,288,False
445,0.04516662515720942,0.04636528407268555,0.09947346593025713,0.045289502104987285,0.3752416902175564,0.1796781020628051,0.07664014827466024,0.012702359254996394,0.026921514116616353,0.0925213088082261,288,False
446,0.057355609614878525,0.01296547434811146,0.0785544645223547,0.03437874224355499,0.408011514310678,0.17186342210368466,0.07846537909880882,0.005792896493591533,0.050837676672842745,0.10177482059149456,288,False
447,0.045633327252817296,0.04193829241703516,0.09288051591354968,0.02808083294187951,0.3783351128820138,0.16008661049036496,0.07759246236163868,0.03621053054494479,0.05023327667024502,0.08900903852551113,288,False
448,0.03212967423111636,0.038815541258904074,0.09009523147341411,0.04341601416623014,0.3723767310397013,0.15684742693944195,0.07599046593545469,0.036864056728596155,0.05226315257342521,0.10120170565371606,288,True
449,0.04901902686909789,0.04308153346415162,0.06655638061370829,0.03134934560412432,0.39608633445267655,0.1980679058152727,0.07773471213398066,0.021318181245631063,0.01096651540229501,0.10582006439906198,193,False
450,0.031057655724408804,0.03586256060339998,0.0586374497349299,0.02313432718396055,0.39944053774355487,0.2069857539784512,0.06844149614944137,0.018204897896657503,0.056637491222227936,0.10159782976296788,281,False
451,0.049539163112985785,0.05047148069569499,0.07867778719372794,0.041705167606742574,0.3954917192854399,0.15965336355554124,0.0636138173480981,0.021818525234254756,0.04320041370318746,0.09582856226432734,288,False
452,0.03844207103953111,0.036081814335550924,0.07804338851234341,0.04179292724132548,0.3759524245861018,0.1646476252846789,0.07885827501327435,0.03829902297439004,0.06354215464850389,0.08434029636430024,288,True
453,0.047870330146623966,0.025363409590449183,0.09349683192920513,0.03151219186516493,0.3895506575338941,0.16432131891280624,0.07845181174134282,0.01844402198692302,0.048713550262756956,0.10227587603083352,288,False
454,0.048173637554322184,0.022234574501719798,0.05984312539684333,0.021744375052599414,0.3745203111328855,0.19648206596685064,0.07740308967527362,0.02327429849824452,0.052537486876708034,0.12378703534455301,281,False
455,0.04566031923415116,0.03641565589602118,0.0850215422399445,0.019464061550164103,0.3905141771802515,0.17892078422841978,0.07536524321745236,0.012934109770617937,0.058849175853803795,0.09685493082917376,288,False
456,0.022035937259300874,0.043403698239620425,0.08786006425247789,0.04807207749938294,0.3999407984481414,0.16862667783362448,0.07693463903126037,0.008278033069828158,0.048865362235654866,0.0959827121307087,288,False
457,0.047620356832215875,0.054926177937624956,0.081748853098258,0.023553821930954833,0.37149110346518116,0.14352490284494532,0.07857375998238214,0.02834931515181029,0.055494982892442375,0.11471672586418515,383,False
458,0.05253931405179504,0.04951244220481884,0.08459390514006543,0.03670473605909703,0.36759137177586043,0.16350206944387297,0.0661774528172435,0.038875034337125434,0.04938259225580732,0.09112108191431413,288,True
459,0.04214580132829925,0.038890011800373596,0.07784463236184307,0.04332148835178339,0.3721372977322044,0.18061424467818216,0.06140461849917316,0.016843089265531016,0.06476959009143941,0.10202922589117049,288,False
460,0.04691994406181924,0.056607233572151854,0.06738765816439328,0.033526893148379915,0.3893932188734591,0.16063106963173304,0.07487461915911969,0.027526865649216303,0.05540407151273467,0.08772842622699303,288,False
461,0.05286575800018009,0.07731335302081563,0.06900125891713367,0.011952401765972245,0.37231309298563664,0.15526826042103656,0.07620314182105493,0.01950029664344004,0.06402917083249722,0.10155326559223296,383,False
462,0.043121020088211254,0.029708033157062982,0.06936286996183752,0.042460169543060006,0.40071522252128694,0.1611863602305834,0.07148480117213113,0.012595263719930498,0.06437789075969433,0.10498836884620204,288,False
463,0.03883242351863693,0.043529996082501424,0.06918021242090654,0.04898368045396948,0.38383249483490256,0.163812666811316,0.07628348275358325,0.01659074600204024,0.05816514938637761,0.10078914773576593,288,False
464,0.02827284266835589,0.04223650824518895,0.08990536758483068,0.020633425764152755,0.40423101150694424,0.16443682372260982,0.09918572491922814,0.017934788402772957,0.037711252166399124,0.09545225501951743,288,False
465,0.03763341870112704,0.04528696303894477,0.08077520312757228,0.03636319707436739,0.37323740387237275,0.15460521537256894,0.08251532207259878,0.030278929971645503,0.06321591650773487,0.0960884302610676,288,False
466,0.042541208869232856,0.0379952027964955,0.08654709428366816,0.06665132860090718,0.3485726609495874,0.1643034216281059,0.07333336420300823,0.028341184321150133,0.04465132672621442,0.10706320762163028,288,False
467,0.034396962444400166,0.04178973511470497,0.09051222040663512,0.06038195779549196,0.36780115689954496,0.16029962138555873,0.07661971156890558,0.025934345669829568,0.048700173798088525,0.09356411491684023,288,False
468,0.04156198687891019,0.04752440610563941,0.08572601023305923,0.037190293951129064,0.38058027058716976,0.16045795635130658,0.07861805119864533,0.01689600666019201,0.0571095462205079,0.09433547181344028,288,False
469,0.059046289778872656,0.02480272826975657,0.0830420139852301,0.03961392109033992,0.38357112258135434,0.17638844521298033,0.0689526017329379,0.01839987589141656,0.04937811579207878,0.09680488566503291,288,False
470,0.04771398147442224,0.046520831550089646,0.08851705399076502,0.036058025488131674,0.38129471512806035,0.1780315265027553,0.06726147616875386,0.01136936314393126,0.06011846250140148,0.08311456405168924,288,False
471,0.02328070774582533,0.03393926509288229,0.07534339691635593,0.028101339050868906,0.3889593815458602,0.19404217799045706,0.09310080130832954,0.009513853057863184,0.04884634971511731,0.10487272757644023,288,False
472,0.0440913518463935,0.05232047049020724,0.07648038491495562,0.034676372472861344,0.3667013324253129,0.1708431786243638,0.06474960408011339,0.027508178597196276,0.05950831006307372,0.10312081648552232,288,False
473,0.052224955713828486,0.028336530165532687,0.0886101156922097,0.057914026952136446,0.37077097795477176,0.16944099134365312,0.08330278023939897,0.011914368657115376,0.044396795804834306,0.0930884574765192,288,False
474,0.035010722089992306,0.018747757177127407,0.06402673587432967,0.04197693133514701,0.39122731836833197,0.19131739378170942,0.07608302316625226,0.012234393388286654,0.05176287729432668,0.11761284752449654,281,False
475,0.023906134894139952,0.05044864076424315,0.07850818322662029,0.050228557358358385,0.40001465745757037,0.16786601795834338,0.08196749610663204,0.010734629201443954,0.0475297226739,0.08879596035874851,288,False
476,0.044465277227597994,0.05650408047635109,0.0844422270962116,0.04187924639503381,0.36205950534363424,0.17228380452218434,0.06430110024951546,0.009799745389016519,0.05432127585170036,0.10994373744875453,288,False
477,0.04248980255511549,0.05680441476635787,0.09684767519957373,0.0051073272092867945,0.3671004335917631,0.19347793040876554,0.07362439214534515,0.00443205688809888,0.053507695858325155,0.10660827137736828,281,False
478,0.043722778738679614,0.050935955478862524,0.07853634071480142,0.040542356364419795,0.39103060017814395,0.17246214946582544,0.07648286813065908,0.01889450611496492,0.040461548150912935,0.08693089666273035,288,False
479,0.05313126549320694,0.01955135799725964,0.05871342252537604,0.043534357169179985,0.3954349878257629,0.21526574265230156,0.04557709394506583,0.01195141113632475,0.05080926597391835,0.10603109528160397,264,False
480,0.05490702795480074,0.031587354484396854,0.09055445825337476,0.05548864714196194,0.37651772901941105,0.1559114020641817,0.07485374274987275,0.0,0.05861038322760922,0.10156925510439073,288,False
481,0.04556456304238961,0.03310666373516105,0.07870980808670251,0.051490243542967114,0.37580540737970414,0.16616959841805326,0.06657765446325918,0.0344243568994327,0.044480058261517005,0.10367164617081345,288,True
482,0.020574358681729316,0.029336634767373793,0.0785246299583873,0.04317399693430672,0.42150037349907354,0.19235863577539547,0.07343118529524036,0.036420741297506366,0.01054373808684708,0.09413570570414012,193,False
483,0.04816904624093396,0.033711036783174095,0.08537912034527947,0.0628034568254174,0.3842495821493096,0.16215501699064475,0.06452974503577788,0.025431442258465133,0.02637644010828075,0.10719511326271691,288,False
484,0.03883164853177176,0.009434339267545595,0.07808767888010092,0.03428389120859513,0.3945090081710226,0.20834312483850637,0.04794477459080094,0.025744351124942857,0.0472100402536931,0.11561114313302073,264,False
485,0.038475183377085054,0.04284409094143135,0.0760376537462368,0.04288302703784567,0.3832151785291681,0.16447749379932247,0.0753595688689734,0.014733528560123239,0.052353498889897064,0.10962077624991691,288,False
486,0.04268104279282042,0.04821292979374878,0.0751703830644862,0.0499320142737449,0.37328911756942,0.1547452408739919,0.07626051793747736,0.02125864041980943,0.060027456103574614,0.09842265717092644,288,False
487,0.04350230946317267,0.014427073274686113,0.05604913686511167,0.009127886011860556,0.42766796056554246,0.22094434230646104,0.05761147631375213,0.0508497522393962,0.03620981916252768,0.08361024379748952,279,False
488,0.03544324965196029,0.02957752982111218,0.0762091410709868,0.05112042094176716,0.39399106006256,0.18955015236279335,0.07421879106806568,0.02118261926646432,0.03948077776159623,0.08922625799269386,334,False
489,0.028457376892796437,0.025200481225268558,0.08768973642107336,0.026245354234985356,0.40068665066895987,0.19401598396412403,0.06862721038848053,0.03204261201341012,0.046681006959780544,0.0903535872311212,355,False
490,0.02133019528703808,0.026718786234497194,0.051459156872804265,0.04488239748468187,0.4126772398860628,0.21079605735105972,0.05834713611451773,0.04005072001188199,0.04915633727236148,0.08458197348509498,229,False
491,0.03287032539400896,0.04801791728411289,0.10433556099236145,0.016776229699161684,0.3726578379341158,0.17159349105093782,0.07400985275639296,0.04056291381796246,0.048738547953358635,0.09043732311758731,433,False
492,0.05027886604300454,0.04210086107339656,0.08052450226263848,0.053786540020098354,0.394465452959276,0.15401665222486147,0.08096962159447665,0.00679527694026592,0.04522772114820839,0.09183450573377357,288,False
493,0.047267493711623025,0.03237821103455771,0.04250028370012952,0.043429288164942646,0.37940369818949204,0.1813796691636568,0.10062154686599262,0.028309223116614362,0.03270286511095202,0.11200772094203915,251,False
494,0.04115609954498763,0.04087676363924291,0.08782932582563549,0.04887016843438797,0.35664069211783817,0.16174353918447962,0.0654814449910637,0.05414931667681028,0.07110049387648262,0.0721521557090716,433,True
495,0.040833583846489274,0.02541731700574793,0.07902699382442849,0.04711737539873308,0.38772927732522294,0.1855073812593999,0.08137360683989207,0.024372493606385937,0.0344823358798318,0.09413963501386874,193,False
496,0.0571388217879244,0.07400188497910379,0.06528153993341765,0.0313109379166667,0.3793734160207157,0.14555845005264342,0.05869884657057738,0.016299320598637104,0.055083942251710434,0.11725283988860331,383,False
497,0.03001733991454236,0.038728980283855574,0.0872450550636801,0.05236637346253392,0.3960823522230957,0.17448973917146257,0.07397701146263856,0.029022096702829594,0.03805145800154052,0.08001959371382111,288,False
498,0.035393545134823574,0.047444857839462735,0.08888356703618416,0.04742439252677918,0.37499590653575443,0.17280563512051006,0.06565277788186918,0.010156917793202387,0.0645682534295188,0.09267414670189542,288,False
499,0.03790971696870131,0.0358000917199381,0.08143845245553342,0.034830052643020984,0.37661347785147153,0.1896060406166236,0.09159707471986776,0.02634279930581042,0.04097549709917615,0.08488679661985664,355,False
