ID,strat_res0,strat_res1,strat_res2,strat_res3,strat_res4,strat_res5,strat_res6,strat_res7,strat_res8,strat_res9,ancestor,alive_at_end
0,0.02815258241958017,0.022424064479273895,0.3020735901975259,0.000794550109301049,0.07074040978495386,0.04071389562956423,0.1245048605346673,0.1262133518381777,0.11533458631047534,0.16904810869648051,0,False
1,0.03006547799368019,0.008715951791363922,0.3187543349214183,0.003455046293917309,0.07030803540650257,0.038173238766285936,0.11732951492098327,0.11335500380841314,0.1143378607644875,0.18550553533294792,0,False
2,0.03680682613702494,0.0015550678596432908,0.2981913611752068,0.020986816101040424,0.06997867235404426,0.04611601895965308,0.11330761476482408,0.12469373776825755,0.10648550775391641,0.1818783771263892,1,False
3,0.05274462275507871,0.009141714393771927,0.300743034905947,0.021187499541133126,0.06113722535476414,0.0367402986602147,0.11129164145656781,0.11968926154921626,0.10646945130170084,0.1808552500816055,2,False
4,0.05163900217104989,0.0,0.3259546475779588,0.014050486513292939,0.0625520704214686,0.029733403750639403,0.12470325169605309,0.12049067711669052,0.09533874728737196,0.17553771346547484,2,False
5,0.05108904458954248,0.0,0.3077114049727675,0.014503962749316056,0.05806990933757438,0.03636883278651852,0.11129538168107674,0.13985500066657466,0.09364149756370618,0.1874649656529235,3,False
6,0.019181250220472602,0.009330957683672784,0.31239305043716337,0.012589802288528807,0.08104472620554933,0.02949010132277621,0.13381208206149742,0.11401289424482328,0.11046825476647534,0.17767688076904095,1,False
7,0.03296780989013112,0.0,0.30573257242843466,0.017334676884775375,0.0884189098535667,0.05334137340633804,0.10189559557065019,0.12883371468887903,0.09896529920642506,0.1725100480707999,2,False
8,0.06482150628326691,0.026009089408620286,0.2985159245197648,0.00702289419411277,0.03920431004249913,0.05288189665868102,0.10100046500315872,0.11217967682856668,0.11825996617830108,0.18010427088302852,3,False
9,0.04398426189384116,0.0020926458956637565,0.2726782169781795,0.016099622664387993,0.07896893008203922,0.050271884602373966,0.12383619526117516,0.1018197901997543,0.11040633836081765,0.1998421140617673,3,False
10,0.06895181249279747,0.03568897162391627,0.3202519351797086,0.004506885428189586,0.029729354832836,0.057222364442876865,0.08531734869803861,0.1308196263091197,0.09786397407231688,0.16964772692019986,8,False
11,0.03312140604055759,0.0,0.2798323014553265,0.01867451771965505,0.08700117549732156,0.04398759642373315,0.1279879719635948,0.10443507107458792,0.0955802208851793,0.2093797389400442,9,False
12,0.049355581240131646,0.0,0.2981795733171955,0.0016051865547491446,0.07624559285900992,0.03753504346745972,0.09336952453479457,0.139543351414425,0.10956109303734415,0.1946050535748904,5,False
13,0.01439571134320343,0.01883378920628388,0.31882154876343555,0.009135615352415338,0.0856298373813922,0.03208077954196197,0.11974591577195354,0.11727278657610073,0.11210134610398549,0.1719826699592679,6,False
14,0.04924947568153621,0.0,0.3029778754128506,0.014595172832320636,0.06653899445309741,0.03349022101888162,0.10460795715413844,0.13560604197131446,0.10279469270241441,0.19013956877344618,5,False
15,0.05974976519250908,0.005229822482044584,0.30018011313404697,9.828053447798033e-05,0.06153641439457928,0.029563768594115143,0.11242677366615689,0.12525781856883156,0.11166555624833102,0.19429168718490758,5,False
16,0.05196117460128087,0.007411870674918196,0.32380445490236104,0.01652728625987478,0.06338260590986042,0.03455544919581958,0.1229733957951308,0.1055630217238642,0.10057395963001323,0.17324678130687698,4,False
17,0.04503870150000769,0.0003423718442167086,0.30550592905989765,0.00863560004118221,0.061099490210180143,0.04268035313253423,0.12342315878894031,0.10605114665441631,0.11881865062688275,0.18840459814174187,1,False
18,0.04542385723209416,0.018916342847317736,0.32161580607899265,0.008085365563222991,0.05217857502138149,0.022076205523951654,0.1362366274913562,0.12422568698679261,0.08826458558975236,0.18297694766513814,4,False
19,0.02331851273974879,0.007335365786221619,0.28390536735627325,0.027478079853680816,0.06305513167860757,0.05043039012505305,0.13540179660793075,0.12128271150374953,0.10243789838121102,0.1853547459675237,2,False
20,0.019772898182861768,0.0,0.32522417149146127,0.00980436326301613,0.0939946848027232,0.029682821590189364,0.12873480343655583,0.1253836120488196,0.08829322795758066,0.17910941722679222,6,False
21,0.025014157306643994,0.025716453596724784,0.30852207124802516,0.0167193057015381,0.09581801249912084,0.03345533890026037,0.11154011524684072,0.10670157766543918,0.09284028210192277,0.18367268573348405,13,False
22,0.06622576060180345,0.019069006985844284,0.2867917483637878,0.030612821882262574,0.05403817457946595,0.0449686988618944,0.09425598547314441,0.11995746578758351,0.1042250076570537,0.17985532980715999,3,False
23,0.06092243265800788,0.02676186286150109,0.28922442477404947,0.0,0.04019034031134839,0.07057522310042479,0.10835759295819933,0.10465501044935072,0.11931686111502317,0.17999625177209533,8,False
24,0.036624548321451025,0.0,0.317919487634106,0.02340417708821521,0.0678137994010932,0.02747940308501668,0.1267624687114344,0.11602998441709915,0.10178282884666777,0.1821833024949166,4,False
25,0.0531641986543551,0.0013818050251525732,0.3066452098814744,0.017641091877399814,0.06278217219833929,0.03864814741061651,0.11763503532070559,0.10607975443799536,0.09581106649025717,0.20021151870370427,3,False
26,0.025155230450243413,0.0,0.32309025954904186,0.010570891473635708,0.07304023417982607,0.03200326171297353,0.10974505975885182,0.12536730678534197,0.12379691230506396,0.1772308437850217,1,False
27,0.06805163443034329,0.04128790466621104,0.2759128118461372,0.018447207094738755,0.04139334950091425,0.0551804690334439,0.08760916823486374,0.11266982433510386,0.1313951383777565,0.16805249248048737,8,False
28,0.01983716264036094,0.033741382200520545,0.30751883725066764,0.0,0.079424278385382,0.04350111740702513,0.1282540682884305,0.11344101531347142,0.10861156360751023,0.16567057490663153,0,False
29,0.016754111514490588,0.0,0.29512989246991095,0.01013853199101677,0.09063298514099692,0.04719797692951444,0.1370765670075825,0.08782813831673403,0.0978047482835013,0.2174370483462526,11,False
30,0.045040345855294206,0.033042138235730094,0.30784769941743106,0.004791968974696687,0.04301966847856338,0.04973385737402983,0.11424962195250005,0.10044118483107224,0.11536128172426215,0.1864722331564205,8,False
31,0.056388549710523365,0.012973402696570544,0.3220539859762198,0.01989357322788434,0.06922081897180554,0.03061210215761151,0.11586711104709527,0.11893455866975,0.09383487225706233,0.1602210252854773,4,False
32,0.05378732021516632,0.02666052787697645,0.3088498340015829,0.001309654385408997,0.03631012539252576,0.04232448648207828,0.10766966342913593,0.10725944213737494,0.13123747205317998,0.18459147402657058,8,False
33,0.07627292197129457,0.03905299137083481,0.29500762002813735,0.014056233291766996,0.03629159047589074,0.052027634082473614,0.09869237647081654,0.09327062944680209,0.12480484476161624,0.17052315810036694,8,False
34,0.02697273001071725,0.01845547562103413,0.29498828671319405,0.025430341486041362,0.07120316185303628,0.03797990957998862,0.09266120864442183,0.12162567111597097,0.11043959640174031,0.20024361857385525,3,False
35,0.05063120213367697,0.0,0.3173058445687579,0.018263817318062293,0.05102041337699566,0.024752724271968934,0.12250234309782149,0.13715633894389462,0.08909542192322324,0.18927189436559905,5,False
36,0.06714835691819952,0.02815710438059733,0.320733901739426,0.0058951016094521925,0.03730999733585526,0.04664413708940469,0.0934086166985021,0.10350105449833492,0.11464330145308489,0.182558428277143,8,False
37,0.058536162591922763,0.007161154223632917,0.3254900748237807,0.004687453143688936,0.06226477789214946,0.029082788098885506,0.13462053655609543,0.11046191792553249,0.09640878536390443,0.17128634938040735,4,False
38,0.06244479071359684,0.0,0.31002428282777744,0.017090189358031607,0.07851693523974228,0.027506803683970675,0.11129096765579331,0.12336176297965212,0.10512829916139749,0.16463596838003838,4,False
39,0.054768399070876675,0.04016713860131291,0.32683119898925633,0.013815878313161181,0.039493139393571144,0.07422199536647624,0.07641085519833102,0.1186443686237519,0.09452860445294296,0.16111842199031967,10,False
40,0.008320889486703665,0.00939278927984584,0.3073669816733638,0.016336622666137578,0.08591574142427484,0.013795015001738554,0.13671548133074815,0.1211585444095268,0.11800294538446046,0.18299498934320033,6,False
41,0.07340189694659624,0.011799783816499793,0.2941129490945098,0.022711360743420672,0.026452934442434902,0.07198642524273001,0.0915819352554343,0.10891158749889916,0.10829657621532061,0.19074455074415453,8,False
42,0.03820404177502354,0.021333526487078428,0.29604373357082664,0.0,0.08545151864104253,0.04571804525740953,0.13054799354647595,0.12521169973872395,0.10071158693547234,0.15677785404794706,0,False
43,0.05355658560698533,0.003931177627556902,0.2612035995858368,0.022143207947305534,0.06818644795559559,0.04758330156694258,0.11332717028775029,0.1123726138245894,0.12326240598180678,0.19443348961563078,9,False
44,0.049775344558345765,0.010187034141780188,0.29577184173458065,0.01782949139277837,0.05284961949457654,0.03658435541525752,0.11657940130967355,0.13585306027270425,0.09969490538742594,0.1848749462928772,5,False
45,0.0726079878296608,0.04730495252022199,0.3160108357494682,0.0,0.03367022601002394,0.07495028350324869,0.0837794579552961,0.11142055609119748,0.08613216976018766,0.1741235305806952,10,False
46,0.053629424203984706,0.0,0.33250997041268215,0.017501936027170525,0.061977675229943345,0.040254719695512246,0.13790258744698883,0.11992610571221163,0.08132057071035875,0.1549770105611477,4,False
47,0.0401937200639405,0.005843006094413734,0.29916495679692867,0.0,0.07929661425141228,0.0237751823767177,0.13421288658310754,0.13671058691490498,0.11479181623917026,0.16601123067940435,0,False
48,0.02805985170685378,0.0,0.29991007317575463,0.02219843353173886,0.07886050418197206,0.060576349566313165,0.11825175293270389,0.12241013015152553,0.09616275512524879,0.17357014962788947,7,False
49,0.05993099753044864,0.0,0.3347922173909198,0.004415420829169934,0.06956906698461408,0.024266333997608785,0.12775935876873915,0.13758547309628363,0.0894864291756168,0.15219470222659928,4,False
50,0.0294681518771656,0.005689411031282153,0.3117767191653515,0.0,0.05777170958378325,0.03773826570352056,0.12791313006655686,0.11643280419239646,0.12360721876548923,0.18960258961445442,0,False
51,0.0623775174974384,0.0393534456740847,0.3233818540038549,0.0,0.03560799565566388,0.04306317722424191,0.07616881788777483,0.13194317368079045,0.11443221325057668,0.17367180512557412,10,False
52,0.030416082351985365,0.0,0.292007021444131,0.025879494735996163,0.08636564752183805,0.04549540345205006,0.11402196384803782,0.12645203778586667,0.10255462971032542,0.17680771914976953,2,False
53,0.038547612968210215,0.0,0.2648707111084012,0.024359334263145512,0.07129236719245584,0.04728351093686942,0.1251820022912392,0.11192088203647398,0.09736990351871459,0.21917367568448998,9,False
54,0.05875547246110119,0.000805738586936582,0.3303234696792699,0.0018464028869540617,0.07093366617542038,0.03660382364487698,0.12208347078862654,0.11593546843405414,0.0820873896289812,0.18062509771377902,4,False
55,0.025512360474616726,0.015323946071283038,0.31943118234356876,0.0039038271206516743,0.07999860293156061,0.04947760044080572,0.097836415381335,0.13599067571035886,0.10764466436733398,0.16488072515848562,7,False
56,0.04594820320925669,0.005596204753253048,0.28278785707494125,0.0,0.07540450871935667,0.03405401949258978,0.1317691057563555,0.14895138538495428,0.11233372616561323,0.16315498944367957,0,False
57,0.07956529238343735,0.04065521292107374,0.31993806230375327,0.010225093937237226,0.046096306127060165,0.03907100501836932,0.09786617162515714,0.12998513462059194,0.08698671649015714,0.14961100457316262,10,False
58,0.053589097493773524,0.01573930979794149,0.30399846120503604,0.010404767044531478,0.05220847312046313,0.0499946492983979,0.09701643774382934,0.11072744003453466,0.11911795073772696,0.1872034135237654,8,False
59,0.08771648074927214,0.04229096280259216,0.33030320160806625,0.0,0.016670312281767557,0.026471341787886554,0.08864648507494614,0.1335446140801233,0.09587354072912245,0.17848306088622348,10,False
60,0.05260736130580298,0.04475936795431053,0.32304845762305645,0.0,0.019096883229284514,0.035115151673256795,0.10122343037635476,0.13488279793847538,0.10380476251982694,0.18546178737963176,10,False
61,0.049489252897901674,0.018267826536377423,0.2966829935413298,0.019375171232080067,0.058018644845085475,0.04823576795286115,0.0919511281290567,0.10293514583342603,0.1290628567523921,0.18598121227948952,8,False
62,0.05122997021269733,0.012621232909473203,0.28445750681059206,0.01038037288923098,0.055420195120909094,0.08415811308482336,0.11236988475939605,0.11828331561303079,0.10894175041948533,0.16213765818036188,8,False
63,0.06573421763023696,0.04292651843946407,0.2710963557164466,0.0,0.05769686969428612,0.07478408355607179,0.09922709293831637,0.11131373533608772,0.09732777436458141,0.17989335232450906,8,False
64,0.06427045138229587,0.0,0.3000845499247255,0.004448107159512331,0.04599426264828156,0.04470637446683883,0.11603555108473429,0.12161419245393484,0.10945532742348821,0.19339118345618855,3,False
65,0.0473229700079613,0.00797895368991303,0.29709284717443096,0.046198626109533264,0.06165976624897195,0.026533738482515442,0.11634898871745479,0.10943721881197363,0.10902442534600576,0.17840246541124005,3,False
66,0.07682858917373872,0.010818205807600387,0.31328575402423653,0.009124928445253701,0.05347723926458154,0.05052342565238568,0.09742303355310641,0.10667558150476288,0.11083576784436852,0.1710074747299656,8,False
67,0.07845860896231151,0.022124287082085935,0.301527351160386,0.0,0.0539685590319757,0.0475817786587001,0.09985661321173724,0.10743190908531208,0.13012503471872724,0.1589258580887641,8,False
68,0.05515848525342804,0.0287043206565432,0.31570356986622466,0.011032680764151993,0.04181833182465043,0.04438748944992224,0.087164700064645,0.12089665463365167,0.10783644909134107,0.18729731839544153,8,False
69,0.07016599043053093,0.036390075167447716,0.3278508440927345,0.0,0.04618908816147492,0.05458640433219426,0.0726102536512975,0.12569865254553036,0.10638801140401119,0.16012068021477865,10,False
70,0.027729710432229597,0.003513305411237348,0.3126198525492748,0.015029555360368181,0.08612848498419334,0.03837739558288451,0.1392109411174209,0.11564467955719063,0.09591372615084486,0.16583234885435588,6,False
71,0.07274521679872642,0.05680812578178887,0.3206584409310157,0.007766788349455705,0.024963051541669185,0.022065086826790373,0.08212004982330551,0.14042942254241444,0.09423055215808154,0.1782132652467523,10,False
72,0.07165498604992425,0.047987784319985634,0.3171887099613415,0.017208299844156894,0.0,0.07144989050949328,0.09298164744626745,0.09707201002978558,0.0823135209586162,0.2021431508804291,10,False
73,0.06317844158500233,0.028328692049989636,0.32221660566780524,0.0,0.04185186443394675,0.04768154413639245,0.09108999339218163,0.14162924601937413,0.09068738124301033,0.17333623147229754,10,False
74,0.061163110214072794,0.026800760573330383,0.32356784916565845,0.0,0.02462024683416464,0.06376948624188021,0.08116491422416541,0.1337851533836676,0.10050404902411027,0.1846244303389503,10,False
75,0.06925723976696234,0.02237977079689719,0.3197468022261075,0.009880256382764095,0.021886807260525006,0.052996848211451016,0.09231385627499193,0.13173776481462982,0.10802196470905172,0.1717786895566195,10,False
76,0.0607634011700141,0.04693444316383689,0.31407917648072586,0.004405227656152957,0.03352257360947064,0.04165318318664562,0.10031265149797926,0.1358432259202605,0.09337641025459084,0.16910970706032327,10,False
77,0.030742175541327438,0.029163298788863142,0.3048492952771979,0.0,0.06365289800728469,0.05148324457104025,0.1181161104260297,0.11927524987319679,0.1168787714069504,0.16583895610810984,0,False
78,0.06542088102917652,0.024262664455990495,0.33545137191670804,0.017369546236591964,0.015976914318701206,0.05422004820077212,0.07661721328435528,0.13044376597027796,0.0984257002445524,0.18181189434287404,10,False
79,0.06760977819359627,0.03237600291485294,0.3349775909234834,0.002011232925702083,0.025999156503028104,0.05667366810272785,0.08951618141195669,0.11543545912171466,0.10168108389922076,0.17371984600371718,10,False
80,0.0706962651432431,0.03620647685244433,0.3170716594062585,0.0017139136937571265,0.03105760333097554,0.06503077845505989,0.08178419544152828,0.1285733887364682,0.10086620376037223,0.1669995151798929,10,False
81,0.07874211919290011,0.03792915118372503,0.3159760846562858,0.004991592633089832,0.03110021744939759,0.06478632764632733,0.08778669347389027,0.12023211112715086,0.09487946507763541,0.16357623755959771,10,False
82,0.07282570830673468,0.04338987491458779,0.31229589036000477,0.006536295396603683,0.01864692918311351,0.046518797013719394,0.09466533129249073,0.13428251128523605,0.10163533721799807,0.16920332502951138,10,False
83,0.06390352170259472,0.03839513560741021,0.3104953084619319,0.004909514766157315,0.021173548230066275,0.06959214453440836,0.08436515536340362,0.12383402393362,0.1025218853998573,0.18080976200055035,10,False
84,0.06322066371072851,0.04201827517959502,0.2809678468727525,0.01900703856369462,0.03454908305254765,0.057809356738159186,0.09285387461922161,0.12695090510306034,0.1111773995265001,0.17144555663374056,8,False
85,0.07500592381781067,0.0326847512366353,0.32670797368632976,0.0,0.0295124074454011,0.0527508728549423,0.08771018605517256,0.11358690921398941,0.08871678710204764,0.19332418858767123,10,False
86,0.06773301541684872,0.02225975894823656,0.31633832393290806,0.009088268250488557,0.05168007328080072,0.031024751040103996,0.09881208492416849,0.10285603684196096,0.13212200661879103,0.16808568074569288,8,False
87,0.07671807402518376,0.043315701217964554,0.3354604788770269,0.007383824783861998,0.03735291000947234,0.05427686886902164,0.06420510868367062,0.12578279525150374,0.08882455130315918,0.16667968697913538,10,False
88,0.05357387998347533,0.027385841897326124,0.3109623984002795,0.017731606266035635,0.04185676887554239,0.04517696955722966,0.09968454995389103,0.10142254012782882,0.12575535641590532,0.17645008852248617,8,False
89,0.08823075819284576,0.02734620836537979,0.28796028788139244,0.003898360886275342,0.045216730570992875,0.05878682484772625,0.10991503875692202,0.10242351845137755,0.10339181595431247,0.1728304560927754,8,False
90,0.07139216992033898,0.04033228544172209,0.3090846750938705,0.005359016712903473,0.02664357605655366,0.04777812641922293,0.08218305606171561,0.1347963957261166,0.10255681092227291,0.17987388764528311,10,False
91,0.07713483901113473,0.030867851977573354,0.28209135662800167,0.022774059332989705,0.028061668686080888,0.05182505464398324,0.08714501507773305,0.11379094421795263,0.11953831133168588,0.1867708990928648,27,False
92,0.08033759976678562,0.02097601899105791,0.32754828513022016,0.014058025772323783,0.03362369560543852,0.0505637965263533,0.07755836601428942,0.13177628545567183,0.093991440540711,0.1695664861971484,10,False
93,0.06498375703250259,0.023032052302509622,0.33049188475676533,0.0035669167100248547,0.021593899163378515,0.0643302158945697,0.08879117029735188,0.14785831402614177,0.09644667735316896,0.1589051124635868,10,False
94,0.08001501984603605,0.03220861466488667,0.31333529580208724,0.005888925353177205,0.024872733509154008,0.05148279338696496,0.1186046982408586,0.1283521294010894,0.0923823245950318,0.15285746520071403,10,False
95,0.04152987964403471,0.029535962769883788,0.326093162879457,0.008629415665594213,0.052136103677640384,0.07039161097875057,0.06707971800080058,0.12206790728355145,0.1083203425829598,0.1742158965173274,39,False
96,0.07121914387925612,0.051496656800324024,0.3056870577037247,0.0,0.027425439889248966,0.07007606795003161,0.07025413688160172,0.12858686202811953,0.09981949169985302,0.1754351431678403,10,False
97,0.07739570894695809,0.03693831196021657,0.2880876788140134,0.022021795808284964,0.03935518499452951,0.057786213014786196,0.0642764513443155,0.1202086062989229,0.1292420920464572,0.16468795677151563,27,False
98,0.05991247941225843,0.05372723031574831,0.27885638420398967,0.017448542003210003,0.05106756515199779,0.06940580924905422,0.08166505055878538,0.11030432431549901,0.12170939550209509,0.15590321928736217,27,False
99,0.07090815112776998,0.05417383128973809,0.33197118382435836,0.0,0.03771456061598551,0.04329537105495512,0.08138078106043857,0.13196252864695443,0.09859191401926207,0.15000167836053788,10,False
100,0.07345493517367951,0.05081697074821183,0.3265196736256184,0.0,0.025030792709657294,0.0616298102816081,0.08557273302344523,0.11811267866146517,0.09985015845107546,0.15901224732523905,10,False
101,0.039200607526820065,0.023227466435033244,0.29241758276124663,0.026489165309365882,0.0712895609163907,0.017021715434317086,0.11751098544947458,0.12101545270733753,0.10066322115909408,0.1911642423009203,3,False
102,0.07254967181644245,0.05442567646705889,0.26347980301746626,0.0,0.05428285324971868,0.045327573663170556,0.07904802032275211,0.10420314039888835,0.13881891604909724,0.18786434501540547,27,False
103,0.059379968810704356,0.0424200185187781,0.3020201415308919,0.018111029164541204,0.00827661772317278,0.07483915596449865,0.08422887382628219,0.1415582631575584,0.09448838144182302,0.17467754986174933,10,False
104,0.07628414067325753,0.03864922372483322,0.2935825307568467,0.019112493841718245,0.0285701677397172,0.05689360535198323,0.08331438412307839,0.13349209141128274,0.10345020581105303,0.1666511565662297,10,False
105,0.082627855253059,0.03956699347921186,0.319475178116583,0.0,0.03193675712258111,0.057891784220699925,0.0729312768386676,0.14072838893475595,0.08564841187822354,0.169193354156218,10,False
106,0.08342929417000909,0.027795379908694705,0.28634160841196354,0.015848516592890223,0.037373124297879416,0.04144315522216861,0.09754114078270108,0.1090933000853471,0.14386940090971195,0.1572650796186343,27,False
107,0.08291142163991955,0.03463738599400295,0.3034300116316283,0.0,0.028331218303128538,0.05512260706292714,0.08889943938404204,0.14102540977263345,0.09383397980347398,0.17180852640824415,10,False
108,0.06838035519202117,0.037379864629901345,0.31142760435131334,0.0,0.043683788313116007,0.06879632876736104,0.09093221946307321,0.12293029310477029,0.10969090041571952,0.14677864576272398,10,False
109,0.0618065274219838,0.033075767362727104,0.24841919719017255,0.019534784714756327,0.054676894122765336,0.048949056804751645,0.09639724957622148,0.12432754184754595,0.13282689258485114,0.1799860883742247,27,False
110,0.06891152931626086,0.03497110215442146,0.26525941609119513,0.024946666282216857,0.04097372341382724,0.04812802994663202,0.07544172022263805,0.11646273753243959,0.142450151455134,0.18245492358523477,27,False
111,0.05449786135518952,0.030588000516679693,0.33580563595605367,0.0006052942769985252,0.04625233300973481,0.08355851602569826,0.07740932013311629,0.1216823390358433,0.08724305298381532,0.1623576467068706,39,False
112,0.0723799667085022,0.03634863582672348,0.29392061767829863,0.008517691971672792,0.03952773411089023,0.07064088315304655,0.09481053446981194,0.10533954105688502,0.1224070314265427,0.1561073635976264,8,False
113,0.07093751305769014,0.03589300154191473,0.2673759078476758,0.017360646228399654,0.051090143791122915,0.06457034503957894,0.09870362412879376,0.10832194347927745,0.11981438569353291,0.16593248919201373,27,False
114,0.05581061862916479,0.05876483586646637,0.28745687115717944,0.03771344625005598,0.026940151132193946,0.04828911637728976,0.10117181334794058,0.10083537588261403,0.12358401951889478,0.15943375183820027,27,False
115,0.07633965457674177,0.037634686939735686,0.3213194192566354,0.008932329175525255,0.03714297596234882,0.04105023218551751,0.0836685224344742,0.13001478170406486,0.09508197055348108,0.16881542721147538,10,False
116,0.07517453540968064,0.04412144200774547,0.323755486081854,0.0152419868708824,0.02263038992731234,0.051529134875758525,0.09058360225495563,0.1203158771407996,0.0982412808820947,0.1584062645489168,10,False
117,0.07631385985738587,0.03832833788738172,0.28818351211206855,0.0,0.026873281973300682,0.06681890085608377,0.08654663793125286,0.11433490015766928,0.12825816549699826,0.1743424037278589,27,False
118,0.06507090408654145,0.04748699926525483,0.32306861920110125,0.0,0.03452517935650319,0.05025615589683345,0.0783694934079812,0.13363560527013094,0.09328168098761906,0.17430536252803455,10,False
119,0.06433951404922156,0.027486633261159243,0.2900512235115976,0.020744295318114565,0.02442091607464234,0.05169930302820001,0.09126411520264852,0.10240080838864196,0.14499729211171,0.18259589905406418,33,False
120,0.07131477631824018,0.054061739811680096,0.26873055945143315,0.01938937873966915,0.04116645441716692,0.05104195679245094,0.09721784445605415,0.10575369026286399,0.12554450364733002,0.16577909610311126,27,False
121,0.08037176682013343,0.03582251439457461,0.3113871035463627,0.000546544126808552,0.0326338658498413,0.05302742147655771,0.08048363531455832,0.1318460086227917,0.11110760795012119,0.16277353189825047,10,False
122,0.06599768219966275,0.04351638771800466,0.2764613336111172,0.005458394407814711,0.059215972050466026,0.0312881860322429,0.09663293108554963,0.11151112268454237,0.14153661834907394,0.16838137186152588,27,False
123,0.08715582755605164,0.0016052952733169765,0.3037196847788916,0.02635640020870243,0.04196080306249489,0.057719010540869885,0.10584750235167904,0.11151884484921849,0.09838033762573803,0.16573629375303695,22,False
124,0.07387723532826738,0.03409722747836382,0.290726674336236,0.014635822896275389,0.044680483370572135,0.056698677562039605,0.10813110704951392,0.09535411993237981,0.12470154409573761,0.15709710795061427,33,False
125,0.05327088953564143,0.040157606233131575,0.2676924769352684,0.02902303180514904,0.028467589318638273,0.05304035812852117,0.09543280828269016,0.10633460174541294,0.14646587952112572,0.18011475849442132,27,False
126,0.0736639667819843,0.043822096301496916,0.282578857068464,0.004877122150308308,0.04904228895612216,0.07514056539805836,0.08340280099787532,0.11151162274324573,0.12437694767620851,0.15158373192623653,27,False
127,0.07620580357910842,0.03435817468420266,0.3150454587503715,0.021786051995226905,0.03236143092652843,0.046733022640482326,0.10424832248735154,0.11118689351809695,0.09006957909697688,0.1680052623216544,10,False
128,0.0730246300767887,0.048708060342327546,0.27851090349194385,0.010505153591947178,0.044600094105427486,0.08127908744440678,0.06899215959994166,0.10758512440858586,0.1272696175729385,0.1595251693656925,27,False
129,0.06258948680248838,0.04848958388625996,0.27850276722585426,0.035903536396191246,0.03334929091549391,0.052215987402186456,0.08011078176409596,0.11963237237595684,0.12416092864316663,0.1650452645883063,27,False
130,0.07283344582582632,0.035151041873612704,0.29966673233450136,0.013097524422870491,0.036750433192448445,0.03645028695585425,0.11080604344579384,0.09272825214105282,0.13070400105347782,0.17181223875456184,33,False
131,0.0689993157622053,0.03576116965244066,0.2693088870896212,0.01042090738122406,0.030182100381232643,0.0732347492757251,0.10362670345478857,0.11081468096921802,0.1384926589262994,0.159158827107245,27,False
132,0.024004884095572214,0.0015086731433488379,0.30065883886654227,0.05516029971153152,0.08323874720934393,0.009996315578874173,0.11534738153993018,0.10955623906495865,0.1240532826954424,0.17647533809445592,65,False
133,0.03088187959036253,0.0261103474540527,0.28821650343522676,0.04882087609569023,0.05679714590957729,0.017865750686738194,0.12263363591136313,0.1187661692261733,0.10700528761282911,0.1829024040779868,65,False
134,0.0720490647575193,0.030544953987763735,0.2958175008554669,0.01752858714668156,0.056522058025863464,0.05029906726731852,0.07844944015620502,0.11723962679962563,0.09954951531740937,0.18200018568614657,22,False
135,0.07366472036553615,0.049858910866107026,0.28298603241974274,0.03200001951013246,0.029039150275013158,0.0668657139682266,0.07259179557838628,0.11191204961559928,0.12487652185010195,0.15620508555115428,27,False
136,0.0749071838663361,0.02355412739005994,0.2807436938002286,0.022659312751642756,0.020174553904564168,0.06763288355775847,0.08791794000227349,0.11665351963806642,0.13421883310057942,0.1715379519884906,27,False
137,0.07068306190034157,0.02434619799017763,0.29646899613526434,0.027836941948398187,0.04971155141366142,0.034212555858790794,0.0706428653610542,0.11530006692882692,0.1328775031122541,0.17792025935123085,27,False
138,0.06669342248744216,0.0022270034640712363,0.3154370697651266,0.029631436559347777,0.06983226894146857,0.018862608147937568,0.11525692194193388,0.10254756162209022,0.10820384579280044,0.17130786127778144,65,False
139,0.07079560666555276,0.03557643146901241,0.2707605540323878,0.038036404148807615,0.05645841493222401,0.05398095546764313,0.10228924332406004,0.1006870654105094,0.1047781073855728,0.1666372171642299,22,True
140,0.064231164504352,0.0010216326372748264,0.31339293644407595,0.040490085813415844,0.055640473908311575,0.007258621132386002,0.11701905646435572,0.12556313542988304,0.10165280977260001,0.1737300838933451,65,False
141,0.07896400778357664,0.05357506872456488,0.26496042857702623,0.02786298294338889,0.050501726631544626,0.04710638064664168,0.0904867661346664,0.12535829016231698,0.10925339348094562,0.15193095491532815,27,False
142,0.0354364816912951,0.01884021327129473,0.2991874349619011,0.06319871746744675,0.06953650454693487,0.006263142077866327,0.12972172975019694,0.09924558604219819,0.10422782294723373,0.17434236724363228,65,True
143,0.039059808788414245,0.0,0.31057714376062723,0.029898620363788583,0.06017472813907349,0.027469044241143912,0.13418958653134538,0.11140177491847154,0.10912596100174866,0.17810333225538713,65,False
144,0.05078777765516301,0.006017662326025449,0.3144478841893479,0.04204068999775786,0.048398924053609745,0.026771329176994846,0.11310742936722436,0.10130684772224247,0.10495814889011246,0.1921633066215219,65,False
145,0.07015532198656732,0.03858367278126033,0.2732234830034522,0.02410026427515515,0.025645328728582342,0.07145751976460889,0.08948352851418395,0.10523682668160707,0.13111491664371777,0.17099913762086488,27,False
146,0.050700797293042756,0.01731467064336739,0.3075923582159958,0.0637981449336013,0.053342085211166276,0.007209968823620928,0.10854190526085616,0.10977340808340903,0.09673066663814134,0.18499599489679908,65,False
147,0.034949338745686384,0.006470166867166386,0.31102282638226036,0.052419788518155964,0.06300977979239691,0.03474367729142045,0.11846616723295263,0.12602712620446027,0.09103562632989802,0.16185550263560253,65,False
148,0.049695347876733194,0.01113861201232937,0.2988198138706885,0.04624772474587234,0.06968819313463855,0.02395480888198593,0.088645637909814,0.11491469312114129,0.10950702767227648,0.18738814077452035,65,False
149,0.04492635731137153,0.02375069545950128,0.2854318428623037,0.04371078858452475,0.07984921777469646,0.005228596531488202,0.10429370076038433,0.12287720547111125,0.11482983383019515,0.1751017614144234,65,False
150,0.052434125367468075,0.0,0.2972240318350432,0.05196297331419911,0.07431690293533989,0.028468053838913508,0.1106430017622749,0.1092828179184145,0.09592572551389271,0.1797423675144541,65,False
151,0.04515044909613203,0.012344437057513398,0.2914482165535817,0.04964383814262236,0.06707838477723072,0.03889061043959474,0.09748770227081231,0.11157510011933276,0.1110856252654819,0.17529563627769798,65,False
152,0.051762656184779904,0.0,0.3124902988700876,0.05177005379468243,0.03986048091853739,0.01700250254260999,0.12878514876582198,0.11775019377321011,0.10722972231236078,0.17334894283791,65,False
153,0.04905978622402766,0.006685502566078395,0.30288283782252723,0.04646188376397755,0.07324274288821092,0.008067401412000415,0.10698610225023261,0.1298590618003019,0.0964648432412001,0.18028983803144313,65,False
154,0.044649169450392795,0.006381781685853427,0.279180741019079,0.052034278280972415,0.05626817557644803,0.026515092104243465,0.12419801874079031,0.1109590698344064,0.11017004981126945,0.18964362349654482,65,False
155,0.03122820108561574,0.010738403226704973,0.3116970352787861,0.04424827515408222,0.050880509742128883,0.0283118097146706,0.12522523913722727,0.10693203996073485,0.1028984672853388,0.1878400194147105,65,False
156,0.05365400497083865,0.035231336480057746,0.294016707613705,0.034094282806367074,0.05023666115492181,0.034201587056984666,0.107405710987072,0.1075397038372685,0.1135715822841502,0.1700484228086343,65,False
157,0.05547527403166465,0.01461871850767772,0.29307970913027603,0.03886859251596731,0.05048950983296492,0.038825460907053265,0.1196123862989208,0.11425808057313346,0.09777648684212843,0.1769957813602135,65,False
158,0.04711120890295743,0.0032161837251276845,0.2886542450210936,0.04363670210018887,0.05574016925809577,0.02700330814232105,0.12794960022017143,0.10459155565723255,0.10908976482331229,0.19300726214949945,65,False
159,0.026397025241198507,0.00874909462646302,0.2914417162575319,0.04299567900315531,0.042336076788561626,0.03737950774855655,0.1465101645283929,0.09674096105126956,0.12855573757521774,0.1788940371796529,65,False
160,0.04691825793608766,0.019300585363748006,0.2839253785841963,0.030834301852904235,0.04901328505954343,0.03554619041851138,0.1315657797105058,0.10463041969789912,0.10660398838293848,0.19166181299366553,65,False
161,0.03149508030428242,0.0,0.30492325529129366,0.04522825609323846,0.08044898257068571,0.021538315863030434,0.11396346021257674,0.10641990718443312,0.11937664331756898,0.17660609916289052,65,False
162,0.051394706337617196,0.0012144999259353568,0.28999548950674386,0.042684532009260465,0.07584721681834856,0.03773892141687628,0.1139596990681804,0.11642912229866413,0.09884918921158041,0.17188662340679337,65,False
163,0.029927000735363862,0.004713292496292452,0.30351635110397157,0.056861388292268014,0.05646824267396142,0.023770248732071137,0.11521072523144321,0.12473413098688785,0.1130407636759229,0.17175785607181765,65,False
164,0.0383097920080787,0.00477905747667887,0.30368107324527577,0.04385185954252803,0.05594923094125192,0.035799395428412456,0.1203450662840354,0.10098517764066448,0.11998355347245887,0.17631579396061556,65,False
165,0.046987214874019224,0.032841762345535555,0.2853217861066239,0.05813517534826262,0.03972643404187306,0.015704025670554903,0.12178003908326547,0.10784241642268663,0.11194028037042895,0.17972086573674978,65,False
166,0.038850553902345535,0.006693963455112209,0.30240005113316,0.05088060491147688,0.06298675421211233,0.026427691734082926,0.10351434659430728,0.09739341576624634,0.11838332582457578,0.19246929246658073,65,False
167,0.05844388960372859,0.0009667570584336023,0.286997065331779,0.0524220401776417,0.059555282378370475,0.027705866072486336,0.10704704990477922,0.10876976943442326,0.11132198563498955,0.18677029440336826,65,False
168,0.027444099425006283,0.005556724411535237,0.3032886448997335,0.05970227135678635,0.06844440385792216,0.01872113672077188,0.11352872580193558,0.11568224055622384,0.1113555378068124,0.17627621516327277,65,False
169,0.07893113386653475,0.012673849565239904,0.30706463655484423,0.037611497298659244,0.05258658304992712,0.025255436118187806,0.11969570755049147,0.09885045437556139,0.10626024249243582,0.16107045912811832,65,False
170,0.056055493911375626,0.0009704090168647976,0.29050403291891896,0.03252455264227273,0.0703877137497798,0.02582889526814168,0.10360438132085428,0.1094434390413544,0.11532068399448768,0.19536039813595002,65,False
171,0.038962475904768944,0.003970264373729453,0.3101826818961141,0.03851450076513306,0.05660692683748651,0.033460830969703134,0.11403966725451103,0.11185330767690344,0.10881345668067577,0.18359588764097445,65,False
172,0.03644931063810185,0.026825555026361435,0.3186330332877099,0.04975483750979526,0.052429270272040834,0.025076593652289023,0.10579693684707736,0.09734277887722605,0.09989796713840837,0.18779371675098996,65,False
173,0.03897717096684749,0.022047433864979975,0.2889448541687318,0.05457776377694802,0.0576345754299675,0.01535047333344383,0.10183325383840043,0.1157441155130232,0.10524720060033631,0.19964315850732145,65,False
174,0.04813777828682128,0.018194560855012563,0.29663135142810376,0.04489293835193349,0.04423783082015758,0.017811371955716863,0.1157615038681021,0.1186218218742275,0.12021319816825592,0.175497644391669,65,False
175,0.047301862600293954,0.02524886164998569,0.27793064680436846,0.049491801777140625,0.0598081995424952,0.041029372844232866,0.094933355958458,0.10678894802323174,0.09983259886525839,0.1976343519345351,65,True
176,0.044304706551688514,0.016010073552421213,0.29590359220486073,0.054143673662611046,0.04976502965597921,0.03643887048974803,0.11141773390064112,0.10085447908415508,0.09865303730901577,0.19250880358887923,65,False
177,0.03530095717986751,0.0014811308891222747,0.292682642002301,0.044479248912532805,0.05158384796169601,0.033611869758744514,0.13049351743812015,0.11965829769855364,0.11594141174734593,0.1747670764117162,65,False
178,0.05671378174214951,0.011749940526249138,0.2971273227965793,0.04781695440626433,0.06242481829857315,0.01636882040206448,0.1173111469391128,0.11237906333132265,0.11208994604768072,0.16601820551000387,65,False
179,0.03466012875498735,0.030073706770492276,0.28692781598525635,0.04094876769542811,0.03780901663637597,0.03905248254246777,0.12005520736756659,0.11444978319092748,0.10750309233984623,0.18851999871665198,65,False
180,0.0473505384009423,0.0,0.31432504506026443,0.03513456113968576,0.08331717899449098,0.02083328881928571,0.11825165542100294,0.10106203404887043,0.09948128274148686,0.18024441537397057,65,False
181,0.06579307845898907,0.049115342091799144,0.2905761078579317,0.027011950866242636,0.02433473503350395,0.06297654004636495,0.0769317253348809,0.1164790151772034,0.12626427725309722,0.16051722787998715,27,False
182,0.06490568747312322,0.041039745527062584,0.29212753941078395,0.0038303985060903203,0.04862604946962273,0.047082635245600225,0.07979401812474533,0.11602574962188425,0.13243393081918522,0.17413424580190223,27,False
183,0.0518674291127236,0.005366336081604523,0.28964528915612786,0.04980070279587184,0.06098158614558983,0.04556320783909288,0.10276331803563059,0.12363653306739956,0.10927908455763218,0.16109651320832707,65,False
184,0.05247655493025035,0.020626002690503315,0.31177900112845947,0.035562683021726105,0.05129105366217647,0.024613028442550297,0.10781743494122618,0.11625305467194556,0.10310971349748499,0.17647147301367722,65,False
185,0.037759155053092214,0.01359996367989406,0.3073770478096477,0.038596797964686784,0.058561502822763054,0.02497229010505804,0.1123371013119759,0.12168557109893904,0.1019004758809172,0.18321009427302584,65,False
186,0.02589931697333537,0.015526787771590023,0.31781956095115305,0.03846965842161038,0.05238393753296163,0.028208786283688773,0.12532348929105444,0.1158949572455187,0.10141943224350423,0.17905407328558337,65,False
187,0.03762580093643109,0.0014473453973243928,0.30277935912794135,0.04818724464196256,0.06813714532375309,0.009179010932415636,0.11259393946864184,0.11556750330249162,0.10656986457232863,0.19791278629670972,65,False
188,0.03833433725350069,0.012530982904062207,0.3066810389202004,0.04530356522549109,0.054249931714499926,0.01828380607834324,0.12402182022147291,0.1116078930565297,0.1108172840769004,0.17816934054899944,65,False
189,0.06877852353300491,0.04179731813796966,0.2710043705583338,0.024030526902342735,0.04710898819418917,0.04449873770689417,0.08475229631988299,0.11371717432328682,0.1284939859733294,0.1758180783507664,27,False
