ID,strat_res0,strat_res1,strat_res2,strat_res3,strat_res4,strat_res5,strat_res6,strat_res7,strat_res8,strat_res9,ancestor,alive_at_end
0,0.016077659843995683,0.0738776698642231,0.025561551442698307,0.015638125235344476,0.07672686976968673,0.13920475169070046,0.4208934950220103,0.09434834694602945,0.1338931278620999,0.003778402323211484,0,False
1,0.019589794166019674,0.08231044934883475,0.020846487767670653,0.009317557300282721,0.07355050298037015,0.14830197641578693,0.4022401872349882,0.11539039009018945,0.12845265469585743,0.0,0,False
2,0.008681462868568631,0.08135314714331737,0.03820161473181546,0.01264675918872504,0.08823246509472434,0.12092817029243057,0.41368242742012534,0.08971267712544931,0.12050779954455805,0.02605347659028573,0,False
3,0.011213954337209146,0.07208504673677933,0.03732762055541854,0.02699773342717001,0.0954303609492829,0.09848142526370571,0.4132830934294704,0.082437305304873,0.12773806140084265,0.035005398595248406,2,False
4,0.025940590213491366,0.06825947221663592,0.0,0.009379778995074412,0.05909725935417488,0.14678953216570817,0.44300547586484323,0.07654775039341152,0.1574716242026636,0.013508516593996798,0,False
5,0.028868788064878827,0.08559613190825964,0.029277074267439685,0.014797587791201373,0.07802611784322061,0.13553759495845868,0.41693906817832427,0.08330780278299511,0.12386858382027499,0.00378125038494684,0,False
6,0.0008615398879059947,0.08708276525025452,0.039289099139738534,0.018931622897548465,0.0811656144491601,0.10783531439047755,0.4270601968359911,0.09311134204636604,0.12135625253233243,0.02330625257022533,2,False
7,0.016032107682236816,0.06771430600235744,0.046146498327128666,0.017215767971218147,0.0690078863237125,0.13814571778025286,0.4336146445991103,0.0833292066799457,0.11327179600418985,0.015522068629847788,2,False
8,0.02104734556574984,0.0792525775768989,0.021191230153683998,0.027011492583061358,0.07656756328094712,0.13518669362257751,0.4041799807413013,0.11304387496108605,0.12251924151469384,0.0,1,False
9,0.0,0.06390063035180307,0.04100104530537834,0.0017490414376084057,0.11473962095156522,0.11788571211612346,0.41855465246970736,0.09402745133685672,0.12198939353376981,0.02615245249718769,2,False
10,0.008020745355957235,0.07938950193929113,0.034636820036424015,0.018123609109648445,0.09425617571968156,0.12525684703515236,0.4050164603055201,0.1008799057764524,0.10553431816296009,0.028885616558912766,2,False
11,0.014294266133660768,0.07966295641357506,0.03467091267365844,0.0,0.08437846056823507,0.1283502346799683,0.42732948475654653,0.09379051895282764,0.13752316582152818,0.0,0,False
12,0.025580679651750225,0.05551624411386504,0.0,0.0,0.058840953139066114,0.1386833066105611,0.4448602349416375,0.09725975012293478,0.1627673141565338,0.01649151726365137,4,False
13,0.010019321608092683,0.07582346134891309,0.014153668628247367,0.0,0.08695371720674167,0.14343661714101724,0.45505996292647494,0.08989804859717763,0.12465520254333541,0.0,0,False
14,0.014617024622468668,0.05974973339885505,0.03824214279998423,0.023482607757327356,0.09297749203085585,0.10663935662847422,0.3916534974231684,0.09298541363161314,0.1389378096486195,0.04071492205863355,3,False
15,0.03603982556324116,0.07312590401099306,0.0,0.00019159729091679052,0.06687151401796909,0.1377090388525143,0.4320492592194393,0.06992245171753121,0.16536446850182324,0.01872594082557175,4,False
16,0.028557151134620855,0.07192078674207085,0.0,0.022234110007115178,0.05281337794627492,0.15427900828595104,0.44005185383759965,0.08279987533988686,0.13350399299249424,0.013839843713986392,4,False
17,0.016568163060620752,0.07553778779066019,0.023519671797743665,0.0180312876523222,0.08522680121017398,0.1423518412723897,0.4140503676922926,0.06939366489858378,0.14761562191692368,0.007704792708289737,0,False
18,0.0018016108916276868,0.08628883963439805,0.04128294555316115,0.012952535793123011,0.09200733844226676,0.13203301449633728,0.4134752167296835,0.07843651836747786,0.1197725612358479,0.021949418856076822,2,False
19,0.0,0.0989307939377858,0.0450617936779603,0.016837663657460478,0.08733883318380535,0.09539195586130059,0.4002006321540057,0.09645289370163096,0.13149362568478873,0.02829180814126222,6,False
20,0.013587277654117907,0.10392752991418773,0.047208280957003,0.011497014135834021,0.07933182296695077,0.11682033813243363,0.3895717163786187,0.08699862737902612,0.11848701677034698,0.03257037571148108,2,False
21,0.010040776426539763,0.08498957015610985,0.039203189246310825,0.02366406222413008,0.08660685309898673,0.09285887539905642,0.42614917724314283,0.09614525666597025,0.11617254394984647,0.02416969558990703,6,False
22,0.017280475031097857,0.07632497795411959,0.0298844674840946,0.016117156231601152,0.07223042117471731,0.12970789409735412,0.4069900560422583,0.11968672233590644,0.13177782964885057,0.0,0,False
23,0.0,0.08453812781397499,0.027220245677366767,0.019175141265550574,0.08201788280303522,0.1356196428272596,0.41106671978892495,0.0954955634833572,0.11247576183046139,0.032390914510069334,2,False
24,0.02411220278087491,0.07722035136893166,0.028182075976123648,0.03339953021574461,0.0999160838878859,0.09665754617603786,0.41238526370225903,0.07105564822717489,0.13151445549889274,0.025556842166074695,3,False
25,0.021479661188578143,0.08110357589025292,0.026821215407517855,0.052507387545345875,0.09676285275702007,0.09861257529828865,0.4020152729279534,0.07460378759944992,0.1220416716568646,0.024051999728728513,3,False
26,0.0,0.08460132119943736,0.03226395413943201,0.0013365421305348427,0.09083232185276686,0.1298314349837921,0.413145327697804,0.08822862836774906,0.11746081770548594,0.04229965192299798,2,False
27,0.00831740866839089,0.05887357425361088,0.032045681332848915,0.01486732614009874,0.11249343426751983,0.11237929967907599,0.43158530040036236,0.0670390974690808,0.12708676987859455,0.03531210791041712,3,False
28,0.03375565455651887,0.07126875431223922,0.02593964603236642,0.009834795575810457,0.07741061561481181,0.13694021808740975,0.42128959140691813,0.09075709618980109,0.12986534098112226,0.002938287243002209,5,False
29,0.03476748551278463,0.06427335989929674,0.04109059470933973,0.00393395044728731,0.08678624654281578,0.10856785478398022,0.4023533934491471,0.08940422584952153,0.12671834822862146,0.04210454057720528,3,False
30,0.01572359541165902,0.07707699462141,0.029824704867428678,0.029481894758924383,0.1127052348396028,0.08784022170215353,0.3960553193297996,0.08751024894001738,0.11860149904749685,0.04518028648150769,3,False
31,0.0,0.0720788075682529,0.0381556790868417,0.007638810507024155,0.08981308368508134,0.11649074808666175,0.43237064782982265,0.0884079064574455,0.12753759966338374,0.02750671711548615,2,False
32,0.016236860408499004,0.07516547255411862,0.041273353394694866,0.0259306675116326,0.09261297798980604,0.09671220863653296,0.39269564210845864,0.08071764653555619,0.13156132410165877,0.04709384675904225,3,False
33,0.02122478900955096,0.07509310399053432,0.03040078402786598,0.01874501543941643,0.09107305237566451,0.09571372848052453,0.4174559480038095,0.077714417187597,0.12874130839990316,0.04383785308513354,3,False
34,0.012724519698338328,0.07366787541457816,0.04776634536668448,0.02727541373002199,0.09438323054202083,0.0808961120887423,0.41535650165376226,0.07389847531366638,0.12998140826277338,0.044050117929411915,3,False
35,0.0,0.056907659917070204,0.054919510241372135,0.018708571798591842,0.10549672853739375,0.1161633984252047,0.3977777429985704,0.08672937883073453,0.12373283286082545,0.03956417639023694,3,False
36,0.01579732434823671,0.07216692370723261,0.03887082353095412,0.029225587850756945,0.09602231284324678,0.10134788369625536,0.4007950847383059,0.07391103098048868,0.12183046294828381,0.05003256535623916,3,False
37,0.013384419278230362,0.07804188214532111,0.03606338803487827,0.0,0.08299911189647359,0.13292630367543617,0.4269824643968404,0.09497903040217606,0.11462436363613164,0.019999036534512384,2,False
38,0.030604662740899728,0.06674600703559806,0.006777261081752648,0.0,0.04467177459478625,0.16911447007026753,0.4504137782037058,0.06581548395723241,0.15539591343541087,0.010460648880346602,4,False
39,0.017845243053976015,0.07263607145537221,0.03052504811211105,0.012732671541284274,0.09621444564626203,0.112145346818302,0.4062535637197311,0.08986064308352616,0.12231294441853229,0.03947402215090298,3,False
40,0.012202971868045986,0.06199868990303804,0.04372294981195148,0.025324396242006178,0.10284431659701096,0.10738528941208215,0.4062382606560724,0.07908078776281756,0.1196905552750279,0.04151178247194754,3,False
41,0.006882864881336282,0.08590699536289284,0.04673543652158037,0.038811599442285606,0.09185188017750529,0.08121336963389683,0.40089734270875504,0.06864257084909811,0.13396091429615967,0.04509702612648989,3,False
42,0.014126020549621674,0.0639572092836451,0.042617267855958485,0.04028879184057771,0.10374565682449377,0.07703856697879162,0.41488086944678065,0.09478825744721098,0.11966602199599842,0.02889133777692167,3,False
43,0.004577188612479705,0.08364193011590242,0.038708459696432766,0.04184349833814817,0.0848462331820456,0.09211825729380232,0.4160416301604794,0.07989265363108226,0.12272818453712897,0.035601964432498405,3,False
44,0.005044147538955073,0.07922276805682978,0.026812866864439417,0.023262678091427264,0.08618205425158755,0.10437059899839031,0.41409496544698887,0.08530334102404388,0.13023708495702,0.045469494770317885,3,False
45,0.018997527474603104,0.061576743063501006,0.03222562506850219,0.027049700691224428,0.09260035346104423,0.09031836678381452,0.41819350119125764,0.07708767670187631,0.1363995212486384,0.04555098431553814,3,False
46,0.018794353738585456,0.06641992723279018,0.033135968282936815,0.022652998715378056,0.10876918059228831,0.0849289763307525,0.3969846746671135,0.08134514585372865,0.12203989800679135,0.06492887657963506,3,False
47,0.010017765566641192,0.060134357923933374,0.021055196110174493,0.03342459609870872,0.0965179807864805,0.10318274600710498,0.43066915187977695,0.08296432444946976,0.13427306541146553,0.027760815766244555,3,False
48,0.02323140338685823,0.06010650304010213,0.043799001275010754,0.02645007163658826,0.0896202267033595,0.11060458809121781,0.4177544874836554,0.09254022889950628,0.10346067733795601,0.03243281214574559,3,False
49,0.002245937772379152,0.08594842745738786,0.036540641222987835,0.011907256445136809,0.08813576719395284,0.11184236536342201,0.41334237086251563,0.08812343844907185,0.12987473980430667,0.032039055428839364,2,False
50,0.0,0.06001961642403816,0.043308006326223614,0.024892756080657847,0.0873220109533115,0.12031103909381004,0.4150869103715072,0.09711925641571076,0.12794922884201598,0.023991175492724906,3,False
51,0.026534900972041284,0.06557351370666537,0.02843904707024532,0.04048840576946671,0.10048080555143228,0.09550417278043428,0.4055594364821133,0.07273850953929235,0.12560993502846343,0.03907127309984577,3,False
52,0.005078306584693638,0.07499239642203459,0.03961156559869303,0.026628362402123542,0.10909505371067227,0.11137119519703537,0.38815363041609147,0.0774246754896121,0.1279601823143672,0.039684631864676925,3,False
53,0.03289569282043673,0.06112885178336699,0.0467070872171809,0.020348798864047977,0.08928170272129025,0.09754362189861485,0.41312253313457664,0.09470806818452161,0.1127214059733914,0.03154223740257265,3,False
54,0.015261126889271866,0.06248168290009329,0.051575730227490395,0.01654661444814866,0.08992810118039585,0.10098838152434622,0.41858996338380894,0.08360187762117449,0.1231188988581647,0.03790762296710564,3,False
55,0.0016444630944881643,0.07216575087967508,0.03071030729082277,0.03169834635313815,0.10679533882361783,0.10651877487853717,0.4121161511372582,0.08044228714938675,0.1320621622226637,0.025846418170412114,3,False
56,0.005662498193370701,0.07579971127077753,0.0242140001334844,0.006076583780324233,0.08690794401223614,0.147549821697529,0.3796567930623826,0.12185490305212654,0.13936656763466537,0.012911177163103488,1,False
57,0.022472689170977975,0.0638180441928706,0.03755956242606855,0.025760796166669157,0.08254059043928597,0.09601132903935297,0.4192948636635993,0.06577167970894934,0.13594524279723574,0.05082520239499052,3,False
58,0.006484306885158219,0.07779929009672903,0.045516135717340034,0.033960680208012066,0.08744591760323851,0.09430426222831029,0.41611517772464796,0.09180346399187495,0.11360474958844902,0.03296601595623991,3,False
59,0.0005141189008234099,0.07646876438811101,0.038553493365002627,0.01680697763058168,0.11054206796039007,0.09933641440674347,0.40267680823874336,0.07302965410455496,0.13542223154037156,0.04664946946467792,3,False
60,0.01692402387657669,0.08358444569707676,0.030932342089828695,0.013636041939958363,0.07355599479664542,0.09972634667687964,0.44259659212648694,0.08165655610865982,0.13915105271823314,0.01823660396965457,3,False
61,0.021135223548482043,0.09106347774440017,0.0399289654912404,0.02979874370110497,0.08731174681529742,0.09457910518129081,0.38901304351841437,0.08726093627038167,0.11885596839639748,0.041052789332990676,3,False
62,0.02087717470154517,0.06931437811786305,0.04108213200560283,0.008844531756760846,0.10304355158697338,0.10936449098073327,0.4025330317772668,0.10174141435316936,0.11679030051846764,0.02640899420161763,3,False
63,0.0,0.08395965769628652,0.040985917421608745,0.015559820388211042,0.10260462830267766,0.09357541848436597,0.4186975559383318,0.07894300609134516,0.13981026292186413,0.025863732755308802,3,False
64,0.0030104042723299433,0.07745648247194614,0.023120255106735748,0.04786571547595698,0.08777641022176803,0.0941213274250341,0.4316649404934222,0.08624231301350369,0.1261980000053628,0.022544151513940593,3,False
65,0.006068314733860324,0.060584463241003104,0.04969307558616546,0.016551202260463797,0.084725194501854,0.10278947766305836,0.4091859779168994,0.0758072777223583,0.14263152847966057,0.05196348789467675,3,False
66,0.006624071884968837,0.07730710130005537,0.0495545692634405,0.02145172982044902,0.08892209663927932,0.10708170357646853,0.425495190407263,0.07005377780175023,0.12218005782107405,0.03132970148525109,3,False
67,0.008338696518304042,0.08151014367712855,0.030792584258773056,0.021763900747675802,0.09847257439685862,0.09299113256327056,0.4150441154872114,0.08368525183890571,0.1285097839795493,0.038891816532323126,3,False
68,0.007585811797178229,0.06308888216709663,0.04330713515781297,0.028171627422921862,0.10016928966448324,0.08176942502561675,0.4103976840453769,0.08717301033007806,0.1357491537344975,0.0425879806549379,3,False
69,0.016352809394968495,0.08003184894988033,0.04337457252604838,0.03801213822095439,0.09525063227777782,0.09769724431234754,0.41651122622275843,0.07253757210618339,0.11286957815061613,0.027362377838465138,3,False
70,0.007585945971190475,0.0841964841706231,0.031548511155625694,0.0203449286835281,0.10543148483560282,0.08727731753366692,0.42488619573558745,0.086390246438846,0.13021472603479847,0.02212415944053093,3,False
71,0.006816586071934621,0.06720859090268103,0.049121043414040645,0.02043225839816065,0.09714459608239345,0.11445780116388946,0.4123197864098457,0.07334859249557718,0.13305028706955202,0.026100457991925455,3,False
72,0.0,0.07505668258364405,0.032427247606187024,0.04498557827504696,0.06988671761570038,0.09242141899672758,0.42621337176408347,0.09033043134127595,0.1363084570026956,0.03237009481463901,3,False
73,0.0039019038996433663,0.09018637496719709,0.04487454880259196,0.031892573955842884,0.08725910630522093,0.0877759226314719,0.3889412883291774,0.08627118123161397,0.1341813403323798,0.04471575954486054,3,False
74,0.011302363991281938,0.06577513148397239,0.0374506832566133,0.04157331720335181,0.110704337740426,0.10197604460635931,0.39967672895117523,0.0793820282884201,0.11963612811128475,0.03252323636711517,3,False
75,0.015330503048983524,0.06604398998296811,0.03886091812117874,0.017625992529497377,0.09752072092422989,0.09300127580575288,0.40750913019673524,0.07312201139800713,0.13650052670987983,0.05448493128276714,3,False
76,0.010050880593324374,0.05317774716645246,0.028520615028871474,0.032147030753709324,0.10445826444967314,0.0883077261896426,0.4323111274157721,0.08625493403796342,0.13194487718020598,0.032826797184385144,3,False
77,0.019067210109354835,0.08785362039681592,0.039556080057607475,0.021830752502648515,0.08157121833505003,0.11183032486105655,0.4186214215513346,0.07835143576531246,0.11747327517172045,0.023844661249099185,3,False
78,0.008594301647881126,0.04690726383768045,0.03867730298939517,0.04492338127597854,0.09410710757594215,0.10386944755960412,0.4263053100673133,0.06880516643635004,0.12339430570092175,0.04441641290893341,3,False
79,0.0010103636736764202,0.0722942306761961,0.031215114513140747,0.04151896113824592,0.09267681499339414,0.08157041729135521,0.4352414210783244,0.08650124111215846,0.10846587700495615,0.049505558518552394,3,False
80,0.006967067008850714,0.06758271182560209,0.027091616265030188,0.02889085274643401,0.10569217585779211,0.11311091544186815,0.414407791684995,0.07996931347241991,0.1297942187161337,0.02649333698087418,3,False
81,0.02492175300938485,0.07036158022155123,0.030630206455351406,0.027545155943852994,0.0971933152778813,0.09983138606545808,0.41670924190355835,0.0714431046787522,0.1319922491730043,0.029372007271205307,3,False
82,0.03581504341942638,0.06757564839311439,0.05940522303517655,0.03608980554571437,0.08691347357951981,0.08961005888230836,0.40120244186325366,0.07271430737294066,0.11135157364870524,0.0393224242598407,3,False
83,0.0024864967482661235,0.0633483680669179,0.028902386859583056,0.03089432856848208,0.08641115610925564,0.1110220437171556,0.4339473156664368,0.07105294052055632,0.13958756249303175,0.032347401250314683,3,False
84,0.01511210775892968,0.07115009705996077,0.01465351278945856,0.01278896526967443,0.10044732632870002,0.10085554546648612,0.41367269252132877,0.09815994007541302,0.1276099669931662,0.045549845736882436,3,False
85,0.007325387586908181,0.09137144212311134,0.022817038491098948,0.0153015405072723,0.08673765713367156,0.09697487151642947,0.4157941944676688,0.08374080905180889,0.12963858323454178,0.0502984758874886,3,False
86,0.00316889925108207,0.08906997228921268,0.031045711868220714,0.017310929332307847,0.1124710503810942,0.08889662234698874,0.40170924257613405,0.08687378252270321,0.13203324774289382,0.03742054168936254,3,False
87,0.02306044837178421,0.07597208926554182,0.0310991663367583,0.019921673593269656,0.09301277097477087,0.10315143267842147,0.40517887802665503,0.07172625274632477,0.12707886785534986,0.0497984201511239,3,False
88,0.010194946948551279,0.06784772227520289,0.026134666517992247,0.022266433693287853,0.09793358738416653,0.08851965955129042,0.4361867223477172,0.0878917587068747,0.1453113082398034,0.01771319433511345,3,False
89,0.003117096862286111,0.08643395922552381,0.04252674017207067,0.031180265544236873,0.08270632699431874,0.10160824337899971,0.4181637731167984,0.0715443345070759,0.14521583600074878,0.01750342419794095,3,False
90,0.012574136424807812,0.07869129560783196,0.019116554357181667,0.046575365797270445,0.08867070685114596,0.1063464159774548,0.4033332772959961,0.07898117578304975,0.13498498955166338,0.03072608235359816,3,False
91,0.0068352597431252365,0.05481424686732821,0.02219983950930729,0.03068507720299998,0.10659240604856769,0.10069844904905947,0.4283421056469403,0.08517303976275248,0.1258284704656545,0.03883110570426464,3,False
92,0.0,0.09398049731146893,0.0430138853343168,0.016821525581737794,0.10657198907173317,0.09537798662467485,0.421245754912971,0.07301745506167165,0.12575385071219702,0.024217055389228533,3,False
93,0.010193789758971747,0.0685261000069867,0.03898360772291592,0.03660318346037826,0.09434667077368462,0.1091076115553023,0.41003506769836073,0.09537075865323685,0.10659966976946099,0.03023354060070177,3,False
94,0.01255785496414387,0.06047649834256236,0.03470118110660535,0.03406590761444619,0.09595422459597154,0.10069625577137425,0.40297367144209134,0.09515955053040677,0.1042858297134339,0.0591290259189644,3,False
95,0.002705449348738019,0.061679068405183224,0.03543841163159209,0.03333591050266721,0.10623253307294764,0.11179725000328314,0.40717435356072895,0.07059949153957544,0.12613696730662735,0.04490056462865694,3,False
96,0.02494345646509815,0.07610204623285663,0.02434139768777184,0.05924396586561832,0.09127468206530359,0.09310570403522894,0.4066161391802862,0.08575433883364189,0.11208975974619478,0.026528509887999596,25,False
97,0.0283646005244348,0.0850513974020337,0.017654026573136236,0.0544259696686417,0.09445446397042552,0.09150119386079328,0.3907194258483112,0.08141843827948303,0.11742143699840576,0.03898904687433474,25,False
98,0.012282751407414238,0.07669194936150582,0.014335847901048042,0.026114138221585485,0.12570784767802454,0.0905611155110717,0.4249621539194743,0.060500895066606275,0.13064913276777365,0.038194168165495916,3,False
99,0.016428270464923803,0.07882936705076211,0.022494492522827446,0.04643480844189633,0.10360148001448306,0.08885129217306467,0.4255927120920714,0.08081909812299323,0.1260284214188624,0.01092005769811548,25,False
100,0.028384348528496407,0.055630948239386864,0.03868001527551933,0.02620316487445662,0.08717609140408522,0.10256340657182464,0.40757084134569194,0.08584802925881022,0.12917191824806357,0.03877123625366522,3,False
101,0.020261509739598664,0.07097394156789068,0.03563073096541913,0.021778130132840363,0.07363279521476475,0.10583997798822462,0.4268736804569949,0.07552147745007334,0.1533990567063679,0.01608869977782555,3,False
102,0.013062915272647194,0.07143849439952361,0.03808454066025579,0.02386706518639436,0.08995591011113373,0.0978371958953644,0.4105971964854516,0.08351948341646095,0.12881378549152675,0.042823413081241664,3,False
103,0.020289670656512448,0.0658852775018963,0.04510152899247013,0.03232811819202934,0.10388666530427623,0.08346866844518347,0.4038908245719373,0.08654537036619026,0.12898147582177993,0.029622400147724687,3,False
104,0.014646728817971764,0.07298738025891117,0.03378589815775757,0.021205301162069583,0.08795966948668889,0.11532832992966721,0.4055966630066099,0.08526030192741725,0.13848284268253724,0.024746884570369374,3,False
105,0.014309493170327288,0.06305332575796678,0.015641298619974715,0.035857002115237444,0.09258592370417712,0.10440769308956911,0.4171666593015512,0.09566100894809847,0.13489798498984024,0.026419610303257696,3,False
106,0.02002392422561059,0.07398431097719609,0.031361496966472516,0.0222409345618118,0.08790140822592231,0.10510048391210733,0.4140407854693928,0.09196192107590147,0.11216670174793214,0.041218032837652865,3,False
107,0.02500096950812304,0.0707775146844573,0.041118981589684696,0.03848549288026229,0.08327510804722262,0.10140884870247188,0.4181582836831407,0.07542076197265717,0.10995533924243725,0.036398699689543235,3,False
108,0.017957189977782867,0.06755540928451349,0.02680253739124537,0.05433632076126158,0.09988128014826979,0.10147270257476089,0.40195457106480953,0.07906319925464186,0.13297012866102356,0.0180066608816912,25,False
109,0.030522696502923437,0.09004419425107386,0.034135547193259466,0.005984351014914499,0.06088571036994561,0.13780040916662803,0.41772372160667476,0.07928906817351054,0.13412640584148927,0.009487895879580365,5,False
110,0.01637228201366942,0.07858382959779965,0.03277831088555647,0.01706282880612318,0.09106979689576279,0.10343754175640724,0.40559971367037356,0.07799291444694625,0.12937701753029074,0.047725764397070575,3,False
111,0.0015749664933655979,0.06410097387018823,0.03596611674831807,0.0018348777355582325,0.10307341254957508,0.09786446022089691,0.42436066584158133,0.11198850680956399,0.12584357442608762,0.03339244530486492,3,False
112,0.02844939623453317,0.07906586550543337,0.04612984264620895,0.012273183263963032,0.08770744326220707,0.14655815355226678,0.3770369520962102,0.10114594958194992,0.11427532023335434,0.007357893623873338,5,False
113,0.009807941907616554,0.07638801800626956,0.04277841790827179,0.0124383440507609,0.087399672102856,0.09913928357423214,0.4125823071237025,0.1076858133723047,0.10614410966927226,0.04563609228471372,3,False
114,0.027636214114613988,0.08336476592943193,0.03745405191895054,0.005875885182483862,0.0956489617761321,0.1385893521957067,0.4302919460878092,0.06975825336196562,0.111380569432906,0.0,5,False
115,0.0,0.06971396579062697,0.029131934637665575,0.023218632113830087,0.0946433487175877,0.08436471830752328,0.44843030012107077,0.10477857440528766,0.11251581356787789,0.03320271233853015,3,False
116,0.016463331308517574,0.08637183906265884,0.04059058822933838,0.044085367860904605,0.10488947415287955,0.09592182187898585,0.39733020902069227,0.07704061634233104,0.12228400969755383,0.015022742446137922,25,False
117,0.014196226503003773,0.08787972840177313,0.02692604384228802,0.05848359943196264,0.0832179216589839,0.10213603644973918,0.41561167155820533,0.08772716677621062,0.12345546306068832,0.0003661423171451229,25,False
118,0.03969659564590277,0.07850937019679283,0.039322905250676235,0.05951171925291649,0.10229823008724195,0.11021401509390553,0.3757779978690823,0.0761133327626474,0.10243177331618224,0.016124060524652144,25,False
119,0.02790575251300291,0.06422553561897563,0.049093778852134985,0.02562606432090883,0.09206856915746789,0.11132497480104075,0.4073661559366021,0.06429668238362919,0.13469688266457908,0.023395603751658663,3,False
120,0.031654686471885095,0.06282908306316753,0.02917269237054465,0.013152100757950407,0.08116222858114745,0.10326305952723996,0.4315225229127458,0.08566854193338151,0.1276015863909904,0.03397349799094705,3,False
121,0.014602668421276204,0.06948837862818318,0.026699972790261796,0.052557757937837096,0.10037434394995091,0.09660086788422691,0.3938760009782404,0.07462656527247977,0.1327545414481928,0.03841890268935105,25,False
122,0.039922731513510834,0.08187593134353012,0.025452710185480683,0.05714570794809024,0.09631741771470553,0.09132192522068298,0.38436059324075683,0.07490312625460366,0.1216571811369235,0.02704267544171567,25,False
123,0.016636797765880278,0.084002471023989,0.027447821441387632,0.06808638470906936,0.09206611843159128,0.095913195247308,0.4153950467073972,0.04486430086597947,0.11918321141926867,0.03640465238812919,25,False
124,0.0,0.10454756546319051,0.04243507268736237,0.04407978679271986,0.09195131657928547,0.09644736663210128,0.3966048102463674,0.08155712064529207,0.12044458417281656,0.021932376780864377,25,False
125,0.020723404360104725,0.08029709867146317,0.026085316061043428,0.05828879415176258,0.09603914829000805,0.09504710920437896,0.3935547564559734,0.08115305706762933,0.11585574686631867,0.032955568871317585,25,False
126,0.01864876477666746,0.08721449351922918,0.03298943757589707,0.050094426217681204,0.08322449748102144,0.09573527482230025,0.3827295055904318,0.08578104251808302,0.12569021530015373,0.037892342198534726,25,False
127,0.02691709544528305,0.07611646254422896,0.03212034411778781,0.04394646267113079,0.09582729889449301,0.08488955624392772,0.4189150337375961,0.06853339315026237,0.12380660526731542,0.028927747927974787,25,False
128,0.009429875650579397,0.09580133866651341,0.035541997288390755,0.03762341991419814,0.08658078864455165,0.07998085783419691,0.40806840408373846,0.06924364065107173,0.1254898744361562,0.052239802830603366,3,False
129,0.033498926958546296,0.07072412268982622,0.0509459756336944,0.036478481611202374,0.10146017651059672,0.10313020616747767,0.37467176492835114,0.07935620912834387,0.11882523851518026,0.03090889785678103,3,False
130,0.006979379953849184,0.06399641009574196,0.0173226710160805,0.06603596483284163,0.10536515333043649,0.09679485325742557,0.4200385604741461,0.076271580081217,0.1101906136576408,0.037004813300620894,51,False
131,0.0,0.07386041740556804,0.04636509846219915,0.04272477867386157,0.09921708984437748,0.10344949872571528,0.40881862517034706,0.08097808094673113,0.1168692382116567,0.027717172559543684,3,False
132,0.045605136000629626,0.08456161371370076,0.021506606698425166,0.035273041496168056,0.09169988819918388,0.0929043692213574,0.3974163777609405,0.07400896177250049,0.11700707957057409,0.04001692556651996,25,False
133,0.021598457156919215,0.08097684949321554,0.0213179290958227,0.04890493326686536,0.09877154724840322,0.11908823484101647,0.4082164640861011,0.08178332122657288,0.10441846264588964,0.014923800939193847,25,False
134,0.02431396517410139,0.06638731428443745,0.04080680623813212,0.05267550397046911,0.09802347663441688,0.10246365797019312,0.40983894100135687,0.049879389599845184,0.13268727154949783,0.022923673577550055,25,False
135,0.012609014773853965,0.08010784814868314,0.039418137468859096,0.0329490627039047,0.09030951552304664,0.09871935123876807,0.4057181920974003,0.06842402576883388,0.13347524506452285,0.038269607212127466,3,False
136,0.005461175180880648,0.07136549358801651,0.053116220762157745,0.038586188169401375,0.0997809545869201,0.09430377993856638,0.40364826278928134,0.07878905350381968,0.1215239957289967,0.033424875751959446,24,False
137,0.013763515425596215,0.08773071663170257,0.03882062437547233,0.019249089927963346,0.10096978637442705,0.07955760369776806,0.40963041351225377,0.09169856854193957,0.12978159446056559,0.02879808705231147,3,False
138,0.0,0.0789080449923489,0.04281625283339394,0.05092154678217443,0.10401314849444879,0.0866225893256145,0.41113921286758004,0.07514167128721189,0.11838727748782325,0.03205025592940431,3,False
139,0.03806988306930956,0.08248122323794388,0.03029004924231352,0.05703545520266667,0.09496565887302391,0.10143987474055323,0.39778012626232956,0.08719128799487626,0.09839479349431926,0.01235164788266416,25,False
140,0.01642911633761691,0.095459938186455,0.02292798731758327,0.04747929518184671,0.08816018263137762,0.10272494780823675,0.426729188903051,0.06389523658011609,0.11934507311569868,0.016849033938017947,25,False
141,0.003305581205903096,0.09001756895434122,0.014020489893299914,0.07521647645996503,0.09675708867198753,0.10164654232428795,0.3748400973328123,0.08771117056724739,0.12043000055683269,0.03605498403332312,25,False
142,0.0214698674561289,0.05723412128104967,0.06006412103027735,0.003375084829737613,0.09814825147885124,0.09285126627070059,0.4249919449568349,0.08584221042933977,0.10807217321606259,0.047950959051017275,53,False
143,0.01525515761310014,0.07329111054328945,0.025444853058570225,0.054346003829795375,0.11757726343514202,0.08814567644016107,0.3945526399717879,0.08499631933783043,0.12989784175416585,0.016493134016157637,25,False
144,0.028556894872629825,0.08411010392528603,0.018411101268287815,0.051383256210308204,0.08986644210527857,0.09909443125845667,0.39834571732947094,0.08658617929417575,0.11015858436872941,0.03348728936737679,25,False
145,0.0021752312041447416,0.07136946782027391,0.028616565373370366,0.05436944722874769,0.0891621486623089,0.12096606435376682,0.388220460977321,0.07621347283404972,0.1352934683333846,0.03361367321263226,25,False
146,0.028085279541260857,0.10194058531113842,0.020918358737351213,0.061459671650885166,0.0997644089334972,0.09216719495878822,0.38481357494200713,0.06256249155365337,0.12597744791604004,0.02231098645537853,25,False
147,0.028830568810445757,0.08249502373070731,0.02592820508420463,0.058335454368051445,0.09295523805081787,0.09437175790399778,0.3958504172394019,0.0831582666028964,0.11490379700301435,0.023171271206462635,25,False
148,0.01566007485983004,0.08252143251284336,0.02316270558430148,0.055750016363866756,0.09081065468362606,0.10213396246939824,0.4107194293389909,0.06954745511329984,0.11618206083355168,0.03351220824029161,25,False
149,0.011292739266449543,0.08218291019234315,0.0309539151131561,0.05575035475756928,0.10833952413380765,0.08519169311944592,0.4108012160490506,0.05973017781370951,0.13115071684141397,0.02460675271305432,25,False
150,0.018821780357473374,0.08656955003923966,0.017543392658565176,0.038157160672149866,0.08891476311297507,0.09942781070522493,0.40028227629127466,0.08912008053246982,0.12603714919080763,0.03512603643981974,25,False
151,0.02463223993010028,0.08182093440126283,0.03390167099225488,0.05002673525504562,0.08641796093463053,0.10115242169336534,0.39048538082443524,0.07553674046712709,0.11894673416708884,0.037079181334689376,25,False
152,0.04085510652992387,0.07943387971080218,0.021256578899321945,0.05788390930836344,0.09264818179174658,0.10405304023607963,0.37863328804161794,0.0943758806123012,0.10748938567045996,0.023370749199383208,25,False
153,0.005443073899920648,0.08073664732467958,0.023270666083142426,0.05582117689226505,0.08352496286493438,0.09980269564657406,0.4116379076685543,0.08461154204223627,0.12632589858926507,0.028825428988428176,25,False
154,0.02001786545115631,0.07284209752071949,0.03672823707917528,0.07034034976900858,0.0864301785832294,0.09715830035908035,0.4052814747637572,0.049704539730708125,0.13031169960322306,0.031185257139942166,25,False
155,0.022481394487530504,0.07360811162105134,0.022603627769088676,0.03883411084865423,0.10576727195671697,0.10328597061194712,0.39417691460094234,0.0892842954455309,0.14198917367264244,0.007969128985895425,25,False
156,0.02180806237048436,0.08671572095883821,0.07511254660807952,0.015512934500165816,0.08515335319079215,0.08385928032006089,0.3981382418219582,0.07227245765466957,0.10347124287444733,0.05795615970050402,82,False
157,0.039665092008307534,0.08485829017668156,0.05028005548900898,0.04569102936376715,0.08501776452917918,0.0734979697280069,0.3887833510188676,0.07963658861056479,0.11520208511768172,0.037367773957934496,82,False
158,0.0,0.0835147696946241,0.03354970025096135,0.03714221300722737,0.09636806168403866,0.09734550076381966,0.3964989144141704,0.0753666494220927,0.13719039908454753,0.04302379167851815,25,False
159,0.024313763669717398,0.06780389414294431,0.028147000693967188,0.03167659196134705,0.09787453699383186,0.0957106364158155,0.41005290845828757,0.07828413010976928,0.12431075704132392,0.04182578051299584,51,False
160,0.005142670124184129,0.07952894876613777,0.04008561680451502,0.053119801243042046,0.08674717006217936,0.09989274782776073,0.41318773413534143,0.07027132547670108,0.11990173892355847,0.03212224663658013,25,False
161,0.026688205012790372,0.06405238113367952,0.0300822800675416,0.06511681755062419,0.08045911137920723,0.100654763885111,0.407821157475787,0.07094867847458906,0.11753772573178467,0.0366388792888853,25,False
162,0.027163038347723174,0.06307116363862587,0.03581017768607211,0.057933161167291025,0.10645477075125057,0.10643251694062439,0.38805351336750177,0.07820218576133406,0.10183052621782154,0.03504894612175559,25,False
163,0.03240535505699905,0.07135694402001176,0.01671667207430706,0.04451465884943742,0.10034569127687383,0.07338387229419993,0.4244706247364555,0.07518261746165396,0.11810208724806381,0.043521476981997625,51,False
164,0.018284148962354956,0.08392439408483547,0.04814179068724404,0.031161100571562853,0.10101311154625493,0.0958896055108595,0.4311593767700588,0.06024719640358276,0.09236887049695429,0.037810404966292344,82,False
165,0.026684242021787968,0.06428944012339406,0.005234857605301829,0.011226028015618117,0.05916864857647499,0.13737488659355931,0.43331475014769044,0.0925848866818422,0.14712495423346808,0.022997306000862788,4,False
166,0.02607174811015747,0.09724894798936136,0.011732010676185256,0.046958554416734084,0.09941358711305938,0.11704731736456389,0.4116450587397928,0.05985014834213978,0.11013451996095817,0.01989810728704785,25,False
167,0.006816738084447803,0.08077022439343312,0.025145232723144884,0.003595995486768301,0.09528482326964613,0.13243751277514068,0.41916321569142717,0.09285401119688427,0.13258182373160243,0.011350422647505153,5,False
168,0.03533390165363896,0.07884466767060987,0.047874247836514755,0.033647464829481416,0.1058079733474883,0.07811748281973036,0.39382045467730153,0.05860471512520372,0.11633169805408426,0.05161739398594683,82,False
169,0.0029305288354117506,0.07800179446190349,0.0418911402770906,0.028712705342354438,0.08712819724990785,0.09965814815250629,0.4114489431983315,0.07711533414181929,0.1287995531881242,0.04431365515255052,3,False
170,0.039936054840495915,0.08689327533611785,0.029660819628736904,0.0,0.08357503312602882,0.12750558099992326,0.41362853447922554,0.07822976367227102,0.1186561366610324,0.021914801256168338,5,False
171,0.028414132494588393,0.08122227359846786,0.0189205948674996,0.05921752309202153,0.09775008780431012,0.10033466424099839,0.3987169069246873,0.0867122831624508,0.11200772071952045,0.016703813095455648,25,False
172,0.028385065680281294,0.07716629932368296,0.02473305113561369,0.06270018905521878,0.10731509130913966,0.10116997765551138,0.3927758239454466,0.06944681378630288,0.11816505017231008,0.018142637936492845,25,False
173,0.031969123990916753,0.05965928886424555,0.057540400236828944,0.03940770713662126,0.09692977572727594,0.0867544468040759,0.40162618795101485,0.07299462404175758,0.11568668692999132,0.03743175831727198,82,False
174,0.016564436978608096,0.08450100172786949,0.018724841279254494,0.05049189403032045,0.10267344057435658,0.09523323224654033,0.38915592651020653,0.0863989204203586,0.12301692982956156,0.03323937640292394,25,False
175,0.030406382530324717,0.08384596307267692,0.023012200215691603,0.07218440237955273,0.10030557169697238,0.08802819260637623,0.3804515687644856,0.07994368235837633,0.1347341528626418,0.007087883512901845,25,False
176,0.0398396118288015,0.06766356185105893,0.045629868212486886,0.0,0.09623024240532503,0.10517229284322402,0.41264650603193087,0.09585900067317708,0.1152072031344564,0.021751713019539345,29,False
177,0.04010891291265329,0.05259412899142918,0.06310987532764334,0.040846791587567016,0.08058204664500472,0.07384809546879612,0.3908657005512563,0.08219122975015926,0.12433806981603573,0.051515148949455004,82,False
178,0.046842747239132045,0.07592236455989919,0.0413813722724263,0.001694934041701924,0.08775520899580176,0.11843641814230817,0.4037035425351387,0.0796193569194603,0.11769702263499714,0.026947032659134434,29,False
179,0.03969692836996486,0.07420481589134019,0.020538148798734134,0.0,0.07985783475315737,0.12314071544776427,0.40068643929297854,0.08833577999139908,0.12275244165028554,0.050786895804376,29,False
180,0.024443714971576554,0.09060915295757045,0.015663892013554465,0.051413685169526956,0.09958602017300998,0.09071065011725109,0.3967674493828056,0.07006824491673962,0.12862803269324785,0.032109157604717345,25,False
181,0.03937890457441772,0.05412366418448634,0.03956702182431059,0.0020109537085228786,0.07809986564029567,0.1117962708370233,0.40168439239928666,0.08516634097651551,0.1322846686828133,0.055887917172327946,29,False
182,0.01866773047742852,0.09354009407646677,0.04192484435526867,0.01633962483039502,0.07507825033456883,0.13334706066132246,0.4091414721153286,0.09733206284886768,0.11462886030035363,0.0,5,False
183,0.028243872300846233,0.0802440371746078,0.022874798508031362,0.014808584026089127,0.09341945317227777,0.0933804484227914,0.39475756175325244,0.10264955011681288,0.11747149078608023,0.0521502037392108,29,False
184,0.041689782847530686,0.05788981222705638,0.04280080499948154,0.0,0.0939179708123846,0.10986675882848576,0.40958394168570056,0.08541670737588991,0.11867857862511343,0.04015564259835707,29,False
185,0.038855510586931985,0.06798710742747364,0.06968958848538036,0.02561388790174583,0.06658676511459298,0.08281542390487669,0.41764190577240246,0.08784402135994077,0.10084369469832666,0.042122094748328634,82,False
186,0.03373928984472847,0.07064927137651116,0.010760300410303819,0.05250961409182951,0.09955832401977642,0.10547442852590436,0.3882537079352908,0.08136159188886687,0.11692862593177195,0.040764845975016555,51,False
187,0.03631100688083321,0.06758200039254018,0.06349363174615937,0.009746735593469287,0.07250115696796096,0.113167763042288,0.3835528676334928,0.09609785091693318,0.12151479748458621,0.0360321893417368,29,False
188,0.03636520780494473,0.0603784442473071,0.025996465700039533,0.026108966441045958,0.07976010018059689,0.10647926014124665,0.41267764437234356,0.09466572611754258,0.13971942900723403,0.01784875598769896,29,False
