ID,strat_res0,strat_res1,strat_res2,strat_res3,strat_res4,strat_res5,strat_res6,strat_res7,strat_res8,strat_res9,ancestor,alive_at_end
0,0.003956951418689093,0.24744174248909237,0.09769502256377245,0.18171161813520517,0.12371097452933859,0.02786131577702633,0.16099539915944483,0.05278103734345392,0.07834325307934752,0.025502685504629707,0,False
1,0.018895505426957608,0.24133489591624954,0.10186093624582548,0.19616578485111846,0.10988520011957013,0.024002290971934834,0.1598577090485147,0.029366274238537847,0.09360644600183017,0.025024957179461058,0,False
2,0.006274784708103411,0.26140191524665485,0.0912035024324776,0.1830705386524944,0.11121442803881834,0.03524765195021429,0.15703475965825764,0.057892136627552396,0.07724202834015928,0.0194182543452678,0,False
3,0.0019694981507887505,0.2807389130064024,0.08655029226817847,0.1832410454477036,0.11512643299196325,0.02690631620044509,0.15465754179641217,0.04963073659252252,0.07128171292911929,0.029897510616464493,2,False
4,0.00957607329017874,0.2602799857250093,0.11448659213004433,0.18519590568970137,0.1353042440179048,0.015625823975410468,0.16397760014979737,0.03268289468003839,0.06736598622016028,0.015504894121755035,0,False
5,0.03200324732039055,0.2633296878796681,0.08691912718121012,0.1813251321917656,0.12848238786484148,0.040029187089259406,0.15009290065715458,0.04828931481766501,0.06866131699140796,0.0008676980066372324,2,False
6,0.0035370078888676913,0.24134619993211864,0.10357903370905225,0.18815539496774913,0.1336099999296194,0.013256285561800706,0.1684948730606219,0.04992683524302839,0.06384118995217378,0.03425317975496812,0,False
7,0.007956130043925366,0.24226945749332218,0.10252622508265913,0.17695183743924256,0.13951987806501304,0.006999722582544171,0.17561370031358597,0.041209534623375094,0.06626781094750853,0.04068570340882394,6,False
8,0.0,0.2477621155697234,0.09162031259223065,0.1793139675284846,0.12819545604297083,0.024036503770721755,0.1515234386518811,0.05790560334323997,0.08741993464596243,0.03222266785478514,0,False
9,0.0035694144954592204,0.23173981179248115,0.11005382492279733,0.18216658246333642,0.10223305946139835,0.03971275742411111,0.1669916172968209,0.03458034145265971,0.08996840877769761,0.03898418191323817,1,False
10,0.0069099409085821035,0.24708144109375113,0.09167019360598673,0.20523894784106572,0.11218826260056029,0.023052654867168045,0.1513217624906118,0.060342381522782054,0.08470038238860836,0.01749403268088371,0,False
11,0.006985696835929194,0.27628565770444874,0.10019611634380303,0.17863763042804398,0.11951650271611665,0.020674753818996215,0.1517992454987247,0.04557543444828319,0.0618880193325221,0.038440942873132086,3,False
12,0.0065452154300506315,0.2330781392547916,0.10612190511558532,0.1826141938835971,0.146169046319878,0.01278260281706514,0.19655309064900467,0.037359878664567185,0.061657024794140994,0.01711890307131947,7,False
13,0.008713128116752579,0.25942550757426547,0.10129361930236239,0.16960011030475036,0.12560445089541347,0.014996274480949432,0.15345364729154273,0.06311248986032046,0.07734372833058484,0.026457043843058213,0,False
14,0.011314601647300469,0.2387147695053468,0.1112876222858079,0.17590668684687885,0.13665134038989074,0.018810396939252374,0.17763404798541105,0.029747242364799305,0.06262332724164864,0.037309964793663816,6,False
15,0.04068885059187957,0.25322072318431943,0.09317297441102651,0.16817833587114156,0.12849023995791028,0.034154746665895304,0.14101203022994835,0.050920790506544245,0.08432347399737136,0.0058378345839633075,5,False
16,0.021530372465882304,0.23323903687337058,0.10373855297690573,0.1930383703128815,0.11359119384161966,0.017756091620795136,0.17516569379089258,0.046689033777606165,0.07618983564006561,0.01906181869998064,1,False
17,0.0319450076800464,0.23880831317881235,0.08235707963037354,0.20303170733973902,0.11145120601313153,0.021479610888099313,0.15505787761107775,0.040450310699184915,0.07973415194190864,0.035684735017626444,1,False
18,0.0,0.2769003016275496,0.09293333956982648,0.18160379914172053,0.10720067110509172,0.02539136085410756,0.1555907975359359,0.04689342892082266,0.08807398755623648,0.025412313688709123,2,False
19,0.032290006694170065,0.2172218448960513,0.096384567751637,0.19021239158693803,0.1053032756250477,0.04352943097874777,0.15389730759660392,0.02169578585805419,0.10118808677274493,0.03827730224000521,1,False
20,0.009851323661348036,0.26374786062973665,0.10197758700375179,0.18614545264805515,0.10698472819321184,0.042135534372988157,0.14932782565922736,0.0642369809410764,0.07558636347020876,6.343420395907882e-06,2,False
21,0.007103512339953133,0.25078031937681716,0.09070953221742402,0.17538771341046033,0.13350352304016158,0.016677483976715382,0.17281071831436037,0.03852100761928063,0.07055871420583996,0.043947475498987525,6,False
22,0.03927509737248457,0.2320948864182293,0.10910140636376446,0.19531103655860074,0.1077649319953994,0.027505232211349137,0.15756737714970293,0.010719593844138488,0.09825299531323366,0.022407442773097336,1,False
23,0.0,0.25449741612581067,0.08845416836778505,0.19984813094570267,0.11119440957209584,0.029601227915397363,0.16296925908324114,0.06092139013735491,0.07473722368551863,0.017776774167093723,2,False
24,0.022550772009435355,0.2478936964151324,0.08923010104980852,0.183045664270983,0.13549034759882062,0.0357861103587951,0.14928769855322166,0.06614390897432694,0.0586964291109347,0.011875271658541678,5,False
25,0.00932852235282105,0.23638947710382896,0.10515853292476993,0.18034066035914398,0.12212701001998298,0.03977405108345896,0.15843687784544885,0.04562995317317367,0.07259319780348344,0.030221717333888114,0,False
26,0.0,0.2522547950774594,0.08915871680263156,0.18675107967275684,0.10382797001278816,0.043516750022674765,0.16078253414725943,0.06119784114671035,0.07062941901468493,0.03188089410303461,2,False
27,0.018465584846147715,0.23057416154783578,0.10602210265611171,0.18940289527186746,0.12753642420842962,0.011858828702751316,0.15186023143961005,0.06131900300843076,0.067440942984593,0.035519825334222696,6,False
28,0.0,0.25775673870773497,0.10997183327786125,0.18145587381357442,0.13867605449731407,0.017852190794769036,0.138273514698055,0.05126286805053384,0.07347360808121801,0.03127731807893939,4,False
29,0.006781974866242253,0.262493730124584,0.12498579986214922,0.19653677880615766,0.1281666807466169,0.0,0.1645939430041129,0.052652098493198,0.04643493776747595,0.017354056329463186,4,False
30,0.0,0.2803517549114953,0.07463489855383128,0.19734435481204343,0.11261555173059032,0.02570086752996632,0.14608196771859086,0.0667093128879684,0.08027045067794611,0.016290841177568037,2,False
31,0.017625847387060543,0.24507975273264335,0.09947438860456234,0.18478695639015333,0.12540131781895122,0.025211074520900188,0.15492246546514013,0.03632243838871774,0.08778021790691132,0.02339554078495977,1,False
32,0.0,0.2628420339521569,0.09101111151590276,0.17749049422572616,0.11035816982237691,0.04265596790847472,0.14732651814758704,0.07046924873100992,0.07183733802774458,0.02600911766902078,2,False
33,0.025392401504781364,0.2502873782222595,0.07860989403476318,0.1915445995769946,0.1062400042691127,0.03273623015514077,0.16808996161861312,0.02112865042768173,0.10346198026970983,0.022508899920943154,1,False
34,0.03356895489963297,0.2741616331385821,0.08225874171495706,0.19712121005101613,0.1327720205807347,0.008115466217589278,0.15675018506352023,0.05456982574231967,0.06068196259164774,0.0,5,False
35,0.0,0.2421156132679952,0.09785217093429067,0.16891801563084816,0.12733152251589844,0.04269549245360721,0.1573974141028031,0.056701735667795634,0.08689236465231401,0.020095670774447474,0,False
36,0.0009524490937066188,0.2796979433893413,0.0818116319990898,0.16794086649691203,0.10870399266116258,0.03461382464662322,0.1564848400942184,0.06186874899411932,0.07348176930904456,0.03444393331578219,3,False
37,0.017021015285533236,0.2393743836188372,0.09624711457467297,0.20533693329040492,0.10417998741013615,0.046182323899255154,0.1441658882717321,0.0233301178192436,0.08986417163819388,0.03429806419199086,1,False
38,0.006393057568852638,0.2522731172529433,0.09046728362759822,0.18935025260248112,0.11211171791062245,0.0211571958577395,0.15708287909855442,0.05095243719246634,0.07965571344304358,0.04055634544569847,0,False
39,0.007673363159708032,0.2388422819715043,0.09900907065642818,0.21628114318792147,0.11173110075694266,0.0258787700632035,0.1710477738979624,0.020545186262636014,0.08933334173825773,0.01965796830543578,1,False
40,0.035917753273842515,0.2606400588120394,0.0875699850867207,0.1813018876751583,0.1272512452780721,0.04821078366491429,0.15759646078187597,0.042536339040774945,0.058975486386601716,0.0,5,False
41,0.023027662758775602,0.22974712258986732,0.10941537900197473,0.20741029339971673,0.11473299073603063,0.037894146546696705,0.1527984713805538,0.01069300752756351,0.10326844756709946,0.011012478491721545,1,False
42,0.04971939911139001,0.2490904433625949,0.07980987927158545,0.17596272785856631,0.13286549246230753,0.026052456249379723,0.15204526273345945,0.060080393475301946,0.06683826872826142,0.007535676747153255,5,False
43,0.02883735646552442,0.24447374716967485,0.10311736793663141,0.1874752586584749,0.11428647375448384,0.023100687274684284,0.15701156000160396,0.034211483571938726,0.08871217830579915,0.01877388686118457,1,False
44,0.04361035064651459,0.2583870147211543,0.09327115685212797,0.1774939451259255,0.13005049620512213,0.04356852919568551,0.13653443929613754,0.05000435244296542,0.056662720056375085,0.010416995457991955,5,False
45,0.029196348581236077,0.26320541069425263,0.08559857400494902,0.1884532200696016,0.13226027879468594,0.03837337600375428,0.14602154393158626,0.05177509957379738,0.06511614834613684,0.0,5,False
46,0.011412779135802215,0.24565413299732103,0.10266679500295557,0.16776212250420075,0.13334939455074066,0.0,0.1873726765323926,0.042461265791224584,0.062165877575414315,0.04715495590994823,7,False
47,0.0,0.22847134102936806,0.09157260814775456,0.2028587928583518,0.13345637106056146,0.034241983409057396,0.16818812493211432,0.05123657230343436,0.0685537085706212,0.021420497688736807,0,False
48,0.029227588656235676,0.27563136862161314,0.08503706000834747,0.18699333764757062,0.11725158604438236,0.052688567980329996,0.13656208350555865,0.03626984949214482,0.06413811907298506,0.01620043897083219,5,False
49,0.0234432060960693,0.2527754399688355,0.09283493201944429,0.20510857272720068,0.12553399804928508,0.041067144573969566,0.141118286349177,0.03873448127669001,0.07938393893932856,0.0,5,False
50,0.01492419518756445,0.28334847383368367,0.10626767561702637,0.16826080045392117,0.10940351356590947,0.016041939069822465,0.14550588483132704,0.041708570195308936,0.09008501955912618,0.02445392768631021,3,False
51,0.026438889130861315,0.2484838655028085,0.08538327131719081,0.18758338913397618,0.09058927757631277,0.027903780598004052,0.1708278814623973,0.041072803293477955,0.09781477458490369,0.023902067400067468,1,False
52,0.03001378359235079,0.25077151675084597,0.10923918387243867,0.18362647806281943,0.11986487732465213,0.026736724009230405,0.14109520014349344,0.05722552213897442,0.08142671410519468,0.0,5,False
53,0.026144951424157018,0.2589543350537944,0.09133932849143162,0.18673734431973885,0.1233807398121435,0.03883907230280797,0.16163934078363068,0.05162308660636672,0.05580367753443965,0.005538123671489628,5,False
54,0.0054178218511590995,0.2387799305820379,0.12188364174001255,0.20980039282359964,0.1163454952439326,0.033316611944978536,0.1665247221750533,0.017575139173921714,0.08530492171456092,0.005051322750743833,1,False
55,0.00476047958458417,0.2698153649086835,0.09961094843316744,0.1663082929186567,0.1223893705936976,0.016563720485922452,0.14845943369055153,0.054095724359004185,0.08025959905539531,0.03773706597033692,3,False
56,0.00966402538062287,0.2855451361915832,0.08838088405324196,0.1647908443165544,0.12995274288256645,0.027607237524719715,0.1590295481934,0.034527567868115915,0.08339780069009319,0.017104212899102352,2,False
57,0.0013180921851787682,0.2433806396452986,0.08757231473172204,0.17858165193498376,0.1190726471334494,0.03885742562982673,0.15589039155503237,0.06534026265524188,0.08406184622273338,0.025924728306532942,2,False
58,0.027851787954808284,0.26598570234653907,0.08229479740512885,0.1845986567938856,0.11504367195808858,0.03678937897505207,0.16082651649810534,0.03797474025550479,0.08863474781288762,0.0,5,False
59,0.02276931699616015,0.26485273334456044,0.0893987386682259,0.17839423612945512,0.13080578664986625,0.04574388916876279,0.15949731763834077,0.03793988458102948,0.07059809682359906,0.0,5,False
60,0.0,0.2584992964159009,0.09988828390843711,0.17314638478848937,0.12138307575331599,0.03233374720526031,0.17246027406195608,0.06291373918080136,0.07937519868583888,0.0,2,False
61,0.010258812566160659,0.2662479490609274,0.061936450938779426,0.17171510996669737,0.13183794319405154,0.026468152734410767,0.1708012990026895,0.06040212015175543,0.08673768134248057,0.013594481042047309,3,False
62,0.019281401960453432,0.24829724537758738,0.09160575762005009,0.21281015253576802,0.115441678193035,0.031744255920271774,0.13774100757965632,0.021338575581580456,0.09258649719956993,0.029153428032027667,1,False
63,0.03443749929364626,0.25704302919547634,0.0884600091588171,0.16840022399270246,0.1341221485236312,0.056510080463684824,0.1523741505512102,0.04521135503458509,0.06344150378624644,0.0,5,False
64,0.0,0.301519601848975,0.07956087586501663,0.19817855689328231,0.11618438457254841,0.02264116614055925,0.15029477641986455,0.04772035420176619,0.06351147633645506,0.02038880772153257,3,False
65,0.02032166247625312,0.25758814048253614,0.09113690931504868,0.17098438766911878,0.13898143136792665,0.0353346595097187,0.14658273675426695,0.06423282769907776,0.0651084056603877,0.009728839065665408,5,False
66,0.03695234538546519,0.26242304075869444,0.0830055494789263,0.19765253485986506,0.11363141101407699,0.04415942149239443,0.1570366252125882,0.03260053953055653,0.07253853226743273,0.0,5,False
67,0.009967159743527921,0.25688696028361024,0.10600514761671008,0.1807236989126413,0.10733060581711258,0.027020376859340507,0.16770367235814812,0.01709043093018787,0.11687470311235462,0.01039724436636667,1,False
68,0.020089985477805907,0.22102470841005986,0.10025116794060664,0.18414807470322309,0.10663528804139388,0.037461586286640466,0.16492960668472065,0.0331085283339144,0.11024053877289791,0.022110515348737286,1,False
69,0.03135116799437846,0.23483947449872242,0.09699499089968594,0.19356275961299138,0.10462847205829835,0.003835134183010779,0.15739850079673878,0.0384560850534104,0.11314986341184335,0.02578355149092021,1,False
70,0.0225022861713982,0.24270166389172274,0.10572558432364536,0.191638201897987,0.11333283063011922,0.029938973071028177,0.14683858311795714,0.035361948682256755,0.09766919446154602,0.014290733752339227,1,False
71,0.04246764399152759,0.25233023083218387,0.060166374255598,0.18322517316331388,0.12487591627944501,0.043026517885909325,0.1586391053003977,0.04826626353262835,0.07425575210702862,0.012747022651967775,5,False
72,0.001415639048557377,0.2469395395756851,0.07629378211663289,0.17742038254581197,0.13795618698988232,0.020436867178044167,0.179634319116887,0.057915590757919584,0.05993187900818722,0.04205581366239227,7,False
73,0.030962054785440243,0.20059912897384907,0.08841603896910585,0.1930972578405849,0.12079353703854459,0.036044300056951695,0.14775688175628807,0.01768921926366931,0.11012829442204755,0.05451328689351878,19,False
74,0.012957420116297932,0.2635999009606678,0.08053552239006624,0.19126825117701854,0.14108047846697383,0.044573107904572126,0.1486592043789405,0.049407755845490814,0.06623790442089719,0.0016804543390749652,5,False
75,0.021427921466350253,0.2667657365825104,0.06638777253565707,0.18557152587765607,0.1491492709295441,0.052125122455237115,0.15768960123741965,0.04913385351121084,0.05174919540441442,0.0,5,False
76,0.0005772780740140689,0.2594253687198734,0.09029150356701723,0.19638717033947567,0.11098056355552982,0.02122848428609406,0.16351935144490345,0.05031007581928694,0.06256955202574345,0.044710652168061936,3,False
77,0.026212315536169446,0.20562440791966977,0.11123910089534371,0.19586352573222618,0.10925865198287274,0.041057989178787405,0.1629992016437747,0.014141756547202799,0.11313667465869154,0.020466375905261767,19,False
78,0.01661298885837672,0.23397354350226518,0.11855621949008056,0.19385982427722273,0.11196876207220094,0.03401719518731354,0.16251789638858752,0.02820429802085764,0.08876185580322545,0.011527416399869704,1,False
79,0.042826437824666067,0.22486498558760468,0.1051267223344544,0.1871751099008986,0.11828236197733702,0.017392486009194658,0.15713599517929372,0.029687559938218425,0.0870001325627942,0.0305082086855383,1,False
80,0.037903125093869616,0.2435647082713685,0.09290150118689497,0.178284130173726,0.114038566218483,0.0585187909573498,0.16606565941878224,0.0653987779674637,0.043324740712062194,0.0,5,False
81,0.01335414362631956,0.23926116957249818,0.09146823692638094,0.19193303742973322,0.13217313419914456,0.020012141460079534,0.1704084629759287,0.05864746780334347,0.07240467722336216,0.010337528783209735,1,False
82,0.03240635982250675,0.26681582692161304,0.07379679231753349,0.1841270987358246,0.1291279435417114,0.04654562891902141,0.14224133420637297,0.06882256608265935,0.05487225197722296,0.0012441974755340013,5,False
83,0.0370020350683846,0.20627900418601164,0.10534059351560351,0.17597177887865834,0.09779511563435019,0.03833844745093547,0.16600129702388902,0.0397593341833949,0.10981166737419337,0.02370072668457897,19,False
84,0.046082231708392554,0.2631338148658939,0.08668197298072863,0.18082256930546203,0.13104518541088184,0.03881866339173138,0.1422745502751943,0.04271451114672573,0.06842650091498967,0.0,5,False
85,0.022886627979753035,0.2163274414147036,0.09872331384047074,0.18946802104432175,0.12172300751506553,0.056953355565600106,0.16507055906731535,0.01476918655721849,0.08736950418732121,0.02670898282823033,19,False
86,0.0363016353347115,0.2267233328677995,0.07249462212942237,0.18473065179767933,0.10073831737950469,0.04691618480967716,0.16017353027963158,0.015256844554463807,0.11594957260673776,0.0407153082403724,19,False
87,0.019030318983636742,0.23293757266371892,0.08010816182300355,0.19540742832208724,0.11489316250101773,0.029116688682420216,0.15592060193936386,0.03500107201373083,0.10133916485817981,0.036245828212841,1,False
88,0.004411143150922191,0.24707013857039317,0.11237192385596109,0.20618576477250425,0.10266865944654062,0.0,0.1715183602410465,0.04179895162967988,0.08163605655853755,0.03233900177441477,1,False
89,0.033930068241532815,0.19935884185354819,0.08861741156034557,0.1848029217510745,0.11745842862244231,0.05984880188265951,0.15035721052352743,0.030822649004902877,0.10509266806609353,0.02971099849387332,19,False
90,0.03834338277440308,0.22294945596292287,0.08801940544573997,0.1618095483737602,0.11710080962073287,0.05917014685462457,0.14038817527154634,0.017185381305857037,0.09740903853250331,0.05762465585790975,19,False
91,0.02780298766816329,0.25507966603989585,0.09568392751941596,0.1700915227498737,0.13460101895925816,0.05203041307728416,0.1531561972658718,0.04754962726461733,0.06400463945561977,0.0,5,False
92,0.040781655108216866,0.2157284128506824,0.09918953147534436,0.1870229147139005,0.11000505802027859,0.04298526653479879,0.1578894641197766,0.008303612159613137,0.09512475160323648,0.042969333414152405,19,False
93,0.012500630309425517,0.25528232859200883,0.10260400700451972,0.20857091333717248,0.0908395945871668,0.032004038688915486,0.1588369092888587,0.02128186117448845,0.09090960433416194,0.027170112683281903,1,False
94,0.026160817647208956,0.19935793534858065,0.09825071186122247,0.19059741968330265,0.1130452362096904,0.03951936778290477,0.16630709573937846,0.017417679184150946,0.11138759172756448,0.037956144815996316,19,False
95,0.015742980332962602,0.23812105503941736,0.10016355625736145,0.1997096987787512,0.1085462791364009,0.027781333015336727,0.15751523957431365,0.023437247445781736,0.09518395636037418,0.03379865405930016,1,False
96,0.0,0.22764739606193918,0.10438080101161658,0.19904757607793802,0.10554911830015327,0.020084698616632646,0.18497091406853694,0.033993842805570725,0.09164650072528963,0.032679152332323054,1,False
97,0.022999997635576534,0.20946047297478135,0.11656573425896022,0.19171833140770192,0.1018331409442561,0.05028645761902286,0.1463516576472776,0.023365912852791968,0.09689618123398426,0.04052211342564702,19,False
98,0.023373894653008247,0.19636639965449745,0.10822173747899795,0.19015382274681675,0.09107651025547243,0.039162644447162956,0.15203912419483911,0.026727999814178605,0.11496730061151102,0.05791056614351558,19,False
99,0.03241969473432641,0.22409120184239387,0.09410546509599893,0.17658744204977264,0.11380692122169353,0.0498012102006376,0.14177171405459466,0.036687464677499046,0.0898194327145491,0.04090945340853431,19,False
100,0.0,0.2510327411801304,0.10388124031958773,0.1935576871514875,0.11363673461113502,0.03393697679076979,0.16458123334880026,0.03357160314049018,0.0901703603487951,0.015631423108803902,1,False
101,0.02178057654116623,0.20791553377595118,0.09763514380850212,0.1885299869717776,0.10819972638918217,0.05199657483593354,0.15088055913481405,0.02759705827643017,0.10886188152822922,0.03660295873801356,19,False
102,0.023493104310287907,0.20873659742047676,0.08789370465106851,0.1897094580060458,0.11063731832946473,0.06136411084762123,0.14331752133777087,0.031079087205434792,0.10241263537436932,0.04135646251746015,19,False
103,0.017359373678012564,0.21834556734106786,0.08743686110982944,0.19509288412722184,0.09615159833741141,0.04375282670469943,0.15725763069739887,0.034502837968836776,0.09922985057089151,0.0508705694646302,19,False
104,0.032637856613798574,0.21589992123103416,0.10739875505474251,0.17603234175083282,0.12203676729069488,0.03157819138685857,0.14639372185508445,0.02841402345795349,0.09231269955808465,0.04729572180091583,19,False
105,0.023380577651837788,0.22293917638419436,0.09331754308828506,0.19293139834261971,0.11220747364957366,0.05250562678436203,0.1399546090419425,0.014373124751162534,0.10345525779218695,0.04493521251383536,19,False
106,0.03801841552271547,0.22193436768473362,0.08872207327137746,0.1997062920190635,0.10028276421722593,0.027908987666023684,0.1560629078219713,0.03018717598770703,0.09083677903535672,0.046340236773825365,19,False
107,0.02325303261712486,0.2205755264940921,0.10725331847273825,0.18665032041533494,0.1096404078735299,0.030568330580004154,0.151157290775335,0.01019892145045536,0.10704800005192987,0.05365485126945559,19,False
108,0.031207577255242702,0.2228460378746095,0.10100753561634901,0.18078071628081147,0.11060183549872779,0.043090591712953236,0.16772615667933818,0.02386827995052381,0.09429564463927596,0.02457562449216836,19,False
109,0.021415893227479277,0.2320766549258386,0.10237626224992619,0.1908793442851136,0.1147284713117097,0.04745622036998123,0.1473825556846813,0.03575515308021869,0.07251248132788628,0.03541696353716508,19,False
110,0.04408757664212634,0.21111906071026187,0.09677550071068038,0.18079929053648136,0.09361635137724049,0.05383804475368885,0.1466537434543279,0.02822015222919689,0.11209626951317878,0.0327940100728172,19,False
111,0.02665330809199195,0.20730009389284235,0.09478682864125794,0.19494427228546712,0.10589280418396657,0.04614089360902055,0.14689049078759572,0.023400602044211863,0.1155819084662892,0.038408797997356706,19,False
112,0.03828165291730738,0.24107863663595033,0.10852364193284626,0.19590609035169523,0.08925624898346908,0.029721699772659285,0.1775976508585903,0.012556913453648903,0.09338059066750531,0.013696874426327891,19,False
113,0.02315411538865806,0.22680286390321208,0.10126669973567609,0.19118593322882346,0.11859117897365609,0.0366097122057685,0.1550697612926861,0.029211367501135663,0.08565654007796224,0.032451827692421796,19,False
114,0.03498143010261908,0.21519273091164468,0.09935693041610577,0.17791981994706516,0.09458912397440374,0.03520948829775233,0.1580214330288422,0.02822487617116883,0.10791173723995143,0.04859242991044681,19,False
115,0.03713520803717581,0.2139305779277027,0.09981182705648603,0.20493040069641189,0.08947713274729535,0.028612279935341284,0.1738044098551133,0.009381015127769836,0.11200131657000209,0.03091583204670169,19,False
116,0.023556832714181818,0.21548524156997237,0.08702748708458082,0.18043340732781793,0.1046291785623726,0.0436186743152572,0.15831147404285945,0.03093213666224438,0.11646920238078375,0.039536365339929644,19,False
117,0.03359326958781505,0.20994867733770167,0.10588606030372305,0.17617804376122914,0.11064863670995911,0.04315704139374708,0.147613442543441,0.028272015270768967,0.1065831716252371,0.03811964146637783,19,False
118,0.02622940962410132,0.21156219710611024,0.11063505194101643,0.1966103591596735,0.09782518398911003,0.04134046183993543,0.178687267714915,0.0,0.10963296896682609,0.027477099658311948,19,False
119,0.03139198215710158,0.22804262000794023,0.08268592696264272,0.19484434596675376,0.11769093565565705,0.045823333092672495,0.15307614244895454,0.02239389147827606,0.09242528538016541,0.031625536849836176,19,False
120,0.037346250181279794,0.21301979101522145,0.10106135510352045,0.18734392622049378,0.10333897619869513,0.05506583664694294,0.1538789194605,0.014374478678482119,0.08350211247090684,0.0510683540239575,19,False
121,0.029076169897354894,0.22027646592409283,0.09391212296597096,0.19811377769793057,0.11132877885000973,0.06189938286998885,0.14975886101513047,0.0,0.1091898566327634,0.026444584146758314,19,False
122,0.025077179999394055,0.24482622294034562,0.08982556048934548,0.2000357837858962,0.10934762928788082,0.015675504208537326,0.1425523511574512,0.03248072993229344,0.10150742141817394,0.038671616780681796,17,False
123,0.034765045179676955,0.21575520335323775,0.11361356242982137,0.19472304689525602,0.09556865692970107,0.026044117699783736,0.1636385390786338,0.024491021654898793,0.09901778427846318,0.03238302250052742,19,False
124,0.02145576183001495,0.2166330644667151,0.1035446316667104,0.19294483145216312,0.10117884006534265,0.03745896424704571,0.15948363824831768,0.021164439839712952,0.11369952475758484,0.03243630342639256,19,False
125,0.02214440287625209,0.2187742528765975,0.09926472551540075,0.19551469775951577,0.08330779242941937,0.04878016154615383,0.16176290605547816,0.02141096542912171,0.10286386079100196,0.04617623472105887,19,False
126,0.021407033505724257,0.21798637971928347,0.10493187745919018,0.20231885727546417,0.11299449496111554,0.05913244956870023,0.14173173896128086,0.0070752857199730046,0.09525123950020498,0.037170643329063356,19,False
127,0.011082030367920211,0.24169030402941782,0.09926746522926813,0.18529836740939043,0.12195298812884896,0.043536295883193764,0.1646132806708821,0.0026068760818891935,0.09628856091551943,0.03366383128366993,19,False
128,0.014673804015529961,0.2421550902765297,0.07005717470681189,0.18474942445471562,0.10097015420209479,0.04183776420878836,0.16369825307951594,0.019639992134666356,0.10555337870015616,0.05666496422119102,19,False
129,0.02023238613341256,0.19771342257036992,0.11383148809737521,0.20706514913533075,0.10025715605343162,0.042576652580327536,0.15111346587616378,0.029461387154447037,0.10257206137475301,0.03517683102438848,19,False
130,0.029043832274286127,0.22095747645829597,0.09755580913274609,0.18204689507068123,0.1105502483752325,0.03682704519989134,0.1595062095339665,0.02653592767125628,0.08708933053871086,0.049887225744933116,19,False
131,0.025581320029394,0.2187307874396874,0.09903668550000723,0.2088348214150968,0.11184359517288175,0.0352479101363716,0.14732296404521011,0.01612508624084853,0.09000671506796853,0.04727011495253412,19,False
132,0.02713484852126557,0.21082310129227533,0.09759906943077706,0.18109909476635133,0.11721685622464764,0.05533878459290778,0.15230506870036334,0.0262387142878152,0.09317358213742497,0.03907088004617175,19,False
133,0.03403765311148714,0.2151399486095822,0.08949529022649914,0.1836178125026478,0.11316590055999276,0.039539146820493594,0.14834273822538377,0.01737020953718791,0.11727890193562272,0.04201239847110294,19,False
134,0.05045514584418659,0.2026949694823946,0.09853726337110767,0.18645354575605916,0.0912602921423055,0.05158694465301908,0.1447322791726135,0.03122093493703118,0.09202141286778166,0.05103721177350098,19,True
135,0.03310767388487365,0.21639863392489153,0.09169449574386582,0.19563232697968846,0.09984995965852939,0.05083246921743102,0.1549558661318046,0.0011091829274176743,0.11331287489624117,0.043106516635256664,19,False
136,0.023752987836702613,0.22170350146325019,0.09986824326961906,0.19987236686607476,0.10476289192244229,0.0478646037682715,0.14618175154596438,0.015492443393783376,0.09729952060913646,0.043201689324755335,19,False
137,0.04345046449130695,0.21475032836158686,0.09251316657402739,0.18974930547589414,0.10275100863238142,0.03422071940532735,0.16431899003776643,0.016609370151325926,0.1036215185582971,0.03801512831208656,19,False
138,0.029841142343328884,0.22672955960976604,0.09341997179579514,0.19048273847366468,0.1014713610257226,0.021442912195333376,0.14785252856509926,0.03966985959816483,0.10919445833259593,0.03989546806052932,114,False
139,0.03440558218570871,0.20507253938277045,0.09477336357878852,0.18997370897074578,0.09903188480818012,0.059417697612171694,0.15503036015216382,0.016499730467041306,0.09892857437014592,0.046866558472283666,19,False
140,0.027976663772122524,0.22517544524302344,0.105305883777671,0.1872331120044584,0.0931464948036912,0.03540793453637924,0.1604187025589158,0.02271993984745319,0.09329829850086312,0.04931752495542222,19,False
141,0.02965044617942898,0.2190207563205641,0.09911742526826359,0.18650749334934683,0.09846449972085965,0.04223313434710226,0.1543645336297858,0.025264298264763434,0.10997681354685206,0.03540059937303322,19,False
142,0.011647684533682786,0.2254481092215546,0.10237745056821193,0.19969944689655536,0.12651801081341926,0.04626198845615825,0.1459770305101798,0.020917619100669547,0.08444059042563866,0.03671206947392985,19,False
143,0.028540227158453155,0.2572803104997595,0.09222638034525117,0.19231608071483572,0.1037185512797567,0.012663347463164084,0.16038126506005856,0.03419418377255943,0.08260764776057192,0.03607200594558962,17,False
144,0.04319869446873141,0.21670364182478125,0.08498915857966766,0.21761752846193622,0.11286857575222473,0.02272400466387043,0.13815074039341826,0.025271480835770462,0.11133880482416202,0.02713737019543763,19,False
145,0.040960765746579184,0.2157313654090677,0.09974705547883021,0.19057535734506106,0.09772751674394727,0.04452000968019029,0.1380550388964724,0.03254723490089113,0.10057605155348008,0.039559604245480696,19,False
146,0.03573673502713743,0.21562842623674344,0.09605282185153624,0.2061395601673284,0.10146878468189155,0.04636824006654193,0.14689197555553873,0.025300798518548422,0.0919692799254079,0.03444337796932606,19,False
147,0.03070386528472646,0.23691326376543081,0.10205829537904297,0.18274558005082273,0.08865656520263868,0.044473039359906964,0.14375371965355835,0.026387829549278614,0.09606767974972254,0.04824016200487183,19,False
148,0.03742644622912833,0.20943688309423317,0.10710309099404335,0.18656520577154206,0.10409333008946384,0.04333259678068648,0.1598876784858913,0.022534338558270407,0.09453178390475736,0.035088646091983706,19,False
149,0.01701818808121913,0.2514484128977699,0.05361609975420472,0.21923602814234092,0.120990527143474,0.021465533201411657,0.17753947217159766,0.04177904890628061,0.07645961259507353,0.02044707710662786,17,False
150,0.029158199146114946,0.22111950364339922,0.09649650932782057,0.1950346116899918,0.10017474684314065,0.03657685853797156,0.14806781142585296,0.03355396848311006,0.10248696807357897,0.0373308228290194,19,False
151,0.03885840354616563,0.21249486160812023,0.08676994446782987,0.197060886257025,0.1043512710799757,0.041460337264272035,0.1576768041834492,0.02702180019526078,0.0992916229704862,0.035014068427415404,19,False
152,0.05203123230811668,0.210661289497339,0.0801301211572308,0.20070914063037126,0.09644758908317087,0.026166819667088694,0.16284649021937941,0.015582940156818832,0.11400167837804807,0.04142269890243641,19,False
153,0.032129221338015386,0.22592022900658554,0.07425254141578026,0.20173934937519133,0.11256123582295141,0.028074417498567737,0.16474887907325678,0.03487963666521247,0.10851556304822937,0.017178926756209897,19,False
154,0.03053304979495727,0.2192482483143039,0.09544002793782977,0.18626460305052656,0.11625395131747368,0.053302915402910926,0.1604613575601256,0.001288995823485831,0.1080432405228834,0.029163610275503054,19,False
155,0.04278052950315447,0.219469017039005,0.1113093736910176,0.19648375741391352,0.09854728597054337,0.03665836743317223,0.15226784944497895,0.0046020455148379205,0.11068281635698618,0.027198957632390743,19,False
156,0.02907610322341787,0.22004128007472004,0.09123406411449016,0.17260620659279155,0.10038188359790748,0.06258287545547092,0.1558595577479861,0.02337298295431484,0.10640686876343754,0.038438177475463665,19,False
157,0.0095590105629463,0.2335348165646368,0.08968499225781008,0.20524891988153737,0.10118320836677214,0.05732000763928674,0.15574967185348015,0.0,0.09905479653087114,0.04866457634265919,19,False
158,0.028283894486721396,0.2280402218535104,0.08520173193864261,0.19909297349183377,0.09560385808748713,0.03591838264427441,0.14652794070008734,0.031164965325931077,0.11215626307738208,0.0380097683941297,19,False
159,0.04389912170113322,0.22215777938782902,0.0779488174238285,0.20019739113679902,0.12171444475068464,0.039216028868653545,0.13442286594315578,0.024946773923525636,0.10898451371308787,0.026512263151302787,19,False
160,0.0380433553155436,0.21497701196100286,0.09933818716891939,0.20023943564336094,0.10026433539542173,0.05373937956031271,0.15221101153224936,0.010650327008141804,0.0972905641052948,0.033246392309752675,19,False
161,0.03054938823957395,0.24783770431458252,0.09323280517933011,0.18737553908165247,0.11899512777028752,0.023783008155886524,0.14180513774489356,0.049401085361307995,0.06663251431105864,0.04038768984142681,17,False
162,0.046372309465695295,0.2074271676076192,0.08550323616689492,0.17566507840282647,0.11965001500823305,0.04086724710739632,0.1699593650330005,0.022920238317524474,0.10279803961509673,0.028837303275712968,19,False
163,0.03795648437050397,0.22899250621638356,0.114210077370158,0.1905910294442394,0.10652300295296831,0.030975612020324242,0.15575361358859557,0.01585003397435858,0.103427519748336,0.015720120314132374,19,False
164,0.032886866963545404,0.22398430492285135,0.0964185203934149,0.18297168244796158,0.10549175296669822,0.050841527825684775,0.18194310805546532,0.012035146894338072,0.08962773445455118,0.023799355075489144,19,False
165,0.0330964923963104,0.209216290483619,0.08214699062769398,0.1936895528273125,0.10788718929274863,0.033578021820471995,0.17112110854180632,0.018159946327399153,0.1078828001416625,0.04322160754097552,19,False
166,0.043440029343046464,0.20915780709174334,0.10484910936414443,0.17567211499428728,0.11780663293815864,0.018229148405264666,0.17089937055656254,0.01950054761662698,0.10508039672273076,0.03536484296743497,19,False
167,0.04091877809666389,0.23333351840638059,0.08955514284835692,0.17405467179258843,0.1147410824142023,0.06406795373657898,0.1387535160344716,0.011043115209065323,0.08630329213223109,0.04722892932946098,19,False
168,0.015156832438239636,0.22417498729653107,0.09480060446211999,0.20810143777341222,0.10540878349545874,0.03212471079468548,0.15035004345656283,0.014496109112994428,0.11085791313502011,0.04452857803497539,19,False
169,0.04185507507506941,0.21566401156821535,0.10150669048077637,0.19439697616252394,0.08617843081063178,0.04615561765078279,0.14164368597050042,0.03497596610170213,0.0915284815829321,0.046095064596865534,19,False
170,0.02852026177806749,0.21219416881146258,0.09837501806180843,0.1898110657089127,0.09677767117467016,0.05606626874404124,0.14050419096303243,0.033299621807385285,0.09533995432326921,0.049111778627350375,19,False
171,0.03577738796813203,0.20823605884841973,0.10785696294040864,0.18325827900764155,0.09083851284065368,0.06130859512737885,0.14988899078409895,0.02207094333064519,0.1054575258959378,0.035306743256683426,19,False
172,0.023455233443756378,0.22470351027386298,0.0926460443915587,0.21219945445839947,0.11478246617894311,0.030007963608932462,0.15379472645756995,0.013167432115412525,0.09067329052232981,0.04456987854923464,19,False
173,0.033193293128318174,0.21621090574609708,0.08217208536240181,0.19350714637970456,0.10451385692942608,0.03974562142436067,0.146445250322079,0.028225009838823083,0.11723467380023897,0.0387521570685506,19,False
174,0.049320719238942094,0.20906726618417001,0.11165457505163072,0.1822083447894717,0.10120646772688772,0.04258280494541926,0.15678855095518424,0.01072704991321357,0.09883712151950867,0.0376070996755719,19,False
175,0.028843984944005946,0.22562076381336085,0.09742012389943648,0.1915979867847814,0.1067799151090201,0.038958856946425216,0.16337898802821185,0.027297600068881347,0.08499670876503147,0.03510507164084525,19,False
176,0.021498742402622308,0.23511114036301076,0.08308521570229511,0.19806509470909706,0.10406772625454487,0.036945149649000406,0.1475412016234572,0.04362223699284219,0.07698218701776809,0.053081305285361945,17,False
177,0.034702684367798595,0.23665812676402456,0.09262053638397834,0.1974057069139824,0.09925504612015026,0.04138879772956639,0.13296966126390686,0.03037178357552519,0.0954260745930293,0.03920158228803791,19,False
178,0.034704064187598783,0.22573791499388834,0.09604047137148458,0.1941705041912484,0.1024114605994147,0.03741772573235277,0.1561746841761338,0.03819436610419348,0.08753043096422776,0.02761837767945715,19,False
179,0.04169185502063646,0.2343399457784128,0.07921173407933828,0.20091214745125854,0.10491224265685255,0.01778176933063078,0.14530011656709932,0.03780934020461986,0.0890290310366263,0.04901181787452502,17,False
180,0.02561033222838521,0.2387333933568215,0.0826610217047941,0.2004394572270293,0.10355327672591585,0.04231732460225716,0.1599767319818946,0.013478414293663858,0.09978531392872307,0.03344473395051534,19,False
181,0.040119078987775315,0.22529540010873234,0.09098292233386672,0.19782067375735843,0.08482329196772069,0.03851755438939793,0.15277062975321068,0.03144626574541567,0.10132157581349177,0.0369026071430305,19,False
182,0.04047324457128216,0.216564366865238,0.0984157886265831,0.1731036919492665,0.11768603557853234,0.04341395064454184,0.14910866189117591,0.033834983781246476,0.09064331796015411,0.03675595813197963,19,False
183,0.04329409656351009,0.2208426728221751,0.10925123073874951,0.174622771727281,0.10306090906045606,0.042973454424537975,0.16594102406645397,0.020521607764714164,0.07834571715622929,0.04114651567589281,19,False
184,0.029962702079586966,0.210203542020169,0.10171919384749624,0.1928386012522766,0.12381095156194441,0.031316265345196145,0.17301652378771296,0.019873533020291448,0.10206140880526758,0.01519727828005868,19,False
185,0.03245249157526577,0.2114356237711072,0.09826146671551549,0.18911680027018157,0.11275666163541535,0.0506762826532032,0.1439014334964278,0.01589553606661512,0.10724864428021687,0.03825505953605164,19,False
186,0.029122039120596528,0.26580370851483565,0.09115319772611645,0.17361208764563787,0.11877130010164542,0.033891759387789516,0.1620164512845493,0.058595279188856084,0.06703417702997318,0.0,42,False
187,0.03488232953076515,0.23647336426156962,0.08830937880573447,0.17869135129454208,0.1097835900486046,0.045962488832600026,0.15801067758351586,0.015992002577841304,0.10347346951600887,0.028421347548818112,19,False
188,0.03215404679735381,0.21402053487961192,0.09602796020904023,0.20430674994531392,0.1007290210259891,0.06402091736455828,0.14156286867686557,0.01413735076069115,0.10090954349570526,0.03213100684487079,19,False
