ID,strat_res0,strat_res1,strat_res2,strat_res3,strat_res4,strat_res5,strat_res6,strat_res7,strat_res8,strat_res9,ancestor,alive_at_end
0,0.2228039708719027,0.3028708888757571,0.036888006494079036,0.026171537571032497,0.12659005671910292,0.07669636368642349,0.014049671195768845,0.07710735820784011,0.021684969315031104,0.09513717706306217,0,False
1,0.21936349179654285,0.2901271946686153,0.017884272980379413,0.04222620057211621,0.13013540658999856,0.09293558859728741,0.014260192500742742,0.07576306363758907,0.02469897665173907,0.09260561200498943,0,False
2,0.22050522690039287,0.275027857596934,0.026300899795129513,0.04994105371070471,0.12047989947856162,0.09394398976313674,0.021395902902456358,0.07894444284687602,0.026833153247469214,0.08662757375833904,1,False
3,0.22531103910641168,0.2647356858487106,0.01417155399481437,0.033167496758327954,0.14603667156515704,0.08950479495618738,0.023390706801768118,0.0773683322496854,0.033577612664874815,0.09273610605406271,2,False
4,0.18089836049356237,0.2908824584590126,0.023432297731803216,0.051406077601840086,0.14065521097093034,0.09089220085046225,0.01861093078067913,0.07938042942845427,0.025382193536035068,0.09845984014722058,1,False
5,0.22137398108126177,0.2965243283664058,0.0327153428435172,0.026048324616834873,0.11407377118864995,0.09019387141509479,0.012901942251330139,0.0853492359791197,0.024950967448077448,0.0958682348097083,1,False
6,0.23988233581098897,0.32190860113987396,0.028420891228446505,0.024211025845614662,0.12507619419989985,0.058768719844316426,0.013455244907126974,0.064995554791321,0.0231585302432451,0.10012290198916653,0,False
7,0.2252378439570736,0.29115145431106393,0.042200454519660514,0.046144059834128406,0.12173836936026362,0.07981061097928165,0.011678465514975232,0.06029493738869298,0.03544793703653781,0.08629586709832233,0,False
8,0.22833960030038503,0.30163517699939724,0.029257972387934993,0.038023654547294485,0.1474676147320523,0.09896201924053859,0.009714976915307594,0.0702074976830222,0.00348008151294812,0.07291140568111946,1,False
9,0.22653345625518054,0.30558569293765103,0.035372678805189614,0.03419518577016541,0.12544725351633523,0.08411219190615143,0.0,0.07681892902707328,0.026479097729273555,0.0854555140529801,1,False
10,0.22737701592349935,0.3071455690452223,0.047556088793081645,0.014157041044677746,0.140416397055975,0.08210530096200257,0.009051007698538024,0.0763462330644765,0.018850784347613662,0.07699456206491317,0,False
11,0.22143381853518476,0.2749427297408467,0.022301726700956443,0.04402167515841581,0.1269498934803416,0.08609508763770114,0.02014026936017189,0.09465154552841862,0.007737074961498788,0.10172617889646422,2,False
12,0.23475552062765007,0.30615650318902293,0.0337406688584519,0.0306345794528185,0.12211710323231963,0.07773999181072819,0.007064788036931725,0.07855488272761381,0.01224900606058549,0.09698695600387779,0,False
13,0.22317434613709528,0.298375648572819,0.014210245146874112,0.050132211620701486,0.1284875903971005,0.07482126692731499,0.014408869324764744,0.06686554312176717,0.04058684297041271,0.0889374357811501,1,False
14,0.21743359037981286,0.25316501076540004,0.01606670815067479,0.045112643397499895,0.1365879561722169,0.08912134169797008,0.01683717205130497,0.08440723713477155,0.05018559400659978,0.09108274624374918,3,False
15,0.20868769220976235,0.303760066216125,0.021082085211589465,0.04317676460021733,0.13792792607113416,0.11383935369272527,0.0,0.06826166160009234,0.025681850064460002,0.07758260033389414,1,False
16,0.20654942172400664,0.2725694727010718,0.028978607285779754,0.05370352601499491,0.11918857660489235,0.11396970139363362,0.0177010098657677,0.07996894174331921,0.012841547863847919,0.09452919480268619,2,False
17,0.23035951984859301,0.3197349899054124,0.039804018325976694,0.026341394796947738,0.13137807433432622,0.05209266523014307,0.004014332530712958,0.058593292731905444,0.032267599000052063,0.10541411329593019,6,False
18,0.2349419279973123,0.29984960791941595,0.006029281038583969,0.032153549018538646,0.11863398265254947,0.11086988252577004,0.005550775621113807,0.07539700246469673,0.02338007330257155,0.09319391745944751,1,False
19,0.2249819022231859,0.2747388252295122,0.028156354668674395,0.038021331799089945,0.14297223511083312,0.09553959830632461,0.006993835281293684,0.0831008174817072,0.02230503387644464,0.08319006602293438,1,False
20,0.2021076638933461,0.30685779879369995,0.024112580005542176,0.029799475484865213,0.12649213837715625,0.0789193645339112,0.009201829802436483,0.08290552250068865,0.029318798976570644,0.11028482763178332,1,False
21,0.19689832692276585,0.3222847116406346,0.028096762615105197,0.03714319880885556,0.12365255398788147,0.08434832071383525,0.03508996871970509,0.06660236249754492,0.006948528342424343,0.0989352657512478,0,False
22,0.23359796052839354,0.28874744598805363,0.03610613040880052,0.012564824666362186,0.11256295580107255,0.09446912957311297,0.014358051962789008,0.09164989612836325,0.018138144514355456,0.09780546042869694,5,False
23,0.20981451329797007,0.2677016001500403,0.05965500191562636,0.053442167460129274,0.10912830540042892,0.08900561886240914,0.018474371549960168,0.08295070237495619,0.02644753136465411,0.08338018762382549,2,True
24,0.23061517891772645,0.3088779043802901,0.0373304782393529,0.03267448851595511,0.12105154604957909,0.07674403919404046,0.019736142290456803,0.08271266287057341,0.01008050849797945,0.0801770510440462,0,False
25,0.25047970837406713,0.2735128573050767,0.004226164675887565,0.03433312396032428,0.16310026776435185,0.06503513102550824,0.007587469116004583,0.07516626783046562,0.03077440413318675,0.09578460581512717,3,False
26,0.22866598806043167,0.27318856011411574,0.017658423148102505,0.047745733014193686,0.14267667886444918,0.07917912961280224,0.035336681030608906,0.06867776041759038,0.026093940316636824,0.08077710542106895,3,False
27,0.22034037259176706,0.2652831291911647,0.02442917616076341,0.05442844602270262,0.10707842918476787,0.08614617919697623,0.02542994132729504,0.09958733266421135,0.01642734006292633,0.10084965359742536,2,False
28,0.21809029676524688,0.3057888435319932,0.026693725771068495,0.027721375332584324,0.11828701422457576,0.08559530152216786,0.028059815655858442,0.0621394481778793,0.027592305561303793,0.10003187345732209,0,False
29,0.23099188577434615,0.2752783897090037,0.023654890084408936,0.040675386228033635,0.12550337457669664,0.09212236534869307,0.011204489311736848,0.07605607346862454,0.03059429838840312,0.09391884711005331,2,False
30,0.2380143976852065,0.24677432930072776,0.035518191994304234,0.04057564733470957,0.1485556089194434,0.09685780407799668,0.011247835935109416,0.06373565026622698,0.0113764424326921,0.10734409205358326,3,False
31,0.20587874624638744,0.2802345470352008,0.030236843987473838,0.05572756066627609,0.13943674992236973,0.11390871517800437,0.005560947681233987,0.06807631578303382,0.021942684690180167,0.07899688880983974,2,False
32,0.17818463026297335,0.2856983614408509,0.019522792323966764,0.04328156472750744,0.15252759538700714,0.09747425922687299,0.02298868329002373,0.06915294985968268,0.040567895768859295,0.09060126771225573,4,False
33,0.17419324547090842,0.2960637763206171,0.03140608502093866,0.04168533794814192,0.14687130809505433,0.0753815575694594,0.03075609925977338,0.07288865960138344,0.03174897444799185,0.09900495626573155,4,False
34,0.2066875828546643,0.27539849171759384,0.02024466813192376,0.01878967577838385,0.13951823391531454,0.08403301485463677,0.021394485099973225,0.08279284576408996,0.038799879779844046,0.11234112210357566,3,False
35,0.21839952589819525,0.24792400789761307,0.040847990845204976,0.058504848937130156,0.12298574975729813,0.09030242705382309,0.023482487446207196,0.0936078227693171,0.01911350786916001,0.08483163152605103,2,False
36,0.24332821357585563,0.2626267506357984,0.011181511147745859,0.03528782372529776,0.14363460436560035,0.08604585035699819,0.010811878002831858,0.09068212744226913,0.04302814397386186,0.07337309677374089,3,False
37,0.2247910129688122,0.2555812459465741,0.008752320281148864,0.03237985089067248,0.1269714492758558,0.08725800936890166,0.04169122527999141,0.08083579517707318,0.045312069962609905,0.09642702084836025,3,False
38,0.23243894354517614,0.28988796388645033,0.0744114628518263,0.02663327775761021,0.11583756775244333,0.0729415886653981,0.0,0.07780418915905753,0.03431270596046469,0.07573230042157342,0,False
39,0.20882668474107421,0.2954101176394618,0.036933404315994275,0.04738976017318593,0.12338254042758855,0.09802266832998875,0.007983780104023471,0.08208682253647975,0.01387869880352681,0.08608552292867647,1,False
40,0.23301565914885092,0.2819671982827143,0.013791583206568243,0.03645214802329552,0.12868097128098419,0.09456094606704388,0.021242952984147658,0.0841288810420906,0.016383229684014913,0.08977643028028964,1,False
41,0.18270488607248658,0.2816579163651198,0.04100302785743662,0.0637879710417717,0.11354532012245051,0.09576162632303956,0.028389771014606494,0.08690763292897757,0.005101097225549214,0.10114075104856196,4,False
42,0.23498294186756696,0.3138208370204065,0.04557735714468428,0.04055882328069991,0.11467160786047213,0.06019861663273336,0.0009342858374893405,0.08937522807543825,0.01998769578387803,0.07989260649663124,0,False
43,0.2319683823557004,0.28249183427735586,0.03673952803174828,0.04615493849441768,0.12447345635377233,0.07501421262617554,0.008473532425439875,0.07895986036974145,0.01876986357406538,0.09695439149158327,2,False
44,0.20981371713050434,0.2705026947467911,0.03320661692080873,0.06482926240612452,0.13044241751276386,0.0933505208816097,0.026322050405998144,0.08687561693704507,0.02205735419346564,0.06259974886488895,2,False
45,0.2298271599183458,0.29732068627277786,0.02912978650157237,0.01957470533424454,0.10668119423384745,0.08674008740459585,0.00995428465210829,0.09155501934195809,0.03211798450467085,0.09709909183587892,5,False
46,0.227759094606313,0.3299381617521751,0.023782957609247524,0.04969693560845926,0.10731808424777164,0.08193674166459652,0.003913635636930428,0.07468426797502281,0.013049661582220482,0.08792045931726336,9,False
47,0.23119423591356475,0.26433864466157797,0.0060847887681140895,0.04724771378321537,0.13895318478331867,0.06359950492425878,0.02243222063967622,0.07626709285890136,0.05187383067156155,0.09800878299581124,3,False
48,0.22332647934702451,0.2858306774034235,0.03729595931264609,0.06262389261710403,0.12526587753342763,0.07901452204605505,0.01684283199858678,0.069569836708872,0.027522457342524106,0.07270746569033619,7,False
49,0.222560790372588,0.28095785531857326,0.019539573396731527,0.020408952910088027,0.13863742942612428,0.07241680868365945,0.02324770587656821,0.08037857436077342,0.04268092628540945,0.09917138336948429,3,False
50,0.23157524000064528,0.30422274723197884,0.04493285186237532,0.018103572273571875,0.14026304895066996,0.06213517035973352,0.0010968604390777935,0.07252568982461312,0.013131599062596628,0.11201321999473766,0,False
51,0.19432466752376415,0.2781368945198573,0.023436217218267417,0.0544613026995193,0.1370926719543463,0.09514333734973844,0.02052277957679377,0.08139600216602796,0.02009988537027882,0.09538624162140652,4,False
52,0.23264228182263458,0.31073862948943015,0.028941290532965736,0.03456090849571709,0.12131469601072975,0.07643628343310598,0.0,0.08474899019848744,0.02681541407991335,0.083801505937016,0,False
53,0.24197399304678108,0.3243720619703147,0.016973069120925638,0.02172698969502007,0.134586159323835,0.06338414703052771,0.009524489620397814,0.054174786675519164,0.03933209505156466,0.09395220846511433,6,False
54,0.2107531735764642,0.31293595677823777,0.050884299709784545,0.04032983241315025,0.10888869792017178,0.08297248504698415,0.010265885811386316,0.05755927427467318,0.028174404365794582,0.09723599010335318,0,False
55,0.23360376549119768,0.2704354377862397,0.029885120003241013,0.020737980090154755,0.14579253623900132,0.08750228380026084,0.01953321442950933,0.08136831172514541,0.03267898615385253,0.07846236428139751,3,False
56,0.20358217615958532,0.28799053935277086,0.02316090684496734,0.06085577968861612,0.12894524845767094,0.09641695006659533,0.019340993030991186,0.0647851837287646,0.025403745329540938,0.08951847734049734,2,False
57,0.2535706817540801,0.2738496530120815,0.0065122053829824835,0.04840584559205612,0.11802456190399026,0.10509223069941397,0.002704865223870076,0.08499159959032469,0.008592069843849408,0.09825628699735141,2,False
58,0.2231764967934145,0.2806176082400399,0.02425757636145713,0.0479998525854228,0.0999203287513671,0.10757861021847083,0.01891012628247565,0.08443051438865083,0.028593840697849118,0.08451504568085205,2,False
59,0.21475600740769926,0.2756897056447984,0.03842569218509378,0.032141239636413785,0.1321588753948815,0.10799992070732176,0.0036347874929193486,0.06796623474330289,0.034551723740018386,0.09267581304755103,1,False
60,0.24494959263905067,0.2573394997033163,0.009541212326517515,0.03097725548357057,0.12741517311496645,0.09642647081468786,0.030490713721418136,0.07853265720748437,0.031442126112515685,0.09288529887647252,3,False
61,0.22159072405947064,0.25309513377176124,0.030380343205715303,0.0416385968367792,0.1365537214563817,0.09089042259131866,0.02788677157618456,0.07234155567373253,0.026390391923970188,0.09923233890468595,3,False
62,0.20335918026383915,0.2826371095213283,0.024502674799296142,0.05276611447344124,0.12388539843189786,0.10004308957683247,0.016433443147597194,0.07760889756338787,0.027926334120120157,0.09083775810225961,2,False
63,0.21476008274884895,0.27657487093926914,0.02536802746283175,0.05688532347282748,0.14013201363915534,0.08123569249555113,0.02116941938701334,0.069652530077398,0.01936185640718211,0.09486018336992284,2,False
64,0.16996919152199727,0.286216589925845,0.020758660708288666,0.059915613263136054,0.141067413909124,0.09313966976276554,0.018423874147444612,0.07722619097404526,0.03673124100763814,0.09655155477971557,4,False
65,0.21950101649675763,0.2800336781784705,0.01678410460900341,0.07171625997504315,0.14466158500985232,0.07855107348473923,0.019767584812500388,0.05740327340446112,0.03458955967901979,0.07699186435015237,2,False
66,0.18187340566623048,0.2934850919886965,0.023832034214034,0.042256127494805736,0.13803096744416146,0.0749247053603646,0.031281464095064423,0.07975217441564869,0.032905965156602816,0.10165806416439124,4,False
67,0.21200618708431743,0.2893958995372052,0.028956032958568852,0.03480731066268947,0.13628995906205424,0.08135803270001657,0.006331921260550884,0.07474758635388214,0.0340436059869776,0.10206346439373763,1,False
68,0.23707823895078498,0.2982405009562134,0.029144830439251052,0.01477536206623956,0.12660737025508428,0.08347376768307971,0.006281576846838052,0.080974388101099,0.025107616258273388,0.09831634844313646,0,False
69,0.21881944332948777,0.31745162300245244,0.051243119065956785,0.03787156828844689,0.11876591491832277,0.07320727386259392,0.001957085056402561,0.0671036247775451,0.01868955953468073,0.09489078816411085,9,False
70,0.22241203979353966,0.2889705849620874,0.04168613729332366,0.03293876786700951,0.12629042089088457,0.0862965262278412,0.027283726901406385,0.06562180971636287,0.014197949272346768,0.09430203707519795,0,False
71,0.21984356150484702,0.28471726800623426,0.04166703880831015,0.03160348272541766,0.12597501837514885,0.08419797274682861,0.017586006655936307,0.07531372765309152,0.02391381470961472,0.09518210881457102,5,False
72,0.22404246983713114,0.2972092948927831,0.041364855573430136,0.029789026528115888,0.1248463581736617,0.06523058325665598,0.01456725128760412,0.08770349836241248,0.029391638414954176,0.08585502367325147,0,False
73,0.24485368827859963,0.3407397730833384,0.03207275735226392,0.012982514023955276,0.12322635768217807,0.059106783147951,0.007482026248407043,0.05261167208379104,0.027142058623416353,0.09978236947609932,6,False
74,0.21363027876118965,0.29023167167473357,0.029577880493231967,0.04594919802115609,0.11982434921597147,0.09477609869080465,0.03420644134653907,0.061817643797516315,0.0,0.10998643799885717,0,False
75,0.22767082843971495,0.26544254607927403,0.016160208607629775,0.05978307466952039,0.12354677027402869,0.10112704407247433,0.02030208537795244,0.06454926691396594,0.02721992042028697,0.09419825514515257,2,False
76,0.22679253838982727,0.3131577357986003,0.015936608239874923,0.023821385521834902,0.08852381550945479,0.08579556095185432,0.015336291503970725,0.10145361417597035,0.03142960757653353,0.09775284233207894,5,False
77,0.23803435916977767,0.2999078309641674,0.0,0.040441547055729665,0.12708493982416177,0.0882902500362489,0.0,0.08091552214179068,0.03152886006253566,0.09379669074558822,1,False
78,0.21691719638909226,0.2583662960745785,0.01513536866225398,0.04232442007631171,0.14951943871428797,0.08564074742324532,0.03991435203718565,0.0842618458653207,0.03194268700826125,0.07597764774946252,3,False
79,0.2194242461144528,0.28669247194832165,0.03824629882880337,0.04370227455111216,0.10766660416163977,0.10885058609435123,0.016759323882053735,0.07173528988211995,0.02069816279383704,0.08622474174330814,2,False
80,0.23179812593612042,0.29309058081367734,0.0299115183169267,0.05755950239716734,0.12399753644898101,0.09915722234052209,0.0010265999948911606,0.05993708219297025,0.018548883618601512,0.08497294794014225,2,False
81,0.1850553802687539,0.29725989587646945,0.019785791701678913,0.04686883897887673,0.14365975243099557,0.08356585841497273,0.03384900850555179,0.0899985712494952,0.031664804035076176,0.0682920985381295,4,False
82,0.22257881776409233,0.3205173406969676,0.048460042294207945,0.005737413730202252,0.13044007875828723,0.06864713279908582,0.0,0.07916783771395496,0.03588442408896909,0.0885669121542328,0,False
83,0.22010251177003534,0.27251707964515465,0.003886168252701813,0.03991947931003633,0.15016187364382869,0.09287227088059828,0.0203716294891004,0.08968074273000072,0.031387224611872384,0.07910101966667114,3,False
84,0.180196975536534,0.29855152626903453,0.03334679256570811,0.04558523512785173,0.15545381987489973,0.07613764570869272,0.01620551428608183,0.0754618386610591,0.01991696253967766,0.09914368943046058,4,False
85,0.22691240799197682,0.28033609657308944,0.015891158853183814,0.04437412840196761,0.11655324909299696,0.10064281854530183,0.012002655435762783,0.08434518474858638,0.014990062477584613,0.10395223787954969,2,False
86,0.23518076834125037,0.30471309120971946,0.03202029772691885,0.044174049696239524,0.11948460202740019,0.06728840223811418,0.01942927348317646,0.06366946910555546,0.040161360912833115,0.07387868525879245,7,False
87,0.2230307407444452,0.27800408366739404,0.013510854224313747,0.03757864704438546,0.12104696480577047,0.08457389130341246,0.02926575600826604,0.08435500557966134,0.0355383520527952,0.09309570456955606,2,False
88,0.2082255252540513,0.28631582010163364,0.03792380290464946,0.019919779031827435,0.11632975974087464,0.09803349802915885,0.016946358287483844,0.09561078162462591,0.03167625800162294,0.08901841702407189,5,False
89,0.22452987223890436,0.2926146506617052,0.02504980308043996,0.05550893818315434,0.11659876720954394,0.07488769729573727,0.006641835876863488,0.08850740517588988,0.02555226903332771,0.0901087612444338,2,False
90,0.22053861951910514,0.280473520523723,0.012696405490679692,0.05319712668014293,0.15083305641650446,0.08809283380343648,0.022469013413160353,0.08274064311732528,0.0008842363794266756,0.08807454465649606,2,False
91,0.208921890900345,0.2638392990273839,0.025796370362669737,0.04393079543104497,0.12828715068298957,0.10113697001072276,0.022657563806814295,0.07526817585006292,0.03391931369438975,0.09624247023357721,2,False
92,0.2205728595656396,0.2872102194752893,0.000625073150703781,0.06300332398043425,0.12499036583561354,0.09880201569021106,0.022922100657569507,0.0769682128808139,0.027713788820493027,0.077192039943232,2,False
93,0.22641203572137036,0.30174498643678616,0.03423899131871316,0.02777962247146621,0.13204856231472575,0.07502411151435258,0.01219472455714736,0.08207972000114869,0.02049971067725784,0.08797753498703186,0,False
94,0.23346380852270543,0.2729278620965106,0.02085464445066651,0.043139705061783405,0.11247880485783676,0.09041968033976029,0.027892180760705144,0.07602635681119356,0.03021798885584961,0.0925789682429887,2,False
95,0.21546187387766258,0.3151280662048224,0.036721060039529727,0.03111175661081063,0.12896440745710527,0.05597974900135146,0.022519324569023433,0.06810605510867572,0.020468844864888182,0.10553886226613057,0,False
96,0.1790809043155947,0.27317772356529085,0.03375023102558732,0.06655813351812784,0.13558345159145024,0.08263715928069108,0.021360226082836865,0.07854293317435265,0.03992527427397626,0.08938396317209227,4,False
97,0.23397331058527884,0.28269987233158217,0.016879090084252264,0.03546317247743689,0.13031701440168314,0.07798735508478946,0.011013841734606369,0.07331939229850364,0.04030269644602851,0.09804425455583882,3,False
98,0.2125970623663535,0.2710844599759915,0.02283625869375692,0.03724379859348787,0.1252582000120305,0.09953135337963087,0.029800527839438276,0.08561372676252009,0.03369227053242553,0.08234234184436495,2,False
99,0.17435466754360104,0.2757732855165206,0.026836096209161473,0.05964677457982932,0.14660080340405657,0.09055574311284287,0.010608406599546658,0.08961990512572982,0.02447688012054703,0.10152743778816462,4,False
100,0.21675016125153987,0.2830060418040138,0.010583376632155772,0.01896841126026723,0.1291253889084015,0.08929436006476425,0.04002154604064285,0.07213377148776501,0.044336263345508796,0.09578067920494084,37,False
101,0.22175836188296968,0.2784548627324166,0.02774376690705911,0.05183432773539168,0.10753314644916862,0.08858397323735476,0.04996276554378713,0.05930077694241345,0.014277640210321926,0.10055037835911712,2,False
102,0.21298264035277722,0.25241036436301095,0.024876129176942163,0.04279544539917784,0.11758239322734958,0.09186470607791826,0.024899166616869146,0.08528965489221646,0.047993216085357115,0.09930628380838134,2,False
103,0.218700048720229,0.287784083612959,0.0012235376669930827,0.029095905695511407,0.13634750793476008,0.0933652670847583,0.02374939285660285,0.06984120186186873,0.032280125402125735,0.10761292916419178,3,False
104,0.22600433278221335,0.28336383376847696,0.03088830318829591,0.06779510669604295,0.12405994228113251,0.07307567909400048,0.01723102044553196,0.05986906583705217,0.03998559879729829,0.0777271171099553,2,False
105,0.23537485111830708,0.26348302177488614,0.014856359782245133,0.03754590136050884,0.16062020691051207,0.08196519584376419,0.01938287262117553,0.06730808899767488,0.0257262630748073,0.09373723851611887,3,False
106,0.17251076177637503,0.2823476949288855,0.028113960478754287,0.050884302241286754,0.14547518508789722,0.10192020041395788,0.024556500885379248,0.07047622903112569,0.025818697635521644,0.09789646752081682,4,False
107,0.21654185084877647,0.2820873441524457,0.042482005184925224,0.056841921681095045,0.12746941143390791,0.07595061093720784,0.01972614061706556,0.08264696266301633,0.022906812167946145,0.07334694031361379,2,False
108,0.2225047663580851,0.29420824697485587,0.046977778855134295,0.0426673379465368,0.13221206866493398,0.07209312036663214,0.01424986735225981,0.06035900806604604,0.046512318502618506,0.06821548691289729,7,False
109,0.1841060719150233,0.27418218661378335,0.013997993787408835,0.06093998390591546,0.1496188658027824,0.09142049005072146,0.021707141923042985,0.08868485931396011,0.021177161480168523,0.09416524520719352,4,False
110,0.2209709796748751,0.29112598019185626,0.014901424435822907,0.025786316868142,0.12509922385930863,0.08094352275026152,0.009639205357112284,0.08690598121408243,0.04334985874055635,0.10127750690798237,2,False
111,0.1631274665452854,0.2857041073451366,0.020484920824742913,0.050315206456786526,0.15518729458430577,0.08410152436676924,0.021516114703512824,0.07670715321543492,0.03551876938357746,0.10733744257444836,4,False
112,0.21794152787974957,0.2800503402562511,0.041250304523205855,0.04143557850965973,0.11275473034264187,0.0719447121584742,0.018003092383213067,0.06543840165905264,0.04923136735261231,0.10194994493513967,7,False
113,0.20281795385849338,0.26262862110677254,0.03533780901393124,0.051379781643076994,0.12281155325023117,0.10261148570730233,0.041597009468091584,0.08288989950921118,0.03465444260103392,0.06327144384185576,2,False
114,0.2197479715809746,0.24909507278503387,0.0,0.036539904350293986,0.11830090638604933,0.0882290831366982,0.05393517426328555,0.07620454981815857,0.05386067401678477,0.10408666366272112,37,False
115,0.2067302649850225,0.273144658293504,0.04780527248714181,0.06949602618065136,0.12372724766601147,0.09264013608244331,0.01621429026975939,0.08012061176728844,0.015528470745493439,0.07459302152268434,2,False
116,0.22337868037470474,0.2487739959706297,0.01623385633466872,0.03837671810284812,0.14276477919738967,0.09617369463614159,0.02916659843475078,0.06550132572512331,0.04772319517710014,0.09190715604664323,37,False
117,0.21906739115234006,0.27363546576835074,0.015913582167814803,0.05069979550245916,0.10736366926831845,0.09808094066553273,0.04101811029301542,0.08194516022131883,0.01998933498739821,0.0922865499734515,2,False
118,0.2266516679093414,0.2777286390221506,0.02772926458866474,0.056961567011964136,0.13713239442297617,0.08507057888237987,0.03029026356316572,0.08390668892556055,0.0,0.07452893567379679,2,False
119,0.23690611415300203,0.25876317031578033,0.020820342380089327,0.026881684081503834,0.16635779025816372,0.08835280784811009,0.02944227547377532,0.059248798935596925,0.023872254580986404,0.08935476197299198,3,False
120,0.22610879498098896,0.23946854715946836,0.020737851306600094,0.0342879669507395,0.11815767364677981,0.08015252232319743,0.03978596777944566,0.09293770076257074,0.05583261015557625,0.09253036493463324,37,False
121,0.22312512607108384,0.27722030727156804,0.020234472882322087,0.0471866362502598,0.11948221015585614,0.09272979599669187,0.039209993426594314,0.06873990554928487,0.029747695854973964,0.08232385654136501,2,False
122,0.23109810477551354,0.24900262503258538,0.011606082115056345,0.03636025566058615,0.1450542067615166,0.08446498574652984,0.04087058889220245,0.07454118427097627,0.036061432510947324,0.09094053423408612,37,False
123,0.2200277687470219,0.27281431161951497,0.027997552822363478,0.050975035767867376,0.12030262351846119,0.0944352648158233,0.02682773861549937,0.07136444767784217,0.03165720256597866,0.08359805384962746,2,False
124,0.22497695666681333,0.27241050045921156,0.02007294634994331,0.02950398390965269,0.15028868043910767,0.09296117161749462,0.023287451649140204,0.06760889776191939,0.02288275834584582,0.0960066528008714,3,False
125,0.23406430175328793,0.2812556233773977,0.027507692031249125,0.04524867919131932,0.11579468582663303,0.09395128663681225,0.006731155771300884,0.07887145060626877,0.030193811990210543,0.08638131281552033,2,False
126,0.2309004626626808,0.2555691788602896,0.015759282741441772,0.026039285478903718,0.15758302628594925,0.08163995920808238,0.02436236807441537,0.06962728802724391,0.04639351278221562,0.09212563587877744,3,False
127,0.21902401882031028,0.26732531192534437,0.015791815444980102,0.01689222882600124,0.1372441237890262,0.08558590083738801,0.05166052407189027,0.0708983500045051,0.03582917253401495,0.09974855374653933,37,False
128,0.2283787859808579,0.27762934477079976,0.023101440506462123,0.028725899799423103,0.14076626939728032,0.07635788839761988,0.025541156106776628,0.08051448855748267,0.042478857577014126,0.07650586890628351,3,False
129,0.21956402219767668,0.2846266564290291,0.015226331287772017,0.04780426190677474,0.1295390571498064,0.08904638066233492,0.009110346493323155,0.07251075722310206,0.039411282527942744,0.09316090412223825,7,False
130,0.23303741770068345,0.28128916501065054,0.030391026629648172,0.048698891840652396,0.11433900486184558,0.10503445837639765,0.0264373153356283,0.06440153079143045,0.0,0.09637118945306339,2,False
131,0.2595282682720798,0.2717651269327594,0.012963576353289888,0.03043535790840015,0.12595742356140202,0.0566576822508075,0.03402368312364668,0.06595603168965956,0.045773441090359884,0.09693940881759523,37,False
132,0.2239909136124067,0.2535344929342976,0.00884920683833782,0.04310465191674283,0.13099095667102345,0.0774557099179926,0.052026110535948085,0.09300587644017427,0.039816343792832706,0.07722573734024396,37,False
133,0.2200884242952129,0.27257485086645733,0.036386215790544324,0.052709606690944474,0.10956755669426012,0.07572102949614846,0.013739882331319949,0.08399461387852163,0.038389031256914154,0.09682878869967665,2,False
134,0.21548517472698137,0.27580646755233273,0.01876612185703323,0.028370134551873566,0.14136516972957255,0.09239184932508615,0.016921099198979994,0.0835937533425211,0.046289692990482585,0.08101053672513676,3,False
135,0.22794605055619452,0.2864680522366345,0.02524467518425493,0.03540874371757246,0.11438655286100437,0.10198960190996689,0.025826607724752284,0.08830519709736125,0.008641982128696308,0.08578253658356232,2,False
136,0.2008755382405659,0.28292017329487135,0.02889998017194402,0.05382949321053687,0.11586155486783892,0.09494137357930225,0.012609930320110428,0.07965868327691063,0.04404150314564947,0.08636176989227015,2,False
137,0.18146060694414465,0.28651380047959624,0.014715498782896795,0.0695414806084878,0.1448130072857999,0.08632299742765295,0.02057272596403827,0.07675423801094096,0.03292659319928166,0.08637905129716067,4,False
138,0.2142983954882029,0.289170140753756,0.024074089954127072,0.044170031280489915,0.14090905485370353,0.09412602697247684,0.02231447529515472,0.07696638093238577,0.014626436378116617,0.07934496809158659,2,False
139,0.239793908791327,0.2574225102721509,0.008986294414147411,0.02407336921082687,0.13785355399576044,0.07691072051379207,0.04233593994226067,0.06680855678319357,0.041990206799202116,0.10382493927733903,37,False
140,0.22369482844039618,0.2978116003031875,0.02244959350702917,0.05087102403300885,0.11864248266981625,0.09998948472935588,0.013743420584754506,0.05923590626144187,0.025951656768401183,0.08761000270260873,2,False
141,0.22759222131571735,0.2779544967480155,0.031181269140391883,0.04980021913637326,0.13561303740692918,0.08372871246802595,0.008579991949822731,0.060217226182046876,0.030671315973934448,0.09466150967874287,7,False
142,0.2217595190051758,0.26081738302211027,0.007439628840512441,0.012996368328189784,0.13464999942031242,0.08624486827554104,0.03749723061878777,0.07599110693606304,0.05683794066212226,0.10576595489118529,37,False
143,0.23407212934708502,0.2524282670070581,0.0034081516751935685,0.01978803063604384,0.12515518037478043,0.0778906178262502,0.05419395053813,0.08295139367446526,0.05145235440819656,0.09865992451279715,37,False
144,0.2562454878557592,0.2828978026427952,0.0,0.02672915225756201,0.10766863100044347,0.07975922132123281,0.027297266366062615,0.08196217375308072,0.03376581100419099,0.10367445379887302,37,False
145,0.20693249920905452,0.2754548993902272,0.053837956076767314,0.06068770528671638,0.10937163975733775,0.08820622959500977,0.014271785049209177,0.0927972907461199,0.03235713436217914,0.0660828605273789,23,False
146,0.22432538752971454,0.2662831683132737,0.03288447342132708,0.028141881336432698,0.11451502258020371,0.07784331883838343,0.03082208434913567,0.08794117879661115,0.034700535273831504,0.10254294956108645,37,False
147,0.22596519945287155,0.3057928557819947,0.04668464828589872,0.023047843281416524,0.13175678759228923,0.059987054914136105,0.003956339301610818,0.08572878644571066,0.011196017022111787,0.10588446792195991,0,False
148,0.20248940923012163,0.2874534249491374,0.022883532432167,0.04206696815519454,0.10689630241717711,0.1048346132086796,0.02464189012816274,0.08950972805321193,0.03511693149670218,0.08410719992944582,2,False
149,0.21963282435850126,0.26597597754556696,0.0,0.032412018793431134,0.12996740362272688,0.08935411377872626,0.04856863258852588,0.05809767313890863,0.05899581218958333,0.09699554398402971,37,False
150,0.20737898963071838,0.23990625438789814,0.015010518531605259,0.04871328094263662,0.13080190562611654,0.08358238495957478,0.028941528017116337,0.0810091366699766,0.07136489999457629,0.09329110123978117,37,False
151,0.22025966955873763,0.24438102512960727,0.002237710051258471,0.03624735886970259,0.13746179701492486,0.10449568823127085,0.04094270414250705,0.08368696617874061,0.043491182430388346,0.08679589839286234,37,False
152,0.20203525974091732,0.26841948594537246,0.01427023962469729,0.041995024009084586,0.1030206370411258,0.09185081734290734,0.05204747395870046,0.09247362165590395,0.03832513280064046,0.09556230788065045,37,False
153,0.21964194192643688,0.24889240094393655,0.0053358561671770265,0.02379493019129378,0.13136479473460747,0.07757295440010367,0.0318664047933931,0.09304857775221728,0.06359422096623496,0.10488791812459922,37,False
154,0.21054528044631496,0.25221312704453264,0.0,0.03714788203109723,0.1354416512997524,0.08366391512583947,0.051925717007713035,0.08321421007684515,0.04811448266404596,0.0977337343038593,37,False
155,0.20894417555170205,0.2607925378240551,0.003914799058912581,0.030621755841079703,0.13664537006186683,0.08328296589655716,0.05067616068009503,0.08161884291213495,0.04861866248317312,0.0948847296904234,37,False
156,0.2277266525033595,0.28221777858053393,0.03020666925546354,0.03692809445457569,0.12575536137551294,0.09403722574471823,0.012746620020551082,0.0857578202146137,0.011065997146511632,0.09355778070415964,2,False
157,0.23075466019998112,0.2614309937012517,0.028426446426519546,0.04431560991452817,0.13046128226586565,0.056494096414768546,0.04542810983098574,0.07736465393810274,0.035155428215527806,0.09016871909246896,37,False
158,0.23092221354917394,0.24364214084932817,0.0,0.03690624171981852,0.13498718851546315,0.09104686136833152,0.04959596865462787,0.08217127168748273,0.04231029982110511,0.08841781383466911,37,False
159,0.2243208018651687,0.2545696386498448,0.017902648369006617,0.038245869919121274,0.14502165224980026,0.08517598033149525,0.04927587903651628,0.06625407004032943,0.03591856835346334,0.08331489118525427,37,False
160,0.22101062539040173,0.2566943072809211,0.05251729031394128,0.04786972990748688,0.12267223031266361,0.08427775621542051,0.021619253914137233,0.061920727485303514,0.04069135256004363,0.09072672661968054,2,False
161,0.2041538074765399,0.2459839165485039,0.008317831769424184,0.02841507586801696,0.13339550846051118,0.07324922143581214,0.04517111232224083,0.09942176381488388,0.051781481986018806,0.1101102803180483,37,False
162,0.24305747712586148,0.27086361450078505,0.009685208379562302,0.03245540228186228,0.12991567979344448,0.08664902094267381,0.026091293879035672,0.09035621633352764,0.03003743778741431,0.08088864897583309,37,False
163,0.16863261993915546,0.2999157401216211,0.024741188670584634,0.06131067916212149,0.1400386389706833,0.09984468479993326,0.01699225587912684,0.08525775307133879,0.018224713498111153,0.085041725887324,4,False
164,0.2400757002506004,0.24847487808158442,0.01431193578594309,0.0236498594251391,0.12511138068013067,0.09070885515335844,0.042878840030603556,0.08150577280365448,0.05611383586579319,0.07716894192319271,37,False
165,0.20433449195249054,0.24150945476595817,0.02543007763456407,0.026432782507949632,0.13770197297695413,0.09411396921080688,0.03957549799268378,0.07827091040725136,0.04915524870678694,0.10347559384455456,37,False
166,0.22706306123461797,0.25062548507451754,0.018054216798169726,0.044564766275756736,0.11295906759102048,0.09164614508776053,0.04075904923822875,0.07914441211393439,0.02692496772970471,0.1082588288562892,37,False
167,0.1949852521002816,0.28999947116205405,0.050587488148480485,0.0534908828421723,0.1271906496011543,0.09063299394861617,0.022818274691105797,0.0541324298158918,0.035845986073819655,0.080316571616424,2,False
168,0.2116838445223647,0.23723363568198774,0.015888994189847856,0.005780653497558786,0.14107613358688623,0.08956305385698105,0.04488358858827945,0.08930661034155321,0.05211112463472442,0.11247236109981651,37,False
169,0.23142598964903202,0.2422125619460245,0.010086304536619874,0.03193088252790325,0.12025601573233194,0.0894110719086528,0.04301315128914667,0.09292658842005187,0.040593020838112844,0.09814441315212424,37,False
170,0.2219813457350985,0.2515845211469371,0.0,0.036522708365453634,0.1403312309877103,0.08884036418361597,0.044109149889029343,0.0803455739982317,0.05013594925403756,0.08614915643988595,37,False
171,0.22051074086391664,0.2755862720002528,0.0,0.024617335738066088,0.13169571911860303,0.08572612938901941,0.03807745565496467,0.07190068855666626,0.05042624500475226,0.10145941367375881,37,False
172,0.1959849032163373,0.25206078713118896,0.05961234372070923,0.04188837624979245,0.11835049572364706,0.10306627713268238,0.02953307989469324,0.08056027763696419,0.03558313736949479,0.08336032192449054,23,True
173,0.20575793555050767,0.27447384484295934,0.014526389861566803,0.03221201332013316,0.1339051195718544,0.09290332514840095,0.04684967605928561,0.08688189993747214,0.019431303960231506,0.09305849174758854,37,False
174,0.2225290350705228,0.29487235123114114,0.07172835919718258,0.05770447050453147,0.10681902029470211,0.09902652917817258,0.005276774378171773,0.06201312527874541,0.002545877212139102,0.07748445765469097,23,False
175,0.22043859101419927,0.26293942065114695,0.0,0.037808369873521555,0.1159199502750916,0.08149112031322801,0.04142742462224101,0.08005958988001921,0.050952138430700226,0.10896339493985216,37,False
176,0.22262246975673006,0.23968626080256167,0.01961324166240091,0.030391362743686902,0.1271721782717073,0.07776205524190678,0.050489121817209624,0.07401383152223893,0.05777304685496905,0.10047643132658876,37,True
177,0.2427039384002641,0.23340834437596075,0.009565556991357466,0.04604360160128109,0.10559999325397527,0.09228469162087198,0.04411302707718096,0.08589469117187185,0.03189995764572219,0.1084861978615144,37,False
178,0.23595896809342795,0.32015645746149085,0.027385717232881676,0.0258641161731118,0.12006810401992854,0.08766820506160038,0.026509285606287018,0.05123496931801449,0.014697632531556667,0.0904565445017007,28,False
179,0.228744231299013,0.2690408758352042,0.016752509394734355,0.0282723950974851,0.11927876418962288,0.08907225481970496,0.037723581115898346,0.08155263991643981,0.018630033682416728,0.11093271464948054,37,False
180,0.21030621750707984,0.2501374339427226,0.0,0.031858818011160576,0.13214726867951998,0.0988445184073061,0.05763997350856715,0.07646754007176207,0.04062041279512469,0.10197781707675697,37,False
181,0.233917446064448,0.2461489950907796,0.016614063630898564,0.0352848909895669,0.11996508832959465,0.09764282676715928,0.03372909186950712,0.08491047476285093,0.042795983036211155,0.08899113945898394,37,False
182,0.24147956051456784,0.24887765109338722,0.0,0.025507341263855596,0.13954095389704943,0.0887232588847895,0.050153470151599815,0.0796428663878256,0.05409501312149363,0.07197988468543141,37,False
183,0.24842221469057477,0.28377733512497816,0.004222424154193428,0.03616379522295008,0.14249279385998778,0.09248019206729904,0.015468357411706173,0.0737719348054137,0.003919749420711222,0.09928120324218566,3,False
184,0.22608673473196672,0.27515680728396086,0.02193572317704656,0.04196650207966426,0.12231621071355415,0.11878214359166253,0.027219154948684647,0.0641681391893173,0.0,0.10236858428414292,130,False
185,0.23315025959116895,0.2514985809307559,0.004224685882465143,0.043622510633997906,0.12130433571511452,0.08643045558103499,0.035075352994932536,0.07238839095840707,0.04043384211275327,0.11187158559936974,37,False
186,0.16954264442066,0.29802468900834717,0.031560746467403734,0.05061048337123619,0.13256876539409948,0.07104077329552215,0.03356206418031756,0.07395032472466517,0.038723268424583276,0.10041624071316527,33,False
187,0.20418157528771091,0.26219724943286377,0.03439719724783491,0.001149711821272474,0.15095068238708992,0.0913314340913308,0.03676497674063638,0.06853600035010539,0.04000922018318404,0.11048195245797142,127,False
