ID,strat_res0,strat_res1,strat_res2,strat_res3,strat_res4,strat_res5,strat_res6,strat_res7,strat_res8,strat_res9,ancestor,alive_at_end
0,0.000780671681535395,0.035736437588626775,0.0029721907533766393,0.1586019349030263,0.08975855182923674,0.26664862915731996,0.07214978250898274,0.05264554892672435,0.06595856187925685,0.2547476907719142,0,False
1,0.0,0.039057891698042996,0.014654076511946978,0.1476079933919446,0.09090450658094255,0.26386027157480046,0.06772137439762071,0.06739843364392267,0.06679944496237232,0.24199600723840672,0,False
2,0.01952478931009799,0.039034477488199514,0.008051215737225486,0.15138522682124733,0.09838485000859724,0.2657247600436966,0.07750958799884376,0.042225380390267686,0.03896399920799145,0.25919571299383287,0,False
3,0.0,0.03420987435784666,0.03299986232145892,0.14579329314733408,0.09849013343308126,0.2713563385496846,0.07031544634720487,0.04901882514929631,0.050301321418574844,0.24751490527551856,1,False
4,0.0,0.03803925867797505,0.008322889639608469,0.1660890990962394,0.08028123018193538,0.2693547570631181,0.053240756996065404,0.06181213854716034,0.06190446273323144,0.2609554070646665,0,False
5,0.012498221499060503,0.042130599894365225,0.011211737818030282,0.14992109762145323,0.10356043976801743,0.26306227024443607,0.08084334397940787,0.0421373935181214,0.04653832555569175,0.24809657010141636,2,False
6,0.005958738076202264,0.0443469591021358,0.0026923956755685093,0.16579238204566332,0.0997114960623327,0.25366054194593995,0.053096969557099936,0.05755884266023291,0.04955035929272025,0.26763131558210435,0,False
7,0.003589519182896736,0.03768030169731191,0.015498704393262123,0.14596584379088706,0.08409253043140791,0.2555022068440451,0.07799762193321388,0.07365397431972458,0.059747990364851906,0.2462713070423987,0,False
8,0.013805085380987191,0.031467518063117005,0.029083128087480658,0.14086825280178047,0.09442822004429981,0.2460364091002215,0.07910531292767471,0.06468675593982676,0.06922435761535767,0.23129496003925426,1,False
9,0.0,0.036739214194746427,0.009100052015278786,0.15303970747548998,0.10447654862861004,0.2806267558748428,0.051105664581800075,0.05059850756081157,0.07362058569778868,0.2406929639706317,1,False
10,0.0,0.03651901815890729,0.0069021715874859465,0.1611875528758369,0.08882854964598816,0.2791928502097801,0.05985693205183599,0.0552173884695587,0.03466554432051426,0.27762999268009275,0,False
11,0.00994615723995292,0.04690828312498993,0.00744815504085661,0.1426881960038653,0.08421235875629046,0.2564421171179875,0.061039612002107856,0.06543466335571668,0.0831590075380347,0.24272144982019805,1,False
12,0.02368102189781115,0.027745327827600058,0.013819214367421371,0.1453574947839351,0.09569510868740001,0.2792221459293518,0.08559002433939715,0.03590765795693562,0.04082585583135147,0.2521561483787963,2,False
13,0.0,0.03164673335092421,0.01969648085513324,0.1514462281949029,0.08741139666358082,0.27573697546557674,0.06353538082608416,0.07269016949064261,0.04236563308420569,0.2554710020689496,1,False
14,0.019843507526774523,0.03965554806688058,0.04062244480011724,0.14700266555382235,0.09940435528191172,0.2597619098009483,0.060547767241768045,0.03690208074668412,0.0549274971830362,0.24133222379805683,3,False
15,0.0034411217548207854,0.044985842823008486,1.3210265656250525e-05,0.15132923547191757,0.0973614427275155,0.24397660388070425,0.08539311692758177,0.056499921266779725,0.051446063708657064,0.2655534411733587,2,False
16,0.009468921144504823,0.04021619657354628,0.023836037430908338,0.1368388585992476,0.08645176531353833,0.2637533379240323,0.07338055921910898,0.058837351720486465,0.08520081661268432,0.2220161554619425,1,False
17,0.0,0.0496084886174663,0.010611418896876092,0.1380136240628982,0.0791935812319075,0.2695054769692023,0.0656238173919349,0.0682666331590907,0.062268402847405695,0.25690855682321834,1,False
18,0.007258002630877992,0.04203398257495119,0.015126469520832287,0.13962734772088758,0.10072293948160092,0.2669721701664511,0.06754318544948607,0.05685268719759436,0.03693879718907405,0.26692441806824446,2,False
19,0.01001836539743357,0.01755905248076145,0.020554028983499777,0.15767432210612675,0.10887328632953348,0.24836499291057737,0.07589994140935762,0.06098212271113203,0.04345538853472943,0.2566184991368484,2,False
20,0.0,0.042152620217975174,0.005355676216894912,0.14163417646371443,0.08938871714025634,0.2759557598228945,0.0820405112733893,0.04617269265495981,0.07472798165481517,0.24257186455510052,0,False
21,0.0,0.029539605104686464,0.001906991345859929,0.14163866268079067,0.09736403238310844,0.27434209355036704,0.05977584828159985,0.06594639321598762,0.07751854369001379,0.25196782974758614,1,False
22,0.03533935396767229,0.03358851052926378,0.021432635631568178,0.16316415566892678,0.08401241077561737,0.26016502234674344,0.06830201243906078,0.05427573034214938,0.02776759167293923,0.2519525766260588,2,False
23,0.004356926244818661,0.025480211990929154,0.0,0.1656224407578795,0.08733470740851146,0.2712661634048969,0.07137827371722771,0.054584068317331605,0.07055432686099133,0.2494228812974136,0,False
24,0.020697140415876468,0.025744809418745046,0.012167749440321507,0.1644495055764797,0.09662603498342583,0.2668954838134329,0.076629933691367,0.053404029834935356,0.04169384874251266,0.24169146408290346,2,False
25,0.01845282380316443,0.03358451573074123,0.012891585959918685,0.158466266399339,0.09578155046078302,0.2600992149913765,0.07435884563539104,0.04696040894314532,0.03777890858797227,0.26162587948816846,2,False
26,0.0,0.03550665502032623,0.01818954814224538,0.15182532655577927,0.10622590400468566,0.2577840371859721,0.06911312738526641,0.060722862530231965,0.05811220513509448,0.2425203340403986,3,False
27,0.01701251514612087,0.04609152441785789,0.01119699654524851,0.1473362583275535,0.08982315163274712,0.2773400046618011,0.07050560319533467,0.041529767617685995,0.0339428279144321,0.26522135054121815,2,False
28,0.0,0.03787909092186519,0.02092027338097106,0.16199886855284554,0.10081265546379357,0.2630660274392171,0.07275089978600512,0.06120860487575968,0.04071018783855203,0.2406533917409907,1,False
29,0.001725226425512903,0.027799871055740943,0.02389677434925137,0.13555537404553833,0.09209657623119571,0.25993117588883075,0.06766777887085748,0.06984857438248057,0.06797259700263562,0.25350605174795626,1,False
30,0.0,0.01939815464920733,0.006281614277803481,0.1722502203299333,0.0864815290341759,0.2711956580678381,0.07859391663132104,0.06137766157183704,0.051012990983724846,0.25340825445415893,0,False
31,0.0059590214349098235,0.025094759134593532,0.009483564127481416,0.1550081915243466,0.093405409264156,0.2605702852412599,0.07846465590069543,0.0605641798016397,0.059073388250653,0.25237654532026443,0,False
32,0.0,0.04719073150748755,0.012085279625462526,0.14892284784730933,0.0749722937430116,0.2639988423993501,0.08285991762582474,0.04394945225937019,0.05778995707566598,0.2682306779165179,0,False
33,0.004768618578501522,0.04454808088015244,0.029448726016666878,0.1654679472051016,0.0863873450350428,0.2541678425609612,0.04882475090965352,0.05230337368010627,0.06324405588113617,0.2508392592526774,0,False
34,0.01947317011636179,0.044970227926721555,0.0,0.14147275937516388,0.10412329938882348,0.2537291499501767,0.09171364021665651,0.04811981683316626,0.0458963830191325,0.2505015531737974,2,False
35,0.0015251640132592137,0.03602613064651029,0.007907757153900593,0.1663739527123582,0.06685058818147836,0.2741955178159277,0.07026724443612722,0.05202832869002675,0.05931619268379457,0.26550912366661694,0,False
36,0.0,0.037257732997026755,0.03758309525259008,0.14061129556325053,0.08455425548761554,0.27638319507016035,0.05667896414716969,0.049414169682054795,0.05662588418879393,0.26089140761133833,3,False
37,0.0,0.04929584839700211,0.013558353446065026,0.14413073283136632,0.09028796139892856,0.25545231522291456,0.06331979374656277,0.09765333010668542,0.04322210462502123,0.24307956022545407,1,False
38,0.021573019031175145,0.03693515142834825,0.0,0.1605926276236571,0.09838098580454803,0.2536905016818404,0.06347229709207715,0.040263236745689,0.05310310463210697,0.27198907596055805,2,False
39,0.02473264273997962,0.02547246082530281,0.0,0.15248802798475816,0.09776948985684701,0.2578206238833501,0.09717709715856997,0.06237437263939175,0.03250763337571276,0.24965765153608774,2,False
40,0.022342270180683486,0.035842483259741924,0.009548051292921406,0.1624042142774119,0.1053594832502694,0.26172027573164725,0.07659670324086881,0.02985444008566991,0.05401248105297294,0.24231959762781285,2,False
41,0.002934923711165319,0.03925985672389693,0.004125216292893711,0.13453416148762531,0.09541353778071263,0.27372900383019555,0.06795517807552505,0.06608440234313076,0.06256157601280435,0.2534021437420504,1,False
42,0.0,0.054270471778242464,0.04116772632692095,0.13082305352243903,0.08029167436101152,0.25249043900383106,0.0604077111608894,0.06444196849117091,0.0729447951008631,0.24316216025463158,1,False
43,0.0,0.05258213241029656,0.009950549647506456,0.13741960987471738,0.07741392246965241,0.2514580310919726,0.06686443668673629,0.07198476648197139,0.07329961721022467,0.2590269341269222,1,False
44,0.0,0.03418584149916417,0.032811596153615626,0.1403580894540403,0.10236918567320345,0.2635008329059362,0.07578278802374003,0.05869535915970303,0.03885243341282463,0.2534438737177727,3,False
45,0.014169281898597081,0.04270023952065708,0.006373147193628049,0.14414115694452728,0.08964480740969825,0.27256308737338125,0.07872123296734437,0.053182802928149225,0.058786285133172675,0.23971795863084475,2,False
46,0.029781996460595473,0.05634796209859005,0.0,0.1590637112508109,0.08592607878445205,0.2628404069165721,0.07995510238389737,0.04308030415579022,0.037763736769406454,0.24524070117988536,2,False
47,0.0,0.05032346552317818,0.017845652628031623,0.14852648923767203,0.0889265413701525,0.24194709720764013,0.0752715116254257,0.07619898233441738,0.07470917634306207,0.22625108373042027,1,False
48,0.0,0.016198163698134795,0.0319911257493255,0.14660382739878877,0.11343900574994507,0.2850231886148872,0.06613586462788948,0.057147033358075826,0.03692085418031387,0.24654093662263962,3,False
49,0.014074512954538945,0.022821877792702925,0.016745825720103014,0.14797473029154476,0.1201501225372897,0.24304301085757224,0.09045378674365016,0.04125770107479857,0.05110874848462114,0.2523696835431785,2,False
50,0.032721379880796646,0.038529859182151814,0.0017656669852373719,0.1448855890016294,0.08833835018533726,0.26573258299388103,0.0837336577279632,0.05239802699061486,0.043528221619066776,0.24836666543332167,2,False
51,0.028269967311631086,0.034446692815489774,0.011634378696505281,0.13586674464822485,0.10191932410379236,0.2632047805662693,0.09137658330101803,0.038611186322523215,0.036437013913519174,0.25823332832102697,2,False
52,0.011233360316297734,0.055607186029083974,0.0008237230981126097,0.14063852707763505,0.08991089990370038,0.2864835419055113,0.08664403606353939,0.05166736574301493,0.02050080591433434,0.2564905539487703,2,False
53,0.010082616724235417,0.019368745767010212,0.05233715904815707,0.14277158567966539,0.10272725883208204,0.2596590148443573,0.07508695486827112,0.032394993801965526,0.04795574025417456,0.2576159301800813,14,False
54,0.007399107639618969,0.03908113420785226,0.0,0.15493476589586488,0.0997089411794532,0.2545587012489898,0.0813646650450866,0.0421153097935642,0.04995390889137911,0.270883466098191,2,False
55,0.00048795022276103576,0.054681232756225794,0.019706781601845816,0.14932061434897684,0.08702733514320206,0.2774932499949471,0.06660090491268365,0.04557491317806465,0.053730826214923366,0.24537619162636978,3,False
56,0.012911840212405405,0.02093135926064468,0.030257889794841477,0.14839952440393164,0.10354489502861583,0.2790222275931929,0.07795893307384497,0.052390510508588055,0.04620630782778795,0.22837651229614714,3,False
57,0.020246504773121263,0.051435364619769997,0.0,0.1510835254052794,0.09460261278974784,0.2611499762266395,0.06452794283372004,0.06772636095753704,0.02760389329777283,0.2616238190964122,2,False
58,0.0031930720632492096,0.03378313850555857,0.0,0.16081724440580866,0.09316654367322173,0.2881292158088674,0.07264601976048259,0.033969140596268814,0.0459935187331892,0.26830210645335384,2,False
59,0.02078445193011248,0.03639204225945904,0.004803325973553185,0.13905816842244065,0.09219137353765425,0.2675748683343603,0.08678880305009706,0.050264801576486315,0.03889476090982551,0.2632474040060112,2,False
60,0.002235930985555444,0.02878191005166599,0.01913408762699467,0.1513757423714084,0.09178204371003708,0.2806937005560027,0.08140480587768391,0.036877053174348765,0.054027703613652785,0.25368702203265026,3,False
61,0.00785668372820942,0.02654119432463004,0.033316490684614966,0.1359914881990041,0.0867723044774861,0.2825603208562827,0.06961901645240239,0.036476764551386556,0.06727879565385181,0.25358694107213203,3,False
62,9.672807395960851e-05,0.03439414776939328,0.04940048281284759,0.13327280172185998,0.09559986732558282,0.2813207255967711,0.06867400683161135,0.053561256799184595,0.034554482800176284,0.24912550026861355,3,False
63,0.004055081091663109,0.04803454504620015,0.0,0.15287646160639895,0.08439700553589448,0.27638342789864323,0.08491175735230778,0.04452691326856241,0.029834777037489244,0.2749800311628407,2,False
64,0.0015868798255693276,0.042617361250960065,0.03975794447288091,0.14591399729445884,0.09064223935946811,0.2654006336626595,0.07028992745692236,0.05131123340787397,0.05168472708227583,0.24079505618693103,3,False
65,0.032880261062119276,0.03965917184709378,0.01065445247820935,0.14449859077145308,0.09209749118113401,0.2702796378080283,0.07965813464017049,0.03694493594746566,0.03721503552568548,0.2561122887386405,2,False
66,0.012010535207988214,0.039257986971379506,0.011291875011694775,0.14917567773771367,0.08891765947544307,0.262873425319834,0.0599212206957834,0.0589146372785995,0.08394223702349572,0.23369474527806822,1,False
67,0.0,0.04024215765960532,0.04298439719375153,0.1479147914838407,0.09902414593409006,0.2594948587189621,0.0831245794294009,0.034789547531125974,0.05759063478340762,0.23483488726581572,3,False
68,0.02203235162529689,0.043800386485888264,0.020392754761857264,0.15336805746610277,0.11107432965236767,0.2726428992582887,0.09190898976133273,0.029719644038466296,0.01711562837956876,0.23794495857083056,2,False
69,0.0,0.027868163975290423,0.0,0.15823738170715923,0.10715465984234489,0.2745151258067817,0.09418844919416092,0.03336357915029628,0.035360324224442075,0.26931231609952444,2,False
70,0.03032211329057013,0.04511055508684429,0.016415437463849433,0.14364234061291775,0.09367710850918805,0.2659602606092185,0.06556355842686172,0.03721470528569777,0.03880451238101809,0.2632894083338343,2,False
71,0.03656653460885464,0.04937931122461073,0.013560504702734802,0.17274180541436018,0.08117158792836214,0.2597627140029166,0.06393475034995004,0.04722622666766127,0.018098758946965773,0.2575578061535837,22,False
72,0.015408927654256858,0.02346385419047401,0.0,0.14132925021034395,0.10921335556871628,0.29197629963454547,0.07594892412058829,0.038184275052563346,0.0408902899664129,0.26358482360209884,2,False
73,0.01852050117883865,0.037620964586811655,0.0265334181274115,0.1516586842975028,0.09212491132720563,0.2568939490615029,0.08334245989496429,0.02838832884416729,0.05785751264809121,0.2470592700335041,2,False
74,0.005362697101887016,0.03145598647199984,0.05342795158151222,0.13471743742615916,0.09427369189042287,0.2501013882458629,0.0817056456898512,0.038609974550989974,0.05496215024370815,0.2553830767976067,3,False
75,0.01676981947129155,0.037806515407115514,0.026043563642960434,0.13387226460721513,0.09384051177057592,0.27917845014600706,0.07285212609189048,0.03474271603544004,0.055241177904535095,0.24965285492296865,3,False
76,0.018571266512492326,0.02797008863123638,0.0,0.1534145279106419,0.08656070265958148,0.27976948478513175,0.08732067030661585,0.03907389247053944,0.04143410527755706,0.2658852614462037,2,False
77,0.024908722765711433,0.036629225151250444,0.003445368792970665,0.14052323658505123,0.09900807783441178,0.26597562713468165,0.08014093466530667,0.0417173505108939,0.03997431472475554,0.2676771418349669,2,False
78,0.036220655698413075,0.03487149367565243,0.041451280634240875,0.1682598529947406,0.08095774397850616,0.24538009450050433,0.06580918217179593,0.048018657565250304,0.01808400474275184,0.2609470340381445,22,False
79,0.011528565480122882,0.046496556305082745,0.036263362756668874,0.14273584970782965,0.10667938276170455,0.2516528209590087,0.0663658931431219,0.04723621439419964,0.05866142183628245,0.23237993265597853,14,False
80,0.02497564610965743,0.046582058765542805,0.049631946091468225,0.15527459032039476,0.0916460132053496,0.24059877704235422,0.0648581097245492,0.02545527621885676,0.059593877076521,0.2413837054453061,14,True
81,0.018787878880508816,0.03475818461252736,0.031690452858335355,0.16064493303527674,0.08277035714886317,0.23939398136324885,0.08228335166018064,0.05892508347997049,0.03517811004680064,0.25556766691428784,22,False
82,0.0161644311763503,0.042260615880411724,0.014945590656371154,0.14508034318052307,0.09168607866091286,0.27055583787807147,0.06574586809799766,0.04508668556080376,0.052641879342043334,0.2558326695665147,2,False
83,0.019800871517224785,0.03123649885797932,0.0,0.16157385321928722,0.09300191291988712,0.2620546024369649,0.06413113948158757,0.05307049751734377,0.038234755533476085,0.27689586851624914,2,False
84,0.023515341550139443,0.035689616318569234,0.043501812231662725,0.15052925089123262,0.09555579926623459,0.2717144141128553,0.04128008876796668,0.040752657728089926,0.05117407263306265,0.2462869465001869,14,False
85,0.028188457523044917,0.035442061076471125,0.02934023510102052,0.1729478077121978,0.10305737023513724,0.2632923192651185,0.0672873934432231,0.05434549935920575,0.002674082564085963,0.24342477372049504,22,False
86,0.024503487709989846,0.04802959065689852,0.008766714214054618,0.17916499347592046,0.09371765685060031,0.2436195388402588,0.06049677176648233,0.05990260223387161,0.03241852856615531,0.24938011568576815,22,False
87,0.019882336645408893,0.05049472262788304,0.020443993686616632,0.1538175498435024,0.0989370833070705,0.24512568783090743,0.07644334530483218,0.05381465304862837,0.041500705562305895,0.2395399221428445,2,False
88,0.04351135095487748,0.034143004612080155,0.027301898205438574,0.16737821591488417,0.09478148101185364,0.2519562573787269,0.06757101676727142,0.06034923200227708,0.00520982901336625,0.2477977141392243,22,False
89,0.05052689525696801,0.045657870213455964,0.01649989622105712,0.16068596372334942,0.07177247428813219,0.27078594737969,0.04492292391633367,0.06751470775625339,0.03737964173746589,0.2342536795072944,22,False
90,0.03034595768692983,0.046127562785248384,0.030615583738670165,0.15404420023284543,0.09634048025726799,0.24268740985955603,0.060636061159439876,0.020902420315240082,0.07818672130521337,0.24011360265958878,14,True
91,0.020129249810510102,0.03141913424351241,0.02033250772650264,0.16367943605693067,0.08563373464957563,0.2780070241939757,0.06133440587696408,0.06890516145758949,0.015765650154784542,0.25479369582965467,22,False
92,0.04413696791181645,0.038385493187989145,0.00859538286015662,0.17515883939154417,0.08536036967771507,0.25894525649823913,0.0619678434239625,0.05402549202604405,0.005031534352798803,0.26839282066973397,22,False
93,0.008266212725462923,0.05277397644436431,0.04651316332451566,0.16158610232482348,0.11514860993936875,0.24854451218224557,0.05298288383893036,0.030802591633142553,0.043186752383518254,0.24019519520362823,14,False
94,0.006483784723652407,0.025522669726636426,0.029307957139474185,0.1491364890747482,0.11078677744492922,0.2797727188914987,0.07026093331181825,0.03717158321070968,0.04982998200788915,0.2417271044686438,3,False
95,0.017958448028812087,0.037316288178637,0.006952112600981994,0.15709691555946817,0.09214138058200609,0.2594275459671365,0.08054148329741233,0.0510899971298158,0.040962316255231467,0.2565135124004984,2,False
96,0.023170020617929304,0.04022092720007914,0.04669107963913327,0.1530947157872526,0.08931473561540366,0.2618408613022112,0.06375732815782047,0.02148006063810039,0.06302947987143047,0.23740079117063956,14,False
97,0.026315276854937578,0.03259954318819526,0.03346221284469083,0.17468001045196319,0.07447005037408591,0.2619196752284454,0.06041777945313118,0.01999651818646416,0.06283247635995325,0.2533064570581333,14,False
98,0.012040350095151808,0.04024272375517263,0.02995005577194787,0.14324187609619854,0.09892584357851963,0.2818120029316388,0.03842717150934619,0.03876650325199229,0.06954354790830626,0.24704992510172588,14,False
99,0.032251969911684726,0.03576786404496045,0.01974849610978519,0.1554028523227329,0.077124114585217,0.2646853144496624,0.08815880882066657,0.06604728945066528,0.013286367775049754,0.2475269225295757,22,False
100,0.02270337208892917,0.04814901663050423,0.043340437890553404,0.14389925354001618,0.0944724562828537,0.2623500944657036,0.06734231207577436,0.023248250152301024,0.042656923100844756,0.2518378837725197,14,False
101,0.04542068337740438,0.040418940344654694,0.02225304927844113,0.14121645761521706,0.08016789983068545,0.25450185900789485,0.07849316129348266,0.05970755351261675,0.022947431513637904,0.25487296422596506,22,False
102,0.017155112876498412,0.0488633622397274,0.02093835544667203,0.16035076538385226,0.09495961876165039,0.2492082612706068,0.07209242763815776,0.06712778318233355,0.019949796679572324,0.2493545165209291,22,False
103,0.04247455906948257,0.03712742826046415,0.017601015847008718,0.15957161764075217,0.07756123476519224,0.25899827887267685,0.07562632099651774,0.05026597164942206,0.03373242663103147,0.24704114626745205,22,False
104,0.028430210224539718,0.04129305407340598,0.02430755905829423,0.1415550044647819,0.07479703998419053,0.2430202774558745,0.0795355070934963,0.08171708964300513,0.03213193631299891,0.2532123216894129,22,False
105,0.032626401828543164,0.0057917279036634245,0.010061376571951816,0.18905713303807756,0.09820332720486302,0.27682409026014315,0.07017812969829862,0.032769046139822185,0.03303029019676006,0.25145847715787706,22,False
106,0.009526190120653737,0.03528194853676325,0.026112396505183693,0.15199035807849362,0.12771430087262822,0.2614111651878493,0.0793041067873663,0.019594710455524703,0.036716459224732705,0.2523483642308046,2,False
107,0.04744121485391568,0.028282355246236297,0.006850830159676633,0.1746872797465796,0.07951819221335772,0.2633487330247789,0.050496561815326725,0.06083238772688283,0.043897441007424036,0.24464500420582141,22,False
108,0.02655494270749911,0.037641277257246024,0.042910404036625015,0.14980910479578044,0.08801953562764317,0.24839988021464718,0.058217186625974165,0.04521644215950857,0.057047666489968056,0.24618356008510842,14,False
109,0.008558462213369837,0.04154352551780754,0.0496180283346089,0.15499977910468588,0.09288399941690753,0.265632406460818,0.049722067014919435,0.0359780647583396,0.050328435849364604,0.2507352313291786,14,False
110,0.04726160931456162,0.04059590295813785,0.017097188096276257,0.16515936419472654,0.09121254571436697,0.25661768718824,0.05324872040666225,0.05174339060603635,0.027495299417109525,0.2495682921038826,22,False
111,0.03529877702038187,0.061353719786122564,0.011892304237414211,0.16175680488018765,0.08377552491056475,0.26770072732229916,0.047044914743572426,0.05302893691086295,0.03389776171002192,0.24425052847857254,22,False
112,0.032412383809456435,0.03868833516491104,0.031833451697515454,0.17047232028698833,0.07925381672853127,0.27481235894797773,0.06437988867146358,0.045481919685522246,0.008426838316077372,0.25423868669155664,22,False
113,0.04343551541390778,0.044240717214586917,0.02174025010635939,0.16128183700448093,0.08174222710776553,0.26047285679613863,0.052493970068435196,0.06013542285177713,0.015741124743086126,0.25871607869346236,22,False
114,0.029358615336446098,0.0697555334290689,0.03395138866548197,0.1387223061299935,0.10379979606510666,0.2599112198724959,0.06102510691464434,0.010748597592486484,0.057038516864708025,0.23568891912956813,14,True
115,0.05311006074645,0.02853015059027019,0.016826858316416147,0.164272818437238,0.09341067165525245,0.2555582459110409,0.06729804924365604,0.05031519695766115,0.01844286150394457,0.25223508663807054,22,False
116,0.02353765046206314,0.058308190348971604,0.01578011600574792,0.15219767292593983,0.07221657181899638,0.26949270380515905,0.07758211211424797,0.0480187173815013,0.03864141353186622,0.2442248516055065,22,False
117,0.03394803868666988,0.015161239456131926,0.04161209577646493,0.16713199394022119,0.0857254545747351,0.24822572707414503,0.05757715842899719,0.06078663224840204,0.013236301343722893,0.2765953584705099,78,False
118,0.011677758994950705,0.03312083627023921,0.04384929136001017,0.13404449204952892,0.10067959549788079,0.28323036633464005,0.07100684704768233,0.047738547120124056,0.050131036465296534,0.2245212288596472,14,False
119,0.029596378960691134,0.0458030565305711,0.005793815577716709,0.1651457002286881,0.07774051680359284,0.2745025965287832,0.072187532312209,0.05808520635834778,0.02135829768271941,0.24978689901668064,22,False
120,0.038902324394830795,0.027404235761574726,0.037373925445615096,0.15948990343730796,0.09598871015043196,0.25478053471684253,0.07195568527680145,0.058515892359867955,0.03730640121147581,0.21828238724525173,22,False
121,0.047435832220747404,0.03739049973531336,0.023279636217481435,0.16213731465730796,0.09116186167256553,0.24382575864189845,0.08471799578378024,0.041583127340576086,0.0240347242804613,0.2444332494498683,22,False
122,0.02860202586173773,0.0300305395099077,0.022895993718076796,0.1739956037086369,0.07887110358670509,0.2721531112893042,0.07790108601395883,0.05436409402372641,0.01914750822773221,0.24203893406021415,22,False
123,0.040830861920393695,0.04572022029154212,0.03457674383510994,0.15980213475185037,0.08638225588905246,0.2423477228998076,0.06522365309324273,0.05032259748389462,0.027977999608664258,0.2468158102264424,22,False
124,0.043882931987763954,0.04227185406775783,0.026690723629019458,0.14535280635259826,0.07665777022496754,0.2493527069587092,0.08767222521397484,0.06959503428737776,0.023647611321975716,0.23487633595585536,101,False
125,0.041021061573966726,0.04484479937791613,0.004751039560592055,0.16683266770494137,0.08924597139089198,0.27221566587768947,0.07869823995683017,0.03136952173357873,0.025244581775860944,0.2457764510477324,22,False
126,0.02500198834121882,0.024174738728521276,0.035195335696838026,0.13414402630015893,0.11280713716081671,0.27713051014459855,0.05861299689861198,0.03989659407783872,0.061715506373707686,0.2313211662776892,14,False
127,0.03975305299716814,0.042621146012610765,0.020245006873990834,0.1635337488978419,0.0780172296188762,0.2679603802166389,0.044731715625505264,0.0644097756896071,0.031949531762592305,0.2467784123051686,22,False
128,0.04906783005939407,0.043392525975394676,0.016139412693011605,0.15549377249583307,0.08116590291034528,0.25046657328362093,0.07323585017451477,0.04699672558600995,0.028894799542140352,0.25514660727973526,22,False
129,0.023062248568174487,0.03080652844973822,0.009338158787483555,0.16837230942675846,0.07087257467136288,0.2669416394885225,0.07774182198773265,0.0541532135113636,0.02334226835429491,0.27536923675456876,22,False
130,0.021891187676658375,0.042794461374355025,0.020665932787670135,0.16875659008569044,0.08503183200113984,0.2599660424592819,0.06047471264282235,0.03907556984192971,0.03297773492095418,0.26836593620949806,22,False
131,0.023352304945166966,0.0327083138360929,0.023233503164867855,0.16036653912760224,0.08678257473743459,0.27545631449311314,0.06478938224796643,0.0320409069888985,0.02277122619235232,0.2784989342665051,22,False
132,0.05511055959090095,0.04406289519869602,0.0,0.1454028348315371,0.09828644734130862,0.25167163999609354,0.06717620529956475,0.05582434617637236,0.018966194444684722,0.263498877120842,22,False
133,0.043338153577450404,0.03110663601660296,0.00903835191006498,0.16986209675054784,0.08020419800677875,0.25387187191154076,0.06555338374648817,0.054238708359769364,0.04059370537198835,0.25219289434876835,22,False
134,0.01445565263522072,0.0365276536636856,0.054087420644438555,0.15381167705674245,0.11033687653031161,0.2491974829826082,0.04878273000275988,0.030571892154348256,0.056139146307845667,0.24608946802203907,14,False
135,0.004163570962995676,0.043919334303126265,0.044759549488820535,0.1483342638872373,0.09545392353409173,0.27199646439448494,0.059726674385579354,0.01931591442192455,0.05636805135430297,0.2559622532674367,14,False
136,0.030192841725179633,0.03602791867925411,0.03657831192513202,0.1508096947466704,0.09598518949398392,0.2725105760115701,0.06256793090962431,0.03350334296644338,0.057608703800388364,0.22421548974175384,14,False
137,0.018641738384288876,0.05360979166425042,0.03267859292800287,0.14229215801194028,0.09037544473501674,0.2591281575603487,0.07132294923351576,0.01689047328003683,0.06155463824737734,0.25350605595522224,14,False
138,0.011907747318798364,0.036118620180237086,0.016600525067509652,0.14890586838253625,0.08780441194919796,0.2673820631047185,0.07297570934101408,0.0626587342913452,0.03558161092722759,0.2600647094374152,22,False
139,0.02199416595445721,0.03238412716933021,0.011394781688100146,0.165705740129328,0.0765252887234091,0.276536420828915,0.07685413068881351,0.06608663475393087,0.034091482033553694,0.2384272280301624,22,False
140,0.03407954467301905,0.04255101977817382,0.03076797163159279,0.14399383216239117,0.09275352585105764,0.2314713931919059,0.07363283193563085,0.07553444289476703,0.03901434182509055,0.2362010960563713,22,False
141,0.01114875149160488,0.039236542125492734,0.06043977724177432,0.15611572320731373,0.09593896793086422,0.25694092360007414,0.0672065181188544,0.019329902531096323,0.05939350900168771,0.2342493847512375,14,False
142,0.02606413570927002,0.030077053697272108,0.03998678201136133,0.15704021561208426,0.08349234646098234,0.25930307584998386,0.07210607984009483,0.056786243263612826,0.018058262736982227,0.2570858048183563,22,False
143,0.039577558672987005,0.030692126061026774,0.03528163575324458,0.15421834884121285,0.08785857386610867,0.261677874968278,0.05220703806532044,0.04425742094923019,0.03542490784668732,0.25880451497590407,22,False
144,0.027006645721682643,0.042819890998172565,0.013335149741326907,0.1544544995658101,0.08832864869419714,0.2554746632207232,0.07491234174714738,0.045838780870453406,0.04082781330780464,0.25700156613268205,22,False
145,0.03258826638500116,0.026209232048074446,0.037851549500209775,0.1712734610369986,0.07413084236092682,0.2566269460988648,0.05617456329359018,0.06193036098855257,0.031089209551586904,0.2521255687361947,78,False
146,0.044361617787070685,0.024456552152232133,0.03660799983143774,0.1675777850747347,0.0791795824953684,0.25564899020318993,0.0647610433450531,0.04823108378375756,0.031247904049449958,0.2479274412777057,22,False
147,0.048182531546715056,0.024603044962486935,0.03630676345249854,0.16219742477214297,0.08212982529748744,0.25085406063284377,0.052199057655706406,0.044548403699286386,0.04001638191257543,0.25896250606825705,22,False
148,0.04391646811029484,0.03317611583358811,0.014035586202815982,0.14887835961971588,0.08828108803240615,0.2558013802720118,0.07280838452169018,0.056457847724729754,0.03911629125907762,0.24752847842366957,22,False
149,0.02560448068677321,0.03219931636560237,0.01910806626559386,0.16366682011273262,0.09562552238602375,0.2543567925455761,0.07323139905565546,0.05575194191218239,0.02773683945673536,0.25271882121312483,22,False
150,0.03185033133905454,0.04023232608325338,0.029622566711138984,0.16351130631499525,0.07518502952717779,0.25833699847736813,0.06581533801288823,0.04804082173745275,0.03242664612805623,0.2549786356686147,22,False
151,0.02741039542801148,0.0204405399666241,0.03314048324959443,0.13837094209564255,0.0866106588811244,0.2873705598107215,0.060916972017217,0.053477248432123814,0.03360530149765634,0.2586568986212843,22,False
152,0.013195830824251163,0.04642086228016049,0.05249333460103907,0.14771013345626935,0.08186411906361024,0.27927595089876045,0.0498999540421127,0.045806744352071146,0.04411780456008774,0.23921526592163772,14,False
153,0.02692776726163971,0.03526895687260511,0.025605909686714945,0.16643411832875218,0.07764276333761133,0.2590948612373211,0.05769436581868709,0.061317120982446634,0.027639468763268164,0.2623746677109538,22,False
154,0.015530987992625108,0.03501783615270092,0.006408216198386685,0.1622764657734878,0.08395938597783237,0.2703349493486187,0.07489097340388332,0.05926456341848125,0.02967225001127153,0.2626443717227122,22,False
155,0.03185456149601762,0.03745499407897671,0.01640386860383628,0.1575738387384479,0.08772149289721816,0.2568285223813359,0.06325695134895938,0.0709882230620564,0.03853462392003564,0.23938292347311607,22,False
156,0.03262464901206863,0.018547124822451605,0.017872717472279174,0.16952841490041787,0.08685203473579076,0.26279803296651266,0.07606246453297306,0.046101944913162926,0.03973913974634034,0.24987347689800277,22,False
157,0.034265659239969354,0.03918137657941571,0.020648064431183097,0.15797497215225648,0.07464931313727977,0.2752977077063129,0.06766232283314712,0.045767912866646644,0.0341866887009266,0.25036598235286234,22,False
158,0.01938962804707889,0.03594942412410002,0.038332679305908515,0.159999198402535,0.09787317616510975,0.2595871371050165,0.05835386175167284,0.062406147216710235,0.016390358031030824,0.2517183898508374,22,False
159,0.04286226797759388,0.03692298924597862,0.00837108595330948,0.1675161920592945,0.0918737162177057,0.2513365000787673,0.061321557312102454,0.05452529251510068,0.04956522249419333,0.23570517614595404,22,False
160,0.03130509489907747,0.04992478195594571,0.02078610079604784,0.1567218466510913,0.08291054668662029,0.26024424467150553,0.05982183052409667,0.0504940419275368,0.051727720624426335,0.23606379126365215,22,False
161,0.024027652810944312,0.038743607073242196,0.03437986501997456,0.16631019061339214,0.09038258208290648,0.2438726093201988,0.06259958235260442,0.05556099235137667,0.01524379433790722,0.2688791240374533,22,False
162,0.03439823042524578,0.04307107727014282,0.0022742157523353767,0.16024425398377506,0.08390752922167129,0.26221416117423973,0.07045831296320447,0.06277624239285351,0.03504850803862885,0.24560746877790318,22,False
163,0.038580792978030014,0.04544761198229966,0.01753410426514255,0.14871323121088312,0.09053407316441739,0.2543427160761201,0.0709817134548749,0.05724348691961716,0.02926107079949353,0.2473611991491215,22,False
164,0.03325837656487693,0.03736476973081719,0.019937922493671986,0.16325176654885548,0.09372593797803708,0.2555861558576826,0.052555512922255576,0.03983416930320895,0.051241956992167687,0.25324343160842666,22,False
165,0.04016868476595286,0.05353262631261678,0.0019101569053818802,0.1653846656003145,0.08543021621122496,0.2602837588947184,0.061832664650700024,0.051710111227541114,0.021443390219845405,0.25830372521170425,22,False
166,0.009643035975759311,0.038568437249699626,0.03616065240606183,0.12981398723462112,0.1236095201988198,0.25919982730207064,0.05324596461353802,0.0459681204221206,0.06339350918011276,0.2403969454171962,14,False
167,0.03517310183481743,0.04391591217371815,0.012294092600661617,0.17537230460006722,0.06760437577809437,0.27995779164434104,0.050967292126854975,0.0494114393094818,0.021019017675026976,0.2642846722569364,22,False
168,0.04466177556934506,0.028222442037209826,0.05172292648642027,0.1474935284967236,0.06625325502797141,0.24296921684518155,0.06736944548152321,0.06604492323962696,0.040042938278499945,0.2452195485374982,22,True
169,0.03352763710055115,0.03308731549065509,0.021970277759790307,0.1721147510769628,0.06313741879589319,0.2787223460423739,0.07209697387924166,0.052187859766418244,0.022387965779997708,0.250767454308116,22,False
170,0.021772885334619064,0.041676144499590034,0.046060675686163705,0.1825946839931082,0.08452931918877325,0.2642379075697117,0.05629721309978506,0.0399087380705843,0.0169478884248202,0.24597454413284467,22,False
171,0.041842974676852836,0.028467755144664722,0.028953067267862155,0.17347808879217008,0.08199782474766672,0.2397473457770152,0.059418160271405396,0.047900881418016066,0.03255513494007756,0.26563876696426925,22,False
172,0.0354211830708683,0.03619966017579195,0.016718500909568005,0.1647488743216584,0.09559834190153334,0.2505746418308817,0.05936630739453583,0.034996371384385716,0.04607494297420257,0.2603011760365741,22,False
173,0.035401698843595786,0.05030621428448938,0.01767099086302215,0.16452131659432753,0.09054489370197205,0.2563115186975966,0.05448695510334402,0.0647029637725207,0.010597248353730581,0.2554561997854013,113,False
174,0.026325693140648414,0.04431272424569525,0.022203482446464792,0.1655168776037923,0.09816058262274369,0.2650310005233621,0.05949932232763975,0.05308761439793549,0.033164197314848036,0.23269850537687028,22,False
175,0.02502090508848643,0.04821580545002242,0.029597835744681403,0.17141571284076018,0.10820172359247261,0.24377309974940164,0.06768043684624246,0.036568894507506486,0.014913230889596259,0.2546123552908301,22,False
176,0.033389656862030236,0.034107368095852034,0.010920610663200544,0.15682299642288236,0.09891695413404127,0.2566146113585242,0.06896507771833778,0.0504794985342523,0.045664987213498244,0.24411823899738108,22,False
177,0.02243176829243442,0.040792379864033106,0.019833068729740284,0.16365296171142144,0.09032072300295019,0.2698337096063381,0.0765065019349548,0.06912440377804133,0.016100188004583366,0.23140429507550297,22,False
178,0.04741560561438019,0.04305731167199541,0.005506740502652055,0.15434281706915595,0.08438625262680807,0.2542933098650487,0.06251981645536449,0.062333078911857534,0.0343631079077058,0.25178195937503167,22,False
179,0.007954227567122897,0.03016152554883369,0.028837385606108913,0.17745173731017502,0.08405894543622924,0.26281196690219905,0.07463664827684426,0.06324041029586293,0.021926645007727025,0.2489205080488969,22,False
180,0.031186914007105822,0.041785937691354934,0.034654274176755706,0.14534633861433716,0.09192796811616329,0.2615061068156655,0.060799305525584914,0.03627796160244827,0.037436007018283014,0.25907918643230143,14,False
181,0.02965955802411069,0.05646204538520028,0.031037525842423343,0.148504642618286,0.08963265837356237,0.25456107637278047,0.07266705792802677,0.03999307835838762,0.02213192566222117,0.25535043143500125,22,False
182,0.04400013503937683,0.029227118932030567,0.02427676211978193,0.1492141023781468,0.07861061786597323,0.25064352629317316,0.06267979448161129,0.06873814305553372,0.027629586641989803,0.26498021319238263,22,False
183,0.03705355401096174,0.03625295993244667,0.015091243183709193,0.14765960325842326,0.08180549216587166,0.25156553309541957,0.06831798658864416,0.058130682980749984,0.04064506020246615,0.2634778845813076,22,False
184,0.03947695255817002,0.02332010633410612,0.02099827160621918,0.16963410312783836,0.0816467349316649,0.26608966999312283,0.07408825979061913,0.055508339016569506,0.02474473986975152,0.24449282277193843,22,False
185,0.026917101020242945,0.014774051370125206,0.015462759311498384,0.16432805747674203,0.09200289495248007,0.2645913848753706,0.07722008413840101,0.06125301623459659,0.022309090504699158,0.261141560115844,22,False
186,0.03375963509439378,0.0540692067234944,0.028617917984347808,0.169638061798969,0.0753628233062251,0.26995345660699077,0.04340655763178755,0.05518031070142062,0.020502800916216573,0.24950922923615446,22,False
187,0.019087883254626903,0.01647194422982244,0.04417283706935725,0.17642706826252172,0.08777775310860106,0.2724300775227848,0.08240471095541423,0.049723888828729836,0.018191557195320413,0.23331227957282125,22,False
188,0.017380364685962563,0.026417522948767213,0.04098352516768535,0.16290125266488545,0.1066847701522637,0.2507064298964308,0.06369519739446057,0.03624133383935325,0.03824976490575946,0.2567398383444316,14,False
