ID,strat_res0,strat_res1,strat_res2,strat_res3,strat_res4,strat_res5,strat_res6,strat_res7,strat_res8,strat_res9,ancestor,alive_at_end
0,0.06746042488799261,0.013576145746201387,0.049675655935675495,0.0033438952444093213,0.28750753541776464,0.10511983259560001,0.03311851927384233,0.22948364778293087,0.11445535591418503,0.09625898720139824,0,False
1,0.061979973662031146,0.02278368800006267,0.04890766134569192,0.0,0.27913701976372635,0.11185196105369814,0.022001736205316924,0.23761116488760306,0.1326353910120391,0.08309140406983072,0,False
2,0.06871734552075541,0.02993706554521795,0.03829370350003716,0.0,0.2713417872320776,0.10291014310969862,0.021052530143298515,0.25020602212186177,0.1527967192096153,0.06474468361743757,1,False
3,0.07561319604188267,0.010218421603564613,0.018726977607932634,0.0,0.2896509621767936,0.11267042653057313,0.0420420015079186,0.2397046307879026,0.1181706647615828,0.09320271898184936,0,False
4,0.07642079257840267,0.017632325776284263,0.04767093454057671,0.0021950924352288873,0.2552390665562891,0.10592839771511726,0.021200806711116644,0.256763393594807,0.15295879677901042,0.06399039331316715,2,False
5,0.06628668553544827,0.030887883688265727,0.0480636660065447,0.008702596151063093,0.28549342429236535,0.09675037655499776,5.9774117703579265e-05,0.24769753067447914,0.153518537713079,0.06253952526605333,2,False
6,0.07902173635648989,0.006004662155681807,0.057396303974124895,0.008912114644941264,0.2656991476581814,0.08739327803232944,0.04010840756583157,0.2328730162919074,0.1209605399411832,0.10163079337932915,0,False
7,0.07703476645051317,0.0,0.04664502381379795,0.00030525574655349485,0.29237155265758485,0.1043918753333839,0.03019588340898726,0.23911519319543637,0.14118670226538074,0.06875374712836231,1,False
8,0.06412170829358631,0.02721896124124415,0.05379089378313869,0.0,0.2701686714296935,0.12449703483461204,0.01692149921326384,0.24678632958049646,0.12514069772042039,0.07135420390354463,1,False
9,0.07936795845949282,0.0,0.03856704061604272,0.0,0.28526955576244867,0.11028051336895532,0.04084269036251399,0.2445111851408816,0.1214392934320279,0.07972176285763705,1,False
10,0.0641596879690228,0.016529608146343543,0.043757821115783024,0.014039890464433135,0.2829769433391164,0.11162326147313412,0.03655537355338962,0.22342041003077903,0.10936552579351472,0.09757147811448366,0,False
11,0.07248503174960029,0.007689598474102555,0.062425531586351585,0.0,0.2909471763097659,0.0979354944170375,0.028034988752824074,0.23097569711127056,0.11300051271035093,0.09650596888869642,0,False
12,0.08200143743044942,0.021357101342948985,0.042622439399165386,0.0,0.26382296405454086,0.10767001996413456,0.010784151930237847,0.25052452671165465,0.17073882791281297,0.05047853125405527,4,False
13,0.05475064652218664,0.033297185013375544,0.0387931190736187,0.0,0.27627695993111645,0.09856417067992991,0.02664416592758785,0.2606637793034172,0.13337193531660607,0.07763803823216152,2,False
14,0.06817846507285176,0.022940037279806442,0.049894264320904595,0.0,0.2794030049114171,0.1124819898065543,0.019630555094394663,0.24572793736288165,0.13016457906079165,0.07157916709039773,1,False
15,0.056380103417294374,0.010435287187389725,0.04654250238392746,0.00994334759066571,0.2925506517995256,0.10784626860454856,0.03127198065453773,0.23982296475833356,0.11201598335887797,0.09319091024489926,0,False
16,0.0597190024160757,0.038668102966303276,0.05067799409583494,0.0,0.27454206846998574,0.10996918226712196,0.003483275776664215,0.2449215632555975,0.15573583263546592,0.06228297811695073,2,False
17,0.06132986689098849,0.01727558887444569,0.052345633448039317,0.009327201667325868,0.2913165626626109,0.11239515688143861,0.03668070011249641,0.22014526226940231,0.10973172542842188,0.0894523017648304,0,False
18,0.05288960824130069,0.02139439031383663,0.04810247407103767,0.0028765872663724357,0.2835724641113521,0.11977381801660306,0.018833674055001325,0.24210564590195588,0.14143506798649666,0.06901627003604346,1,False
19,0.056264372448202725,0.035579725386911384,0.0510709831189447,0.0,0.2545053772294946,0.10901287384207406,0.016007564546447223,0.23185121239931195,0.14859566646571284,0.0971122245629004,1,False
20,0.05998346919611409,0.028955743628229173,0.02871515728389233,0.0,0.2647453928031306,0.10075004336907042,0.025473905755703505,0.2463152221971707,0.17176309759108932,0.07329796817559979,2,False
21,0.07553721077679046,0.0,0.03384033252466523,0.0057465798368897545,0.28261955335417394,0.11335249895259178,0.03668260976457093,0.24204577395124008,0.11229755162260878,0.09787788921646887,3,False
22,0.07075283464616448,0.009069546702344363,0.04234698206470706,0.0,0.27717004304909015,0.10207369321394252,0.04443069618904346,0.2354303404329616,0.13075964549446367,0.08796621820728266,0,False
23,0.06500579067471672,0.029430483226783526,0.0498099920679019,0.0,0.27678365051677184,0.103208409627525,0.026828486745387566,0.2501560633601262,0.14048833013557993,0.058288793645207435,2,False
24,0.05787895452606758,0.0005625124525218451,0.0561642773983275,0.00930362568332559,0.27570737308886045,0.11476970103802259,0.032948662574486406,0.2308301657018425,0.1391828317694549,0.08265189576709055,1,False
25,0.0645214765736243,0.03472713825067973,0.03892400137714584,0.0027841938272249464,0.28176314142566045,0.10101954132045368,0.023538417457523355,0.23539966534738896,0.11135019850671452,0.10597222591358424,1,False
26,0.0692873034892718,0.03142099218741487,0.05126279725938408,0.01807233851886041,0.28022503009450844,0.09708251162748892,0.013663319405040703,0.23505196242138243,0.1371324291691294,0.06680131582751896,5,False
27,0.0636753809774956,0.018318287273225823,0.05150514003596327,0.00650444391996718,0.2844879084688462,0.11665642747167579,0.03115777308701913,0.20629199870948015,0.12126658169738559,0.10013605835894103,0,False
28,0.07450953156750625,0.0012477904179630248,0.03765046956967274,0.0,0.2938145369647925,0.1164696015323907,0.042767185109199954,0.2310880631915307,0.13319834243693807,0.06925447921000628,7,False
29,0.0599302698732552,0.034600990814228905,0.05418110267045447,0.007320890974399711,0.273491860159402,0.09283317404562452,0.030775890496743976,0.24329585699283582,0.13990455415994899,0.06366540981310635,2,False
30,0.06194085753266244,0.03493807111089947,0.038994410544690175,0.0029620787654276084,0.2637752269344071,0.10182936895420623,0.034930784290758694,0.23307582838906218,0.1625956447993975,0.06495772867848865,2,False
31,0.06875307775018008,0.011937970988550465,0.048987806965215965,0.0,0.2722011702958788,0.11539259861862759,0.0444581500075372,0.23623402491679124,0.11869534726029647,0.08333985319692208,0,False
32,0.0712041212211343,0.005238861951999995,0.0392533015817623,0.005783642965002324,0.2807951119953692,0.09951546487570537,0.0560916347608154,0.23108095519932456,0.11325135686091126,0.0977855485879753,0,False
33,0.06641512129518042,0.014238829443178716,0.043361338731166446,0.00015306290916438305,0.3027957900578434,0.08973966631016227,0.04480657783338775,0.23247044722758164,0.11722304291753176,0.08879612327480314,0,False
34,0.07668484765945542,0.018020549844172836,0.04728406195203569,0.016915363777754062,0.2608789268925537,0.08317863432698039,0.024851726092693028,0.26138709127178605,0.1433712310910438,0.06742756709152499,4,False
35,0.06120275513306174,0.010974123340242947,0.04532501937915653,0.0,0.284978556481414,0.12272061591537176,0.027663427606666808,0.24234032290475951,0.12726716983645436,0.07752800940287238,1,False
36,0.05356343025387121,0.010847569820971804,0.041797944296958656,0.01190543403719106,0.2850649244048983,0.11788616157906498,0.03718738757187833,0.23085781325699398,0.10443060303532942,0.1064587317428421,0,False
37,0.05779870148229775,0.031798721073217684,0.04786083145331406,0.009949325317158033,0.26923161434571286,0.11043994467307346,0.02522810358499736,0.2340798589793325,0.14740000008461251,0.06621289900628397,1,False
38,0.06313981747033914,0.00343321612649357,0.04784024816336172,0.01728823493701364,0.3003913635372068,0.10441057997055421,0.03958704582923049,0.22094397025533863,0.11358757392294497,0.08937794978751683,0,False
39,0.05313869794868294,0.0414079950641236,0.0420476206799277,0.0,0.27908574585153123,0.10194724688819605,0.018578372351362445,0.2619610190881212,0.1438277928164122,0.058005509311642715,2,False
40,0.067662992440031,0.036205553282143754,0.04405231535228353,0.012195825844722062,0.2606661050561348,0.10782098617124222,0.03384794323668186,0.22221310620145704,0.1523458826926954,0.06298928972260828,2,False
41,0.08064461115144379,0.0,0.0416397633541855,0.0,0.30091014036417785,0.11267459772569464,0.01697643185447352,0.25299809812554563,0.09495774101629455,0.09919861640818464,0,False
42,0.06856578708702603,0.029523429665231384,0.0641235059305462,0.0,0.2949714908739012,0.10233788944847007,0.035023670973820774,0.21847090010959674,0.10300240412782351,0.08398092178358418,0,False
43,0.06707022961253709,0.03941282338208614,0.016101397567459628,0.0,0.2470366977081417,0.11356084216421042,0.018489057023858287,0.24790979805695476,0.18722350388515427,0.06319565059959763,20,False
44,0.055232473490088134,0.01556261135029407,0.050836894342792704,0.02637007289023924,0.283020893114172,0.09787130233986498,0.014644237024656344,0.23878544288496337,0.1244658660893158,0.09321020647361337,0,False
45,0.07064262042066255,0.0,0.050786857719800495,0.016233193050743912,0.31472021734606215,0.09210549178125327,0.03347107718292374,0.2233310860715072,0.10642971761542032,0.09227973881162642,0,False
46,0.06933018258885494,0.03942643950471695,0.03235638677198404,0.0,0.26120281053693534,0.09329049921939721,0.015735952753561794,0.25698919240530116,0.16768692020130213,0.0639816160179463,2,False
47,0.07408311394255317,0.006958043522500385,0.030591257616720012,0.005726753300081538,0.2754155267390717,0.10011591510660599,0.03550327625666613,0.2553289208521038,0.1168936847604445,0.09938350790325266,0,False
48,0.06319788375224872,0.03065084715743111,0.052460726631471756,0.006429845736467444,0.25714340760383453,0.11024273981019538,0.05104927106478085,0.22547370475626993,0.10717154559959334,0.09618002788770698,0,False
49,0.08953801514693391,0.00015572962524658174,0.047113732933119795,0.016383810229412765,0.27195724151993367,0.09814517985394261,0.023012167313902505,0.21913254910457852,0.1296167987461514,0.10494477552677833,6,False
50,0.07206679239433447,0.018122592501487372,0.05177574309169139,0.0,0.27676686086614116,0.09099569363343865,0.032377399652561194,0.23794656281325777,0.12100533566966386,0.09894301937742413,0,False
51,0.06177784002398781,0.0,0.039685017286869725,0.0,0.2904035370879819,0.11524337333292156,0.04058404522324298,0.2258711038201953,0.12367740928523013,0.10275767393957048,0,False
52,0.06278486205599752,0.02118421245360062,0.039903302241342906,0.00439983943733146,0.2992910664100358,0.09978339310185178,0.022503642743765682,0.22407476858891973,0.12344374131518092,0.10263117165197369,0,False
53,0.08491787202105151,0.017576253265171572,0.041624014465585536,0.0,0.266511450528161,0.09911118687837435,0.01590079045514381,0.2652881256701698,0.15744048627538157,0.05162982044096087,4,False
54,0.07296242354061576,0.0,0.05666522839350773,0.012032379556872615,0.28947993333495364,0.09596426728014397,0.03025469404762661,0.2345482919044148,0.11840174596505125,0.08969103597681366,0,False
55,0.06276760263194643,0.017821496484301036,0.0567790511496096,0.0056461474848214675,0.27353053291923907,0.11334769402672273,0.034796229129500686,0.2511148207420307,0.10661571369733172,0.07758071173449653,0,False
56,0.0827620719399678,0.005392551578653913,0.033253584314907096,0.0035372149946382397,0.281537919499601,0.09720531758855135,0.038369084383992544,0.2482754058970384,0.11079104186458642,0.09887580793806323,0,False
57,0.06622493601440026,0.010895998823499566,0.039902213422084866,0.008001861399738335,0.2805399554679668,0.10281646514091038,0.030610877117799987,0.2356303554889967,0.11178099940335984,0.11359633772124329,0,False
58,0.06032696611522446,0.023036490288647113,0.02489694956374392,0.0028120905665966482,0.2946986469338348,0.10755931951414838,0.03986330600990852,0.23669109585566392,0.11599924960370012,0.0941158855485322,0,False
59,0.05382461166740158,0.0015872961647143862,0.0472198252774461,0.00468542104496875,0.2972795826103816,0.10601537449040177,0.0433580060825144,0.23262492498951678,0.1197491380321711,0.09365581964048356,0,False
60,0.07387234137917337,0.030052634112808247,0.031106823270528137,0.0,0.2694447399228273,0.10553456127606661,0.020511484830377725,0.2573894174908052,0.1420663836540524,0.07002161406336091,2,False
61,0.0924702108495828,0.0235466229523533,0.06436728918135293,0.020101118358962677,0.26836104517352766,0.0890290838033045,0.01832293336433384,0.2136243119118261,0.12631055308060612,0.08386683132415006,0,False
62,0.048703848456865956,0.039564620496471685,0.04454565779933798,0.0,0.29500658495228105,0.1367125767351022,0.015106861898009331,0.22147531310116658,0.12259284966128141,0.07629168689948379,1,False
63,0.061479368155177114,0.01703829140306457,0.03175399607451423,0.008670161627444205,0.3020968572573838,0.11728638399788001,0.00914442706464181,0.24144210592122883,0.1418691868400172,0.06921922165864826,1,False
64,0.06050331443504671,0.02629090797739759,0.036706456082901406,0.0,0.2874320483457859,0.09977413137276529,0.0,0.26450084025207565,0.16984643233765134,0.054945869196376174,5,False
65,0.07275653741278007,0.03643503964794721,0.04894527310516771,5.7858027108885836e-05,0.2736095709879374,0.10494748836610052,0.01033813731822412,0.23954667823352987,0.145675000438516,0.06768841646268824,2,False
66,0.06570130718904228,0.040597183546975675,0.04598746494412701,0.011600189646694927,0.24819854605179476,0.09653107705710005,0.026377971703758545,0.25808369003672094,0.15076145796870438,0.05616111185508139,2,False
67,0.06952264828234156,0.022103773983359092,0.04329335703836201,0.0,0.26544030548038927,0.10474063383948426,0.033232532357753294,0.24677633118536074,0.16278495240672472,0.052105465426225094,2,False
68,0.06761042926943876,0.016932002733031738,0.0631134777311414,0.01066747163952256,0.26623079237740827,0.08748740734232471,0.03586490303561139,0.227055660444245,0.1276221810068425,0.09741567442043378,6,False
69,0.07660794132307072,0.028307458716482513,0.06052574700229977,0.003910215419685689,0.2691352244117885,0.10744877427761104,0.011397144870374505,0.24451486823448618,0.14900692941236549,0.04914569633183548,2,False
70,0.0801009141840412,0.026477703300457595,0.040756281523459566,0.0,0.25357687922419664,0.1193265847888578,0.039843383676742096,0.23651348892473453,0.14746607763024838,0.05593868674726215,2,False
71,0.07409372774425216,0.019585874007256664,0.05164371157595557,0.012231579837075712,0.26932953187463987,0.1042853393917694,0.047653879797979415,0.22038917663408455,0.11004684047076238,0.09074033866622426,0,False
72,0.07455265136845078,0.0,0.04312979855637832,0.0,0.31945408227806055,0.11951079862960716,0.022923214946821497,0.22506910281529363,0.11946130240522723,0.07589904900016092,0,False
73,0.06690531731068691,0.005954922533514479,0.0719051133915086,0.0,0.27047994653759766,0.087770213823284,0.02788935415023174,0.25019491336195077,0.12284576693658873,0.09605445195463709,6,False
74,0.09707877359883418,0.020070304026030928,0.06173433259487107,0.02272936846836133,0.25932504863679423,0.07467006690141555,0.022800471309512033,0.21599083273550262,0.10963354493079343,0.1159672567978847,6,False
75,0.06202008433753004,0.009447562757545304,0.041573793405315286,0.015981995780004463,0.281393250386101,0.09567452760422483,0.03789796957069044,0.21834408497052452,0.1299690303901143,0.10769770079794977,0,False
76,0.0675283323103982,0.005326229512507018,0.06230769237985375,0.0,0.2829038040650558,0.08003987162612221,0.023621183924238943,0.24601002096744196,0.12181678595627686,0.1104460792581052,6,False
77,0.05601928897443107,0.022523761306598354,0.05858211040041208,0.009594298433031093,0.27174018676728945,0.0983377870895612,0.03221884251563515,0.2356928174214225,0.1231319510236396,0.09215895606797955,0,False
78,0.0564488346811877,0.016533417107743927,0.044384918249802625,0.02183191692179421,0.2949965386994013,0.09700889623012963,0.021363606809019848,0.2357552737534261,0.10114712630945162,0.11052947123804308,0,False
79,0.07490799528448049,0.02165547841514374,0.0375365609591632,0.015529783647637633,0.2606824571969288,0.107144346685058,0.02305223153452825,0.247099758551614,0.13719889247678344,0.07519249524866242,2,False
80,0.08219451733226221,0.0,0.06713907682883921,0.02720120505296537,0.25594554522054,0.07996009024353307,0.025355675805476086,0.2545132585743054,0.10911691460598232,0.0985737163360964,6,False
81,0.0951801140145041,0.02722918991904975,0.04809579787832435,0.002029178383403572,0.26124553482570245,0.0808685508907957,0.021396620329330276,0.2322257210798857,0.13422446740203828,0.09750482527696568,6,False
82,0.06502486899280605,0.007909462911182674,0.033436051998403854,0.01660845889714464,0.2929679341956452,0.11663423798342876,0.027002578133933683,0.21642424772690272,0.1332676377251417,0.09072452143541063,0,False
83,0.064753609430572,0.02886738464298275,0.043986347230765985,0.02023624135100728,0.2791616510060001,0.10204786676249547,0.0,0.24085262172597977,0.14344555794518707,0.07664871990500953,26,False
84,0.06547737819125818,0.0,0.03833030372417661,0.010705215547736702,0.28449014969797054,0.11084227995349927,0.03999299005754304,0.24848365279391216,0.10002679406369845,0.10165123597020503,0,False
85,0.07254420799402204,0.02581044472607048,0.03775674219830905,0.0,0.28966556499271223,0.09598203356713107,0.006808257180997632,0.24904427290555067,0.1491048409531053,0.07328363548210147,5,False
86,0.056207695525550834,0.0447518545124044,0.05662174004311613,0.0,0.2761161543928002,0.08741082019534745,0.04433649332182834,0.2468306561168274,0.1354671474228538,0.05225743846927153,29,False
87,0.07425232476516923,0.0340446622884521,0.025244902829175613,0.011614029838817583,0.2668931099381786,0.09502799205100429,0.02495156264234777,0.2507567910769708,0.15771305686498924,0.05950156770489479,2,False
88,0.07345169194231027,0.023558286213423495,0.05115882660781087,0.007651534368625732,0.294226637341576,0.09537192885829868,0.021687582621673095,0.23027979053869235,0.11662652398637918,0.08598719752121028,0,False
89,0.06138340719917777,0.019674281584766726,0.04500502874190543,0.008126236211183217,0.2570812131231404,0.0992413184293585,0.027368844674463665,0.24968653732127521,0.14949770768713166,0.0829354250275973,2,False
90,0.08033441205682022,0.005948693993925816,0.015520348609803792,0.0,0.29280887072921064,0.11369774417762663,0.049049267405522415,0.2270181044092097,0.1236956902251919,0.09192686839268892,3,False
91,0.08313265287276782,0.021893569612520068,0.07163467176362572,0.0,0.2729512682208349,0.08521478125116085,0.04798509583881483,0.21758790938183442,0.11167063679865405,0.0879294142597874,6,False
92,0.08483623093995975,0.0016501992422009307,0.05658794867264581,0.017636828104070326,0.2727552282801173,0.07952279531285185,0.03954255198051949,0.22698952730054409,0.12286739537371927,0.09761129479337115,6,False
93,0.07502644056817767,0.01010508303441813,0.02782899154001277,0.004695783087322202,0.285180322707557,0.1131575251135762,0.025314495712755545,0.21376708028305624,0.1256863868575449,0.11923789109557921,0,False
94,0.0784854037624824,0.008466755220753054,0.04383543782141692,0.0016825303870765906,0.2542713851451111,0.0902200810122329,0.04259027826267217,0.2433612096691666,0.12604662180949813,0.11104029690959027,6,False
95,0.07443840853916438,0.022871200680278356,0.06612882499691584,0.023236027076556035,0.28488706439518996,0.0851393629658975,0.011294882238608864,0.22297182084856623,0.1505400547676197,0.05849235349120302,26,False
96,0.05674149467573108,0.05608526843355517,0.03233011080768131,0.013082106691492899,0.2483620784119905,0.10243422453538806,0.036145512488795266,0.22182396693908826,0.160515820983976,0.07247941603230136,40,False
97,0.06490843540190773,0.023215046591109206,0.0638142466455286,0.026331526620725406,0.29463493145030223,0.09303640953443162,0.003541537057508165,0.2428182307920823,0.1448208988015624,0.04287873710484235,5,False
98,0.06389067501260709,0.03628266352001474,0.06228881110151035,0.009126258259470759,0.27819325497119307,0.08137859975556375,0.011715130789546667,0.23875505304618758,0.15573725244287584,0.06263230110103006,40,False
99,0.07652345781404184,0.03293835765124458,0.032404695792688454,0.01961729699227815,0.25745485715805433,0.09774916409910672,0.047409127209096326,0.23148138274604127,0.1457860827454698,0.05863557779197864,40,False
100,0.082131812186755,0.028090605428341214,0.05964977320893207,0.006903901786787558,0.2685753875936817,0.10860346747394081,0.034875589010866695,0.21299337547128622,0.11257062717480715,0.08560546066460156,71,False
101,0.05086191970522004,0.033213133815029904,0.042492557520290915,0.028544862389453557,0.258345138957015,0.10670681524966111,0.02085843388330628,0.23137333547192612,0.1604463835504677,0.0671574194576294,40,False
102,0.07506771699537805,0.01250118141131911,0.05441751815087652,0.00610301859051215,0.2887604925038997,0.10892172187209813,0.02434077890892526,0.2264026400184177,0.10946379933731978,0.09402113221125352,0,False
103,0.07709203256252486,0.023533638165731858,0.0261488343068816,0.01612774844209846,0.30547505708407774,0.09619433850558382,0.007373897487688965,0.24349174390330913,0.13074807760265014,0.0738146319394536,26,False
104,0.08006287505848164,0.035116332789440374,0.04793140890727855,0.005072096152732631,0.24106638797728322,0.11070869590733462,0.03125904009380906,0.23407544962831886,0.1565159173556239,0.05819179612969722,40,False
105,0.05956695422433224,0.010065435650707492,0.046264558548018635,0.01804273461870651,0.2966623034681892,0.10344111645864554,0.02756825125608887,0.23547595431746127,0.14178683378527213,0.06112585767257826,26,False
106,0.05860048936201312,0.027397919436918706,0.053149239193087124,0.021143949984307905,0.28781293461219093,0.10385579863979827,0.005065046186308265,0.233525043389007,0.130794642409773,0.07865493678659562,26,False
107,0.06313796865789469,0.036373043751442694,0.03284146260186707,0.008503393435518798,0.24733770266958896,0.12537977043931833,0.018462874551053228,0.23035158712476056,0.15905649193798455,0.07855570483057117,40,False
108,0.05479841624826473,0.030478071535166462,0.06484482119951912,0.03806525534718215,0.2784046832437692,0.08197059708113026,0.02743249794983689,0.23189229681185572,0.14086572523178992,0.05124763535148553,26,False
109,0.06281933512106866,0.03583187562440141,0.05629583700062099,0.0,0.2766848924430873,0.10972301772610854,0.0,0.2439249183177764,0.14237180388638068,0.07234831988055584,26,False
110,0.06551039404104299,0.045366418377799325,0.05076020901708877,0.02111409763410616,0.2560988784513602,0.09982209611805798,0.03363779899824147,0.22086219763813927,0.15421860265028528,0.05260930707387852,40,False
111,0.06042485956702535,0.029492887818706442,0.04226969283778224,0.02530999658110444,0.2830548984859815,0.09987953755180098,0.030665003134074765,0.24625679487199403,0.1341125619850477,0.04853376716648267,26,False
112,0.054203717333361864,0.025384699393193568,0.05055784126371458,0.011909237689742948,0.29696952410310185,0.08629850464499314,0.02321006085606869,0.2443636017837741,0.1392220876385372,0.06788072529351204,26,False
113,0.0614779353797558,0.01580523572120218,0.05488682961361009,0.0034559492968866943,0.2999351004083272,0.10658350312303638,0.023880186479427926,0.23305251948676795,0.11155028895224432,0.08937245153874143,0,False
114,0.06711609789432334,0.033030732074937126,0.03752209060720919,0.02046385779895532,0.26308103710559155,0.1141772700217755,0.03291218214685955,0.21487857020274762,0.1564442859088021,0.0603738762387988,40,False
115,0.09080866732823549,0.03325999516758211,0.04665600924620786,0.010459403797434975,0.28376835814309304,0.09357587968834502,0.0055835947472499545,0.22970338574643712,0.1336332066990349,0.07255149943637954,26,False
116,0.07196906787982309,0.03854376636303335,0.04850122179333768,0.016112454555330277,0.25288337736942085,0.10953456345468274,0.024528816767550345,0.21179354536601702,0.15653638233513972,0.06959680411566493,40,False
117,0.07255903063136106,0.02428183329626005,0.056484326205063246,0.027297551010508177,0.2833277512542627,0.09098996961604233,0.0,0.23859286201140822,0.14136568567725416,0.06510099029784008,26,False
118,0.06250062632612834,0.037788734793483554,0.04287097719240511,0.0,0.27411907006623126,0.10470805530931643,0.029624063933436657,0.22595904626570387,0.16066070787110676,0.06176871824218783,30,False
119,0.06309678101247233,0.03321896216118505,0.043512118822174886,0.03952508197375362,0.27102020774381935,0.09545737764688157,0.016312589516218882,0.23773116635967032,0.13079767078405805,0.06932804397976608,26,False
120,0.056637369911743604,0.02776760531880399,0.04983365812201831,0.009376468038069049,0.2864813251894633,0.08702302638974202,0.026494565363615535,0.2413733191133616,0.14923078657470681,0.06578187597847583,26,False
121,0.06851165504328993,0.04352857038472756,0.054475543990445636,0.016155972709570417,0.2415625086471883,0.0986227103735475,0.02909567447562961,0.22624104597518496,0.16061284802474823,0.06119347037566781,40,False
122,0.07428010857261312,0.025285892495340252,0.03924135195893457,0.01015548935810256,0.2776573284548063,0.10711791054306595,0.03409406351177782,0.22215256927358873,0.1458417647551981,0.06417352107657256,40,False
123,0.06685699273838842,0.02429362928377527,0.04667675272839504,0.025224919490690566,0.28458121817105453,0.11272344474626728,0.004031689312646374,0.23027315782386065,0.13873141282809132,0.06660678287683046,26,False
124,0.04989145126452214,0.015083247490241264,0.049513227827412444,0.048690177576443235,0.30323292694660536,0.10040556541976192,0.001804195766148535,0.22631744635566794,0.10836735482713111,0.09669440652606612,44,False
125,0.04873351079833779,0.0,0.04880520298025215,0.022908610724770705,0.295456804684721,0.09124676394695079,0.0204205052583729,0.24963179501155436,0.12760627621976023,0.09519053037528,44,False
126,0.07840112001102446,0.031725940843513004,0.03950049350033277,0.013255058018274759,0.2533858408356772,0.10680323997121192,0.0312320341627153,0.2360384252246136,0.14323367111762278,0.06642417631501422,40,False
127,0.07760288598694819,0.027505533393686724,0.06765535114152059,0.009980666191221108,0.28347521034162887,0.0938563556159287,0.008570489192277415,0.22770140980928255,0.12546318675168713,0.07818891157581886,26,False
128,0.05331796324232115,0.014909731374850597,0.05031001711412398,0.025364529089800192,0.2884355927926891,0.1070394437750138,0.0378322330932479,0.2295626181089461,0.09678412209622583,0.09644374931278137,10,False
129,0.07912317367681757,0.014013759537627719,0.055239911005962976,0.0017904393941214037,0.27964345997587237,0.09962183090619027,0.023583431873392523,0.23501702865945237,0.1435846067047554,0.06838235826580737,26,False
130,0.07334987903333737,0.028956148306163592,0.050342059042692754,0.003400325071028703,0.27986829304753924,0.09735606623687033,0.030515854303118903,0.2425045247939208,0.13480485422145397,0.05890199594387425,26,False
131,0.07033297299139023,0.03221814594692124,0.051995965196441646,0.018743861333694368,0.2566021945258457,0.11209405817040229,0.03748101489769374,0.21602988751055544,0.14076949746343886,0.06373240196361649,40,False
132,0.044274486535128874,0.009317516368879572,0.03400757889766428,0.017340195895618457,0.30153559297726246,0.10280161255940377,0.019973844983735178,0.25852539653531664,0.12184417371134379,0.09037960153564693,44,False
133,0.04858418787019345,0.026117295768685156,0.06620180282707647,0.0,0.27757929136729154,0.10221781249874995,0.026635232494626425,0.24444772276999108,0.15310099065818025,0.05511566374520563,29,False
134,0.07894335736400744,0.0466350845817447,0.05153347489116195,0.014857101470490148,0.26726787273486874,0.07340771172557488,0.030830746107091564,0.22732078411668896,0.132422096196683,0.07678177081168873,26,False
135,0.05322626707534817,0.016540336452017062,0.015301446407403366,0.031305417331237886,0.2740321144697464,0.10919570623446634,0.022738732501322405,0.25115866525060065,0.1292176562148306,0.0972836580630271,44,False
136,0.07056037932155891,0.026017553197150867,0.062173914859525566,0.01835059497647327,0.27524562070062814,0.1083383434364225,0.0,0.2414413299384496,0.12790264137143073,0.06996962219836032,26,False
137,0.08081089861736697,0.01858698202411978,0.06446000516762702,0.035337606986292014,0.28623292671766265,0.09700338380180111,0.019524071752536083,0.21595349005413506,0.12980557705085846,0.05228505782760084,26,False
138,0.05631983497557429,0.02747769924718443,0.0382624991384377,0.01747002372563593,0.2821564710842142,0.0962096170477219,0.021291383277047972,0.24957411501785082,0.12241084482475587,0.08882751166157696,44,False
139,0.056209476745589716,0.0,0.052195084760559354,0.03646576916711101,0.2806288495245994,0.10994640296419043,0.011021279635467193,0.23252121010064072,0.1376540169985911,0.08335791010325103,26,False
140,0.07006079438483809,0.03489829936786134,0.061579421688003885,0.02822926555023321,0.2773615481304544,0.08554377588028043,0.017696384363150533,0.21700690642129639,0.13552052176997292,0.07210308244390863,26,False
141,0.05575394493794167,0.025410057868684697,0.045271719059552434,0.025076917898032815,0.28296448642574884,0.10022402405493841,0.017245966511880394,0.23358636910921268,0.12545459718404983,0.0890119169499581,26,False
142,0.05856655817968186,0.02544827425355834,0.06706787409861605,0.04785207483366463,0.27875075510860714,0.10727569633626186,0.0034221737442953655,0.23264290418309386,0.10094180440869183,0.07803188485352909,44,False
143,0.07356145887388219,0.02747574255416274,0.05322249178014232,0.032887078923605303,0.2509097051695536,0.09867325688442813,0.020121037758136718,0.23425382811762693,0.11825421459608812,0.09064118534237398,44,False
144,0.05876837403007483,0.019337715265565186,0.06192181884754595,0.025703333045727073,0.2725797974659571,0.0947108164174154,0.025376874417346748,0.23704246562752027,0.11661354982095849,0.08794525506188905,44,False
145,0.0634233142692794,0.03623580513712953,0.05047823257178764,0.024931137315678524,0.2786666249869825,0.08250294049522447,0.017108135506861008,0.24194360656999797,0.12709118024616337,0.07761902290089555,26,False
146,0.0702889892637206,0.03462370337151259,0.035024081743318475,0.01234141417246287,0.29407530331310605,0.10681626369945744,0.001748417118664831,0.2382431114686227,0.14049997453546675,0.06633874131366782,26,False
147,0.053159953651591894,0.009908888062586876,0.0654198480338506,0.0425427220770992,0.26897421782421244,0.10209065215532558,0.01640598120503841,0.2183997771346886,0.14091654042108784,0.08218141943451844,44,False
148,0.08015259150446195,0.024651960187231835,0.04984844510567369,0.020664751853608304,0.2765974581044761,0.10537340438166341,0.02467692828479125,0.2327397479361993,0.13966320383419503,0.045631508807699075,26,False
149,0.05840988843143707,0.012654246507728308,0.05013773000728844,0.0516233364847392,0.27490871664415717,0.10221108288720653,0.004839685658763346,0.22177917255537039,0.12429248853252828,0.09914365229078129,44,False
150,0.05248356992441317,0.018277381217190903,0.03995596486790567,0.010410286093799423,0.3008948818881691,0.08292290392247796,0.014516011872959617,0.24831269259010566,0.13510404989504646,0.09712225772793205,44,False
151,0.07386013726252093,0.024491264009525397,0.052004732473159995,0.011215271853699367,0.29659466205117024,0.10440369956807681,0.0033815725601779845,0.24695985667425674,0.13629287714798963,0.05079592639942287,26,False
152,0.051137801303829694,0.010429674043811177,0.06661290915396112,0.02387707429225219,0.28596633771558805,0.11733792853908491,0.003290905713342828,0.24434311371034462,0.12894648242239784,0.06805777310538758,26,False
153,0.033689972167860655,0.004210521064573271,0.049870919254039775,0.014700427779658746,0.2900333064432279,0.10445782365895856,0.013300161027980774,0.24824822671251404,0.13040476573173382,0.11108387615945234,44,False
154,0.0448282426900066,0.020630136169531764,0.03521180834752891,0.038314582733672976,0.29340760728383614,0.09973489346475697,0.016098493892144745,0.24316655238933693,0.1093785438518025,0.09922913917738248,44,False
155,0.0584575862277155,0.00985703130849641,0.04650357235659825,0.014492560020456695,0.28294167294008393,0.10546514675633933,0.016277551253067755,0.24228196178756398,0.1246408725646959,0.09908204478498218,44,False
156,0.08282671897201752,0.025025659559765896,0.04527466255157066,0.018036908693797937,0.2918524843321151,0.10030362240359197,0.014211525182284995,0.2348808691218151,0.1250201720788686,0.06256737710417215,26,False
157,0.06029311324313131,0.004606957571372158,0.0659115342734357,0.03246384420128808,0.2801731042230594,0.10016150542049777,5.2993829618577496e-05,0.22995252480610717,0.12622028008858868,0.10016414234290098,44,False
158,0.05607428585944714,0.0288158109861916,0.055573904855396365,0.03077348805916818,0.27950614339041696,0.10288118612918619,0.019107485610299037,0.23086293134428224,0.12280054477730523,0.073604218988307,26,False
159,0.07653980615461266,0.02091697782126796,0.05733188804116545,0.026966199986802143,0.29229692646951805,0.08645509033931036,0.008360678611845014,0.22452481525288764,0.13508872407588846,0.07151889324670237,44,False
160,0.07044750534823638,0.03038145874144892,0.04890371025111973,0.03125489593247169,0.2693455889618479,0.10575634701156587,0.0152519284955818,0.2335029339782963,0.13145442666286386,0.0637012046165676,26,False
161,0.05652382087116501,0.012514597367336957,0.05480663017423391,0.01254529452994135,0.2832889925936887,0.10167382160842973,0.029714148778384405,0.2406982545079939,0.11768267911724434,0.09055176045158138,44,False
162,0.07310908861111633,0.0025951703527844895,0.0384691641468622,0.018340661377802003,0.31169494628256733,0.09029227454089368,0.0017979233007874185,0.24108478105976425,0.13079970596065216,0.09181628436677006,44,False
163,0.05491663720153043,0.00868394057377477,0.0493837448162447,0.025034982492522756,0.2901259511883734,0.09888125794930415,0.011590995131830328,0.2291050673166858,0.12595392650565754,0.10632349682407621,44,False
164,0.052415870801944785,0.018187416976352153,0.033367886962788085,0.042243552488989485,0.2564336729118349,0.10479073162837031,0.016634721094486087,0.2577795412717377,0.13161470788859794,0.08653189797489853,44,False
165,0.0588825786425149,0.027619182141577128,0.05441301586573831,0.0113586215652937,0.2987549293466583,0.07059162137434984,0.013435357113370808,0.2417096688455856,0.12957655143915187,0.09365847366575968,44,False
166,0.06303501142011922,0.015113196255853301,0.055949576824493946,0.015737832305859366,0.2960718475827646,0.10763764415668838,0.024988531234626684,0.22327434328837295,0.10402672529901848,0.09416529163220307,44,False
167,0.06523307649474612,0.03897651895774715,0.0387741036706218,0.009613542440967068,0.2885223251370949,0.10403048904353081,0.00920837112173605,0.2333880365118189,0.14145161382014698,0.07080192280159016,26,False
168,0.05542935494657782,0.023466701114066634,0.06027324588869266,0.05168525008302512,0.2812302461981992,0.09073931725286843,0.027970817317746508,0.22786095398427325,0.11393406213613667,0.06741005107841366,44,False
169,0.04274156051389341,0.0042689185669653905,0.03773971676684915,0.058761669921128114,0.2947892671628126,0.10385657928707591,0.0,0.23607276852006337,0.12399964618739057,0.09776987307382148,124,False
170,0.05634059815754699,0.02381500104158121,0.03446592224141805,0.05732904140340359,0.31702836295501563,0.08638043972309409,0.0,0.22102279520577064,0.11600445077732167,0.08761338849484808,124,False
171,0.052071429315900065,0.017095614299063495,0.05206407222554713,0.03300386302569933,0.308031425056582,0.09014260027845825,0.0,0.22596653999078786,0.1136810271644032,0.10794342864355862,124,False
172,0.051536141100426314,0.015267397408201266,0.045118204952823454,0.03464318293537825,0.30304018510050207,0.09808562226163686,0.0025802058375359012,0.22061441433948573,0.11845633338350495,0.11065831268050529,124,False
173,0.06200097759589706,0.030154936235512943,0.06842064834626294,0.02818501188753039,0.2844380036669158,0.06346194807459261,0.02343496628209912,0.2301125116888238,0.14797031164435376,0.06182068457801164,108,False
174,0.059512315147887296,0.002079916080913809,0.03883549249833982,0.04400606069161102,0.30500126827583013,0.09734693773615813,0.002998765465305012,0.22509558319139383,0.12349194297395949,0.10163171793860154,124,False
175,0.04861061270931332,0.02041819655844798,0.026821112760358368,0.027404995116338732,0.27998773117822395,0.10064529925331481,0.021874072444747653,0.24717461555815032,0.13403001359024516,0.09303335083085969,44,False
176,0.04063081333253325,0.021516900429527273,0.04598227948009605,0.06607876244070661,0.2765983586607103,0.1204960296582231,0.006615794081313462,0.22809223783029664,0.10953892818472734,0.08444989590186612,124,False
177,0.042958587103616955,0.024828636695822335,0.052052164661190566,0.020212120338756037,0.28208506603722544,0.09904150273730579,0.005042764201106426,0.24305396035271087,0.136060715713666,0.09466448215859966,44,False
178,0.0646381990698419,0.012234684605148819,0.037136801761559854,0.054944142418316126,0.30098456284014913,0.08757927261554532,0.0080986432798192,0.21596484936259552,0.10504522731801019,0.11337361672901398,124,False
179,0.04708231390244781,0.012135746252646023,0.03861200563934178,0.040695735198821976,0.30224837277529965,0.10125684061271502,0.0,0.2286287921003938,0.11192498178532864,0.11741521173300522,124,False
180,0.05043642389075271,0.01836038223825078,0.05591325612882761,0.05197319207254172,0.29436856484844326,0.09446871231172389,0.0,0.2132740915820883,0.1050063784506276,0.11619899847674416,124,False
181,0.05251062768764041,0.02425295080100691,0.03187923942339842,0.05596681148286872,0.26470798873051143,0.11595134856056641,0.0,0.24477214961078247,0.126116437898521,0.08384244580470426,119,False
182,0.039252108262564527,0.027208959420468654,0.03941272691489547,0.05784178830596329,0.3012462957660838,0.10040825131604446,0.0,0.229732370343715,0.10527017991584563,0.09962731975441924,124,False
183,0.04746598943340684,0.02303151446525952,0.0391140449956121,0.04139876361481092,0.285985763997347,0.10394343747107122,0.020102606405306297,0.23599370295082228,0.10061366528741734,0.10235051137894642,44,False
184,0.055854675861751406,0.011903514879292558,0.07268807434698563,0.047556682732670254,0.2846340443816504,0.08752211236585368,0.01015326080023657,0.2198798399725383,0.1135899024322303,0.09621789222679093,124,False
185,0.04715860873583462,0.005704109817327284,0.044620016786550275,0.023989695510674435,0.29670569258473717,0.09636349632497264,0.0,0.2589219498057207,0.11914917982805842,0.10738725060612454,44,False
186,0.048892827695860355,0.004555660283090109,0.031150204357734055,0.059092875833274244,0.2996744179640813,0.09854144170104008,0.016629772748410956,0.22511209365500598,0.09820138934119127,0.11814931642031172,124,False
187,0.05038061135631643,0.03356673088460167,0.06255587066615773,0.026739100001631336,0.2995769173375171,0.07828948975763622,0.024182734899744877,0.23212915364827055,0.13758644305496806,0.054992948393155945,108,False
188,0.050508136615975044,0.010350123892712814,0.056015372217855706,0.04677723073635614,0.305546735926243,0.10287465797196617,0.0,0.22695980544710773,0.10813283114736029,0.0928351060444232,124,False
189,0.06780629725022,0.018818684124194886,0.03526886141150606,0.061686848320883635,0.30127756073192236,0.08759023702890234,0.01983707774629644,0.21880968510066762,0.09527835134739521,0.0936263969380116,124,False
190,0.06161881643919673,0.025435174587563194,0.039187384038426344,0.033873889136492134,0.29956818435993454,0.11357069937752917,0.0,0.23885243040593515,0.09791260547401762,0.0899808161809052,124,False
