ID,strat_res0,strat_res1,strat_res2,strat_res3,strat_res4,strat_res5,strat_res6,strat_res7,strat_res8,strat_res9,ancestor,alive_at_end
0,0.06866061909161565,0.0534738902133993,0.014631706916404265,0.14251070438104,0.016610401896250914,0.09869257375081572,0.07406169504956142,0.07168518663042465,0.0737565343951372,0.3859166876753509,0,False
1,0.06737345264162788,0.03247853331663105,0.024523541051458448,0.14516789351884402,0.004999616028889998,0.11325179394547893,0.10094257791284415,0.07475168235752239,0.07341404841693223,0.363096860809771,0,False
2,0.06886368347085782,0.04736109888035707,0.0,0.14618894428359308,0.03371889495049731,0.08956497263068372,0.07812784062709531,0.05992592144381267,0.08398929540844094,0.39225934830466197,0,False
3,0.05639088933902901,0.030679589186185276,0.01723800766936505,0.15614708389856738,0.03361418881128301,0.09486543769636671,0.0734747074372779,0.04710250174444805,0.09696313863137518,0.39352445558610255,2,False
4,0.060097784352469444,0.044024386699328,0.019449533511238706,0.16921434528938464,0.03656687363129727,0.0888878628170971,0.060851082908717644,0.044250136569038256,0.0925879300300204,0.38407006419140854,3,False
5,0.07330419949494893,0.030384684560945407,0.02452440773808494,0.13629688665501913,0.018857668792305375,0.11939878990495724,0.10951180671876182,0.05946572746264246,0.05952500790882907,0.3687308207635056,1,False
6,0.09430783292185689,0.052503690388418865,0.019793646755076832,0.13120995732849752,0.0285810795101319,0.10123498439176129,0.06949794946442567,0.06477380566876413,0.07502368221352862,0.36307337135753814,0,False
7,0.07160994713055743,0.03210325927841698,0.028825584208844936,0.14548364506415734,0.010339004648623425,0.11260897049006535,0.10774972672299671,0.06119129475449136,0.06762331149124934,0.36246525621059716,1,False
8,0.06390509159373557,0.03645073393517925,0.027150698444102703,0.1557348238651065,0.003929495959824274,0.11531873476945292,0.1021124126546797,0.08029596985935171,0.05142298612357446,0.36367905279499296,1,False
9,0.05031711446087489,0.02807751001989494,0.024005311041874623,0.15051286746889128,0.031761965351467546,0.08831924324681212,0.0748844787624343,0.038073124214450166,0.12357265238696466,0.39047573304633554,3,False
10,0.07963539907167702,0.0363642959737185,0.021135726856592475,0.13877240812693065,0.016046056575239654,0.10374999936269774,0.07687377543941376,0.07565442515863642,0.07922995082821199,0.37253796260688177,0,False
11,0.06690720033630096,0.03354110317892102,0.03671371315787242,0.16485916144103493,0.0,0.11141965023237162,0.09975651305637336,0.07030227957439687,0.06202047631039985,0.35447990271232904,1,False
12,0.055605081630021556,0.027986906804944107,0.03572496783381688,0.15583888264263054,0.020827635407556677,0.09898584869740806,0.05780519097262051,0.04221116115125387,0.09985068053243919,0.4051636443273085,3,False
13,0.051398412510316925,0.03099797484805779,0.019204875961486054,0.1612220525359746,0.03397099857909032,0.11743371220520946,0.0684336905088743,0.048324849357604796,0.08453316485938844,0.38448026863399737,3,False
14,0.06286485600810161,0.0686477900737299,0.02640150572298279,0.1319236585688711,0.01499218410530361,0.08462665600981802,0.06639367476007291,0.07694864715620245,0.06916676018015168,0.39803426741476594,0,False
15,0.07892735981654991,0.05650456270184796,0.0,0.1339371431363817,0.03960704569943552,0.08945174131099234,0.07374891527465456,0.07654688341424093,0.06924161714697216,0.38203473149892503,2,False
16,0.05695523911074232,0.04399795757895849,0.025597311472719087,0.13721522669536979,0.02107479467450322,0.08732460829945966,0.09047017860484582,0.08489621786112772,0.070976777050375,0.3814916886518989,0,False
17,0.06674556706534271,0.04620024836181822,0.029319791893887094,0.1357163771370857,0.01690788297280427,0.08133263645028864,0.08210538113727346,0.0844133282407998,0.07703363087846506,0.380225155862235,0,False
18,0.056006683891206506,0.042957511895618264,0.0009715239475643421,0.1810625123405761,0.036055943019806476,0.09013737663110473,0.050804120500502196,0.04636502123059007,0.10874636660102381,0.3868929399420074,4,False
19,0.06141695393776114,0.023210212618970924,0.03789034149708771,0.15072048431379606,0.011392583759645589,0.11449178387363801,0.10285854801393542,0.07846960968477319,0.07736855184687232,0.34218093045351977,1,True
20,0.06541912647220807,0.05299915941597708,0.01567081735050623,0.14121912917395762,0.02726361594216506,0.10059541972488058,0.07331764147729192,0.05950206107640939,0.08400307203749068,0.38000995732911347,2,False
21,0.061138682486381206,0.02802588944997056,0.009960524262264611,0.1643543328757431,0.03079561556575285,0.09104483310978816,0.06870048895423747,0.05337601844083014,0.10467385148007133,0.3879297633749605,3,False
22,0.07076770749591874,0.04731194064275192,0.0,0.15351194886206151,0.03563442778039801,0.10859367924559393,0.056878948815600704,0.03645764013680388,0.09652654295690068,0.3943171640639707,3,False
23,0.06682661969420514,0.028101047032564223,0.018050121920020437,0.16828681612532204,0.030089516885367207,0.08822633975332811,0.061621501327059736,0.058230344820666746,0.09447063012147092,0.38609706231999547,3,False
24,0.060912077716337366,0.027337724840048216,0.02465462677886397,0.1454904551250513,0.028633184535023285,0.10175137164512564,0.06764578128947199,0.05043647776996818,0.09376233325775032,0.3993759670423597,3,False
25,0.06477850525361539,0.04076539583131234,0.019701198765849564,0.16817802069500934,0.023064616846388237,0.09436770522519486,0.06267548790714637,0.04257307426105465,0.09560702186983311,0.388288973344596,3,False
26,0.06316559955507177,0.030117058817131108,0.017667008998129487,0.15599108952236823,0.009942719389600821,0.10516133132926885,0.09127506736685033,0.07508405503862485,0.07519102698245336,0.3764050430005012,1,False
27,0.06820083269913632,0.048403399199439645,0.0,0.15651545854590404,0.03814788745036121,0.07702802855481872,0.09292198370775406,0.07012006939066635,0.07740895808464845,0.37125338236727123,2,False
28,0.04733870093710493,0.03826729751976442,0.029732671992219028,0.1512329645244699,0.0,0.11871431083606192,0.09604394143977384,0.08787522284566415,0.06478193221097973,0.3660129576939621,1,False
29,0.07307901900457288,0.04868375836855496,0.019984264504097727,0.12438164189151125,0.025661801852752013,0.11629370088190746,0.11691986955947263,0.05344948488092105,0.061934540830445764,0.3596119182257643,5,False
30,0.09420141389028401,0.04465915288741251,0.008195428705470922,0.11801208651007963,0.03714692659150647,0.10538250517913043,0.06809827995106975,0.0591905369380963,0.058181791657570814,0.4069318776893792,6,False
31,0.048198860702294004,0.043321086974850445,0.0,0.19360691036970057,0.023533967915376916,0.08823929902678923,0.05313162491422074,0.03413179828011953,0.1096120282770731,0.40622442353957555,4,False
32,0.06443322079604212,0.05508675247571158,0.010143352317453913,0.1660735251422928,0.025061596511830708,0.09325330116945789,0.05682405372168974,0.04775346659856458,0.08936683887839365,0.3920038923885629,4,False
33,0.07660433897710411,0.048699108669814174,0.021905420337919427,0.15251724361368849,0.008636226485921035,0.09328225784981861,0.07327648920419512,0.057263777603219296,0.06977364899015362,0.3980414882681661,0,False
34,0.06647105630266749,0.03907669723594655,0.017133989393698642,0.14812362525003658,0.038631469579682,0.08618366142631763,0.06895931126764007,0.04961253420752434,0.10146839981079385,0.3843392555256928,3,False
35,0.05012667731040629,0.05062608340437436,0.01778357484366123,0.16453184364160778,0.03342072926901449,0.08361991600576982,0.07398571504375095,0.05078807388251672,0.09880248263388342,0.37631490396501505,4,False
36,0.06648814298366498,0.04680966446381256,0.0,0.17662046913384072,0.01908522754292821,0.08983018279422433,0.07750076670553664,0.044773185932811314,0.09465442372480938,0.38423793671837175,4,False
37,0.05170621046809607,0.03964455802246114,0.007452058541667928,0.15897044601516902,0.0379566436059972,0.09384206866841384,0.0641193632763855,0.04063287354975831,0.09191690493642239,0.41375887291562874,4,False
38,0.05280327286423701,0.018573966816898057,0.01403305689286296,0.1643064261802325,0.02965444801780267,0.10080100508145186,0.08981215628877036,0.04219637246876334,0.09650173823653588,0.39131755715244537,3,False
39,0.05737868628890058,0.053285639712663105,0.026452773424081633,0.16286740691248522,0.026038642018213185,0.09249043966034674,0.04629095818973167,0.052439294267862833,0.0876696197825313,0.3950865397431837,4,False
40,0.05497720311380624,0.03292596112033033,0.02889923449737894,0.16818113933685835,0.04108185636852725,0.09342902736569941,0.05988974782036712,0.04996032040594744,0.08050312320631885,0.39015238676476605,4,False
41,0.06252903372977653,0.036977536727685514,0.025960427692503354,0.15673433176164073,0.04273384551395863,0.09460573326717765,0.06488053178697978,0.03972961740717472,0.0888477338078413,0.3870012083052619,3,False
42,0.069647897588015,0.02080507460139064,0.0049307344341596344,0.16739241835769264,0.04479506005058841,0.08909304309703459,0.06871840246489264,0.04591108628220134,0.08158702316582943,0.40711925995819565,3,False
43,0.05944731411540757,0.03025424123962213,0.01781393245633634,0.14258118378209206,0.031961842400277274,0.09543754180593357,0.06759036614942816,0.05770629008752618,0.09437003880675278,0.4028372491566239,3,False
44,0.054667570708973344,0.043949812933651224,0.026861576767136817,0.15721966601632334,0.028197055679457763,0.09543678998820082,0.06565703671270771,0.03752378828130545,0.10226589066100333,0.38822081225124005,4,False
45,0.0637133802234874,0.04747677015491675,0.01726047088454774,0.157493560652723,0.03813831432065526,0.10262166921803732,0.0649720219029426,0.03328462564932161,0.08406169323832362,0.39097749375504476,4,False
46,0.06082022865347943,0.03311336323655156,0.013267580234849,0.15924814041924829,0.03905182662469349,0.1022759044935558,0.06325884249014793,0.048337354054377196,0.1004037952004846,0.3802229645926128,4,False
47,0.04895888597025691,0.0467111169758341,0.04395195406886669,0.1600415479523459,0.06478384387186516,0.09296890691797022,0.06732491607901656,0.037431762856670846,0.08244647997143495,0.35538058533573885,4,False
48,0.06678137243680271,0.022120963340097142,0.019798847994528586,0.1418171457193949,0.005140757687379523,0.11170222682184877,0.08978904971716911,0.06651369554619033,0.08070582143259863,0.3956301193039904,0,False
49,0.06948062807842151,0.05040713009942828,0.015267077196917172,0.16429582980122243,0.029722512175548645,0.08940444916330495,0.060588265249318776,0.05330469046466548,0.07516670744698616,0.3923627103241867,4,False
50,0.06497371267754429,0.037978309218988184,0.027384354861178406,0.14448249839365157,0.024756955155816763,0.08111827733687095,0.06912933278087217,0.0478921457301545,0.10011153394862472,0.4021728798962984,3,False
51,0.057997069626183985,0.0456321153311237,0.008933383357638557,0.16964533192867276,0.04107881953584334,0.0987996355958379,0.07363863632879418,0.03609084685642466,0.08878691840625703,0.37939724303322403,4,False
52,0.10769792082899945,0.04857449018811954,0.02770341063358868,0.1189230384723036,0.025385789705193538,0.09143880095526564,0.08549193682052507,0.05672765189048891,0.07810899864617928,0.3599479618593364,6,False
53,0.053320898970476004,0.054536513154805615,0.015998640160622777,0.16629657831349529,0.041591680178550514,0.08901450704151695,0.04916934963349526,0.0601632030238811,0.09894026655156753,0.3709683629715889,4,False
54,0.07207644114298285,0.026058686524731523,0.010969890098512066,0.16798498333344633,0.043577545273044,0.08628230188333898,0.062294061031691654,0.04983090710840827,0.09827301102772878,0.3826521725761156,4,False
55,0.05695594362443948,0.02991365800705879,0.02202293234481708,0.15992755652329393,0.049307919388675354,0.0700440879611241,0.060624960088279535,0.04030000787119523,0.09747649008666397,0.4134264441044525,4,False
56,0.05791192610562335,0.02450708812246182,0.021115214498364013,0.17506904378731497,0.03944922682486782,0.07794534409819848,0.0698470576941981,0.02872219240616825,0.10703115486014603,0.39840175160265723,4,False
57,0.058575788885202755,0.0408040196285037,0.018619005154548632,0.14828933663136604,0.016073736259583932,0.11019059168610724,0.09123891052249587,0.07603783464489422,0.07996350960419496,0.3602072669831027,1,False
58,0.05224442413866171,0.04637094040855502,0.02752374046017148,0.17583152033991714,0.031942009563872525,0.07628981118200695,0.05840528309339239,0.04960509911386266,0.10092597168000218,0.38086120001955776,4,False
59,0.09005542029781734,0.057494103653085014,0.023409531185919548,0.12514208867946158,0.04083881711165125,0.12009941951579504,0.05177824120475096,0.07967790171042441,0.06761853294186268,0.34388594369923214,6,False
60,0.08875906368701901,0.056665095539357294,0.01387425469079859,0.12041618664921,0.02104458136152344,0.10052708076768045,0.07882421612699861,0.07800314622226583,0.07954123873256372,0.3623451362225831,6,False
61,0.04446298625304653,0.047822925899109234,0.030552764063677112,0.15774382477986512,0.028950039526150394,0.09782216225680833,0.06355252062123005,0.05167184655939721,0.08934747837423951,0.3880734516664765,4,False
62,0.0685359690592506,0.034756132143917595,0.011176245499426326,0.16913308132774937,0.011143351483199495,0.0937098981754089,0.07607456209953796,0.0591705206965187,0.09894290897585056,0.3773573305391405,3,False
63,0.07039607659691467,0.03053439894346622,0.014694344343440382,0.16470381747594906,0.036373228234424904,0.09300101956312325,0.06146926957520519,0.04674359105386763,0.0969911844130106,0.38509306980059804,4,False
64,0.053401510287616465,0.048057047859222324,0.0,0.1402908584121116,0.035984682866303914,0.11118868681926901,0.06649493003187776,0.07567592694995125,0.07839139538289835,0.39051496139074937,2,False
65,0.05339579556520144,0.04913697227376579,0.029675925352576467,0.17177063716737612,0.029800586064193477,0.096507824295499,0.03785197101402426,0.06211857175822695,0.09491897727848969,0.3748227392306469,4,False
66,0.05555423739450396,0.061747298700967686,0.013308938210703728,0.1603705245065981,0.05026359166637254,0.08200832908826607,0.0530779682620229,0.038654653276592045,0.11093765281705789,0.3740768060769152,4,False
67,0.05243402170885079,0.05225859694769213,0.009060070619757723,0.18013096504134787,0.04018287935260174,0.08667722075354314,0.0614931567880157,0.03325876729663226,0.07960272464849137,0.40490159684306715,4,False
68,0.06279237917056527,0.039775721657844744,0.010300730424273426,0.15212591208602766,0.043896210835143265,0.09861680902304691,0.0695343295312514,0.04522037526215014,0.09335833830932587,0.38437919370037127,4,False
69,0.0733903276552684,0.03608335943367376,0.020020503038291823,0.14622739853228722,0.035807777052743045,0.11305520383585879,0.10951998221815623,0.05657319664289564,0.05622801819479737,0.3530942333960278,5,False
70,0.0634238936942228,0.047171268922458175,0.024236517826134556,0.1617883356678296,0.03865346465880384,0.07487163340911518,0.07325141198761925,0.016877494333736805,0.10102080814591813,0.3987051713541616,4,False
71,0.03960196039109746,0.05043437994802947,0.005583485640827432,0.1780117893316406,0.04962115143192858,0.12024654553247796,0.07183652733527778,0.011974833104918819,0.08427871364792475,0.3884106136358771,4,False
72,0.05341137054355712,0.04452616123477485,0.016964116528505283,0.16217773679146777,0.04340790968448408,0.09680432924779611,0.08027027035514356,0.03234973362882362,0.08109672748707453,0.38899164449837315,4,False
73,0.04165913837921656,0.06426603890350928,0.02690801834845681,0.16774383525783554,0.06100263583987258,0.0831001551690539,0.04349201885083819,0.038088127609754954,0.09608120278478242,0.3776588288566798,4,False
74,0.06226149829310735,0.04145853684005095,0.030802972214938027,0.16529851004434157,0.0501248982116994,0.09865271260507863,0.0607718997939374,0.031718704847570806,0.08348304075002852,0.3754272263992474,4,False
75,0.043566446184591816,0.040852664201337936,0.04617684570366362,0.1561228473455562,0.07762360151444697,0.09321184125494035,0.07501415329762667,0.015705800672985586,0.08737580753333932,0.36434999229151144,47,False
76,0.0719380546361553,0.040766971785495515,0.01869599755435513,0.1643287327270458,0.029719946454979374,0.09434374899453803,0.05529167259813875,0.047578788335087406,0.09899053079384831,0.3783455561203564,4,False
77,0.0510701572520446,0.03820100899883265,0.00440358174365411,0.15529229538944847,0.03984982851908037,0.09422364432859397,0.06522227153265923,0.056290952755638946,0.10357238656028407,0.3918738729197635,3,False
78,0.05256752864525026,0.04207877484515879,0.019112776102422045,0.17257610598819056,0.03765924269781006,0.0940456778522239,0.0798394810085822,0.03660975495447987,0.09467455284251647,0.3708361050633659,4,False
79,0.053387843880853124,0.04608062849509711,0.0075560982345800436,0.1785236112675896,0.04712286399413173,0.0817948864228442,0.07515750726604395,0.05274207606963909,0.0873807867375483,0.37025369763167293,4,False
80,0.05211149992805491,0.04613072261724975,0.03995269235408027,0.16119877742973368,0.04575988307715823,0.10274318016019347,0.061892728621054265,0.039195610273090174,0.08652163234554291,0.3644932731938423,4,False
81,0.06375368756488363,0.05437828589760662,0.007840260734823933,0.16743683946676308,0.03877794445253341,0.08599625721641073,0.07190012728028809,0.04990983550802414,0.08295259513414854,0.37705416674451775,4,False
82,0.04809382714078814,0.04582209547244674,0.011671913818655231,0.14367816183501084,0.03896796337050584,0.08666434954812649,0.0798140627078506,0.05747819437513494,0.1016492550906796,0.3861601766408016,3,False
83,0.07760212779688773,0.03016337873496834,0.012371324167975609,0.13622737797634932,0.03210199007853823,0.1304716590698085,0.10193499150693537,0.045443728621785015,0.06376484630328982,0.3699185757434622,5,False
84,0.05898557955532162,0.052123617897675466,0.028540074394114753,0.17912708507857714,0.0473277105726142,0.08082539360928814,0.04979373762371193,0.035021956083583945,0.09003876843268678,0.37821607675242586,4,False
85,0.06929973410445903,0.04309545164526798,0.025614680310373523,0.15921968032033654,0.04908063156963444,0.07612404138942054,0.06242054246215851,0.04950993119980106,0.09314534242412012,0.37248996457442846,4,False
86,0.05883958662260692,0.054603259197480145,0.03435682748785137,0.16914535084430085,0.023642478146115416,0.09882987463245525,0.04527045153221734,0.06369682275668184,0.0939724532098214,0.35764289557046935,4,False
87,0.06573364977177101,0.028953402054419354,0.02703991442106788,0.16485922427092847,0.034051808045550705,0.11373075160307577,0.05735994227153557,0.045865522666636696,0.09425816085891842,0.36814762403609624,4,False
88,0.07285053324684564,0.030026613522208808,0.008980735149563135,0.16173479025849832,0.029201839607172715,0.12248187421021829,0.057808591232537926,0.054634198661592234,0.07356105623279394,0.38871976787856904,4,False
89,0.055797810959175034,0.05484836538284864,0.04308541095050386,0.15293823283492217,0.06700263968817649,0.09475588562474832,0.0755238691622947,0.02847116004126691,0.07613546188397895,0.3514411634720848,47,False
90,0.04281717732861209,0.036487595771504504,0.03358468491364268,0.1586091961268269,0.07292289356464798,0.0956060159266467,0.06744963709679806,0.0348769774510405,0.08824979227843739,0.3693960295418432,47,False
91,0.09460067010805528,0.048590141027521315,0.027286839919002746,0.13646150793864054,0.032164120284970905,0.11568249409163193,0.05786800524298059,0.06507409237601616,0.06093573830888199,0.3613363907022985,6,False
92,0.05397694336772261,0.04698497784725829,0.02831041169249395,0.16268499991193347,0.035121739503717,0.09214278594418418,0.050194558400537714,0.04563103142939197,0.10910912630945066,0.37584342559331024,3,False
93,0.055116213980420485,0.05943361527383146,0.02311548755928091,0.15831324464777397,0.06006869072053602,0.09582226738262145,0.07955555125249442,0.027505848355422764,0.09543573829553753,0.34563334253208106,47,False
94,0.04814489036779953,0.058974336925939834,0.04377452204821382,0.14598176553651848,0.07283364223950461,0.1089569091516854,0.05818772754304905,0.028709776710992688,0.0939011723937916,0.3405352570825049,47,False
95,0.05101843964165092,0.05967236078118739,0.03557341499031736,0.16794412660421199,0.05154010829616696,0.09371730942913843,0.06343315945553853,0.044451610749877926,0.08359398060708909,0.34905548944482134,47,False
96,0.040535293323309046,0.05559550780043271,0.03854524321449725,0.15111922354464197,0.07382198285356908,0.09606048504405368,0.08387317713643225,0.015503611265724035,0.08742234835626889,0.3575231274610711,47,False
97,0.11864921475476323,0.044464991790230786,0.02067209624108694,0.12782152593112742,0.024334119172368534,0.12055821628144876,0.07074159497464562,0.05268222058421315,0.07871057648300182,0.3413654437871136,6,False
98,0.07096530010827455,0.040586819419209746,0.05187546832499184,0.16885705982346447,0.06918144674166071,0.08331433400339398,0.060413495095583705,0.028935441997016424,0.08809826264967435,0.3377723718367302,47,False
99,0.04272720153069693,0.0562118705065299,0.036459470396256285,0.15090265485961896,0.08095550800323432,0.09945979139416057,0.05874639656886082,0.016443901326108852,0.09482423502009506,0.3632689703944384,47,False
100,0.037308734208014074,0.04350235740556447,0.05778474557211227,0.15224585877230504,0.06768574170559273,0.10641379152192061,0.062368398340135606,0.03994759665701094,0.0894531299068217,0.3432896459105225,47,False
101,0.05961976310287894,0.028205844352123033,0.01525187064072936,0.17789967108491667,0.034791544198832576,0.10458028141508635,0.0565342068342112,0.044036244958254006,0.08584591531899433,0.39323465809397345,4,False
102,0.06186763128026028,0.045693426797512884,0.040342706038807324,0.15543176859223318,0.057781099258128556,0.09098489787836748,0.0762920378100365,0.047134547023665804,0.08226909350692066,0.34220279181406743,47,False
103,0.04097305235194407,0.04113923503600256,0.042938251697499104,0.1561161255561449,0.05416754574578411,0.09507042915155765,0.07762511109279707,0.035488176560686265,0.08889007180326358,0.36759200100432055,47,False
104,0.05597669926895509,0.0485917020042756,0.049979898096258274,0.14815894111089073,0.04801287371649117,0.08363177567919548,0.06471487254695404,0.0407194370760417,0.08398056355778487,0.376233236943153,47,False
105,0.05190811204115565,0.05552655725137563,0.026860845782742917,0.1635529250103207,0.05566164028772637,0.09552510850183847,0.08164732235373265,0.022438587859268107,0.10561539853019344,0.34126350238164604,47,False
106,0.06545463047075128,0.040989382952794674,0.012064404929651095,0.15259903335538696,0.0335231761965476,0.09170657696429023,0.06608673821220966,0.0496995891266086,0.0886311674733505,0.39924530031840927,3,False
107,0.04380900929859132,0.045639003347676295,0.047151215438979516,0.14869316480077563,0.070686277201383,0.10755585610009016,0.06693114982338359,0.048057752357197565,0.08477619440663209,0.33670037722529084,47,False
108,0.05184437005505027,0.04473558546484087,0.025221027230152827,0.1595723878262146,0.055740170845334946,0.07160858693561598,0.08126436708975482,0.04066336456050167,0.09106170681187023,0.37828843318066385,47,False
109,0.050408996797266355,0.05617920262206788,0.04745069875814706,0.1517219893323943,0.08956470776657396,0.08527503921185178,0.06452915938958795,0.06071094189312009,0.0712851414708464,0.32287412275814414,47,True
110,0.03720375397787785,0.04391390048882668,0.033589153426786984,0.13930010767287598,0.08631442505452212,0.11100670568540598,0.06895561402077358,0.03914861296951276,0.0699415687164867,0.3706261579869314,47,False
111,0.04604194035766033,0.05623482129115723,0.03694174877228209,0.1606225612603758,0.05548218828439418,0.0984137691001936,0.07968596079273829,0.03965296623770889,0.07689178641180462,0.350032257491685,47,False
112,0.053358644528409105,0.04958831927921706,0.0460818740980507,0.15205717983186745,0.07435742396958386,0.08900986667594504,0.06298872703661557,0.03824319987055216,0.08484096868530686,0.3494737960244523,47,False
113,0.04579821373551193,0.052981794641721466,0.04301634407105473,0.16705489038650012,0.06793985573945949,0.09200714698519466,0.07654411326781674,0.020768203420302736,0.061021158668571426,0.3728682790838668,47,False
114,0.04672862111323288,0.02625631318775489,0.04950446470371514,0.17396106824734414,0.06588213328805495,0.08691556290651851,0.08234921056714115,0.02484581126088543,0.07516342044584867,0.3683933942795041,47,False
115,0.040265270906724514,0.0384617744482076,0.03464107528784927,0.15471148136491272,0.05682562047959266,0.09032877948871657,0.0784115296843681,0.04572974261369417,0.08850967747317587,0.3721150482527585,47,False
116,0.05775952943355371,0.03376844069313198,0.050084438565623494,0.1759138843910209,0.06352570138635519,0.09492206992220388,0.06039024299642051,0.034825100280796405,0.08472546145941455,0.34408513087147924,47,False
117,0.0660926356462469,0.049697768139939806,0.00947762257010323,0.17315650841026167,0.05073796662923212,0.09841225068143993,0.07747165513261664,0.015172531858380349,0.09534122240197994,0.36443983852979944,47,False
118,0.05516894869622507,0.053625118248527615,0.04852991095880443,0.16748048632605178,0.06497387850928081,0.06222975849917562,0.06436891069091273,0.05071252637399349,0.08351163657045174,0.34939882512657666,47,True
119,0.05034204666297085,0.03192349419759075,0.06793079791019792,0.15455809907251106,0.062390284885664726,0.0945811573074246,0.07449619530420222,0.03846982909632823,0.08356416585549759,0.34174392970761214,47,False
120,0.04886760675329224,0.03998411604508745,0.05133640878793213,0.1603337542827696,0.0637573266687901,0.09275408002604947,0.07128750634354065,0.03716790506942534,0.08393546309684889,0.3505758329262641,47,False
121,0.04757121601735548,0.05127940836725168,0.03353085175339871,0.1458654935090153,0.06566046004746591,0.09092278505303691,0.06823196560744935,0.0525826223870056,0.08006122832214398,0.36429396893587723,47,False
122,0.05603220242617219,0.051656394737540676,0.02911857757661602,0.16980066511564298,0.0782325355099721,0.0784383807274557,0.05865201043995575,0.03986536129532186,0.08135431464358622,0.35684955752773645,47,False
123,0.039475834848379486,0.03555302009243218,0.03693095289770583,0.17799241191955642,0.07361899934279723,0.0924080650580328,0.053155836892985225,0.04232797919970509,0.0936955162674189,0.354841383480987,47,False
124,0.06859362828284915,0.048906924115420344,0.04458805062665428,0.1555433442618829,0.053875564833107424,0.08775796883479617,0.06461999789375285,0.047396838469727684,0.07555003246359435,0.3531676502182148,47,True
125,0.05632636851828588,0.02953240009451978,0.032931431598065816,0.1697865284265686,0.05921953874928785,0.09870817776604472,0.05458782377789421,0.0400652491171099,0.07759622582026074,0.38124625613196256,47,False
126,0.04798810134003782,0.04567133664052815,0.027339607887469437,0.17068783995718786,0.07605968778615188,0.1005541327767481,0.04070479455988542,0.04380155111479419,0.087049834883115,0.3601431130540821,47,False
127,0.05090899100933341,0.05058298557908942,0.044480160907835326,0.16530573255768313,0.07097686150025581,0.09033393747995447,0.07471272253457792,0.031077624691440407,0.07581225015347559,0.3458087335863545,47,False
128,0.04002972441980604,0.07785845982787115,0.03626679531007929,0.17629755412690667,0.06514979757129924,0.08186668996561085,0.06938678626064201,0.03377378401197555,0.07966352402245097,0.33970688448335823,47,False
129,0.05157067791429117,0.07191726737177745,0.046038541391408595,0.1486269754754314,0.0542043202497028,0.0936284703642519,0.07103900927120782,0.03681027871268623,0.08985554652111097,0.33630891272813174,47,True
130,0.05814337639999547,0.04196934566298362,0.045830670017627397,0.15785234722770422,0.05098467166014009,0.07884920487693282,0.07713219045618877,0.029585940430839754,0.08827438392778882,0.371377869339799,47,False
131,0.04809957681442383,0.03607928623313304,0.04331172119639458,0.15662660786675003,0.07602109658724263,0.08999493283671413,0.07574382896543645,0.04483607491105888,0.08766787186968553,0.34161900271916085,47,False
132,0.04888574325452344,0.024851131993537466,0.04875887800271144,0.17995634766343446,0.06734268724645574,0.08773508084002854,0.06508677555516555,0.023753974784315523,0.08459882590162528,0.36903055475820246,47,False
133,0.03454784678556838,0.048078258009934025,0.03332406664090531,0.15734359131427134,0.07294507534499234,0.10697051266061913,0.0718795158125871,0.0501270805137941,0.07197539296252427,0.352808659954804,47,False
134,0.0572028154857527,0.0404487908786736,0.0569973398824233,0.14934984019830466,0.05764542992158993,0.08584749660038736,0.06153723336238505,0.04249479524886494,0.08822824001529164,0.3602480184063268,47,False
135,0.046836012044211325,0.052972250960036764,0.04688640099854568,0.1622066298525677,0.05812942554071019,0.07427395140153571,0.04996775551645814,0.04833736773013006,0.08268563482644888,0.3777045711293555,47,False
136,0.045953755902411055,0.03839612577584441,0.04543568348473825,0.16315640956025174,0.06503097772547632,0.09022347201280208,0.06524019581387937,0.029629229093821926,0.09034022394234864,0.36659392668842616,47,False
137,0.05253484937462248,0.047268540361396334,0.05562865616715094,0.15028456566481618,0.08195805689946047,0.0837981152995045,0.052744352654742956,0.03944867368334771,0.08936549481638964,0.34696869507856876,47,False
138,0.061757888485182266,0.04397664782392108,0.03294732216930103,0.17913294048339073,0.060730494639123195,0.0980530906165574,0.057133321970299085,0.029699626955141136,0.07998643388243672,0.3565822329746473,47,False
139,0.0622772140746032,0.05295649784091591,0.03597400277758069,0.1476219113978568,0.06608552796076071,0.10051329460966599,0.05455177206696298,0.04549517321791099,0.08076497046566074,0.35375963558808193,47,False
140,0.04301900148693655,0.040175693495653815,0.051404211159683265,0.16102298900217393,0.06894447850524288,0.08228097519170856,0.06141828719438541,0.059762776505131496,0.06749773317600637,0.3644738542830777,47,False
141,0.04813702277357748,0.04841033653038623,0.06498010582404921,0.14447638939390417,0.06611226332941665,0.08219381039992661,0.06518703945985266,0.03861615219351288,0.07354969787071013,0.36833718222466405,47,True
142,0.03202598889253898,0.05162126964041366,0.04105255204132909,0.1516685069040504,0.05233235475904408,0.07697858233541967,0.07149006559340537,0.04440954162377223,0.09641154004127678,0.38200959816874974,47,False
143,0.07084087268646165,0.036545241399410525,0.03556276017266406,0.16856543971310717,0.055358616053544515,0.10026407127448578,0.06212601149232438,0.03139354581613754,0.08758559272453935,0.35175784866732507,47,False
144,0.03576719103052156,0.04229573688674886,0.05444443310757008,0.16481617927894981,0.06903822887026131,0.1069211691633181,0.06076530771024783,0.04352174733990262,0.0603567898630545,0.3620732167494254,47,False
145,0.05374871770451542,0.04345352210266688,0.026349735871525972,0.17865937833617856,0.05721068331368704,0.07097593543274901,0.07577854517951005,0.04016343248333033,0.09632053259934596,0.3573395169764907,47,False
146,0.04110330229839235,0.04160424551874943,0.0417550126122615,0.16693986840092437,0.06428754149371098,0.1006767777919803,0.07120176796248773,0.03587845190800744,0.0877379722405657,0.34881505977292027,47,False
147,0.048644820587537815,0.03256835580257565,0.05835316048940181,0.15113041774955976,0.06244028072886639,0.09895458157914919,0.07614199995940933,0.036556777531379155,0.08133354557736944,0.35387605999475136,47,False
148,0.03727111917835609,0.04268938275031124,0.04649897105731272,0.17779239065809707,0.058258140392748084,0.10966937761216661,0.05868722860194794,0.040773415095481706,0.06685677434012204,0.3615032003134565,47,False
149,0.07226687285799373,0.03797185769927773,0.040968190732432644,0.1779940074460593,0.0696613536583368,0.07406261758130547,0.06415637137294529,0.02954635728875816,0.07336398930735927,0.36000838205553165,47,False
150,0.04823127943708989,0.05562268663995619,0.047080486790819234,0.1559247014365438,0.06587727537076299,0.08652929605662868,0.054257193157322234,0.036234720818731005,0.08804789731326049,0.36219446297888547,47,False
151,0.06423070552738562,0.04917802456880671,0.04425984983795903,0.16877022861319,0.05842778799330692,0.08820922766735548,0.0566511446965999,0.05615243519313937,0.08468191447506107,0.32943868142719585,47,True
152,0.04615377081723004,0.04814366840008632,0.039691394293655424,0.16865924875649801,0.06719103675759645,0.10023202638771457,0.06641474220762941,0.03299625660613517,0.07490334455967233,0.3556145112137824,47,False
153,0.05764627825193911,0.04294117171489348,0.035458227770012604,0.15283996667694866,0.07406656759511746,0.09444755618823382,0.08689225402883373,0.033363203761929826,0.08007623493778986,0.34226853907430144,47,False
154,0.01417102004699203,0.06252236673878574,0.0398936104024539,0.18270526423119055,0.07195516563335204,0.09152115320640906,0.05525427627631375,0.028395700644025614,0.08150454613900489,0.3720768966814725,47,False
155,0.04709803898594947,0.04777618469095713,0.031571008071971836,0.14647501203598717,0.07905273660744319,0.09414963925488244,0.06880709685127095,0.040764693765131504,0.08402827108066717,0.3602773186557393,47,False
156,0.04938299919015875,0.049805247303914155,0.03170995518362378,0.16224252418931126,0.058025613526546206,0.09633991638985501,0.07346797063112069,0.048351310550013585,0.08829218049850696,0.3423822825369496,47,False
157,0.04067921569566807,0.03571824827522613,0.04538491770958523,0.16316804748686395,0.0691352142663295,0.09103395280332366,0.0689996099908981,0.04115200960059602,0.06900145509633202,0.37572732907517725,47,False
158,0.04878479452551786,0.05106501799184706,0.05713194642391444,0.14305743896609935,0.06900386954225901,0.09723727363691091,0.0681990585800909,0.023815560165423622,0.07479961449523682,0.3669054256727,47,False
159,0.06120754034533633,0.05002872469010663,0.042619616703148996,0.15987343287613845,0.06258994459604676,0.08620200125418193,0.07162134454740594,0.03531981651918946,0.10028918850739892,0.33024838996104666,47,False
160,0.039372745355532875,0.05438063897007635,0.042315533345837486,0.18280672261757203,0.049229113777935984,0.08436125337315667,0.06294374287056442,0.03566151958515993,0.07847438468474949,0.37045434541941474,47,False
161,0.06046300503648771,0.03908312709726486,0.04624650788472505,0.15113941844412368,0.05124620273205735,0.09074527994453926,0.08163757285799896,0.04438840989548832,0.07202251810037787,0.363027958006937,47,False
162,0.048308297250708385,0.03992186853767223,0.03984446631597275,0.15192289193057082,0.05338398388880721,0.09576707692993414,0.08878309562835261,0.04371979217069409,0.07994987738830614,0.3583986499589816,47,False
163,0.07718744671257464,0.046823969784737636,0.03828844477845615,0.15299502891570518,0.06397583180495381,0.08987726005294845,0.053527738241192335,0.02489440572814094,0.07731219705353505,0.37511767692775566,47,False
164,0.05531248902237297,0.05100684729481481,0.03734528958247326,0.17067162887474505,0.07725722563491441,0.10895979671525098,0.05489120295460751,0.03364866989737088,0.06860672839814635,0.34230012162530365,47,False
165,0.06240701274225988,0.04676541472877258,0.03176814116575777,0.1550714293572144,0.05421398124134427,0.10781111835527646,0.0778837055807356,0.017368864795292323,0.08962061160085877,0.357089720432488,47,False
166,0.04371857292174773,0.048703633288092206,0.04175981048022329,0.14739637223518934,0.07833916044086409,0.07848277077308989,0.08484392004048912,0.02566113030673324,0.09706086295446968,0.35403376655910135,47,False
167,0.05219069025023009,0.028350118382349864,0.04426598203227753,0.16623719773712325,0.08086729888496068,0.08954970866704681,0.07339768489827324,0.03478636690676796,0.07307234410066153,0.357282608140309,47,False
168,0.04121827331758492,0.03465797301386967,0.05717092136966199,0.15288893098539738,0.07506084471244136,0.08665536448212434,0.07462435292550662,0.043049550974849596,0.08208174795698273,0.35259204026158153,47,False
169,0.05005385306376799,0.039097410148241266,0.03789741512232121,0.16560848351466553,0.08319371672428867,0.09468097202683523,0.06423389807064912,0.032367043641619735,0.07216501859519095,0.36070218909242024,47,False
170,0.04917666474925687,0.055986397806702955,0.04026572952185829,0.15627497573050705,0.05744409522947737,0.09814887829432467,0.07306048036604637,0.04074624926835311,0.09307091490741495,0.33582561412605827,47,False
171,0.051403985665243755,0.057677666933608575,0.039677787497296196,0.17706459346398498,0.08072690887143076,0.07438845463254154,0.05063706765408324,0.0380540286555238,0.08530100772907541,0.3450684988972117,47,False
172,0.04971447747496463,0.046592735785380195,0.04083347721590053,0.15253902263661662,0.06693380440531684,0.11092184082504547,0.06825969164251283,0.042954317617046815,0.07811859662981963,0.3431320357673964,47,False
173,0.038256675555977525,0.04747029337491206,0.033144496543706374,0.16172105955231506,0.06099436441089484,0.10253049778258441,0.08450757988865398,0.039952803251440114,0.06820052524019703,0.3632217043993186,47,False
174,0.06118754522304425,0.03039572853960935,0.042219344709044704,0.16537571008394747,0.06752980511424958,0.08731649154676926,0.07153650941770863,0.044179127724898334,0.09215983657152979,0.3380999010691987,47,False
175,0.047844386626220786,0.03692638065025802,0.025439426386418544,0.16117573050340758,0.06467370058593172,0.10427940567536348,0.07301068505264607,0.048881500189382254,0.06932120368024774,0.36844758065012384,47,False
176,0.048821299230390136,0.061133024334710996,0.050804790108857883,0.1571548748830545,0.06658873377980441,0.08585535993053278,0.06340388612827609,0.016604820804011766,0.08913667870456751,0.360496532095794,47,False
177,0.039489554970869416,0.04412644321591954,0.046909269338847946,0.15760723939570095,0.06828416284664501,0.07625834029704315,0.051646648825500734,0.04443913275168562,0.10370351217190808,0.3675356961858796,47,False
178,0.04108931319471143,0.03472207717636621,0.035017357448318236,0.16425729128061659,0.06774860602004934,0.10341888154315657,0.057001336801127206,0.03531410310146505,0.09067729648314155,0.37075373695104785,47,False
179,0.05510444263821621,0.0480133021001562,0.05042221256530999,0.1581971496539308,0.05424417984010948,0.08231291429513418,0.06371645346997078,0.03299799491632571,0.09641119455591428,0.3585801559649325,47,False
180,0.059863562177167616,0.053216372505005646,0.04053064952425093,0.15667929073437167,0.055376336554921406,0.09701873074536886,0.07524447470034235,0.04291538373321884,0.08535349718551209,0.3338017021398406,47,False
181,0.048390609185896646,0.044464388955960346,0.03643387094404117,0.15825294450769947,0.06571857001674437,0.08972915098583834,0.06889359913034118,0.048926001240854486,0.09661215041954332,0.3425787146130807,47,False
182,0.060955325136688485,0.05212924122977499,0.05677101923690354,0.15481144598051833,0.05315129890532737,0.08711058830555767,0.07168520837917737,0.03502154868164432,0.07388382239449204,0.35448050174991574,47,False
183,0.059621705479910865,0.042873471213438624,0.02563232367426134,0.17109235173888562,0.07300685705885947,0.0952233278036601,0.07202928221120143,0.03513124447521795,0.06155828613203275,0.3638311502125318,47,False
184,0.044700444186568475,0.05116076304570264,0.037496445258128924,0.1577508302329004,0.07359306890403489,0.0958755921433629,0.06741755821927319,0.04273432123883243,0.07576670745016831,0.3535042693210278,47,False
185,0.05365126438534912,0.038002985770610176,0.03569067373079936,0.16575237080502098,0.07468184426706719,0.10365480859821702,0.044694680049953785,0.034873627484840665,0.07551799292766094,0.3734797519804808,47,False
186,0.03209427091115116,0.04554466168729246,0.052060309727169185,0.1717596182296629,0.061797346433772805,0.10173609124221894,0.061345269061927665,0.03853127658505029,0.08080915031403964,0.35432200580771495,47,False
