ID,strat_res0,strat_res1,strat_res2,strat_res3,strat_res4,strat_res5,strat_res6,strat_res7,strat_res8,strat_res9,ancestor,alive_at_end
0,0.05564987767562912,0.12238978101097105,0.03988399498971851,0.04718837617267063,0.01100134926629209,0.2773757589140409,0.05994610257327189,0.07542428791172451,0.22357944668650376,0.08756102479917752,0,False
1,0.038812193454512874,0.11163404985101597,0.03084316307089777,0.05178695861523343,0.012932738922048987,0.2737596129089114,0.06296283373926914,0.09026397272537744,0.24248146719781083,0.08452300951492221,0,False
2,0.05555436840433592,0.11147086697403177,0.038992056914108855,0.04147408920171579,0.0,0.2967251725975646,0.05086442098540743,0.06757570803490294,0.23314040286488708,0.10420291402304555,0,False
3,0.0657028638751117,0.10780341583445799,0.03167400482435931,0.01823319867326421,0.009136078428176705,0.3092097546569852,0.06510247711971395,0.06745419418451708,0.23710073049011463,0.08858328191329913,2,False
4,0.07581549254700465,0.11697036533105475,0.0322130675862712,0.03253268331039943,0.0,0.2950666858119251,0.051158631108823835,0.07795559834881495,0.2248790096630206,0.09340846629268557,3,False
5,0.049977652521102846,0.10440729374281175,0.05353798943420272,0.030901702296297687,0.0013111940191470914,0.30414101991296016,0.04923025594330928,0.06304779174697246,0.2397959260562901,0.10364917432690594,2,False
6,0.06495308355579556,0.12187442771208275,0.035572375582665794,0.03902814043386349,0.0,0.3085895241641228,0.04140551050326305,0.058660625184613464,0.2316281985429933,0.09828811432059979,2,False
7,0.04638830867736321,0.11714732527091505,0.03988691283049445,0.04066679823399261,0.0037823474929324537,0.29331956007292614,0.051542402158736074,0.061980741783797526,0.25160566332514533,0.0936799401536973,2,False
8,0.04917711445630097,0.11463979551672578,0.04520514709423692,0.03597172474287328,0.0016896634147549334,0.29167356848637005,0.05134026119470458,0.062054382733482204,0.24039619742274035,0.107852144937811,2,False
9,0.05706717275795655,0.10854671088504278,0.02568469295985951,0.0429132548308238,0.015777001324520777,0.27477432968149806,0.06225212492539972,0.08028001260167951,0.2586136281351927,0.07409107189802677,1,False
10,0.06436802441771905,0.1137944646796451,0.04997572963524481,0.0582954576641823,0.0,0.2760420354524838,0.037488108064836656,0.058222856003009305,0.22568121706209646,0.11613210702078253,2,False
11,0.016939171789776622,0.10927031937572684,0.020881889091497137,0.052213969715909025,0.007644998949547434,0.29452082204530095,0.03400421521194287,0.1060513277356426,0.2524072538803454,0.10606603220431111,1,False
12,0.058388329204873614,0.09827768357361251,0.05589631541573982,0.03200112204158296,0.0,0.29241863376020955,0.06468333260988367,0.06113283375348689,0.22572249054999274,0.11147925909061811,2,False
13,0.03837415089359234,0.0935851256122086,0.040615338145104804,0.06299742669188343,0.009313075092921392,0.26671475407651896,0.07390003710697911,0.09058810963938259,0.22708960352287638,0.09682237921853223,1,False
14,0.06785386436907992,0.1175211375190671,0.010927995598314711,0.0356771888572506,0.0,0.3050130821773666,0.05790034083766171,0.08024035465785787,0.22319685717270477,0.10166917881069673,4,False
15,0.07318130905020533,0.12801657446331285,0.03207812439007864,0.045226004657824635,0.0,0.29267759980847236,0.05383360333456714,0.07595369457881379,0.21668179909710866,0.08235129061961668,4,False
16,0.05941533213855602,0.13013630305753005,0.039857317106954324,0.03480851557649089,0.0011672713431948297,0.2701647231821292,0.06797178270687469,0.07867265100242211,0.22688184192116512,0.09092426196468271,0,False
17,0.037669883519448916,0.10335972656653185,0.03312850577233922,0.07043070584498537,0.021576412123461845,0.27258978664190486,0.07116344719395531,0.09349535213072085,0.23536501161063703,0.06122116859601464,1,False
18,0.051258761947021454,0.13914687364293063,0.043712527573635376,0.025168456621165108,0.0,0.302425152218456,0.03005654569274218,0.0641648620193497,0.24153055578282315,0.1025362645018764,6,False
19,0.06474135247591366,0.11784030894371986,0.04340879355868907,0.043190311656862185,0.00455761780721545,0.2823049158745131,0.055715138858144594,0.05908276737200958,0.247399280116441,0.08175951333649152,0,False
20,0.05374208810108371,0.11390215710420172,0.05152829797485938,0.030013245560260183,0.0,0.2893995665010714,0.06987587721621911,0.06540575612931414,0.23005694559018003,0.09607606582281039,6,False
21,0.06898698092501375,0.11365291450773754,0.031182546706663376,0.012428839189929453,0.023238089621865767,0.2869311739265363,0.06948929902362315,0.07469993059083077,0.23598026083917967,0.08340996466862026,3,False
22,0.05951476948613784,0.11196907332444814,0.03081836842577585,0.04047960418814028,0.0,0.2973877322952763,0.04470934034564373,0.07703937793566182,0.23556868411632803,0.10251304988258807,4,False
23,0.03956322556218776,0.11598558677804628,0.03272060241267199,0.05735397735037299,0.008400495349543994,0.26789983168736636,0.05989157080928472,0.10577094839562642,0.22987733960892973,0.0825364220459699,1,False
24,0.042354765035164055,0.11891682020597942,0.03698468709625771,0.03483366277756704,0.011093698556882345,0.28195994926775797,0.062137107364419346,0.07203640567401083,0.21900436535347548,0.12067853866848573,2,False
25,0.03493529301681868,0.10896784763848953,0.04324277557608923,0.042152137181745895,0.0,0.3001007282125062,0.06977381566038598,0.06869244646149947,0.24187867498634116,0.09025628126612381,2,False
26,0.0879077771947902,0.09795879054094646,0.03450114340347785,0.013141473011122657,0.0073673486241950725,0.29218995132261255,0.059173930695732777,0.08268697556885632,0.231060918936062,0.09401169070220405,3,False
27,0.04553393721604388,0.10799582069809531,0.02465706237753917,0.04747400764025249,0.0176378536696929,0.2629597284992553,0.07086182419252787,0.09171324039968451,0.23810907164547787,0.09305745366143067,1,False
28,0.0732403398799157,0.1235965223368698,0.04412871898596877,0.0489871958072739,0.0,0.28727105839148775,0.06498290398434373,0.07459555031598386,0.20148473290159954,0.08171297739655682,0,False
29,0.06046154429494335,0.10069143773774694,0.04589814569786808,0.014532218439591182,0.014964548577384901,0.30870422376130063,0.06436048779405847,0.07197749630379438,0.2323092637270629,0.08610063366624911,3,False
30,0.05544745284606668,0.11430876143457178,0.025424177778594834,0.05600362763333009,0.0,0.3029336187798835,0.052411996585572586,0.0749938327251031,0.2311041464502469,0.08737238576663035,0,False
31,0.04487775864185772,0.10936457500140918,0.027100361115668516,0.05247905348353247,0.0,0.27751897602850184,0.0727484348810911,0.09731741302270977,0.2423827688384254,0.07621065898680393,1,False
32,0.0317660342130292,0.10200246861232272,0.0457117895041664,0.05148635474669727,0.02888959389781579,0.26129995219327845,0.05429904639231474,0.09877004620417618,0.2518280716511023,0.07394664258509688,1,False
33,0.05117085322493122,0.10335193363690781,0.03834277560263487,0.034169965404971483,0.017257603459021467,0.2867287011378196,0.05530402651086861,0.07813831106787035,0.23622099327155754,0.09931483668341703,2,False
34,0.036245802561578395,0.11697851517522714,0.028319526168722298,0.05479528017459031,0.001744457687461561,0.27599795586588954,0.06634269281546758,0.09998060314580667,0.2472854729745842,0.07230969343067228,1,False
35,0.06444979649867472,0.12988958440044593,0.035965688863274295,0.05539295036873763,0.0023703646267007016,0.26582152856306873,0.06288263059462566,0.07436757113587857,0.21694387491360134,0.09191601003499236,0,False
36,0.03958641636387153,0.12261044777534756,0.037686083365746234,0.059477052424081155,0.0,0.3029142939469777,0.04838730650661838,0.07213614752607658,0.22164186518554904,0.09556038690573174,0,False
37,0.03345478196841653,0.10770250218723378,0.0077263931871995725,0.05409349445880471,0.026688683240413933,0.29592604888953133,0.0630796131628578,0.09418864541520375,0.24441022867352707,0.0727296088168115,1,False
38,0.04200928031792072,0.11823397696199588,0.029553461110820252,0.04512834514870345,0.01906047122544027,0.25751664455968226,0.06325253771353143,0.08244822437539132,0.25044295034740227,0.09235410823911225,1,False
39,0.03328389994886748,0.12371574224886782,0.0455155131455627,0.04145863375423163,0.018452353008472373,0.2854368450775168,0.05277825768782641,0.09688903767234262,0.23420354838091406,0.06826616907539806,1,False
40,0.030540488459839484,0.11282881096153966,0.02109398839865227,0.05025982770542701,0.02081755221414512,0.2712896157412978,0.07235255494883727,0.0779386931621762,0.24171672518060114,0.10116174322748407,1,False
41,0.04621713106070344,0.12192201582262442,0.036437252442467816,0.04021992673664372,0.010150334096313503,0.26384116144129494,0.06622789854330187,0.07519551843745677,0.2530776667314073,0.08671109468778625,1,False
42,0.04462205625274958,0.10462774703356431,0.04660680956600906,0.03840719268022924,0.014480972579396833,0.265691900774429,0.08448927743793296,0.09264390950372123,0.24056401277133305,0.06786612140063489,1,False
43,0.06699451852912015,0.11184648096855129,0.038133120008072854,0.05672097102990645,0.0051812725148297645,0.28760974396903777,0.052225019312996834,0.06518007319658405,0.22704909862421535,0.08905970184668548,4,False
44,0.07318829894186589,0.10847626550319493,0.019609565412214102,0.00851329167066883,0.013660492989758188,0.3183397308156849,0.05763724577405046,0.0744789283940638,0.2434162250519062,0.08267995544659268,3,False
45,0.050755473812381255,0.11464045192953227,0.03298197357708674,0.0395568381392406,0.013775220634011463,0.29651551211407523,0.07938333508318518,0.06594771790898686,0.21911291670749963,0.0873305600940008,0,False
46,0.07956779483684319,0.10964097694066535,0.041227426723150364,0.0611088570139869,0.008851821954606149,0.27367862426967215,0.050368045076229426,0.08127515850635883,0.21323006645912695,0.08105122821936055,0,False
47,0.0476118303657642,0.1162159363857755,0.026526077569383844,0.04650061194134261,0.02198649681343262,0.30216962804588077,0.05370686630506063,0.08561802813098572,0.2212964114181803,0.07836811302419393,0,False
48,0.05288263712962291,0.10339754942348259,0.03601954210085977,0.04709282131245237,0.009577512198479127,0.296769795347526,0.039093741428306614,0.07016748349599383,0.23698892943640437,0.1080099881268724,2,False
49,0.04258828633998865,0.10986376483773265,0.03999651965322185,0.04673471789287259,0.019571339254294412,0.2845279529101049,0.07128539723607749,0.07762215149794441,0.2351745444576393,0.07263532592012364,1,False
50,0.029206046845735734,0.10198400847326732,0.01830649727152616,0.05888478623781975,0.0,0.28934549942277793,0.0717352146592728,0.07626784803790655,0.2781698860394356,0.07610021301225808,1,False
51,0.05739964883833676,0.10779206808271727,0.019354457215437725,0.030057064140116486,0.030478199919066525,0.2671362036489247,0.06577481149716372,0.08286567126271183,0.25919628518301024,0.07994559021251467,1,False
52,0.041730880039278356,0.09345052832703049,0.030406941715036127,0.05466237009015895,0.01723092252225793,0.2843143653946257,0.06996848513919127,0.09347696460008553,0.2305674418321242,0.08419110034021139,1,False
53,0.060003457011029326,0.1273247544107046,0.031562125133764184,0.05182350423821928,0.018591051092306222,0.2584032273735555,0.07161563471665386,0.07032752239472201,0.22210686278716,0.08824186084188497,0,False
54,0.06450362147276999,0.09381849873123595,0.04373964612063038,0.01341761206156642,0.013268578106959422,0.317143404228957,0.06778754636809423,0.06632017136093388,0.23803986679809624,0.08196105475075659,3,False
55,0.06111759643932581,0.11213581758887053,0.03458896336818873,0.043757652184288585,0.006880090689659487,0.2837218363071948,0.07064992605718642,0.08904386628208893,0.22257794252996516,0.0755263085532315,0,False
56,0.05981121379280832,0.11505544425618278,0.040822762975571046,0.058770641979854224,0.0,0.2821937085664588,0.059733538409791474,0.07533444779931672,0.22219396834015287,0.08608427387986367,0,False
57,0.058710254959439614,0.1276524328336793,0.02451630324477714,0.058974379195708644,2.6516507687556384e-05,0.27668243716153995,0.07159307718214296,0.0749815616868198,0.21402084320240733,0.09284219402579764,0,False
58,0.0710514906777571,0.12034766421537656,0.04701505275230827,0.059823647499157036,0.004425504357857211,0.2507925209534426,0.0660016640387862,0.07071408540055613,0.2231994543526474,0.08662891575211154,0,False
59,0.05361152821800961,0.12080707711371602,0.03861685333719606,0.04624692153153305,0.005149489673175052,0.27512645043233797,0.06905554279626325,0.08013094833012877,0.24074657841624575,0.07050861015139459,0,False
60,0.04026730714068803,0.11817641085943645,0.0222192789275202,0.06993985330393064,0.01214126281694215,0.28042017904582806,0.0800384942370665,0.06607341336280466,0.2222543556050931,0.08846944470069029,0,False
61,0.01901122992314745,0.1082673494111567,0.027830953930974157,0.06067203029043266,0.010384651936567454,0.2875809177443892,0.06358725434916297,0.0767258261969826,0.24814433938860211,0.09779544682858478,1,False
62,0.05753554756949875,0.13349418338518426,0.042340701696012006,0.0374827128956435,0.0005941885397998498,0.3021210090880391,0.040217294727607496,0.06850121379269221,0.23659515307086168,0.08111799523466111,0,False
63,0.06656587116083307,0.10388229132937205,0.03104575910528631,0.0323292961067281,0.0,0.2996703461529325,0.048718858128139725,0.06982819510572354,0.23755695816529462,0.11040242474569004,2,False
64,0.03632243598293467,0.12448718793706398,0.0285973756391796,0.059322845287138395,0.00017866748686760776,0.26642371659901337,0.06738255708076363,0.09873980002201754,0.24965879668170401,0.0688866172833171,1,False
65,0.034327719856338736,0.10763912552336913,0.030792398908200524,0.06446256558607426,0.0019184764302128947,0.2893583093513512,0.06834161314018287,0.07901922921647127,0.2357527701588733,0.08838779182892581,1,False
66,0.06839505720329996,0.12742625020871454,0.058398144816055,0.05555747995999776,0.0031329965246479886,0.26022681725838875,0.038483691476372296,0.06365046323349238,0.22485771106119587,0.09987138825783541,0,False
67,0.07387847154105631,0.13864942113115408,0.04023439343765614,0.03602342834419563,0.0,0.2775144266642283,0.05302906450086573,0.06832592804950137,0.22819583123537185,0.08414903509597062,0,False
68,0.02570659068998816,0.11825834127877138,0.038199017491348325,0.04826371093009815,0.011151056531364213,0.289757911632322,0.05527452407682105,0.09045321985380267,0.24216922572009258,0.08076640179539131,1,False
69,0.04341985730808939,0.12580900165982828,0.031623788970288114,0.06532204680718898,0.009469449942988081,0.2624928739376767,0.07184858511726476,0.07880059965869722,0.23343485546689915,0.0777789411310794,1,False
70,0.04965385547469806,0.10054959081919122,0.0466652813981031,0.04624847257388206,0.013378065707954238,0.26719757280147616,0.06552249074703605,0.08095874088332951,0.24848576235535086,0.08134016723897884,1,False
71,0.04365184329604713,0.10911680404915648,0.04444128662236194,0.04113991963205618,0.004720887701869995,0.2744211936752514,0.08069367473829839,0.07680561700114817,0.23727041582821523,0.087738357455595,1,False
72,0.03867848246913862,0.12691681620321824,0.021052613324606652,0.05414257960167102,0.01061317920058105,0.2621712809784415,0.07606679896265982,0.09035596195324955,0.24599517454380937,0.07400711276262407,1,False
73,0.051759398184927585,0.10977101943115083,0.04863160151032868,0.04287308353154929,0.00740032483983271,0.2738107815174422,0.0636822153719891,0.07854679488555351,0.23868874536548654,0.08483603536173948,0,False
74,0.04175377624814762,0.1141917606123049,0.029442512717125592,0.0639563060670975,0.003907539316229914,0.27934948102168544,0.06379173808737933,0.09703160438410033,0.25157966179810337,0.054995619747825936,1,False
75,0.05001668558476021,0.13361854333948286,0.04799488979280647,0.048301397512753926,0.016501631481736827,0.2800774866445139,0.048654682823089684,0.06652588702994935,0.23351866583927802,0.07479012995162887,0,False
76,0.049682599490881774,0.12097648953340599,0.03874744518074923,0.07733278810876197,0.00809108076650418,0.2774840234048667,0.04635099915755525,0.0693191985478435,0.23028894483332948,0.08172643097610195,0,False
77,0.06217493265848378,0.11116526652850778,0.0011705142704014745,0.04711839947496214,0.013751507877125785,0.28034136593212433,0.053508260634537896,0.09387136710595573,0.2506353117582053,0.08626307375969587,1,False
78,0.049418860514222784,0.11186638050348648,0.02781520165340298,0.04163792777469262,0.018664906971972085,0.2789769630044257,0.06309786009560545,0.09085506250628952,0.23624406299458273,0.08142277398131964,1,False
79,0.02928989284204023,0.0980166107753862,0.028927930041813554,0.05202174648302827,0.025726034104514482,0.28383234894705267,0.06995760305890046,0.0817742503383582,0.24693157148328007,0.08352201192562583,1,False
80,0.044086752295703115,0.13264699016749057,0.022220932415688545,0.06896467770269304,0.0,0.27311386469190985,0.050403040337447545,0.08782843192325154,0.22150008655315315,0.09923522391266272,0,False
81,0.07293096208961242,0.12081521136287784,0.03663463193757699,0.02571524346883011,0.003189598835276581,0.29705798152668894,0.06171480765601661,0.06456091349695246,0.2390700254203297,0.0783106242058382,21,False
82,0.06863615295594527,0.1244766321352334,0.049511230007144254,0.04130562642462715,0.0016890002568033307,0.2679147796459241,0.048804470204250605,0.08697383348567389,0.21712495262973827,0.09356332225465971,0,False
83,0.08169319317719351,0.10066752800944624,0.034471924287334074,0.03448371739991302,0.001513923827186634,0.30916197531711337,0.06764199912475094,0.043228542569204956,0.22448350092599698,0.10265369536186016,3,False
84,0.06099911184257025,0.12368031324953599,0.03382016011173422,0.06354344469788016,0.018168793391289195,0.26977908586335014,0.07065792068351669,0.06233628503568799,0.21025146978701784,0.08676341533741767,0,False
85,0.05913899666826522,0.12251812185648871,0.038985002856829785,0.027710089792526243,0.009630309150045247,0.28240011653087776,0.05022596658533241,0.07764604908296188,0.23190865360557475,0.09983669387109802,0,False
86,0.05870415217012005,0.09491487188768119,0.05793824150909947,0.06270811939037162,0.006045280511919764,0.2757251069252602,0.05423335125169271,0.08098992646214322,0.2214712683332514,0.08726968155846045,0,False
87,0.03226297660568162,0.10281179462298345,0.044261054938864876,0.05581314691148409,0.013961601119213825,0.27237785408914184,0.053022076449143675,0.08548300968594762,0.253335208437084,0.08667127714045494,32,False
88,0.04709147905355318,0.11472972089167538,0.04110994686910357,0.03860180094637449,0.018949258165765745,0.30237007194250126,0.04211351512147431,0.06874036346234363,0.24124637624114179,0.0850474673060667,0,False
89,0.04136037318875388,0.11195830380107719,0.02745605711716061,0.04919869243548754,0.016534510979327417,0.27572433036169824,0.048589587969022664,0.08905749133042022,0.242222622155774,0.09789803066127827,1,False
90,0.08213463744497795,0.10254866411330195,0.05313951821120361,0.05767571000641619,0.010568052941131842,0.25500033729633315,0.0677010576871875,0.0718373478187648,0.210793638072912,0.088601036407771,0,False
91,0.0140902489759667,0.10278623404712568,0.033273333980019484,0.06737141755350934,0.03249938399789756,0.274566068630365,0.04601610583075145,0.09664594699227168,0.2387997034759436,0.09395155651614963,1,False
92,0.0245360519279194,0.09540537201107961,0.047240304576384284,0.06602207074122005,0.023709012145196422,0.27031880857036,0.05085886562822822,0.10215786332259154,0.2460186607714357,0.07373299030558464,32,False
93,0.0390404281984711,0.1078294594402425,0.04345320655816589,0.036624998325035,0.020697965786665752,0.2640308255541404,0.059356792324780985,0.11003533653575012,0.2425202969482582,0.07641069032849004,32,False
94,0.019600745166308095,0.10963894394930222,0.03474395822941784,0.05746702420608837,0.012246941015337694,0.2695199818220455,0.06756827611737347,0.0862770884687313,0.25932437872719544,0.0836126622982001,1,False
95,0.03812605002019917,0.09807993706646259,0.03624460040337516,0.04297701950500012,0.038658787190953205,0.2584297197473653,0.06676214169737339,0.11076415927712756,0.22916139446227268,0.08079619062987084,32,False
96,0.04189931396898095,0.11647476876156149,0.053612193088522886,0.03435600001788445,0.02437504861185573,0.2614768773519674,0.04894753424179769,0.08463802334033763,0.26451038951446965,0.069709851102622,32,False
97,0.06991513150143215,0.12268195896346289,0.043352274667659944,0.04695857704520159,0.023661955444194912,0.2605474310697247,0.04965379445636815,0.07464054405887145,0.22197343613663084,0.08661489665645346,0,False
98,0.039612942336130115,0.09865321988591726,0.0461108054122095,0.06340995629360958,0.021237631972402905,0.2577393495105502,0.059101935744612075,0.10070680506235678,0.2473425530412651,0.06608480074094639,32,False
99,0.04929119301198905,0.126192629566433,0.04229964586850781,0.02971675200141344,0.028049704891196636,0.27192009510553483,0.07106287496750162,0.06315106818273498,0.22918281196316417,0.08913322444152454,0,False
100,0.04377897887041944,0.10756383666008122,0.03494375136584269,0.038776627943596466,0.03089544327182851,0.2649689918307778,0.06295599490192301,0.1038262318591313,0.2587567244252862,0.05353341887111341,32,False
101,0.02336877035891646,0.10583141158323323,0.05890537573685955,0.06106604781032863,0.029163429674300197,0.25658646246129024,0.04857460096666608,0.09430202749170777,0.24832627589612963,0.07387559802056821,32,False
102,0.027538273355184762,0.08196749891054281,0.047662734833367346,0.055210335089965284,0.029053714902699958,0.2618672294607668,0.0525886883121526,0.12423639863135472,0.2477918851891443,0.07208324131482147,32,False
103,0.02888766345564317,0.09212273328292676,0.06595005321405867,0.060840911020256065,0.025239395596115943,0.25640586645249613,0.052836678169236546,0.1007107484995509,0.23692164082341607,0.0800843094862997,32,False
104,0.051213927379685054,0.08311626621088129,0.04973644153267656,0.05054407002343472,0.037347442874494007,0.2557459662345763,0.041268142536121065,0.10184818404149297,0.24694321666957247,0.08223634249706568,32,False
105,0.04917848839140639,0.10226959190781058,0.0389828042482596,0.05937672200040531,0.022511609124498292,0.24943036205455416,0.06112207297348272,0.09345614487851622,0.2525106437824444,0.07116156063862249,32,False
106,0.040353721818839096,0.08946853747009652,0.04302969306654526,0.06961739288659065,0.02443244026148325,0.2667445580339799,0.039407763357799795,0.08683831228186432,0.2533762915047742,0.08673128931802698,32,False
107,0.014345760641737093,0.0959798100934575,0.04521503524640023,0.0664071190012323,0.029581625301004104,0.2537451659822132,0.05649537617687045,0.09866270518545062,0.26621611563501457,0.07335128673662002,32,False
108,0.016700415736052524,0.10220176644458571,0.05300041984940462,0.07711073946202868,0.02303954555971235,0.24512318956538182,0.05518517525950982,0.10812926109990845,0.25081746472621774,0.06869202229719842,107,False
109,0.033744408913036206,0.08749562859062363,0.03360949960671715,0.06553439659378546,0.0401249288192181,0.26156967858583663,0.06958885206570642,0.09010526945261575,0.24355750254332748,0.07466983482913321,32,False
110,0.04343149521210267,0.09384488786309804,0.04261843477639848,0.05374012714836309,0.017366399442314683,0.26915520590881237,0.06000273147347216,0.09789231066926139,0.25774205946257284,0.06420634804360416,32,False
111,0.023981853780461738,0.09178815728756752,0.042163150150687244,0.05804316595257994,0.03220951531362234,0.2691096808412338,0.05845181987033333,0.09155867222137087,0.25587145111466314,0.07682253346748007,32,False
112,0.02856265092085059,0.11314454896030653,0.04683020666211389,0.042154475031357275,0.03519214268361869,0.2579689800125578,0.06328902841559586,0.08876983954103027,0.25749808182552036,0.06659004594704879,32,False
113,0.045640835232205336,0.08284871054675291,0.05216749748213024,0.0667410999698249,0.03252958004685546,0.26941725309228726,0.04566626230760035,0.0936239882379052,0.24441075174016497,0.06695402134427336,32,False
114,0.025082358386382765,0.11936960755852158,0.03670094055682916,0.038288881216153786,0.02832035988222057,0.24832742553112705,0.05476101919750247,0.12155500716962768,0.24364446397243317,0.08394993652920174,32,False
115,0.040258333072756614,0.09275669404917682,0.04284485832336018,0.0571539026570904,0.0265689007848682,0.2616189437953316,0.04995010135382623,0.11121420587500279,0.24232243734550843,0.07531162274307865,32,False
116,0.03975294248756379,0.10890033678573456,0.03951947802585134,0.051253107142617244,0.013400107213581416,0.2617610997032943,0.0551917648875092,0.11344240647414003,0.24293415302387733,0.0738446042558308,32,False
117,0.03688255770088467,0.12373848131719468,0.05301381754716052,0.03426513260558562,0.025585635714430656,0.2578635154923049,0.05425809711359504,0.11347221800492148,0.2448378440712604,0.05608270043266191,32,False
118,0.04306845791913023,0.088032483894664,0.04491247266612166,0.03643010528650528,0.031924950413967236,0.2790189462722447,0.053176632623852894,0.10558672048539228,0.258585396173558,0.05926383426456362,32,False
119,0.03999871090101423,0.09134019038025369,0.04721147234268402,0.07103053357152116,0.04817455841287336,0.2513268014958239,0.05048507964062318,0.08474944414217733,0.23637299393816508,0.07931021517486397,32,True
120,0.03210509753797991,0.11066845404079957,0.027806398235837273,0.05284886208833235,0.035586485209151184,0.2711676716121249,0.05066071154803408,0.09079692741213216,0.2528982148746057,0.07546117744100297,32,False
121,0.02558043131751703,0.10610746158047596,0.04397038953100541,0.051122713698223535,0.03513134327092081,0.26914104766556407,0.04343161021044737,0.10795023751273843,0.252992062933987,0.06457270227912029,32,False
122,0.054333177898909506,0.0937882495680736,0.05161108260893659,0.040742903096345776,0.014314841037996668,0.2788354522724624,0.046323231577175106,0.08868638138259471,0.2715768886393946,0.05978779191811094,32,False
123,0.0292767304179618,0.08564895996468506,0.05062067606105156,0.05143713320141517,0.028802568182739262,0.28221311347139605,0.06072860542500754,0.09580281777836255,0.25905418089122134,0.05641521460615975,32,False
124,0.01927559020923319,0.11145968868646404,0.038191009984013154,0.0682676425009406,0.03315137922829202,0.25696526990798085,0.05179459305959922,0.10779374574497931,0.25206249316944346,0.061038587509054054,32,False
125,0.03507053710461136,0.09702885425467918,0.060523530903968406,0.04398114549193661,0.034102957300086785,0.25533657050016517,0.06012814731031452,0.11375209276824125,0.23679295689845112,0.06328320746754558,32,False
126,0.023091534382065248,0.09378491690712591,0.061290584643473985,0.04803961051291022,0.03316345473131459,0.26707177971923696,0.06091777873830471,0.10115129270279215,0.24174868945625097,0.06974035820652537,32,False
127,0.030995995645050265,0.10952038243386675,0.046047751066695675,0.05229481108928208,0.01766268961625646,0.2755737702031884,0.038285340611463714,0.10004398736618117,0.24705728302715305,0.08251798894086251,32,False
128,0.036633148488701923,0.10169445076709793,0.036029187125218146,0.05050571051446876,0.017527719836494888,0.27957956704664144,0.06068195459346343,0.09313326209518036,0.2661943291554075,0.0580206703773255,32,False
129,0.028116097792829205,0.09417642581663332,0.04273567141418847,0.04896739598916781,0.035210587105946836,0.25287055056459334,0.040494978422375635,0.12190659087377238,0.2692301547013482,0.06629154731914462,32,False
130,0.019809801571273475,0.09800957411884685,0.0649976838392007,0.04107979026201019,0.033292577234495586,0.24990049612452586,0.047043981791047434,0.11810862859608948,0.24667782673998634,0.08107963972252409,32,False
131,0.026373425508234988,0.10663488458578814,0.03489726804517479,0.0407308399778171,0.024929081348629808,0.2753435115087721,0.05521118244877259,0.10731003761169601,0.25354197179402843,0.07502779717108593,32,False
132,0.021989230063497057,0.12720391023396876,0.04253192459502196,0.047286329868907254,0.03294654779756178,0.2516389504530245,0.06023487523766159,0.10758867598031877,0.23656229197925152,0.07201726379078661,32,False
133,0.029768254848547723,0.0976101565578725,0.043586521530590325,0.05441865604060646,0.0331346449014283,0.2516227157087974,0.06404552977008277,0.11558497599557359,0.2364859469468714,0.07374259769962963,32,False
134,0.05364562059460205,0.09697352942556534,0.047427767170467185,0.06793091557382966,0.03239940585833584,0.2371990886077295,0.04731471575886797,0.0935506462604114,0.2490412815341058,0.07451702921608534,32,False
135,0.05851451263819451,0.10364825815105029,0.053555479971025256,0.07183610098776678,0.028147081040201263,0.25497654782162404,0.03115921303221909,0.10237144071209489,0.23339859999736712,0.062392765648456784,32,False
136,0.029298264552023043,0.1011671437581707,0.03534964491044036,0.048821968497077144,0.02404090789761415,0.28050548111381635,0.04453877805693068,0.09117203888869928,0.25019535567233003,0.09491041665289814,32,False
137,0.030309981304736038,0.09215544641484673,0.05090601643067937,0.04330172414294859,0.042048879260957725,0.26793809693561194,0.0521968827658026,0.09722065682444406,0.25756468223497725,0.06635763368499567,32,False
138,0.040781476796351204,0.09805438052889622,0.046608118754834726,0.04333176161454524,0.029368075275205227,0.2669133202094249,0.05526455231366928,0.09812127353761227,0.2527234460727906,0.0688335948966704,32,False
139,0.03447932346709593,0.10063164332973472,0.03024025216228749,0.05135742815683969,0.022253022763768157,0.2783068636435071,0.039117960673866845,0.09249920620045929,0.2572415930926702,0.09387270650977059,32,False
140,0.051855244894047574,0.09126636787963507,0.04948073496835967,0.060854647834257744,0.05663586325909968,0.2642029684866646,0.04361232913612297,0.0811497643570336,0.24743924590638455,0.05350283327839445,32,True
141,0.031141860182803533,0.10696102004359787,0.04314916185743256,0.06894246632715367,0.028197824732593944,0.2547210768478033,0.049475370704352095,0.09056393582887348,0.2477748582958783,0.0790724251795112,32,False
142,0.02564596886285013,0.1129289822001803,0.037388088996384045,0.041360398005600214,0.03887597119708234,0.25813491960916174,0.06536076248504008,0.09912410702025898,0.23359705392323799,0.08758374770020416,32,False
143,0.016929391734690047,0.10418348994877627,0.04230921504359106,0.057320169912101544,0.03488859896092289,0.2607149976099075,0.056138004105444526,0.10961159165976833,0.24998239301799288,0.06792214800680485,32,False
144,0.023059022479583538,0.10212747485280725,0.028522644354365915,0.07270559142388493,0.038155677917169145,0.25518597434230617,0.05018356638374699,0.09508333565581611,0.2619040546880493,0.07307265790227083,32,False
145,0.01785688992071272,0.11243514368184224,0.0612912984827504,0.05434472944047047,0.025016098879120294,0.26140903947812894,0.05684468966915258,0.09331352352562786,0.25101400307763605,0.06647458384455848,32,False
146,0.02074542423530666,0.10377030448261614,0.05682665755288983,0.04486758947959384,0.026187687659416706,0.2624136604611619,0.05532296643681059,0.1064044170902157,0.26268683096657597,0.0607744616354127,32,False
147,0.032510971757695864,0.1020609896539823,0.04008129053267334,0.05568442621840328,0.04207012795824658,0.25313257534942996,0.058611822916167906,0.1053687556357395,0.2305899401488761,0.07988909982878518,32,False
148,0.03229310888087105,0.12228824438507177,0.04222863708162294,0.04174910954969651,0.02478296550590197,0.2768342672284413,0.04704598233031507,0.0974070014256756,0.24249340142750442,0.07287728218489926,32,False
149,0.03665306634751048,0.1103871614190365,0.0439814132201008,0.053291142966059774,0.03612761550237263,0.25960577243589644,0.061799015053813876,0.08522990329867655,0.23595947124059669,0.0769654385159362,32,False
150,0.01726778480243279,0.10675195838283622,0.04311959093529587,0.057871606807073685,0.03780827167452398,0.25318158980660377,0.054870448626097114,0.0784679823348756,0.2664730515043743,0.08418771512588674,32,False
151,0.03584894261359226,0.10032653093495437,0.04007686559111111,0.05328188538269745,0.036619852015244446,0.25556670094523404,0.06803985262903484,0.10591001243028585,0.23325495292304904,0.07107440453479663,32,False
152,0.03201620758875531,0.09729948151612923,0.042230050855726245,0.05562249619205501,0.025754815981094324,0.27150267261998146,0.05894332598866458,0.0887940174063247,0.24651766509943157,0.0813192667518375,32,False
153,0.021104805871567957,0.11730898205210523,0.04565378833112024,0.047607165049298406,0.03301090911237833,0.25861734109178613,0.043723861528362794,0.09906335509462443,0.24932322714550317,0.08458656472325322,32,False
154,0.03463449019566914,0.11130640028695159,0.0554432486617554,0.049902274358116894,0.038202413850865126,0.25143326453866177,0.04524221500608734,0.08964921842430386,0.252054450444415,0.07213202423317389,32,False
155,0.02689849952106523,0.08225544736104344,0.0623079645677829,0.06609863497735045,0.03808002893415974,0.25293181698890066,0.03302269152829891,0.09045224345108525,0.2609469149551935,0.08700575771512008,32,False
156,0.027017081493085314,0.10106903327777919,0.05067158793342871,0.04909999635780576,0.02460169948026314,0.2660577724642327,0.050618615422487065,0.10669956900274341,0.250413202251231,0.07375144231694379,32,False
157,0.03320021126579736,0.10601103022048788,0.05468263835195027,0.045039243969896926,0.023879464629702547,0.26719031698442325,0.053790782137117785,0.1082501150041138,0.23865752994872913,0.06929866748778131,32,False
158,0.014991880666803691,0.09753865353381615,0.04082444944234925,0.05856878840341743,0.02729831081147423,0.2701381719186445,0.03894381472839626,0.0972364813123214,0.2808895416108951,0.07356990757188203,32,False
159,0.02638219169484452,0.10547594166292329,0.04645120700858067,0.04786308916428212,0.03322911990401283,0.27017929640666527,0.03226566196045481,0.09591872634863534,0.2615375923934208,0.08069717345618037,32,False
160,0.03361879918200705,0.09997201516187287,0.04241979240568893,0.041674552899130385,0.025627307450640745,0.27903987938294944,0.06357094449610214,0.10250554556378208,0.24034542022344335,0.07122574323438291,32,False
161,0.03008115025300445,0.09883110962316004,0.044134035896085645,0.04585476563283877,0.03364976873549854,0.26331743651032125,0.04390331010509686,0.10718691649657575,0.2490925651351045,0.08394894161231431,32,False
162,0.03188656646783115,0.1020578998491151,0.0557570233527434,0.06082774387810582,0.034332009939862,0.2562526941340557,0.051099691611183155,0.08767579937261723,0.2506460660055707,0.0694645053889157,32,False
163,0.028369893974654625,0.12424030616622475,0.0428125137366691,0.055788739410015636,0.02851839390409181,0.24970160350924284,0.043758620635192876,0.10736319499733696,0.245313358195322,0.0741333754712495,32,False
164,0.04201343235607802,0.12063993107069101,0.030639409811982196,0.03658514632212606,0.0362332657289321,0.24494931895649327,0.05060242212297957,0.09900521256649618,0.2588203870198635,0.08051147404435814,32,False
165,0.03559187886296603,0.11845210514353735,0.03341909170681652,0.03709729502354973,0.019622886514363416,0.2649082452874759,0.0511236365144708,0.10612291864801138,0.2438593686936406,0.08980257360516822,32,False
166,0.0450085383282292,0.12060580989509558,0.04056694569556683,0.06161880495404016,0.012893593463573985,0.25735380454493223,0.05151536499190661,0.09105486365472343,0.24623551860422815,0.07314675586770376,32,False
167,0.026055322353564454,0.09405888448018149,0.038310524106848404,0.05980082745770596,0.013346668652692061,0.2665451958174375,0.058820281038049954,0.10068991541768635,0.2546803518116512,0.08769202886418254,32,False
168,0.03556445653032512,0.08573247429987722,0.0341231416117551,0.05627187484255155,0.026843212431018042,0.26493623371505953,0.06937187940336936,0.09336776878303259,0.25513081676400046,0.07865814161901104,32,False
169,0.03322945412825293,0.11408188812148727,0.03817309696261621,0.05089001332991557,0.03594021704925003,0.2608400446532046,0.048603436574163314,0.09892091433483567,0.25192825119893736,0.06739268364733701,32,False
170,0.03354964599471182,0.11208467186732099,0.04450669562221993,0.05986258958894281,0.013537615442973999,0.2705851578313249,0.05492388891293125,0.09761173135880764,0.24119463133461677,0.0721433720461498,32,False
171,0.030799446418289633,0.11003644885339296,0.04587198559799329,0.050938116437635024,0.034081484712861064,0.25311073989184474,0.07083327202481486,0.09935550776133174,0.22922487283128976,0.07574812547054684,32,False
172,0.038142652081195855,0.092597727450278,0.04892555419565074,0.06433527655751302,0.026177748104165503,0.24865154518480775,0.05791231130741715,0.09601991296213072,0.2526568688418,0.07458040331504122,32,False
173,0.0289975636044929,0.09601032011583854,0.04752518428411087,0.038728541580167405,0.04500328529281115,0.2656089287485316,0.07491375623493302,0.08694898343280234,0.2421087813985266,0.07415465530778552,32,True
174,0.04321923487123849,0.11558674957737239,0.05184291807281588,0.0489024653863646,0.017381349429897643,0.2669227322609786,0.05790324333916964,0.07600846903027873,0.25295486335045164,0.06927797468143247,32,False
175,0.03467375193498009,0.11266420886954308,0.03596561430862694,0.05287606603004476,0.03303111868277619,0.2538169334250426,0.04912278596344156,0.11167454581219152,0.24910308767692063,0.06707188729643247,32,False
176,0.025864691688682672,0.09183496842610984,0.03867574373574736,0.045299760473931576,0.044579161789099,0.26718948930473335,0.07012029510309596,0.09608923967928035,0.24130630492008295,0.07904034487923703,32,False
177,0.034705895138136995,0.09197322125651956,0.061405024614634374,0.05440320867336333,0.014486154947790476,0.2698033989111535,0.057542563760738914,0.10422053690119952,0.2530135954111496,0.05844640038531372,32,False
178,0.05579517319348011,0.12134956591366643,0.014370753380344228,0.0392623301987341,0.04335808356119861,0.2635138944672095,0.05755121475494253,0.06993452270561679,0.265262591069557,0.06960187075525065,51,False
179,0.011969341290989815,0.10320952743240462,0.05126226955942603,0.06277881639844311,0.025149345491986063,0.2632117826776097,0.05592511645452204,0.09910088196391226,0.23873460671051858,0.08865831202018773,32,False
180,0.04527474938407765,0.1024415746783128,0.04356139198839355,0.03812822471644859,0.039982702687861034,0.2524489753904044,0.050923719805178534,0.09000212857012706,0.25386561082374415,0.08337092195545219,32,False
181,0.03438287413812367,0.09307779651612849,0.05305530322007112,0.051096813320449186,0.034764779580324534,0.2556885329550791,0.0517163974259941,0.10722782789796577,0.24456074593405128,0.07442892901181267,32,False
182,0.030470765589764453,0.11157287740465101,0.04764073184523989,0.05237015939670815,0.019805982431845403,0.24479041847510286,0.0414441372385386,0.11227820242418726,0.2680580403369415,0.07156868485702081,32,False
183,0.0312233503932252,0.10280710613787827,0.03320121048815032,0.05402419293133367,0.02003249537940682,0.26163289989558103,0.05947384372293787,0.09600636931432519,0.2671957384700283,0.07440279326713331,32,False
184,0.028676647475884654,0.10842927828094755,0.06025001221204144,0.04782626382988957,0.03908247280174378,0.25399432251725945,0.03493827189285775,0.10460092952384502,0.25967253952687347,0.06252926193865728,32,False
185,0.022497058604388862,0.08795900261607019,0.04846417689463616,0.05119237653698765,0.02384552579185146,0.2720031978021162,0.05353925380090021,0.0939579832043035,0.2616737189096444,0.08486770583910137,32,False
186,0.04119712762964801,0.08790766304539473,0.06294419677629681,0.05867420885501449,0.025551085351460327,0.2503710762514114,0.04892863948932603,0.10853954706301101,0.24865656498293992,0.06722989055549734,32,False
187,0.0473134388468866,0.08792893580966302,0.05086385318740964,0.0650903716988119,0.040052431487598184,0.2482606344658903,0.04576620061853986,0.08640143508397197,0.24480457592487248,0.08351812287635607,32,False
