ID,strat_res0,strat_res1,strat_res2,strat_res3,strat_res4,strat_res5,strat_res6,strat_res7,strat_res8,strat_res9,ancestor,alive_at_end
0,0.02244387315442786,0.06193588105237419,0.09072200313562818,0.04814005000905096,0.15544318741131413,0.21405120768206584,0.006338771930754941,0.041131856322996256,0.3417125458399132,0.018080623461474456,0,False
1,0.01632879571737148,0.06366059159427405,0.08490072589345302,0.0459487354891526,0.15885647001663064,0.23768925195869722,0.0,0.018450689943543624,0.35561030198021265,0.018554437406664806,0,False
2,0.02733094846537162,0.06137686826998257,0.07832409439694797,0.04964432373268515,0.14565471574627684,0.24131872586135036,0.00955639113363717,0.025368256859460432,0.35481644838670323,0.006609227147584625,1,False
3,0.028539849785541443,0.0646817236174667,0.08196425001175002,0.046443526561300574,0.15295443602456224,0.23658496508311638,0.0031788486739712895,0.0,0.36664295408287384,0.019009446159417548,1,False
4,0.04340252104319392,0.06479074873003454,0.07285886016636726,0.04082602975920204,0.1527643077987823,0.23350853375675734,0.0,0.00891373014698512,0.3790307976157476,0.003904470982929865,3,False
5,0.013717422183616622,0.055669129663062165,0.08030226966073456,0.050482179071451236,0.16787045160430306,0.2518019710516652,0.005653748473310767,0.027755246691260078,0.3348957596157216,0.011851821984874694,1,False
6,0.012674183621691747,0.058195762501423734,0.0701627500585308,0.03991948428256751,0.15593344109858262,0.24245844909090772,0.008480308241406784,0.031688865529582624,0.3584536289543209,0.022033126620985635,1,False
7,0.01937993723320351,0.05126824955185257,0.09896342654939033,0.03605195824887371,0.15581716044033408,0.22289652315886085,0.004443588063026389,0.05127322877590906,0.3428096480395578,0.017096279938991696,0,False
8,0.009277548542833476,0.06434838900833124,0.0736892568886368,0.058850415927339146,0.17143472172689975,0.2472758119523734,0.005112718752087562,0.023863332831944122,0.3215811718976601,0.024566632471894497,5,False
9,0.004500450952516831,0.05534058204744089,0.08216637968727193,0.041234908589168236,0.17673294114828864,0.2342865589383456,0.0,0.015362472864344355,0.3699544278741535,0.02042127789847012,1,False
10,0.01823362688652785,0.048935694203124123,0.10625567859263618,0.04385031829546896,0.16609289723415815,0.21118781264005151,0.0,0.0358086163182158,0.35452872910583483,0.015106626723982552,0,False
11,0.0337337682916711,0.07187325047442206,0.07792671603599609,0.05101609872192251,0.14688168509743346,0.22774740478721894,0.007625823203885184,0.0,0.36730909840466663,0.015886154982784232,3,False
12,0.029002022550066286,0.04216375666146224,0.10624119082592927,0.04988608669868444,0.16841796462640402,0.22737531576813477,0.0018222785338722423,0.019948822468611484,0.352644725826149,0.00249783604068632,1,False
13,0.029760598412601154,0.05247604740894783,0.0959349734082201,0.041277193476482295,0.1815940451046157,0.22381378680284447,0.0,0.013368907635923539,0.35134764176121874,0.010426805989146441,1,False
14,0.011981172460676518,0.051061378934993136,0.09780158427672564,0.04345632557247348,0.15795188101401203,0.20722353957365378,0.0006196382997089565,0.058450338065716805,0.3458822107036016,0.025571931098437993,7,False
15,0.020045587316414214,0.042307152133790854,0.10168260825014756,0.038937828463752114,0.1706163941746761,0.21382181803895364,0.0,0.035326451958149555,0.3449329957455774,0.03232916391853863,0,False
16,0.03984527972328286,0.05157735875135687,0.09087709150120146,0.03197105972779782,0.15508507927433007,0.23114578468723632,0.0,0.018038088200241713,0.3587877539937618,0.022672504140791177,3,False
17,0.03534761727363377,0.03551543355586125,0.09710414813522206,0.04475657787758892,0.1477587504523274,0.26121606267521075,0.010970672990413172,0.008528615921467064,0.3588021211182756,0.0,2,False
18,0.020490924160290257,0.08030508268113667,0.08242827211410658,0.042229516540982864,0.1538582732149241,0.23672809510870402,0.0,0.0023426909982382092,0.3534851305001001,0.02813201468151719,1,False
19,0.00599971698959547,0.05035390074239437,0.08070699318344182,0.0385457612363683,0.14612762658605075,0.2480081046471354,0.005800036781458847,0.03398512876708931,0.3668923708015894,0.0235803602648763,6,False
20,0.04980990043650415,0.05937623571400733,0.0637080830266884,0.05311789935349788,0.14752154441659582,0.21719959776066697,0.0,0.00949376628619324,0.38682528959062706,0.012947683415219192,4,False
21,0.026646878300168778,0.06511239064601602,0.07311908849402356,0.05007523715274973,0.1650028980382249,0.23136239399464256,0.0028933037416858207,0.005602464359615221,0.35647957552386184,0.023705769749011524,3,False
22,0.01525037347227699,0.03458704987444309,0.08097069908659658,0.03710723795823082,0.16325542473272256,0.24003808037813065,0.006375697551879508,0.0315027042201357,0.371955389972376,0.01895734275320809,0,False
23,0.016721177586451235,0.0696148068434223,0.06440264719848947,0.03657513313080994,0.17364128039531077,0.2564624372082533,0.0,0.0,0.3825825176372629,0.0,3,False
24,0.020079079259101684,0.06930401961114467,0.07299197401580237,0.044479438029291156,0.15311282188833392,0.24547383257344388,0.011771768573236745,0.0,0.3510868375107662,0.03170022853887927,3,False
25,0.05261741705433052,0.06291542086119296,0.06335058117071982,0.04169986423998285,0.1450736740653709,0.22822937338628116,0.0,0.0,0.40611366922212183,0.0,4,False
26,0.015198174881087018,0.0675328744757144,0.06892451991884,0.05899906376491284,0.1331874115418753,0.2269380840984399,0.0031009359029277607,0.030641904838295906,0.38771011206887357,0.007766918509033225,2,False
27,0.0,0.0537721066227751,0.07350479009819394,0.02484081290167249,0.15806372382709527,0.23553834708110288,0.025458177865870277,0.043230268209462325,0.3556972920072477,0.029894481386579862,6,False
28,0.014169434924647674,0.0684974928247334,0.09197721114071161,0.05898949296115964,0.1448800058242531,0.21437211077150847,0.008804045733871113,0.03694870621776547,0.33088713381886653,0.03047436578248307,0,False
29,0.022014783562194794,0.051688427458057074,0.09791573887505803,0.03982973365575691,0.1671206495510549,0.22245206102971393,0.0,0.03838228128930203,0.3395374818350449,0.02105884274381734,0,False
30,0.03611690048337545,0.05079944207774655,0.08509018935783129,0.049422600518945696,0.14345479865847438,0.2441012209118531,0.004053172755149613,0.031944450565865916,0.34602501814480124,0.008992206525956902,2,False
31,0.026842961824184622,0.05813881990575019,0.10135623770054644,0.037567639185908636,0.14540550291567605,0.23678329846902763,0.0,0.01696762235425864,0.3592426003220742,0.017695317322573543,1,False
32,0.02301573057817369,0.08092551466079793,0.06921969840121046,0.026575169500925113,0.1625752558090956,0.24166876660645956,0.004678504302095833,0.020401584068301143,0.37093977607294065,0.0,2,False
33,0.019005031103960478,0.06528526757930765,0.09480642179085702,0.0390876578295425,0.16564348546353433,0.22930073598448025,0.009087341879011897,0.03212171674088877,0.3317034660653694,0.013958875563047809,0,False
34,0.03939232018113235,0.04704193714473675,0.09473039438842239,0.04778472657006071,0.17456933683433234,0.20108209391095977,0.015408281441258892,0.03457912519821691,0.3387856124840915,0.006626171846788374,0,False
35,0.0014939365427413523,0.07577903780532448,0.06540016523618923,0.04966150532882738,0.16695511987616005,0.25160202437397744,0.0,0.017958218809546102,0.3588452646393404,0.012304727387893587,6,False
36,0.02934870546967714,0.06016989551986358,0.09194213432127057,0.04985161094543191,0.15817055564385715,0.20180322062265016,0.0035482232601682494,0.045766779081732746,0.33285225500410853,0.026546620131240033,0,False
37,0.013866917358090659,0.050847367508366256,0.1051446839761184,0.04981061690121558,0.14241621725397094,0.21843554960633021,0.0,0.05398229241788756,0.35529830251616346,0.01019805246185692,7,False
38,0.03659847286724479,0.07164396380622719,0.08861968671604319,0.046147722401675265,0.15338600327899765,0.21102872238582288,0.010652748213488569,0.027032483428454036,0.32986924851583765,0.025020948386208858,0,False
39,0.03160587909307137,0.07018368869903371,0.07751044564302462,0.04793018679906294,0.1567268092854885,0.20120610427622512,0.009505258814006625,0.04209038526052876,0.33829727962144873,0.024943962508109603,0,False
40,0.021619418716074798,0.05362931376418312,0.10103348397418419,0.04592554318859983,0.17521446428887813,0.20657894917568262,0.01431475590950373,0.03908264243640639,0.33089904784176194,0.0117023807047252,0,False
41,0.02344748895327535,0.06469673861671889,0.09640566188440229,0.05773679710267234,0.15382872420812257,0.21682713145959717,0.002726336522635402,0.0359435506067695,0.3431947485505416,0.0051928220952648695,0,False
42,0.01177643967576156,0.06221411436286429,0.08655104028032672,0.0641577847466355,0.13650099755123066,0.21160341301057897,0.01804576665433125,0.03840726207019169,0.3487409346243692,0.022002247023710047,0,False
43,0.014509626537752491,0.060321405497767634,0.06081422952975565,0.030237944068980744,0.16631318986746083,0.25163066877394874,0.024467807428172627,0.013326836302908159,0.3566549863711023,0.02172330562215085,6,False
44,0.021599853830017682,0.06799379505474071,0.08716566440118072,0.05698348428428269,0.151234728048562,0.21107206930634584,0.0,0.049774310280672314,0.32210625892907746,0.03206983586512059,0,False
45,0.03442193691820981,0.0769241571886609,0.07168818653338746,0.06888202365583432,0.15037244500730146,0.20568654997276953,0.020436879603852688,0.033739782362508304,0.3280211252518387,0.009826913505636794,0,False
46,0.01569592655293286,0.05895599214033756,0.10555629771331758,0.04525541067934627,0.16002904808595084,0.20632566508649516,0.01962057364760496,0.03883244870287727,0.3290372995496846,0.02069133784145288,0,False
47,0.025830156318973247,0.050062931906395484,0.07854444941625233,0.05492623328726082,0.17530222620995892,0.21022981226428664,0.0,0.030515504696940865,0.3513758035918646,0.02321288230806712,0,False
48,0.011345170945170568,0.0651977467390178,0.08877517886037291,0.03646780707115713,0.17228916604556493,0.2156301198351801,0.0046833667877305375,0.04812872770913417,0.34778192760987253,0.009700788396799198,0,False
49,0.027853768828003403,0.057034882612131264,0.07448901634615099,0.06080557235073273,0.15119005394856333,0.20790718044190876,0.023867569878613687,0.03743648433191825,0.3404624401531696,0.01895303110880798,0,False
50,0.011354153860919917,0.055911112474532475,0.09742983722046852,0.04875679132620203,0.15292483614059293,0.22204352215868525,0.00228863042992581,0.04343309579250591,0.34118986292769693,0.024668157668470234,0,False
51,0.011585212257003928,0.06240204975957912,0.09117306507509658,0.058851996081860085,0.14269486876114454,0.23510071927734247,0.005950517772031804,0.02146219006695171,0.36441002873677464,0.00636935221221521,2,False
52,0.0319412753022226,0.06569393157081754,0.09199419126721452,0.036900999517693586,0.1491066175150247,0.22276143950311894,0.0,0.04915870100861283,0.34533217444324243,0.00711066987205283,0,False
53,0.044660538217523575,0.0735854931696528,0.0855839730902647,0.05190353516977147,0.14997288738049283,0.2024627984962838,0.004468955199626538,0.03606156770891965,0.33308125563871716,0.01821899592874743,0,False
54,0.028178452152499298,0.06799491361117883,0.079250109175328,0.039802812586143495,0.14803783137384796,0.21845452906404605,0.013248983688819682,0.036923133909707424,0.3578250682434451,0.010284166194984127,0,False
55,0.01283733301036216,0.056047939684546334,0.08505819581028719,0.037817921748774866,0.1474521635869844,0.22734648925488146,0.0,0.060974058479617295,0.35861393447476275,0.013851963949783495,7,False
56,0.021419015232261807,0.05042077166557862,0.09123203981241657,0.030231696410626622,0.1832043812062617,0.22809050877048445,0.010938302662350283,0.02658852803842357,0.34444934694013746,0.01342540926145882,0,False
57,0.02916111747619102,0.05962709950947012,0.09987837243554751,0.04145718835580774,0.15430796801746152,0.2167230138435784,0.0,0.03948699250250996,0.33959630008209885,0.019761947777334896,0,False
58,0.024764926578809528,0.07985474692607696,0.07831109117710287,0.060126316292461554,0.14740761972293728,0.23273335566948453,0.0,0.0,0.3494877758064048,0.027314167826722708,3,False
59,0.026305994510247524,0.06519123964451481,0.08848299405638418,0.04067933280463346,0.14872871622754974,0.2146830524407374,0.0,0.05540666475202165,0.3435218471712186,0.01700015839269261,0,False
60,0.009709593611585288,0.052347764865682114,0.08518044706952414,0.052053959734832865,0.16772097878383624,0.21905297849842956,0.0,0.044605546567663204,0.34294210879366743,0.02638662207477914,0,False
61,0.022538371691181697,0.05147678641056744,0.08671387630043129,0.04912265426316663,0.1448339623019401,0.22308925089368425,0.02707382425659081,0.02636966244361926,0.3371924968718439,0.03158911456697459,0,False
62,0.021547139487635085,0.06548368024190883,0.09951768540851527,0.03743669291666821,0.15105371319815541,0.2232911293948582,0.0,0.04992596191605037,0.3517439974362087,0.0,0,False
63,0.032855109117366686,0.04914898014221541,0.09787327835439871,0.03459047723955327,0.1543997886775706,0.22591473161977746,0.0013923815394263335,0.05221773869426911,0.3452159253457215,0.006391589269700968,0,False
64,0.01683460969579597,0.057817469131522074,0.10096394173578485,0.03851457818354809,0.15243919702924433,0.2224495137855965,0.02012535212706889,0.02949117288732613,0.3494018719085067,0.01196229351560657,0,False
65,0.03309652498374633,0.058754269185959544,0.09199657649053923,0.040840744553728214,0.1497190468703759,0.22718812452728657,0.012875945219165961,0.02922072033766297,0.3351194716257593,0.02118857620577608,0,False
66,0.021989590874354648,0.0656165614075305,0.08131159396993481,0.03339328838127577,0.145355861680316,0.22798563970840335,0.0020077185404144965,0.04377573222757751,0.36495859676561987,0.013605416444573032,0,False
67,0.013171472291494409,0.062236438759187995,0.0905875715129563,0.055331147885099075,0.15469159112517783,0.22339677448434778,0.003477375349626549,0.041806762701112554,0.32923897360544974,0.026061892285547873,0,False
68,0.04571770808107177,0.028908164615764533,0.07919698589271211,0.04748458458684708,0.13864029635407335,0.2637270604642902,0.008060783582550246,0.015106563298748087,0.35450048243266,0.01865737069128258,30,False
69,0.03498892920566625,0.04659594075371069,0.08416101242862403,0.044126181581883604,0.15072927155027951,0.22341937706693105,0.004205713587666083,0.03842935896293985,0.3492725344876913,0.02407168037460766,0,False
70,0.02676640499083977,0.042355072150583234,0.1153345216659602,0.049222006214662696,0.13818394350667504,0.20625656878442483,0.008655235388660594,0.056649650402312283,0.3265202301784389,0.030056366717442475,7,False
71,0.021502100143893216,0.055325876554523715,0.1066758160726872,0.04456636803369564,0.15226611615806174,0.22960086541602498,0.0,0.018636035059775232,0.35184718129934495,0.01957964126199325,0,False
72,0.0051702464376189895,0.06009648862509903,0.07882554312219642,0.04443879389993163,0.14968421521506256,0.19816731312022454,0.040281432794082514,0.038381654188753486,0.36672524825433855,0.018229064342692374,0,False
73,0.010890564131563796,0.06987525288512039,0.08203521090296924,0.03195755200767803,0.16356752587818113,0.22175145766096357,0.01228727959302555,0.04498122748116538,0.329288403723233,0.0333655257360998,0,False
74,0.021841831407731056,0.06503107426911896,0.07671240453663758,0.04561867341002084,0.16489812567046172,0.21985945231635426,0.006154618421753509,0.04257847368406428,0.34083377216318894,0.016471574120668714,0,False
75,0.022554450612622446,0.0697173760711593,0.09161073037150949,0.03830039508913023,0.15811326476441667,0.19826431261933644,0.0,0.042623494780405356,0.3586399015787623,0.020176074112657802,0,False
76,0.016125820889575152,0.0761626376584409,0.08604857602997763,0.04246699620388891,0.16257278339289444,0.21414080170833227,0.018974851716153856,0.03948032785748903,0.3274284586112309,0.016598745932016865,0,False
77,0.02971573120628128,0.040878082293259774,0.07970304939042928,0.041340911123795836,0.1423283945091533,0.21151403823392143,0.00964076905061703,0.0578999908732953,0.35817033519416325,0.028808698125083528,0,False
78,0.03692148640535789,0.07123031852433026,0.07914879641783018,0.052554153124386854,0.14834032243951406,0.20697531743977704,0.0014570730417076932,0.03410369181392253,0.3683306662991874,0.0009381744939859903,0,False
79,0.019709194140245124,0.07427649028353442,0.09148471442386687,0.04742862448215978,0.15960886759129245,0.22454721474093464,0.0,0.03479357306104648,0.34455946250527814,0.003591858771641956,0,False
80,0.022140939500817608,0.06007543033163513,0.10831691681529954,0.04806101091060848,0.16128321954341185,0.21051315805253246,0.01548349061704866,0.04220262786326127,0.3173070431814288,0.01461616318395638,0,False
81,0.01733097158338261,0.07274195023940153,0.10049753903671127,0.046925333739483065,0.15188030139136724,0.21776711300515933,0.0051326413471073015,0.027332091925806257,0.3417027094469245,0.01868934828465674,0,False
82,0.0175356263494055,0.07561376104427305,0.08029723744721547,0.030177847512657455,0.15995810797618704,0.22380739671024238,0.009486805054632065,0.029786888036701736,0.33507628515817905,0.038260044710506196,0,False
83,0.01752381952341226,0.07684993870678332,0.07828534135916271,0.04814792044908833,0.14143334291210466,0.22926410713424375,0.011957643767667793,0.04298484226589123,0.3298882756712272,0.023664768210418734,0,False
84,0.027732894191577387,0.03901574215441841,0.09536284500177389,0.040806005731954885,0.17231721375259376,0.2078812781479975,0.0,0.051393508475620554,0.35062168298340285,0.0148688295606609,0,False
85,0.025627698967689024,0.07704357680871671,0.07908653644075818,0.056962990126301995,0.1534099711641104,0.20627470099486866,0.0,0.04097753775747234,0.3391237965126005,0.021493191227482125,0,False
86,0.015295519043158599,0.05779084016396266,0.08454611383706685,0.03692311444207622,0.1627150844833102,0.19882829550910683,0.0,0.042340094770023436,0.37767759392782313,0.02388334382347216,0,False
87,0.018496601535864354,0.05792306834304098,0.0860956871160281,0.0321489498423141,0.16121455102730298,0.2116939974448618,0.0,0.03989270978293146,0.36948563946495466,0.023048795442701633,0,False
88,0.013189753037598307,0.058481257492361896,0.09416788313246115,0.03836353616178768,0.1564995461855134,0.23570618027521245,0.005466072610614318,0.03528404353192768,0.3329460048131791,0.02989572275934408,7,False
89,0.007692151832135419,0.05628930261911146,0.06437594073972083,0.024112625110528398,0.15986508390368928,0.2419547242077245,0.027030330061870528,0.045133536961457936,0.3449823364172892,0.02856396814647242,27,False
90,0.01692025202842556,0.04249992759000328,0.08282856669713377,0.07551238380218153,0.16350043047449772,0.21506958132215348,0.0,0.051176748137069086,0.335994135751815,0.016497974196720614,0,False
91,0.013934999980000033,0.0614742703658797,0.08068179233660439,0.05328026747644182,0.15622869508722356,0.22475258579870439,0.0032768349501024314,0.04574724893308937,0.35447220684924335,0.00615109822271089,0,False
92,0.037639871850933655,0.04706402623371216,0.10964810045045376,0.05597010070091211,0.17762539942112074,0.1985174209193852,0.0012130148121522188,0.0375543135825603,0.32514664923926556,0.009621102789504314,0,False
93,0.0,0.05098957189104104,0.09827806608073751,0.04498521134191663,0.14221629455263876,0.23180819450273044,0.025293979427659503,0.029367253605961464,0.3362266723278386,0.040834756269476115,61,False
94,0.009469347781411463,0.05512018566856094,0.08179260874292608,0.04759846339426293,0.16692296272371906,0.21721101230567888,9.391974494778432e-05,0.03556724971452027,0.3612367187200608,0.024987531203911763,0,False
95,0.046778086279581785,0.06166580247896377,0.09017922819980224,0.047615089137728966,0.17528866867206028,0.18193899373225886,0.008157932039570347,0.043321748130932376,0.3347270408829006,0.010327410446200665,34,False
96,0.0,0.04553776864310537,0.06939161890524946,0.025199892604745193,0.1341982149677372,0.23552534570838204,0.040908208078987894,0.050872488824983395,0.3500303078941782,0.04833615437263142,27,False
97,0.0,0.043199933580040026,0.06400745079732416,0.014793255835751857,0.15498661777249637,0.23777785822567854,0.04949045843658411,0.044351026473004214,0.35149204927591327,0.03990134960320734,27,False
98,0.004983523989604991,0.04948537200373554,0.061500001483946944,0.015106995604094347,0.14586404371010253,0.23097772844069409,0.03909075291053619,0.053903049577642304,0.3471900219263887,0.05189851035325442,27,False
99,0.013792043269457278,0.06380370212711496,0.0686480912443034,0.05146194782606017,0.13878410757836365,0.24061267830910343,0.016244701478763727,0.02337331876134449,0.3588019230135728,0.02447748639191621,6,False
100,0.02756059541718921,0.046173989048910645,0.09969147040644033,0.04173686576534364,0.16035272208312568,0.21662427350202712,0.0011437419950578872,0.038032909800920875,0.337243116535325,0.03144031544565967,0,False
101,0.014413186575121379,0.07387192771653157,0.06857991126839584,0.0436546821272421,0.17018741491639833,0.20047000229429507,0.011381034555063898,0.0402807563418099,0.3605710095969867,0.016590074608155193,39,False
102,0.030829404034489534,0.04965130864488213,0.10169401925086051,0.05974473092327847,0.13286531944276192,0.21081589221672117,0.011960697379710976,0.03757479048532685,0.35828562553991855,0.00657821208204996,0,False
103,0.015134146659777657,0.051149042164582416,0.05749093592264897,0.05423250823534325,0.14157145832331347,0.25575902418460567,0.01263917166778343,0.0346968712283128,0.35946940058672927,0.017857441026903006,6,False
104,0.01625700037672505,0.04833419347560431,0.09185773764113718,0.04604517095765243,0.14256921112566992,0.2263401429762199,0.024370144707748176,0.017660947069212132,0.34691355856591144,0.039651893104119464,61,False
105,0.01005443261547552,0.0777418474401698,0.09769446586926825,0.03867830009851096,0.16951045545143023,0.21237157874387266,0.0,0.028524027233732974,0.3639275379277884,0.001497354619751111,0,False
106,0.006791028553009402,0.03889444825349152,0.07928626363181716,0.053595961988882196,0.13866608159955157,0.21187959043448326,0.04105784584369756,0.04706158547721939,0.382767194217848,0.0,72,False
107,0.014705794437586097,0.038856913553986135,0.07391470483544059,0.04382254382818373,0.16728628094305298,0.22899984408841711,0.025805835858074017,0.01704267813174071,0.3658924455607299,0.023672958762788777,61,False
108,0.00749011015482419,0.04878614260058561,0.09090428709198803,0.014962168019435767,0.15185563423099688,0.2213198681070137,0.030066976560589,0.0677151131161305,0.33334595749825147,0.03355374262018484,27,False
109,0.013861789999294568,0.05231722799038172,0.07656474293896853,0.014972916433578795,0.17318108147785444,0.21635907750615113,0.0146348698077447,0.05421538593616597,0.3556951093225623,0.028197798587297766,27,False
110,0.01639661167711947,0.04203361625200575,0.10294255079767858,0.04423626089542518,0.14723161842349247,0.2014634628610947,0.04595192786244407,0.038513987261198035,0.3250715439322474,0.03615842003729429,61,False
111,0.023625438022120526,0.05857559230819583,0.06585831965110034,0.0644967453517967,0.14278676330249054,0.20376434619497538,0.0209171014611688,0.0370913609323864,0.3307573117091163,0.052127021066649105,61,False
112,0.00465746654358243,0.07687725609043662,0.052519007510506366,0.05054654043745225,0.1580121410098266,0.2516084892318517,0.020579779242662327,0.007905689400577981,0.3680328880296611,0.009260742503442597,43,False
113,0.01696114041367842,0.04587446816707823,0.0842438266060263,0.05929588238279936,0.1506016037801982,0.2273281630083234,0.02973493618061475,0.011812465987154679,0.3507562863289632,0.023391227145163306,61,False
114,0.01160186620022106,0.043994394854839365,0.1128308728486255,0.04476843858536489,0.17073350997788242,0.20388254883072532,0.03297349186226645,0.04997994480026724,0.3267703842732795,0.0024645477665280816,46,False
115,0.007981218554965327,0.06567657340501458,0.07985134319344747,0.032718899509131594,0.15686161355182637,0.1922511923771553,0.04144679657130464,0.028788991956356945,0.37703726756248085,0.01738610331831697,72,False
116,0.01278212458512821,0.053853354579903555,0.09303904089240611,0.06667877782738806,0.1366089555573676,0.21205806852298686,0.040453081651952216,0.024615851852325565,0.3360872325929434,0.02382351193759842,61,False
117,0.03092249838319353,0.07368371036027366,0.059680834200533286,0.05349307149120045,0.1507808947002045,0.21906916112028288,0.01333670366261189,0.046209250774094185,0.34104190247648475,0.01178197283112083,49,False
118,0.032935335020758044,0.044341624274270595,0.07074164809345167,0.0505329669628831,0.14739301588188905,0.22538330954467062,0.022353107505023458,0.035101027978273615,0.3431156449689535,0.028102319769826346,61,False
119,0.0,0.05284916335978168,0.08050397481049099,0.05546172786337097,0.14353641220883284,0.1816457207168441,0.04434529717228197,0.058030101767700376,0.37246006427712897,0.011167537823568207,72,False
120,0.0013085097574927595,0.07934369908299709,0.05959545835817997,0.05237667856852799,0.1462104670136633,0.2135546457363947,0.04013041001242904,0.03374098493220236,0.3729017303609026,0.0008374161772102108,72,False
121,0.017966180763920717,0.050973553181839014,0.08872286673837679,0.047160261091775776,0.13025561099319746,0.2267469187226376,0.03652911791047271,0.022830610988783223,0.35493476353675624,0.02388011607224044,61,False
122,0.025788240493897104,0.04721246523239266,0.09070297153604673,0.056850077009962405,0.14577770959850944,0.23414011320451028,0.025777151715380746,0.016264734078105754,0.32698262334505046,0.030503913786144463,61,False
123,0.02761209356736366,0.06015198883162461,0.08302405227240024,0.08408526822645053,0.15930766201991767,0.20081791317947364,0.033776753534236495,0.012660179874579375,0.3289563711487206,0.009607717345233116,49,False
124,0.03307025868095772,0.06868202384940326,0.08535622901430917,0.036370359428458406,0.1425476368619534,0.2174702201383577,0.039024441227164954,0.034891917748246466,0.32428065945192325,0.018306253599225716,61,False
125,0.012854682336566715,0.0621593492631242,0.0687927731990417,0.048452323392000236,0.15486926007760243,0.20265071312688615,0.05388488139859106,0.029390879577312908,0.34090243607551896,0.02604270155335567,72,False
126,0.015026523449402121,0.05423271430689491,0.06675584765499605,0.03888903018145314,0.14357048749526793,0.2233027155912054,0.03235000704969345,0.03923634794812115,0.3628641921784192,0.023772134144546517,72,False
127,0.02661092832919186,0.03573038454243448,0.08145756748662121,0.05634933003200358,0.13156754212418947,0.21867202711116301,0.03622415838309235,0.031790752468678296,0.34214280988183676,0.039454499640789,61,False
128,0.02509998460884918,0.05220595777072534,0.09508678132762263,0.03304804540118748,0.1423068905589622,0.23097152165006457,0.035251267178385705,0.009233282279150639,0.3633823801776441,0.013413889047408017,61,False
129,0.0,0.029325879224588344,0.052264834134919676,0.031084721544829663,0.15444428110434766,0.24801100773055226,0.0626995737194886,0.03981765335279389,0.3371167209845446,0.045235328203935436,97,False
130,0.016046063646329885,0.044575948415476,0.09353837596746518,0.051710985363217,0.14329782374332004,0.22345146045170422,0.026075306916341964,0.013790017300973128,0.3542469903704224,0.03326702782475033,61,False
131,0.0015375500079639636,0.032629014198545886,0.08464559685221915,0.04968818505062573,0.1513358681121428,0.2486060132859489,0.01856131405569054,0.0072181384914169885,0.36954422802887876,0.03623409191656735,61,False
132,0.0,0.06383306470796854,0.0669856658373611,0.05808580508530744,0.1456282366126334,0.1872903997839264,0.05179489108973257,0.03162238104758595,0.3725970746379028,0.022162481197581744,72,False
133,0.02218767004784304,0.0490081102260045,0.075110000757134,0.047073821180556225,0.15259192150251935,0.1912486059314981,0.054449930945906146,0.03092830055526972,0.3498445447616267,0.027557094091642222,72,False
134,0.034219056958837646,0.048992069866162787,0.08465093522988974,0.04279912483387202,0.15710873831415922,0.22356750702113445,0.010188654543377437,0.03217259708021938,0.32753934176138855,0.03876197439095881,61,False
135,0.029714100308599813,0.07490115695726944,0.0699192320927849,0.057541141529769475,0.17608497750525878,0.19754939984951528,0.013876212643089776,0.035456664327452474,0.3421583005477446,0.0027988142385154515,45,False
136,0.01904889992777548,0.05567238785322736,0.07129407571684201,0.04179139775590265,0.1544427806078541,0.24244873080867677,0.03244504087841987,0.02504221199656418,0.3297705277872328,0.028043946667504694,61,False
137,0.013711464094042518,0.06623017620719178,0.09420660535838041,0.053573445214612346,0.1442433021607171,0.2178189910938419,0.022811880077300263,0.014232519330585216,0.33999880066742993,0.033172815795898515,61,False
138,0.0011814205453510068,0.03711604933774341,0.0918321123227967,0.054032404705190024,0.13553928880039934,0.20437010402544986,0.05049681796016382,0.0402858068943293,0.38514599540857664,0.0,72,False
139,0.034338242881778225,0.052011217533647285,0.07003667011870067,0.045560605647502,0.15097477158292122,0.23353805150697857,0.022513445092862322,0.025451275586065573,0.3448342664806744,0.020741453568869722,61,False
140,0.05308055176716234,0.04575827947094084,0.09259113417351049,0.05670976322768069,0.13562737543680062,0.21239031029392483,0.029708495749950183,0.024636954080285878,0.3231927839317606,0.026304351867983487,61,False
141,0.01576528186645166,0.027462842660472706,0.09224690877454549,0.04384163756239911,0.1581310572507045,0.2302606490460336,0.014797512418638439,0.023455410667459868,0.3584548284166479,0.035583871336646665,61,False
142,0.012218414778729132,0.059324785810389205,0.0861371661404628,0.05105667400826167,0.163172195791342,0.21515610275448846,0.04127680648497098,0.01365898383631211,0.31695388141166053,0.04104498898338312,61,False
143,0.04198189862077814,0.041353866741932636,0.07449326952104875,0.05946556555099752,0.13848194683983084,0.21963653624514806,0.03260233044518919,0.014572272123713183,0.34253866947979833,0.034873644431563315,61,False
144,0.018208186763267114,0.05598865104553461,0.08392355464481788,0.0657054008559843,0.1439990815478762,0.2218492879414669,0.03607976787708831,0.021089400480831286,0.3282464577486751,0.024910211094458276,61,False
145,0.0014589629994526902,0.06503766951797552,0.09209980987656313,0.07166431843517836,0.13947497579127438,0.22121520518596066,0.02225845676717873,0.02809251400983545,0.33073693929863096,0.02796114811795012,61,False
146,0.03625858014037311,0.060977739958321314,0.06886932706051899,0.049629060767790084,0.1501794594759246,0.21282285482766028,0.028851754949443222,0.0430530537044893,0.33326918223086544,0.01608898688461351,49,False
147,0.0,0.05837162457738241,0.08870330554267918,0.04363097061503042,0.15257203964462793,0.19801926140357667,0.03543109228486781,0.040391582042543346,0.35803415347818746,0.02484597041110473,72,False
148,0.0,0.06268598399874054,0.07105006808786571,0.04985982104278534,0.14682807546175786,0.18942286474005482,0.03665560800897108,0.054987604977241825,0.37334311635556927,0.015166857327013481,72,False
149,0.025490097294581487,0.05248221283785667,0.07003946579117877,0.053753312012837305,0.15247046097187592,0.21940842380585693,0.04512778286235688,0.03837696850761855,0.32271576469864477,0.02013551121719276,61,False
150,0.03698300300369199,0.06573592659654441,0.08693797675315672,0.04821261622495948,0.16607094807050213,0.19341070595973983,0.010963481909147576,0.03801986256223598,0.33656531683295415,0.017100162087067525,49,False
151,0.0,0.04288170630247089,0.0948409445948279,0.060083503683188835,0.14263185642909124,0.1931264833902823,0.04552357350719131,0.050591799149327765,0.37000123260590595,0.00031890033771372715,72,False
152,0.030714033492651102,0.04181882498157724,0.10596480146969102,0.04542048813518274,0.15166821989125992,0.2308835151874158,0.011093277737260699,0.016684593772462526,0.3349551090841885,0.03079713624831042,61,False
153,0.02742986139592815,0.045969367860844254,0.09100330763047301,0.04951679737135968,0.15049567281266915,0.20583392175045778,0.025483710966738488,0.030098136844910504,0.3375980501721822,0.03657117319443683,61,False
154,0.0,0.05299141993392742,0.09506953921559569,0.025763955200694293,0.1551464688551048,0.20034309915618953,0.038585941150842046,0.05181322741673246,0.3604636198072524,0.019822729263661354,72,False
155,0.017865705449595846,0.058745800125801696,0.08138812642606548,0.03981790283127877,0.1403865759798286,0.23736134187810343,0.02768356415249452,0.041623919976817664,0.33939982553417336,0.015727237645840768,61,False
156,0.023859485205019088,0.07070239797811416,0.08868522223276633,0.054430429419381594,0.13571488012334434,0.20834864862620542,0.033114316996564586,0.03457652140984362,0.3138933511330478,0.036674746875713045,61,False
157,0.005025690974913917,0.059095109688439354,0.09410133246912986,0.03144425963032328,0.14525814912441964,0.2367785304713776,0.012226655859743708,0.029282965874085316,0.3589839717668978,0.02780333414066963,61,False
158,0.008812556819815617,0.05767082170114447,0.07658460379610989,0.05166097547899626,0.14986554334469795,0.19807713560747375,0.055962208251767814,0.03572010749220426,0.3650564966819408,0.0005895508258493128,72,False
159,0.023814958164421605,0.049371850820963,0.07264240255026036,0.04107308771717817,0.13441580357016186,0.23187878922966795,0.031196945631468187,0.02437084208426695,0.3694622420524037,0.021773078179208254,61,False
160,0.01938051047073801,0.06098287633401531,0.06497063866912384,0.051323119925352816,0.14566706958080103,0.2330245669067915,0.03383954156000884,0.02355167068784444,0.31619174653933996,0.051068259325984265,61,False
161,0.025626746897066434,0.059172401745213626,0.09408179959376357,0.06226368176177802,0.13923823945779398,0.2289663222510627,0.027037746656175855,0.012486681091297427,0.321516715271355,0.029609665274493387,61,False
162,0.0,0.051825417216702446,0.06819208814498758,0.014902254404033274,0.14797468753389342,0.22538495367909908,0.05884591354198108,0.04554193348453461,0.36711210745015405,0.02022064454461441,97,False
163,0.03039451900417613,0.051548035912418154,0.09377061423231062,0.04161645246101797,0.14570029536793308,0.20062791285608106,0.026475487378996826,0.014954958623379795,0.3657440692812695,0.029167654882416825,61,False
164,0.032522515613745966,0.04477696438783878,0.07084495585462265,0.052030046435986396,0.13476854232884763,0.2306917095810593,0.012290032062249464,0.03269007140906318,0.3477002967526548,0.041684865573931786,61,False
165,0.02906723505437611,0.06546314220126632,0.06869563443842241,0.08595169029706902,0.14758727933949753,0.2122918662501192,0.02350938040176502,0.026652074189999646,0.3346696095782126,0.006112088249272026,45,False
166,0.0,0.0704900334329308,0.06353119479346842,0.0554076534633762,0.14227168939499193,0.1964770410997298,0.045098732619121326,0.028396531332609828,0.38116875990473664,0.017158363959035187,72,False
167,0.03330464771115138,0.049764208266503795,0.09015679528388786,0.04395523044358119,0.13813438223994945,0.22680084567271663,0.012586279553641872,0.04087085930058847,0.32828907917203265,0.036137672355946636,61,False
168,0.025341808451931076,0.062426965037489165,0.10407826716866965,0.03487076387768179,0.1382276392203004,0.2202755071993394,0.0404776767995986,0.02070694689735469,0.3223203496386445,0.031274075708990615,61,False
169,0.020707578440144377,0.054047165496441944,0.07420006807672463,0.04121821779600586,0.1364213382647847,0.21966737482071427,0.03440062822962532,0.03301572251034525,0.3316711279828191,0.05465077838239453,61,True
170,0.031419079366529684,0.0504030765870186,0.0784148250480566,0.040160917735784216,0.1504738061557053,0.22684907134180105,0.03187715082100423,0.031689204976588836,0.33380142856300227,0.024911439404509374,61,False
171,0.012981333151859847,0.056513245707508826,0.06752291391801506,0.037412649105744135,0.1502601883712466,0.19327094136789558,0.04533928878616516,0.04758282901362015,0.38911661057794467,0.0,72,False
172,0.019154316376537427,0.07204961185291985,0.08488646186679312,0.029260549815148904,0.15808999048829622,0.23614934124198483,0.02774425117399038,0.021272807558005234,0.32807891382733867,0.023313755798985404,61,False
173,0.012375886392178933,0.056352075937120355,0.07512714419615374,0.052765348930635975,0.14239206470226637,0.2294064257291027,0.0288070548049289,0.04469496315028856,0.3339036715182563,0.02417536463906817,61,False
174,0.023488454610949856,0.06100107743328459,0.08402480106518857,0.0472409517961048,0.14342399757347407,0.22373138892308642,0.04020778338462372,0.02169586505934019,0.33631998260252893,0.01886569755141891,61,False
175,0.03589706660225106,0.061601971294824406,0.06833804962131879,0.07059821783044651,0.15194198598455377,0.21089919209792735,0.04212497259889979,0.01530892637384228,0.34020692229490307,0.003082695301033089,123,False
176,0.016935206695449862,0.059472007061657915,0.07840711031621793,0.03360497378255959,0.1454702829830356,0.2289434465476252,0.03149967130098245,0.030223636216999795,0.3449946093065443,0.03044905578892745,61,False
177,0.012536395973343639,0.06419662952780847,0.08072103816524959,0.05443917522648604,0.14468841947458544,0.20223877113740404,0.042640735711032954,0.026658149599482872,0.35749210125466707,0.014388583929940036,72,False
178,0.016553533115072145,0.0411336102110014,0.07522023073352171,0.055539773500499344,0.15527657255236435,0.19348071072693132,0.04829943967412997,0.03216277736076743,0.36231155100820345,0.0200218011175089,133,False
179,0.021334668435396564,0.050518392542012514,0.08950769919446167,0.04623024616472704,0.14204136510802623,0.2221042223777932,0.02286210551160248,0.0229608363035305,0.3578575145674401,0.024582949795009676,61,False
180,0.024581188754752653,0.043717771361671466,0.09605793960967499,0.07235929630318512,0.13087037405046195,0.2153770820549544,0.01104166662699228,0.0427085241636695,0.3240462919807759,0.03923986509386162,61,False
181,0.009689166554731118,0.03144180284611161,0.08359049261787989,0.039522496575196096,0.15587452100034746,0.25028106837708397,0.02762774357336796,0.03376184845455631,0.35183480457353183,0.016376055427193753,61,False
182,0.023938560158849147,0.07394136179297041,0.08216496628741463,0.07581599222359234,0.14070067270515424,0.2137123801615342,0.017970723257638568,0.03175663800614293,0.32939527886453196,0.010603426542171657,45,False
183,0.02194629196902981,0.057443577178735744,0.08734405561477529,0.04668075449828953,0.1459485216628469,0.22991889377073277,0.014037476323784895,0.01858512363362033,0.34206375353548646,0.03603155181269825,61,False
184,0.015587049160438111,0.04840766857830791,0.06773495719697432,0.08405048417394528,0.13498658633127927,0.24170314700823445,0.016044852117257185,0.022727732396457603,0.3482870884302609,0.02047043460684499,61,False
185,0.03757894932045765,0.052968611793361015,0.09033746677571804,0.041328714018640765,0.12571205096608581,0.22090386779367374,0.022156685648875792,0.04283297207894926,0.3343557738114534,0.031824907792784546,61,False
186,0.020118890921474265,0.05678928436475521,0.1058059572381772,0.04809512018861156,0.1327723779535352,0.2271948466721768,0.03898561264431721,0.029592101140998434,0.3056372792032472,0.035008529672706915,61,False
187,0.02461136998079937,0.04982643794931875,0.08705206484089585,0.045676913955075844,0.1566242095935232,0.22131700170290677,0.05673863484703539,0.018024981116870904,0.32218320602960226,0.017945179983971663,61,False
188,0.0334016936556422,0.07126841327907929,0.08823236337552956,0.06664492321649564,0.15013312311037674,0.20577082051051307,0.015096323346814393,0.03265676383459342,0.32799520799509035,0.008800367675865397,45,False
189,0.0069301278162194006,0.06263078965378854,0.049495400193758324,0.029823339890234887,0.1626442090849136,0.2054587418653269,0.04560084523976961,0.03780362069535844,0.3867134221724199,0.012899503388210366,72,False
