ID,strat_res0,strat_res1,strat_res2,strat_res3,strat_res4,strat_res5,strat_res6,strat_res7,strat_res8,strat_res9,ancestor,alive_at_end
0,0.11494395112485481,0.020786512278165373,0.08142767481607971,0.24362945770070224,0.05763253711273225,0.1838795846661243,0.0028046380120914714,0.16124813106446023,0.06366139941738114,0.06998611380740842,0,False
1,0.13497414638382219,0.03452187058580707,0.08935967203195705,0.2203704491344003,0.05465216397365154,0.18066236493769333,0.00571880302650119,0.17541714023869995,0.04915732138045372,0.055166068307013524,0,False
2,0.14295924651899541,0.026456841401008367,0.08734299377364597,0.2149636580158087,0.0546414022563337,0.20172103292946506,0.0,0.16270802192516548,0.04960272896365212,0.059604074215925264,1,False
3,0.14581954179627252,0.03584615781675166,0.09913033434060085,0.20451109366283068,0.06425850911725488,0.17564966993320752,0.0,0.1747966365878916,0.0362079925815178,0.06378006416367245,1,False
4,0.14180349886265897,0.03308132838342372,0.08810105847265123,0.2137389110516723,0.05322724992140785,0.18976429457334557,0.0,0.15927865596163956,0.045546900444721844,0.07545810232847885,2,False
5,0.14455434550223978,0.05601493819625702,0.08763061901145171,0.2135127188540509,0.043060931269057794,0.20458293256729018,0.005086835973265582,0.1421718526582434,0.04169245374113477,0.06169237222700878,4,False
6,0.1300558259355992,0.017006691363760065,0.07767497593111097,0.24563799950006304,0.05553272927242058,0.16740427168357652,0.002150627471373606,0.1515170385799931,0.06189602499087847,0.09112381527122441,0,False
7,0.13974356703103735,0.021432997137466086,0.09443883162743634,0.20935998958901758,0.04541193608257477,0.1789452605602119,0.018076071814454572,0.16860359569302122,0.0642493644065997,0.05973838605818043,1,False
8,0.13338433942517822,0.03710050690920746,0.10030310599608934,0.19655482556116122,0.03894900168514859,0.17397839513301996,0.0,0.1975895038798169,0.037957193928010204,0.0841831274823681,3,False
9,0.14441915989580972,0.03884885915861838,0.08644923434406877,0.20984459223680094,0.05756983400672374,0.2134234056047938,0.008237626266245145,0.1513301418677225,0.04180015319358774,0.048076993425629204,5,False
10,0.1396179802219401,0.035481038349835514,0.10650152423172607,0.2115904878866744,0.05824162097169245,0.17010261420035175,0.0,0.1724386778802631,0.03908361224643109,0.06694244401108548,1,False
11,0.14523397704385885,0.03869915028988001,0.11365360491860049,0.20766082846127118,0.05564329986282379,0.15749585412269732,0.0020088689470301735,0.17127869793624156,0.0303626053767407,0.07796311304085599,10,False
12,0.13542228542053586,0.019850886641478577,0.08441141286581683,0.2219091971174272,0.06291480759989078,0.1906256375873888,0.0,0.16403329508473635,0.04352364270824044,0.07730883497448536,2,False
13,0.14656121443654518,0.028279489491308464,0.09899851196283348,0.2162116673346153,0.044830767517060624,0.18692412205943632,0.00401330360826603,0.15962188773853647,0.05988483699324647,0.05467419885815174,1,False
14,0.14640808480094777,0.03382596515435441,0.09089764896235711,0.20588207184066395,0.053371935951532834,0.19213631118904667,0.00909644223091261,0.16579230074286805,0.04354384844875451,0.05904539067856216,2,False
15,0.1319489485374456,0.05128249968250812,0.10034480854048364,0.20870422993379692,0.06454017194236426,0.17343061689428,0.0,0.17293958140822735,0.03873075820035313,0.05807838486054104,3,False
16,0.11234713399785724,0.027605696174770763,0.08495781855962198,0.2544619044296909,0.05284661740870402,0.19806706880949804,0.003971576200865093,0.138077624690769,0.05886798351903051,0.06879657620919252,0,False
17,0.14291701379560182,0.03205716725290722,0.06181277459864525,0.23135311006089052,0.05121496125696017,0.2019069975140106,0.0,0.16172066334519836,0.06325558566382282,0.05376172651196329,2,False
18,0.11355867654035387,0.025553034438640786,0.06868012974406612,0.24621355063560466,0.047242486439348905,0.17658220367422928,0.005262204255491617,0.16679434819076747,0.057189520108851574,0.09292384597264577,0,False
19,0.13993952964210923,0.03463121919603149,0.10345588367567707,0.1916023532678138,0.06144903266973929,0.16815158316498746,0.01228009561625645,0.17563535340810457,0.03917796920222246,0.07367698015705823,3,False
20,0.10865289981312386,0.0038648111025406653,0.07685269727210442,0.24971894507849404,0.07157223617113291,0.18953988831889027,0.005044509908089958,0.1660873581653714,0.07279283239243795,0.05587382177781458,0,False
21,0.1362017299537759,0.0324306578846117,0.0985813682081255,0.22435047130691682,0.04705804171538495,0.19305362302700912,0.0,0.16326250554988278,0.06376440484628046,0.04129719750801293,2,False
22,0.14660705830315854,0.05554963561782043,0.09433869992597779,0.20113859142149706,0.04762051408705335,0.20605334070804576,0.004455074215215734,0.1595074480121456,0.03791285951748274,0.04681677819160309,9,False
23,0.139192975043482,0.03644008984919147,0.08583860634384205,0.22540419189269148,0.05970909820942164,0.17961289940657915,0.0,0.1804480891807775,0.047259410225777156,0.04609463984823751,1,False
24,0.11441114218943754,0.0009400338902761368,0.09508966117273811,0.27100760187847767,0.06228640864018065,0.1862864760471273,0.0075448747158936265,0.16530701716969123,0.04697919610653525,0.050147588189642475,0,False
25,0.14684011100100933,0.01069367279755993,0.10576378161625159,0.22029896574016045,0.052866652399243125,0.19861704482869763,0.019150511572061508,0.16199942556639413,0.037726161219358095,0.04604367325926425,2,False
26,0.13819394112095726,0.034549008023993424,0.08329130461334584,0.23298897851626957,0.05429890383761983,0.19721480806493666,0.0,0.17822565576664978,0.04309546135208943,0.03814193870413804,2,False
27,0.1427799058653808,0.03533736973153858,0.09556132770266931,0.20159928440710753,0.04683465367385696,0.18673564752769245,0.007447221641019702,0.17127494541802296,0.0355642927074691,0.07686535132524276,4,False
28,0.1336351135090342,0.0208254100439429,0.07285382031490903,0.25343928294491713,0.03839569018557636,0.15595546823221526,0.0,0.1623821952352393,0.049389933644732466,0.1131230858894334,6,False
29,0.1415735331634813,0.021693573512531674,0.09095321068045902,0.22306354296055125,0.07016344677987332,0.17104567724031386,0.009264405775260037,0.17714519797448738,0.05119794088121418,0.04389947103182793,1,False
30,0.1406269464728823,0.047174783226993616,0.07889971861841165,0.21415817436550896,0.047971955181264875,0.1767336188289637,0.02202964796873711,0.17031240810905615,0.043885931374121,0.05820681585406062,1,False
31,0.14073217536882454,0.027121415197739158,0.08370445001232653,0.21530894331537123,0.06630117116312492,0.20403447613666595,0.0,0.1442060136314765,0.04303946819718702,0.07555188697728414,2,False
32,0.13178217455754138,0.03565486197926756,0.09812180703934398,0.21129040666117463,0.07441258264605381,0.15426474868821904,0.009360888323966214,0.17891027903276316,0.036775790697396095,0.06942646037427407,3,False
33,0.12895368233863766,0.03703526964633515,0.08564393619605537,0.22031870174952337,0.06349640770911003,0.18305609328976968,0.007420075754580272,0.17245804401457102,0.050528737611745735,0.05108905168967163,1,False
34,0.14615141032419554,0.038986071784439184,0.0908537334853753,0.2093938247386125,0.048807489353091114,0.18246947412898293,0.0,0.1890427701680781,0.051811928665324636,0.04248329735190066,1,False
35,0.1488337703822957,0.03476488987477565,0.09698715370795269,0.21292753776613718,0.02680912440837361,0.19526713957443106,0.0,0.1553048313141095,0.051564170843428465,0.07754138212849614,4,False
36,0.1450326932955933,0.026335702858497206,0.08793658065954425,0.19678959750977087,0.0702849608725786,0.16510537242829856,0.0038652935254666625,0.1922591745305122,0.030498362895921265,0.08189226142381706,3,False
37,0.11783255544446673,0.02606178166327183,0.07368511215958369,0.229141211419966,0.048702681485240575,0.1927245138746431,0.012389475803555046,0.16713550993044576,0.07453820196230562,0.05778895625652161,0,False
38,0.1452940661543298,0.033358754370085966,0.08524989961611111,0.21413439780451027,0.04833371848963355,0.18789551753521075,0.0,0.17317040263945804,0.053442027329412056,0.05912121606124848,2,False
39,0.12401574891797466,0.014360358583769588,0.09002792908815786,0.2482068416337675,0.048859171467509614,0.1965751546118787,0.0,0.1485959532098255,0.07796234763948022,0.05139649484763637,0,False
40,0.1360190409764174,0.0292040416404687,0.10407944740485842,0.22592967515618909,0.054750070067777525,0.20699863341410032,0.003853104765275953,0.14334077111968518,0.04634029673871731,0.04948491871650999,2,False
41,0.15209870250780452,0.04163640568576646,0.09010673959188423,0.2072425121155903,0.06564076564517358,0.18187078615362381,0.0,0.1901175355771711,0.02138063752290102,0.04990591520008496,3,False
42,0.1442093581655047,0.04701919963357742,0.09468374862070346,0.21115423169968378,0.046679273153349445,0.1726179920460316,0.009278089534565617,0.18386245409711366,0.04617947184995135,0.04431618119951907,3,False
43,0.14084512821147288,0.018805041544124212,0.09617558013933006,0.22164146519971137,0.060999522789562714,0.21198319222576759,0.001989819985633125,0.17777662979482808,0.015174442291260208,0.054609177818309644,2,False
44,0.14025889768053,0.024301401192712672,0.07883058789974552,0.2064595230440526,0.06687552228585575,0.1937311632747124,0.0,0.16373013545414233,0.0679288431900017,0.05788392597824713,2,False
45,0.16532538851622908,0.022675798227239367,0.07598493031064814,0.226718568538693,0.048610078868639446,0.18048785344567184,0.0,0.18776277517049456,0.047626075485949014,0.044808531436435435,1,False
46,0.12692548097156459,0.02291646298825873,0.09513136801905214,0.1905979845248564,0.062131029994165414,0.18682513727587058,0.015426623106394487,0.1601403179383234,0.055866324452405344,0.08403927072910893,4,False
47,0.12616555944403318,0.03818346898789204,0.09743867164338771,0.22190188296681185,0.07544844384365892,0.17507722999453063,0.0,0.16324371144774416,0.054497877677293007,0.04804315399464859,1,False
48,0.12047556373223471,0.043472757593893185,0.08134228683732037,0.21778894458907644,0.051209148705259756,0.1887996315767206,0.0,0.17492616265814406,0.05726052030748676,0.06472498399986397,1,False
49,0.13777759075586807,0.05847448315332575,0.07910224059711031,0.19854092888811847,0.059659649780343896,0.20744714327016853,0.021581684692090233,0.12405010628635654,0.05526772397857638,0.05809844859804182,5,False
50,0.12367585253951764,0.020319979164193022,0.09713937173395625,0.2291361977377793,0.052882598047596076,0.18755667249258018,0.014237342070479553,0.16631401383471028,0.041031673957223555,0.06770629842196425,1,False
51,0.13976530954144453,0.051316639216677014,0.10104475244517915,0.2091172594344486,0.06098837719377713,0.17245161556470226,0.0,0.16958246565101462,0.04021478969328429,0.05551879125947247,3,False
52,0.1242722653743528,0.05845318283765059,0.0792872580520505,0.22554153780783354,0.06065373188137157,0.1900192893831518,0.0008845775464451863,0.18474330481939416,0.036918494071954154,0.039226358225795656,1,False
53,0.11951772518284992,0.02019878868340735,0.06350960464719375,0.23661313206467793,0.05240145162512558,0.1854578568998353,0.010142622680606188,0.16549573769641993,0.06592278305695562,0.08074029746292843,0,False
54,0.13937207284999947,0.058823492501465846,0.08517186910023691,0.21076883972037472,0.03686093563497039,0.21084436226272313,0.012752156579145097,0.13980620082177045,0.027687727201159168,0.07791234332815487,5,False
55,0.1324301592072804,0.02470625887797879,0.07880597689305015,0.22216614149327574,0.05597827279461531,0.18671811394191998,0.011026686286886137,0.181046241728604,0.047625654303371505,0.059496494473017934,1,False
56,0.1697889418931779,0.015056692377688303,0.09840523710997578,0.2074665977040008,0.06787888770790232,0.1737824901414726,0.0,0.18974907110374276,0.015453838872789541,0.06241824308924999,3,False
57,0.11896879252560358,0.01756793903532546,0.06340699112103135,0.2374831726105172,0.0691839307380185,0.18691152742082728,0.0,0.16239273433876333,0.08692840277944436,0.0571565094304688,0,False
58,0.13175011130825054,0.0539847844056364,0.08753446334855391,0.2111516602840434,0.030412504206121696,0.20685723755783403,0.008777830430363178,0.14381887144660635,0.06789936493428142,0.057813172078309,5,False
59,0.13112502558701175,0.03544435973194445,0.09887945887262344,0.21069569531120091,0.045020678035315745,0.18890099104887934,0.009281590811761409,0.18097139039051993,0.04113752981522489,0.058543280395518184,1,False
60,0.15096813827580552,0.018979199810534822,0.09709720447220137,0.19840810630332906,0.07050020074995532,0.1802540662788669,0.0,0.17361328231880369,0.02913407086258367,0.0810457309279196,3,False
61,0.12881055905612457,0.016710474857896417,0.09349425998001706,0.25365686723722175,0.06080675735004437,0.15883753834299727,0.0,0.14882061012965164,0.049932753878785784,0.0889301791672611,6,False
62,0.12035265645840922,0.04184082221029029,0.101609539913545,0.21297082018580069,0.054013507346044605,0.19121630870849946,0.010536853181491121,0.1566476887551431,0.037933857340424135,0.0728779459003524,5,False
63,0.1225061171931168,0.015122653787234127,0.07789142375033763,0.2396492706209899,0.06340572713639946,0.17323363878977238,0.0,0.1518356529812341,0.06717332341487837,0.0891821923260371,6,False
64,0.15446659921106518,0.05272557231817639,0.08677999888507117,0.20848380071032713,0.036150520166404625,0.2185597920250674,0.00493611255358609,0.1300672201293811,0.053179957923422956,0.054650426077498045,5,False
65,0.11689060154189099,0.03933448109153423,0.10320561653104086,0.22018785663198237,0.03837465080086388,0.18130567880707563,0.005479552215113049,0.1620739417058866,0.06469472115698603,0.06845289951762645,1,False
66,0.1440480766188482,0.0458461191638582,0.0829577837514656,0.189975412184953,0.08644269950839015,0.16484193924575674,0.0,0.18977112840101804,0.03703756988837045,0.05907927123733957,3,False
67,0.13358730352036532,0.04650591859447388,0.08516597178484875,0.2064148457556966,0.06706211895473484,0.17878347174598952,0.005624766486035276,0.17370421896524518,0.026259180054888896,0.07689220413772173,3,False
68,0.12922655866127802,0.03807688740259298,0.10339680433444863,0.20929997065858008,0.06617023872006222,0.1770638419473027,0.005943117403116205,0.14930285299728835,0.04857238071391551,0.0729473471614154,2,False
69,0.13777086946809677,0.03243532760658935,0.09519217727449217,0.21979693070649967,0.040711070813284365,0.18439942529516312,0.007171095425170703,0.17047069846408783,0.04553137957583627,0.06652102537077974,1,False
70,0.14765973192209744,0.013469064272276728,0.10184868562384916,0.22808475467622055,0.04492745019633432,0.1916273757577029,0.0,0.18838950820105219,0.028027472828654785,0.05596595652181203,1,False
71,0.13141792697905297,0.014267369553540337,0.10531826471426536,0.20372934186976413,0.04054919005293955,0.1964761543017259,0.019938582399654303,0.16969295050444907,0.054937541085165596,0.06367267853944265,7,False
72,0.15747876509227304,0.061722162337008356,0.07421840079963729,0.2086658117041067,0.042926368831693255,0.2069704951523592,0.0,0.1412225099633218,0.04352158953662504,0.06327389658297529,5,False
73,0.13231479532758675,0.02540237784781042,0.07814248824294931,0.2219508234951671,0.05169948523148369,0.19122999768115598,0.0,0.15723228974086773,0.06831141377724022,0.07371632865573866,4,False
74,0.11567902113822838,0.03264733344274735,0.07252737927770114,0.22064945953796686,0.07132752718147173,0.16951044521191191,0.02098538002820866,0.15864669749679344,0.06960797710164517,0.06841877958332539,0,False
75,0.1505991264777347,0.026748150806359325,0.08905514820509709,0.22089194508841486,0.043403424761029284,0.17361101463347992,0.014062878256751121,0.1618259794379794,0.06658374072065781,0.0532185916124964,7,False
76,0.1519942534136446,0.04876685312959669,0.09460159783778078,0.21306699690778358,0.03910065683990987,0.22029598575855158,0.0038846418854237433,0.15063364544145066,0.025808381361515163,0.05184698742434323,5,False
77,0.13898340007946264,0.051544442311004315,0.09151664004582068,0.2222693334489093,0.038635981776940984,0.20895072250712335,0.004561265704919256,0.13564465703146872,0.03013102779097944,0.0777625293033713,5,False
78,0.14237043934300175,0.06018193157329903,0.09962812600688185,0.2106877703689941,0.03238685366249635,0.20208871553117722,0.0,0.1509314938682986,0.052129215373980596,0.04959545427187027,5,False
79,0.1469487263454196,0.03381860717238735,0.07823211665810599,0.21448321555874453,0.04415085334016929,0.1978642819326983,0.014526991172444654,0.15441449844005192,0.061060114973043235,0.05450059440693493,2,False
80,0.15282009756650491,0.02956853048708224,0.10170920186454367,0.19806171705275494,0.09074454792708521,0.16564908870023998,0.0,0.16612763840935516,0.04198415813796522,0.0533350198544686,3,False
81,0.12883932738451517,0.04213036369482428,0.09877332193732022,0.2113329033986524,0.05728275761171453,0.19279662364099687,0.0,0.1832925720723118,0.05247534191010682,0.03307678834955788,1,False
82,0.12729672091269106,0.06277571395805341,0.08688320524397915,0.2132386972733092,0.05298059644281761,0.21082084942669,0.0005539949365296517,0.13607504263910516,0.04190693474855763,0.06746824441826714,5,False
83,0.14251233561692603,0.04029592909929897,0.07763168044323547,0.21285885940289884,0.04733124741261957,0.19213718674129887,0.0011158231966940711,0.16336339708773628,0.04975312842984012,0.07300041256945188,4,False
84,0.13573689164921962,0.05065095048449082,0.08740229698316274,0.20367624368733112,0.04831186705177214,0.21236867924621833,0.009480418951522957,0.13127940114538392,0.04003152920182016,0.08106172159907822,5,False
85,0.13484116506035318,0.03697429901729568,0.07063087674464086,0.21159135115715225,0.05931753976100525,0.1809380299264143,0.02692399522739201,0.1771076355540298,0.04067148419580361,0.061003623355912945,1,False
86,0.15512726749263425,0.016912844949214335,0.08398648489846719,0.2183864678402281,0.048122326444740994,0.18579577343531428,0.016889441594015075,0.171138257036707,0.059407418030263066,0.0442337182784157,7,False
87,0.15233471609336163,0.04990117424234347,0.0942329072161883,0.2201451011178417,0.05110437310071928,0.2045816405659373,0.0014285363326086787,0.13102014996037017,0.03498183953130007,0.0602695618393294,5,False
88,0.12852707573490404,0.03835836489433066,0.10552910158024378,0.2104289206037331,0.052349071982337646,0.2135795484637326,0.0028975187487605717,0.1446515323125108,0.036255306771278854,0.0674235589081679,5,False
89,0.12485867954536063,0.052065760237537936,0.08628227794480293,0.2166274918732395,0.04045417097259302,0.2132807156818069,0.007512020403322946,0.14909065490998244,0.037655718579025645,0.0721725098523281,5,False
90,0.12756716994473122,0.03637754980537021,0.08892064303494392,0.22370331964898169,0.035724895318267925,0.1786432093670708,0.011726179033194641,0.18201226440953625,0.05855230915713441,0.056772460280769155,1,False
91,0.13525468939573732,0.02834753249075879,0.11575203532178888,0.20854358316002305,0.04287106603849537,0.170388280570681,0.024046097876286664,0.14955777903470194,0.06366142056674937,0.061577515544777583,7,False
92,0.130989995370572,0.04322708267387925,0.0900312103271653,0.2144848485938314,0.02993945421516877,0.1816432075250497,0.024343416141810195,0.1873112100808672,0.04130020441390657,0.05672937065774972,30,False
93,0.1425205536662458,0.018065997734195535,0.09833465827876585,0.2099834055473678,0.059288846699162415,0.18434791945648019,0.013617452151653197,0.14699231354921563,0.06505222576442612,0.06179662715248741,7,False
94,0.14526694466383414,0.044326354597467546,0.09703954904230361,0.2188182714255119,0.056247438638359716,0.19186566732646662,0.004301848055863522,0.13982952173264324,0.03882113262189259,0.0634832718956572,5,False
95,0.1515414122775546,0.02340674802716523,0.08211487185720186,0.2250396657424143,0.04646300978019751,0.17675126256934628,0.02557732674762192,0.15518534617036225,0.04785376900354368,0.06606658782459236,30,False
96,0.12825283992207118,0.04366202810339918,0.0946886073171857,0.22745634892530156,0.05061753656003885,0.188493073143213,0.005393914224758324,0.16956191212796545,0.041907112638374,0.04996662703769273,1,False
97,0.15509998575478817,0.025920667312357433,0.08368502052955802,0.20339289130715357,0.05769553804954997,0.1715807428432106,0.02761273447786245,0.16313870188516943,0.048715330801257395,0.06315838703909309,7,False
98,0.13909806813832618,0.07170436267535588,0.08892531615178573,0.20906339669753374,0.05101130474879127,0.19405358093121372,0.0,0.1482691926979934,0.039161294862815534,0.05871348309618447,5,False
99,0.14232294656738997,0.05642187259770841,0.07042602562764814,0.2188065255779583,0.047657717778948686,0.21054293580273922,0.01837544352564768,0.12741292888618694,0.05998218915907489,0.04805141447669779,49,False
100,0.14100563091300175,0.032750712080143504,0.10912907495214139,0.1934809865557415,0.022044037664249002,0.16448634754229588,0.01271164349079133,0.1801751065569258,0.07255985985002363,0.07165660039468628,7,False
101,0.14472498362133407,0.046187160127094035,0.08214859265401989,0.23196509338698706,0.03995987558568212,0.21161415949522036,0.011149668693349567,0.13316273822498714,0.04345215629204928,0.05563557191927655,5,False
102,0.14099447477487195,0.030136670163405023,0.10466742329365784,0.20830416164576515,0.055535917293050484,0.17886411185408263,0.004066579849966309,0.17189690388432044,0.050854155749787994,0.05467960149109228,1,False
103,0.1566373327002026,0.021112871385033663,0.09077409442829466,0.19809472891922866,0.04668441483155296,0.18613740511529434,0.0032425957210300517,0.16489107112530574,0.07444491198593226,0.05798057378812489,7,False
104,0.14494250594466215,0.054116832205065295,0.0741200766180075,0.22273627445225616,0.04810645784795292,0.17046811004390067,0.02776545499087935,0.17197753466653024,0.030111719963015458,0.055655033267730275,30,False
105,0.14998307061049956,0.05027648364139278,0.06630808374373602,0.21583263023911645,0.036826676017119656,0.17707848711365912,0.026649507219305032,0.1785168171035573,0.05201407975660444,0.046514164555009584,30,False
106,0.13026173368341723,0.06172964385860183,0.07629289960416955,0.2102770997443332,0.05044389961326975,0.20111076313159607,0.03895035090458701,0.11529629264508212,0.05829223507282271,0.05734508174212047,49,True
107,0.13329957226905356,0.05416152338722802,0.07123937160762749,0.2078678668491394,0.03454935770207803,0.19350897200434627,0.022601885939741523,0.17958008497191696,0.05336143421188447,0.04982993105698415,30,False
108,0.11680899420165516,0.029045504781983884,0.1039170108078006,0.2281972759039621,0.05726214468136555,0.17894749029750817,0.00474080377652181,0.17402666919053839,0.04868924118335798,0.05836486517530655,1,False
109,0.13308465347268972,0.0617382335889613,0.08604916706192121,0.2046470976436088,0.058541693697170015,0.21262587744426287,0.011259048462746581,0.13791194659323314,0.035169217802333765,0.05897306423307261,49,False
110,0.1424625368967115,0.032089132304917195,0.0733652538236761,0.19213398115648567,0.050703297630879024,0.18056240177505264,0.020758183046428968,0.18536813813440964,0.05437999217347459,0.06817708305796456,7,False
111,0.13919902679728854,0.040576905813849554,0.08783038224401694,0.20291693484685092,0.048454480475649916,0.19655648398513556,0.010393045751353925,0.1452386253409376,0.05450786674665261,0.07432624799826447,5,False
112,0.1615345189319921,0.05195906499046161,0.098163441711513,0.22073521982566122,0.0371097139105961,0.20609486217599404,0.0023214835794440627,0.12918195396107254,0.04123577731721381,0.05166396359605151,5,False
113,0.12573199219926873,0.06524085030018854,0.057192151563873785,0.2085483611559851,0.07545437781646033,0.20623036187610996,0.024646426980900714,0.11593055614809558,0.051527075118827224,0.06949784684029012,49,False
114,0.1381420257785068,0.012524468838477944,0.10425859170908462,0.21268221197033602,0.03773969341735841,0.1788605860323498,0.0030254080628689035,0.18112903989727852,0.053567644213130074,0.07807033008060882,7,False
115,0.12775095296176087,0.05992617800782505,0.08252802391223729,0.1891113645827099,0.053251647124158225,0.15494343468208932,0.030662946398545533,0.16562618023564757,0.07106258112508086,0.06513669096994543,30,False
116,0.1389401791127441,0.051252630327035906,0.07249899053611873,0.19330966312947062,0.07349842872121976,0.21626571399700306,0.013441631522337577,0.123099477912476,0.057882875627285314,0.059810409114309,49,False
117,0.14808348937548693,0.04452562098772691,0.07400760285036055,0.23362889894516875,0.041381601312497816,0.1659989947466267,0.016560091143313763,0.17860081400872613,0.05078923532003503,0.046423651310057615,30,False
118,0.14052957932293433,0.06541884553247068,0.0796601769799209,0.2074785654503674,0.05599297808034023,0.19803429824597554,0.0026872048262963,0.1372631436251876,0.05369887162579438,0.05923633631071262,49,False
119,0.14687132738186812,0.05976405859881862,0.07540650032709217,0.2003799830610783,0.05262436264948016,0.21685759757286382,0.035157331332765086,0.11848069226885326,0.029227822330092964,0.06523032447708754,49,False
120,0.13770362222740357,0.046142254192950975,0.07753969408012973,0.20542819868800508,0.06276207545803184,0.162859576550474,0.040737992570971084,0.17747562300568429,0.03261578886958882,0.056735174356760586,30,False
121,0.14784866235852498,0.06135402761194028,0.08944878905802411,0.1873454878791226,0.053588369722383594,0.19661248660392114,0.032173543505843824,0.12547991948569875,0.05389790144449086,0.05225081233004988,49,False
122,0.13424991638356945,0.06515622424700968,0.08173280198308155,0.20558278873258914,0.07223508261758352,0.2024778499422305,0.026944642622455228,0.1287906556474772,0.03974457033748705,0.04308546748651687,49,False
123,0.14897924119788575,0.04375952425606929,0.07158704028291546,0.19812436595013863,0.04546811602048142,0.18574920441293657,0.022727535985552695,0.18220784947763605,0.05475399103323536,0.046643131383148795,30,False
124,0.12593353578756125,0.0631996867964449,0.08536115038538789,0.20501526295086142,0.053542592387973396,0.2119811447862264,0.020816885344792545,0.11814357153759081,0.0481646980954853,0.06784147192767621,49,False
125,0.1333653366016684,0.046520116526820345,0.09590681541901946,0.200121790243764,0.061744153532884594,0.20621111950123805,0.008614504717968548,0.13029924357354056,0.04486770542409501,0.07234921445900094,49,False
126,0.1546293808531249,0.06399130210184503,0.07864367666616684,0.19480770813152784,0.0508130267375251,0.19558599519455325,0.017457804064500274,0.11561034276330258,0.0665178866283096,0.061942876859144534,49,False
127,0.13302890872761494,0.05089865514653282,0.07258601281576067,0.20891403849997614,0.0567839998498311,0.20983781293391263,0.01798342056097946,0.11104284104318962,0.0703548788818253,0.06856943154037726,49,False
128,0.15638104879859363,0.050182857098359755,0.08281488845546162,0.21669529233207438,0.03269206097676345,0.1869751785466875,0.031038968030558663,0.1594611961662566,0.034577836511611455,0.04918067308363307,30,False
129,0.1332343816054212,0.053886612581533606,0.09149495092984547,0.2043129038881658,0.046442855917627535,0.1903003320641274,0.010147926064669898,0.17638235434084273,0.04423624106681822,0.04956144154094813,30,False
130,0.1319560392334738,0.03835721590316639,0.0825690162130885,0.21634772232403335,0.050680928509275164,0.1818395232601589,0.0208662294090265,0.1697457303620222,0.04230686095746932,0.06533073382828584,30,False
131,0.1236499875722864,0.06688212151206942,0.0944359708471332,0.2262071161279214,0.04088640304254353,0.1923581007433338,0.0,0.15202420787495377,0.0358013368807147,0.06775475539904384,5,False
132,0.1367857636572116,0.03092024377796374,0.0626432799549453,0.22077659321530527,0.04444038151312692,0.17563459172649,0.031984076320188064,0.18712898078432488,0.04771731040223494,0.06196877864820913,30,False
133,0.12425513294647615,0.04300110993919864,0.08251633486012842,0.20565521776513698,0.059404846961965414,0.21425866858954787,0.016094275568555475,0.1379244291638148,0.051344892197321246,0.06554509200785488,49,False
134,0.12654784638454886,0.06500128854459505,0.08896137945559013,0.20199950114946558,0.04860471240038939,0.18221772159258548,0.011628795582240826,0.18748495201769969,0.03527588801534935,0.052277914857535565,30,False
135,0.13965462487240013,0.06267470104242535,0.08033121745926955,0.1972627661235295,0.05480593404436946,0.215261735078987,0.018749944648575635,0.11490998657737878,0.05663807977446611,0.059711010378598425,49,False
136,0.14667729635773058,0.05813867317424285,0.08740123127388541,0.2084331842949827,0.043244309231928915,0.17362257227579012,0.012592042634571445,0.16025125948106506,0.044253028784767806,0.06538640249103511,30,False
137,0.14323758841762524,0.042396398994467885,0.07238317135918942,0.20419473198408367,0.03653139227118667,0.18570578209858643,0.023341012212581818,0.17867978568909032,0.05180462429303839,0.061725512680150064,30,False
138,0.1491743175974237,0.050969408453607846,0.09375122747013948,0.21125054207548527,0.04833993191065376,0.21294277853289437,0.0062987031797706655,0.12399416389058497,0.053899981935964354,0.04937894495347553,49,False
139,0.14238093664934998,0.07677210837323457,0.06504913373815965,0.20360078984126467,0.06752051535731947,0.20721098386304102,0.0,0.12590272595824192,0.04928600105970771,0.06227680515968079,49,False
140,0.13435486109853967,0.0712703191448196,0.07549719389841922,0.18305275525312764,0.04705100817022618,0.21603179862257574,0.03542089869377226,0.12350223398518323,0.052121625637063934,0.06169730549627266,49,False
141,0.12379106569798456,0.06577470574380465,0.09018321093257924,0.18972894713195823,0.05038555375820955,0.21644404950751103,0.011512939429696369,0.14244191336314072,0.05611643557033999,0.053621178864775645,49,False
142,0.1354866889769124,0.024099124111252323,0.0811383477314225,0.22425937024358802,0.04940961781452924,0.1593152414993616,0.023328978856920292,0.17361400932328083,0.06656500027291191,0.0627836211698209,30,False
143,0.12884573740367217,0.06287029971343513,0.08043127815916344,0.19988888330287083,0.06729696624998416,0.21071227439430149,0.016475093621216266,0.10955639565278424,0.06130760207695161,0.06261546942562077,49,False
144,0.1483585998688229,0.03066036475286007,0.10157144488517035,0.19001262678664016,0.041255878010347746,0.17691605038186842,0.017453601129664865,0.14900681425016035,0.0823129459734982,0.06245167396096694,7,False
145,0.15338889700194985,0.06986643137416973,0.06973544570218541,0.20536751907085518,0.06028236038422061,0.2006850102318491,0.023067842766622892,0.12222663082194737,0.03715109733709981,0.058228765309099983,49,False
146,0.1256243295239434,0.07059534908960637,0.07533859789785032,0.19655892049857202,0.06692264388635143,0.209447547802643,0.019012562814099368,0.11637039690191293,0.05190715515764285,0.06822249642737839,49,False
147,0.14681091744511057,0.06392060635805166,0.0860440943255366,0.1861903867703186,0.06293887280695733,0.1940205210269859,0.028994639017731805,0.11796508396762172,0.05678459792737786,0.05633028035430807,49,False
148,0.1384801951055612,0.04194129121893803,0.07987269268979483,0.2091375036292152,0.05213578140916942,0.20437273391601676,0.026886612682442267,0.13210892930680737,0.05558506713627421,0.05947919290578066,49,False
149,0.14933867064924322,0.031358613420275315,0.0896413915043609,0.20337933037018527,0.035853423718265366,0.18084734304550726,0.02447181263299684,0.17523536576831938,0.0545190454789738,0.055355003411872765,7,False
150,0.136930418592174,0.07309114505733588,0.057690831383705794,0.1910566439453198,0.06596044024244996,0.1991508228562857,0.039891880414920595,0.1064381212137625,0.07519624048972136,0.05459345580432446,49,True
151,0.14680693662290015,0.06011158729242093,0.08484914276511005,0.16904810132020648,0.04905626229158485,0.2023585764286871,0.020247642552050353,0.13398429526410122,0.0629151655778242,0.07062228988511467,49,False
152,0.1469535771691711,0.0643436475951472,0.0769110301921846,0.20307990743719037,0.060409713351755615,0.2130464855904828,0.01871007095795331,0.10476544718316835,0.06416805818664145,0.04761206233630521,49,False
153,0.14150516901624144,0.022759447132175977,0.08945360133565461,0.19574606158919358,0.03916635145043321,0.18108965913845942,0.037814287052372525,0.17511088728425378,0.07917719898096552,0.03817733702024991,7,False
154,0.14913584466400037,0.049945308288524434,0.09357054940196728,0.19881247255735357,0.07339474970318453,0.19072787549876,0.016296583817304977,0.1302193892517553,0.04982857923975384,0.04806864757739561,49,False
155,0.13462836550117677,0.057837085357295405,0.08412764247051985,0.20834403625853098,0.053296346937897504,0.17960358004174243,0.018862404299350606,0.16899872871120158,0.044019521456288964,0.05028228896599581,30,False
156,0.13823966525829948,0.05371312713054067,0.0740226699234431,0.21159308787152956,0.042540857164784875,0.17557150408800926,0.02194197837475882,0.17607015937000053,0.0371161321100344,0.06919081870859929,30,False
157,0.11835076201268964,0.06891384882942457,0.0786665791031386,0.19556014650454168,0.05433076053287157,0.22120662386357215,0.010589248232366497,0.13809977202280846,0.05777529789056384,0.056506961008022924,49,False
158,0.13119995349842392,0.0694937968650015,0.09685599725181684,0.18256910888300637,0.06283725880769764,0.211795577714285,0.016499607897614847,0.1207030575134517,0.04791481765920085,0.060130823909501405,49,False
159,0.14915593920327322,0.07047628154173059,0.06948492343852097,0.2008484997764864,0.03628013082991403,0.15728090958290644,0.03639409959596632,0.16709009052394483,0.04013577964129202,0.07285334586596524,30,False
160,0.15124201697156947,0.04271185522779311,0.06665361187439604,0.22080486247906733,0.03659927483626407,0.18708884177814034,0.015162765878804683,0.1658179290965073,0.05314681405805728,0.060772027799400496,30,False
161,0.13267394401442642,0.047640238207409064,0.07943227296178186,0.22705448102570663,0.05349094940546434,0.1636823291314106,0.010876671156824292,0.18451118896962124,0.040564384434520026,0.060073540692835596,30,False
162,0.15526618961502747,0.058964973388583745,0.07750679237761138,0.19697904998578228,0.06477418735580014,0.20177390485500848,0.021052397838453286,0.11703892415726784,0.06430290348546594,0.04234067694099929,49,False
163,0.14181536868064698,0.06501988687883997,0.08490367226517971,0.20187317745721894,0.06054969561073865,0.2246104465156486,0.0,0.12353153213373644,0.0481445998473927,0.04955162061059802,49,False
164,0.15965778078186332,0.06784096800621463,0.06580733553419929,0.19138593461832634,0.04015584670575953,0.2126660675009718,0.015111795781227292,0.14241061788708576,0.05840994183458754,0.04655371134976444,49,False
165,0.14232628023655658,0.04113293829016082,0.06866955058836859,0.20536222092111742,0.05880249456117793,0.1866603148303995,0.02901497943055536,0.17299809329662622,0.02569147900472283,0.0693416488403148,30,False
166,0.14836806943645317,0.0560191680815432,0.07544096623100999,0.19847639163219213,0.036230247263393904,0.2272265670524085,0.036095391504644185,0.11064465502851792,0.056840981611930075,0.05465756215790703,106,False
167,0.1365516128078184,0.027640634776303328,0.04616731596633573,0.22884025368611707,0.04538878698354012,0.17849727186332717,0.03463307144274004,0.19068324585660776,0.04375075254732643,0.067847054069884,132,False
168,0.14169092092855345,0.03396034993167442,0.09220187812856287,0.2102053435207613,0.04380516490634678,0.18555612489324952,0.007324921329371805,0.1684603776363858,0.06230655747228461,0.05448836125280957,7,False
169,0.14341082696695728,0.04751527657937376,0.08476252582383136,0.21236841370206241,0.05919963263045807,0.16202602319327478,0.026540207591155645,0.1653004105068679,0.03611138156732187,0.0627653014386969,30,False
170,0.11702385893316894,0.06599639386053362,0.08293173337287903,0.20252674195278503,0.07343783489167549,0.20733839632592302,0.017812032882133486,0.11262474840849022,0.04910625569968402,0.07120200367272708,49,False
171,0.14326867508010416,0.019366456135376433,0.0824607588560974,0.2183839047114073,0.048331339934367494,0.18229256627592402,0.025604574428039435,0.16275339510763562,0.04792582686092739,0.06961250261012075,30,False
172,0.1533763746403503,0.05708826099223422,0.08327454392801215,0.19726967126639433,0.04903574207150316,0.20951507995252125,0.0022769123308917865,0.1267905062432565,0.06402117701255446,0.05735173156228179,49,False
173,0.134120181831208,0.05005807728102994,0.0837448786306701,0.2243485860698758,0.050920209363396106,0.21079080214231474,0.020110492802449538,0.11978013891865347,0.05795377691604228,0.04817285604436011,106,False
174,0.13414976011700985,0.05962947056616331,0.07003541283743016,0.20915760097050387,0.061530997506336005,0.2147120748225194,0.0038257293222358434,0.13328916226493873,0.043776598503148044,0.06989319308971478,49,False
175,0.13515176853163863,0.07575382318975181,0.0712657533248632,0.19293874745441217,0.058603542419832046,0.20714833606338834,0.02412043623202147,0.12887905132346592,0.052657115886845955,0.05348142557378041,106,False
176,0.14743213236166477,0.03572137879105614,0.10103102325643626,0.20639030661857463,0.03203270076826608,0.18649667772763978,0.011493285000661652,0.1588325747486444,0.05597417852377171,0.0645957422032845,30,False
177,0.1432321611436372,0.07535876186116783,0.07387775016696066,0.19122987676931405,0.0558163531692849,0.19513486017260365,0.043931993651548346,0.12266263716509472,0.02143406805617683,0.07732153784421184,119,False
178,0.12115880433548164,0.07945333737027892,0.0720110130350563,0.20213245267877683,0.06789388227616956,0.1922174800400586,0.026132375240281107,0.10541350226339852,0.06545336682468943,0.06813378593580904,106,False
179,0.1324199738187202,0.09047561627498778,0.07952062611104067,0.19632053389886747,0.05197710629235097,0.20191774028563375,0.03173056740109383,0.11394586259963639,0.04928003312834077,0.052411940189328134,106,False
180,0.14489767525472852,0.05643278230556177,0.06919030458505603,0.1967558215679849,0.047752582519129894,0.2356438296039624,0.050093320247645186,0.1086085590654816,0.02788779075595264,0.06273733409449712,119,False
181,0.13433847544132302,0.0533503012810818,0.059933423342876165,0.2173725711059762,0.04497296367383318,0.20518345077810127,0.042607902533073165,0.11421873855780565,0.06784121155196858,0.06018096173396104,106,False
182,0.13858264587627833,0.0593946104087977,0.08039937227597382,0.1965903122672025,0.049441070251005095,0.21390470073570286,0.015483726323620545,0.13360708885122843,0.049379050759059524,0.0632174222511312,106,False
183,0.1395213885525528,0.06148633769974816,0.08534082469426749,0.22637920579167706,0.042411964234115036,0.19647638726573655,0.021343908494235113,0.11995360912474222,0.05943739085656317,0.04764898328636243,106,False
184,0.14177672252742693,0.04928643855178584,0.07685685494618727,0.21696606706966517,0.04285776712788691,0.2005279497936278,0.029975978334692736,0.13201538043738284,0.05042116133997588,0.05931567987136863,106,False
185,0.13962593886050317,0.06880080438441383,0.06427928444112188,0.21062680115357343,0.06065756166435913,0.212298851205276,0.017426597153542774,0.11578927882989878,0.03676717060588452,0.07372771170142653,119,False
186,0.13232506722004175,0.060589460968054454,0.06945913141258167,0.21715506423911854,0.0519031343250094,0.18912882902751948,0.04326999793189881,0.11127966363717288,0.05940366481032997,0.06548598642827304,106,False
187,0.1306964658838719,0.06262467171464034,0.0739452391015995,0.19698457581093626,0.06070765536043959,0.19281089835639673,0.02901021864417495,0.11965869342668263,0.081146972201317,0.052414609499941034,49,False
188,0.15368290837955326,0.040910287261126034,0.0702816234062323,0.19838573092289852,0.06735213282905851,0.14886980006247477,0.04207252006830317,0.1911974524636788,0.03671531051481749,0.05053223409185725,120,False
189,0.1287741342546243,0.06010165145763637,0.0817082617214486,0.2155128097966565,0.056749737173150246,0.1968540646087276,0.030785492742404642,0.12024420766760952,0.05908569249715734,0.05018394808058488,106,False
