ID,strat_res0,strat_res1,strat_res2,strat_res3,strat_res4,strat_res5,strat_res6,strat_res7,strat_res8,strat_res9,ancestor,alive_at_end
0,0.07252682835224093,0.13844629326723132,0.0007088321958601744,0.03370802958121056,0.26720408353607833,0.006645758925243521,0.05341516074037409,0.24071520869687157,0.16301386751018973,0.02361593719469976,0,False
1,0.06466849654902569,0.13700380271996437,0.0,0.04443373397547997,0.26548123643190563,0.010906444651419291,0.047080284385823803,0.25184773996747284,0.1733896541343361,0.0051886071845723275,0,False
2,0.07851285399170678,0.13068708058085074,0.005246214363879627,0.03604768450532674,0.24303532453062213,0.02100549611259248,0.057086392299867755,0.233688025244349,0.1572482064799142,0.03744272189089059,0,False
3,0.06824999599040385,0.13206345546782805,0.010378980619686104,0.03490715795925805,0.2590021877959387,0.0066509879948526435,0.043405930115381165,0.2682300127860892,0.17136902229571538,0.00574226897484671,1,False
4,0.052153378651184065,0.12987109691334933,0.013406196965483438,0.04817082237701423,0.27587839258815017,0.0012549367401637206,0.058373228208805215,0.23217463802663707,0.1670241384294868,0.02169317109972594,0,False
5,0.09920268007341276,0.12056968310950103,0.021856675415373505,0.04268817850347135,0.23350621182348022,0.022695894927119844,0.05660634052348519,0.21492737297786615,0.15117858875626353,0.036768373890026504,2,False
6,0.06701465888096356,0.12144541852358633,0.0,0.04491802031642728,0.26016364080152143,0.00527324770189684,0.07039141504620312,0.24318791073994392,0.15772792721725046,0.029877760772207083,0,False
7,0.09160864558039841,0.13029092226540523,0.0,0.01677920584212521,0.2506467607598815,0.02249624349561985,0.05186024199278027,0.24997171784512742,0.14991871940835533,0.036427542810306676,2,False
8,0.07087638761191907,0.14377102778246179,0.007615105610928472,0.03737791755377751,0.2542106027120819,0.0,0.045661577134252646,0.256363032155841,0.18412434943873757,0.0,3,False
9,0.07526720637574481,0.1496344223475468,0.0,0.04357717264197121,0.257887621726376,0.011176349988896342,0.049276023613966206,0.22024879729485697,0.1467931765408288,0.046139229469812824,0,False
10,0.07469011090200069,0.1248398695989894,0.02007212278504068,0.02397348777460254,0.26376720224165123,0.0029362893547423942,0.03462653185517511,0.28303207116651785,0.16654839416266673,0.005513920158613535,3,False
11,0.07155204845334552,0.11722839128107179,0.0,0.03015144166173282,0.26284420652961543,0.017048726932676977,0.0497141707476233,0.26526838245430884,0.1682574197541703,0.0179352121854551,1,False
12,0.060460543988744016,0.14238822909796084,0.03278318725337341,0.03334416145185081,0.25295745150047727,0.0013218543186534234,0.05916783975606519,0.24612955407795187,0.16908108228886284,0.002366096266060397,3,False
13,0.0758568071082969,0.13569937810360305,0.0,0.02353152871986437,0.27551770355339633,0.0,0.048337758545124954,0.25187081350311286,0.16674851841265048,0.022437492053951093,0,False
14,0.07923418875654162,0.1301344679050009,0.0036857837772214163,0.03260117162109049,0.2630801081347442,0.013990268916775789,0.03982797327589382,0.2631917022478902,0.16753417622314726,0.006720159141694415,3,False
15,0.06772937953209132,0.14646620048042167,0.004662284648366233,0.04660250332539527,0.26762875671356084,0.003144175206109405,0.0397517458204955,0.24049883197903543,0.17622136651142317,0.007294755783101052,1,False
16,0.06056819364208309,0.14318624709063868,0.00300773882685157,0.05269285869995369,0.25779805144093226,0.011505858292870763,0.03165908532658747,0.25577571043867586,0.18380625624140653,0.0,3,False
17,0.06042008254352102,0.11704372665606302,0.0,0.039997825332101514,0.26872642332451635,0.02763804475395197,0.027679691552838278,0.27636115973845216,0.16876216477356262,0.013370881324993127,1,False
18,0.047263114428671614,0.14480659499540097,0.012241281050246626,0.05985707703933993,0.2706081960398666,0.00972081689532245,0.052527303571661015,0.2216028493079615,0.15763683582440127,0.023735930847127964,4,False
19,0.09224143764680957,0.1299723841874731,0.009586273772341777,0.028992128431622948,0.2296787628129668,0.03430539532799901,0.06416559634494493,0.21713917277467565,0.15916611414137385,0.03475273455979226,2,False
20,0.060527480599371845,0.1417598975609419,4.0063177512451535e-05,0.03438633591857769,0.2738474873391954,0.01651059115639668,0.029938598382971415,0.264926099975793,0.17806344588923975,0.0,1,False
21,0.05621446985320557,0.14405376907562,0.006572024189661538,0.02785207721401482,0.2820045509848191,0.003040945292255737,0.06633674418528106,0.24462394387565975,0.15681882204407518,0.012482653285407168,0,False
22,0.04279825053192219,0.14040171935510215,0.02013748815132414,0.04688075033840776,0.2577386721941601,0.0,0.06834174552711803,0.22949681857897988,0.16801663340011883,0.026187921922866886,4,False
23,0.05927518141903301,0.13581187764021987,0.010134590641467918,0.04402381716425458,0.25942810628895785,0.012172368863579934,0.03958505512929928,0.2727098518929652,0.1600533294119976,0.006805821548224764,1,False
24,0.06783151773513962,0.12215432799767646,0.0,0.01742628680564612,0.27701723031381525,0.011733324246769466,0.04758186477112682,0.2787384844409669,0.17501277461473608,0.002504189074123278,3,False
25,0.08849429792233435,0.1231496480486961,0.0,0.03899982702589282,0.2507159362913915,0.011699725899200836,0.08165049522437712,0.22406126188054046,0.15899044643476462,0.02223836127280214,2,False
26,0.08298530199358123,0.12966342672110948,0.008308107356218697,0.036539221948883906,0.2520444613144049,0.013552539251282815,0.05447150544194387,0.2271820012716903,0.1534600839138787,0.041793350787005995,2,False
27,0.06714136429909372,0.13168123457160724,0.01704331959159039,0.028123114864590786,0.25610729169213753,0.010083996284413668,0.049665106400688996,0.26414870399922474,0.16805194500321416,0.007953923293438766,3,False
28,0.06596419629072034,0.13198217517378077,0.00798067268467576,0.039457634727451306,0.25894870569215767,0.011659190832558996,0.059035711975716734,0.2420510213700727,0.15023796676463555,0.032682724488230105,0,False
29,0.09648190306986058,0.10619815800345282,0.008349296279748886,0.04199479642643232,0.2535953351869998,0.024526054037321214,0.04963650139802189,0.24198617583298654,0.14231050821044555,0.03492127155473037,2,False
30,0.07404291625503227,0.12356190101483454,0.010760930878923455,0.037554352769734435,0.24610390455742268,0.033569700978847185,0.05770626566617306,0.2191701740456649,0.1610692543167947,0.036460599516572614,2,False
31,0.07210813517460546,0.129174947053178,0.004498671092579584,0.02128603141502489,0.23925070419912978,0.02752364516662002,0.06328928715437035,0.2489371287039516,0.1566154407234835,0.03731600931705681,2,False
32,0.07441718830342804,0.11134815569251956,0.026210982325899582,0.030314577155388867,0.24508504246093116,0.026240949121814537,0.057509602159066385,0.2413252734777594,0.14854521235890494,0.03900301694428755,2,False
33,0.08483285038825836,0.1140982606430014,0.010418680869705793,0.044793823156757506,0.2381143280387128,0.02620680492911934,0.06788890841393186,0.22835158522766033,0.14848585410792836,0.036808904224924145,2,False
34,0.07135436092424871,0.1354012229072044,0.0,0.038096107271499,0.2724566124722138,0.010264954146420893,0.036502179895279374,0.2413913684742933,0.19453319390884044,0.0,1,False
35,0.04588785664848227,0.13044924745990233,0.026208218142373386,0.042930466332866145,0.2694890670665072,0.0,0.06206033072826162,0.23246200153437455,0.15801457421405324,0.032498237873179105,4,False
36,0.06289971022242412,0.14108004279260192,0.0,0.040581093572277085,0.26454716117659516,0.015183556273693638,0.04980540975822172,0.25064154901362445,0.16708245603520872,0.00817902115535307,1,False
37,0.10677687016512483,0.10514409367875735,0.025872602945790024,0.04054213622146787,0.2337902843947987,0.02633650448812747,0.060132455640924676,0.2193459105591217,0.15118646302418468,0.03087267888170269,5,False
38,0.09268026374244324,0.14337564172533923,0.019657138417185253,0.02849371640482912,0.2380917013046067,0.024961124425668987,0.06582727800282452,0.19041782313995995,0.15034000295660657,0.04615530988053646,5,False
39,0.046925981565780595,0.13413228565574367,0.006309392706878562,0.053906454464419135,0.26860182547424255,0.0,0.06238991522355502,0.24423863494433337,0.16588607132331087,0.017609438641736384,4,False
40,0.05349905152542775,0.13419535238307972,0.0,0.03904985731580636,0.2703047856108268,0.0015460460906178803,0.04411819554475456,0.2669631420168976,0.1823955275441434,0.00792804196844585,1,False
41,0.07089511736180884,0.12751203861465074,0.0,0.029327362121811276,0.2750252468544938,0.017570505522214293,0.0614205733655643,0.2630680944435959,0.1507270115180185,0.004454050197842292,1,False
42,0.08131658556081087,0.12658871354812146,0.012369410870332737,0.03747687745211629,0.24568803655605728,0.014851413010371219,0.04347642504899617,0.24195874403754838,0.15718639758046915,0.03908739633517661,2,False
43,0.08005782891470223,0.13631139179939328,0.0021216259898266163,0.04418934201611987,0.23770624632529258,0.018556535628980096,0.05365756370429866,0.23211857104852987,0.15916220415448046,0.036118690418376224,2,False
44,0.069295555197964,0.14587521077391466,0.0,0.032982936224730745,0.27736803904259105,0.0024529155968612522,0.06487466774343198,0.24502079401136276,0.15166063316129383,0.010469248247849764,0,False
45,0.05699920000399866,0.14465301829355598,0.0007007498049130447,0.052724413558013494,0.26926536558236935,0.009530987915975939,0.05657993679477709,0.22533502917159323,0.17123042354333137,0.012980875331471946,1,False
46,0.08310404604936042,0.11907553062528792,0.0,0.049867456683401,0.2238828197075548,0.02030467749128151,0.04864742470754089,0.2579270478531421,0.15367941283688172,0.04351158404554966,2,False
47,0.10124452206506195,0.10654359866614,0.02734392686138479,0.05093647902223336,0.2360873386383207,0.023539184394169323,0.05244756070860474,0.21710365251092106,0.14148535148470967,0.04326838564845448,5,False
48,0.09689586178023409,0.10088500093341121,0.012010174852277532,0.04805440946391991,0.2639849806715854,0.018674311083940246,0.047376125438986914,0.219050103972405,0.14799885972598256,0.045070172077257144,5,False
49,0.10340006106717699,0.12197977129246816,0.0073724590981434765,0.03328681607395392,0.2287471068315692,0.0314775549557858,0.059681334824974015,0.22145822064182186,0.15712670878099702,0.035469966433109755,5,False
50,0.06509705155987461,0.12387635085437695,0.023716223031498184,0.03756434422153928,0.23209681546794428,0.009208659545842832,0.04965776946713382,0.26700025835154456,0.16225786009758433,0.02952466740266117,3,False
51,0.10068976116893959,0.12380994963636423,0.011409697668631797,0.045826580243147924,0.21987200786271024,0.020255114200283204,0.057973683669198424,0.22696491895553092,0.1472641437139792,0.045934142881214474,5,False
52,0.10097207806129087,0.12514540543052105,0.024240088591128053,0.06170848174762014,0.22921242883880746,0.015354001124781495,0.04729458562109217,0.22203969114383368,0.14386214638433978,0.030171093056585333,5,False
53,0.0731516694884668,0.13094192026864038,0.007989751385013592,0.04013513436381628,0.24131848727280736,0.012547956675909766,0.06820036171813507,0.2396489075251081,0.14498638916617002,0.04107942213593268,2,False
54,0.11002453766242153,0.12631181248809178,0.0306800288684785,0.05589560539146019,0.23540352846660462,0.009310520854780319,0.04831791142281116,0.20105127562577607,0.1527052536738229,0.03029952554575297,5,False
55,0.09278860075928604,0.12053044632140088,0.0,0.029847174284080482,0.2490761176548257,0.02229005104931263,0.050788592833532174,0.2253599810592666,0.17048596580156614,0.03883307023672936,2,False
56,0.0906914302488887,0.10616193435189412,0.028490871261543746,0.05147137114652524,0.24753149145317047,0.024027116078960558,0.043958507231008595,0.21686601370842834,0.1632149630020839,0.027586301517496213,5,False
57,0.1081465904753886,0.1273629087992798,0.016621761262061895,0.036459827837217025,0.2240373535582315,0.027999085707460142,0.04588498566966676,0.21986461864073117,0.1675203257500982,0.026102542299864667,5,False
58,0.05827439405562321,0.13208018609096658,0.021096524292928763,0.05823472552290856,0.24644547470636463,0.0,0.06707985023806555,0.23396218817935488,0.16527757516186142,0.017549081751926373,4,False
59,0.09943554273025115,0.12638981660016876,0.003939048048350009,0.042311368787140015,0.23088541897198897,0.018999247800728265,0.06032267515121601,0.21641033419414593,0.15795426991224165,0.04335227780376924,5,False
60,0.09979785513357017,0.12163493706022609,0.017690637628499387,0.04049371889123484,0.23655019556302828,0.03129598603696536,0.052960684939842705,0.2038352357059139,0.15429377409348913,0.04144697494723015,5,False
61,0.08536945348005495,0.1420200420624166,0.003994849721318876,0.01996192636241615,0.25078005061552616,0.015296579650791765,0.0589803523842287,0.24234863817421026,0.15487423366162084,0.02637387388741563,2,False
62,0.08824247034278393,0.11450716291068834,0.0,0.03981614614630482,0.22993480610307016,0.016039565399826428,0.06589838959887663,0.2371931611066075,0.15234497300155447,0.05602332539028782,2,False
63,0.0673146830754854,0.12087688039981674,0.01662208112317659,0.05286712334169937,0.24391454153051928,0.0277917243932521,0.053704243183598274,0.21942248387355984,0.14297912167875473,0.05450711740013783,2,False
64,0.10417847064603022,0.1164104870241748,0.019137600979953897,0.05394236506940851,0.24702647071177714,0.0012781503107753645,0.052774304277515297,0.2227163840052481,0.1482309889791319,0.034304777995984796,5,False
65,0.08841663300849822,0.13238555768387433,0.03455092392628865,0.07032624185745394,0.21741477809804763,0.01555770795614995,0.0435270765285484,0.22552499653865052,0.1304992895492269,0.04179679485326131,52,False
66,0.09117735405862862,0.11184328215730693,0.030356732039376052,0.028708801331798452,0.2495685160115356,0.02088672372242944,0.0636562500730943,0.21707186492770256,0.1479664530888566,0.03876402258927154,5,False
67,0.09621618938084744,0.12737160917781082,0.03178644133046434,0.036767613738362515,0.22805468835019668,0.016348564726028674,0.05747812705017888,0.2258200507801113,0.13912134019003636,0.04103537527596295,5,False
68,0.09191154434648201,0.11032876052916872,0.02554981991788346,0.04648082348970322,0.2403518933001493,0.025696339485456354,0.05467285261495889,0.204432495030317,0.1517294186724756,0.0488460526134055,5,False
69,0.10527930805303788,0.10220813554061023,0.027524567234424296,0.05234146374750783,0.22403456905102603,0.027006458573749743,0.05925134959256009,0.22732461136183682,0.15753394243663352,0.01749559440861352,5,False
70,0.08079777422995414,0.1345134633202587,0.01631327716395451,0.036676285566152586,0.23939397564381068,0.025467718940232767,0.07709648635585269,0.21284628235023215,0.14915541300989127,0.027739323419660476,2,False
71,0.10305275740603596,0.14022484280385303,0.00764459309488192,0.03934523781781479,0.24428852356096956,0.029195514468569547,0.055141033186114546,0.20940858039033572,0.13286672716337436,0.03883219010805052,5,False
72,0.10357417813836747,0.10920105207543962,0.0366724019060151,0.03840910493632059,0.23066163342423784,0.019625245574207247,0.06560598028008957,0.18633467101546036,0.154219175504909,0.05569655714495329,5,False
73,0.10930121900947033,0.12922428369727024,0.02904790447918346,0.06079315100799896,0.21267471265043775,0.008858104733378107,0.06275488739778236,0.20810596318256802,0.13434173323855625,0.0448980406033545,5,False
74,0.10761061840765308,0.11746136886253365,0.011831058302118325,0.02864800547400486,0.2428665438234522,0.017140273234484832,0.07315314494181806,0.2216032117717181,0.15985652028147024,0.019829254900746707,5,False
75,0.09241689076066492,0.1381803323279911,0.021054760957113998,0.0182606320482883,0.21604249756286653,0.03156961103283929,0.05333596849650739,0.2256008092549675,0.1586114649281086,0.04492703263065236,5,False
76,0.11688208662222317,0.11071575283241583,0.027623520871763507,0.026581580769191163,0.24077749703725962,0.01793553022184824,0.05054359013532039,0.21788121372861602,0.142766470516833,0.048292757264529126,5,False
77,0.11319343796438192,0.1050893347260455,0.023020265556175968,0.04605073181197479,0.20721807816282614,0.02201475431511698,0.06933396048905646,0.20522271135974737,0.15412911494149734,0.054727610673177614,5,False
78,0.11606865845197645,0.10861959480617409,0.009183349018932654,0.02133517092528252,0.23684070067189875,0.025806745994307857,0.06388520751284434,0.22083285277601034,0.15929536387578191,0.03813235596679095,5,False
79,0.09328702795311394,0.11983248222898296,0.027279264231480083,0.04563718819463003,0.2170542307565324,0.029962811819449736,0.06130569380559518,0.22033407960761622,0.1430592058658351,0.042248015536764306,5,False
80,0.10844047399393661,0.12618335766170813,0.02475440413727934,0.03591744174843543,0.22875669848740024,0.025112351667411294,0.05310933288102494,0.21751441032851307,0.14455949803005064,0.035652031064240385,5,False
81,0.08987997988978819,0.13555279700954206,0.00408972062637252,0.04438409548631551,0.23886840441709317,0.014106639326504635,0.04605988647911477,0.22227323181715528,0.15721175381416097,0.047573491133952976,5,False
82,0.1069938763931694,0.10752388133074745,0.009201033406083447,0.038984994790372186,0.24090922026274456,0.03061907753013637,0.057811190436727715,0.2078021574597583,0.13998994913919363,0.060164619251066934,5,False
83,0.08892664329636168,0.1282723666038875,0.01307071402510608,0.03968865613799676,0.23011820417859385,0.016260065864242123,0.06540301613391385,0.22349990721669158,0.1325737875520524,0.06218663899115425,5,False
84,0.08898597874827224,0.11624868929883977,0.026599718104466454,0.03691345412023038,0.2371230917434626,0.02105711397346686,0.06250258838080176,0.2194262028634775,0.15221929007424034,0.03892387269274221,5,False
85,0.11243282430672208,0.11269641170662408,0.03891070711705171,0.03896676692818854,0.2274696581446004,0.020659110970243665,0.0618715514859346,0.19770369830050294,0.1475229687055695,0.04176630233456251,5,False
86,0.08138461023034176,0.1296473937917182,0.025862282589781817,0.045653490634995054,0.24020053833863167,0.024647951218620408,0.05381589073286459,0.2276506042553263,0.13444481546275167,0.036692422744968554,5,False
87,0.11038184630285779,0.12497582354996944,0.02665791304034854,0.04325972202477226,0.2287151771440685,0.009871158726991276,0.027570218980351245,0.22792888552588617,0.15621236492291446,0.04442688978184025,5,False
88,0.09606314188051286,0.12964018934092097,0.01740820053419742,0.04814207973671483,0.23791635212952844,0.02343202697992768,0.05488378271088242,0.2180643508002523,0.1572999614873712,0.017149914399691803,5,False
89,0.07224501716156703,0.14149384162417805,0.0011883607133229492,0.03645670727008868,0.25002584454513094,0.012194238485329944,0.07268932881348424,0.21928730215638942,0.15237668438324073,0.04204267484726799,2,False
90,0.11012905281452824,0.11794918617811427,0.021039418749751262,0.04842751624162802,0.2285216497720278,0.010685912499467525,0.060196891124546605,0.19546689325954772,0.15744122339747138,0.05014225596291716,5,False
91,0.11139912840043063,0.12021122992598154,0.018546801248336145,0.056974135121916625,0.22556989897000362,0.015476973083715812,0.047788248969420064,0.20676584612142704,0.14729870672386997,0.049969031434898586,5,False
92,0.11360892691225866,0.12969245807096932,0.01252450194509632,0.0470276644982914,0.23684765796890275,0.022089815733343253,0.04443547240647881,0.20214828982471372,0.16117787867293396,0.030447333967011842,5,False
93,0.09397511296189996,0.11467619139689027,0.02075816087376342,0.031722054587575904,0.2353061337220619,0.028880541620038315,0.05525812112623663,0.20763686584849855,0.15715688834173444,0.05462992952130057,5,False
94,0.08910565191785198,0.11860091076551482,0.02517782449172623,0.03773650278038824,0.23206016593528714,0.026222147488603145,0.06437305010790295,0.20794550049008836,0.15068627140110885,0.04809197462152828,5,False
95,0.10479162181293258,0.12172004328217113,0.029979492826692107,0.03899072489325045,0.22363338107276032,0.04075886308314653,0.05621683924741023,0.2005414952631965,0.15151835517709866,0.031849183341341424,5,False
96,0.11754196554589258,0.12878731503554267,0.0,0.02510602724133029,0.23289067782014936,0.04679276449400135,0.0634488628720854,0.20059402123017211,0.1518366041531506,0.033001761607675706,5,False
97,0.08774416836009707,0.12507395072495567,0.013247034769406226,0.044473663246668994,0.2374244580776304,0.020816899111471637,0.05698267633402767,0.21002787758161684,0.15394122193771223,0.050268049856413324,5,False
98,0.08105900353017507,0.13130147694306776,0.028580485720507774,0.04828404997729033,0.23699199507200652,0.01772127078889135,0.04931683467478117,0.21727711710509243,0.15008661047447627,0.03938115571371136,5,False
99,0.0959019296013387,0.12020999866906885,0.0067844075793041785,0.01440014962620714,0.25266407102297744,0.012422533100599861,0.05325837079063454,0.23771935973266375,0.16861605292014728,0.03802312695705815,2,False
100,0.11570848114729831,0.12942696711086796,0.019851937890303706,0.04012215009985621,0.23512603423419273,0.01329965969551107,0.04605863778267029,0.20975217174930746,0.14144611150833633,0.04920784878165578,5,False
101,0.09713874482078595,0.13438226422099125,0.02058592940755616,0.028535718152549062,0.23609564702050997,0.04082484065247187,0.06584152386130857,0.22217161684300218,0.14279179687859794,0.011631918142226987,5,False
102,0.09672843563542458,0.10761297338908751,0.03216844944121068,0.03397786706682955,0.24748085443769016,0.009365335654912247,0.07818119411039305,0.23102915654368666,0.12657709921128563,0.036878634509479924,5,False
103,0.11165200798272094,0.11073656885868015,0.008536824061470596,0.05275101690762614,0.23852496577572035,0.021144358869925012,0.061042845469437716,0.20097431640921795,0.14994214423399016,0.044694951431210966,5,False
104,0.10663860159978074,0.10856857289497358,0.03235645905764073,0.0520288037683134,0.2343421770125739,0.006000214211888449,0.05290245677186769,0.20596752942406293,0.15307003714330328,0.04812514811559525,5,False
105,0.0958959329620399,0.12322560718234105,0.0076374531106281965,0.05680735444229361,0.2159934044603128,0.035068496527800135,0.06242266831823663,0.20058543844454135,0.16203900449056752,0.04032464006123904,5,False
106,0.09442462348988831,0.1351341142221947,0.023618500550917736,0.038321781577294683,0.21942973081387118,0.021840166058066175,0.07510744398960147,0.21436755528403714,0.13811277994102855,0.03964330407309995,5,False
107,0.10060192260902596,0.11954911876903729,0.01190790139659036,0.04640860085924195,0.23025702784646385,0.01819604911758136,0.07709677878381903,0.22371039890157707,0.14044267366369378,0.03182952805296951,5,False
108,0.10638642714837276,0.10342548309369366,0.022192101171974944,0.048617621777801275,0.2462310848853502,0.01230493931997311,0.05585478456769056,0.22182052108862482,0.1474284592359081,0.035738577710610585,5,False
109,0.09022932205587189,0.1184121510042198,0.03120666989562226,0.031923831736189213,0.22681630112980325,0.027574137238095348,0.05457369500012964,0.216212609058048,0.16447925636774727,0.03857202651427338,5,False
110,0.10111281416434548,0.1241783955014182,0.02987393590192734,0.041002086597592545,0.23387611909194692,0.014183445014879465,0.06458937025057448,0.1974978877538532,0.14834904271172272,0.04533690301173971,5,False
111,0.08267749031870103,0.12003516899861655,0.01859943625126418,0.03169543542987289,0.22965067759743368,0.03535534334529843,0.0696590255362076,0.20884274712791417,0.1501017607287387,0.05338291466595281,5,False
112,0.1151883060626916,0.11687998277691307,0.01869515837263447,0.0386306504722084,0.23504502444764022,0.016313640670480325,0.04988791926739984,0.21966742756821617,0.15850127357694252,0.031190616784873497,5,False
113,0.10216286399281813,0.12724461433124326,0.016117175192551063,0.036451106170631534,0.260466782976168,0.02317080406151023,0.04482046647596855,0.21700629312414935,0.1562286666427494,0.016331227032210432,5,False
114,0.10121123143128276,0.11098443695040824,0.033497861772884586,0.037941750271116514,0.2229107297917926,0.011947444297816487,0.06027743449254732,0.23738041351918276,0.14945604286650052,0.034392654606468044,5,False
115,0.10021615134540171,0.11978345472083812,0.01886335072447536,0.047879472147466795,0.21605412872739851,0.014180514464496214,0.06655964991505085,0.20751393388911954,0.161690115237766,0.047259228827986735,5,False
116,0.09159523595197555,0.12392341400924083,0.029681009025896543,0.0612810038553418,0.23901396750308007,0.005637050835014064,0.05207679409456128,0.21348547477646895,0.16068614688407776,0.02261990306434317,5,False
117,0.1128732967747524,0.11011275635590706,0.022127089153276495,0.047089331406701164,0.22167368688592912,0.021174940158495515,0.05201604396338785,0.21975385585163568,0.1511653116029253,0.04201368784698952,5,False
118,0.09913384236709417,0.12519719829048057,0.025095937538506207,0.019928399473272473,0.2438460398069116,0.00945308429925275,0.060012876609253994,0.22353438622882624,0.1641550594652442,0.029643175921157696,5,False
119,0.08401044257935235,0.13174874432223682,0.02616795736999954,0.05699584374969093,0.22545269201319218,0.01581293803951802,0.05754495329803257,0.21955863714171095,0.15797609240610072,0.024731699080165884,5,False
120,0.10784248095046604,0.12585991396353136,0.018370106098064828,0.028337315397060685,0.22625431691633743,0.04109731294825095,0.04518189471196072,0.20762646497713214,0.1501945918883536,0.04923560214884234,5,False
121,0.09525541421614102,0.14302031461803236,0.032139636958241215,0.04444053169414117,0.2239211510676282,0.037929270666850194,0.03727407415623018,0.20764822241275363,0.14937866019732624,0.02899272401265583,5,False
122,0.10131213295892023,0.10977878066562996,0.024595881685472155,0.04425956146590331,0.21654421346834166,0.03805665745992311,0.06731578358675898,0.19632467612730573,0.15670232249583066,0.04510999008591426,5,False
123,0.0983731634659721,0.11272860919899429,0.03049103842637912,0.049228525603489365,0.22548532267668522,0.026601087461492274,0.04708062479133155,0.2139759659552073,0.14752752683925482,0.048508135581193976,5,False
124,0.10774349528081371,0.11079374090253886,0.019701831595429806,0.04665670141217464,0.23409707748838274,0.03375495396486997,0.05714644185614009,0.21078806060115857,0.13874938602875997,0.04056831086973158,5,False
125,0.10593484176133276,0.1264150074534921,0.01341684744951454,0.044973836665849816,0.228430492250624,0.01741293899520796,0.06839620037634413,0.22181979801712526,0.1449558469875725,0.028244190042937035,5,False
126,0.10771156830050546,0.1267138105198431,0.02404951559816166,0.0309835310367122,0.24334567716512587,0.015272604837497686,0.053233493392968186,0.21762345251953016,0.16514496829027392,0.015921378339381675,5,False
127,0.12278886652035176,0.11167169654733466,0.025480602901621394,0.03998547058830403,0.22909833303061064,0.004897071697319963,0.050322670959138116,0.2192172093548936,0.158990856364039,0.037547222036386815,5,False
128,0.11802079601143955,0.11197876807584803,0.002409302385502038,0.04336708936713127,0.23817564877736436,0.029062758506179624,0.060500052489880655,0.21067826970307932,0.14797052580882794,0.037836788874747146,5,False
129,0.0989223251006025,0.11753068209381826,0.015810496646567234,0.058398912457223943,0.2503788450690529,0.029748870379724596,0.04156995926293717,0.2190677153990478,0.13935551877489064,0.02921667481613502,5,False
130,0.10305447108046505,0.11598464759740965,0.02726232555852331,0.04628222520969308,0.23199889129294282,0.00867108304667183,0.05957288822378693,0.20947382111985324,0.16002894263520334,0.037670704235450644,5,False
131,0.1005439854322656,0.11848750153814412,0.014676404235313288,0.0447816628739327,0.2319669845590324,0.015512462542052779,0.05575605391626587,0.22119375661015114,0.16800672023690666,0.029074468055935457,5,False
132,0.10375116748562965,0.12700042459338753,0.016870356826495538,0.045296872102893924,0.22354608883697502,0.01608760567033365,0.05893917779793069,0.21044315576825534,0.15765939719796665,0.04040575372013191,5,False
133,0.09974637658111024,0.12896233776483923,0.014265180448679245,0.03979604258614746,0.2314177183122399,0.02526348802118969,0.055415732934270524,0.21064484698448346,0.15470483353811743,0.039783442828922946,5,False
134,0.11169731843227033,0.12869690123735963,0.027176312382925765,0.022431128377962718,0.22405116904521125,0.033557938695201656,0.058995128662711956,0.20723992959084112,0.14679171693394466,0.03936245664157092,5,False
135,0.10184223206137344,0.13602637953778327,0.024107192451509187,0.04811759329214892,0.22706666004517817,0.015609983245446284,0.05405809578619205,0.20926241496340692,0.15260683071252693,0.03130261790443466,5,False
136,0.10746954904851046,0.12332878756436608,0.03226687274646779,0.05065404134430286,0.23169586136737738,0.00758708574936584,0.034606516597775264,0.22335040769210726,0.16545767985335572,0.023583198036371204,5,False
137,0.08901319258588836,0.12647356766913442,0.029853742600706848,0.0450677661799758,0.212513488411438,0.02141291451500771,0.05177362709440763,0.21483305832074337,0.15451613482416027,0.054542507798537546,5,False
138,0.08755586055656067,0.12306711771719009,0.027035369387685557,0.05977265010340812,0.23283659062595666,0.0165646950983501,0.059681141892814066,0.2162798262500992,0.13971727264508346,0.03748947572285215,5,False
139,0.08696222439094269,0.10098186976986095,0.01173554613185991,0.04864573983093459,0.23632245329774362,0.03303701262373866,0.062185983334012394,0.21675593499092233,0.1668825627846339,0.03649067284535088,5,False
140,0.11578888615039681,0.08370104958853049,0.026503738420198732,0.039361004997102086,0.2270269118552881,0.02121088419888986,0.06904229384307357,0.23531987658847703,0.14677178057272394,0.035273573785319534,37,False
141,0.09817915616329832,0.11876775496578779,0.039122163386387666,0.039675636191153815,0.22650822691621678,0.01792089047419691,0.062234243762518446,0.19546693145272293,0.15884883472717132,0.043276161960546164,5,False
142,0.10798746745876381,0.12338318667037287,0.020010741013395957,0.03132610034737646,0.23230202271784922,0.03514867118691411,0.04792641115779959,0.2163156680191337,0.147226835321008,0.038372896107386235,5,False
143,0.09482136059214197,0.09807038478153735,0.01824798004187141,0.05142236500240675,0.22755928088706517,0.018701817116577382,0.07600168468568057,0.21950581347584605,0.15322539258030893,0.042443920836564356,5,False
144,0.09939237651164756,0.11259764893892875,0.006933401412498934,0.05878404990369379,0.22679769161613864,0.023188444830545756,0.06197443641757558,0.21944714549573,0.14363504609932318,0.04724975877391787,5,False
145,0.10790727027391982,0.10873931954210801,0.027742460634379584,0.05154029010277297,0.21877434502261983,0.028334509695060392,0.043611148599956406,0.2185116188777696,0.15261881505206143,0.042220222199352196,5,False
146,0.09202288787900621,0.13787461669571818,0.03488502018231455,0.03967169621612432,0.24198681260525862,0.028118896045083136,0.04943925200322127,0.19542009943755068,0.14959692987252554,0.030983789063197657,5,False
147,0.10581196944794245,0.12148793006753686,0.03578957973556498,0.03534082156510586,0.23766165275090792,0.01460206358338281,0.06002999896561565,0.2176891931521341,0.16008979996127276,0.011496990770536572,5,False
148,0.09545952994934868,0.12622233009076397,0.020019016526707928,0.05362821622442894,0.2394841856150823,0.02042403096047803,0.0492527216204225,0.2215353892373782,0.1418282477930009,0.032146331982388525,5,False
149,0.08755747086722714,0.1214440217209261,0.0186604738317785,0.05924942175293671,0.22981557118561532,0.028573826112231363,0.05709316294137956,0.21944765561490062,0.13774971962361374,0.040408676349390764,5,False
150,0.09252776617089495,0.10521674520084921,0.02480932165417743,0.05852189944173037,0.23612099691314126,0.03387508157506994,0.0547347288256236,0.21230752397248925,0.152296058174452,0.029589878071572012,5,False
151,0.08712438161659948,0.11620657177827068,0.035193080540898626,0.04139369995768992,0.23637427505536437,0.038014312888132125,0.03360678297286366,0.22009098739133334,0.16217252955208453,0.029823378246763437,5,False
152,0.10643966390951315,0.11863775679065644,0.03257824219882224,0.041285425296063806,0.24292349587267925,0.01460282193547471,0.04806539475625524,0.21288517591239592,0.1568380988658354,0.025743924462303922,5,False
153,0.08248897342971939,0.1245363711609014,0.03334793890160917,0.04225531295963353,0.23622586217506267,0.02578522785343204,0.047025631796270374,0.20489825934031708,0.15546277272576872,0.04797364965728565,5,False
154,0.10956380858600925,0.1263012941997908,0.025191994148273954,0.02622664120637708,0.24881957864452806,0.029889856177752996,0.055881375356851254,0.2086996039276721,0.14342587342297264,0.02599997432977194,5,False
155,0.11841729097619008,0.10213887916610423,0.018065559718278498,0.04285012692413394,0.24002853075407365,0.019992705834717295,0.06524412156794486,0.215008022287324,0.1366791543484886,0.0415756084227447,85,False
156,0.0992543088503738,0.11292044974634399,0.019573987013729376,0.039554432365424566,0.2160944069741697,0.03612670522425806,0.060712726908537754,0.21858333957803,0.1533864143899252,0.04379322894920749,5,False
157,0.09680049909226884,0.10798739537270165,0.014682500989835949,0.053200894561399724,0.2435046503129255,0.02415920593449643,0.06419925353760479,0.20827862921326779,0.15998500978140962,0.027201961204089683,5,False
158,0.10580710303647468,0.1303306400184339,0.02294567013227422,0.04529226540594641,0.24653763984005395,0.03813484407580327,0.04136124250151209,0.20028882486123725,0.13697450430198033,0.03232726582628409,95,False
159,0.11345314002735973,0.12365609682607753,0.015008671208078254,0.041252527092123105,0.24107114688553155,0.010996069879952823,0.041080808536282376,0.23011300679310553,0.1348055413583782,0.04856299139311092,5,False
160,0.10276884873341031,0.10384055634054477,0.015653947568749646,0.06210308055527653,0.21703570000338654,0.041861773955554855,0.0484660607370001,0.22493229487362829,0.1372264089648542,0.04611132826759478,123,False
161,0.07896164453417505,0.129768119627668,0.010335083263682607,0.04603736256661426,0.241493970368315,0.03297113226252129,0.03959157168427491,0.22692398432653157,0.16621515235460183,0.027701979011615405,5,False
162,0.09784159023294259,0.12230745491338862,0.03125946234500794,0.04091356181056212,0.2288695566755841,0.018983487271795114,0.06160785288576475,0.201642251217392,0.1470127256582426,0.04956205698932018,5,False
163,0.10517122350037772,0.12126546408213762,0.029597548106557337,0.04024415196175858,0.23637339682202232,0.016478423492911596,0.05410496350962204,0.21395367302468224,0.1481736306912305,0.0346375248087001,5,False
164,0.1012053458857605,0.11151886682746762,0.029229443343375846,0.0532241410199765,0.23904505118384872,0.017936876129427844,0.04937768698975973,0.21910001595374684,0.14064460956995575,0.03871796309668068,5,False
165,0.11283886970506816,0.10853775515177731,0.022340289163285326,0.04547860198752157,0.2385671879848067,0.020427844489173057,0.06338900686073079,0.21753324959295575,0.132553273528838,0.038333921535843245,5,False
166,0.09052861217551464,0.11679305861826506,0.026188475031106488,0.0454924822948615,0.23933936183717622,0.03054084003339269,0.04710202897434143,0.21226647830726328,0.16143569152332474,0.03031297120475398,5,False
167,0.1002564500535555,0.10916353376550154,0.03039569313844837,0.052213288462384634,0.21419268125039267,0.04944958597080385,0.04792057968271299,0.20584565595080684,0.16370506702893076,0.026857464696462798,95,False
168,0.1067547299552137,0.117430049612846,0.026397811590121608,0.056530581852974694,0.2344552340319263,0.025924401250521402,0.039495686700729615,0.20293776678369543,0.16293167309863196,0.02714206512333932,95,False
169,0.1095899988491972,0.12064515015321702,0.039385941200246063,0.032204017008107516,0.24942497690192864,0.007170529095507595,0.06402876518947519,0.19606366479149234,0.13369738716728624,0.04778956964354218,85,False
170,0.1012760071494067,0.13053866699580505,0.01635958508040094,0.03655978092038027,0.2345835096686674,0.03345070928996796,0.060867898860337354,0.1977301100409646,0.1451269610832484,0.04350677091082127,95,False
171,0.10776507417296137,0.12717263127963443,0.03696545731296576,0.040763792617645477,0.2152745201256559,0.029984941428084895,0.03495141601174182,0.20836554249822117,0.15100454853961323,0.04775207601347602,95,False
172,0.09187221574643963,0.13001423649988306,0.02410949363184519,0.045079760696834496,0.2230813365005469,0.022751490884213025,0.07765512395747837,0.206252164011866,0.14269235747585604,0.03649182059503736,5,False
173,0.11153861922637705,0.12329282005228347,0.02321026982592149,0.037673921114515764,0.22204204985546852,0.027937318455765036,0.0641586247569015,0.21242662350959682,0.1585609812792122,0.019158771923958064,95,False
174,0.0900672952246213,0.12822135348346675,0.03045170233149633,0.03793134958661619,0.2106341906293613,0.044826860487614,0.04946509048227865,0.2123763108847932,0.15838517295087415,0.03764067393887807,95,False
175,0.10575240584659516,0.12635690335702465,0.007675415836107221,0.041267933940244604,0.23640324518931632,0.02020386868125041,0.058892199992853334,0.21829111611401192,0.1458769380619234,0.039279972980673004,5,False
176,0.11983587713525715,0.12312620157830828,0.02374338008398927,0.044077005636866666,0.22026670408587692,0.04301480996265852,0.05694151804083749,0.2047037869281056,0.14056129557570762,0.023729420972392497,95,False
177,0.11663191953301792,0.1277829544924164,0.016561176107514432,0.029879180249552054,0.24025457346727017,0.03215266828810555,0.037096447222003996,0.220006678687491,0.14296780066869708,0.03666660128393138,5,False
178,0.10066872158629829,0.1277342042266479,0.02751784514942046,0.030090867177988624,0.2317598670393614,0.03637020097765625,0.07139584491801586,0.20422471620772226,0.14221711858425903,0.028020614132629865,95,False
179,0.10397082282459849,0.12246686392899674,0.03242692436088024,0.040011570198864865,0.23010366308953698,0.03972594746309511,0.05313729083379778,0.20985415144380418,0.15537278572169222,0.012929980134733442,95,False
180,0.09981915578578045,0.1156264599437706,0.025401309746739667,0.009164925988702406,0.2444560323772881,0.0420794424111179,0.07577781316947095,0.19946729124465448,0.15740629397201425,0.030801275360461036,95,False
181,0.08448315005970286,0.11269485500859237,0.042351572822293335,0.04185985371073882,0.2253400411317629,0.030303323899424535,0.05952085480195908,0.20329885083821242,0.1576454918902404,0.042502005837073364,95,False
182,0.1194018864215702,0.11456905013359991,0.03573828691146915,0.03585336896506985,0.2259271306011274,0.04185630675756695,0.055831162427972626,0.1936929623912688,0.15404909059795274,0.023080754792402465,95,False
183,0.09929484182186171,0.1189902974238633,0.021726458794463367,0.05032994509580164,0.23250154116185473,0.009659396086524802,0.04145738268484009,0.22617048160460826,0.16864945878522014,0.031220196540962118,5,False
184,0.10510677580831371,0.11208135835721889,0.03510598093843679,0.04969101231496743,0.23293576849291997,0.04342534718805904,0.062250842939195375,0.1954247499611088,0.14661434562212455,0.017363818377655407,95,False
185,0.10939616804589249,0.13109084095146656,0.02534922260031252,0.04364211375378476,0.22446179664965166,0.014845847053599658,0.049863666740591,0.22604611089786733,0.13321437874840789,0.04208985455842608,5,False
186,0.116072118853853,0.1282386251108395,0.021498076485827612,0.040131862595512206,0.24177985311166364,0.028078056906941963,0.04949605981602142,0.1884424517557774,0.15483122334944094,0.03143167201412233,95,False
187,0.11216173415642948,0.1093764040930482,0.025075750696949055,0.044724842150063025,0.22235292531963913,0.025595358214777514,0.06154520765451076,0.1981653366531555,0.15076260733202365,0.050239833729403646,85,False
188,0.0995007042573425,0.1313440227955869,0.03655574032131124,0.01653910805670714,0.22550285639977913,0.035992935131041265,0.05676202917065264,0.22113838996933585,0.1545170764470301,0.02214713745121312,95,False
