ID,strat_res0,strat_res1,strat_res2,strat_res3,strat_res4,strat_res5,strat_res6,strat_res7,strat_res8,strat_res9,ancestor,alive_at_end
0,0.08932183164695989,0.0291727437739967,0.03714679682021407,0.2728816208157425,0.23424920067298272,0.02573056591318107,0.0029863820781249966,0.1719169609301224,0.03198440274380051,0.10460949460487515,0,False
1,0.07396570421092896,0.04442164674264001,0.03750682691853469,0.27577975911087405,0.2328111423838646,0.0205231202932956,0.0,0.18937835711445483,0.034781200716127655,0.0908322425092796,0,False
2,0.1051385617658012,0.03627954688734976,0.05587162139446648,0.2729995645794923,0.21794776678256622,0.017125743416620914,0.009664603439508163,0.16390157316172171,0.016523909051842037,0.10454710952063126,0,False
3,0.09238402926361933,0.02960848042035653,0.04538524069505263,0.27524959897587586,0.23712554453998777,0.01940441082063745,0.020283560542968558,0.1588730837662822,0.021268264973531563,0.10041778600168826,0,False
4,0.08984548716722274,0.030536060741143612,0.04301336120416547,0.2715709780886095,0.23335394334114837,0.018039926299698302,0.025112812563850236,0.18704289845078542,0.008307051452709121,0.09317748069066713,3,False
5,0.06013732605031067,0.04899421738623638,0.04381125462858865,0.2696724085460744,0.2298946703217784,0.02291484184162217,0.0,0.19040016544256527,0.04671921732952224,0.087455898453302,1,False
6,0.07544425314109128,0.045756415155914706,0.0384757782956417,0.2612727359676888,0.25854982024075035,0.0254877402125362,0.0,0.1690796151290269,0.0296918506272645,0.09624179123008568,0,False
7,0.08545209455864804,0.03578288814950798,0.036699251770634454,0.2749871988485826,0.22642438850668525,0.025313251108393234,0.011355812214083393,0.17455712858491929,0.030910580017118577,0.09851740624142741,0,False
8,0.06674057881405378,0.042973713898665396,0.057653311434632176,0.26447847417415565,0.24969831375706808,0.03746925141399154,0.002958928959936451,0.16113626733275938,0.02954147080825549,0.087349689406482,6,False
9,0.09039660974127116,0.024581801886238052,0.03861045065350689,0.27412681818757306,0.23515245410071436,0.012480228455820372,0.0030785606265321995,0.18206734114342293,0.03247841736879595,0.10702731783612501,0,False
10,0.08349091231292212,0.023225261458627633,0.02835080593791479,0.2676042876315345,0.24513166367211076,0.0315030717088018,0.020150825760189586,0.16802663891122852,0.025663594147638524,0.10685293845903181,0,False
11,0.07305923817617552,0.036521617266524996,0.04968449852648206,0.2627802462237016,0.20925465746621874,0.0338642879753279,0.0151058643833982,0.17099596873966308,0.05752432606544334,0.09120929517706454,5,False
12,0.08933178497426841,0.02910368561353378,0.05164806863185147,0.24915119984173478,0.2371160284418672,0.020670967074692504,0.034273914121625206,0.1994097466767716,0.0,0.08929460462365511,4,False
13,0.09208718962262309,0.015248632006793342,0.027150186213970313,0.27720048793904145,0.2437031607185294,0.0331854879496201,0.0043476384207016,0.1768287503396011,0.023576843555643864,0.10667162323347583,0,False
14,0.08376199030536151,0.021473253761079034,0.04534223358749184,0.2923878987107964,0.24365339179816697,0.02161049944539142,0.024504242265666214,0.16959299991145138,0.0,0.09767349021459523,3,False
15,0.08841119164792034,0.035760932056852865,0.04295455781113077,0.27051338608602987,0.2206498032115525,0.020478175785595337,0.0,0.186065121477969,0.03195736874499781,0.10320946317795134,0,False
16,0.07804909975329205,0.01794150334510194,0.05127659776909088,0.29197684000801377,0.237370110923616,0.00678270922541506,0.02649274391968084,0.1609049722544303,0.013856419916787604,0.11534900288457134,3,False
17,0.08918546364166453,0.033448979877073216,0.03499296835000539,0.2755826532224811,0.2272799491316689,0.04065441058693986,0.0,0.1622632692495842,0.021298478879654498,0.11529382706092825,0,False
18,0.08353436423307274,0.027303167057522084,0.04771945495338949,0.2748190644159161,0.21281893018533005,0.018825089302815675,0.03887059335419687,0.17914138756049727,0.018343698491379828,0.09862425044588001,4,False
19,0.08137093123131618,0.03244252510765614,0.034442571454908026,0.26382876983496967,0.24139863255499527,0.026203150375724297,0.0,0.17598008194978917,0.05185625288533738,0.09247708460530371,0,False
20,0.10765393738021024,0.020093135428515624,0.03264565161897557,0.2862851968441334,0.22821235487593095,0.020648766837263605,0.011421637604028081,0.20154428670971591,0.0007831908205905389,0.09071184188063601,4,False
21,0.0908822446807666,0.02291056083170901,0.05366952367722552,0.29190754072385455,0.23026038650074454,0.017228824118367684,0.015005870369333202,0.15521780158579984,0.02196002858411466,0.10095721892808432,3,False
22,0.05597853323820766,0.04249960573257582,0.05276402792401015,0.2557352004060522,0.2350532936214938,0.020079535794217795,0.0020124024037035935,0.17673217388958118,0.05998131634587624,0.09916391064428158,5,False
23,0.10046321550440196,0.031428210281867465,0.06258863040346671,0.2688995612848948,0.2066632555656589,0.025289828445075973,0.011562748168734073,0.16634354757246592,0.012701248076440302,0.1140597546969939,2,False
24,0.10158027380305026,0.03309847455054406,0.0332323292365757,0.26553009605951033,0.24047603271303397,0.014427518733261426,0.0019651413590058065,0.16029504654731327,0.03382351439331882,0.11557157260438634,0,False
25,0.0904358482372739,0.04380934302255289,0.024873099777578147,0.2790436890785932,0.24170464512758238,0.0037793578065117707,0.023101342724956488,0.1941741475057572,0.0,0.09907852671919391,4,False
26,0.07808089801811387,0.037403336917411545,0.030822882724032254,0.26696222177294693,0.22671675364694702,0.040929046448300685,0.005410460539692932,0.17846832618109898,0.040572467958608194,0.0946336057928477,0,False
27,0.08322958374241661,0.03704492170528527,0.05585448103218573,0.26682860900535166,0.214935619519977,0.0333670165699747,0.020022032739848726,0.16022382187828713,0.014444578172513576,0.11404933563415968,3,False
28,0.08138545948104792,0.04294189103493182,0.04388192198588786,0.250704520477774,0.23803050837724726,0.034765825038414556,0.005660448281435803,0.17538119530675733,0.03923760016582521,0.08801062985067822,1,False
29,0.052859284319734384,0.047846319445281754,0.037530164618257644,0.28370768707358485,0.24046504453129636,0.01703165979249989,0.0024596381449496206,0.20689185921437325,0.02366073889820057,0.08754760396182173,1,False
30,0.06267872582693335,0.05243177148373642,0.042677949252357315,0.271186666305314,0.22670104627377405,0.021208077383232573,0.0,0.1929582949278586,0.04342266740409874,0.086734801142695,1,False
31,0.0858512699368009,0.020323419481112683,0.04519770544373742,0.26815160678219047,0.22402299953193525,0.027446450030688768,0.028431384019420667,0.18187428960884866,0.018906357614279532,0.09979451755098578,4,False
32,0.04930642821314045,0.04358309586717055,0.040533989246283514,0.2412787018479832,0.2342810956110656,0.03640796415933606,0.0,0.19110701105382108,0.05975810008312659,0.10374361391807313,5,False
33,0.10278911751414786,0.02184753664407631,0.029652243584050057,0.27295953449632315,0.213225560719184,0.04926149273575148,0.022951976722781802,0.1617621433952332,0.028102716495703974,0.09744767769274822,0,False
34,0.09774281935123606,0.03666932919583036,0.0606541443034193,0.2762641285130737,0.2177085823082357,0.020800655248463498,0.008804386261825742,0.16981669559599208,0.010736745092621583,0.10080251412930206,2,False
35,0.07325454718455551,0.0593371052721553,0.03556469026842591,0.27231096352560785,0.21885625891893923,0.020034665788891775,0.0,0.19378269452838778,0.03318132236730287,0.09367775214573394,1,False
36,0.1062004761903595,0.04070457521257051,0.03543709340639895,0.2734007096522992,0.22851312849780123,0.0030124175556188043,0.03656123363910195,0.192010374907136,0.0,0.08415999093871392,4,False
37,0.0666318604826817,0.044642503881959644,0.020254461670293756,0.29332480919852594,0.24064192754815789,0.023026258305004186,0.0005316745385964373,0.184301514921378,0.03270081543657953,0.09394417401682283,1,False
38,0.07490481154514259,0.032646782460791765,0.03310053171295498,0.27382204616320405,0.24462395945658183,0.011385189444210884,0.004453502999220822,0.19353868733980176,0.03884439341061912,0.09268009546747215,1,False
39,0.06273280775425191,0.013001954467052587,0.03364037704909786,0.2800370270004527,0.24386133431662618,0.02450152967995981,0.021837014329719025,0.20760982728673183,0.0007414112308316052,0.11203671688527647,4,False
40,0.08213185276111994,0.022232808033303186,0.04080033327734309,0.27513604548099685,0.22042713950288556,0.044932368728348895,0.0,0.1777513459904829,0.03527048225373262,0.10131762397178688,0,False
41,0.08350946148288521,0.02741741246918036,0.0461845074002697,0.2566188170020965,0.24914819240719843,0.03303510215444893,0.026743552071872432,0.15947277704786514,0.011347698420026647,0.1065224795441566,3,False
42,0.06592971547283503,0.03558704986205129,0.052663547344435804,0.2627984982604669,0.2208432812378007,0.035148759875283965,0.0,0.20048770743992594,0.0428696851914669,0.08367175531573344,5,False
43,0.08428925786301479,0.040948883306078536,0.02195631661578713,0.2441070465060985,0.24711842201897152,0.03575274971708314,0.01879524772322516,0.1683991448670185,0.03671582133503762,0.10191711004768515,0,False
44,0.09603050449605836,0.015834096271024268,0.040348580136526174,0.25898965143447095,0.23655397063779032,0.024798904633760634,0.03144166338027299,0.16888111060402053,0.021594969861817213,0.10552654854425848,3,False
45,0.08413373819835088,0.03176662301006536,0.02212625635136139,0.272634649553188,0.23630467579987702,0.026117289203330816,0.02431044343903964,0.17500487304471077,0.04063924044543087,0.0869622109546453,0,False
46,0.09314000461709532,0.03982456863705483,0.036662713024285726,0.27276076908061103,0.23062265881455443,0.016762745856849542,0.006352875874354677,0.17308275773485196,0.036851938849650476,0.09393896751069182,7,False
47,0.09819894145224918,0.02852613290063211,0.049263090811649736,0.2686765961622332,0.23495032597045376,0.0424654122879585,0.0,0.1619166094104522,0.033907414312432646,0.08209547669193865,7,False
48,0.0975067614792741,0.03128183052859422,0.041059638675514036,0.2629943287570328,0.24340707905877035,0.030502930852481576,0.010354235231939497,0.16924841776802316,0.0190263176999588,0.09461845994841145,0,False
49,0.09260259591454872,0.03429631429359718,0.03424475296498831,0.2855835973501462,0.24210478184924936,0.011793553601430303,0.0,0.1659173990029195,0.023111061762568545,0.11034594326055186,0,False
50,0.09378361777902341,0.033180482227726314,0.053217183295909985,0.2682972666945165,0.24140978297634796,0.015678496509002375,0.004233070087173708,0.17240635562050938,0.026544132031333854,0.09124961277845665,2,False
51,0.08135577561883409,0.041221709250202736,0.03134427357245161,0.26903466336036647,0.2437176852684296,0.020163317930147164,0.004076717504741572,0.19434050751458287,0.03371762300927656,0.08102772697096737,1,False
52,0.09570115646398394,0.041773180666737464,0.03907085351394945,0.27200358902381294,0.24309334885480702,0.003356872273591332,0.014421795804134123,0.1977328134210866,0.0035181334800470842,0.08932825649785002,4,False
53,0.08473920988154275,0.03388381147216411,0.038064120608177,0.2782012638616336,0.2395743215690735,0.0036804557738705714,0.020079547921722094,0.1843215436183625,0.020390462940231866,0.09706526235322205,4,False
54,0.07414089243770136,0.043863951375312786,0.046048080307430635,0.27856383337603857,0.2171945894768132,0.009595557474675862,0.0018554069374017768,0.1875487136869125,0.04406754797153284,0.09712142695618056,5,False
55,0.10169173246982917,0.04310227023901908,0.04004750626257957,0.26651768975195983,0.22467598020080629,0.01981896825209666,0.008107825352310395,0.18191770795978973,0.0033137222922486054,0.11080659721936051,4,False
56,0.07499195542279939,0.03418778780537541,0.036767629712530156,0.26440027517708947,0.24029306903756997,0.008915763769570421,0.02033347381149952,0.1892627602836469,0.02550600708394186,0.10534127789597694,7,False
57,0.07353771595498851,0.02747660185169245,0.04277778104663203,0.28905326963925043,0.23997161498011452,0.018846452282807354,0.01337664586206101,0.17498076300881701,0.019313756477116893,0.10066539889651974,7,False
58,0.09238492179344836,0.041780182045909206,0.05860361112146189,0.2526436981765926,0.20260771050999266,0.04136589275971002,0.016072349786126146,0.17010269759219285,0.040439705924441564,0.08399923029012461,11,False
59,0.09458264612217974,0.04171590461056759,0.03514166818306408,0.26394540868560473,0.21752247312676654,0.009735740075302955,0.006463365849673231,0.1849050926854929,0.050488127825127814,0.09549957283622049,7,False
60,0.09641203581455376,0.04626369849328005,0.048022542944132066,0.26177905680139163,0.22709166032958428,0.013703751227356132,0.022934467754454787,0.1647975015983454,0.03445213027801138,0.08454315475889054,3,False
61,0.10033517903559526,0.024182670430805096,0.04897754491364289,0.2840643141191481,0.23553809412474713,0.016047929901766445,0.011244326059760862,0.15778991654413793,0.03410150177694083,0.08771852309345542,3,False
62,0.06459151973125382,0.03908115246169092,0.05380236168055509,0.2620963858573139,0.22942310814632985,0.02127284229249904,0.014972448439901097,0.1971593990755773,0.03871761844748438,0.07888316386739473,5,False
63,0.06610243893841052,0.03892329418392707,0.061156630361458665,0.25697058153581837,0.2459904437744095,0.04379762730551425,0.0035074845279321875,0.18054694400208005,0.023287352359870686,0.07971720301057862,8,False
64,0.08864837796653438,0.04957931889573702,0.03483051959125474,0.2670872284066565,0.2422427292164703,0.010320958360495165,0.009662324610248262,0.1971845995262749,0.0,0.10044394342632884,4,False
65,0.07687756559789463,0.03554469929575744,0.0551950629489841,0.26071427400056135,0.20343210072516626,0.037799614207168826,0.002264838574535898,0.1870291498295643,0.05825267239835499,0.08289002242201196,11,False
66,0.0728103889749905,0.029031989518515093,0.023295524420111586,0.28838402465095403,0.23516077082519649,0.026160453702752405,0.029699003179688162,0.1607503772297392,0.031156552744537488,0.10355091475351497,3,False
67,0.08176894332875671,0.031087037943536462,0.05058205412706752,0.2819560124047578,0.19998598303823245,0.027825890332208114,0.0017788551657738404,0.1835901977553235,0.05118217079931517,0.09024285510502855,11,False
68,0.056899999727314195,0.060975053032020166,0.04025419497598707,0.26205478655301007,0.2321547781578356,0.013916389651197817,0.0,0.2041557599916161,0.043794234175625855,0.08579480373539322,5,False
69,0.07466566183455887,0.04483267361673252,0.04586662235185643,0.2622242069918258,0.21365361876370262,0.0388526800403581,0.0008426647416353314,0.17476963464354273,0.05482169713503629,0.08947053988075136,11,False
70,0.08272155889540224,1.462950702464239e-05,0.03925305970087827,0.2713930729904325,0.24666406219997025,0.03156374744553991,0.017387867567425705,0.16975100545005942,0.02411583900181089,0.11713515724145616,10,False
71,0.09494005947009827,0.02971365868746854,0.04349278307401852,0.27930756169239535,0.23249119458333012,0.016965167265439354,0.036938397761842344,0.15829111271312424,0.013012895822830477,0.0948471689294527,3,False
72,0.0641503301813792,0.041702261655236425,0.03191380511808184,0.2753569149353651,0.20845760292564092,0.050500141621462824,0.023709767116303633,0.14890797743607864,0.0662958492416806,0.0890053497687708,11,True
73,0.07434230001320628,0.04717520171885013,0.05886868510585569,0.2540779178869137,0.21711262697644074,0.026593389146731514,0.005197676027195345,0.1762189244744067,0.0592768248213996,0.08113645382900032,11,False
74,0.06214854925868347,0.022478119071675816,0.05321880593826324,0.277676897284019,0.20381202671618098,0.03992406499619905,0.024905598766809728,0.15731568622226944,0.06164434620728101,0.09687590553861813,11,False
75,0.07424024516617263,0.02478459651290057,0.06087056607325946,0.25900870864910236,0.20312729844517727,0.031946566000074665,0.016719627566615512,0.16741903286767418,0.06531951004224436,0.09656384867677903,11,False
76,0.0981066678001042,0.03396925758763118,0.037574954754512224,0.2598976664934616,0.24907708095037717,0.02001815710635113,0.031949785720944396,0.146662909591134,0.013311282241878386,0.1094322377536058,3,False
77,0.08442526037894521,0.025829162938211424,0.05226337249557959,0.2695853209169911,0.22907286088187187,0.015586800298383734,0.03364065725520564,0.18360444265907946,0.022728797544445577,0.08326332463128637,4,False
78,0.0811522849164693,0.039934021894438995,0.027384552391695464,0.2760273053114492,0.2620393142974263,0.010370021735522976,0.030245305364610883,0.15415855758336935,0.013795505707192046,0.1048931307978254,3,False
79,0.08163096610197319,0.040071899621462424,0.04991617033015005,0.26283656248248455,0.23676515960895547,0.019549128209843687,0.03101730957046519,0.1819256236553251,0.005685131845765905,0.09060204857357441,4,False
80,0.07354640138315305,0.034078137481158524,0.05368086157747503,0.24383780120272525,0.210442892715521,0.03309853864193092,0.021571808468673157,0.1807512591042644,0.051893863214649484,0.09709843621044927,11,False
81,0.0639947431432823,0.035585583279774,0.027226016672657616,0.28871385511233455,0.22495841508209885,0.03207088848658681,0.008327968697845668,0.16853252198631316,0.05654429325430009,0.0940457142848068,11,False
82,0.09162134468552037,0.016272007180924895,0.04843757527494611,0.2802596466595048,0.22992457930717092,0.030775880315907635,0.017859140824926557,0.15485342863732413,0.028754192887493726,0.1012422042262808,7,False
83,0.09278352280082285,0.02970016725371191,0.0352826660384932,0.2789697825671982,0.2277215375715149,0.013481212212195207,0.03126395658021644,0.187000454882974,0.007775534583281346,0.09602116550959193,4,False
84,0.08001277294951264,0.03467896370462332,0.05677065875588195,0.2515067895684681,0.20538311669289427,0.022774920120466228,0.024518226862529,0.17001680335930927,0.07289841516607695,0.0814393328202384,11,False
85,0.09483268615612749,0.02291273863642401,0.044769809589645854,0.2712484562451266,0.2198888703135791,0.02545180757016077,0.023364657962905974,0.17201316830171434,0.026735828831305097,0.09878197639301087,3,False
86,0.045629392465513764,0.03865859069333478,0.06055112684072444,0.27470197211708197,0.2221640187759172,0.00892123246055937,0.0,0.2026186649575191,0.06183336869254099,0.08492163299680834,5,False
87,0.08063408571143478,0.04217591311929617,0.07154564523937035,0.25988545909879796,0.2095846795504106,0.017493918873837933,0.01230142759229462,0.16162420460585716,0.06536266790484449,0.07939199830385596,11,False
88,0.07928536559498893,0.03410754744951889,0.03214816631824987,0.2818212936348195,0.21131937827264935,0.03188428285974508,0.01619973004165849,0.1581870140576856,0.06123030468898892,0.09381691708169539,11,False
89,0.04556078862019826,0.027089791294568774,0.05164712422306489,0.29134496190079223,0.22266180532656168,0.012566758876095232,0.0084377432134117,0.19043569794231155,0.0525331339681056,0.09772219463489011,11,False
90,0.09795799703428697,0.02738343813085613,0.05047387574845361,0.24531411466406627,0.24603212324166857,0.024555322548899944,0.023560750788380953,0.1702100610164093,0.014616422330684085,0.09989589449629414,3,False
91,0.08536686345945083,0.0,0.0495058043945494,0.27873804233256416,0.2362670746326059,0.02327259728052138,0.02889456780550168,0.20240770583869336,0.01069987509096604,0.0848474691651471,4,False
92,0.06688039111120328,0.038968582863604204,0.044572198938252774,0.26969163905538174,0.19756440542758824,0.03902716287726103,0.0,0.17093564477113013,0.06388995348147304,0.1084700214741056,11,False
93,0.07806191985550882,0.03388332834918071,0.06179179340628904,0.24831258803711687,0.1947541139442087,0.03240469720574644,0.00671052807251187,0.17392509454305433,0.06338384587988999,0.10677209070649307,11,False
94,0.10624584990236687,0.03169484415148417,0.050566538217812575,0.25983439229443844,0.24323707125454583,0.010256044645586786,0.016871218201312325,0.1578080360714852,0.016354869132325422,0.10713113612864225,3,False
95,0.0811104605429424,0.022907549258235127,0.04188109329835302,0.28528383360041043,0.2151443424514694,0.029414741684817895,0.01853912329364438,0.17424938933750778,0.03382731427853604,0.09764215225408354,3,False
96,0.06921547815544302,0.028982092853119087,0.046358022814593454,0.24867192561325902,0.2265131432061068,0.03179927307440776,0.028090316797462073,0.18078382126992537,0.05584297448979159,0.08374295172589194,11,False
97,0.0765247111906452,0.03535280778123764,0.055531465806423784,0.24652848115848994,0.19934932890818152,0.02925539477742196,0.029009645832237155,0.1769534723088072,0.060746935083275985,0.09074775715327961,11,True
98,0.091032916051108,0.0380563934303269,0.05126062373418331,0.2586715461902476,0.2499299238953116,0.0040247589932382285,0.015513873525632946,0.1795589258275741,0.025751783890114982,0.0861992544622622,3,False
99,0.07157887046520622,0.02429698770522316,0.048409939682594806,0.27419054591519965,0.20501374070843634,0.01932611938298092,0.03249743299489829,0.17384536156443636,0.06117440312916587,0.08966659845185847,11,False
100,0.09169927818228393,0.01635683220918704,0.06031153136298209,0.2685939605600386,0.22859309530210234,0.010895230136289522,0.031243181509564236,0.1545054745362367,0.018109318455197133,0.11969209774611829,3,False
101,0.06842887667007788,0.048023983452987855,0.047376746714963294,0.2661276994076412,0.2266267373463686,0.03412230731313328,0.010438664117780296,0.1578793593274421,0.045776952461253934,0.09519867318835148,11,False
102,0.06169817075542572,0.05113790416016372,0.058672713225933114,0.25478639770498035,0.22492570735358558,0.03580863322089092,0.028201562512841814,0.16966893067072433,0.00907215936164096,0.10602782103381335,27,False
103,0.0891359228478004,0.02406439691266475,0.035684106211098784,0.2687204438562203,0.24199971977723397,0.02078594151272344,0.019978126509701686,0.19009932352722989,0.01709147233768436,0.09244054650764245,4,False
104,0.07394538636816217,0.0303925887559594,0.04676249327714237,0.26949190383353117,0.22381119310743217,0.016846668830424006,0.007156135565807017,0.181807587345417,0.052686398909015164,0.09709964400710959,11,False
105,0.07815266194698008,0.02770699411379845,0.03604314002529892,0.2670207727982218,0.24120314616121424,0.021287172524266,0.033346568870955856,0.19312513094925163,0.0,0.10211441261001315,4,False
106,0.08037626660690164,0.043992264896225784,0.06579841737666497,0.2639176019170803,0.19346882762255874,0.018204185648998852,0.04674149802157459,0.16159721857977152,0.020994493149353727,0.10490922618086988,18,True
107,0.07917764105438167,0.04082198559185108,0.04727639061949643,0.26991111971806797,0.24332837831857315,0.0016226685427857019,0.03600585551744087,0.19483895959146294,0.004488260398936515,0.08252874064700383,4,False
108,0.08832555898432068,0.05433186097881003,0.05804820661252308,0.2644379816985531,0.2283288031868759,0.016943599156675433,0.027008259932550155,0.1791701818698224,0.0,0.08340554757986923,4,False
109,0.1026390545896182,0.029056745574491158,0.051550627049581514,0.2800266268468816,0.23274997473943046,0.02073879212160443,0.017721670452690564,0.15643704941293812,0.010846437639110456,0.09823302157365363,3,False
110,0.08591365390240116,0.030557032315333417,0.07065612925115382,0.25427217384644185,0.20808020631554253,0.01902706481721318,0.034335509675119294,0.15968407980014437,0.04250398867282922,0.09497016140382124,11,False
111,0.09624994224830366,0.025479035306067526,0.023820432372319386,0.27048905165928844,0.2127178296376455,0.05499264308924834,0.023705110632522224,0.16067418743104533,0.04258353686806952,0.08928823075549011,33,False
112,0.06633023856162658,0.045247660411268806,0.03311925789162773,0.27623943915160115,0.19468489587937218,0.036395696027829445,0.010664825942912825,0.18374473818266354,0.069499300397969,0.08407394755312875,11,False
113,0.08474080100078887,0.03393372798018327,0.048220201572782985,0.258013341766544,0.20340078335398712,0.022671231956598144,0.034855665333900415,0.16764833140790572,0.03748544456482751,0.10903047106248182,18,False
114,0.11340865931840645,0.05461348253569632,0.04737615991296328,0.27133877768942205,0.22410294739525355,0.0,0.00946039433290527,0.18630589766468839,0.0,0.09339368115066485,36,False
115,0.10763781633786011,0.028415871611170495,0.038828831423273695,0.26691363690546627,0.2272677792686309,0.018736298952964237,0.022905094135706044,0.1679465761791589,0.024107971637394792,0.0972401235483747,3,False
116,0.08342630448027617,0.025431298183401424,0.017330618429489006,0.2623831262200611,0.2344329199088032,0.03404584137002307,0.032321561324633354,0.16385435875905688,0.036366289364770946,0.11040768195948485,10,False
117,0.11970415986882192,0.023439195775416612,0.023223709577352626,0.2806838071262048,0.21900932150615604,0.029168858450629973,0.026826069440118745,0.18659433184399005,0.004143345324826509,0.08720720108648272,33,False
118,0.07009332754211592,0.04090380555961917,0.054211723324765135,0.2626632219769892,0.21876085936506454,0.01683397377999879,0.03650599310722973,0.1820848046162406,0.023884106488115026,0.09405818423986183,18,False
119,0.080295165109683,0.018702925236870817,0.04048329863808255,0.27271753580246727,0.23398946287278635,0.011559273444952813,0.03856133245239595,0.1545060715164038,0.029822295389595653,0.11936263953676172,3,False
120,0.09667312185477409,0.027063990871918926,0.05022645073481067,0.2565952814779456,0.2559421554784122,0.003346446452278069,0.011302270886752907,0.18790295196745171,0.013543164819398459,0.09740416545625738,4,False
121,0.08204990635615757,0.026423844191981787,0.03939107041271906,0.2668353317476151,0.2183813665683391,0.014612406393058573,0.029798976379128046,0.20685625844039315,0.01785605551152969,0.09779478399907807,31,False
122,0.11241967650347066,0.013282054723896595,0.026257019643901175,0.2649531958645898,0.2210724510031273,0.05220446546284339,0.02811428064314144,0.16147212357885843,0.02197177380712352,0.09825295876904754,33,False
123,0.07633661788537152,0.029232733176324924,0.049986928518323356,0.2740043468670764,0.24828619487236794,0.0036834516572173603,0.014255133040361103,0.20458632586845923,0.013783662883340627,0.08584460523115763,4,False
124,0.0839654486591551,0.020071057033450735,0.06871627778122785,0.2722674588522045,0.21975927290971597,0.022386983343193306,0.026129321209727732,0.18186314598957898,0.016962702200955308,0.08787833202079041,18,False
125,0.07783816830924727,0.018363502109752735,0.03688651814847387,0.2719809975592328,0.22990848744807216,0.022861051590178195,0.05377312332450531,0.1610108876372475,0.02257712367826473,0.10480014019502544,18,False
126,0.08201963817280777,0.039241132425941,0.05227088462198817,0.24391943378905373,0.23461979580632122,0.00437523728603361,0.040286562439152435,0.2051207753345166,0.012797470568562399,0.08534906955562309,12,False
127,0.10240588038258315,0.01995580128519352,0.024883479075222637,0.25855220253829897,0.21357131228662132,0.04731614374629381,0.03653887082530606,0.16993706587831667,0.025123074369215962,0.10171616961294795,33,False
128,0.1012770162287206,0.01489935564324618,0.047703714641300146,0.2696297395265718,0.2480507878824762,0.020416358700151065,0.023577816931086373,0.15227174672289853,0.017174731875659873,0.1049987318478893,3,False
129,0.09852241751279436,0.026915573123693564,0.05200313532422697,0.28367082231341095,0.20079068429119246,0.02778310339704482,0.038038578370245255,0.16687787366378876,0.016660273723121042,0.08873753828048175,18,False
130,0.08338941051908745,0.015116880445922715,0.03542967757015248,0.26279181886065656,0.20148337920991985,0.037157160475172896,0.03516685327785227,0.20038080155401392,0.02124774928391739,0.10783626880330449,18,False
131,0.08726401707089007,0.03173333536653157,0.047739764905647186,0.2893262827841383,0.19847296288929364,0.02644800015784775,0.04193794386195242,0.1639914729931675,0.017458833020920748,0.09562738694961084,18,False
132,0.0758920624430289,0.021112047871788154,0.013367388761183941,0.27101840824771994,0.23339337696517806,0.03127159513457934,0.03674261228133823,0.1769606975017408,0.026591841489952785,0.11364996930348989,10,False
133,0.10498739928030952,0.02379441462442262,0.04922138014155324,0.2818007079661154,0.20953163758688448,0.02780045665124191,0.047866639129717024,0.16937214498452455,0.0,0.08562521963523125,18,False
134,0.09348965716473519,0.04800565056164099,0.056486427868304795,0.2555809398698731,0.23552718075312737,0.017244147673645866,0.024763992709522807,0.16012483664554172,0.012539988277714681,0.0962371784758933,18,False
135,0.08353756471168627,0.02666237441203646,0.03743530423768535,0.2781209325364231,0.2190743320342178,0.023196048696622416,0.024095371342539706,0.17866037799748644,0.02679165218316156,0.10242604184814097,18,False
136,0.0812036918876737,0.023454719338423403,0.03239892779081671,0.28051224484863296,0.2045682279638278,0.03591467860778585,0.024459623224315705,0.18360113216650198,0.02188622830971793,0.11200052586230398,18,False
137,0.07471420479863335,0.026172599114772033,0.0440277594812625,0.2668857074180125,0.20854053655112892,0.018940760078295638,0.0492085379437951,0.18871621728791807,0.019407017760977942,0.10338665956520396,18,False
138,0.0923622904656227,0.030777396836738614,0.033126345574873,0.2592628063056343,0.20785016181222488,0.02884658785538265,0.045535827596922374,0.1768799534372823,0.03230953872303107,0.09304909139228802,18,False
139,0.0855711360024472,0.02400514244988811,0.04111199918387609,0.28118397342071355,0.2056858775714552,0.027043812792547122,0.030586965372414815,0.18027736600870736,0.02420287960706307,0.10033084759088756,18,False
140,0.09009274484927678,0.007169063823131565,0.03283276726715811,0.2566608861488704,0.27313432374329283,0.015987406656222086,0.02129966140135279,0.16607798837989884,0.030215316642244444,0.10652984108855215,44,False
141,0.09732088651644591,0.008280901751859575,0.05016089159465805,0.28495122896093233,0.21655176548733748,0.011032160445789422,0.04146111674429147,0.1794902103184239,0.016233957139204436,0.09451688104105754,18,False
142,0.0779132025825975,0.029438348750929863,0.037921560273938545,0.2565804575467175,0.22819665045958484,0.03664877692981407,0.041087944867730763,0.19860942564349404,0.0066839607263971396,0.08691967221879572,12,False
143,0.09186852723916573,0.038900887510490804,0.058522136960189756,0.2636439939386824,0.2385388339897362,0.01833553082178822,0.023430778693810318,0.18191096512434105,0.0,0.08484834572179546,4,False
144,0.09340404371709647,0.017599374821416817,0.05125552464597609,0.2569177100474668,0.23698310108544893,0.025859382336796334,0.024986979297918252,0.2173284783559969,0.0,0.07566540569188339,12,False
145,0.11485539782786622,0.012704409379832193,0.02356279290477543,0.3016761847185801,0.22053027199269984,0.04050134097886424,0.0,0.16789272620314571,0.031751235439974455,0.08652564055426168,33,False
146,0.07519533024009036,0.03803842906372311,0.05339945567116932,0.27508248622136444,0.22563135381741517,0.017160509960137522,0.024896127876974802,0.1827490484348088,0.02255654221065112,0.0852907165036654,18,False
147,0.06865598097023035,0.04124178917470411,0.06619461542559327,0.25629418893689515,0.2121791672590027,0.021818012021684204,0.005071153159588381,0.16714915244327813,0.056999215473241674,0.10439672513578198,11,False
148,0.06999639074954549,0.04008458892633934,0.03284140341821127,0.2587823990113872,0.22755781676531145,0.017742739388949935,0.047127242265508344,0.18624579600939895,0.009074250315306082,0.11054737315004197,18,False
149,0.08737771811367019,0.012127704204131477,0.055386236402427534,0.28448490263545745,0.21449879366474384,0.005887191670339001,0.024387506708181014,0.18836112907804523,0.027391024687768543,0.1000977928352358,18,False
150,0.08847287522981757,0.0328077095972362,0.053488048305111766,0.26967836277659013,0.20241669011081412,0.011629290611428257,0.03380853707653742,0.18408351433257134,0.02937976497603308,0.09423520698386006,18,False
151,0.07509248441449505,0.036209482592454156,0.06547111940461524,0.278024510249116,0.20687692229936722,0.027423692523526076,0.03578689258634804,0.16609171479026671,0.015886300034190323,0.09313688110562114,18,False
152,0.08078750517360331,0.019205206086742466,0.034913903831363474,0.2671664602999352,0.22421050039610577,0.01958935212150629,0.04432401165051635,0.1950836316014454,0.02438404031953254,0.09033538851924935,18,False
153,0.07318514436888941,0.02317261331578856,0.0462925928261743,0.2930165358293066,0.21567845470219046,0.010948801806997673,0.04869679360527631,0.17578349621763548,0.007666866686312044,0.10555870064142923,18,False
154,0.07947747302941709,0.030783125201508735,0.06376938307690116,0.2707646934418383,0.2106421365455292,0.027271174552848755,0.03795134751562319,0.17791253978622418,0.01692440552031431,0.08450372132979504,18,False
155,0.09812110210428542,0.0327395918653683,0.051740188003922445,0.260860002460683,0.22651445368494103,0.017593700822534756,0.04488090970284515,0.1929052038623177,0.0,0.0746448474931022,12,False
156,0.0860646919030951,0.026242955624115636,0.0435900907399179,0.2941201662667168,0.20528748397462007,0.008974676586455316,0.045160864582314164,0.1677059912467795,0.025853789966443188,0.09699928910954232,18,False
157,0.066896900209653,0.03441992145507272,0.051846314810694405,0.29494031777763907,0.20780429427023311,0.012300168689881848,0.03805636195785174,0.18860440578310675,0.019168976233050975,0.08596233881281634,18,False
158,0.10377428850868581,0.028912260817707588,0.048667246350811294,0.2901412290335634,0.20686608454905828,0.0,0.03771188515385815,0.1700162416821545,0.0,0.11391076390416095,18,False
159,0.08831841403528769,0.033367915528819674,0.0626789734830679,0.26484843901382743,0.1942297896517355,0.034093138347848016,0.01892108694102282,0.17156205665152635,0.023737137988807017,0.10824304835805754,18,False
160,0.07513083453029003,0.032901138451591594,0.04295557756218975,0.2950071596029386,0.21366111330268056,0.0007187560355508073,0.031685940154345935,0.18589110054375776,0.013105728314633497,0.10894265150202145,18,False
161,0.09462801960896272,0.03424631447556986,0.04598346843176094,0.27679652174731456,0.2023155078087055,0.02098888662222203,0.047976186939557436,0.1713244709597938,0.018472195523265653,0.08726842788284757,18,False
162,0.0907948620606049,0.038888635526908646,0.038692987697599546,0.2929012533661525,0.21835433659109688,0.048858760273959724,0.009680700364622572,0.16650417692922218,0.01807536211476467,0.07724892507506828,33,False
163,0.0836978818880155,0.04763274341768642,0.05271481698750413,0.25197051569248935,0.20869504980911005,0.005039920497164983,0.04692342573741693,0.1760118384951288,0.012272926247824105,0.11504088122765972,18,False
164,0.07153291460013711,0.01873225776652212,0.057001163206869314,0.2613166303844413,0.22521574307721293,0.022298219053562943,0.02353392908193188,0.17976839109987558,0.019954265408777334,0.12064648632066947,4,False
165,0.08427762556582236,0.018238603260422828,0.05223799515761842,0.28329786730020284,0.21550846868332643,0.009657321963755848,0.03471787162216942,0.17197292015939283,0.03433685458029637,0.0957544717069925,18,False
166,0.07795648765884138,0.025269917511184858,0.05955588064153059,0.26906960357455867,0.20979384359265255,0.010496556048590499,0.047935200478544,0.16556261066176575,0.02963954838185571,0.104720351450476,18,False
167,0.07710238968372843,0.04642147792820462,0.055955617467692245,0.2573532301368921,0.18883281524331397,0.0182158333585534,0.03768022802688385,0.17711413895135056,0.03373727081261812,0.10758699839076272,106,False
168,0.08407132910954217,0.02962841460165045,0.0599361941863016,0.2739296945278102,0.22035458432700897,0.019806842281712627,0.04465631248246775,0.18135186802050146,0.01020698576990448,0.07605777469310025,18,False
169,0.08179705774874575,0.02925557635565115,0.05562055283731501,0.2588903897756615,0.22371856348257338,0.0048946267117447664,0.0475575665070764,0.19539398546381123,0.005631509125347446,0.0972401719920733,18,False
170,0.08950920621384849,0.0321187194053741,0.04730272365713699,0.26161596399283576,0.20992463395235209,0.013524690422421338,0.03887395072189623,0.17632980568195672,0.0323269203171443,0.09847338563503387,18,False
171,0.0807333677309906,0.03478017020091649,0.04162918040851963,0.28105442725630814,0.21354305201008625,0.025742046153284893,0.0349653831805278,0.16422574782672952,0.031512380329003914,0.09181424490363282,18,False
172,0.0774137194073488,0.0255787809475566,0.04713976856401756,0.2870775919075058,0.21459539791276924,0.014616340478168085,0.02382057217786428,0.18499493128239933,0.01682573522972813,0.10793716209264213,18,False
173,0.0785980382571618,0.022704689223292752,0.03140984031666172,0.28326979782522765,0.22266126670787262,0.015126028065552511,0.042544956526428895,0.19539419577977343,0.006872568046415945,0.10141861925161272,18,False
174,0.08733662054168656,0.024830292837231323,0.061864982324447905,0.2748023578354621,0.20841530556079682,0.012500390579113521,0.04230069049197489,0.17810080722769836,0.020911780999710815,0.0889367716018777,18,False
175,0.08884539305740433,0.0003138438079819288,0.01815043619818445,0.2996918963846265,0.21211231221686688,0.046296249340914364,0.035667875430979296,0.16599889094833534,0.030597130395175514,0.10232597221953146,33,False
176,0.08805296862196975,0.015638117578418778,0.05446226776243926,0.27586372130565007,0.21827739675188326,0.026722901672808975,0.023243547774909182,0.17243977227387378,0.029089361578184737,0.0962099446798622,18,False
177,0.09297093007989944,0.030364240839380417,0.037573038660260634,0.2800507820183966,0.198226262124468,0.03381060168025534,0.035271562357382276,0.18131284735115438,0.005265288425954881,0.10515444646284791,18,False
178,0.07696807409962386,0.02240046993119128,0.04617741709444147,0.28564103852446815,0.1937158202298507,0.010404485897225157,0.02835779176842121,0.19859644422689574,0.05011139558932998,0.08762706263855237,18,False
179,0.0932303458417347,0.021235434250890018,0.05245298760038792,0.24998610461438625,0.22626020941170763,0.01804187824634145,0.03994925229339058,0.20035309162599457,0.010876995517518877,0.08761370059764803,12,False
180,0.09027548541000535,0.03215747035140332,0.033876405884359945,0.27106456944536744,0.2091838550858923,0.012345744156913243,0.034009272230002004,0.18499719065008466,0.022437665103964888,0.10965234168200691,18,False
181,0.07186439675451642,0.05035355236782203,0.046954228113641326,0.2748649102766482,0.21425118131297494,0.008488135640645007,0.031057595328322467,0.1753974391562834,0.02079960096134232,0.1059689600878039,18,False
182,0.08494828338587089,0.025444286583663184,0.042469798782231644,0.2836010893851856,0.21436662982273252,0.0160147146025376,0.050365219086708546,0.17697752705610006,0.011638460811231037,0.09417399048373894,18,False
183,0.07034087171199115,0.023602822212384435,0.030912879494117286,0.26287385168268307,0.26248338519665987,0.03178572784642659,0.01106435431277464,0.17683395374682512,0.025347911212854308,0.10475424258328361,10,False
184,0.0959863507197573,0.001373501661033881,0.020729591858396783,0.26775531742292413,0.24080725788818774,0.03473257025013253,0.043858303877848476,0.15267649233418695,0.02588208738530275,0.11619852660222944,44,False
185,0.07978023293222909,0.03089033914547368,0.062182240273571734,0.2594538909856574,0.2095699079254212,0.01671835944520635,0.05973932585806286,0.1719432059069583,0.01875787941810989,0.09096461810930959,18,False
186,0.09635075982529295,0.015841222596159634,0.05445022620598963,0.26363171997502743,0.21992485866948,0.02776032012659912,0.032614176362208695,0.17912997870369576,0.017893476038893005,0.09240326149665379,18,False
187,0.08028094391875304,0.03307264156399738,0.05031739206002531,0.278610482936637,0.20093103683390956,0.009487526850734526,0.04949900778792226,0.18907464198132973,0.011745505484294743,0.09698082058239635,18,False
188,0.08312599030945796,0.03507076861948391,0.0436462891378714,0.2687177175829343,0.24573552876526053,0.01235127551680708,0.02014149381469787,0.16541364145781523,0.01831740107203536,0.1074798937236363,18,False
