ID,strat_res0,strat_res1,strat_res2,strat_res3,strat_res4,strat_res5,strat_res6,strat_res7,strat_res8,strat_res9,ancestor,alive_at_end
0,0.06385895301248025,0.05108693052615201,0.0054294100550948245,0.15664885441013807,0.15115627396097778,0.040932795823628895,0.04064604464144406,0.23295888229117495,0.17609384682411405,0.08118800845479511,0,False
1,0.07356197398434533,0.04533253929275097,0.0,0.15093212892110608,0.14485260502255337,0.025904815859556462,0.05236988920869981,0.2508083068449616,0.18758260475699934,0.0686551361090271,0,False
2,0.07736013332323785,0.04147875448518549,0.0,0.1539053619875662,0.1481569826735405,0.03800002819895227,0.05994654211299691,0.2110887062863748,0.19969329169190755,0.0703701992402384,1,False
3,0.062087900370298314,0.04946161055947467,0.012089188664897223,0.16545975381604436,0.12348412895217697,0.04784230739501634,0.040265341546788354,0.21991115217009174,0.19038672452949967,0.08901189199571237,0,False
4,0.05088722914435848,0.0581822335732792,0.004567676220926767,0.1539959493180733,0.1344382109131382,0.0667199823895715,0.034552918773431536,0.2127957086671015,0.20309975213706485,0.08076033886305461,3,False
5,0.05196317298237791,0.04269387729686,0.0,0.1631048291392779,0.12953052916737984,0.06697579000718851,0.035853813901611666,0.21348472250142514,0.1970106932278759,0.09938257177600313,4,False
6,0.06003789210105846,0.04552822230466979,0.02043367124406627,0.15365427442627416,0.1605564189846729,0.0164882062560053,0.05205413831804383,0.23724307458053023,0.1649177926215748,0.08908630916310435,0,False
7,0.06396286568330595,0.05914560507849788,0.006188906785183876,0.14754239687398563,0.12614966604286182,0.05903698293356294,0.03090187782801782,0.21328902875334077,0.2002951330403308,0.09348753698091258,4,False
8,0.06803406543038944,0.05547043470174788,0.014748639716078742,0.1408893762272405,0.14970120316618304,0.04031777952249685,0.04674743259678594,0.22631503666562186,0.1758977479498392,0.08187828402361651,0,False
9,0.04101516289266262,0.06275830588830125,0.002812696244017256,0.1473050676827461,0.14632110869578197,0.06389856830608223,0.021273384086670823,0.21296530367816768,0.2187394499544196,0.0829109525711504,4,False
10,0.053817395146767755,0.05146459995923998,0.022724404319018943,0.15773612988480762,0.12361532891007554,0.06346981214510451,0.04239609447730123,0.21129794890593806,0.19523857117451945,0.07823971507722693,4,False
11,0.06949937693223068,0.043719784958664,0.0044528135471803825,0.13725834033170473,0.13322351526497903,0.07410197990570719,0.041570579886214085,0.2228384279877167,0.18301482939789895,0.09032035178770446,5,False
12,0.02861057994818184,0.05618296799316505,0.013741930759615852,0.1592481193967814,0.14356894284836674,0.08559574787664165,0.02562373074516492,0.2099857878779933,0.18935293923776195,0.08808925331632743,4,False
13,0.051936317611796165,0.04324950367117154,0.0008039313515170931,0.16531805903827784,0.13999688359542017,0.025026955051318644,0.046795032033151454,0.25741296266297264,0.1976017887473516,0.07185856623702284,1,False
14,0.07106834567914558,0.0606459889439745,0.010162423335677469,0.1284595845958519,0.16707903745423267,0.038403867123037824,0.042831766976925464,0.22807350226804934,0.17196802632297997,0.0813074573001252,0,False
15,0.07794398477590407,0.04095023713040324,0.003950356232730021,0.14851415387150563,0.14782964023420053,0.0485518925344553,0.07107377145853384,0.20323804146051402,0.19682537000158695,0.061122552300166506,2,False
16,0.01714295332558493,0.06837858624076731,0.00746050512852888,0.15507050312759696,0.1400719572868198,0.08799012389380108,0.03030214071981302,0.20895953123580238,0.19936436944291808,0.08525932959836742,12,False
17,0.08197317371619794,0.02205047202637822,0.0,0.15411524600549326,0.15777098971629355,0.051391237647757715,0.05888841062538795,0.21548083170635657,0.19604199575598438,0.06228764280015044,15,False
18,0.0741160642621854,0.03584889355262611,0.002964711739110088,0.15631054152324156,0.16039953508894364,0.02151306545803875,0.034796090698807784,0.2563431896518352,0.18199108028724514,0.07571682773796629,1,False
19,0.08145668419769508,0.04315997989911143,0.012282081712823576,0.14009571794466139,0.1380118448416811,0.05429699237799519,0.030870250322609184,0.22089940908228853,0.17554803461385374,0.10337900500728073,7,False
20,0.05271800569169097,0.05006916588132016,0.01446072903995945,0.1545080472399643,0.1358773169796074,0.037262526838377184,0.04821956802275622,0.24458441419161983,0.1616429953469148,0.10065723076778971,0,False
21,0.07582251252595004,0.05071367493197857,0.0109638449301852,0.14387695772888287,0.11866539388030423,0.04618320291188001,0.04897297570203577,0.2396765935756634,0.17167264339231275,0.09345220042080729,1,False
22,0.03087120529482388,0.053368895375956196,0.0,0.1689561286533304,0.12459377899339284,0.07024968937467713,0.027576966542116846,0.21709710203891017,0.2015086672888761,0.10577756643791647,5,False
23,0.054933987316096666,0.06079460473318891,0.0,0.1610806501138013,0.15308474705170597,0.005215790661076543,0.042033056327752324,0.2416657581856283,0.2047774175366803,0.07641398807406964,13,False
24,0.10130666219657106,0.06180413076177134,0.007488664548413763,0.1644583810707758,0.11986691567819671,0.023019185229048146,0.06170335963078011,0.22895546965070945,0.17576968965945794,0.055627541574275685,1,False
25,0.06874003302249193,0.07121194234878107,0.0,0.1438229751566768,0.1338312785424971,0.06925204719282911,0.031218623153593892,0.18813012155554937,0.19057847566415467,0.10321450336342612,7,False
26,0.06303264895907182,0.06931048325659346,0.0,0.1393431978211104,0.12338488151038604,0.07675700495206031,0.035901377095992115,0.18192165654686018,0.19935753303199832,0.11099121682592733,25,False
27,0.05448277789322654,0.05390896732086651,0.017784537791158975,0.16460068399545194,0.14664464208784278,0.01825602958947946,0.044709030385114076,0.2418989060259201,0.1673481266247401,0.09036629828619956,6,False
28,0.035584625389522305,0.05180639962569941,0.0,0.1486471017588349,0.14924792326426334,0.0576945201526222,0.03672870046839899,0.20714842506554407,0.2220905083160549,0.09105179595905993,9,False
29,0.08419249722069379,0.059934865906421025,0.013018270258360378,0.1501277808035418,0.13935453755984586,0.027860983937521008,0.05503858587838019,0.21845788238272945,0.17353626618030096,0.07847832987220549,8,False
30,0.07369550523749999,0.028139023890333497,0.0034212390485175944,0.15359132804133652,0.14494490454456618,0.0416400458595254,0.07802775181787218,0.1964700477761627,0.20615983269615323,0.07391032108803271,2,False
31,0.05117775108668461,0.042737784474382194,0.01122032705581953,0.1695946870789701,0.11556601312301172,0.06220047199665588,0.0402891625948102,0.22562551444945164,0.1820146314606988,0.09957365667951529,3,False
32,0.04370454168302968,0.06590562506146329,0.0068581645956184815,0.14916165120512406,0.13189952682234815,0.07507277129165162,0.03823791785274797,0.2174170002769726,0.2069855953556305,0.06475720585541371,4,False
33,0.04529930123172553,0.04700038178881385,0.0,0.15546509761911995,0.12401166869575013,0.06757598744404203,0.05060910629252674,0.212896410113895,0.18516686905451352,0.11197517775961319,5,False
34,0.06902909965574479,0.03325322463076787,0.030088181156791606,0.1600009563445489,0.15563811261172603,0.026554026797369287,0.058178842255136295,0.22320892122587047,0.1574682932080011,0.0865803421140437,6,False
35,0.08739589128758818,0.0536376386756017,0.013705583353162834,0.13502572315169747,0.15943909143019008,0.04099908045974983,0.03632751898616631,0.2240767411013105,0.17145481551124372,0.07793791604328945,8,False
36,0.07903393922362276,0.031211872542725186,0.009230598458013476,0.1459310362088843,0.13000227647281723,0.006250671613817961,0.06518428802617483,0.26047192004319836,0.19668818686350956,0.0759952105472364,1,False
37,0.07943571122846405,0.05144008166962144,0.026145777012499417,0.12100477435812011,0.160458375717691,0.04602455074654177,0.04476972423963819,0.2229216726758454,0.16161044525794555,0.08618888709363295,14,False
38,0.05197061613288728,0.07518274757774457,0.0006258823729311603,0.147391490473157,0.12358394616812092,0.05097661550183628,0.0363258702181729,0.21181340648491445,0.2135852990811423,0.0885441259890931,7,False
39,0.07223716692258521,0.044809878523594825,0.0,0.15756015049917776,0.14479632987448215,0.02328909879494679,0.0447088939120623,0.24704383449347944,0.20241232673916,0.06314232024051142,1,False
40,0.10047128677816494,0.021119009319656278,0.007472648324844982,0.15552145698519035,0.13249300384097992,0.05810313647160049,0.03344627343993536,0.21376836589717377,0.16836695716988911,0.10923786177256467,19,False
41,0.06792495416239543,0.05340964412183988,0.014127248029603131,0.14563991622810837,0.12392445731915186,0.06844336677766852,0.025915765604910733,0.20733437094913976,0.20141231104330715,0.09186796576387517,7,False
42,0.045645259033543016,0.05874431984440205,0.0,0.14664113295391235,0.13221265952505873,0.0675185532994479,0.049841017424975646,0.2154470953069389,0.21152330848672093,0.07242665412500048,4,False
43,0.07961509991036939,0.022887120986107942,0.009132075867310737,0.15353695742976026,0.14642921351018393,0.04486402441687797,0.06428800221235896,0.215270840386481,0.1987514960688753,0.06522516921167455,2,False
44,0.0543949382006575,0.06204729631285823,0.03612712789950325,0.14094882809923093,0.1645579702335513,0.030462053265786226,0.047867681223708776,0.22859299587694784,0.155561962395406,0.07943914649234994,6,False
45,0.04884999471423788,0.07070696539894307,0.0,0.154392694619916,0.14351073815668802,0.07147265665444097,0.012707656092986252,0.20462876905871488,0.21142685886373763,0.08230366644033518,9,False
46,0.07196151287510008,0.05910055618006472,0.012934934932619893,0.14065378836887452,0.15368180914814758,0.027293096994783418,0.03823404204995521,0.21857920837911987,0.1716668241975404,0.1058942268737943,8,False
47,0.069443395229401,0.042761292309443553,0.00791588142510276,0.14983258247547315,0.13652891665781394,0.06028552501839941,0.022273616808685053,0.2299958877482453,0.2008327578846536,0.0801301444427822,7,False
48,0.057940404995142046,0.050870323815414085,0.029933717385016316,0.15321683675258851,0.15517799998201495,0.03810734615978968,0.03499352152288357,0.22798773786846419,0.17622059963381093,0.07555151188487572,8,False
49,0.068214921619311,0.05194147396312063,0.0017182331966984136,0.1734158764725248,0.14231716147560913,0.018874795764080438,0.050873150544370555,0.2174267075757152,0.20069035110431374,0.07452732828425608,2,False
50,0.060496108076683534,0.056510506179664105,0.008481872812082271,0.13261473048650874,0.16159303187755683,0.04098172482567967,0.042467299205237855,0.2191093325335444,0.1856163047859178,0.09212908921712473,8,False
51,0.04653402395619413,0.039113849851719076,0.0,0.16861116968180392,0.13488885828948988,0.04692777150617024,0.034138694388768064,0.21932425566086805,0.20722381910693563,0.10323755755805103,5,False
52,0.08140235446803165,0.04397901827231716,0.010367431486769916,0.15806194613388028,0.1497467971525463,0.025566163576881403,0.05257784497714555,0.20968769895479172,0.20895387711594895,0.05965686786168712,2,False
53,0.04690447013406632,0.07146082302272376,0.0029742857007115067,0.1402122181403648,0.16122827122836964,0.013592522744837389,0.05817342647099986,0.24966630928410363,0.17066404823724274,0.08512362503658043,6,False
54,0.06379815736738333,0.04665425061750358,0.017648790254350812,0.15334419548710834,0.12196775688328429,0.0552594641198488,0.029679110985479117,0.21476608458870566,0.20229272852932784,0.09458946116700828,7,False
55,0.07608334713782838,0.024186288067635887,0.006018257391648041,0.16915207750006858,0.14840066493188758,0.033901360546814606,0.07686203576231222,0.20953871617839162,0.18433453236075312,0.07152272012265982,2,False
56,0.06099394268584696,0.052887102519111794,0.03637673302965347,0.15669990476736567,0.16132031745267922,0.0,0.04951069573200202,0.2532530810970399,0.15549851391316102,0.07345970880313982,6,False
57,0.05890757904673314,0.04470887874931278,0.004291116072979968,0.17037218095541298,0.12418507879290526,0.04460800422666369,0.03288258991421202,0.22168209584103685,0.20926366495664273,0.08909881144410052,5,False
58,0.01838600725722913,0.07676237150540188,0.008003789928919968,0.1392418700951662,0.13991050563636906,0.07590213226748178,0.02720763764395792,0.21633168064428476,0.22590737799152044,0.07234662702966872,9,False
59,0.07126425402529438,0.04681318592617656,0.007891967924936545,0.1397291318581007,0.14710146814240588,0.03859132727784074,0.05221718467532272,0.24659603467533028,0.16350723135554437,0.08628821413904776,0,False
60,0.0711328144391957,0.03285365405994032,0.008638906998454935,0.16336110856150945,0.12948523051595387,0.056875825044927206,0.03460776846912354,0.23196633021702948,0.18871781496207043,0.08236054673179498,3,False
61,0.06989478395624003,0.05215480974859501,0.023560937188017217,0.13857379662850125,0.15398736210718517,0.0443628483198074,0.03601785838620065,0.206355053078332,0.18337410398797355,0.09171844659914768,8,False
62,0.08669028368583431,0.03211458717224209,0.0019635673488183803,0.15299080205812296,0.13127997224394405,0.05217930234233659,0.04260013026428815,0.22805844902043163,0.20339893793946623,0.06872396792451554,2,False
63,0.0646478959624633,0.03789044452561488,0.0025443882610359267,0.14159151730666605,0.16038321323329507,0.04137146694714264,0.0444919529257489,0.22925807766975131,0.2148266751049247,0.06299436806335722,2,False
64,0.07369399318510585,0.06136428158798097,0.01087918757781446,0.13409832944878264,0.1438739213832606,0.02514497498192011,0.03444945676653203,0.22821513263589385,0.19885132402037387,0.08942939841233577,8,False
65,0.059908622990723526,0.06323948513066865,0.009457768694530735,0.1727481129152808,0.10819461828270084,0.059370444650912194,0.031585129471743224,0.20907452996603615,0.2084529698702465,0.0779683180271574,10,False
66,0.07141205540045865,0.07431010466892563,0.0,0.1356765610456008,0.137952013172614,0.03644733356419228,0.040959276612551915,0.2467125396425884,0.18368854556764472,0.07284157032542361,8,False
67,0.05651375762639042,0.03171689227534408,0.025846900476656515,0.1526157314983283,0.1689012576816644,0.012493073747791931,0.04859024496912052,0.24562708147351126,0.1578498375220502,0.09984522272914254,6,False
68,0.07015480531753644,0.04278621211395639,0.0,0.16297227062328662,0.13462909610363602,0.01963349095992243,0.04776653388513126,0.2573020826110726,0.18777575722157483,0.07697975116388332,1,False
69,0.05938991436042077,0.04946568422218507,0.013773306879198727,0.17033592773544745,0.13305798585374506,0.029972611283697666,0.04261783548785438,0.211739532051169,0.20289193834760014,0.08675526377868184,3,False
70,0.040802314134736714,0.04260480263237716,0.03854030917179116,0.1629384103871767,0.1602764989790864,0.02819110923728554,0.04417540727372627,0.23760215393868012,0.1490677812228621,0.09580121302227795,6,False
71,0.06361316789048582,0.059276574619538495,0.03910748396129683,0.12602484907961048,0.14560369693358552,0.03313235340116744,0.047008915273887196,0.22287747398208255,0.1816597714034095,0.08169571345493623,8,False
72,0.05304714885106669,0.04448818199930189,0.04370387651422925,0.14249804166812613,0.13712689001218487,0.05361343143337684,0.06300930182550943,0.21564962092543735,0.17792025323536198,0.06894325353540558,10,True
73,0.06292665540471518,0.06919715652683735,0.031046677082717956,0.12867591679450313,0.13563442622836175,0.06357340600457573,0.034819913493246285,0.2036665073614111,0.1886541022004054,0.0818052389032261,7,False
74,0.0793059471675129,0.04786230063831426,0.008556966346476192,0.18395763366082804,0.097759302634168,0.04646259445004704,0.039217942369455826,0.21491283577661047,0.1888458623096276,0.09311861464695975,3,False
75,0.06620893407127441,0.05949775049153123,0.014310453939049858,0.13260997133852953,0.1512326495035396,0.040662251559200585,0.05271606864180088,0.2222340485723978,0.18805841232486542,0.07246945955781066,8,False
76,0.07163526232754175,0.03523937071721171,0.0055187623414507505,0.14771308771598468,0.1625187980475033,0.060244949317905014,0.05366384465815672,0.22068647681105819,0.18274091101797643,0.06003853704521152,15,False
77,0.0546828915141954,0.04642460281364605,0.009276400417266153,0.14203176496046938,0.13692073460651594,0.083334847657925,0.040164940299951435,0.21296761538025955,0.19821595958220914,0.07598024276756188,10,False
78,0.028940817546292154,0.06654132469175338,0.015424062326859365,0.15831225866091342,0.1342760017481255,0.08218996295544324,0.022174565621871457,0.22938978804658736,0.18004440437219849,0.08270681402995556,12,False
79,0.06236540637378481,0.0474377365785504,0.0342536431611516,0.153348255833041,0.11495999567740901,0.06700496457295943,0.032565732858189624,0.20070679402712555,0.211052172184768,0.07630529873302072,10,False
80,0.05428980697266938,0.051006788755830076,0.007128808258384677,0.15944709167043442,0.1130150670504881,0.07429114935881931,0.06144952131902543,0.21199540856615579,0.1927060471688046,0.07467031087938819,10,False
81,0.04524938750066555,0.0480321918157149,0.004222518003459524,0.14345075784170688,0.12811095354260404,0.035910386636939275,0.03131339809906595,0.231352215152061,0.22025251083278008,0.11210568057500275,7,False
82,0.08237889609012164,0.04359629494271585,0.03764806434290537,0.15904260679598922,0.1568412558514539,0.0074266190979276414,0.03546143066929726,0.23574835826530852,0.14957927330431667,0.09227720063996404,6,False
83,0.052749133242816944,0.030828817145156704,0.020634032833129354,0.1582174823455062,0.12243996320326186,0.055783313153343124,0.04611020121728865,0.21387702915462825,0.21033836243119772,0.08902166527367121,10,False
84,0.06588687280610281,0.054480849333509156,0.028489223171938832,0.1673871728922849,0.11513361588607382,0.05672562480017263,0.0427258307271853,0.20664615163567943,0.19185449675821556,0.07067016198883751,10,False
85,0.04322763122547942,0.049347691791076204,0.026405938317669124,0.1612140095334598,0.11348482207327266,0.06466379211401081,0.03513708799948517,0.23039556771070366,0.19003419200418023,0.08608926723066279,10,False
86,0.07099216901150894,0.04966404101509466,0.0010776424818492224,0.1526396584736283,0.1342378517272807,0.07064899496880034,0.031125656708971217,0.19705230644015387,0.20202365759288207,0.09053802157983064,7,False
87,0.06044211599850718,0.044829692267618654,0.012006954426402799,0.15616772141413068,0.17283335371784844,0.024372274699749744,0.046542052780812464,0.23729643654890037,0.15996612704607632,0.08554327109995337,6,False
88,0.0562802323724797,0.037088102779100185,0.03353349534773594,0.17125415423383164,0.12712419064406438,0.06212763237965456,0.02085739999069675,0.21096181691343455,0.20968277662596224,0.07109019871304023,10,False
89,0.05931681481608441,0.05686565004439917,0.03305116590929917,0.16478259331398715,0.11720395632410649,0.05597376108626185,0.03406053153633428,0.20861943119599707,0.20201817598928873,0.06810791978424169,10,False
90,0.06240256179406745,0.032899811727321406,0.012435012357794673,0.17472497155780317,0.12856789398598584,0.062295548326085304,0.04200398949840319,0.227503719761405,0.18151181294830324,0.07565467804283073,3,False
91,0.05344145830243878,0.04534698743892047,0.015064782183565613,0.16412603949257498,0.10902696080815788,0.05216432668249096,0.05722680364032799,0.22214115958905306,0.20750144430533382,0.07396003755713644,10,False
92,0.042329677113732096,0.03235083429538938,0.017661671286541933,0.1710846125569594,0.11982107196607689,0.07910509889951503,0.017288397185218213,0.23792269372915797,0.19256720116559684,0.08986874180181226,10,False
93,0.04073912979217088,0.04154133795135004,0.026453434593542748,0.15328134022737264,0.16725374461410597,0.047313798842040296,0.048815136559460064,0.21780833831587282,0.15444106038307864,0.10235267872100585,44,False
94,0.0665885531437527,0.05557949413739745,0.021582311271118097,0.1510301238778617,0.12323495153239432,0.06845677424155222,0.02697505073392857,0.20779702749088702,0.19776778484546312,0.08098792872564488,10,False
95,0.03907077541466877,0.043969712655152565,0.013212039579754494,0.14972125762698932,0.17837520464486067,0.015363118021753766,0.04393110045369146,0.24570397047106596,0.17055232663436565,0.10010049449769741,6,False
96,0.044777630292120923,0.054719730928552,0.03740628764794487,0.15394218717520747,0.11839041177649297,0.05321355055875193,0.05268149078363623,0.2069319133452986,0.19159463561261683,0.0863421618793782,10,False
97,0.061553503960620363,0.055991280773316894,0.033021493797831376,0.1529884046117005,0.11253029147466383,0.07315846314361056,0.04156987805112145,0.20706697228896942,0.19613205154058047,0.0659876603575852,10,False
98,0.06937177341017357,0.04173874472063188,0.03656330271372647,0.16508728087426097,0.1106591498440154,0.06479325102871643,0.0520790268081239,0.1913253388516865,0.18030085855638692,0.08808127319227797,10,False
99,0.055298304657838075,0.03349567673370856,0.017402718162105157,0.17012584831484667,0.1278771922258937,0.051277315976196766,0.04708737132393327,0.21780473221873795,0.19156730516382944,0.08806353522291044,10,False
100,0.07119192713656824,0.04227282621478787,0.0107611990819335,0.13591065404085992,0.16815213965580886,0.026272212954657162,0.0429731531000884,0.23710747499232324,0.16466401026659733,0.10069440255637534,6,False
101,0.0691015655671027,0.05063795314753112,0.013950937164756814,0.15443163318443362,0.11500350923315177,0.07232362932266141,0.04421727025222895,0.21161089893443577,0.18659131036997134,0.0821312928237264,10,False
102,0.04664931801388878,0.05362569057120362,0.010506294801903718,0.1350638913549001,0.14918532525113845,0.0589879039972132,0.04651278162950569,0.232212957661451,0.19692830243838205,0.0703275342804134,10,False
103,0.0650499731859695,0.044993978766049596,0.015122450440672798,0.15355695539928021,0.13933914325037552,0.07421052852707512,0.026491811525164444,0.20366628377834717,0.195580615975096,0.08198825915196961,10,False
104,0.0461065676591159,0.0458959226080519,0.03321786017455813,0.163789509102828,0.11737137786201048,0.06991621111350255,0.055561805166219176,0.1893782088761216,0.1915828506623056,0.08717968677528662,10,False
105,0.06535012744794491,0.05125033998511542,0.020051805451290674,0.16021000751580408,0.11997098830673705,0.07443732469285465,0.03633551062212011,0.2025253167154626,0.1960298467579072,0.07383873250476324,10,False
106,0.07083277705833901,0.017273526188901937,0.035564703977732814,0.16073817251101133,0.17389251484382875,0.030736101476515558,0.05741027045948085,0.22052083171639336,0.15776157454380868,0.07526952722398772,34,False
107,0.0550043790152169,0.05094942380186743,0.018304462216126593,0.1723391668922459,0.09022209084708536,0.06270311081657498,0.031594306140661194,0.22799367956549235,0.2147344871386693,0.07615489356605996,10,False
108,0.059226738892279696,0.06434966921399347,0.02605532003308329,0.13865467203875517,0.12130124321289629,0.05439618822193853,0.02712743145022908,0.2181997668520191,0.2039157336976881,0.0867732363871173,10,False
109,0.05659081737075097,0.06581168091665247,0.03151828188711169,0.15035684097268098,0.176962171775772,0.012933492343128215,0.02199012082532088,0.24724817006703229,0.16926887605604984,0.06731954778550071,44,False
110,0.0469504163022203,0.056672441980788114,0.03528720566409246,0.15019511384608542,0.17561211294805606,0.01172366500065804,0.0449465338970767,0.23222735551856769,0.16149986934731791,0.0848852854951372,44,False
111,0.06315252579316215,0.04347100800080431,0.0188429967169107,0.16195679580347647,0.09981487373065841,0.08457087464384902,0.05454009055460538,0.20764722840977176,0.18891255728202969,0.07709104906473198,10,False
112,0.07528796344335532,0.07269061398126626,0.048612089422933595,0.14015626844824672,0.14235523277063586,0.03321946941483524,0.04340132541749619,0.2153212336673185,0.14395535409589566,0.08500044933801651,44,True
113,0.05501612611864587,0.06762823563120895,0.036886469156351916,0.1331277502231266,0.15730527774728262,0.03029780770043369,0.059948576323787396,0.22512716218203482,0.15206417023044436,0.08259842468668392,44,False
114,0.060576085613715115,0.056475426727552465,0.034002018618879234,0.14505927867949522,0.1055760600139427,0.06925177470855061,0.03548483344339639,0.21382186201656833,0.19628379380472905,0.08346886637317084,10,False
115,0.04556198062401943,0.04718044944432266,0.03183892934210953,0.1602972010519214,0.1306860604355165,0.07075805065451175,0.0514726070064017,0.21125254083032954,0.19467910781803668,0.05627307279283084,10,False
116,0.057140204516336925,0.0410930250220765,0.030992420299469442,0.1526859041690057,0.12735072880932555,0.06583528463655933,0.04857316838984657,0.21383184947395692,0.19306907113401817,0.06942834354940476,10,False
117,0.06781406653349359,0.069057999932199,0.030708774422064863,0.13691271453172804,0.15999145066809592,0.032689501003934765,0.05161679020735611,0.2346786459844797,0.13837777559674444,0.07815228111990354,44,False
118,0.04902875336760532,0.04498808734262668,0.029662873921197545,0.167646413560445,0.11660419923714749,0.07455350822619454,0.037519355493265835,0.21362527614772908,0.19428615750172137,0.07208537520206687,10,False
119,0.05084678051105493,0.061854385772199136,0.013524573097069488,0.1529048295280207,0.14702010395939225,0.009154161114380133,0.04132122009474491,0.24731752425529438,0.1738811621563088,0.10217525951153529,6,False
120,0.045478472798473224,0.06102918058791569,0.01830205780608933,0.1770147912649852,0.12053389182061162,0.06181687630189206,0.03553610846225034,0.21401476188349608,0.19601901606229405,0.07025484301199242,10,False
121,0.06070744113924711,0.07618537724912336,0.02443537398371561,0.1433220917616821,0.16992786276065958,0.018144308829676905,0.042345851306481885,0.21567582396660445,0.1743509099420134,0.07490495906079564,44,False
122,0.0597270671673503,0.06199227537908323,0.04156109894936758,0.13347604155165313,0.16456469307066923,0.016161026977506727,0.057688056375656424,0.21840606073023394,0.156087895357658,0.09033578444082138,44,False
123,0.036380176768236544,0.04602700209113889,0.050762147993109165,0.17789132225345541,0.15369213206203372,0.021631740859536296,0.028998828799679955,0.24856244191181065,0.1548873586709545,0.08116684859004478,70,False
124,0.05539325724020323,0.06513656449813464,0.029719825720523094,0.12730959862666935,0.156599263382486,0.032067041661768214,0.05826577567334386,0.22947270520322097,0.1528185346637057,0.09321743332994491,44,False
125,0.05659746444555523,0.023588911161142975,0.01979033787036036,0.15426604837834307,0.11266242246688961,0.0644638934981497,0.04274359807309798,0.23462139440877333,0.20123601485857623,0.09002991483911155,10,False
126,0.053001552180311245,0.05845424354839556,0.0485220959475241,0.1372444279620306,0.15306737816299787,0.05186731133422358,0.04377468983433108,0.2241875790385999,0.151186043817393,0.07869467817419303,44,True
127,0.050269266673080765,0.050015077552293404,0.046134145941068676,0.15178951358238538,0.15124486433743597,0.047202358303993185,0.053052208297324294,0.21988696702272184,0.17099998296699742,0.05940561532269895,72,False
128,0.0632924386866841,0.06039606512060866,0.04689489494904875,0.12124956266849962,0.16998982474109614,0.04453172023106404,0.05476501996452607,0.22099802121838336,0.1390970486816132,0.07878540373847616,44,True
129,0.0676835800026588,0.04286097217013748,0.06056776675152756,0.13512536992523147,0.13263921484384025,0.03743661394746686,0.06438328039530912,0.2171936179213773,0.1702728931291196,0.07183669091333154,72,True
130,0.05887320229135968,0.04158781945005642,0.030575632177516843,0.12985559825044943,0.13773003079114812,0.057528350086456834,0.06396606470365361,0.2179676144603573,0.1902090793663085,0.07170660842269316,72,False
131,0.03616519453251324,0.040828912895156305,0.03964617083438501,0.1528627873505639,0.1423234798828464,0.05014558970627421,0.06535817976387912,0.22836436208517463,0.18406396529089994,0.06024135765830724,72,False
132,0.055759998832716,0.05949264376090495,0.034622783025164354,0.16184120773053842,0.15813262519199578,0.01771844997630871,0.040476964028282346,0.22596809940547422,0.1620392638971763,0.08394796415143892,44,False
133,0.050315535519334494,0.05458877776690277,0.02170022729600456,0.15292365735910513,0.15640676534637643,0.01886359507063734,0.06633499932487757,0.25277870095458377,0.15463128899908557,0.0714564523630923,56,False
134,0.03944659317888294,0.062199516654202716,0.01863141330841715,0.151929332343622,0.16861520565559665,0.022124749032066456,0.049896381581588684,0.24482213098221672,0.16291608874733962,0.07941858851606708,44,False
135,0.07130422132256524,0.029109959170602596,0.023011732159028526,0.17212308319583655,0.1493513808109932,0.02511355790664167,0.052342756288564864,0.22166779625720084,0.16391020915704899,0.09206530373151754,34,False
136,0.02919947774915116,0.051722092446027,0.03685050784921237,0.12290001263200062,0.18383266201334958,0.031155591262822715,0.0649168174713031,0.24237974290175168,0.14828753296581562,0.08875556270856633,44,False
137,0.07066023362849978,0.06749494260682606,0.02760590666831859,0.13025472239286803,0.16055790889524804,0.031845291534882636,0.05615735018096976,0.21807830178307652,0.16226261773390205,0.07508272457540845,44,False
138,0.0732852814107858,0.05405620637839155,0.01892768052334925,0.15083443210470168,0.12917552058994153,0.049763070706784776,0.06501556905583422,0.21501123100190697,0.17783259557877992,0.06609841264952421,72,False
139,0.05768270710246858,0.045971090713896184,0.048802419259328246,0.1352711620892816,0.13727765143735923,0.0619706625292541,0.06080614558925111,0.2100422979616177,0.17315291020506088,0.06902295311248229,72,True
140,0.06298286814688353,0.0464062903320352,0.04930448157468731,0.14448001019509438,0.1359087308334931,0.03717371490030748,0.061867008390852664,0.21123547959235506,0.18434973476658328,0.06629168126770796,72,False
141,0.059679719007164275,0.027765422458625965,0.02982623896604407,0.14428925720873867,0.14413871681859727,0.05445938134778874,0.06898973198611717,0.22089227290347088,0.1837390756928291,0.06622018361062383,72,False
142,0.04951750569211732,0.04652465087924108,0.024141166997627514,0.13310158246405548,0.15278230332661544,0.04191449423555356,0.06843431330601606,0.243351547263149,0.1576323609401421,0.08260007489548242,44,False
143,0.06378963265481812,0.042724628495255025,0.04043021259511162,0.1315937624034989,0.14376494797958386,0.03228104999851561,0.06117215705461211,0.2211512778132524,0.17692466584081515,0.08616766516453728,72,False
144,0.060521197402190634,0.054376915319979256,0.03334219706025616,0.12686957326315162,0.1426076427702983,0.06437437013764676,0.05095299447838921,0.2168647863719795,0.1763247475147271,0.0737655756813815,72,False
145,0.04361271997058611,0.06877930450573352,0.045385085221081374,0.1361384502880582,0.17632254591152388,0.020282411643582816,0.05041537630878343,0.23135988737656463,0.15161275333515928,0.07609146543892692,44,False
146,0.042254781894256126,0.03564046623710108,0.043379660012037996,0.13672162310600294,0.15223850070301606,0.04859760901042138,0.06622612084961788,0.22609012138700474,0.16717857608354342,0.08167254071699832,72,False
147,0.0480136782554806,0.05401298958701602,0.06566918004067068,0.13451467024184144,0.1331340464174606,0.05567689137494077,0.05623922392572712,0.21285586015958124,0.18630957014531066,0.053573889851970986,72,True
148,0.06850606968381359,0.05560718459464977,0.027941146893958175,0.13940791015618892,0.1566670747586098,0.05551368371504952,0.0470478002325792,0.2245723034488194,0.1556983886353304,0.06903843788100125,44,False
149,0.04876777161816103,0.08196952846811126,0.03179497144922009,0.12882811440985137,0.15470717181011953,0.009762051784623325,0.045445297664499396,0.2526996427059851,0.16077763534283387,0.08524781474659487,44,False
150,0.05614417559308048,0.07294484686019163,0.021694224033952162,0.15303413468041463,0.16977497546445525,0.017777431960380938,0.035818961612097064,0.23884768518584476,0.15954755727465833,0.07441600733492483,44,False
151,0.038505105783387825,0.06118504856335849,0.031037553211290567,0.15756798813852643,0.1725447563357926,0.027598282866239294,0.044573500288491094,0.2443805819206165,0.14693986296954226,0.07566731992275494,44,False
152,0.049403846586154314,0.06854793826781821,0.023160394254167466,0.14725413551208338,0.12275709222651324,0.06604671729584054,0.03164746535118551,0.2240374031572527,0.19552620816380167,0.07161879918518285,10,False
153,0.059912190093763515,0.06623034839424688,0.03781471442480371,0.1390782019220301,0.15088973501136682,0.060113602556503894,0.042383145032704315,0.21504937920656228,0.15153603868972418,0.07699264466829425,44,False
154,0.06616322420516363,0.04684389054086093,0.04214807435858168,0.15124041727185752,0.17154488920274996,0.0093201161548312,0.03420500224943505,0.2399961728041898,0.13579665316848588,0.10274156004384427,70,False
155,0.04982649159856073,0.07664120137066963,0.035554678308556555,0.13510894901809528,0.16779307228794074,0.026178415212744967,0.041353337431535735,0.2272162907367842,0.1606843675199959,0.07964319651511635,44,False
156,0.04590868675617458,0.047500303509379935,0.04397040027370645,0.13892677394777656,0.17087584239250062,0.037241529581017875,0.05779824236676021,0.22531457075228123,0.14427520929982324,0.08818844112057926,44,False
157,0.05527259201633207,0.06391545446235877,0.02711472746740236,0.1283596000691363,0.168696243034882,0.03609369495395635,0.05984979774954342,0.2253677979317042,0.1734169119101893,0.061913180404495206,44,False
158,0.053186892659482995,0.039463766645815544,0.04960690961874551,0.1412597753265488,0.13347240021714724,0.06217971649615431,0.04203030056161109,0.2146735202604653,0.18416072247591198,0.07996599573811723,72,False
159,0.03881616439375104,0.06663591634819159,0.033342685655739356,0.15264981838158598,0.17518611267544337,0.028083670502546,0.05296485081138552,0.20487235679637322,0.16855722514390575,0.07889119929107817,44,False
160,0.031033362669976174,0.05518433760785889,0.03274507165624199,0.14066987199014364,0.17671639892705782,0.03450168853906231,0.054365785362221475,0.23499260944983846,0.15371139761124503,0.08607947618635424,44,False
161,0.058744617730427995,0.03871647232680588,0.04288012570553995,0.12861802072164247,0.14607508741898606,0.06394189135386377,0.06405485298962127,0.20499336163110307,0.18753379392747999,0.06444177619452952,72,False
162,0.05383680583291311,0.0442484408119084,0.05725942221700482,0.1343023096072445,0.12205978129081368,0.039843573771366006,0.08473647245188162,0.21355565188908493,0.1897885087854931,0.06036903334228998,72,False
163,0.051866776448413296,0.0455472445013932,0.055344860545868915,0.15236511636630753,0.1495587885249073,0.033991322157233675,0.0479291690147982,0.22731174643746327,0.16264973583066372,0.07343524017295107,72,False
164,0.04377734875268574,0.04027612150816952,0.04130249685662298,0.15817316308960955,0.15228381390951223,0.06535859569712993,0.0657256528891953,0.21048993230367016,0.15645734052775903,0.06615553446564555,72,False
165,0.06094360675603537,0.052633745114372014,0.034966666417452,0.1341835037713839,0.15649670134537058,0.021112756099829336,0.04952886402647508,0.24003481824841452,0.18065231412181781,0.0694470240988493,72,False
166,0.047836436919667887,0.06013440649270473,0.0549529178632142,0.14023504613165627,0.16736887887242324,0.029727298541174587,0.049161991508767905,0.21304771098415562,0.1512853508290246,0.08624996185721101,44,False
167,0.06453072311495102,0.05799955555652934,0.03623011333990821,0.14730464474540753,0.16031342925585185,0.04456772615582607,0.040489112220475104,0.23211659395851045,0.1578118608707263,0.05863624078181424,44,False
168,0.04529546704408224,0.04128853865706267,0.03206562888939002,0.1580332917812033,0.15535017524858155,0.028013273528265246,0.06419910726271778,0.22937272803887904,0.18313219349857537,0.06324959605124279,72,False
169,0.06777935067707666,0.02910840017597242,0.023626932130156136,0.15928793862887752,0.1496591083316801,0.025322359296980044,0.07186254192109404,0.2240195720654286,0.16893648772832273,0.08039730904441149,34,False
170,0.06416678493859641,0.0556457539722309,0.027016301601166165,0.14171785081934313,0.1648847280406007,0.027906609222305416,0.049378279371472315,0.2151666047412547,0.178508252984835,0.0756088343081952,44,False
171,0.0732587545794976,0.04635888201008756,0.03093720486151163,0.14902761481796048,0.16218357191694976,0.0,0.04883244271438854,0.2705056250127387,0.14978176636165688,0.06911413772520872,56,False
172,0.04021672580333533,0.0358037156585731,0.05391369424979374,0.16120585897116543,0.12678479082267868,0.05555879137734505,0.05552602450183415,0.21394590173839415,0.19720876108061164,0.05983573579626856,72,False
173,0.07130106556360478,0.058848416481300875,0.04261083112046589,0.1478014604751664,0.1419865076557892,0.030285023090496813,0.06055156728809043,0.21371885056645232,0.17819774937973024,0.054698528378903155,72,False
174,0.046267974422401756,0.05052319711565282,0.043094118113284015,0.15677514921423555,0.1305150088447244,0.049426775718703644,0.05530553252138772,0.22275296459315047,0.17698202594045606,0.06835725351600364,72,False
175,0.0657145886745015,0.044525143938865454,0.053428136614455786,0.13846974975837786,0.1331002510929029,0.045455941774661016,0.07116433065225636,0.20313647498330237,0.17596960969382663,0.06903577281685004,72,True
176,0.04875595231038738,0.04679758991307279,0.030861016769138543,0.13394565374016343,0.15457997371958693,0.03188409439924954,0.07240191017772807,0.2305676412016477,0.15987036771908053,0.09033580004994501,6,False
177,0.06276616890251108,0.04663190690361811,0.04935186820139888,0.1462877087708365,0.12361116306806082,0.038826741027242304,0.06066909798356601,0.22377524268301344,0.1814851625772767,0.06659493988247607,72,False
178,0.04981661294986547,0.05521599702242268,0.053561068541112866,0.12901751298238984,0.13240317516395786,0.05023348755085915,0.049237994655456696,0.23010133545907477,0.18570291579634673,0.06470989987851385,72,False
179,0.0430669677340426,0.046204798133920574,0.03792045827853162,0.1452692307365789,0.15969808738631003,0.061628315708559825,0.0809930661489892,0.20481033578528696,0.16577172428306405,0.05463701580471625,72,False
180,0.05972759838898609,0.03892598456984412,0.04144230232369514,0.14207890203998988,0.14803163324904756,0.05201371091373975,0.06415404685850698,0.19679021357326862,0.19153307025424154,0.06530253782868035,72,False
181,0.06891930564982976,0.03184546649431682,0.03877238824361269,0.14755851037355613,0.1488690769106773,0.0453975876056117,0.05897748864994617,0.2048318233189742,0.18650451847604907,0.06832383427742617,72,False
182,0.04302039899240388,0.057574607489710786,0.05028875465445018,0.1279077806015835,0.1354009975571417,0.06208040023221087,0.06673288654444688,0.2133572657701897,0.1684424966526722,0.07519441150519031,72,True
183,0.05128708589139045,0.05829776410499693,0.03637980579977117,0.1443454703824902,0.1316188027091366,0.04841732970796975,0.07091921120993429,0.20834866655819775,0.18065014131817794,0.06973572231793496,72,False
184,0.052493853524760804,0.05345244623957488,0.044545130684165476,0.1492669000209105,0.12961537074574134,0.04846879398287101,0.05398281217947002,0.21121092857413998,0.1806537866146158,0.07630997743375018,72,False
185,0.049585423475263235,0.03031234945312353,0.042695919561744435,0.14929449538390865,0.14195154494073822,0.04905974502363353,0.06750710235444536,0.220813455940896,0.17459445051634595,0.07418551334990107,72,False
186,0.054002367683303826,0.05609378518657228,0.04277470238607081,0.12045410400587789,0.13210073754706925,0.05536124815533672,0.05952468567885996,0.22460643163942162,0.180974810332296,0.07410712738519168,72,False
187,0.04835713050963956,0.05652708278639678,0.04495522956435536,0.15391804720617266,0.12714435338468816,0.0650792476940025,0.07126664368884339,0.20624864011613606,0.17213764419423933,0.05436598085552612,72,False
