ID,strat_res0,strat_res1,strat_res2,strat_res3,strat_res4,strat_res5,strat_res6,strat_res7,strat_res8,strat_res9,ancestor,alive_at_end
0,0.053718908900601124,0.37224047585218795,0.12440796520748165,0.015722598557337385,0.04395471216878675,0.002218311605949532,0.16431108851376489,0.0706710605670844,0.12822594893891157,0.024528929687894843,0,False
1,0.04884335423873523,0.37682253892904566,0.12333740790716761,0.015302443131490982,0.046847262192840876,0.006944538680290109,0.18481427172610027,0.06420694168883015,0.11702305129268377,0.015858190212815326,0,False
2,0.04908307734619762,0.3575568264112527,0.11778966440376872,0.0060973496438697,0.04390960039714657,0.02682998413005865,0.1768623652778954,0.06753359724957841,0.11287913962361093,0.041458395516621276,1,False
3,0.039437903238103575,0.40073532409673346,0.10543207786771375,0.027442886743954634,0.051244318263817805,0.010011929158057122,0.19435236153175964,0.06095542656935772,0.10171876441852633,0.00866900811197602,1,False
4,0.050597715872336586,0.38409957094500746,0.14345231265140998,0.01758013955398301,0.01531595110193272,0.0,0.16602820019648987,0.08030258468317718,0.11864555977436997,0.0239779652212932,0,False
5,0.03469266053154284,0.38697280481404556,0.11745830819405122,0.03538105561543333,0.0518022938269214,0.004739375625360968,0.20450447392182206,0.05691377551968907,0.09590121900484747,0.011634032946286088,3,False
6,0.04163438104303277,0.39526989761990455,0.09829090883211172,0.02971069391449081,0.051707667280623676,0.021183036893243096,0.1826431797554519,0.05678381831461897,0.09976703696662453,0.023009379379897946,3,False
7,0.04457241396792246,0.38085791145880815,0.1107158524049321,0.016112033240442063,0.059535392290271674,0.0,0.16906601060795884,0.07764102731633658,0.10853053075446617,0.03296882795886218,1,False
8,0.05925162734772247,0.34335125459918026,0.12142653766931591,0.0,0.05295273443677177,0.01222294043266151,0.19100493587241424,0.0538319357625025,0.11358169805048289,0.052376335828948475,2,False
9,0.025375325084917036,0.4132865775932682,0.09906575263358994,0.039528176300410924,0.0711160985353267,0.0,0.18976018173635772,0.044412475572280584,0.1069158809642838,0.01053953157956486,3,False
10,0.050557415150457086,0.3789067454931544,0.12144938965055731,0.022019878845474274,0.04806773112591862,0.0,0.1728230531180449,0.058357093462465676,0.11539434149757921,0.03242435165634846,0,False
11,0.03669084670650939,0.36706639193743207,0.11858831913982758,0.002507598328231294,0.0418827498426193,0.013787536165952973,0.1992025992088803,0.08217628623143379,0.1184323919164935,0.019665280522619826,1,False
12,0.053438771268118065,0.3744083767336452,0.11493990477374469,0.029951710995365064,0.04527146602042334,0.0025519060974640074,0.15530145103382295,0.06787859431706833,0.12724315196278782,0.029014666797560557,0,False
13,0.052776925408988734,0.39773797242040937,0.13050430137624652,0.028361591434530327,0.029776300773209745,0.0,0.19804627937548433,0.05240200213017138,0.10854404864131219,0.0018505784396475261,1,False
14,0.05125343551565178,0.3544870373594957,0.13098495099535054,0.02232758384379426,0.03870856202180899,0.005023891393890938,0.18309527225522157,0.07441590081317277,0.12281017269246339,0.016893193109150047,1,False
15,0.05329801139103448,0.3640682327008513,0.10567496046282501,0.016223927669985552,0.05202200275581196,0.04419457471671136,0.15148921359990125,0.053892838755757365,0.11802308996043147,0.04111314798669009,2,False
16,0.02118595583026825,0.4261032951367014,0.09968812099861113,0.0,0.04617248268710339,0.021318876442077524,0.1926961699595595,0.08616782588803698,0.09532544906153137,0.011341823996110367,3,False
17,0.03720093466335849,0.3949803957009126,0.12370768990598752,0.017670862878955255,0.051874640064763174,0.028715329289091387,0.1872451966788427,0.06383809414753584,0.08883558247811267,0.0059312741924401925,3,False
18,0.06368727331485732,0.3595423635237466,0.11587935378141653,0.00634467303739834,0.0567878597894229,0.013730159401800777,0.18477403648927807,0.07682506967027632,0.11214728933002965,0.01028192166177351,1,False
19,0.03915304050667474,0.3817370087992507,0.1009618243312706,0.006224459769103844,0.07938394520006142,0.008951213690488341,0.16080057813130882,0.07707333351818682,0.1149305974191571,0.030783998634497652,7,False
20,0.047637436140203104,0.3529143908809462,0.12797053661474733,0.006942496720757761,0.05921412252956183,0.0003031942226383021,0.1777859140004811,0.07018813183172797,0.14788893682120172,0.009154840237734788,0,False
21,0.054542238681212274,0.35810433550007786,0.12529785592100992,0.03483436781583289,0.02800341870906325,0.013880643807494958,0.17571010284421906,0.06370603772270167,0.1095943780409489,0.03632662095743911,2,False
22,0.05411797124407862,0.404499384018141,0.11794003311722377,0.006756550187539558,0.02024950881312608,0.0014127132347201764,0.16175819933718827,0.07116580255244336,0.1405047492604818,0.02159508823505753,0,False
23,0.06321716175981883,0.3609874159822927,0.12042307860625784,0.0,0.04581919244249171,0.02286929873915386,0.1798763469008004,0.055268158951052714,0.10094214600480125,0.05059720061333081,2,False
24,0.02921876179078775,0.37711754943406617,0.11866787101703587,0.025623666919184152,0.05159654592468468,0.0,0.19696249043183353,0.046340271587000166,0.13686597848912335,0.017606864406284232,1,False
25,0.04244385008654144,0.3577830734194888,0.12314718565487166,0.016103908411333315,0.04512036460921763,0.018189446285809062,0.16574940174857763,0.05631657185272794,0.12243461687169617,0.05271158105973638,2,False
26,0.04864652752192407,0.3746236417038962,0.12329439100872987,0.0005335168559393593,0.03262574147883152,0.03482564926220608,0.17575893743593618,0.06441222515321725,0.11162968918338434,0.03364968039593516,2,False
27,0.046662106483701254,0.3822808495419881,0.12942332974564638,0.016090109854041256,0.03361582111879688,0.0,0.1624950711650723,0.07610953157022204,0.12763251034358056,0.02569067017695121,0,False
28,0.04536702531742476,0.3652321645053136,0.12132360236535476,0.03907784900267105,0.04520862117954134,0.004737343606583664,0.16023797635470932,0.07361547464403437,0.11772867761544827,0.02747126540891887,0,False
29,0.05774463399827203,0.37317388598046597,0.11248563579307912,0.01091398804885876,0.013642564401178439,0.03396102519873502,0.17434141266325429,0.07367164766277808,0.10589994357673091,0.044165262676647325,2,False
30,0.0697766105180542,0.3549823328713775,0.11939380205902221,0.01795315153406953,0.04766882575054665,0.008799736569052518,0.15312780489684172,0.07029067366688459,0.12492379355960974,0.03308326857454117,0,False
31,0.05408331863774255,0.36173153567078853,0.12417397955475049,0.01231502212316279,0.03579758153313559,0.02649804075467292,0.1849257393687123,0.06577614132461632,0.1142104048527371,0.020488236179681478,2,False
32,0.05871671732566643,0.37613746437343176,0.11940709793363763,0.0,0.02323153881962824,0.022748734806095953,0.18797207267620764,0.0619677933301983,0.11097117416597212,0.03884740656916195,2,False
33,0.036692955539362575,0.3774400686568739,0.13249526276128593,0.0,0.060224856382368304,0.007882553915808983,0.16913855561718552,0.046874291162864234,0.11852781367245206,0.05072364229179846,2,False
34,0.056411861649507136,0.35118045606371684,0.12900447091982886,0.0,0.045621110863083444,0.035318856134611075,0.16673201446423555,0.05490758106636176,0.11424746065304882,0.04657618818560656,2,False
35,0.02958153791205346,0.39187458973702166,0.12019088054854456,0.015236234504005738,0.030261773996041554,0.0,0.17379191577533296,0.07573484866102526,0.13043415994908247,0.03289405891689243,0,False
36,0.06097114052570452,0.36948963707760324,0.11915033375811758,0.008199652205150289,0.04354865799206943,0.006121859501958575,0.16988232807775372,0.062071208565042786,0.12814391608288075,0.03242126621371908,2,False
37,0.04222475656084703,0.38256166104295697,0.11819544266600962,0.027854815874854895,0.04463765677653673,0.009267736130329496,0.18880396175176478,0.04993963309360694,0.1128690754212639,0.023645260681829622,1,False
38,0.028341388445514117,0.38971268974879975,0.09184090241671759,0.029163285365195347,0.06152183477627649,0.013948062205238842,0.21497812556110202,0.05696828786158919,0.0912503417437623,0.022275081875804407,3,False
39,0.04540399061965852,0.34119808075947006,0.1243458961713818,0.0,0.06353888820954559,0.035875067842927426,0.18297758992469076,0.06576797253284569,0.1139568305945647,0.026935683344915442,2,False
40,0.05216394379409188,0.3637060424865939,0.09889381517392928,0.01278418698278681,0.053313196053620435,0.03510766344912686,0.1554059412427754,0.07317903187327165,0.10835537076289938,0.047090808180904456,2,False
41,0.050383060577778985,0.403708935540174,0.11854821794863368,0.0,0.06293609912567355,0.007435771977982656,0.18090679694747783,0.055679108794123924,0.11703375099064789,0.003368258097507544,1,False
42,0.04986930233841325,0.3438603601366186,0.11478505601986755,0.008345488767969263,0.038454493501688454,0.03915021677884831,0.1748375901287892,0.07833258815501372,0.11946985055998409,0.03289505361280762,2,False
43,0.032828102941644996,0.3730283686557632,0.11489705850784984,0.016037047185335634,0.018430936202140612,0.020526817575414944,0.16112667569805916,0.06718040246292922,0.12553137655562824,0.07041321421523411,2,False
44,0.047427909898138054,0.35606812048025094,0.1293237853138152,0.011124485256332244,0.048583727728461916,0.0,0.16547297800187663,0.05326842505478025,0.14750524432130055,0.04122532394504435,0,False
45,0.04962390996625272,0.3463495001071363,0.12164757510688291,0.002100009900237266,0.032414852327369056,0.05322266864120656,0.16821704301852058,0.07349405173457255,0.1047412432035269,0.04818914599429524,2,False
46,0.06521482276806316,0.3523182215290573,0.11540267401152401,0.004458077514806457,0.05415888490870797,0.0032046350055234445,0.17041904299509414,0.06498518645955327,0.11182261346254548,0.05801584134512489,2,False
47,0.04920882421109018,0.355892730933966,0.1252832309651249,0.0,0.03125010106370105,0.032299290399183875,0.16843147496439606,0.05731006860628662,0.12593644197852688,0.054387836877724305,2,False
48,0.05696227142638148,0.37291996599150146,0.11500813775462401,0.02213932364560594,0.042739545759817796,0.019472282777179904,0.15916764104123055,0.05870247735477191,0.12951518725550862,0.02337316699337831,0,False
49,0.057809779654157865,0.37249431961285884,0.11425686412415523,0.002699533550400801,0.03851360029928324,0.027866084007328283,0.18482318958525698,0.05239814649930011,0.12280736205964915,0.02633112060760944,2,False
50,0.049159903399803154,0.38892313892656644,0.1168814699937831,0.019515272520383438,0.0425101782137985,0.00719930170686778,0.19371704209686338,0.05749192650680189,0.11055401110888431,0.014047755526248018,1,False
51,0.05045074771898073,0.36640899884470524,0.13116963192326292,0.0057556084651937825,0.03392977792540579,0.019791140947117248,0.1872104023701779,0.057298965192646024,0.11828027137140701,0.02970445524110331,2,False
52,0.04953802723252002,0.3465157964988382,0.10070185730742558,0.00848091384825445,0.055601790414663725,0.02468403036645305,0.19146663294425076,0.07010261403692292,0.11403074072533256,0.03887759662533869,2,False
53,0.05992171919207318,0.3645341247417928,0.1100344419061032,0.0,0.038921986068213434,0.02687779654817389,0.17337540250851652,0.0847715505174281,0.11244940747348327,0.029113571044215584,2,False
54,0.04498220288378083,0.34219047589042095,0.13141862938170185,0.015152078158623648,0.027264887578465794,0.029388966655158374,0.183822652801639,0.06600839926133072,0.11051665171398593,0.04925505567489291,2,False
55,0.04073892726017761,0.3746084879458145,0.10204266364347969,0.0015432398457885402,0.05694464616013359,0.0319110207188294,0.1709190745261926,0.06508915418633458,0.10639423794666251,0.04980854776658708,2,False
56,0.04244963569433627,0.39994197268088905,0.11318574850003195,0.017269966525466307,0.0412639309276516,0.007694508484134485,0.1821813264583646,0.07573590534851982,0.09865658169025825,0.021620423690347675,6,False
57,0.07280393845188153,0.3633042444492789,0.12730306656619864,0.010309297347571765,0.03199071615789547,0.015638551205023842,0.17310675534312758,0.06845221369402354,0.1040611865552028,0.03303003022979587,2,False
58,0.05483083762224435,0.38894818373634754,0.1161537448898613,0.0,0.03824150703469667,0.01851559982271966,0.18498337881460772,0.06580571647858428,0.09381951965783768,0.0387015119431007,2,False
59,0.05143341414359304,0.39772200852002304,0.0971609026323313,0.03731266490403852,0.05415406752666916,0.025735800377460413,0.17100737786700154,0.06018207279696756,0.08918093922333219,0.01611075200858341,6,False
60,0.055012820857857636,0.35481961142388097,0.1241438071032092,0.0024563041762910706,0.037562337179763476,0.022904036980894625,0.1695717423486349,0.059645095762344405,0.12746542760744667,0.04641881655967702,2,False
61,0.059578979836838346,0.3733250519374065,0.11169872957136813,0.014205603216726212,0.046284125912501375,0.014471581917341231,0.18681696760789715,0.05510358072441661,0.11653948699587456,0.021975892279629893,1,False
62,0.05513870783102748,0.33876074887090674,0.11432369723427828,0.0,0.03768985738901197,0.056075261591723054,0.1921122167158327,0.06559360308098965,0.1035282972019301,0.036777610084300014,2,False
63,0.05292457159190002,0.3685194364855443,0.11869691520058366,0.006366663331970462,0.04024346182643434,0.02250307807083517,0.18243559209547217,0.07383900609418097,0.09898889676177734,0.03548237854130168,2,False
64,0.04112547573867785,0.35933205142280766,0.11748192962559748,0.0,0.030693782006242457,0.044112046875230265,0.18426332688550306,0.07228252943048338,0.10750466826972963,0.04320418974572831,2,False
65,0.05712396338988386,0.37735879071609413,0.11448150074648958,0.0,0.02562936637567787,0.031214434110614652,0.1721943041845539,0.05661527322184759,0.12729405708787633,0.038088310166962104,2,False
66,0.04627607855680082,0.36428207024661385,0.12720624231995714,0.010962712475540655,0.037234181425383345,0.016648840092283818,0.18190041339028437,0.06599708814601585,0.1106329258472914,0.0388594474998287,2,False
67,0.03572818499729816,0.36605136573366126,0.11182258526587675,0.0,0.03713985570862649,0.05277111611760955,0.16947051196399532,0.06977393806006768,0.10679029809558666,0.05045214405727824,2,False
68,0.04636812742161735,0.3735477346387662,0.11217229577147751,0.0,0.04585474902107685,0.03072121824133891,0.16926226597958918,0.06218841673309901,0.12309113973167397,0.036794052461360915,2,False
69,0.05456237528370519,0.374587114121728,0.11733285224021857,0.015080454633825223,0.042195937983219814,0.006599498309077448,0.15839498250106454,0.06879430838857013,0.1176287915058731,0.04482368503271806,2,False
70,0.06709813314343274,0.34272552893637986,0.12440339576409842,0.0011662077755501376,0.026967526794728965,0.02237396978083646,0.17558999211369575,0.07453505299869409,0.11325994418300926,0.05188024850957427,2,False
71,0.047417249182693334,0.34043021914049015,0.12990556854903243,0.0,0.032028765369837654,0.03892114313170887,0.18225908772218713,0.07707987695579727,0.12523731227404358,0.026720777674209543,2,False
72,0.0513140583085049,0.35724477410251015,0.11249028529795216,0.0,0.0411897187547837,0.03844307235402454,0.19066370320859496,0.060670859613801656,0.10574326788910651,0.04224026047072131,2,False
73,0.04585532810767508,0.3495282520706666,0.11005185548788918,0.0,0.048538433111124935,0.04341128359475792,0.16451697328382892,0.06019187313236614,0.1037257097358155,0.07418029147587579,2,False
74,0.049824798226962994,0.3503510092815743,0.10426929960563866,0.027296407806452722,0.036217986736366156,0.02387167361959248,0.16218654165379429,0.07137716124140135,0.11904689978164952,0.05555822204656747,2,False
75,0.04675984617789465,0.36952564631298024,0.10905491929896717,0.0,0.03376643766522983,0.02458395847067914,0.17943536601656385,0.06664338255098783,0.10907121506809542,0.06115922843860186,2,False
76,0.015178439902702175,0.4286306104727229,0.09736314010662146,0.03644486742740544,0.05448114647380549,0.002047889315913956,0.192114089153872,0.048903904553789554,0.11363410944272143,0.011201803150445621,3,False
77,0.03161306385041079,0.4205876204920903,0.09279293330983258,0.013003034460595048,0.04006604057135389,0.026001881583957772,0.1903260516083311,0.05373701168044765,0.10543319828239144,0.026439164160589265,6,False
78,0.03664214463222479,0.3633190743516797,0.11913109065095424,0.00578766934587405,0.06259892459048565,0.028261930587314993,0.16422508331315483,0.0771160766925666,0.10272937605813945,0.04018862977760552,2,False
79,0.03438731444315792,0.3948361256561588,0.09844189437018236,0.02138491514526182,0.05405125629836568,0.02564725172529018,0.18688440365586653,0.06111256811103611,0.09312810870500908,0.030126161889671512,6,False
80,0.05361363542858177,0.3731123606841588,0.12669223449346553,0.00938825124265639,0.039733774432086,0.02515513381757433,0.1690185985337898,0.06050703759132732,0.1172202891150865,0.02555868466127348,2,False
81,0.03425999427061898,0.40423794476778857,0.10722157072527654,0.03713215796255112,0.05383132846393656,0.0,0.2184344641693393,0.05094451787765424,0.08022708514481872,0.013710936618015932,5,False
82,0.04792607019194247,0.35149209002696785,0.11859624491670982,0.007795696389821145,0.05100698800503433,0.0277160838111502,0.1708948015519784,0.06570954726052165,0.11730551160054328,0.04155696624533082,2,False
83,0.052235079750954864,0.36575156972579015,0.11937668022970722,0.007280150428005232,0.044114325809836194,0.01836749694167181,0.17305968528344087,0.06364323687143994,0.12335301293943111,0.03281876201972252,2,False
84,0.055861621431053374,0.3587386650155845,0.09363879044497073,0.016455555202827987,0.036909045863962514,0.025289006522555967,0.1879557772866454,0.07527411652722225,0.09751445293913014,0.05236296876604702,2,False
85,0.04733516484476063,0.34272156110692126,0.10980429340779627,0.012063591847454551,0.03495596614614661,0.037534979827559135,0.16808176434483882,0.09443665491671188,0.09629328490636015,0.05677273865145061,2,False
86,0.03908844323083547,0.38444845285510826,0.08981259375518595,0.02258237253551245,0.05386891210304747,0.02771101582103341,0.18284998458680818,0.06464630500928883,0.09013601905501713,0.04485590104816288,6,False
87,0.053327465920940106,0.35442005685707617,0.11608740020869632,0.013664872857904768,0.0463888360777823,0.009008886943391256,0.19112576199877365,0.05448203872755582,0.10712691219710502,0.05436776821077477,2,False
88,0.04109471701942436,0.40159439814415127,0.0714720138564193,0.038678787552472664,0.07008026591234016,0.01677555229542599,0.1825258168840469,0.0645466362393177,0.08350230453454527,0.029729507561856418,6,False
89,0.037567973298635225,0.36783607684678593,0.0993351856760065,0.04046688800439578,0.06276983510322223,0.01878417950467053,0.1755813803542501,0.06157437650135999,0.09081277523221828,0.04527132947845542,6,False
90,0.05733328607859942,0.37720620217111833,0.09508890643769129,0.032486991838431505,0.051114536159293206,0.0126907441883963,0.1871543872980888,0.059620467577516274,0.09806301067908892,0.029241467571775974,6,False
91,0.03673788189943053,0.36649678995247276,0.11181575054918674,0.02279788369121806,0.05145409497122285,0.023337694679705007,0.19398791110765867,0.07942092995402014,0.09432625189382376,0.019624811301261463,6,False
92,0.03501859111960006,0.3999753931264197,0.10337634517818144,0.037461990555121435,0.03980676217741611,0.029965799023904095,0.1886601226866518,0.055028401892839925,0.10294544655973933,0.007761147680125927,6,False
93,0.045925395462190904,0.35188117728547,0.11103414522751727,0.008267216557276713,0.05627310413662289,0.027788790594991265,0.18358734027594173,0.05084892993084443,0.11467180714184393,0.04972209338730071,15,False
94,0.04333482751543708,0.3823757105058213,0.09057863104182053,0.027218334830771986,0.07348659070571865,0.019584654075884902,0.1828935298296382,0.04749326638707893,0.10353277820982702,0.02950167689800144,6,False
95,0.05753361640765583,0.3820645542158023,0.09229510415088185,0.006063437304580186,0.046173318328832307,0.01758660187749149,0.19096150028866735,0.05456916315250127,0.12505675296603425,0.027695951307553177,6,False
96,0.049660568946516305,0.4018973851680197,0.09401698841925756,0.03305423849150581,0.049770940167822623,0.0074601051159149,0.1874422382428569,0.05660765698680863,0.11285460755301999,0.007235270908277604,6,False
97,0.04177682094106994,0.3636778947838444,0.09330559896070036,0.036519336491604625,0.04760524986462875,0.04377157337403946,0.16745920113101903,0.06225310427862094,0.09456054522431187,0.04907067495016049,6,False
98,0.04991421856568942,0.38011260011540865,0.08731280817913421,0.034475621485388276,0.047056583843584625,0.03786302705023273,0.17462542495028954,0.05688128973655609,0.11627786534564279,0.015480560728073755,6,False
99,0.04689444053311474,0.41033097021970183,0.07633380701469553,0.030102589754119845,0.05690020683376267,0.018264494216060065,0.2000099858551708,0.036051776816232346,0.10466798999900348,0.02044373875813866,6,False
100,0.04211374569099759,0.4085533827116774,0.10828351176965074,0.0334998096905541,0.047883628538559604,0.014106061328707342,0.18711457522453967,0.046625870408848864,0.1028573808541086,0.008962033782356191,6,False
101,0.04258920214801118,0.41791825554119916,0.09596335673503412,0.030390859814636177,0.0614294665454234,0.011704956102430853,0.17764314767242442,0.054764043979732814,0.10532178864391217,0.0022749228171956167,6,False
102,0.0255761451228386,0.3916593043111581,0.12743610129998845,0.031261369111625054,0.043885976310394016,0.0,0.2054775557042101,0.07847470021044085,0.09061747741349824,0.005611370515846499,5,False
103,0.03455754924936488,0.3897802485469015,0.09743963434029863,0.025589027824025057,0.048786912123508476,0.027480410874373952,0.20590221737388212,0.043524920212542284,0.09876949023258492,0.028169589222518113,6,False
104,0.03935062276278206,0.39500100744550276,0.09863588314206057,0.042812312332223934,0.042548540871651455,0.04233986995629068,0.18192419410527447,0.041240378917898564,0.0953812454919244,0.020765944974391257,6,False
105,0.03756073016505769,0.3872485384331362,0.10182631152118342,0.013078328477449545,0.04747900183230333,0.04051819056296343,0.17093687482809794,0.07902305334800659,0.11309722509863393,0.009231745733167993,6,False
106,0.04306357361106922,0.38443332423519255,0.09638806844328406,0.020813149203524325,0.043449517255977316,0.033661351774510816,0.18205130327507252,0.06705940465021602,0.10937277465985616,0.019707532891296908,6,False
107,0.058703694845470646,0.38545512692125283,0.08303540279078035,0.022029857860243002,0.05694648015276969,0.0178569474149643,0.1736716512953944,0.0610889904602684,0.10947402420689077,0.031737824051965645,6,False
108,0.02469599527288652,0.3841324802236727,0.10449945000883484,0.013977928853450217,0.08768625513289442,0.01742676579424029,0.17344876879792873,0.05338951331468701,0.10324597249701901,0.037496870104386334,6,False
109,0.026816170423939842,0.4024217086038937,0.1017233734650402,0.02354214009551527,0.0459303902366565,0.015715537058270078,0.18699277932492725,0.05391085702356193,0.10726817117240657,0.03567887259578867,6,False
110,0.03614198598499043,0.38336029328327,0.11210067646284497,0.025380098156034158,0.04388024043725801,0.03064596136169732,0.17919511353203343,0.06625796932967302,0.10957961111800132,0.013458050334197324,6,False
111,0.044292501762513335,0.39771822191031697,0.10140061483321758,0.04584684987301992,0.047955744543379974,0.02264084560161168,0.16839866263889042,0.06000760662126461,0.09547108414234248,0.016267868073442927,6,False
112,0.040369293842374164,0.4054308720745464,0.10650502821531618,0.04376246099925403,0.040332413657782284,0.02834409603550026,0.16796848760964075,0.05103615683863656,0.10482790826142784,0.011423282465521462,6,False
113,0.035619531800661186,0.384110420971234,0.08525231764341905,0.0587725763381542,0.04662316215207726,0.029205446831524668,0.17919804564740266,0.041534583478754245,0.10264854500189721,0.03703537013487561,6,False
114,0.05020347910529568,0.40582609148492743,0.08516003516719324,0.04157085707396862,0.04935253113566969,0.02728141869968116,0.1852539033013367,0.04682189654873992,0.10681935375995419,0.0017104337232334323,6,False
115,0.031107660292737305,0.4014280560021027,0.09502899328869208,0.03742904096278683,0.05258238816894155,0.016611132635594845,0.19146498781305313,0.07050832749809326,0.08964219862428044,0.014197214713717937,6,False
116,0.043768697508300876,0.4330268626944878,0.10181860908031122,0.023763360733111753,0.04836300055743915,0.02657253418083154,0.16688931394481346,0.044242509299846855,0.0942652083326441,0.01728990366821333,6,False
117,0.040552775515097624,0.40979688053446856,0.08837764512261338,0.05103614831623138,0.07094491639566936,0.008084489189031815,0.17395723222157172,0.055088009923041886,0.10216190278227434,0.0,9,False
118,0.051587685851531916,0.3718955367146874,0.10337951281393518,0.030889548410387935,0.04980969791014076,0.030144892948826475,0.16438950857670118,0.06137813889726525,0.1006131746641842,0.03591230321233963,6,False
119,0.05007394921971834,0.38727279038135065,0.09793119623989888,0.03372928478642746,0.056460331034943974,0.015244898484600502,0.17838498414531787,0.05344114062863534,0.10313602690796533,0.0243253981711415,6,False
120,0.04528654522072952,0.35962670858931406,0.09863329394482556,0.02685323318665832,0.05755512657056843,0.038649219501943416,0.18522200049804785,0.0576424446440112,0.10650100863557727,0.024030419208324414,6,False
121,0.046239402549624636,0.4274507931826829,0.0823238819722429,0.0174344071361461,0.047021738089875774,0.017732637827356727,0.19710100951899925,0.06254197272656013,0.08404337213916004,0.018110784857351517,6,False
122,0.05481979092784337,0.3766604431876012,0.07893728939299104,0.03514063994644952,0.05873930181835899,0.03739519034966105,0.17554510399476414,0.0541837892474606,0.0957658508982122,0.03281260023665794,6,False
123,0.03477887358640316,0.40507454389339953,0.09214602212779234,0.02798291205327491,0.06304208202071467,0.014847556885511872,0.17867404982991267,0.06910776124267527,0.10237211041910237,0.011974087941213213,6,False
124,0.037951483337786876,0.40925451312655975,0.10717957356145881,0.026461560623973247,0.042721369529382575,0.013005425060694496,0.17535693183782436,0.07041864422312573,0.09677864174320351,0.02087185695599071,6,False
125,0.03484923834731358,0.3741565565799658,0.1080322412521534,0.03503647772000785,0.06986971290317351,0.018939313457168216,0.1888256888730952,0.04335467151525921,0.10388365316448311,0.02305244618737985,6,False
126,0.032006425865797335,0.4161866319312353,0.10230793795067246,0.02742414635863617,0.05646270601374896,0.009922288625522975,0.18525525654792763,0.06218914446730626,0.10666585639343154,0.001579605845721507,3,False
127,0.045369299627313765,0.3809086276056683,0.09314048731436707,0.04838426963970468,0.0475224870322544,0.014009372759991185,0.18216602508667612,0.05390576230644803,0.11490528512102324,0.019688383506553192,6,False
128,0.033213607925011164,0.39365704023857434,0.11941433175648519,0.030308781746123246,0.06208037206218499,0.011821355311474529,0.21212683054835124,0.03412476328506348,0.10325291712673179,0.0,5,False
129,0.05125978724862664,0.37815680292417264,0.08938629549863855,0.013085638810090724,0.06253891585241933,0.01763032518609895,0.1695147655237172,0.07626851283798954,0.09946965883535763,0.0426892972828888,6,False
130,0.021685598592635077,0.39878115327689234,0.10161149981726222,0.03133516579137055,0.05808717687751128,0.01938545759814451,0.17398823798674593,0.06227350208808291,0.11738724074409075,0.015464967227264405,6,False
131,0.057209761451125336,0.372185086370155,0.09760291297033943,0.022863821614859316,0.054154463726165815,0.04990839471847555,0.14569053128240392,0.053548869139633797,0.0990810080561157,0.0477551506707261,15,False
132,0.05039499996036198,0.4028923350469791,0.07532883663735745,0.034981883660175614,0.04177296451312964,0.02394222893672809,0.19599295439083658,0.05054120567012026,0.09548445694942868,0.028668134234882653,6,False
133,0.04936843042071372,0.3935779326975471,0.1078843051386056,0.03422585386796023,0.03986958324398087,0.024546507651201997,0.16775885317013903,0.056099981250842125,0.09731675387720638,0.029351798681803078,6,False
134,0.04851625738878165,0.3845385687372673,0.09883293833407401,0.04098087993420158,0.04968389109099044,0.024006242243779775,0.1859366983123563,0.05086820350787218,0.09030011425651928,0.026336206194157573,6,False
135,0.042678160483477494,0.38667011635918075,0.0961515835052794,0.03460847871022052,0.04533604854149366,0.010841868133433083,0.16736910383542444,0.05849958970549251,0.11868039566678097,0.0391646550592171,6,False
136,0.05253976499676941,0.39139784274544076,0.1021687522621691,0.03226015709683735,0.05517214888807249,0.03505966800006056,0.17690608946705977,0.06639465377033224,0.08459917187307571,0.0035017509001825774,6,False
137,0.03556409361261419,0.4102428884832267,0.10183655614113503,0.02104578338862043,0.03201991039440436,0.02552048213721485,0.17705424415417179,0.059344054513205784,0.10579733879297043,0.03157464838243649,6,False
138,0.03140575316932685,0.39018985508093224,0.09775945520301604,0.03321393669046458,0.05680055403804987,0.0273919378463005,0.19562212623811706,0.03064487627895417,0.11126326399674072,0.025708241458097976,6,False
139,0.04776518557113168,0.37113822082583187,0.10444564717611114,0.0480274290565596,0.05471929529318537,0.022032810015341478,0.1774646249134072,0.054162399723007286,0.10405043915521006,0.01619394827021439,6,False
140,0.03898399836200766,0.3901073701238855,0.09803552694300012,0.027580091082783094,0.06048257779560326,0.03287000224372549,0.17176780169274503,0.04915245691906035,0.10800541253227862,0.023014762304910855,6,False
141,0.042985264190529,0.40910843030953004,0.08935418405716923,0.017952223990672887,0.06324844934074009,0.017774758368791655,0.1868835642721718,0.04984200241446396,0.10481714116606516,0.01803398188986623,6,False
142,0.04254427270236977,0.4107810126093823,0.10061817017261832,0.028136396852712353,0.0368017532446529,0.0,0.19460159256064205,0.042530687831306375,0.11284142234342828,0.031144691682887575,6,False
143,0.036440747588322595,0.39431275251163506,0.08738097635250482,0.028745601501991496,0.046451090384436435,0.04252475232527522,0.1680684986055272,0.06820790145271535,0.09238571047666956,0.03548196880092219,6,False
144,0.04799217122653972,0.38928129177369275,0.08355519224807344,0.03844313107506459,0.047745336849524755,0.025962959828822255,0.18434464523779245,0.07737942875036108,0.08842824401475648,0.016867598995372265,6,False
145,0.0366372084547468,0.36900488056811104,0.08939850741739311,0.01586002972217349,0.03437233890461378,0.012390766810808833,0.20466898164107136,0.07391943988969925,0.13589091264172865,0.027856933949653797,6,False
146,0.04883768586936648,0.3855478401756704,0.10331525519218739,0.03194932586327003,0.05116061960371539,0.02577029551645509,0.19401883019172764,0.05524822127631829,0.10335957508215796,0.0007923512291313008,6,False
147,0.04265011476547395,0.4045858784352652,0.08429384389222125,0.04673782826161515,0.05148910443230635,0.009902988776475073,0.18322721362259753,0.05709289482860618,0.10061972718218036,0.019400405803258896,6,False
148,0.03756340430662101,0.3905419162061851,0.1126045798257112,0.03128497551634834,0.04927635175778938,0.02227402471391886,0.1703229901473592,0.05404076357114794,0.10900243690717276,0.023088557047746223,6,False
149,0.043123518694601445,0.36673262107252835,0.10982779650955403,0.03775311951905246,0.06663760336382774,0.02980383629581903,0.1646960482701895,0.06152759219580142,0.09209251823921825,0.027805345839407723,59,False
150,0.04602156325022659,0.39087691769353405,0.09976219256858603,0.03451981063210729,0.04463059017004466,0.026385534558410806,0.1631338916201142,0.059085921587430444,0.12746109669979055,0.008122481219755506,6,False
151,0.0376060951924137,0.37574364442160135,0.09226206175889334,0.025693840321850212,0.059731545251413824,0.023651945560962378,0.18177020392014384,0.06615555063178999,0.10226040712745783,0.03512470581347342,6,False
152,0.04660746557462997,0.40418184806785384,0.08744212818512255,0.01630593775932329,0.05455648674404778,0.011925321684447451,0.20019570509392673,0.05318395744640206,0.09440628880554129,0.03119486063870512,6,False
153,0.037577148305379504,0.39224675946370013,0.10162797350655296,0.016445332407260656,0.056543008165694846,0.03349113761240647,0.17477864368798504,0.051628099621791296,0.10639502316794697,0.029266874061282127,6,False
154,0.031934060155900626,0.3909102611993231,0.10002796924868367,0.031199442429244686,0.05324537397454446,0.025218632847135575,0.18806107379903295,0.05673574104657843,0.0920671530941155,0.03060029220544103,6,False
155,0.06322429508443278,0.3809684560139769,0.09433164439110635,0.04307195458810654,0.06871744812285298,0.031196343202801742,0.16610760058991283,0.06431597431657353,0.0724812618949439,0.01558502179529221,59,False
156,0.04205374495499601,0.3738056427643164,0.08703151542800526,0.055445368455608095,0.05694264640984298,0.029128378318638657,0.16775651119118826,0.051415989379670686,0.10074513921287583,0.035675063884857854,113,False
157,0.04779477318820131,0.3981832410518914,0.0969987174869373,0.03635879398221599,0.060672011035098075,0.011951848672657087,0.1786549950248395,0.05479653754492316,0.08848220331304071,0.026106878700195627,6,False
158,0.0443294505102044,0.3936836027082677,0.07241526191360342,0.047385667343135665,0.056491953417095106,0.03734422612034308,0.16906406961848663,0.02232335008574326,0.12082701817104721,0.03613540011207359,113,False
159,0.04798797336179288,0.3838303887198686,0.09589015596281668,0.03800330765340479,0.057652877254159594,0.022699797232160698,0.1836997123326804,0.0505855084126831,0.10335640304260171,0.016293876027831587,6,False
160,0.014805347327229544,0.4028857340055176,0.07869512096055473,0.06354961430018236,0.03871994204039946,0.031814282811542804,0.18386580212402415,0.05329643892494558,0.10226260873237882,0.03010510877322506,113,False
161,0.06645904101144533,0.36415435617572045,0.11483154955294503,0.015970081378932233,0.04277412510132335,0.0413006892576716,0.14263598477811668,0.05849589818174205,0.11671585406243534,0.03666242049966789,15,False
162,0.043712933260976916,0.3998320523953834,0.08507235930780904,0.058242135590499525,0.03145753677024544,0.03365933099135652,0.175947646592953,0.044306313505292065,0.09667244317366794,0.031097248411816162,113,False
163,0.02944256683542345,0.38827781682701085,0.07165382485481613,0.0660189225193165,0.044372428937077955,0.04026819366551837,0.17753576287306072,0.04631877016094408,0.10522641520633053,0.03088529812050153,113,False
164,0.034101326519542556,0.3819033447799317,0.10389083325704529,0.04759244959684241,0.05164432723952837,0.01724268534319126,0.18827989029417033,0.05142158827639692,0.1043525407029974,0.019571013990353714,6,False
165,0.0530577693146984,0.38187602400611487,0.11563599981335568,0.0026866812735628146,0.059315429109039815,0.05054734755834836,0.13613902969556274,0.04384445420931317,0.12840531636404173,0.028491948655962343,15,False
166,0.03548943221436982,0.4039178695350559,0.1022974428489718,0.04413388472593423,0.05343443690424461,0.03597357875207167,0.1727535470925329,0.05015198099337599,0.08164542145730132,0.020202405476141844,104,False
167,0.04880077670124233,0.3895626613613956,0.1092076187846218,0.014950168227612092,0.053237650452664834,0.03840121196705759,0.15263092451078386,0.06136519180616624,0.10133702305721978,0.030506773131235922,6,False
168,0.053486198905805166,0.3669139298986327,0.12487917843566765,0.0,0.04405428157598312,0.05248983061804381,0.14929087307273137,0.07078730201277059,0.10751144390563365,0.030586961574731984,15,False
169,0.04028690510142573,0.3872437371512603,0.08459305147374345,0.06432516388413978,0.022180449537887167,0.028387076399783946,0.18526864486635386,0.042643085455372584,0.10362742132387769,0.04144446480615542,113,False
170,0.025850409224733487,0.3780713714283308,0.08172283337732063,0.06147738351094379,0.052214578662561226,0.04159109052857734,0.1847686378885953,0.04196778428513074,0.0869550385589123,0.04538087253489443,113,False
171,0.05101243356528974,0.3579522417010964,0.11123915279642348,0.01772132364959983,0.05671131985064012,0.030245094641059303,0.14805382613186344,0.04962421539020373,0.12273600947973905,0.05470438279408499,15,False
172,0.03836496830261736,0.3637340941700919,0.1160678563816035,0.02358472138492452,0.061772942572064296,0.022045289995530737,0.18492320250325517,0.0600261615092751,0.09261121385983154,0.03686954932080584,6,False
173,0.03137731842942682,0.37496107999518863,0.08310375037540929,0.057166786130479104,0.042386701317382654,0.032076095829591846,0.18440326468938043,0.055587012342797844,0.11301128316076205,0.02592670772958136,113,False
174,0.05055367190525222,0.3731555941864165,0.09002343158603966,0.03594588558987721,0.05157191894543359,0.05365565245678453,0.14750228120782236,0.050031415819234766,0.10960861232959523,0.0379515359735438,15,False
175,0.061908641288911284,0.36616940628926176,0.07415814968801185,0.04000244641781451,0.06806973949463292,0.04685111569581181,0.17202082896389576,0.04426959332451694,0.09993460753501601,0.026615471302127162,122,False
176,0.0391771428478993,0.38862847884504054,0.07397819937890265,0.06634602180393072,0.042661052276768294,0.03394241444749154,0.172070402756834,0.04926796716326728,0.1069669025175866,0.02696141796227902,113,False
177,0.0371641759378757,0.3795165267286732,0.09648099201649304,0.04533584967522469,0.040684524741069296,0.04194542847763992,0.18826714906120134,0.045491550396791085,0.09855545258718856,0.026558350377843005,113,False
178,0.05578028680834791,0.3885508214284551,0.07343368942667872,0.06125309905056863,0.034599475131709294,0.030626401257677845,0.1964973460751295,0.027590659454570437,0.10797147253127941,0.023696748835583276,113,False
179,0.025307001829888383,0.38763334604535554,0.08090631175164323,0.06473961124197188,0.04127730612265006,0.03184463784082459,0.18025930395262554,0.047399236833711646,0.10668197769572696,0.03395126668560215,113,False
180,0.02692447876852432,0.4085010957475211,0.08700617457664392,0.03412112031212904,0.04980596783982002,0.024050781664638646,0.17766722710235158,0.06857148667556957,0.10331666081386517,0.020035006498936532,6,False
181,0.0370009385118916,0.39271571927842325,0.0870990577989127,0.05710965468258549,0.06019650985703167,0.02630154771117085,0.1731487556924501,0.04282246391884665,0.09716867719535222,0.026436675353335624,113,False
182,0.025332089121985757,0.36308917920834605,0.09837941352990939,0.05378009347011945,0.03936851812453102,0.04721663207463961,0.15479371408154724,0.06433801394974917,0.09930906319305735,0.05439328324611489,97,False
183,0.04164564573986586,0.3907863435453015,0.08057993950982086,0.06517320155956893,0.0526899679606588,0.017801358927396267,0.17582574177648752,0.048682426722519476,0.0980519296001775,0.028763444658203317,113,False
184,0.059320054449624564,0.3614719097644873,0.09387111342199754,0.018371543319077113,0.058888636320543454,0.041709301176886766,0.1531913022647927,0.06524283931365941,0.1089789500499389,0.03895434991899221,15,False
185,0.029768553029050678,0.3904552021105843,0.06299723147207954,0.07308342144230177,0.05296920208195617,0.021447505562127347,0.16317276598952887,0.04987211577220294,0.11628453608168678,0.03994946645848162,113,False
186,0.04346332714986504,0.3842891943724971,0.10210408478147517,0.009530777682407912,0.059412935898092024,0.031031621867385055,0.16295473634171098,0.04737898621784299,0.11476347822470802,0.045070857464015755,15,False
187,0.051967333278495495,0.39954792374275233,0.0845187595060005,0.04250383267121126,0.04189658976217531,0.02667982970992561,0.18338794393371505,0.038895846886675765,0.09317849194034998,0.03742344856869867,113,False
188,0.039220488751218564,0.3613666655422978,0.09457016397690503,0.07045255961467589,0.04699731776334877,0.03561279557137882,0.170203266754366,0.041007093556801384,0.10377965459108174,0.03678999387792617,113,False
