ID,strat_res0,strat_res1,strat_res2,strat_res3,strat_res4,strat_res5,strat_res6,strat_res7,strat_res8,strat_res9,ancestor,alive_at_end
0,0.10868289126191501,0.0021769026462349415,0.018153380303601495,0.07549510118739618,0.2844832048749306,0.016652957800337476,0.20312571639429317,0.07172173306070209,0.051253897871893,0.1682542145986961,0,False
1,0.11789135385038226,0.024509914243815368,0.01782735814212294,0.07509434126598936,0.2620270193126837,0.0,0.20708806893558737,0.07243689162818874,0.0622857262886409,0.1608393263325894,0,False
2,0.10564966242775942,0.0,0.011950377763345761,0.06586655570036665,0.2929184144735711,0.02795537839499626,0.20470644557276516,0.06426828112062487,0.060179882242805655,0.16650500230376514,0,False
3,0.10904135750812141,0.01101683861262203,0.012400155381185633,0.08546375734354296,0.2818737599810349,0.022871608257110303,0.2061723696724257,0.06364510747806988,0.04473650165449342,0.16277854411139367,0,False
4,0.09981681723218574,0.02255153524879663,0.01354122212166985,0.07774231074031482,0.259668513959748,0.034940065811075026,0.21588191756960673,0.07073757114308933,0.05370248249523636,0.15141756367827738,3,False
5,0.11114125176150459,0.018316146011298294,0.01156058518916265,0.08030921779022891,0.2758039375898343,0.026405180426516316,0.21644137807962094,0.07185606362190607,0.046029337645012214,0.1421369018849158,4,False
6,0.11049035218602113,0.0031123656496952305,0.005641679185909839,0.03772492044232633,0.2950050396214984,0.032907435255633534,0.19993697245324982,0.07173733741210657,0.06246229964781862,0.18098159814574072,2,False
7,0.11384019593478202,0.019526165307706775,0.005999134760118171,0.07627219620268225,0.27418634130194186,0.026064113680582167,0.2169351972795499,0.06846733094851418,0.04654498728251312,0.15216433730160958,5,False
8,0.10867700383788644,0.03525044484154637,0.0,0.06028963535716942,0.29850197392262595,0.021096941907094432,0.23298950453098483,0.06579422984102389,0.03085409041164838,0.14654617535002012,5,False
9,0.10396674763551221,0.0,0.0028943140732068462,0.06483370238166329,0.29301239685574026,0.027431628646222967,0.21905276274209692,0.05708808726930028,0.06456006549240839,0.16716029490384893,2,False
10,0.11223379552098096,0.0088257715566355,0.0,0.0781606469416691,0.28250082272030813,0.02158162715053943,0.23353410242793954,0.07237917069694022,0.02902455788802126,0.161759505096966,7,False
11,0.12649769395461208,0.020206619266211603,0.011304262802944507,0.08943762483186128,0.23779321115296861,0.0032738661493589925,0.1937689809279283,0.08215902071521249,0.07331856917057022,0.1622401510283319,1,False
12,0.09882100858888464,0.029283866269529706,0.01480344292070918,0.07757560079006924,0.2508997201527214,0.03570660042146097,0.22023875475133334,0.07774956149276388,0.053316031608507584,0.1416054130040202,4,False
13,0.11469229209411015,0.011432629861147767,0.0,0.04350969522063254,0.30806933188885993,0.010087710704358523,0.20044360052596272,0.07336197614976048,0.058745214591564024,0.1796575489636039,6,False
14,0.12243923333188128,0.0,0.004964618292524821,0.06720489766948265,0.287475654927192,0.02570026724362369,0.19092258142703958,0.07978339031268745,0.05512099193714208,0.16638836485842645,2,False
15,0.10788749343118419,0.0,0.012221465055329927,0.03613319229308612,0.2948800747175575,0.049070776056015425,0.17808344984429392,0.07233252389566751,0.08805400742690438,0.16133701727996116,6,False
16,0.09949664667853617,0.005346274434742644,0.03543233643981701,0.06672861152728374,0.29072822949805843,0.0,0.1970160113746376,0.06478069900404701,0.05511344517791034,0.18535774586496692,0,False
17,0.12073287382437489,0.009493458312463676,0.020429197503954333,0.07660146599459966,0.2616698418516418,0.02182290792055484,0.20127343766925587,0.07329195119924393,0.054216643585965583,0.16046822213794523,5,False
18,0.10449833818703137,0.0033371153078919852,0.01944542908150106,0.06997620837180377,0.2865775573263014,0.016661140036096457,0.222054645213846,0.06922202610371231,0.05208901306800296,0.1561385273038127,5,False
19,0.11250395820379352,0.0,0.006874532476712023,0.0698037070415225,0.2999880240672729,0.03643863770142178,0.20702941400183025,0.05469364280962374,0.06023288379406993,0.15243519990375332,2,False
20,0.10206507565284623,0.026153639365352577,0.01655903693214949,0.06922164282514194,0.2754641740397199,0.03266781402024144,0.22021216102529229,0.07092487210851024,0.059144435738721295,0.12758714829202475,4,False
21,0.12442880502034728,0.013620481685668304,0.016967455478181896,0.07117346951217891,0.27092378581119425,0.00823011917209085,0.20580652057207113,0.06363715684505829,0.04148487952443034,0.1837273263787788,0,False
22,0.09904885087165603,0.0,0.030047706524459997,0.06890533834636893,0.27023630318615777,0.01519935462082963,0.2061707114319216,0.07556681335368548,0.04619476086539466,0.18863016079952596,0,False
23,0.11373067540689227,0.019826238567607804,0.0,0.0794735474160656,0.253303270949435,0.03677413928921148,0.22023370926639235,0.062494072191542016,0.05537785223858384,0.15878649467426956,4,False
24,0.09557145485217713,0.007620951255197135,0.013193171537899,0.0746180075104743,0.2901727348663384,0.032203006526604905,0.21287050310482503,0.061276975632224236,0.051772948516376115,0.16070024619788387,2,False
25,0.12637996771182983,0.021016708922691064,0.018662723583308095,0.07048085783679725,0.26853354298703974,0.0,0.212911842629306,0.06405811662844176,0.058118948338621884,0.1598372913619646,1,False
26,0.11635026999871152,0.0,0.011498330573194234,0.08359565007365688,0.2901069352622593,0.016055424798524228,0.20829933816495116,0.05014130792587656,0.03928351074172075,0.18466923246110542,3,False
27,0.10080479699844126,0.022273419102802023,0.016409785474856987,0.08168334791029679,0.2567541940219403,0.039194358493971064,0.1885411483945478,0.08341485853123433,0.048592783194895926,0.16233130787701347,4,False
28,0.10759444747606622,0.005237173082559905,0.011225696195547653,0.0906158217930967,0.29143565742555905,0.03426611583248208,0.20453785083099432,0.05761516852259353,0.03333805467684513,0.1641340141642555,3,False
29,0.11124907064792873,0.013433624572212527,0.01788578806791992,0.08064957999690615,0.28480386509450273,0.006858751812880627,0.2128515218553218,0.05207911698053547,0.055403439297113555,0.1647852416746785,0,False
30,0.10600932623392646,0.017705802672830256,0.028396325028385558,0.08478450984708019,0.28569085438065994,0.014279718915131811,0.204147176653673,0.07484286640883972,0.04397005798957303,0.14017336186990004,5,False
31,0.11130946783302635,0.03268446275845542,0.01782664637791513,0.06339373742213113,0.27305600217582665,0.02202721513427405,0.23051677400967122,0.06828147293027097,0.034564120169332815,0.14634010118909624,8,False
32,0.1267785780327605,0.006710123765139902,0.005279003066374367,0.07337700811559583,0.2714287199655905,0.02479392804706103,0.2087460897629719,0.0755045188665779,0.05514456422560235,0.1522374661523257,7,False
33,0.09383986029084589,0.03007444519993721,0.0,0.09191256194974919,0.24721195598249848,0.02289967206173105,0.20810900900717005,0.09683376487146923,0.07544724134656605,0.13367148929003292,12,False
34,0.10342881135475247,0.005869288380588812,0.02859012241706195,0.08878229597208832,0.28927693962890594,0.008416167049489531,0.20191523459567226,0.07016985066653067,0.04378831892124381,0.15976297101366618,0,False
35,0.12379695371708384,0.005932887562886244,0.0,0.07923359727943942,0.28447723754267795,0.017211448888331413,0.2245473407913157,0.06718717069894231,0.01917792781590244,0.17843543570342074,10,False
36,0.10785741176201773,0.01851481148302811,0.0,0.07698630565030731,0.2838727728346626,0.034720768883710826,0.22397423477904377,0.07224594870604914,0.041712995269729436,0.14011475063145115,5,False
37,0.10255811634019546,0.046973911687795904,0.013581729119776634,0.06499920856589092,0.27001648308693504,0.0,0.2136366922499757,0.06454175257805028,0.06269517916592246,0.16099692720545758,1,False
38,0.10280279885587575,0.01004466700463386,0.01456727432883469,0.0737260247011783,0.2941892193127062,0.02378012552605788,0.19324014748508508,0.05793138877213162,0.05963719468437924,0.17008115932911744,2,False
39,0.09343074225327107,0.021883690081059132,0.0,0.0759031906928313,0.2766403625608895,0.04071883386781951,0.23391489368395893,0.0660684168031938,0.03577910048431901,0.15566076957265787,10,False
40,0.09588992282508672,0.0,0.022620068773718846,0.0815189292898042,0.29196720255554287,0.03964230798716555,0.20739470731046927,0.04115593129185054,0.061569727036388834,0.15824120292997307,2,False
41,0.1022490427482643,0.027274419714533336,0.02261795466950957,0.08070041052861632,0.2544725348914041,0.02995059293257009,0.2158503250031368,0.06974552522761014,0.04483103391889921,0.15230816036545622,4,False
42,0.10592402541408324,0.026271153043549326,0.012900288898036637,0.07140669344626924,0.2728318276914918,0.007840412462878128,0.22577683792458553,0.05783542815950245,0.053421785533500084,0.1657915474261035,1,False
43,0.11809313246169423,0.018953581444402227,0.024571035129907933,0.06661133209979757,0.2430458533383918,0.0,0.20216316066003953,0.07261448590209721,0.0840666592112609,0.16988075975240857,1,False
44,0.09549239013293385,0.04086571133484734,0.020545096427679106,0.07408636277796152,0.2540986916317797,0.021745364238962048,0.22294878720560218,0.07072322436876721,0.054691446944644444,0.1448029249368226,4,False
45,0.11751228326010167,0.02005479275987006,0.005589177123711311,0.07471210884081952,0.280966666805819,0.027865508333567112,0.22066508757483286,0.05126552793119508,0.043179089595063946,0.15818975777501942,7,False
46,0.10507803595724823,0.0299902663264679,0.0018049298210463046,0.08521920109360741,0.28295559532575315,0.02818752108246073,0.21869435743910048,0.0765684573077119,0.03725074453480714,0.13425089111179675,5,False
47,0.13058566330149374,0.027461712378599155,0.017188253961840688,0.07250815913639462,0.24790396988159108,0.0009275557322542162,0.2075537969280875,0.08320982121119848,0.05522113972030361,0.15743992774823695,1,False
48,0.13061096540941966,0.02019917075939046,0.0,0.08573980646200278,0.2751697583485679,0.018225790354276645,0.2192836248895439,0.05338163134655491,0.03009566774673474,0.167293584683509,3,False
49,0.11618124595667857,0.02164391212516475,0.00196148912161787,0.07465637262727444,0.26725217191213096,0.021332226350831138,0.21482982176523402,0.06563624735763901,0.054488584792087257,0.16201792799134201,7,False
50,0.10823966455840998,0.0,0.025262687372805258,0.07888927417408108,0.2850987978357605,0.013767181591379043,0.19695957463588695,0.07504612730443101,0.0499747578293988,0.1667619346978475,0,False
51,0.08058665835918302,0.0,0.024834062125660403,0.05916183600368023,0.30370770456590823,0.028167757137748585,0.19129337223473628,0.058480552906556744,0.06446950777168206,0.18929854889484451,2,False
52,0.1042522716811812,0.044632178012569856,0.0,0.07997090366130499,0.2666252075033305,0.015737980691986148,0.22552251560689604,0.07946873359905528,0.044699504784978195,0.13909070445869762,7,False
53,0.12385486066171418,0.022884605936937953,0.01993536920087018,0.07272286876557932,0.25291225884364626,0.0,0.21251174183788363,0.06930656953507881,0.06606775611300428,0.15980396910528535,1,False
54,0.11666477831590753,0.0,0.021107287532855207,0.07167253489349923,0.2863279025143283,0.020582261570087,0.1892711148636632,0.06998967896987718,0.034807641943804875,0.1895767993959775,0,False
55,0.10672458413772606,0.012161150583532437,0.0202985425599856,0.0874672672922238,0.29025340282345946,0.012652378878510449,0.20943029266650276,0.06069249188748861,0.0502586121275782,0.1500612770429927,3,False
56,0.10808708545616953,0.024018794990138953,0.022908385692432184,0.07558539722755449,0.261074440507132,0.0,0.20045591710863564,0.07162276776692862,0.060998708926781824,0.17524850232422665,1,False
57,0.09067227117594419,0.014887862157779,0.016810678203979433,0.07679287732052209,0.24909631367538704,0.03422732152773464,0.22346951276262997,0.07050853737864574,0.07262376702601671,0.15091085877136126,4,False
58,0.08215229137323567,0.030062084027665706,0.0,0.0751463000247113,0.28273437501340165,0.015891755788244824,0.2230543362670056,0.06943309708151728,0.06265948984882247,0.15886627057539543,4,False
59,0.0937426967836842,0.024459436567246345,0.0,0.07342340044482581,0.2765457503903074,0.04477776576387324,0.24372053192846332,0.05659175194681127,0.03945630083754456,0.14728236533724376,4,False
60,0.12294942376834636,0.01027256874876372,0.0007500842238656896,0.0839295651311326,0.27933138639735394,0.015100226655141,0.2117563484682535,0.05526100533142728,0.055068225106874494,0.16558116616884128,3,False
61,0.09656133820102304,0.020863822911128618,0.0022554271560868773,0.07626835562436307,0.3063836083060121,0.018556235699061327,0.19423128919169524,0.0755684293456181,0.050346742439884636,0.15896475112512695,0,False
62,0.10923304197841602,0.01425838318355526,0.016055778406705485,0.06359460612208544,0.2844055492149107,0.028807458427800914,0.20519927626881432,0.07249054955794033,0.04741086732464416,0.15854448951512745,0,False
63,0.1101549687304427,0.021036054206904478,0.0302362677045212,0.0711908020787757,0.2502432734244875,0.0,0.220935142842744,0.059068931118860274,0.07298287960545917,0.16415168028780502,1,False
64,0.09316834055727567,0.028846806504999097,0.018681264108078244,0.08435362669503033,0.27644224305051335,0.004055779219091082,0.21685924452744992,0.062170994983360595,0.04570202977134384,0.1697196705828579,3,False
65,0.08854490963327297,0.002026865757152927,0.012119248036365745,0.08934574741882553,0.27235269474391444,0.03162604203148846,0.20206805828219654,0.07182625133364416,0.06941102629752555,0.16067915646561368,4,False
66,0.11529899158633092,0.013946731817567663,0.0,0.08129963646119806,0.24826602436442127,0.027186448515762674,0.22964579763539542,0.0858441101548044,0.060808654105275854,0.13770360535924378,4,False
67,0.10404958188579772,0.024114454444122805,0.018491588398926312,0.07560005042376501,0.2504915889672241,0.02578351976933275,0.22883477310125794,0.0691080132150404,0.05579113743855217,0.14773529235598093,4,False
68,0.11431318450881706,0.009877979078902085,0.027099263357785373,0.07612934003941706,0.27517688169816906,0.03438581036673775,0.20460914532389862,0.06733019549894255,0.04269365934045012,0.14838454078688032,4,False
69,0.09865208088730099,0.01977369684485134,0.019394374494075835,0.0683432458998209,0.2484285576549736,0.06777872556891734,0.21984734613356371,0.05962533389003338,0.04268750684838371,0.15546913177807933,4,False
70,0.10718023820043682,0.005642013767203084,0.007504276637262188,0.08856417446331213,0.26585776892019225,0.04012326627553535,0.2306010137770559,0.07036550477718523,0.052373932358577735,0.13178781082323937,4,False
71,0.1082076334295309,0.029170974682974915,0.0038293848327279104,0.054967192410491375,0.30052522159417455,0.03147164914116759,0.21820644863027933,0.06525290253334787,0.04114448638167257,0.14722410636363295,8,False
72,0.09723295339862154,0.018936700638206034,0.005797890021313614,0.05446665573843416,0.3012184383639675,0.028935530589327813,0.23857673635007595,0.08344595519266468,0.016365850385690273,0.15502328932169862,8,False
73,0.10421931912619183,0.021453633898671883,0.004100126341152067,0.0941000954697096,0.26888564930632197,0.03251277199423661,0.2109599388096447,0.06512416288044372,0.041127860294440335,0.15751644187918734,4,False
74,0.10023635501684462,0.009416779792410391,0.012709962037960185,0.06935004975764923,0.2468063144890593,0.0469373998674742,0.2037862677486826,0.07696752306110617,0.05711883683143783,0.17667051139737547,4,False
75,0.09781890061928487,0.009719976661363261,0.014554798925233384,0.09779581929916309,0.25592844822025596,0.02976108454062177,0.21501914623708515,0.08090015589723737,0.05273132847493897,0.1457703411248162,4,False
76,0.09098505264510656,0.02241869571716198,0.01522035594407707,0.08417388039331909,0.24249193831093177,0.04449279612731184,0.22268244749920593,0.07783878501952368,0.05678235940536626,0.14291368893799572,12,False
77,0.10226293485102735,0.028743747939381344,0.0,0.0988125018207346,0.25134963904195723,0.028217052150711994,0.20995121077390705,0.07861576364330917,0.06617991930788335,0.135867230471088,4,False
78,0.11016176240385529,0.02184519670792171,0.018650010229937005,0.06632978196975237,0.24900333158541382,0.034138573853544664,0.2331690411779802,0.07584225247421303,0.048684428127495356,0.1421756214698866,4,False
79,0.09985639071468934,0.036510532812418096,0.017681912394539916,0.07494591439402343,0.2333422906517736,0.03444457870814266,0.2178293097223938,0.09730883204775341,0.04463686927280639,0.14344336928145932,4,False
80,0.10991111144468521,0.04387884884011114,0.0,0.06994970310075076,0.2853840108356668,0.038490091839949774,0.21855051007036902,0.06193017445099709,0.047305994172936926,0.12459955524453319,5,False
81,0.10946860099815592,0.02259201682388119,0.013198805578891136,0.06832021455647058,0.2611877815623531,0.0043977312735386,0.22031010551885333,0.07489253886946637,0.06287954003863797,0.1627526647797517,1,False
82,0.07924632652139382,0.030474143223063334,0.03353667621405882,0.0859628628171272,0.26155754142457993,0.030509749354584656,0.23220173749951814,0.06343176560458424,0.048079298102436795,0.1349998992386531,44,False
83,0.0896728407342427,0.03893650808504056,0.022184810129793783,0.07147987781398786,0.23796856151023094,0.022547744580483572,0.22938080303501485,0.08741106318494338,0.06281162093467617,0.13760616999158623,12,False
84,0.08826285269298507,0.022988012948171592,0.011093993791998115,0.068379950831124,0.24010036025753764,0.0716848625693451,0.21550053699269886,0.07190058857826798,0.06032717836988876,0.14976166296798288,12,False
85,0.10316110343353029,0.029587225456138788,0.011200784979841902,0.0874127993459958,0.2578291525921686,0.03656551032809686,0.20248082634719658,0.06690172457948594,0.055310883712147235,0.14954998922539794,4,False
86,0.12280074113016515,0.018214682115722206,0.023250920020609828,0.081333738902923,0.24407418367973835,0.034131789302523,0.214511434761602,0.06955224800049324,0.05307829228689235,0.13905196979933082,4,False
87,0.10550292696493808,0.015203661314943788,0.019611126166738057,0.08224223593364931,0.26947038580078164,0.0337380815898879,0.20847383105535158,0.07374417892600803,0.04017213452916651,0.15184143771853506,4,False
88,0.106545891047748,0.011546059288391275,0.012798331420837196,0.07753345877808167,0.25744441863876294,0.04514313696031936,0.22692817970886314,0.06829781423111729,0.04605371820935031,0.1477089917165288,4,False
89,0.10385784948973267,0.021842540245380928,0.017331714807798635,0.07099431613482325,0.2553118810523392,0.043604240492591,0.21354303388779727,0.05744534995933115,0.055480185342745576,0.16058888858746018,4,False
90,0.09923731070905509,0.021533433411692466,0.01611279793567906,0.0899132787525051,0.24675259044156514,0.04697465918044267,0.21941062613345508,0.06779238655132235,0.060281835358008996,0.13199108152627398,12,False
91,0.09115451388218347,0.02866199647890482,0.011527301850689646,0.09838439442006633,0.246349848546182,0.0447189028644643,0.2046350629419554,0.08318847476963255,0.052424144835965455,0.1389553594099562,4,False
92,0.10749835939093418,0.021672139396379485,0.017626757496099096,0.08394725857476046,0.2677689098306707,0.038731703495806444,0.1987925686055196,0.08015956003824973,0.038965353884517544,0.14483738928706277,4,False
93,0.0976551247157799,0.030387615371663967,0.009328274944243905,0.06489221512652694,0.25888384841490997,0.03653705802986117,0.2075299214651343,0.08353284005632323,0.045274511906745425,0.16597858996881104,4,False
94,0.09909060440889496,0.024550433819436356,0.019894723876209778,0.07308933093262876,0.27013783725752205,0.03474754626707006,0.20438122972328127,0.07791097727088957,0.05050740059486733,0.14568991584919988,4,False
95,0.10245682587862263,0.02043496087443878,0.012649437549852417,0.09409707714777413,0.25372004170702395,0.0371929098319366,0.218566424515301,0.051174590478983505,0.052330870528931435,0.15737686148713548,4,False
96,0.11033196661838425,0.029061034971310688,0.017195009352034652,0.09199904461154891,0.2410054747549697,0.04645230529647739,0.2018431134274404,0.071415219317319,0.054825086606496265,0.13587174504401886,12,False
97,0.09460048208299673,0.012998190201726127,0.03960658017379128,0.09218591816803379,0.2610149966464556,0.03359852133771595,0.2089229469235261,0.08310432098740758,0.03001149060195309,0.1439565528763936,4,False
98,0.09646976348529332,0.032556661384072164,0.003372486490444907,0.058208371508002274,0.3010370018696461,0.03047591731272069,0.22940468109539275,0.05864926581001522,0.043498569041468524,0.1463272820029441,8,False
99,0.09433363844306447,0.03556701831666603,0.00849331605019078,0.07541849471024135,0.25258485942540954,0.037332705456814615,0.2185627304017264,0.06468648927257306,0.05605569406093969,0.156965053862374,12,False
100,0.11049814293013945,0.030472446682725175,0.006099355192425692,0.08633969820442804,0.23571309677131677,0.04045875423060904,0.21567745485436907,0.07515440378997543,0.040571261858779496,0.15901538548523173,12,False
101,0.10993711175596821,0.014442221075211587,0.03508994839400427,0.08391271422490591,0.24485192426965327,0.048349794446730716,0.22108080338458566,0.06136965923173511,0.04328485833319157,0.1376809648840138,12,False
102,0.1067226516623158,0.022583116035889566,0.003694729465870433,0.08479478415309331,0.24674442919097522,0.021909751137101984,0.20576732336480277,0.08615084583722885,0.07077412052738165,0.15085824862534042,12,False
103,0.11303703864035224,0.013737844564709495,0.013492149011383464,0.07939780549223464,0.2505618999052502,0.03787506913714148,0.22246660068489277,0.07089871882851334,0.0651632399083922,0.13336963382713016,12,False
104,0.10624056251037785,0.018808523121906163,0.0,0.08124377139385566,0.2562815900909195,0.036237425931035426,0.23172210902959192,0.07711964943487146,0.04919137624479363,0.14315499224264833,4,False
105,0.08433726095576509,0.021490678532479723,0.008927350044236443,0.07511404156613415,0.26185387471914384,0.046116483836153944,0.23999312052314076,0.07718680691550793,0.05534970305636778,0.1296306798510703,12,False
106,0.09026243200786906,0.015588091489960494,0.005566484903089942,0.08792117901901954,0.2687098211182209,0.02624396732931831,0.2074518755092257,0.09069232302049061,0.04293859154351318,0.1646252340592923,4,False
107,0.09489993911794727,0.02489756061079057,0.017422610033554407,0.07559868180514918,0.25572091831977817,0.05265127354999067,0.22780655836784378,0.05536617337589507,0.04578826110119344,0.14984802371785758,12,False
108,0.10688839784632381,0.030827529186096433,0.008885869472328235,0.08399870667675786,0.2558120111345641,0.029579826698486432,0.21126212095165547,0.07084674320119456,0.046526206750349706,0.15537258808224338,4,False
109,0.07922055671075706,0.016662396437176034,0.0,0.07530135721580604,0.25687800700119245,0.051893611824323345,0.206748096327708,0.08739948481124886,0.059831273640660015,0.16606521603112825,4,False
110,0.10342791913538886,0.04407442236389472,0.032983935000947796,0.06799897415125704,0.2285804254330755,0.020567483459661237,0.20974274111793365,0.060550669239622316,0.0782127124051901,0.1538607176930289,44,False
111,0.09885380223269967,0.037716273719862366,0.014775069668963456,0.09971720635668259,0.22514901031998671,0.04437651112544847,0.21146656561174304,0.08419733268705512,0.03708635116547105,0.14666187711208736,12,False
112,0.0860749634421302,0.02000166139013381,0.0,0.08312533476883571,0.25411075857032545,0.02954238979070708,0.22707519643718685,0.08985044189569294,0.053056099804370455,0.15716315390061755,4,False
113,0.1102217631187592,0.022215530658125385,0.015485906908479492,0.07406808742934017,0.26641724360952557,0.037594687717081875,0.2010278680281216,0.07011480456737117,0.06604636744123527,0.1368077405219603,4,False
114,0.09929084180941014,0.040935354282450896,0.00418527329720023,0.08153652548330029,0.26284127049567935,0.02441592718693807,0.21735671729327835,0.08600563888146362,0.050074064595571045,0.13335838667470798,12,False
115,0.10494487292557171,0.02893735824018619,0.019647418003055434,0.08317699420444641,0.24463132253110464,0.05255444838293662,0.2050624654477163,0.07253017072929106,0.05484234075210811,0.13367260878358342,12,False
116,0.104312434087838,0.03423118788444685,0.015962823997496513,0.08718574531290987,0.2418568361731515,0.02104940701698089,0.2134738337508582,0.0807211249797162,0.06211485473509137,0.13909175206151064,44,False
117,0.10778443606194857,0.026101069787279996,0.01345775336932043,0.0899917027131366,0.24798573969239354,0.02764854032618501,0.20810845775363265,0.06427295091010193,0.06293440902750717,0.1517149403584941,4,False
118,0.09266534628632883,0.008696921963666929,0.010536721668695787,0.07815735070128842,0.25789254623713187,0.02059322195026625,0.22040875385285189,0.06999301151785825,0.061590476836461905,0.17946564898544978,4,False
119,0.10668322099193608,0.02610979915653991,0.015151039922839738,0.06575930842335832,0.2563767867568575,0.02861223108547027,0.23749928988366148,0.07593156293851738,0.056448967123349555,0.13142779371746977,4,False
120,0.10638036380083189,0.021201120063435573,0.03363377824771963,0.07476374450892229,0.24988924771676085,0.022961269063064976,0.22742731036718167,0.06835844292479208,0.04988400944222402,0.14550071386506702,12,False
121,0.10178954402209954,0.04097553089758212,0.02019519568714048,0.05836188782588031,0.2433381357461042,0.040081823425123446,0.2257321000165016,0.08553028911405675,0.044125712542744076,0.13986978072276743,41,False
122,0.10838104305427156,0.029054155068486645,0.027916790702393002,0.08322676225737063,0.24625278954650842,0.025339558419691464,0.20139267930318638,0.060709298297057894,0.055888941416925686,0.16183798193410828,4,False
123,0.10050151028496218,0.022246305432848217,0.004343785968044621,0.09268596244959017,0.250918996994056,0.02968385298012169,0.2222342298825041,0.07062448869355115,0.07194233231614298,0.13481853499817886,12,False
124,0.09236271209844714,0.027875536012775204,0.02830830095796264,0.05370648265221111,0.2801137437925718,0.04311350482853427,0.21293450410911827,0.07156719870392471,0.0507671490672477,0.1392508677772072,4,False
125,0.1085442106890883,0.023111311153287982,0.011842323561312514,0.07673502455825675,0.2581944581732823,2.5295275008787143e-05,0.20976259549152526,0.07619033557123978,0.08208049194388127,0.15351395358311706,1,False
126,0.10182224966704938,0.017667747797491473,0.010941121751269812,0.07060446536061678,0.26790117687276216,0.04185259868347087,0.224099587905049,0.052640872460293746,0.05790986658797786,0.15456031291401887,4,False
127,0.10109464083708551,0.023043361148110373,0.013741731226915762,0.06791595612522303,0.27261232674701513,0.0244443014766679,0.21517891371926576,0.06007339612313539,0.061933957154274404,0.15996141544230685,44,False
128,0.11515952186105177,0.04575500612459041,0.024894767476451942,0.09163979634358184,0.2591626885065461,0.0379776212216331,0.20806297977951735,0.05852467780723321,0.01977146346804528,0.1390514774113489,4,False
129,0.10005736225925814,0.03547738393848877,0.04503069241675459,0.057376130623768264,0.25637360522162744,0.017602886194522296,0.20483653962352844,0.07788850717408388,0.059003974702852235,0.1463529178451159,44,False
130,0.1028517348066709,0.015960955000642228,0.0017807935739488983,0.06674587596900625,0.2791012069110751,0.04648416518409721,0.22455166148046463,0.05453895003034733,0.056465890426593,0.15151876661715447,4,False
131,0.10018619984286449,0.013269226766505335,0.019793067499252536,0.08212334697192154,0.24093742983845612,0.03572428060070046,0.21605764388892926,0.09892177315715059,0.05818902689562265,0.13479800453859708,12,False
132,0.09883464929677932,0.012936748902448258,0.0,0.07889385445364405,0.26337755472886204,0.05265523103498827,0.22702378957510602,0.07122746398980756,0.06989091154059777,0.1251597964777667,12,False
133,0.07462893003789166,0.03527975991029863,0.028138071457578,0.09294572965606573,0.2582179993521461,0.017253861550105814,0.2596778753226104,0.053486854954281654,0.053341199622428954,0.1270297181365931,82,False
134,0.11443825746576468,0.02130751583715598,0.012935925093622826,0.06952042981712749,0.2507153254575155,0.02256708446733175,0.20768335373369134,0.08459167022361182,0.06735465249295665,0.1488857854112218,12,False
135,0.11618256437038905,0.022648169078728544,0.02312690248172894,0.07518883569624425,0.25380544067965866,0.0374637422735247,0.20930444787387667,0.06043544285552177,0.05776204307482653,0.14408241161550084,4,False
136,0.09463110314806787,0.037050562099527264,0.019455019399346237,0.07828098268335906,0.2542799707490665,0.02156696271332168,0.22553913787877766,0.07148420879856898,0.0605689150941535,0.13714313743581127,44,False
137,0.09389653693698796,0.03166177049220702,0.012976483119835038,0.07836907541210635,0.23693735012953507,0.03817075990218895,0.22395679972853447,0.08262874503517481,0.05518130474636113,0.14622117449706917,12,False
138,0.07305057344092777,0.037824439013220836,0.04737518713943021,0.0714428377198373,0.2594431997809988,0.02368584836817376,0.2074677352855467,0.06762276554721039,0.06819385118868021,0.14389356251597393,44,False
139,0.07934993134498584,0.03190168270077386,0.02465417540696611,0.09783774528444467,0.2724677528639718,0.02215527477268679,0.2216763289243219,0.05312696198823516,0.05015018003049679,0.14667996668311703,82,False
140,0.10558779415179638,0.03425871967111713,0.024569538612013605,0.07746800359610352,0.25817569341924745,0.0253745401908365,0.2295792081922459,0.06580362375714356,0.026432121477273637,0.15275075693222226,44,False
141,0.1178035856865882,0.03342524913544921,0.01762162410012554,0.0709219532224274,0.23853152024389962,0.03860894570803685,0.2169289878799794,0.07530405526008786,0.03560830873076407,0.15524577003264184,41,False
142,0.09096697964729664,0.020986779612440467,0.031339433684300186,0.06644496786857418,0.25986341297988375,0.034517751911866276,0.20578067539043213,0.07473411786757207,0.057923374892650634,0.15744250614498367,4,False
143,0.07131246394278828,0.02914472037034871,0.0038642067352065578,0.06669068014125175,0.2789044722809629,0.03289721252693091,0.2287802453406111,0.07022269187961898,0.05904368503838273,0.15913962174389815,4,False
144,0.09840023635136377,0.030082299166569047,0.01819689738350701,0.06595976359311216,0.2520081093071778,0.026713054390154502,0.25727889560068984,0.07209599895101221,0.043656772199689976,0.13560797305672376,44,False
145,0.10034860153572857,0.06428039774079343,0.02240229330162846,0.08055758090387165,0.2527908549752085,0.008963268384465001,0.21464941062390638,0.07386068311347939,0.05117271749894348,0.1309741919219752,44,False
146,0.08409049077764336,0.043559747578214326,0.025493038729475004,0.08319043870370497,0.25318768163192995,0.03144628383953296,0.21584419393868262,0.07269014251744065,0.04834967038464886,0.14214831189872737,44,False
147,0.05511996701045876,0.0397737993147738,0.03876822065316997,0.08831869515143673,0.2689365842401971,0.026827200270947975,0.24150122972026714,0.05784686218300906,0.03985356202898762,0.14305387942675166,82,False
148,0.0928096395435939,0.06379103807776632,0.02956399521530136,0.07962871795360892,0.26386085483302374,0.015751266342095623,0.21943172050202056,0.07549556719233919,0.037912135381331556,0.12175506495891888,44,False
149,0.10667684425399353,0.04657355132943474,0.022760772190010842,0.07244573051695659,0.25241166131457393,0.0,0.2151858339657157,0.08698053599698766,0.059046416733935674,0.13791865369839124,44,False
150,0.07495116837522647,0.02232669106175362,0.023921050364301238,0.07838034657331695,0.2582992508846089,0.0547881471711831,0.2301117790186625,0.07413049333078175,0.05190278396182291,0.13118828925834253,82,False
151,0.08730779723655425,0.018761295278384774,0.005181301720698881,0.08909048421289853,0.27059972120544823,0.027184081633450003,0.21430681392991086,0.08190335008720435,0.038026658126408305,0.1676384965690418,41,False
152,0.09654943812676864,0.020960343947110015,0.018875724897443106,0.05831583767110681,0.2635111310983114,0.01175096881869499,0.23295347457531176,0.09164953066239709,0.05714881350117656,0.1482847367016797,44,False
153,0.0806924839427879,0.028550952613942023,0.026151634683318138,0.08189402269275863,0.26215237567652994,0.03686413887789316,0.23442752892625932,0.06691740451891354,0.05018906753432342,0.1321603905332739,82,False
154,0.07300183043087823,0.03274660113470792,0.021289084749074254,0.08217060804284701,0.2579034097796761,0.03871875389349616,0.22729169675217642,0.06571786620489127,0.062387517422342095,0.13877263158991035,82,False
155,0.11381443401450965,0.019042563420184025,0.03466812879284683,0.09000579674729388,0.2654868538944401,0.03546153754192603,0.2199917115386507,0.07801513024657596,0.019979767566992893,0.12353407623657991,97,False
156,0.05555935532847015,0.015378225621275365,0.03637873042639381,0.09501679204729795,0.29440541814324606,0.03601921609435278,0.22943945849673406,0.05162810474674502,0.05125665398699628,0.13491804510848845,82,False
157,0.08206969373958664,0.017429987970513684,0.04057117854077557,0.09259462879502169,0.2552595680139864,0.029680361823707188,0.19984741078313475,0.09534166143782008,0.03941628073303577,0.14778922816241816,97,False
158,0.07663440680129753,0.008359046899140072,0.00889687382839158,0.0841219977347801,0.26710268396488823,0.03654946962288779,0.23727154388007413,0.07478367439104286,0.03313684075659269,0.17314346212090487,82,False
159,0.11988159973687045,0.052981144149364195,0.026089496052189937,0.05153954387030913,0.2260698139085078,0.0306082859379897,0.20862543863705685,0.052495694894325796,0.08311838670041045,0.14859059611297573,110,False
160,0.10014759681075722,0.03713850503266413,0.01988279823856989,0.07852976959494577,0.2439281975974882,0.021379792491248235,0.22076200320232808,0.06717589570491442,0.07034540913968494,0.14071003218739908,44,False
161,0.0928816673322518,0.037826319728680224,0.03585911285159956,0.07900924432303646,0.2489372662735019,0.037071304694180754,0.2094771635862936,0.06016620644637461,0.05285608634697133,0.14591562841710976,44,False
162,0.09956012194552924,0.04715744872093757,0.04019466458352092,0.06393128756631765,0.21418453281598737,0.024543292114188067,0.20572136570702965,0.060723585963555295,0.09303660382259317,0.15094709676034107,110,False
163,0.09168152882072957,0.02519954393806431,0.032953107838418406,0.09644402307421793,0.25992909039564854,0.03435077318121863,0.21439686345856668,0.06577919426589776,0.03984398537374308,0.1394218896534952,82,False
164,0.09154568535940608,0.0,0.029665921412668855,0.07596273976935294,0.2823073613581373,0.008960614208933015,0.1820828394769819,0.06868246869615265,0.07071335789762376,0.19007901182074338,16,False
165,0.09256861388979255,0.031464334837209805,0.030119551285848055,0.07670658286717887,0.2648857493028093,0.0460746538115199,0.2295997946395807,0.06850425119113276,0.04433042749461606,0.11574604068031201,82,False
166,0.08419963401360736,0.013739425542501368,0.03852368239618599,0.08976818684753776,0.2580774071045015,0.04369908670279557,0.19433927678071744,0.08446556555977283,0.03843600477716667,0.15475173027521355,97,False
167,0.10791099132182055,0.04202712102811517,0.033256888061603575,0.07526292760848927,0.220329946200009,0.030134957891792814,0.2045146774905017,0.062067935291617214,0.07356849804290498,0.15092605706314569,110,False
168,0.1159566960944274,0.03063189565850521,0.03058922895296746,0.07732169488357431,0.2229971773224084,0.015472569859287199,0.19560287530919587,0.07823103883296637,0.07296654921102817,0.16023027387563962,110,False
169,0.0966344678423566,0.031038011126993163,0.019307869138386217,0.06087745100330375,0.2517370536563805,0.007167965655428589,0.2308099001255164,0.06919384344996801,0.07223733349579027,0.16099610450587631,44,False
170,0.08907968611977089,0.03603329816218579,0.02846797809676626,0.06742527864733405,0.24587619857967735,0.026186266527233028,0.2259273426848965,0.08161715107364323,0.05027983805129438,0.14910696205719845,44,False
171,0.07916702316353615,0.039876874597900215,0.025821183305510562,0.09299896215771646,0.2783185219273907,0.021567410063797122,0.22590746298783723,0.06585084960822028,0.0416709176677985,0.1288207945202928,82,False
172,0.07640246884591216,0.016279071032803107,0.03067294523344489,0.08089850731070967,0.2906889327566774,0.019897951702377115,0.2384487610690893,0.05588687568676767,0.04215241352256187,0.1486720728396567,82,False
173,0.07575408761767541,0.02539873269291244,0.04101649223232295,0.09334274978179295,0.2812880906879387,0.02125449721701076,0.23171064727564855,0.07204440922857995,0.02283685656170796,0.1353534367044103,82,False
174,0.07895810020382336,0.023152173912002267,0.04338332580328351,0.08963113821006682,0.26343192693768447,0.025818954477400183,0.22260168780203396,0.06714264792261176,0.04116396434903694,0.1447160803820567,82,False
175,0.07431271161623858,0.03978275155472888,0.03291848789737706,0.07709282665712396,0.2649524568463646,0.023931326353337976,0.23645146263821593,0.060752677624311226,0.06356193587547598,0.12624336293682578,82,False
176,0.06173602557634535,0.03299734386708583,0.02645363911875105,0.0968560971137728,0.2596523300212344,0.02899399713846361,0.22014652285647027,0.062084869531312224,0.053467640552963054,0.15761153422360138,82,False
177,0.07249819220280666,0.03785372566774254,0.03055022484343247,0.10417246133886708,0.2663434211151249,0.03432596292416609,0.23146135811472385,0.05117955620086264,0.032167685924639804,0.13944741166763386,82,False
178,0.08508007288096882,0.039379936394674096,0.03400065656686202,0.07373902725677906,0.2446762989731634,0.04062992369567635,0.22530545889309095,0.06387209776094191,0.052575384459771196,0.1407411431180723,82,False
179,0.07436701821147544,0.03358032262769828,0.017697076744268427,0.08134785336123526,0.2591238070364932,0.04410415920367962,0.23118075571166055,0.05971558831281549,0.06290231658829287,0.13598110220238083,82,False
180,0.08602283014630695,0.03272579193435707,0.024581561070986815,0.07043290099615848,0.2817431191077677,0.022381116410794884,0.22320375454600672,0.06806824633531297,0.06050722515345639,0.13033345429885196,82,False
181,0.09663021993130572,0.005939119739675238,0.038647551827796785,0.05758857197030042,0.2900866193913164,0.0,0.1928083095877983,0.06429581421398617,0.06601787896059702,0.18798591437722392,16,False
182,0.08369387870658702,0.0402027735704628,0.02518970419807534,0.09536217749276281,0.26279083409627896,0.028890722622549544,0.24414454255627682,0.06716735255873559,0.024348585524798162,0.12820942867347293,82,False
183,0.08494259620469896,0.02715524722956651,0.01982736661285256,0.09156476352371155,0.2518274960581942,0.04593199328057114,0.2180539340167944,0.06033158496326693,0.06061591550007114,0.1397491026102724,82,False
184,0.07423983999883764,0.04403152071592225,0.02868916539744641,0.09068353652987564,0.25597729003193304,0.03030978160550074,0.2316986455540333,0.07824531572226304,0.04461364611583949,0.12151125832834846,82,False
185,0.08061087240876834,0.01747772760638434,0.03144679024543062,0.07834025255750651,0.2554878969200519,0.044210648746449005,0.2308813090954625,0.07352646086229435,0.05535353817645956,0.1326645033811928,82,False
186,0.0783867888750623,0.02544408754370812,0.037010612559207776,0.10213630982878026,0.2687478908512771,0.03241807165800319,0.19590999552016833,0.09309476169937175,0.03723431919883764,0.12961716226558356,97,False
187,0.07609275308338574,0.03647323555819348,0.03178029087193938,0.08381345468321648,0.2623224639712943,0.030065494611918913,0.22339880888013053,0.05779647653654131,0.06219099148035708,0.13606603032302275,82,False
188,0.09091003062672877,0.03694707653886782,0.02896569589600948,0.059012443459800196,0.24521020516166092,0.02375677978870171,0.2054356217186611,0.04461446313047054,0.10694498036211944,0.15820270331698005,110,False
189,0.08291254997140703,0.024661995188214207,0.02999411477998905,0.10849869276607006,0.2685365141636235,0.03874787203468036,0.21169933019882647,0.07074990804265409,0.03425729566890714,0.12994172718562802,82,False
