ID,strat_res0,strat_res1,strat_res2,strat_res3,strat_res4,strat_res5,strat_res6,strat_res7,strat_res8,strat_res9,ancestor,alive_at_end
0,0.19733945416254,0.03483906618844467,0.06691417888795068,0.13272598799755878,0.2720363808418527,0.014844221081250773,0.026567072855834397,0.19274818914820194,0.049996326929020986,0.011989121907344894,0,False
1,0.19335578754166718,0.03376119117951876,0.06357988163973342,0.12654197796423278,0.2782318103991533,0.015695009044359984,0.03063671911003466,0.20085010575307594,0.05504726944091887,0.002300247927304991,0,False
2,0.1945934227560557,0.03742245944218972,0.0769744897073784,0.1193093684896196,0.26991958722499587,0.01610591692060076,0.04932959323983007,0.1888028548166293,0.03243737555078229,0.015104931851918255,0,False
3,0.2027461000045529,0.02314184657628783,0.060192637247581546,0.1452313982036307,0.2816500298649557,0.016221652062825758,0.016909142640676438,0.19403440841361727,0.05414883770811015,0.005723947277761734,1,False
4,0.18889605857459552,0.022069727253970394,0.07571203013121142,0.12085866450084869,0.26551121967983854,0.007157627763869358,0.05219909473822307,0.18614897529733704,0.049570202117702536,0.0318763999424035,2,False
5,0.19461450324951043,0.04950996717287849,0.08073030797881636,0.12284656409707677,0.2707800159857379,0.00724516543875735,0.0361826946985304,0.18736907820131313,0.02791242183454435,0.022809281342835,2,False
6,0.20019770760198957,0.05306668115608704,0.069262782045122,0.13544038115234747,0.2540928482089412,0.0047031436540148994,0.05649507510378662,0.18824892065519835,0.018994627330825534,0.019497833091687435,5,False
7,0.1931103267855545,0.030959699422593082,0.06306459795711637,0.12339878217090763,0.275928915080245,0.02429156181394375,0.03402483811094669,0.187622482502651,0.06595523501296073,0.0016435611430812558,1,False
8,0.19870733219298023,0.031544909872797844,0.04510465710301226,0.12556947491477746,0.26780911081936526,0.03548617849706097,0.028435162347372724,0.2050567318393087,0.0595008521103607,0.0027855903029639674,0,False
9,0.20185836890230852,0.018607075664392934,0.061006133208590746,0.1653847476135265,0.3098623109404563,0.0023055378666901175,0.006516589346075162,0.19135079569134936,0.04048956818779618,0.0026188725788142382,3,False
10,0.1918959265015843,0.03954423824713198,0.08132527637604955,0.09737232452587628,0.2826803506249571,0.023332169094001244,0.0356855684138622,0.19595794513245926,0.03135977404143853,0.02084642704263959,2,False
11,0.19728740334372236,0.029947830624528177,0.07597556363256495,0.13519743864999476,0.2627747419046975,0.023345473727315626,0.015957146659031238,0.19076102300851353,0.05246015492360872,0.01629322352602323,0,False
12,0.2085501066327424,0.012793934649551208,0.0653831020114043,0.11738481417771078,0.28227842967808253,0.0353189994696921,0.026772531767535638,0.18512310738238522,0.056003467744981064,0.010391506485914803,3,False
13,0.2148210220278992,0.02836189235728661,0.06623543899416189,0.12148789216021505,0.2817360835125865,0.01623039922094691,0.032942138753291744,0.1912766293525049,0.04690850362110714,0.0,0,False
14,0.1981187300527108,0.029728842544235135,0.06157088091758249,0.1269676380008694,0.2744461562922085,0.013522982234720645,0.022254640609961823,0.21017437965284724,0.06179909113012751,0.0014166585647365302,1,False
15,0.18142250953161237,0.03161520250633661,0.06755578004790112,0.11994160965410804,0.2828271837250746,0.024755031578949194,0.03906594257172675,0.20844197840493336,0.044374761979358066,0.0,1,False
16,0.19347244484702622,0.03227350955081699,0.05107470545110456,0.12854271206609544,0.26701417300809765,0.018592043500311545,0.026563065293630724,0.18926397586544652,0.058530474218157685,0.03467289619931284,0,False
17,0.19195750818671128,0.034781359175102576,0.08283650251464557,0.13825204972066585,0.26755240506004374,0.010303981718618162,0.018123116901186453,0.17320782498101026,0.04614014347206069,0.03684510826995531,0,False
18,0.19605799310306998,0.025068089710443036,0.06387730869626897,0.1313420982953669,0.27028886720142664,0.0230419896184857,0.024180167392611782,0.21524170613413635,0.050901779848190595,0.0,1,False
19,0.18885648324654417,0.023025196493489247,0.07690126440448711,0.13158945931192237,0.2773756968381805,0.03204072592399953,0.023399790849949954,0.19579706814177497,0.05101431478965221,0.0,1,False
20,0.18629227000394452,0.016690912741007296,0.0824712570148566,0.13592908951662852,0.25498858111384126,0.0,0.044728422694692994,0.19382417864334894,0.04468899286964663,0.04038629540203328,4,False
21,0.1649372894835197,0.02818117680407839,0.07382842932022067,0.12110538709348798,0.2556776137450176,0.01130975786597035,0.08022559233203336,0.18525850141932557,0.03454376913979699,0.04493248279654934,4,False
22,0.18607280181368324,0.026379654808630013,0.07022107138399832,0.13177521502509323,0.28029434480800514,0.01691219778544794,0.024318082596739968,0.1891135417830618,0.06292745575736203,0.011985634237978238,0,False
23,0.19753394511446531,0.031968036473414146,0.0812798281452587,0.10917750751458423,0.2792022827317068,0.02202501029814722,0.04732416794477084,0.17716498947996612,0.037185780456360375,0.017138451841326407,2,False
24,0.19333537725336272,0.026053029660282452,0.0680198721340477,0.14492851184781327,0.2868681512326951,0.024733711200249985,0.021269342649950774,0.18674022815631433,0.03916449512644785,0.008887280738835787,0,False
25,0.21427279200324892,0.053917890707598594,0.06388892684772247,0.10716189604558465,0.27612707743717524,0.022115834247485002,0.04187548237269914,0.1793453369438534,0.04129476339463249,0.0,2,False
26,0.2064270324687275,0.0429059679993171,0.0759721140932862,0.12794144433395352,0.2659588095155328,0.003425897863855322,0.019534978526201445,0.17677562257179694,0.06587938368641386,0.015178748940915223,0,False
27,0.19005776385913384,0.03354504376067372,0.07288673838540513,0.12024431893881209,0.27202528305493023,0.030890689854654856,0.04453190331701522,0.19599250472251017,0.033544310676811656,0.006281443430053171,2,False
28,0.19495325986791687,0.03320293576823236,0.0768448663282799,0.12067026931835534,0.2716755618486221,0.015950423457637048,0.027359875359402566,0.18563946757672778,0.040922938043665924,0.03278040243116,4,False
29,0.19890221762094512,0.02763121854028127,0.0643710725574455,0.1322219635043157,0.26947717077180455,0.0307828788571332,0.028652688271040314,0.1943807813974485,0.04926655209398422,0.00431345638560149,1,False
30,0.20222778521813287,0.04488353703705029,0.0751929858287363,0.1290871662358763,0.2540061873673672,0.028083374209008086,0.046951959222634905,0.18617902420253998,0.02748221426625159,0.005905766412402586,2,False
31,0.19794358640803772,0.03152809048099104,0.08085083839868012,0.12132477206483916,0.27875593462004866,0.016281851606702508,0.04880271453870375,0.20306122164401252,0.008425591699562423,0.013025398538422073,2,False
32,0.1927823191085351,0.04120750495281966,0.07261447339745605,0.13075528983696855,0.2855400392822571,0.011511851213304518,0.026316505427530317,0.1906013067917779,0.03899065878707599,0.009680051202274777,0,False
33,0.203837575517741,0.04615336054493175,0.07967600163462421,0.13464823561267972,0.25727635334112975,0.0,0.04754243447306112,0.21071144327184835,0.011132672779407582,0.009021922824576516,6,False
34,0.20241458763120043,0.02515630547548597,0.061287072116359635,0.1295557995677532,0.29136067720494274,0.01567465875449337,0.009329112064523443,0.187095264287902,0.0506154128675256,0.02751111002981349,3,False
35,0.19125779203195276,0.03564689563248837,0.0630118461881809,0.1393469774938858,0.28005865275146435,0.006561963439250308,0.023002173461547176,0.21818827338648764,0.03837059340317058,0.0045548322115720455,1,False
36,0.17683986670976762,0.015267971630378315,0.07773122578077032,0.11299260901038376,0.27502373915277595,0.021320764937372227,0.06131092269580926,0.1811955164636369,0.06086413242580817,0.017453251193297322,4,False
37,0.20529014957541178,0.03674326405832386,0.08992169893985426,0.12268028834965512,0.2640078536312705,0.00598381990011523,0.048947503899155136,0.1851632354249051,0.029027256756019654,0.01223492946528939,2,False
38,0.19841998716112594,0.060800920702336184,0.05120463775491733,0.1478760334368002,0.2815024780260363,0.014578494092613638,0.01823141002424815,0.17770892994816417,0.04544469004069637,0.004232418813061802,0,False
39,0.2155665373123293,0.03541326770523262,0.060163453779045896,0.11117118193771892,0.28515508822109875,0.0163503271580013,0.04499337722965751,0.18173470999232372,0.04945205666459205,0.0,1,False
40,0.18914109905837942,0.03404537878072999,0.07387328093322422,0.1143389884754537,0.2664891189237768,0.035369646415688925,0.040488464149966666,0.1845185580677581,0.04341329795978429,0.01832216723523791,2,False
41,0.18939208444627473,0.028624706186430756,0.0692729424028138,0.11926331701659443,0.24267499128162726,0.01833398420104085,0.045288302753331434,0.19468148736868124,0.058566462533407644,0.03390172180979776,4,False
42,0.19172408146036898,0.017776535484842,0.07316831689406796,0.14002228745876966,0.2839476095015682,0.01842071760047564,0.018061225968257145,0.17823732676842247,0.051147354576790934,0.027494544286437016,0,False
43,0.18981403813294676,0.02180693798347622,0.05679863575464193,0.12395104164076372,0.26904580313151216,0.020352180358986463,0.04533629020902487,0.20600426254158724,0.05725605781612182,0.009634752430938816,1,False
44,0.19724017744429242,0.04090071968283701,0.06930948234333212,0.1319098491450035,0.2674482228671731,0.014635693976653671,0.055040329565791836,0.19500393983104744,0.018838515830375383,0.009673069313493446,2,False
45,0.20914930595010553,0.02200282891512013,0.06213974500645058,0.12580572579177346,0.2764625051855528,0.015648805952130262,0.043726401765028886,0.19327552441244447,0.029386322351539755,0.022402834669854075,0,False
46,0.19176603084010085,0.041185012761557525,0.06545283202059742,0.13644766624710417,0.25865612607720373,0.02264593519398642,0.0356017987374718,0.18790424754480373,0.06034035057717441,0.0,0,False
47,0.20001308251798952,0.04411534804681144,0.04453264744742763,0.15760753224580812,0.2712107924043308,0.0028370230899630536,0.01977954266559324,0.19982517209949147,0.05729344214188012,0.0027854173407047145,3,False
48,0.19544235542688515,0.033222652320184655,0.07888760712953446,0.11619013552268262,0.24420810043816507,0.028067259751725446,0.06891421598633661,0.18611683900715315,0.028176685218438628,0.02077414919889421,2,False
49,0.18181936155228426,0.03507062319031151,0.07759633922775064,0.11508124350334914,0.2610178685754008,0.0012481181316534218,0.05908164755316013,0.20287223822218003,0.04251971891858966,0.023692841125320295,2,False
50,0.18264192278514313,0.03982140177155092,0.08042922782433783,0.14938011290486602,0.25902278588759114,0.003785363226934768,0.012280524641801101,0.18590875658064243,0.06957686455541598,0.017153039821716853,0,False
51,0.19600369318311398,0.02869328580238035,0.07743531752936467,0.11296779827720396,0.2621892166107065,0.02540706268186607,0.06204921555250536,0.18894978921733407,0.028048499159253358,0.01825612198627149,2,False
52,0.20818389568593318,0.006277065627806256,0.08673325026877249,0.12290696433505842,0.2679152523980542,0.0,0.056175411884988556,0.18653315979837695,0.03855680889360732,0.026718191107402523,4,False
53,0.20203708158485312,0.04519986085885011,0.08146882397317454,0.12020736709413687,0.26763605323059525,0.006697029248777858,0.04721519767890754,0.19594462995949577,0.02859731988750352,0.004996636483705524,2,False
54,0.19899429264621385,0.04568444108540309,0.07871975279208257,0.1112852483475659,0.2569603867741478,0.029973576470149553,0.039138422135828445,0.19143197202507306,0.02735940276737289,0.020452504956163003,2,False
55,0.18312704301059768,0.0219137906419013,0.08438776810909664,0.1315855623391626,0.2762879603618802,0.017902205688177093,0.055701168315519196,0.1891864202859132,0.022546826312172676,0.01736125493557943,2,False
56,0.19110554824945145,0.029527503222366067,0.05568362539011764,0.1358485319057426,0.28634276254264623,0.017987781618674644,0.0266451262079617,0.19219511699952713,0.058406778006309674,0.006257225857202943,3,False
57,0.18339018700718548,0.035640095397528784,0.07291558441686147,0.130974468281983,0.274212750002114,0.010104342353739975,0.042241737839207774,0.1840634614588667,0.039930994553036545,0.02652637868947632,0,False
58,0.18181426475798104,0.030016775430566533,0.07316066105030067,0.11714917437530202,0.24042073361376629,0.026633682509705676,0.06412700527795503,0.1887569684869111,0.04648115639620285,0.03143957810130889,2,False
59,0.18764742669029635,0.028979925115878803,0.08062282612654528,0.13296348431322802,0.2696988007126215,0.01848804946865412,0.04520186131181202,0.15858909617547498,0.04132718874986445,0.03648134133562453,2,False
60,0.19365054376030474,0.04328506997647989,0.06481652614298143,0.14243599521151742,0.272098732133885,0.0035794354257539175,0.06336275206447715,0.19382164074054672,0.0039253731689732315,0.019023931375080346,6,False
61,0.2136840366034043,0.03856825473336916,0.07407241718869245,0.10478484863250685,0.25699347058775524,0.021122036968055827,0.058753165255441706,0.18900185618675638,0.031959009628946544,0.011060904215071414,2,False
62,0.21285840652069069,0.03771851100030825,0.07028541760446007,0.10890215113242926,0.2648571200452784,0.016157467921807594,0.04977123868031866,0.1776490603265786,0.03960265314169773,0.02219797362643076,2,False
63,0.21339707298256608,0.011530639717488293,0.08287957689951254,0.13610608731298873,0.2729803806256993,0.0034043233448318214,0.03308981694122408,0.20687250971873652,0.03940475160423276,0.0003348408527199819,0,False
64,0.18811343238477332,0.027004363401353627,0.0807207458810744,0.1260563389093318,0.2545754323092811,0.017100873443655237,0.053980479500512844,0.18593281263512365,0.04647301096497935,0.02004251056991478,4,False
65,0.20527730181322473,0.028596024715961944,0.07621494637130288,0.12789404452970157,0.29093682435925944,0.0026325868009381428,0.027308717934215326,0.1775653180582869,0.0635742354171091,0.0,7,False
66,0.17464852332722558,0.030685602767939323,0.08114269743868699,0.0851305032724661,0.29838309398459495,0.037600639120176735,0.04345224541066596,0.18936968520950936,0.043764298376276864,0.01582271109245817,10,False
67,0.2018891042483724,0.03266719226199587,0.0802013515018691,0.13281873132915967,0.2685340605948727,0.009079038672203723,0.04285060126688279,0.18305859393444024,0.03497127890159391,0.013930047288609656,2,False
68,0.1984111092205314,0.04514752127975928,0.06554456202703657,0.11282687425004401,0.2650135464622001,0.008237653192428475,0.06287523602855004,0.1874423140482448,0.04010889265029509,0.014392290840910196,2,False
69,0.19534243173078283,0.049999443219732036,0.06458569024216157,0.10688086926764231,0.2690504871636046,0.020505229669019714,0.04102597942899192,0.19187691208507213,0.04766067387829422,0.013072283314698785,2,False
70,0.20351221478883827,0.03199200216822559,0.08543130199973085,0.12646499450631446,0.25385740686720487,0.020504019584150605,0.049658823516172235,0.18351662732019533,0.03188266600575659,0.013179943243411166,2,False
71,0.1952927027748798,0.019200512221946124,0.058814701008019304,0.12225132633916916,0.2640987281717458,0.03941881434378815,0.03433524285146827,0.2122640734736884,0.04328815017535427,0.011035748639940793,8,False
72,0.20881842363295763,0.04424538955030567,0.060948851225429306,0.12775775500496123,0.2592422801704344,0.014737684836936299,0.05567760508855517,0.17359581116382478,0.04528134502942791,0.009694854297167713,2,False
73,0.19489280751860683,0.030207128520294793,0.06688564071735799,0.1265175695386001,0.2705804028060068,0.020408257388990395,0.07126036554131933,0.19189998848587989,0.011017332082795879,0.01633050740014815,2,False
74,0.1791345771439103,0.01605059649061282,0.0759785474378169,0.13257025078590357,0.2712249335652385,0.004504329169355583,0.06098924529149051,0.18130446673434306,0.04671069622482706,0.03153235715650174,4,False
75,0.212782840007198,0.03763941163260779,0.0686478239168299,0.11530106430821706,0.2703191598150356,0.02821982144807007,0.029937578112805292,0.19395147754725006,0.02662218360990009,0.0165786396020861,2,False
76,0.19138248877032216,0.03730379850998514,0.08411852300953879,0.12382038994040452,0.2626149881289521,0.0035466481401921763,0.06455850055786312,0.17568350569568045,0.03952569185857321,0.0174454653884884,2,False
77,0.1835224583048005,0.03766937445409129,0.10478987223441817,0.09294655450625743,0.2726829562171213,0.028078828636422887,0.046701949128143544,0.18681637986100616,0.025231127951797126,0.021560498705941563,10,False
78,0.1999020041828673,0.048209361588420006,0.0804898035882208,0.1297279659817264,0.2687201631633749,0.011166715422097611,0.04603742256769296,0.18916255936703802,0.020115354147437373,0.006468649991124756,5,False
79,0.18726889822614703,0.042348205405247766,0.08804203405318978,0.11703440784445751,0.24875690518373195,0.02256181456357776,0.051429849500754625,0.17746022993981267,0.03589430766248612,0.02920334762059473,2,False
80,0.18620498839346958,0.015479233556114877,0.07771105392448269,0.12253866077494897,0.2782714241358821,0.0,0.05375909122575417,0.2082184044216714,0.041194931126992684,0.016622212440683466,4,False
81,0.19010509139202222,0.023995209111141152,0.05811559805704405,0.1284499528735545,0.2571811724057271,0.0374979713499238,0.027259875327985836,0.2016245037931273,0.05492204031634195,0.02084858537313215,0,False
82,0.19345074359022424,0.04240911063691986,0.07522038708787791,0.10729682029079646,0.24522640485763633,0.015865975621724586,0.0571871024005605,0.19944970166714523,0.03920500043647006,0.024688753410644748,2,False
83,0.1860019547165861,0.010779871928739778,0.07711575368140473,0.1220768145882385,0.26705873657671914,0.0,0.06278070219256132,0.19917639376266558,0.047335932001833024,0.02767384055125185,4,False
84,0.20352959943953114,0.014223242687382502,0.0651488183545779,0.12014873976113224,0.2890447705498,0.00996839323650569,0.05622102204161816,0.17538778559384244,0.04336116561047999,0.022966462725129866,4,False
85,0.19434073721906656,0.03073149443555747,0.07683756348633267,0.11651135365575478,0.25890008452348523,0.0048772932483897285,0.04853424437033848,0.19104316460816,0.057405232382375875,0.02081883207053924,4,False
86,0.19380782684294678,0.02407234475088494,0.06686275871519419,0.12127482716538322,0.26360422474257617,0.008201519727821604,0.04947201820255065,0.18705221781944803,0.04801700936229707,0.0376352526708971,4,False
87,0.17902116195243176,0.03691695301243638,0.06372296503519478,0.08858834200741286,0.2975660941976347,0.004998072374400989,0.03538015169295918,0.21414513931602108,0.04252808347139748,0.03713303694011074,10,False
88,0.20282293058874262,0.034154946275488124,0.08444792865255364,0.09334553379412759,0.26716178535064267,0.021163956106393704,0.0399938063091041,0.19878324020172877,0.02830771659763062,0.029818156123588135,10,False
89,0.19187701168145857,0.03310754985280705,0.076786468573166,0.12994363858505703,0.2605583609774131,0.014249686124945512,0.07291598114274227,0.190586252157768,0.029975050904642503,0.0,2,False
90,0.201514601563472,0.03523573414926661,0.06629691489364956,0.10994912505638557,0.27510926731729074,0.0017379706560395874,0.0682736975175732,0.17887980364025524,0.035945640520622824,0.027057244685444605,2,False
91,0.19232270104448373,0.02805797990308038,0.09294611220869409,0.09530618427213838,0.2991852216639448,0.025999861804226004,0.03551693867734807,0.20009010834242538,0.01714850955668336,0.013426382526975852,10,False
92,0.17995071939689894,0.07464303287096134,0.0757642016400405,0.1260895051320572,0.26392048351192615,0.013244297949718131,0.038099024878105306,0.19180591923639984,0.03399415321749135,0.002488662166401337,2,False
93,0.19236271927779247,0.01842516693314516,0.0788551718304313,0.12163893043482873,0.25343985605731095,0.04183732633960905,0.046627065889244,0.18003124398617443,0.0327047516413337,0.034077767610130184,48,False
94,0.20513562470505836,0.041095603710347595,0.06218970145826402,0.12679558853839173,0.25811809686638193,0.018035004738136066,0.046988890915784384,0.17941428020168249,0.03633243282677162,0.025894776039181822,2,False
95,0.21909668069626984,0.008970582742010442,0.06450271778951985,0.1184786251633813,0.2942997796047343,0.014079705600906118,0.002551706548016975,0.18899051325120284,0.07867386985139996,0.010355818752558522,12,False
96,0.19368497523398442,0.036206581421823335,0.08822641589995735,0.10379859553843848,0.2622303004602894,0.040967089213767134,0.026036177653526896,0.18941407093283144,0.03717993989614951,0.022255853749232002,10,False
97,0.19347398355286244,0.028272288359494527,0.062234413469086536,0.12234404703071641,0.25491391404107994,0.020334354222830246,0.03687755353415935,0.19502460138736527,0.042637989955614276,0.04388685444679096,4,False
98,0.20269122893638103,0.037554175540851775,0.08006412063280238,0.10044894762777594,0.2901268020976927,0.033066220606829046,0.0210262624008079,0.19626152477564435,0.01982200872054917,0.018938708660665656,10,False
99,0.20099944998878413,0.02630264689436875,0.05753067458142999,0.12645157250676578,0.2660244490433009,0.002235453502443662,0.040945538970263,0.1690895698049025,0.05866142721484024,0.05175921749290097,4,False
100,0.1658264829490856,0.026838771818174477,0.06055956566850529,0.1340600697634223,0.2622640934065709,0.024644265236286936,0.08316169204816408,0.18057950745040485,0.01819647646163427,0.043869075197751115,21,False
101,0.1493056434199612,0.03219324573623672,0.08026705341928697,0.14810913411257848,0.24250260192259018,0.006840280159119095,0.06841189654627872,0.19354910297365815,0.03176105857742486,0.04705998313286552,21,False
102,0.18799430627131783,0.027726890841493927,0.07254349680896226,0.12838100080476636,0.27197592551204103,0.01597881168520274,0.04529979062267956,0.17011711514854014,0.053141925800487405,0.026840736504508713,4,False
103,0.19315075029026615,0.008151319956677528,0.06223330383654941,0.1251182549580668,0.2838381099529462,0.0018390900443281447,0.0713122821016413,0.18976427536766205,0.052788400636295106,0.011804212855567271,4,False
104,0.20686970109379,0.0,0.08165125484966482,0.12352740029330278,0.29576025575149695,0.025493906910674262,0.02725275811022092,0.18960080410064614,0.033740695978432725,0.01610322291177136,12,False
105,0.1654896478613272,0.02673521178016289,0.08478173805665981,0.11754951112628202,0.2646063955593169,0.010946946925059558,0.07623675172155522,0.17543113635900368,0.03102816199674802,0.04719449861388479,21,False
106,0.17714136648720763,0.040798852233290384,0.0837934499958767,0.10002625720262956,0.28088137180450395,0.010768181311939802,0.04039306275181331,0.2038299322587827,0.0280781591907791,0.03428936676317679,10,False
107,0.20242307024072975,0.022627857098722257,0.0930352118939999,0.12350039846911275,0.254270336756347,0.0,0.04309007413514131,0.18824603400343895,0.04394562884213518,0.02886138856037281,4,False
108,0.1890699884123058,0.03393279641424571,0.0830059356697672,0.09838603559377625,0.2618937596701345,0.017305858874586542,0.0366540365990605,0.19949188082439243,0.039229108031457315,0.04103059991027369,10,False
109,0.15299281197392756,0.04479182047559967,0.05398589563836518,0.11919715742703636,0.2565799541401534,0.02329260747843757,0.0782782074377088,0.20588486735016823,0.03208228158447122,0.032914396494131845,21,True
110,0.209353618564271,0.01011712132496026,0.06153443988821855,0.11418776846731793,0.2895645184672854,0.05338917322165927,0.019623427822604247,0.18732973122637506,0.04794054985552277,0.006959651161785491,12,False
111,0.2113077618619901,0.03184721221528396,0.08686340493890836,0.08018247011500314,0.31548645642739515,0.0001176730097745708,0.03203426756104271,0.19968078596012054,0.005711183117167129,0.036768784793314295,10,False
112,0.1965727005532967,0.047362371381014255,0.08381377279658746,0.09533423871625588,0.2905467428782461,0.01889253705076777,0.02974174692980971,0.1930296792343252,0.031241056930750674,0.013465153528946313,10,False
113,0.1727778233457574,0.03855535487953602,0.07832479819885355,0.14045168126344404,0.2349108026074046,0.009976923777024537,0.06958021842254841,0.17409897253678047,0.028709892742472175,0.052613532226178886,21,False
114,0.19823006020090225,0.031883708378797254,0.07864791851956301,0.10783552439102115,0.29211442700111323,0.021855606018290837,0.02925123645792046,0.2001184051525473,0.021121767068505114,0.018941346811339344,10,False
115,0.17114482662534009,0.017706146729443345,0.06813155224891981,0.10521452879362236,0.2480182655634719,0.015776566833869545,0.09786784325596325,0.19547980198212994,0.04356110516007675,0.037099362807162826,21,False
116,0.1842160170115246,0.018607894690961,0.05769034669431082,0.1394686029277433,0.26807927579441787,0.011826711641416755,0.05731689397265419,0.19270136240929286,0.03609330570535629,0.03399958915232216,21,False
117,0.2140303034663983,0.010008073557162735,0.0589060397774379,0.13175973625590282,0.289162529504543,0.024197701811146916,0.02685312330365273,0.18691933921035533,0.058163153113400375,0.0,12,False
118,0.17245481594424125,0.024018842000224555,0.06309175367114425,0.12378561353900415,0.2839892553428919,0.002411708636292635,0.06272713443578805,0.19561175701563316,0.05889001792906305,0.013019101485716927,4,False
119,0.18230315328901348,0.03446716235988741,0.07611534724493316,0.11332693017960664,0.2405785564639076,0.04135901584985717,0.05565189858194014,0.18466060336874165,0.0421986377209607,0.029338694941152134,58,True
120,0.18730060152170294,0.03394563558659492,0.10367938459828724,0.08576012049602483,0.27824595136406916,0.02943704754609654,0.04472008194325908,0.19474842338187562,0.026520566906852137,0.015642186655237554,10,False
121,0.18992056308519017,0.021654170223611408,0.10274086100360912,0.12035196778637329,0.27112467208878693,0.008190839138107494,0.040510653884696435,0.1875348783109044,0.042951179962644456,0.015020214516076234,4,False
122,0.16989311041389765,0.05325064802841159,0.0843080498537574,0.08163302069875267,0.2926999995087718,0.009097972700810584,0.038235958650726806,0.1979427853902731,0.04451150404139964,0.02842695071319878,10,False
123,0.20075310160665025,0.024323450916594287,0.06364824628322713,0.11587477305322162,0.2814132614453349,0.022526101802547726,0.02196985634643355,0.19975186141088325,0.03608778514401017,0.033651561991097194,12,False
124,0.18148491952117257,0.04214456575858286,0.09803370692204935,0.08292278842252186,0.28595023171474543,0.02570748446291947,0.04983325753282876,0.17468179214426,0.02946580552599122,0.02977544799492868,10,False
125,0.19415999460963884,0.023377854754686005,0.07276869536865639,0.1057568266061804,0.2667074710198521,0.03811722277748851,0.07096098257550802,0.1952951232587812,0.025238975401730448,0.007616853627478095,48,False
126,0.202117154968222,0.032356500604510605,0.06650468043483082,0.11390861816413202,0.2506796991177276,0.0,0.0528946535449052,0.18880625608405538,0.059846052935442214,0.03288638414617436,4,False
127,0.16907623391683366,0.0133556291013137,0.060567665634863696,0.12746545379737784,0.2477947687330425,0.007056874081076876,0.09601889179827115,0.21209834933001095,0.03720928404026548,0.029356849566944166,21,False
128,0.21868393422861473,0.008686441326911754,0.060718882409199426,0.11902528510947413,0.2721204446918539,0.036236000175910214,0.018128705957285374,0.18668966185300118,0.05861434051398947,0.021096303733759765,12,False
129,0.2161929971973828,0.028234039105998657,0.06466232050784114,0.12955762772257623,0.25934466868811856,0.01356172036311119,0.05775402910482917,0.19461311730313643,0.027878141335653195,0.008201338671352592,2,False
130,0.1739610920823918,0.020861312472051367,0.08529806096966147,0.06943672629134544,0.28989525413133865,0.0417590917197402,0.054781411727393314,0.19104849640685234,0.06448021671686262,0.008478337482362675,66,False
131,0.163900901643637,0.031196232735179113,0.09261014273805013,0.1270896825045688,0.25343280412069086,0.0003408197633872815,0.06802862345317624,0.18414048137946176,0.03414463310875381,0.045115678553094916,21,False
132,0.20180156387991305,0.024728478077098503,0.07395334583334918,0.11082674299888444,0.28729018902024533,0.028825612414025557,0.0494677560771956,0.18496088462927812,0.02332921579851708,0.014816211271493109,40,False
133,0.18754141140850597,0.034411235996860606,0.09082033516911205,0.09901076031300879,0.2927201425193293,0.01673260066973988,0.03537697083366311,0.1889505590122191,0.04353050745138685,0.010905476626174223,10,False
134,0.18523874493387807,0.04088832182189548,0.08824205066202183,0.09281845665389109,0.2952088323255359,0.005504043849233604,0.04348343598862496,0.2161054716119659,0.026907364941116098,0.0056032772118370195,10,False
135,0.2019776057922833,0.048070126723836294,0.07917306489091615,0.10915790710171097,0.2533392137081423,0.03924425339055273,0.05608760581189711,0.17145392727566502,0.02504864130564649,0.01644765399934972,48,False
136,0.17330270624529753,0.016097128412210435,0.06373304992923083,0.1294296051225555,0.2566575517378167,0.01772416708180148,0.08697368261378334,0.17101455659546522,0.03519611159590608,0.04987144066593277,21,False
137,0.19123947704849245,0.038384768825013314,0.10127144099887642,0.09629142190671305,0.2922855401706243,0.01197729329971166,0.016629738747161962,0.20400024725178692,0.02620219893373424,0.021717872817885567,10,False
138,0.18659543563533557,0.03014658404494563,0.062244722445243345,0.11231698810961835,0.27158424372092094,0.0464399989421654,0.04789822513048841,0.17422944171835414,0.04337320164398391,0.025171158608944227,40,False
139,0.2085857628870519,0.06163856379757439,0.08188851951944644,0.10763659049530655,0.25416860352650533,0.013551907847684608,0.04564016602782189,0.19105398264495807,0.01118135583670325,0.024654547416947586,54,False
140,0.1913692019105332,0.03851533569847293,0.06825687577094118,0.11045026897100879,0.2543084969671283,0.04472597752326595,0.047495043377158756,0.19475766845056197,0.049886453106780616,0.0002346782241482895,40,False
141,0.2279189630928235,0.019030362531372552,0.06655449891028975,0.1066491690950804,0.2813899822974327,0.03686719846330909,0.019734704490538647,0.18512861274778256,0.056726508371370776,0.0,12,False
142,0.22285385115174206,0.0066098650035003115,0.07162806716908256,0.12226921227153718,0.29291796208890225,0.02357398599442537,0.0,0.1869006372044862,0.061505144488347804,0.01174127462797619,12,False
143,0.19180703054685258,0.0,0.0901004704727639,0.12202823717653513,0.2717962145694634,0.049763016257012724,0.03526743714003092,0.1788608578280516,0.034418707102411336,0.025958028906878462,93,False
144,0.17431326419289114,0.04724116858308361,0.06013152544063952,0.10696325968156317,0.26321826716288743,0.0021969570604213466,0.07788565615504671,0.1867331184254947,0.03349223703234812,0.04782454626562438,21,False
145,0.16117862006008196,0.012914958582767219,0.07954368918688681,0.1203351917129228,0.23943164685826088,0.02727052531607807,0.07877174280753556,0.1940287067790739,0.040457137106486046,0.04606778158990656,21,False
146,0.1758395877753498,0.02815489385338671,0.08190629739774506,0.11451248280023697,0.2835469286367571,0.03622197431081427,0.03548461632899013,0.196721513823978,0.033981475279974686,0.013630229792767071,40,False
147,0.192101597565479,0.027345304321102652,0.08798155015085217,0.11297295871039764,0.27654464932745126,0.0373772100121148,0.042886352308128255,0.17716121767677923,0.03783167872905779,0.007797481198637014,40,False
148,0.19941037506365478,0.03199709087889894,0.07287256331484021,0.1231087563756702,0.24824799899724045,0.02330373035189962,0.052621550476920916,0.18387773086084505,0.03695328204614966,0.02760692163388015,93,False
149,0.19408482789715525,0.05391954789265644,0.08478460321337035,0.09130662470321796,0.2870925243713335,0.018488604220918883,0.03326925489197629,0.19052819662676956,0.04447209897167276,0.0020537172109290616,10,False
150,0.18804287767249656,0.0661737245868301,0.04931598056675245,0.12623274943724946,0.25637756126178773,0.01731960702272239,0.0479538382024635,0.17745134553734168,0.050123709558687876,0.021008606153668133,16,False
151,0.1876700576122315,0.028340733538383647,0.06667962058775387,0.11222028462218127,0.27242055415228816,0.043824406679506565,0.032153508388645786,0.2031776785642355,0.03986445878774585,0.013648697067027678,40,False
152,0.17133294538979488,0.044717742929366866,0.05785251049213009,0.10836448701489998,0.2623101920128766,0.012892685971729921,0.08260444911276651,0.1725484074405081,0.035475983432934725,0.05190059620299241,21,True
153,0.15750495645463525,0.032667857478282686,0.07324489989702362,0.14737796585953772,0.25627958696893305,0.0,0.08413821099393294,0.18461194377458406,0.04304237659903201,0.021132201974038704,21,False
154,0.20114941419836707,0.013144919450883587,0.07237060565578904,0.11462370904055315,0.29305843797742304,0.042545180264922405,0.029521659244196922,0.18551306890795313,0.047679892692719716,0.00039311256719191224,12,False
155,0.17683586628791864,0.03779272812766799,0.07973040808216415,0.10672724000394353,0.2806062181906013,0.038073015662961486,0.03410082441471347,0.17497740971901188,0.04376965453194645,0.02738663497907125,40,False
156,0.20592175064427204,0.038325950018325346,0.05648262128951992,0.11253354784701623,0.27561732642080355,0.03574711373810314,0.04011415759116281,0.18056167553470825,0.011875314692906723,0.04282054222318204,93,False
157,0.20610066390604054,0.02321399879670949,0.056397373219080886,0.10371749149973485,0.2654463835301408,0.02320684402289619,0.033218296036499576,0.20092971838334192,0.06056118448138247,0.027208046124173425,41,False
158,0.18622665182745118,0.04906065332042356,0.0879233766469247,0.09965204518311929,0.2689697856296561,0.034415362614866656,0.03514391380596145,0.18986860348863538,0.026163908053397283,0.022575699429564198,10,False
159,0.18825115652916838,0.03178278370053387,0.08137585191198123,0.10232653436870894,0.25424290391795584,0.052885301563286566,0.04392073038263247,0.18488435454452232,0.03929496730127736,0.02103541577993312,40,False
160,0.1938134367911885,0.04000352873703708,0.060803689334033906,0.11514766658027889,0.26475246480788855,0.04979940067756655,0.03899428101142756,0.17900516675207898,0.03388776299886336,0.02379260230963658,40,False
161,0.19446464529799248,0.0338697626322921,0.05705626304985952,0.1349500876655022,0.26551345622481737,0.053243500314057036,0.0455155584500846,0.1708132648496492,0.027002328658285276,0.017571132857460203,40,False
162,0.18337721637714333,0.017710475684258722,0.08527567226006852,0.13277417667284389,0.2579912242567778,0.03712657966288486,0.04894870477378086,0.16780628935412442,0.024249341482106276,0.04474031947601133,93,False
163,0.19491373008394586,0.03132850125357118,0.05972323679115167,0.12498132549116775,0.2630111045936422,0.03900115411308264,0.04183963272694288,0.20714201756433104,0.01825078535260844,0.01980851202955646,40,False
164,0.1633271872551396,0.019084554425924983,0.08214135390275301,0.12129658769127956,0.26504700096120715,0.003109636048091123,0.08437741526475638,0.19165453519225797,0.023727675297482282,0.04623405396110795,21,False
165,0.18078518683946765,0.012434319802683797,0.09863252057289935,0.13259765958678024,0.24768964904186552,0.05410319487626182,0.04275552264264111,0.18342316723919344,0.019164484709455736,0.028414294688751302,93,False
166,0.19153038500382902,0.047101570277559825,0.06679966587337197,0.11652671004088187,0.24845474323783803,0.03663608336055454,0.04406777487778798,0.19229431622611304,0.02649998481242515,0.030088766289638552,40,False
167,0.21082556767738173,0.01274662471415636,0.06650589059768013,0.11559870899412607,0.2718923288308112,0.039631185136300824,0.02693542590339726,0.18626658692280496,0.056318088174249346,0.013279593049092165,12,False
168,0.1909173110635025,0.029765664168316643,0.09228817375215999,0.10400466334015329,0.28270792740059814,0.01311259428677372,0.043856648609735635,0.19701127972250057,0.03617015516782621,0.010165582488433422,10,False
169,0.20167401321658845,0.026220263075248183,0.08960868697178752,0.12466519502462912,0.22970460220502414,0.054901900870927986,0.0394668253487326,0.18068557008470515,0.02721916922437344,0.025853773977983503,93,False
170,0.18282574619057662,0.04248235439826474,0.08069381354718128,0.11280905841166976,0.2674445619977898,0.04029841748750317,0.025891422151239518,0.18568264017755476,0.054150266079697924,0.007721719558522617,40,False
171,0.1820200662793587,0.03362126155170911,0.06423613692823166,0.11985843763817958,0.2790409562435907,0.03640510344959183,0.03181547521465627,0.1987978839537251,0.03641946925157336,0.017785209489383634,40,False
172,0.15869862141275465,0.03108668499943621,0.0704709837968726,0.11683457468163944,0.2763221791677989,0.017191918118144252,0.07121521580801557,0.1820189422964678,0.04300414265781824,0.03315673706105224,21,False
173,0.17402722605775084,0.028511453687160442,0.08815592150146004,0.11836683696056692,0.2786958583597198,0.01932484899505138,0.0505540456504109,0.17904433424418653,0.05590953914929299,0.007409935394400204,40,False
174,0.17186606488141143,0.0340618635704098,0.07776995434606533,0.11866381501009415,0.2639087756431344,0.033349351440693696,0.02911503994298026,0.18432190495177017,0.05551915757772773,0.03142407263571311,40,False
175,0.19472656775349587,0.01864705808490576,0.05916179426142903,0.11152246122478764,0.2503670560367111,0.05098772794590803,0.04296989045679057,0.1770099182021235,0.0478165545861518,0.04679097144769658,93,False
176,0.18939944373745365,0.014343949926085987,0.08443113343295368,0.12491771999404458,0.2396802958696406,0.03726376018914976,0.059421967802574256,0.1747075114705754,0.02832430161715149,0.047509915960370686,93,False
177,0.18547206740442887,0.03142547874215062,0.06472468520590956,0.11267834013169213,0.25023301795699426,0.046107415733875105,0.033864285628947804,0.18576671742599485,0.042582095910150546,0.04714589585985629,93,True
178,0.1720786435277809,0.015193381688814277,0.09539670099353348,0.11284321583788494,0.2643347835035573,0.04131450619309981,0.053407487285758136,0.1761067798514254,0.02932771288234249,0.039996788235803125,93,False
179,0.21231312725027798,0.026999560786414113,0.08039088510398425,0.12476625516619308,0.2510980984586811,0.047896494399927,0.02512280484894924,0.17280136562491932,0.030276133340289425,0.028335275020364578,93,False
180,0.18137008759069861,0.016714887098698356,0.07121403680101149,0.13131607953766897,0.25897725093182355,0.03467608400064022,0.050727979983139826,0.17506891938163102,0.0380636156040807,0.04187105907060721,93,False
181,0.1973152186807466,0.03761551168351491,0.07705985182557522,0.11598895713941476,0.2620684809711853,0.037854125678572784,0.027349064024260718,0.18163491973304063,0.047085474335334034,0.01602839592835495,40,False
182,0.18353819486029893,0.029199967353960545,0.07836652639460538,0.1164199967752636,0.26395979231406613,0.0420558052592482,0.03711547827767325,0.19157950279775146,0.05714880211214182,0.0006159338549907592,40,False
183,0.1905782581300324,0.015999522720413852,0.09237721624820876,0.11909413585675749,0.2344287555901442,0.03816513142080823,0.041947224653564444,0.19065597265815168,0.04714118087394723,0.02961260184797173,93,False
184,0.17786799686655402,0.03640733464900039,0.0904098034779278,0.10138801886490179,0.2726860885292674,0.03824014719259038,0.05380837165030935,0.17456943498928668,0.039028470070535434,0.015594333709626927,40,False
185,0.18218276586342785,0.017478083627684205,0.0963994121928668,0.13156440209425027,0.2642308944672514,0.05407666782508628,0.041661223813331635,0.16101408155357094,0.030094014354088358,0.021298454208442116,93,False
186,0.18239977204165733,0.0349102379121001,0.06677811794318887,0.12866808631756863,0.2489081516520405,0.044773965718065266,0.03727080766011606,0.1857765175081995,0.05373581445572167,0.01677852879134215,93,False
187,0.207857811680244,0.030687805534854725,0.05378424427324326,0.11791916241006437,0.299085022251636,0.051406061484590024,0.022866958224926244,0.18279493131920002,0.03172030798924612,0.001877694831995196,110,False
