ID,strat_res0,strat_res1,strat_res2,strat_res3,strat_res4,strat_res5,strat_res6,strat_res7,strat_res8,strat_res9,ancestor,alive_at_end
0,0.006093457177190676,0.059137044056909595,0.1611168744456046,0.13233165475008155,0.1576124216530412,0.025887565075092378,0.13063999742145718,0.1554666678429808,0.08798044488125584,0.0837338726963862,0,False
1,0.007580281947848235,0.06610316586438424,0.15850423541023337,0.12770979603283933,0.14636942234914635,0.04429184472613523,0.11971447294676299,0.16501062293951368,0.08684769876696824,0.07786845901616847,0,False
2,0.014984432394172038,0.06528488541416802,0.14765689928744813,0.11410550128388776,0.17216297700704836,0.029489779281813993,0.14475460771393628,0.1443652912674163,0.09286931568544683,0.07432631066466236,0,False
3,0.007604665858807357,0.06285878154711405,0.1490696944442608,0.12674171356771272,0.16796428541769448,0.022563802939070367,0.13586398784091272,0.15838676467884227,0.10223436172671656,0.06671194197886864,2,False
4,0.015981147710517143,0.07475165735307972,0.14769706260785875,0.12305752420816196,0.16351187721420565,0.033872407277583436,0.12369895953330813,0.1594932156579275,0.09865988427976144,0.05927626415759627,3,False
5,0.0036862264993912466,0.06849665695805421,0.15971139734334844,0.11229617720418522,0.1574334674174842,0.01951599088857994,0.15099957474931144,0.16741990289188288,0.09873799731274771,0.06170260873501473,3,False
6,0.018247678137165355,0.06156335153478317,0.13686655954979565,0.13967040465524147,0.15922293442446492,0.027897115541895424,0.1346694761327226,0.15446746678065784,0.09995397018045236,0.06744104306282118,3,False
7,0.0,0.06578261106144297,0.16265205206221323,0.1356038540916509,0.15153290951496856,0.01644687252868296,0.13609094726411292,0.16268598056062922,0.08656375842571297,0.0826410144905864,0,False
8,0.0024974815703181414,0.06863854489421552,0.15634184366643095,0.11671901690403673,0.14482013211969672,0.033621809638093504,0.13933108357856402,0.16271294332740682,0.09914533434342356,0.07617180995781393,1,False
9,2.9585281163156304e-05,0.07268675537260835,0.14546042043380106,0.1180999671200789,0.15024126433900248,0.029897360701173534,0.13237321097694538,0.15388853183051315,0.11437736379295554,0.0829455401517583,8,False
10,0.006224307696659867,0.08027400335640743,0.15645654028282371,0.12600532501453027,0.14292619260781822,0.04673512405950675,0.12304253213626959,0.14335175193883035,0.1086319612601575,0.06635226164699644,1,False
11,0.0,0.06710253536541334,0.16861252258755852,0.1236485173480989,0.15420391918423673,0.05256764213792002,0.10912996674761079,0.17716240072893902,0.07196878275409287,0.07560371314612986,1,False
12,0.008628140954283561,0.053702543686154625,0.15119222221285894,0.1349404008777669,0.16841566298454289,0.03782183561209323,0.1157383300738449,0.1671358806557769,0.09870490354024704,0.06372007940243113,3,False
13,0.0,0.07876237054800318,0.1618059924283643,0.13969290003592985,0.14264093813420617,0.023754294744079047,0.1266834017270955,0.16373307271852308,0.09041444875375854,0.07251258091004029,7,False
14,0.017903472070320132,0.0728585984689364,0.1478480721049621,0.1273102688204409,0.1787520222940535,0.002808686574040963,0.1599199805266411,0.1390041013337827,0.07730666235909914,0.07628813544772296,2,False
15,0.009180702270811499,0.056432849565681786,0.16566533050462123,0.12458248853327406,0.16703997524961642,0.023702249098888684,0.12395440657485783,0.1650003437799698,0.07825517760495512,0.08618647681732364,0,False
16,0.017442436164665797,0.05873242121887762,0.12780752158810163,0.11151966741697193,0.1903793042566557,0.035263869096501456,0.14490831634821041,0.1592229007337755,0.09642647680236108,0.058297086373878905,2,False
17,0.014903587592225077,0.057643129829998994,0.1452257568932107,0.1245786817499144,0.17412994657956526,0.03353938636929287,0.1598235887121879,0.1387580442017251,0.0862373205791258,0.0651605574927539,2,False
18,0.016381050818433975,0.06809033823025484,0.17283248626765024,0.123288719361672,0.14498819072175215,0.04649985431639806,0.11290400464571222,0.15197851293075842,0.0911287895124189,0.0719080531949491,1,False
19,0.002933880052227032,0.05890632112729447,0.1524066183801191,0.12361329006071549,0.14473157841269246,0.005020246040001256,0.14168228389381024,0.16392616275297292,0.09851303032918024,0.10826658895098665,0,False
20,0.014408201003342969,0.05332858820448506,0.1477556240300355,0.11462922672996682,0.17252311586815114,0.03443169766303002,0.1501211079656687,0.14103446176918194,0.09381007823272108,0.0779578985334167,2,False
21,0.005526979330049101,0.06709112283986514,0.16614695640264454,0.12137759654064519,0.1361398801569672,0.04570195796255839,0.1199501886088067,0.17997224000993645,0.08371817529598577,0.07437490285254152,1,False
22,0.013201991084229694,0.06885407336044043,0.1493168759306423,0.11302420603262117,0.19093990552344428,0.016027554097175423,0.13827261664125104,0.1436747498567211,0.09629616774776907,0.07039185972570548,2,False
23,0.0,0.07503456735626457,0.13864082342954642,0.14267379156056076,0.1444595066790094,0.03932199130555286,0.14115567687450895,0.17507196423938662,0.07814387215052147,0.06549780640464892,4,False
24,0.012113155729354069,0.0562117824801381,0.14617021848734651,0.11621190622483019,0.1421010679964521,0.033640551764554744,0.13611549198805123,0.16446299082865787,0.10264303685169578,0.09032979764891941,0,False
25,0.007837523956943674,0.07628177804958709,0.1504219787480443,0.114583315254661,0.16594815425084902,0.005139083644718038,0.15638612887333936,0.15062556927712908,0.1012777968414881,0.07149867110324017,2,False
26,0.02289655349237409,0.050226655905737126,0.1453200603687325,0.12208289080899554,0.17281233585285286,0.046733035695981015,0.14275688457230418,0.13057022715337452,0.08935368118210417,0.07724767496754387,2,False
27,0.00846306589347373,0.04627572759860807,0.1566526420308129,0.1406856529254351,0.1438771871928394,0.046175251240784594,0.11307832553683793,0.1619574029303056,0.08540822227792719,0.09742652237297564,1,False
28,0.01881009690887235,0.045550902174934606,0.15106212523639884,0.10517769291542156,0.1800620024710053,0.05513028428542784,0.158188840803784,0.14167060014699348,0.08570619617950705,0.058641258877654895,2,False
29,0.0,0.06631037517868621,0.1341699023412216,0.13262985646606903,0.16472560687569984,0.02450310160223208,0.14776788058982343,0.16457108191210731,0.09252545636884672,0.07279673866531386,3,False
30,0.026300681355290276,0.06301063831111019,0.14456918145491363,0.11977528133302545,0.16884451173663673,0.0,0.13973566271760024,0.1522756463369614,0.10367803925822087,0.08181035749624116,3,False
31,0.013713076198920204,0.07008593172684181,0.14702560438151782,0.12888472284886807,0.15164818020062437,0.037793655987440035,0.1082763213779335,0.16761863826529289,0.09947194053073892,0.07548192848182253,1,False
32,0.016414758960353604,0.04770066224837703,0.15225593610406277,0.11611392525551355,0.1712926417381311,0.028183082057967577,0.13379875990720078,0.15461144948673425,0.11422099247596076,0.06540779176569855,3,False
33,0.016946227521482504,0.07732921717488074,0.16153980020532216,0.12036240768502618,0.13423629642007137,0.03563165657880639,0.13542375157526854,0.1554236819914351,0.09235090388103698,0.07075605696666999,1,False
34,0.01252305478937918,0.0660619639324468,0.1557463148972606,0.1243651315566439,0.14991132959512846,0.020749566752201052,0.13803550484330335,0.14417181641381177,0.09176986847579573,0.09666544874402926,0,False
35,0.016300116849939567,0.07277346858888023,0.13887447158279997,0.12206400076891552,0.16059598761146002,0.039993974829138676,0.11739504810438448,0.17388813671035686,0.09891918051381604,0.05919561444030882,4,False
36,0.003844422320072627,0.07235232959748689,0.1508516303899899,0.12644995083508742,0.14350978923923394,0.03730515238313737,0.11970790185650604,0.1810637404409951,0.08703861243340444,0.07787647050408625,1,False
37,0.014757181082739167,0.07485635012091718,0.1462541903796799,0.12873438146146926,0.15589872993103246,0.03229113789814115,0.12706787236207848,0.16668630745597954,0.09453941786746826,0.05891443144049458,4,False
38,0.012518030534072152,0.08267192308430046,0.15311328381786454,0.11649390255212276,0.17130638048076788,0.03607182174233589,0.12030413846779558,0.1641899759786935,0.08613496183747978,0.05719558150456754,4,False
39,0.001054026857756802,0.0636562627601445,0.14153786812346755,0.10909463921016291,0.16531773926910515,0.043143429964414386,0.15298259508635473,0.14842008725647157,0.08401621283679356,0.09077713863532871,2,False
40,0.009223174804986144,0.05797145762603942,0.16648030248243278,0.12345374030535354,0.14735328759157476,0.01823554345858851,0.14261189037227517,0.15428661486394896,0.09416219999805053,0.0862217884967501,0,False
41,0.0026337344096646394,0.07010517874187418,0.17242357873933173,0.13155400707485013,0.13657950912270844,0.022848653263772306,0.12067261326907587,0.16504591251238576,0.10035649435703321,0.07778031850930363,0,False
42,0.01457757265248615,0.07425014937537351,0.17249031262902728,0.11166017600085486,0.16167325670945615,0.022140093535220975,0.12748061651447842,0.1607841457573541,0.11442557810286055,0.040518098722887926,4,False
43,0.007053054160270415,0.06092070253570077,0.15293513353849048,0.12412423210677294,0.15766950100871988,0.04128271129522898,0.13926192065405202,0.15826307626795513,0.09430662451426831,0.06418304391854107,3,False
44,0.03675238993882682,0.08215653879184165,0.15385426664227736,0.10623328347587464,0.1704654133062232,0.026785117593288596,0.11957800075935676,0.15727243346836142,0.07768995455857304,0.06921260146537642,4,False
45,0.006910035397936742,0.085816926425802,0.1469256866340941,0.11720843024481009,0.14780013184375915,0.057467025731063444,0.09680864196332416,0.1565777636694671,0.09228295103887953,0.0922024070508638,1,False
46,0.00801616703112558,0.06912882741573244,0.12673199715583097,0.12084539701776557,0.1646197315067338,0.027287702646477643,0.14603330202759757,0.15764469062738776,0.10232641763813993,0.07736576693320861,2,False
47,0.0076320313147919434,0.07639580536431853,0.14979407958135207,0.13099503123229533,0.1489787683410207,0.046702213698418316,0.12110181582143818,0.1765636078771461,0.07134827080038714,0.07048837596883173,1,False
48,0.01658941214609045,0.06722192223529778,0.1363207197382568,0.10746627693325522,0.1737860723879312,0.0389156703980881,0.16791978574153688,0.14021668203283855,0.07397407816148811,0.07758938022521707,2,False
49,0.006913428089867542,0.07614572027142757,0.14842054317080897,0.1355097217851295,0.15093682180039567,0.04519384464544948,0.10604304524147011,0.14763522764455028,0.10678510753363742,0.07641653981726358,1,False
50,0.0,0.05861927795230527,0.15824628168420055,0.12536397572588717,0.16081165766604635,0.0210244183733112,0.13590351016236613,0.1454151264896252,0.10401397559080156,0.09060177635545656,0,False
51,0.0,0.07530551432059247,0.1597025869227308,0.1337601167839478,0.15914805140910993,0.04919712721597559,0.09912175478913485,0.1770774109921191,0.0858016724069022,0.06088576515948745,1,False
52,0.026258537033619654,0.05020756067647598,0.1562874157585513,0.10927845807418454,0.18130487133224985,0.028962061015013932,0.14920054545140163,0.13832855622111398,0.08056666394809055,0.07960533048929863,2,False
53,0.01456295308510792,0.05840128175869053,0.1486727252922067,0.11107049647098888,0.16540344275440041,0.020751259531185194,0.1407585364788096,0.15874428089766338,0.1079488337818942,0.07368618994905328,2,False
54,0.009388221129856919,0.05409488844346587,0.17203117174092017,0.13557891677474984,0.1620819820660678,0.020357954581946665,0.12367306607586846,0.15327136406211345,0.08405474787465338,0.08546768725035737,0,False
55,0.011334952007795397,0.07243971482186524,0.13826039706755605,0.12031073122250796,0.15294370337908095,0.048308107486172404,0.13574515105958093,0.16996616110201454,0.09627663956587303,0.05441444228755357,4,False
56,0.008489252397398252,0.05823968950731234,0.1588525576059114,0.13047230497391732,0.13703185612994412,0.0434954143208547,0.1351280041203927,0.16364744782582505,0.08016195770834764,0.08448151541009634,1,False
57,0.0,0.06996467806407539,0.14681517806907401,0.13241901872886602,0.16253125322773831,0.018873678762241403,0.12907609730566072,0.16912974543328851,0.10436133404819051,0.06682901636086507,4,False
58,0.02860241177062998,0.08012270261276236,0.16053482783802703,0.10261929690150097,0.158805361570335,0.029813255877090335,0.1329223856788991,0.14323702868804541,0.0835557061368985,0.0797870229258112,2,False
59,0.0,0.0638226400281323,0.14166974174143346,0.11060173821704603,0.16439006305410137,0.041245122525319644,0.14432355678864794,0.18571976347899682,0.09669196624451121,0.051535407921811216,3,False
60,0.01923517471022319,0.07121747052472828,0.1396928068217491,0.10546581377083339,0.1788036287236895,0.035253660523328165,0.15676656527536098,0.14670486201190716,0.08629153798638746,0.060568479651792795,2,False
61,0.0,0.07222487280490916,0.15656564353123598,0.1268991077719988,0.1721787000694014,0.003689707790567781,0.12801321466433327,0.1710308097828009,0.09908537719477932,0.07031256638997349,3,False
62,0.010021636913733,0.0634500623814605,0.14669396676806987,0.12479665209511642,0.15090368301194368,0.04834316613385242,0.13773204876085707,0.16075154259984104,0.08925051474810852,0.06805672658701745,4,False
63,0.028850016758493264,0.07109103041744547,0.11738351499609426,0.10222848615983701,0.16370565546983076,0.03859696207388528,0.13325817928820746,0.15994007442890373,0.0973190353243443,0.08762704508295838,2,False
64,0.00972751842144538,0.06456105143777648,0.14311240192690838,0.12857970420103534,0.16332492031822907,0.023760751850833643,0.1585490543344547,0.13839120344930125,0.09172460004560272,0.07826879401441313,2,False
65,0.02461314008308353,0.06904246614581921,0.13679042346401082,0.13667601209833727,0.17286769804300758,0.04234482088827922,0.12283391690383495,0.1438919597558593,0.08410273208813306,0.06683683052963509,4,False
66,0.0,0.06431646682435192,0.15698918107010013,0.11857167244172959,0.1521887790700755,0.04874915960599867,0.12255609831011628,0.174375879478468,0.08390553440176339,0.0783472287973966,1,False
67,0.024105229807463394,0.0723426028545987,0.140358843835865,0.1116824311840147,0.1636285570094594,0.0392134733530277,0.1496006849454419,0.13893084231786115,0.09184611736770718,0.06829121732456088,2,False
68,0.005071761495294772,0.07018765294684944,0.1542261437187306,0.11211437892742188,0.17317739130045404,0.029493597846971198,0.13466448056073366,0.15621171812864673,0.10557212248740164,0.05928075258749606,2,False
69,0.004460087248481038,0.08358359601726519,0.13732820005943447,0.11399170223640114,0.16919241810988442,0.031212476550948446,0.13064437481568145,0.1758794080536068,0.07929638697453004,0.07441134993376701,4,False
70,0.01818571348110855,0.06859733102979278,0.13704041850346682,0.13761323615557036,0.14372332126733464,0.043590779338612114,0.12151121261908536,0.1656692030707456,0.08458143940912329,0.07948734512516058,1,False
71,0.011577476884441657,0.07326695424215209,0.12829491517219357,0.13572775914546373,0.18311764751577075,0.024038777244574316,0.11437181409911726,0.1618860047326757,0.11135328626780425,0.05636536469580669,4,False
72,0.017464148825516043,0.053531677043865994,0.14867408583057953,0.10665548596460989,0.1813390941614627,0.035446437150036855,0.13237082545782683,0.1545915339462961,0.08946491669396274,0.08046179492584318,2,False
73,0.026744446930357393,0.06376866790215062,0.16545462188684085,0.10601763232778347,0.1777597544467599,0.021332458672150778,0.14998115877057316,0.12477683301156903,0.094181453405839,0.06998297264597592,2,False
74,0.0,0.06120573308478723,0.15322700053375585,0.12066551766897474,0.1402723213856563,0.05061833950552328,0.1297274213955705,0.168114732458747,0.09663485037193609,0.079534083595049,1,False
75,0.01073562700671355,0.06932059178077384,0.16261354059504768,0.12213703963644938,0.17420550676531235,0.00893218610860395,0.1506787644290011,0.14568558756395034,0.09459208969159699,0.061099066422550814,2,False
76,0.014908141885052819,0.062363878991398836,0.14491076164031247,0.10253427235795683,0.1723200614177469,0.03263647415099886,0.1275935948395663,0.17576598859876782,0.10113261504859304,0.06583421106960628,4,False
77,0.02480130935145533,0.05011831802695544,0.14619269465772058,0.10363122177923276,0.17676890233693787,0.026059170114939436,0.14274327364518258,0.1390715076770484,0.10362884766196805,0.08698475474855955,2,False
78,0.002563417595859543,0.07278371393065827,0.1477715984893974,0.12564555615593193,0.14968244030592492,0.031558161677670234,0.12177199563900641,0.1835536238181418,0.08493480534103362,0.0797346870463759,1,False
79,0.00475169260127759,0.05265344034610425,0.1751506977819679,0.12095817040504724,0.13822691974210874,0.03845556712054018,0.12590502564521922,0.17246045683052222,0.10112036754336505,0.07031766198384762,1,False
80,0.005957465938634072,0.08622682565518168,0.1372565764946816,0.11634542899368405,0.16618582586353875,0.027315501062407915,0.1479514803317893,0.15364696114517745,0.08837979399295925,0.07073414052194602,2,False
81,0.005149889386098897,0.07062543880487894,0.17414401394898146,0.133108133558947,0.14977898352161334,0.04658214108049404,0.11033116929703747,0.1767338991004435,0.07231954236758671,0.061226788933918724,1,False
82,0.025304825994016074,0.06190479564177517,0.15201828366365586,0.10239096518639465,0.168286469865445,0.02823070491478783,0.14603895836836173,0.13917217184275868,0.09733822257591644,0.07931460194688858,2,False
83,0.006519950790123072,0.07824879075489859,0.13398515435181413,0.1279941331590791,0.16724057274301501,0.037342301589981516,0.11850682234569795,0.1632726015223116,0.10971820518234607,0.057171467560732867,4,False
84,0.02105945594135378,0.06681335686475168,0.1493920666326241,0.12036026312426082,0.15331313705558666,0.02729626923027076,0.12799234299245474,0.16405749649032056,0.08783214657241424,0.08188346509596266,1,False
85,0.01600595823991754,0.066020540663533,0.1537229839227936,0.12353836805687572,0.17187608960991896,0.03824723285431067,0.1261234828142692,0.15709429035170527,0.08900819180013045,0.0583628616865455,4,False
86,0.0,0.0766337797304997,0.1531558070510042,0.10600936616906752,0.18228881781152811,0.03375873234549147,0.10286380905638734,0.17578279717835807,0.10540847066502944,0.06409841999263419,4,False
87,0.01295436757376545,0.06361064199269774,0.15928131308868743,0.1067394340354903,0.1710766919638002,0.010988102470176949,0.1437240641701136,0.1448448268939187,0.09896974296785767,0.08781081484349193,2,False
88,0.005228635053326744,0.09580688915691825,0.1359347169085205,0.13035044527053605,0.18381182459931422,0.02535645683636151,0.12161656494382536,0.14410033771754024,0.10430464445973257,0.05348948505392447,4,False
89,0.021096494617126517,0.050964227017474745,0.14827850451080737,0.10844748998457879,0.1744447161736273,0.04298961649254861,0.14641642002498595,0.14945889348695837,0.07845982107487853,0.07944381661701375,2,False
90,0.01731635587089198,0.07166110522759722,0.16826094817604736,0.13078589200047108,0.14287800804095072,0.0525227346954439,0.111157429187747,0.16265645962982786,0.07372841781403436,0.06903264935698863,1,False
91,0.019991656676490985,0.09069664109168407,0.1409639551494439,0.1058797853833323,0.16588834282374568,0.03297580839057293,0.11814929488477005,0.15588922659333815,0.10052996755889089,0.06903532144773121,4,False
92,0.023690162555995913,0.07908141539113325,0.14093026061464137,0.11839275877182417,0.16646150758775233,0.021286257785603214,0.12169458051254027,0.1582742000759667,0.08314974067897286,0.08703911602556999,2,False
93,0.008908167789247988,0.054424710470356866,0.15010964585705638,0.11067574866622011,0.16005119582840244,0.05141368166908965,0.14914136696282945,0.14384165557407036,0.09599378426729992,0.07544004291542675,2,False
94,0.030104282790723486,0.0720053817495876,0.13990293671579118,0.111091935955458,0.17534551956122252,0.014434828868298522,0.1483242183551187,0.1265107538428289,0.09814296739285384,0.08413717476811722,2,False
95,0.0,0.057228646851184,0.15776696729347067,0.13226629605849163,0.1777051455703594,0.02927701895264772,0.11301832729942549,0.15149198018430823,0.10591925633645886,0.07532636145365393,4,False
96,0.004651034976858405,0.06013900759115186,0.15379404893978,0.1398642113365576,0.15866443676132466,0.03911719449197247,0.1099487893039888,0.1540401001159972,0.09997479904349081,0.07980637743887818,1,False
97,0.004834289905591224,0.07564317850242205,0.15940285744725072,0.13426058761232296,0.13324848589010246,0.03365447878554726,0.11406521693693292,0.17621344615502024,0.08447200527631248,0.08420545348849767,1,False
98,0.008260471971184126,0.07721759122605952,0.1291664360096047,0.13131441798321652,0.15715242959289102,0.0291910773894585,0.12732091460264963,0.17953451755506802,0.10308192571470857,0.05776021795515931,4,False
99,0.03774635401175505,0.07491055245568422,0.12659627638804458,0.12060487874116703,0.1590624163488542,0.04082106787954455,0.12233398526435482,0.14709482846463384,0.10762718195479419,0.06320245849116754,4,True
100,0.008818159095177816,0.05573865351282689,0.1550962851934945,0.13476087103966303,0.16269467827136153,0.0318015100122443,0.12360830329948329,0.1639741666688679,0.10951137898944548,0.05399599391743523,4,False
101,0.03082412468531453,0.07541456724089476,0.14126035226301553,0.10640105527478025,0.1616646967718678,0.026473567320063594,0.1540216721068256,0.13827812084939492,0.08712088177944388,0.07854096170839925,2,False
102,0.016028380078477043,0.07929358717144502,0.15232349355492344,0.11727612719533684,0.1635863942089051,0.03772894818265753,0.1293952002100299,0.14662456426621298,0.09507331231767126,0.06266999281434082,2,False
103,0.023797803103468594,0.0826375574704822,0.1518230235861379,0.11109525439910739,0.16349616228493466,0.022516114974941468,0.13158279247809765,0.15191647533982017,0.10317934582526524,0.05795547053774475,4,False
104,0.008760835684920469,0.07490200616010548,0.15289240693504932,0.12638051135735376,0.1416588006241737,0.04808607266263945,0.13670134805991346,0.16060287420320404,0.08743169049527921,0.06258345381736112,1,False
105,0.013179632147335743,0.06453878401689431,0.13652300407893883,0.11337846499545547,0.15902332833052604,0.03104437771605027,0.12676588050011453,0.1592643312299443,0.12427702696142552,0.07200517002331486,4,False
106,0.02227256298389756,0.06133933091683017,0.15009860738736558,0.10375395856362736,0.16360341033990788,0.0335745189089812,0.15289663527054534,0.13482754766420132,0.09505380424796175,0.08257962371668184,2,False
107,0.0,0.05888924844962263,0.1630161571899562,0.12897280120262228,0.14692128489236952,0.045408286312044105,0.1261164339109712,0.17836525900432038,0.0854086004956107,0.06690192854248311,1,False
108,0.015622644871475678,0.0593243521644429,0.13976867844286187,0.1202083667039475,0.18266362473968767,0.01746607846090172,0.13302974799066922,0.16637114402067382,0.10015523309816285,0.06539012950717667,4,False
109,0.0,0.06516250474708007,0.148396376620542,0.1253002101086138,0.17669604967943672,0.019457438241827378,0.1446578408214151,0.15659918827199346,0.0943723514745937,0.06935804003449772,2,False
110,0.03806840046155379,0.09937344460460672,0.14574953621125497,0.09318902026912118,0.17816021791836034,0.04840512481743241,0.1097709297003605,0.16142963135524427,0.06302552323879267,0.06282817142327325,44,True
111,0.0,0.07314228283548775,0.18565503873803602,0.1108482766240458,0.12289999201909059,0.030204759609518815,0.1058995157119003,0.1739598271025952,0.11213122734603473,0.08525908001329079,1,False
112,0.012490375573160229,0.07221529150728957,0.14900169166276403,0.1105106702647285,0.17355125579965616,0.038866308540032535,0.13027130496546327,0.15198958012152353,0.0791270917053177,0.08197642986006451,2,False
113,0.014342259136515247,0.05107671055216174,0.13722227311986956,0.1292125112893866,0.1744690447648322,0.01413397015528787,0.16258495943463433,0.16671238157555543,0.08580606774306865,0.06443982222868842,2,False
114,0.014205130295597463,0.06971251805336258,0.1508007251345392,0.11004744102730143,0.15932961709208396,0.04301190254278724,0.1478241789135067,0.13882549010314776,0.08472136280738797,0.08152163403028573,2,False
115,0.012167346692977659,0.0686887603196652,0.15355240156872357,0.12951402506630016,0.1795586091598251,0.04988997120973299,0.11997907139682755,0.15672624543338096,0.0868484277108886,0.04307514144167815,4,False
116,0.03502760860947846,0.08311271547321705,0.13953304933326632,0.09206852930959589,0.19096584108693904,0.033146942528147046,0.11079810764879801,0.16457083187689744,0.07877370316698035,0.07200267096668035,44,False
117,0.009536160138940505,0.06132004004335324,0.15777595323836802,0.12874092593848457,0.15227146063379307,0.04548884175058733,0.12658948814515003,0.1385477622445059,0.1076633803528854,0.07206598751393209,4,False
118,0.02464835224160842,0.06579943625719208,0.1351641317517423,0.1087804688200368,0.17764129693471722,0.02818480520790162,0.16224944669862343,0.14051111726294016,0.08407099502828964,0.07294994979694838,2,False
119,0.017907962389074855,0.0698895984175027,0.15259049530823285,0.12325548625707793,0.1564266546240743,0.03282733576885924,0.13424367850343177,0.16387492436328482,0.09350947794531352,0.05547438642314804,4,False
120,0.027084609917612395,0.09547750572291858,0.17123983928478867,0.11098865274722367,0.16251704053175525,0.03544209326742306,0.11485963769254179,0.16252509502789986,0.06609932840754645,0.05376619740029027,44,False
121,0.019302252333349826,0.07708169553161415,0.15048276033917832,0.0958481098234694,0.19003267083949082,0.04253796837370317,0.11766946761920036,0.16563177547858765,0.07419577346032678,0.06721752620107951,44,False
122,0.03409302234209654,0.07649996907171702,0.16378482795850316,0.13385825225899853,0.18123571637993202,0.03215253893243455,0.11358018501794778,0.13612934797445225,0.05624581827199617,0.07242032179192179,44,False
123,0.014104209337244777,0.07796825197701387,0.1347311759582285,0.1414943883388191,0.16909741959284358,0.03156865820164993,0.135135241369367,0.14709389642202084,0.09641282786843425,0.05239393093437805,4,False
124,0.03538229923995955,0.0849755479865588,0.15958464579045326,0.11671008894744524,0.164686901001482,0.019976641187988538,0.13275969694043974,0.15181500885954854,0.08001031997771939,0.05409885006840501,44,False
125,0.037567561353103136,0.08858680806758863,0.153301758805402,0.10667880204244184,0.16737020985090076,0.021151839927382725,0.12229860734804046,0.15627164654389486,0.06422812452639666,0.0825446415348489,44,False
126,0.03728630326940318,0.08614202386565878,0.14663145352163315,0.10445660491541892,0.16506053535645143,0.02201057075974648,0.12897805485011976,0.15219371055101602,0.09463077733578881,0.06260996557476343,44,False
127,0.039547269299267954,0.07693405428035544,0.15036845053621928,0.12102224502252187,0.17718343669396894,0.031175466883968436,0.11177987089378684,0.15414104302112952,0.07203645591710969,0.06581170745167195,44,False
128,0.03460863441703772,0.09112419759572363,0.15699421403514968,0.08607667610111228,0.1682185064682639,0.01124283034609086,0.11984609040268056,0.1535604135964083,0.09280330946855013,0.08552512756898291,44,False
129,0.031617303528260504,0.07886405751596708,0.16167748508183938,0.12362469585733912,0.17116720154108397,0.016008306672578795,0.12858850613479703,0.1542244081070333,0.07725184361808449,0.05697619194301625,44,False
130,0.03994718546431172,0.0799321662301383,0.15695466508125896,0.10323127051815774,0.1828617636886149,0.020685882838190846,0.1303780789077981,0.1573163981509738,0.06339836071257521,0.06529422840798049,44,False
131,0.03400244464290685,0.0768222337053887,0.14175313208543347,0.11380892006502713,0.1720076662872346,0.01699596785204068,0.1301291231062886,0.1519092502759614,0.0832434210249947,0.07932784095472384,44,False
132,0.0420330313727249,0.0885917519933392,0.1480702108525595,0.09250932011800143,0.16290503797310177,0.04321699312640882,0.10696524102291015,0.16286931998994844,0.07439476228925872,0.07844433126174716,44,True
133,0.019383104747967176,0.08711984717459811,0.14858535148772972,0.10205757741067101,0.16793537971634187,0.03335640342893341,0.11108189336044122,0.16196504709527063,0.09093737188885564,0.07757802368919127,44,False
134,0.029512953018940837,0.07923201652670281,0.1481291356760214,0.11998392017681549,0.1689275928676891,0.022696858625399035,0.12107022444854784,0.16650551952805207,0.08222712980187707,0.06171464932995446,44,False
135,0.03466719834304597,0.09256007091391617,0.13813849301703196,0.11350709447193903,0.18878648910016824,0.010890854188514987,0.1228654265933426,0.16065936761729996,0.07457268911881582,0.0633523166359253,44,False
136,0.02613399597074604,0.09120193286105295,0.16214855373994055,0.10898645048412971,0.16754291571280658,0.02284030626123628,0.11727708872658518,0.157437168246368,0.0834829651967416,0.06294862280039297,44,False
137,0.040672805524632025,0.08831819232327236,0.15312980997153722,0.11233120610557473,0.16364930663812338,0.018098028910371485,0.13103686311437443,0.15102536893297483,0.07268156896527349,0.06905684951386598,44,False
138,0.03487618400380214,0.08084194837476523,0.15377742277234197,0.08748663906370785,0.1828285488591452,0.03820339350502513,0.11371989161582523,0.1548880195223148,0.07858572187913986,0.07479223040393278,44,False
139,0.025631330045821785,0.03769243011706796,0.154294274508244,0.10677094186047058,0.17254584518955446,0.06745143780271742,0.15995757435155966,0.13703822205200314,0.07623911291280394,0.06237883115975706,28,False
140,0.036898059355958746,0.09090816798470168,0.15248485787658264,0.11670008210201782,0.17651112072013828,0.02106589732534193,0.11717769568443107,0.1371885328785559,0.08447003730929195,0.06659554876297993,44,False
141,0.02611562479380268,0.08187241731650717,0.15967152547935054,0.10553719028308116,0.15938616815001566,0.027211680091277418,0.13961048570889115,0.15419999408775553,0.07804401088650943,0.06835090320280936,44,False
142,0.026759537539913416,0.08302176705763469,0.14168974936697973,0.09939476814139545,0.17132645512070208,0.03045444745746771,0.1361496944123274,0.1458121763941451,0.08007657280191885,0.08531483170751554,44,False
143,0.022875737004717282,0.08917300121450766,0.15881459746594817,0.09560734829595799,0.16457425452205596,0.02798614839669448,0.12389430049635757,0.15036037917251643,0.08619328272186327,0.08052095070938098,44,False
144,0.03676539321223998,0.08461052384521035,0.1619084411796583,0.10760448190586752,0.1609901342783047,0.016053364460538965,0.11949923152952582,0.14644993025235112,0.08127576559883587,0.08484273373746726,44,False
145,0.036141782748736126,0.08364548005282034,0.14449863009784392,0.11436944750762777,0.15862851708320527,0.03791938478404276,0.11872210721673952,0.1629786128512626,0.08207742669660001,0.061018610961121614,44,False
146,0.027153223483600636,0.08356815228868988,0.15388609751231863,0.11923660614404064,0.17246625391515671,0.03363406271703853,0.12577792591948894,0.15405491903945503,0.06973560455443416,0.06048715442577698,44,False
147,0.03015088900775069,0.07739491870048139,0.1507416257302465,0.1086210315901964,0.1982971167940387,0.03269009307641716,0.0994476388761799,0.16184862547759427,0.07809147316912426,0.06271658757797073,44,False
148,0.03979188953439612,0.07970575560802254,0.17184065923921707,0.09139314837297216,0.171858128373467,0.02865836339476284,0.12216889422784659,0.15238135478160192,0.08343177867160191,0.058770027796111776,44,False
149,0.03694177731708765,0.08004030714651608,0.15682889894305443,0.1072002177694215,0.16044705063588166,0.02371023862203327,0.11895557942754668,0.15761796006240456,0.08906624309572146,0.06919172698033271,44,False
150,0.025026021656250615,0.08853932278711095,0.14555436204868605,0.1170843600292772,0.17510774884784766,0.008975678973066895,0.13390578047252863,0.15338561761756592,0.07338921700071199,0.07903189056695396,44,False
151,0.051832240124188377,0.07414897736597392,0.15576826799308052,0.10684446755474389,0.1819345642185807,0.01934139671720086,0.11325238756083551,0.17800300306804556,0.05925076021931455,0.05962393517803595,44,False
152,0.02159196512833158,0.08888925260969915,0.1679300918166502,0.10693639850728835,0.16865526210073722,0.01897149492311435,0.12795648176143887,0.15754406963768536,0.07302763673431549,0.06849734678073933,44,False
153,0.03911667115245874,0.1061896106429343,0.13512185160480247,0.10726090060190743,0.16060479559121943,0.03486784396793861,0.11719660375190474,0.15193801085708006,0.08463146058325764,0.06307225124649658,44,False
154,0.034046646157916256,0.10837388777496734,0.1520156997130074,0.10008864396911804,0.1628355966735396,0.025290835026520832,0.11654306410546428,0.14602475330336176,0.0801278630990063,0.0746530101770981,44,False
155,0.020337583635920017,0.08613045689607866,0.1507722945126649,0.10159719254641196,0.18604856089154284,0.021487545048050997,0.12211163859750165,0.1518141125770937,0.09582367611598896,0.06387693917874629,44,False
156,0.04170107492078205,0.07889695313853247,0.14377265103356593,0.08991146518654877,0.15705379244087175,0.031135140530261222,0.13982508782492387,0.15174892103327203,0.08750471103130228,0.07845020285993963,44,False
157,0.027100717332319002,0.07880916803262115,0.1581063284104532,0.08403383667062121,0.1816239779625312,0.04154974311813572,0.11854551462596254,0.17902505525371992,0.06909602173581202,0.06210963685782418,44,False
158,0.027801900744189444,0.07126852222759916,0.14879533309353754,0.09833721508725889,0.17404835334792126,0.032516541850819834,0.1327050658097321,0.16770319322683838,0.07759334481272022,0.06923052979938304,44,False
159,0.04046698355060633,0.0722556791810149,0.1662198306949593,0.10377520017481599,0.1732833507777707,0.014538088220328637,0.12165776820794064,0.1625396521982883,0.07493643323892688,0.07032701375534828,44,False
160,0.03808071102208641,0.07820337798145807,0.1446930717851673,0.11784891146522192,0.1671188109257814,0.04088401465838726,0.11863124939660893,0.15441774171616615,0.06368782800816977,0.07643428304095283,44,False
161,0.044819481970784066,0.08502219439187521,0.1510757584544743,0.1081760656187537,0.17026555436642044,0.022669428802119366,0.12432807647325468,0.13725183302850574,0.07480350868982437,0.08158809820398805,44,False
162,0.04279450403650398,0.07518059317356685,0.16054618050913277,0.09849853708824274,0.16136957925746195,0.018484374549382808,0.11833686732687641,0.15827680384042053,0.09339904184094908,0.07311351837746294,44,False
163,0.03491621092554256,0.07155416966257575,0.1551783504082275,0.10054549784708379,0.17075444173165913,0.03415602740184943,0.1323826736113612,0.15955458433384406,0.07539628287860568,0.06556176119925085,44,False
164,0.035093248027546035,0.09512182855397017,0.14216759791616604,0.096994751009844,0.16953787119345753,0.02774310367114239,0.12446151910964279,0.1568582357852306,0.07475306200112035,0.07726878273188022,44,False
165,0.04655188244259273,0.08694678460431587,0.15590445796529523,0.1022921035142656,0.180904936550615,0.018211205364746668,0.12421466107170052,0.14705297720693483,0.07454304433936046,0.06337794694017308,44,False
166,0.02411201368846905,0.08209675786681611,0.15465350036500608,0.12474564304840799,0.1515141166652121,0.052526605760163214,0.11556741803906914,0.1640444339788559,0.05909434904857903,0.07164516153942144,44,False
167,0.049009267724419554,0.0779705300719894,0.15000173318193563,0.12052675421702007,0.18473141312784694,0.020009665601324327,0.112341004915527,0.16549155275753744,0.06792750976290793,0.05199056863949165,44,False
168,0.03581906237189068,0.0877023271392347,0.1560409449639725,0.10604847298889991,0.15349512806628704,0.037225748612753254,0.12633128443803596,0.16237216102246324,0.07862407465808277,0.05634079573837971,44,False
169,0.045777181809583685,0.08843212020093838,0.15195066066827245,0.11206467195833901,0.160077730492367,0.027751047130836162,0.12053105331205312,0.15399677029559072,0.08081691794411132,0.05860184618790821,44,False
170,0.043869093861151356,0.10806762047242137,0.16073423377685714,0.10556145773158015,0.16086195924756272,0.025881910728246773,0.10038444711480972,0.16103434482749907,0.07408210536689934,0.059522826872972494,44,False
171,0.027666563031764166,0.07951664073350038,0.15734511020787373,0.12389753666095701,0.17106630748823046,0.005530751864672659,0.127977799702972,0.16829535567166243,0.0717628863352517,0.0669410483031155,44,False
172,0.04009218619798762,0.0944554228433932,0.1283087886049979,0.0986179896654613,0.1652617640627816,0.04278107767935241,0.11571170116795992,0.17082224595574258,0.07730511961744689,0.06664370420487661,44,True
173,0.040533951997412845,0.08251167015281419,0.14743542215059788,0.11237942174283469,0.16384868610697134,0.04008580649478187,0.11011458691049968,0.1659458775033626,0.07180390441982669,0.06534067252089837,44,False
174,0.038343829538968775,0.07337304610974911,0.14063699705816948,0.10724319745794887,0.1564679592025865,0.03381630964291819,0.12856363386699185,0.16766940434251054,0.07280492398053502,0.08108069879962175,44,False
175,0.036226234007319134,0.07080989486660111,0.15945460628941976,0.0979102199145647,0.1848990701993354,0.03931336339210654,0.11522216015046058,0.1493536541731562,0.08827310122530016,0.0585376957817365,44,False
176,0.033298305840510835,0.08412551615657127,0.1388257923905749,0.08977871548047532,0.17880782003806978,0.04219832855861699,0.13225367014718128,0.1604276082099081,0.07883315941459199,0.06145108376349957,44,False
177,0.036213579472415165,0.07834661553248534,0.14776713359071753,0.08919324859271649,0.18031704380690752,0.04226627419760838,0.13020271413621556,0.15949136920628257,0.06786897835969835,0.06833304310495324,44,False
178,0.03819483923824108,0.08124257619568687,0.1622364433729133,0.10559596874675814,0.15958312534446012,0.042334675290958204,0.11510173184178762,0.15285809840816453,0.08573751520620927,0.05711502635482102,44,False
179,0.04147849363041125,0.08233616522303108,0.15689276100135233,0.10570342552857233,0.18160019985830755,0.02340286589350729,0.12761982146787335,0.14277370437815182,0.0874467402912519,0.05074582272754093,44,False
180,0.03757057724776737,0.09202339892025749,0.15463826613083606,0.11159392022976343,0.1617541930536031,0.025783877810124263,0.11715197857906064,0.1468172169192091,0.08362400979579504,0.06904256131358362,44,False
181,0.04862194957598476,0.09093995541407968,0.14819582070931708,0.11999400859560654,0.1676530285971643,0.017152105261675547,0.13085037465432572,0.15842180409906767,0.06765716391937679,0.05051378917340194,44,False
182,0.031221112431097865,0.07938790182749295,0.15630996072797726,0.11778862997871183,0.1684819159060031,0.012986766298270096,0.11764588054994483,0.1725986984206818,0.08237681701372575,0.061202316846094604,44,False
183,0.034883787144109724,0.09302628127033956,0.15317475153983912,0.09960138423788742,0.17490366947369643,0.04444032106005682,0.10916462642914439,0.15357657334781838,0.06459230168985748,0.07263630380725065,44,False
184,0.04355029158371577,0.08448876357249256,0.14237797843676622,0.1310975271382573,0.1725106883069684,0.020571977342284675,0.12574602607074858,0.14901432798745204,0.06809419605651958,0.06254822350479487,44,False
185,0.02489512862600496,0.07690456973838342,0.14694878339195244,0.11207974982996462,0.176222361155689,0.019484712761958067,0.1151832718703662,0.18089679702440514,0.090109981435433,0.05727464416584315,44,False
186,0.025605482246229952,0.0618912448419081,0.15891597108314656,0.08693918252862248,0.17158141513096392,0.016990052591170837,0.1278321954649231,0.17559403893014575,0.1009518958065781,0.07369852137631132,44,False
187,0.030127937520668637,0.08197009792750436,0.1401957286148055,0.12435563286607569,0.17502917157314793,0.016813510956649676,0.12500183724901823,0.15481850045328102,0.08619659124806886,0.06549099159078,44,False
188,0.018804610367977485,0.08834313472222868,0.15936700966445025,0.11191143317154204,0.16758056174078925,0.018645465044668345,0.11105717971704662,0.16797663633868135,0.07934946633707742,0.07696450289553856,44,False
