ID,strat_res0,strat_res1,strat_res2,strat_res3,strat_res4,strat_res5,strat_res6,strat_res7,strat_res8,strat_res9,ancestor,alive_at_end
0,0.11064757885774593,0.028203509455392368,0.0506191134447642,0.22976205606091013,0.043215344042664236,0.16223232007886423,0.17081618837148588,0.03226312529251667,0.03042180250208955,0.14181896189356677,0,False
1,0.1078672374691187,0.04259414316369395,0.04582971228647172,0.2157806965389223,0.02583901667488338,0.17129823954340467,0.1556692647362373,0.043516729986432405,0.03129190973290461,0.160313049867931,0,False
2,0.10595595433893806,0.018666557596509408,0.06901682602059753,0.25067180342717305,0.027905221184529032,0.17172002388719435,0.16747948147098507,0.016956508411708097,0.020445726684670606,0.15118189697769488,0,False
3,0.08100387002178377,0.02871344845224611,0.06368185190778496,0.25174901821005224,0.02736149115098207,0.16686806578289531,0.17527978044611406,0.02366897730616576,0.03173829776159556,0.14993519896038013,2,False
4,0.09557813034928339,0.039756799740285176,0.03939861033109672,0.21311834972472618,0.03745220495011044,0.1738113890817349,0.13849991846099308,0.055786708755982774,0.04884083031497554,0.15775705829081182,1,False
5,0.10350549017147752,0.051621928374449524,0.04711667642847415,0.22508491230519384,0.021418503841910234,0.1744262425048433,0.1548942664078024,0.03512636154128525,0.027159108125549284,0.15964651029901464,1,False
6,0.10794678257984246,0.04699640994893285,0.053491582320773674,0.2189861132611236,0.02252855131624091,0.17151694261171732,0.17253973373843226,0.03550825983249785,0.011310857759022698,0.15917476663141641,1,False
7,0.10491446541952518,0.04533837397230184,0.05582290997056603,0.21112728624170035,0.022648341674194973,0.1830831550605882,0.16918861765989607,0.028110974502988727,0.020654835881116197,0.1591110396171224,1,False
8,0.10132744742871995,0.03440787436576963,0.06197334140692724,0.20646517320760077,0.049289336373432406,0.16003078873687118,0.16908515431104335,0.028157894264178782,0.03360393302521472,0.1556590568802419,0,True
9,0.1023953300382472,0.04578093826890263,0.039474315269840875,0.2197493934208774,0.042864556874630394,0.17247287870862385,0.14418946237732297,0.043391209607220024,0.028008991323842738,0.16167292411049183,1,False
10,0.10463783721409146,0.03494270849782739,0.0616153073438097,0.2261322639044792,0.04451991936487157,0.168627442984883,0.16819755393833674,0.034861624675453916,0.022607464860077888,0.13385787721616912,0,False
11,0.10367563458688045,0.036799364874477006,0.04934617889720668,0.2211568349330626,0.02478387970534385,0.18559531108125532,0.16417059483700386,0.03460668058541078,0.033841141105744973,0.1460243793936146,5,False
12,0.11714903178707063,0.022477698841587478,0.0494202612874643,0.24098987686326703,0.03068043117802087,0.1671010939034253,0.18757814908498813,0.02412303683724035,0.021178521532140972,0.13930189868479498,0,False
13,0.11567536521416381,0.01651669530081779,0.047656616362111534,0.2266150367065917,0.047083095758753614,0.16358109519540356,0.18095715055496206,0.03612405655938033,0.02556844110243261,0.14022244724538302,0,False
14,0.09554778259113113,0.01082827273263979,0.07783112762873856,0.24745597717694653,0.032085093941210584,0.16380422326595276,0.1694552856433021,0.0267309421456319,0.029680735169687486,0.14658055970475925,2,False
15,0.09706669996289508,0.0461429144055529,0.06039405254831786,0.21217093081296431,0.037451092451279804,0.17241458306611146,0.14869323277532864,0.033264453281523464,0.02594868724059612,0.16645335345543033,1,False
16,0.08223131613103404,0.03229247070356927,0.059592014982095494,0.2596404728936843,0.026292075715498558,0.170754632751179,0.18274324079237278,0.02384512864928403,0.02415111305751502,0.13845753432376753,3,False
17,0.07412459910091033,0.021437957549104616,0.057163819378145284,0.2505271145823531,0.04870516647216658,0.14936684598391187,0.1777867903848304,0.015411296017682135,0.05130913618023219,0.15416727435066352,3,False
18,0.12456380980022427,0.018783910534413778,0.044124466798870665,0.24240695842449284,0.04550737898866894,0.16192935610253437,0.1555236287281222,0.059071550124566684,0.020839024049889233,0.12724991644821695,10,False
19,0.104756745591374,0.03285392150762415,0.03372408870071979,0.22717725085146773,0.0483987520342059,0.17390402506784186,0.14336009918552967,0.05978981672413336,0.0107697761986329,0.1652655241384706,9,False
20,0.09261957162574264,0.031167508070349008,0.027922389652091883,0.22026021476347413,0.04809214368747475,0.17273902048630915,0.1379293263752691,0.05207832811886889,0.05483962226368906,0.16235187495673142,4,False
21,0.09079426431393202,0.059020949363518684,0.022227801642740894,0.21559805729847326,0.02628114680948847,0.17190616553981394,0.14771053212276597,0.054945317972378095,0.05435767714182365,0.15715808779506515,4,False
22,0.07356925171321771,0.03502345497791759,0.05292574303846216,0.2575215893030483,0.03984079873619991,0.1676422278395432,0.18239167285921554,0.005107944851782957,0.020126578578855782,0.16585073810175685,3,False
23,0.11279252227393519,0.01950372936612074,0.060040603098215135,0.21472377443619559,0.033060400900209605,0.17078349750644972,0.18155957431338388,0.037905230964536074,0.04071922282618525,0.12891144431476886,0,False
24,0.1160592694556751,0.03564656115040997,0.05830840356178884,0.25071862935480754,0.011703298847948513,0.16610092949328967,0.16309843585338576,0.02743126847503353,0.028039386336919443,0.14289381747074176,2,False
25,0.11152227615376481,0.02861243512766642,0.055153979153781736,0.2284998752518929,0.027173040821741663,0.16503157684282704,0.1725836250891036,0.04068499021300264,0.025083962906714982,0.14565423843950417,0,False
26,0.09042010118307034,0.022344725307628415,0.07962008807898566,0.2566833301938021,0.028674814717231902,0.1554432549188473,0.1646559071202862,0.03459034471270163,0.027037493200838585,0.14052994056660786,3,False
27,0.09789813629676698,0.032364249858926095,0.06512531700481429,0.22464039721056753,0.04549244999490686,0.14599917926650363,0.1817186755612267,0.032925699807531315,0.027751767115037487,0.14608412788371908,0,False
28,0.11351843144296514,0.03722614630146201,0.04052517929420714,0.21314847515860236,0.017555342041350272,0.17874557658638837,0.16674931124687656,0.030279967245941588,0.03706157719489945,0.16518999348730737,1,False
29,0.11122262549827384,0.027651764062800364,0.06578542873974802,0.22477304741702736,0.037891381587736556,0.1629353755149007,0.16255951033314794,0.03133022998829246,0.03399314831941812,0.1418574885386545,0,False
30,0.09373511660157997,0.02802378322291787,0.07014206089388766,0.24599387310751097,0.03139852172583778,0.1644800891895327,0.18096381359276473,0.017975043179568145,0.02548482120883717,0.14180287727756283,3,False
31,0.10140158588389912,0.026677826847371695,0.06463526200934092,0.2150510219320481,0.03656358581814821,0.15364158219984342,0.17995940936529742,0.036705420978561616,0.04702467171926891,0.13833963324622048,0,False
32,0.0985418572197944,0.042412543012145865,0.028491578285446326,0.22353839407841455,0.04023024432906516,0.18387476277430426,0.14230210117333308,0.05822946854419189,0.022675696023991852,0.15970335455931264,1,False
33,0.10328599705407918,0.012750571153910236,0.04910229140530745,0.23294095204321597,0.04949579400865627,0.17723965380901088,0.16203390858700445,0.05141613940413405,0.015643106628493796,0.1460915859061877,0,False
34,0.11797456634670142,0.0235480026510588,0.04845853557536432,0.23448325595328587,0.042425488014504846,0.1712838606394056,0.1673533001623107,0.031873904387778706,0.02398144813775003,0.13861763813183983,0,False
35,0.08456003064378201,0.04068660149112935,0.04958616614386794,0.24696917164525484,0.028261776320998067,0.1692404009479107,0.18017320564590833,0.027766054680136716,0.03581507851406129,0.1369415139669509,3,False
36,0.10398113999163,0.04807626511654733,0.055129946424813864,0.2094177404075086,0.012714957564135116,0.17484177148164934,0.16142600947591057,0.036425189223942445,0.021779121044162568,0.17620785926970017,5,False
37,0.09015798897861117,0.04374628291631316,0.07335320881543429,0.2506715336110567,0.03365194638666597,0.15096365191791136,0.17298194177769807,0.02029212391888871,0.033144609570104344,0.13103671210731613,3,False
38,0.10213910699130196,0.04595607704721346,0.04509397957011047,0.2068968515740913,0.031942300203685096,0.16654492870972054,0.15156209219004296,0.05415286392371822,0.03909966742081207,0.1566121323693039,1,False
39,0.10705697011844933,0.05263597368507747,0.04507036074147452,0.21604333502671344,0.020521018330371024,0.17265745831079224,0.13614725872688022,0.05280722841007397,0.030636723759390715,0.1664236728907771,5,False
40,0.11518361436651732,0.013053266909736318,0.04305231070432392,0.23315668975469633,0.04594411127697623,0.1950081401107565,0.1680987479853524,0.028814092935114007,0.01982394775400385,0.1378650782025231,0,False
41,0.11685411493899767,0.023215285015668833,0.053354840825324365,0.22330431674557324,0.057492598081546886,0.1682191396359984,0.16190369073573924,0.03117837682375013,0.024531338224109384,0.13994629897329178,0,False
42,0.1238158145795794,0.021210615015702487,0.05979667981867704,0.23957999621622583,0.038302894511184266,0.14681944670652552,0.18214102943942193,0.028240953687705562,0.027218214420766152,0.13287435560421176,0,False
43,0.11837156097331017,0.03122141499526039,0.07055769051053423,0.235881561216822,0.029720327882525422,0.1587645143548315,0.16541874278403468,0.03337891168663055,0.01110899062165017,0.1455762849744009,0,False
44,0.09697778527386679,0.018190490095620696,0.048875939335764035,0.22978611509794442,0.050754545915856736,0.1704765078862527,0.14104883559701187,0.04594744527148146,0.04971959969322835,0.14822273583297305,4,False
45,0.10244010920670665,0.02837029480939217,0.04719514031554855,0.2341741503397341,0.04099049223576283,0.1643248724739008,0.15616541201129014,0.04660367204741688,0.03832400650119797,0.14141185005904988,0,False
46,0.11252857196510425,0.03397840800933248,0.05031870588570997,0.24227790459952672,0.04172415275129468,0.1560256914215033,0.15980140222012612,0.029556109829112356,0.03956230240163599,0.13422675091665418,0,False
47,0.09138869729237173,0.0355569475299257,0.043643420229803165,0.21080292058282804,0.031985650565486703,0.17514218035252307,0.13588000954701018,0.06026572770526001,0.061733894876085264,0.1536005513187062,4,False
48,0.10953695660369965,0.03306460591652417,0.033349881760881855,0.2162743094946802,0.0513296209373534,0.18656287690182613,0.1265605937409616,0.032708015686805134,0.040440074071315946,0.1701730648859518,4,False
49,0.1095473891467602,0.04002725778705365,0.04441260359125149,0.2098908780778492,0.010857366516109931,0.16569156586668451,0.16265534634097753,0.025268629328302126,0.04724877009754852,0.18440019324746287,1,False
50,0.1082095125388242,0.02531529570147737,0.04341876061619322,0.23094426927429312,0.03738963164892576,0.15204354977188062,0.1911463002914876,0.03184922849434485,0.03723008726718204,0.14245336439539125,0,False
51,0.11281530520733184,0.04450660004789102,0.04699503461087124,0.2532931525051116,0.03621800224456063,0.1652156803223101,0.17358223078660456,0.021248956240123865,0.021971568097184625,0.12415346993801052,0,False
52,0.0841815874000383,0.041238167512121546,0.041873098689801866,0.2184766620039066,0.036069532576756394,0.17785795875819402,0.13799385572661677,0.05808911474837645,0.048910469086805845,0.1553095534973822,4,False
53,0.10962292580640301,0.01201540580890009,0.0472881038500036,0.21667765188657115,0.04517776383315376,0.16225194185441424,0.18304718171810808,0.03456495863355971,0.022133049170941343,0.16722101743794515,0,False
54,0.09414732855198607,0.025449912069809434,0.07900562993897789,0.2425434564028161,0.026647969390072156,0.16359370313587845,0.16182193550321625,0.02668208255149827,0.017218301935098934,0.1628896805206464,2,False
55,0.09709561065528186,0.040817397933622164,0.03780701006409987,0.20626392567954258,0.048847501556416074,0.15855990916026255,0.13426626012808432,0.06732428359514182,0.053625777014077176,0.1553923242134717,4,False
56,0.10360821578496399,0.049026842703994364,0.03467918761720135,0.21558948219796467,0.03557043123988119,0.16035927244403664,0.13508606314262958,0.056169736560276046,0.05454395936947379,0.15536680893957833,4,False
57,0.10481316384789013,0.03677191893961813,0.039485805622098774,0.21705647684197443,0.01640506069832274,0.17907075962512492,0.1632037772669919,0.04443950493152657,0.039331928754384106,0.15942160347206827,1,False
58,0.100226018498694,0.023111955196363332,0.06871143673065715,0.2323842787048047,0.047477989550925435,0.14734504787508185,0.16256700393700121,0.04152046023633134,0.027363816287080924,0.14929199298306012,0,False
59,0.0982412231544607,0.052601758074192595,0.020756260428623587,0.18912033449105614,0.04037639686586653,0.16710683588060415,0.14276118847505445,0.0653258746154678,0.06685384697236726,0.1568562810423069,4,False
60,0.11498809577805003,0.038885540109688255,0.06840742599018727,0.19728450394754668,0.02063395736654241,0.16870048637992277,0.13552443629770844,0.04004681934156805,0.034834351575708425,0.1806943832130778,1,False
61,0.10752838367410558,0.04690736369298032,0.04455686723569661,0.20681667408967622,0.035521226104855474,0.15969511168701755,0.1420108548435367,0.04871623145650689,0.05810276312579228,0.1501445240898324,4,False
62,0.10069657710365781,0.04029527714900408,0.04656592183699573,0.20198957045840185,0.029852777818118237,0.18219270234441082,0.1345936031291826,0.06739933369587964,0.04573981199928559,0.15067442446506357,4,False
63,0.10487862993248563,0.02008155180680065,0.0460516862834973,0.21752251736172534,0.027134783563408107,0.18039311431164973,0.13654630228585676,0.05395588286663592,0.050889585668734985,0.16254594591920554,4,False
64,0.11255572804744315,0.05049199845835689,0.029478747947184216,0.22798574089858115,0.028567585019582568,0.1651515913445098,0.14338556914124487,0.059355750939974306,0.021472294315835798,0.16155499388728717,1,False
65,0.11969165520638132,0.033082565650422634,0.04774934906844182,0.22062286420125554,0.03162693557487729,0.16399123797588433,0.16302648506984715,0.03501905518060608,0.04286267510040796,0.14232717697187589,0,False
66,0.1104812637172043,0.04016820964978956,0.05135640540881833,0.224816840783455,0.02523425860958028,0.1598096151561423,0.1739625272128662,0.030229510299926116,0.036003183343659484,0.14793818581855836,0,False
67,0.10453847054682368,0.03748954021648172,0.03932541451775841,0.217545632344682,0.034063251223131356,0.1769869345518709,0.15971259443717128,0.03279509780803524,0.03631222947505874,0.16123083487898685,5,False
68,0.10491119980372002,0.03196209574449351,0.039008043232725116,0.212300177568136,0.04012012792690023,0.1637441402793303,0.14733011454414308,0.049774315059916766,0.05396942245165965,0.15688036338897543,4,False
69,0.09551540153340332,0.037748169228917904,0.03943533735501707,0.19986666752046903,0.047607907709974,0.17070825971419704,0.1291070190433388,0.06659796410737558,0.04973398613091874,0.16367928765638848,4,False
70,0.09555419631114286,0.053737232227135966,0.027203905228950897,0.23827148298832884,0.0158028671278013,0.18129983712585632,0.12845685534477833,0.05739201565200865,0.05173417556752087,0.15054743242647592,4,False
71,0.10961942469275536,0.053840900723305975,0.03648194299893589,0.20788926041848643,0.01793788785697499,0.18905415937878975,0.13465412698509235,0.042432942479914214,0.04938145219841102,0.15870790226733414,4,False
72,0.09354792130017982,0.03920423119543986,0.03937130165465444,0.22107721571192224,0.028729483545897633,0.16301791214545186,0.14196914746959385,0.053027833994249325,0.048786276687874754,0.17126867629473613,4,False
73,0.12075304171268983,0.03188313330197596,0.05613481493413762,0.24418793583943293,0.050830321152000355,0.14725983695751832,0.1660126333389964,0.031840832092793855,0.0008684435361439367,0.15022900713431075,0,False
74,0.09957172184397849,0.02727467609928141,0.050256710929774115,0.23714500324667276,0.03820614175073862,0.16846305332918973,0.19923341173135273,0.019890791613269298,0.024224167282591004,0.13573432217315198,0,False
75,0.1075152606807597,0.035092218814014614,0.020778911160836862,0.2071399334311998,0.034561425062324076,0.18025175613575337,0.14588583497302612,0.05564158221246309,0.05107199594881009,0.16206108158081237,4,False
76,0.10614097194444788,0.014629267504140755,0.04348646125680315,0.23663055744341932,0.03748540852526645,0.17102544330695243,0.16030605538864637,0.029434287126794478,0.032725545207069495,0.1681360022964597,1,False
77,0.0932413243074029,0.049665335921345324,0.044907991769130635,0.2134310968946206,0.0410465616230476,0.17636484106606173,0.1250763159408363,0.062470373549298346,0.050010616810635775,0.14378554211762087,4,True
78,0.12110351732476082,0.041502637650345724,0.05529452846820478,0.23411440694098398,0.022683921082294806,0.1511390165115073,0.15506547768968512,0.0467541964723278,0.026221859318673716,0.14612043854121604,0,False
79,0.10643922261478281,0.01565762087808903,0.05692877666564345,0.2307610077338722,0.05230968664820232,0.1597129654394545,0.1739267478627554,0.03207459706077969,0.02888186582849081,0.1433075092679298,0,False
80,0.10745863236921428,0.0027217057208710313,0.0583444918480083,0.23995179024829336,0.05090465741953373,0.15583389846982343,0.17621646291250884,0.03178061595041912,0.030159846134536598,0.14662789892679137,0,False
81,0.0927259627046323,0.023965007665689556,0.027925916410082387,0.22086962887283673,0.04515619966379583,0.18547270495476548,0.15412241871440963,0.046626356641500284,0.04290785869667039,0.16022794567561738,4,False
82,0.11249476498456396,0.02747639286353588,0.038235550008873534,0.22084306823159208,0.021548589782917776,0.16397019770600862,0.17203570196896806,0.05533485754288186,0.02123418721995423,0.16682668969070408,1,False
83,0.10902099840088054,0.04062545995085975,0.06316742553983132,0.23258575885977104,0.05436958814391468,0.15925243608712625,0.15858276084537049,0.033522166504774506,0.014176484195267606,0.13469692147220388,0,True
84,0.09916647747751879,0.046585862418963044,0.04187912444430072,0.20637439664561785,0.05471184229161585,0.17795770293866728,0.12860037031387847,0.04957624963483404,0.05624150098984774,0.13890647284475632,4,True
85,0.10912712743609435,0.035679621361503974,0.030804116602225415,0.21156353521314286,0.030462521426948223,0.18456591919339044,0.13627358533244469,0.049140409802730475,0.044983813411450815,0.16739935022006874,4,False
86,0.10698424121220258,0.03968774322757837,0.05671931860589323,0.22573696298685572,0.046532987787042526,0.14804072417590672,0.17827772450685764,0.030388597113023365,0.02786828567211975,0.13976341471252013,0,False
87,0.09350797056024766,0.037032669424947345,0.03854181374642192,0.2246793745319846,0.027947053545898323,0.1806406838481584,0.13794230554322023,0.05417579945146623,0.06844922518054186,0.13708310416711345,4,False
88,0.12310088650850955,0.042362709950382854,0.05218172854688605,0.20901497148611475,0.0,0.1798970435428838,0.15531643573247123,0.0533040040881449,0.026729277789998944,0.15809294235460794,1,False
89,0.09835971179494482,0.03543247018874375,0.030448191937178227,0.20216085377363682,0.030398440283377848,0.1838776932188312,0.15430122177480868,0.04857626738108729,0.06531455460963916,0.15113059503775225,4,False
90,0.09936702309600019,0.04673313928980382,0.039244598418457496,0.21289169589101134,0.03148460910478403,0.17886478261969024,0.13523532410554143,0.04754571671007819,0.04793855636768524,0.1606945543969481,4,False
91,0.11399076127259306,0.032484064622840834,0.039552017970675805,0.2235964937220534,0.030616611485900155,0.18950337095299505,0.13438870873684203,0.02793879853956061,0.05207835336726752,0.15585081932927153,4,False
92,0.09957279070419083,0.033629720451112205,0.040052554515954734,0.19323571593445282,0.04695777540271719,0.1759395233118133,0.14978627206433778,0.04962235838359914,0.05460211222375458,0.15660117700806728,4,False
93,0.09631136331057086,0.029431174454402336,0.04616006188765405,0.22282693234983375,0.06715953497599528,0.14901632679903185,0.17594815641478617,0.033918220493270465,0.03142066979857235,0.14780755951588279,0,False
94,0.09876441890343234,0.05356723377186845,0.04001908729864705,0.21210713617523796,0.04410491431111712,0.18431377001217686,0.1414946716778099,0.050087373636654074,0.021653583759190374,0.15388781045386576,4,False
95,0.0765670354883254,0.01668832558482872,0.08354659714385973,0.2515151620166342,0.028186521241248635,0.17814297624361364,0.16929356089369893,0.026471446686582228,0.02673922225258311,0.14284915244862542,3,False
96,0.11285626919746838,0.035008609378171344,0.022470642667253245,0.22592725787271217,0.01721939044822677,0.1934030715306907,0.13042087721885567,0.04739055127113391,0.0359071677526525,0.17939616266283528,4,False
97,0.0897511210586456,0.047345531337850744,0.04601589400151185,0.18914648799996403,0.049963224322459844,0.16774881237892578,0.1409730991018073,0.056940448001330454,0.048947477290218304,0.1631679045072862,4,True
98,0.11090661778976112,0.04122612311329476,0.03837160108828542,0.20664145795620276,0.02458780281195953,0.17365008694225842,0.16035303293545897,0.053757660117064496,0.020941960273961294,0.1695636569717533,1,False
99,0.09477989312112942,0.04161366972181878,0.04175599270231299,0.1954106689805154,0.024521402932794943,0.1873820031478053,0.14160946690348272,0.05279456326452334,0.05260162684892862,0.16753071237668846,4,False
100,0.0837900847675364,0.03392228168552385,0.02708716911061708,0.22175703971394659,0.001249252583914772,0.1802934107143633,0.1408959362818505,0.06343164786514728,0.06656062037525243,0.18101255690184767,4,False
101,0.07932699043889885,0.024267724683083084,0.03779902941496701,0.20926161964990672,0.029677244203631385,0.18077722551389527,0.1562222189854997,0.05846019129142241,0.05857127286976011,0.16563648294893543,4,False
102,0.10576575820166663,0.026191316480337137,0.04666450074848222,0.23781014251835159,0.04780549965493815,0.17126442521684346,0.16417654526917688,0.03585119472910638,0.028491231460918108,0.13597938572017948,0,False
103,0.09859363568813577,0.027245933062154414,0.0411085476131367,0.22316074206481631,0.022926031965684813,0.17443311317562965,0.13068990975302247,0.05801132518939886,0.0485867578454597,0.17524400364256137,4,False
104,0.10408879152990343,0.02547244295009808,0.023874209595883884,0.21562148009615506,0.04850702105332584,0.18747285043901155,0.12077118613058191,0.07105404957179229,0.03615242840787812,0.16698554022536977,4,False
105,0.100866567435625,0.043553546763594984,0.04536710500107482,0.20663586359139408,0.032329856309154505,0.187040893446104,0.13652912627470082,0.06518045737981484,0.02999655259905035,0.15250003119948655,4,False
106,0.08843636509673462,0.0308482681021395,0.0533944410642981,0.22171521001846964,0.04926865983200537,0.16061683473950059,0.14134596624689655,0.0477800176804279,0.0467841642618471,0.1598100729576807,4,False
107,0.09366918060308274,0.015237645527049913,0.04726436814286901,0.21010270082405835,0.035478992848955795,0.18633349557450254,0.1440556282752435,0.0651798024593788,0.047092461589009746,0.15558572415584948,4,False
108,0.09456505490498586,0.036513853748291365,0.0420160088590386,0.2180975740257055,0.020998771876702658,0.18170709140434116,0.1314454786093124,0.05744706058981153,0.04570006212064939,0.17150904386116153,4,False
109,0.09562240084222855,0.04380440256609152,0.053773979573478514,0.20269330763820065,0.03876531602356808,0.1596873963458299,0.15299901408699204,0.054788772376640954,0.04061551911598223,0.15724989143098764,4,False
110,0.09809778533692627,0.03794872832528367,0.03279406906257765,0.19432640873196477,0.04750984798005208,0.1919335012497295,0.1440720573311516,0.05152396148410964,0.047429518628366946,0.1543641218698377,4,False
111,0.10116027635098246,0.035801882164599425,0.048419699817033146,0.21829474035113902,0.03973869823286262,0.1787839670246677,0.1197146170419939,0.06698114041495774,0.03912443013583249,0.15198054846593154,4,False
112,0.08046094708974175,0.02806102749520898,0.026498116139564508,0.23209822749196882,0.04189299364393655,0.1700225454854643,0.1413600997484183,0.06411891318582877,0.04412576036395009,0.17136136935591806,4,False
113,0.09293093744971183,0.05610004840878137,0.0386688595805894,0.20577341377889946,0.03076006207942451,0.1786988280842456,0.1399785096509556,0.060108201876517296,0.042783474127718685,0.1541976649631564,4,False
114,0.09307531945203823,0.04345965669616856,0.031054837748313992,0.23245056233300576,0.03922764816281503,0.1628858456648904,0.12856335953237147,0.056197480221402314,0.05081328702635538,0.16227200316263887,4,False
115,0.10538392868491644,0.05414179595655992,0.028957729539438752,0.20547347993901435,0.04581418574981877,0.1639374578061919,0.13866281975244624,0.048478877066951274,0.053504991517756374,0.15564473398690612,4,False
116,0.10022682136963998,0.051380336314914156,0.036906823278777895,0.2292127363448961,0.045738785316016106,0.15732357540372946,0.1341036434500511,0.050980148503206306,0.038901274589959914,0.15522585542880896,4,False
117,0.09383750221746652,0.05270330534651815,0.0377431529947518,0.22139293010748118,0.04314836209060059,0.1669621234021457,0.12014948547539019,0.042779770035810134,0.05461369056036319,0.16666967776947256,4,False
118,0.0865681925748934,0.029751672819598448,0.039060494366866684,0.2213005038359179,0.026777047470628965,0.18097821351349158,0.1274621837964937,0.07571631640637294,0.04390679060530706,0.16847858461042925,4,False
119,0.09977528133632928,0.03957924566996412,0.04614226324726314,0.2165068594380137,0.021132160980816998,0.17854677113755135,0.15943108903855122,0.037170746086699194,0.042043170247988475,0.15967241281682257,1,False
120,0.1072747479935876,0.043099298368424244,0.040258912715029585,0.1886543570229014,0.041186930069337664,0.17475613785643138,0.14615835938902297,0.049237608513004245,0.05203165222166173,0.157341995850599,4,False
121,0.12578490661853278,0.02786645779721516,0.04826070107692579,0.22373284625532752,0.03901234602049099,0.15486327934911182,0.1850525111745846,0.029635375404717838,0.015028429719306053,0.15076314658378756,0,False
122,0.09632756352116494,0.04998893068921319,0.028422880624008915,0.1991406973681841,0.04123056749759764,0.1810660822649501,0.14529316535010484,0.07300897690009205,0.02869752740182253,0.15682360838286158,4,False
123,0.07989100253554869,0.03917616891760031,0.04536840049541412,0.22315938979565716,0.03465079160038557,0.17912180166489333,0.14353312192305326,0.05475437968177655,0.04330428560353244,0.15704065778213863,4,False
124,0.09602493338539005,0.024403267501978746,0.030827335290964396,0.2105671935870548,0.02890688571788112,0.18368081144302062,0.14243734249518003,0.05169778326653593,0.0582169673963154,0.1732374799156789,4,False
125,0.09372333750632257,0.021782216213264143,0.04164225873278613,0.23337722519764595,0.03663192743064244,0.17409934761249576,0.15164554894468846,0.05358367920570599,0.02895713045819101,0.1645573286982576,1,False
126,0.08009629857118257,0.04172055731186929,0.039593506702801796,0.2310985471574795,0.03703802158389951,0.17285244163396785,0.13725980549206335,0.050964005874930655,0.05158181403231291,0.15779500163949273,4,False
127,0.09695083864675771,0.04551439137949192,0.03208029347063266,0.22483283960233924,0.01632955041587849,0.16205319225039214,0.14534920670897597,0.0614548305599067,0.03915780990725607,0.17627704705836908,4,False
128,0.10273015575613594,0.043514450033495786,0.038205850521706726,0.21174902303422505,0.035804043992097676,0.1751780316866114,0.13795774781143075,0.05232177713537444,0.04722983738423915,0.15530908264468304,4,False
129,0.08232551306442644,0.04933771309769203,0.03742069572596832,0.21912890379359554,0.02712886624115825,0.17427416992426248,0.13570939276355765,0.07601132195032992,0.033134502400809375,0.16552892103819997,4,False
130,0.10235939663919483,0.057059033691821893,0.04192550529937377,0.1997937399082907,0.029554961681275183,0.18193336156867254,0.1306933797975461,0.04415927767814686,0.059499564305382314,0.1530217794302959,4,False
131,0.10754182139922792,0.00017212423776192138,0.060581722674338694,0.24526300477039234,0.04329498463984869,0.1737903096359226,0.1655325828941825,0.031120650596089112,0.022223365141865053,0.1504794340103712,0,False
132,0.09524988617801793,0.03611071529012949,0.03392289775972613,0.22499784398485462,0.046257949967436394,0.1837320062848754,0.14931904347708794,0.04894728101862644,0.027213637603792425,0.15424873843545328,4,False
133,0.0856163166746895,0.030595548915167158,0.0795212764967258,0.2471953440763376,0.032705671205136205,0.1449288349424613,0.1766238690643951,0.032739349644292114,0.03612314192143473,0.13395064705936055,3,False
134,0.09830490362034461,0.042080869899033646,0.022056776504028625,0.21594469502084584,0.04112692852848257,0.18972815354599118,0.13035790211605527,0.05603070711826863,0.04203905828409847,0.16233000536285108,4,False
135,0.09154651669928807,0.042181458549124765,0.02454052703705237,0.20259401716770714,0.03481892311968179,0.18007199653836398,0.12366785686126608,0.0755380150011303,0.05547059614012426,0.16957009288626126,4,False
136,0.09806295290598337,0.04228857826486879,0.033148337639658076,0.1978625817334467,0.0496730686189714,0.1638569374319238,0.13393037466570099,0.061801904576372184,0.05730276446851263,0.16207249969456214,4,False
137,0.09526729670073457,0.05283932852068101,0.02508597932400443,0.21264951438937518,0.0307911585654179,0.1716975273675873,0.14798371928006213,0.06058848806833969,0.04968873821364147,0.15340824957015628,4,False
138,0.08950431895390866,0.03776903930699825,0.04168565593456098,0.20926515385286118,0.047735729453029487,0.15753229422685489,0.14904499544244357,0.05861693048499651,0.0566463991246412,0.15219948321970522,4,False
139,0.10561808996129167,0.03647842023578353,0.05387826716144052,0.2095241952003813,0.024233461629088356,0.18238447692208476,0.13409112359085748,0.04801008265809629,0.037929706271498255,0.167852176369478,4,False
140,0.09909488725914961,0.03153493284411747,0.027547919667426965,0.22243283558812113,0.059670765303499816,0.16192867832907423,0.14301290029640085,0.054522056532110806,0.04437001949933528,0.15588500468076377,4,False
141,0.10426761480448907,0.03743749248655541,0.037994161666281515,0.22406724148747542,0.02935277080930777,0.1704003302410744,0.13907157750315652,0.06092946941240515,0.03855353745560337,0.1579258041336514,4,False
142,0.10138487504734638,0.04048568282429077,0.043439890980638295,0.21724059591272168,0.031169745410823055,0.16055598561530332,0.14154647537261222,0.045790986540857094,0.05865839552361341,0.15972736677179372,4,False
143,0.09344046266852293,0.043341389522613336,0.06727150029159637,0.22727603374457675,0.015158482157591654,0.174931705876626,0.15411820872480808,0.032798133998740625,0.030052524885040753,0.1616115581298834,1,False
144,0.101748241609972,0.03788416096160862,0.03824114635371459,0.2007576231298988,0.053340726688019265,0.16584320680714001,0.12759242672233276,0.06934765545782436,0.05620390118359227,0.14904091108589726,4,False
145,0.10284486265874877,0.05291816345100564,0.05525004750190619,0.20834686863433355,0.02688767381782725,0.1677370901391058,0.15058635244927743,0.046758592807295746,0.03659268519260866,0.15207766334789097,4,False
146,0.08695532435593431,0.05150291745680558,0.03131271081931741,0.2366009638324176,0.02144860281601975,0.17526913477959497,0.13973283200715952,0.06496899526965243,0.04603095477331712,0.1461775638897814,4,False
147,0.10111830977269932,0.038479037749820436,0.035142652470665406,0.2099670259321981,0.040299609858542765,0.16266054557473136,0.16342789100391777,0.04651075848613405,0.047784687203090884,0.1546094819482,4,False
148,0.09062416544083517,0.030001128180415275,0.05326675950759071,0.21959474711383573,0.029488625099490184,0.19252782325206136,0.15439762131291815,0.03848395748521916,0.05511998600349361,0.1364951866041407,4,False
149,0.09292769808752696,0.04047585266984791,0.036883443121737726,0.21443663976836544,0.03881495864568235,0.1788454625397712,0.13939113869597472,0.05629698108909048,0.054280429434562356,0.14764739594744086,4,False
150,0.09133556847192964,0.027498893649305203,0.047186657026031954,0.22690937848938927,0.03356416923313088,0.1823377611603794,0.12701964406404676,0.06627987023053979,0.04690778531247558,0.1509602723627715,4,False
151,0.08586408561846923,0.05641777343496072,0.020997568655550043,0.21042543144826353,0.035422957562470034,0.16812307665541137,0.1455222658752496,0.05478597191033326,0.0605101117782912,0.16193075706100107,4,False
152,0.077310701204632,0.03567597511635905,0.039542768869744095,0.22057975317094464,0.03648265999408498,0.17878741439197285,0.1425115245327,0.07331181129343835,0.039479681272476586,0.15631771015364745,4,False
153,0.09957550969182376,0.040245609020282014,0.01908503037047564,0.23240854221225404,0.029683673412014586,0.19340378729205093,0.14239119120737856,0.04970534524005741,0.026638226679080865,0.16686308487458223,4,False
154,0.11510887370302682,0.039058704726743644,0.036404028332162205,0.2124376637836212,0.00983657457660432,0.17222761125089442,0.1695231161977605,0.03337384713426379,0.039752664478498824,0.1722769158164243,1,False
155,0.10937936076671358,0.037938258969660375,0.030310965565849116,0.19769456985622186,0.031685270353588396,0.18243157766107979,0.13880082615580358,0.05550277760182293,0.05625722049851312,0.15999917257074722,4,False
156,0.08820924636203704,0.028111398360907945,0.0410577013304187,0.2129840449419382,0.056952350036128974,0.18157926925197299,0.1289401152396396,0.05395305077670188,0.04672299462484755,0.16148982907540707,4,False
157,0.09790706609287395,0.028099187007404932,0.03822896791346902,0.21589414815920271,0.04801269389602245,0.1753806868908365,0.13100317763024683,0.06221259012847447,0.059848222176817276,0.14341326010465183,4,False
158,0.10376577372835444,0.028513259510398313,0.04189786499230717,0.21130376244544308,0.01727520814639936,0.18833543677017178,0.14067340332754039,0.054600315847630025,0.05055906512102817,0.1630759101107274,4,False
159,0.10204119842138651,0.036676756765188154,0.06279614380429768,0.20613992099627929,0.036876413970190265,0.17797006486856543,0.14224095840422937,0.045533927751307185,0.03857092717776454,0.15115368784079145,4,False
160,0.11461781216291031,0.024445466816573884,0.034711474214862724,0.21143288602911614,0.03282021507826272,0.17376657695157405,0.152622091255379,0.03936293396255626,0.046044884565479595,0.1701756589632854,4,False
161,0.09770415368873737,0.04729434086354896,0.014177344956100124,0.21105337969161092,0.046427099578478244,0.16307031636042382,0.13619760357635796,0.06932302189011319,0.056761323583851046,0.15799141581077836,4,False
162,0.09603352388528019,0.022218156726637413,0.038950943812689535,0.20778884322306476,0.04034016489674795,0.16344920167748972,0.16629824316036815,0.059213401481205005,0.03671381167912659,0.1689937094573905,4,False
163,0.0971099822652967,0.028276807492912875,0.046301970324370716,0.21232494701414728,0.048252547327366425,0.18323529052125942,0.12468227839696933,0.04595133137941793,0.062205592237317864,0.15165925304094158,4,False
164,0.09646288775213831,0.05636845642539976,0.04284723135127166,0.20868129814276423,0.03252156455472012,0.1628106900610388,0.1321641877942144,0.06319552239471946,0.054425049068979665,0.15052311245475375,4,False
165,0.08474831942396227,0.04788805752987528,0.03619576513418399,0.2107986751367573,0.05122261505301722,0.18021463200329618,0.1438397080459246,0.04575715841666874,0.05176113216615933,0.14757393709015504,4,False
166,0.10493088422696034,0.04801146359677986,0.029284982770998006,0.21488398880049298,0.040825706927291275,0.17112240383901134,0.14071423233347044,0.05541715482708131,0.04140432028498514,0.15340486239292941,4,False
167,0.09743895275478615,0.04202451292799778,0.03835961652509208,0.22823902501013207,0.023647458114404923,0.1848664704646262,0.12173044439405917,0.054218462991843235,0.04835960084328076,0.1611154559737776,4,False
168,0.08977740365701513,0.0419976296245064,0.040974507772283945,0.19783101627517505,0.0416877585661365,0.1884354383857857,0.13316490917546364,0.06102662401636236,0.048733250554415485,0.15637146197285579,4,False
169,0.08696968180308001,0.04155797761790736,0.035895697375009014,0.2110304463064527,0.05052350872815192,0.1875726024580321,0.135540040935124,0.05241631640369749,0.058342977458445376,0.1401507509141,84,False
170,0.10580307432618383,0.03932887533146349,0.01975479032878393,0.23111763010887795,0.01514783728762317,0.1819124254295716,0.14130305495249834,0.044113059164753915,0.05353495491416951,0.16798429815607432,4,False
171,0.09899977821655384,0.03845149933046522,0.02484795968664276,0.21841126346648213,0.039540386329304816,0.182318890716899,0.14322793584722104,0.062337279610375836,0.03227048936480678,0.15959451743124858,4,False
172,0.09902004838288105,0.052565682968008155,0.04791163869217829,0.20983539032092555,0.03986763224268543,0.1972215043384954,0.12781149716691942,0.05124477213823406,0.026060046431723046,0.14846178731794965,4,False
173,0.09386629443411032,0.03522535799353647,0.04137852516802466,0.22174855474619673,0.034977524613362246,0.19053384432839224,0.1258755966323209,0.06210051230078089,0.04709334406105154,0.14720044572222407,4,False
174,0.11133515958406132,0.04069101710352536,0.036512957505674425,0.2176670425332144,0.0367660737601874,0.16220008686931334,0.13757270518243997,0.0560554719620512,0.03464710109583876,0.1665523844036939,4,False
175,0.09442671472250039,0.04638849818135691,0.04019146137091688,0.23214533001966545,0.03492996161249216,0.16900849766202977,0.12721144071437285,0.0717701358632728,0.03762657316249396,0.1463013866908988,4,False
176,0.12010322915082916,0.03054627272196628,0.04818997205534201,0.23329644382670833,0.01118089011245987,0.16552441095702639,0.17292181678625718,0.024375318443069827,0.03261662099624353,0.16124502495009746,0,False
177,0.08709236745987599,0.023462484824657737,0.037929336926308115,0.21573279020143063,0.03929315544679426,0.1959494136826385,0.14844923573810553,0.05171182145495645,0.04544442332590119,0.15493497093933167,4,False
178,0.08082019223246881,0.033346537130547346,0.025362080125525002,0.22738446079067248,0.0381106979394406,0.17487457856277902,0.14471773190800305,0.06190504134372232,0.045027857248875584,0.1684508227179659,4,False
179,0.05867569508252803,0.04877280662983369,0.051961892294189245,0.2132551064564289,0.04879833943844413,0.18161276215764827,0.1388173548866875,0.08026423801006634,0.02614977093353579,0.15169203411063814,4,True
180,0.07955886643060275,0.039513879040817906,0.029071213850899766,0.20024150441621535,0.04670991551489169,0.18042382957194986,0.1424200361561954,0.07079771585548975,0.04496775058434645,0.16629528857859102,55,False
181,0.10245512103319056,0.030957962269711946,0.02544294081786914,0.2246305148409222,0.05755715289356498,0.16318073878567388,0.12863207889276723,0.07589741785431504,0.034139691072377486,0.15710638153960743,4,False
182,0.08328661888121583,0.045250321451829986,0.04943720912553741,0.2030649908482737,0.03168784507104537,0.16506511464054696,0.14903270053762296,0.06700997562630029,0.05867354743292565,0.14749167638470173,4,False
183,0.1082384708975621,0.03567412223127697,0.038523967090484626,0.2040152249105779,0.04603577546882839,0.16593490707246406,0.1412592408519528,0.05082821494321437,0.05195590128850103,0.15753417524513774,4,False
184,0.11557217634189254,0.03893115071639751,0.043066777476728865,0.20161099348672015,0.06085957968675978,0.18501099389424608,0.13183942448571348,0.023003741537821778,0.05452429637899393,0.14558086599472586,84,False
185,0.07560739785669013,0.057183917748297064,0.04781752496940771,0.20650407340809065,0.055966355389292614,0.1748055654566657,0.12259394210688351,0.051522993949295104,0.07174601346368621,0.13625221565169116,84,True
186,0.09544410604999365,0.0464755451411453,0.034320076566129704,0.20736941120465854,0.038065279341753876,0.1797806150577812,0.13291557574013826,0.07003268493190169,0.04178604014813112,0.15381066581836655,4,False
