ID,strat_res0,strat_res1,strat_res2,strat_res3,strat_res4,strat_res5,strat_res6,strat_res7,strat_res8,strat_res9,ancestor,alive_at_end
0,0.15420183053811137,0.1021547109255012,0.1161145618650531,0.17545312575477925,0.042247407590283524,0.07267861494660245,0.14712377044923486,0.03789971354756676,0.03688525082316639,0.11524101355970122,0,False
1,0.15060227721421143,0.11127592214135114,0.11792715103917598,0.17137580167490446,0.05175386053639055,0.06774748881177778,0.15165153718247387,0.04203239828879516,0.038030325543777506,0.09760323756714201,0,False
2,0.15654737675507888,0.11167628723117239,0.11355083921757196,0.18125091683907152,0.04494448583455597,0.06429816491213614,0.15323068297671105,0.028497457802538383,0.030461164725174555,0.11554262370598917,1,False
3,0.1691747219020216,0.09704703522437834,0.12615300928094356,0.19837331577616524,0.06098323474480143,0.06195897696235181,0.15301884489307166,0.01527059963575308,0.019170609973327278,0.09884965160718603,2,False
4,0.15819832311403714,0.08676835681685903,0.11908214552856591,0.18687416854847463,0.049669471001442624,0.057969202181313205,0.14913938848344607,0.03209050823104485,0.041461328157390454,0.11874710793742599,0,False
5,0.15777628833705296,0.10072073282479363,0.12268890047062765,0.18453584997933845,0.05443509587025558,0.07338780474677883,0.13486111334668552,0.04058025399271705,0.03364362490725875,0.09737033552449163,2,False
6,0.1782906919010954,0.09087287532810248,0.14291023386410925,0.18105961899793005,0.058794005182278536,0.06147029168287943,0.1447856970950459,0.0,0.030476306350741094,0.1113402795978177,3,False
7,0.16547273486370662,0.09598014729326698,0.11521534932752647,0.17720181078208141,0.0687958509908239,0.06932732581549761,0.1581974583159301,0.03329973408828385,0.030343603416252866,0.08616598510663027,5,False
8,0.13655738893249417,0.10548507085156877,0.12212919226359378,0.1603474067738641,0.04180763626148302,0.08486665396479225,0.14518154721020612,0.052535234003593424,0.052156831529872175,0.098933038208532,1,False
9,0.16169132175350073,0.10323695656624482,0.11728309336788985,0.19336820014786987,0.03985647922212506,0.06750880365665204,0.13969486961431068,0.043910862343591615,0.03852460710884998,0.09492480621896526,5,False
10,0.1562432945961799,0.10272174527672759,0.13169344615019005,0.18096645997690286,0.040821178645032194,0.07504278199677247,0.1266574593898055,0.05711791658315583,0.03476204579135542,0.09397367159387818,9,False
11,0.15633249896411153,0.10727805314899232,0.12463080317592941,0.16482290652818593,0.0476433567731125,0.062348181237137264,0.15140335737354033,0.03524238779700524,0.05723335599208663,0.09306509900989884,1,False
12,0.15246926263206192,0.11303465737789734,0.11098935125691979,0.18778898150089388,0.05502566580277161,0.07209788804694314,0.147208903664563,0.0459276001615515,0.01954107622629594,0.09591661333010192,1,False
13,0.15685746091102754,0.08363487177765187,0.12865550114811175,0.2129365039527334,0.07453016129443162,0.0806345019078585,0.15935479780644085,0.0019857549632953495,0.008447510081935162,0.09296293615651402,3,False
14,0.15902476312611702,0.12374547504332123,0.12657254144992658,0.18385689084933513,0.024895702771077628,0.0665512946124009,0.13284959931589382,0.059090972775931026,0.027834924744214666,0.09557783531178199,10,False
15,0.15452794746692852,0.09956259482464022,0.119402759744324,0.18693409692296642,0.03792342511725561,0.0848555700972562,0.13591184994180447,0.036242892458527215,0.030571862861895203,0.11406700056440207,0,False
16,0.15671340943447593,0.09829556996301236,0.1132329032606391,0.16735888112420036,0.07969780478574306,0.06987157566854693,0.15910134514242363,0.031246869208908495,0.037251031596221895,0.0872306098158283,7,False
17,0.1436872625842056,0.09655307402531876,0.12592609617214826,0.19624287294488427,0.05936588958792165,0.07212701512617894,0.13595785454498754,0.031846692321487235,0.047479290462638955,0.09081395223022883,5,False
18,0.14826054635185018,0.1017282387242834,0.12320354210367833,0.172424033028889,0.06364370896105037,0.0765991389494664,0.1621959377243652,0.027435016808300336,0.04001923820144694,0.08449059914666997,7,False
19,0.16260287667326292,0.08922161503724044,0.11986077435570329,0.19846917037574355,0.06123424872200594,0.06409722725976781,0.15313511033306665,0.020887735776935607,0.02955951317302606,0.10093172829324766,3,False
20,0.13531746874556233,0.1129948351735485,0.12426599191278613,0.17397345424390293,0.0486210558981248,0.06209283774518824,0.1594843173889606,0.043075630258767206,0.043606597073100196,0.09656781156005911,2,False
21,0.15186180331965274,0.10948485452655858,0.11501270881910422,0.173971664213507,0.0452458346599815,0.07586329923409572,0.16543351359816996,0.040329187893767535,0.022768712429727327,0.10002842130543545,1,False
22,0.1760743105345334,0.08542487106645635,0.12104412947193216,0.1952457100581094,0.06770828686057813,0.05892783705515671,0.15696824208975202,0.0008513626847889735,0.0332632678227998,0.10449198235589317,3,False
23,0.1484211117485334,0.100842921707592,0.12605016820778317,0.17175753665693227,0.04593791658737207,0.07620410569853107,0.16516220948047977,0.03123020846404888,0.035650287421495536,0.09874353402723178,1,False
24,0.18181347340657708,0.0989215815129383,0.14689379905139038,0.18309308981715067,0.07405452062223522,0.06294391339290005,0.12397128047414335,0.011280159271573276,0.021338410134057104,0.0956897723170345,6,False
25,0.15947896196349512,0.10034050243596411,0.11578853943396834,0.18451660193546388,0.04294940689594098,0.07587198080616156,0.1364012943732529,0.036264666579304716,0.04023307014941867,0.1081549754270298,0,False
26,0.14746673118588705,0.08311065588803936,0.11192526376578033,0.18891086664163445,0.04465352665075259,0.05315095436708017,0.13691406041692147,0.0455698249700303,0.05763553538307787,0.13066258073079637,4,False
27,0.1584336870510664,0.13576728978890268,0.12209411936835123,0.187217663206855,0.02153039540409763,0.04957576224269707,0.14334559376878642,0.046321848888929554,0.040199112210065446,0.09551452807024854,14,False
28,0.1563047427052802,0.113351841695161,0.1148584457550634,0.18453902316815216,0.04780337086791439,0.07575503960834924,0.14184445916179017,0.03585343721403215,0.02011404704504228,0.10957559277921511,0,False
29,0.15662472775963443,0.10250575122678256,0.12680344024133078,0.19083408502926677,0.039540696023855175,0.05375623073956874,0.15185058016913378,0.03754385372863922,0.03201256081685121,0.10852807426493735,2,False
30,0.14279862075610772,0.1017975940351147,0.10775722407103251,0.17381085992950562,0.05414202331212299,0.07738173766096514,0.134520892021492,0.06283359717274527,0.030257301609814047,0.11470014943109996,5,False
31,0.1469590199155316,0.0811531636346462,0.1173237677049989,0.18867094286442354,0.053847491780594794,0.05620403797923129,0.15321957886154355,0.03879761777357874,0.032310854841696726,0.13151352464375465,4,False
32,0.154056408939409,0.10473845311129795,0.11103820866405312,0.17269587517851193,0.04940597586386534,0.08763478689882995,0.13686262561534346,0.03610890326309107,0.020006156915781306,0.12745260554981674,0,False
33,0.15735948031602223,0.09339837757724631,0.10801748112929664,0.19829555839668062,0.0810445809821034,0.06010517974875524,0.16282034213316976,0.020610932762820243,0.025548255262191573,0.09279981169171383,3,False
34,0.12795694954086914,0.10238536631713022,0.1276515134606369,0.1460143822993728,0.04406723025091739,0.09016389110907129,0.1477987904326501,0.04746451914962276,0.06121678722539087,0.1052805702143385,8,False
35,0.15226284053424216,0.08670650412015243,0.12111546934474388,0.18126442712664345,0.05386770996724858,0.0716962085311114,0.14520191611696395,0.05099626050813124,0.0244835481334424,0.11240511561732054,5,False
36,0.15955549266108449,0.10086708180761031,0.12873325510462916,0.18122413658593906,0.05216414882648857,0.07248088189183913,0.1296216624297371,0.029377507293715896,0.03691828068256646,0.10905755271638984,5,False
37,0.1450097672435041,0.10344910161125002,0.11042564573485038,0.17025024010128165,0.04057486795275188,0.07462564704055981,0.16987855880712213,0.03926667239326919,0.044618857396598245,0.10190064171881272,1,False
38,0.134151132180722,0.13390822384536433,0.12338144810161926,0.17579508866753518,0.04765805461747821,0.05993922560521029,0.1392602665690522,0.05028795105426904,0.03488780602663372,0.10073080333211568,1,False
39,0.15380768028414013,0.10943314455587128,0.10183771495874465,0.18296001454205743,0.026876309236435643,0.06142006682761709,0.18598535583971681,0.026911207572915756,0.031654557783297746,0.11911394839920343,2,False
40,0.15538005200014332,0.13147651162142004,0.1101486030830143,0.1916741407331325,0.04018964344421524,0.0598944802992969,0.1448717312084283,0.031606564121466944,0.022577077441992357,0.1121811960468899,2,False
41,0.16815885801385425,0.09396263385214854,0.1273084005953317,0.19480513875163136,0.037569051469668525,0.05179971583029736,0.1488313629524291,0.02678033223861832,0.028237593363574134,0.1225469129324467,4,False
42,0.15797842050805427,0.1019213599820313,0.10791662369151213,0.20025696327838913,0.0583863944892099,0.07827120346464207,0.12821691066927082,0.03258846672231852,0.023430718609088276,0.11103293858548345,5,False
43,0.1539589890299039,0.08335182422336668,0.11408066466410659,0.18800200143257198,0.05410127579637394,0.05059986494348822,0.16412845869507275,0.02980749531809594,0.0367259620105127,0.12524346388650723,4,False
44,0.13254677131523657,0.08650016386180796,0.11994751191624708,0.1936350681083337,0.05101533410606708,0.05595528034062262,0.1559965023730105,0.036676703198147316,0.05961644156683969,0.10811022321368738,4,False
45,0.1589597430161724,0.11768483420641505,0.11947920055824908,0.17176769484656462,0.05101493720031023,0.06791987110699915,0.14041830728801327,0.04753318643177409,0.022831750151911256,0.10239047519359075,1,False
46,0.16277299156016153,0.08890690684115675,0.125998733898808,0.19206710742120564,0.04972317734569158,0.05852126654484486,0.15646201408474258,0.018206116367282945,0.040890564983060554,0.10645112095304557,4,False
47,0.1417642289127873,0.10006321379661316,0.12215773358135823,0.16985282559244777,0.03677951484869502,0.08701757388971447,0.15568917514890074,0.04857161874533122,0.040861600569326716,0.0972425149148254,0,False
48,0.16133841823260478,0.11057467004739001,0.11552264560012217,0.19331926430602817,0.03919579392669875,0.0670528903591281,0.12837027272161727,0.043006630296870955,0.04186964485716109,0.09974976965237861,9,False
49,0.16215223439617657,0.10247330876166857,0.11313243315649067,0.19520690088141218,0.03753858422811396,0.07309434426649426,0.1396753423257308,0.059020095265225385,0.033156476252782285,0.08455028046590508,9,False
50,0.129388493334915,0.10228422494836964,0.1136225010164535,0.1660895330512819,0.035381441925821176,0.09575088047819903,0.14152950458922944,0.06651999172422861,0.05385588220180136,0.09557754672970036,8,False
51,0.1544056935960837,0.10709832766302357,0.12586455578348163,0.15658135808404408,0.03953789002519528,0.06336332369215554,0.157345938299754,0.05740070264153539,0.05189191360355959,0.08651029661116728,1,False
52,0.15665421673974264,0.11016739763078634,0.11894337176695675,0.19960780660963265,0.0459777494161593,0.0809955647724734,0.14562492172717156,0.020746942831018446,0.029500921657342687,0.0917811068487163,1,False
53,0.16747622873603563,0.11600122101652206,0.1155106180171062,0.17739711082964432,0.01683174356671585,0.06636285987542896,0.16289521085163042,0.0046824805820354885,0.03239849376911809,0.14044403275576306,2,False
54,0.16155290826912172,0.08584432417457578,0.11354933287741992,0.17261342422210832,0.04318535605834032,0.044987771516438436,0.15350813426440374,0.057746623415171894,0.05238852017198572,0.11462360503043406,1,False
55,0.16309343921786668,0.10722612916455487,0.13718136915348064,0.19847875485537458,0.07089634750783241,0.04905324314509108,0.1379880023299984,0.0,0.03236534133542047,0.10371737329038085,3,False
56,0.1330976407899503,0.10187133281828836,0.11981537271725946,0.1714794885429255,0.05512251389454365,0.08089486691044356,0.1330642194593885,0.05981966852167829,0.059777963620095416,0.08505693272542701,8,True
57,0.14836051410474574,0.09475657822459752,0.12547746865402565,0.19275515421332273,0.05099717902970783,0.05044628361415258,0.15032170716127016,0.02597022742110788,0.037233697633469454,0.1236811899436007,4,False
58,0.14386409545883044,0.09532121875271858,0.10762524166831529,0.18008217353903913,0.04049276372484579,0.0797580529437497,0.13984951969383533,0.048555906391402504,0.04451915267834512,0.11993187514891816,4,False
59,0.1482175997998602,0.0937130926436666,0.11826495750632154,0.18122061533532138,0.045253423765114625,0.07315614106348964,0.1475030410699518,0.03114541188719634,0.044792358397038365,0.11673335853203964,2,False
60,0.12949675412136033,0.10692119549863113,0.1247711884850882,0.14958606637921537,0.04505540673228928,0.08392316412325428,0.14264147798495985,0.05174632407287024,0.05779674383022711,0.10806167877210408,8,False
61,0.15976394937025576,0.10780587056129598,0.10953925699564504,0.17139356842090112,0.06545792774428008,0.07021623245554352,0.15842790939507514,0.05182297657041037,0.021649899236131854,0.08392240925046113,1,False
62,0.1648036699257964,0.11713936091455528,0.11231738061440776,0.1756854153797898,0.037962979729255844,0.0557871573965596,0.15118326939018306,0.03425059609286585,0.059526721311650176,0.09134344924493616,1,False
63,0.14131314258294306,0.10401357381537409,0.12395352347534752,0.18257429164537364,0.05003460743257206,0.06131951616023632,0.1478602944029468,0.05015437661310961,0.03498072502736639,0.10379594884473028,1,False
64,0.1636663106234255,0.11340309567988684,0.12340253114841136,0.191887633629482,0.03506774321859924,0.06640918869754808,0.12729674190430917,0.03499435980216481,0.028117416927056892,0.11575497836911608,5,False
65,0.14241285484823765,0.09444250121478832,0.12084971640990962,0.17054180792512852,0.04541057094663729,0.07018276494507855,0.15041566348958235,0.05684522341840937,0.060923269750583674,0.08797562705164459,8,True
66,0.1665685522186172,0.08723406977418562,0.10537080674795384,0.20174538105134923,0.05783430822918608,0.0815869933268977,0.15980954266812167,0.02643141669856362,0.03012590347919272,0.0832930258059324,7,False
67,0.15756094772973755,0.08468529229825103,0.12212093732651338,0.19590419101593903,0.04284354094137415,0.04280381222947604,0.15134102287591353,0.032023168855631085,0.05714987717707407,0.11356720955009005,4,False
68,0.1815219309379707,0.09674226318271104,0.10963844780689097,0.20170081548307342,0.07400340976010446,0.05830131509106997,0.14358244132592188,0.03194423163396352,0.026218400464916445,0.07634674431337754,7,False
69,0.16676568504694603,0.10620424427018124,0.10694394861587284,0.1785857871375589,0.052012926372903924,0.08326842146401618,0.1465811096009337,0.023115421821656403,0.02481881381916766,0.111703641850763,0,False
70,0.15598621651314842,0.10175285001817366,0.112419886436198,0.1749003534981435,0.042687440202958275,0.07023790265467225,0.15127456287070673,0.033261702116639466,0.0259134217005077,0.13156566398885206,2,False
71,0.12819143719139584,0.10930049417250644,0.12805287748283437,0.1509920682337599,0.04499359980951797,0.0808754879299832,0.13455135899898937,0.047969241958493565,0.06588198638580628,0.10919144783671302,8,False
72,0.17225938041605454,0.09151886518364383,0.1141837974726232,0.19256353405597065,0.05976853779594127,0.04446642489961798,0.15031956667973162,0.021940642611092926,0.0312918024693949,0.12168744841592917,4,False
73,0.13209795451301143,0.10240123376482031,0.10979536729750242,0.1659805721076393,0.03589324890509543,0.0716628927664315,0.15718939782345376,0.05689103455895564,0.0567567048087174,0.11133159345437282,8,False
74,0.14765694577614832,0.09587440631023476,0.11960596019742614,0.1815021270532345,0.042857093008576694,0.08058751230735316,0.13750378882264697,0.060946407561405194,0.02227294829602764,0.11119281066694654,5,False
75,0.1316787256672755,0.10409538266469559,0.12751576486476038,0.1475951714394423,0.054330393003216446,0.08087275893646136,0.1406912357046481,0.06362656579087583,0.056503368089162884,0.09309063383946156,8,True
76,0.12940743307449362,0.1005921785669405,0.11319261300885099,0.15610489253631377,0.04713340851599995,0.09484404215633137,0.136256879999318,0.06054276780872591,0.056904692202509224,0.10502109213051676,8,True
77,0.1443943651258194,0.1135253286267141,0.12222652121163038,0.1551799807222387,0.04905019938237892,0.08555563369367608,0.13679813786446746,0.06462713931831983,0.0366817385323737,0.09196095552238136,8,False
78,0.14384796907067326,0.10451184646811755,0.10563068660973539,0.17800767868440553,0.060721341219574614,0.050674848234260064,0.16931695036790453,0.052193260954276684,0.04089346824925493,0.09420195014179736,1,False
79,0.14185057840999876,0.1003459326245825,0.12799788616797728,0.1578169349665202,0.030610176803454795,0.09005853038668028,0.13915194281831522,0.06517707163153022,0.04592383018424829,0.10106711600669235,8,False
80,0.13805106892468685,0.12163221728122561,0.11856663082932015,0.16219999415581582,0.038193046420583264,0.07570225995796734,0.1605462149175194,0.03642225908810569,0.04833923810117647,0.10034707032359938,8,False
81,0.16072481999269234,0.09244019700363386,0.1234913027497681,0.1762559400054425,0.05728041472810136,0.05030408946608871,0.1399672860659311,0.019785341107816413,0.04633208473841396,0.13341852414211167,4,False
82,0.13774720876664298,0.11171433360055459,0.1267013303450806,0.15611118306275185,0.03516655748846389,0.0765034264758024,0.1491470119989948,0.06041718006666248,0.043937927764269,0.1025538404307773,8,False
83,0.1413004693678291,0.11828008285948738,0.1233318713178348,0.18765050067058847,0.05042943830002433,0.07044794584365524,0.15691089236919412,0.04415010154307032,0.030315462968914398,0.07718323475940175,1,False
84,0.12922234034306432,0.10921630917246594,0.11628591988629873,0.18547173362743546,0.04896022041684272,0.07735568819106195,0.13091261150020178,0.059165028644575,0.048860615249888,0.09454953296816614,8,False
85,0.1423595515372776,0.11382252985514077,0.1076742311896151,0.1813753228639024,0.05613383688428462,0.057231083226511804,0.16253868110622355,0.04140949961285271,0.03925702028257262,0.09819824344161891,1,False
86,0.14565009047665523,0.10400646028732656,0.11876972966184983,0.1608302950600508,0.05886559745603329,0.08062168607636963,0.15204407616144305,0.057385889963721966,0.04033230091373494,0.08149387394281467,8,False
87,0.13758876431187428,0.10604696089341085,0.12660310249357276,0.14263943782347335,0.050859165544970414,0.08705563971688504,0.14171332364398073,0.054556510888954086,0.05695818844742081,0.09597890623545759,8,False
88,0.1433717306307836,0.0998779387857729,0.10621561397551957,0.16188326731960875,0.045500383096308016,0.08979683750835536,0.14449076795000415,0.0702461913533928,0.042450428158689144,0.09616684122156573,8,False
89,0.1331431044831148,0.10038580835500265,0.13848544955582445,0.15673002162805602,0.04088651646408709,0.08651679856218081,0.1488590340218952,0.029789155059505766,0.0591573147031191,0.10604679716721399,8,False
90,0.14102070849720658,0.12225019000710115,0.09652646337410628,0.16991772822717802,0.06601783652063309,0.0717477692003318,0.16135595690340823,0.02342596129727059,0.04614711677332683,0.10159026919943737,1,False
91,0.16468275509080474,0.11372996049114026,0.11921379801672354,0.192584747411049,0.03955883801604072,0.07894675595979234,0.13613113580238964,0.043072706429542265,0.02165496717365106,0.0904243356088664,5,False
92,0.1735478473211421,0.11056959563032097,0.11403430617861611,0.17519863060434224,0.028134272588099866,0.08489833288989991,0.13552929764502541,0.04616446526556309,0.03707569263952754,0.09484755923746262,5,False
93,0.16318011331769935,0.07326066170611813,0.12701104284803877,0.19517702540167645,0.057003641720964705,0.04131531030470479,0.14257401058267227,0.03958477804975388,0.039104402475142915,0.12178901359322863,4,False
94,0.14852376513764756,0.10433748379933926,0.11868323568209116,0.17176197422731665,0.03652609570300996,0.0717466510519045,0.16117609853360335,0.0422589507807359,0.05006887734544331,0.09491686773890855,1,False
95,0.13149265376962152,0.11446234547660647,0.14214193311267553,0.16999914468752547,0.04452325927717599,0.06822736769558264,0.1601423955750681,0.039237490907269926,0.027916994341075085,0.10185641515739932,8,False
96,0.1380806955434808,0.1086043433910959,0.11686349200274525,0.1629717774899226,0.05386353789320461,0.07937437229372522,0.13209621736988478,0.05175433239583527,0.0559675124017375,0.100423719218368,8,False
97,0.14463621506743815,0.10751974661612172,0.11626821723653134,0.16449993984512037,0.0432609232306796,0.0854345590071309,0.1365638163702397,0.042003561213402305,0.0309891158697542,0.12882390554358178,0,False
98,0.1300283705435295,0.09812911753880259,0.1265555011925373,0.1581726135833982,0.05238435441047838,0.09393798659633981,0.1391149619291539,0.038995934848032994,0.050033192714872006,0.11264796664285545,8,False
99,0.14567917620502083,0.10050917407997946,0.10658713725481235,0.16042960623859803,0.04741809763948715,0.09729057251145266,0.14707582106639294,0.05097022804038746,0.04125749912613726,0.10278268783773166,8,False
100,0.13856677615735757,0.10438264340017739,0.11285492311869876,0.157485853623541,0.053194517680096295,0.08115662292134009,0.13992832280073395,0.04704277286092532,0.06552309618099739,0.09986447125613229,8,True
101,0.1398475905618553,0.09897995579646389,0.11998419162670101,0.16760489648587873,0.036012725513056794,0.08966186426318812,0.14599532983765037,0.06167441298720198,0.04848324524178247,0.09175578768622154,8,False
102,0.14423792767198937,0.1284182013470976,0.12224779236268656,0.17518175989781845,0.05017342254636581,0.05048770240103758,0.1419158622125884,0.034308605350372195,0.05645665551346475,0.0965720706965793,1,False
103,0.1467306203140391,0.10199714920394264,0.13918799500630294,0.15185352615068287,0.03976836264256056,0.07709651252636435,0.15782546659382216,0.05327308624782373,0.04051045565396801,0.09175682566049358,1,False
104,0.15889828205016213,0.10506405440124279,0.12145644479797378,0.19714750392224079,0.06190496254802321,0.08352112857017463,0.10835700873950793,0.032687607491382456,0.04056790715835791,0.09039510032093431,5,False
105,0.1367679280984686,0.10314665642548294,0.11597380634400382,0.14957044258317598,0.04810253696778774,0.08423700925235768,0.134447729402722,0.06974027479819878,0.052695733296515605,0.10531788283128692,8,True
106,0.1321859475685071,0.10741425270712639,0.13367413673570702,0.15980621802406544,0.05106690205908114,0.08955168052183525,0.14030345101632902,0.06945917900500509,0.034244011735796845,0.08229422062654669,8,False
107,0.12932967614401245,0.10836573000499146,0.12077392071275493,0.1781730439521544,0.023952588553507737,0.08225436521667699,0.15987769144584946,0.06049917526106304,0.04468183236152854,0.09209197634746112,8,False
108,0.15686507517698325,0.10938399513285499,0.13240447210077388,0.16562840336519583,0.04213035635242934,0.08176583917419217,0.14339259495096912,0.04137375440358915,0.03216183955584329,0.09489366978716886,1,False
109,0.12551160952305354,0.12025086302306758,0.12454914033230637,0.15977981958810636,0.04168326841700062,0.08679357191150508,0.14870427458172672,0.041984572386793734,0.05659550477152282,0.09414737546491718,8,False
110,0.12783599128369305,0.11453159190260014,0.11820793714920562,0.16203069753384042,0.02840446785244434,0.09461128454113692,0.15627462079284327,0.04073754118912948,0.06437389748855726,0.09299197026654962,8,False
111,0.16171239529797252,0.10306305390719209,0.127354420382067,0.18051595436029363,0.0516941716643126,0.07644946203315012,0.13563571799659874,0.03854742572375198,0.02013755339784794,0.10488984523681334,5,False
112,0.14313845206195255,0.10091242005174345,0.12084961326276573,0.17871646790901427,0.04344939979615432,0.0834542828237741,0.14337382297133244,0.050955277180953246,0.03348031644908216,0.1016699474932277,8,False
113,0.1215831339362,0.1081270623355518,0.11089873322023192,0.17211049423835828,0.035291410567380374,0.09043042350802136,0.14538667398871927,0.059939579270309504,0.046702608430767276,0.10952988050446032,8,False
114,0.1764519864267262,0.10733840407053633,0.12409476155812713,0.16303282582230574,0.040000866231593324,0.07540620183916853,0.13454829980599933,0.032964134125681874,0.04916308687615073,0.09699943324371069,11,False
115,0.15644036802830605,0.08570203518496972,0.11584686165793788,0.1818907921446866,0.03420821944533153,0.04627121574659469,0.15472984001348428,0.03360472108925141,0.0598918480582832,0.13141409863115464,4,False
116,0.12874257160734792,0.11111622802240276,0.12006643984960172,0.17229839513521183,0.03403800226678627,0.08162616884156423,0.1362084992065493,0.04957360324972593,0.05797938580871844,0.10835070601209157,8,False
117,0.13120707182349467,0.09606217465118388,0.1197844525373534,0.16545377066355144,0.03785793446692423,0.08431593294819252,0.15432305092349122,0.04763796741316999,0.06385773142237475,0.09949991315026387,8,False
118,0.1561873515054273,0.09811407203956159,0.11180904033921893,0.1852757617566548,0.03539368619533556,0.08006868782580968,0.1383144242470494,0.035928674647118894,0.031219917425638236,0.12768838401818552,0,False
119,0.15646257397718535,0.11470997089633411,0.11760369003097539,0.20565060278606284,0.04580152614287335,0.07256356550552673,0.14719843083151588,0.033031363665366194,0.011936811348197922,0.09504146481596233,5,False
120,0.13623253475364405,0.11219535166247599,0.12969257446475083,0.16173309309124972,0.05069563844697944,0.06931656832524952,0.13842026240280003,0.05427753762236641,0.05555933625943255,0.09187710297105145,8,False
121,0.12876244519560023,0.10010079957416218,0.12648662912055983,0.17210652878846122,0.0395241089855157,0.09321702168562146,0.1313170534596265,0.05327764387187579,0.06588559880414095,0.08932217051443621,8,False
122,0.13190772061775938,0.10794967079396942,0.11838479928604909,0.1542314786915825,0.053735709262997026,0.07602500140381091,0.14806402278684253,0.051899285127683305,0.053013544946295676,0.10478876708301033,8,False
123,0.13445719558686692,0.10991979689663083,0.10534400123765741,0.18157320934365412,0.04820173415396441,0.08848241111900591,0.1600183651351987,0.03465542938216002,0.037441406491500635,0.099906450653361,1,False
124,0.11150370521438184,0.10229507090399123,0.1253682839915705,0.1548891653519751,0.030836167615095222,0.10108884407875351,0.1437020083364031,0.07837466827997144,0.05939494426975848,0.09254714195809957,8,False
125,0.1604499624560673,0.07938320620888362,0.12636895681470955,0.157297624596605,0.03818563427966184,0.08314295928121498,0.15460308081226262,0.05539617257056033,0.05453862457897493,0.0906337784010598,8,False
126,0.14419029303780706,0.11816822443853867,0.1047048041655093,0.194360750650733,0.04422709257132922,0.0444576674520292,0.15678266988167752,0.0616950530317819,0.03503190176807559,0.09638154300251851,1,False
127,0.14899002096566222,0.10542507740054212,0.11936240805311685,0.14907780182628777,0.046198497916738815,0.0813265121402445,0.14539848947452783,0.042289007681232935,0.06492401060008393,0.09700817394156297,8,False
128,0.16053884754996658,0.09981883719717487,0.12759239519071358,0.18712246026956925,0.053746994449869516,0.06357658486000259,0.13919471555127713,0.039703484948493926,0.03441290975386265,0.09429277022906998,5,False
129,0.14710046567611704,0.10636051069649392,0.13112171271569145,0.1776516933721008,0.05100680935396192,0.08388262966724264,0.13018702966954718,0.052634827241064705,0.03695422781205134,0.08310009379572911,10,False
130,0.128971633927897,0.08499322938398514,0.12251743475230094,0.16857935224221102,0.049634577586271995,0.08771778021594262,0.14426352308608326,0.05756823152235848,0.05015802826179555,0.10559620902115394,8,False
131,0.1379063230197118,0.09937034268887447,0.11502739963658516,0.1565024567150795,0.04259601634612202,0.10284274000136237,0.1294388360350768,0.06883907352696757,0.06016700452464296,0.08730980750557729,8,True
132,0.16473392596309538,0.10936333146154863,0.1141039497838315,0.1667318180381745,0.0348217584267014,0.0708642823095365,0.15081852211367489,0.037914464150566055,0.02497983688889751,0.12566811086397361,0,False
133,0.1263805112838539,0.10520971288275342,0.13311272328941304,0.16515620478257032,0.04720041743482162,0.09591101588816589,0.13787628326915272,0.07197832150044409,0.0318080558722597,0.08536675379656539,8,False
134,0.1451165940555918,0.10387548305568986,0.13303543479472352,0.1662901742453488,0.04551825542345182,0.0834294955398557,0.15200363483691473,0.03057354258708448,0.04618253908497311,0.09397484637636618,8,False
135,0.13938584079713584,0.11212173407167178,0.1236374013297691,0.1541962701454152,0.04256540741981661,0.09064173180637804,0.1398472506452763,0.0506962368198898,0.06618417449664225,0.08072395246800508,8,False
136,0.1595102425690867,0.09133366305254573,0.11575903918981978,0.15329399955570305,0.03456938955429569,0.08396954616499577,0.15728221051023228,0.06533256963100048,0.05097189904591569,0.08797744072640473,8,False
137,0.13661641602035915,0.112314274636754,0.13125298820463424,0.16352713548678438,0.05684344249830109,0.06034706159069054,0.1494704773759913,0.06563561839750988,0.038839004085295066,0.0851535817036803,1,False
138,0.13644056372585425,0.11663329536631563,0.11531395141127605,0.14284241668156888,0.045687046595649414,0.10220775964166194,0.12853344917417409,0.06378656932213664,0.062499242371586085,0.08605570570977705,8,True
139,0.15451193443538921,0.11960570359830254,0.10880876189055129,0.2010734465161641,0.05813549598363237,0.07261329829875009,0.13577546199771412,0.04629352347768215,0.023677195032085045,0.07950517876972896,5,False
140,0.1342804061450725,0.09639781634212798,0.12111197440886669,0.1640494474847619,0.04983741046159397,0.07881604971590432,0.137071136956744,0.060390521420502156,0.06004877996471732,0.09799645709970922,56,True
141,0.17541554687032893,0.10698669936368158,0.1282220452770354,0.17129873398709491,0.04178260196526212,0.04877309202888092,0.1580599045054234,0.04050823026764961,0.03762147650043252,0.09133166923421061,11,False
142,0.13242191605340298,0.11085540789418113,0.127605208800926,0.15852789891716587,0.04860861079660625,0.07129001291382549,0.1562157991996128,0.05382164397943206,0.057676934424576005,0.0829765670202716,8,False
143,0.14489869399406036,0.10914348877156574,0.11556551249430247,0.17121523598314975,0.03419056834141343,0.06732170458456607,0.1513157676174231,0.055398053722591836,0.05243704954141255,0.09851392494951468,8,False
144,0.14860942684365114,0.10931628105322522,0.11202683495590234,0.1525072468350266,0.04508880459110951,0.07703093852179609,0.15511502794844717,0.04595978990359178,0.048687019608399836,0.10565862973885046,8,False
145,0.1386665488278019,0.11403401871998176,0.13842110429992,0.1717941411514673,0.03985102039736225,0.07586306222612874,0.1448773564953676,0.04674146116421965,0.039017314926325715,0.09073397179142528,8,False
146,0.13808624379614126,0.10575001522182431,0.1243035635096007,0.1605108037217644,0.03395991777458224,0.08611115786217972,0.15547659641274858,0.04269542552217485,0.05357390234693233,0.09953237383205162,8,False
147,0.14145650438051216,0.11257053635305193,0.14410789263519022,0.15129241325293183,0.03230108401144084,0.0921747994217307,0.1466253250842027,0.04519421160725862,0.04177883609248705,0.09249839716119394,8,False
148,0.15511737398535724,0.10592638144127911,0.11463092409968442,0.1706575361768681,0.05540487022176648,0.06452729191538098,0.13071168942272515,0.05704988796049307,0.061020521411400325,0.08495352336504516,11,True
149,0.12202920787834855,0.11651444648163667,0.125500237946226,0.15892464987025204,0.04850854073687494,0.08353029700202685,0.14932626801438278,0.04913955439523172,0.05410273867968955,0.09242405899533081,8,False
150,0.13757742644905047,0.10423175411339272,0.11613650648151487,0.16672144624981763,0.03965244333731042,0.08094735735243287,0.14923815678926436,0.048319582042785476,0.07084629913684878,0.08632902804758244,8,False
151,0.13379703107215668,0.09134811216604999,0.10674797034671595,0.16955191146680454,0.058069826724127686,0.10955259101194509,0.13048170551886856,0.04912944110336489,0.049478343999401,0.10184306659056563,8,False
152,0.1362113981432828,0.10902304795071485,0.11393737318243652,0.1699570461710675,0.048990143330304964,0.07458790928379236,0.13554889960146493,0.051328416488076865,0.05671453724526947,0.10370122860358978,8,False
153,0.10881255562657793,0.1172768627111828,0.1351323487493058,0.15692773391694892,0.032329477005511684,0.07204171637565614,0.15423897219145477,0.059328876847908635,0.05928756191617166,0.10462389465928151,8,False
154,0.15655462988595487,0.08804491117348838,0.12173621214499182,0.16428375656291236,0.04732690210735255,0.06548507985912652,0.15601804702053093,0.04451931714476529,0.05781332148855571,0.0982178226123216,8,False
155,0.15645391981886728,0.09625539443556745,0.11738279450348693,0.17697539162933193,0.0502066412440302,0.060114073419742446,0.15150480389935345,0.04619581419836655,0.04259942173698126,0.10231174511427242,5,False
156,0.14269720520288176,0.10986551366060515,0.11693674809809355,0.17818806516728883,0.04605092780070377,0.0565098602095519,0.1622716482851355,0.038406864474427274,0.04988813729491369,0.09918502980639868,1,False
157,0.157098162702651,0.118533564751974,0.11975551518884563,0.16421135714933852,0.045731832988947396,0.07312038981413783,0.1457418871413012,0.058372306904134336,0.03538018115343598,0.08205480220523398,8,False
158,0.13753426881237577,0.0869597430703981,0.1202140174119953,0.17073236445358106,0.052922520792703216,0.08850563693380058,0.13935778915675318,0.05225769985669688,0.06272546582026631,0.08879049369142974,8,True
159,0.1329233162547851,0.10232444236407796,0.1207720430699993,0.15575799152521722,0.06347077485138461,0.06193317891637456,0.13937223067191157,0.059462877126024674,0.039838684761328055,0.12414446045889692,8,False
160,0.14552983580780146,0.09570314232230494,0.1239835529214163,0.14902974484266177,0.044656068358133925,0.0641049769857403,0.1530672151151409,0.06246858064113018,0.04027093904983499,0.12118594395583535,8,False
161,0.14232437733486322,0.11312416850179016,0.12015993901920598,0.1594269227819083,0.04667031507098922,0.06809581792790667,0.14933342267252322,0.04805127421790002,0.06359024127200708,0.08922352120090622,8,False
162,0.13120883992839327,0.07497240698475123,0.12552188690285393,0.16771031277325213,0.03959763037886349,0.0900643817415291,0.15130875611706301,0.061569941048105314,0.061881085087614834,0.09616475903757359,8,False
163,0.13864613332840162,0.1194690728609034,0.1177870221784096,0.15615994945419495,0.045789543240927974,0.0805673838353864,0.13154065216425148,0.05426454352150111,0.057869272189194416,0.09790642722682909,8,False
164,0.12662542272376837,0.10515634436017052,0.12428207637440798,0.14655438027654424,0.05009197253775568,0.08851533918734933,0.14979985829446194,0.06193781130259425,0.053983887547868016,0.09305290739507971,34,False
165,0.13583843405851434,0.10472317887802751,0.132754129767347,0.15785523640879875,0.031384825794752026,0.08689107305568713,0.14136325346113926,0.048153195979431004,0.06125528471674791,0.09978138787955503,8,False
166,0.13094088764956058,0.10035592418878839,0.11406043167242805,0.16731366650759702,0.021860480763896975,0.07167781639506636,0.1545424690078102,0.06011625118401804,0.07489638530873152,0.10423568732210287,8,False
167,0.13483433452979657,0.10557766458989842,0.13284917174017857,0.145378218357264,0.043911836806389666,0.09305207700516055,0.1346096548562168,0.04928443331555695,0.05199190943276323,0.10851069936677535,8,False
168,0.13817364074062224,0.10426799072545845,0.13574821937589387,0.1647558985001137,0.05962501590275904,0.07394030657389622,0.15408681274215716,0.04112709076359508,0.03781716224257601,0.09045786243292804,8,False
169,0.13409136233520494,0.08304252655802376,0.14421602407918324,0.1527933852271593,0.0438950237515034,0.09112781608378237,0.1533645135234222,0.05143193303845903,0.05065919666593026,0.0953782187373314,8,False
170,0.1466662523333168,0.10505610935049761,0.12761455217285808,0.15883871435984517,0.03497017537396435,0.07472239211714043,0.14427544381943236,0.048405308022081026,0.06626783149865717,0.09318322095220716,8,False
171,0.1298600496143218,0.10509019860349803,0.113040474289108,0.15334384912115587,0.05932095381062511,0.08369791797944143,0.159882929591592,0.046587215431434646,0.042001217762001754,0.1071751937968213,8,False
172,0.14182508847917558,0.10325533129148072,0.10773203989043405,0.153083727477717,0.0512593244708613,0.08129417755395178,0.15851519727406574,0.06409671157179758,0.05180534810815324,0.08713305388236306,8,False
173,0.13729701003300232,0.11883977533618005,0.11374174855000664,0.16507269929906038,0.049328700123432365,0.07761332456157553,0.14684714775759272,0.05217870802217949,0.04427672131724304,0.09480416499972737,8,False
174,0.14092001087725056,0.10991903284745864,0.1335293444546095,0.1765493608527176,0.03790216709229436,0.07525151156023512,0.1500151628507926,0.0414821125805945,0.04944682035224079,0.08498447653180632,8,False
175,0.1235738287573767,0.10340279895634652,0.1253804187044803,0.17557524544153924,0.028710187103123334,0.10622160436564411,0.14102059348888593,0.03972839884731029,0.04158696154750943,0.11479996278778427,8,False
176,0.13741113074263886,0.09648477945747563,0.11786949717901934,0.15113177587556378,0.04444374201110827,0.09156456121014214,0.14272225485036047,0.06284420200600925,0.06208108541081433,0.09344697125686789,8,True
177,0.12680010465676386,0.1097186771172537,0.11972578256093218,0.15699706102078168,0.04425067430917899,0.10851817667455387,0.14758351730993713,0.04406259475015382,0.05601159367653427,0.08633181792391069,8,False
178,0.11980854849099817,0.12042059293188802,0.11475772371030477,0.15796719249579194,0.04011777532468467,0.07184888310943498,0.1492406644696678,0.062197254893096965,0.06684916548313008,0.09679219909100266,8,False
179,0.1365801714577259,0.11144147730776595,0.13255256179520702,0.1748319246343072,0.02836963401547318,0.07140728661931282,0.14107347357781536,0.043271233722367825,0.0708431093840344,0.08962912748599035,8,False
180,0.1366130868294356,0.08903517230658492,0.11638827207134624,0.16825854367403797,0.031492616263759814,0.08407919129239379,0.15831433903105313,0.04853955096889234,0.06062599047553815,0.10665323708695792,8,False
181,0.15190142354067418,0.1009741583262959,0.10435686056556945,0.17202795106598742,0.04571733832783784,0.07983733332589725,0.14711149796686165,0.05418052133482316,0.05946962979508376,0.08442328575096937,8,False
182,0.1464360799916739,0.11040686442857789,0.13294229587300976,0.1587735137498353,0.0460935369615339,0.07010277139916662,0.13669622606487833,0.049023910499458236,0.06199830983452983,0.08752649119733624,8,False
183,0.13789536610083428,0.11619093442278082,0.1177527395802073,0.14801998518620585,0.05165576542801443,0.07657342528392545,0.14782527238286822,0.05122512267554028,0.05966979557885258,0.09319159336077076,8,False
184,0.12699306718103223,0.09806671008017473,0.11093539597459831,0.16109810630683435,0.05084337055238509,0.0977537349745215,0.13738096434027935,0.057158783445773485,0.05761736631308769,0.10215250083131326,8,False
185,0.13679162762862213,0.12143058628051208,0.11180175978675738,0.13259023686980484,0.030798543407542248,0.09754851832522923,0.14379893722793807,0.06664790353492425,0.05035911808383663,0.10823276885483318,8,False
186,0.14676177246814592,0.1229608538793824,0.10216220568039346,0.15877445460783782,0.039226436019962785,0.07989127421795277,0.1469043428725892,0.047904369293142915,0.061777905895150455,0.0936363850654425,8,False
187,0.14601823001009787,0.09161355272641579,0.09665637642575822,0.16332127106673192,0.04485162288271908,0.0766592269398851,0.16741202294853633,0.08964605747854026,0.04747355651660125,0.07634808300471416,8,True
