ID,strat_res0,strat_res1,strat_res2,strat_res3,strat_res4,strat_res5,strat_res6,strat_res7,strat_res8,strat_res9,ancestor,alive_at_end
0,0.03188347205323686,0.04589904562737879,0.2843821161111281,0.054865653683208365,0.16187618138203835,0.0820523509955452,0.005839254963749661,0.30968611362308873,0.007893872309634242,0.0156219392509916,0,False
1,0.028233369653227,0.04503426783311324,0.28515779934543417,0.05435304970649565,0.16357266588592417,0.09453148488293085,0.0,0.3071211106246517,0.0,0.02199625206822322,0,False
2,0.035564139217730044,0.0315039129980679,0.2845968717352664,0.05480877099521426,0.1657333298118968,0.08129430182290927,0.004778636175637537,0.3104967894361837,0.026999771538830722,0.004223476268263339,1,False
3,0.036471340412700316,0.028894794220152044,0.307800534854321,0.058658091565329994,0.14545523302566238,0.08171541512060536,0.0,0.31523937485691633,0.025765215944312494,0.0,2,False
4,0.03952024434287037,0.017263025818592983,0.3240814430701148,0.05483187405991776,0.14960825608235834,0.06860924566682397,0.0,0.3183577726165701,0.027728138342751764,0.0,3,False
5,0.025972595220600813,0.03405140055757522,0.29169524709742783,0.04722902610402703,0.16060266912121948,0.07140438544886837,0.012850529510318702,0.3267824794049764,0.011537830375380758,0.017873837159605332,0,False
6,0.035473015749034824,0.026851697403399242,0.27723497509003786,0.049656680098116995,0.1593825025610547,0.062182486392855015,0.014585590766931328,0.32044042010941254,0.026200671351263836,0.027991960477893547,0,False
7,0.03268305514165486,0.030283560941630108,0.29109137071042823,0.06279048784607037,0.17062038811334246,0.09220181791792247,0.0,0.290648538923571,0.02049429060015,0.009186489805230501,2,False
8,0.037908124566524815,0.010643538605679688,0.30468272786980516,0.07132907332397853,0.15200440133346216,0.07382700174274386,0.0,0.3146683147392535,0.03342525323917988,0.0015115645793726054,2,False
9,0.039874774472838846,0.05049333199563682,0.28904075530478035,0.061398994640611285,0.15886399971911738,0.08214533620810868,0.0093697629424618,0.30546528337064743,0.0,0.0033477613457972154,1,False
10,0.02833596820554107,0.029423876144730948,0.28490001818431676,0.06309020534602551,0.17475000736306287,0.09584314896921776,0.0,0.2932215890237569,0.030435186763348197,0.0,2,False
11,0.04161000290375261,0.025543780744544258,0.30143848809311824,0.06872902817944065,0.13492809014710105,0.08335920870090875,0.005040188010648672,0.3076300911681123,0.0317211220523737,0.0,3,False
12,0.026009998336836804,0.048043184621470884,0.2787404974532144,0.06167992406864951,0.15869500078070564,0.08514389356632929,0.0,0.2906974372000687,0.0,0.050990063972724944,1,False
13,0.042319149996865923,0.026894617498547903,0.3128226083649619,0.06080306242743448,0.13735809111864802,0.08217318227878019,0.007982050150175652,0.30767826427012823,0.02029556718175317,0.0016734067127043724,3,False
14,0.014679460390351631,0.006398469565970115,0.31814592539083025,0.07221351154141818,0.15300473281724244,0.07600494115686181,0.0,0.339419741877081,0.020133217260244477,0.0,4,False
15,0.025961504591889145,0.03330063045211528,0.280731977033351,0.04857198527882205,0.15940817666752746,0.061260615124833266,0.030026460088009663,0.32035796386150084,0.021337382799102297,0.019043304102848886,6,False
16,0.032052961726504826,0.03575840222815023,0.2783962645291547,0.06376458439968415,0.1673893975901572,0.06263248491027534,0.017806014531444623,0.29128267627159804,0.047948501508811844,0.002968712304218972,2,False
17,0.009943598573491053,0.053062075219353036,0.2842429965152043,0.05026528811733192,0.16596591126271246,0.08715583988687862,0.0,0.31483300049805707,0.01353508266646016,0.020996207260511365,1,False
18,0.017365555647627637,0.06136738787659169,0.2822362434447748,0.058789702239215556,0.15764799212083083,0.0993076120298658,0.0018626969277642101,0.2907757684910105,0.0056385042948427725,0.025008536927476135,1,False
19,0.027488430902012972,0.025068721871946933,0.2979432035456652,0.06465614150460283,0.14413307731130054,0.0845449084264244,0.0,0.3317571611989478,0.024408355239099223,0.0,3,False
20,0.02285086898072973,0.05081024421474105,0.3047150077681398,0.06677013014913914,0.13214655585039448,0.07309767456919883,0.005904521175957647,0.31415290221342224,0.02955209507827726,0.0,3,False
21,0.02118468353128159,0.05412311868111746,0.27824174043990235,0.0672690955923937,0.16344011445891474,0.08223154252974278,0.005164413231381874,0.29196449077815756,0.012058676347317498,0.024322124409790463,1,False
22,0.0011964368328965481,0.05552657508302908,0.27976397917705087,0.04377423990352093,0.1670491890806475,0.09059203234147202,0.0063538750963672164,0.31760472667632933,0.0,0.03813894580868647,1,False
23,0.027229817788137472,0.0387388908420611,0.2760761278174877,0.06904279387464911,0.16145330336270344,0.1045397935907806,0.0,0.2945798090519918,0.0,0.028339463672188852,1,False
24,0.03761999377440522,0.009255559473865981,0.3169262027142158,0.05090962834276864,0.14622862926314156,0.07610319185120948,0.016808219993623717,0.3246885482827417,0.021460026304027817,0.0,4,False
25,0.022210581053027072,0.07103107355736057,0.29112878274388687,0.06343072348952807,0.16597730192332685,0.060645436038354955,0.007582662911272108,0.2940259048472917,0.02396753343595175,0.0,2,False
26,0.025637178788439036,0.03856087843076498,0.2888779945845655,0.04512038290908816,0.16564270200938172,0.10775511843710518,0.0,0.3000319795320004,0.0,0.028373765308655024,1,False
27,0.03080285392526242,0.04147865060603784,0.2850170070965639,0.062121429802757394,0.15111769128197838,0.0883236663819499,0.012361988281498626,0.30513705827193044,0.02363965435202114,0.0,0,False
28,0.02554844368268775,0.03156109002427352,0.291047156332361,0.051971068575611006,0.15040247442156252,0.06564562971281389,0.0,0.33502636756275017,0.036803518085301516,0.011994251602638619,6,False
29,0.039565204601774775,0.0033372175606803216,0.35636583921888665,0.048329793069067074,0.14667292931053022,0.04906464541243641,0.0,0.33726994755736567,0.016850925460670185,0.0025434978085887633,4,False
30,0.035851195217420834,0.06363615445643249,0.2874179618725412,0.05483243342437131,0.1638791541723822,0.07835801364521486,0.006436526921542985,0.29503643577514393,0.008847480687364172,0.005704643827586054,0,False
31,0.029791782709351487,0.047580159909413944,0.29992883083195593,0.04465404686209922,0.1444997268423894,0.08346121159138456,0.00923076290278753,0.31435876777812305,0.0,0.026494710572494886,0,False
32,0.01648617719383273,0.05909642140497237,0.2871986671108733,0.05808634169670076,0.16626276978117327,0.10146359553749276,0.0,0.2908350170601425,0.0,0.02057101021481234,1,False
33,0.05226354482129509,0.02635854442133705,0.31078224157953765,0.06404814145495263,0.14094126577701677,0.06842767640539743,0.002379028965378282,0.3116740459342842,0.023125510640800963,0.0,3,False
34,0.032185120734953006,0.03227426841650144,0.2855570553480287,0.05437084828094883,0.17856225118266777,0.08155883814059389,0.0,0.30082604082000436,0.010718449617225212,0.023947127459076786,1,False
35,0.02534494911488955,0.03826679345807686,0.30106014507427775,0.03902371439513485,0.16871668327652647,0.06285610016718327,0.014592428648697225,0.33997321143889364,0.0007326069885499845,0.00943336743777049,5,False
36,0.02417091202206691,0.05270299749162592,0.29137291457195985,0.056026486668733604,0.15429123639879322,0.10963040630228715,0.0027451820876825146,0.2918567806780271,0.016834933123913563,0.0003681506549100259,1,False
37,0.03099576923742064,0.0414247615550629,0.2681685850247352,0.0568070096464961,0.16732859068407255,0.07426045410608448,0.010375016072049721,0.3068744243865695,0.0193521156091631,0.024413273678345778,0,False
38,0.0349950992478834,0.03458401829317334,0.27475120403603287,0.0676635444931648,0.16453434148099985,0.08768306139342023,0.0,0.298313464562313,0.03747526649301249,0.0,10,False
39,0.02053257595468373,0.04565227608731637,0.2897741111497361,0.047381923021357034,0.1497270812934723,0.10129822964136918,0.0,0.32113900767505005,0.0,0.02449479517701512,1,False
40,0.01694161537434353,0.0551581746811904,0.29359573045149523,0.0806207175363949,0.15511983167838717,0.07274982224630583,0.0,0.2665049324924443,0.008950894619674785,0.050358280919764006,12,False
41,0.031422538429947425,0.04199014502045769,0.28474560706313407,0.05658145317276705,0.15480281702425466,0.09244063164588695,0.012840517348749638,0.31291719982210486,0.007439394823231436,0.004819695649466241,1,False
42,0.03899565946026795,0.02173579002268873,0.3118738209689079,0.0709793505081719,0.12306844835923607,0.07409054878599376,0.0,0.3052404485174877,0.043979362121721544,0.01003657125552451,3,False
43,0.05822318139972977,0.028079728225232515,0.27628280304827485,0.04994218409970283,0.16554309245035856,0.06592045762864154,0.00328200263264013,0.3084831152239903,0.013993928467567989,0.03024950682386136,0,False
44,0.0327213628128724,0.05067330085709918,0.28887646176243176,0.06094134659154884,0.1405007961622103,0.07607842896770192,0.019092658691846336,0.30074392037972164,0.007172512500536779,0.023199211274030903,0,False
45,0.04123966388639909,0.037372030948786925,0.2749478837635656,0.05600714013356968,0.14710384878067453,0.10348639387107872,7.723279285663234e-05,0.30017528089003925,0.00440780365982724,0.03518272127320215,1,False
46,0.03831973241097454,0.05272727870147368,0.2678689990306817,0.07222875082175842,0.15328512282741943,0.08496530207057326,0.009925253108263442,0.29800947809359596,0.0,0.02267008293525968,0,False
47,0.015099786870495624,0.04035046925081175,0.28292576956977444,0.05604535884408573,0.13829574989593263,0.0920829963687795,0.014058022217721493,0.3286215117414268,0.029608813274188166,0.0029115219667839405,0,False
48,0.022261693104076403,0.05184787772334616,0.2790335189413692,0.057293333065761946,0.17461807017003472,0.08061395737577853,0.010237113530512045,0.3090852553654059,0.007796399379455487,0.007212781344259686,1,False
49,0.027178850969165492,0.03873917493484221,0.3017050904548856,0.06485026188853697,0.1466229684021336,0.068632945384148,0.0040936432534613345,0.32541544333284245,0.00399434433768471,0.01876727704229964,0,False
50,0.02250048059245737,0.019325254821351785,0.30484043031268526,0.08015112065642702,0.1840747632188474,0.09831023866889947,0.0,0.2878677232592106,0.00019821445032363884,0.002731774019797303,10,False
51,0.030497149779746786,0.03556362914200114,0.2873465510005546,0.05741528327556183,0.16280124233858112,0.08695872125579046,0.009800136662442577,0.3043151315355332,0.0032999625515622404,0.02200219245822606,1,False
52,0.0201700960338503,0.04757541911156621,0.2748537783979545,0.06386794401390274,0.1520245752408632,0.07439146905337699,0.008528013000879416,0.3169503423721055,0.01995923706799808,0.02167912570750294,0,False
53,0.05173726179020588,0.028740566474970877,0.32168046686440765,0.05247650173377129,0.1332566234984806,0.074151531885205,0.0,0.31072063462312355,0.02723641312983516,0.0,3,False
54,0.02257765455422708,0.05336583499729979,0.2731311047647279,0.06624221777418851,0.16018338710767618,0.08176535426276663,0.0,0.28979348474489297,0.007859830277840794,0.0450811315163802,12,False
55,0.028329229422158347,0.007750726357042715,0.3053654426363164,0.08058265474315077,0.1486525583363615,0.05751418743889387,0.021115303468109376,0.325763271179717,0.024926626418250147,0.0,8,False
56,0.024387255328387446,0.027552901112308265,0.28316818962518564,0.0515294031820542,0.16923584044252252,0.08673289128399277,0.0020246645888480764,0.31358547582891677,0.03997804765857062,0.0018053309492136714,2,False
57,0.04094432380067536,0.030998641609223086,0.27347824599553955,0.05513703916081775,0.1655084995420857,0.10149532893564796,0.0,0.29950475584945785,0.014312252124546369,0.018620912982006427,1,False
58,0.044223944466941216,0.034464728330886714,0.2824882096014745,0.054844888812853335,0.14917422001410108,0.08489526112498884,0.00765644168397754,0.31007882357212907,0.01293064721735483,0.019242835175292662,0,False
59,0.03193013407475199,0.028722227880551284,0.27602571041577745,0.039510643648919756,0.17644160073838983,0.051148432112562855,0.04464783971694436,0.3054348359415669,0.02011405893761711,0.02602451653291846,15,False
60,0.030026106271050443,0.029963111296294052,0.282587898015232,0.06324002598540825,0.1705352552366879,0.06861180316612749,0.013180942274745547,0.31003297461195195,0.0,0.03182188314250234,6,False
61,0.009075854108103269,0.02678310271340225,0.278897436282338,0.05259721854275937,0.16004284825248571,0.05961257020397489,0.03907512889328425,0.33163195493760655,0.018201139064279007,0.02408274700176674,15,False
62,0.03153571562797824,0.035308257337074385,0.29303943422108736,0.0603514699749644,0.13065996495589388,0.08886383016442514,0.012861382945645929,0.3213521927739145,0.012239416305386379,0.013788335693629788,11,False
63,0.03432153928695647,0.032932953762546506,0.2835741261595536,0.044372611690977073,0.15533533128320018,0.05994112290212308,0.01781100211330259,0.31852918694185006,0.02072657387829695,0.0324555519811936,6,False
64,0.019953845039574807,0.004738787937998964,0.3018137651822722,0.07436286644378659,0.16258328340288075,0.07636099607492755,0.013738228962835216,0.320631894926701,0.02581633202902275,0.0,8,False
65,0.03086203758973645,0.03729429954063797,0.27478406009081324,0.036519115637071484,0.1720275245082789,0.07468889897484648,0.02052750999773524,0.31894208079465536,0.03422804017736609,0.00012643268885877048,15,False
66,0.0390156876914758,0.024179983944596598,0.2822288137220892,0.04502239200469778,0.14645889235667908,0.06434023890851497,0.02611098741988441,0.3229173200745493,0.01700360009084324,0.03272208378666967,6,False
67,0.028606859726199953,0.011804470971496856,0.27536132688715914,0.05211422163004158,0.16120882320884916,0.06122174998699771,0.024885430453710267,0.32675357437049224,0.03533775457406925,0.02270578819098385,6,False
68,0.025378510012036587,0.027954559730714916,0.299539951607996,0.05014329750243933,0.16041683321080488,0.09143399049117557,0.009400549176878447,0.315833895908835,0.006225359162647886,0.013673053196471295,0,False
69,0.046924731215160755,0.010169169395088865,0.2681464192299092,0.0367227500607331,0.16802934498835848,0.059578958483530904,0.01304792893654591,0.32342529334765685,0.029297903845726777,0.044657500497289046,6,False
70,0.04320228229088132,0.011145679998028683,0.27750617977527814,0.05647343089676292,0.16442742045400469,0.07070450969485423,0.012683553016940102,0.32102875059791675,0.015774212491277913,0.02705398078405519,6,False
71,0.04148364332308436,0.02884544856545486,0.27068660274960626,0.06995655516143066,0.1620695345993779,0.05009275162076052,0.016560130064922934,0.33424643444531155,0.01875621891273687,0.007302680557314233,6,False
72,0.030325061863742887,0.05542763599585765,0.30643959385263336,0.04070606528102524,0.15192724031578334,0.07542567958608543,0.0026470223607260313,0.3165366537172014,0.01072730207687409,0.00983774495007062,0,False
73,0.019894496618115782,0.03707138583842973,0.2635957449833088,0.05813328491403212,0.17759266382407857,0.06318665296243955,0.0047312930951108135,0.3233088281565886,0.026353041704772102,0.026132607903124022,6,False
74,0.035008350014539676,0.02377059942162909,0.2922007449938919,0.05662558016406059,0.1717664951504829,0.04279035492105362,0.020782298660794403,0.2964979843704975,0.03792717683984384,0.022630415463206474,6,False
75,0.022789308027532883,0.013844331878236851,0.2809619480589461,0.06867875753522047,0.1535584619819412,0.06454399181381978,0.0,0.3358633101268629,0.028906430415151285,0.030853460162288605,6,False
76,0.03868668235953078,0.03210938258067156,0.2709063384164391,0.057971057638738034,0.1553035339743159,0.05508942642681201,0.021708076943643805,0.3209210298311313,0.01573552937839761,0.03156894245031987,6,False
77,0.031128503788208504,0.03781028290651237,0.28182485602300783,0.045287199170760684,0.15677926878511475,0.053591269359906185,0.005786627270655509,0.33557271852792053,0.021925000151038414,0.030294274016875247,6,False
78,0.01444875773731533,0.03327659889397783,0.27455920016035607,0.05152087077306458,0.1590661705017884,0.07228818506915981,0.04019290590508563,0.3119078548279197,0.03258342295805793,0.010156033173274737,15,False
79,0.054317574277504804,0.021437283841166135,0.2726941656118032,0.04708055225556484,0.15727941554070365,0.060099889362519025,0.008932003737786832,0.32902314674062166,0.03642768663072963,0.012708282001600225,6,False
80,0.047193890154176896,0.019288242344251246,0.2890301403268241,0.03835876967384953,0.15941996078102846,0.04245466036210748,0.008291897437871822,0.33042064813811667,0.033870154667955114,0.03167163611381864,6,False
81,0.03889028904618658,0.03128082224392155,0.27663987251132044,0.04854552303945266,0.15448591222522642,0.051088426542842354,0.03333500670731705,0.3325240039189162,0.024409566049871132,0.008800577714945704,6,False
82,0.04092898788681404,0.030485352030807274,0.2835222259319158,0.0362718638605965,0.15716196197252633,0.06532393493335022,0.032888387032396674,0.32883960744089835,0.0034988135555913957,0.02107886535510346,15,False
83,0.044426629453336745,0.014965324118963261,0.28176603782494064,0.030432976711112215,0.16238561919394442,0.0768437358180224,0.0,0.3541614285233802,0.015114275648060168,0.019903972708239924,6,False
84,0.007782213270913211,0.0,0.3092100348020573,0.05390532875616993,0.16160898867249945,0.057937033605377844,0.02347793953621914,0.3460455540033376,0.023012216689219957,0.01702069066420549,6,False
85,0.03152423851093309,0.011602298940251228,0.2719888399812601,0.043128847713834025,0.17542662563063893,0.06276082769389577,0.00961071339688055,0.33152764698032927,0.031411912565902346,0.031018048586074452,6,False
86,0.03686219857007609,0.013680189438845306,0.27424523475153906,0.056947940688787085,0.15019073724150722,0.06564689708167197,0.02822281680896453,0.3017839353878471,0.035312653709711414,0.03710739632105019,6,True
87,0.030403956769845426,0.05510670706388267,0.2703978469878734,0.052058643345139224,0.17352623013480925,0.056607540294058456,0.01778703315185276,0.3028009505953416,0.031228740555530116,0.010082351101667284,15,False
88,0.04803830106365109,0.046667373313919396,0.2771353581824817,0.07008365288699396,0.1762604656926459,0.04747093989172719,0.029300911785594127,0.27994819869874904,0.025094798484237613,0.0,16,False
89,0.031649275247237235,0.03146331172141212,0.28839277358787774,0.03742874264063843,0.155980095183893,0.042764098928628265,0.03313469173664947,0.32830308019856974,0.011998437147990204,0.038885493607103715,6,False
90,0.026636168296418322,0.04565151180480839,0.2784922210014941,0.06430634045821639,0.17516990765847198,0.06127911781362404,0.009219723049359188,0.28647940194370075,0.04308127012125672,0.009684337852650113,16,False
91,0.03915934324881186,0.04016639942180155,0.2565481707888631,0.07007899462417155,0.16086111306576023,0.05447525466368382,0.01835556203122184,0.31545739231857417,0.03830439959596829,0.0065933702411436175,6,False
92,0.02988020476483028,0.019191019927221543,0.2837683635507851,0.04780397260406851,0.15225651860039038,0.06513938980409442,0.024201344355438848,0.3077888811532984,0.025560993305542453,0.044409311934330155,6,False
93,0.034167310773790475,0.027062174883677733,0.25294245022310685,0.05280400541411315,0.16851048532154686,0.06646030549561155,0.029793653994933736,0.3122805171564937,0.027566029790923933,0.02841306694580208,6,False
94,0.036383078064326314,0.02869702184956051,0.2781123428987689,0.056975266513924254,0.14241974909945246,0.0702187127602254,0.011801164353052009,0.30821794532031654,0.04078949210802499,0.026385227032348572,6,False
95,0.0099972411777046,0.025271584983302044,0.28534003537636876,0.06449437527129034,0.16916485693231473,0.04768322373201031,0.011313764650621862,0.33781534840899863,0.03001318263713092,0.018906386830257874,15,False
96,0.027616679355901327,0.0076885641817194175,0.2888254942849218,0.04346307729233122,0.16722566847145104,0.05510823266241688,0.022556574799346495,0.32635474017515503,0.04139943964806475,0.019761529128692015,6,False
97,0.036657377623626544,0.03502498081060873,0.26943381076888717,0.0533731651292614,0.16396972976040294,0.05920637291802651,0.038051765576151676,0.3121150344755808,0.018263318284190932,0.01390444465326321,15,False
98,0.024119752222923552,0.0477961477609148,0.28051257154476134,0.038201561104521414,0.15762990324843343,0.0637014249768211,0.021497165888257185,0.3256421489175247,0.009628494032447543,0.031270830303394954,6,False
99,0.02700388792869162,0.030161827167541653,0.30095415446883056,0.03999700370013945,0.16724645199482002,0.05615975296979339,0.031625995503007404,0.32215780820162704,0.023822927194734077,0.0008701908708148932,15,False
100,0.018472312180880853,0.020052345417896435,0.29370873500622796,0.04439743012377425,0.15985486830088985,0.07445270116305876,0.00900322402191927,0.3322339442899213,0.015137332208398056,0.03268710728703315,6,False
101,0.0520754990712541,0.02357560546477935,0.25102316763222543,0.05076296170973362,0.15766152987667387,0.06476415652338484,0.03214047331582746,0.31470657613022146,0.016058827428834417,0.037231202847065444,6,False
102,0.04210721747532165,0.04057576014790705,0.27327978411801274,0.043307603868478164,0.153740918277275,0.05848621131510619,0.009819503542152826,0.295862623069698,0.04432419984715783,0.03849617833889056,6,False
103,0.03983357287119966,0.017626333151572943,0.2840276571354204,0.04474541763954543,0.15992617499637085,0.06172857686929636,0.014243552269731919,0.33354336606399754,0.00906509233166331,0.03526025667120176,6,False
104,0.02265838426753818,0.03178775211565473,0.2744312073703105,0.040290730345588235,0.15660581397934667,0.06308736145079757,0.015512129550723192,0.3340344715516074,0.029569427019578504,0.032022722348855004,6,False
105,0.03362071840145523,0.020144614694137634,0.2796905516408168,0.05962926699456531,0.17411576083474617,0.056605697861708854,6.214873010239467e-06,0.3405445933716528,0.02122466227906939,0.014417919048837598,15,False
106,0.047656321519831124,0.01877303544784553,0.2770254672957266,0.0456308519973476,0.1631327707748146,0.058337056754313645,0.015320103002966072,0.31136493011674554,0.025559253841678554,0.037200209248730874,6,False
107,0.022668961273645583,0.022093396161578925,0.27945972492763665,0.05531857808769757,0.17856536702621495,0.05424480004071665,0.03400084383052671,0.32479167264164954,0.015422258231572106,0.013434397778761351,15,False
108,0.030480068854198294,0.03291498455344502,0.26999867864667704,0.03797237690842951,0.16681577667836286,0.06601586945151522,0.017912571748854772,0.3080622790082693,0.033921056239959946,0.035906337910287994,6,False
109,0.03440873431397623,0.034070945135407725,0.27530911986762024,0.05224176740691348,0.1564505777244976,0.06845534335266269,0.012723126329838116,0.30713138695914277,0.025801860201353933,0.03340713870858706,6,False
110,0.036626257021848053,0.012282573809420296,0.2896881024061017,0.05176260308381441,0.17133358979034347,0.0594904851227786,0.012606727299322714,0.3310829910936887,0.019625833544460777,0.015500836828221242,6,False
111,0.04117100923386405,0.002732938197187394,0.2870525153138741,0.06533369479885823,0.1578676641597814,0.05336174963012063,0.03155054432480287,0.3158982947218658,0.025859557927389157,0.01917203169225634,6,False
112,0.023153226598412013,0.030029932227873247,0.27107129413448894,0.06630750501790783,0.16125041460450185,0.05578145976984422,0.02419095247956675,0.3021720252913328,0.027412240853331382,0.03863094902274096,6,False
113,0.009121921238772574,0.02513524981657829,0.2895305902794653,0.045671801439624606,0.15914738741802734,0.05947773737823801,0.030334349959967317,0.34658006799052815,0.017174105256938684,0.017826789221859606,15,False
114,0.011724987895530845,0.03854908029919912,0.28599107364011656,0.05744146431172793,0.16365629950631233,0.05830851855942301,0.04522176030578891,0.3149320182838746,0.002224247542608245,0.02195054965541849,15,False
115,0.04340993763371813,0.01492283417227759,0.2652515555922998,0.07083174741510101,0.14556852053474217,0.07155566955303315,0.016383574459776347,0.3085645539828762,0.028632403269639218,0.03487920338653633,6,False
116,0.032640055033004704,0.03188545776004395,0.27399385307306784,0.04583205211466427,0.1658866602287263,0.0697889243621082,0.011571934113323697,0.3083848299761051,0.030723966302630044,0.029292267036325786,15,False
117,0.030103177701941885,0.021915463793538936,0.2902417668949802,0.06347294325692188,0.1529544788762614,0.04340060618291175,0.029073711329816114,0.3234684502831177,0.02934076979419069,0.01602863188631959,15,False
118,0.009697720305910386,0.023702308133048116,0.28125024538490356,0.06372043329609237,0.15266669409058217,0.06771038575614245,0.021969894808465507,0.34797128059003724,0.027280633239464527,0.0040304043953536504,15,False
119,0.03655951188190624,0.04287303538519982,0.2728853429845978,0.029739850537612297,0.16069326655224178,0.04897737152765939,0.0449007104233091,0.30611512798585316,0.022820489811336532,0.03443529291028372,15,True
120,0.01861624467184936,0.0386025659302478,0.28048856746559003,0.0657655821733033,0.15002219296995048,0.0690816211910588,0.019623816497767142,0.3178799483838819,0.034027096535407746,0.00589236418094337,15,False
121,0.032643947804386,0.023701241879175827,0.27797640437781607,0.04297649511801821,0.1551302100571607,0.07220823210277463,0.02294177272935428,0.31187535757732043,0.022718907721544765,0.037827430632449095,15,False
122,0.009026027290454064,0.05403871362055496,0.2843339981174574,0.04530808542948946,0.15753051888600908,0.06208582828776557,0.02136123128083564,0.31165132461597217,0.03230823085750927,0.022356041613952445,15,False
123,0.034162511525906616,0.03357306339653782,0.2759531581079369,0.0579070789717275,0.142262920600732,0.050307557538608466,0.01724567374659052,0.32582253704044606,0.031669282801516686,0.031096216269997264,6,False
124,0.015368163904777602,0.03642380542693646,0.2734497332882411,0.0471919909792398,0.1499683698170921,0.06245000080192816,0.03387367038207437,0.3327467815405484,0.015504532997848802,0.033022950861313224,15,False
125,0.039231126499481794,0.03014415567257899,0.26589227488232564,0.03339936011356885,0.18597622110245948,0.04887290329602774,0.055466408886491084,0.29669888425574736,0.011037672250428775,0.03328099304089012,59,False
126,0.050863937274829164,0.03797145860554991,0.2861024245029598,0.05263694876714495,0.18133544570315474,0.04351648993461546,0.004777944216413872,0.3229058477513261,0.015709383234397717,0.004180120009608104,15,False
127,0.04250640245765491,0.02708490252611716,0.28361417345832357,0.05194685270938243,0.15543102327180924,0.05543074728903768,0.003678769733813958,0.3238119423463558,0.025482089127697338,0.03101309707980792,6,False
128,0.025412429647897517,0.03144013640707505,0.27214736303538484,0.02926182964942291,0.19664772809878803,0.049250855958462084,0.046019630840828774,0.3148328567811111,0.017961330780219595,0.01702583880081008,59,False
129,0.026536688145626604,0.024670044878649995,0.27996822631174473,0.0391943277077163,0.17329628802179406,0.046718641950830114,0.03370865850846707,0.324795529074159,0.0,0.051111595401012205,59,False
130,0.03558775005707174,0.02590666328324918,0.2831445126624432,0.06155363618110642,0.17172681138154872,0.06088843066599576,0.006124363464722085,0.31341593614229935,0.021040381527852724,0.02061151463371068,6,False
131,0.02991029934271101,0.005933441322890779,0.30216136185194603,0.049415406901394086,0.16160673670802567,0.05023390929249892,0.04055820318601157,0.320497025849653,0.019011440195421597,0.02067217534944742,15,False
132,0.0404550301601296,0.045778287623864405,0.2627985015732408,0.03348355152603997,0.17258882628640834,0.05083520663441041,0.041647786268118624,0.3151130742735943,0.008835472150585994,0.028464263503607486,59,False
133,0.03230109553996055,0.02790335292987541,0.27550861698945334,0.041574152439672114,0.1574828274601653,0.058780783861621826,0.032124653757594504,0.32252738090206196,0.039360711312010674,0.01243642480758435,6,False
134,0.040529298622956664,0.034518651983143654,0.2672428243362127,0.059171224788504985,0.16445317408622936,0.06186871963826375,0.011677306389893182,0.31672687408746314,0.016660873795239135,0.027151052272093423,6,False
135,0.03401178071024848,0.03820872433034342,0.29621111884971557,0.006685725321033326,0.1855373129334596,0.0699826411571657,0.04674491301861492,0.3046937878142315,0.009701098752676201,0.008222897112511191,59,False
136,0.035107119982488076,0.018691293366369863,0.2831578213584588,0.05193645107717301,0.17610835622752566,0.06676090428725234,0.02019993739135331,0.3120738810534561,0.022635756629194318,0.013328478626728391,6,False
137,0.027390114967065407,0.032475956735675354,0.27067964561697416,0.052143471632335237,0.1801553806749185,0.054377167474573544,0.03419721413929038,0.29542153431561763,0.013397391178829635,0.03976212326472017,59,False
138,0.019076338523140973,0.02628878834522443,0.27850460242559494,0.02664337349562838,0.18206958468404905,0.04142491058773275,0.07061833559870571,0.30127763095288385,0.02361680583844611,0.030479629548593772,59,False
139,0.031965900292529485,0.025446674282021905,0.2590551066641076,0.0511773043352803,0.18540887766240818,0.03877434277341428,0.03781921287947827,0.32321185245267753,0.011697134636345847,0.035443594021736656,59,False
140,0.030717272705698254,0.018045851696558878,0.2706646645639514,0.0454545704040962,0.18655467788148747,0.04864624592011388,0.044374426208594886,0.30349825077770914,0.023426083253972226,0.02861795658781763,59,False
141,0.03158440839997469,0.029457822981428027,0.2811031719071027,0.033324808685430786,0.17871900654990228,0.04470514477906139,0.032908475070456626,0.31468399212557147,0.01659842304284647,0.03691474645822554,59,False
142,0.02490596898587599,0.041459223967260886,0.2753098953911989,0.023412333566743153,0.1661417302557892,0.07029801848301492,0.04678472238252483,0.31125682514430625,0.020801233405179583,0.019630048418106314,15,False
143,0.032056290597679574,0.04079509301023043,0.2506704078952156,0.04899053994852146,0.18846601110609998,0.06376718463011764,0.044629369352702175,0.28693864745682296,0.026371185151259365,0.017315270851350772,59,False
144,0.05897584926900789,0.02879230665680934,0.25784462457369384,0.04361851208348753,0.17030969377444596,0.062116176454211386,0.03897637430413519,0.2925724607290682,0.00880713118165843,0.03798687097348235,59,False
145,0.04690622493683874,0.024063919176014803,0.27311220829313954,0.03677363437925043,0.1749283184772657,0.05698824208051364,0.050536603697516155,0.3044840652180897,0.021906719354930583,0.010300064386440745,59,False
146,0.02020097968411586,0.03557508131727764,0.2758135239457157,0.05651597478644504,0.15746884717904155,0.062459081736382635,0.03271543334516877,0.32330974013570446,0.035941337870148304,0.0,15,False
147,0.03512776125597627,0.041013722115786445,0.27704566919221096,0.030156543165383718,0.1611271718322975,0.05892119040862508,0.02952521907924753,0.31015994178136624,0.03330371246622318,0.023619068702883047,59,False
148,0.02030855199084998,0.010819454340197581,0.2808677979696449,0.04046807797229122,0.1818776759856265,0.04511142130678664,0.06434632722018482,0.30601162630177037,0.03238211062404683,0.017806956288601315,59,False
149,0.042430882482924086,0.04486626327663927,0.2678473115027476,0.048881610516573214,0.1759012289906329,0.052460317324094306,0.03693982162378922,0.29527863400532695,0.023281304398468962,0.012112625878803454,59,False
150,0.014174156275857795,0.039574916181434654,0.26857052017123384,0.05176582725865769,0.1577222449495276,0.07567914816586427,0.02328938378891177,0.3281433523401697,0.008506356575027204,0.032574094293315474,15,False
151,0.02176737100799983,0.03986693368838426,0.2578702428585925,0.0391667602981643,0.19345364449367092,0.03253824380786877,0.04353440511077277,0.31697737242013296,0.036846100976394375,0.01797892533801932,59,False
152,0.038575313066980185,0.03681395121764871,0.2792991943256518,0.03711512366980995,0.18058783092518002,0.043994674482918585,0.030613289828555292,0.28029003078579706,0.021316965309447728,0.05139362638801069,59,True
153,0.03997339520767181,0.0294674499096172,0.2872571040626069,0.03214225343166702,0.1796687215421353,0.0577588349898229,0.030644701678552145,0.3090761913857916,0.007572229389121059,0.02643911840301406,59,False
154,0.029350703577148456,0.04453863167463193,0.2809324834702627,0.043729247754428935,0.1539089038535553,0.047028333775342754,0.046782262131432134,0.3169274007382317,0.016328521048571337,0.02047351197639489,15,False
155,0.02798890277112829,0.0239990153313785,0.29008273882363517,0.044314000009905645,0.1821358862921697,0.06365805068057816,0.03743649891962078,0.3071604779218552,0.011137445944378552,0.012086983305350091,59,False
156,0.03624810791090461,0.00953070354154747,0.27686605828179517,0.02866848917152298,0.1746489577910648,0.04788140729876384,0.04068516976451299,0.3204582321264408,0.03144570408995283,0.0335671700234945,59,False
157,0.021498698108887975,0.034014317469774465,0.2602325069940369,0.03959841561232833,0.16920456226180383,0.057880219686192745,0.043791706145156935,0.31751919071095297,0.021812151334939894,0.034448231675926054,59,False
158,0.023581438872600946,0.0348347517549178,0.27959987159903277,0.038363272666000856,0.16000018335173874,0.048021220722530865,0.05639875581830177,0.29025254485812857,0.03550502931621883,0.03344293104052865,59,True
159,0.028766873138030547,0.02527499633004803,0.28559832582951195,0.05532089495295725,0.16084297269930906,0.049833711270409836,0.05583532130876317,0.31541032992753465,0.0011439906912606886,0.021972583852174835,59,False
160,0.03180019376336399,0.017033759980502907,0.2734928445768778,0.040954918096756596,0.1928527012168174,0.06262748572967518,0.03933932682253085,0.30384346661552436,0.005768914757977451,0.03228638843997361,59,False
161,0.039165980041518875,0.02048930357194766,0.28127910975347326,0.03325253835505842,0.18320290334271844,0.06658638155032152,0.05449235105070821,0.3009951778706112,0.004177634002859539,0.016358620460782836,59,False
162,0.0072055623959780095,0.021605233508199484,0.2995459979152498,0.03599114668039303,0.16177506414990966,0.054766654573838225,0.04373080846218468,0.33626331628385603,0.007366838187750747,0.03174937784264038,15,False
163,0.016629380970755364,0.025463898098814424,0.26961488982102294,0.050240529429476224,0.15760392388508077,0.07952364140105196,0.030740120910434744,0.328999705897945,0.023020823646160645,0.01816308593925784,15,False
164,0.023644825762102396,0.028907584541508293,0.2771983026043292,0.04191295879948172,0.1691243663546921,0.0643181736290349,0.06017910957158468,0.3103822503169178,0.011194302687226048,0.013138125733122856,59,False
165,0.022454957241507867,0.040455010758606254,0.2752298159487442,0.05102622582838188,0.1543425997715854,0.060144606351768166,0.030778252998602696,0.3176280116230002,0.017797411666258818,0.030143107811544573,15,False
166,0.021327626214821243,0.025433634571270018,0.26329983781025684,0.04658887624629537,0.1701732203044247,0.04925108000654091,0.04132250150419128,0.3134735056593497,0.037023740851898614,0.03210597683095138,59,False
167,0.02508899824973576,0.020601345151474743,0.285110177939012,0.02815108165505432,0.18998991666749668,0.030991091781687106,0.04602269026508265,0.3187746218603709,0.025142247812475163,0.030127828617610694,59,False
168,0.04319498847630898,0.02594261543120229,0.29310159354628595,0.0548949245720758,0.1783225160708393,0.0450990109395965,0.04678336224710442,0.2854094364729881,0.007164784192862633,0.02008676805073601,59,False
169,0.04429044299185512,0.02810272172401438,0.27130758008344713,0.05267861135617114,0.17580658058038245,0.050285040437715124,0.037289065459723755,0.3028928336649105,0.02294808639927729,0.014399037302503236,59,False
170,0.023429300966278044,0.03884304962791773,0.2722688678001339,0.04033423608645619,0.17663162031301718,0.046129272226969116,0.05145095759534597,0.31240180946505763,0.02816735249088264,0.010343533427941492,59,False
171,0.03538843329934878,0.03277542200735182,0.2669841595512968,0.03300957968185775,0.1775235802049868,0.05151190179747297,0.05370747195881824,0.29144430578812835,0.013554571383138432,0.0441005743276001,59,False
172,0.02552390062050598,0.03846452460178339,0.24778753210413215,0.03774043487307018,0.1720587740821736,0.04741645614825658,0.05909298562997465,0.29762878595132675,0.01997499351815785,0.054311612470618914,59,True
173,0.021598506333382093,0.034054509337254645,0.27448097529116244,0.02562849106850917,0.18349973711390416,0.058792758776551,0.046935029560593984,0.29954735663802073,0.02997353280610552,0.025489103074516125,59,False
174,0.031665578028520165,0.011973110925870362,0.26940652849771535,0.04887079481823249,0.16915003828498132,0.05892631949496749,0.04390283028112291,0.28808331689086036,0.039928999518111845,0.03809248325961759,59,True
175,0.04333617252434652,0.039112156967938294,0.25178569124667605,0.030042851463646048,0.18665042798627518,0.04349496989093483,0.047167583531939936,0.31960149997289133,0.005654630692314037,0.033154015723037805,59,False
176,0.040261585566188474,0.030430067150249655,0.3024739252783756,0.025161894299318123,0.16875409032684857,0.04497141911573709,0.03665379507404376,0.3225772288884547,0.017267940552222662,0.011448053748561561,59,False
177,0.03440672452110694,0.028350678347005845,0.26687899303386964,0.043195860654970865,0.17255977766504707,0.0645247708655393,0.0443579747918852,0.28958296047705273,0.0182792191292497,0.03786304051427258,59,False
178,0.03188288398327606,0.023582274788382367,0.25956472366135336,0.05584265376421077,0.17211546051984167,0.0593268704471936,0.04164097607134199,0.2962127171272063,0.030220536934596632,0.029610902702597246,59,False
179,0.023700490381291656,0.021894901840705312,0.27846627495772447,0.028587548818843057,0.18171298079408696,0.05555014888547634,0.05013979392998702,0.31046643094004067,0.032484052200699075,0.016997377251145383,59,False
180,0.020690683912174945,0.04808594723531363,0.2995705416615077,0.041947110994053786,0.16730735805020266,0.04350624808511833,0.039180680821676264,0.31321239066814155,0.011856603596749171,0.014642434975062155,59,False
181,0.03825338792106398,0.03623622968460189,0.2800814345509733,0.038968913432333545,0.1649203114461333,0.05242586749974399,0.04038485559515707,0.2929838677426445,0.015684770571643185,0.04006036155570519,59,False
182,0.026747069359100952,0.015631782596803406,0.2785242097236423,0.04132437613328796,0.17824611881800806,0.04311770326041345,0.051915076452027774,0.31623212689274177,0.019432642625953227,0.028828894138021154,59,False
183,0.027913432557638534,0.033059951722157734,0.2739302817251786,0.03005991789230849,0.1799792074249962,0.05211507678582209,0.045276359277978774,0.31756413182349674,0.022053582206180426,0.01804805858424237,59,False
184,0.03579247522048565,0.022606179797365115,0.2861428011062089,0.039585600841345915,0.1846936734245748,0.07316391140205201,0.04111905620013802,0.26622414575927744,0.020699737703593526,0.029972418544958534,59,False
185,0.017273978043274494,0.0434233248976315,0.25841425734731593,0.0437503258867759,0.18394307019891135,0.05038592755494048,0.0485832541000735,0.30039371508835716,0.03231287405811755,0.021519272824602278,59,False
186,0.036800523382531855,0.04835699572433831,0.26296391700783034,0.035798762649517216,0.16179229235203285,0.06102052471765933,0.03415220428263527,0.2943112387021825,0.01634579560497996,0.048457745576292365,59,True
187,0.03556729552064356,0.026288781220154905,0.2752643941657907,0.04675229044437729,0.17476934720733325,0.04901866213703218,0.038807458703528294,0.30256742445215995,0.027161494439746005,0.023802851709233817,59,False
188,0.024821231112726324,0.020711066649373708,0.28367961004504855,0.04288758926415268,0.187475515428451,0.04333046099930164,0.055489939983870876,0.28763355096905907,0.018504691431970675,0.035466344116045496,59,False
189,0.042367543463129584,0.022613005155710266,0.2806120612509996,0.026679329141594505,0.1831660241964859,0.0484558049882934,0.05020040163995225,0.31258693066413057,0.01925967902736804,0.014059220472335892,59,False
