ID,strat_res0,strat_res1,strat_res2,strat_res3,strat_res4,strat_res5,strat_res6,strat_res7,strat_res8,strat_res9,ancestor,alive_at_end
0,0.056574083715002485,0.19606660646573576,0.06454377901944858,0.2280984111450489,0.04845080690752419,0.03216952213955686,0.03262376774917312,0.09337445332824704,0.04505780908560766,0.20304076044465555,0,False
1,0.06236266381517835,0.19935265293171942,0.08403278110069348,0.2306078322431297,0.03476695587426934,0.023179489959216665,0.040863838051782106,0.0955122883585297,0.03189039103073968,0.1974311066347416,0,False
2,0.04410578447655336,0.18338448719682232,0.1071455945251103,0.2201843033552174,0.036319178711345664,0.024170145037594386,0.042770124760690025,0.0889583494446138,0.04370301107336627,0.20925902141868644,1,False
3,0.055698259323737086,0.1646608896616289,0.09778371711738408,0.22692029405859937,0.036973618047894535,0.046998423767561116,0.03469437258410093,0.08524912171167204,0.04278629409327778,0.2082350096341442,2,False
4,0.051050898016226816,0.16584826222379598,0.09476886503188373,0.23940808216451823,0.02868378103813595,0.04961913611586979,0.02905648838209851,0.1012518547105531,0.03513500175795083,0.20517763055896698,3,False
5,0.062339786760165605,0.19409072724742865,0.06302714920552602,0.23790458189077587,0.053249602616580745,0.0261769479523495,0.028370894319235434,0.09519972686540674,0.029328827889698164,0.21031175525283335,0,False
6,0.049502603327151444,0.19155768587013092,0.10730127098430906,0.19596744714563308,0.02693209167300182,0.025392722252030563,0.06320580660577373,0.08563706754926644,0.035189200457720435,0.2193141041349827,2,False
7,0.03731008598838803,0.19484558663368154,0.06521432564957717,0.2245712406545594,0.05056318630931723,0.035766413946892325,0.027533954212680144,0.11229086843640276,0.04103400303066732,0.21087033513783393,0,False
8,0.06545734335436752,0.15509356288690576,0.10631909708791952,0.23348947242750837,0.0314632301942848,0.0438010500809994,0.027378420077610995,0.08038695849179521,0.050393482808633275,0.20621738258997513,3,False
9,0.055432520853038736,0.20654194467858722,0.08667921356745623,0.2309953130797593,0.03554996828863406,0.006765364778378086,0.0324330756687045,0.09852279026887702,0.04734401691342502,0.1997357919031399,1,False
10,0.055803489958060254,0.1560161840535672,0.09981515662714804,0.23362737502697628,0.02478796064885783,0.02802352205428481,0.037053786737556195,0.09660069040396799,0.05073178561194438,0.217540048877637,8,False
11,0.07143665624862959,0.19691013424821716,0.09967490003354222,0.22436178354343997,0.03939574711370828,0.019626791846067384,0.03365411795525686,0.09258842401182828,0.038547964978257736,0.18380348002105246,1,False
12,0.06974217571877878,0.15867335010265343,0.10185064239664951,0.2280754554515894,0.024121235409955654,0.04539341989916767,0.0236833644985492,0.10534568511923963,0.03937038179884822,0.20374428960456847,4,False
13,0.017705636289534876,0.19772828707670623,0.06051715727636324,0.2430530256676345,0.058194734343842765,0.03651213988068725,0.04522992449388244,0.10615613347132632,0.049013499092733726,0.18588946240728865,7,False
14,0.04216160914578253,0.20180507939785888,0.07737913177787156,0.22207912380403946,0.04788503348097494,0.016362883962024042,0.03695107274867094,0.0900666004255184,0.04853480783119927,0.21677465742605992,0,False
15,0.06274473709056072,0.19829701208532846,0.10042785734508615,0.23907190765887423,0.04547775933282455,0.027657727793874303,0.04164184787041454,0.07474575819832098,0.02265158555671525,0.18728380706800093,1,False
16,0.0555847953594491,0.19629865689887685,0.06740736702296472,0.2317308216202292,0.0497740560298924,0.02569692335422535,0.037159905324664934,0.1009098255882466,0.047386931747181116,0.18805071705426976,0,False
17,0.05844750957790361,0.1748958194974491,0.09236811661374304,0.230218582940764,0.02680081120563649,0.054785030063339325,0.02462857075364347,0.09737242394132643,0.030556635232945353,0.20992650017324926,3,False
18,0.06777482124542164,0.18559754549960544,0.06931255882292921,0.21666645434009063,0.0703258238631397,0.040941543255650366,0.0370815196957486,0.08441224073406546,0.03596012928229673,0.19192736326105223,0,False
19,0.06732332000187047,0.19134618439808185,0.06568305860902976,0.21348904641932073,0.04813050648271899,0.029373168150054352,0.030280074467935122,0.10479632142288892,0.03580623602926913,0.21377208401883077,0,False
20,0.051254794095659105,0.18211160426529427,0.07045095564973909,0.22229910652464338,0.061658840009126935,0.03384231588638519,0.02636538180983446,0.10255879654386463,0.035768120507621015,0.21369008470783177,0,False
21,0.056384418750728596,0.19675164873286927,0.06695011994362006,0.23407369283372664,0.050206335014315255,0.019405639516771163,0.04532468841656964,0.0932126655432324,0.04411793041492817,0.19357286083323877,0,False
22,0.06254293312079702,0.16527554155851368,0.08869764864042103,0.2478352710728738,0.039934219777544314,0.051089523412784915,0.016834220282378812,0.08821190916853745,0.0389627510407572,0.20061598192539173,3,False
23,0.07384242864175315,0.15747102047923062,0.09835548177512522,0.22086633875827258,0.035962175562579246,0.05215915832158699,0.020869667111318976,0.06677329822911504,0.06181353238496127,0.2118868987360569,8,False
24,0.06138057881070051,0.20887765639146652,0.06051399395974454,0.21851330826999574,0.04332132987125498,0.05147944151588662,0.027722928702818356,0.08309848831082059,0.03475612538759962,0.2103361487797126,0,False
25,0.0428685168236544,0.1762020401370898,0.12044806635835685,0.2141906622236467,0.037009211852550954,0.03146919489592398,0.061817860716084874,0.09076449306551924,0.022058716654460207,0.20317123727271288,2,False
26,0.06289345605803291,0.16891066579119943,0.09569859830726947,0.21120094521303132,0.040251910631061504,0.07195174261540664,0.03287670465088453,0.08412674953401686,0.047950106629729344,0.18413912056936818,3,True
27,0.050635174459764135,0.17351240708948634,0.10487381177296826,0.2476847879609124,0.014430494347542157,0.03371415441265178,0.03934512890654598,0.06850119896793289,0.044482709189399575,0.22282013289279654,8,False
28,0.04819475641932161,0.1834529850990984,0.10341090853741626,0.23651481141367572,0.035328870451032605,0.012247394175919784,0.04078578630089519,0.07895616174221957,0.03305593123247414,0.2280523946279468,2,False
29,0.05079522697067941,0.158427595502597,0.10477288658602285,0.2165878272998237,0.0305538048531602,0.05601414181456686,0.03933154184949398,0.08183290633881064,0.05673729856342812,0.20494677022141713,3,False
30,0.0469485087876319,0.15813736882611856,0.10719166282529888,0.23143626847745433,0.05904345942200508,0.03604434171458893,0.04910569370210491,0.07645003360218523,0.033419300418868245,0.20222336222374382,3,False
31,0.0475842872819972,0.18853535429869203,0.1155718443396036,0.19830305589676075,0.03900332579067504,0.012951449436684501,0.04528873408522987,0.09798769290225333,0.048461920979374885,0.2063123349887288,2,False
32,0.044369457626108805,0.16452968342884225,0.09754643315423439,0.2309182591690381,0.023813878219343367,0.06305265533598182,0.043056059733723576,0.09083644554294382,0.027646767600496003,0.21423036018928793,4,False
33,0.05185832762967072,0.2140616652224146,0.07169044481338653,0.2351730250846978,0.03310505171129194,0.043912561451186556,0.027505012270135278,0.08966807344558718,0.030911213049335758,0.20211462532229366,0,False
34,0.06481848083994558,0.1823052289076858,0.06843796724611452,0.22805424157005383,0.06815496952295487,0.04557496506945596,0.039605211333723946,0.09435640727728464,0.0018155180683027126,0.20687701016447818,5,False
35,0.03519158462336586,0.1863872117048825,0.09978185706511869,0.2169664400119627,0.04604909005848041,0.030416694952641474,0.05412746365527568,0.0870506962496465,0.03971557122866864,0.20431339044995758,2,False
36,0.022409022738783105,0.16308880256263342,0.07132380315702083,0.2576026256677541,0.041032569194334644,0.06095299316998599,0.040899921272054995,0.08985954360290593,0.030666936037275595,0.22216378259725142,4,False
37,0.05443606800256679,0.17110076799658158,0.11069548882659411,0.20873633786937518,0.03786069186931518,0.039862267674233474,0.03754045584800945,0.09340498923365774,0.05616082373666793,0.19020210894299847,2,False
38,0.04349425699765085,0.1895208813749609,0.08242125596218494,0.20154786730413166,0.03493320903349491,0.022476538658930265,0.030990328359369695,0.13021046430903868,0.0464688796905607,0.2179363183096775,7,False
39,0.0657766955357692,0.16424464831142066,0.08126162957038809,0.21302675448464975,0.037140061716501985,0.061114607925120024,0.03345024528846961,0.08825719852850779,0.040254406078203436,0.21547375256096954,3,False
40,0.0663431740586099,0.21481636494110817,0.08300560808282471,0.21083742846927736,0.03868893264013955,0.02992741761321225,0.03177262641928826,0.09556425794013143,0.03725442561654244,0.1917897642188661,1,False
41,0.04023751350150289,0.20255952879812006,0.07774388627128322,0.23396975044538634,0.023749795768661264,0.014601883407137117,0.03580285935879247,0.10618566407786317,0.04958933854106668,0.21555977983018687,1,False
42,0.059454174010354924,0.17915093756779008,0.10813545915977968,0.1707778875484179,0.05260935103840613,0.0345699264705817,0.06580279864446796,0.07748819140820869,0.03946054819271165,0.21255072595928123,6,True
43,0.05017333369967326,0.19579237050765297,0.10237482594780054,0.2307957204752897,0.03035619055558617,0.008016442863892963,0.04568160334863728,0.09862391991185379,0.04391616497910371,0.1942694277105097,2,False
44,0.03502427999305789,0.1883655190868157,0.1032977106800365,0.2172101293810265,0.04005141023458799,0.048363912809187046,0.044448664639793724,0.08442344784596292,0.041555148360957535,0.19725977696857425,2,False
45,0.06307930005180186,0.15703226148572594,0.10542012318996064,0.20579744681989612,0.03874925156990462,0.06061607083506271,0.02766765668060052,0.08881366562849466,0.05612051332949338,0.19670371040905968,3,False
46,0.05121232287834804,0.19194890782836949,0.06944231154622203,0.24451768261193882,0.049454019886491306,0.026920033921588846,0.03003831507223033,0.09471430893298254,0.028070343634299173,0.21368175368752934,5,False
47,0.048035129166983076,0.15931314015839787,0.1047460057601097,0.22866164080537807,0.026036772461945766,0.06776868344114009,0.03599396686059646,0.10352683840642117,0.024497256771803123,0.20142056616722467,4,False
48,0.06068244000942912,0.18325504216483857,0.0621846758755396,0.23182335502402043,0.053627544048212884,0.044592560318833664,0.028922436475609273,0.09378497236542273,0.036317805929801064,0.20480916778829272,0,False
49,0.055165625888999224,0.168677555117168,0.07607876287876257,0.2323932976894426,0.04443739214183444,0.04265198353078803,0.039943870775525726,0.0819396093117542,0.026984161374601565,0.23172774129112358,3,False
50,0.048297026176485215,0.16414978326596213,0.09843251096725757,0.21111773886737453,0.03527130992609846,0.05019186651904806,0.031002107900150108,0.08668226375852346,0.050080718475505166,0.22477467414359528,3,False
51,0.06544709926983086,0.19133746264249016,0.07274357467510469,0.23525400564522325,0.030377188165266522,0.02611390868760766,0.02732631771414921,0.08629757688732317,0.052167565031897255,0.21293530128110738,0,False
52,0.038931027421370216,0.16498637653442205,0.09167255798616396,0.22957761763629234,0.03231640444103587,0.05566524196353192,0.027246210887458547,0.0898329272009738,0.049693085160272744,0.2200785507684785,3,False
53,0.08223629690514836,0.1975253467220126,0.0619910562186655,0.2311912954527534,0.04623684470317418,0.04325154739599692,0.029308135401782544,0.07806336788489696,0.03138807489545329,0.19880803442011621,0,False
54,0.06875411249702663,0.18893970347488287,0.08032506456188744,0.2246395306025906,0.05083994921467056,0.03786326530285487,0.01201084770260779,0.09953397463257502,0.029014815985638282,0.20807873602526594,5,False
55,0.061543379394593624,0.20458307853190882,0.07189848756365283,0.2229353576594858,0.0471741227240694,0.0349043808737161,0.034292030363104686,0.08999090096174245,0.03641851991622821,0.19625974201149812,0,False
56,0.05462919627165388,0.17869233070032345,0.09162324969636276,0.21727387744445037,0.025265617995756044,0.05622659270577472,0.04457865276900751,0.09421253026814341,0.04805497665471476,0.18944297549381314,3,False
57,0.06479548702082033,0.1710550200301372,0.08930197076482764,0.21182700606927143,0.03880400617533594,0.0429747080148273,0.037410456046885185,0.09227387987741012,0.0442630767092051,0.20729438929127972,3,False
58,0.04376106644232332,0.176118852328986,0.0695431298933793,0.24220090081380138,0.04699746660868986,0.03851099038297671,0.028604399113745675,0.11683919700835083,0.030195657110180726,0.20722834029756615,7,False
59,0.06853662490979358,0.16618506968286365,0.11135788882436372,0.20273500326620217,0.025327043182409137,0.037382286559862955,0.06847144622972652,0.08283018886277732,0.03737934674487932,0.19979510173712156,6,False
60,0.06619607211154196,0.15465850329913067,0.09349940768852363,0.2300150037792171,0.052990096586349095,0.04509994027022422,0.022392780875033123,0.08882432672974042,0.048204084098089926,0.19811978456214976,3,False
61,0.04633543680473551,0.20386824409330065,0.06630480058825444,0.23769896328618836,0.04410391720746388,0.04076628865267358,0.02889473886821327,0.08709968461448439,0.04895847693035299,0.195969448954333,0,False
62,0.06596595977844566,0.19954187181300775,0.08269616038410252,0.224275704198076,0.035246311059860605,0.026181761732462394,0.05061118075475973,0.091849652585669,0.033697447902177505,0.18993394979143882,1,False
63,0.05211891948950433,0.18007701712645446,0.10004755490571138,0.2211189932318499,0.03359680144282101,0.050310383136567785,0.020953756773371118,0.10180645934124989,0.025938349953830295,0.21403176459863982,4,False
64,0.05848906914755597,0.18543565267889559,0.11168763537508176,0.21817923523769794,0.022651686947966546,0.00795750995814329,0.04200424253337623,0.09005308047785306,0.05431483524218478,0.2092270524012449,2,False
65,0.05643197368716519,0.19131854851588223,0.11874290827488457,0.19179576743601373,0.019028826639473768,0.024464360215324596,0.06561291703939691,0.08094506406260737,0.037440659326478665,0.21421897480277302,6,False
66,0.061263764249493216,0.16620511619034098,0.09178694550103307,0.23323647971111933,0.009275301633231934,0.0401374633727904,0.04823525018284238,0.07932120904815404,0.06756357798989007,0.2029748921211047,3,False
67,0.06341577830771629,0.14484827295028543,0.13680001239873807,0.22091804527829959,0.023314924103043824,0.036992754970299906,0.02453608385451881,0.09438774839245433,0.05371264224454888,0.2010737375000948,8,False
68,0.06450443555120619,0.16013120583499127,0.09187748244321299,0.23356328844484922,0.04312767652646391,0.04166179339836502,0.024422873227054682,0.09532266795535162,0.03465795514957584,0.2107306214689292,3,False
69,0.04801158905483966,0.2001613497739579,0.06610765918931225,0.2091132007702378,0.04192373665710959,0.03085654075330412,0.036514267402117606,0.09401654680620258,0.054098984652212585,0.21919612494070592,0,False
70,0.034011122367248084,0.20218569486539625,0.06595055074965159,0.22726756384676103,0.054451994669360064,0.03676935241842824,0.0209089140394601,0.10240949422126755,0.04262729129389067,0.21341802152853634,7,False
71,0.06032764531940396,0.15317592030996002,0.10315325025524186,0.22701541473265927,0.025370013947899273,0.04682760532147971,0.042804711371328394,0.08447643263837132,0.048125585905686184,0.20872342019796988,3,False
72,0.06415662790709664,0.1740105797966874,0.09019964187586248,0.23639540613393797,0.027302372233568573,0.030398115881423667,0.022626566781065775,0.0892725412093242,0.04077547901864805,0.2248626691623853,3,False
73,0.05781754891188819,0.15862793711088494,0.08670876622240248,0.24686764899959987,0.034023567287929074,0.05162071157722651,0.026555325807556228,0.06624601456176958,0.04846975218351454,0.22306272733722862,3,False
74,0.049664026445127234,0.1818330315639299,0.10205561103850302,0.22537867581757365,0.048248702722951474,0.03786863296643485,0.014129952894302671,0.08156688740198208,0.056711833868977345,0.20254264528021773,3,False
75,0.04294905999740686,0.17788130777058395,0.10199912911515523,0.24255501689332912,0.02950285995184622,0.042467985283326605,0.0327337821733214,0.10844028427960559,0.02291796839190904,0.19855260614351591,4,False
76,0.03905301640535486,0.15724409739864995,0.11862950080291913,0.2295294798736697,0.044497146247457084,0.033857149868484836,0.04013646201951213,0.06278672732557229,0.05314848357566356,0.22111793648271655,3,False
77,0.05282219506653949,0.15077373566491764,0.09822541950955524,0.23321558576019596,0.04306313764880167,0.06576968762475455,0.040938920242728064,0.08660432627953518,0.023006866297230266,0.20558012590574198,3,False
78,0.057414405261578934,0.16915100910185493,0.10269782072654147,0.24272623181391542,0.032366337250232684,0.01974928630341157,0.030336716641046927,0.10552721118782839,0.03821783632590209,0.2018131453876875,3,False
79,0.07924495921397204,0.17851037724608002,0.06795458229790233,0.23734934828938414,0.058287813167012495,0.03338789601069854,0.019922435475338087,0.0923199682482399,0.029018236486697664,0.20400438356467485,5,False
80,0.050263472405196304,0.14296279067221765,0.11260554542612117,0.23872303490539662,0.03237530550856462,0.0448788460200165,0.0365671933426975,0.09996307430204308,0.03364498393532482,0.20801575348242174,4,False
81,0.06074436483494493,0.1615102427456707,0.08568479437052319,0.24317705131356696,0.017931666499284883,0.044962062635952794,0.045916199001376334,0.1059913690668347,0.02495774102863095,0.20912450850321462,4,False
82,0.04043019740294524,0.16343735711804872,0.10349181815715494,0.22696255823354025,0.04924103228315569,0.056328005300713545,0.023990114043301765,0.08490840037975153,0.039061988831089786,0.21214852825029853,3,False
83,0.06969947000282725,0.16202931522866118,0.09141101855174168,0.21989404375746788,0.04122783668170413,0.04635461560570776,0.03409841952764821,0.1015458134560954,0.043030045373790175,0.19070942181435632,4,False
84,0.04484876614154863,0.20441436323689993,0.062918121676155,0.2259487256037687,0.04170226051784651,0.029314288846883262,0.009583400039259777,0.1296731637960326,0.041068160204802355,0.2105287499368032,7,False
85,0.07357273138088928,0.18028968918581556,0.08942993201799192,0.22864994149683454,0.047403411754508996,0.04182950609831874,0.028163498759591968,0.07145948158966968,0.03635604212655245,0.20284576558982675,3,False
86,0.05687970825071924,0.20311315711898378,0.07489866837980348,0.2103984996767936,0.051606173383974815,0.024146772786011347,0.02807592435215958,0.09021634166055513,0.059183337988530524,0.20148141640246855,0,False
87,0.049683787170959656,0.17634173652292293,0.10330988443857494,0.24505188498257546,0.02925828604601485,0.01158907544587514,0.020122157769240433,0.090966541882473,0.03911038340458374,0.23456626233677974,3,False
88,0.07670148374375095,0.2019267124045016,0.10189281260631447,0.19895889010454476,0.018872310611234042,0.03295428313247674,0.044712913393624425,0.07636582511745266,0.030197788831518545,0.2174169800545818,6,False
89,0.04782765906590648,0.15932163899202068,0.11331258477334896,0.2286135059915877,0.03203159059745542,0.05887309208663827,0.03424797659542815,0.0932796959741502,0.029818635948553118,0.20267361997491104,3,False
90,0.05719836761508913,0.17311744054268616,0.09879617638395993,0.22235097719530433,0.03866988870483721,0.04111857845933645,0.037016674463109384,0.08079032354906632,0.04756563771066916,0.2033759353759418,3,False
91,0.055156464188769946,0.18861496703425681,0.07600249051933425,0.22929665073605593,0.048477837997836726,0.01370210939265096,0.03521871339755327,0.08366131557745256,0.05166197669133624,0.21820747446475344,0,False
92,0.04048694054795011,0.19596228052513576,0.11486843432449408,0.227561699147303,0.04571876708407966,0.014450553643341552,0.0410895840189667,0.07562088724126984,0.04282610701528401,0.2014147464521753,2,False
93,0.06672224538350309,0.1605469920391322,0.09087104377969424,0.23998074609324074,0.039268274733630135,0.0479881203432878,0.025842544221519034,0.08598524385615092,0.04294605906768965,0.19984873048215224,3,False
94,0.04530167547806861,0.1805641635275345,0.08957270440122328,0.22198995983812483,0.04132010511234235,0.045486290791276335,0.034489261504102656,0.08259860049977956,0.04489217623648103,0.21378506261106686,3,False
95,0.06239134135741222,0.16372790006418264,0.09914428853137537,0.2205377983495499,0.036171617294836846,0.04581556811386688,0.019191823109400225,0.08896698969678035,0.05300834944452718,0.21104432403806836,3,False
96,0.05279644038296502,0.1859794490274683,0.08707412575294553,0.2459174691652692,0.04238916038179368,0.016851121636325125,0.05243086854427363,0.07815965061086007,0.0446908391814141,0.19371087531668543,1,False
97,0.06461414670726824,0.15730491448021036,0.11262811460608171,0.21089470725252335,0.03134216959329969,0.04581887099962282,0.0277567543763646,0.09328340798592435,0.03771049022003687,0.21864642377866803,3,False
98,0.05971327805973823,0.20145591382662506,0.09664744380528092,0.1915915044290679,0.02610209404055158,0.025406499041178983,0.07132627627764702,0.08625935221014404,0.014460864915109709,0.22703677339465658,6,False
99,0.0630693679379908,0.17210057441738608,0.10257890804998805,0.22508483989897377,0.040441345395391515,0.04120706081192011,0.02937614281577501,0.06837119050315632,0.0437870303736421,0.2139835397957763,3,False
100,0.05327292793063448,0.18914950542577214,0.08603616818102788,0.23855532593446918,0.03114973557936702,0.021281560841122208,0.03366522364406797,0.10195894329364891,0.02877150915397797,0.21615910001591226,0,False
101,0.058088280428125055,0.17620188559605426,0.10608151316349214,0.22045546208376354,0.03627052879915658,0.04085846349732714,0.04567374030033998,0.07718504389629567,0.022036816826024867,0.2171482654094208,3,False
102,0.06329248278745214,0.16406511416601366,0.10675368843649928,0.22953853054868795,0.056798503886274,0.030513462834817366,0.017987508575902124,0.0795131554733266,0.045681892310638364,0.20585566098038835,3,False
103,0.06700354323309989,0.15709205182377817,0.08915140901356831,0.2382083404058692,0.03212881014219354,0.05476884868042046,0.025508192861031915,0.08307018812177754,0.05396715295254864,0.1991014627657125,3,False
104,0.044453322059632976,0.1910307787392324,0.07015717935444138,0.24105265699885509,0.05268643117272592,0.03467700186637774,0.02863212969906386,0.09461852441692271,0.05101393365905437,0.19167804203369362,0,False
105,0.020343861094350067,0.1765418829284076,0.12097311856472258,0.22733990589580422,0.021779512033606705,0.04003613418614765,0.04004948475891301,0.08311255148604502,0.05615114231610927,0.21367240673589386,2,False
106,0.0504041278371151,0.1549095259366135,0.11453724615377357,0.22119547825833222,0.04707164778964863,0.04926136218225092,0.03610874195133357,0.07054326581843584,0.03426701803033952,0.22170158604215717,3,False
107,0.047402652841925706,0.15598401202220766,0.10248796131234793,0.21438634428290776,0.040916750236460644,0.0519126752763514,0.04596182918959294,0.10118790302336018,0.041297369348598026,0.19846250246624772,3,False
108,0.05817653682266902,0.187342973001759,0.08812828047776737,0.2554369081670431,0.020698490841199034,0.03455958168585803,0.00802133522795468,0.10578033512213253,0.03288270373307715,0.20897285492054005,4,False
109,0.06167556494210791,0.20595139394595144,0.049869024361384344,0.21961889593803496,0.05575627463708805,0.013449653863364254,0.04356488455555464,0.10600864820756177,0.0498823706468782,0.19422328890207435,0,False
110,0.07182781358263024,0.1631381879680001,0.08839252670890634,0.2185245980560208,0.028923505699009266,0.04136196560602297,0.025369719250065047,0.09218842859205216,0.0513224468261053,0.2189508077111878,3,False
111,0.05872033219200906,0.15305698215089086,0.11257685709085673,0.24263815200189345,0.03397256949357624,0.04297388574615476,0.01630924308183452,0.08518429071799631,0.05312298542073171,0.20144470210405638,3,False
112,0.04466191252816429,0.1924665929605026,0.1295320903168237,0.19539949863748027,0.013078535254499656,0.011395772275567272,0.0655843198698416,0.07584352282305772,0.0552288503039365,0.2168089050301264,6,False
113,0.051032624548775773,0.19590520922244387,0.10231154454651031,0.2061925306815961,0.015507192495673503,0.03805385250015125,0.061957698161984084,0.09842766441296256,0.015082301576204979,0.21552938185369752,6,False
114,0.06328584215945923,0.18001964222010058,0.10064292278468251,0.2347331260013107,0.030213941578543353,0.05493142763506369,0.02645126180437125,0.07557827581233037,0.03359721054744739,0.2005463494566909,3,False
115,0.06414618202505061,0.172189147922449,0.08878930288990831,0.22610074518349516,0.04385706738352217,0.03567878148884752,0.04721736296601436,0.07550833144071395,0.04750774029442471,0.19900533840557427,3,False
116,0.062227917267701514,0.16288513945686553,0.10142963626568052,0.21947835775958485,0.042479233143393295,0.03846811279950302,0.03675338720722409,0.08983330436314764,0.057600032868566645,0.18884487886833282,3,False
117,0.04865156464490868,0.17569538919530173,0.10376208522794651,0.21276579036679322,0.031916632296221104,0.044713719671091876,0.03325138841551781,0.09731685103922855,0.04426797897195787,0.20765860017103274,3,False
118,0.07287662203314858,0.1606157067748972,0.10507096576957839,0.24223255542128816,0.039889562376491314,0.042972046634472905,0.03001550611197827,0.08015200366440972,0.029995500230650552,0.19617953098308502,8,False
119,0.06160709814300352,0.18043951085818155,0.1093089538490472,0.20733654305532004,0.011836348298026936,0.02480920599282404,0.06295191751409895,0.09500659544972616,0.04082727090954484,0.2058765559302268,6,False
120,0.05025682521063859,0.1858427864224218,0.09965847285987812,0.22679418828178377,0.02606525709804045,0.05656584985697927,0.01908858239769648,0.0791399879750862,0.044469422363004274,0.21211862753447105,3,False
121,0.06541645104684245,0.18924904286663383,0.04801017175783438,0.2295397704313925,0.046027007321745146,0.038022238147464776,0.025022013146340127,0.07888852532633182,0.0551701486266122,0.2246546313288027,0,False
122,0.06897981260365982,0.16801658371096098,0.10013228938360608,0.20314216686968528,0.03745514190048548,0.048425887787335066,0.03915785061050945,0.0764812349279789,0.05744354249733646,0.20076548970844235,3,False
123,0.05854101204562787,0.18303178328071787,0.08355215676306693,0.22827255278815184,0.03254033214415974,0.0503937942811643,0.03368897293268348,0.0824399193368889,0.05051233137991555,0.19702714504762348,3,False
124,0.05991863727015794,0.17169652790555434,0.08392635665572876,0.21077524337658576,0.020930474646064567,0.039842354643220224,0.04318515025539699,0.0985626527838069,0.05334384286907383,0.2178187595944106,3,False
125,0.06256285983181743,0.16421442876785936,0.09737869409667806,0.2237951330807334,0.04325642407687644,0.033927577525088626,0.03117420168396012,0.08141343242039031,0.056641712832064435,0.2056355356845319,3,False
126,0.0685521495491008,0.14122055378410786,0.10179311103663806,0.22123834432613182,0.04346529517804116,0.04141985415930762,0.023682585334020477,0.08666524462749034,0.05205943900126853,0.21990342300389334,3,False
127,0.06088215806658997,0.14734692529206672,0.10274152211357225,0.22637251658560853,0.0537360372125695,0.037564078780451704,0.03964425570663851,0.08518049725699353,0.05344362217322786,0.19308838681228144,3,False
128,0.04660347137980142,0.16470734678942156,0.10649517739724557,0.2202157084577556,0.038331661289757374,0.05153395708949318,0.03785094037769269,0.0819421044194611,0.05007296626150483,0.20224666653786677,3,False
129,0.06001956175735662,0.15794135330660608,0.10370128368943754,0.22091132140987407,0.035765745872031234,0.048056444188895715,0.025496183798663957,0.0955279598221687,0.04944958379835128,0.20313056235661492,3,False
130,0.05551390074074491,0.2071181706608084,0.07819458444712282,0.2355644697179371,0.05254061224952503,0.03181137937098482,0.0053762270908253584,0.10064184711792727,0.02949157552695942,0.2037472330771649,0,False
131,0.05638460370039067,0.161011726837547,0.11186056591155526,0.23336835887405852,0.048400046072544806,0.030774124851040356,0.03206119447605483,0.06648674884749507,0.05094267187994749,0.20870995854936597,3,False
132,0.05411583112197531,0.1924562011277583,0.07655643773226858,0.20321237312564078,0.056091636543988736,0.046573795886740384,0.04064329373668642,0.08967362640835606,0.036917813553676564,0.2037589907629089,3,False
133,0.0496490128807029,0.15186102420508513,0.11095625539093891,0.2275206865352475,0.03213211480126459,0.04121451388549883,0.05040795348469702,0.08078803228357663,0.03651135216921176,0.21895905436377675,3,False
134,0.06069419761644164,0.16755424639984756,0.1090867576701516,0.2289523892438063,0.03301053370918388,0.03603190983092858,0.04034627201091781,0.07487896236330596,0.04085558373458902,0.2085891474208277,3,False
135,0.06558494814947707,0.17135490422188257,0.09709692641451184,0.24353002548337466,0.03658212697596227,0.027808163640875058,0.04540484295611889,0.09774122488524722,0.016762774617819547,0.19813406265473082,3,False
136,0.05834338262121905,0.16276326178997166,0.10537827141713414,0.2265765022931592,0.03413891105565484,0.031134910205387212,0.036264895430903464,0.09472443392230395,0.043905886527381345,0.20676954473688514,3,False
137,0.06499616891720858,0.16526260875556345,0.10295397009239793,0.2494912244475021,0.016973907245566366,0.0399885193747414,0.03966839880499902,0.10058434012221464,0.022090615107428904,0.19799024713237776,4,False
138,0.054843716156715135,0.20012149403921475,0.07382972164175242,0.21814983010945874,0.04784303673093549,0.04218407869339695,0.03168734404840119,0.09104128803295056,0.04525184445876736,0.19504764608840738,0,False
139,0.05800974958136873,0.1675338809587128,0.1014158988008154,0.2229996456818746,0.0406522330723495,0.04915380071528888,0.03230268525929695,0.06920922884162291,0.050797905919663516,0.20792497116900652,3,False
140,0.04429379639772236,0.16827995246222932,0.09699996479687488,0.24193909736365485,0.03535945513239507,0.0452022238024209,0.04090192578341404,0.07988936767092496,0.0394133247411426,0.20772089184922096,3,False
141,0.0535740016217538,0.15816310826770544,0.09832098179754133,0.22143212671813148,0.024446698981038056,0.05520960806901203,0.02604842176285033,0.08923864409279328,0.03689663176943606,0.2366697769197382,3,False
142,0.04957720258793771,0.17860632597327167,0.09969617827945663,0.24584151588919775,0.009447703032625158,0.031284721921370835,0.03728500589467346,0.1006917635986718,0.04185691957291461,0.20571266324988036,3,False
143,0.05290361986302887,0.1792251163178466,0.1046860563410721,0.16320988116274235,0.05821097822002491,0.035222034964332544,0.06936817561291504,0.091179512151229,0.024318819460362708,0.2216758059064459,42,False
144,0.05276212726480945,0.18764565442562686,0.12660230281345297,0.17471869458671352,0.03304843264930949,0.02784678517423257,0.05905832620092046,0.08669974411055092,0.03436040604898667,0.21725752672539697,42,False
145,0.0530232369397452,0.16383760725230428,0.09620200845886645,0.2241603623230918,0.02009485120625777,0.07458545651645511,0.05831834360358559,0.08949036698644909,0.016608091480921287,0.2036796752323235,32,False
146,0.07619821488354514,0.16124787640183202,0.10204518969093371,0.2252751849500254,0.046595503568651435,0.027742646932836658,0.03100563843259601,0.08399737619972314,0.04036761566518085,0.2055247532746756,3,False
147,0.04368502567825571,0.16457568084833338,0.10453048815404462,0.23620959082943443,0.03222989282050162,0.051925627070701766,0.024444966912088844,0.09077769848558088,0.03961144926994639,0.21200957993111225,3,False
148,0.06100210359628125,0.20371762635330964,0.0613803599991554,0.24000614701144293,0.040723336965289625,0.03907207131597601,0.03120875162845435,0.08383425494966022,0.03496353866910759,0.20409180951132297,0,False
149,0.05519000710879068,0.2026202592324664,0.08935897481655486,0.18778687694970136,0.03756494308896563,0.011992926195428903,0.078701919533061,0.0803726784391405,0.03819110821238722,0.21822030642350343,6,False
150,0.05820718825390765,0.1657666261945172,0.08357733943997592,0.23162857449376303,0.02882961612281492,0.048535166809448464,0.04942527319186896,0.08298494951746294,0.035906484377354754,0.21513878159888625,3,False
151,0.0450095406985141,0.16954646710648624,0.10187778797492819,0.24153187969674722,0.04890316623229594,0.05018634103444676,0.01571691689431604,0.09237144751703161,0.03623708760812617,0.19861936523710777,3,False
152,0.07014262714884291,0.14308203837001413,0.10314484356434131,0.22766583492346273,0.05173411123876094,0.05125807013342427,0.023189164241496155,0.08186593507468555,0.037178661894394324,0.2107387134105776,3,False
153,0.05819939933244887,0.1515455375036083,0.10632653899667188,0.23117842531670493,0.041624111963318056,0.03563770488289577,0.03424779910993846,0.07165102668618123,0.04382530079676091,0.22576415541147163,3,False
154,0.05652402636598919,0.1469630124247283,0.09452944797898985,0.21778028406720804,0.03833985385899101,0.04760370653375783,0.03350562107323813,0.09581883557639828,0.04742859599025536,0.2215066161304439,3,False
155,0.048254471236773504,0.17394893089319424,0.09482935309369385,0.22524290686985712,0.04522564982886196,0.04537700427793226,0.0321164000715319,0.09924217820361371,0.03581927271066455,0.19994383281387673,3,False
156,0.06238215633960185,0.15451526179959948,0.09671795152588201,0.23094954276978935,0.03471342674935031,0.050476995953466594,0.037773468887244144,0.08486593831756735,0.04516800997957623,0.20243724767792276,3,False
157,0.05363876821950962,0.20131220791030335,0.06458119146560992,0.21764241119971808,0.046975980001180084,0.026969347419019817,0.03383619444627806,0.10050581988045051,0.05474939326572963,0.19978868619220097,0,False
158,0.06769073243961893,0.17394603913860282,0.09941188052578337,0.17228609235480924,0.05275447815645264,0.045000584566934884,0.0571775983242674,0.08917719913764786,0.027456579540159246,0.21509881581572352,42,False
159,0.05353982117344669,0.2001039033872635,0.12613023596035633,0.18633568637339937,0.025903039305702768,0.012008950729078767,0.06142756462590077,0.08434996679836408,0.03960683460966642,0.21059399703682116,6,False
160,0.05753305910141738,0.16080731795397735,0.07926838826232287,0.2164890340589924,0.024480732264422635,0.030985140874628173,0.03053027703600556,0.08065411791303784,0.07855963494790508,0.24069229758729074,3,False
161,0.0649581058852311,0.1875403607951955,0.10117706459844603,0.19981076730282982,0.01750957157651324,0.019893458113793498,0.07752268061815722,0.08527842659281974,0.024495389224255756,0.22181417529275804,6,False
162,0.04368857125011305,0.1898160193378888,0.10783867789258747,0.16022848935262465,0.053855783286333295,0.03411788921904259,0.056002349919503314,0.08451184325596238,0.0464530268287385,0.2234873496572058,42,False
163,0.053295472683079576,0.1919835524013604,0.1115936112090103,0.1688960026210828,0.0365230226785601,0.0535299903415128,0.07891948923286278,0.05545138608370075,0.03829152944230037,0.21151594330653004,42,False
164,0.04125573682144144,0.16462140367246728,0.12630465892528667,0.1858824532346295,0.06951362536412144,0.032463547255367445,0.07628333255782316,0.0690924499802886,0.0362354150911376,0.1983473770974368,42,True
165,0.05974251704261833,0.1715234646176685,0.10058117088622454,0.21639851003167673,0.029011722684462036,0.04422872710164543,0.046063356619145436,0.08092213366666882,0.045619845495650846,0.20590855185423934,3,False
166,0.06854795238071416,0.16818586441172312,0.09356173425971351,0.20673570509695569,0.03900633541525726,0.05622114190491035,0.032358931983980065,0.08290840562507097,0.05216900324714044,0.2003049256745345,3,False
167,0.05669489124816864,0.17255751236787417,0.07634713579822953,0.23600970990771775,0.026173625290395658,0.05088000106669396,0.036047419314545616,0.09598489151977613,0.04127588544669146,0.20802892803990716,4,False
168,0.05210450729195131,0.1673852520488466,0.09165955664543604,0.2261423918498527,0.04305059353112383,0.035389889534067735,0.03994018429826221,0.08983475917132694,0.04577407806980819,0.2087187875593245,3,False
169,0.055181235716288496,0.15764173974680795,0.08805030034542376,0.2374842869748434,0.041737926548314354,0.03279125240025198,0.04117939744397055,0.08994716271021291,0.043068353159098606,0.21291834495478787,3,False
170,0.04896905708601511,0.20308784018990883,0.10782486011634916,0.21073536851938654,0.017534939016714803,0.028183892996517777,0.059594899703139866,0.08130726027553935,0.03502011117889153,0.207741770917537,6,False
171,0.059665830806467826,0.19517931292431848,0.1252689647063232,0.16654222272414682,0.054507123353510475,0.03655665267962186,0.048717493157440075,0.05379164683487523,0.04142144108909896,0.2183493117241971,42,False
172,0.02814632768970218,0.16429443305886057,0.06593792477872225,0.24669364826005508,0.05684822268248748,0.07014260460297873,0.04635253690757574,0.07585014093474696,0.026301684986685527,0.21943247609818559,36,False
173,0.07422842666334792,0.15688648302288583,0.0948195422160377,0.21442832365080355,0.04805321394766167,0.046194661603218,0.03787187029841623,0.07490451557975548,0.05077784666120895,0.20183511635666462,3,False
174,0.06869422257747947,0.15274373518172005,0.10727723150959016,0.2184299394704763,0.025582633360337392,0.058717417350568755,0.04014614204355628,0.08020202285396463,0.042154340432856596,0.2060523152194503,3,False
175,0.056822974416182975,0.16381541894884652,0.09177938324435482,0.24236174159025878,0.044595427415626464,0.0519299776497543,0.02507415048288307,0.07894748199034599,0.04698629438864158,0.19768714987310548,3,False
176,0.05838742990695157,0.15744721513674073,0.1009616277843983,0.26054927669751127,0.03388645448578575,0.04553949866034021,0.051672473520264633,0.07126156625177384,0.021521666899849027,0.19877279065638473,77,False
177,0.05587838024753331,0.17778629031153356,0.10784035887065622,0.1740246002406039,0.05565787174146794,0.03283758242364498,0.055206081418755576,0.09941474455082763,0.026658039350825863,0.21469605084415103,42,False
178,0.04882551065833743,0.1684350982848336,0.11220558016217838,0.22816385707914924,0.03793655710096316,0.04809936654831032,0.032951100266296135,0.07054359425830872,0.04311318060752795,0.20972615503409492,3,False
179,0.06727329259805442,0.16313389273276893,0.09724260438243257,0.22626405906999056,0.024556840387132663,0.048859451591408656,0.05404998878973577,0.07496456081802498,0.027651359152944747,0.2160039504775066,3,False
180,0.06799241105138124,0.1797558504252568,0.09189865350728284,0.19642813392248226,0.039055479690045664,0.06555488436586424,0.027540537860728333,0.09794589665659074,0.04648795300938793,0.18734019951097997,26,False
181,0.04882024698597207,0.192767203773981,0.09938582823341292,0.19966048139950893,0.02171639345717571,0.02680766984026326,0.08554410400858886,0.07381425500095594,0.029917625831980987,0.2215661914681604,6,False
182,0.06419038655707102,0.16004515967163166,0.1068261047587984,0.20980800450080858,0.023667835191627948,0.0561598108590796,0.052790330756914854,0.09406884125901527,0.03517833620802535,0.19726519023702735,3,False
183,0.057397700521190025,0.18906950111423276,0.12072030497267375,0.19323238567893944,0.03868714904167748,0.01968217519586203,0.0535511794816894,0.07876126217848345,0.031789893583733256,0.21710844823151837,6,False
184,0.06194551670609197,0.2005288193325841,0.07061638977099967,0.2516430787581921,0.059438461814492936,0.006868878688242173,0.010895523676971806,0.07790833134084861,0.044382319777611076,0.21577268013396572,0,False
185,0.05827582170341619,0.17219904083977242,0.10467401581016024,0.1871160695110498,0.05572154451965709,0.04806182861867875,0.055926779525694324,0.08438628515738475,0.024700591540134032,0.20893802277405246,42,False
186,0.04851021110987468,0.15475807961676116,0.10489601752606556,0.20424757099714236,0.05645631084419574,0.04688894488421818,0.04827392838283719,0.08956016615890978,0.03701402627411386,0.20939474420588153,3,False
