ID,strat_res0,strat_res1,strat_res2,strat_res3,strat_res4,strat_res5,strat_res6,strat_res7,strat_res8,strat_res9,ancestor,alive_at_end
0,0.0891293688503837,0.1116381433712437,0.14306797407748756,0.0017626152350758747,0.18170557653690084,0.06460089139898227,0.014323293764768517,0.10680013013266104,0.14541010227819956,0.141561904354297,0,False
1,0.09076402261402905,0.12290500910223187,0.13803909915184215,0.0,0.1738970296484642,0.07113512156172203,0.015841165981187556,0.09209739387632777,0.15176113184354562,0.1435600262206498,0,False
2,0.09540313323879611,0.11457847673379512,0.15451437995165343,0.0012102948479217797,0.19558596437305684,0.05248518092241376,0.0,0.10695653605270376,0.14421784960582232,0.13504818427383702,0,False
3,0.09590077891621807,0.12052330564913456,0.12274577912184449,0.0,0.17294450346095214,0.08430115650670157,0.008641889297014146,0.0967637990110832,0.16062580801379428,0.1375529800232575,1,False
4,0.09146492597145804,0.11905117067590758,0.12825680992779534,0.0,0.19085746707730647,0.073304385665705,0.02556458249142203,0.09300012918336938,0.14035044160487353,0.13815008740216256,0,False
5,0.09330864791949998,0.11951534837172871,0.15218685782084185,0.0,0.17711255018888244,0.05818972256549906,0.007436742651149184,0.11211540995634016,0.14956034654276534,0.13057437398329325,0,False
6,0.09857349788476509,0.10844041516452634,0.14840704343833935,0.0,0.17659903710652508,0.06456622653455375,0.005865775748922222,0.08657276596932963,0.14093190697939895,0.17004333117363962,0,False
7,0.11112607590003791,0.11368449746505728,0.11621137752230776,0.0,0.1807316202711018,0.08910374652279689,0.0,0.09787640890960994,0.1668765886315632,0.12438968477752532,3,False
8,0.10008447824053696,0.10159092663824892,0.13346264917403247,0.012299387525503792,0.1574779511877624,0.08386249923187869,0.019134622826885515,0.08809105315500125,0.18011205625144913,0.12388437576870087,3,False
9,0.09928611050220913,0.10374013796410683,0.1266864140326305,0.0025178218480314237,0.17699170690176616,0.07788167555267052,0.02468830608931151,0.10633129696231886,0.145796132110526,0.13608039803642902,0,False
10,0.08570928824619321,0.10567120445054966,0.1482058165809791,0.0,0.17423071294157802,0.07935378193662333,0.0014419267966624977,0.11367333349433119,0.15475240060956721,0.13696153494351573,0,False
11,0.09181287755861678,0.12371626827129684,0.15673662084465767,0.0,0.17336659209744332,0.05990327244036573,0.007770627753524942,0.11072839748822275,0.15201905806177515,0.12394628548409695,5,False
12,0.07154285252045392,0.11997415030972801,0.1447473299105685,0.0,0.1942490501577403,0.06945127608076708,0.02036043831261826,0.10292200767592692,0.1363835644232486,0.14036933060894832,1,False
13,0.07889480870885453,0.12899265106685362,0.13605030348685856,0.0,0.1640156920477197,0.06908207632358378,0.01958355328738693,0.1008134570990669,0.15250449939262364,0.15006295858705232,1,False
14,0.11175922285507271,0.12492548476087653,0.13190843427200707,0.007378172301118848,0.1673279960772439,0.08345897035826057,0.0,0.08378266235666447,0.15163456547004792,0.137824491548708,7,False
15,0.09335793952327964,0.119452708152255,0.11996048814401587,0.003849946104713165,0.1745848474901729,0.08752304675889819,0.0014440923351086103,0.09734028476680662,0.16644119905180113,0.13604544767294882,3,False
16,0.07285596571773086,0.12340955271276557,0.1424599880367475,0.008453961227614127,0.18989615057507025,0.06594948145518997,0.0014421701159948999,0.11565390892767255,0.1464594621778722,0.1334193590533421,5,False
17,0.1005115619148289,0.10985067998286814,0.1396811057743337,0.0,0.18851185765840892,0.041113944511807214,0.00610606635976575,0.08602953225346698,0.14607532751369526,0.1821199240308252,6,False
18,0.0898847424047519,0.12707420806259312,0.13079419430685785,0.0,0.17261222884026212,0.07548926806841481,0.011246941518068028,0.08638636749268894,0.16083538783299112,0.14567666147337216,3,False
19,0.08377679063455233,0.10692826230043494,0.14478725132400294,0.008652637665312799,0.19878374822232117,0.05780540693378677,0.0,0.09827005180526946,0.1509951126292768,0.15000073848504275,2,False
20,0.09413809268365703,0.1303336393523707,0.15452433911527064,0.002843321070578513,0.16812161967259862,0.05533293797062659,0.03279073526955314,0.10201260741866414,0.12646802005899896,0.13343468738768155,0,False
21,0.09980005270777907,0.1121636159733881,0.15984450312619453,0.0,0.18837044074342085,0.047751854856076664,0.005712378119152724,0.11518009121361984,0.1376030336693067,0.13357402959106152,2,False
22,0.09055928411452649,0.11152370352346118,0.1484290204035363,0.0,0.17408423135327764,0.07873782577313172,0.036572155606009404,0.0833551957797881,0.13831351419058951,0.13842506925567963,4,False
23,0.09818265397970047,0.12342299492765842,0.12636338546896,0.0,0.16166856720987788,0.09567033504253518,0.01622811024898498,0.08655098931770859,0.15454872237851425,0.13736424142606013,1,False
24,0.08283472560759934,0.10478609275682343,0.13479367030499667,0.0,0.18631165238730577,0.06413636862516499,0.020282673571926473,0.12017106793106874,0.1423912192984178,0.14429252951669674,4,False
25,0.09458216880014565,0.11437750517862476,0.1326152021185145,0.014117890769102755,0.18130330571306183,0.07205289832465864,0.03609348985590281,0.10783958396890157,0.11800881497117803,0.12900914029990931,4,False
26,0.08752381240332727,0.1176112853329108,0.15323740023542853,0.0,0.18591855871753027,0.05811931073542208,0.0041715174950802255,0.12252931445899358,0.12217673403893459,0.1487120665823726,5,False
27,0.08564112628732636,0.10130739620060024,0.1333923657287802,0.0,0.18475950775574843,0.07309062640209692,0.03505871151843029,0.09881749864621166,0.13558151031133286,0.15235125714947298,4,False
28,0.1026095662653176,0.12595153579195448,0.11950074849715468,0.0,0.18358152543615153,0.05549472291549849,0.02917046054039878,0.10879857146542668,0.1388053869636461,0.13608748212445165,4,False
29,0.07035589815661851,0.11940849102892209,0.1270201217193775,0.0,0.17001904280114943,0.07420201865518687,0.008066983052732962,0.119089923158706,0.17120818772485177,0.1406293337024549,3,False
30,0.07301569721789047,0.12505694280839558,0.13731430708570266,0.0,0.19402640079590835,0.08627602406328304,0.0,0.08791143871194972,0.1593649800456754,0.1370342092711948,1,False
31,0.09228070330681729,0.12619989682867236,0.1309878602472047,0.0,0.18805556701518403,0.07061611492633077,0.03745494679617588,0.09024323203373838,0.1313841915324796,0.13277748731339706,4,False
32,0.09135514990971505,0.1220513210566753,0.1311810871944807,0.0,0.17954478562378867,0.07030020909886456,0.013190096954260983,0.1125146599088164,0.15516393162407097,0.12469875862932746,0,False
33,0.11255698738941036,0.11086731227688805,0.12632491037833768,0.006511911396971159,0.19569653041360124,0.04788305620880312,0.034886656228793306,0.07900477858019939,0.13711277086270512,0.14915508626429053,4,False
34,0.07859959802273198,0.13852664091849554,0.12981542199106122,0.0012669114829306266,0.17274384921521296,0.07402028467013834,0.004746907293233016,0.10568398837077918,0.16739627054511544,0.12720012749030174,3,False
35,0.09114508655371664,0.12194627040867168,0.1540764234587903,0.0,0.16888407744380476,0.05678717684351952,0.025396806958030784,0.09469037489526663,0.13900512480375243,0.14806865863444726,0,False
36,0.08791332666191674,0.11376049961587344,0.1256480003982062,0.011652741710434341,0.1945140967854131,0.08193583926838482,0.0368239397280202,0.08661734567839263,0.1370160950959727,0.12411811505738593,4,False
37,0.09043336067886511,0.11858646948245156,0.15036248489640686,0.007392467172250167,0.17642285618204007,0.06532946030210215,0.0041380611185337715,0.11298789233608059,0.13504206604663752,0.13930488178463218,0,False
38,0.12542349245808682,0.10778185971437115,0.14317831950491555,0.0,0.1819652457439128,0.06372152112851424,0.0,0.07643642986079519,0.12834062439717506,0.1731525071922292,6,False
39,0.09535388158333102,0.1294363814555629,0.143707252232559,0.0,0.18846955547117158,0.04581195707469217,0.012872393368569232,0.08593653830729978,0.139396730933517,0.15901530957329713,1,False
40,0.09310388015878068,0.10795709478129127,0.12639995485210564,0.017078155920040524,0.19280509015149885,0.08833676779631826,0.012961302986202955,0.08569005629273867,0.14524104547163827,0.13042665158938488,4,False
41,0.09260509113349284,0.11290335844378098,0.13715403312593213,0.0,0.20491819915512807,0.0670222546131539,0.033889116388575016,0.09397328176963586,0.12527769662564356,0.1322569687446576,4,False
42,0.10362419651527939,0.1311031515508217,0.14264308495715122,0.001861633013429936,0.1791352427993283,0.051814242713292574,0.019504629707468052,0.10406225238902471,0.14932572535911004,0.11692584099509397,5,False
43,0.0825637533120194,0.13266939703241257,0.11493058960413498,0.007026919593086537,0.18470259503151812,0.05664278851468831,0.016362642030475383,0.09821753847110548,0.1581700005921991,0.14871377581836012,1,False
44,0.08094494715600666,0.10207030379160859,0.15241073326075302,0.0,0.18907997473643998,0.07445600024729407,0.009776651896329579,0.10953142005073754,0.15922097591963724,0.12250899294119327,0,False
45,0.07910696884049642,0.11855142666372184,0.12694245538723642,0.010821375737221799,0.18811441939301823,0.06706713745696992,0.03645698849491916,0.08457897782378725,0.15242573190118314,0.13593451830144587,4,False
46,0.11018132490605904,0.12278280533197658,0.14157147052344976,0.001958181490613285,0.15327349857533132,0.07092959568553439,0.011425311716844909,0.08921883608053374,0.1591481158479688,0.1395108598416881,1,False
47,0.09402878084223482,0.11047442208522909,0.11453474507464506,0.007839233769908482,0.18960509068199952,0.07802739162066738,0.023099681149808832,0.09095493005581232,0.1398520629050082,0.1515836618146863,4,False
48,0.090049637041212,0.1268843299568229,0.11893882121834362,0.0,0.1887082125341877,0.08207935483523737,0.01676974097098269,0.11060695693749123,0.1316487352566393,0.13431421124908316,4,False
49,0.10790840279496614,0.11521815128712286,0.12889807456085267,0.0,0.18508936537378748,0.07319806666451811,0.02233208406158952,0.08869967302966732,0.14143013916769615,0.13722604305979977,4,False
50,0.10360302076933657,0.10948510399612302,0.13928256499900538,0.0009431857666741048,0.17581410941367526,0.062019360427082997,0.018901615242181435,0.1260517556904226,0.13341249033987918,0.1304867933556196,5,False
51,0.10734440884483586,0.1180510997200617,0.1281853287619532,0.003466097417162193,0.1851455642252367,0.08483530518233312,0.009699060336197031,0.08820240010925372,0.13226816234752045,0.14280257305544597,4,False
52,0.07468063296787976,0.12189494426982275,0.10844683531625639,0.00993374286011237,0.17879230441877494,0.08166715800948408,0.017181757622809258,0.09473432352192669,0.1614103837802863,0.1512579172326474,1,False
53,0.0831355367736833,0.12473840629153496,0.1383239083694678,0.0,0.1694148848580525,0.08521175207736285,0.01630194052089287,0.10596679054771642,0.15040807528058625,0.12649870528070314,4,False
54,0.08860286538809892,0.12700210338803095,0.1273803267726613,0.0,0.20189172663731506,0.06585292567473651,0.026646172402497722,0.08895564818404803,0.13690703031117651,0.13676120124143504,4,False
55,0.08741252746241303,0.1302315617052819,0.15689353452966023,0.006057169851480068,0.16442762074418982,0.06211727695867565,0.0,0.11693324542675076,0.15265527907269746,0.123271784248851,5,False
56,0.08806503512718053,0.12070694357332865,0.11926016648712398,0.002777649808905812,0.19875283642117397,0.07907281977445564,0.01488499517717621,0.09160480831873714,0.145727856884727,0.13914688842719108,4,False
57,0.1005132378602166,0.10509269608000044,0.1396005045423546,0.001842812866112439,0.15884881443851673,0.09002639008403501,0.022501830083309016,0.09282875032901171,0.14244781658488082,0.14629714713156264,4,False
58,0.08321316775298646,0.11487269229235741,0.12995880813906943,0.021349559376667906,0.18459625642426605,0.06765015258898632,0.0322742006618414,0.09541664020871068,0.14076847464194925,0.12990004791316512,4,False
59,0.08439136304951668,0.12165970201949014,0.12909438190582345,0.0045101971143491305,0.18409490425727423,0.08383826484006696,0.027871307409365734,0.08212555447563213,0.14572916479330764,0.13668516013517382,4,False
60,0.08737087891821896,0.12245383838473618,0.12301147945787,0.024064855576489304,0.1798941962963726,0.07580628282570259,0.01344157313982429,0.0837165212104098,0.14970827156397537,0.14053210262640092,3,False
61,0.10069868343180181,0.11830788379059198,0.13198616219119588,9.802692382922727e-05,0.20827178019587836,0.0635792557573367,0.03028643987507923,0.1005598791193343,0.11419975780124125,0.13201213091371128,4,False
62,0.09956300337049494,0.12590042260729659,0.13982999359021736,0.0023073787728427808,0.17475022256053474,0.06963995845130842,0.017296592413290228,0.07714103903708931,0.14789012689953515,0.14568126229739034,1,False
63,0.08170666821193057,0.12038340748742929,0.13282540766364143,0.007168719416255989,0.17800390645860922,0.07149270238490892,0.04999106725336964,0.08009722752932799,0.1404167219219933,0.13791417167253373,4,False
64,0.08656258611755756,0.13132433871116667,0.13337786891764344,0.0074341642028266704,0.18675309810959598,0.07414822803284173,0.009372999871155802,0.0905157172861765,0.13746353077289708,0.1430474679781385,4,False
65,0.07984813878474957,0.1296735627571179,0.13917306877542437,0.0,0.18389273035948747,0.07658643925246132,0.01287908323532964,0.10060881359163347,0.1362353506960069,0.14110281254778942,4,False
66,0.10311250784554353,0.10583500395311787,0.14949750476301288,0.001450621077554782,0.16713381330929908,0.07014823083825802,0.025857271718051137,0.09560945004145961,0.14006858753376916,0.14128700891993387,4,False
67,0.0751512191623588,0.11823638959476408,0.12153663646172226,0.0,0.18588928813546624,0.096505189938664,0.0430607360408073,0.08746344988679876,0.12379156704698023,0.14836552373243847,4,False
68,0.10084443178317233,0.10662253846547741,0.13585124329234466,0.018172157439889838,0.16718418213566358,0.07213939873396859,0.04550920790894382,0.1084088161193733,0.12147023257746335,0.12379779154370306,25,False
69,0.10064208118765407,0.11363978099446277,0.12503393678836544,0.021939614202449664,0.174656607060043,0.0751222718014031,0.025009132625882436,0.11156825063382304,0.12071317379660686,0.1316751509093098,25,False
70,0.08536853601129468,0.10063496868528543,0.13878738686051328,0.0031140151513349397,0.16588239119968118,0.09268309173338216,0.008856733877872957,0.09375436851562106,0.18582771964840478,0.12509078831660964,8,False
71,0.10200469536470459,0.11429066127628566,0.13571052607448497,0.015973214668827077,0.1926910818550229,0.0659167159771794,0.023718118926428926,0.11381882123080672,0.11576067492821134,0.12011548969804825,25,False
72,0.08153615841627124,0.11369104367346687,0.14186896814537311,0.00932817942830722,0.17768571936790792,0.06475005899995942,0.021701243456565197,0.11029625385991539,0.14662833040059056,0.13251404425164315,4,False
73,0.08944650021038303,0.10504803846454291,0.12240713150381032,0.012779874666345309,0.16559169935997586,0.08837306255560551,0.04746341209013464,0.11744883103112383,0.11321073679838303,0.1382307133196955,25,False
74,0.09562439679357104,0.11873988540586967,0.1304908442512827,0.014563284578405868,0.18676082986479275,0.07590950421785332,0.02389030947346425,0.10119207106680063,0.13990800600426637,0.11292086834369348,36,False
75,0.08629573206695436,0.11530978810420296,0.14243115465705314,0.0,0.20332137550845333,0.06436423753168187,0.02539509220269565,0.09666625276124308,0.1300104521502673,0.13620591501744836,4,False
76,0.08894568432489831,0.1096248738503415,0.12461697990768511,0.011821383192726737,0.17610142372651783,0.07651138067342343,0.05320983970663957,0.10159339542585066,0.12964546682641065,0.1279295723655062,25,False
77,0.08666893044912397,0.11633847108317005,0.1406643923350414,0.01857894875220957,0.15279652144426684,0.06495095622965111,0.01611408958722967,0.08241552459426424,0.18679591769819454,0.13467624782684867,8,False
78,0.08598342134416961,0.11730311683457773,0.1433916365205252,0.013066581563478459,0.18457829012736576,0.057299176825750205,0.019229252758933037,0.08868013753920809,0.15933999519784733,0.1311283912881445,4,False
79,0.09726635142250378,0.12190129166644965,0.12288765711106354,0.0,0.18916892443258518,0.06082886281470324,0.01697513028991713,0.10270075762295922,0.1377982045280729,0.15047282011174537,4,False
80,0.10266872428935256,0.09309080257710517,0.12151348041558092,0.030540290153527605,0.18023575663958305,0.0597511123390525,0.040946217277985746,0.1095387797092886,0.11817819543948618,0.14353664115903775,25,False
81,0.09700464031988033,0.12743982093846126,0.140246377339756,0.0,0.1570840022269343,0.07285181104015481,0.013066083336256215,0.09116324051101711,0.1568199443217743,0.14432407996576557,1,False
82,0.08482549798641262,0.11978166751036366,0.14938601698127404,0.008461434081485052,0.16448177564859942,0.06872510768819033,0.03635556928522395,0.1095860896838989,0.11638595514786652,0.1420108859866856,25,False
83,0.09009605968615857,0.12299751145397643,0.1268947437246973,0.0,0.1927668523801357,0.0843114565734965,0.02559631295518977,0.08925801513777919,0.13906126349878456,0.12901778458978194,4,False
84,0.08012750027803198,0.11965824251361959,0.12357934122779309,0.016678062397063445,0.19538419057963963,0.08310935600284608,0.04162119167033735,0.08452610202365803,0.14687459128879923,0.10844142201821158,36,False
85,0.10099274480702945,0.09690985363562178,0.14214016493652662,0.0323570787855573,0.16649081281688902,0.05774517863195761,0.03617884030662728,0.10397671545612497,0.13247720105128538,0.1307314095723806,25,False
86,0.08444318410460054,0.11764205832724411,0.15086068323333957,0.0297051566171683,0.1893149011575653,0.06659432184838607,0.01556553512920586,0.08967589058824037,0.12548554693020408,0.13071272206404577,25,False
87,0.07693180856262766,0.12151172624666555,0.12441617779588765,0.02055109514929173,0.17211611951547895,0.07490839163887122,0.017487905582855245,0.09126076750697479,0.1529207944373073,0.14789521356403987,58,False
88,0.09929038851454013,0.1101664944504748,0.12953708932924982,0.010734676258405088,0.16680528610753834,0.06679019365708545,0.04671084156471798,0.10579472702225026,0.13356806902786905,0.13060223406786914,25,False
89,0.08415986024541104,0.12806988212416218,0.13179346723431545,0.012598991385315844,0.17206950449105507,0.08891652576303177,0.047640121771484606,0.09354429193425842,0.10924382089233375,0.13196353415863174,25,False
90,0.09279132268293735,0.10784344591270824,0.13502824488619425,0.0,0.18673911691091957,0.08739645482184101,0.03412979295745752,0.08323363634298554,0.1451690069791618,0.12766897850579467,36,False
91,0.09519081928778109,0.11419050621091266,0.12243903581467411,0.0017108411443047906,0.17810601967842615,0.06614343904787032,0.03841439415924282,0.11578456817295583,0.13698452742105888,0.13103584906277332,25,False
92,0.0925149608268448,0.1143732801267156,0.12504265954996252,0.02637232137289945,0.17179765651482315,0.07724577949310724,0.04216023284715949,0.10680241084365942,0.1096693797514693,0.13402131867335898,25,False
93,0.08391205698768145,0.12808486302595962,0.13014129680710296,0.014058744474697257,0.1719991837429584,0.06862394268374712,0.026048201756086277,0.12145010269461665,0.1275545974332111,0.12812701039393912,25,False
94,0.1013208256978187,0.11029788368336495,0.1336137269699614,0.026600671464364224,0.1703535000905174,0.07208350092648798,0.03480271420434957,0.10822498176602707,0.12659476650537088,0.11610742869173776,25,False
95,0.11162330375245726,0.09989277458175672,0.12277907836996098,0.01692079544229993,0.18090307946503334,0.08090346250752802,0.038708084504655564,0.0904993548774559,0.11471876697799496,0.14305129952085718,25,False
96,0.10308387845444637,0.12415110265522852,0.13994965530547757,0.008046045101541839,0.17954436077719935,0.07140992998427749,0.018032106107603144,0.10287925576689069,0.11688582217210745,0.13601784367522757,25,False
97,0.08991560230187517,0.12008272969125398,0.13418769099956313,0.013120621274182419,0.18401010743274676,0.07333599854057517,0.021724782531413724,0.1182824494173936,0.1264966164188811,0.11884340139211498,25,False
98,0.08648909312437553,0.107959790176972,0.12864926931133036,0.02009405083412488,0.1657862293933272,0.09399645546094008,0.03839891404651072,0.11599194605346817,0.10433589069127167,0.1382983609076793,25,False
99,0.07113924560004424,0.12123059736123828,0.121864437010172,0.023225319962955515,0.1746736796949926,0.08214147105774466,0.039186198006183774,0.10385112518076563,0.1295835229448859,0.13310440318101743,58,False
100,0.08200767487569555,0.11395653324315984,0.14331110390471039,0.013930925170547087,0.18884116282380398,0.07853089569689035,0.02008738249836408,0.10375802935798939,0.12699091306299815,0.12858537936584113,25,False
101,0.09117085281485264,0.10601127327524706,0.12736115636085182,0.0020769728307343813,0.18540108737380487,0.08479974287378039,0.054132402278263034,0.09062305125018827,0.1403117172972706,0.11811174364500678,25,False
102,0.10290193543490443,0.12295171623611784,0.12017598665475594,0.02130673015865022,0.17854296326485067,0.0843083843501455,0.02827065198427376,0.09908755457275642,0.11321137166864671,0.12924270567489854,25,False
103,0.09520022111734142,0.09521063584440391,0.15229484355102801,0.013469009039523699,0.17572999133325776,0.06818958370976928,0.02171023086736104,0.10956707777147472,0.13557538323271975,0.13305302353312037,25,False
104,0.10094362583420936,0.10353646502941292,0.12648771233198625,0.0019506037704797364,0.18109106764061128,0.08085706227834631,0.04739299713156798,0.10781679254265952,0.12380309982270593,0.12612057361802087,25,False
105,0.09888845836190503,0.09557152338164142,0.14425424414563745,0.01101239435685268,0.18867390920400756,0.0819350246727102,0.04393602735499639,0.10346615299780475,0.1045294642444533,0.12773280127999115,25,False
106,0.09250291172193491,0.1432205748316831,0.1607579837389373,0.0032258113765622027,0.17505037652974853,0.04254679187658347,0.03505966491638834,0.10417425274879759,0.11305203031507294,0.1304096019442916,25,False
107,0.08361803600546486,0.12353687728258886,0.13100038160366734,0.00030977048666710566,0.18854745570123732,0.07916470252468157,0.018131912357896813,0.08521239181866354,0.14441334143745557,0.1460651307816771,4,False
108,0.10113288389873787,0.12010244713429132,0.14323317889832887,0.001199861397496219,0.16970028480941735,0.08042287625835698,0.028159179023959067,0.10372634560550216,0.12070790935858937,0.1316150336153208,25,False
109,0.10363613015699491,0.10908955781480881,0.1284011984681379,0.0036868239901340174,0.182214937993071,0.06571080006317548,0.02370012022856331,0.10575046661330212,0.12781126029724235,0.14999870437457014,25,False
110,0.09816691352652376,0.1081994763354027,0.12195539599101299,0.007062272441432207,0.1838815063639375,0.08219545219907466,0.028079104931277132,0.10316816861675353,0.12659066372920025,0.14070104586538534,25,False
111,0.11604872955323649,0.08735452998333056,0.11425843270858127,0.01844047136972798,0.18450135281351557,0.0776413114156238,0.035856212155169376,0.11153274589155701,0.12152587322123559,0.13284034088802227,80,False
112,0.08876589173992984,0.10115512151946628,0.12947098145047367,0.0,0.1979105494894239,0.07122895005549351,0.0389943320290219,0.08660006740591912,0.15514689455260744,0.13072721175766425,36,False
113,0.10226436657377748,0.11916348122247296,0.12705047044748086,0.017885659528717006,0.17922474386975942,0.0625377937738555,0.04032092299764665,0.10435541206891458,0.11813380894655427,0.12906334057082133,25,False
114,0.07257007224132667,0.1252665624144183,0.14308253758077158,0.005975602082756118,0.17622410788201054,0.05654012793938039,0.05647590789190529,0.10238356968336458,0.1199859162439289,0.14149559604013762,25,False
115,0.0979680628785735,0.1079034853793328,0.13258147949036225,0.0,0.2122429049874255,0.08385597516621868,0.025804138406518316,0.07360836660503714,0.1470016978591025,0.11903388922742936,36,False
116,0.0915844790325296,0.11107511068257342,0.139578408998725,0.0,0.18118837664682688,0.07057832448924113,0.04435560652833429,0.07808006160989948,0.14062790876639952,0.1429317232454707,36,False
117,0.11336291229178772,0.11050125032528767,0.122421537127717,0.021963089884585365,0.18109387050048742,0.07284050144646206,0.04420389560198001,0.09113296227174583,0.10536273762982594,0.13711724292012112,25,False
118,0.08440275501945829,0.11994775546627097,0.12267448588374151,0.024496961963376373,0.17959169331966568,0.08335949780150725,0.0448839015415929,0.09628146228699835,0.11293922341941988,0.1314222632979687,25,False
119,0.09743061435388868,0.10036758325067204,0.13920463692828727,0.00438987225482959,0.17281316609843275,0.06894408679958966,0.04206036735291668,0.11211003822575016,0.12199234940875898,0.14068728532687416,25,False
120,0.1094680305577847,0.12088820626981646,0.14196251314486608,0.012405009358426594,0.1472795787945329,0.07847118848799829,0.019925992945416464,0.08014099472226657,0.1711684017270996,0.11829008399179237,8,False
121,0.09717259294720224,0.12963798695813203,0.126811389202498,0.01632825765686674,0.18177540252036242,0.07243332940602737,0.012244202071064471,0.10492736690844114,0.12008416974647333,0.13858530258293233,69,False
122,0.1003673792852293,0.10857333328058535,0.12467378793445691,0.02653229264517534,0.18126838057577405,0.06655136068658683,0.043079819160114795,0.09517192247394976,0.11629478327321684,0.13748694068491082,80,False
123,0.09896317890845227,0.0841285002933809,0.12005194253199385,0.02538378467433153,0.17333591783815844,0.058719298009248896,0.05430788758222774,0.10158985505885941,0.13317487585713675,0.15034475924621019,80,False
124,0.10527179502481276,0.12859325767057633,0.13478026054626124,0.01412201017051393,0.16639354918086863,0.07895415314106999,0.024993992714979915,0.11378799443155554,0.11896271370236912,0.11414027341699245,25,False
125,0.11134325316067316,0.1343829851627587,0.1266601399235291,0.0,0.18676770375591084,0.06397377037556687,0.034587042365154794,0.09673684027416643,0.10339372189308042,0.14215454308915967,25,False
126,0.09696074412029886,0.10772783720841833,0.1444834077493321,0.0,0.1785638250175457,0.0736663350247853,0.033438923207004714,0.09678363135711976,0.11798997193917696,0.1503853243763183,25,False
127,0.08730315952944814,0.10286902236875288,0.11564620447041524,0.029269858841574774,0.17953713167335839,0.08157470377531292,0.03213418326039559,0.09799736551130213,0.14650747543760004,0.12716089513183992,58,False
128,0.10974795799888189,0.09198911823903894,0.120001005871424,0.03990653584397661,0.18136954668818525,0.05818140515914943,0.04055580492589466,0.09822445430252136,0.13317360116543975,0.1268505698054881,80,False
129,0.09926378695276357,0.10657630391969501,0.14663917166611856,0.007790814812173639,0.18677552339148412,0.0703263814679052,0.04289051827783024,0.11172886571203137,0.10579622511490477,0.1222124086850936,25,False
130,0.11296030529447823,0.09001951468466013,0.12449633380093843,0.02029736862652418,0.17184883141578458,0.038709389245231186,0.05132786780469936,0.1227279280430213,0.10642918569716085,0.16118327538750168,80,False
131,0.08692708673466397,0.12338804455188249,0.12134950081498247,0.001466954382711457,0.1839137938878897,0.06952800776813076,0.01582147408538957,0.08826448206242812,0.1507735027806663,0.15856715293125515,60,False
132,0.07678661328204392,0.11589212887012007,0.1435843141768808,0.020828318133919378,0.1853630472591893,0.08179781528411922,0.03261958778210401,0.10756457456921764,0.11819105701826495,0.11737254362414075,25,False
133,0.10796067566452433,0.08995900518021487,0.11878610436626119,0.02311894697999598,0.1915855318865965,0.06253090666165592,0.041243600429096736,0.10080005475127647,0.11753841246412586,0.14647676161625217,80,False
134,0.09348648737907049,0.11341076942970359,0.13415930952313934,0.011012174827846393,0.18345321262244277,0.07340326394461884,0.03996594027179925,0.09884569983477683,0.12563245619448976,0.12663068597211263,25,False
135,0.10921105135422977,0.1073438773233363,0.14211825656768823,0.030196973280208674,0.16377256583944913,0.06174398695825937,0.03397748844998095,0.08601296381050723,0.13265085516039046,0.13297198125594983,85,False
136,0.10697691205449734,0.08059189385432693,0.12304739065670428,0.03858583794461592,0.17246605519340416,0.05235754843378106,0.04454255298653862,0.12344253016957207,0.11563822013714622,0.14235105856941346,80,False
137,0.0863775504277946,0.12008840457707294,0.13552758176190485,0.022207039033789816,0.20461023028524575,0.060468390822325864,0.03352142415201663,0.11105597421809721,0.09853321293689528,0.12761019178485714,25,False
138,0.10035918756418179,0.0915039810659985,0.14125222556582753,0.03461142981890653,0.17142954096207852,0.07463866088125841,0.03914365760420634,0.10405143426787812,0.1008255758117437,0.14218430645792057,80,False
139,0.09583472032318636,0.12306754279998107,0.13754860726389959,0.02012154582490494,0.18581601769510386,0.0780885192559237,0.025407087843644906,0.1066476756014107,0.10593035904099113,0.12153792435095362,25,False
140,0.09874289973131299,0.09274410126451693,0.13234347919607087,0.03115617991209735,0.1752481547577132,0.053582632329540296,0.056845813435837486,0.10053605490826022,0.11623608735497273,0.142564597109678,80,False
141,0.09789943823745166,0.09781646206895951,0.13568015062487526,0.0424851715157169,0.1817602039010912,0.05211781349629407,0.04688495701415025,0.0933736984900359,0.11276584865592557,0.13921625599549964,80,False
142,0.09468855376778332,0.08814392841540875,0.13910564315104523,0.03213969301832316,0.15997824034334038,0.06326521868517816,0.04109945851077718,0.11590300688251709,0.1301293661191754,0.1355468911064513,85,False
143,0.09410100138933847,0.09659255819025712,0.11368648547690963,0.020443349722865663,0.1779294345728454,0.0671574298482286,0.04541701096921669,0.12607884712460155,0.11361572036412745,0.14497816234160948,80,False
144,0.08885746718679889,0.10981752622819771,0.11567093880650389,0.04316163469737032,0.18272981928824114,0.05628244470918887,0.038321966944139425,0.10066073843930368,0.11637511704809794,0.14812234665215823,80,False
145,0.10869964651459328,0.10534619717138508,0.1317994953344773,0.025285614365919192,0.1581062075658655,0.05610570596626412,0.049460152564922436,0.1056230987800658,0.13910174492331856,0.12047213681318865,85,False
146,0.10084534038798988,0.08422056149140456,0.11488223253912468,0.03797005701727463,0.1957372282115639,0.046281626176529776,0.05577947799309713,0.08696388099034331,0.13006790983068828,0.14725168536198396,80,False
147,0.0936358091192484,0.09258798658172959,0.11940745783739304,0.04026092331961785,0.18759304752368727,0.0533997891471159,0.043513554481632195,0.10134031987522785,0.12619874072457093,0.1420623713897771,80,False
148,0.10609054321152324,0.08745669086403038,0.13071926769208475,0.021927980438296763,0.18496602052034414,0.05913242218085064,0.037371806758037286,0.09591875793039736,0.12167836132072112,0.1547381490837143,80,False
149,0.08958823823003478,0.09464539058176971,0.12225131352441206,0.034486286513053216,0.18116616019648046,0.06253802221508999,0.02829299516376019,0.12223908856381861,0.11674238578397267,0.14805011922760838,80,False
150,0.10946202696750469,0.08455476410758779,0.1339988541435508,0.044289820260059384,0.1724511144430269,0.05415374946174464,0.021312013592065998,0.10188956126836804,0.12481744026818463,0.15307065548790724,80,False
151,0.08436976852110066,0.09776805667455464,0.1470592883344691,0.02359553580887828,0.1621888546546631,0.0730462670316645,0.05425018539302777,0.0954631294265786,0.13132420329447173,0.1309347108605916,85,False
152,0.09532727404961606,0.10286810980002556,0.14114403321399938,0.038052244267989054,0.14606324828764058,0.057808028380591014,0.04273356841658302,0.11849478672858936,0.12549064995197173,0.13201805690299417,85,False
153,0.09327717388527655,0.10204711676759992,0.1397232900294063,0.02952395522162292,0.1768311390285141,0.03737837075641104,0.046044677371839725,0.11660790967134191,0.1313456014941048,0.12722076577388275,85,False
154,0.08834142785375049,0.08743887559019087,0.11699954228086624,0.04059785014246661,0.1878886860332524,0.06053059659388804,0.04028783891827971,0.09570792295568512,0.1227327923125858,0.15947446731903467,80,False
155,0.08626252811520897,0.08131447292778314,0.13264163335192547,0.025426862692576914,0.1671579114339011,0.07450180277460493,0.048769630671945355,0.12291751356025363,0.12153994583045757,0.13946769864134292,80,False
156,0.09867402001417092,0.08914709801963175,0.11991913118837925,0.04189693508393534,0.16883640762690014,0.06425377940114343,0.02439815986124086,0.11940408963713575,0.12825221423307237,0.14521816493439024,80,False
157,0.111878417870286,0.09565561963644743,0.12603024660614617,0.037579251793581014,0.18178234269595558,0.040029484061172974,0.044989626549772614,0.10143328913541406,0.10869314372680186,0.15192857792442221,80,False
158,0.1097877879937852,0.09205703148757027,0.13488884721449246,0.023113489395468336,0.17375536997367147,0.05453839522193852,0.04605430317441282,0.10292923920465202,0.11130448732873913,0.15157104900526971,80,False
159,0.09731006808525354,0.10163990586373625,0.12797233291714163,0.028107262367313885,0.16146615998684152,0.057616354898469106,0.038477544805157984,0.11400183302867545,0.1178296080240542,0.15557893002335654,80,False
160,0.10258521185765543,0.09128876873891238,0.12289450826595272,0.03213509523399862,0.18026379486366997,0.048747797181818105,0.051552152806980674,0.11801739285678847,0.11752768219379281,0.13498759600043075,80,False
161,0.09584577222710342,0.0907975176695145,0.11370459369226917,0.02899572673916775,0.19348497298874875,0.06316163041947442,0.03285412703723309,0.11054137508019045,0.12150917446968755,0.14910510967661092,80,False
162,0.10890217589961088,0.10105191314010724,0.09875415130683098,0.025682644075299195,0.1728504010078682,0.06235141905463488,0.05383415675861228,0.12167250720302415,0.12248555331488058,0.1324150782391317,80,False
163,0.10544763766832939,0.07342880946973124,0.13970894471273188,0.052028933902006885,0.17368530562313186,0.060800050765572794,0.022817260314645506,0.10851860459842101,0.11208299335106225,0.15148145959436712,80,False
164,0.10250555807493923,0.08390038285875369,0.14787725666986282,0.023142123912726995,0.1803927822464657,0.04558893044871981,0.019681345688077872,0.12208492554690754,0.12941643833141805,0.1454102562221283,85,False
165,0.1129645337523764,0.0913668595210724,0.11997042225338381,0.020016962929415107,0.1784175812070711,0.056125537614616104,0.043811751076361566,0.11361958769361939,0.12231477860095198,0.14139198535113215,80,False
166,0.09278601948904197,0.0918471884942064,0.12240345895166432,0.019630857364803675,0.18548153204333487,0.06347990013714856,0.03064175732956114,0.12454955911307485,0.12029590333049145,0.1488838237466727,80,False
167,0.11430634167538552,0.10462741067449013,0.11629042603965013,0.02945658067855354,0.18111193303704573,0.056738265779614674,0.04166531775198461,0.1253289342822282,0.10308293098165253,0.12739185909939502,80,False
168,0.10366076238372979,0.10405425497805983,0.13401694920967833,0.02343079829768101,0.18970798497612423,0.05234132079981116,0.039499093685264546,0.09356160247046942,0.10842125727456195,0.15130597592461975,80,False
169,0.09204508828978987,0.08237540829535145,0.1316065116307686,0.027392147737956302,0.1795221864887868,0.06217865955991678,0.03686613903618841,0.10157198165779943,0.1453966163932589,0.14104526091018363,80,False
170,0.09702198195488075,0.08904288820183058,0.14280201252477842,0.02555626637350961,0.15982188027309543,0.08319553840590234,0.03163165921082946,0.11003126763629989,0.1309357402309444,0.1299607651879292,85,False
171,0.11386315091121471,0.09121961358468883,0.14472900356564683,0.04670569138488652,0.13955357167244223,0.056855486266629396,0.044122220361697995,0.09936934290021898,0.13063604541472426,0.13294587393785018,85,False
172,0.098825954948234,0.11106495298907759,0.15873191765091127,0.023992319776080066,0.170770150762643,0.05767109341830775,0.013426069608108273,0.09233051262421407,0.13026620234724576,0.1429208258751782,85,False
173,0.10117683098848797,0.07570918858083878,0.11346661474027696,0.02993528792237096,0.1827185782126091,0.05537171477946139,0.05024156284178809,0.10532633833110573,0.13544851289398743,0.1506053707090737,80,False
174,0.09640975256681164,0.11140248702674306,0.1297995189184774,0.02653972647825366,0.17606293901780257,0.059000684936430264,0.04296856437532447,0.10758786893010049,0.11876839828534072,0.13146005946471587,80,False
175,0.1010472875637292,0.08789945454040576,0.12196944193995583,0.03155820108359178,0.17188102432353497,0.06729365110080171,0.03837474911438308,0.10193265799825607,0.1291455671883237,0.1488979651470179,80,False
176,0.10280304947741566,0.10077245791021253,0.1165920939871404,0.03632377784947977,0.18591372715045604,0.0677829012842583,0.034057003143217676,0.11464723114490327,0.10424295688900595,0.13686480116391045,80,False
177,0.08787454007779263,0.09923647927799543,0.14870744707324515,0.028140607056427517,0.1709606834585879,0.060743531617732216,0.02958822431044133,0.09554024430386367,0.1351919182762327,0.1440163245476814,85,False
178,0.09193040118059757,0.09709593454062876,0.11805110695928547,0.03284239589764834,0.18879852627385413,0.05836794721440455,0.03745480728797826,0.1201534389960678,0.10626063623732263,0.1490448054122124,80,False
179,0.08433684762485791,0.08337155005966951,0.1352948257519628,0.059979090024172704,0.16622696824968497,0.050613351899718786,0.024346119831979388,0.1252888286907712,0.1389114637923797,0.13163095407480324,85,False
180,0.09048129757569259,0.10690855797318902,0.11778273743759456,0.031050542890786924,0.18408261696814582,0.06319135597122494,0.03689983407831953,0.11419739995505654,0.11367730558684726,0.1417283515631428,85,False
181,0.09744024113742773,0.10260917708151185,0.13173773972496158,0.04484630461223832,0.17625390223096532,0.058249272173577,0.023616558667262928,0.11071141898348055,0.12608938423909563,0.12844600114947907,85,False
182,0.09185471305569168,0.08634928590246983,0.11640052555677996,0.03295061350076796,0.1737921564057726,0.07151945296449724,0.039543902476731195,0.11302614429463244,0.13135711844346218,0.14320608739919485,80,False
183,0.09974008195960041,0.08645572563928108,0.1206523581237147,0.02572801479826815,0.1832396411024332,0.05759591531952344,0.04049759037102581,0.09833430547153978,0.12929461789499166,0.1584617493196217,80,False
184,0.10511854688869868,0.09070599488106523,0.13839846995676125,0.027282952895779464,0.17656867575850754,0.08255316367832624,0.028860028055196225,0.09981946459097463,0.11676822278812596,0.13392448050656475,85,False
185,0.10224493592637016,0.10725912691731934,0.12978949462831965,0.02447865716153716,0.17670437862206614,0.054446819297604115,0.05821723399911216,0.10293796063794643,0.09555415822787512,0.1483672345818498,80,False
186,0.10648828093112245,0.09492723567079318,0.11285052666288431,0.021794504119418148,0.18498677601444147,0.06624609047544137,0.039340293895118006,0.1130190590846739,0.12043605702483766,0.13991117612126955,80,False
187,0.11318422027179767,0.07575803586207741,0.128404839855462,0.029252914397554577,0.16891945430699437,0.060042624277406094,0.0463209388133941,0.09598407833292763,0.1321496227743055,0.1499832711080806,85,False
188,0.10685901806069491,0.1085037096080445,0.1418571737610823,0.025146100680991063,0.1532793604677249,0.06269262900206352,0.032743095793462566,0.11042923938093668,0.13978908996449474,0.11870058328050473,85,False
189,0.11170849831691886,0.10028524258425142,0.10922254577225407,0.018688407664701784,0.18520801734598408,0.06351941215243788,0.046757431382423664,0.10652738132928817,0.11673637161345161,0.1413466918382885,80,False
190,0.11046793670263412,0.10057372380641065,0.12175252019154455,0.029703386013190274,0.18405910548829077,0.04791374206867102,0.050064035971107416,0.10786328244954765,0.11903200057361894,0.12857026673498453,80,False
