ID,strat_res0,strat_res1,strat_res2,strat_res3,strat_res4,strat_res5,strat_res6,strat_res7,strat_res8,strat_res9,ancestor,alive_at_end
0,0.11632070163700677,0.0383737586327051,0.12273490621893064,0.13945624261492084,0.31795349712305826,0.07572275882604405,0.12117880328437956,0.008245168837097177,0.049509663241946625,0.010504499583910918,0,False
1,0.13196467532894285,0.026108704755532154,0.11599310440924271,0.1300621560018578,0.309845657916036,0.07895349711782387,0.1201830362850367,0.011611902691549152,0.05848075061612862,0.016796514877850163,0,False
2,0.11563754580363074,0.027431192578122144,0.1264624528824305,0.15219803528011427,0.2963716219479181,0.07704843648590408,0.1295689566117886,0.019445425861881877,0.05277460202083741,0.0030617305273722877,0,False
3,0.111355492758697,0.018414815063824683,0.13409571282531713,0.16665938578982684,0.30833523410420166,0.08342126552297181,0.10827821917117156,0.010722056271535267,0.05871781849245405,0.0,2,False
4,0.12125438276383929,0.04325687772430053,0.11732326986757077,0.14682728219896088,0.3207315259881635,0.0665346900320831,0.12143141500960328,0.017625144949387817,0.03940311042061619,0.005612301045474719,0,False
5,0.11902289916428363,0.04243556474919957,0.1297622184995666,0.14130575459649777,0.2938326872049078,0.07349589916899617,0.11618779754489474,0.00253129212122265,0.06029099811431481,0.021134888836116278,0,False
6,0.10675548301866991,0.04757397054238825,0.12953698273494568,0.1432779622818294,0.3187242992910898,0.06382667753311594,0.11386171644328102,0.01740691467681698,0.03644270603720296,0.02259328744065996,4,False
7,0.11146082175074218,0.01373128726743428,0.1504850803477707,0.15072091586599717,0.3095781200793391,0.07776196710182101,0.10170643298140512,0.01647840948450134,0.06807696512098912,0.0,3,False
8,0.12128500468871793,0.053673243590844306,0.10551704931023374,0.15010210062185822,0.3138338993293735,0.06542323736397443,0.12829865022408174,0.010898050553115634,0.050968764317800445,0.0,4,False
9,0.13229324495368644,0.03727123073834377,0.12283932386579523,0.13740687818137706,0.35149658037035497,0.05855813105326045,0.11508851401015883,0.014125174384691797,0.030920922442331487,0.0,4,False
10,0.12171924820749637,0.04307023281695463,0.1191718325534098,0.1331628506387576,0.3032297200540973,0.062345883709727955,0.11032017209421188,0.01975023491369694,0.06101640744518823,0.026213417566459257,5,False
11,0.1444658377730806,0.05120724487734918,0.10222276077574892,0.13485543780302747,0.3612841191927689,0.05516498613068929,0.11234114517228154,0.020579381536144994,0.017879086738908895,0.0,9,False
12,0.1294498757929003,0.026294766707462166,0.12122296060571544,0.1587342930251574,0.3010592319284012,0.07239249585444735,0.11171599106256877,0.0,0.06251135794110843,0.01661902708223893,5,False
13,0.1399807738526594,0.021017857167372967,0.11839474050514288,0.12335101013418096,0.31599374680329834,0.08483601599218688,0.11805601354564359,0.009327744243495747,0.058284364722055275,0.010757733033963874,1,False
14,0.1094219013326472,0.039348051468431906,0.13315754050066633,0.1481374158144984,0.274720771733673,0.06107808774671371,0.1240137229665295,0.04101054112723555,0.056731912626304185,0.012380054683300199,2,False
15,0.11524582346788625,0.02011905733953237,0.15587235112979592,0.1500926982205127,0.308433541926625,0.07074256550634597,0.10326781272061669,0.009640516149583505,0.06658563353910169,0.0,7,False
16,0.09999617324773413,0.04991772885118231,0.14381450292111947,0.14710192007416167,0.3049383557204146,0.07452790912283545,0.11121610880472847,0.0,0.035599544818578785,0.03288775643924512,6,False
17,0.13786198936966915,0.023733975193942058,0.10908184490103387,0.12323783065257521,0.32665360251466596,0.07389209787287843,0.11834257067188407,0.012711579395906563,0.04768104873178344,0.026803460695661183,1,False
18,0.10286319126791563,0.007001873015395113,0.1544518144760633,0.15994746032135132,0.2936578064889155,0.08879451770783206,0.11547877744633839,0.0033209348986549107,0.05753015537991429,0.016953468997619528,3,False
19,0.1298714511030586,0.04326016738903294,0.12771178297907174,0.14315426353792837,0.29281068602482224,0.05137507943213325,0.11573736546142815,0.019629485947953922,0.055595566045339224,0.02085415207923168,5,False
20,0.11452627688070822,0.028640488332338173,0.11797502159208212,0.1564815868733288,0.3157777907242681,0.0874103635508996,0.12270457203438304,0.0,0.05468681655820228,0.0017970834537895993,0,False
21,0.11040061468765527,0.048057220244168704,0.13271122468543675,0.1425149682737953,0.32180342408621665,0.08058789994644125,0.12384014883319776,0.009289418517488351,0.030795080725599888,0.0,4,False
22,0.14428216498046173,0.04159247174584494,0.10172643792668938,0.14219801758049425,0.2876029296054767,0.07767201291940673,0.13191243636388095,0.013592460570659826,0.042783300086243696,0.016637768220841793,1,False
23,0.09990206505157895,0.028626252794313054,0.1142654847947061,0.140951382632896,0.2946016553667341,0.08982855119894283,0.13441176554752216,0.019188825849481058,0.0682718647590232,0.009952152004802546,2,False
24,0.13616227958977006,0.010300397067730177,0.11493111342711686,0.13638618700973756,0.31151480029494416,0.0932722258819753,0.10831183216883336,0.008018161798651518,0.05990841923799973,0.021194583523241276,1,False
25,0.11389703505021029,0.038320536844985806,0.1353422015347406,0.14059676943612295,0.2799804065286569,0.07268384846204787,0.1348952280215008,0.02794983936363275,0.056334134758102,0.0,2,False
26,0.10993743419792512,0.04751757023442521,0.13084926794594948,0.15627069387600848,0.29609177130178654,0.07900793181758291,0.10936518471645934,0.0025519334458846583,0.06317638943742998,0.00523182302654822,5,False
27,0.13000740163839314,0.028349482198076377,0.1207389799732443,0.1310335507773343,0.3065266859600674,0.09135794496246065,0.11152933813348612,0.00018753373745952106,0.051302415979301255,0.02896666664017695,1,False
28,0.12416369110858781,0.04340154553151374,0.12406466888593833,0.14739678087877578,0.2927898323657281,0.08793870743886463,0.10445872036874275,0.0,0.0581483099592376,0.017637743462611176,5,False
29,0.1318870902772423,0.012761281542220124,0.12204911370627351,0.1229482340718205,0.300969860393612,0.0833830341009903,0.10834456061675163,0.017066812273748545,0.07126497978603916,0.02932503323130202,1,False
30,0.12760682768270512,0.0501837832041591,0.12464233767770025,0.12704042080204064,0.2871272318671345,0.06715778477488664,0.1402993563734985,0.0,0.07050843074531485,0.005433826872560316,5,False
31,0.10132177387560712,0.038144217170204,0.12168040026896285,0.1552569406958289,0.3326004472469796,0.07355238969059699,0.1243367927826375,0.01087643946964062,0.029512496463121297,0.012718102336421053,6,False
32,0.12686691662147032,0.05585403954292555,0.09721305387183762,0.13844910300909605,0.31505224898758527,0.053632244385372105,0.1379112487768461,0.007115643866205155,0.050260125648041505,0.017645375290620224,8,False
33,0.12751403167866324,0.03846110504454924,0.129405298673553,0.14150429394733668,0.3198325674255615,0.059340502030803814,0.09443379045441574,0.0212398282004429,0.05187996814781873,0.016388614396855062,6,False
34,0.1203971827535045,0.011950273415806088,0.14040604811600202,0.1617640347907227,0.29774844660529,0.0785944212646609,0.11215377386403971,0.015748401971639438,0.056596552264303435,0.004640864954031366,3,False
35,0.10096690751451214,0.04489261606032691,0.1338756691922255,0.1449718746331494,0.3081476987955521,0.0627273358237231,0.10944561750287962,0.026453877122919814,0.038460993201588106,0.03005741015312317,6,False
36,0.11824702719536864,0.031730239083596345,0.0955522590042634,0.1538349250519912,0.3263773361424265,0.08145930199500137,0.11462957310653618,0.03913761356651006,0.03547988705693228,0.0035518377973741875,4,False
37,0.13337350119281044,0.0406194009732203,0.12616679432537878,0.12303100869903355,0.31480459945360323,0.06086958392869868,0.13048159059682232,0.0017224396587661164,0.056952970459183766,0.011978110712482682,0,False
38,0.1456906824655669,0.03356298531954213,0.12615172209074224,0.13075942988434366,0.3176328433810537,0.06660057071396003,0.1083871293630519,0.016100651357529496,0.03527895531230133,0.019835030111908573,5,False
39,0.12371559370777933,0.046264508165894544,0.12186113093741088,0.15046136431941295,0.28901978238342635,0.0652041654127465,0.1276187356847341,0.0,0.06297806859281908,0.01287665079577602,5,False
40,0.14230279346078945,0.04220722295386402,0.10956747134734758,0.1529550092095466,0.31571271651602695,0.053244725040586305,0.13000006914588896,0.02209053093615182,0.026313806339014964,0.005605655050783375,4,False
41,0.10354158846243679,0.053392212215158635,0.12240443565621895,0.1347472068325966,0.30636407406806376,0.0681383966867119,0.11525952383240932,0.027098128235779294,0.03645615559234034,0.03259827841828436,6,False
42,0.09108794714649952,0.012743436286299642,0.13292730350213314,0.1424824231456002,0.2995404834638547,0.0876438707562674,0.1568421780460973,0.02265044294841356,0.05408191470483456,0.0,2,False
43,0.11990515778362677,0.03710808662277783,0.14160706258592218,0.12255372892171683,0.30840082393326773,0.0712110913356382,0.12126099302998031,0.012484101830715282,0.049571251527512544,0.015897702428842243,1,False
44,0.11244168382462064,0.05765890122874474,0.12534600534614637,0.14426279649662996,0.3072353686228528,0.07693524530986406,0.09485385077268559,0.02402369038139459,0.03251980002315381,0.024722657993907562,6,False
45,0.12540689327549892,0.02436935038590725,0.1263643021115581,0.1191225546994056,0.2974587353994589,0.07892667468928498,0.11597674123307303,0.02247021556120741,0.06597308961159865,0.02393144303300727,1,False
46,0.12889655409835657,0.015008833653439125,0.12484735340244282,0.14979899728985083,0.29971397451412385,0.07653872397879667,0.11839320811594746,0.021513457747725184,0.06036057983893921,0.00492831736037839,2,False
47,0.13394127830007896,0.022069207410572268,0.1162306815406038,0.12492097168017058,0.2948164613932334,0.07723165041720786,0.1405582823835727,0.012122847417054756,0.053805465730467364,0.024303153727038333,1,False
48,0.12819362626506617,0.034245468295334924,0.10686790585431552,0.13184540822819532,0.31162535844066186,0.07111427099056188,0.1275681879698236,0.003343884005206513,0.05910429902886448,0.02609159092196967,1,False
49,0.11385965320483894,0.04547050162599693,0.13260725595029602,0.1413361615786639,0.30192651236319407,0.059134897409370064,0.12511928326608948,0.014389016861402202,0.042313716606933116,0.023843001133215358,6,False
50,0.09555508903501468,0.05137450753309794,0.12416248565260063,0.15691125413007315,0.30668620506792554,0.07106050503216574,0.11164081988952106,0.014079528985940403,0.040787392529595776,0.02774221214406495,6,False
51,0.09576463246663681,0.01371584617616209,0.12260758630281994,0.1699311500039858,0.29317017594054884,0.0899340369705799,0.13471227939938596,0.0272988397971086,0.048859076790055626,0.004006376152716405,2,False
52,0.10835709790848923,0.04995868122879674,0.12867485926764557,0.11635372209416629,0.27574021013551714,0.07861400965058479,0.12416801306541408,0.007251415903012712,0.0744955749437006,0.03638641580267287,5,False
53,0.12159156619975509,0.038393584499680604,0.12140610400740941,0.13360649498404895,0.29291603715912395,0.07040445921882622,0.09969282776826265,0.008951747241473022,0.09091784890922003,0.022119330012200036,5,False
54,0.1315181805572227,0.05079352289448427,0.12264618869875542,0.13683939639989973,0.30723955984896895,0.03889868499526198,0.1197801986096585,0.01672211167528756,0.05035977754209952,0.025202378778361394,10,False
55,0.11663775655486495,0.049183942673330025,0.1309911642218001,0.14502623710907545,0.3154614452575897,0.07219492135158523,0.11085141601516568,0.0,0.033434083284473115,0.02621903353211555,6,False
56,0.09285557510235354,0.040024011985532064,0.12896521915133008,0.15024356348255238,0.3141730801796983,0.0689823166824155,0.11204208414701257,0.022880007048371096,0.05178403827967721,0.018050103941057077,6,False
57,0.12803593667300228,0.019078036028765788,0.1056038428296297,0.15139277744403043,0.29673532433198135,0.0756323978114588,0.12395466166333358,0.008836397801037104,0.06168235745640923,0.029048267960351787,1,False
58,0.1398476548690436,0.042936038584822964,0.10357752164710442,0.11318323991804782,0.30724376905253575,0.08168089604810203,0.1255184640429494,0.010550350747160585,0.05624189089465545,0.019220174195577925,1,False
59,0.11776164912831089,0.05139804956262683,0.14439999140951082,0.1620187343537678,0.31135394244598963,0.06135085210435957,0.10775460046562672,0.011615155274853678,0.00830226936914234,0.024044755885811703,6,False
60,0.13025959998546643,0.04401382640628414,0.12273515699465586,0.15864383501555246,0.29187812454884204,0.0630971530860601,0.11005034377449494,0.0,0.05479420294385904,0.02452775724478505,5,False
61,0.138279784924121,0.03647339373628314,0.124698044753591,0.14068796377441117,0.28485973863378283,0.07765645796697508,0.11222257742737027,0.0,0.07054890726678355,0.014573131516681943,5,False
62,0.09069143965110743,0.06509855591427922,0.12130370357285349,0.14352249900904412,0.30205350831123273,0.06830253996009833,0.10050203840533635,0.026514202558402065,0.05502415222429723,0.026987360393348994,6,False
63,0.10726218907666607,0.059816852971199215,0.13037275209011107,0.1357250468126466,0.3265400633067933,0.06308521451493125,0.11892974493408844,0.0,0.032959988022501704,0.025308148271062515,6,False
64,0.1266813212850737,0.04554727126463831,0.11530491300530134,0.13990657135009582,0.3009325553641915,0.06680741578761734,0.12206386791300781,0.0,0.06435021496769318,0.01840586906238097,5,False
65,0.11466490166002476,0.009089211941682917,0.11948617258179661,0.1277307403044351,0.3183705219068821,0.07925227037584895,0.12270667990455335,0.005109507078050886,0.06493615089148506,0.03865384335524041,1,False
66,0.11226568794508018,0.044568392785536745,0.11143263109865759,0.12810641611627432,0.2767674759327032,0.0730065374237653,0.11938031574181161,0.030562392260214392,0.06369001840028547,0.04022013229567128,10,False
67,0.10476582889116172,0.04466154496623804,0.1366855563370855,0.1484236815588797,0.30182375063436456,0.06744127317435673,0.11820601930937746,0.019083247962599015,0.030122263738151633,0.028786833427785558,6,False
68,0.10797942288940969,0.042571626786191336,0.12588636149420046,0.13635194641292847,0.3327837200028066,0.051739753756698766,0.14465545317655487,0.018633771431997265,0.03939794404921254,0.0,4,False
69,0.09728185108017783,0.061639366428552785,0.1282330647450367,0.160763305143329,0.3198931181746171,0.07026781966702447,0.115674060839371,0.005009976865927473,0.023621527276548156,0.01761590977941543,6,False
70,0.12168828442613604,0.03649841922572366,0.11354210483608565,0.12515765285560312,0.3270812093605944,0.0765854062829125,0.10540387911106341,0.015427288228876273,0.0587882542251393,0.019827501447865756,0,False
71,0.11770872585106006,0.03660633967308444,0.10823800454058086,0.13410784377139576,0.3260061486693688,0.06308138230007651,0.13543999262566145,0.014149732426068191,0.0633687069944916,0.0012931231482123298,4,False
72,0.104262994048651,0.04607014550457638,0.12459525564083891,0.158610175686724,0.3027074953009008,0.07012739916289697,0.11102230410094369,0.01931746563211941,0.038518529805783824,0.024768235116564973,6,False
73,0.11049306697749649,0.05054555491033566,0.11197447172038426,0.13625040092987262,0.32973642547452214,0.04739538762623833,0.10659549052689164,0.013817586444637693,0.06519096965994195,0.02800064572967912,10,False
74,0.12873731045490502,0.02590653714186511,0.1261263015835526,0.12444678506734067,0.29935641508068633,0.06610446806344694,0.12332092674830557,0.02551414527758258,0.062356868056173735,0.018130242526141326,10,False
75,0.09361809384313244,0.036171402445009306,0.12654127069410886,0.14719886947597163,0.3278927947769398,0.07422166302273417,0.10169710980244512,0.005494050763477367,0.04144685252262574,0.04571789265355575,6,False
76,0.09999935505800611,0.06394813411978656,0.13954133087104664,0.1467019030896767,0.32707609777149266,0.0468848202378667,0.10817167082853368,0.00889663226055311,0.04086798706663853,0.017912068696399257,6,False
77,0.11030372580497208,0.052527223831874546,0.13589284019900527,0.13214407608652673,0.3063460366452864,0.06781461996645298,0.11117944960652715,0.02250900553498459,0.03901061953405843,0.0222724027903117,6,False
78,0.11511965641899925,0.028145332371954265,0.13733972071118672,0.14408174652547576,0.32877225287246986,0.05322591770011395,0.11230496593298188,0.020443316888672788,0.033511866934152514,0.02705522364399311,6,False
79,0.11240189121230931,0.04122228839911498,0.11651746534070731,0.13720782867212528,0.29803480125979925,0.04544355083059028,0.11971415131422283,0.02978860593479232,0.06954022716740194,0.030129189868936448,10,False
80,0.11059858044473239,0.008723916166919098,0.11302511646457965,0.1598714392269468,0.3151613925576586,0.07116742094151723,0.1601762370109155,0.01091691352818883,0.050358983658541856,0.0,2,False
81,0.10965894229187562,0.05421261601889532,0.12320899267158109,0.15015372114515196,0.3106798293992573,0.06398369869840823,0.1156731875806594,0.022996076145908033,0.03839088928857798,0.011042046759685115,6,False
82,0.09650045245049829,0.05698879812280363,0.12490524741160121,0.13926537723911278,0.28727977144594463,0.05627855813736194,0.12962958874745786,0.023649842362747222,0.04997865984573219,0.035523704236740075,10,False
83,0.09964658894389024,0.06173646994040534,0.11985824706992398,0.14987233706379047,0.3169712975231216,0.06428961789601381,0.11523446366707779,0.014143790319129509,0.029441744458812244,0.028805443117835065,6,False
84,0.11364148689806128,0.0365491549973302,0.13570953706604974,0.13056585292544987,0.323036446738325,0.0758198482816473,0.11734209980518427,0.024600962877951747,0.02762180842273142,0.01511280198726923,6,False
85,0.10376849674642397,0.047774250504548935,0.12966397013107048,0.1343730185363737,0.33538246453511755,0.07396501946628935,0.10782245799196435,0.009688446074627597,0.029247816100966724,0.02831405991261732,6,False
86,0.11492266580585886,0.047821791164771046,0.10428549836291708,0.11557968759096805,0.30523274216075064,0.05301269627687021,0.12196272729548449,0.015054519864454054,0.08178092997815925,0.04034674149976643,10,False
87,0.11012917620515307,0.047659815949613875,0.12427072271386466,0.1363874699867564,0.3180459044802259,0.06432778013516934,0.12452256672494319,0.01748780716871675,0.032188661867712326,0.024980094767844543,6,False
88,0.11172103104287388,0.05029946965520851,0.13800251203619507,0.1439510475960838,0.309931864600119,0.06439826621756267,0.10178664057072383,0.023400748542106317,0.03612330282916563,0.020385116909961323,6,False
89,0.1010623360758002,0.04967306291352241,0.14109060694743983,0.14288753293481452,0.3288639117929014,0.061641097953676526,0.10755914375336588,0.004931631784896658,0.04642087045215612,0.015869805391426378,6,False
90,0.10841398889165277,0.046829611309508225,0.13718129284770414,0.14092781892263864,0.3234657088890474,0.059397787307379074,0.10478960754314791,0.024785360070493995,0.023928979074495097,0.0302798451439328,6,False
91,0.10600728538726985,0.04029847192939988,0.1528290731643357,0.14011505923830975,0.31132380624225203,0.05913101863305426,0.13133831433395513,0.01589027652446329,0.025625330908978963,0.01744136363798123,6,False
92,0.10966524329448996,0.050363978055613406,0.10962177039162507,0.14486970934255625,0.29439940882810295,0.05481855176850557,0.12472558340082263,0.040723194214740646,0.057180070812150964,0.013632489891392463,10,False
93,0.10996221969803402,0.05451314033867245,0.130389862272294,0.14552208594048138,0.3192575534163168,0.08384060832145254,0.11776681909347134,0.011436848221933036,0.009008478831822148,0.018302383865522083,6,False
94,0.10110757327410272,0.05436358577510218,0.12510761946802348,0.15301773101017366,0.33241141042354705,0.03714157500677589,0.10556106966167923,0.024027046921275084,0.04213216592737379,0.02513022253194698,6,False
95,0.1158765631983059,0.051742104552042346,0.12536416030750197,0.1544017990180554,0.3155217343877659,0.06091958630642579,0.10198413281811093,0.01967208392726596,0.035006611103028565,0.01951122438149704,6,False
96,0.11880278863507968,0.04148216202577217,0.11329304970717953,0.15042980978247456,0.31870908604058956,0.061194305164529006,0.12313418314136519,0.014405096059097063,0.039616809919492485,0.018932709524420877,6,False
97,0.09759429602226935,0.05375167543397286,0.12655134667786794,0.1364792340453537,0.3088965041661349,0.05928451055608888,0.13433923653851995,0.025761915321992297,0.04792370436383923,0.009417576873961043,6,False
98,0.10725319184601666,0.055781749676605756,0.12424675242469536,0.12853537405764953,0.31396605850136333,0.08072295543167203,0.10025303537822425,0.023528039935587313,0.04044918988612121,0.02526365286206453,41,False
99,0.1089357689427542,0.04681990340144961,0.12216044589885439,0.14078428445766283,0.29973568393323174,0.07079976527575534,0.10818622157280969,0.011486908241361274,0.045299873963919414,0.04579114431220133,6,False
100,0.10751223591429675,0.036588262056406175,0.12426777219563494,0.14341501337651885,0.31081778303196106,0.0776384317160063,0.11048325624381615,0.03270110761247198,0.03384699885323551,0.022729138999652378,6,False
101,0.11373094623635864,0.055889534911516485,0.13848105060933463,0.14480382599190067,0.3242838347084652,0.06791623885389755,0.09840585750368773,0.020572913549087572,0.02034224559452349,0.015573552041227925,6,False
102,0.11587387002712483,0.0522088560663668,0.1174227729084411,0.1195455689621165,0.2984447423072955,0.06755359530870998,0.10066866760809856,0.034811015581828295,0.059289758637373645,0.03418115259264484,10,False
103,0.10082879972854296,0.052742455202935114,0.11688499660681052,0.15182648864980625,0.32427818877925974,0.05628161450724279,0.11142026424491824,0.02664310812314647,0.027388114666042795,0.03170596949129533,6,False
104,0.11691148206124244,0.06228959903961023,0.11023523562116212,0.1313311983079926,0.3080417739031171,0.07116455931755813,0.11280898764022555,0.003576002554218844,0.025617753173506362,0.05802340838136672,41,False
105,0.12457176177519698,0.039040293981877944,0.10602464654734763,0.14168967979168148,0.31909080540572504,0.0619115153469529,0.10192518206639535,0.009528675489814639,0.07042204754042568,0.025795392054582464,10,False
106,0.1317333901433432,0.04724336044388776,0.0987262250820128,0.1390622226122462,0.3155190865669104,0.054689857108013086,0.09371495129947228,0.02473485459991665,0.07168500950061642,0.02289104264358109,10,False
107,0.11438127254763093,0.04991492504041536,0.12754087628117267,0.14900703549983083,0.3161083781079328,0.05546254271529394,0.12352330487439633,0.024906518931693437,0.0391551460016338,0.0,6,False
108,0.1057154039005091,0.032037831430466464,0.14147765921293037,0.16257418937471774,0.28306406071197343,0.06382888753597855,0.12461579163955151,0.03812712480681,0.04855905138706282,0.0,14,False
109,0.12529150203333086,0.024021675316692602,0.11417270712158704,0.15096308420829518,0.3138757141708429,0.06222234235937341,0.11032918049034209,0.02784574823906785,0.062412552955521325,0.008865493104946642,10,False
110,0.1143860325074276,0.04212819376844431,0.12296573387119326,0.13735377673493257,0.33339025657154386,0.07094044067957654,0.1346588429551462,0.0,0.04231362367077033,0.001863099240965217,6,False
111,0.09920198942817805,0.058597005776196386,0.12012266502314715,0.15437754440602697,0.3099593732960687,0.08253151233439748,0.10804881080794172,0.008302971366681336,0.033674958466998695,0.02518316909436348,6,False
112,0.11812198626367894,0.056339121112349094,0.11888333318216034,0.15092094843963405,0.294005026535615,0.05594009098871635,0.10271883965948857,0.021249268261133485,0.062356119228143284,0.019465266329080917,10,False
113,0.11047200577666966,0.04594493994711832,0.14012791211476566,0.1441654666751554,0.27041244372490936,0.05742561728208146,0.10301795625374242,0.04643086521443711,0.07824482067677078,0.003757972334349703,14,False
114,0.11154583274977421,0.04575142473127534,0.1205926516849631,0.13280780398825393,0.3035540792903178,0.08203698819567637,0.11369486408331729,0.01796375156902619,0.06519504369488117,0.006857560012514668,10,False
115,0.09916704970950332,0.05820604694697974,0.13263505620923458,0.1328924862669619,0.325806459388125,0.06177569588002656,0.11238500916843884,0.022371767854490354,0.03977163148232031,0.014988797093919459,6,False
116,0.11459186628241001,0.04435954161175714,0.12159125300303812,0.12802265513030747,0.2868991887505005,0.06780714059832814,0.11476837223171082,0.02855730210699363,0.06642969547480297,0.026972984810151285,10,False
117,0.09942978207601545,0.05290112537997209,0.12410477994509174,0.15773095578725724,0.30997872730048287,0.0831355806092064,0.11157159483894041,0.006334354751837706,0.039635745879532176,0.015177353431664046,6,False
118,0.1038134244804808,0.051954816473577047,0.12210365728261124,0.15143825034014297,0.320332521889812,0.06966249450645805,0.10687849067311242,0.030781937099843098,0.018675904083100547,0.02435850317086184,6,False
119,0.11336075400250363,0.04823420654675679,0.10693466383313364,0.1346032183509295,0.3238519171651361,0.06251687851726458,0.10215153902887168,0.01478537464398062,0.06983672969099955,0.023724718220423824,10,False
120,0.11044475203802959,0.039911994545859815,0.1317532461684533,0.1550071810198182,0.2653473230890572,0.06556991772435829,0.10836488386757881,0.028485074429811394,0.06336708245774252,0.03174854465929112,14,False
121,0.08888517974900817,0.05484413466099219,0.12567237783839172,0.14154834760006046,0.3086784676050241,0.08793444798944264,0.12169247034489489,0.011624054253775875,0.02521480530414179,0.0339057146542681,6,False
122,0.11575957098363376,0.0654759844688545,0.11615880223560375,0.13449807896780996,0.3139818125409455,0.0663380750044486,0.1237843686377445,0.015485354702658615,0.02597972299649677,0.022538229461804084,41,False
123,0.11819622190581104,0.03638219931568925,0.11040983666608217,0.1545070780224496,0.2898087632809309,0.06708210295894557,0.11241112698270521,0.031954746375385173,0.05553838398247366,0.023709540509527373,10,False
124,0.11181520572222364,0.04395217676892922,0.11713324446723108,0.13167631787309844,0.3078398445293284,0.07863748381290277,0.10460236133099711,0.015596864032907791,0.07481793798392342,0.013928563478458113,10,False
125,0.0999080276610826,0.04425446381863789,0.12662507391075015,0.1485823783974363,0.29134882276875157,0.06489087960538496,0.10715865129263956,0.036003040278754624,0.05628483324666808,0.024943829019894326,6,False
126,0.11620167654390787,0.054835296198422416,0.12255220977130758,0.14075686441590463,0.3237116434724696,0.050812918231599925,0.0986040267688152,0.021618232520760623,0.03834049849362262,0.03256663358318954,41,False
127,0.10810759138786999,0.04388014516728551,0.12291271437572945,0.14279654594986144,0.2870009458885182,0.06916887915979471,0.1082677988721488,0.032933349738993485,0.03434993270085322,0.050582096758945184,41,False
128,0.1040100183262483,0.038780016779144895,0.12985108394285938,0.1342728248260489,0.27826428897048505,0.08254163478365585,0.12496131177009526,0.03379346223574727,0.03977281951813413,0.033752538847580935,14,False
129,0.10579672219018102,0.04807538094571308,0.14621454631172892,0.12232395976950527,0.3079720803342371,0.06401185882075107,0.11737296455113723,0.02815123292300488,0.034817107200881166,0.02526414695286026,41,False
130,0.10369606674977934,0.059524232534192534,0.12057115697249347,0.12137848969822165,0.29651996698889593,0.06424436655017247,0.12511064452279733,0.024650398849851148,0.04558683732707231,0.03871783980652387,41,False
131,0.09589708538753391,0.05089785596056947,0.12802811059603803,0.12684329213163667,0.31290760921477323,0.06226906178079837,0.1236006943289143,0.03198519245526287,0.04559712930672183,0.021973968837751413,41,False
132,0.10185690381509446,0.04523110339775444,0.12951912359706017,0.1555563134522644,0.2774636756868947,0.039334827851691234,0.12163245718299337,0.039126794489104236,0.06146069530559004,0.028818105221552856,14,False
133,0.10571880532950091,0.048792923467273534,0.13671999023594325,0.14345983870148754,0.24923010541166105,0.06415602710532049,0.12958103757152753,0.039253733451087645,0.06777195714776657,0.01531558157843159,14,False
134,0.12291261289831537,0.05772674008913282,0.11920112468290492,0.12346985316796176,0.266064209600868,0.0756459359815436,0.1062417076705521,0.025563452232988428,0.06084702425308974,0.04232733942264326,66,False
135,0.09919026757179561,0.058197835965943454,0.13700378667900515,0.15423169747030926,0.26864869200774977,0.07953199741753376,0.1333423141566525,0.029499900587107594,0.0342406669313305,0.006112841212572393,14,False
136,0.08992237132088592,0.048301339340726133,0.13589758656621714,0.14980834511841348,0.32192894309413145,0.05711986285511131,0.10274943464217283,0.01945271524596532,0.04920923652558364,0.025610165290792655,6,False
137,0.10561807027988544,0.04515375181384344,0.12531314978149888,0.1300488192078126,0.2998426431883647,0.061005865976350736,0.11573734725449362,0.03400300895183895,0.07060155268211565,0.012675790863795954,10,False
138,0.11470646221311084,0.030019278639449865,0.12658945040214176,0.1343967298661139,0.3335938425201781,0.05921405069049107,0.12527171140907098,0.0018615181776037476,0.056327648059197544,0.018019308022642313,6,False
139,0.095462329216539,0.059375780285911894,0.11468643084378513,0.1308963377995454,0.292295534095117,0.07871519113715482,0.12644734297087093,0.012421682895128934,0.04683769279126914,0.042861677964677776,41,False
140,0.08456322306659786,0.041972311030662936,0.096625657116121,0.1317256729893711,0.34130004769272354,0.09162421965173596,0.11498038848488523,0.024576292726450424,0.03371579664168185,0.03891639059977011,41,False
141,0.10717339482198186,0.03209154997051153,0.13293123373285315,0.14209940493441253,0.2713904908445237,0.08132942916072909,0.12697716441293458,0.041367979311885475,0.05774537424623884,0.006893978563929154,14,False
142,0.10025176273925095,0.05269269821778984,0.13414979781740857,0.14302993308112535,0.3020315560527945,0.06863965393434925,0.1186577759640858,0.003577062432295616,0.03692307497333035,0.040046684787569654,35,False
143,0.0893700596166647,0.04019632185191298,0.1336868286092949,0.13726911889575602,0.31201366315073825,0.06759620597469784,0.11987765668916804,0.03597881239333922,0.025154316673823302,0.03885701614460479,41,False
144,0.11400483708112769,0.038995594103560516,0.13684408012804752,0.13731086314625773,0.2768349603824797,0.06423855631485968,0.1131485378044717,0.037362538755902064,0.07168854564637159,0.009571486636921672,14,False
145,0.12696794549113785,0.03904967917686238,0.11193586226602723,0.14129364764742644,0.298814698371086,0.055151130135559515,0.09865678300144748,0.01916802148699051,0.07594049195533469,0.0330217404681278,10,False
146,0.09712760737286177,0.061985784571012906,0.1265478483448266,0.1444054079335921,0.3099653058533896,0.07470313590423333,0.11012209465152831,0.0,0.047427561483616286,0.027715253884939103,41,False
147,0.10743828522281353,0.039777386479779894,0.10124728224472997,0.12667311971488585,0.3243736224781445,0.07179543142672178,0.10199554831935082,0.03362940028685388,0.05242492602931064,0.04064499779740909,10,False
148,0.09552223392662047,0.03345450513649334,0.1370018453668085,0.13781203680212178,0.3074202543041113,0.056891178942780736,0.1261508981106406,0.02591734673759974,0.06046844069970515,0.01936125997311849,41,False
149,0.09523543746894542,0.04666004996169569,0.12591533139456004,0.13723958852606083,0.3175978233942388,0.07188727203575096,0.10833442468425579,0.0264171716180853,0.04305940130245842,0.02765349961394874,41,False
150,0.12131077706507865,0.06103531145712249,0.11938057795016493,0.147979120061331,0.30530643793189277,0.055467679710359374,0.09306612486125382,0.03135329628336405,0.020862696572571393,0.04423797810686165,41,False
151,0.10824780698079024,0.0509246128753013,0.1137155596599191,0.13607416561848532,0.33125951606976667,0.0557544939573811,0.11583445207880601,0.02545064498201568,0.04400272932674299,0.01873601845079159,6,False
152,0.09766596883639195,0.040043855044546675,0.1408283886615399,0.16256537543465305,0.27028075068306895,0.0776474653113917,0.11543706753342095,0.021014855789864464,0.06109252315951777,0.013423749545604472,14,False
153,0.0909312024123729,0.0790755180659265,0.12615622801309742,0.129414238355892,0.29415513640026897,0.06764798654075094,0.11194946502733323,0.018941100074471043,0.037751923754970246,0.043977201354916826,41,False
154,0.10669015832933199,0.03614203232403767,0.12023626937897573,0.1355719009454433,0.29144796253520266,0.07457537714043506,0.11835826732178048,0.020857758078179196,0.055304563329424905,0.04081571061718904,41,False
155,0.1038440304167499,0.04672188243787513,0.12178862005023257,0.15029122690668228,0.30614719479393393,0.0701002853812375,0.09977223883890166,0.03158754519447318,0.03957557304022342,0.03017140293969045,6,False
156,0.10676423161230175,0.04046891973133242,0.1345494760004848,0.14466667380029344,0.28944773358855547,0.06924103941943466,0.11915706327187209,0.02884575203783199,0.056088700956527834,0.010770409581365601,14,False
157,0.12416679218152755,0.03072006632189669,0.1546462985981065,0.13474933549172943,0.2758535225932102,0.05386330714718446,0.11779360273018435,0.043009788360031685,0.058898163464139446,0.006299123111989673,14,False
158,0.11386964336465041,0.030215217388835224,0.11968169696151042,0.14915752551689643,0.32131567258399646,0.0726166249457496,0.11838347620317316,0.026034341453661666,0.01291361200136635,0.035812189580160136,41,False
159,0.10917067768989744,0.06400326102883998,0.12496620265046067,0.1427129599134995,0.3206394032718112,0.051708042058079516,0.10428628254567665,0.023709295270827976,0.02664339082872414,0.03216048474218292,41,False
160,0.1050055347871112,0.06513166686365862,0.14120445381115287,0.13730581278997728,0.3336546820656312,0.04403035020696141,0.10935402765565297,0.0,0.040418270195979725,0.02389520162387473,6,False
161,0.09594065014130315,0.05474659628302712,0.12098931241839896,0.14519264356125705,0.30855403956428507,0.07040724639562522,0.12113998564329516,0.021279077619151387,0.03390465825018072,0.027845790123476124,35,False
162,0.10616350488296374,0.028980952010811044,0.12810780380606188,0.15169801384154227,0.27558436146265614,0.06875223284725121,0.14514992109626296,0.03480664481830378,0.04743264661832784,0.013323918615819316,14,False
163,0.11665572163849354,0.045053604766828154,0.12907509538340775,0.14411124457288962,0.2710218991385846,0.03995943465718134,0.12582829991785646,0.04430695998274754,0.05609747074223772,0.02789026919977341,14,False
164,0.1132452106434981,0.04411925529654352,0.1339892386970965,0.13263099256076988,0.2730099494211277,0.06162499231998441,0.10991072558576945,0.03570354249931837,0.08181382066403428,0.01395227231185782,14,False
165,0.11158013302873927,0.04606048598351661,0.12693128438708687,0.13884331685136503,0.2882019783206921,0.08659390226479335,0.12070827325076121,0.014556220301289969,0.03835722736938442,0.0281671782423713,41,False
166,0.10506494977350136,0.048493987713705396,0.128670399259458,0.1421465754615047,0.30604757600095783,0.06851606771142306,0.10819200232393181,0.023608050282541794,0.03830551433001622,0.030954877142959865,41,False
167,0.11538434951187694,0.04035265529943451,0.12347655147061196,0.134040809611333,0.27978241685374217,0.07824037059554505,0.11512633876495308,0.02529364117090811,0.0647659904083113,0.023536876313283883,66,False
168,0.11501073970080712,0.05229725786219393,0.11420893852255214,0.12594855150626863,0.31595483193765583,0.08443440423862598,0.11020497422630895,0.010076750793360768,0.04189894458655287,0.02996460662567381,41,False
169,0.1207153052930714,0.05369953267511299,0.13951369727915439,0.1549050796582736,0.27280484018643014,0.03944678745045655,0.12931707179230395,0.03320193731563266,0.04606391447758621,0.010331833871978115,14,False
170,0.10944363704789313,0.047046078934030115,0.13032048866572465,0.15056649378685635,0.2587334403235431,0.05530152940942806,0.13069514084972753,0.059779502833726905,0.058113688149070065,0.0,14,False
171,0.10854968178722861,0.06197220123516398,0.10826489757472646,0.1506177231631595,0.32648302504507043,0.06225263206361833,0.10645748033165496,0.029089914721489862,0.02260272655601,0.0237097175218779,41,False
172,0.09497303430285245,0.06160005772311659,0.11448658075685803,0.14287507187233114,0.2688380589424397,0.0753058157318692,0.1301149293492129,0.025616357279135884,0.04968041019778514,0.036509683844398906,66,False
173,0.09720142408202526,0.06115844029635897,0.150423840382553,0.14236299373998787,0.305954669759346,0.045262382485868044,0.1125382259378375,0.024365422438140147,0.03609178422404777,0.024640816653835378,35,False
174,0.10938386320340714,0.06423035937032927,0.11806807354880171,0.12124742182868008,0.2652767962204553,0.07124607352093884,0.12077806423281094,0.02209130153368339,0.06840174446458742,0.039276302076305954,66,False
175,0.11335332384712697,0.05419418349069876,0.09518566455128281,0.12900955251198282,0.26208145417301837,0.07398130236035273,0.11134132141899618,0.04320545897050538,0.05901984815361451,0.05862789052242142,66,True
176,0.11703150569363346,0.03313032094845968,0.11503928861722698,0.12464101562074116,0.25965863327147126,0.08859303227091055,0.1220325537301731,0.0321310510830036,0.07874245434020154,0.029000144424178583,66,False
177,0.11350546310950112,0.03756001701134272,0.13167521196666215,0.12813909243959481,0.25905102926893375,0.07990130465837568,0.13332323573630014,0.01789527702799936,0.07440530659472414,0.024544062186566126,66,False
178,0.09280568453199904,0.05663370806115112,0.1111407184014877,0.12053441583747516,0.26210519653727404,0.07152738367296875,0.12147620198043159,0.03564929744185778,0.06935361750514336,0.05877377603021142,66,False
179,0.10734973368640893,0.048849910729436556,0.11968630094234639,0.14914805389319327,0.2903394153003062,0.05299816446771168,0.12192019987434737,0.049334781507209755,0.04321736438393961,0.017156075215100125,14,False
180,0.1151292221015326,0.038755257696818785,0.10046316030181465,0.14741495209600644,0.2794851169235869,0.05791891464400224,0.11900043470715026,0.021774128301312645,0.08264645578036295,0.037412357447412364,66,False
181,0.10462160783680104,0.058498801609620864,0.13084260107180457,0.13616230125634396,0.2848776488911921,0.07635029554288453,0.11201907284101383,0.030115318449745875,0.035297950389126594,0.031214402111466727,41,False
182,0.12058497550057537,0.044145836029522295,0.10663809400722322,0.1247858760088106,0.2900594896104082,0.07051680070164636,0.11736701024233816,0.03942013322024361,0.06679289151949329,0.019688893159738905,66,False
183,0.10362452048495664,0.0637386467797352,0.13011844938332368,0.13720506144929484,0.29869295065815454,0.058424548014441226,0.11825466078861786,0.028613782694065976,0.03361946706151238,0.027707912685897736,41,False
184,0.09137990579521127,0.053780312194411775,0.1172259240458252,0.13729084876932032,0.3112294888556794,0.06459535562094695,0.12783145959611963,0.036537665585951326,0.03211835282418028,0.02801068671235393,41,False
185,0.09984092512484533,0.056708604193395,0.13231065070701872,0.1335424311132171,0.2899272504221678,0.07107427846697467,0.1197961708640601,0.03130138749744885,0.03764410250555233,0.02785419910532007,41,False
186,0.09077109193222047,0.042642988224659284,0.11339746979411872,0.14091376816343607,0.3085181179998302,0.08504024570810036,0.12882339894844164,0.024657549619699695,0.025750492668853067,0.039484876940640526,41,False
187,0.10731062130284938,0.033341756405532184,0.11881103349377072,0.1341857812752259,0.25608249713662595,0.0833237329692678,0.12598782977174638,0.04184560882522813,0.07169277711273588,0.02741836170701766,66,False
188,0.09481764869487977,0.05126135686560792,0.11354457603366966,0.11608768409973484,0.2723669673118141,0.07807008778829226,0.11636354625341157,0.033751108139989494,0.07005046433908649,0.053686560473513854,66,False
