ID,strat_res0,strat_res1,strat_res2,strat_res3,strat_res4,strat_res5,strat_res6,strat_res7,strat_res8,strat_res9,ancestor,alive_at_end
0,0.04369812341638036,0.006254231632386057,0.016904653839591836,0.18276954940596754,0.008255765443979319,0.3871587621560386,0.15660058191663123,0.07035185345269235,0.10487685077358357,0.023129627962749002,0,False
1,0.04877075308896634,0.0,0.02274718074916316,0.19482478038951193,0.01795304126110334,0.366259537495845,0.15243908421966154,0.07146539741169414,0.10749858197603433,0.018041643408020367,0,False
2,0.0401061194140265,0.006843690790676895,0.018076520011848476,0.17550614579408153,0.0016966939954055687,0.3881039210227036,0.16399881907436073,0.07503775323367573,0.11997970006174925,0.010650636601471909,0,False
3,0.03086538155639574,0.02586838424851457,0.019023630497452024,0.19420852952166812,0.0,0.3959111313699329,0.15394165140159144,0.06262603802252537,0.0930820127758914,0.024473240606028564,0,False
4,0.027799320768247874,0.020188200264580382,0.019831700732887036,0.2059415045280882,0.0,0.4076334723766353,0.15428598655002534,0.05827399409621092,0.08356242326439327,0.022483397418931753,3,False
5,0.03968330571564192,0.015166592069251921,0.0065692104204439486,0.20635727150965733,0.021321405383530397,0.3704553034761571,0.15168922321478984,0.068669015348776,0.10923731852763852,0.010851354334112964,1,False
6,0.04198228733177011,0.009992361475753844,0.0032586576308808657,0.1752226761797434,5.500128850371356e-05,0.3946169261332491,0.16528980669330712,0.07927735721478885,0.13030492605200297,0.0,2,False
7,0.036051291676757455,0.017246167095007387,0.0028081095517857447,0.18448464573922632,0.0,0.3853773046765855,0.1604855083990094,0.07061922781048507,0.13869120914297123,0.0042365359081719435,2,False
8,0.03302258183188403,0.02485639790037416,0.015448139002039459,0.19951644054319337,0.0037871161181855873,0.4011384243774364,0.15916336938782152,0.04946238483937241,0.10541979347172654,0.008185352527966537,3,False
9,0.04539211700517333,0.011169565354215906,0.035395711869854046,0.1947285283591504,0.026872761595866143,0.34415447649409153,0.14810430501341745,0.06803125816019362,0.09919952135292165,0.02695175479511601,1,False
10,0.046333543467720555,0.005062587027718435,0.01906585728284957,0.1808365057399301,0.0,0.3899010734569212,0.16453583574980038,0.07364219908250567,0.10127279906555006,0.01934959912700389,0,False
11,0.047708713454928206,0.0,0.030519833785842904,0.1963612115755361,0.0,0.378688871887189,0.1576939514874596,0.07236712659772063,0.09819700643281298,0.018463284778510666,1,False
12,0.02686175536979501,0.01190347371539256,0.016745714697798175,0.18043481479834286,0.0,0.38379940193673606,0.16906171167479,0.0787753401157696,0.12059246114543352,0.011825326545942242,2,False
13,0.011906517638125303,0.0,0.03363722438854645,0.212709500390777,0.0027205759285162372,0.39527439857371544,0.16866151284941194,0.059222796129209804,0.10458481320780046,0.011282660893897397,0,False
14,0.03595518912437293,0.007843981239985537,0.00989778803771225,0.18442133411939682,0.0,0.3825368195903162,0.16801746173260595,0.06505502824171938,0.11398363427337771,0.03228876364051316,2,False
15,0.04947727550175595,0.006942207855712335,0.029425313309509236,0.1871015926208914,0.0,0.37561555702559224,0.16599749683501624,0.0670190389421106,0.10835309710651538,0.010068420802896718,1,False
16,0.03744327517302652,0.012568583799864067,0.02528069238386578,0.18246881627690525,0.0,0.3813897889562991,0.14384158644107903,0.07857473603859746,0.12266797805569696,0.01576454287466569,2,False
17,0.046719645052115726,0.004045902740149995,0.019969346406034504,0.1725841626611562,0.0,0.3880903031024709,0.16589134014303353,0.08666258876258537,0.11249270084745146,0.00354401028500239,2,False
18,0.05167541196897138,0.0004551057263860347,0.008807111826036877,0.20041435027528848,0.009403867139971845,0.3745583089858678,0.16071589110506973,0.07100378255514762,0.0976050854484559,0.025361084968804275,1,False
19,0.06668665017003209,0.0,0.03072233184791865,0.20566791795875955,0.0018516036570795685,0.3650814370438706,0.12775064298296743,0.05719773873075109,0.12045443253934517,0.024587245069276027,1,False
20,0.05062899290076227,0.0,0.015652295112915555,0.20528179315249573,0.030146675365292242,0.3667055301568124,0.13715006853016992,0.07600848678407517,0.11332275308128181,0.005103404916194893,1,False
21,0.05556085862977216,0.013090965883705665,0.030923944174109434,0.19859196692995365,0.025062141873644674,0.3302126337026479,0.14435008440942243,0.0645043447325877,0.10279724111290504,0.03490581855125135,1,False
22,0.02978491370894804,0.01465851348152647,0.0,0.17581909696368211,0.0,0.40471117597499473,0.1655341323444377,0.07375791474207077,0.12800968995488582,0.0077245628294543515,2,False
23,0.03419814025208927,0.008406518697853723,0.023922275867126246,0.1797442823783706,0.027681165378495333,0.35645901719654766,0.14804624851432638,0.07479327450260914,0.10618886299055146,0.0405602142220303,1,False
24,0.05633030853361172,0.0,0.024227899171078482,0.19214968767369953,0.009188174109107229,0.3566298413752139,0.15946731855899174,0.06553633736776392,0.10752614300861782,0.02894429020191565,1,False
25,0.02928342384182374,0.0058839811124268455,0.02910077069130867,0.17110383664701398,0.011857388581072565,0.3852639086110618,0.16012918319187294,0.08747799722845208,0.09994365538905564,0.019955854705911918,0,False
26,0.03906126516265866,0.018520471290545182,0.01030419862167787,0.20754916609651564,0.0,0.41004186869595727,0.1548943467196368,0.05296948565494444,0.09036810335888762,0.016291094399176434,0,False
27,0.045451508619631514,0.0,0.030185929844091443,0.19089194897746034,0.005389744826852617,0.36830932159577057,0.14200348502802754,0.08863739810736274,0.11342088785984478,0.01570977514095858,1,False
28,0.02786075931602725,0.004839839745920979,0.033758650143895334,0.18111239638712742,0.010262035682079163,0.3923221256890004,0.15577740936137352,0.06638518390196439,0.11645301387028055,0.011228585902331088,2,False
29,0.04667285999266497,0.0,0.013453352961807143,0.2042383663414934,0.005231955465851122,0.37305044811159316,0.14073726061166106,0.07741892200034681,0.12019869876670951,0.01899813574787297,1,False
30,0.027616388044015054,0.015056433514544446,0.012364614944280317,0.18969340479457308,0.012044010169404061,0.3838007509935939,0.16532466767451587,0.0690815382264114,0.1013217457858812,0.023696445852780613,0,False
31,0.06296377150188957,0.0,0.0026802829998667102,0.19922793930492974,0.02085176475080692,0.36110438608935935,0.16289091307419132,0.06139536832016824,0.10831621812033014,0.0205693558384581,1,False
32,0.03584000567079122,0.003464689240955436,0.03731989591043792,0.18929987135412552,0.013686655145621403,0.35073467502052513,0.15879835597699404,0.07749022839821997,0.11763923446409173,0.015726388818237725,1,False
33,0.03729328664218616,0.002737486886384844,0.02754110853369303,0.20091559622177751,0.007452217122272996,0.35969172829198165,0.1476188206393223,0.07669452167822707,0.10163044192851438,0.038424792055640124,1,False
34,0.03904748427128728,0.0,0.01917283789959942,0.18861402352476953,0.013281905901746013,0.3751789204999925,0.15757097775542991,0.06685310184998583,0.10581129072463609,0.03446945757255334,1,False
35,0.03156546854926267,0.004769325725776672,0.0343616944910051,0.18566358625281149,0.004326382778713534,0.38475206724728284,0.15236482773265086,0.07933073616513413,0.10784319406383863,0.015022716993524072,1,False
36,0.025957134467094203,0.024212536312194465,0.019171806256038013,0.1762339198886318,0.0052035707914074945,0.37918916022953375,0.15915786568380408,0.08147787416409247,0.09766122469229245,0.031734907514911315,3,False
37,0.046522805860047964,0.02318890530900083,0.03545978551181657,0.18042452136444906,0.0,0.3910832499324357,0.15066275149300376,0.07576727118443281,0.09090602874052042,0.00598468060429296,3,False
38,0.021523644710810474,0.02568400395148843,0.0008201027401829432,0.2012830289233418,0.0060858986631514705,0.3868220625556566,0.16964057462446586,0.04159280568092212,0.10935251401865001,0.03719536413133034,3,False
39,0.03805550294950465,0.020868840340371782,0.010878882695882492,0.2066714625337004,0.021890766330359593,0.36591909687773905,0.15194440989906455,0.061358875513628765,0.10156070862832996,0.02085145423141864,5,False
40,0.05868629645161371,0.005253226750510369,0.01533360064409008,0.2042212610669434,0.025811686042160515,0.3601867180570912,0.14407155712998168,0.05831247652392306,0.10815434895922994,0.01996882837445587,1,False
41,0.03856998748697492,0.01703335876906469,0.006586343797984048,0.21081319049560635,0.022768551428885283,0.3574003502749817,0.14579128410055256,0.06360575735045326,0.11814709779687059,0.01928407849862657,5,False
42,0.05909255153025009,0.0,0.02701297355220866,0.20026306663516544,0.009424858859462992,0.35607431401677614,0.1499975704793698,0.08357430655686843,0.09556204928818728,0.018998309081711073,1,False
43,0.038579438849477676,0.0418393658635435,0.02297123066290083,0.19997458809173338,0.0,0.37039527035663133,0.14774322192414013,0.06177347737519715,0.08675243053511322,0.029970976341262796,3,False
44,0.03347582065826816,0.0,0.0069799698154253045,0.1874461926365805,0.0017280334254068624,0.40992118833011765,0.17600238927182627,0.07901029088955361,0.08287012031132208,0.02256599466149966,0,False
45,0.04015019255585338,0.007909536286213546,0.007527479108109457,0.1822526313271728,0.00824682960282878,0.3979438808739509,0.15772231752402696,0.06802629895416389,0.13022083376768034,0.0,2,False
46,0.04914774516056286,0.0,0.025651829835524248,0.17577267916805014,0.0005585111198621855,0.39794362106127834,0.14637179579784648,0.07076703333735138,0.12752793424969167,0.006258850269832489,2,False
47,0.0464366968683938,0.0,0.022786508452683936,0.1901502681355314,0.006263274236975202,0.3879254780840965,0.16063060279022653,0.07111479265408144,0.10133358563846781,0.013358793139543202,0,False
48,0.0642167083189603,0.0,0.02922506618858012,0.20695789817685784,0.012073668707062318,0.34959901138828825,0.14409257896675984,0.05570546799960681,0.12117435772323208,0.01695524253065247,1,False
49,0.036755034848371566,0.021905319635353457,0.03868822730571931,0.18913556999152908,0.0,0.3774744705133288,0.13943891046722925,0.06702293858127785,0.10231738586589956,0.027262142791291074,3,False
50,0.047656035416524946,0.011453827150392188,0.02400318393505521,0.18747363356019273,0.04306656235656273,0.33905873160914796,0.14033141303691424,0.06939397506298806,0.10953526989647853,0.028027367975743508,9,False
51,0.047720047526971274,0.00663048505475179,0.012060290592148044,0.20541080274618548,0.04098683357424631,0.3549637835632147,0.15645083041521052,0.05871790685915774,0.101367453227995,0.01569156644011937,5,False
52,0.029474754582719108,0.024199770701907014,0.011994719628395708,0.2066432231680576,0.002651815751937736,0.3883596177527956,0.15742884710287328,0.052873368913189264,0.09291277867065174,0.033461103727472866,3,False
53,0.02692554838619644,0.028467331249190393,0.029105218699400918,0.18911041850432103,0.0,0.3788316900990733,0.14437120918799898,0.05751281100962279,0.09928650350808092,0.04638926935611517,3,False
54,0.0458223129042932,0.011922854552934433,0.03145821686324216,0.19298719634798656,0.021751605022043013,0.3231880240355306,0.16526450877303206,0.07035294416025543,0.09567552167363087,0.041576815667051556,9,False
55,0.044394031490099066,0.008963987381036905,0.034083590993841145,0.1916445833676628,0.01581817324357172,0.3509303695723338,0.15807403040497728,0.07218254400850392,0.10428784492125716,0.019620844616716312,1,False
56,0.047418518978155244,0.0,0.02766364781805866,0.19886565160015685,0.04201428501066367,0.33634480353983814,0.1518929691797454,0.06840797070927106,0.09610833856002195,0.03128381460408918,9,False
57,0.035259095951555984,0.0010857433731478333,0.033634016647764685,0.20615173289189961,0.006893682523373255,0.36944377723234567,0.13220383808492714,0.06321119884328952,0.12635841301356981,0.025758501438126424,1,False
58,0.04211510889256181,0.017497311384125455,0.054205244831817406,0.2018729919745098,0.01507007524895889,0.3455604380253705,0.14974128362525305,0.05031896253422021,0.10095732803613709,0.02266125544704575,9,False
59,0.046715446709677616,0.0,0.020492998964376417,0.21959568550852304,0.022677267489233117,0.37667141838147294,0.14058606788895825,0.07743687455499537,0.08291921319174889,0.012905027311014266,1,False
60,0.06897125942197449,0.01048388401380579,0.031440967790750916,0.2028987818090426,0.018823191540143034,0.32987632649758153,0.15729794346527426,0.06279330954670304,0.08969722016492962,0.02771711574979474,21,False
61,0.050699491981722127,0.02418991907246797,0.03525207508016045,0.18849536243705478,0.016472281375818965,0.34173392104482214,0.14013178166012755,0.07723638665580887,0.10214139985505175,0.02364738083696533,9,False
62,0.0568628580635168,0.002412837104191022,0.04730211856065705,0.17750637882006393,0.026065302107754606,0.35324225682577215,0.1424955148186354,0.059645043288595906,0.10500882549836156,0.029458864912451605,9,False
63,0.047789481870072495,0.005243291436727993,0.045100215162013464,0.21354012149312654,0.009370983642196452,0.3424844683479952,0.13171855421094752,0.059724577813890095,0.11291296716004941,0.032115338862980805,21,False
64,0.04019351999350435,0.019804054262156052,0.037009605453247336,0.18891929496716503,0.02941269255060874,0.3474563297477047,0.14660945349318477,0.05531902201287828,0.0948283132933672,0.04044771422618359,9,False
65,0.054122050028399815,0.0044315168106523984,0.020386898391481764,0.19108163517712026,0.043016093081179256,0.3312546354906436,0.15400936092286557,0.07524288572917466,0.10958164523129024,0.0168732791371925,9,False
66,0.04040022934469611,0.00751163270598428,0.038345866172262356,0.17969533394405118,0.03641998382419063,0.37365977227710195,0.14566622867801157,0.055317794660122765,0.10482350219270214,0.018159656200876957,9,False
67,0.04964202263260313,0.02124673857524567,0.027095023101949958,0.19362041587763412,0.03356227686966846,0.33994093472322306,0.1420993262871487,0.06508908555840115,0.10551461419264226,0.022189562181483644,9,False
68,0.03436924720868909,0.0433192162141021,0.01946494522703528,0.17822876948796146,0.007766517295306012,0.3950419084365521,0.1544110507965915,0.059716422266686886,0.09031651946267163,0.017365403604403827,3,False
69,0.04490039825434481,0.0035937346706982278,0.023033629612851086,0.19955443307216436,0.026915185865148523,0.3648380584373201,0.14068534084743214,0.06721034633716198,0.10944306698898136,0.019825805913897293,9,False
70,0.03558975383474006,0.010798834185641242,0.024164764314900996,0.17791744890123334,0.0,0.3995667273999131,0.16187218959471053,0.06546873762164493,0.08898387851851332,0.035637665628702526,3,False
71,0.056460253587145445,0.015305951306137825,0.026613416590478983,0.21079905168450958,0.014746656751828749,0.32729451830275536,0.15695498482228643,0.05917118508888013,0.09581747143273124,0.036836510433246185,21,False
72,0.044676971875432445,0.012240088533163176,0.040325598106275055,0.19081902431588357,0.030877750917296557,0.327452447694171,0.14284163320171203,0.06213686926591817,0.11466149994555604,0.03396811614459194,9,False
73,0.03621519803076233,0.009338366248769868,0.045515843509100075,0.19575096829334143,0.027407278378525784,0.34855529180598144,0.159321082771706,0.07274784984602596,0.08637341037005723,0.01877471074572985,9,False
74,0.03610789514844176,0.0050935216337421,0.04045019262136556,0.20746597179167592,0.0306644260730606,0.3361083474773759,0.14747235113234447,0.07003951409656392,0.08234175429143531,0.044256025733994495,9,False
75,0.055267826425662595,0.019940911548435702,0.033639433173137376,0.18372916104536285,0.030547863197910183,0.3434419917996753,0.14388898307360634,0.06242685890376933,0.10956923112507906,0.017547739707361214,9,False
76,0.05050868299355084,0.0,0.0332493269211365,0.18524355967678002,0.03093633570847779,0.34147787827199866,0.15262825173173605,0.07954957621902961,0.09774171034020264,0.028664678137087854,9,False
77,0.048646629853427804,0.002728360903519994,0.034817971917400194,0.18350354554489928,0.028924046733018034,0.3453833190231101,0.15957500367907582,0.07407739421150071,0.09356559560184602,0.02877813253220204,9,False
78,0.04567441351924453,0.00020172529413034986,0.0425466293903971,0.21492322719635096,0.02925181746277525,0.3472223932484253,0.15128331995073882,0.05991366353386625,0.09813118862244509,0.010851621781626406,9,False
79,0.046928393095707684,0.014563129232277731,0.032481400197845026,0.19346143399268523,0.03628506819322597,0.33802893297996345,0.15675163669021105,0.07309839305330355,0.0789414206250012,0.02946019193977904,9,False
80,0.05006819634540624,0.009946595497421044,0.027637046562107956,0.17668501545086693,0.032622276118544756,0.36849151429935084,0.14998166719980158,0.07174404241533938,0.10016204955424188,0.012661596556919466,9,False
81,0.05963045613800233,0.016842473413182554,0.0360941089800511,0.17615483769239337,0.03888117406783199,0.34010195281713035,0.15205851706045778,0.039384453999124894,0.10721917230396132,0.03363285352786429,9,False
82,0.04272658105730197,0.011153275267152726,0.029365433186641556,0.18642323635775804,0.015029984882361522,0.35920773933270417,0.13622029692880921,0.06699136704126692,0.10931681132233423,0.043565274623669666,9,False
83,0.051445788637665475,0.015283601374779451,0.02726450798175821,0.20666149539401293,0.010225479703404565,0.3452335168382109,0.16540379368503916,0.060640629730588626,0.09811639106762521,0.019724795586915516,9,False
84,0.060755487573205265,0.0076648962167414625,0.032475851106677674,0.199611613895776,0.024587433959417298,0.3459986051140845,0.14253429743303236,0.06530902640554742,0.09368780857400608,0.02737497972151197,9,False
85,0.05022229995571995,0.016550009028463587,0.04932282424089111,0.200392464570011,0.024676487957468015,0.323832381046723,0.14871508420393548,0.07036056900527841,0.09211345909977399,0.023814420891735355,9,False
86,0.03781454400368943,0.01723077560001505,0.03841653578868349,0.18501536020585588,0.03824677687963446,0.3431867124501788,0.15451210173831617,0.06464437566537606,0.09629922118110369,0.024633596487147125,9,False
87,0.059391428445243484,0.009675354855618573,0.04382934185945273,0.20756879297023348,0.026301582948008065,0.34066580362311766,0.1283564404415534,0.0765334765870639,0.09291859390320088,0.014759184366507722,21,False
88,0.021095953298418024,0.0236542584393711,0.015310357403094664,0.2168018272630938,0.027174232815321237,0.36765371074757597,0.1492764730156961,0.05917777814994852,0.08819741184335098,0.03165799702412945,9,False
89,0.03575491694846469,0.021419416546146267,0.052654219659541195,0.19685789377952348,0.037351093406111924,0.3174277598657238,0.12939089370460957,0.08474822905040541,0.09446721105780302,0.029928365981670556,9,False
90,0.029597151525693925,0.018963289086605453,0.04657027185316387,0.17268181232401325,0.01863436116279455,0.3465066690298377,0.16181381271851047,0.07314884641633047,0.09042159133164794,0.04166219455140241,9,False
91,0.057658239864999815,0.021008758256455186,0.02996063206746608,0.19359988746891452,0.01966097742895368,0.3089750666984634,0.13718580898692978,0.06724812431466011,0.11940747983266306,0.045295025080494405,21,False
92,0.0364523515540589,0.009354575895142747,0.04020065874725396,0.21325854798098237,0.03146343026765878,0.3585564084337238,0.131909588463546,0.06214986289013911,0.09625610966419725,0.020398466103297104,9,False
93,0.046952703503923915,0.010357334169528335,0.03323964347527785,0.203682889249009,0.013914229306631328,0.3342474587900889,0.15344628903501098,0.07650143581740065,0.11115037757759473,0.01650763907553435,9,False
94,0.04545453702587096,0.0,0.028075242872896464,0.20412485471040165,0.04511369459123885,0.34121593628834757,0.1598723349423163,0.07974964362217563,0.08735380069281486,0.009039955253937755,9,False
95,0.056453323262033464,0.007314859799135218,0.026025291684811363,0.19822962044584372,0.027997267643844068,0.333818670675438,0.14536459139665064,0.08598745320500872,0.09846508404877939,0.02034383783845538,21,False
96,0.057244140456862956,0.011625782310363205,0.034741622364587055,0.17834399584289015,0.032031428286402396,0.3405008047570867,0.15215485070112178,0.060359970319203586,0.08960771070059956,0.04338969426088252,9,False
97,0.06260393578298241,0.011378833278712638,0.0255089139546007,0.1921621524689588,0.014898530503288725,0.3331914392089484,0.1569967617296836,0.06761271976573192,0.09934376956905001,0.03630294373804268,9,False
98,0.04213686618011828,0.03015991548228518,0.025564777317423733,0.21442220053560854,0.0024989303132050967,0.35790930839488155,0.15083902862303158,0.041872827283086556,0.1094616406137293,0.025134505256630243,43,False
99,0.023622093998674813,0.03488744999143225,0.006211675876155715,0.17895062006111695,0.0,0.39642126752194684,0.1651255049577477,0.07126194723719953,0.08959421118185773,0.03392522917386849,3,False
100,0.03683103874714338,0.0031236535335291,0.03453038670383404,0.1896933292991145,0.03568162237807101,0.35780573064808824,0.14593837478002922,0.0808386640550168,0.08111192625255746,0.034445273602616344,9,False
101,0.05727894835141568,0.008441113070252797,0.034725886487196614,0.18517749088853755,0.04955079489956422,0.3291864520079304,0.1443423880490762,0.07357613196301745,0.08833375546951269,0.029387038813496476,9,False
102,0.024159862727254528,0.031783020685239916,0.0,0.1918639471562797,0.0032820335617026845,0.39867263599322145,0.1738227583095954,0.0539185186650745,0.08229224189271801,0.04020498100891399,3,False
103,0.05735689727783219,0.025667641594499233,0.045042089004715194,0.1890461446897217,0.03380806486137634,0.3287929302952646,0.13832848250811813,0.04902129139512614,0.10092153756724427,0.03201492080610211,9,False
104,0.05044194383803759,0.0036362259613959566,0.05318307643024758,0.20800850194468248,0.018413548185500374,0.3236020378527952,0.14550381432697104,0.06350581778661583,0.10228088326498525,0.03142415040876878,9,False
105,0.04538427386929977,0.012037483898390869,0.030219777368252446,0.19349940223262296,0.029794050269968907,0.3237103812291764,0.14460917063474824,0.07689917056585566,0.10488805806297334,0.038958231868711446,9,False
106,0.04351489226148774,0.0031327232109674987,0.04716065517909879,0.18488439739070772,0.043620218616431713,0.34655538225114424,0.14933671964455802,0.07748840847450131,0.09457251150991738,0.009734091461185475,9,False
107,0.029088615874104447,0.020697914619460044,0.021253309291302303,0.19617157275643593,0.023365327301101028,0.3701779246836048,0.1708945638531143,0.06217298999859749,0.09314657556291252,0.013031206059367114,9,False
108,0.040857221801890484,0.01600892564240021,0.016746411115590224,0.18445109073572202,0.038172670737881796,0.35672081561094027,0.15812707989514121,0.0651901000563703,0.09767329133284733,0.026052393071216196,9,False
109,0.05234673606551826,0.011640340537213394,0.03945930608686391,0.19813196219591564,0.04197143648105396,0.3308040437345369,0.14672771466076445,0.061372571213441245,0.09670881281013183,0.02083707621456058,9,False
110,0.052840706194954366,0.01926959038254978,0.030334113589233453,0.18646695556518933,0.027757330699619526,0.3483848381016454,0.1349055757515199,0.0709638727241965,0.10532422242501542,0.02375279456607634,9,False
111,0.016048513532626194,0.023024272933477582,0.04017633460379793,0.1934199022964802,0.0,0.37890810862681096,0.14578167531537542,0.07280676835966012,0.09090303037757615,0.038931393954195474,3,False
112,0.035982053577821846,0.0,0.028327274978767344,0.20927048730887854,0.022751958364764395,0.3551531234040769,0.14510099082077646,0.07147107902101292,0.10285746259767413,0.02908556992622743,9,False
113,0.07540636078980625,0.01656366045592155,0.029782585141143705,0.19177403614048766,0.03617647464184794,0.3170585109121461,0.1414909233640595,0.06453594173968036,0.10336442763706734,0.02384707917783967,21,False
114,0.06673903513159576,0.0,0.0272599124807616,0.19236417356140562,0.04819696040959477,0.3327964127799734,0.15567272712849672,0.05261518000302173,0.1037732499092479,0.02058234859590242,9,False
115,0.04220949952275092,0.01269162875909659,0.0377070250056071,0.19062859131005547,0.02559121626807945,0.3558679496776671,0.14386787554229863,0.058773229884772106,0.11164455586677045,0.021018428162902097,9,False
116,0.043946345338132825,0.032536541850967445,0.016820695935677213,0.19642817342889005,0.0,0.3803230353955639,0.1662317174261699,0.05748336782910582,0.08945284097868418,0.016777281816808716,43,False
117,0.06028798298598543,0.008748117232217988,0.03821006723529555,0.17834368028687697,0.022415353392292447,0.3480340262364037,0.14415785383887184,0.07298173357868527,0.10309705104171568,0.023724134171655135,9,False
118,0.047176113415945846,0.020278123792807707,0.04570716511872613,0.18818384569302662,0.022816560082550025,0.32326844280861927,0.15243850749428461,0.07220241656051408,0.09328477770046992,0.03464404733305568,9,False
119,0.047826747260530905,0.023984287033070744,0.03885349507247428,0.1720294712682127,0.024779779975222363,0.3281315855271677,0.1680381598978721,0.06830338886696205,0.0926332398037531,0.035419845294734194,9,False
120,0.04073338755996871,0.02458548223601637,0.03386173039704553,0.20979933758166253,0.041164145916663696,0.3168957946151755,0.129700829915562,0.05269208050622666,0.10733456239637881,0.04323264887530024,21,False
121,0.05359543734266752,0.011799639698922365,0.047882287499841074,0.20521868864280196,0.01574315277997226,0.3106020262974617,0.14761464633099464,0.05896409359454387,0.1118048954426492,0.03677513237014544,21,False
122,0.0472041970044016,0.009236458117425211,0.05331551960206486,0.21384848308863846,0.019620383869121568,0.3451502879850271,0.12652120230620023,0.06719447421547285,0.10144199241179758,0.016467001399850623,9,False
123,0.03730763383568194,0.010782701077002427,0.03411540014474896,0.19813044409192437,0.029365524897061276,0.3401951656581219,0.1585631510744381,0.07133437085593718,0.09432136655529602,0.025884241809787767,9,False
124,0.06277799125865037,0.013893652627716439,0.03470506241300718,0.19568580348536346,0.0045431636974759965,0.34705791255038165,0.16038483332668038,0.05769699017187346,0.09484676252112773,0.028407827947723337,9,False
125,0.059079024701420166,0.019850982708151395,0.0349179346529151,0.18038633942501692,0.03604706944922697,0.3327627764439086,0.12048114510504003,0.07954853792233342,0.08828600798435883,0.04864018160762856,9,False
126,0.052840251122501576,0.01813598225751875,0.0362289303305189,0.19965065910490665,0.023485230530468616,0.3322364561087144,0.1602556618824128,0.08017430622578577,0.08459737965702764,0.012395142780144969,9,False
127,0.06052048312942034,0.007669778775652196,0.020960164521066197,0.18969824797280743,0.0,0.35055429589716874,0.15521357114487058,0.07269751965733384,0.10584441273839607,0.03684152616328458,9,False
128,0.03964821016497429,0.03412074459049655,0.023979078805071986,0.17234358819624487,0.020898287290892395,0.399718701996731,0.15291695273403802,0.054061168374359266,0.08841076617090249,0.013902501676289201,68,False
129,0.03245460943032399,0.04613292725031127,0.027887091920847352,0.1812458495917374,0.0006662866833070697,0.4072698798840554,0.15312790808655682,0.06291033076173054,0.06526252415376253,0.02304259223736745,68,False
130,0.04372036869436386,0.02798787896920667,0.014307157166542822,0.19962597066742147,0.017173393368744145,0.36300678858812196,0.14772518172465152,0.051704733547661176,0.10268130959318161,0.03206721768010467,43,False
131,0.04826573711152353,0.003956737384222313,0.045410681873072706,0.19411674651423994,0.024229612063790523,0.358774801055711,0.14422524271865056,0.05596396593634293,0.10283327049511937,0.022223204847327163,9,False
132,0.044291454510132756,0.01611587928931862,0.030086230482249746,0.17454312204637648,0.0037356676815844853,0.3778529824921252,0.1600065952446863,0.06217181456010884,0.1139085985973619,0.01728765509605569,3,False
133,0.030779087772362303,0.030075674288289635,0.027026092083489803,0.18276085931478303,0.009256396839640243,0.41392491367178985,0.17742703110859512,0.0348065449292674,0.0862772686853702,0.007666131306412584,68,False
134,0.03674157775450117,0.04147588194490665,0.03228466679572156,0.20132946596938295,0.0038431467112193768,0.3692403381145766,0.1578973272428483,0.04537339036772319,0.08901122319490268,0.022802981904217513,43,False
135,0.0427407874886865,0.03546236034413406,0.02347447153778276,0.2117521103627041,0.0,0.379051597824956,0.16747975387532354,0.044659745178846987,0.07023309395663037,0.025146079430935785,43,False
136,0.03365840523617229,0.04013617964729509,0.0316694075471476,0.19019974971516496,0.007472399489662467,0.3953272896687743,0.15652056436499684,0.05711444807473187,0.07331165075638743,0.01458990549966706,68,False
137,0.04075384006682309,0.0401547404379049,0.012969127772459454,0.1964104660149377,0.0,0.36394551583665585,0.1574873064536893,0.07517683070543056,0.08642395901378923,0.026678213698309798,43,False
138,0.041215216913543795,0.03924424763945624,0.026830027648385376,0.19103954735609158,0.0,0.36579611255861944,0.16423007413135338,0.05566539354669362,0.08452794011596475,0.031451440089891966,43,False
139,0.014516817317142328,0.03176106545233154,0.014502474881400175,0.18831410254103403,0.009117560751763171,0.4007762453083283,0.15643173637477412,0.07495887406164398,0.09248673997621681,0.01713438333536551,68,False
140,0.0464964052149169,0.016965608382738417,0.01659118422160779,0.20192896121296047,0.0,0.38772006612845183,0.15029107646452797,0.0597487704276759,0.08065709763196996,0.03960083031515076,43,False
141,0.032817724683156774,0.03932577922590142,0.05411878402713794,0.20362670954621706,0.021817232415280278,0.3249400678587801,0.13048512413498448,0.07932501350165033,0.08842243371804012,0.025121130888851425,89,False
142,0.03223255116280073,0.044418920829621275,0.004370479080540428,0.1870626020604911,0.0,0.3659538947484143,0.15938546246857024,0.06466556010855919,0.10117017943591694,0.04074035010508571,43,False
143,0.027514088429219395,0.04350620904733744,0.023807567563545597,0.1921004217040696,0.0,0.38100786661495795,0.14404483434434612,0.07285321980934112,0.08397259676593913,0.03119319572124371,43,False
144,0.055295317281577376,0.033685375256452446,0.012900539209149024,0.19727677424332674,0.0,0.3718857302584635,0.15042558752888174,0.06409905584613369,0.08850662151856009,0.025924998857455465,43,False
145,0.03708455254591871,0.050405071484445896,0.013382872833352957,0.19724189528013625,0.0,0.353965439203651,0.15268240788506587,0.06738828447886053,0.09560914168317275,0.03224033460539614,43,False
146,0.025270865323974528,0.03415957258869518,0.018781604068529453,0.18579109934042692,0.01989898170370864,0.39869201195383736,0.14400240493565175,0.05528365393704422,0.10399011685162098,0.014129689296511067,68,False
147,0.05193705602539335,0.05651504552647547,0.031904932627987354,0.16726134159815537,0.0,0.38489597061455655,0.1574689287002163,0.06175774283123207,0.08351245463451035,0.004746527441473305,68,False
148,0.02094464351586998,0.048626595990059,0.023969489292317566,0.15985569333826752,0.011763344937395469,0.41291367391206113,0.1664479413143143,0.035816356046643044,0.1049597794637674,0.014702482189304556,68,False
149,0.04741627520811458,0.024415351675932447,0.009342344602333198,0.20776091899256824,0.006977856973032452,0.396004389087332,0.15077519863776756,0.062357887747402654,0.09494977707551684,0.0,68,False
150,0.03974905382815461,0.018622112629512615,0.023136021935099997,0.20713585934591364,0.033810574627683845,0.3360220668132828,0.14785242325238981,0.07411354317600777,0.09866969328037835,0.020888651111576426,9,False
151,0.03655557923616736,0.05466256116705412,0.006960483874769849,0.2071896673469068,0.0,0.3692295244525893,0.15538621177536802,0.06709426264074969,0.08068760924876754,0.02223410025762736,43,False
152,0.043406067783554755,0.04259481812413017,0.01839969378918811,0.15807052284194265,0.00819520030345935,0.4015831775330079,0.1602738791563941,0.03587273747335779,0.10345878643960302,0.02814511655536224,68,False
153,0.03395032485491126,0.037856433854522836,0.035789896948882446,0.1814705510026649,0.0,0.38098042432511414,0.15925558018686148,0.06088309083067459,0.08522500977657951,0.02458868821978888,68,False
154,0.02260061238647342,0.03534378098519435,0.014900575023712637,0.20914856760442638,0.0,0.37821873388148525,0.14147054384012436,0.06704687407797123,0.09520872297877801,0.0360615892218343,43,False
155,0.040889333692071886,0.047875891218800856,0.019865723081571997,0.18369954181808062,0.0,0.40057703607542816,0.1543351490020668,0.05153449820213231,0.08161543222181214,0.019607394688035185,68,False
156,0.008111255454857962,0.051766552333373295,0.015871546586502153,0.17560494703150376,0.007756857589705606,0.4076495532856567,0.15627749872753247,0.06579703914593946,0.10356665119059572,0.007598098654332825,68,False
157,0.04356694160672296,0.03316118103662129,0.005927689385338858,0.1857272757832347,0.0,0.40032266926851684,0.1549345136706543,0.09198507164256434,0.07342782021726527,0.010946837389081443,68,False
158,0.04381856611857944,0.026294810355403736,0.0,0.17326650964610169,0.013775286075026882,0.41015733017974493,0.1598372302482152,0.07060243099717622,0.08604898065732831,0.016198855722423456,68,False
159,0.028720943531631793,0.04746672101634144,0.02834714678777489,0.17933788063804093,0.0,0.4174671479519786,0.1606322989903437,0.04491731967277435,0.09250608052117232,0.0006044608899418678,68,False
160,0.05589117147142694,0.037946628178189425,0.02117012954221522,0.1910684969217615,0.005461918213599333,0.3647099194997257,0.15558862355274966,0.04604346354251154,0.09357364825114858,0.02854600082667203,43,False
161,0.022641099919392244,0.03161464982599075,0.013991793361135771,0.18238275921260358,0.00889108899463495,0.40394664006694864,0.15596947493621013,0.05792304754858433,0.10241247796256507,0.020226968171934593,68,False
162,0.042046514052848635,0.0,0.02806461868314265,0.206543364271403,0.034673285532403945,0.35665492720499453,0.1452167425869416,0.07167535421599892,0.10272066257839514,0.012404530873871637,9,False
163,0.0355146265422363,0.0031966059273944546,0.0490201325264886,0.182946098908049,0.02390805325302763,0.3592182474881974,0.1703029781091615,0.06960815271366794,0.08717900147317087,0.019106103058606355,9,False
164,0.052883223196751906,0.019106459360263447,0.03478271528391938,0.18035429069100598,0.040637197897406364,0.32214236261879625,0.1391651858798876,0.07180296118772658,0.10160378921965231,0.03752181466458997,67,False
165,0.043237772365857186,0.0,0.02522013608601374,0.2079007696465072,0.02210694085869147,0.3505785967990407,0.13702106014261034,0.06999440565011103,0.10640584180212996,0.03753447664903829,9,False
166,0.036436261931390934,0.021204445591417917,0.02584534516777893,0.18942018124496482,0.03599634620207547,0.34609071071024355,0.15616054117843542,0.06703320914740413,0.09204480511512175,0.029768153711167027,67,False
167,0.054639856670899836,0.052284187203421734,0.018315327722109812,0.17702314604596117,0.0076460799380892045,0.40055827340113265,0.14342431143782852,0.0568619151338729,0.08642410930317784,0.0028227931435063163,68,False
168,0.06449203245500697,0.0220049590607228,0.0347499180127411,0.17604824486470064,0.03239057401489814,0.33168644198208846,0.16232214795004624,0.034803104604529546,0.10041507286981248,0.04108750418545353,81,False
169,0.05098279434132249,0.03240696930712969,0.042751403822420216,0.176600360743943,0.04404920353657441,0.33439348613579545,0.14562243528811128,0.02431178476772451,0.11605177534814111,0.03282978670883764,81,False
170,0.04553980076823203,0.013687705538011009,0.04693432050677016,0.19759091141726506,0.02799101653111093,0.3425324394625436,0.1455192653802931,0.060494490346390685,0.10131207735963492,0.018397972689748607,9,False
171,0.026052176573012693,0.03331036549558698,0.04397520547594568,0.21135208911072587,0.0,0.37154264547467686,0.150685192463921,0.06732129101539437,0.08311750018130987,0.012643534209426635,43,False
172,0.045074557188428184,0.03751058048547214,0.010648481836490663,0.1975914137589957,0.009600064968871452,0.3673087360781304,0.15533016692695176,0.07479380498991542,0.08654233320053167,0.0155998605662126,43,False
173,0.05214012234231431,0.02242119904583597,0.035190833384774946,0.21311362840402834,0.02340534142779716,0.32850275208040347,0.12178348680442501,0.049025780932705515,0.10495496377623145,0.04946189180148393,120,False
174,0.028985984040430485,0.054444108310028695,0.029151306919845126,0.1757654304842664,0.0017093348579166343,0.38356640714405205,0.15636610994430636,0.05381196797119383,0.1009050879327116,0.015294262395248713,68,False
175,0.051759074214501044,0.015304129509837758,0.04544124724020267,0.1847539372553381,0.020776591096638423,0.3362035998436797,0.14148566269847584,0.061655746946880065,0.1269912126445664,0.015628798549880123,75,False
176,0.03976952610771829,0.013990966417493788,0.02783521194994372,0.1825916956452895,0.04353521068233482,0.3324720141156077,0.14420808551275105,0.07197850489162735,0.1007978781488115,0.0428209065284224,50,False
177,0.03195912284137413,0.03440112040683174,0.0008663540726281764,0.16667091633834724,0.011062375035403008,0.4054421494807627,0.16103737731286683,0.07345670862255209,0.09078993619570135,0.024313939693532897,68,False
178,0.02384868434308644,0.041563957350457766,0.016926435861096923,0.18855227396080848,0.003695756079561082,0.3748974396204457,0.16341639401286157,0.057464356988610035,0.09497819840148465,0.03465650338158742,43,False
179,0.062162066811969174,0.030451186384984275,0.02250280575680126,0.17535276852689322,0.03116829067034197,0.32461425647904985,0.13533543108552143,0.0830478226411413,0.11155706079832862,0.023808310844968844,67,False
180,0.038865230507573165,0.04014583989379211,0.03174711195727341,0.16585726422078514,0.032812689075294735,0.3388050914685096,0.12372620213452133,0.07788181213874058,0.11965685509738706,0.03050190350612301,50,False
181,0.04214916904977984,0.011059053289057826,0.03832270369205194,0.19065889312685416,0.04431466784604869,0.3333723825852097,0.14924212664984465,0.0772826976367377,0.08491062423533391,0.02868768188908164,79,False
182,0.037664190006245844,0.024089030688107162,0.06398539071608841,0.21185576177260487,0.05349865178936279,0.29905118271435643,0.10731375527994583,0.08358292222809625,0.09171885937988118,0.027240255425311326,89,True
183,0.031867817859274,0.036772334185568,0.04397837277314007,0.2022474759427634,0.03565251760032878,0.3023038079660477,0.14023084992622992,0.09077158388857032,0.09801817554632185,0.018157064311755948,89,False
184,0.018110422179685986,0.023488488319311454,0.05592914730148122,0.18680468780186024,0.03486881919750681,0.33756904882293626,0.11852726277953136,0.10137725764938514,0.0889802252452594,0.03434464070304207,89,False
185,0.05280313556031286,0.018127427398520822,0.030973184892410733,0.19431350368694966,0.036185406098054,0.3490272811127053,0.1369235155986428,0.063672747796061,0.09211035743315049,0.0258634404231924,9,False
186,0.059496052844546496,0.03200431689217495,0.05431990184683959,0.19213976359650367,0.04520656429080936,0.31055987395904516,0.13497077096314206,0.07700472815941889,0.08973604533519243,0.00456198211232736,89,False
187,0.03827149738005115,0.01765806484195438,0.05431937504236216,0.19521689510267173,0.037157555406070325,0.32154104082561186,0.11909215140533908,0.08840986450169092,0.09932362361866508,0.02900993187558343,89,False
188,0.04033937734752443,0.016075142686824653,0.03153468918388435,0.18046867257662952,0.020591734679936566,0.35294147735525233,0.138124543601892,0.06218752923102703,0.12039386473613058,0.03734296860089851,67,False
189,0.03210791196598177,0.019813221505482797,0.060405180548022075,0.20255354554381014,0.026938677176912527,0.3188935779836152,0.13770371101083284,0.08882179032808,0.09070201069300907,0.022060373244253625,89,False
190,0.047829776951467305,0.024875126691935853,0.016660160694441623,0.20959751227675485,0.04905251649201155,0.3383692154441366,0.13033384753816732,0.06848621843633827,0.1039413391447778,0.01085428632996887,50,False
