ID,strat_res0,strat_res1,strat_res2,strat_res3,strat_res4,strat_res5,strat_res6,strat_res7,strat_res8,strat_res9,ancestor,alive_at_end
0,0.1485199777481694,0.13558065164569671,0.005605117321481874,0.004572424781696521,0.1190500413423982,0.017866866466242158,0.19480025909879503,0.0998090540591174,0.06324541592047789,0.21095019161592485,0,False
1,0.15914541031670648,0.13213321983020213,0.0,0.0,0.12018946082531656,0.017129768632853166,0.18427279644229752,0.10522039797718145,0.0615948438634838,0.22031410211195895,0,False
2,0.1451973314739098,0.1296222535389687,0.003881770135173556,0.004256661560542707,0.1318895929629103,0.005029207171217056,0.19302741241756602,0.09997783198188603,0.07169560246019552,0.21542233629763044,0,False
3,0.1487551563755186,0.13458302916221654,0.025220662223011468,0.02210914463350485,0.11055181360003831,0.02182019476316719,0.19371515117889376,0.09146130108763137,0.06006093144151812,0.19172261553449982,0,False
4,0.14817659313108603,0.13865167944869944,0.010938496481047656,0.002057971756622944,0.12419217375392431,0.018595694293825727,0.19043230432380298,0.09543837504069644,0.05884064136330695,0.2126760704069875,0,False
5,0.16576624409905694,0.13353902027571155,0.0,0.002400108871232597,0.11804425911760638,0.002950312349373614,0.18651084784075556,0.10060753970091138,0.07038747976775579,0.21979418797759617,1,False
6,0.15738092804230863,0.1321329979333849,0.007615740777994813,0.0,0.13020897963279995,0.02266867433853684,0.18877846263305662,0.10235842615253196,0.06356623207509414,0.19528955841429213,4,False
7,0.17461304667281505,0.14507650563773644,0.0,0.01198919877321371,0.1124699159872785,0.010421930867034227,0.17226034446928085,0.09081062837443844,0.07811446027321808,0.20424396894498478,5,False
8,0.17863697647335225,0.13635798966118776,0.0,0.0,0.1331146570888517,0.0158939970983914,0.187891659426982,0.09196517441818292,0.04410368946156095,0.21203585637149105,5,False
9,0.16981282301552206,0.15026511620531866,0.006679065039916356,0.015311707209728811,0.11474244591616152,0.002367824998866397,0.16275539546818962,0.08554061722606497,0.08487841617055494,0.2076465887496766,7,False
10,0.15063298302447087,0.13372654888647834,0.010437464179994064,0.0017967446964226336,0.11861042594240391,0.021068133202341664,0.1981723805818602,0.09033820598694928,0.06451363698796998,0.21070347651110913,0,False
11,0.15496975818709927,0.1224342113160354,0.0,0.005237341759852938,0.1367211905228105,0.004193337384946161,0.1722040869653716,0.10382508408967893,0.08889673264223333,0.21151825713197198,5,False
12,0.16176903329075376,0.11879516787697329,0.008646406781784566,0.005791895074725656,0.13119318759015877,0.03388765364526874,0.19424073972590986,0.10254414219281742,0.05737443267838381,0.1857573411432241,6,False
13,0.18109229650806874,0.13485745442081098,0.0,0.012509875253588378,0.11078572288663933,0.02969034395610992,0.165901403219658,0.0785428585347652,0.08704259783657134,0.19957744738378821,7,False
14,0.16205924061071897,0.12178907685461966,0.0,0.0,0.12237388146864639,0.03337830654674535,0.18119640941147439,0.10007203344513797,0.06062888178064516,0.2185021698820121,6,False
15,0.160499603750343,0.1330955606163923,0.0,0.006903848441570167,0.1242942697067694,0.013853903578541061,0.1859862010466585,0.08670416006534187,0.07782195552938759,0.21084049726499607,0,False
16,0.1644990359624876,0.12183844605812295,0.004897540727380105,0.0,0.13331240399267164,0.029160760912212112,0.18652169501280838,0.10077012817755433,0.06923986862492819,0.18976012053183464,6,False
17,0.1525826906244673,0.12198772459497573,0.0029915674478492877,0.006174946233669223,0.14560553362848044,0.0013409119059118904,0.18883952941004337,0.08615838942382358,0.08508548179914148,0.20923322493163782,2,False
18,0.1948921126928715,0.12788033837520477,0.0004929923584615362,0.0013012518449889191,0.11035972404976271,0.0,0.18350805140246462,0.09813483001259182,0.05539204785363383,0.2280386514100203,5,False
19,0.15068397678394413,0.11685408039280629,0.01708998873457406,0.010538817394427233,0.1336981492152011,0.029721959576535232,0.164908806020939,0.1232949134956015,0.06012566659151795,0.19308364179445356,0,False
20,0.15478179310712178,0.12996066314064186,0.004783020160237231,0.0,0.13631218769154338,0.045199287784789835,0.17568334251625445,0.09482390626909362,0.059432243784526995,0.19902355554579085,12,False
21,0.15125945366375537,0.1380586674479327,0.03318836251917334,0.008289940573506991,0.1102004440745524,0.019707945992351063,0.1973369018502541,0.08941688501717299,0.05606209018970664,0.19647930867159438,4,False
22,0.14656553386028387,0.13764923923125338,0.0,0.0,0.13568448437149697,0.008696815544554457,0.20057079731197158,0.10242327660178327,0.06692887502372141,0.20148097805493498,0,False
23,0.15008387072152954,0.13482679615584897,0.0,0.013459905519042059,0.13022911660067857,0.004110789191717923,0.1877460411944969,0.09854934750061985,0.059901678809678886,0.22109245430638721,4,False
24,0.15923554625541353,0.12912902592480727,0.020923680843027044,0.008250765670335312,0.12644158086224586,0.006423308075433611,0.17352715705667227,0.09701391256050103,0.06616615518345008,0.21288886756811387,5,False
25,0.13448803344792373,0.13210276088363732,0.023541851238752905,0.014725637276289954,0.12985826757071656,0.014262799122471588,0.19540469726579857,0.09290931659922634,0.06479878496636857,0.19790785162881444,10,False
26,0.14399477835489122,0.11651052849063391,0.0,0.031688405864883196,0.13691815837686486,0.009226409415808406,0.1697428422019348,0.09706118607908638,0.07657790658533666,0.21827978463056058,2,False
27,0.14952773003831454,0.1269402575002784,0.0,0.0,0.12304428736219149,0.023689483849997327,0.18699928911476318,0.11362321139823886,0.05864717558261667,0.21752856515359947,1,False
28,0.14480900210942227,0.12579274232743162,0.03954005226933453,0.009395737455775271,0.11851041893363908,0.007332149272634961,0.18981335302719313,0.0998137097263289,0.0708587465214302,0.19413408835681004,3,False
29,0.15881206139881054,0.13537585555713544,0.006108615426969027,0.0,0.11382253806062083,0.01605511865452548,0.20539403185159488,0.08838149345496654,0.06786826765707131,0.20818201793830585,0,False
30,0.15103466806419985,0.14071579842393508,0.0,0.00013973116927064848,0.13599392057561205,0.013681145908181558,0.19181139544219103,0.09673932170486088,0.06841799109734324,0.2014660276144056,6,False
31,0.1628855058735257,0.14443256587193937,0.02334460483221829,0.03376357291518411,0.10863423630576181,0.024618213654035218,0.1934290754105456,0.0903163514572717,0.06089421089578533,0.15768166278373286,3,False
32,0.1382954874907835,0.14923802458653193,0.01183018329671265,0.0,0.12634801066171045,0.029167453124782618,0.18334302075242978,0.09646363648055356,0.048332853724250585,0.21698132988224497,4,False
33,0.14206060702517867,0.13262086199805356,0.0273055530345532,0.027616425327017163,0.10708659658421751,0.009260388752943226,0.19712358633703916,0.10207503278173874,0.06435667609094682,0.19049427206831196,3,False
34,0.14880537606699096,0.14194532917340552,0.00540687363457771,0.0,0.13041130195154765,0.028414921471976953,0.17851529178660294,0.10915018563785506,0.07078683663655277,0.1865638836404904,6,False
35,0.16474359427274496,0.13119242134581313,0.0,0.007014303564731922,0.1264248149855657,0.017944820879721508,0.1768283866830423,0.08534872796312518,0.06448852099347224,0.22601440931178313,1,False
36,0.17284051467466396,0.12683405807595552,0.0,0.0,0.11242307861436156,0.008939891245538302,0.19755800050137112,0.11281066009636505,0.06384670608222565,0.20474709070951874,5,False
37,0.1428071588389703,0.14414000926295187,0.02511818811832944,0.01940577026411133,0.10709993118402301,0.03559604054555779,0.1703395944279029,0.10179997648785666,0.07053100403476331,0.18316232683553352,3,False
38,0.15172676843052896,0.12283018218451133,0.007698103679673636,0.008267044584316563,0.12113830996509423,0.011870820226856496,0.19609373283486242,0.10775300718195935,0.06040062119702457,0.21222140971517248,4,False
39,0.14853068294953356,0.13290598461646627,0.0,0.01470666384919438,0.13993908638758054,0.017460936496753707,0.18979335413976212,0.11327634500647175,0.0556836164045121,0.18770333014972546,6,False
40,0.1474222781432797,0.1382184518012069,0.007989972826796003,0.0,0.09136643026755535,0.027333651615464156,0.214215236504861,0.07722942175861136,0.07212753911700948,0.22409701796521603,4,False
41,0.1571393290154879,0.13013745830160686,0.03329069149446904,0.013544613526613505,0.09355860557284079,0.037420845869210136,0.18232112423074814,0.09562408308226522,0.05071022530066832,0.20625302360609007,3,False
42,0.16114579522435438,0.12381950845938666,0.0015375244878933871,0.0003984935471684978,0.10113704139133928,0.019400733343816486,0.1864136800332792,0.11189254199092287,0.058757537571096086,0.23549714395074323,1,False
43,0.15992664524658548,0.1472330875654675,0.016904005151238362,0.02067358876788816,0.10793326366710558,0.03172457598490173,0.17920347187451505,0.08865338725910551,0.04508107705415268,0.20266689742904015,3,False
44,0.17728084906705788,0.13782765362347488,0.002891220550724288,0.01114734187700421,0.13163390879612916,0.011561170976765001,0.17590305894379946,0.08015582442145758,0.08562778483510235,0.18597118690848527,7,False
45,0.16221363413369327,0.12255134409525707,0.0,0.010094863732991677,0.1192941389472656,0.01674441533916984,0.18278803063438973,0.1029324199428257,0.06587887801994022,0.21750227515446707,0,False
46,0.14365998394132684,0.1348009561731703,0.011340724389282925,0.028353735648707894,0.1237480980623781,0.005821805888764834,0.18667657869836266,0.10904422723478777,0.06266236870927161,0.19389152125394704,3,False
47,0.15070602077398781,0.14741365825263308,0.036497825606513795,0.018166926717513552,0.11071013075711898,0.02932494999024457,0.18872604040598057,0.08803524731045508,0.056460837474437836,0.17395836271111478,3,False
48,0.14026012577676697,0.12858996433467926,0.023748485281945224,0.016702734473824612,0.12328478150070418,0.029157678134921927,0.20807742743404015,0.09347072044794036,0.05621269820755627,0.18049538440762097,3,False
49,0.15424853054291737,0.1330507532720559,0.044175873781315426,0.015284811679861794,0.11292208504373338,0.004044902315654973,0.18184377255609177,0.08413853334082018,0.08435709744061212,0.18593364002693702,3,False
50,0.14163528379324233,0.1509348932869742,0.021821883205241175,0.014828934188511366,0.12032636005532575,0.016867049282789228,0.18482867503672795,0.08458887609613856,0.054871506413872444,0.20929653864117703,3,False
51,0.13171424214460473,0.14948193882221641,0.03366023610999985,0.038079935157278144,0.08512790898425884,0.0312700146639174,0.1998755084171434,0.0839491048049624,0.05529674713544706,0.19154436376017167,3,False
52,0.141654297217359,0.1155728036705531,0.040372551353352,0.01385996518031939,0.10554253647635123,0.0209800065699628,0.21515251079060835,0.0862709294804316,0.06515182893193114,0.1954425703291315,3,False
53,0.15774346572691972,0.11869245061888044,0.02134356834995754,0.03358327667675835,0.09970855132987387,0.02433578842503482,0.1974233807121122,0.10423354148270805,0.05897448387431959,0.18396149280343532,3,False
54,0.16338997386691087,0.13354236010209702,0.010306525527410638,0.0,0.11775285884128175,0.016771814420312867,0.18636191753501602,0.08010148308058468,0.07383456067736684,0.21793850594901942,4,False
55,0.15778554912719497,0.12201789453338573,0.021736876273738808,0.04116368489338111,0.1098062262749832,0.01314685799490664,0.20403895606290465,0.08320987786856207,0.05845456647644909,0.1886395104944937,3,False
56,0.15434022168790767,0.12396191691993685,0.023845826221217642,0.03143602821502481,0.1239217238489434,0.008461837084168596,0.20262714148764557,0.09938326685686152,0.062094978928996035,0.169927058749298,3,False
57,0.16039407221857088,0.12327335627227319,0.024375928334310546,0.025865603941583947,0.10716287791783026,0.027557593074230377,0.1806478399067129,0.09026389694863561,0.0592135092595417,0.20124532212631052,3,False
58,0.14713876656453312,0.14140459050353876,0.016541629050370734,0.03573260238451389,0.1267935505684195,0.007224121598339961,0.18768378793646462,0.08525448382011323,0.0532604847980383,0.19896598277566785,3,False
59,0.1459739359673644,0.15073690185047647,0.015415760637735282,0.009489761134618958,0.1181081386654228,0.030237183683679624,0.18419415900763889,0.09927041969696854,0.05215672932958896,0.19441701002650608,3,False
60,0.15346294659804466,0.13763798975285343,0.02982951196697665,0.008132350561501163,0.11058463770679394,0.024213003988367596,0.19019199519046046,0.09740887860864236,0.06749137849170114,0.1810473071346586,3,False
61,0.13807304770037349,0.13573031133227287,0.027520887410797272,0.02089177762348416,0.11455441905035932,0.022150575904040223,0.19250650080378495,0.09268969301356692,0.059110457136890865,0.19677233002442995,3,False
62,0.13520158679862204,0.13650062930405685,0.01349546704304925,0.02156675805855076,0.10796350983594781,0.04437313925939877,0.2004221326793431,0.09886499995203364,0.05115399901998985,0.19045777804900796,3,False
63,0.1641047811111054,0.13439754453541208,0.02282783417433281,0.022701645985981615,0.10217905182187118,0.03984301708302683,0.19131587975237146,0.0779964206906613,0.05217188346846711,0.19246194137677014,3,False
64,0.13878838606090194,0.13624400017129823,0.024257319581807678,0.0386803204497609,0.11397427027345634,0.02508700532756037,0.19228317491188546,0.08288258050220058,0.06083527006375441,0.18696767265737402,3,False
65,0.14945939430791072,0.13891686478711046,0.022874153789562122,0.032343932025566326,0.1041891865737861,0.027243272868805218,0.18676024507692038,0.09149623201355989,0.05485452977701757,0.19186218877976138,3,False
66,0.15138856785907978,0.14829959125130318,0.02244516014528487,0.03541437612784429,0.09675363874936779,0.025931483564551317,0.1994471078326004,0.0743148207110703,0.060490822946447094,0.185514430812451,3,False
67,0.1516010440788632,0.13291181734842897,0.033350597255696585,0.0,0.12445960225533119,0.020401831639439535,0.1878962642910613,0.08952886454039499,0.06303114133296388,0.19681883725782048,3,False
68,0.15021273493238155,0.12832983692929453,0.022185825729718632,0.01751091490130023,0.09379595169841817,0.028385783330247185,0.19918851396371526,0.09743807564725597,0.06683896269137168,0.19611340017629666,3,False
69,0.14687272376981417,0.12838457737909503,0.01798271466042674,0.03778681146895655,0.11764455486510297,0.014375543004205063,0.17227716964089565,0.09524778915656218,0.0663397161910427,0.20308839986389893,3,False
70,0.14943578600204263,0.12352288424493635,0.03238297991077932,0.021865060177755743,0.10287006009013754,0.012023587909484566,0.19594294882230232,0.10564018393744457,0.05289561633427933,0.20342089257083765,3,False
71,0.16114081206958714,0.1407637135527894,0.030880284565707263,0.01726384607264443,0.11040802130221346,0.027244247834154273,0.18451639029831354,0.08086322147769959,0.06402354006061259,0.18289592276627833,3,False
72,0.15303112203436126,0.14184080061991886,0.030638698996389862,0.036039665916597,0.11676023023630858,0.0,0.20652172840875993,0.08172437399570787,0.05145388081687849,0.18198949897507818,3,False
73,0.15239877439426758,0.16155483891031283,0.020858133241226165,0.006459030644372341,0.1103793926625009,0.022069816185125747,0.17864321926983648,0.08250894043884083,0.07006016216060573,0.19506769209291133,3,False
74,0.15651927776059968,0.1369736689709285,0.026489752801372456,0.02173333973684432,0.09834103331266082,0.015412296759730465,0.19661340329039778,0.08475211493035377,0.06037470231308938,0.20279041012402288,3,False
75,0.14431071063648315,0.14602525527995064,0.017091089355545597,0.01826431370052677,0.10981810466569608,0.019768174372273458,0.21020872939162932,0.07677314596647072,0.05663673674257865,0.20110373988884567,3,False
76,0.14014037111255034,0.1409328924003008,0.009187301277784247,0.04013126944894068,0.11788065143950205,0.027167725729779876,0.19214132251100408,0.09937748412595925,0.049523923082118934,0.18351705887205982,3,False
77,0.16355995634774909,0.1355848745443292,0.016087031029461664,0.007348074166084807,0.12273014701686877,0.01042372609956876,0.1907497037637834,0.09561422313905742,0.06193655782564072,0.19596570606745625,3,False
78,0.15975652755477598,0.14716449606079607,0.020217163222418393,0.011541827004617918,0.10424612050861626,0.025084919482211594,0.2084969623118363,0.0965570563256163,0.061882439412003755,0.16505248811710757,3,False
79,0.13769183776003147,0.13909804365548487,0.012529465708218937,0.03303723415634807,0.10221060844478372,0.01272521309178694,0.20256675349845488,0.08277643791920038,0.07383094509157508,0.20353346067411568,3,False
80,0.16441869348980948,0.1283727458088572,0.011865348279989694,0.02792912615696268,0.11854117964731244,0.026341187862928626,0.19645825186952967,0.09357451452192202,0.048451832049950044,0.18404712031273834,3,False
81,0.1380701470864885,0.12551939681169894,0.02864067710864762,0.019722063389204653,0.11318337017877377,0.02994474676223457,0.2032816932400524,0.09781649767489252,0.05631247519407449,0.18750893255393267,3,False
82,0.1539773056022897,0.14254935580521927,0.03282608810001522,0.020452566572795684,0.10643939411526243,0.020754487574163715,0.189510983266943,0.09328527855332698,0.05604859264349476,0.18415594776648933,3,False
83,0.141380848237216,0.1298070567005353,0.029203344853152534,0.02430262329823751,0.09828729078010424,0.022994238792089068,0.21645156451212993,0.09356647490562099,0.056981094714780564,0.18702546320613384,3,False
84,0.16065580390101303,0.1341156441777798,0.02336947895031003,0.0027672971083975094,0.1141286010977353,0.025537592768946387,0.18748601636461015,0.09237395051581702,0.07190671621557888,0.18765889889981188,3,False
85,0.13432315641065345,0.15132650313011295,0.02413973856662208,0.018105837324524466,0.12827898547316818,0.0,0.21268276994177382,0.0890098770516072,0.04301365033737054,0.19911948176416736,3,False
86,0.13296989537702245,0.15375061895074282,0.01292259611076733,0.030090232928154142,0.12084982262544056,0.01871572287232615,0.19088255644160634,0.08791888914295105,0.058691422520213164,0.19320824303077594,3,False
87,0.15359663755456623,0.12383787964726073,0.01793736423280245,0.03135649104721425,0.11083835694375058,0.0349603691251255,0.19607623260581436,0.07393691452859374,0.07303461937175035,0.18442513494312165,3,False
88,0.1455342223811623,0.1242144863580412,0.03605317953411508,0.01908186330619872,0.12088948000813544,0.02120509621121676,0.17149456778789138,0.09611638575262606,0.06702018671739404,0.19839053194321923,3,False
89,0.1695962367315272,0.14408519852146603,0.020208701567724238,0.0013023881750551943,0.11278954653734855,0.016573590178543075,0.1954930278959641,0.08447804993956935,0.05518418826020774,0.20028907219259454,3,False
90,0.12504182661390176,0.15711067653308777,0.048226461054855084,0.05268320295700429,0.07535895637607556,0.040095715497820816,0.18760589406578132,0.07576751954861381,0.06648815511593126,0.17162159223692822,51,False
91,0.13963683707756952,0.1377476739907254,0.008742563363480301,0.02081100178113174,0.11934747322877004,0.020162747047901837,0.19057387874740497,0.0979426521460678,0.06375958946753627,0.20127558314941213,3,False
92,0.14168363051733432,0.13728983155245836,0.011468780807065381,0.01799904734716732,0.12554188394998075,0.031275297396934555,0.1998787536022418,0.08553491624656573,0.06162059260916959,0.18770726597108225,3,False
93,0.14514582723810862,0.14382037395643849,0.027283737638089858,0.031764171088078746,0.10337868949167119,0.03321208792438797,0.20384815010545315,0.07729711898433661,0.058844477659701036,0.17540536591373432,3,False
94,0.14248904299764428,0.13370913154346759,0.021447296408625242,0.02178978413702013,0.11140843359394947,0.036247118038812996,0.19487962297570122,0.100291387048326,0.04549917970855755,0.19223900354789547,3,False
95,0.1623092530840816,0.134590610446325,0.022136953396839736,0.017388765205796925,0.10412722672646506,0.012291451618455383,0.1876443403264944,0.09706772610066358,0.06573549517107483,0.19670817792380352,3,False
96,0.1539347706567519,0.11630748045644264,0.015669968439420586,0.032331611466013765,0.10689054168145588,0.018307927654000748,0.20015341254532618,0.09367443969493588,0.07659382793590679,0.18613601946974562,3,False
97,0.15939884041865127,0.13370952529087615,0.03148369788862834,0.03369831105598019,0.09349698281337715,0.00144275923952978,0.21069704214356197,0.08837582678938827,0.048648208587149584,0.19904880577285738,3,False
98,0.1493621440133191,0.1349334056412727,0.02682464267020943,0.01087954795445712,0.09940025564298965,0.02870253840944214,0.1939069724385192,0.09693030728013328,0.06335221620706873,0.19570796974258867,3,False
99,0.1435202642923767,0.13826371944257632,0.02349107313140726,0.020284300746315893,0.10563773427766857,0.0176553489683379,0.2022459355466859,0.10043046084375504,0.06544373990994883,0.18302742284092763,3,False
100,0.1591452544310986,0.13078701745767007,0.0278428839124631,0.03833603201362859,0.10876926796828813,0.01161542474026417,0.19592901967446544,0.09352227957767482,0.0490868691987653,0.18496595102568167,3,False
101,0.14185821914165286,0.13013953239600443,0.0393848224322476,0.029572180973925086,0.11706807832975784,0.027082700108280944,0.19136956478793932,0.0767824930797539,0.05198617156636701,0.19475623718407095,3,False
102,0.1522317429830123,0.13106582352950308,0.017691385235329146,0.02607060820317342,0.1026222915743457,0.018131679149515256,0.19682871993115403,0.09561123128342454,0.06789654924077428,0.19184996886976824,3,False
103,0.15630253843551467,0.1325099342282769,0.01750266812647328,0.019438770249165134,0.11424224962627169,0.016455126728142762,0.19933241137143246,0.08608270819654697,0.053081030977429326,0.2050525620607468,3,False
104,0.1466548848868158,0.13021827894533294,0.01895460589730191,0.034946283686896604,0.10689103488506836,0.019512123491374794,0.20016804450152115,0.084317862302524,0.05799063260514626,0.20034624879801816,3,False
105,0.1552782888233913,0.11982544648042069,0.021671587619691908,0.016037687050018876,0.10782549907175223,0.01658102826785877,0.19000217015953427,0.09565784692822749,0.06781189680519578,0.20930854879390873,3,False
106,0.13646741406383106,0.1462953288889782,0.022682718195862685,0.028593927939525463,0.08931034101989324,0.03989824738901568,0.20386771147755225,0.09135254460045773,0.05447727020761881,0.18705449621726497,51,False
107,0.1457940520322134,0.12948977121199248,0.009621758565071465,0.009563204410236456,0.1464600228504197,0.009920082961636495,0.18979846210710935,0.08645379133675433,0.07805625443291349,0.19484260009165277,3,False
108,0.1334151896612824,0.1304025535129057,0.03592851105276505,0.0292456620773901,0.11534978581925952,0.03567435742900703,0.17815896733671535,0.09659189475665568,0.057731344032560826,0.18750173432145834,3,False
109,0.16475200680558802,0.11571289492262268,0.008514724186114321,0.01716739902665939,0.11912037909606157,0.03107953066750986,0.21192399039844892,0.08147117167230362,0.04418329151666369,0.20607461170802788,3,False
110,0.13561067347580708,0.14599043861236352,0.024574017013257156,0.048956441515812174,0.07214792939499277,0.040412894681622014,0.18652334010885835,0.07826175563307505,0.061435853927023894,0.20608665563718803,51,False
111,0.13099921759932856,0.14054948393882802,0.03992378252924762,0.043486381726897505,0.09740708048870197,0.026063061729243633,0.18476627217868904,0.08591298768548068,0.07079263262033461,0.1800990995032482,51,False
112,0.14313448141511736,0.12944581101268748,0.03153586111451186,0.02334433844396719,0.11859890247934499,0.01963575420782619,0.20059592376039612,0.1061214916498618,0.045436781921824806,0.18215065399446215,3,False
113,0.15618219149528875,0.12697729484140305,0.05165115870965094,0.027803463079029506,0.101173152382958,0.025776820994880205,0.16559713642962146,0.09746379803410293,0.05255427315871197,0.19482071087435313,3,False
114,0.15088142211147695,0.12880946761635134,0.016351846319245435,0.025142377200741636,0.11946391718714726,0.025264758513482703,0.1921086872078655,0.0838086129399479,0.05825134226911678,0.19991756863462437,3,False
115,0.15147520146494847,0.14565995422183045,0.017892079683836996,0.012509234513235103,0.10594863508676464,0.012843061303486595,0.21528880850917026,0.09749015977461263,0.04748236364904321,0.19341050179307162,3,False
116,0.14175498943623385,0.13721220096212733,0.028741388357584476,0.032531310826147325,0.10807449876937482,0.021617245340652257,0.177954868698001,0.09373620903548384,0.07496621141016924,0.18341107716422575,3,False
117,0.14853210848826826,0.14583066360352417,0.02795595735019118,0.027871986934314953,0.12076951924647172,0.025041473471686736,0.1777205283987528,0.09884631732145714,0.04574023658800978,0.18169120859732327,3,False
118,0.138801865653425,0.14961987175073344,0.029163308353512035,0.0373289995507926,0.08052745195234058,0.030574791508895575,0.19201455256110583,0.08886262331432677,0.05570620918269021,0.1974003261721779,51,False
119,0.1465434305445694,0.14471623320694782,0.026827016497353848,0.011156856517049573,0.09854086168929485,0.029841954854680955,0.21336070481836547,0.08983926656934386,0.056775436733899974,0.18239823856849416,3,False
120,0.1455493202905862,0.15702222289607315,0.03432150422332616,0.04110831982493607,0.08242486397567886,0.022452639066746553,0.2108713733836574,0.07565017320691877,0.04280792017648945,0.18779166295558744,51,False
121,0.13338534355711235,0.15235395672231555,0.03060018205410449,0.024384465367325563,0.10911046054241058,0.02438392090910054,0.1864715818261105,0.08543650841742105,0.06592645963657388,0.18794712096752544,3,False
122,0.15363815725504615,0.14129313133675778,0.04127657312739833,0.03330988558411529,0.11252636339794674,0.013515062117527525,0.18309162055768033,0.0749041710776464,0.06396414700891992,0.18248088853696146,3,False
123,0.13926937839902861,0.1312018922138626,0.015877913619716768,0.0397817924201805,0.1150456204751529,0.03533834847452735,0.19470164937494142,0.08804336647949589,0.05023007699747288,0.19050996154562122,3,False
124,0.16616776478101766,0.141073214353004,0.00736104153073898,0.020203981568686323,0.11648425195752418,0.006737443071274668,0.19855424754494505,0.08365536421601073,0.05458321735632395,0.20517947362047445,3,False
125,0.13079120100637204,0.15029264951113852,0.024552142290639185,0.02924199197697122,0.07599878725870794,0.02459273398765958,0.19755669535209014,0.09147052413778119,0.0645852859895928,0.21091798848904733,51,False
126,0.12085192961990743,0.16798328200283466,0.06071543757502237,0.05653536125737013,0.07913661827701872,0.04885976445637442,0.16971543173263354,0.06356005115466333,0.06996510025059288,0.16267702367358236,90,True
127,0.14210471284162887,0.14330666035718312,0.03019108077438937,0.009621925510598586,0.11279607756325401,0.013818189909920474,0.2200538494027143,0.08604130013080498,0.04809375464323783,0.19397244886626844,3,False
128,0.1640391424236621,0.13256428007377785,0.03569414861585787,0.016618336263148244,0.1192654178801186,0.022367760345651022,0.189009230823405,0.09010277821696662,0.04517569926514272,0.18516320609226997,3,False
129,0.15355380769218455,0.14020871358344947,0.020287224706125005,0.0,0.11448525122875668,0.009943608021149892,0.19228137412901475,0.10175854903654553,0.05933302139487073,0.20814845020790337,3,False
130,0.15668781596693226,0.13091590606960735,0.02343534136316025,0.026625895247216237,0.10319577133462297,0.01528666948785695,0.203218643959384,0.08654442217383518,0.046848661040640054,0.2072408733567448,3,False
131,0.1536669661717143,0.12270529824840933,0.02404141752446037,0.03247247913282363,0.10644917460892907,0.02292143569877765,0.18818974262115132,0.08861372762479662,0.06949223055638779,0.19144752781255,3,False
132,0.1405092094749024,0.15446927880258599,0.03527962800221466,0.032442576485208055,0.08434943444739307,0.02735331763286293,0.20448775637216204,0.08962274445084412,0.0500174477765183,0.18146860655530841,51,False
133,0.1383493814169525,0.1488559018208632,0.04758182531460172,0.06259393303849721,0.06617818010144459,0.04114364866375792,0.1796456900310339,0.08063870906861921,0.04861181558329143,0.18640091496093833,51,False
134,0.1367537621312302,0.13512850924658418,0.04020167369260215,0.03914542452754773,0.0765989005591211,0.02697034006603153,0.20200998303312703,0.09731566744868536,0.0637715282762026,0.18210421101886806,51,False
135,0.1463710995702783,0.14107847724405803,0.024404255575510545,0.033819654791266154,0.11991329382097127,0.014782134167851051,0.17957944832884754,0.10353319811623855,0.048977350705470865,0.18754108767950764,3,False
136,0.12337876875749756,0.154835316158198,0.04686012545485399,0.0406127652087881,0.07725542394687908,0.027505714284014143,0.20296832638312345,0.08982837924297185,0.048320042290761214,0.18843513827291264,51,False
137,0.12543866895766045,0.15755768025492192,0.06921500275733827,0.050361978926720105,0.06925721015455713,0.028806200454829817,0.1943365962573087,0.07905978896715204,0.057949225011964256,0.16801764825754717,90,False
138,0.1353623172854547,0.14909239031328647,0.02364016941873708,0.03994098860974621,0.0864823985070709,0.05679840931984305,0.20310784007400334,0.07942159380291335,0.040664572408160855,0.18548932026078405,51,False
139,0.16372951506133204,0.13914632779417294,0.018224234804228884,0.030713552350974106,0.10306915507183655,0.02029399547790389,0.18460563514003725,0.08548686043449354,0.06525651838446632,0.18947420548055458,3,False
140,0.12968845208023547,0.13153772388540313,0.026993390107176295,0.03640935344829396,0.10354605445937258,0.03855781172834781,0.19439001741854908,0.08191896741342897,0.07023252708176117,0.1867257023774315,51,False
141,0.11570684234332165,0.15999700528967645,0.04402237728007989,0.05119560497172185,0.07713834357121825,0.04823273209280639,0.18754831799717822,0.08234274889521784,0.07604632832758305,0.1577696992311964,90,False
142,0.12127203325201799,0.15775962208108932,0.03442946436557594,0.03549014110250782,0.07804261551961963,0.0170350486012357,0.21526931252530163,0.094441166775278,0.053938736816126084,0.19232185896124784,51,False
143,0.1386582732948724,0.14679000491867267,0.02452234591178119,0.02128563014515535,0.08766164387047899,0.03526022610558564,0.2108559099302305,0.10764297190812594,0.04089607188278618,0.18642692203231104,51,False
144,0.14874206792720776,0.15667942208037705,0.030074798866065938,0.048093656364222775,0.08013034598641204,0.022414856331527625,0.19230952591513772,0.08421005036366734,0.055288641853401675,0.1820566343119801,51,False
145,0.1291702255265984,0.16235250309019297,0.01807866955130511,0.06059558691573063,0.0661553979229216,0.03000287030325455,0.20767314366044126,0.09441686133672597,0.042775388425652525,0.18877935326717699,51,False
146,0.12766156526313893,0.15166181676656204,0.049400205795306934,0.055324869047756325,0.06368510603337756,0.02170830497427336,0.19697780811709056,0.08424903387783181,0.0704518329659325,0.1788794571587302,90,False
147,0.12691369551816953,0.16052046821273375,0.02998297983637175,0.02720506346676278,0.08386041350515568,0.04710033091789172,0.185551084477344,0.08479504704862713,0.06434511330932935,0.1897258037076144,51,False
148,0.1254223157588516,0.14872153962971393,0.03758859188800311,0.034021833652429875,0.07610670266308005,0.03999740529869338,0.2100461919555204,0.09007450775137425,0.04879111743408684,0.1892297939682466,51,False
149,0.11797318472273945,0.16344339721729015,0.042985281758361436,0.062193797287324167,0.0793158451649386,0.04668386949515011,0.20179219709611237,0.058238741486693474,0.0561489325627511,0.1712247532086391,90,False
150,0.10996013252298352,0.13594416578335086,0.04085869121689278,0.043775042037354626,0.09680674581848767,0.03478267607075436,0.20426916825989494,0.09753592999055358,0.04864741071598431,0.18742003758374334,51,False
151,0.1255990833522264,0.1472247222591936,0.04372289790570317,0.04071916801738981,0.07650844656236097,0.051482245590681534,0.19166037595658048,0.08958434336038022,0.06725209686258078,0.16624662013290306,90,False
152,0.12295774952755346,0.14288081239497727,0.05676142571109734,0.04419704912349632,0.07707417408075205,0.053568584203095564,0.18967232532946054,0.07990672478058705,0.06999362336689303,0.16298753148208728,90,True
153,0.13135996900353183,0.14063284433921538,0.046767390609709664,0.04378232189817385,0.09428170968399197,0.023783342316275848,0.21145370542623626,0.07982418961786848,0.06686349839431883,0.1612510287106778,51,False
154,0.11432665582037439,0.16372464014392504,0.044288054809181465,0.06558574994655497,0.07390158509821172,0.03744912466355001,0.17814344114232766,0.07701080291218247,0.06604749191909026,0.17952245354460197,90,False
155,0.13523773008411868,0.15433545974290774,0.05122248214714709,0.054121522526721186,0.0736642515040536,0.004947521787976607,0.19244275089541127,0.07781207958372371,0.07160587141842582,0.18461033030951424,90,False
156,0.12062323998321452,0.14456618691678916,0.04366289189605593,0.04897052622472835,0.08235401709356924,0.030512256109735784,0.20465262152624586,0.07693341525725872,0.06213954087035701,0.18558530412204535,51,False
157,0.14350351373908404,0.1233471338032528,0.024743583741607046,0.024431249947657243,0.09931534179217598,0.029115854716878175,0.18934396801595277,0.09243431889840692,0.07230380715687035,0.2014612281881147,3,False
158,0.12144113171610907,0.1536268348225529,0.022295302799994657,0.04342042565351416,0.09132165127867399,0.04285253148116886,0.17716482250285384,0.0928964424411767,0.05268707055949423,0.20229378674446158,51,False
159,0.13159519864967678,0.16479918307099264,0.03916722916062423,0.05399921088972219,0.07942214144508394,0.022256223200299245,0.1957639579264535,0.06758159368918196,0.06349537948209308,0.1819198824858723,90,False
160,0.14806461347949457,0.14467478563698097,0.03583473299924423,0.027241868238283527,0.1033135681468735,0.016736236722635904,0.19722775954262714,0.06733095132400668,0.07731062505478976,0.18226485885506377,3,False
161,0.11183157715810266,0.1357880865091364,0.0338366588165484,0.060734086801502635,0.09706438037295784,0.05539589552350772,0.19433985866849496,0.08109417537670957,0.0346656945398394,0.1952495862332004,51,False
162,0.1172647375830117,0.14908123244246496,0.04619565245581769,0.04116418148344758,0.09286461977043738,0.05047905635282598,0.17303669725494292,0.058397189757717835,0.08612633728883168,0.1853902956105024,90,False
163,0.12969697441111888,0.16151872418753735,0.03921471700576934,0.03012693982561683,0.07818195019143766,0.036851198283461555,0.19386410313346827,0.08967605587494845,0.0546059850409502,0.1862633520456915,51,False
164,0.13204613842426818,0.1730856708756453,0.05155471730179242,0.047869368059157015,0.06175844959616608,0.04042498198318317,0.18120927458266162,0.07237078501331398,0.06611402718081008,0.1735665869830022,90,False
165,0.11289241459726915,0.147806689120359,0.05212026956905854,0.054036321179653624,0.08720453417397808,0.041929109856088394,0.18130169360707046,0.07047288236821203,0.07514299509163633,0.17709309043667432,90,False
166,0.12715608289326397,0.13398234852116642,0.037739939479252714,0.03016690072310891,0.08141964518564374,0.035743704493607184,0.21103797353226986,0.0791841681305425,0.05700164665446208,0.20656759038668263,51,False
167,0.11309505490587805,0.16217392422699906,0.049271871939892124,0.037908528247959455,0.0722864247012229,0.04324024113855701,0.19241148625526883,0.07666026018200227,0.08124339238833035,0.17170881601389007,90,False
168,0.11212231596196326,0.1447692103455019,0.052894559328837375,0.05602966913130257,0.07554541334630012,0.02811834490784039,0.18769583621419278,0.09923322331026665,0.05089025606676414,0.19270117138703083,90,False
169,0.15565154727311778,0.13643511891215968,0.02285326171898936,0.03309526130205236,0.10030313273650203,0.04488591590910255,0.1887467579449246,0.09760923674133884,0.05798891076917349,0.16243085669263926,31,False
170,0.1270170727513885,0.12704358475112243,0.05364774537350197,0.07356214957256528,0.07975601351649436,0.03565879276583359,0.17857914006552056,0.07941103163570964,0.06858799603652113,0.17673647353134248,90,False
171,0.12392781466491325,0.16276592657099317,0.059385827918798366,0.04895474307948435,0.07825151959143076,0.03017105488455499,0.17389574881617892,0.08031045510028195,0.07002860006968581,0.17230830930367838,90,False
172,0.11587425695750199,0.16789205898206186,0.04167753116528278,0.04177540089452305,0.07235141230398165,0.04501081472068111,0.20115801579916603,0.07844347385231952,0.0614667773507766,0.17435025797370537,90,False
173,0.11906619752222021,0.14129169205965214,0.048782254979464465,0.03331836507463484,0.08553379564896871,0.03179134021573817,0.222152755484048,0.07362580047583173,0.05530195587346358,0.18913584266597813,51,False
174,0.12289238535009353,0.16606639907247053,0.055823714259503915,0.04384342352440114,0.08249949354911085,0.013288020544740382,0.19876761991750946,0.09103523529119703,0.06127521989135894,0.16450848859961417,90,False
175,0.12889307002700925,0.1493403972337426,0.05826356355960437,0.06984117914223036,0.07197564347509812,0.04635144445210517,0.18219024454379304,0.08562126865488759,0.05507832130011675,0.15244486761141282,90,True
176,0.13201268319927031,0.1732195314262296,0.06009270937481237,0.05223077060251966,0.06959991919563653,0.03443590817988449,0.16863970271291717,0.06513719291249717,0.06396684860361876,0.18066473379261405,90,False
177,0.12034898345843495,0.1754245487180635,0.03635916924933226,0.025702089532725677,0.07026735433540535,0.04697442878466856,0.19034135279333186,0.07235165314678327,0.08014171406101593,0.18208870592023865,90,False
178,0.12994777926445067,0.14596487672353106,0.04957500642923616,0.045451092969388804,0.06925937126291652,0.038176320386554746,0.2003793573049817,0.0721176275940346,0.07464992407911915,0.17447864398578666,90,False
179,0.13753458093345133,0.16260449487264977,0.06690239575632634,0.05688693514691634,0.0697110822918206,0.03621355316619943,0.18168234734945296,0.06276649726296228,0.05401848030518761,0.17167963291503327,90,False
180,0.14549215532225437,0.14180938575459656,0.03741425679503526,0.024046282763912092,0.07410530486192601,0.025426842473907755,0.21632290246373204,0.10282986196527315,0.049659800563810634,0.182893207035552,51,False
181,0.12934741214881096,0.1521407777363415,0.057772776594452374,0.0599209947612195,0.07490624177469993,0.03352622198606127,0.1810480316756075,0.08015412906814771,0.06674357518281439,0.16443983907184487,90,False
182,0.13487443680703232,0.16853227542821875,0.015121925559726376,0.05804253909419982,0.08205667449997399,0.03146416268433535,0.18575794669342452,0.07700987318553787,0.0666539892403602,0.18048617680719073,90,False
183,0.13601423563051088,0.1659394198491836,0.047678410302934585,0.050945510256841506,0.06314101831557448,0.051090126805745484,0.18919793680840644,0.0644330926153689,0.062460433540397216,0.16909981587503678,90,False
184,0.12630429829857404,0.1552938958145185,0.030205439823794276,0.051548030375295414,0.07746606688249139,0.04681872828170268,0.19082659279702116,0.09093667422586414,0.0639843156964935,0.16661595780424493,90,False
185,0.127987618082599,0.14563347595865747,0.05311714427142713,0.056253860680764114,0.0844825600667649,0.03802531521284244,0.18751295887842642,0.07731240057947197,0.06630921765581979,0.1633654486132267,90,False
186,0.14202940844179404,0.15023674599644704,0.04584705853104422,0.05233979154141947,0.08874945072289085,0.024286097496100636,0.17608811350396902,0.0820294310804501,0.06625652788057165,0.172137374805313,90,False
187,0.12170375961601694,0.1363038915294611,0.05928543610203219,0.04428092998954995,0.08083472771720208,0.03072513955907127,0.20376700049409752,0.06292150930601757,0.06426047446911054,0.19591713121744084,90,False
188,0.12597397283101855,0.15076322637235567,0.055912458192712684,0.028828087707784195,0.08013130123588602,0.028146224630805093,0.19962481559874962,0.08744295621055816,0.06219512154810133,0.1809818356720287,90,False
