ID,strat_res0,strat_res1,strat_res2,strat_res3,strat_res4,strat_res5,strat_res6,strat_res7,strat_res8,strat_res9,ancestor,alive_at_end
0,0.047339603376522245,0.13059665865355222,0.10446856831375873,0.06010447667809815,0.09091990445445546,0.12282166706551174,0.17991364811525193,0.012193669546969571,0.11298434158197528,0.1386574622139047,0,False
1,0.04498798622831242,0.14692260942107263,0.10755901955080088,0.058278749379207545,0.09832431883864387,0.12096323178630111,0.16016480673574235,0.010396913145749885,0.12263263102824774,0.12976973388592167,0,False
2,0.049024711525105735,0.13761061817476283,0.10956092874928232,0.038129014502473045,0.08358913073354901,0.13021262128449235,0.1578452625746989,0.011342171495591385,0.12628587402764632,0.1563996669323981,0,False
3,0.029818624688992473,0.13726265878968752,0.11342569393151442,0.05147332180042068,0.10018819639496594,0.13128467757456186,0.18368236816311745,0.0,0.10156001883696643,0.15130443981977312,0,False
4,0.04004185127511057,0.13873834514234623,0.11044508033810253,0.034436137769051085,0.10330423732062682,0.12928840391831722,0.15612046978265456,0.016330481453455684,0.12448643547617677,0.14680855752415858,2,False
5,0.05298818938677856,0.12473159677210816,0.11290991405070744,0.02482565251108866,0.07138081811564743,0.14639533205658833,0.17465574261742856,0.012145219135657305,0.12462589832368635,0.15534163703030923,2,False
6,0.053993210967601825,0.13822194700874013,0.11246371950995036,0.055832092181168906,0.1127517515258826,0.11738270562753428,0.14316842107398417,0.0,0.13331938332978205,0.1328667687753556,1,False
7,0.04948827376444216,0.1331099467755059,0.12055525259759879,0.025151546975831586,0.06873216174272358,0.1468089305071506,0.1513368318750206,0.00930533790892504,0.12512904826891652,0.17038266958388512,5,False
8,0.05518406403310079,0.1381834659298937,0.10198903188112232,0.05074790985377069,0.07448739459140107,0.1167014181683372,0.16386730747414385,0.012758531585493215,0.13398710631876978,0.15209377016396738,2,False
9,0.04989431948290122,0.13774347279508603,0.11806655096866166,0.03371461036488657,0.09169912745445562,0.14128714455546754,0.1451302755143666,0.013520755253087302,0.11977586294173778,0.14916788066934952,2,False
10,0.03467795020344432,0.146694592354239,0.1183737780962298,0.021444934630567732,0.08454091544787577,0.14992950097062965,0.1447869166404226,0.018214533809186605,0.1335619249838507,0.14777495286355388,5,False
11,0.015834890151857153,0.14742946022474634,0.12636565087989107,0.04717337554495763,0.09845207961477576,0.1369926182792344,0.1737443141874392,0.0,0.08912180637833932,0.16488580473875916,3,False
12,0.023737023077893323,0.14133302360939082,0.11169023111981201,0.038229528726625675,0.11081491930734647,0.12927131555811364,0.15176744508608672,0.015590657962970366,0.12469984545174946,0.15286601010001152,4,False
13,0.04573349748486488,0.128683087366893,0.09868264133168755,0.0533318820642394,0.10896296912294184,0.13033127164222397,0.1553151538502091,0.01070886828019291,0.126173338784502,0.1420772900722454,1,False
14,0.034437181374586005,0.1390718942069611,0.11297788816826534,0.05426193041918758,0.10125959019692662,0.11936345067767291,0.16171535827490108,0.009909671228748241,0.11841370756684703,0.14858932788590412,0,False
15,0.04766699503963138,0.12317600337889822,0.08945584691844576,0.04449576973287235,0.09367938499873614,0.12655673002920093,0.1935629820095239,0.02250402819603777,0.113400761653025,0.14550149804362852,0,False
16,0.05441583277868128,0.12062752342913169,0.13162616391161192,0.004306642108421768,0.06864382115205708,0.14347574734279397,0.17923472019913703,0.007126659958848326,0.11768991041967203,0.17285297869964492,5,False
17,0.058361405061798974,0.14438082770710395,0.0965415992224618,0.049543265663364484,0.1083842085202109,0.12314400476359035,0.16017899505865402,0.025068793586789425,0.11319681451337647,0.12120008590264975,1,False
18,0.06047552445396256,0.13199955415241788,0.10361031706330935,0.025547602891022567,0.08693087639030193,0.14555136707545666,0.1552661473035548,0.01065966970850269,0.13189073193643844,0.1480682090250332,2,False
19,0.037581993965454016,0.12281851954533256,0.10674205856939624,0.06096731812795849,0.10056768547633907,0.12985820673814463,0.17347563790931136,0.015438939918842133,0.11853029179356667,0.13401934795565473,0,False
20,0.057328101681042035,0.13163351008610558,0.11660507190145153,0.037002993692578375,0.08672619329763756,0.12176850934048304,0.1495853382934968,0.0034710558637045105,0.1251481374033111,0.17073108844018955,2,False
21,0.04467771365037789,0.1173257363875967,0.12304842014009242,0.055757388727284286,0.10355659743123212,0.13231551037074626,0.18311957421653136,0.002769145578791585,0.10140884396796501,0.1360210695293825,0,False
22,0.05434265031330212,0.11743239608775377,0.096707089723116,0.06440780410538839,0.09806433219996709,0.1166858970886882,0.18208514850230556,0.023504824854404405,0.10313006300270612,0.14363979412236838,0,False
23,0.043180514484055736,0.1327071686213428,0.11404714643936896,0.0560498666882804,0.10679512579037494,0.12506400333675616,0.16477820262803144,0.020994739859275486,0.11732187545553201,0.11906135669698201,1,False
24,0.03617915440710948,0.14704083847065239,0.10105634420068386,0.0664245123389228,0.10583228129535087,0.10725866287994626,0.165296184698299,0.005108324131708711,0.13677991241111653,0.1290237851662101,1,False
25,0.0456404702403034,0.1597976439433792,0.11867658793456648,0.054906277190748656,0.09104818856883876,0.12397121088412702,0.14773050553146516,0.0037323790361635874,0.12860071587185506,0.1258960207985527,1,False
26,0.05053865260303591,0.15808110283928412,0.10961344606315775,0.062104912046316754,0.09033903790774152,0.10947484753123622,0.16184302499552464,0.01978850005225726,0.11553284119524629,0.12268363476619959,1,False
27,0.035127884338465976,0.14683981209189556,0.1267206189092061,0.049114239649316285,0.09213133743948555,0.123223483160862,0.15189817115676324,0.011337309242085293,0.1280413172116654,0.1355658268002545,1,False
28,0.046808988039263616,0.12068187231761326,0.11672072097722454,0.036162172795816475,0.05900197154394699,0.15034852074595753,0.1754189630047572,0.005055595698146154,0.1358091009149618,0.15399209396231245,5,False
29,0.051118739447720295,0.13976958067960338,0.09705074187549884,0.04560316361652747,0.11090984629346749,0.11818865438459084,0.156704787260961,0.010556232048920844,0.12329513551673804,0.1468031188759717,4,False
30,0.03176185175492399,0.1310601353085314,0.11932744626331969,0.015063078126816424,0.08421571449222397,0.14735538379754337,0.17989246116388974,0.01262765169570378,0.1239152295869416,0.15478104781010607,5,False
31,0.0370192320421815,0.13815869190667174,0.09735211809840552,0.062064764763323725,0.09614720894017198,0.14038304289124445,0.1710705452295203,0.006201691013742184,0.13581394213632025,0.1157887629784182,1,False
32,0.050248553127040775,0.13411361159351198,0.09860174379670321,0.03207270292823432,0.10465553743982844,0.13756970567769625,0.15939042623015023,0.003616030724824405,0.12951148081109193,0.15022020767091843,4,False
33,0.059892572915342494,0.13692572668895778,0.11220439400161297,0.05415068686955017,0.08711327023736483,0.12258205820817956,0.15229563033860155,0.01714094078978049,0.1263010919538624,0.13139362799674778,1,False
34,0.042317874343137774,0.13211745639593014,0.11470035681491522,0.07808717982756738,0.08179490576334042,0.10715574212209944,0.1726828344348435,0.008238400864103532,0.1130682142666709,0.14983703516739166,0,False
35,0.030737465637628254,0.1350618755511409,0.11679237572433007,0.046849759184794997,0.09440147498027883,0.13064100294294173,0.1773484356490446,0.004071110309510142,0.11141703696543538,0.15267946305489502,0,False
36,0.02959331919047191,0.15376982517099322,0.09918796367124333,0.06613180182208629,0.11347587781908451,0.12604080131864775,0.17225710069245406,0.0,0.1223016042060252,0.11724170610899375,1,False
37,0.04015389943748044,0.13000302226369967,0.11232993488888504,0.058946514802652526,0.08055397900688452,0.1570622018998707,0.16987445204731655,0.0,0.09582574778941692,0.15525024786379352,0,False
38,0.03864659060746213,0.12114959999289154,0.1230921056352461,0.03856030643397491,0.08649898370506097,0.1466139664027113,0.15165426322456832,0.016733899005812736,0.1281563918664063,0.14889389312586573,2,False
39,0.0507452181368512,0.15611264762265928,0.10629080836843412,0.054751622245116004,0.08768270019343985,0.12847665702574468,0.16812767433558476,0.0008824454225699981,0.11049718158940751,0.13643304506019258,1,False
40,0.06544629633580172,0.15066023310293836,0.08390467938582542,0.06462496637263414,0.10320187050652938,0.12494146014134133,0.14607499779256372,0.0,0.13314660957773702,0.12799888678462903,1,False
41,0.05496888705119254,0.12267156721041596,0.09257891078286355,0.06582124327940858,0.10271013465266592,0.1211616536997391,0.17555982800903264,0.012620304666014982,0.09874775494368249,0.1531597157049842,0,False
42,0.05928544851973467,0.14545837336309328,0.11166212621279131,0.06533536532204971,0.07788932262742033,0.11661454055449962,0.1536957800806676,0.01323617510816458,0.12187725333629547,0.1349456148752835,1,False
43,0.05136318191938757,0.13029840138121462,0.10764306495042471,0.06954081111132587,0.08796009464024264,0.13588530241146707,0.1719075906166968,0.0,0.10692191314506959,0.13847963982417105,0,False
44,0.04735865263583662,0.12171501262886229,0.10850460631441057,0.04955829992595955,0.0848986000039602,0.13840887146170774,0.1963166321147729,0.00040544466406113977,0.11503568525645222,0.13779819499397675,0,False
45,0.03473628455369943,0.13238838741694972,0.12331246033935546,0.0319770622675243,0.0958345119917923,0.12880720065578743,0.18148775622452387,0.012925669276695988,0.11283231762181693,0.14569834965185452,4,False
46,0.03065879480160784,0.145044724893302,0.10384271528855218,0.06991390319173255,0.10386392728405469,0.12655788470488893,0.15477061201087045,0.004269566552444511,0.1179399645520926,0.14313790672045418,1,False
47,0.03806791189179243,0.15828109333997017,0.09328600078963144,0.03824892525355791,0.11934666314832389,0.14014444326053543,0.1442934136418235,0.009514406010659173,0.13049651338256163,0.12832062928114446,4,False
48,0.04901637951190642,0.13257286050473,0.11388715884570397,0.043361211679116406,0.10291316637238922,0.11035351308500019,0.1739983803450805,0.0,0.13416571040984354,0.1397316192462298,0,False
49,0.053386908166873026,0.1356462613849785,0.11964201373017393,0.03230754603690044,0.08798383389962787,0.12659066195082772,0.15710203637788422,0.03294364511093167,0.10977568587150535,0.1446214074702973,2,False
50,0.05250736862367211,0.1453326606370924,0.1010250110341983,0.023939921320361896,0.10584605992547541,0.1352558617665569,0.16094346946392132,0.0,0.11910623652323092,0.15604341070549071,2,False
51,0.0473173977859627,0.13669502979331397,0.10817532437434532,0.04412321258064518,0.10409292518272703,0.12021004612380443,0.15781695679605998,0.010967418673490445,0.14384451358753347,0.12675717510211756,1,False
52,0.04601170432965323,0.13058350345316191,0.1140085608549227,0.05437414129897954,0.08890126804463819,0.11723818922198564,0.18001419664747004,0.017358258277466773,0.0999902093806483,0.15151996849107371,0,False
53,0.062124887408349115,0.11899082500801535,0.08494943289478558,0.05229608834006156,0.09888858942362751,0.1158394285182237,0.16856806150830766,0.04098001840413614,0.10827413718491635,0.14908853130957703,0,False
54,0.058234742121510495,0.13903414460071914,0.08481952665258392,0.06413120821513739,0.10861747364789244,0.11416855970961619,0.1794298054029788,0.006786784644304977,0.10734594034163882,0.1374318146636178,0,False
55,0.029332474856542296,0.13514999904081973,0.09886134598335099,0.05693195393388019,0.08528485796157287,0.13621391751677792,0.1781103018626749,0.011768705304207223,0.12361441161450676,0.1447320319256672,0,False
56,0.05213624226992826,0.1173624279390644,0.10322579639420688,0.06643274978665792,0.09039901136665894,0.14560911028457693,0.175200381007686,0.019374743176435692,0.10133396201178882,0.1289255757629961,0,False
57,0.04335549312107371,0.12325385817855147,0.12149236776890929,0.042710351408152644,0.100168181388735,0.13123143345572574,0.14940803739345296,0.01206011617274355,0.12477526258452573,0.15154489852812986,4,False
58,0.05215106080688696,0.14053213859211597,0.10752359385739975,0.06288063865833937,0.09476578192244732,0.11939432338550368,0.17480018931770808,0.013131470395840972,0.09619715872925802,0.1386236443344999,0,False
59,0.028056800434119032,0.1381564974631943,0.12071262924335888,0.056275451767332486,0.0875162737108348,0.11405116922944644,0.17755936467520464,0.01062157226661981,0.11573620795919345,0.15131403325069612,0,False
60,0.05244197537199936,0.11740093730466625,0.1009103097522458,0.06055826838641963,0.1017908815774646,0.1270792069220068,0.17698639017072532,0.019591886727963498,0.10485140337546497,0.13838874041104374,0,False
61,0.040049886690364904,0.12005816581318772,0.11572423325393663,0.07061347736071405,0.08921447844403933,0.12810671400629106,0.18575812794136237,0.007530804719407832,0.10555871041895666,0.1373854013517395,0,False
62,0.05401477308285692,0.12624066184072438,0.1094454511162512,0.011256369608864683,0.06908470609949838,0.1460774372787588,0.19784557669196098,0.008121957013538777,0.1331306093263808,0.1447824579411651,5,False
63,0.030595220928903523,0.13731439978677146,0.11331097099264874,0.07169219566088342,0.08815831391631274,0.11057343384367183,0.17939889145164306,0.008875473349864408,0.11693522596583351,0.14314587410346735,0,False
64,0.03556595180969535,0.14051110587577723,0.09396974434160307,0.05324216394051562,0.10084229021711928,0.12374319494566813,0.19031345110038686,0.02301914559622636,0.11523506953941162,0.12355788263359643,0,False
65,0.033079450559480646,0.1376451728125456,0.09944503189497664,0.05479683180595103,0.07661958810983949,0.12706121647430227,0.19382354103517152,0.017843409860410595,0.111931321690789,0.14775443575653324,0,False
66,0.03319435846520978,0.13537033637182855,0.0993888021303062,0.07647938290777977,0.09253967071919388,0.12252959686100375,0.1565623339705836,0.025876187251667897,0.12271294297391563,0.13534638834851095,1,False
67,0.029621447662145067,0.11922138872352216,0.11459256585021521,0.06757192709579284,0.0812669807476464,0.11986467411959953,0.17206010168157498,0.018891923323728764,0.12616358636206948,0.15074540443370554,0,False
68,0.038782088482923006,0.13595307057835906,0.08969119039730213,0.06356791514059344,0.08054596586886022,0.12051403122883185,0.20071099710394327,0.0031486387612254447,0.1299636496668069,0.13712245277115467,0,False
69,0.03234569141838376,0.1596810144782284,0.09656326529673837,0.041213727312616966,0.10920103949605822,0.12530930087344305,0.16180400994153496,0.0028433414114680633,0.12181767687915836,0.14922093289236976,1,False
70,0.05446874305636339,0.12647078121339791,0.11834630997906147,0.028718414339235273,0.10042267597833945,0.11864444527777485,0.15425821660442332,0.03919461455946368,0.12143905931929981,0.1380367396726407,4,False
71,0.05718626968496851,0.12192785081847445,0.11426808990951164,0.04643623094579049,0.09063153105183497,0.13443855283353087,0.1590898420797574,0.0180276578530472,0.12306086704454783,0.13493310777853676,2,False
72,0.04367009115566506,0.12751712457161274,0.1344260172816008,0.06063140979500412,0.08489429627922934,0.1254191857697091,0.1786684818270627,0.001853682967866145,0.11807357511300151,0.12484613523924847,0,False
73,0.05130573010684476,0.11250231346691687,0.10700433971992807,0.06511346832127188,0.08512112356063044,0.11037570481009919,0.18829986884208536,0.027638713904851436,0.1297615446959378,0.12287719257143419,0,False
74,0.04361857458851644,0.15326704302734498,0.11440930801645094,0.0341193149234909,0.11088029306630623,0.13442654018303443,0.1462017370544577,0.004392909814207952,0.11382301510365173,0.14486126422253867,4,False
75,0.04951876218287854,0.13195339100461168,0.09589958743114198,0.06499949457885841,0.09087751404579636,0.12924002254446504,0.1802325863180366,0.02239655537959232,0.09117762276717249,0.14370446374744658,0,False
76,0.06777531081584642,0.12402793831392549,0.10314461863880889,0.030823069836004954,0.07189863563837126,0.15289166243933108,0.17014345039755943,0.0,0.1152762503721667,0.16401906354798573,5,False
77,0.038367971390548095,0.13772725205549388,0.12725416737717715,0.03902961530631153,0.0923260044075341,0.11862969253194316,0.16028224644977296,0.026089677391053365,0.13667077735206767,0.12362259573809799,4,False
78,0.060843585067915595,0.12348326329172758,0.10418203056677942,0.07215926155945585,0.09528634987333208,0.1224640862758949,0.1920939696029968,0.0003244154417458016,0.1015966892990026,0.12756634902114927,0,False
79,0.06765933263354469,0.13088509065177673,0.11697288701482683,0.06568411505375099,0.08999503305197386,0.12049884523963046,0.14948601996740904,0.0,0.12936156789444458,0.12945710849264294,1,False
80,0.037839806817063726,0.14967020360734798,0.10099954192111349,0.06378987528490969,0.09385525796600078,0.11732579510806342,0.16804781994688678,0.014700060288382845,0.1202870000635535,0.1334846389966777,1,False
81,0.04209626941034269,0.1623963584273925,0.09399991955192485,0.039583149809956815,0.08679236225083661,0.14328048912299554,0.15634191470700448,0.0052130751077251675,0.13204953572904876,0.1382469258827725,1,False
82,0.053465166840923645,0.14697362965958027,0.07371577034553725,0.06069970766238691,0.07489616418900863,0.11693065667966576,0.16746502395840318,0.033925300644132565,0.11444907596755417,0.1574795040528076,0,False
83,0.05037879969902974,0.12693633324248818,0.09874457568483527,0.06969698517793038,0.1037555970700902,0.11780071748775092,0.16556432436372506,0.018743768499321273,0.11725431811315853,0.13112458066167054,0,False
84,0.04410514795963475,0.13866209083339778,0.1015172576767668,0.06520900193379402,0.0889097688083242,0.13534578693021196,0.17027464132830375,0.014524368415375584,0.11179031817496618,0.12966161793922498,0,False
85,0.031026861049646966,0.15735281135801063,0.09833290363074,0.053764402762383305,0.09773127974140373,0.11624324832954784,0.1614674681503215,0.01236803884521553,0.13162795697414215,0.14008502915858823,1,False
86,0.04873489122036228,0.13665736657994418,0.11194613598116834,0.041182488899736004,0.09811873662477483,0.12364740183378507,0.1734662707315776,0.014549182978120105,0.11056172252417722,0.14113580262635433,0,False
87,0.02631094416058047,0.13969934607062842,0.11418809521784065,0.035955585628596416,0.09463062846156489,0.1395423398586833,0.15917775802524697,0.016828745930936764,0.1223081463828678,0.15135841026305422,4,False
88,0.05578016376615106,0.11029971518661853,0.09836047522637544,0.056630455207149544,0.10500938439610495,0.10776104026957263,0.18733679165529754,0.029444678954114564,0.11236087696859663,0.13701641837001907,53,False
89,0.056186263099841136,0.14115667771783152,0.10253405789783285,0.0597451502527256,0.09637696159269744,0.11691047571032388,0.1737940163269205,0.014959720506808338,0.1055469052020371,0.1327897716929816,0,False
90,0.05844144500551273,0.1603019825973909,0.08839242784690157,0.041029192691367,0.10622828031450514,0.11924199947348085,0.1668090106708515,0.036345820293337834,0.0945476567905785,0.12866218431607404,17,False
91,0.06654872611102822,0.14273107939653182,0.08014406038439961,0.05883221646476312,0.0908610737248816,0.12368564856648452,0.16107259142600508,0.030370245833464874,0.101985129373713,0.1437692287187281,53,False
92,0.07108609710110438,0.1414797875490801,0.08747808597509023,0.052814745238181464,0.09114674248698226,0.10737619203566141,0.16007818807958488,0.042166540924646986,0.09424409484667876,0.1521295257629894,53,False
93,0.05655113651030278,0.12264010131956761,0.11488915407846961,0.01552330888230747,0.060863655067296206,0.1569062344222911,0.19322358979339294,0.020616024787565555,0.11309448383871999,0.1456923113000866,5,False
94,0.07036233218026385,0.10857702475796858,0.099388253969124,0.05816311247462685,0.10651716643226476,0.11664472325829545,0.1521258704808895,0.03188806569080925,0.10766696243677983,0.14866648831897794,53,False
95,0.06495954899181292,0.11230845799251285,0.08163302314852462,0.043739893972592696,0.11589765368313226,0.11680200671417679,0.17662776437060806,0.027320616002831612,0.10597648053890905,0.15473455458489918,53,False
96,0.062342613518525554,0.12830859831170988,0.07091217698623149,0.07041056642855818,0.09360663433585291,0.10993853461964238,0.1615352268747291,0.0463745866433348,0.09798867396510544,0.15858238831631025,53,False
97,0.07958010282568458,0.12024397933946333,0.07719787500270833,0.048148533946043404,0.09300927278641805,0.09781037238056857,0.16995578121980326,0.05678055216755857,0.12479139228900055,0.13248213804275136,53,True
98,0.07124491228047447,0.11898305967550411,0.0845417992643626,0.05431581549635469,0.09501372187693521,0.11124249978410174,0.1810076694888528,0.023353086519502027,0.09766403165448714,0.16263340395942508,53,False
99,0.06145270313058148,0.1110157858673263,0.08283082351313747,0.054450667332147144,0.11626557514587249,0.11680903394712353,0.1742036078311478,0.030294868024021215,0.09780391222264506,0.1548730229859975,53,False
100,0.07852626532713738,0.13049347221441107,0.08347577425866509,0.04040409247508365,0.11263495652328596,0.11902495929742518,0.1599379309498847,0.03273110162157861,0.10863122042421079,0.13414022690831762,53,False
101,0.05627349149498092,0.12772389630497405,0.09890620973744238,0.04573056393546735,0.10732526952434134,0.120489852500501,0.1605676863106445,0.0,0.12077416558460205,0.16220886460704653,2,False
102,0.05135429247516912,0.12487971674581805,0.09049818161424868,0.05291019487810676,0.09447568515729585,0.13030875161813163,0.16726046610368653,0.04463718273839363,0.09801665777993243,0.14565887088921736,53,False
103,0.05398391020426614,0.1213332124272864,0.083372023914,0.05987338197982598,0.11469374244165022,0.11774030802084041,0.15656560777987,0.017871342753781903,0.11828277538243555,0.15628369509604328,53,False
104,0.06540139180069826,0.11427340117000592,0.07265574948802911,0.04614007169244184,0.10150623302379337,0.1257681110209818,0.1755120373495267,0.04037962147981709,0.11360078600563168,0.14476259696907431,53,False
105,0.0609963674069702,0.1201706117378469,0.09606197665934357,0.04127167634981662,0.1001712061078334,0.1099733987101364,0.17026788951425895,0.04230963823179564,0.11183559360903787,0.1469416416729604,53,False
106,0.0734447127787806,0.12130855305555276,0.06413480429216226,0.07339744168545104,0.08735054376991153,0.12382302625612905,0.15976476928172553,0.028530647618315,0.12367725226135398,0.14456824900061813,53,False
107,0.08147560095411424,0.12178895515057268,0.08728889868554897,0.04655013785521371,0.088588297569012,0.1040860325903932,0.16306379496090706,0.040082391789539616,0.0978674248276469,0.16920846561705163,53,False
108,0.04668880729340625,0.1352853805381451,0.07685573930803087,0.07565386010848395,0.08801852120122439,0.12214989528278297,0.1595038239168419,0.023349755678945438,0.120747488292662,0.1517467283794772,53,False
109,0.0678539830270775,0.1145496483437701,0.08631471213077825,0.06027617495313749,0.09896723822090155,0.10429550400184069,0.1794220753031439,0.029861082829014316,0.11938672770816061,0.13907285348217557,53,False
110,0.05990771309389592,0.12632741399784111,0.08726601065381671,0.036555225353384464,0.09269690683515486,0.11572997694599126,0.18579512971230128,0.03377679926814072,0.10366557723576217,0.15827924690371165,53,False
111,0.06241024172325062,0.11886349538461395,0.07356485479295465,0.05782341781566892,0.09131257763526544,0.11791198371747823,0.18219330792999508,0.03510617915566726,0.12492426091576313,0.13588968092934273,53,False
112,0.0718056264545825,0.09756300383823241,0.09521118701566617,0.05456245467204694,0.11397068394271917,0.12163728992234658,0.16665829200577967,0.031084115188931647,0.10101737274790448,0.14648997421179039,53,False
113,0.05406421283517667,0.13708432554605335,0.08926896951921583,0.05052312790565054,0.09500594127093563,0.12312996455351757,0.17453369078549122,0.05278136966357187,0.09692352699406301,0.12668487092632447,53,False
114,0.07035440952826065,0.11924271684697846,0.0726945316697234,0.06454434200267525,0.09507713403240406,0.11617638855669286,0.16019030609390283,0.04050097584621157,0.12895059217442398,0.13226860324872697,53,False
115,0.06484680249234324,0.12082999155373371,0.08177552080258267,0.04267145828544799,0.09155795826598466,0.13397164884741394,0.1589596490608643,0.04180216018978548,0.11538220822730128,0.1482026022745428,53,False
116,0.06100728841941585,0.13787130609152473,0.07034361908826663,0.05434848036274491,0.08081238417471995,0.12428684321907878,0.1738946758694729,0.04326725051203723,0.09984266572550754,0.15432548653723138,53,False
117,0.06162974768357967,0.11256380287334358,0.08199621140307688,0.05908529286216902,0.1015880402828187,0.1090327335505845,0.1605670598181616,0.05354280707727997,0.10714537677901957,0.1528489276699664,53,False
118,0.07435668008247207,0.12029041415206483,0.08830676256199248,0.05220722602102447,0.08769464046012311,0.1193375639864986,0.17301283012767732,0.03639600462026359,0.10783344121554642,0.14056443677233696,53,False
119,0.061107971218961256,0.12530244351139275,0.09099562678479012,0.04004109293992019,0.10522682000205845,0.11468088815457118,0.1619583551338242,0.03628749171332655,0.10925509372086577,0.15514421682028948,53,False
120,0.054837029053668516,0.12815155574035159,0.0904175566789107,0.04940392092539116,0.10082979390551795,0.10794929222234512,0.16544540413909928,0.04996409031350238,0.11026840900933164,0.1427329480118815,53,False
121,0.0654175491552762,0.10008885559640963,0.07314896203866537,0.048626138809685,0.09971446675032834,0.11529008787928204,0.18701149954186025,0.05101946366187861,0.1031744731558224,0.15650850341079214,53,False
122,0.03909940113678979,0.15222961556184653,0.11783911073037043,0.037669824238675674,0.09856263996414713,0.11364771165695332,0.1446027961570974,0.0106702913163192,0.13383508452062123,0.1518435247171793,4,False
123,0.07311751399506901,0.11795507802680429,0.07831149465888423,0.047906663657693756,0.09100488646684227,0.11892382926012304,0.1627539808813431,0.02729972670098823,0.11732702548861809,0.16539980086363393,53,False
124,0.06604446689176878,0.11327010455755848,0.07880098605273488,0.04691683754767402,0.10963546252647967,0.10595368680983452,0.17523295753279547,0.029459011253070815,0.11522520179730249,0.15946128503078077,53,False
125,0.05347073757550936,0.12561698948138375,0.07467629799971236,0.056774088454324655,0.1027560473265967,0.1168965672582803,0.16767117389366695,0.0371184643788607,0.10227964394213451,0.1627399896895307,53,False
126,0.0583639324297838,0.11932753119679973,0.08669434270603094,0.05668677209536638,0.11376542992151804,0.120127752095065,0.1617165464942892,0.04458926329976275,0.09003619519418667,0.14869223456719743,53,False
127,0.06690063732542878,0.1132579040041591,0.0695263743126884,0.05206826324719741,0.08019265734821879,0.13698907264955518,0.18789327615996665,0.049414504809700596,0.09973747011105395,0.14401984003203122,53,False
128,0.06665347562081009,0.11662656430602081,0.08862311143952009,0.048535436310170176,0.09121465697426782,0.12384941658305318,0.16873561959247163,0.04012543150791892,0.10864593590305988,0.1469903517627075,53,False
129,0.06347330373707008,0.13473783377277473,0.09121413825614057,0.06235732935004193,0.08146781084418948,0.11532450066324183,0.15856080919579219,0.035028868546588786,0.10187125325801599,0.1559641523761443,53,False
130,0.05768957327529105,0.13015473367012792,0.08529019728131376,0.047936315428371554,0.09021161449665831,0.11629443511203247,0.17858969946520212,0.028333848731663128,0.12512436612362635,0.14037521641571343,53,False
131,0.0600091032789188,0.1460106888283712,0.09527680513530026,0.0664147232464898,0.08703118015734328,0.11549750693725673,0.15566670816681152,0.024211983592998688,0.10933955271320218,0.14054174794330762,53,False
132,0.07277107260126167,0.15291740981591012,0.08791228640035306,0.0652024859357964,0.08130683226767245,0.11758956767538943,0.14863781290670264,0.030504755171945005,0.09718617227109816,0.14597160495387104,92,False
133,0.06663292964461792,0.12190040775689955,0.07887381243434857,0.049858795688708164,0.1106945426613212,0.10983183289607025,0.16188285480742898,0.039526302325424575,0.10528105303310059,0.15551746875208033,53,False
134,0.06692799609298519,0.1270761874186589,0.08405996867483077,0.0510122731728849,0.094381553772254,0.12347116902383772,0.15419734348374653,0.038652400246087355,0.11096403671806049,0.14925707139665426,53,False
135,0.06981951146114619,0.13135354865526006,0.08693274874684236,0.05280900877006508,0.09445869098120312,0.11326522312402595,0.17252160413962872,0.028583434782432426,0.1000689892270039,0.15018724011239212,53,False
136,0.057776377271170375,0.11730552646362319,0.08723326242645041,0.061253134427550565,0.09324384175519151,0.1123327081738089,0.17433006876085255,0.02958533249300072,0.1246072311734268,0.14233251705492495,53,False
137,0.06669351746534742,0.11993936918850645,0.08318465200283458,0.061128329150096895,0.09635966668441008,0.11474657144303531,0.15445933840983364,0.049206631459454274,0.10909380440164752,0.14518811979483381,53,False
138,0.06981484792201878,0.1211868462666176,0.09235249962853911,0.0474819418649455,0.08494317675370579,0.11406062679493467,0.15733181130701934,0.04992679570066184,0.11652953912420076,0.14637191463735658,53,False
139,0.06589987682058551,0.11712560481248495,0.09225729451316861,0.03698027216031815,0.09915055565949861,0.12490167622379099,0.17926416827604139,0.0224172347203088,0.10355304307350997,0.1584502737402932,53,False
140,0.070608651106571,0.126394232948198,0.08240596337750458,0.042844143778937076,0.08544717677991677,0.11490232526925291,0.17927408276205437,0.05408321379058167,0.11059469283609381,0.13344551735088966,53,False
141,0.05159287065161948,0.12564006949086173,0.0896231214797145,0.05567158028274838,0.09990590481565834,0.12072264647786872,0.16820016377595448,0.027856558233905475,0.11072532689279348,0.15006175789887552,53,False
142,0.0724746184002533,0.10827213912434282,0.08906533534807633,0.05383372752689079,0.0954067665052031,0.12144852572149417,0.1796216172489988,0.04681097372954663,0.10481003925692313,0.1282562571382708,53,False
143,0.06400963138468939,0.13587501820480874,0.05984892210369149,0.04693470995032137,0.09962532451947681,0.11933843191812656,0.16698945575080068,0.05075404900468156,0.11195003892096043,0.14467441824244295,53,False
144,0.05939859438386026,0.12350380936238825,0.0914779697792474,0.04994835787358445,0.09375056042018393,0.13122908909677097,0.15975421203278073,0.048009429038148616,0.09477277103986935,0.14815520697316611,53,False
145,0.058705661830529804,0.12176327937781611,0.0776878229489523,0.04470602453406244,0.0918487145111988,0.11354760825778022,0.17621709087042622,0.05340610420436178,0.10865111441172579,0.1534665790531465,53,False
146,0.04360983787120009,0.12787371130581698,0.1359928629965832,0.016541725067050504,0.0982996432800916,0.13676050418165633,0.14981563630264422,0.03626664411996862,0.11580420055301688,0.1390352343219716,70,False
147,0.07194789802689294,0.12596201369299342,0.08846821021214944,0.04618039846092803,0.08074500394548126,0.10549583583869579,0.17832383598184032,0.049486006183575085,0.1085663699942262,0.1448244276632174,53,False
148,0.04508277633676103,0.10584513297918054,0.0991914468542437,0.050808945457177644,0.10053572211438713,0.13673041271932837,0.16004727306121014,0.04015928968960748,0.11174550475947014,0.14985349602863376,53,False
149,0.07779570678182346,0.11651578633687971,0.08039435530114016,0.06373535703546925,0.09253809194472351,0.0974389500901046,0.17133687356553995,0.046920319637969624,0.11116786261189184,0.14215669669445805,53,False
150,0.059496739686818186,0.10501569235409307,0.09518308798458612,0.06119016681377333,0.10435876905544439,0.10135912007197306,0.18321304871509836,0.05072369546832637,0.09995218657242956,0.13950749327745762,53,False
151,0.050981417593018975,0.12293402083164678,0.11657456135861297,0.053019313192691556,0.08564805948843814,0.11340792893343316,0.15653707312149354,0.03788329024993431,0.11359787527626038,0.14941645995447014,53,False
152,0.05797643591257312,0.12625671633143035,0.09329427449499948,0.0339342714198825,0.104544596680779,0.10935202528588156,0.1566655237769075,0.043033938907542604,0.1185085642696173,0.15643365292038647,53,False
153,0.05081860871618961,0.12771907694606555,0.10206109738798885,0.0506008109257991,0.09766748399094348,0.11579654812553365,0.163046436427626,0.03338031330248738,0.11249459624842754,0.14641502792893873,53,False
154,0.0642970483197066,0.1107747310511897,0.09000447859805097,0.040688195434773027,0.09855118863718237,0.11912164539763861,0.162536509485236,0.035547925302357536,0.12504228220291716,0.15343599557094803,53,False
155,0.047562514826623846,0.11821283902063444,0.09258429069355464,0.05800789357379135,0.10308444735686872,0.10430257835103576,0.15954367322481713,0.048617433608009776,0.11792849672976602,0.15015583261489812,53,False
156,0.06000711448235787,0.11380876800262407,0.09432518739627094,0.05928144348965751,0.09987180642859332,0.1199646225168755,0.16639843267206306,0.03456089185290031,0.10026071326423357,0.15152101989442382,53,False
157,0.07680154594354133,0.11539839964320822,0.08188559689263872,0.04588921629423712,0.10230296918675479,0.12225698476582049,0.151337574426468,0.0500954387659798,0.10579536068474527,0.1482369133966064,53,False
158,0.04990492148851504,0.11547461125422373,0.12480831047635016,0.04463475099066573,0.09655795867690305,0.13784920071948886,0.15175185634116234,0.03604557365669812,0.10153758211974037,0.14143523427625243,49,False
159,0.06613593353579827,0.12440518767992763,0.08838334876684029,0.04235523279668695,0.0999175186165792,0.10362131714431785,0.17574336758902073,0.04522551264046032,0.10544136263121132,0.14877121859915746,53,False
160,0.05941032805371231,0.10675783754069727,0.08649616482500269,0.05178928265509666,0.10080559767620734,0.11698610225386569,0.17562677113292108,0.04192586888485154,0.10857182087490684,0.15163022610273852,53,False
161,0.07119180828581582,0.11178006326599772,0.07986254849711356,0.05968139342323123,0.09337220242844153,0.10951041412038343,0.16487136045863435,0.05750713601317324,0.11378827919367686,0.13843479431353223,53,True
162,0.0743337220247321,0.11096326396315616,0.09774987874201979,0.03538995702990241,0.09143547919873285,0.09974949534639352,0.18690817820591157,0.04434457836336701,0.11079962441781144,0.14832582270797326,53,False
163,0.06658709849612766,0.09892651083335001,0.07508502347009917,0.04174287977731816,0.1065679143936845,0.11693451751045483,0.1624211244172856,0.05416759471364248,0.12217383220439851,0.15539350418363912,53,False
164,0.07451247880483458,0.12758633430809416,0.096771143781031,0.03726811668008861,0.09653552867794402,0.10174948302806813,0.17218317071182762,0.03508344258968586,0.11292034555129102,0.14538995586713496,53,False
165,0.06963246851343438,0.11834750232032318,0.087939690963218,0.05818692375900269,0.09613038732989737,0.11115941726018227,0.167624107863346,0.03443128680263712,0.10575024370095114,0.15079797148700796,53,False
166,0.058455961817392176,0.1125245923014905,0.09316846809384914,0.058557255269872086,0.09694840339075035,0.11864275671616796,0.15284345923632753,0.043604220101082454,0.11290257744752685,0.15235230562554083,53,False
167,0.059342396126583104,0.12872142369573467,0.07284602178849772,0.034899988083399947,0.1086533119801572,0.1088275652647443,0.17173638505041916,0.053496153497757104,0.11035786608842928,0.15111888842427756,53,False
168,0.06582959287889859,0.11002120249918246,0.08728802568047692,0.046395016969204804,0.09579472167733902,0.1353546058789411,0.16986969308803146,0.041954836178595085,0.09155384185295763,0.1559384632963729,53,False
169,0.06404903573228425,0.1323057985253646,0.06753125716638192,0.05827630599482846,0.11095489366811248,0.11765972682404592,0.16489964378976343,0.03309871020935023,0.11245878315332422,0.13876584493654448,53,False
170,0.06050333516036162,0.11576332686929008,0.09340969563721027,0.049448596561256976,0.10287334968496216,0.13054572714621618,0.17191467976778194,0.025076585343780163,0.10317470845580498,0.14728999537333565,53,False
171,0.05826257850747687,0.11154718592121741,0.0840607734381974,0.05239720043154385,0.10423813451237278,0.11809242025322772,0.1735635692454244,0.04046585466190516,0.09286136982413262,0.1645109132045019,53,False
172,0.056759678471668754,0.11873921131446141,0.10053867077940107,0.04179530567889894,0.09167285057364187,0.1270186521775731,0.17433411214006306,0.05112096800474434,0.09327748527285797,0.1447430655866895,53,False
173,0.0820517280603059,0.11955939021787487,0.08366693616638857,0.043369824104758536,0.09213316037876478,0.1074110980732307,0.15978549896466362,0.054883405112205616,0.11496763810626881,0.14217132081553865,53,False
174,0.06293572005518534,0.11951582819427052,0.08244709610983963,0.037148400367540683,0.10193674216264556,0.12289407958741003,0.1607516161135083,0.03225084408999455,0.12708501844957795,0.15303465487002735,53,False
175,0.07742523942657335,0.12069578907554669,0.0815311674584948,0.04848797413384516,0.09552515859734484,0.12732573573976966,0.16498964146001302,0.043534923717172894,0.09824242789177912,0.1422419424994605,53,False
176,0.05846445039490803,0.1250737294495101,0.13290302670449147,0.029667984786157113,0.11271970965391996,0.11630824647935688,0.1492893734889129,0.023138594471732235,0.12265796075294325,0.1297769238180681,70,False
177,0.07163978204076468,0.10796070059121578,0.08929819288373299,0.05667112508342224,0.08554054685485793,0.11745023601325756,0.16613467468072032,0.04462671429562167,0.10752341657335142,0.15315461098305527,53,False
178,0.056104517690889005,0.1261668103808068,0.10792966484965795,0.05903636685577785,0.1015715950402122,0.10471443972719736,0.1632759862782106,0.03304601963422104,0.10216328966128095,0.1459913098817461,53,False
179,0.05203053291460881,0.12534377225779006,0.09945070100951005,0.04985607849367936,0.10659026032882642,0.11974060027274736,0.16538487557843895,0.04316061092010476,0.10577514904158694,0.1326674191827072,53,False
180,0.0683880206079195,0.1320496909269606,0.07624604238567853,0.06130888023959711,0.12279190674494336,0.10994297945397073,0.15577385360741539,0.041672543265009014,0.09404568181341244,0.13778040095509328,53,False
181,0.06025003085883619,0.10491225162837804,0.07933593022399976,0.042496318576967396,0.10670239202105529,0.1062835697985844,0.17797466468289883,0.04465301498528969,0.11743683425208017,0.15995499297191024,53,False
182,0.051807922782529,0.11187259242313641,0.09967138603154982,0.06366578131255969,0.08333365861952796,0.1253959354089106,0.16420121911523097,0.06216180743181559,0.08871360279709968,0.14917609407764015,53,True
183,0.0607230376550236,0.11688745473211073,0.08582052344753549,0.051618583383378956,0.11094233648797287,0.12286436415426655,0.15358440359662728,0.03085931056644404,0.11472548718606478,0.15197449879057573,53,False
184,0.05670395486095844,0.11731496687344427,0.08099666188496213,0.045754686896740476,0.09898906262976752,0.13856821572153838,0.19223597455113756,0.022273422173303324,0.0965330710350934,0.15062998337305453,53,False
185,0.06351119002674803,0.10493541335492333,0.07884006621298326,0.05210645903502854,0.11041474590683348,0.10275584722021114,0.18019575801367826,0.03937254838726466,0.11146799168942671,0.15639998015290257,53,False
186,0.039703440912409405,0.13389526993756193,0.07501936789566868,0.05283899646051914,0.08794439236149804,0.11953876949102094,0.16991082488582707,0.04355066483452484,0.11628828938166237,0.1613099838393077,53,False
187,0.06708280478744368,0.10890392200988745,0.0816340052886835,0.06083742700895363,0.10642754112650914,0.12216763920346073,0.15528045692114187,0.029080676091214622,0.11952327804814988,0.14906224951455546,53,False
