ID,strat_res0,strat_res1,strat_res2,strat_res3,strat_res4,strat_res5,strat_res6,strat_res7,strat_res8,strat_res9,ancestor,alive_at_end
0,0.016181780761791754,0.13330877491092172,0.04203698814160706,0.1828064778959373,0.12338242207292249,0.030872855342756807,0.06092964444688411,0.32985183441581667,0.08053738701657968,9.183499478240112e-05,0,False
1,0.012387982912324465,0.14285059635425681,0.06134715436628671,0.17654055348160444,0.11540151695932276,0.03414533746522787,0.049412938877920934,0.3449843279060224,0.06292959167703355,0.0,0,False
2,0.014995318125610039,0.1474649520028835,0.04469972981118412,0.17375213739112258,0.12698744236293694,0.028432068780449838,0.05928082407374898,0.33069015786414113,0.07369736958792285,0.0,1,False
3,0.02584613939255919,0.1490956422072071,0.04459980631074037,0.17101263830201244,0.1086193615436829,0.03757203053950788,0.07351366204667105,0.31905028466168167,0.06910350500719717,0.0015869299887400772,0,False
4,0.008656066722388785,0.14496371374875974,0.05163882126791923,0.1719845145382574,0.13697685559344416,0.025623313409565324,0.05408062106176126,0.3222524863656026,0.08382360729230144,0.0,2,False
5,0.0027944820741461073,0.14084104593489485,0.061633769379515924,0.18820653208079927,0.10992690817351265,0.0434799973493541,0.06464674233940909,0.33325501314366984,0.05128592475324987,0.003929584771448114,1,False
6,0.00021107318734759476,0.151187647982818,0.03952932448750719,0.16453737871352525,0.10522099341083284,0.04504166263056228,0.08632050324693764,0.3171919296101684,0.08376726880911806,0.006992217921182816,3,False
7,0.030764379465466108,0.11413651658645618,0.06847605844658163,0.17294412583778027,0.13018583914255394,0.031075836843844726,0.05964808306197527,0.3245540005845265,0.0682151600308154,0.0,0,False
8,0.014477070771438555,0.15725906390836614,0.05052516306379145,0.17582617299564904,0.11640940191107298,0.024924370789513803,0.050599838110598074,0.3322586720367051,0.0777202464128649,0.0,1,False
9,0.0,0.16234314284809356,0.04478771806487125,0.18581524679473935,0.12282774547868336,0.042644384302176666,0.05776521686900255,0.32245543150826916,0.061193109731022245,0.00016800440314189657,3,False
10,0.03337770323412179,0.11502162772441583,0.07108292738664183,0.17108487111650775,0.14722646235306905,0.027632015208144935,0.044629264890102494,0.3174125908441328,0.07253253724286347,0.0,7,False
11,0.02024179297260076,0.1461132471945417,0.05010897345387259,0.18379238620175675,0.10066753454676171,0.053108233650809855,0.06876832131674693,0.312456929969747,0.05981095618998756,0.004931624503175262,3,False
12,0.0208434477876951,0.16362004737726327,0.0409655714596102,0.17338823422903307,0.10309707731200436,0.0472417641306857,0.06368552073149236,0.30588741912048706,0.07956833515418213,0.0017025826975467576,3,False
13,0.024078647348511697,0.1504421427374912,0.07010000485276523,0.16052340158639436,0.10088069373052891,0.0360328926739673,0.06269853106958709,0.34302178489084095,0.042715265731871545,0.009506635378041844,1,False
14,0.02942234807002992,0.13326751412679724,0.0445118700487474,0.1592750316831703,0.11971713511231202,0.016408098379476193,0.06727811276215885,0.3511608581707375,0.07317940866007754,0.005779622986493169,2,False
15,0.02835163749799961,0.16274699787360053,0.028900966740408728,0.17144285892601457,0.10730696045760284,0.03496108528663649,0.06651230371131453,0.33381546710269266,0.06456907934423013,0.0013926430594999534,3,False
16,0.0,0.15762257837292631,0.04502951174722222,0.16667405437083604,0.11001875715454103,0.03923687022460103,0.07796412429664844,0.30730993416276264,0.07716132067623771,0.018982848994224505,0,False
17,0.008712884188798667,0.1403727205416674,0.06059620146567523,0.18989589524347222,0.1246618419016313,0.03926871898453928,0.04443195626310371,0.3269376405231584,0.0627810940435849,0.002341046844368806,1,False
18,0.011745422900895582,0.14436003313498816,0.06182818913728884,0.17875342211106995,0.12198678192822471,0.026992743281089495,0.08154509472966646,0.3296586065826608,0.04066638917407035,0.0024633170200457403,5,False
19,0.0,0.14678033231690768,0.03895678906269081,0.1673364690647417,0.08992033832777353,0.046624613251433,0.09762039890136663,0.3110046312294106,0.09162841874073074,0.01012800910494528,6,False
20,0.013757498801425632,0.14757644584851923,0.038530884395472795,0.16618735603566243,0.13570995414496625,0.017156393693500034,0.06659118311476814,0.335808256624926,0.0780733489892678,0.0006086783514917028,3,False
21,0.025780948897132585,0.1443320488020706,0.029539214989621636,0.18711472705737991,0.11998937344532201,0.02712049111357566,0.05604969805998728,0.3325124036769667,0.07756109395794361,0.0,0,False
22,0.010011996508897654,0.14362593750971356,0.04105306482765859,0.17490748587610583,0.11961525971715391,0.04897457577404726,0.0845123251037139,0.3350363567841796,0.03352455425018801,0.008738443648341889,5,False
23,0.014043778611175528,0.15151563615673536,0.049922821291345565,0.16494330895042703,0.1282172441713231,0.0339067933973565,0.06510506501711448,0.322246152939934,0.06758410067139324,0.0025150987931951683,2,False
24,0.03574726389173144,0.1333973017486901,0.03964704790641061,0.18847561774311605,0.13588931460851103,0.027518246417405294,0.041331388199555674,0.31783858862360415,0.08015523086097566,0.0,2,False
25,0.0324025941565746,0.14844633282118055,0.04990634893581596,0.17220899642476564,0.1120570531770895,0.030306824011651648,0.060969206227630704,0.3145806337801474,0.0791220104651439,0.0,0,False
26,0.0017820645565006423,0.14649273790816383,0.05207144194918025,0.17963340061494915,0.1221309344550077,0.030815388748376468,0.06483453858884,0.3399707289973758,0.06022685094894165,0.0020419132326645506,2,False
27,0.018048143502166606,0.14215080812853548,0.04970596600518891,0.1752130472333713,0.10976857943455388,0.05288173975418402,0.04371985886764464,0.3572346805097312,0.05127717656462404,0.0,1,False
28,0.015068032337414432,0.13000328290270727,0.04736760501905456,0.17507016755024088,0.12140785173490695,0.021331863786809332,0.054991189620642325,0.34686043862210014,0.08218823612681303,0.005711332299311198,1,False
29,0.004444028365781602,0.14324383561445156,0.047381558095564914,0.14822408519918168,0.11264065954540144,0.05376845200096044,0.08364785076783533,0.3149452252376723,0.0789214285792651,0.01278287659388552,6,False
30,0.028302104963265424,0.1608452832331358,0.0413124032750725,0.18311754229785857,0.10040037247915061,0.02615710669622685,0.06873081362101045,0.32261990239625554,0.06851447103802429,0.0,3,False
31,0.002133971059351434,0.1443940489806165,0.05937630730984007,0.191773254532496,0.10625584257957954,0.0463212342362192,0.0542350537192716,0.3369245697869109,0.04670052511702223,0.01188519267869254,5,False
32,0.003611932114234049,0.1453327401767613,0.047951086895388226,0.16896909043674188,0.12773415064754268,0.041974989879774584,0.035522233116505854,0.348469139845869,0.08043463688718229,0.0,1,False
33,0.04362868284464699,0.1043516769863452,0.07609572945822847,0.16453468378008182,0.11836308257874496,0.032694777032306555,0.06967058221802215,0.3176171527903805,0.07304363231124328,0.0,7,False
34,0.0,0.14167960687153955,0.040334314932365785,0.1978714186593538,0.11374707614302834,0.051466220269735144,0.07018616692423146,0.33679394851208594,0.04792124768765992,0.0,5,False
35,0.006060561016368568,0.13811286448162005,0.0672686671138487,0.16812459504018887,0.1396818760772478,0.027055194532301034,0.06173166968659116,0.3022904238179391,0.08248030824885812,0.007193839985036719,4,False
36,0.021891404619567272,0.12696152227039925,0.061728767872902296,0.17687100829411406,0.12084832920722535,0.009969340991179963,0.058696321981052804,0.340828008848974,0.08220529591458486,0.0,2,False
37,0.040740256650493606,0.1342529128875137,0.048995951812434296,0.17619819173269555,0.0926148145253695,0.034727452923468315,0.07041415152187686,0.33119399494953916,0.06992644430879857,0.0009358286878106921,3,False
38,0.0,0.1327307466641773,0.05932503457649222,0.17693789282151337,0.1322338319211144,0.014794357000747717,0.051259969911678784,0.3413329335678452,0.0857755693854598,0.00560966415097125,0,False
39,0.024321962426780717,0.11684843676177413,0.06680369217368042,0.17089192537688472,0.1251150922737901,0.021035511785700095,0.054770167540198436,0.35223100662582424,0.05622514562505367,0.01175705941031348,1,False
40,0.017570871284717755,0.14594718377953148,0.04235063279233105,0.1793687648780834,0.11472374607860501,0.029699306196841663,0.07370432002097045,0.3380716436952195,0.058563531273699634,0.0,3,False
41,0.024145619919165154,0.15553497572249148,0.04406989293199846,0.17643166997954352,0.09719484735570037,0.03692870403147906,0.066355673812505,0.3130717952565596,0.07676553856946165,0.009501282421095726,3,False
42,0.02409067831781213,0.1503233304944553,0.026815535051317313,0.18715386390775038,0.11670940388526796,0.03157232991439231,0.06733793047918482,0.32811534995868435,0.06788157799113542,0.0,0,False
43,0.010247659001340115,0.16012315420494913,0.06286161715561468,0.1656309259264137,0.12523414103005565,0.015017764838628288,0.05455341614611765,0.32557847322798744,0.0798272288073756,0.0009256196615178175,2,False
44,0.018996113236051354,0.14814904477308005,0.04848478647910689,0.16812541064496353,0.11884478585729047,0.024868813062623285,0.06766661716090698,0.3338252047589021,0.06744734038649002,0.0035918836405852937,3,False
45,0.023268541979524264,0.12895061062246554,0.0654259838975974,0.15991267214598853,0.11648874748204666,0.05315154866797812,0.05835950187231738,0.32159747686631324,0.07284491646576882,0.0,1,False
46,0.0,0.13687967427690462,0.031965206938690434,0.1836183899209616,0.15032519571429973,0.020832147713967755,0.06962380667261907,0.33340564357873986,0.06294709342176914,0.010402841762047805,2,False
47,0.013862362675434925,0.147576841444728,0.058944179627214474,0.17309820733554404,0.12124161888555661,0.011890503770151042,0.062127369766733,0.33677362178847614,0.07448529470616182,0.0,2,False
48,0.02643429471860628,0.13302381427232848,0.04136605509936577,0.17220171851399546,0.10451109053087422,0.04460437774252658,0.08206093963519552,0.31775397231051816,0.07804373717658952,0.0,3,False
49,0.025264191283699444,0.13166875450128065,0.03681451590382296,0.1924976181941944,0.1241365501762087,0.030134603363299595,0.05313648196268281,0.31279969861741874,0.09320435888180789,0.0003432271155847236,0,False
50,0.024516457159935955,0.14846087418926152,0.031228641857085338,0.17106826794396185,0.09890393081136056,0.044125777266430986,0.07382329600759945,0.3248510308297081,0.07204542314590669,0.010976300788749404,3,False
51,0.026920618020439376,0.14446479873781623,0.06355337775934859,0.1793377392715314,0.10450121211627925,0.03862126455756405,0.06491585093744019,0.3019823578977401,0.07570278070184086,0.0,3,False
52,0.0061338507159658376,0.15354995060083684,0.06427891076006875,0.17569774049307793,0.1281558824150848,0.017748842730580854,0.06171413904202997,0.31619869919569155,0.07652198404666351,0.0,4,False
53,0.035828626529545916,0.10484589486135795,0.07592509548428199,0.1634550058091537,0.11463092029383591,0.024741352943529762,0.07172741211280341,0.3211459443380243,0.07530206571003394,0.012397681917432922,7,False
54,0.022171792581652822,0.12994152277317478,0.03104731063863892,0.1921307175641297,0.1170555180880665,0.05230744023959177,0.04919375745821783,0.33255464629470155,0.07359729436182617,0.0,0,False
55,0.025751417832969244,0.11777166824869428,0.0649952028525403,0.17414903476302615,0.12308228027020614,0.04307319587417247,0.04279125222155962,0.32317240241084894,0.08391384329001368,0.0012997022359691665,7,False
56,0.019737672048055238,0.15225981285414592,0.04007238704978032,0.16260811677657916,0.09966309491008986,0.04666524558883783,0.08799978365476487,0.33473102185354475,0.050644603526919546,0.005618261737282465,3,False
57,0.0150367010315146,0.14041615033450544,0.06443651671369358,0.18097740077397997,0.09698605108374003,0.04768672274351275,0.06446572094006273,0.3039936804971961,0.07212486537624865,0.01387619050554624,11,False
58,0.031820915605338555,0.12261367394416259,0.07171007299398768,0.17426037119654056,0.13202390642909997,0.03150135015948006,0.049286827128315155,0.32722476614102936,0.05648573594632156,0.003072380455724342,7,False
59,0.015263794549418199,0.1635300380140595,0.030187820212970434,0.17343739214522122,0.0948017451683046,0.00830661700569997,0.0788542539281067,0.35122635686300013,0.07061411800587536,0.013777864107343918,0,False
60,0.0251354228189616,0.12924532505510086,0.045711922105742424,0.16289120928219564,0.13432531883987284,0.034024469923255675,0.07439106539435408,0.3163536972364244,0.07332077575218879,0.004600793591903681,3,False
61,0.03454007414741106,0.11581290812545095,0.08415722527766879,0.1904652003648345,0.13864947195964458,0.019411566643659683,0.029512345952557462,0.29775001022652486,0.08002138718314616,0.00967981011910181,10,False
62,0.02733999874175099,0.1164023469227191,0.0464427248502969,0.18429932314343672,0.12973166711577208,0.020391202258090695,0.053951416362038894,0.3384652121677615,0.06854208877675087,0.014434019661382243,0,False
63,0.01437708139876451,0.15773151269775182,0.03651225988312498,0.15992044103795808,0.09748397289186246,0.044942666801325915,0.07120043252391184,0.3300974363505698,0.07933391115973086,0.008400285254999727,3,False
64,0.015995251274777755,0.14327111106205948,0.04532941907929887,0.1879338969764481,0.10234944806551843,0.05621033488759196,0.05296470808770027,0.3249572719706089,0.06822018740614263,0.002768371189853593,11,False
65,0.0160783408511249,0.14576517304240594,0.058609858432067063,0.16190674940132727,0.11742756058189778,0.029130578273356026,0.07956834243501588,0.31707464932778895,0.0744387476550161,0.0,3,False
66,0.02241180848012558,0.14040178539174336,0.055367521607397205,0.17513046687686046,0.11886397905726427,0.036549888940573275,0.07457259637669272,0.31598142329161083,0.06072052997773229,0.0,3,False
67,0.02092392491096245,0.15990445609571374,0.04744763815268277,0.18966767249283084,0.09870441683602094,0.03954933859361486,0.054021440175276755,0.3237111777687897,0.06606993497410786,0.0,3,False
68,0.03284911111195199,0.149353349980619,0.05352334820216797,0.15927172970567094,0.12954626077144787,0.024709188873870858,0.08566440951031785,0.3084922695981612,0.05659033224579236,0.0,3,False
69,0.019639267883678164,0.15172225335803302,0.07794686727609093,0.15318882949395318,0.09569282018871077,0.054830597780633164,0.05323184645989765,0.33248399748746255,0.0552147553720324,0.00604876469950813,13,False
70,0.027730483204510936,0.149713253850741,0.04379485893009346,0.18808039705059967,0.09002243876244981,0.047618114777630983,0.0916488657896822,0.3118993217300306,0.04949226590426116,0.0,3,False
71,0.025794299629408345,0.11896249575884923,0.061017114437719726,0.18474759370031768,0.10787752190437942,0.013187720365780479,0.06832552012566084,0.32888269873972736,0.08073448824861633,0.010470547089540571,7,False
72,0.031681299657392095,0.1520385958222399,0.052092173280369976,0.15805511824120633,0.11062689591657748,0.03607426904640493,0.07776332208502847,0.31710925732720924,0.06455906862357154,0.0,3,False
73,0.03211355887898328,0.15312163421978126,0.028779044731331714,0.18592144357722865,0.10407803417082473,0.037170558249497346,0.0788597149043736,0.3073303415339922,0.07262566973398724,0.0,3,False
74,0.036182608344794996,0.14060243027736397,0.03717936799381106,0.1649441887987596,0.09213319567581632,0.05076103880245049,0.07910175606194517,0.3217164511884402,0.0710804972046223,0.006298465651995626,3,False
75,0.02648890680248136,0.1594124771193121,0.049561956500956135,0.17668339096103522,0.10899146348218434,0.014958363068099686,0.08021904094431742,0.3203390527197789,0.059726569428274874,0.0036187789735598217,3,False
76,0.010523230183530954,0.13034500630803475,0.06269114684209579,0.17251758033008135,0.11493336762380793,0.0510290449097863,0.06234064103033474,0.31401395329195514,0.08160602948037306,0.0,3,False
77,0.011271968497871265,0.15072196740249125,0.037561906227247255,0.16186088398353946,0.13010386967774407,0.04575290938933694,0.0873581106476485,0.31715687270629783,0.05821151146782337,0.0,3,False
78,0.0,0.1462746564694619,0.03987171244554593,0.17463287984000667,0.10334396240898006,0.050236187186354246,0.07593606583971413,0.32713372554129455,0.06382068197844366,0.018750128290198887,6,False
79,0.027120760273150975,0.15191257032435507,0.04347122361331879,0.1644278163660084,0.12400709192850844,0.033445055478389996,0.07325408180493487,0.30767437494662264,0.061276970471844154,0.013410054792866888,3,False
80,0.0,0.1571312451000587,0.07782423641069919,0.16313726063484535,0.09373001803947362,0.048646833833046986,0.05539273448849911,0.34174069951746106,0.03710955092322121,0.025287421052694853,13,False
81,0.014836429448860535,0.1431203935353467,0.027325048997271686,0.17196893997692544,0.09977237110074004,0.056775306782148705,0.08308083932602243,0.333982402865137,0.06913826796754748,0.0,3,False
82,0.011142393388658479,0.13868838297512748,0.059610720907364176,0.18108046656274368,0.11793483979890818,0.026857488244859833,0.07784145508591622,0.33474502280312224,0.05209923023329967,0.0,3,False
83,0.02438365669254987,0.14977525753923476,0.05410570812362799,0.17279139521257691,0.10044740674159551,0.044815599810309255,0.06108055162719744,0.3170700549109661,0.07226399142773074,0.003266377914211351,3,False
84,0.029167796764004373,0.1553554520830892,0.04890054615294425,0.1718387023287215,0.09377758220822657,0.0517703971935026,0.08615596387366703,0.30210266490672266,0.05183458024700655,0.009096314242115182,11,False
85,0.022586434949565814,0.14013330235902127,0.04448163551189948,0.16600726132015414,0.1107042634979266,0.04163649026867057,0.055400116624033456,0.349289165701954,0.05861584942865759,0.011145480338117008,13,False
86,0.02750802442036541,0.15262887230596323,0.03469105263574787,0.1757308982908726,0.09911217808754762,0.033993391884865255,0.07367193740024064,0.3324766799868281,0.0701869649875692,0.0,3,False
87,0.02344609510380088,0.15698231932633533,0.04755124891843323,0.1543303831050811,0.11838217253180554,0.037917092074144995,0.0648469314842049,0.31515619737245726,0.06562089653874804,0.01576666354498864,3,False
88,0.03798774084960436,0.1493552047741378,0.050756690595965645,0.15463348405703342,0.09979734632095423,0.026943424965646168,0.08330214118071241,0.32383005034541007,0.06619255605946425,0.007201360851071658,3,False
89,0.021045170866977565,0.10902076836630696,0.06436156588052845,0.17294463523238446,0.14829563497773002,0.0445830503206998,0.06603663814562571,0.32598443690371076,0.047728099306036394,0.0,7,False
90,0.02694229068160968,0.13599744484627085,0.07984590555293967,0.17554150740774677,0.09359728015780043,0.03382772247970413,0.06439254117447214,0.3484799304762614,0.031181729844336408,0.010193647378858525,13,False
91,0.04170031638761712,0.10331385196271273,0.08177506848836157,0.16990380844110234,0.11084232620174986,0.018342360917758815,0.07594616673601137,0.3178495940771559,0.08032650678753028,0.0,33,False
92,0.023286599663391416,0.13555115119956931,0.05082292774741063,0.19115717641363156,0.08908345591816676,0.061450154308544405,0.08029778728474862,0.3057605087651322,0.04995006046978363,0.012640178229621622,11,False
93,0.024044713518545906,0.15032629462855512,0.048936318884070136,0.18705833460281526,0.08135065190131281,0.06551561186667866,0.060804532710483056,0.30995578730473405,0.0658391328404476,0.006168621742357295,11,False
94,0.01314587449671975,0.1654000909278768,0.038674813114198826,0.16139710503806026,0.12565508446054105,0.02143047956771848,0.07739144459970514,0.3134209354244358,0.08130877183017136,0.002175400540572635,3,False
95,0.03240223603315259,0.15266564832190463,0.07082484878664644,0.15792717337558868,0.1013925016962097,0.029556378575759552,0.05926740652639801,0.33957088644083594,0.03715651555624141,0.01923640468726314,13,False
96,0.017635041472281867,0.1481563719929178,0.05551919808217949,0.1683397801121144,0.10803981584585196,0.03567900849919568,0.08861833560134172,0.31129033392853817,0.05468547887782312,0.012036635587755707,11,False
97,0.027000277118822278,0.14262342860950822,0.03045238487421593,0.18091598652218557,0.11051847355495781,0.028867032534147713,0.08654201568823021,0.314058161948674,0.06646283317181001,0.012559405977448167,3,False
98,0.028352771453665177,0.12573622487676017,0.06553498705058979,0.16889046613075678,0.1252466398034795,0.028369762494954872,0.07328511367885782,0.3108315929610309,0.07375244154990511,0.0,7,False
99,0.028228208686067985,0.16860523148814924,0.06753708899493707,0.1519600267974707,0.09013207167171937,0.0372110975088568,0.07352878887314987,0.33734630275951105,0.027941090819617688,0.017510092400520174,13,False
100,0.03240813812504553,0.15859323490086719,0.07506025559046052,0.1508662731991147,0.10847590024906295,0.025402389419272555,0.07077335312681027,0.3355406130101504,0.042879842379215966,0.0,13,False
101,0.006217662473919259,0.16221078053779403,0.04857467543296738,0.18062526200016357,0.10987888369980454,0.063409127406291,0.07051642818221449,0.3069222532299324,0.05164492703691328,0.0,11,False
102,0.004890908300139288,0.13347097535702315,0.05164104511561668,0.1989816108356809,0.1030415727206259,0.05691635657007651,0.04627577913263426,0.330487347171124,0.06724798280929725,0.007046421987782119,11,False
103,0.029059933777364804,0.13288935667003998,0.04324278567637907,0.18028108656745215,0.09326761679971911,0.020046616724775427,0.07942935878680711,0.3388936948292644,0.07187672783582058,0.01101282233237739,3,False
104,0.017646612455353577,0.14756961533601345,0.07207988511285074,0.17339852027092487,0.1033328976445818,0.026237045551729843,0.061987890694222954,0.3415179525469156,0.04130482341063902,0.014924756976768198,13,False
105,0.023310531486159792,0.13472091429126798,0.07502418359731691,0.1805062929841313,0.10569534904776672,0.04081871259709028,0.0681579897846337,0.3398827711480178,0.03138395203133377,0.0004993030322817437,13,False
106,0.0,0.1433864661100392,0.04748898984773284,0.16284008287607493,0.08881374878108475,0.0478339716988463,0.07632080966466935,0.3191820249558793,0.08748663870987815,0.026647267355795146,16,False
107,0.03480971756406478,0.1351444901597845,0.04442735442508674,0.17887004741583712,0.09947290768638009,0.03516240253490492,0.06777625480702862,0.32643169822685075,0.07790512718006248,0.0,37,False
108,0.030818007579602135,0.10402944736258846,0.09149193945249139,0.16313190503160743,0.11333855878394779,0.021598946390593288,0.059965834809925206,0.332441970462105,0.07207367607031315,0.011109714056826146,53,False
109,0.04177659604876185,0.15558362831440384,0.05092451934620515,0.17407874420696415,0.08324179646431827,0.03798423779323817,0.05362432659739059,0.33611513722309083,0.06667101400562721,0.0,3,False
110,0.027152873958454105,0.15491749997709553,0.06011812590506206,0.1781614318871803,0.09787736715537755,0.04956323067202792,0.06905215535594936,0.3073731629080917,0.04000607288702405,0.015778079293737316,13,False
111,0.026714083054114622,0.14559177073553364,0.02472346367067255,0.1767878605606871,0.0952032525194715,0.0495199375790314,0.06421716994118876,0.3233657291253313,0.07900190266324897,0.014874830150720024,41,False
112,0.0374858251630881,0.14744617476593036,0.03371389843374202,0.16316962848984207,0.10473741295786825,0.05113479455914955,0.07114569041136469,0.3089939791183904,0.07049716363485696,0.011675432465767707,11,False
113,0.012368966458535132,0.14810334460564942,0.08231205500474893,0.15492248416196416,0.10361760923066504,0.03580140012173013,0.05927434188617646,0.33495543961314134,0.0437257693438668,0.024918589573522585,13,False
114,0.02414563566813111,0.15506490942178486,0.07489254419349499,0.15140533333931552,0.11358964397537281,0.0298928815927357,0.06427098156188764,0.32680291031774383,0.04648991767443573,0.013445242255097876,13,False
115,0.022333323695472862,0.13243080766509016,0.03921073637720805,0.1846643360391525,0.10231304046600181,0.040720231584514086,0.07091618036033044,0.33138009720035005,0.07603124661188004,0.0,3,False
116,0.006057395963862923,0.14551065812133956,0.0858653596295005,0.1663186021300528,0.09335436182709399,0.0426359314509177,0.05092329732393937,0.3478900951298251,0.05574126775599415,0.005703030667473978,13,False
117,0.021625944066739747,0.15517245972479118,0.07948771786358189,0.14815030683644423,0.09402556751036022,0.05201973242645251,0.05746323138890721,0.33382631041795247,0.047269231181937814,0.010959498582832818,13,False
118,0.0252865606735769,0.13093697373618185,0.07074833807597837,0.16267439261236724,0.10369528099798522,0.040525578618700986,0.075945873404246,0.3414303552519223,0.04782878838948715,0.0009278582395540521,13,False
119,0.02085836111993102,0.16471266001753976,0.0435732501548905,0.16410931420847918,0.11242324712764833,0.03490137285531729,0.06895704464213094,0.32569647018069076,0.06476827969337232,0.0,3,False
120,0.028567123488131868,0.13351067349856652,0.04217032968218366,0.14250048467601448,0.13480734621702836,0.005284456739539555,0.08035927512536817,0.3438484527765763,0.07979275378003978,0.009159104016551444,14,False
121,0.03699666779336663,0.1360938740417692,0.049173574477061735,0.16199153047988613,0.09706454048862052,0.05283647558731877,0.08157576186195695,0.31053718949513737,0.0737303857748828,0.0,11,False
122,0.03305300106157292,0.10919318880173957,0.07687025926811823,0.15975987715653486,0.161761634534442,0.02911442358847316,0.04064345471561802,0.3167155594376355,0.0680823490883042,0.004806252347561375,10,False
123,0.018833795513927512,0.16371652457762095,0.07863570366992043,0.15096770280770963,0.09429245357052102,0.03805425048426958,0.06305652727575216,0.365066010941236,0.02606124459187367,0.0013157865671690457,13,False
124,0.013872261319409829,0.15479773828910856,0.030428114390764857,0.18313321121234574,0.12557227464427617,0.03780464832198428,0.06735124086543927,0.33101932164853054,0.05151330702931699,0.004507882278823699,3,False
125,0.01407547693156852,0.15888823803503296,0.06043695088305116,0.16109559154794786,0.08814430762475169,0.03765591563904674,0.06359964084562895,0.363984453339163,0.05211942515380912,0.0,13,False
126,0.04767508523930306,0.11337084649903413,0.05549480142571811,0.15824064433856852,0.11003468342286302,0.026221093174750285,0.08891924403332717,0.3119671721293032,0.06050955550806984,0.027566874229062625,53,False
127,0.013282314205945195,0.1461757954756411,0.06502368642347191,0.15079610502236696,0.10887872990015647,0.03530326951085077,0.06129687685428833,0.34394880924735205,0.050947545228739705,0.024346868131187416,13,False
128,0.019373769936283994,0.15166498862163522,0.035567390369651154,0.17971542077426358,0.08516333311190773,0.057110902612402065,0.08162564095200289,0.3146240218061422,0.05645240874087856,0.018702123074832697,11,False
129,0.04038688571862268,0.09006795529477284,0.0715636343145947,0.17612077292869263,0.1194725859269321,0.027545837124794432,0.06804218617582657,0.31233117613055905,0.07335069624363437,0.021118270141570774,53,False
130,0.012287291831051435,0.14599020905508903,0.06780053891051398,0.16921963047972646,0.11032733252452465,0.05025581877658895,0.054132110016906945,0.3531385299243884,0.03393272779014371,0.002915810691066451,13,False
131,0.035927794122681954,0.1024191543949929,0.07473028985875228,0.17202247188213593,0.12206664297803217,0.03478376246980795,0.07272637162003294,0.31427950136074645,0.06116850419982833,0.009875507112989191,53,False
132,0.02074380675510197,0.09470098359019131,0.0800035770344627,0.15675951988726067,0.10458141799915954,0.03010594835831601,0.08242864109740608,0.31216536759791197,0.09788118622652409,0.02062955145366548,53,False
133,0.037282128683053715,0.10264121228844668,0.07704526474439671,0.1739773603383922,0.11570687009923591,0.010525393298630508,0.07394126433971668,0.3106361857310577,0.07058217177549034,0.027662148701579407,53,False
134,0.010563896109331384,0.11923577448280595,0.0784552004227235,0.1533328031421216,0.1200978771470497,0.04876823731862615,0.058096600086287295,0.31216988801889756,0.07871170273696054,0.02056802053519627,53,False
135,0.033414125253626636,0.133890622402572,0.06587481055638635,0.17494640573491546,0.10435056083312148,0.004481892132432367,0.06156784974972985,0.3366757234123445,0.07122030740608223,0.013577702518789115,53,False
136,0.0008313066477272395,0.15044691281701977,0.049249437825807235,0.17172352967389998,0.11991950592570308,0.030943986177047175,0.07081924082960794,0.3114842893288415,0.077715827350492,0.016865963423854043,16,False
137,0.039911017583919614,0.1143516155662634,0.08039258889550475,0.17709788049033598,0.11676451263604849,0.012675514128109997,0.06936444663799597,0.3178018678500815,0.06126327625334117,0.010377279958399118,53,False
138,0.030690787465515127,0.1361536716093451,0.04722360180059086,0.1681499541964921,0.10442004865234275,0.02918860131472372,0.07437252209360559,0.323301886622322,0.08649892624506282,0.0,3,False
139,0.03949051969433517,0.11897716251091375,0.0753444316782362,0.15512487722858367,0.10684146427066853,0.034176753644316216,0.07789127138114024,0.3123037541798165,0.07870303310366628,0.0011467323083234763,53,False
140,0.04477284195675083,0.11176762435501864,0.06887216878698856,0.15892129350248735,0.11538571402378602,0.024133840772734453,0.06456733509884109,0.3303276554913302,0.07961772869392313,0.0016337973181398124,53,False
141,0.04756086445073932,0.10447808671372665,0.08288693879041684,0.16222119179260844,0.10189686644071339,0.0207408040976746,0.0776098484764976,0.323745387602826,0.0712309939500452,0.007629017684752032,53,False
142,0.037384809243529694,0.11359059779142777,0.08157667916507379,0.16933858103751906,0.10368737074618019,0.028128834684532315,0.07173199994626256,0.30983964540457976,0.07253938411066496,0.01218209787022979,53,False
143,0.032810318363826176,0.1052862259065173,0.05797825220868985,0.18383958572628165,0.10133242338472395,0.05749799095373848,0.04577111951662084,0.32459062893532,0.06865294525724323,0.02224050974703855,53,False
144,0.03242269716478535,0.10968519025561183,0.07554623254518997,0.16392507792754646,0.11987867314046592,0.005506779892344427,0.06664394134382629,0.3514584249093915,0.0749329828208383,0.0,53,False
145,0.002383392374171653,0.16010429293582118,0.07811381927927515,0.1628444507668616,0.10655235215480498,0.044433777073374,0.04929353961201952,0.3286879454436569,0.05078231761393012,0.01680411274608491,80,False
146,0.015261321700685835,0.11678297608708983,0.07149311504177336,0.16405431492422484,0.1069894252034999,0.027422665080144317,0.07942601404676462,0.33090965713787546,0.07462225192189989,0.013038258856042016,53,False
147,0.024910876349921975,0.09902826209833325,0.07241491092087522,0.1792607855354455,0.10922447792997261,0.024027140487793277,0.08281756201889327,0.3267813977150809,0.07891711242241954,0.002617474521264419,53,False
148,0.03229146154466057,0.13430293853348954,0.04978088723639451,0.16829544167967958,0.10332650140214078,0.04849394991980789,0.0496926008711077,0.35449917735928566,0.04548552373901344,0.013831517714420283,13,False
149,0.04165596305708568,0.10495582290036945,0.07547403760935117,0.17186856690503333,0.11082138947984338,0.02591725154338428,0.0549810821467526,0.3294961478349493,0.0695317089780624,0.015298029545168516,53,False
150,0.02836440776333756,0.16150781417847476,0.0346956218974647,0.18891445039762805,0.095777267357873,0.031191510789885343,0.07099157047116957,0.3150197422592678,0.07353761488489914,0.0,41,False
151,0.0,0.1676550435177803,0.0769660119329624,0.15969470020743037,0.09227132756884142,0.042862572381684574,0.05436064108665471,0.35090150043818885,0.021085722349817905,0.03420248051663938,80,False
152,0.04695661320200776,0.10186141903897995,0.08922767192380907,0.1508865589019874,0.11363553191604783,0.018519133975233446,0.0653794642009931,0.3322175175547474,0.08131608928619397,0.0,53,False
153,0.05534661563864979,0.1015334261082535,0.055856323010348055,0.1691804126333296,0.10805751377147069,0.03766369327529985,0.07643432929400397,0.30728585669987835,0.05542516696270966,0.03321666260605657,126,True
154,0.03419333221091483,0.16053397655483473,0.048603523839374996,0.16154589716113796,0.10021810701608262,0.00017759347007182284,0.0693401285336365,0.3726819724023365,0.04537267283396942,0.007332795977640666,13,False
155,0.05914174775149977,0.10601625190878254,0.06327586454201281,0.1548160416808294,0.12033902668956079,0.030774958607850962,0.07794214141137562,0.2856949705190955,0.07393042856047265,0.02806856832852,126,False
156,0.021587877118689855,0.1482344585240932,0.05132561194091091,0.16280894269883062,0.08289908575603509,0.048631272699290545,0.07333461917076634,0.3415549918194686,0.06278924945115821,0.00683389082075655,13,False
157,0.038536299825562975,0.10536567663714633,0.054782075514187095,0.15261393205296678,0.10787690068433992,0.04437855673896394,0.06581879633792345,0.3255175206221514,0.07910657104823549,0.026003670538522556,53,False
158,0.05032464860762543,0.13685535826796194,0.05679932201740336,0.17909590298573577,0.11775601435989781,0.01451942271202416,0.0740247562776935,0.29364613281952906,0.06356189858061224,0.013416543371516857,126,False
159,0.013019219538516263,0.1477387317801579,0.05526597975389606,0.1765670527403698,0.10422214445464316,0.03929764467548236,0.04205813894051966,0.3622641858182843,0.053324215618080026,0.006242686680050529,95,False
160,0.042964274173508434,0.10486075287428559,0.061397708397393135,0.165064376457575,0.11062730107947794,0.02194750916042958,0.09032213107327472,0.3149786277536772,0.05743298845677205,0.03040433057360629,126,False
161,0.04462618760181621,0.1085755988321797,0.06483320879000261,0.1658774066579832,0.1127705459000787,0.030048393715135874,0.0878640202364529,0.3040662345320058,0.07144375749108989,0.009894646243255104,126,False
162,0.05184886985684934,0.10352712853220004,0.06090895402690738,0.15866757764023157,0.11210787604174317,0.025815162804521646,0.09418790516589229,0.3216328073196269,0.060677228887409604,0.010626489724618073,126,False
163,0.04787611770707315,0.11843938181174742,0.05335859718714511,0.14939021957451093,0.09841924158064908,0.02738150995990656,0.09380261669442438,0.3135814273100033,0.045557401992859826,0.05219348618168025,126,True
164,0.03179235402501174,0.11768728343458063,0.05166446840846976,0.14684273120087682,0.11878956297764841,0.017841969243871336,0.09952797311871805,0.3107860560294476,0.07236785700424062,0.032699744557135195,126,False
165,0.03080642483360748,0.1048971202699964,0.054554585230798334,0.15487690571554402,0.10721448613029737,0.04238995729061442,0.09185406822088113,0.2956555524100612,0.08261150281478635,0.03513939708341338,126,True
166,0.05679298083478527,0.11279105358136429,0.0466359518554656,0.15554954494608383,0.10928063899320337,0.012258691590329359,0.08716912467603194,0.334507445042131,0.056269378830448,0.02874518965015751,126,False
167,0.000545818113195622,0.1555490828346998,0.06377650965635773,0.16273934259414874,0.09434853664499579,0.03872760714277168,0.053973249555580215,0.35228956081358903,0.03395635215591911,0.04409394048874219,80,False
168,0.01342221370159341,0.11030402145515229,0.04168195648154132,0.18940721803225274,0.13678135625116003,0.018486095181715064,0.052751756538495495,0.34892921005425237,0.0658027741044326,0.022433398199404812,62,False
169,0.046839893667168495,0.11506573560819652,0.03510205261474779,0.1664794798725309,0.12392019210120045,0.026790390951822212,0.07651449231871188,0.3211396560607302,0.057898745655003844,0.030249361149887712,126,False
170,0.0,0.14612753796827418,0.07758571650921951,0.1740532983738562,0.10875864705629162,0.038945986923937324,0.05156507362552852,0.34346014815066694,0.025978917936779426,0.033524673455446234,80,False
171,0.03298900539965516,0.12033720972545266,0.07507509969211693,0.15320680822386246,0.12693258461517054,0.02777583094741211,0.08471300273038444,0.313231201389156,0.050936216280356446,0.014803040996433346,126,False
172,0.03528016062798382,0.16083504399400272,0.08511973806192431,0.15963750079147945,0.09755358439720511,0.0191279343636909,0.05588214754477436,0.3227921440668773,0.03555860468348177,0.028213141468580217,113,False
173,0.06803037703438618,0.11986618084561759,0.051449201999779454,0.16423160928640831,0.10474223550370988,0.015815567430325413,0.08309114905197272,0.31083320685394544,0.053219018479135675,0.02872145351471929,126,False
174,0.04331530933125758,0.13317816914601743,0.03748708458115257,0.15030152643625172,0.1007316049163494,0.024116730452271536,0.08449936650755074,0.32212879971483643,0.06023600504516383,0.044005403869148724,126,False
175,0.05875194216244147,0.10762602154472788,0.04223679121285932,0.13376826113907517,0.11624506552316018,0.027127704315934635,0.07516806557347999,0.3255188618396788,0.07537142187363709,0.03818586481500541,126,False
176,0.04464440252956415,0.09917553193032688,0.05571013140271933,0.15799805130169678,0.11956434574322918,0.041261991525363896,0.09758253772746404,0.3043996288279676,0.05920380471200837,0.020459574299659816,126,False
177,0.00042139576238354646,0.15247012761137738,0.06593908537438467,0.15865472057399752,0.11190704742578571,0.04311377283436778,0.04945874686671965,0.34647489226435096,0.0415292843321604,0.03003092695447239,80,False
178,0.036817851030937945,0.09865828795439426,0.052326831655120434,0.15843555379632174,0.12503501841160022,0.02786779307304013,0.08822139214204747,0.307045171671154,0.06699452253662821,0.0385975777287555,126,False
179,0.036178393856783155,0.11173741948823669,0.04425032664712475,0.1619112546895683,0.11465188184292052,0.04504650605422087,0.10010355179218991,0.30270694083289634,0.04945747418020978,0.03395625061584974,126,False
180,0.048036210413116405,0.1185763765678741,0.055701498542201786,0.15911545370161967,0.11382606996192886,0.016627574615862204,0.07572315777205979,0.33354921652701114,0.06321695245520358,0.01562748944312238,126,False
181,0.05034111269261699,0.11831580671135215,0.04959844953834345,0.15182941280758475,0.11195980472862198,0.033403920118281805,0.10640197189701543,0.3196428105247792,0.058506710981404295,0.0,126,False
182,0.00015967034504434633,0.16090732333522406,0.07279230538766936,0.1486537938053202,0.10210951970851836,0.03609472271872742,0.06977556979664272,0.3410584677220451,0.04468264993123747,0.02376597724957094,80,False
183,0.03562682300835138,0.1258960384699532,0.05967340273263956,0.1655671786628065,0.11651272888776405,0.01220142534766637,0.08526663308509876,0.3125413044764166,0.04814877210352237,0.03856569322578123,126,False
184,0.0,0.14011182362772284,0.053654662366225056,0.16390983480502752,0.07985967242156394,0.04954048250243011,0.08195571369343924,0.30202672469287767,0.09212182266648561,0.03681926322422805,106,False
185,0.0,0.15324636223065674,0.06948266275720189,0.17264551482665866,0.06977666111464047,0.05813453356286807,0.05850484998960996,0.36619628073232935,0.027707794271911397,0.024305340514123572,80,False
186,0.052445279501289195,0.10461794773008923,0.06524202074876058,0.15954382771654108,0.11618713399690823,0.013719434414930426,0.10146003273545973,0.30457821261722784,0.04913805024731234,0.03306806029148142,126,False
187,0.04621553216667598,0.1138760532776789,0.0639479962889814,0.14800551951462612,0.11496713602944633,0.03855530756099841,0.07822806215132358,0.3092802655097674,0.06803737454897738,0.01888675295152442,126,False
188,0.04696588792086175,0.11410906901947267,0.054252278540197305,0.15227725047493565,0.09769589160449865,0.033875825692755074,0.09901969215490813,0.3249201020204917,0.055789149716287637,0.02109485285559152,126,False
189,0.03950058394730871,0.10242016705415954,0.02958209164065672,0.1598576529934074,0.11479614050817527,0.03963360831400326,0.09083746403857618,0.3218891310657077,0.06992458517162452,0.03155857526638074,126,False
190,0.04203439604031535,0.09414325758701843,0.06960635432000588,0.16204367942029074,0.12975249581565274,0.03516210811952404,0.09974501314064795,0.2905068787685352,0.05457714631805236,0.02242867046995746,126,False
