ID,strat_res0,strat_res1,strat_res2,strat_res3,strat_res4,strat_res5,strat_res6,strat_res7,strat_res8,strat_res9,ancestor,alive_at_end
0,0.08676127893639474,0.0077694419707114905,0.11367675381426573,0.08409669005993127,0.27828997049797827,0.07057929923342417,0.2182521080947663,0.0034076224150820142,0.03287233964398814,0.10429449533345787,0,False
1,0.09016270340662806,0.005703301702335108,0.12252291307106412,0.08145287434526782,0.2646339115425209,0.06399681975952563,0.21803077153091827,0.016852828622948485,0.03437388333619501,0.10226999268259647,0,False
2,0.08547651934598874,0.004856446310589489,0.13545277416175,0.07509834998860444,0.27496256217424964,0.05393330780180072,0.21200285783798706,0.03885837264745152,0.025966412735614182,0.09339239699596436,1,False
3,0.10230708033735883,0.0,0.1183188786718082,0.07017921503876366,0.28019137650155146,0.05623471060216994,0.20714629518454275,0.0448964859679074,0.027100840832425466,0.09362511686347236,2,False
4,0.08095765678015587,0.0,0.10882059589859717,0.07686935108829696,0.27378188099003914,0.0738450226930828,0.22927331411668958,0.004504723654229039,0.03329894991060263,0.11864850486830689,1,False
5,0.09824315969161422,0.004735364216731882,0.14923672497798887,0.06796129188149237,0.28438191121876444,0.0424534751450319,0.21005782778449417,0.04529706094586559,0.0235400758292305,0.07409310830878608,2,False
6,0.08916977608015442,0.0,0.13837627657868515,0.08319806931992457,0.257021021447803,0.0664799402462775,0.2055815428307519,0.018647673587219252,0.020085574839698542,0.12144012506948566,1,False
7,0.08259307152581509,0.0,0.13355547286989333,0.08499027435692683,0.26047484737393645,0.06728820240471521,0.2016380710745258,0.025650386844488313,0.005751403795358264,0.13805826975434063,6,False
8,0.0907153296103221,0.0,0.14967208554458925,0.06799902223894298,0.29446761539617083,0.04453954841276712,0.19206344593256433,0.05546697570572833,0.025685500446779756,0.07939047671213521,5,False
9,0.07682859482551922,0.006600562912128066,0.1383780290025056,0.07908975653257658,0.27478798251817416,0.06055446784910163,0.20138808849834353,0.03866833284376783,0.022166869941824166,0.10153731507605922,2,False
10,0.10348158526971087,0.02212115129846715,0.14693977415574883,0.0711818048913452,0.2829196309516421,0.036063108926414025,0.18882578849195258,0.044412375472186225,0.031880416637015054,0.07217436390551807,5,False
11,0.09565438705510679,0.007255284418648008,0.12792415649866473,0.08207281770630268,0.2788114118238376,0.05957519627476896,0.207019020198106,0.03968072673027901,0.016258972208932475,0.08574802708535363,2,False
12,0.0995030546104845,0.0,0.12484616757339764,0.08163083772972246,0.263278498311832,0.0842822984579734,0.21114284189326557,0.009159058128545203,0.0,0.12615724329477918,7,False
13,0.07775404574382432,0.006829518295358055,0.13146565441056726,0.08242607889804697,0.27747458484689375,0.05485684852224464,0.2443610168688209,0.0,0.020819126276426198,0.10401312613781802,0,False
14,0.08656956684004571,0.004208000720642118,0.11656420407677703,0.06358016684213413,0.2863837424706348,0.07170458636682354,0.21400965352804396,0.0016671855855111876,0.02980296644058239,0.12550992712880518,0,False
15,0.09336681674197943,0.012126497154274867,0.13784254566148943,0.06918957991945457,0.28385473143999246,0.05015400856171769,0.20608915591701882,0.05118887141906118,0.029834735603648316,0.06635305758136333,5,False
16,0.09342473579872883,0.0011698096892425165,0.13288682921235814,0.08222661691777758,0.27594361880289636,0.051873419107722564,0.2203300312417966,0.03349407868485128,0.018023221080440806,0.09062763946418526,2,False
17,0.08884939042188085,0.006173628602663712,0.13210304950446145,0.066441430880013,0.2873498802754317,0.05229853140755872,0.21483539707973162,0.03632631991827549,0.02273210615472629,0.0928902657552572,2,False
18,0.08699911047349702,0.01905193804356966,0.11657418521544206,0.06996212335920984,0.27477824803566636,0.06923062568896177,0.2007542585449894,0.020314408714405086,0.035172312987184644,0.10716278893707407,1,False
19,0.08819890236615892,0.00779107827912189,0.10480731225311787,0.0876243775353648,0.28878384404941254,0.061165265476412836,0.22382597751102054,0.0038695937751630606,0.040643329174501516,0.09329031957972617,0,False
20,0.09563027019521783,0.0,0.1398552010846528,0.08546299156200818,0.2484858449790934,0.0775216583568885,0.21267226607941228,0.006742149080848062,0.0165302204279673,0.11709939823391165,6,False
21,0.0876935799531962,0.003884192170251023,0.12019109971843635,0.07558038539731499,0.26437701234277244,0.052574639165573256,0.2073908826545335,0.0608025818915598,0.031220835675457016,0.09628479103090534,3,False
22,0.0886442438756394,0.01721493474515214,0.10711079272077746,0.07929682608978311,0.28659028092359057,0.06718442526366165,0.21432805287501808,0.01914972771220932,0.03394356460326069,0.08653715119090749,1,False
23,0.09236677838406605,0.0,0.13236305455225494,0.07783160097208505,0.2724119670771078,0.05880107088767445,0.21025534939822027,0.040491150491815786,0.031135380107626533,0.08434364812914907,2,False
24,0.07116361901820491,0.007054754481869728,0.11597744993532655,0.0818302974742098,0.2850958354300773,0.07201260322525772,0.22241262824729474,0.0,0.020749682831882485,0.12370312935587678,4,False
25,0.09112448072921306,0.0,0.12706546113852116,0.07363541916440147,0.2625041956030267,0.07514186046478313,0.20395676771215177,0.014601249695491904,0.02459075016492959,0.12737981532748113,6,False
26,0.08255205865449002,0.007872053192810499,0.13803466444010587,0.05968437005143015,0.2842140220486599,0.06350408140703984,0.216396960558513,0.045843542802411284,0.01898018888809841,0.08291805795644079,2,False
27,0.10716111321286524,0.0,0.15421966110149027,0.06649664818925433,0.28018132534988693,0.03936510386429518,0.20493114120374883,0.03720137819801633,0.031919801194934656,0.07852382768550832,5,False
28,0.10467502794212545,0.002990635855832752,0.15769876601373922,0.06259301056247638,0.26745270439681795,0.04885821060511518,0.21925876439241468,0.05240453350847003,0.016724271885793212,0.06734407483721526,5,False
29,0.09611972854793781,0.0,0.1211981851147924,0.0757514503665402,0.24728779084050215,0.0706206099781493,0.20544669519272085,0.03511944346105199,0.04510147661900322,0.10335461987930221,3,False
30,0.08983149235014902,0.011616777876261825,0.1501044317372891,0.07387066465882566,0.28296869908522276,0.03470857643715695,0.21074646713073758,0.04073002437512947,0.031547664327162224,0.0738752020220653,5,False
31,0.07661851155690723,0.010554706730748334,0.10947146898453888,0.07865166245335758,0.27120406037699435,0.05749729845445828,0.22338513605041888,0.034683048074041836,0.03916573804335084,0.09876836927518369,1,False
32,0.09112434774765066,0.011664201686868447,0.1326425244167905,0.08310526980486617,0.2674051323387825,0.05195205385142362,0.2103794375099941,0.05184684800573492,0.024590259037921225,0.07528992559996792,2,False
33,0.07619110085738912,0.0008222576590972354,0.1430406832640002,0.0812997663465598,0.26559138440132424,0.05562069704735677,0.22577701499869493,0.024469016971862365,0.03338571678492137,0.09380236166879395,1,False
34,0.09760842822732817,0.0025367965812469256,0.14409500319231072,0.08357226348788915,0.26301370340212626,0.045265059002703896,0.1972361978945301,0.04265676764759799,0.028127803414363203,0.09588797714990357,2,False
35,0.10217924714401057,0.002440733715404045,0.11952659942443584,0.07223677330017406,0.24916803320226738,0.06913662994520785,0.21784048170851575,0.021328040125795405,0.03324911366835181,0.11289434776583732,1,False
36,0.06489232556739134,0.008312128851493064,0.1446935037231916,0.0697571584840612,0.26925713437653837,0.05446854025924272,0.1926313098203878,0.05289543990939646,0.025707790571162046,0.11738466843713553,2,False
37,0.08621949512315243,0.0,0.13247791740333525,0.07922241035369965,0.2771379706989897,0.05546652069756291,0.22010708712793747,0.038724748779160066,0.020395260640497993,0.09024858917566454,2,False
38,0.0687336451994674,0.0076466327658486835,0.11320423725483021,0.0669328569457589,0.2796890148430449,0.08189076977884768,0.21994803460308507,0.004624786212015493,0.02795953226846102,0.12937049012864063,4,False
39,0.07426095240956354,0.0,0.12065665308074722,0.08114194063250464,0.2769922881871452,0.06097309506926157,0.2231041041049572,0.04356964047543623,0.020037382030038367,0.09926394401034586,2,False
40,0.10433678778869049,0.0,0.10734529922043479,0.06261576572424384,0.26798525049169114,0.08017983794928932,0.20361057891776674,0.05508016343838576,0.018237762738240938,0.10060855373125697,3,False
41,0.10034510857571753,0.0,0.13049819652524886,0.06985390139842404,0.2801590044972938,0.06517705735899013,0.18626238754546143,0.05766823079689904,0.025444665121152215,0.08459144818081306,3,False
42,0.08835175237831609,0.0053696177286071956,0.15622517915301662,0.07141570297124909,0.27668152948485697,0.04612493064312777,0.20897700235520986,0.0440346142799477,0.02229333620982252,0.08052633479584625,5,False
43,0.09542297856199584,0.002658863341752709,0.09098888197658658,0.07885372979935454,0.2711784642139081,0.07521906941018328,0.23828024126168304,0.019046879115084424,0.023363589275786356,0.10498730304366516,0,False
44,0.09626409151001657,0.0,0.1020831457266631,0.07664480305318126,0.29531771492059333,0.07262868110478518,0.20537358124488625,0.017908138660172476,0.02382054802622273,0.10995929575347899,0,False
45,0.09474925959423622,0.0,0.16028433319806196,0.06730357639035442,0.2766321684701657,0.04054779146350131,0.19895774365742175,0.050814009286122314,0.039758798667116575,0.07095231927301983,5,False
46,0.08982090879601387,0.003181835229517687,0.14670976114139914,0.048262907672874604,0.2699544818263234,0.04258282970710628,0.20994857911533749,0.03158579321825346,0.05027551567463891,0.10767738761853506,2,False
47,0.09178898935149511,0.02294238935221284,0.10723973222395777,0.05501367830845093,0.2656667661958373,0.06515053291394306,0.2179738538289725,0.04742282230872137,0.036908388575083786,0.08989284694132542,3,False
48,0.08648892794592808,0.01764570612005219,0.1036683833462945,0.09642574512548138,0.26563727626457695,0.06328621083713862,0.22781414851881748,0.003310228113587845,0.03170940067131722,0.10401397305680585,0,False
49,0.08612047615796972,0.01302123351143201,0.14597119860610716,0.06040080420418415,0.26911309657783344,0.05823774043825231,0.20975074718954165,0.04489809945168596,0.01580462052184993,0.0966819833411436,2,False
50,0.06332920968928299,0.0054219174908095484,0.15060183606056834,0.0747277424896703,0.26876907706130365,0.051451212530713275,0.23100740122919375,0.029236871820706764,0.025742191630790355,0.09971253999696107,2,False
51,0.07712842859715288,0.0,0.13409631402919298,0.08930690097787906,0.26380148064022174,0.06196541750850099,0.24200679053671503,0.01951296507265249,0.02545901378663082,0.08672268885105404,1,False
52,0.09685305587431076,0.005196727307916156,0.1191664467292375,0.06855434897279357,0.2819153651530251,0.06291169269303619,0.1946009242076001,0.04065099034612582,0.036854608682068114,0.09329584003388676,3,False
53,0.0880778644062176,0.013290102372746039,0.16449779817033122,0.05767569816800988,0.28762186433365944,0.04289584990937364,0.19493856461313647,0.045352515829551396,0.03500495542070295,0.07064478677627137,5,False
54,0.10396337722757575,0.016206222949055667,0.1233529903315426,0.05230697228009397,0.29093350510411015,0.04689329185798666,0.2369683962162333,0.04299608553432859,0.011408044933902614,0.07497111356517067,3,False
55,0.09443705383490437,0.0,0.1168037836722187,0.08038074472241008,0.2846303988573276,0.06104052763636871,0.21698072653415287,0.03636937263620069,0.019025014935909277,0.09033237717050788,3,False
56,0.08967242402732252,0.0,0.16417923265296439,0.06648066423689092,0.2891278983403211,0.04868607757613229,0.2072892776858979,0.05273942413789471,0.0,0.08182500134257613,5,False
57,0.09013924374424916,0.0,0.11078973818481837,0.06500667745517591,0.2818582545558602,0.07323369645644554,0.22910136576392764,0.023503283265026875,0.034098084226239986,0.0922696563482563,1,False
58,0.11868095368425213,0.01786928158537441,0.12481489395268834,0.07012813454186535,0.2722971585537146,0.03916065268310892,0.22012729712581802,0.034806223514984067,0.017242323248421947,0.08487308110977208,3,False
59,0.10429909587655642,0.007896144365994099,0.1657818383268546,0.06899652762269735,0.3045492118963125,0.02794098285743885,0.19395549428079892,0.04389601827853322,0.012181564623437148,0.07050312187137693,10,False
60,0.09610591316099486,0.007116184312133589,0.14855209815125087,0.0686223424652218,0.27442471876469154,0.05249627486256673,0.21625074035461953,0.05256212766601363,0.02872893827175206,0.05514066199075531,5,False
61,0.08949753616829029,0.0069049595636339715,0.11262505357782981,0.07039492223362379,0.28931202741080914,0.047293513304943746,0.1709728945857442,0.07097274596268613,0.03439489107203386,0.1076314561204052,3,False
62,0.11145230904758295,0.018695379271682452,0.15571516219633347,0.06711305756541261,0.27391162942770186,0.020021455806651437,0.196567583244416,0.05234841901639989,0.034055390553305684,0.07011961387051371,10,False
63,0.09804364279288974,0.020478623885239276,0.12868740178402996,0.08391967650790688,0.26444385042484597,0.06272733353286059,0.1948590130312133,0.03943484386442842,0.013824715468213053,0.09358089870837283,2,False
64,0.07949870198795204,0.01814198214310474,0.1226760596304374,0.07751217025868679,0.2504294880145439,0.06659198582940161,0.21882778563897065,0.020832773467643496,0.059082880235077954,0.08640617279418136,1,False
65,0.1042362544823132,0.0184005209919706,0.13192969572944277,0.06933938825384797,0.3020790385974204,0.04172923051951929,0.19844093994893794,0.02821014116713763,0.026821479309506718,0.07881331099990332,10,False
66,0.09714891974977267,0.0008868746951240945,0.15611859748510099,0.08097771472163616,0.2963113579983138,0.0517029645975194,0.19833451327504958,0.044461824831449795,0.01193829632216739,0.06211893632386611,5,False
67,0.10852071871773071,0.017553853913788497,0.15266334179768729,0.08147824669172879,0.29452574407085796,0.023999173998644017,0.19487856662925,0.027397616816449408,0.032817101281112836,0.06616563608275053,10,False
68,0.10007324656440095,0.0021210797277111935,0.1489637747240691,0.06139541012408132,0.2974077349694511,0.032432208627180645,0.23373936707254575,0.0261048565907514,0.025811947663693196,0.07195037393611546,5,False
69,0.09364027270653331,0.02391757182401452,0.15645281170441372,0.06388099806378458,0.27487169436490844,0.04060663568523684,0.18974365153012526,0.05529531540424957,0.025782414138456437,0.07580863457827738,10,False
70,0.09805878684031405,0.011690070357300549,0.13987915657114694,0.08308862426208007,0.2845853399176335,0.053554173466743564,0.2113451952077484,0.032505018600960806,0.027103223968702878,0.0581904108073692,5,False
71,0.09244623392312641,0.01372217731367205,0.11297764759931345,0.08757595667044821,0.26516996975896556,0.051319069433625235,0.21351915798353172,0.021412457588063167,0.03142107754699571,0.1104362521822584,1,False
72,0.09329025890489914,0.02565763487535088,0.14766497089196473,0.06902963886224593,0.28188386733844634,0.04904985706720859,0.18516805529930616,0.031990295965768856,0.023766267332790386,0.09249915346201895,10,False
73,0.10807024929094691,0.009694171058191923,0.12787355296305505,0.07607376980407703,0.26540748414954707,0.06257816927874463,0.18770182627095983,0.038406175927196334,0.029476741213043327,0.09471786004423806,3,False
74,0.09036765091635988,0.02288378127815237,0.15204627777413107,0.06391524351244661,0.2821182289081098,0.0470719709299243,0.1977619578540241,0.06017076735217278,0.02611536759315403,0.057548753881525076,10,False
75,0.0882647126024947,0.0,0.12124889026163024,0.0626209411660572,0.2814511165545273,0.08577802585683006,0.19429674410619852,0.03540555567537649,0.03962502699911879,0.09130898677776685,3,False
76,0.10286714547554668,0.002265960059991224,0.10581455671167073,0.07579649036138976,0.2736504443291484,0.052228632273363794,0.20174839487123417,0.04368673898592483,0.035358232734319005,0.10658340419741143,3,False
77,0.0790076033349517,0.0013387833740339439,0.11587404077708524,0.07201220612210155,0.28192321869410997,0.0452516222747014,0.2022938322810051,0.06512375088306285,0.034650074110389575,0.10252486814855873,3,False
78,0.08721120413322817,0.030237477969913443,0.1518310735959536,0.06856095770195576,0.2630589242158063,0.032808252782013894,0.18981826390040776,0.057747902637581255,0.04700058102516238,0.07172536203797729,10,False
79,0.07078441602013281,0.0,0.13851164411737352,0.08093032071988293,0.2611204822813283,0.06267842864725486,0.22701696243572117,0.04378100674998855,0.018023437380758126,0.09715330164755988,2,False
80,0.09515760978447939,0.026160178630429735,0.15275464973055958,0.07901287510238372,0.26266611180588323,0.04883641066853216,0.17713503341250955,0.038548894509158,0.03842329242358177,0.08130494393248285,10,False
81,0.09964049857976161,0.005489204532890476,0.13666038145911583,0.06915247044100516,0.2870600690319589,0.04228782879378663,0.22405950747225692,0.028112716371937584,0.04148246936481783,0.06605485395246899,5,False
82,0.11827743591587671,0.011732622017373795,0.1482886713893693,0.07542528930667373,0.2976439783046166,0.03210605528324151,0.1668799128597372,0.0550538220849666,0.012650519084990203,0.08194169375315431,10,False
83,0.09898971222579156,0.02752665852460234,0.14065019748097052,0.08125780369143693,0.28519043303949765,0.03940512337129839,0.1860417670572115,0.037254122994556736,0.029898766735015243,0.07378541487961914,10,False
84,0.08811543141505099,0.02501933923090172,0.13292184221359776,0.08153914493521633,0.274626897026789,0.05013489860906905,0.20422886846307553,0.04158518820992598,0.02981508650383307,0.07201330339254076,10,False
85,0.10031263415980049,0.02286228879500937,0.13380035010107125,0.07989892326876061,0.27243900883116984,0.046996518406972325,0.17927818862288927,0.05020831738925159,0.03451516444879458,0.07968860597628083,10,False
86,0.10059970400081225,0.024715540859499167,0.14626310097477618,0.08501940758536598,0.28415423821894775,0.026914881239888742,0.1849845291768999,0.034777371314142894,0.04301072626559936,0.06956050036406758,10,False
87,0.10190459819204789,0.0147998281020188,0.13250810119092063,0.07287279792077579,0.28834378309442643,0.032023283306274075,0.18550544149646217,0.05476673985204028,0.04848401551254767,0.06879141133248638,10,False
88,0.10065025183233985,0.016091217279050402,0.15008439067876286,0.06241923616003073,0.2790985813262091,0.03153072933045535,0.20740033259559543,0.04838186856247626,0.02680328720623251,0.07754010502884762,10,False
89,0.07895148941004504,0.016963228667518294,0.15197711798843533,0.06595662550018414,0.29589167445670533,0.041314143153419323,0.17976383755051853,0.05407914688539382,0.03018025043158684,0.08492248595619335,10,False
90,0.09742834531506367,0.012929033367880474,0.1436093637736517,0.06915846589499183,0.2837431821246391,0.03211742021214682,0.18870054606184652,0.04791043861071554,0.030044801217825896,0.09435840342123833,10,False
91,0.09993765482066698,0.030190152996963232,0.14748307094189708,0.06374849974991907,0.28411534128454297,0.03775748346603859,0.17680327552482036,0.060434294362634984,0.035725872651832795,0.06380435420068394,10,False
92,0.11784377080191244,0.02393478362706038,0.14005976122505867,0.061694053810117305,0.2703601448860319,0.04070493612894443,0.18092690030191375,0.043748761851045696,0.05405876891528835,0.06666811845262707,10,False
93,0.11770643154540866,0.022853028732496474,0.12832246228339123,0.08515511122928396,0.2803740391230504,0.05196789569256127,0.17351248724212906,0.05102377238740291,0.019896775278220286,0.06918799648605577,10,False
94,0.10333459818758516,0.017221632838887113,0.15490672156550234,0.08215104803068958,0.2789457531142693,0.038723845463100696,0.1857943686745792,0.031928266752649606,0.039438307705974715,0.06755545766676228,10,False
95,0.09710822426262837,0.021143080697373882,0.14521639638684192,0.07053147774992025,0.2553569330105369,0.0549770700122399,0.2016366424952607,0.04162055714779278,0.04183352515950278,0.07057609307790241,10,False
96,0.11198069680285296,0.01621768027708848,0.16083459427278268,0.08308707246304779,0.2522567919040888,0.04373605584815193,0.17253860728503767,0.056937716811173766,0.039496440092786814,0.06291434424298913,10,False
97,0.10511460663850355,0.011253310998274703,0.15211200563011343,0.07923660855654995,0.2788611571492207,0.03544133548167265,0.21311611486517776,0.0330920265961102,0.021851931131538112,0.06992090295283881,10,False
98,0.1086546777951596,0.030573642929194074,0.12744083440823456,0.05432753383334005,0.297881165042975,0.02924540552637676,0.17646824989638768,0.06445659900434877,0.025922780258066023,0.08502911130591741,10,False
99,0.09829864836796254,0.030804433924189974,0.15503147249081972,0.07013776370761138,0.2677993228021848,0.034257638542558345,0.1845536783094209,0.04427394517276173,0.04849972131904897,0.0663433753634417,10,False
100,0.104342696054772,0.027216801099184892,0.14344512695603645,0.06985748078866325,0.26900384918025383,0.03105666008639949,0.20209429697006634,0.04609182847818812,0.03721060305704224,0.06968065732939346,10,False
101,0.10111033212167041,0.015231337756703031,0.15068346597126378,0.07505390373875173,0.2730556315154731,0.036558747431496987,0.20171684923956412,0.03707230650498646,0.016012467769900347,0.09350495795019001,10,False
102,0.09696534366794535,0.010272535358682486,0.16038072922993127,0.07446729559547373,0.293871149492653,0.038352176637598,0.17367444732745138,0.06012104651703238,0.03287758947635641,0.05901768669687598,10,False
103,0.10109904017451013,0.022927147729062066,0.15904470154480135,0.05441318209731527,0.28117582507747535,0.04077169606987335,0.1948895965903749,0.027673777386488928,0.04380289001906766,0.07420214331103088,10,False
104,0.09779077347470942,0.029807158012908477,0.14020018083507893,0.067344585694648,0.2882573081310191,0.03136898382658395,0.19991333289332686,0.03825470665448904,0.03610791722545431,0.07095505325178181,10,False
105,0.09545501548783618,0.037640719990534706,0.1399838024311444,0.07941851726481952,0.27698197265565566,0.030173683013963146,0.1839569512362557,0.04050067619257629,0.040582373865371106,0.07530628786184335,10,False
106,0.0935938708407517,0.018690371328058654,0.16674335876557517,0.06417424636761915,0.2725838737751487,0.03480239977350082,0.1984417243903653,0.04017377206225356,0.04019140988791197,0.07060497280881502,10,False
107,0.10568511843202143,0.010289527779500105,0.15789046756966085,0.07141977594977934,0.291324751839348,0.04141669665458183,0.18114041181895044,0.04279692794747267,0.030111566542414522,0.06792475546627076,10,False
108,0.0881888402522115,0.03578770022673088,0.15541982829397916,0.06130064017730637,0.2796245167527061,0.029439881309497016,0.18111750136911492,0.0568875254662983,0.02653269725265986,0.08570086889949581,10,False
109,0.09295728511669189,0.01801182574533015,0.1370185207390581,0.0672466755769867,0.2810967215598809,0.054630245485391304,0.19967192166341152,0.05030287019224799,0.029241822422775073,0.06982211149822629,10,False
110,0.11817152761928659,0.014069570007261101,0.16319867233940208,0.06961555000340644,0.2879796874746152,0.03953440204392656,0.19345143304461962,0.02567770697328744,0.019703952060268554,0.06859749843392632,10,False
111,0.1076767203483958,0.029702237326457055,0.14867002623760067,0.07106196436286115,0.26345393485706586,0.034233760047635654,0.19153788372340494,0.061488123329938846,0.01395300544538517,0.07822234432125486,10,False
112,0.11278372333863101,0.024182789119345148,0.1529602529650544,0.05812193118815186,0.2812552744527203,0.03968681245003372,0.19353179169106519,0.032561175051835686,0.022153741293182688,0.08276250844997989,10,False
113,0.10555024648126939,0.016397997972234186,0.1412897883834715,0.08154202774666773,0.27738017585697694,0.027796627890594876,0.1726605786591468,0.04046457643578985,0.03520679232430888,0.10171118824953995,10,False
114,0.12049242985905757,0.013564571168508817,0.14601948047971944,0.06779180551359691,0.2842805640261459,0.026500319218802193,0.1889845227988019,0.03509676007901601,0.039812379817439715,0.07745716703891145,10,False
115,0.11454448293453015,0.027467883798687056,0.1452461095249727,0.05946477059330268,0.29604531312639143,0.030356342219501127,0.18243051421844278,0.04215404985429879,0.0306362430608675,0.07165429066900571,10,False
116,0.10198218230972826,0.005697755348995035,0.153817546115244,0.0803851357888247,0.2951550172244556,0.03453775584352515,0.19903001745114038,0.04546188983068247,0.021627859150830285,0.062304840936574124,10,False
117,0.10001383090411647,0.02799006600974879,0.14239984313467152,0.08167058612774909,0.28025563070984316,0.031198987217758368,0.2039396766423426,0.04086884786268189,0.03139133495879645,0.06027119643229158,10,False
118,0.11854823285868175,0.021965389453813603,0.14466800093476695,0.06088948241413262,0.2887165590988462,0.03177904624774564,0.18877254280869016,0.05699818585664492,0.029729647225289188,0.05793291310138891,10,False
119,0.08826946918767416,0.010917579690982181,0.1313099502259297,0.07565727453859246,0.28491634585087894,0.04813300242640771,0.1912210054021804,0.05227254439606827,0.034295429852486424,0.08300739842879992,10,False
120,0.10861583854968333,0.015043045203766597,0.14417032008341618,0.08309811863818181,0.30058967968860967,0.027218619947666684,0.18247698029584666,0.04980455622081033,0.02317069189020642,0.06581214948181228,10,False
121,0.08349135599737068,0.028513026988012943,0.11166408822965362,0.055777145867712034,0.2721284026703923,0.07617549394961305,0.19288342056860824,0.056491504260097886,0.03788883485560108,0.08498672661293813,47,True
122,0.09411258112390346,0.029852827504419196,0.13875846340357023,0.07141445767628571,0.30556952428159423,0.03929274704574488,0.1885544707564935,0.04385796641704698,0.019947617747341287,0.06863934404360046,10,False
123,0.10944589903815373,0.05517630187289631,0.1409864775581298,0.06853849488656315,0.2672844175542472,0.02148248532273559,0.1620633349715299,0.054192306593345826,0.052265241024603754,0.0685650411777948,10,False
124,0.10421555892989126,0.03476771051382295,0.1393542807546033,0.07669510718906809,0.28031252806738993,0.03278960026273678,0.1720968647564671,0.05600927789533793,0.03404014235835929,0.0697189292723235,10,False
125,0.09693202333427119,0.012079301748943437,0.15389378483657104,0.08214844018459115,0.2817607671287472,0.04830279697946045,0.18556774468922468,0.031109560980330284,0.03782922716420344,0.07037635295365716,10,False
126,0.1042179782126827,0.034340224233540426,0.15350010390636865,0.07717786609901454,0.25836686845425155,0.029025953931161315,0.1828714880981721,0.05249081190976458,0.04255058417685709,0.0654581209781872,10,False
127,0.11066960805369566,0.03201981256704809,0.12995456389563476,0.07195632919874373,0.2776064197453158,0.04785291572259748,0.18327864399254018,0.061214116427035,0.016966948162187252,0.06848064223520191,10,False
128,0.11460366762556858,0.017852999844326957,0.14688256027278335,0.06560545442944783,0.2821034999128247,0.030257864569132004,0.18293913502057738,0.046653728320783724,0.04685746447300843,0.06624362553154697,10,False
129,0.10188677453353535,0.02434058061362929,0.16156425092235388,0.06681054053714061,0.2729071139039778,0.02874806370666965,0.1800039816467857,0.053412179754562916,0.036912092256678915,0.07341442212466602,10,False
130,0.09797374349171756,0.013680307095919097,0.1448427142810052,0.08887761550163548,0.29040613982144314,0.04484642489716044,0.18460120249136544,0.03326667405208563,0.040439665430264234,0.06106551293740383,10,False
131,0.09885894240230605,0.032060140998695946,0.17186812251353104,0.0763402687104138,0.27412032707394673,0.03914682402390976,0.1784216686839741,0.02993562199346934,0.029360665215228125,0.06988741838452528,10,False
132,0.11455257021699829,0.01365403067513233,0.1300523037973628,0.0888708038240577,0.2943650946600375,0.03583156058345809,0.19667588192756255,0.038225295936884285,0.01770939865983652,0.07006305971866986,10,False
133,0.0941566949821779,0.02833686593101647,0.13371663146268284,0.07177800701880456,0.27433418985635355,0.03343972384404132,0.19787588374670895,0.04229172283280926,0.045099599166945586,0.07897068115845964,10,False
134,0.09086306886214904,0.024145060003806413,0.1511688126020028,0.071464003820391,0.29135465548124884,0.017815545525930745,0.20272915176805842,0.055642170830703094,0.02326009146732519,0.07155743963838454,10,False
135,0.10530482427882767,0.00860919020562076,0.1366107177150313,0.07882350363934951,0.2919041052196162,0.04784761489467723,0.17520210024146107,0.04175355631976543,0.029440092944036763,0.08450429454161412,10,False
136,0.10299630182649998,0.01818232205476263,0.149891798375897,0.07244147230434461,0.2775485177532946,0.040349576085860976,0.18626417100738843,0.0595369205845194,0.03274558041030679,0.06004333959712566,10,False
137,0.10122199628320279,0.020289023110451134,0.1433518019704472,0.06529824651692492,0.2795186918077146,0.05379128961399476,0.18594304570697912,0.03453254527694916,0.03524957989904025,0.0808037798142959,10,False
138,0.09768255700055573,0.02720192290206816,0.131258092988555,0.054597888857070974,0.2840359601451063,0.051502437039049456,0.19445669301620236,0.040765746708526944,0.04969265521800025,0.06880604612486482,10,False
139,0.10028325960254163,0.00822307561303011,0.16937248386785156,0.06469362849022599,0.2898322241159122,0.0299568444602366,0.20919723234319787,0.029694028673680713,0.029101924016250332,0.06964529881707313,10,False
140,0.10470973819734739,0.015326866073964924,0.14638374747569244,0.06462822555133285,0.27775920168484836,0.028736954636559897,0.2058769758805258,0.05239046209052361,0.030797845876842308,0.07338998253236241,10,False
141,0.1191365727543943,0.02523033950330804,0.13145471987920387,0.07475278657003631,0.27780337549743117,0.03149732381226253,0.1963108639820239,0.03849232775954997,0.025707221744057956,0.07961446849773199,10,False
142,0.10125900753947784,0.03486693443702826,0.1466872966684436,0.06863986723942525,0.29342952823492524,0.036139777003756236,0.19434672773399206,0.025738679413237132,0.02994077512254047,0.06895140660717394,10,False
143,0.10261997621129754,0.028307786308312603,0.12976983801914854,0.07207264871570972,0.2916291244543124,0.05114154344683575,0.18812108434372965,0.029612592853958758,0.029588489317611696,0.07713691632908329,10,False
144,0.10458595424865565,0.03824630838568775,0.1371917388537973,0.07663445421502367,0.3007622087802344,0.030718203196328942,0.17547519359691682,0.04320828438916768,0.0261930268689036,0.06698462746528419,10,False
145,0.07681215942945871,0.035940655021434655,0.15935168473152728,0.056596634583781974,0.27644840575731633,0.03912814661663072,0.1741791259470469,0.04780034719588327,0.059206013516128905,0.07453682720079127,10,False
146,0.10332194059861448,0.012631152534718174,0.14016702184301236,0.07146283256713436,0.3010432748333391,0.017517742174693263,0.19392391115178942,0.052442424010176486,0.028570961470850597,0.0789187388156718,10,False
147,0.09747578638054635,0.01851323159462131,0.13642887765689288,0.069327348759117,0.2913247460718523,0.040089549071049106,0.18697937700722417,0.0663453501364851,0.032544392720838054,0.06097134060137367,10,False
148,0.10055226646913648,0.03581235232770776,0.15715442472015373,0.06918647826678069,0.28797485312730486,0.03594725189145064,0.194250842969373,0.03834102481278089,0.008395811655361353,0.07238469375995066,10,False
149,0.09422585702777285,0.021684880587953464,0.15716941463593792,0.06592573982414973,0.28021903217093785,0.026795112472717295,0.20252412319390706,0.045211235945914245,0.03319577712281508,0.07304882701789456,10,False
150,0.11368981592076773,0.011342259538212947,0.1515240073454872,0.06980211876303825,0.28760530344060126,0.043658325562792505,0.1970792389542627,0.021103558954810545,0.036702008490820066,0.06749336302920683,10,False
151,0.0974717527832969,0.01773923922627233,0.15938003973447162,0.07627099847419104,0.2783219908773883,0.028604642828790664,0.20089270132178055,0.027789891626886495,0.03410072315214094,0.07942801997478113,10,False
152,0.10262920345061113,0.02262823334863949,0.1324159630528707,0.06904818079450761,0.29229901232581174,0.03889572734008647,0.19113620361039133,0.04117528667844927,0.04563351826596348,0.06413867113266873,10,False
153,0.1112000350387821,0.02637512792371915,0.15540545588750246,0.07563453531868201,0.26916276498711644,0.02756013931649626,0.19581416667716484,0.06055944407321014,0.01953262371866446,0.058755707058662135,10,False
154,0.10448455449782,0.031102848565671606,0.14385923734371125,0.0722332448875876,0.2936461528731401,0.030785939291950344,0.1996481981051485,0.047096000258492,0.019708944022712633,0.05743488015376597,10,False
155,0.11267880971889341,0.006536232159651117,0.14272412092762776,0.06858526078593881,0.29092097597318667,0.03318355637957971,0.19330972757000423,0.04458625387741148,0.03391625216623102,0.07355881044147572,10,False
156,0.11239396659456766,0.021295290007565706,0.1324645515201297,0.06636415153517768,0.28233891448338605,0.047968009018660544,0.1911068886934827,0.04528485424754857,0.027461096395368208,0.07332227750411319,10,False
157,0.10493001661411305,0.020716098919726,0.14026140106302096,0.08003628973471044,0.28725303699205607,0.049622604201081916,0.20261597622673375,0.03928428177238543,0.011150705368837855,0.06412958910733446,10,False
158,0.11957656284401699,0.059698101322341934,0.14296782616838957,0.08018986698681184,0.2686273489815922,0.031981007740264265,0.1710466433019115,0.037234658855254524,0.03376990424778378,0.054908079551633356,123,False
159,0.10615275796079791,0.05246461838746814,0.1315569123327797,0.07084432216387716,0.2740534667717424,0.03260126577584205,0.15138160336006737,0.05147564295253767,0.0613073012694532,0.0681621090254344,123,False
160,0.0965009530398409,0.026886373745605707,0.1645822186477144,0.0843409229211946,0.2896577031868386,0.024150865121086416,0.19440471484445732,0.049172797021241124,0.007175600292593859,0.06312785117942699,10,False
161,0.11546648136179617,0.055057142832350366,0.1323972798085996,0.07000477347545964,0.2831701031753918,0.03668327173482838,0.1541213192703015,0.04205112586374229,0.057398951994211175,0.05364955048331906,123,False
162,0.09820748968368706,0.036164283167107306,0.1442983813006808,0.06723932031774701,0.28387202458015204,0.031120507617163527,0.15913469496617988,0.044363571629368194,0.06755068536815373,0.0680490413697604,123,False
163,0.10018613367867363,0.060744526126358535,0.14000164005706106,0.06401098806105236,0.25971646219141986,0.017660963256200424,0.16376168601803456,0.05223322823411252,0.06097503086839372,0.08070934150869355,123,False
164,0.09389151581313361,0.051902725211369,0.1446824922055236,0.08173170076270143,0.28928370311480917,0.009012260234854378,0.16145895463505064,0.04300789183412556,0.05555286981682729,0.06947588637160539,123,False
165,0.11464897980602157,0.05173110129944584,0.12763209969035205,0.061713948139133896,0.25680129259082807,0.030713109666271457,0.16304517215387077,0.05434679187761348,0.05468354563977844,0.08468395913668432,123,False
166,0.11044972969549183,0.06173190737916747,0.12690750859506048,0.046271804933247306,0.28002840867517315,0.042434241897688366,0.17149125442128968,0.058969128929194696,0.034757230131525554,0.06695878534216149,123,False
167,0.1144291801453535,0.04979558248611823,0.14159446542914256,0.07426188884702961,0.24446661446580167,0.01017289383097452,0.16556382470543668,0.06276003318345286,0.06723909959858589,0.06971641730810456,123,False
168,0.114708839689054,0.05809664592081518,0.13638808529130136,0.07099987998244953,0.2695605027734674,0.006054533111608296,0.1738997648171428,0.052562474130194006,0.04409226512005209,0.0736370091639154,123,False
169,0.10494578486464817,0.03472146280265784,0.1358854906294459,0.0692998399466519,0.287633279824594,0.049811817942798695,0.201065773348392,0.03553850159661923,0.039053752748874626,0.04204429629531764,10,False
170,0.10861669766793838,0.07131514195652058,0.12730855793284246,0.07543522607446101,0.2676668816872396,0.0033983515818124923,0.16299997408278283,0.050376036880682866,0.05508894053065142,0.0777941916050684,123,False
171,0.11887661813716255,0.05125783511538507,0.15060015543181757,0.06911924688226029,0.28827162490655234,0.001101103215232907,0.14956083899538844,0.05288634001337909,0.046430718310029,0.07189551899279269,123,False
172,0.0985332503111299,0.05386090695056003,0.12915651174724724,0.08255808461576944,0.25759960425762995,0.03435719777675559,0.16557827724358157,0.059861688030185496,0.062430323045208555,0.056064156021932245,123,True
173,0.1087264288503538,0.05197126295144126,0.1415214686216292,0.07336545836986635,0.27242628664622875,0.0365114747097897,0.15617912489216848,0.04461530595986341,0.04846461644744484,0.06621857255121415,123,False
174,0.0954504033434353,0.027189743526652533,0.18039824104718125,0.06945868639790805,0.2704490535205183,0.02851078965108036,0.19256892621901753,0.03366322522162743,0.023906063282915422,0.07840486778966382,10,False
175,0.08379471596327095,0.04325128207594731,0.1371709374897826,0.07053769678245754,0.2883698508717542,0.029157534142103446,0.16690441186468535,0.0682200650356124,0.045105960955256826,0.06748754481912932,123,False
176,0.09609777727384575,0.06902015517594753,0.137052207511355,0.07353288188081407,0.26644710995758575,0.0,0.15743323596069017,0.05345475569901561,0.06014862506317049,0.08681325147757553,123,False
177,0.10709197983516242,0.04360643043155959,0.13713404914070743,0.07138041251116126,0.25222985975056794,0.0370367424701105,0.1439429167002636,0.05733518635643966,0.06317550306834481,0.08706691973568267,123,False
178,0.10463287825402773,0.048970520978812916,0.12107810712592215,0.06765219680282047,0.2732545422542243,0.02127846062568158,0.1702527026169326,0.06703772031313388,0.05996111103862114,0.06588175998982339,123,False
179,0.11720541947047936,0.03975197976539217,0.15110822934103693,0.05120246630326901,0.2622762299995414,0.020131204392505497,0.17022221398512435,0.06413272083069828,0.04862259523869601,0.07534694067325699,123,False
180,0.12828451948097147,0.042322664010675685,0.13309667340391854,0.06613715247362612,0.2671239603947333,0.01343563418289614,0.16678614166064756,0.05691613044667183,0.05250916863229267,0.07338795531356675,123,False
181,0.10569040804154808,0.055367283443961524,0.1293165055387311,0.06356981320241958,0.25149040748607565,0.023081922585470174,0.17022266075731665,0.05938471217411119,0.061953671773283855,0.07992261499708216,123,False
182,0.10604313510975645,0.07682085981523513,0.13584687101175671,0.08218690998964893,0.2561676688299135,0.020823252871759044,0.15562843133774037,0.059841727961696546,0.04210408861946555,0.06453705445302785,123,True
183,0.1116610891826591,0.06819364889270317,0.1606091328928693,0.06022822445888642,0.2622147156451545,0.026829187975330245,0.1667518371017041,0.03242847733338972,0.052313496599309985,0.05877018991799348,123,False
184,0.0894572856619716,0.053632460041163926,0.13408169408992124,0.06888852067783895,0.25600328021315716,0.025966652743093933,0.15777202120785952,0.061751593874249916,0.07964093272599519,0.07280555876474862,123,True
185,0.11593349970195956,0.058257815500806324,0.15412426965614348,0.07225882971518076,0.2558472136494545,0.03540445913460291,0.17051694839343615,0.040307675651534196,0.03910599511626105,0.058243293480621045,123,False
186,0.12503239485750156,0.05051526483001244,0.124363599342535,0.07860560180770881,0.2686433309877544,0.03844855217792468,0.15533005685929008,0.034498941872729956,0.058336621578143136,0.06622563568639994,123,False
187,0.12083986556204586,0.052361963255806075,0.14556419905695075,0.07014221959633132,0.2819341341827928,0.029213057797158673,0.147348265398496,0.05827207886430503,0.05082434018400938,0.04349987610210404,123,False
188,0.1183554774807764,0.06261209994126604,0.14670307047982536,0.061602353390188186,0.2679922373469938,0.0035794985634425578,0.1677879401872935,0.04807757559103219,0.052947171482755996,0.07034257553642602,123,False
