ID,strat_res0,strat_res1,strat_res2,strat_res3,strat_res4,strat_res5,strat_res6,strat_res7,strat_res8,strat_res9,ancestor,alive_at_end
0,0.01787794217715866,0.04872900889607982,0.14667483812696805,0.24289591888637302,0.11522158765043032,0.007100773298027547,0.031917293377600194,0.004511657874668217,0.08830340941230108,0.2967675703003931,0,False
1,0.017070975488539846,0.04192335101583309,0.13609429101663284,0.23835120310585206,0.12188940514338589,0.011477612138199292,0.023374439291811867,0.019235583442113253,0.09932966808286776,0.29125347127476414,0,False
2,0.021681156143570638,0.049485233847156224,0.14688841339058548,0.2219988626645385,0.11407291303942145,0.007248073723085643,0.04338134377121436,0.0,0.0855852705491029,0.30965873287132484,0,False
3,0.020006329118703134,0.07012894508044719,0.16610255335946142,0.208152027031296,0.1231254597599806,0.0,0.033539920543314526,0.0,0.07984285712968585,0.29910190797711134,2,False
4,0.021485680747499673,0.053083727825105155,0.13645437867459714,0.24833944210023828,0.1155578468613481,0.0,0.03991111542653451,0.0,0.08396247113200854,0.3012053372326686,0,False
5,0.023621897487154406,0.05787011156575154,0.14700153228802174,0.24289239435405455,0.1304303547394713,0.00842390405291291,0.022926509304572216,0.0004260090952219545,0.0915398130984207,0.2748674740144187,1,False
6,0.02977489809131934,0.030748091083975367,0.13810246663499118,0.256316960023752,0.08929334812390387,0.0,0.044146191791050726,0.015892494627526302,0.0702158841165597,0.32550966550692156,4,False
7,0.01678142078358302,0.03958908400580067,0.1364668322775492,0.22745232194480733,0.11075165274136038,0.0017270131964576589,0.030060195577733262,0.028049282855814258,0.11481796136051775,0.29430423525637645,1,False
8,0.03066615012372918,0.0577808577770879,0.15058328288161502,0.23055713749097353,0.11234692556629015,0.01165614633581897,0.02395665013993925,0.005351803977258241,0.08830934896840566,0.2887916967388821,0,False
9,0.01204957404987634,0.03786733810005083,0.14351975768134898,0.2437295319546016,0.12271814358099013,0.00735160376291065,0.010310875937366664,0.031844463433660666,0.09276289365970569,0.29784581783948844,1,False
10,0.015983442402938315,0.05118217064468906,0.12284933910786786,0.23913197242824571,0.12967789828291854,0.011129985714776091,0.03331642293692098,0.010705798418286061,0.09858327907779632,0.28743969098556105,1,False
11,0.031250087567071975,0.07524888806869656,0.12919634075287648,0.2317500174026987,0.12578430485396297,0.004987287489743318,0.02764491321138108,0.0,0.07064402948309874,0.30349413117047025,0,False
12,0.0005752271397051702,0.043768187119892984,0.13784100883810435,0.23504056558820868,0.11800849212491187,0.0,0.032402861997274386,0.028875369655765464,0.09178955324959445,0.31169873428654266,1,False
13,0.036938946406460525,0.05096830609373702,0.1451653729891588,0.23186440456986618,0.10666970657964486,0.0,0.05123824650554793,0.012102739057442996,0.0695053819274976,0.2955468958706441,4,False
14,0.015644429639016782,0.0594213509158111,0.1475095437113481,0.22679416799492277,0.11974766903499347,0.0060770510118632525,0.04816588719070516,0.004566464822484025,0.09043392471485581,0.2816395109639996,0,False
15,0.0,0.03180620260741696,0.1476495258246922,0.24674979273086622,0.11602431506592772,0.010178455281636179,0.03547126275947589,0.017031601544345652,0.10651694027004541,0.2885719039155938,1,False
16,0.03631672886100343,0.046182470413465064,0.13653398093848063,0.23103633176147162,0.1180030564075316,0.013740413237902352,0.0283323675727137,0.020958824968787114,0.08072936733475712,0.28816645850388733,1,False
17,0.022440112398244012,0.03902989811379453,0.13245637065136495,0.247273870064081,0.12174343682007635,0.0,0.015341214713142698,0.019920525704838307,0.11080354262440158,0.29099102891005657,1,False
18,0.002075235860200675,0.048423747702100464,0.16110800412388748,0.25224837705978903,0.12029734994011416,0.0,0.027211773345553678,0.028940448247573223,0.07288359316790594,0.2868114705528754,1,False
19,0.013299992683640353,0.033140716007115045,0.1268355088873874,0.2612662733805996,0.1500921260370232,0.010030921047360636,0.018774072080576545,0.010332706300379241,0.0780203640437222,0.29820731953219587,1,False
20,0.0,0.046362262454907356,0.14236344164372358,0.24695621632605694,0.13862366642758034,0.0012336297460166666,0.04588045572467745,0.0,0.08832435219439767,0.2902559754826401,0,False
21,0.023912160861409803,0.03214794373825032,0.1257202541295932,0.24051121752693624,0.12475713679863783,0.021621665589919035,0.012663661627360219,0.02506077019379474,0.10356967916133202,0.2900355103727664,1,False
22,0.030733573081283858,0.03512515788661635,0.15023635303037297,0.23327038593859195,0.12450011914634125,0.01600252039768144,0.02064588948204589,0.013930385968334966,0.08718147010618173,0.28837414496254965,1,False
23,0.017672039058256664,0.03377607022230626,0.15817494396684462,0.23177031013827404,0.11542352404527563,0.011975522165560953,0.01184331035222206,0.02521518497564272,0.08572905132090168,0.3084200437547153,1,False
24,0.00862499914898104,0.044362499879130844,0.14611351675924572,0.2448317802179823,0.11906981718304946,0.03144000140855969,0.025024715039013105,0.0,0.09409178548614795,0.28644088487788993,0,False
25,0.019510845873186394,0.05814461073966965,0.14153014587276688,0.23965187361722748,0.10970701496338173,0.0,0.03324081673958019,0.001554970986342574,0.09536202059844584,0.30129770060939937,0,False
26,0.012145502711122162,0.04740824382385011,0.13309241204982802,0.2521512141079132,0.12102776237146388,0.0,0.04106077855622533,0.004497318387578911,0.07406055003573259,0.31455621795628586,0,False
27,0.02430762854107315,0.056929141068460844,0.14378636659906924,0.24772373875443032,0.1231459133398846,0.0,0.020102003213340814,0.0,0.0849873265685911,0.2990178819151499,0,False
28,0.02380230217828615,0.04530379602032554,0.14229167265480774,0.22555044612593894,0.12132645438890786,0.005557668812712354,0.026832219249662097,0.009552485662539656,0.09663608297035575,0.3031468719364639,1,False
29,0.026362459172172368,0.04899480058745392,0.14495895771759754,0.23610275297180144,0.1144391653470353,0.013557611270620096,0.03879848944047537,0.00012474184911558185,0.09143721242523116,0.2852238092184974,0,False
30,0.0091416869266478,0.04772178002925695,0.14134158137453195,0.2205656382274011,0.1202205348448031,0.017743308232904945,0.03608652910784217,0.020813424674274127,0.10297570411618913,0.28338981246614864,1,False
31,0.018698268077003297,0.0376234923925205,0.12505763217186527,0.24362468247952032,0.13802243487591837,0.016520483540258004,0.012374015761122003,0.012316301171223638,0.08508823410868857,0.3106744554218801,1,False
32,0.025129595252382893,0.05254552036963443,0.14848906246404409,0.2259893960952276,0.12163586174330916,0.010609017151714448,0.018098373533032532,0.006237838944951848,0.10888286476738436,0.28238246967831865,1,False
33,0.020898908321804556,0.057451917392021164,0.1472869317617025,0.22490302059320713,0.12181814475842638,0.006475899313591062,0.0316101932760577,0.0,0.09009369575800887,0.2994612888251807,2,False
34,0.01929858821937325,0.05417599817901924,0.14422301203205248,0.22067376393299118,0.09590819975241421,0.012603809342911323,0.03516049846689081,0.043231668372065185,0.09123822003225542,0.2834862416700269,1,False
35,0.0074605148425806005,0.04674540090938985,0.16748684487147883,0.2419040849440005,0.11570733213430666,4.204988013460915e-05,0.03267834568796487,0.013510551246721497,0.0680406129239131,0.3064242625595094,0,False
36,0.021722309685931373,0.07017976288011027,0.1623285775358555,0.23273461659917657,0.115705769674982,0.009349070502133903,0.015630699829434515,0.0,0.0969223221286812,0.2754268711636945,0,False
37,0.019322176157474592,0.044983446901780216,0.13486803178981954,0.24732742709516273,0.10425556929376181,0.009443676078213396,0.03792990186469655,0.012071702941916096,0.10609431869879755,0.2837037491783775,1,False
38,0.01930728535923469,0.06764944250699233,0.14375139465298112,0.2271754083643358,0.12134135443852329,0.0023573374721483943,0.04355531622428828,0.0,0.07600469820895611,0.29885776277254006,0,False
39,0.004188413265905155,0.05155634442767913,0.1475435754317729,0.22416893157692966,0.12199794298112854,0.0199879374364748,0.030362123380138505,0.0013339330153166597,0.10391555179229954,0.29494524669235506,1,False
40,0.01415898622368825,0.01202492303964962,0.14009364771074032,0.25842631580596015,0.12083396710074146,0.028802207157286826,0.02398119842742546,0.01277447439141305,0.08289857880875029,0.30600570133434457,1,False
41,0.011536563596385439,0.04424353515791944,0.14900406221952742,0.23036864624635842,0.10225483156281068,0.027296750760756838,0.024042731760355186,0.02039183864980563,0.10145077039040813,0.2894102696556728,1,False
42,0.019600692459891926,0.040530381161575514,0.14360037760551023,0.24513170212869906,0.12284311135444748,0.010964760510745037,0.031567380257562845,0.017286395541036493,0.08694911661244917,0.28152608236808224,1,False
43,0.011324152408925661,0.04501294427588642,0.1404540118214032,0.2328643719779135,0.13834841155591387,0.0,0.023939911404128992,0.030736914666191738,0.0969178349731751,0.2804014469164616,1,False
44,0.010808933597045252,0.051986004604996805,0.1342948192047421,0.24113572732946217,0.11541244668828184,0.004991543240682234,0.030251537862816563,0.027010010374811495,0.09822857111080924,0.2858804059863523,1,False
45,0.006489395825838292,0.04597035154054198,0.11679406490392283,0.2605487868943153,0.11306951523884169,0.006332479645880389,0.014466515609618195,0.022157412968454644,0.09905226822188369,0.31511920915070296,1,False
46,0.029334091049411218,0.040384613767423014,0.1349716388844527,0.23119510369001892,0.1227022315882375,0.006398986503016747,0.014346375794260352,0.03053217247575571,0.09270371896297754,0.2974310672844463,1,False
47,0.014865381817031023,0.0463752684617517,0.11937909207997466,0.24000035543771303,0.12572935696326662,0.017561565100888733,0.020800384837942457,0.023337858726293348,0.08736604880956944,0.30458468776556896,1,False
48,0.0009441282795526958,0.024191752797493492,0.14562326838413886,0.25546049791920944,0.13010292104699392,0.0,0.009071001337106291,0.01489463966437787,0.10739677565778882,0.3123150149133387,1,False
49,0.031643835806453774,0.039309760530935274,0.14014746162563604,0.23881203522744718,0.10513641548182802,0.0,0.05078255010394945,0.0,0.09155071384428295,0.30261722737946717,2,False
50,0.027619376771882045,0.030284560903258387,0.13646382014033964,0.23923427316971435,0.12059578048748221,0.00742044295820753,0.03018368981486917,0.021745295649094627,0.08720798268477938,0.2992447774203728,1,False
51,0.020762265150358745,0.05742380008456551,0.13729640694753287,0.2278056944266486,0.11795773994643845,0.008654225533783323,0.023323244706594505,0.030141659328581566,0.08969925861411114,0.2869357052613853,1,False
52,0.021188252622802693,0.04988555660187494,0.13783633404547804,0.24935887687954372,0.10645548344399464,0.015082163242110744,0.0138427382852212,0.01119276812445701,0.08916286853048934,0.30599495822402767,0,False
53,0.018494395551840535,0.03592615226652168,0.15062491025979105,0.2516689950767799,0.13085410582260748,0.01460061771278015,0.012600114113790967,0.0028999444373971786,0.08156967327322089,0.3007610914852701,1,False
54,0.010875372287777426,0.03628541871223576,0.15189566403938043,0.23644249371363424,0.1312926745995286,0.009055190938264087,0.03836920799492396,0.008353488350504317,0.08458605483580878,0.2928444345279425,1,False
55,0.03325439564555694,0.03520696840180003,0.14129905427903078,0.22996647397617687,0.13216484994015731,0.012843126024719676,0.02308137287406904,0.005259628384218233,0.10830392556839989,0.2786202049058711,1,False
56,0.011047255445118793,0.043778621466600366,0.1439260561733563,0.23133265000018358,0.11775271857358109,0.007183045055504908,0.025838022893825915,0.02986974345409832,0.1030681222838725,0.2862037646538582,1,False
57,0.01674690102184925,0.04814569190015632,0.13766698441657288,0.23163760802804947,0.10761672343878532,0.005633524323234048,0.019120256782827406,0.022932916574665736,0.09969748075344707,0.3108019127604124,1,False
58,0.015201783864750913,0.04825213535691253,0.13561323048591456,0.231391477285667,0.12448356995306209,0.0123776695696515,0.01109662698991212,0.01591144515609497,0.1037909781714982,0.30188108316653606,1,False
59,0.01998035090565231,0.04172617356427963,0.12705178826337493,0.24175673722925517,0.11383880727486832,0.007944946543226231,0.024281777797025592,0.018056127190763886,0.11020894349307017,0.2951543477384837,1,False
60,0.006491243883030195,0.053200350865298195,0.1276064617342652,0.22564117600609992,0.12499462431437246,0.02176992775488855,0.020307856271203094,0.01439669146820576,0.10502184814892285,0.3005698195537138,1,False
61,0.015226367567690439,0.018103826950399304,0.1348170917453785,0.2530350863851411,0.11638063374648026,0.00750774107127842,0.02676119428017298,0.03087673118396808,0.08265211073893532,0.3146392163305555,1,False
62,0.010294386142738702,0.041056384619437315,0.13943856015755646,0.22110463965387894,0.13236663255632436,0.027922078856001786,0.03004060575401562,0.04080535830188703,0.07824619877944942,0.2787251551787104,1,False
63,0.0012954304498770126,0.061992265322651265,0.13958450663989194,0.2456783549470753,0.12459157633405457,0.0038464321221152653,0.005166403387152939,0.006173435358659029,0.09934287603240731,0.31232871940611545,1,False
64,0.01612756945728361,0.048432551051881025,0.1427861808923549,0.24215320534703244,0.13304852571403897,0.0016401197326517416,0.020006023942722908,0.010127515112794687,0.11383268406050058,0.27184562468873924,1,False
65,0.02280366785082087,0.061381313572288855,0.12841273797906705,0.22958330706934243,0.11604101436280644,0.0003385932700718844,0.021905457238070334,0.03164066632931551,0.10249106349406618,0.2854021788341504,1,False
66,0.023770174631119297,0.02540681510104478,0.14324353552905875,0.24633880868674143,0.1104756514620807,0.006867304773257907,0.038055374993281745,0.013877695816818006,0.11152580617403594,0.2804388328325613,1,False
67,0.016627027556590495,0.02760314226740008,0.13991382025313195,0.2299067106460545,0.13012394345015116,0.005973358750924066,0.028995462690973736,0.0230120426309664,0.10838845561420969,0.2894560361395978,1,False
68,0.00462232609501206,0.04138434961368682,0.14977182695139918,0.2397781889397018,0.11054751538266366,0.008619529605946233,0.030237243182286565,0.025825039482227936,0.09482755614485096,0.29438642460222486,1,False
69,0.001986592660137124,0.050224832980042225,0.14378721829383642,0.2550873707037997,0.10794007742243784,0.03395848167048216,0.017676610066726852,0.004177662832146929,0.09130737249167939,0.2938537808787113,1,False
70,0.03209067724018058,0.056219214135359796,0.13503592379800702,0.22872838502921605,0.12202477225811344,0.004870652465307548,0.02369126704144518,0.021519014638538614,0.08837031140970905,0.2874497819841228,1,False
71,0.01877332999710306,0.040701843865155525,0.13171822957206245,0.23484023276204308,0.1252650247079971,0.005592217079988224,0.03426497444711649,0.035406377158314864,0.09620821784256932,0.2772295525676497,1,False
72,0.014172669270103782,0.043028912637536415,0.1358478958658336,0.2229394023330606,0.12806030927784687,0.02478461957707363,0.03482177134722338,0.018434990633380194,0.0906817074268204,0.2872277216311211,1,False
73,0.014648855508011923,0.044735452963478355,0.1330649059191155,0.23324866559501384,0.12599956807539597,0.0,0.027648893318266417,0.03899073613793796,0.08926709694920895,0.2923958255335712,1,False
74,0.013064419476135063,0.04352098187241774,0.13775301793899408,0.2226802393205562,0.13710541811872312,0.0,0.0306273657879318,0.025671116396146387,0.10073686466374153,0.2888405764253541,1,False
75,0.006923666645001174,0.06341430198429047,0.1274398005561185,0.24496600252233838,0.11355161712149899,0.0,0.025190352967522017,0.021526547946538067,0.1025747343888687,0.2944129758678237,1,False
76,7.0248041540321e-05,0.04841704635825783,0.11335583550784382,0.24477288705624728,0.12919136771454592,0.0,0.026401636144557955,0.02744683530785591,0.09625465641315727,0.31408948745599363,1,False
77,0.039673660248523285,0.02885420755980755,0.14625325935732572,0.22040074449575695,0.133162838424654,0.009521410525715595,0.019167831812711675,0.029960404883339287,0.0815572611509659,0.2914483815412,16,False
78,0.022228033454790925,0.04299251287030686,0.14409588176702232,0.24165014129821544,0.10843846952918706,0.0,0.0057248999980819455,0.007805135831056819,0.11998361867611762,0.30708130657522104,1,False
79,0.02563084513096357,0.041855383807805555,0.1398765705508859,0.2369875079558408,0.11485025752929949,0.0,0.02933991323243947,0.02772662809007778,0.10933834952746953,0.274394544175218,1,False
80,0.002774398474353586,0.0464123396080263,0.15409744531631672,0.22708925661901652,0.143686208478154,0.005761779550025537,0.02114283782719929,0.01208984004245077,0.09149906052334972,0.2954468335611074,1,False
81,0.005511198226825535,0.029899716435377588,0.14318935576628106,0.2474723734757723,0.11993207777093828,0.0057189042523327375,0.022383693946387864,0.019090857627936532,0.10493636498677428,0.30186545751137384,1,False
82,0.03743390588988938,0.03302727622677025,0.1368872292375862,0.23754546644719476,0.11805683526988384,0.008141127270631371,0.02924646733431035,0.02022932598504087,0.09841334753429516,0.28101901880439784,1,False
83,0.027089109552590442,0.043909636580811824,0.14135680036490317,0.23490485619652804,0.11222421099538307,0.012307871857987637,0.03350664525331448,0.011495472268712316,0.08976705079875198,0.29343834613101716,1,False
84,0.006358043974059701,0.028708517704918814,0.12841709061683348,0.2530892204880468,0.14130959248316952,0.00602723177102275,0.029334456067627836,0.022365204627721055,0.1019364943169176,0.28245414794968243,1,False
85,0.020278539581428744,0.050078557849842296,0.12663808699662402,0.24574907796637854,0.1246294646660829,0.020013653226115227,0.0023694456159063125,0.010853072134642403,0.09680790677241011,0.3025821951905694,1,False
86,0.009993285182247688,0.04789016977655834,0.13878529839849066,0.2396737141479099,0.11354360054782937,0.00657579826215921,0.011437333014115132,0.033464899205981245,0.10295509882935538,0.2956808026353531,1,False
87,0.0024075165592742074,0.02711474548364073,0.13667049778361018,0.2309241258762309,0.1352539414317304,0.01831234678579512,0.027422908410662125,0.03504676318802636,0.09532509681438865,0.29152205766664124,1,False
88,0.008982689640836377,0.04239264488605909,0.1581681336188715,0.2323235458528641,0.11275663073140618,0.008625057507191959,0.04827909388360278,0.016682129298210304,0.09830052349784299,0.27348955108311473,1,False
89,0.028645522760921558,0.050968155428800926,0.14112248674359454,0.21006290288798515,0.0976569985379639,0.012266612786564204,0.04527742316862966,0.032367558638312637,0.08533645975522823,0.29629587929199913,34,False
90,0.020350687338405053,0.04517489407355772,0.13181493186450374,0.22701619616278357,0.11516369971266659,0.023696375298761185,0.030644857072875457,0.023501241423726258,0.10479906070079882,0.27783805635192166,1,False
91,0.01830986451405265,0.037031395889136016,0.1482044706306212,0.2208983880046258,0.1264797745529606,0.019098798111254877,0.02235031021432935,0.04271176056857568,0.08487607473179916,0.2800391627826446,1,False
92,0.018751724017078333,0.061149222404506494,0.13055461221958886,0.22023875822142572,0.09600134012069847,0.012538523990351299,0.03823699431131902,0.03781807771303044,0.09935645968638937,0.2853542873156119,34,False
93,0.014473343412520052,0.03636390900864027,0.13566985845214194,0.23007251488601546,0.11955750507888963,0.018041874880380976,0.042429808992446354,0.017462400082899506,0.09413883216485469,0.2917899530412111,1,False
94,0.017997959581468086,0.05767727850584415,0.13267036233898596,0.23045336415501447,0.13300577721622395,0.021386821686774568,0.02243727900436028,0.0007781782621389,0.10573355010139278,0.277859429147797,1,False
95,0.03294472808548046,0.05503956166410025,0.13215205150555812,0.24200942770056472,0.11939990101788377,0.015863259986026633,0.029766506344979397,0.024064510241649673,0.06695653965826218,0.2818035137954948,16,False
96,0.041782586348477646,0.06157054398987406,0.14547717159409868,0.20637151734550485,0.10084650383113264,0.012438647808737336,0.031069636979319876,0.03747003554565158,0.08777761714602915,0.27519573941117426,34,False
97,0.021934620735212133,0.04518915154570891,0.15033075998120843,0.20844156798128735,0.08125918331051252,0.014888944907214445,0.02411612883304491,0.05926641066901626,0.0821314371509557,0.31244179488583934,34,False
98,0.011474534825056488,0.057846202946300815,0.15506726440481625,0.22265328768090434,0.09134154662922318,0.005564668629100574,0.038648728741539295,0.060177904906230685,0.08142624205808685,0.2757996191787416,34,False
99,0.00900070438813098,0.0555252679903563,0.12217879126792536,0.24511635596459186,0.11417835930234575,0.013989085182188995,0.03333658246650225,0.030892841059653692,0.09486176973634343,0.2809202426419614,1,False
100,0.05475970923544254,0.03652636523839681,0.15938708900457185,0.21625150752392974,0.11709498113135114,0.02799531242975279,0.01103430359278573,0.02975020067629142,0.055441559172741135,0.2917589719947367,16,False
101,0.016372317870883123,0.060538882149352415,0.14720028671833865,0.22400838291562997,0.1329613434075416,0.035265112476032506,0.010394842644833037,0.030964916579215327,0.07471815264042679,0.2675757625977467,16,False
102,0.02732462735668174,0.056121687551705185,0.1443572676344075,0.2092800770937482,0.10459416850356242,0.011381594480691868,0.03969365728434195,0.0555703197478036,0.08747626226781759,0.2642003380792398,34,False
103,0.0278104302655883,0.054291224500387925,0.12627288673798337,0.25029603605242434,0.10575109477061968,0.016183071949496686,0.0,0.014545470080646165,0.11214069181374993,0.29270909382910365,1,False
104,0.015184353141975648,0.047049289597756914,0.1310117596252223,0.2528266734119716,0.11609741710371932,0.011703411411714264,0.02239639077170613,0.01718979843358119,0.10478623108147951,0.28175467542087296,1,False
105,0.04347988382412438,0.04305519490532266,0.13826714847916086,0.23113565581838208,0.12488395373522773,0.026136265963533935,0.0198028835992662,0.01633993240963276,0.09013103596638261,0.26676804529896675,16,False
106,0.010088847940371041,0.03421029862237184,0.14913865685009461,0.2487957286980063,0.12651019709422834,0.0,0.029559508368691992,0.011473525127031512,0.10546240400997708,0.2847608332892273,1,False
107,0.0026491028323202426,0.03998140418066821,0.14093546423592998,0.23655710157626583,0.12103643673802589,0.0054586947094397925,0.03529634227413589,0.01128654629369295,0.11556533950283994,0.2912335676566813,1,False
108,0.02159719693833629,0.04362181594905379,0.1402761359749594,0.21277231249173223,0.07926585622373605,0.027676332483002233,0.044559421230572945,0.05335778530342344,0.0848979782930786,0.29197516511210514,34,True
109,0.0035196075387942246,0.062113426930872344,0.1516097171581049,0.21584524686934534,0.08643587929626281,0.011528795766113728,0.04280555340106056,0.04735795776791926,0.09839684638911786,0.28038696888240905,34,False
110,0.006511796466212692,0.05353837025777459,0.14690156615031064,0.23624196510920592,0.08488984565986894,0.027203042511292127,0.03690528916427685,0.029709587720778842,0.09099910139155973,0.28709943556871975,34,False
111,0.010535633375768379,0.04783715553749803,0.13738275321895693,0.23344061693356705,0.12574807302111762,0.026991915932929867,0.03901375670920852,0.0042268698068940545,0.08618285823019771,0.28864036723386177,1,False
112,0.023421763069360585,0.04051550077643936,0.1337304368579786,0.23774970628333172,0.12139723253129371,0.03246768528985464,0.023847227394292243,0.04181233448710597,0.07944470770737029,0.26561340560297275,34,False
113,0.020644546441373587,0.0343351409611242,0.13803524407161005,0.21629265540389167,0.13067374396288897,0.025591573949844855,0.041782807669446864,0.04292393073946183,0.09169748644529849,0.25802287035505955,62,False
114,0.010047422064754908,0.04306224743328899,0.13159169308816748,0.2168071216568089,0.14082380087413565,0.02477049143893585,0.030205120420208,0.03845565488187642,0.07915710623524444,0.2850793419065793,62,False
115,0.009543281682060787,0.055335695572019436,0.14525259418986855,0.23111024615529177,0.09771759592514292,0.006011838745598956,0.02417283208618187,0.04799069071096943,0.09391263426844063,0.28895259066442563,34,False
116,0.01808463629285798,0.048474548968871815,0.15058989607548973,0.21212896367490688,0.08866671240164842,0.0,0.02540503693399449,0.05857915494752319,0.09503322370707434,0.30303782699763315,34,False
117,0.012214807336185145,0.022752523366550807,0.1127387907516663,0.2518696288607677,0.128893127715272,0.026884884132078946,0.0012376450085631325,0.028440704320274946,0.11475322793587543,0.30021466057276547,21,False
118,0.01493457461027024,0.045477064230489764,0.13304407168371876,0.24117798528523463,0.12480992403477735,0.013603055408749279,0.024972616295771525,0.008996417944847013,0.11021832204923697,0.2827659684569044,1,False
119,0.02520894477144349,0.06159833448084832,0.14683412348643884,0.21186320664508893,0.08497221997062776,0.019790509359310374,0.04059733880425393,0.0313096288153637,0.10569696121567422,0.2721287324509504,34,False
120,0.05319922912842708,0.05330350323435938,0.16772006440160134,0.22017337996310063,0.13027949633721736,0.01796596156765941,0.002856441267495576,0.02803874167008144,0.04733996668169877,0.279123215748359,100,False
121,0.029393272745119547,0.03189496068668188,0.13765281117439188,0.23718301278228995,0.11846558467530402,0.010691050013197636,0.027218415730395646,0.02717069460268258,0.09612342812936266,0.28420676946057427,1,False
122,0.016518219990482363,0.043937509198832214,0.1306152195660647,0.21986377690269857,0.12203323898920214,0.048122387990787406,0.01634207623811642,0.04407382664901714,0.06987212713222968,0.2886216173425693,62,False
123,0.02124214127647048,0.03258940796698292,0.12394393372946583,0.24161968668268113,0.14116987751002505,0.010573578271187864,0.0,0.046075291405052114,0.09580647475000029,0.28697960840813425,21,False
124,0.0,0.05714219495543114,0.12485401410976123,0.22420068465666124,0.13047552832008613,0.02758773658745117,0.023353709271749803,0.051115539147118104,0.07486890795436854,0.28640168499737256,62,False
125,0.03265374138907611,0.03707717174367443,0.12238036153510505,0.2387676452302235,0.1142377473418968,0.014085568530392702,0.020803983712713244,0.025768639239298667,0.10890948346236193,0.28531565781525753,21,False
126,0.012958313192210792,0.05131792861313558,0.13416099544512605,0.2195418033296665,0.12864403394220633,0.032209492028142196,0.0360714361203517,0.04845799735354266,0.0733864333438271,0.2632515666317911,62,False
127,0.014283932809793764,0.058008731894171335,0.12198638263410898,0.24835210256744836,0.12892294944881877,0.013584560993162468,0.007835592574511403,0.019847204575773988,0.09435619993050146,0.29282234257170936,1,False
128,0.007524628467193267,0.03908122235062597,0.13058489902432158,0.2190883655901855,0.127282616326643,0.02668236321581173,0.0470802434206562,0.04612628870412885,0.06979019325250184,0.28675917964793207,62,False
129,0.012328833669478578,0.04273904764078873,0.14622553117320247,0.24244637410326925,0.125324796521311,0.020008594338586184,0.029731778255906983,0.016354807239389157,0.07962904259502644,0.2852111944630413,1,False
130,0.025012765428968985,0.05480523753837625,0.12762372521382867,0.23216962813954312,0.11973051525667887,0.01782044538634413,0.03221029321064511,0.022754495799981962,0.07840307867319407,0.2894698153524388,16,False
131,0.03522699020327523,0.06453145180906403,0.13311191430340066,0.21549529628570305,0.08715604593944414,0.017072408295618072,0.04129297011197745,0.03619403953173039,0.084056384556145,0.2858624989636419,34,False
132,0.01126479667406997,0.03851868895571908,0.1529237477325503,0.21909205076931035,0.12759198658656454,0.021945846533398847,0.01802661770482031,0.027572868554227296,0.09067810197240068,0.29238529451693857,62,False
133,0.004230249602878871,0.04022112665901745,0.13980779745074928,0.22264078606185767,0.1368426968268877,0.02831246135862401,0.02871705960551594,0.045694119977793726,0.07140783974358367,0.28212586271309165,62,False
134,0.017279293769257166,0.06525337357422313,0.14322513803324247,0.21025953491400082,0.09325443904138908,0.0,0.03888543631906847,0.050196852138367616,0.10982873107265967,0.27181720113779145,34,False
135,0.0,0.0303321246794297,0.12608280239536293,0.2495860039819476,0.12666646368000803,0.009110539972884274,0.04157993686752926,0.04691957101721653,0.0872310142218178,0.2824915431838039,62,False
136,0.018951582297407555,0.06191204401075778,0.1350243138604069,0.2308195178563366,0.1022241331564032,0.005212826070191378,0.035468351054826326,0.04029911941414489,0.09209765020722668,0.27799046207229866,34,False
137,0.031647072903470685,0.05053635561149272,0.14272715047266743,0.2461392645206207,0.12980736548512167,0.01728560887063615,0.009416219027551676,0.012232705919598694,0.06349821748418975,0.29671003970465043,16,False
138,0.024530131653584236,0.03692378602499728,0.12376735783682527,0.2327343854443754,0.13218185009253605,0.023471306828608172,0.01928160183359723,0.025673544266350858,0.11341072894664209,0.26802530707248345,21,False
139,0.0,0.04558115338307071,0.13710248208760628,0.24153802277291234,0.10977177086607148,0.04494779024626012,0.030333131090748165,0.02048332389205559,0.07949195367472951,0.2907503719865459,62,False
140,0.02231269330099572,0.05056364860839627,0.13740457234501247,0.23800316644882125,0.11698116260647685,0.017796137381064784,0.013369263529907499,0.019903818375999187,0.09085844828916616,0.29280708911415987,1,False
141,0.019593572994401943,0.03956201378387131,0.11939070844624546,0.23662822492438662,0.12006173789174968,0.030949490901799524,0.016967900064123884,0.03527371780214944,0.09499528446066438,0.28657734873060786,21,False
142,0.0312540396461343,0.04277064361737706,0.16878466400542855,0.22585753365456143,0.1231137696586043,0.014602443133299357,0.020922586624494276,0.024547281879973744,0.06771066838406674,0.2804363693960604,100,False
143,0.0,0.022708768478787236,0.1454905663106897,0.229934373987928,0.14088097428949134,0.027657808139279687,0.034840231078153525,0.04006241735646571,0.07916658218178292,0.27925827817742194,62,False
144,0.027504099302117366,0.05602848519327219,0.13276600543950548,0.20196519301745194,0.10146152733830166,0.02276072692206788,0.03692991050608315,0.06430410504254942,0.09259955813288871,0.26368038910576225,34,False
145,0.005624023530420997,0.043660237684304944,0.14824466060988845,0.2292203414539749,0.09207001694575437,0.02811604887378432,0.03363935404139033,0.05234701606318024,0.1015029091985685,0.26557539159873295,34,False
146,0.025591688326867264,0.02588893184142386,0.11445198983928569,0.24511363265544764,0.12230785497359155,0.027234864260844645,0.020660023646234253,0.02929518412505489,0.09486677023923382,0.29458906009201646,21,False
147,0.01576593847465404,0.05839294349821009,0.12732129574894732,0.24351613961274726,0.10226951080089747,0.020279224677603735,0.03016374390756313,0.017492661939531362,0.0878667272815414,0.2969318140583043,16,False
148,0.0,0.057024235625125014,0.12660191361853498,0.22159708102617315,0.13546958802800368,0.025576347141103233,0.02038696086368425,0.05339845195328244,0.06995494850079688,0.2899904732432964,62,False
149,0.018841073726495457,0.018428788911064007,0.11535178321089769,0.23550844032841975,0.1329148184719639,0.01446063204355757,0.02584296225633898,0.016811027228876906,0.11621871997384509,0.3056217538485406,21,False
150,0.02282840368292743,0.042919009454668755,0.13770456928611577,0.22058487629761203,0.09460569138983539,0.016046064816244952,0.01569728881841376,0.05192721988398818,0.10746098811160863,0.29022588825858503,34,False
151,0.0021084362047957537,0.04087829075660024,0.15120497511419417,0.22168123051103497,0.12573234408130288,0.022282243016933156,0.03669449845277092,0.05270546802826433,0.08534684108253426,0.2613656727515692,62,False
152,0.024342375028653572,0.035674820587401915,0.12358056175351322,0.24645665173817372,0.11474609102082571,0.022564681815242498,0.02668410361832726,0.030684717056426718,0.09306399193700958,0.28220200544442575,21,False
153,0.01516395256404059,0.05919551220057142,0.13728971211884738,0.2362915086099779,0.11542058601957658,0.03940795056255149,0.017043851412120732,0.029452757435731725,0.08071369148500009,0.27002047759158215,101,False
154,0.013614840082909448,0.03466923673624965,0.10137062548286478,0.23892026629750374,0.13464902746193697,0.02977086765363798,0.031734026932183766,0.019950718300438795,0.0995356543640606,0.29578473668821414,21,False
155,0.001782152361162747,0.07513305407978496,0.14146291660890528,0.24784061285524783,0.09623026575670154,0.019788547302449028,0.025893570244854273,0.0410881855242328,0.08174907513074998,0.2690316201359116,34,False
156,0.014013087167401508,0.03056677019428893,0.14718139331156072,0.21384829440681355,0.12894879181308672,0.024968307465328663,0.04454733418678684,0.04250793740780183,0.08693979168101752,0.2664782923659138,62,False
157,0.019547026964304732,0.05129765651994232,0.1538950810789382,0.22421295921650056,0.118811351906474,0.03532958948875128,0.010986664853807357,0.04608998280176147,0.07590463586819221,0.2639250513013279,101,False
158,0.027830888427085237,0.022574852855477407,0.13459942020560045,0.21489086919210082,0.13953012543491922,0.019801253969874318,0.03546630444068076,0.050986576690165805,0.08280316690881488,0.27151654187528107,62,False
159,0.00732826490314823,0.036200707468610815,0.11848454105119127,0.2377763813676014,0.12968230701607444,0.043496064695570304,0.020294252181839566,0.01269562502566549,0.11852902698593536,0.275512829304363,21,False
160,0.07243736373733314,0.035265665919849955,0.16486768771916951,0.22710383530060027,0.10713798279523816,0.017634156963305888,0.011742453163590984,0.025319221063841286,0.04586210776185132,0.29262952557521943,100,False
161,0.014913022578857274,0.03402775025001763,0.14215106590717747,0.22277406462416158,0.1387132354012439,0.026992488411619896,0.025298702494869457,0.0376381983393111,0.07870186901308658,0.278789602979655,62,False
162,0.0552461240159565,0.053456830077637234,0.15960637213054826,0.22183236559304703,0.10545107949740073,0.020326752408047318,0.0145210194740726,0.02493367636904299,0.041706508482982754,0.3029192719512646,100,False
163,0.013819829751246763,0.0583522743617744,0.1294933610612122,0.2092321823990222,0.11930606164906706,0.017995002944162796,0.035895719891279154,0.05660644925425104,0.08964855273574396,0.2696505659522405,62,False
164,0.045157842574651996,0.03213899140136808,0.1633345766129922,0.21593834427720895,0.11466273637496509,0.025940658325282605,0.02947500444238937,0.03172141008943625,0.05765753156307298,0.2839729043386325,100,False
165,0.006343586085053239,0.007689973051606922,0.13227389290361147,0.25927498854867786,0.12012938341874618,0.03261655035417746,0.01488354818759997,0.017278202321952398,0.09154326088394515,0.3179666142446294,40,False
166,0.05576038755064304,0.038449519434329414,0.14869678759253124,0.22328313599163513,0.12388187985033244,0.04251936640537165,0.01610536364218528,0.018277676611528813,0.06038276109365573,0.2726431218277872,100,True
167,0.016437138406466552,0.03965185442595944,0.1348623721105468,0.22685806472730616,0.1323799222322345,0.023964560113469056,0.02343000703581875,0.03656008654719724,0.07805191418394522,0.2878040802170564,62,False
168,0.026885872202720422,0.02460258038279384,0.11318549574844329,0.26004042961127405,0.1411840391516714,0.01541925578046758,0.002623382936370729,0.03134509905033577,0.08755701364081922,0.2971568314951038,21,False
169,0.05998503223684861,0.03726050073139701,0.16956418177314939,0.21994079610364742,0.13201973368107897,0.009798406732047894,0.00595568702970138,0.019721726078756226,0.035647351499910815,0.3101065841334624,100,False
170,0.008532863047351354,0.04895502205554395,0.12489045410689437,0.2471340328879402,0.12046364900883233,0.012323450723057839,0.006750063530358239,0.02518923752331198,0.11524859673981071,0.2905126303768991,21,False
171,0.0,0.030895506002627447,0.14633042317117098,0.23723315313168247,0.136629119574819,0.03352810854012932,0.025395135512991825,0.030611053616596405,0.07614533556153937,0.2832321648884431,62,False
172,0.06377458529101843,0.0293446232548569,0.168881659610633,0.20869667843236503,0.11021084275147731,0.03970994579637775,0.007864366430321236,0.026974756379814484,0.052937128259976055,0.29160541379315985,100,False
173,0.004412859181529336,0.020486763023220313,0.1365877715104776,0.24820098426168802,0.11936145149202518,0.0327452988292702,0.03150969973618092,0.025637221705734344,0.089879761606482,0.29117818865339207,40,False
174,0.011809556301833352,0.05944127487071533,0.1233172316793963,0.21662145033489758,0.12847828347042195,0.03116632545403548,0.028792764675540167,0.05093996026019901,0.0813009321553583,0.2681322207976026,62,False
175,0.060916242224286876,0.0457743187383182,0.14143277297747067,0.21073190842939427,0.1262686090159443,0.03944855742391454,0.012973873691533003,0.028604280561470765,0.05783668512920053,0.2760127518084669,100,False
176,0.05244092914417168,0.037882477368622484,0.1583696619167236,0.21208739156412412,0.11603540173749054,0.021951770214230434,0.02019816323567241,0.0391271484253145,0.05801061116543631,0.28389644522821383,100,False
177,0.05257992294232661,0.02501345853092118,0.17214059336666915,0.22469701991142643,0.11416546102418142,0.03149809120256186,0.015974626492819038,0.020337968115188745,0.04491547700977132,0.29867738140413425,100,False
178,0.009900649489844099,0.02295510787021731,0.1514916101050257,0.22253837166143947,0.11981413901966786,0.03509787581971044,0.03915464220225258,0.026508709145380695,0.07708296499972375,0.295455929686738,62,False
179,0.05280796407742457,0.03134320919497962,0.15956878080461986,0.23656118103097862,0.1276225754318161,0.02843251965802094,0.0,0.02392716564705257,0.05219725517870125,0.2875393489764064,100,False
180,0.05107835001727645,0.032049311050877126,0.14975286335816243,0.22594440747722,0.117244700485629,0.03688132846962789,0.0,0.03940577658163181,0.04910715052344184,0.29853611203613345,100,False
181,0.04269714164855784,0.037524856604200435,0.15830799721896746,0.20112155939168866,0.11463374192417612,0.03133050709016306,0.01696513120777648,0.041439394238167594,0.046494231110186766,0.30948543956611557,100,False
182,0.064004636380758,0.03786805496161498,0.14818704091315837,0.20215127774050587,0.10938321370392069,0.035029817794952824,0.021217568860012075,0.036940157971357385,0.05219766011431393,0.2930205715594059,100,True
183,0.07217485833908398,0.030430755219639824,0.16759798798901218,0.21320716563089048,0.12889142466351208,0.025573214282218763,0.014422196302305512,0.0314626725071259,0.03017758080300533,0.28606214426320575,100,False
184,0.006543043048506868,0.05049546205699799,0.13179610627681493,0.22649583448074526,0.13079045440505205,0.01623912796360757,0.016206789170124865,0.04000933568375166,0.07963092410744652,0.3017929228069522,62,False
185,0.05987265057125812,0.032119439916332676,0.16101613664497189,0.21938816117933507,0.12769827533897649,0.03660806201540013,0.0,0.006471542470024567,0.05835143778714828,0.29847429407655285,100,False
186,0.06418209974822327,0.019659403303564783,0.16039291029332337,0.22286861313521952,0.11672933898305485,0.04193026769191082,0.010869294386141185,0.031419221203877,0.04926211705851453,0.28268673419617063,100,False
187,0.006648746708341794,0.04401833982898712,0.13376480166832524,0.22819971281743892,0.14359823473812933,0.017700201123954526,0.027184636125525907,0.03706671760220751,0.07869436945868648,0.28312423992840313,62,False
188,0.0075635725230754946,0.036550578858707355,0.14246345655566262,0.22980292547027387,0.13377055057942555,0.011623736032262072,0.02419314203769348,0.04991033428288891,0.07883059910413939,0.28529110455587137,62,False
