ID,strat_res0,strat_res1,strat_res2,strat_res3,strat_res4,strat_res5,strat_res6,strat_res7,strat_res8,strat_res9,ancestor,alive_at_end
0,0.1271542905683622,0.16114133475268985,0.03433769418586289,0.16633033255255228,0.046988183203763155,0.03157998270217967,0.007250042641670891,0.09673649033418255,0.245022075477174,0.08345957358156254,0,False
1,0.13282736198067957,0.17742383743949336,0.012925272971254873,0.17475051285432097,0.04865372305742141,0.03323612974682622,0.00416828115149311,0.08904344635680046,0.2482196185976056,0.07875181584410432,0,False
2,0.12064506414772971,0.17269618430299874,0.02402243982890179,0.17305247876875263,0.0526980598801322,0.03151924094649208,0.021884497217764247,0.08764773707237539,0.24456522765706143,0.0712690701777918,1,False
3,0.11667280504376198,0.17419726679366787,0.018701930343271046,0.18063428218096875,0.05569010241985248,0.029085828843242217,0.019783902273823102,0.09120504338846744,0.242209380312021,0.07181945840092406,2,False
4,0.1259033033784833,0.17358948714627306,0.03582636842327763,0.1661519226704995,0.04481270857128792,0.021340883098367697,0.013033907861357297,0.10735507611772883,0.23758141586854958,0.0744049268641753,0,False
5,0.1078547591978421,0.17585808159417232,0.004658124651303864,0.18041815198416622,0.0642703060212185,0.02889111876511844,0.030575115493614417,0.09104135429051112,0.24636877186835388,0.07006421613369931,3,False
6,0.14996948447617342,0.15753405144494936,0.010176487660834831,0.15725482869300522,0.045474067520296674,0.02365881409556788,0.0247211208090092,0.0989147048820976,0.2493361435287583,0.08296029688930745,0,False
7,0.11971750835240265,0.17802975810191465,0.05085665997746257,0.14752920495269836,0.05417540307252119,0.015686176685715047,0.008944725713470903,0.1073814115729269,0.239555181694121,0.07812396987676681,4,False
8,0.16288375987576956,0.1492234690297181,0.0,0.16426257822342166,0.04933002063083254,0.013892387462421451,0.013950234093323,0.09382293881390609,0.26861947033541045,0.08401514153519711,6,False
9,0.11727722369859973,0.17149005624417174,0.005224971640869343,0.1941334092172937,0.05530027223338468,0.03945515942778334,0.02554168504301012,0.09614310218283594,0.2409074683045585,0.05452665200749296,5,False
10,0.12365749922082703,0.17050142422379486,0.05540729346486963,0.15636228309081132,0.0442041755907326,0.004198340680038958,0.012956652730356245,0.10572812436104378,0.24672351182040406,0.08026069481712148,7,False
11,0.13429629995007977,0.19076704892851434,0.009660604791188148,0.17107461716852737,0.0215416236428943,0.04477977683806513,0.003261432747504585,0.08830629244695579,0.2469464883851786,0.089365815101092,0,False
12,0.135083057510872,0.1823926733186982,0.014715609698430762,0.16681923209142885,0.03091776193831875,0.021595907449113192,0.0,0.11265379974119416,0.2535988696212397,0.08222308863070435,4,False
13,0.12736681619365722,0.1855745041307346,0.027559970841859845,0.1415410388769985,0.043407226826158614,0.02336609658367932,0.0015363753238472324,0.09724184572615151,0.2557716378212694,0.09663448767564381,0,False
14,0.14362045903419446,0.17852467586135862,0.013842510585222876,0.18383428148331407,0.05612887068768841,0.022086647377795036,0.0,0.08436323696210414,0.24398851721466594,0.07361080079365637,1,False
15,0.15495590364631584,0.15333445111771762,0.008707742911328533,0.14430846904963132,0.036090162772738306,0.02673739445138682,0.028458662729855717,0.1143735623612371,0.2372432323008902,0.09579041865889867,6,False
16,0.1679166272737702,0.15014277731170325,0.0,0.171809742291826,0.03764597966252404,0.023199480388290672,0.013345666078512636,0.0926781202469113,0.27120123624089487,0.07206037050556706,8,False
17,0.10815086092813181,0.16036942088703657,0.0390705358948604,0.15971890662173535,0.06343649894913798,0.03741871878408528,0.04541450104125963,0.07099760334575843,0.23494322834721162,0.08047972520078293,2,False
18,0.10931247944723613,0.18762969899718066,0.006027894341736379,0.20396756234133145,0.05380562859690949,0.03465127117836219,0.008456285693904053,0.09114425272684631,0.2575561055281374,0.047448821148356,9,False
19,0.10386029228018916,0.18104181341828293,0.0,0.1862555161972946,0.04939001239922544,0.04435866220114017,0.03722108572479449,0.0856361768687484,0.24557993775048642,0.06665650315983836,5,False
20,0.12592019602172233,0.18808262913599433,0.029457016951824944,0.16729560195228388,0.0359242285866674,0.00925126947283246,0.016543254687346222,0.1101959061039672,0.2446545050248918,0.07267539206246942,4,False
21,0.11827833953555963,0.17046906329184794,0.05262560761965259,0.14841277430714256,0.05744019466105475,0.01936570092169542,0.00973263181172379,0.11918865225350607,0.2417533820208945,0.06273365357692287,7,False
22,0.13357520498640804,0.1489659258011025,0.025017483232902357,0.15554103943914047,0.053079415447083465,0.030529703740305402,0.018313567495543605,0.08061504657421466,0.2635484388249029,0.0908141744583965,0,False
23,0.11670814048233485,0.1667455237827959,0.009886361028495716,0.19178428936936856,0.05912018327806542,0.04707357992796247,0.0258557982272921,0.08879477476745275,0.23569910029642946,0.05833224883980287,9,False
24,0.1286539617217272,0.15922958704666165,0.01209641217015082,0.1896857276956204,0.06150226053747287,0.04270330271368192,0.015916391294244693,0.08821790652286403,0.24234861339323244,0.05964583690434394,2,False
25,0.1183350518698876,0.16497603474494088,0.006627404679588328,0.20023227824233744,0.06664290198907037,0.035650595562094455,0.040201068511199034,0.08202750421638058,0.23756246627597546,0.047744693908525884,9,False
26,0.11124262495028278,0.17469210494612017,0.029923834869533084,0.1651032443314217,0.04672082665116708,0.03726589404021609,0.002715410935892476,0.08568031490723062,0.2561238390537971,0.09053190531433897,1,False
27,0.12399025089341159,0.17352176723661758,0.035588859568965035,0.16036366002904873,0.07129696983441174,0.0022783567028114705,0.021866555797855868,0.09842860500015577,0.2345305870250277,0.07813438791169466,4,False
28,0.1336148881683434,0.16438440039986468,0.03225327701894498,0.1545239184779228,0.05986265257870003,0.03270301054509168,0.014488512596482287,0.0780462519697406,0.2568806040255134,0.07324248421939626,0,False
29,0.12429088106741641,0.17941548045821215,0.025472752620367797,0.16206032315325536,0.030046705206482983,0.02581415290855219,0.02019862835779304,0.12131989253110899,0.24929400036420746,0.062087183332603685,4,False
30,0.12499204194242909,0.1654052167781246,0.04406109681597724,0.1872042680167977,0.04616614077765286,0.0192021675927505,0.011799715865664747,0.10265718659726349,0.2341538533351656,0.06435831227817418,4,False
31,0.11354155035016979,0.18245833700852468,0.039587944164423114,0.17389494232215633,0.05972166141983436,0.030675802734333457,0.010501518768852093,0.08548952370159113,0.2530377508335779,0.05109096869653716,2,False
32,0.12041898075533976,0.1587733856449379,0.04980890740340867,0.1310461556154398,0.0686984848034771,0.0,0.03404322287664071,0.10814213488421355,0.24145789348389363,0.08761083453264884,7,False
33,0.12338315684627382,0.17226997713412945,0.026912870209889448,0.16902100270118256,0.05209143045351925,0.024496663518594145,0.01783377762873892,0.09068718373980447,0.22918136059840694,0.09412257716946108,3,False
34,0.1137980139321946,0.19121382328054112,0.04859043615902185,0.14544081292082553,0.051019119270003105,0.005525623955610412,0.015837080053335804,0.10281613231588509,0.2419738722360113,0.08378508587657124,7,False
35,0.106541239686379,0.18528703946935043,0.05875745392305322,0.13246521474585166,0.06810596837527082,0.0162362504361094,0.0017875779053562074,0.10946081195679343,0.2463633329481052,0.07499511055373057,7,False
36,0.1509725962374124,0.15123191237202854,0.006220794983481696,0.16521914937366186,0.04713210567405057,0.010886315523305335,0.020795314745225675,0.09782142878708222,0.25854237654301376,0.09117800576073791,6,False
37,0.12039395273393996,0.1749552062575716,0.04229879996221261,0.16742221916188982,0.044746969303774274,0.016364328252319614,0.021467135689421327,0.09622991543177076,0.23316226930358783,0.08295920390351215,7,False
38,0.11910947032016225,0.18346992260994816,0.0,0.19952630288392872,0.05744898197641625,0.024780675421922957,0.018599555413184685,0.07426956676183216,0.25777813987709614,0.06501738473550865,5,False
39,0.12747881488540042,0.16602410265916984,0.0,0.1993204736646187,0.04531328436395848,0.0420418813858682,0.02845681661728686,0.09133407826460639,0.24235457854680648,0.05767596961228479,9,False
40,0.12159302370049202,0.16219983392412893,0.01593021422611613,0.18191223756827604,0.06519231115396358,0.021244872679220685,0.016385951339427215,0.10890470166688491,0.237093709062199,0.06954314467929155,5,False
41,0.12211580843853016,0.17774945300083572,0.03249817528959471,0.14368030191892656,0.0575169123930697,0.025857826782876372,0.028258970858033403,0.10668048712964288,0.23549462063055102,0.07014744355793948,7,False
42,0.11079702581655301,0.17080556956219647,0.0,0.17146284005824147,0.0563962695947629,0.05276598564627572,0.021065414399994164,0.1271656412237971,0.24023811720398092,0.049303136494198214,9,False
43,0.11637001835026604,0.19204592818958896,0.041519035296387875,0.14801921924175376,0.05713787396482443,0.021758274611481887,0.004484599008659485,0.11366824346961212,0.23585710002980573,0.0691397078376198,7,False
44,0.11749351675801943,0.14424080894793626,0.025758283223279707,0.16082305903941316,0.06896818538908239,0.05228503657255228,0.0,0.10465866679496097,0.24091460131938222,0.08485784195537355,0,False
45,0.11762083857686631,0.16638757920032193,0.05878930213035537,0.13371730651977573,0.06226941719981274,0.013236400411169507,0.02321752896928053,0.10828428564833231,0.2321966956000014,0.0842806457440841,7,False
46,0.11913866366915844,0.20341466463032498,0.0013055290218278344,0.17309092586874714,0.052731160944712856,0.022449668735998934,0.022493480154655136,0.10201474995304083,0.24313619481642107,0.06022496220511278,2,False
47,0.11517748667145157,0.16957318760107143,0.029439124165380533,0.17519475688517286,0.052494258073159245,0.03524696381258388,0.019213436206418966,0.08328730895793808,0.25515481093181075,0.06521866669501268,2,False
48,0.10236389223014225,0.19208581225750274,0.030008596842196523,0.16145257612856043,0.052149674305803466,0.031235043081124007,0.028038147659425302,0.08751405172870548,0.23288783426118678,0.08226437150535304,3,False
49,0.1153586476615731,0.1753118587559746,0.016944747277865484,0.1706794372127954,0.06374861163471793,0.03335775793791624,0.034141763705980994,0.07751434787328139,0.24794101973299978,0.06500180820689508,3,False
50,0.12557418279413976,0.16524410248206473,0.039052538774839024,0.16959216279235936,0.05260758313237297,0.03343512963977206,0.0072089976238021375,0.1005782331626017,0.2437727230969054,0.06293434650114293,0,False
51,0.13053422689640384,0.16286170477107284,0.04416346283269508,0.17022739089387787,0.06297667887232561,0.041877920911941195,0.004092405373410504,0.06933611714818809,0.22797421204049811,0.08595588025958678,0,False
52,0.1232333182714015,0.17491793768610014,0.027788050136374223,0.1881973898355326,0.04295037513099703,0.020140526439075244,0.0012248573156494068,0.09907271374511255,0.26165300101615435,0.060821830423603,2,False
53,0.1260664562183584,0.17779104920048336,0.01652116841421518,0.17519467861328444,0.05557374897033894,0.020465889469823504,0.0029669006186474507,0.10214796057666631,0.23553606987973208,0.08773607803845028,1,False
54,0.1649288707801907,0.154483345898431,0.0008771092828679031,0.15429429095343408,0.04550901780532021,0.042521194265718695,0.018404053022673176,0.08773787796896236,0.24774311558394504,0.0835011244384569,6,False
55,0.0959882862997221,0.19439787381064189,0.002396276220650876,0.1780029950562323,0.05763324601488403,0.012143235756748662,0.029157601372983663,0.10722395696250175,0.2599145038506737,0.06314202465496094,5,False
56,0.11972199102990175,0.1590365514422653,0.043038074991422995,0.15247878162157616,0.03888291697871031,0.02282438166706839,0.012985628600071466,0.09996733251829952,0.2620324045667851,0.08903193658389902,0,False
57,0.13215214088284613,0.1721675675392645,0.04930767400349862,0.14807461377568296,0.03897200621524025,0.01290493605413175,0.01498664679979753,0.10177668149526532,0.2406267288710545,0.08903100436321859,7,False
58,0.11998369581573842,0.17849088081937947,0.03735907885786707,0.16405554634488728,0.04619575657732659,0.0203540492212618,0.03226761180332996,0.08025038034615689,0.2468135478121492,0.07422945240190333,2,False
59,0.12107944894470406,0.18865270449613822,0.0,0.19991930157080054,0.05579382487569238,0.036209489954699525,0.018072509579026695,0.07648934311963344,0.23755999414620277,0.06622338331310242,9,False
60,0.13168269800431023,0.17274879156178446,0.07660744447618793,0.1260219465017235,0.05754729696713613,0.02653946926478591,7.706307827693988e-05,0.11839278306858743,0.23344582299983008,0.05693668407737755,7,False
61,0.1078110706778128,0.18577258392591472,0.0,0.2061744382437648,0.07663156295059817,0.03315781955259897,0.0276457684677472,0.10390056710735189,0.23801783411423424,0.020888354959977297,9,False
62,0.11266900742550431,0.1827213354038102,0.03535115557393932,0.1414072934465682,0.05159987318985882,0.018835334362841894,0.0030868688953934902,0.11373692223670223,0.2589234311757266,0.08166877828965499,7,False
63,0.1622453715911758,0.15845993510211817,0.0072429604933151445,0.14578756996211356,0.03984245284743159,0.01646897602825754,0.02087252415738308,0.11602002461077596,0.25323276769191194,0.07982741751551721,6,False
64,0.11886918313395226,0.1655666688331414,0.013138660413369896,0.1778133366121632,0.05376286746699028,0.0347920463709111,0.020629933728489636,0.07799604996547317,0.24752874138871703,0.08990251208679201,0,False
65,0.12813186880979954,0.16287712922213218,0.03251856098296453,0.1739773197526684,0.04349988956036306,0.03571197592671729,0.007728853599890407,0.10232388561387827,0.24465253309592858,0.06857798343565788,0,False
66,0.12752220826739688,0.1628811982220623,0.02057424284437253,0.17311475859351685,0.05289933866307485,0.027998653158724903,0.02709514463520619,0.08574787274574461,0.25475916381474323,0.0674074190551577,2,False
67,0.13196811842646056,0.16067074077685758,0.023127696958237194,0.16704522293574914,0.03614967458493656,0.02328602640679388,0.017326297724282385,0.10397223391522153,0.2501585283668783,0.08629545990458296,0,False
68,0.13587103785120003,0.19780530101278299,0.04778431940688016,0.12363608963449206,0.04554584569074195,0.012188893697354741,0.020195624805696963,0.08145587974634537,0.24319918080137232,0.09231782735313336,7,False
69,0.10475977492433372,0.1760119709923481,0.000516556178439276,0.17889177161388092,0.0504748237008221,0.019804550995261697,0.022883393207511836,0.12073587391081667,0.256207924313395,0.06971336016319066,5,False
70,0.1139931833140999,0.16971480566934277,0.01704304843613695,0.17101961955413736,0.05773017385333771,0.038745297463867394,0.014671148306218995,0.08688501844709962,0.25916057006833476,0.07103713488742465,3,False
71,0.11018591639240273,0.15984020513915057,0.021100367557554386,0.16591797180670984,0.06545425374247792,0.03301901163609729,0.03354187939564032,0.09330655824813386,0.23173440839395745,0.08589942768787562,2,False
72,0.12608053412348352,0.1798133102792919,0.03138905597979195,0.17548456674534813,0.0333267595223926,0.01653920296283121,0.010539680600724388,0.11328316164664703,0.24125443771222863,0.07228929042726075,4,False
73,0.12481492743972723,0.17291538374322005,0.03196745421149488,0.16868320140131882,0.060169713729445504,0.03221745334168116,0.019384440313517198,0.08128808571241597,0.2349506037421809,0.07360873636499837,2,False
74,0.1281450047825648,0.1849566375170911,0.048565636860321226,0.1316256874358507,0.04208041880469919,0.01756327776865114,0.0041737746797356,0.11348147640313767,0.24923279501410522,0.08017529073384322,7,False
75,0.1006742435087962,0.1710635173237233,0.025415222619596358,0.1985050550279487,0.05841251088393475,0.035865811046501404,0.02656998508085722,0.08932347776020545,0.23427465234706615,0.059895524401370547,3,False
76,0.11710101276313648,0.18813168206891567,0.05258973464314259,0.14945980860515548,0.0518188874980399,0.013133247886284227,0.008035209324043193,0.1092238379360183,0.2378708024286479,0.07263577684661623,7,False
77,0.1190305271757494,0.17596665439679687,0.03935260488739511,0.1853146696449048,0.05575943414697348,0.013878209035917452,0.0018836899528497145,0.09851895742160709,0.2466789796393629,0.06361627369844326,4,False
78,0.09520344496522998,0.165450769924292,0.030129626762677313,0.1751417138684071,0.0521707357225135,0.028620050617758925,0.026726458571215563,0.0908040315732092,0.2668716164821126,0.06888155151258384,2,False
79,0.10560303766021421,0.16612097809287402,0.028694791182096193,0.17638970601755102,0.059542745690642246,0.04351642749905248,0.029315932612734713,0.09733337922048202,0.23468293801480264,0.05880006400955052,3,False
80,0.12078501167602437,0.18198312099836966,0.032988776703457255,0.16407375657447837,0.058390713332985796,0.019250901271705534,0.00875226215482697,0.10142709477756558,0.24400480361647675,0.06834355889410962,4,False
81,0.15046548524243147,0.162063345651506,0.040591004551770477,0.15717868268107113,0.04245454147645312,0.022141834218274474,0.0001883726834517098,0.11622483948801562,0.24135181468061467,0.06734007932641134,4,False
82,0.11288652814753253,0.17379187270021104,0.0012956403959816436,0.19202086587196082,0.05959696802663654,0.034336121670943597,0.03501551002570677,0.08482545477304372,0.2515359249558712,0.05469511343211221,3,False
83,0.1158646336173217,0.16527119546153177,0.03478441222283874,0.17017223279241553,0.041308694411094436,0.02127205067699234,0.007236342786108668,0.10026966323657742,0.24334263604253328,0.10047813875258604,0,False
84,0.12226908253963066,0.17764563164511096,0.06685277917716542,0.1496064080477583,0.052112850223232574,0.017479607709614795,0.01390670280535031,0.09146149011287624,0.23581959808840436,0.07284584965085646,7,False
85,0.1103725734121189,0.15106043556530904,0.04930265352401407,0.147663967932106,0.0673377619458651,0.043232373925341114,0.0648740116452619,0.05227743613299301,0.2360394341016401,0.07783935181535076,17,True
86,0.12214518126343048,0.15991771931176718,0.04815921467045334,0.1535484355466116,0.06800870825273427,0.01563683342814552,0.01445736775633067,0.1074971708762186,0.23291442205730822,0.07771494683700014,7,False
87,0.13038678193602993,0.18690048893716027,0.025222654144094428,0.1535100629898728,0.04118371329700194,0.021766430798843852,0.003908521353350702,0.12094818176696837,0.2548065615766587,0.06136660320001892,4,False
88,0.09648723914330516,0.1613423892813166,0.03216529273076678,0.1602309368351913,0.051862460213057175,0.03710511507981696,0.05894296125649246,0.06921266749251619,0.23990163469230624,0.09274930327523102,17,False
89,0.1297598379035885,0.17312697059494697,0.01664812340639822,0.17098020814549306,0.06179221863032726,0.03559489447844057,0.019954587091222692,0.07458911043310137,0.2601860034783196,0.057368045838161616,2,False
90,0.1041998617007883,0.19172585446601093,0.046239407904814296,0.13520073621994652,0.058715209668378655,0.017535700797066046,0.011317163219027373,0.11179584512474873,0.2463529993364975,0.07691722156272156,7,False
91,0.11556006065855975,0.17040878979481422,0.0014027231642584296,0.17954477637796343,0.08277307310759457,0.016322034631681873,0.0326377787522875,0.08282955008417894,0.25260218405834345,0.06591902937031778,5,False
92,0.1158905554525987,0.1729770312960101,0.049219197306831934,0.15147265741916194,0.06269897408237156,0.029369691384318282,0.052055142935774866,0.06685360149163845,0.2243821056689293,0.07508104296236491,17,False
93,0.12234243777966007,0.174047885577664,0.02784570670228718,0.16052294415008292,0.05107050362670116,0.004690068813618876,0.02857370565066885,0.10906979937798038,0.2506484994720681,0.07118844884926856,2,False
94,0.11377518030567664,0.18130439459992703,0.017177210179778177,0.18500292362908344,0.04584411789648364,0.029530044652007287,0.020652113941919088,0.09894756474426993,0.24375758031473885,0.06400886973611587,2,False
95,0.12214718833221004,0.18978954517008445,0.005531777437432973,0.1987531856728414,0.022009034451282796,0.02285038560604906,0.013326672655333332,0.09596169132440678,0.2580554675074555,0.0715750518429037,2,False
96,0.13009004909021604,0.1534968173365158,0.020384183933088204,0.18683077859987698,0.04881606186264874,0.020428663515160303,0.017387326730796217,0.10357735543806866,0.25645626258381693,0.06253250090981215,2,False
97,0.15054013645475667,0.15583529908205412,0.044242291481259986,0.18767538447672805,0.03473399697677539,0.037608144048071425,0.017695720256893425,0.07376898516747864,0.2234650139234763,0.07443502813250603,2,False
98,0.105425046393293,0.1486430486420833,0.044215063819762535,0.160773989790453,0.06749232476838957,0.03889249395224115,0.03566693975155927,0.06140485521972151,0.24352141597877247,0.09396482168372411,17,False
99,0.10522753023064278,0.16752591891971766,0.033155146604401414,0.18200833899273985,0.05320806209902393,0.021241433812353536,0.03984910049788683,0.09352226186070606,0.23021190416505422,0.07405030281747368,2,False
100,0.13960273502012185,0.159860946334382,0.025869946386389023,0.16369610243931373,0.05461589548524904,0.022487775134142057,0.044567564158707544,0.07483576123158303,0.241295137984326,0.07316813582578578,2,False
101,0.10992987632580509,0.16428937775013994,0.025125659717596695,0.1612445055275368,0.07194448238804464,0.043818082223059045,0.04476614783890007,0.06932128972553368,0.22932960259299245,0.08023097591039144,17,False
102,0.09639225357149717,0.1418056307660249,0.03625441457080176,0.16197959865137104,0.06065407485599966,0.05262458618637338,0.04660857544469504,0.06862524378413683,0.25474376885938643,0.08031185330971381,17,False
103,0.11590120249090417,0.1643383933247216,0.0389449614854132,0.14280738199545479,0.07063254334434836,0.037343772070745504,0.02932339762803452,0.08248956727415065,0.23288955637208064,0.08532922401414648,17,False
104,0.0945177849807943,0.14765522157941083,0.05041266279300951,0.17926031536836304,0.06274290252012141,0.027987342632627827,0.049103805338837396,0.06789975621245904,0.21485334234670897,0.10556686622766766,17,False
105,0.10155712224216493,0.15976082192428034,0.050634686069512304,0.16400257418958114,0.0745726884822144,0.02700133199907949,0.04332139354396377,0.0924972027563003,0.22681020467985757,0.05984197411304574,17,False
106,0.10055934695596587,0.1729800744872308,0.042829370104669987,0.14592673050220875,0.08800932028116047,0.03205936738392437,0.05144136372918282,0.06506582114503962,0.2311736719181762,0.0699549334924412,17,False
107,0.10853724986070301,0.1728591369570403,0.039364942686010235,0.1538675259321181,0.07339404984103512,0.036018305472195235,0.04598412625279808,0.0680898092482584,0.23235844806143569,0.06952640568840579,17,False
108,0.10678297972324115,0.133423696818309,0.05652943611915076,0.16412908596789433,0.06078543631188156,0.05444713459003957,0.0440745689959374,0.08733778554575936,0.22157019327686675,0.07091968265092011,17,True
109,0.1126732056683559,0.192914851411702,0.022093284962244615,0.15980848122914085,0.06910937518738992,0.011333666088652262,0.048709586633215424,0.08439760710988127,0.24637758053885325,0.05258236117056443,5,False
110,0.09853454751401983,0.17732878190855597,0.004137575867011946,0.17807300000756027,0.0532804068556439,0.04425681286828374,0.03641600398702943,0.07936458298576675,0.25285415762504626,0.075754130381082,5,False
111,0.11203841479464924,0.14545937592138775,0.022935237975591796,0.1617639334624584,0.05253782018129105,0.03658031737866109,0.054108839953390865,0.0726361051293741,0.2487975611933434,0.09314239400985215,17,False
112,0.10993937475565849,0.1783930780223095,0.024200701473845315,0.1601132185663053,0.055614549367555166,0.020358658583380027,0.05601201208777406,0.07869629846434723,0.23883010649379585,0.07784200218502904,17,False
113,0.11790621838474508,0.17728673008314755,0.020497780607022533,0.16814125631234983,0.05081320633176827,0.03198444798102132,0.024039375862842546,0.09178607160582553,0.23851333894649024,0.07903157388478707,3,False
114,0.12645807346100513,0.14377125794211554,0.048891764029984935,0.16788402654868967,0.05957783962564201,0.025372394812690307,0.006604962341843574,0.09205432880674258,0.24733469307367403,0.0820506593576123,0,False
115,0.12113766241719971,0.15400046407571855,0.03440449021554486,0.16307451412969529,0.05027711833458031,0.047313938473174076,0.03973622078283001,0.08759255939352037,0.22232177643683604,0.0801412557409009,17,False
116,0.12633944537305658,0.1479429671617376,0.04124674120031512,0.16335190846376563,0.05589767865413866,0.03956541796261464,0.05934494784223477,0.06654292117445998,0.22210853505459915,0.0776594371130779,17,False
117,0.10467345746880864,0.1779392995898788,0.0,0.19201474597259105,0.047427885042224775,0.044258632678809924,0.027951652960843117,0.10002665965963142,0.2662635095554059,0.039444157071806395,9,False
118,0.12968059400908513,0.1572579816919725,0.02917448595178655,0.1538738646707563,0.06978828098889228,0.050143877386283044,0.02848264531595643,0.05414586323054599,0.24983160602689541,0.07762080072782623,17,False
119,0.10204327790208424,0.14796334277533393,0.036652143856676964,0.1701797961336743,0.04412182273662472,0.03760727317488908,0.056136054297078006,0.08052456547959178,0.24345147818096569,0.08132024546308135,17,False
120,0.11467069566823154,0.1641085989892483,0.021667665705371004,0.18165377727589074,0.03960283436090118,0.04005004899628555,0.027429240975429287,0.08845920607879335,0.23951439913441006,0.08284353281543907,2,False
121,0.11114762305127916,0.16168092851068125,0.037386568364857126,0.15095004420038943,0.05319249051191224,0.03975194978184356,0.04627047440685232,0.07322721166242215,0.24951991903778095,0.07687279047198188,17,False
122,0.11089431363104453,0.15402362529156535,0.04987643303043622,0.15936047709607395,0.0608043590704585,0.04854138593855853,0.04002512999149923,0.07845073059056673,0.2212336019415369,0.07678994341825997,17,False
123,0.12789385079466875,0.17951766205846753,0.015337954989069882,0.17293704849191616,0.04866111747382476,0.02443228549252184,0.025913791579980576,0.07506641347993907,0.23853444382819122,0.09170543181142028,2,False
124,0.11313287328485575,0.1517272042486157,0.04735701443737465,0.16519222520101579,0.06251810605215138,0.03863957019409884,0.03447885597565835,0.08606152016959273,0.23078407169191148,0.07010855874472521,17,False
125,0.09469703760385507,0.17802556677764808,0.039513372433276926,0.1772969900501775,0.05998337509790975,0.04262919723639258,0.04080249687093099,0.07141328060167491,0.21006421006156334,0.08557447326657094,17,False
126,0.11349943547446498,0.1526086352820156,0.049006925298796404,0.1547804328391436,0.06331885573812734,0.04518166985469814,0.04401674005581959,0.07618286685733511,0.22941570842210438,0.07198873017749492,17,False
127,0.1083851254664694,0.16287918632776802,0.03815303721395772,0.15930899668813353,0.05841261572990406,0.03116514663401326,0.03323750182549301,0.06862925714591411,0.2438767255695628,0.09595240739878404,17,False
128,0.13177173655574603,0.16685796182810875,0.03580840515286902,0.17102950236901798,0.047698416014580115,0.017363893056768172,0.035953171229371896,0.08624965783492171,0.23614683098603848,0.07112042497257778,2,False
129,0.09771426911424341,0.16515489047399629,0.05281078407514335,0.17000371486651134,0.06314758587583541,0.039362313276912815,0.03417457436042138,0.071737637158155,0.23645224412072063,0.06944198667806041,17,False
130,0.09582865732742359,0.15265248565146916,0.049651998091101573,0.16867129772656506,0.0739590354944222,0.04992973214568233,0.03189613761780101,0.05529661649524622,0.2319296084054292,0.09018443104485967,17,False
131,0.10148624753258412,0.14628928656462387,0.043748068417483285,0.1668841915441064,0.08981651766261685,0.04221978513321646,0.025450068292312493,0.06807417159758133,0.22609950449638452,0.08993215875909068,17,False
132,0.10045386766024672,0.12688826511030868,0.062459434626914216,0.17859054078733766,0.05880412946034028,0.03133411370666073,0.04617212314759254,0.07329725553323521,0.21395654015564544,0.10804372981171832,104,False
133,0.10254857111722877,0.16481515504480712,0.031226706848202092,0.15768764956253697,0.0562725861732586,0.05069961509509211,0.046434112790589455,0.07728938640150988,0.22693204029051828,0.08609417667625675,17,False
134,0.12275291719919379,0.17263225023120107,0.03784703536570632,0.16688014386140318,0.04629346555850931,0.03378786512009877,0.047044046976826244,0.06054891086126164,0.2316008471440742,0.08061251768172543,17,False
135,0.10835737186708583,0.1535608825368919,0.044355091296831024,0.14776955797750488,0.06348939294102436,0.03162700494435968,0.045839293421515215,0.07944527587785677,0.23535753023738204,0.09019859889954822,17,False
136,0.11420365913483163,0.15829998679225996,0.04285461013928386,0.164233304096375,0.04464051104436649,0.027680148514428408,0.03974942440659467,0.06405847633249476,0.25215491494920983,0.09212496459015547,17,False
137,0.11484328868314773,0.1509346207701735,0.03964834731140356,0.14955454250904848,0.07371773108970892,0.027739023362555015,0.046941184976369746,0.08424067408634578,0.23784263229136218,0.07453795491988505,17,False
138,0.12330296682998179,0.1705445495276735,0.040850531978002196,0.17205134053977575,0.058040445239882214,0.02378769194146712,0.035361373464059286,0.0784978434130181,0.21634414930188667,0.08121910776425338,17,False
139,0.09131137917866959,0.13808171479578601,0.04041544725618258,0.16622146991903802,0.06308942641199392,0.032839380159756175,0.05982144652752113,0.08096603758604487,0.2513629655041167,0.07589073266089101,17,False
140,0.11075380741101676,0.16321454566749355,0.04067806069770049,0.1603485197456517,0.06837965227139729,0.036359184858020824,0.04819892561948656,0.08675612642959954,0.2102855148024572,0.07502566249717608,17,False
141,0.10021099943891931,0.16959578471340453,0.02594603229989484,0.1639662227490856,0.05915112341133201,0.03983590676445887,0.035151929462187564,0.08414260848325517,0.23506148194709414,0.08693791073036808,17,False
142,0.11180384033529069,0.16140718706115342,0.052947202755985544,0.13537319989567848,0.07174450174936718,0.03394864577294383,0.035959242237322206,0.08763179031877733,0.22529210002397607,0.0838922898495052,17,False
143,0.10806423796237681,0.1633128905050103,0.05724164223507951,0.17659002195806142,0.052861550508659795,0.05150934210849056,0.049606384423953785,0.06089537462494045,0.22782034966699963,0.05209820600642777,17,True
144,0.10596860293902845,0.15766678403483753,0.03565260837356316,0.16154142356068943,0.0601998946847311,0.03831298809159739,0.030660651686740103,0.08107873760487594,0.2413544549578407,0.08756385406609621,17,False
145,0.10529085947109851,0.15771809378321633,0.031883053494992854,0.16316759861186972,0.061053932985180207,0.04196263717173864,0.03557681149250895,0.061751457535849784,0.25509378898728446,0.08650176646626058,17,False
146,0.11268872706151639,0.14549896669792906,0.025901309759416326,0.17398091537002564,0.05755274673171731,0.053214056331098575,0.04448343008274081,0.0895718842758353,0.21293387572994094,0.08417408795977963,17,False
147,0.11408321164081524,0.1587041634025701,0.045200612708580314,0.1578701806303991,0.06678404185269722,0.05310991011379476,0.03331045783653275,0.05883177616195591,0.2445324776103644,0.06757316804229024,17,False
148,0.11301556697264721,0.16262733985020586,0.04809727564498355,0.13801195109192543,0.06378599470904496,0.03242491996077518,0.0531239677797179,0.07305043255031757,0.22512878263839303,0.09073376880198943,17,False
149,0.10813797987214945,0.1486815208315015,0.02755437522785459,0.15516407085721637,0.06596085271373968,0.04492883428870164,0.04922369063279316,0.07980402083970674,0.25134302036451434,0.06920163437182258,17,False
150,0.10526399390414817,0.16785925901447588,0.0330136379345752,0.13451649185413428,0.07161384125639336,0.038983985464537387,0.058683610603391674,0.07533436963652462,0.227998918361945,0.08673189196987437,17,False
151,0.09763411057308438,0.15245979711784735,0.04670310163305706,0.17757833776270507,0.05212022925581052,0.044277871933851506,0.046134154753774095,0.06773315754594669,0.24146095037093776,0.07389828905298557,17,False
152,0.1167330318602182,0.15924522343583072,0.023600031111156643,0.14305386363065367,0.07290969057654256,0.03641892170444511,0.03014556062679713,0.07620218646266447,0.2459050014604456,0.09578648913124577,17,False
153,0.09514291835047614,0.16552146697324868,0.02757684437386383,0.16871285106074702,0.06205277193772276,0.04296165166138374,0.053734118037930816,0.06615219557606838,0.2398328651841941,0.07831231684436452,17,False
154,0.11994690870904348,0.15590682412010706,0.03790172700198464,0.16139933825679145,0.07028867521439607,0.03332083631999522,0.038683949092476494,0.07444444639571847,0.2219424924149376,0.08616480247454959,17,False
155,0.09705897421868828,0.16478155064213812,0.054184889739850264,0.14742231037754522,0.04361279220778073,0.03227856262647789,0.05637615114649838,0.08077872642651046,0.23592319277320062,0.08758284984131015,17,False
156,0.08448825975620294,0.16027275847715225,0.04175584366765452,0.16833478092031906,0.06721188378544263,0.02519865300685637,0.07899158555868388,0.05334202341686047,0.22891549808966088,0.09148871332116695,17,False
157,0.11823498735874026,0.16575939093830505,0.04280040042102404,0.15751470854249222,0.06959776768088018,0.04312065601850675,0.03898222169658474,0.05828816051632123,0.21682712620034372,0.08887458062680184,17,False
158,0.1133774800443558,0.14963916987045425,0.03349201029992724,0.15696374815369948,0.08692400225818506,0.0450214027399828,0.03777547321953136,0.06659835396265414,0.24205429947886728,0.06815405997234245,17,False
159,0.1043580363259506,0.16778289835173046,0.054447354035220406,0.15095232430903355,0.06737727389571943,0.04977738750011755,0.04825806275158972,0.04767284461423518,0.22900201262616035,0.08037180559024276,17,False
160,0.10483892368648899,0.15438629510529742,0.02264187749873675,0.17133928888519748,0.050221682414577,0.05149578292626887,0.04615401508565805,0.07682464464930622,0.2324091185613047,0.08968837118716454,17,False
161,0.10691925476732603,0.15076455029105001,0.027087368703385947,0.15699004002700573,0.07559942592889489,0.030353978383349346,0.043054891296377414,0.08754781562342312,0.24477233607179394,0.07691033890739361,17,False
162,0.1251363328157832,0.1558079764308156,0.03893621105179529,0.15924944128213345,0.03272643583965637,0.050732021220511216,0.053631006560961356,0.06064328516311366,0.2396863866610182,0.08345090297421176,17,False
163,0.10111132372325327,0.16765696145639533,0.028282878658035228,0.1457353726486514,0.04379093242343937,0.04096628487794385,0.04491728813998645,0.08844284876169647,0.24855678496153627,0.09053932434906235,17,False
164,0.11220765419524063,0.1539627890508746,0.028391148501684504,0.17177426270117166,0.05286757362800641,0.03223524720216738,0.06251514871710576,0.06988215060025321,0.23378284262834284,0.08238118277515295,17,False
165,0.1098308012899726,0.16429770131695273,0.04470458396094787,0.1573392459266825,0.06204890964770953,0.04192213835634076,0.02938789662964672,0.07838275414084535,0.22912350047838237,0.08296246825251957,17,False
166,0.10935718008998897,0.1612835703416018,0.03587794724329411,0.15871810264116365,0.07589989199700843,0.041434280894913286,0.04578832299785184,0.0654008494614881,0.23702419578314035,0.06921565854954942,17,False
167,0.11440664006188606,0.15954607995671238,0.03673920680916421,0.13396317947058742,0.06956174375222901,0.03398366360563406,0.08238873045994664,0.06702590013933393,0.2251287197864947,0.07725613595801162,17,False
168,0.11886049073694975,0.1416279676139453,0.034630159148551574,0.16708680993988873,0.03837293243786935,0.04708844678278633,0.0555068965918212,0.06931758525704271,0.2501045272898566,0.0774041842012884,17,False
169,0.1057263918361279,0.17992931260205375,0.051215955629600206,0.16298151697988514,0.06283122979213229,0.030196166489093502,0.04584980661820688,0.05598783254715443,0.22678498177291873,0.07849680573282726,17,False
170,0.1031617544306045,0.16874967383295128,0.049415422664405385,0.15873305943746058,0.049873994262099916,0.034640480049826394,0.04081480696698605,0.08800909773028544,0.23269927214772462,0.07390243847765589,17,False
171,0.10515331787371843,0.16155745492536563,0.041331583049450595,0.16809225132519104,0.059233049029886416,0.027970737403888342,0.051583475913449015,0.07250044424520498,0.23975418183350944,0.07282350440033611,17,False
172,0.0909859080154871,0.14691278819112064,0.03435864600937903,0.15512114604836363,0.08291579842543187,0.036574377428146974,0.060585548417629115,0.06333980273994325,0.2342653083627898,0.09494067636170853,17,False
173,0.12214783732193979,0.15661908507602063,0.01854789692282634,0.1669743685822629,0.06335832594040712,0.0388743663278876,0.03874158968543128,0.07772978956216185,0.23359583826425598,0.08341090231680645,17,False
174,0.11195096610217803,0.16066570967720797,0.04005805969557271,0.16656057945885427,0.047865294726376933,0.030461778810345213,0.05086371392348745,0.06022962916018849,0.2409064235944851,0.09043784485130378,17,False
175,0.1008862167200385,0.17744718806706933,0.028322869417404924,0.14467063258449683,0.08353637675662344,0.042893252506719014,0.04201657359491492,0.056159415725705555,0.24154837229748313,0.08251910232954439,17,False
176,0.10465785295853691,0.15645526962051298,0.030684798049007887,0.14983948318644386,0.05514880949165268,0.04580631211123651,0.052100729746144776,0.08183582748665925,0.2233899650419296,0.10008095230787553,17,False
177,0.10982346941555937,0.15555309876758436,0.04189244462078308,0.15179070020002092,0.06275589447123221,0.04249135172470934,0.041965048255258645,0.07225867317882742,0.23381433038741517,0.0876549889786095,17,False
178,0.12036423230575469,0.1574922856508812,0.03401717029672915,0.16656511870608842,0.06327895699899684,0.04014475684691406,0.048847357778206826,0.060668938405965794,0.23977923718005015,0.06884194583041281,17,False
179,0.11728566203690743,0.15684423831729155,0.0376478634850731,0.1653252566270398,0.0743006884745974,0.042352470756673165,0.043966161305353524,0.06753961641949581,0.21615792434154157,0.07858011823602659,17,False
180,0.11398067160922852,0.16340524820326577,0.03263481758090603,0.16762846439038415,0.037543534732853594,0.04186647472023302,0.018399522526681564,0.08342853724270602,0.26388543785244795,0.07722729114129348,2,False
181,0.09899676815602615,0.17020709218818686,0.03802333580201639,0.15836958861574796,0.05324136181943915,0.05155703500900825,0.02372121778453175,0.0922100543584692,0.2496371865515826,0.06403635971499176,17,False
182,0.08825939176439163,0.16146771335986043,0.04352524094465983,0.17377302678589912,0.06980335779415846,0.03483930696262868,0.04253522751607518,0.06888250764196951,0.2386865252614937,0.07822770196886357,17,False
183,0.10996575461136687,0.160929028218728,0.03952232522757731,0.15671582742866666,0.06435518350624635,0.037694895035428846,0.06486900401189813,0.06399360108207477,0.22380852263822626,0.07814585823978677,17,False
184,0.11085386795057604,0.16004779394195234,0.04091102959618373,0.14600600510850223,0.06249511809442109,0.04107673772237329,0.041193888293416074,0.09364925387049826,0.2280427289182238,0.07572357650385307,17,False
185,0.10783859738683804,0.17910326731026585,0.021522952484313473,0.16014229250741766,0.07225467339111541,0.03704955267687074,0.037338015578128575,0.055068227056552864,0.25143972258331104,0.07824269902518645,17,False
186,0.10463901854599089,0.1631620204856241,0.0402353232539887,0.17447380129180404,0.08248677397156541,0.04098312809667485,0.04867855128924836,0.06557372312478645,0.2220097433182957,0.0577579166220217,17,False
187,0.11988885319607796,0.1438275825563795,0.02842806659902878,0.17196485070679024,0.06079189927417762,0.06120345199568671,0.037733507654873814,0.05754332420203198,0.2418900829225298,0.07672838089242354,17,False
