ID,strat_res0,strat_res1,strat_res2,strat_res3,strat_res4,strat_res5,strat_res6,strat_res7,strat_res8,strat_res9,ancestor,alive_at_end
0,0.07864106092657791,0.0524509619745787,0.1953381157191665,0.11013099200191978,0.055938468114869355,0.006330693049282383,0.1540786846662773,0.22271435429559433,0.04543144892609554,0.07894522032563825,0,False
1,0.05887464178677008,0.05546190837205127,0.20897977341577395,0.10865971845425312,0.04409839779976823,0.0002852353096107539,0.15363057590693677,0.2291019103534795,0.06560686343445259,0.07530097516690368,0,False
2,0.08731896409457787,0.04609308950041094,0.19135304066904435,0.11987400337325786,0.0434285558022886,0.0,0.15974239832215315,0.20959782252142672,0.05207447304776536,0.09051765266907529,0,False
3,0.06862470836478954,0.050162781634881054,0.2130368975820176,0.1158185364951506,0.04299605189312031,0.004001444763611758,0.1484712470407151,0.21664241993491148,0.06948865423634219,0.07075725805446043,1,False
4,0.06600548137291432,0.04943451528255171,0.20558875681860225,0.11571735723694501,0.05227454328327283,0.016854810740728653,0.13449564634485842,0.2108806004335476,0.08117272166462312,0.06757556682195597,3,False
5,0.06120355653496519,0.05630746327324905,0.21245791863556132,0.10044077015074893,0.053897781951595565,0.004627849889530783,0.14052192204536174,0.20932589085938386,0.07466095107885598,0.08655589558074755,1,False
6,0.06365537028703552,0.03303999356158869,0.2041577800421569,0.12415081997727392,0.04888608436616305,0.01003696599100349,0.1512116863376504,0.24797804028656112,0.044644265648626454,0.07223899350194034,0,False
7,0.05369920174241487,0.05283498605541013,0.22576303480019155,0.11122269626585318,0.04843390159729948,0.005561603593889238,0.155902021855811,0.21008892976741386,0.061974858028102944,0.07451876629361379,3,False
8,0.0778213597569655,0.05114184890600563,0.2028557325249068,0.10512635516445572,0.05248959478877301,0.009514011719149344,0.14654801806162657,0.2178841181999957,0.0487465104358239,0.08787245044229809,0,False
9,0.0578889314937082,0.05030337930360682,0.20372856670663594,0.12028389969659803,0.051080488701282456,0.0,0.13895237557341583,0.2172824239854155,0.08187776110112897,0.07860217343820816,3,False
10,0.04184371430003982,0.04891225011203261,0.20796318404339914,0.11934409907963915,0.05527937266248197,0.0003335502079169186,0.1399044563722933,0.2606374435791731,0.043630156622459976,0.08215177302056409,6,False
11,0.0755915342251461,0.04778234614332188,0.22006479943114612,0.12120070062332035,0.045140471135961355,0.007671646143930518,0.13098049780978224,0.2111743474776136,0.07153336222046319,0.06886029478931471,4,False
12,0.09097995910029771,0.03455574263976964,0.19943320539722376,0.11002716906603578,0.04794492004148292,0.0,0.161054559323349,0.21386621721882212,0.0534856218891608,0.08865260532385831,2,False
13,0.06554297637468767,0.04656943554318723,0.19583063647275067,0.12055328019503134,0.054854615045745396,0.010285658996789978,0.16723912119620998,0.20936712772349483,0.05035133038115502,0.07940581807094792,0,False
14,0.07354006398618909,0.045147984439368564,0.20552534792594573,0.09805470408068326,0.07130575221868944,0.018841856672637033,0.1478566710920741,0.19656828381122032,0.0643959487383652,0.07876338703482717,7,False
15,0.055459118100101505,0.05003098868727117,0.19607832092003993,0.14200378268459402,0.03540781590621302,0.0,0.1311200433583683,0.2157135307380202,0.09011612502723063,0.08407027457816131,3,False
16,0.06578032555797451,0.033020573053138214,0.2303829025083869,0.1212894200942834,0.031150995003208427,0.020857925712231384,0.12592668191782314,0.227846782939511,0.06881378391163946,0.07493060930180362,3,False
17,0.07090868362457574,0.060207673365625235,0.20843597090627233,0.10541060411423978,0.053607982260196765,0.0037424088565338387,0.1308593161292252,0.20594927077219527,0.07589696368730735,0.08498112628382853,4,False
18,0.08033319071358191,0.043509237838840344,0.20031905276961126,0.12602687273571747,0.038807609570731476,0.0,0.14390340070768148,0.22974751029329454,0.047142936838364916,0.09021018853217669,2,False
19,0.06423261913761828,0.06784823724006563,0.21121687507810477,0.11744291271645227,0.033898123639927835,0.02145289152898788,0.1301552630339612,0.21264066715463364,0.0650702063721873,0.0760422040980613,4,False
20,0.056923245514788307,0.06765839710347532,0.22502707032293154,0.10253179049941019,0.04196355954846406,0.012970110386092292,0.130393218295268,0.22066899536369827,0.06377167390061719,0.0780919390652549,3,False
21,0.07138297752549155,0.05538540469985486,0.19231787282221657,0.10873086510146933,0.06972458807961258,0.0,0.14207768785723923,0.21820150749239736,0.04422940643264696,0.09794968998907147,0,False
22,0.09426239917608036,0.037632655968257094,0.1921220720149098,0.14031597814970656,0.0373416090665424,0.00486849934437438,0.14754205444049695,0.20674027658796518,0.04122263957479651,0.0979518156768708,2,False
23,0.04544229642367784,0.048367285228828306,0.22127775241231276,0.10543402548874406,0.048834810561017974,0.005448985502224837,0.151259586199052,0.2286897305345387,0.06925509825480293,0.07599042939480062,1,False
24,0.07926987757359616,0.05223938472468428,0.2047308642693227,0.11111532218640362,0.05104511995652442,0.007300856864433208,0.15909765809223295,0.19607908581012212,0.043266971235053714,0.09585485928762683,2,False
25,0.08577050215884549,0.039735936415088755,0.18747000479485237,0.11485394709011232,0.03250810908719066,0.009071595422208596,0.1675886710605662,0.2033089620059826,0.06031026814095471,0.09938200382419828,2,False
26,0.06750603130810312,0.037414477438063955,0.21184174529950694,0.10708371358330823,0.057197139788313714,0.0,0.15688389719572052,0.2260900838503172,0.0660602715577311,0.06992263997893511,1,False
27,0.06858896713433575,0.052172637397621256,0.22323628175622037,0.10420711411458891,0.04133631291402467,0.0,0.13689975035505325,0.2540382344457774,0.04794042953680065,0.07158027234557778,1,False
28,0.09800418711030874,0.04226062230462517,0.20578679135968808,0.12116095003749108,0.024014953250311548,0.0,0.1642565451612363,0.22801167443784523,0.03802038058586774,0.07848389575262602,2,False
29,0.06783072801223516,0.05781494034987399,0.21728979345259894,0.10866580554842038,0.03621612793004963,0.0,0.14193828379724607,0.22844362615186595,0.0657296026268438,0.07607109213086609,1,False
30,0.07729850836093233,0.052817136777606015,0.18243010251793737,0.12064540291556804,0.04650569072673153,0.007824800530795796,0.15701898694147834,0.21999187741314793,0.050105574869854334,0.08536191894594847,0,False
31,0.07440373971563277,0.020428039575430913,0.2002217342717915,0.13120699382039136,0.04731080201884763,0.011997483575691836,0.16091181321372588,0.23452004117378225,0.04759328494347738,0.07140606769122837,6,False
32,0.061603827251793516,0.05035159696239851,0.20112821866183914,0.11391466751472774,0.045895967998728714,0.011932491309401584,0.1511688805429108,0.24083860573025662,0.049817930501529654,0.07334781352641381,0,False
33,0.07240684218999194,0.044926981087526595,0.20336581157695394,0.12361680162642043,0.04990742271877224,0.0,0.13380146275687582,0.21418786120861827,0.06632086884104756,0.09146594799379325,3,False
34,0.0803105449583325,0.05017719144337963,0.19669178521125424,0.1114994881597521,0.03357213806003228,0.023487738298227992,0.14607846492634735,0.23389431574504638,0.054096694708828594,0.07019163848879893,6,False
35,0.049200520859854005,0.06599146781224362,0.20643407936413383,0.13205415431993453,0.0318343029697065,0.007508347597920167,0.1290697973539795,0.2242531472205361,0.0789830842871283,0.07467109821456354,4,False
36,0.05800905080950571,0.058226118144675466,0.22479791526969317,0.10119050295225264,0.04602278988021474,0.009900423508737963,0.12985022044353633,0.2158381904007336,0.07265082449824416,0.08351396409240623,5,False
37,0.08316831679092523,0.039734835995823,0.19240995528161906,0.11203156459195762,0.05606146459354175,0.0017279945211127606,0.1587496024357559,0.22868040251073923,0.04142798464702316,0.08600787863150215,0,False
38,0.08751173318899216,0.04399784594537834,0.1886097373325798,0.1146220222383656,0.05846896591273129,0.0,0.16818761322700077,0.2269431713303074,0.04365956228997579,0.06799934853466874,0,False
39,0.07522105491943262,0.037310541903604055,0.22900408153906743,0.10740239682458366,0.037362506608139966,0.016180677587932395,0.14009049228004386,0.2324729778645233,0.060521759906465404,0.06443351056620726,3,False
40,0.08555714432706563,0.039954892126604975,0.18868857877174786,0.12100587859602087,0.052935416180950386,0.0,0.16797135690853232,0.20480330912250405,0.037472450023632184,0.10161097394294176,2,False
41,0.07957504585511214,0.07024043500372418,0.17606729229350795,0.09419465969762203,0.06613458311198102,0.000804967947779467,0.15467599519499348,0.21071064488435695,0.06159679019154544,0.08599958581937732,0,False
42,0.08970428535492543,0.03815428645467789,0.19443345444822574,0.13031226390721518,0.06300123486983908,0.004951341340140793,0.11826729205088965,0.22127341630214367,0.06690620142435662,0.07299622384758599,4,False
43,0.03744092480612786,0.060041330942170824,0.21613396994860093,0.10569189494233461,0.04519711270883672,0.013521556752408825,0.15062698516999806,0.20928259335881721,0.0751518924763494,0.08691173889435544,1,False
44,0.06972970903028833,0.039659858345693806,0.20310382502338423,0.11659803664904675,0.06292731559051565,0.0,0.16216645093539597,0.22691032050893772,0.04060433674981352,0.07830014716692403,0,False
45,0.0676334961384194,0.062127344347407736,0.2135413896363746,0.11465583536421511,0.06473261328723938,0.0012883908767923134,0.14314466929616174,0.2181654372605507,0.048218392502104586,0.06649243129073461,3,False
46,0.06557883563095408,0.05166759193152893,0.21244326461024907,0.10163064565504638,0.043039701722147744,0.0025515086388063313,0.1592506765169169,0.21382018769266153,0.07090397033075611,0.07911361727093283,1,False
47,0.06534534544467137,0.05508189471918507,0.20966146172409553,0.0974954116953386,0.04198907718024662,0.0014670456376588007,0.1549471411754469,0.21447076964168924,0.058636654362585285,0.10090519841908249,1,False
48,0.07049239550959463,0.05731366610407869,0.18390887932090186,0.10883349268543768,0.04011120563769976,0.03732229470933521,0.12961297240254158,0.20700094460241,0.09205331573816464,0.07335083328983591,4,True
49,0.053844360022596786,0.05208844546586586,0.2176299492003075,0.11918728335728838,0.05080115868482246,0.023094238052382348,0.13916462115474829,0.20129050903172166,0.0674118960430989,0.07548753898716788,4,False
50,0.05550762479506344,0.06368335586071269,0.2084627397123874,0.11545559379644267,0.06197179426079237,0.0,0.14453334569072865,0.20187556812232837,0.0768391038133249,0.07167087394821939,3,False
51,0.0763183576411603,0.044129815707074235,0.217680401107148,0.08142219116778628,0.05905241013682802,0.02649875463559036,0.15901648773963156,0.2086605002927845,0.03967191017023628,0.08754917140176054,0,False
52,0.0396657805507643,0.03781065158349803,0.23032064898944848,0.11795445144509221,0.03819822232371806,0.005860264639990703,0.153845863197739,0.23156163726408682,0.06023653887895043,0.08454594112671204,7,False
53,0.05610273049645706,0.04711034054601382,0.21702795483384843,0.10913332567331963,0.055125758173539284,0.003977827723179748,0.1625200849694264,0.2187506929393845,0.06329660134970215,0.06695468329512884,3,False
54,0.06146904887859155,0.05074155722694653,0.20960712138039378,0.14074206876218054,0.06345891356137456,0.007930123491798021,0.11574271421558102,0.2031598973695252,0.08715490250031883,0.05999365261329,4,False
55,0.06547670402929123,0.047344062681128674,0.21601549925239827,0.09420444585830777,0.05979134768093033,0.015707897995701436,0.13173992894616543,0.22794110316681893,0.07602908287274586,0.0657499275165121,4,False
56,0.0641580121184136,0.05912758204326837,0.2111185196590227,0.10698077711563404,0.054144005883962225,0.01420249051142992,0.1270511240489996,0.22301133702396345,0.06521726959295876,0.07498888200234745,4,False
57,0.05072196985368977,0.06762204195405282,0.20871878135157032,0.11238987194918372,0.04463084892710542,0.0,0.151758304144599,0.21664524134081461,0.06111468006313151,0.08639826041585283,1,False
58,0.06740087707230773,0.025201565921652038,0.2098529638807874,0.11688987721783013,0.05126967896589215,0.015128808329042835,0.14830110778787442,0.20905185076366845,0.08385374894898538,0.07304952111195936,4,False
59,0.09528549662552493,0.04007860593832382,0.19010930690241656,0.09805775581401874,0.06098552881988126,0.010177044539347192,0.13949317176528514,0.2093846342050132,0.0645024342209306,0.09192602116925867,0,False
60,0.085287227617491,0.045451485647861445,0.20406389505236766,0.09810737293180632,0.06367788661135415,0.0,0.1445441386746263,0.21863515513842652,0.06051030196115748,0.07972253636490914,0,False
61,0.07323376600581923,0.06298959278604976,0.2033118155198601,0.11748027648230236,0.051211851309416974,0.00701864600079889,0.13118901872414812,0.19679441733598338,0.07570985401584227,0.08106076181977889,5,False
62,0.0735489243251319,0.05374511075683422,0.20492804588520278,0.08695448877503027,0.046633384898371565,0.02194690365296199,0.14567354666922006,0.2277460881700655,0.07986118174633552,0.05896232512084615,4,False
63,0.0652109475375894,0.05901548681409974,0.19382628329418536,0.10678150638829181,0.06590871398236747,0.0,0.14773958939081047,0.21383560774560137,0.08278594300744847,0.06489592183960591,4,False
64,0.059298109806027045,0.07310496000180529,0.204217989124002,0.11598960845590621,0.046294769992660335,0.006640197745867278,0.13798174388924922,0.18674824614309607,0.09506088468897449,0.07466349015241198,4,False
65,0.1048125782264497,0.049883823462625425,0.1693045917835777,0.12894574464361186,0.04171750659526433,0.009289658417171411,0.15525054931217008,0.1964480295833162,0.0604783293117843,0.08386918866402909,2,False
66,0.05934790876136841,0.04693470303698937,0.22675976010785057,0.11475505687357189,0.03717348011429053,0.01270610322050331,0.15691223474774169,0.21750218284972064,0.06368251609768555,0.06422605419027802,4,False
67,0.0668295684214194,0.0590903124003775,0.20172665419964203,0.13060503445818242,0.05640074547239777,0.01462680443726619,0.11816788684700376,0.213528615573055,0.07332698282421703,0.06569739536643898,4,False
68,0.04437221763868709,0.043913253316673034,0.19876970210156683,0.11009988963037028,0.06226827456313623,0.030392209482281694,0.1214008163123194,0.23600328220386146,0.09661045213057264,0.05616990262053132,4,False
69,0.06753157040653551,0.04740062280459014,0.20251526517683627,0.10346809876846988,0.05144800900951136,0.010651804557669158,0.1313183007107027,0.21077268319922182,0.10036682567312002,0.07452681969334315,4,False
70,0.07856304793417256,0.049399656490218984,0.17671933610797302,0.10887179173057251,0.05665612036626708,0.0063797745820826255,0.16430638794394065,0.21604337452977962,0.05485872881390835,0.08820178150108451,2,False
71,0.06840848166491709,0.0332674141743459,0.18339842224471475,0.12318544416563215,0.03867423445181505,0.019792794167955104,0.1523048134135402,0.21379768535882077,0.08331175331759301,0.08385895704066583,4,False
72,0.06474780982443086,0.04159107306190171,0.2067378741192422,0.1148997796420072,0.05641237387901906,0.01122600420634795,0.1305900638285375,0.2155119078898219,0.08882350509312087,0.06945960845557075,4,False
73,0.06448411583792969,0.043250238815306236,0.20759299855144614,0.11498741548863325,0.05328464369416685,0.005508270293622077,0.14767605353155777,0.22305333860286022,0.0567946711226011,0.08336825406187656,0,False
74,0.06001851071718357,0.04944458924399734,0.20929546948964348,0.11357580001697608,0.06526858548554768,0.028603117542060318,0.12343921864211559,0.20864532030976174,0.07604218961938995,0.06566719893332428,4,False
75,0.09505600395371806,0.04469859064832506,0.1972265127550198,0.09614943288291465,0.04116528409502655,0.006431479905509062,0.16665281217914954,0.24351906881054242,0.020762534633828912,0.08833828013596606,0,False
76,0.06120570008044021,0.05730933663972331,0.2081431981021831,0.09435587922608941,0.046874122810483365,0.013834202665690604,0.1506669176866703,0.20969082945786507,0.09440403330914592,0.06351578002170878,4,False
77,0.061639102799266376,0.049596856545042395,0.18734999088068255,0.12907545202828746,0.05234570861414426,0.009141946015545013,0.13225790333316118,0.2214362196239914,0.08422342244259702,0.07293339771728233,4,False
78,0.06275825778791849,0.04517297203101441,0.19309457272225689,0.10487226787856585,0.050743524676816205,0.023939870632987383,0.13580939957282198,0.217600388909344,0.08522311275119518,0.08078563303707952,4,False
79,0.047761864770801334,0.055755838399651536,0.1946485411001891,0.12436972321187685,0.041988671315713925,0.020322284539275093,0.16266095180498366,0.208850968998437,0.08026955630602073,0.06337159955305081,4,False
80,0.07156663920686761,0.04277784274205832,0.22412657459220306,0.11463627355012193,0.041447435475956626,0.0023865319472580193,0.1410005588059942,0.21519045769493786,0.0720630049710029,0.0748046810135994,3,False
81,0.0869213900475411,0.05324644260207357,0.18971040361932068,0.11339033115058325,0.05270787266386043,0.0003476726141532532,0.16980179251849883,0.21990317231751072,0.04609212452027157,0.0678787979461867,0,False
82,0.06315072446374821,0.04547538797467309,0.22022686974252484,0.10899412588904762,0.055513737501179675,0.022587375095223832,0.1326512905515547,0.2092667601685517,0.0865468397888296,0.055586888824666704,4,False
83,0.06141871694387818,0.05939311307496504,0.18543962021123353,0.11309601907282771,0.05664330322100761,0.019290389642325052,0.1274582909257573,0.2131715371452863,0.09095683183121635,0.0731321779315031,4,False
84,0.05468201658289739,0.048416133987774536,0.20322270001732756,0.11326425128394171,0.06801651805255352,0.018994804895716654,0.13630176215762502,0.2138209462719618,0.08154840460092401,0.061732462149277925,4,False
85,0.07689304647902394,0.06721670195779568,0.20405845528466343,0.115551929702778,0.04461467607890631,0.02505727301410318,0.1362856164578931,0.19711355799228236,0.08337031121547003,0.04983843181708397,4,False
86,0.06905087893006678,0.04617193624634093,0.2076054360311024,0.11339920870904353,0.04271989934987631,0.015569966844485408,0.1302365921143463,0.21746379499777077,0.09327569379929782,0.06450659297766992,4,False
87,0.07673897904749827,0.04467704050766267,0.21195004055189723,0.11397247137646334,0.06430572633184164,0.012485298654691678,0.12691168018086252,0.19638913728202675,0.0864592036069048,0.06611042246015114,4,False
88,0.07181017089611888,0.03825986659706369,0.18908793838634483,0.1433811360394354,0.03938467137103575,0.0,0.15717186501666677,0.22225664939307474,0.046952323937128435,0.09169537836313142,2,False
89,0.0685235494642153,0.06551511699924777,0.2136997547357847,0.11808025051957617,0.04684665727356405,0.026671644490649744,0.14865626073895358,0.19209413723792798,0.06107222308423329,0.058840405455847365,4,False
90,0.06285819905130148,0.04971115269903852,0.21350249997230653,0.10523494422175166,0.06238370054478911,0.01745275441172641,0.12656457610799232,0.2196240478083021,0.08075801587808036,0.06191010930471148,4,False
91,0.09930878072112807,0.045625406062435446,0.21571862024344726,0.10423091269897712,0.05037610129293954,0.00815705950235581,0.13232242777189993,0.21102949629438825,0.06406339430999534,0.06916780110243331,4,False
92,0.07477082686418925,0.042930551834319326,0.19064191207782877,0.11596139034887967,0.04720113985363812,0.020494313868687483,0.15230955099924806,0.20723516017036206,0.0746390328844837,0.07381612109836355,4,False
93,0.061324786489695825,0.0412585207196398,0.19900588231707347,0.1344501909368031,0.07101071182956563,0.010519966420397459,0.13643514024509956,0.2028613443419175,0.08170154019354715,0.0614319165062606,4,False
94,0.07596027071900713,0.05498256860922687,0.20864233468605894,0.10595911595328761,0.014981084745754387,0.02620899348886476,0.13938486447630685,0.21471129226463168,0.08553951073418345,0.07362996432267824,4,False
95,0.06656130555557276,0.045752587987025854,0.19786885787456032,0.10070348580470999,0.06356584556328893,0.033420276848958576,0.13116965243609768,0.2100358115250138,0.07463629131013563,0.07628588509463637,4,False
96,0.06979656572619612,0.05018163375177235,0.20093024441177587,0.10978546180505284,0.05947829043614803,0.008649794708328865,0.1358405886041927,0.20469407145665508,0.08499331686952594,0.07565003223035219,4,False
97,0.06617252958029272,0.03503070185251753,0.22058825006990634,0.12523776895376607,0.04579794349760258,0.029208553071162633,0.13450844565650869,0.21177776930302808,0.08445538891558402,0.047222649099631406,4,False
98,0.0753762794678925,0.040417815831481026,0.21365262984571842,0.12868755739297055,0.065612095463173,0.0040882214255825765,0.1457433914919963,0.22059002491049506,0.054216715603940493,0.051615268566750055,4,False
99,0.07099760819652826,0.049352011076441764,0.19812541145367094,0.12265186574245504,0.05417635885375653,0.014587718474556765,0.12979333455478517,0.19627085834303007,0.08985631282387044,0.07418852048090496,4,False
100,0.05476398682160249,0.06639328502221632,0.2023733095398217,0.12791741129725787,0.0503250136329694,0.015546459391591199,0.1383559947470055,0.20829947296813645,0.06680006394647622,0.06922500263292276,4,False
101,0.08222261170754018,0.06193553024818903,0.17469283390555346,0.11092767737297349,0.030018820308388313,0.04128999613713351,0.12595650032247455,0.2088121286877445,0.10290842300301042,0.06123547830699249,48,False
102,0.07005193895273959,0.04629885190676055,0.19468285161152787,0.11244538633073095,0.062804043002851,0.017219889425682856,0.11928930386463521,0.20443787042984282,0.10441631028916064,0.06835355418606849,4,False
103,0.06554242556311264,0.030819736829001795,0.21984683536237248,0.1254414385604686,0.03985700537788639,0.02969319693454858,0.14584585463814276,0.2256327224321472,0.08218636504524575,0.035134419257073765,4,False
104,0.06935960673542392,0.04577828109663583,0.21240372307848926,0.1058147861601375,0.04295730496877182,0.01410185382549459,0.14836296981135566,0.2251412823059024,0.07812774429949897,0.05795244771829012,4,False
105,0.05221181435415841,0.030856326661982816,0.21716007658982672,0.10832470937481352,0.048536299342544054,0.014452691323417925,0.1371487052911376,0.22981305773325042,0.08561350713469906,0.07588281219416952,4,False
106,0.07871120479769489,0.052083882742001215,0.19145129772992509,0.12065602212719202,0.040348178104831454,0.031209373815989993,0.13798404610979692,0.2015430366542843,0.07021119046456706,0.07580176745371703,4,False
107,0.05663438806595497,0.056600096355219925,0.2098021261105153,0.12783419221854705,0.046993438251674936,0.016075335023351418,0.1290517214208539,0.2151983508394609,0.08234715125528037,0.05946320045914122,4,False
108,0.0664747339026538,0.02006889200439881,0.2143890043307188,0.11953878846505832,0.06658571116945822,0.024183509130388404,0.13874144303366626,0.21918809944679585,0.06664125455285327,0.06418856396400825,4,False
109,0.05238292187030663,0.04879095894739383,0.21476983285156395,0.12137146944220606,0.04733279265473178,0.01956943238256382,0.13675388310095793,0.20925102946638696,0.08300224110583546,0.06677543817805366,4,False
110,0.06469433189189513,0.04870310436192934,0.21259740372328606,0.12619442087284358,0.052226034168565395,0.01213845864259846,0.1177479218186511,0.23093073025690003,0.08131903119933324,0.053448563063997596,4,False
111,0.04883886773622157,0.04295117593004548,0.20909976686837115,0.11001015306540086,0.04763097920818781,0.010995631601197866,0.14221645756656529,0.2221893539997857,0.07290772756050418,0.09315988646372021,4,False
112,0.06173282853825073,0.049032940680787306,0.17234982673817614,0.10032990309682725,0.054112516231276435,0.024645526528051256,0.14247454169295765,0.20503356003048415,0.1040394168561808,0.08624893960700808,4,False
113,0.07119664469779144,0.049103976846365846,0.20708449979209798,0.1255735318363867,0.0442153308843705,0.017147296034741882,0.135039800402245,0.19708473825812842,0.08219408865873333,0.07136009258913899,4,False
114,0.06007435003030892,0.04927668154905499,0.17366707254163788,0.12167470764194306,0.052965418867805376,0.060222945082265986,0.13852808749434936,0.2114650344250121,0.07451468738142646,0.057611014986195766,48,True
115,0.06006539902867269,0.05938687541328484,0.17966267750318923,0.10550602049551974,0.030412176952422893,0.03601138497024013,0.14202845991208393,0.2094705963596606,0.1043444613679721,0.07311194799695377,48,False
116,0.07011519978996651,0.04252291786935057,0.19964750122083053,0.1162344445210787,0.05972927839524274,0.015827742455521366,0.1163616255652904,0.2144857630085906,0.09397351403587444,0.07110201313825425,4,False
117,0.06207315282463969,0.04214295250864672,0.193015383714358,0.11783853244719601,0.05504481349827769,0.020348541476421077,0.14001971976098698,0.2130535055883012,0.07475505117835722,0.08170834700281548,4,False
118,0.05940703396801996,0.05964115657564586,0.183907934872519,0.11847162417943234,0.03312567031085232,0.047716842190140406,0.12751695569932975,0.21045431837090595,0.08976385380135468,0.06999461003179963,48,False
119,0.08457558822931,0.051259630809723955,0.1784500327845373,0.13659879264776797,0.038706703633952365,0.03902941454566169,0.13140920646961549,0.20509311609953682,0.07474926126555266,0.06012825351434154,48,False
120,0.08213593900546697,0.0654897681135903,0.17209978260375877,0.1309601408760357,0.03378572935016683,0.036262493618550704,0.11147540675018286,0.1984976577111529,0.09670948159746402,0.07258360037363097,48,False
121,0.07250919553108594,0.04725841875747369,0.1780486944861245,0.11159364247807568,0.06655628083444329,0.029321952370057712,0.11306072943305387,0.20948140008528263,0.10202198507681332,0.07014770094758943,48,False
122,0.06638622901574193,0.05765678348375584,0.1766419505782571,0.12844262350183086,0.03831154252346035,0.03245342599471564,0.134755239222641,0.19422126010422955,0.08939859202522425,0.08173235355014344,48,False
123,0.06865801370571092,0.06527707279406036,0.1862856327601302,0.10578498331356594,0.04587269449597513,0.0383264322267834,0.13001430542236758,0.19925668468739047,0.0904553870729676,0.0700687935210483,48,False
124,0.059910855128882785,0.04095829111497061,0.18751087357252186,0.10612631856394937,0.061904420975557796,0.036842512942515955,0.1383963363105356,0.21337367500868143,0.08376151637078491,0.07121520001159969,48,False
125,0.0788244443148514,0.04473103349320448,0.18725391422795504,0.1165998078271742,0.053736100362806835,0.01906064997782988,0.1533276244538484,0.20923518210720185,0.06968357396965756,0.06754766926547028,4,False
126,0.061662301644813025,0.07205160680775098,0.19368133894927658,0.11382145370919332,0.03403822239915299,0.042358272302555074,0.12839232502738093,0.20811432389202705,0.08194176972716442,0.06393838554068562,48,False
127,0.06912864327973581,0.06046312326878901,0.22387826829228505,0.10108714751016469,0.042648102230045254,0.021098483141373716,0.1438006035009303,0.20614325070321843,0.07183819283570558,0.05991418523775215,4,False
128,0.07474885757898488,0.0687521094309513,0.18296921211949368,0.09969057849506074,0.031833145516815535,0.04498763869928019,0.137447060912775,0.2051226047201997,0.09170008696179234,0.06274870556464669,48,False
129,0.06333710993464832,0.05591409848363353,0.19762154992145273,0.1115189583835167,0.025933460293875683,0.04821894561477662,0.12472070724542471,0.2099652784314491,0.07960874000555228,0.08316115168567029,48,False
130,0.0839122779921147,0.05373803862556705,0.19888369211137816,0.10841662505719159,0.03207661147586868,0.0309004967152923,0.13441355385608883,0.22209151228553647,0.061441438476682445,0.07412575340427979,48,False
131,0.08233069231783711,0.05196113014742864,0.18902515721846178,0.09908317847783447,0.04232141870206177,0.03027521607030967,0.13396628226846927,0.2107627268900348,0.09279810407864977,0.0674760938289127,48,False
132,0.06079355112795265,0.05553611316503498,0.18886781312654566,0.11014940820253796,0.05542747202707776,0.031034820634724607,0.1176255340756005,0.21704337379673683,0.08940149436781453,0.07412041947597459,48,False
133,0.08692029214143465,0.057652898123603344,0.17570139769304852,0.09363731398728053,0.03693852833725928,0.05269772760765514,0.13539474879397037,0.21982771363463863,0.07650752061194246,0.06472185906916698,48,False
134,0.06673869605750057,0.04599129510104575,0.19248228540320664,0.09570034375213234,0.044331946710052056,0.029470373208431176,0.12654239499773373,0.24510199221497106,0.09187572471125412,0.06176494784367262,48,False
135,0.06304789898085052,0.060219094361941575,0.19875131141541721,0.11665688830929304,0.05354765010974639,0.020453841039084708,0.1093811376422877,0.2181170918410676,0.10030097341186853,0.059524112888442886,48,False
136,0.0891149189324423,0.06584326225421723,0.17795678505390142,0.10914822318723279,0.04613502056029691,0.03903933064102156,0.12556623273694215,0.2062526887842964,0.07945445934346561,0.061489078506183584,48,False
137,0.06086983419209911,0.052643436044867674,0.1746999453214094,0.11122963961637422,0.04962557079877742,0.04184167583965196,0.13472359845581255,0.20325218624597083,0.1003615642840173,0.07075254920101949,48,False
138,0.06425685156527841,0.047936122700118385,0.2037992452578011,0.1103925844265778,0.047788540802112096,0.02767640856534069,0.13472529780053777,0.19607064380337466,0.10080349105572056,0.06655081402313848,48,False
139,0.07492737198292665,0.052239536437313834,0.1844669110046899,0.10510498664853085,0.04234710931610102,0.03809585889612836,0.11570008933406781,0.20899096765044267,0.09983981836666868,0.07828735036313018,48,False
140,0.05866297058971902,0.061645488317365674,0.17381413930745024,0.1048630000622654,0.04358381366920053,0.030344554665976294,0.1298298164627145,0.2033937812839175,0.09699964258340561,0.09686279305798533,48,False
141,0.05178276752144658,0.06032362679965509,0.16982763592405228,0.11556749531950346,0.037947205613584875,0.0490823207646947,0.1280166355994157,0.20607513906795236,0.09516635222329128,0.08621082116640374,48,False
142,0.07100100304669187,0.04576456873585911,0.17831819176398384,0.10660472289616507,0.056472937145933856,0.052118602553966394,0.12183320927394967,0.20735374462178377,0.09577006322327977,0.06476295673838678,48,False
143,0.05841450416859098,0.058862149260739245,0.1736352334597833,0.10289887155395648,0.058475497443483335,0.05358022343976927,0.12812136619447137,0.21144149318024721,0.08989430624595211,0.06467635505300659,48,True
144,0.0751755240183608,0.053755465639114784,0.19407366283915975,0.11104745406398515,0.022423877906982703,0.04726526613393639,0.13481226393187162,0.2085571762689973,0.07713837770695954,0.07575093149063201,48,False
145,0.05599607400832536,0.06607262205859006,0.17649709601016114,0.11133594919955023,0.03832227835368384,0.04480320954538786,0.12534289978485344,0.1951695373778634,0.10127725861062259,0.08518307505096212,48,False
146,0.07779755364529851,0.0685154690373197,0.18187382175763717,0.10653288467970619,0.04466245116593823,0.039641859086262686,0.11969205118183104,0.1958168863905168,0.08638666231243936,0.07908036074305036,48,False
147,0.062936830585011,0.06991325845205419,0.18426507650387186,0.0909264900538276,0.034959979754974224,0.03296546587122871,0.12054177362467115,0.20165944828854182,0.10816101804408489,0.09367065882173455,48,False
148,0.08346752977810903,0.049529083554666474,0.17858731519581536,0.10258315435809472,0.04170215144551166,0.031631298881963914,0.1286125323687708,0.20387316208107098,0.10119131035482655,0.07882246198117067,48,False
149,0.07666700988732668,0.06183838527648483,0.19445835297874822,0.10693028887346996,0.026951408139157123,0.03997594919021367,0.11784938500596988,0.197131791402372,0.09233949442955756,0.08585793481670011,48,False
150,0.07378053327422175,0.05320498608769243,0.19286899739915997,0.12038855798924028,0.03789634006446298,0.031998362057713156,0.11255889395514221,0.19899020744038337,0.10394439805974594,0.07436872367223786,48,False
151,0.0691098147589734,0.050576154159736396,0.18804745666277234,0.11161966367293998,0.031881966714741,0.03876667585741307,0.1272564906967262,0.2023698859555005,0.08903212818670671,0.09133976333449043,48,False
152,0.07733976918347715,0.06459174071839405,0.19505574432449171,0.12466103630284953,0.03466162050247808,0.03745651917177858,0.11328475006696336,0.18413559689847034,0.10168244551215387,0.06713077731894318,48,False
153,0.06926188731374311,0.05640712170486053,0.17022299676796934,0.11801749553824067,0.05528371697546336,0.0331640720684743,0.13605104926561631,0.19998826007571416,0.10072506725846211,0.060878333031456136,48,False
154,0.07843537213395252,0.03203982546421913,0.22293582720119495,0.11301473469311897,0.04647145064735909,0.018615601877294736,0.13681199067237826,0.20903112191356868,0.07246850549437849,0.07017556990253508,4,False
155,0.06847779955238974,0.03119995010963781,0.17467055847648985,0.10797149995704813,0.059348188481778606,0.05042746910079349,0.13410834560530616,0.2047128952018823,0.09882658539856803,0.07025670811610576,48,False
156,0.07689177912574936,0.04438943512453567,0.1885108391887949,0.11289149191427772,0.05773752124447562,0.029718996168870294,0.13302082666190962,0.20212671154240328,0.07750163954413444,0.07721075948484907,48,False
157,0.058552127984306396,0.05793963671744475,0.19564535207752645,0.11238116335368264,0.037030851452756364,0.026427577622274333,0.14062686976413388,0.21542730192527465,0.08263653367623477,0.07333258542636581,48,False
158,0.05117668164164271,0.05779264161862342,0.18715691716352173,0.11978883965022952,0.0159762393557468,0.04455673950879472,0.13166396808760583,0.2172560306188906,0.0878282286844165,0.08680371367052821,48,False
159,0.06666225951957647,0.08147911958951304,0.16415812823445566,0.10222027439015387,0.033779655876853075,0.03794857316340651,0.136777842029576,0.2016302730972847,0.09858574016775333,0.07675813393142726,48,False
160,0.07666708695021622,0.07104120434851696,0.16316417733856342,0.11606098225781031,0.051889301540673664,0.03732597261820749,0.11814164220342106,0.19950148619913907,0.07458007146454984,0.091628075078902,48,False
161,0.0618620650193129,0.04347372197811504,0.19580830393028353,0.11868906981444052,0.03389648592505566,0.036486260179484885,0.13575818221100203,0.22124558533199273,0.088330230070395,0.06445009553991776,48,False
162,0.06819887578575344,0.045796692753549466,0.19641842512706106,0.10397278450161561,0.027340180457006993,0.03711711245020756,0.14722280563842405,0.19604571536125612,0.09300590352286554,0.08488150440226015,48,False
163,0.07573002318268249,0.05709197041641768,0.1983793563770568,0.11370431045095446,0.029084037335579332,0.024753869538823903,0.14546729405427072,0.19618734221157147,0.09523679149956263,0.06436500493308069,48,False
164,0.07035260877825428,0.07309726242737834,0.20000952929946483,0.10179628918341777,0.02534540841766247,0.03790241228238361,0.12355765815537832,0.20664516242243625,0.08493458397243721,0.07635908506118702,48,False
165,0.07290664337331025,0.05384250651359079,0.16878654775297647,0.09786116232046917,0.04157982957565796,0.05689903658900893,0.1335295899285167,0.21247150100719636,0.08447396084085006,0.07764922209842329,48,False
166,0.0619779360110653,0.04482012658183587,0.19750833893090133,0.11400336586349709,0.027419444124608974,0.0403516898034351,0.12732863223206012,0.21729317855137448,0.07572816297925718,0.09356912492196456,48,False
167,0.0522406525948335,0.07697485710945093,0.19826207731282752,0.09899816656455068,0.040104960973638214,0.0422352203699057,0.13312619471219897,0.20686041411449163,0.09051672587751027,0.06068073037059256,48,False
168,0.07574971583831228,0.07839468784945752,0.1734910196616863,0.11789124145606647,0.03038705197620492,0.02577965464047206,0.1257752744468884,0.19521100761011576,0.10043193535607621,0.07688841116472013,48,False
169,0.08052417438035266,0.05024024910840233,0.18961034777430744,0.10070711770540856,0.047013403942372405,0.03924246839354264,0.11872593810895285,0.22176599531944355,0.08362331256921844,0.06854699269799919,48,False
170,0.0671325058173198,0.06234285254580584,0.1903512248918331,0.09690338013497454,0.04250842350418674,0.04637605904393575,0.1408290273601856,0.19476066373404505,0.08156170565292144,0.07723415731479223,48,False
171,0.06184647938547766,0.047886418912072785,0.18011684741561879,0.10580894939290514,0.05056600922690523,0.052639367319691044,0.1272588812560974,0.20848421233732714,0.09556916676724686,0.0698236679866581,48,False
172,0.08381008522021093,0.06017158265587207,0.18808636585633318,0.09390995178387614,0.042749500545276715,0.04550545521261749,0.12340956191491612,0.1893608539702436,0.08309354339055962,0.0899030994500941,48,False
173,0.06670927695873201,0.05111297646815805,0.1858843060211403,0.11334044515292321,0.036733493289397796,0.04648452785310324,0.14415443426746913,0.18515792957278657,0.09774773564013446,0.07267487477615515,48,False
174,0.06471983610566397,0.061195799616176244,0.17354543724820964,0.1250466588291143,0.05056573968664093,0.06344871849904607,0.14168342315966218,0.20230879847724811,0.08515182615506793,0.032333762223170706,114,True
175,0.07443483415194674,0.05360082628342861,0.1906083483019568,0.10713701648793585,0.041524772070346196,0.04368329800970255,0.1356118892193813,0.19429897634746704,0.09384003354650385,0.0652600055813311,48,False
176,0.058647947192074654,0.06685648317502138,0.18674278629985777,0.09937772631497645,0.03808464568818426,0.03327436032265346,0.14134381496044301,0.205894867398092,0.09804700657615296,0.07173036207254418,48,False
177,0.047247552941901735,0.05407774691463803,0.17164044935703388,0.11654680994205768,0.05120270167561775,0.07595763708889908,0.1470398129862625,0.20755761676607626,0.0745287640260086,0.05420090830150438,114,True
178,0.06642485098384646,0.055630832601622444,0.17470962277697638,0.10617318149853908,0.04941275940739369,0.04292749426668397,0.13517124192829547,0.20507537839120202,0.09021796474081613,0.07425667340462433,48,False
179,0.05532156097444311,0.060667057573981165,0.16592922977717284,0.11484177668253634,0.05154168751122477,0.0488244383757821,0.13180271861299026,0.24304031313678817,0.06762732287522197,0.06040389447985928,114,False
180,0.07181082445180521,0.05371720249851524,0.17794962086810048,0.10697434903082458,0.054484269278127224,0.02283982790190855,0.11311290832713256,0.20531004165264122,0.11724442408908096,0.07655653190186394,48,False
181,0.06953666691460841,0.04519328277484929,0.19381910185455625,0.11139091650222539,0.024877163590790723,0.03301287354296915,0.148224615545753,0.20354046942042406,0.09322842249989557,0.07717648735392814,48,False
182,0.06748736010735289,0.04367273256297375,0.18489635187605816,0.10181597258239647,0.044384334267709595,0.03598211623160848,0.13371159396176144,0.2148020824179521,0.10456760318276498,0.06867985280942206,48,False
183,0.08691369772748739,0.05224211585229205,0.1766699584914051,0.11128973170902688,0.03962772108649562,0.028007429894741413,0.12888419604524384,0.21697691159377655,0.08264866700192307,0.07673957059760803,48,False
184,0.06393943959246892,0.05411250037784475,0.17849863533076007,0.12054086494631668,0.050303038694968306,0.05159129228301572,0.13019546848716487,0.20865335271014834,0.08145573678211539,0.06070967079519689,114,False
185,0.07839977111868697,0.05865216003312858,0.17174202375322942,0.1034366618744112,0.04611319738110673,0.037853498317663464,0.1340068148708619,0.19833657547487815,0.10817068193145007,0.0632886152445834,48,False
186,0.07228008292855444,0.0669109267301455,0.17325909712619408,0.09932249292127508,0.037954332405927715,0.03789902024691094,0.1205585211454318,0.20189334014642382,0.0936377611309815,0.0962844252181552,48,False
187,0.07421898233235226,0.06525822192175919,0.18598997264557335,0.11756052869008772,0.03764921127895648,0.0347801676233849,0.12630127951140452,0.20174424322418674,0.08934477505089856,0.06715261772139629,48,False
188,0.05944269825514049,0.05261623780379933,0.1846393905793242,0.12411697870583825,0.06405202234177051,0.07105824420530406,0.12050762335986158,0.22243836490386532,0.06397111015960923,0.0371573296854872,114,True
