ID,strat_res0,strat_res1,strat_res2,strat_res3,strat_res4,strat_res5,strat_res6,strat_res7,strat_res8,strat_res9,ancestor,alive_at_end
0,0.3842291661232831,0.07100215615718752,0.013722903147325457,0.1002137912302983,0.005739074044590027,0.062387697423694245,0.23843360836825458,0.05232512843535721,0.055049080948364075,0.01689739412164547,0,False
1,0.3847550979646734,0.06502268475505232,0.008362922033845139,0.09988362345647478,0.018333637628584778,0.07691777828927697,0.22277994093836442,0.06604003791791332,0.043609053108076334,0.014295223907738625,0,False
2,0.3778989831672358,0.06817793906837487,0.007145671650999347,0.10242965337766821,0.014407432065088287,0.07528430532913545,0.21707924840868278,0.07404146849194493,0.057649714716035805,0.0058855837248344145,1,False
3,0.4176075392950228,0.07396947069894752,0.0,0.11232977348755485,0.003925086620717164,0.06519067376569097,0.2190660829652858,0.044089552605050486,0.05754695275194938,0.006274867809781135,1,False
4,0.38094749960233326,0.05767568184528717,0.016821265055142136,0.09882258016874976,0.005302637968119138,0.056598006782622105,0.23750867706322276,0.06611498524747557,0.05288127529335245,0.02732739097369556,0,False
5,0.3805253249831151,0.06543205991571513,0.006425512014833653,0.1056215033367318,0.019408981877084664,0.08318932437393592,0.21852275277384892,0.05888676822752011,0.04846603305203559,0.0135217394451789,1,False
6,0.3959188881845469,0.061050757188798814,0.008092823451587296,0.10205793900613373,0.02666214414231922,0.07087371014812092,0.21302012675783685,0.06701300664813567,0.053405938336745375,0.0019046661357751415,1,False
7,0.36383897029656814,0.07319325779963111,0.0,0.10739712579618005,0.016093270672517073,0.07493937063379885,0.2315817569432812,0.07288648307575434,0.0565954758017871,0.0034742889804820656,2,False
8,0.35648967134896065,0.07170444293034525,0.020571197077731827,0.10283054814060542,0.03597129194725817,0.07627362822948014,0.21476555962284288,0.06163760191518889,0.053293337849752515,0.006462720937834284,5,False
9,0.3543476517045532,0.0746247286123677,0.006164886634575585,0.11040725654014463,0.008157807010660755,0.07510274746560555,0.20841487321075483,0.07771470919314641,0.06503837962014242,0.020026960008048975,7,False
10,0.3541398385738618,0.07192396931245604,0.013069882163117474,0.11886527884410512,0.033488937268790604,0.06654349207503509,0.20634669116898097,0.08131277339439377,0.03458718711360253,0.019721950085656605,2,False
11,0.37232407946132895,0.07010846068419271,0.011621457246924725,0.08842778461685948,0.0216729032760064,0.07208294767653972,0.1955368949246595,0.07262855575103695,0.07797831001218349,0.01761860635026816,2,False
12,0.37129144466304714,0.0673450616453036,0.011139024665737473,0.11445948181699325,0.014071813896432826,0.07562735689365692,0.20838756086640864,0.08513548874516788,0.04403854963863375,0.008504217168618593,2,False
13,0.3570243052009404,0.07672436740702902,0.006328941914016142,0.10409394331426843,0.00445238923066251,0.08102923632525381,0.23393524167322421,0.052410567967372174,0.052062090634725534,0.031938916332507734,0,False
14,0.36465980403870113,0.07628213840924598,0.01904247218785413,0.09943076999186111,0.001655948870585281,0.05453843925829502,0.2278087890479597,0.08165781962454376,0.05574136832843971,0.019182450242514124,0,False
15,0.3518424938765181,0.06953681285585062,0.004554294308136304,0.09245086884399878,0.011752763076828869,0.07952588735439461,0.2068168293837383,0.08358607127669863,0.06517563854881807,0.0347583404750176,9,False
16,0.39109358746190087,0.09386383457529246,0.017626216651480547,0.1071401835605121,0.006347067749531071,0.07601800759642609,0.20325082333119276,0.03677789683511588,0.0557475520376044,0.012134830200943978,3,False
17,0.4034621718584666,0.06940966340423899,0.018343504240563743,0.09675773554634455,0.0,0.0613248493257332,0.24287635089256296,0.04998891485429195,0.054186365406093624,0.0036504444717043246,0,False
18,0.408261337698946,0.07307487250467967,0.0,0.10810806867415017,0.002555171354131595,0.0912153119845977,0.2123855198150713,0.057590840202261157,0.03268900854167804,0.0141198692244843,5,False
19,0.3771674486584337,0.06520669932827647,0.0,0.10017706618921839,0.015647077645637324,0.06528427993943933,0.23257304260189998,0.07071992206151101,0.06321808522677615,0.010006378348807592,7,False
20,0.3935101567665012,0.06435342903670034,0.0001081576182086339,0.09621255377626899,0.016284946791566213,0.0780496207117319,0.22182814072417015,0.06837322601313857,0.036657047715523326,0.02462272084619068,1,False
21,0.38877296963769964,0.0548752553557845,0.011336528907783744,0.08845534089838532,0.017819483179879782,0.07773075919277275,0.22567686432509254,0.08293188633113192,0.05240091217146989,0.0,2,False
22,0.3753157968620854,0.07543395260487717,0.0,0.10923129884696493,0.020750706859644467,0.07611916088706822,0.2153097442361042,0.06341042626754466,0.06442891343571107,0.0,2,False
23,0.3843549025833639,0.04819167308183683,0.001559740939287015,0.10114183811309663,0.018922864502468703,0.052369042621633825,0.24534616168706402,0.05796622201151025,0.051248466263997816,0.03889908819574107,4,False
24,0.3620063334114071,0.0671317044496182,0.0051395581647586605,0.10861566772723541,0.012424225429115168,0.07261649228482975,0.24115532057160705,0.06275386325624212,0.06680839499958494,0.0013484397056015018,7,False
25,0.4251044574091935,0.06254070900221721,0.010417895124070323,0.10974530215518882,0.0001692652678811955,0.06315604130810824,0.23003600274643976,0.04406004132532294,0.054770285661578016,0.0,3,False
26,0.39890320445178007,0.06871867030920206,0.011101754617008616,0.10487200826315086,0.022106079804076577,0.07282692333017309,0.21716243807831856,0.06789380620813906,0.030967138590844757,0.0054479763473062985,6,False
27,0.3478724437825693,0.06274896483246624,0.02054007139933019,0.11189283393616832,0.03384584346295942,0.07642309370863412,0.20171093063689338,0.08468934629806092,0.03473187584297909,0.02554459609993917,10,False
28,0.3903594696898144,0.07131411617954005,0.0008032058967223412,0.08875258678797263,0.02935784136683592,0.06304384336213667,0.17833092356506974,0.07418966145112248,0.08777397303740414,0.016074378663381517,11,False
29,0.36745415639393275,0.057713039450690146,0.028463852482886118,0.10252950315466237,0.018412442043886246,0.061435493998910726,0.21735142874888042,0.06974142314046917,0.05311725674034798,0.02378140384533383,4,False
30,0.3897730359116648,0.07551992801325999,0.006624358563071604,0.09191066357070525,0.0020195684368998607,0.08537374542376032,0.2253271239148826,0.054657808335270085,0.052562674739480654,0.016231093091004862,4,False
31,0.3838900585492869,0.07164127807827186,0.0,0.10503753603069205,0.0,0.05330471888218887,0.2439993013923195,0.05813652256076535,0.057442603458415495,0.02654798104805979,4,False
32,0.4023478726904389,0.0714104348199146,0.011144318598551285,0.0928258901963824,0.0008326503126036375,0.06108461616886102,0.2629146280399208,0.04319405990936342,0.03666873771200163,0.01757679155196229,0,False
33,0.39427053071356205,0.06894221701893437,0.0003829568358281654,0.09776837590555244,0.02518215125082863,0.07598130150836792,0.22075868168808904,0.04937921140750734,0.04601003583718358,0.021324537834146392,5,False
34,0.36673739330759925,0.06567438789169572,0.0,0.09846257772144465,0.023006732267387628,0.07363116203991422,0.22310467430597852,0.07490731545071593,0.06690661195133539,0.007569145063928579,11,False
35,0.3807547668919671,0.05034833360353345,0.006570708992887309,0.09843173261929111,0.040110211013655396,0.07466260794668507,0.2168133329186521,0.06605016310222009,0.053225996972859714,0.013032145938248581,6,False
36,0.33907432487286476,0.09805002151506408,0.0,0.11582315365954186,0.0032700528883083937,0.045974807050092874,0.22366368518737306,0.07708388138203702,0.06143801984053523,0.03562205360418285,9,False
37,0.3777742252450994,0.07306772328622023,0.0,0.11139091480334523,0.018378073339388054,0.08783257239940621,0.21642750152978782,0.05519207398208915,0.04184784346753184,0.01808907194713203,1,False
38,0.3687678319123478,0.044459036164230095,0.03332918430987983,0.11293934947622077,0.01320192684043153,0.041190674754553874,0.23629554609096792,0.06110182881703427,0.057470354608340116,0.031244267025993883,4,False
39,0.3876052268766887,0.05811920327004891,0.01688352593620176,0.10023159181777253,0.02447185475648252,0.08153221445083632,0.22013485052000759,0.038924361845578834,0.044185517171809095,0.027911653354573813,5,False
40,0.34927390297829847,0.0602579500816534,0.0008452509133355469,0.10217626957207813,0.015924740092624113,0.08236655804647691,0.2226067265646617,0.08951866059751008,0.060071512102977356,0.016958429050384333,2,False
41,0.3879458373260392,0.05239639870107005,0.010771248014337821,0.11312025105078648,0.0,0.06351163259926133,0.23868943618497068,0.07002671473974532,0.053647720835578006,0.00989076054821098,4,False
42,0.36006832252878646,0.06763524900471281,0.013717383316372506,0.09516091422974046,0.02774213309508324,0.07479624445699908,0.17899302595616046,0.06410801808066605,0.08724157176199157,0.03053713756948739,11,False
43,0.3334076510733608,0.07832848985697995,0.006546395559009341,0.09969355480945037,0.013251881147839012,0.08097230914440591,0.1969978643366754,0.08663520151607183,0.07935094708900473,0.02481570546720265,9,False
44,0.36466557874350414,0.05456899741396238,0.015834792541828558,0.10558656791052866,0.0008402547739528184,0.0594459936210469,0.2423133510432744,0.07057240958562204,0.062104083407767637,0.024067970958512486,4,False
45,0.378657406810424,0.06177054139393397,0.031171708286041926,0.09601752092063331,0.03523497624123637,0.07011304349581052,0.22103773749410396,0.05650577006897116,0.046904186573314514,0.0025871087155302087,8,False
46,0.35450717211319627,0.07525601731661005,0.014742136575609629,0.10601469901244759,0.025943259240089674,0.06796094014634269,0.2203831035729225,0.07745985270871045,0.041670248142377846,0.016062571171693366,8,False
47,0.37112884389683704,0.07119302068804277,0.0,0.0973904012636608,0.007205396614465385,0.09260852053304364,0.23320700954906065,0.0455137322473036,0.05359592822171518,0.028157146985870914,5,False
48,0.3722237242727749,0.06339711239253312,0.02625727230382714,0.09368624096031983,0.008467825828526872,0.0612814385635754,0.23759810194063402,0.0607320867704725,0.05465093192752112,0.02170526503981525,4,False
49,0.3454420783463467,0.06429603788884283,0.02328533295239126,0.09234804304171378,0.054613940474471136,0.0859376829100256,0.21908927965706704,0.057183215982796985,0.05780438874634471,0.0,8,False
50,0.3824930056327617,0.06127310599236853,0.0017930096441596737,0.07373723248022192,0.013330980292045781,0.07180302519989303,0.19938011099183175,0.07873260328476554,0.0963106604648468,0.02114626601710526,11,False
51,0.37026302832898444,0.07664986745824638,0.007044473339184925,0.12318287069164952,0.035475723089466636,0.05929362008428485,0.21316915508133805,0.07238697283462513,0.03128491024943432,0.011249378842785632,10,False
52,0.3745820736517079,0.05551432284968501,0.02414995028769108,0.0869905870911494,0.013598835678094924,0.0630826526120347,0.23612857066655943,0.07782739062727125,0.05032403967452187,0.017801576861284297,4,False
53,0.3629055104536183,0.0756124363543552,0.018084663263616248,0.09913733399037507,0.044875538373735764,0.07087126904093836,0.20538097762103505,0.07368175139002031,0.03757455501095296,0.011875964501352693,10,False
54,0.3875705801270744,0.04547923294948871,0.0,0.09515143706203731,0.041859077223648185,0.09329475036495125,0.21763515883786622,0.051587734400908886,0.06742202903402501,0.0,6,False
55,0.39032088783766206,0.0687344139048031,0.0030190337317935758,0.09560951013582536,0.04220266573310207,0.06877246132501325,0.19745917968027596,0.07005144126017843,0.05792609199832867,0.0059043143930174605,6,False
56,0.38301830944441806,0.08126552444909894,0.013090434686040996,0.08382273497555578,0.02855475213113505,0.06439597339807221,0.19928637189776474,0.06689351848060912,0.07508951555531868,0.004582864981986456,11,False
57,0.3517622196354394,0.06440238532868946,0.025920455219638622,0.11306773452269643,0.029681556496268996,0.0727248348696244,0.21792726817650435,0.06294704832222883,0.056303765614711135,0.005262731814198352,8,False
58,0.38443171000036236,0.04509516924757731,0.02106134744515835,0.0958518484959556,0.02179494852344292,0.052497876562553565,0.23030442846991295,0.06228030974250883,0.04904941296682352,0.03763294854570452,4,False
59,0.32708636316146095,0.08458320043436511,0.0272933715125757,0.09845760416619413,0.032215941295039366,0.09578888813142872,0.21573322876458623,0.04571223362785129,0.07312916890649859,0.0,8,False
60,0.3603928841351946,0.061269881409956824,0.013465219339430174,0.1198686475926509,0.023288177521840828,0.0669276651551861,0.19639491395036318,0.07957700245103906,0.032286546377267855,0.046529062067070526,10,False
61,0.3582424291427754,0.0746653168225445,0.0,0.12099418519375182,0.038904538896615354,0.06887791521732449,0.20304265048299394,0.07721574027053926,0.03838764661483335,0.019669577358621897,10,False
62,0.3501641142305651,0.05331523012316224,0.03291167179753437,0.09602514269606184,0.05350979723189708,0.06329433237770944,0.21784391545624704,0.0629098519955705,0.06012535929052093,0.009900584800731471,8,False
63,0.3297633658998416,0.056140071105263804,0.019688595445157435,0.09874630222405423,0.04042778104492215,0.08876501999828182,0.2037816491134826,0.08346213090418014,0.06446758681476267,0.014757497450053569,8,False
64,0.353409754132647,0.08265352327654757,0.03243385251385589,0.09188824004350848,0.041708085909022294,0.06751375341627223,0.21306582327264773,0.06600568068806106,0.051321286747437765,0.0,8,False
65,0.34776555207111925,0.07717545912865297,0.009234066180049898,0.11880050461444863,0.03179571071695595,0.08076591016174939,0.19943652079426524,0.08076281215264831,0.028007558425313078,0.026255905754797235,10,False
66,0.353831693647279,0.05249754236442042,0.007747454171316027,0.1290308084283817,0.04125045389277265,0.0713684639509167,0.20706483136512538,0.07828894385482114,0.04218060473582903,0.016739203589137976,10,False
67,0.35176881370416757,0.06393377856416882,0.008105322805276262,0.1210374249481044,0.05373183955849949,0.06438401908359626,0.19262353651964859,0.09027143684460874,0.02870274485110369,0.02544108312082615,10,False
68,0.36167270765723825,0.06719735439799235,0.00038656668849614906,0.11368011662975834,0.02629401775539423,0.0716172514271488,0.218165275199147,0.07943426290557058,0.03449091041000872,0.027061536929245577,10,False
69,0.37287610675548977,0.055052733773334125,0.01566486967436338,0.10251202618799111,0.0166077225774697,0.05342901159623531,0.23068613331689292,0.08184489582835412,0.05027320152391012,0.021053298765959537,4,False
70,0.3663568110574781,0.06382046062661227,0.022684544519197443,0.12000747925992455,0.0350829339352791,0.04762373084635062,0.21216223716114388,0.07596117293534163,0.056300629658672406,0.0,8,False
71,0.34782660526283576,0.07294303281289569,0.024922116377653174,0.10883623808311936,0.03212352928077447,0.07409332076858419,0.2120474893101013,0.07348528399299215,0.04337653809443937,0.010345846016604503,8,False
72,0.3470902575292061,0.07037453557146756,0.015317116116078168,0.11836456667780654,0.03522383487771124,0.06327636199008159,0.18985080270963597,0.08796225793249597,0.047948506436314854,0.024591760159201958,10,False
73,0.33716148215647657,0.0827467645125679,0.028613420090605697,0.1076694599134951,0.03246256707035306,0.07135996775596028,0.21245093102411197,0.08141503196196667,0.03539104192520807,0.010729333589254734,8,False
74,0.37551646432617186,0.08548123621136453,0.0025236783595847675,0.11718684478569157,0.017817839489721498,0.07533409791664629,0.2286906922686579,0.04816517366245474,0.04134496109450513,0.007939011885201824,8,False
75,0.3597378446928979,0.0632528320743498,0.01421291686270701,0.10700339897510953,0.03588471858241529,0.08479547995051431,0.21041080699182826,0.07202719961899547,0.04883250092111435,0.003842301330068113,8,False
76,0.3587359122314663,0.06740384357489064,0.008007926657958875,0.12096221308425419,0.03713470602099657,0.057886658615113794,0.22058102228868676,0.0710107411051253,0.035530172128504685,0.02274680429300296,10,False
77,0.34788934781784825,0.0662850909896621,0.03478845761754945,0.10774094376322199,0.026635415325152952,0.0492680955810536,0.21526520081342507,0.0967955301704151,0.02895391998254285,0.02637799793912862,10,False
78,0.36643980214824495,0.08341754909855675,0.014867591711220722,0.11571583687293922,0.018909575398420548,0.06717953973457251,0.2284673134555832,0.07565909869603425,0.021967740730746574,0.0073759521536811735,10,False
79,0.3629821634211163,0.07507362017557613,0.013028045237491544,0.10080627124777365,0.025529449911556652,0.07886601204659971,0.21741290021999904,0.08773201504426048,0.03856952269562652,0.0,8,False
80,0.3643310813904975,0.07000013996381707,0.02255180946505547,0.08739660289174554,0.03713066927763459,0.07865157802070426,0.21769966494788653,0.0636243462576349,0.0501321643486152,0.008481943436408804,8,False
81,0.3850299232068802,0.061397421219910556,0.01832057048389024,0.09863019999891157,0.0,0.06023296502418927,0.24020966133267047,0.0564860752318764,0.04291642679198545,0.03677675670968576,4,False
82,0.3527305364171951,0.07440221541015035,0.013057099866215123,0.10586958784268766,0.027747145386512437,0.07491336039728522,0.21594971978420305,0.08743269725015354,0.037421803929416304,0.010475833716181328,10,False
83,0.3577100177610906,0.07650073126662282,0.015779055727296397,0.10209806729393528,0.04265218291167315,0.08264342949870034,0.20155612061406028,0.06865690054645912,0.052403494380162036,0.0,8,False
84,0.33986239950050057,0.07784156429832828,0.022117474229447497,0.12031075270942927,0.04111036577775521,0.06209840691747575,0.21504635353993332,0.08802547352847608,0.020563577270210978,0.013023632228443093,10,False
85,0.34927304494816885,0.07996941948535041,0.04659209261114206,0.09452458048191341,0.032119356542937835,0.07150992109880122,0.21974099028799207,0.04562395214573996,0.05595676395554995,0.004689878442404268,8,False
86,0.35776588599174547,0.05995115505507624,0.021863287918654894,0.0844198646685931,0.006339131179674542,0.06421110612956918,0.23507930279951955,0.0718241713582607,0.06504955253448577,0.0334965423644206,4,False
87,0.40193830622411225,0.06356141543315472,0.011510153152188594,0.07839028267526277,0.027346000430295014,0.06703458403982447,0.23921829406220743,0.05101912842116353,0.03550632397264874,0.024475511589142615,4,False
88,0.33614437460685553,0.07739351036819607,0.011532689098810648,0.12155753880502705,0.04618620317270691,0.08920952703182859,0.18954382747197795,0.07071149572607083,0.03063256541578612,0.027088268302740134,10,False
89,0.3575395071294856,0.058596258384698285,0.0223262493384098,0.11969089919719689,0.030489593069915725,0.08033377120919583,0.20138294020484532,0.0662983133699612,0.042711949314028726,0.020630518782262613,10,False
90,0.3652631513345565,0.07382534319385985,0.0227478062883476,0.08615520363327558,0.033511698833034086,0.07093985959829388,0.21608864411989717,0.07417952506177172,0.05580081394162818,0.0014879539953354204,8,False
91,0.36364644572929944,0.04275080243059886,0.030324379673087796,0.11360501627010937,0.02387976221038108,0.03083409770689747,0.2505719340085065,0.06914500604126358,0.046103026234774545,0.02913952969508139,38,False
92,0.35692236396570076,0.08747640876864853,0.014840047186984947,0.1278401371061882,0.027396191340446435,0.054123139528271705,0.20175330805079966,0.06807253920607159,0.03827966535875401,0.023296199488134123,10,False
93,0.3479978417417366,0.060642387417073555,0.04049821009077595,0.12747951787219072,0.03716692133915041,0.067215290960835,0.19238027445123262,0.07584798129209774,0.02301771391738034,0.027753860917527056,10,False
94,0.3639575682239809,0.07216816542024482,0.004743068901449613,0.09826533425165947,0.033845685839305174,0.0768700318459871,0.23169868791172665,0.06259833160642547,0.044199434882123356,0.011653691117097388,8,False
95,0.33469657124561836,0.07114272288936171,0.013928297078303856,0.1324052235741588,0.03383462377070279,0.06795460992619778,0.200172898843366,0.09249932921641336,0.030970275076982738,0.022395448378894456,10,False
96,0.3656429928195156,0.025700930031631788,0.03845464666423246,0.1218936602333276,0.005118060160457977,0.040488642208202905,0.2386827665355679,0.061251740163751185,0.0681005070382711,0.03466605414504134,38,False
97,0.3906566178569986,0.02525605623572258,0.019244684684074753,0.10841203952498389,0.006010375265587864,0.041060520069315945,0.25993639498240223,0.06258343004761818,0.05572586628379811,0.03111401504949788,38,False
98,0.35675434770543135,0.05456156246344486,0.03471644205818348,0.10186799006690674,0.03411478583175541,0.06334680767442633,0.21808394673107082,0.0673673414363874,0.06324558213563448,0.005941193896759228,8,False
99,0.35256960153527356,0.08160343030038719,0.008721259772774204,0.09893661063438017,0.04736401009606482,0.07518395711255402,0.1971772899982698,0.1025498682031138,0.03589397234718245,0.0,10,False
100,0.3512441283409692,0.08476996580880258,0.01838693578293866,0.12711225641905935,0.039287818204851485,0.0469721945401208,0.18791630412832727,0.07282027663527925,0.042791317771396116,0.028698802368255245,10,False
101,0.37184886224149377,0.07061023101794137,0.007391726645752552,0.09072712573128842,0.027819509127902375,0.06286144617253404,0.17647171423406113,0.06742908727298483,0.08998635865145624,0.03485393890458523,42,False
102,0.37817458109700725,0.046909868936832,0.02487931634479511,0.10538476106168583,0.01709380443097913,0.03820349877938649,0.2288450211229941,0.06366960728551033,0.055859520810493196,0.04098002013031659,38,False
103,0.3819769106285717,0.08025976997242265,0.01682814191949561,0.1185459334318723,0.016119915642411522,0.07647018939291038,0.2044948553253403,0.07411705303881393,0.021439297473728813,0.009747933174432758,10,False
104,0.38117721293028195,0.07242668168232423,0.008043380152612014,0.05433709710676737,0.028253921858431917,0.08805841364304756,0.19596551366615156,0.061367929620778,0.09656416788496772,0.01380568145463763,11,False
105,0.37672021750690426,0.05721668279108301,0.021817090241660488,0.08550920533032667,0.022058681098048868,0.06289585532128383,0.21880707503157729,0.061630439864465834,0.04302629166834183,0.050318461146307954,58,False
106,0.3738185377257229,0.07009424232290676,0.018190737072822486,0.09168350029326551,0.03659947612421556,0.0734912790014619,0.21240626213753716,0.05522163412832816,0.056781017574494275,0.01171331361924532,8,False
107,0.3695046989553285,0.045918521864082316,0.03280563654867451,0.12206605441769747,0.019648139036255518,0.0342769113355978,0.23927968622668316,0.050808164946500506,0.05455438068934293,0.031137805979837358,38,False
108,0.37554007113492976,0.03342263951787334,0.03803926212846145,0.11517404357931253,0.030844210535613426,0.0414307130162306,0.23902591449212296,0.07046539305966619,0.03361538695302869,0.022442365582761147,38,False
109,0.3445035497237705,0.07088544597196414,0.01989257931700382,0.13757603835066212,0.032231054656325225,0.0920062515937628,0.18564767335051913,0.0726653222795785,0.030175396427226206,0.01441668832918752,27,False
110,0.3362289949781293,0.08365824438806965,0.026857687184335965,0.11692356426949571,0.044816417403486034,0.061587063906224045,0.1846463683495609,0.08166778093062871,0.04789583121311578,0.01571804737695378,10,False
111,0.3541273861843524,0.05568105633674024,0.028363550216049735,0.10111566710054858,0.029731705216930696,0.07325644693048983,0.22160119426201608,0.06582129646894337,0.05372032691833106,0.01658137036559786,8,False
112,0.35828084647226455,0.05471110745612985,0.011052544146045845,0.09430117425101127,0.01763438741273549,0.06281274242766682,0.2327041140187561,0.0677371276146237,0.05663644866320569,0.044129507537560696,4,False
113,0.3642536667091087,0.03387352814925399,0.027028720468351784,0.13120866840173284,0.018068441773446364,0.04058224152722379,0.23354227419865997,0.05357101695641924,0.0651885450991401,0.03268289671666322,38,False
114,0.3550641613042601,0.0389428658679861,0.04725363933091119,0.11948410203775883,0.01751682412776712,0.054377274523895056,0.24271084261511774,0.037667115196862784,0.05347192662672325,0.03351124836871784,38,False
115,0.3840517127316373,0.032813437594417766,0.03214800912380143,0.09962410080118148,0.003343893365888154,0.06465550715309298,0.22064648973215856,0.06900098279406355,0.061145680124695734,0.03257018657906305,4,False
116,0.35754483708151324,0.08447336756166471,0.027037148624548972,0.08889038641084109,0.05031350359862671,0.06063714455711696,0.2250138226360264,0.06765256620764867,0.037872032993436444,0.0005651903285768252,8,False
117,0.3775123478459749,0.03852040811108818,0.020460970919485042,0.09816579363977601,0.01728991738083804,0.05451126111587154,0.23272271733480615,0.0639678910755215,0.062405821636765224,0.034442870939873506,38,False
118,0.3539941516882488,0.07226732811894468,0.0,0.09974266759843387,0.03007977174031093,0.0792294224893806,0.16313008264772869,0.0650045103513176,0.09139517785026591,0.04515688751536887,42,False
119,0.35037403598007344,0.07295905196622332,0.007448854861748148,0.12143173693952347,0.04406028087639318,0.05411294258526725,0.19847660115436777,0.08261421739714904,0.04686394153217773,0.02165833670707671,10,False
120,0.38137758268753014,0.04961303425713919,0.018793305643795586,0.11139374942608302,0.011002808571598988,0.06185421859354826,0.23372784989330173,0.0625797031588552,0.031070016568532442,0.03858773119961553,58,False
121,0.35870031043219563,0.03620010166079526,0.03392597464259498,0.11897169265079718,0.015652956547620812,0.032258232331077316,0.24022009250103768,0.06881255771965115,0.06142709742671551,0.033830984087514455,38,False
122,0.35538709311425687,0.03367406552278867,0.051750849193492036,0.10055328726492688,0.01818062486705235,0.0591516607408673,0.22830189479497856,0.06573842440610336,0.06381541430632305,0.023446685789210907,38,False
123,0.3658470180196141,0.045388137977882145,0.026585520981225696,0.10042383838526775,0.007403620421154764,0.051056028410952185,0.23963120135226457,0.057887301016975416,0.055016152543994064,0.05076118089066913,38,False
124,0.38667945238801077,0.04283475420397074,0.02452886237091005,0.10576756910534427,0.0212298056844831,0.031322223831220554,0.23718910564979961,0.06890215650016451,0.055121875617593886,0.026424194648502593,38,False
125,0.3745313602460114,0.04284164874080899,0.033534546426693845,0.11265514172773296,0.016878445196954826,0.03859965056342996,0.24459988860149637,0.0654091653600054,0.05386219009143375,0.017087963045432437,38,False
126,0.37216846457443353,0.041126757486371374,0.03335247376224157,0.10122087221295079,0.009799158278338008,0.047602801190682116,0.2569137200489745,0.07259268940124163,0.05037320680281859,0.014849856241947996,38,False
127,0.36981580526673014,0.03798560764812172,0.01924895257893261,0.11218142543145984,0.024443853051714398,0.029247535633291372,0.24827533567784174,0.06560477554780099,0.06665858645447388,0.026538122709633193,38,False
128,0.37534207731107677,0.036008013487679215,0.009977197832393904,0.11411107857669262,0.013193011459468905,0.05700177370662111,0.25041529966768344,0.050274148344664996,0.056770285782960506,0.03690711383075849,38,False
129,0.381367884260418,0.023938156185839925,0.027632006287726607,0.09375169754638592,0.02240184623491156,0.04486580244817577,0.2617566839242296,0.07087130403113362,0.04881865357420094,0.024595965506978002,38,False
130,0.36851391076299567,0.05789317474927971,0.028710269137760345,0.11056129814682832,0.007396647057430184,0.07019118455175202,0.22344993136830116,0.05511706581286334,0.05006014595708102,0.028106372455708337,4,False
131,0.39248823971832525,0.049252707632910446,0.030504115986531563,0.10983126501200582,0.02755571402471826,0.029311872614126575,0.23835131457016565,0.06648110431670469,0.05608780603223164,0.00013586009227996,38,False
132,0.3523891015291541,0.0448896237089667,0.030854234586502088,0.1086507460302497,0.029540885493449544,0.046290579373182504,0.23088796422276187,0.038372806541992675,0.0669472802858746,0.05117677822786618,38,True
133,0.36596426616049754,0.037375978434705644,0.03600312786716457,0.12590250252872465,0.008077880926594309,0.02768956901049641,0.24560853669934438,0.06625551941440723,0.05162215198805634,0.035500466970008866,38,False
134,0.3558110802368429,0.04457049526533439,0.03695685622536102,0.11164453847857699,0.006175972234393906,0.0419994151902528,0.22483718880180645,0.06401228757706627,0.06979080709981358,0.0442013588905517,38,False
135,0.3714248542544185,0.043873855969889235,0.042153522138116926,0.11515384546858534,0.0,0.04615291873704593,0.24117697115641368,0.06882201954649377,0.037426592390230225,0.03381542033880646,38,False
136,0.3476884357095593,0.05425831886353706,0.03822745588999488,0.09938658314259537,0.03172839461724237,0.048638307853092644,0.2350480674793992,0.06860223171865011,0.04797077788376776,0.028451426842161225,38,False
137,0.3562596360243351,0.06466675101533786,0.04069371945912258,0.11591976361793582,0.0464734142172356,0.060121010969280374,0.19383021847262233,0.08024791239410338,0.0417875738300268,0.0,10,False
138,0.35808866923369653,0.041829405418430644,0.035360896952699235,0.1253378706274612,0.026891234910786203,0.025860710755914375,0.22727216972675093,0.07677870779654726,0.05848164503815329,0.02409868953956032,38,False
139,0.3626908333851196,0.06459173067425285,0.02846040840663326,0.12096364214161433,0.02907692452184912,0.07783657014716044,0.20509072730384706,0.05834350664373039,0.05294565677579294,0.0,8,False
140,0.3847246077569652,0.031782514657620824,0.03869921161726941,0.10785612238814246,0.014734983145076444,0.04530872192702091,0.23946533305420492,0.04823242792507889,0.06367248450850092,0.02552359302012005,38,False
141,0.35829918067583516,0.03019279034823442,0.0351611695069499,0.12945591564234388,0.005399228766676937,0.04330807124786492,0.2325355651148198,0.06500726954481274,0.060279563174522294,0.04036124597793992,38,False
142,0.3593545510590629,0.045543336924583296,0.035493391975368355,0.12705741161321604,0.028955683610161483,0.048263462699469545,0.21696770021827622,0.06571814703000683,0.044910875965009756,0.027735438904845422,38,False
143,0.36287451272889554,0.04608548787052576,0.034917346481621515,0.12828922153530892,0.02084394217268023,0.023985497784621442,0.24303337622128746,0.07437622350868694,0.03719990454940399,0.02839448714696821,38,False
144,0.36349984754113496,0.04376167772038113,0.039689598619011855,0.11704628096515708,0.012732956184742628,0.043807831139860164,0.24003822328066882,0.06140118495309681,0.044856476961231045,0.03316592263471547,38,False
145,0.38671010084835034,0.04264674682571492,0.036570524045989164,0.10279803481992661,0.0,0.030275575277651994,0.23523926818095042,0.07262672734977631,0.05681571427686044,0.036317308374779866,38,False
146,0.36957890958394085,0.03882761740781095,0.032641337093176334,0.11232664298882845,0.0032929775115528082,0.04668395108177026,0.24561442265385958,0.07107672485185657,0.0663632751560279,0.013594141671176238,38,False
147,0.37931557624882417,0.039643421453383954,0.016090093707988896,0.10276506066686236,0.011408850351099297,0.0396744777150252,0.23844817070271948,0.056867870781270285,0.07745668844438884,0.03832978992843742,38,False
148,0.3789125168019952,0.06978407247106862,0.007991863875875607,0.1509072655122673,0.001360370706626153,0.06813555010485992,0.2012501735307348,0.07407363045283913,0.018217653811363116,0.02936690273236992,60,False
149,0.36700479372660616,0.02071910239771793,0.05501152539468055,0.12198110004867461,0.014139128726845565,0.04481613330523003,0.24367083714588925,0.056778232166738815,0.06175133884909787,0.014127808238519335,38,False
150,0.3695479562839758,0.05245431993648529,0.031579544140860186,0.11037109673837364,0.006084774752871524,0.0540387897720719,0.23474372148561,0.04999009850460809,0.06559623554863687,0.02559346283650674,38,False
151,0.3682389912327758,0.05810961662687197,0.023071504744116466,0.11720673218086015,0.0,0.06043780613389977,0.23301203147238306,0.05972024175825266,0.05133627564374387,0.028866800207096206,38,False
152,0.3702170354311707,0.029990872637245123,0.027388505119017786,0.12033305886054059,0.011516457568989495,0.041305737344758515,0.2563661322137739,0.05578938545763916,0.05412049463964903,0.03297232072721585,38,False
153,0.3581120375798438,0.04650139604314163,0.05112126881585449,0.11173617677642843,0.007969142284922787,0.04053685979992064,0.22394622026882588,0.059230804435938755,0.05478774987655994,0.04605834411856366,38,False
154,0.37713066407672524,0.041974111414912155,0.029150468026197446,0.08976155314282236,0.030411792896698445,0.0556443129759368,0.2286251589180243,0.06303123040963574,0.044579828415410624,0.039690879723636815,58,False
155,0.38817780542895775,0.03908707539665737,0.035601345556658476,0.11988163875896704,0.003628431725747463,0.046914991943664074,0.24206061207020213,0.04746706153648077,0.06145722646959629,0.015723811113068458,38,False
156,0.3703670775532289,0.03238746530636194,0.023424502085396176,0.11103191727523254,0.020557779291369663,0.05176271102334243,0.22966153082797267,0.06485112939388402,0.06097845174558076,0.034977435497630965,38,False
157,0.3533677190445628,0.048204168295001217,0.032358624493610905,0.12299083705236029,0.020583779745685885,0.040454850622991576,0.23182742122989505,0.0525994345413086,0.0642598233328955,0.033353341641688176,38,False
158,0.38241479258581385,0.026147468024636574,0.03388896371497641,0.10178455047056656,0.03145951259648958,0.034033268291696284,0.23763520718992975,0.06670925343475306,0.0457405133901869,0.04018647030095105,38,False
159,0.3697617320907731,0.04220119726234828,0.02359498323961672,0.11917250788583345,0.018528860581901514,0.03461229954248777,0.24183680059283783,0.05590117593927456,0.06816415602185742,0.02622628684306931,38,False
160,0.37244426670770275,0.04849792171598409,0.030256459729034377,0.11736080602599817,0.006305476075751842,0.04292575262615354,0.24168910202657498,0.0581559097325759,0.04798123334718088,0.03438307201304338,38,False
161,0.35757388220355124,0.04518589663138572,0.043875460667587615,0.11031178984977821,0.0,0.052244576889051514,0.24505072488467047,0.05130195939098776,0.056216477045064266,0.038239232437923334,38,False
162,0.3696627817417678,0.060931413406817014,0.03608318723980588,0.11298598896914593,0.012392494224104615,0.021906139318292803,0.23468782733845867,0.06130552586325386,0.06462496182219654,0.02541968007615677,38,False
163,0.3573336056281413,0.0567721395232549,0.03139186963754624,0.11758271879669559,0.017401500594269478,0.04491612244188389,0.23360982816066073,0.05230781631630109,0.05057474450635182,0.038109654394894964,38,False
164,0.35384112699022446,0.039189681772370207,0.03690138621133041,0.11242923693193525,0.02590299497952488,0.06053796735532381,0.2234978560956588,0.04426280066039109,0.05928912088215067,0.0441478281210905,38,False
165,0.3512317404620405,0.0364073341319448,0.03709166832407101,0.11825872108482312,0.0177123524939956,0.033406634704600036,0.2542093121994847,0.060970407190370016,0.0714491297358969,0.019262699672773206,38,False
166,0.36532167840638624,0.05165519187865554,0.05298776341800821,0.1114218255310048,0.01848104563706957,0.048500061656985435,0.23330648373641832,0.054700848364607875,0.03599483697997505,0.027630264390889052,38,False
167,0.3618304174818982,0.03947771973877326,0.030603277395887394,0.11841110627780509,0.011423154014411074,0.050335902745383757,0.22959139754556943,0.06296930865313728,0.06058595952794762,0.034771756619186925,38,False
168,0.3579622109127928,0.05065266428197805,0.02954005276036871,0.10328928807804572,0.008612422307924085,0.053837878674393276,0.24077666766632266,0.05433316640318441,0.06425150187677808,0.03674414703821228,38,False
169,0.34068031516153574,0.04232282375472714,0.025223253855236227,0.13444276827336438,0.022862882195888636,0.027771207595869814,0.25419516558264876,0.06824595632801486,0.051968042817669445,0.03228758443504491,91,False
170,0.3504428094028766,0.06790517436106255,0.038293463951229484,0.11804514996318885,0.009728589180641723,0.04626820173015361,0.23333110143245106,0.06412121215188198,0.050243317451242296,0.021620980375271902,38,False
171,0.3721331380314961,0.04531875472946654,0.02837927750996427,0.1197642360903085,0.007674618118517024,0.04007914480269396,0.2404246344323543,0.07072409986971165,0.05204865473412036,0.023453441681367322,38,False
172,0.37251412590928507,0.042989864348569565,0.030677151417715466,0.10968315152106901,0.0236455999004687,0.04220086222793194,0.22870522359576353,0.05966030780433564,0.055953926333260844,0.03396978694160007,38,False
173,0.3410303767134174,0.04902811263152259,0.02698979375695546,0.1266815343997358,0.036024077570077716,0.04748477106719558,0.2239367530683649,0.06575819745256845,0.049978065204902104,0.033088318135259885,38,False
174,0.3669047397701732,0.036871495058860254,0.01963466461962728,0.11897940726752261,0.0,0.025538938285056587,0.2670794282168356,0.06125802305019992,0.05373020985331412,0.05000309387841039,38,False
175,0.37913200938191666,0.03784375066987004,0.03340702497328329,0.11577477738027166,0.0,0.028521483045641647,0.2590284635062791,0.04604603615892869,0.0751155909776659,0.02513086390614307,38,False
176,0.37238858186610996,0.0385299502304468,0.029962252290842345,0.1104998031328971,0.02723824506966277,0.021826739187186153,0.24015225510209956,0.06014913441385153,0.07146725633653411,0.027785782370369758,38,False
177,0.36251260235799343,0.03521387571534269,0.021377121499270013,0.11314758673398811,0.0115704376416174,0.03281991462585515,0.25845587478706633,0.07597399966192298,0.049565676262459564,0.03936291071448424,38,False
178,0.392246329626529,0.025719434134749797,0.032034231973668795,0.10958455410539016,0.006515805838405625,0.04653799415346779,0.24241959288863416,0.0677362446453114,0.051807591936355805,0.025398220697487504,38,False
179,0.36805290123188855,0.06017159544961043,0.024480621201470883,0.11205306517808689,0.013833800466041936,0.049152957092925664,0.2402925577497574,0.04861550778540332,0.05895712956819913,0.024389864276615797,38,False
180,0.36859568159126016,0.05976218557433827,0.008331187663337338,0.11401642229236622,0.020249014777681536,0.02368810137163757,0.22564660188567484,0.07457431973857447,0.057562918925574705,0.047573566179554806,38,False
181,0.3437155710930355,0.04861570213983649,0.046424903632548906,0.09096966295602919,0.027663422544507987,0.04480209538060097,0.23628310204384675,0.05169096324671001,0.06946358635179602,0.04037099061108796,38,True
182,0.3805196933327255,0.03753763698919614,0.021417516931343732,0.11165154054122826,0.002287492171763865,0.055029218114191474,0.24874546890039026,0.06089402219890176,0.05515721066743672,0.026760200152822267,38,False
183,0.38761088561931545,0.03925023922457384,0.00864373548008748,0.1340256226750972,0.008165871125608709,0.03416967611321381,0.24237821740885535,0.05374543280318038,0.0564277979247512,0.03558252162531654,38,False
184,0.37046360447480875,0.051340865887550595,0.02779431270183044,0.10984367391168659,0.015659944278519494,0.03752681021684317,0.2396707744539404,0.05887036561165998,0.0477201748852829,0.04110947357787772,38,False
185,0.40597745280380837,0.046272632436817514,0.04176978805591156,0.11993873495798205,0.0,0.04440179096662394,0.21581843372315926,0.061132496683950516,0.04256155183928242,0.022127118532464456,38,False
186,0.3619680212056538,0.04389090875868892,0.04212931148175474,0.13487524268165138,0.0342929460303914,0.061192941678774884,0.16525051050477818,0.08956319429625131,0.03471748782059104,0.032119435541464285,93,False
187,0.35170692307467954,0.03652742757462681,0.03610921145662626,0.12176513645686461,0.01608960720878631,0.05074962061422388,0.23555722145955188,0.044953646453185114,0.0742203090122252,0.0323208966892303,38,False
