ID,strat_res0,strat_res1,strat_res2,strat_res3,strat_res4,strat_res5,strat_res6,strat_res7,strat_res8,strat_res9,ancestor,alive_at_end
0,0.0014832522199927228,0.11732173312303733,0.14584425391269504,0.13204032814619235,0.07021813002521554,0.1869354988803795,0.103071169194745,0.07997479433225547,0.0441624141153909,0.1189484260500962,0,False
1,0.0,0.11006889114071779,0.14162062486351437,0.11802147723950299,0.09477409324637609,0.19688467768913306,0.11092707046361129,0.07281500809841149,0.041680486048248776,0.11320767121048401,0,False
2,0.0,0.13506908570640172,0.1325351707215284,0.1387912953474098,0.06724096865091021,0.18905255985266897,0.10408696254364887,0.0627885398859033,0.05803028566858218,0.1124051316229465,0,False
3,0.001279016719424051,0.1231036490322633,0.1325469695403569,0.1289284433913212,0.057274526910369085,0.213507560031015,0.10385294745000606,0.058596395645566804,0.06415974868543033,0.11675074259424721,2,False
4,0.0,0.12315811730612966,0.14413999963752305,0.13192795304055044,0.05831246359882536,0.2004554132255764,0.09593645553319764,0.06528451081111558,0.06696353561637537,0.11382155123070654,3,False
5,0.01788384619199948,0.12626381959895105,0.1264312216875492,0.12739337329663752,0.09371676139333124,0.19179565224683504,0.09505514259641556,0.06649501098380707,0.029539932041855167,0.12542523996261853,1,False
6,0.015449950653258819,0.12911100259263086,0.1262399468666095,0.13352549971640032,0.05556735023974078,0.19734637328301388,0.10278279455767991,0.06109943606339763,0.07220213034183094,0.10667551568543748,3,False
7,0.0,0.13224045790675684,0.1439435875148525,0.1342216105041971,0.06173262815593432,0.1873963738169047,0.10169137567553418,0.06633292041102622,0.06129440800242099,0.11114663801237316,2,False
8,0.022412909589517558,0.12454536652267673,0.11987884731475376,0.11900969912254708,0.09161749150214396,0.18069678838058345,0.11081326113350252,0.06583005434202344,0.03362275747909172,0.1315728246131597,5,False
9,0.0011766941553658238,0.13129215698133967,0.11757497643957845,0.1350125426223765,0.05975578138630521,0.20159431295821492,0.10444108350262107,0.07038786525504527,0.07380675997198967,0.10495782672716354,6,False
10,0.0035218011579361444,0.14988460464912026,0.11795524297481703,0.13521939776362862,0.04844961841346174,0.19010016150232728,0.0943934350532034,0.05868244546089989,0.08540318404294274,0.11639010898166285,6,False
11,0.017739441119905507,0.1318688836554929,0.13105784011703514,0.13167044098717332,0.040607960646485246,0.1937406119788364,0.1073582884847942,0.052345715651109195,0.07809950283577238,0.11551131452339573,6,False
12,0.0,0.11982160182383271,0.1390961381608449,0.13848334847864333,0.08073188716920389,0.19687921102595018,0.08670571864908927,0.04789422445948481,0.06477102778486625,0.1256168424480847,4,False
13,0.0,0.1335431907897033,0.14386247583942857,0.14572001224452552,0.035989583325281536,0.17993663200739599,0.10210082587886393,0.06726839084985654,0.06540068404700132,0.1261782050179433,7,False
14,0.0,0.1281117289136397,0.1278307273559458,0.1282703647169021,0.07043345167199845,0.18619521449069115,0.11810353948029657,0.07182304643306743,0.06174759957536755,0.10748432736209122,2,False
15,0.0024066150906521485,0.11918138316863482,0.13833218173447803,0.11999705579336686,0.0563272339449844,0.21093836599091584,0.09592952747159895,0.06439054825124592,0.07577190332660665,0.11672518522751626,3,False
16,0.011362114978442438,0.13076823565287407,0.12074522610336134,0.12838255442890126,0.07187507420038698,0.19699521102005849,0.09299666567061604,0.07689386178608752,0.05396873986989195,0.11601231628937983,3,False
17,0.020783358100738628,0.14387837385678307,0.13631865939432702,0.12346453981000671,0.10302267588838852,0.1910903678901615,0.09164767000519887,0.0577286456458855,0.008083982745353657,0.12398172666315649,5,False
18,0.004089451631231333,0.1095541810399538,0.15515405185222864,0.11553454053576658,0.07898360134483269,0.19911574020358327,0.11401663019356077,0.06369909254811042,0.033053738549134744,0.12679897210159782,1,False
19,0.002073926694269017,0.12915365839833784,0.13488282927588738,0.14900710323575536,0.046779569352204675,0.19297272577103508,0.09787530931121756,0.0635044031032363,0.05959510346656544,0.12415537139149128,3,False
20,0.007028452182555828,0.11619053018551702,0.13980533607342147,0.1123788301381867,0.08509877154289722,0.20392859827469575,0.11022662916664182,0.07274524546320889,0.04379421620315633,0.10880339076971908,1,False
21,0.004530384824602532,0.11286458272447476,0.13754086872225296,0.11942472079650569,0.10066949812511863,0.18706917817503885,0.10824796487470134,0.07809834692967567,0.04833411341594268,0.10322034141168693,1,False
22,0.007477080815458858,0.12265236842125546,0.1338729509413487,0.13837300141306047,0.08537570594111264,0.17255968345561234,0.09129148646305628,0.06990860398500717,0.055180423408021914,0.1233086951560662,2,False
23,0.0,0.13304673619588914,0.13136280953951146,0.1377237719906453,0.05753375057718312,0.19982492646560973,0.09894798241035552,0.07150274337946184,0.056863437197172094,0.11319384224417169,2,False
24,0.02727333530217086,0.1384305411967599,0.13241303485647207,0.13435012891259407,0.08391312708284711,0.16242631352211176,0.08014956358418265,0.07026141346527363,0.04431244901399567,0.1264700930635923,5,False
25,0.0,0.15367752049631303,0.1295874216418643,0.12476473759626192,0.058530677641789486,0.196472387725813,0.09612784904236016,0.0757573504800462,0.06858186988877754,0.09650018548677429,2,False
26,0.0,0.11192937203528695,0.14572920443706483,0.1176492379286939,0.09206019331610028,0.1934267701976279,0.11118468994781781,0.05715015637178112,0.05999466123941471,0.11087571452621248,1,False
27,0.004460905516504021,0.1160291144784907,0.12640169475760163,0.14500745273403662,0.047530085805109305,0.20667586781514882,0.10489143602451281,0.05489685096161143,0.0706589973239684,0.12344759458301628,6,False
28,0.0,0.10710516900629723,0.13796472415230265,0.12041963191106264,0.08422087104688426,0.2036178944807558,0.11134914035436674,0.06768887840849704,0.043644585519342374,0.1239891051204913,1,False
29,0.013047459513063464,0.11154280270861373,0.13931036690454704,0.12758892942008782,0.08684007332653111,0.20586539866740933,0.1217375753036831,0.07544730719514643,0.014530573173203866,0.10408951378771404,1,False
30,0.0268771367413,0.11362531640104033,0.13817395573180802,0.12717075806725636,0.0521403977996283,0.19433492425601448,0.0935195912914857,0.06144900512522772,0.09779025921572901,0.09491865537051004,6,False
31,0.0,0.11571012315998105,0.14178874272050881,0.13914796067763716,0.0840069446766449,0.20067805357342605,0.08641637104533015,0.07167699658257706,0.035940349404312434,0.12463445815958239,0,False
32,0.0,0.12266051783818517,0.14630550139818702,0.10825636666488563,0.10857096467696371,0.1877067088984754,0.10014230638471848,0.06370914066836998,0.042423384126514876,0.12022510934369961,1,False
33,0.018165775887592422,0.14223734693326479,0.13029172486315546,0.11467517596280477,0.09629696579310675,0.19519558971361065,0.11267354710296822,0.05838339399139421,0.018195607103181966,0.11388487264892078,5,False
34,0.004542303800343469,0.1306384088063,0.12615402505440057,0.1445069056882697,0.061995380993285075,0.18137933760439873,0.09843466133742311,0.07592126617925166,0.06073395348010888,0.11569375705621883,2,False
35,0.011751915391268172,0.12116967336420933,0.11996481826027326,0.12609588340377373,0.10246937310069425,0.17745864884656798,0.0959044032715697,0.0683134564022577,0.04484028114052357,0.1320315468188623,8,False
36,0.0,0.10162735739857097,0.14647963815249834,0.13201536593096758,0.0725864219535459,0.1875487250427442,0.10795720692816264,0.0997113645302191,0.042411759765139875,0.10966216029815133,0,False
37,0.0,0.13722482882540993,0.11545538931482931,0.13640365357131115,0.08358927499559211,0.1791515731667472,0.09999889455618476,0.07000523799539488,0.06391194065725261,0.11425920691727791,2,False
38,0.0,0.13207484033614447,0.13833348174734195,0.12920315645369085,0.05902405852634319,0.218595469751732,0.1053140880700839,0.051421084797897025,0.05082125208434552,0.11521256823242104,3,False
39,0.0,0.09637478741903269,0.15006585139533107,0.11069359233630771,0.1086360657632192,0.21183492131607853,0.10890761145149119,0.0653957548466098,0.04226414651126956,0.1058272689606604,1,False
40,0.010152128471091683,0.11043768935315791,0.1450538192577862,0.1285813629687698,0.07522205455180368,0.20915473535298626,0.09654482456592077,0.05550810261654447,0.059709141838140946,0.1096361410237984,4,False
41,0.015229896965076645,0.11608972840426446,0.12789737585186164,0.11699159620588175,0.10033860750145109,0.167712908874118,0.10464751567003204,0.0689111891494388,0.047651673459602056,0.1345295079182736,8,False
42,0.0,0.13518407472978047,0.12947104149490066,0.13864990509079553,0.07171812219954143,0.17799756905679637,0.1092685066082604,0.05233700611071193,0.05180945855578948,0.1335643161534236,2,False
43,0.00380134043622523,0.11996629757721775,0.13330033245108472,0.13788195181420704,0.07597555635783368,0.17615090599345498,0.11056175051472532,0.07952155138511842,0.051340175077901805,0.11150013839223098,0,False
44,0.03652590715387227,0.13505262485014474,0.12262168135633417,0.12334919196362948,0.08406686510933774,0.18464374490031082,0.09682136516546326,0.05352067312281906,0.032876046827708984,0.13052189955037952,5,False
45,0.0,0.12850162323306435,0.1452206763241779,0.13830968571387753,0.06157676135743376,0.1785043229942507,0.1044887075748055,0.05695964211137374,0.0740887431653715,0.11234983752564509,2,False
46,0.02054600325342823,0.1474177185654404,0.11120119019382883,0.1425743785102583,0.06049501843441064,0.19512529161652584,0.0984890568090578,0.06429192167812084,0.07383897974651067,0.08602044119241832,6,False
47,0.012829295624583157,0.1428709396000786,0.13247545663244212,0.12387263398458458,0.09381109307360258,0.1990247173077645,0.09166340663843629,0.05832393324545397,0.03727745965766554,0.10785106423538873,5,False
48,0.0032692951519969313,0.12505963222580554,0.12486072031283825,0.12388300932502536,0.054272471074495,0.2073317493771124,0.10997469820794953,0.053034552579259556,0.0918395018930954,0.10647436985242205,6,False
49,0.0,0.12311086055988715,0.13736868634058638,0.12636580631008507,0.06210761429426327,0.19771457827516972,0.09110298137563172,0.07026423572823885,0.07426586010768765,0.11769937700845026,4,False
50,0.025945591853545162,0.1282577691217337,0.12394073530773292,0.10850303287215673,0.09676622712608816,0.17739590239740527,0.12008932027790088,0.06964236816181887,0.03381144814112483,0.11564760474049351,5,False
51,0.0,0.13102195435551245,0.1407274591262173,0.1339223554208699,0.06351224442691684,0.20990835252973072,0.08595812589934662,0.07324783671520396,0.047659914792568245,0.11404175673363402,4,False
52,0.02154905045126434,0.1337709205347789,0.1195682113252477,0.14762745024262056,0.05212321667769139,0.18085487090767796,0.10565748474225858,0.06804376683409337,0.06999401483421912,0.10081101345014808,6,False
53,0.0,0.10396000654747416,0.1539576369989223,0.12436773705738921,0.055428981793376186,0.2158109473566194,0.09005928956189953,0.06942976759650596,0.05964130847825733,0.12734432460955597,4,False
54,0.01969431770618295,0.1086460829792207,0.12316798459049988,0.13847181835714115,0.04437099363708754,0.1944922644485412,0.1214676521059154,0.06475170067269892,0.0734638753300706,0.1114733101726418,6,False
55,0.0030791062777658505,0.15057010579967714,0.111815682622297,0.11891336491199149,0.04679497432222251,0.19310135583534074,0.08405205883181378,0.0842014897007354,0.07723880910979124,0.1302330525883648,10,False
56,0.011553610126153463,0.138664169173709,0.11844522847203937,0.11653035425182288,0.09044041755019289,0.16521759001611902,0.11463125388941205,0.07119139113559361,0.027364832378197056,0.14596115300676082,8,False
57,0.020439634217753695,0.11875006019543585,0.1152558506366737,0.12642541209127706,0.060010263067111234,0.2028752122584113,0.11725836275970215,0.06898378180006921,0.0763562538285425,0.09364516914502335,6,False
58,0.005736310631070209,0.11927935386644904,0.12338484275623553,0.13242894634922384,0.05673699463613501,0.22120345731445473,0.10247185902782137,0.07130327042445034,0.05654960708836703,0.11090535790579283,3,False
59,0.0006582480965759954,0.12619992854337073,0.13054993392968378,0.12716832177032092,0.06622241508912391,0.22935649839485014,0.09572925333499398,0.0454424282201002,0.05197677776750522,0.12669619485347516,3,False
60,0.005285403255494782,0.1241986996551847,0.11633168132041069,0.15122496374069164,0.05237535454038098,0.21055665715263377,0.09905054496353682,0.06405728952215256,0.07569780206287678,0.1012216037866372,6,False
61,0.016223488556706106,0.13046655101232138,0.12618525625797453,0.130971769968316,0.05854719064073084,0.18967815697814067,0.08476349066370732,0.0998568387692989,0.06345635119152178,0.09985090596128234,6,False
62,0.011030104208911092,0.14143786720193754,0.1274698263169208,0.11446671101877309,0.05176740987286583,0.1993742804971656,0.09758745935062248,0.07932758957088362,0.06391741273455853,0.11362133922736146,6,False
63,0.00638963098309335,0.13234404471527,0.11438667127337729,0.12177882628184383,0.06735578619495763,0.21702775949100248,0.10557849884484223,0.05363774718349619,0.06631812440169016,0.11518291063042688,6,False
64,0.010368208062860627,0.12956315151239822,0.13232685789492118,0.12052410689152276,0.04134656478736751,0.1980721900373599,0.11390228829854876,0.06197367162252434,0.0810283586230383,0.11089460226945842,6,False
65,0.036956559925685986,0.11841494281720565,0.11259791260233232,0.13452641528366438,0.09875065388502106,0.18739222822747054,0.0924639157780826,0.058649189929792386,0.012636688773809607,0.14761149277693555,8,False
66,0.03327377974904122,0.11724484809230877,0.11698379835704989,0.1475068010614089,0.05819503222362592,0.1997607488390997,0.11541676644956202,0.04855147543567311,0.06381469340363967,0.0992520563885908,6,False
67,0.024479120882551424,0.120315183875441,0.1346024688097771,0.12691658347562448,0.06557963616793429,0.19880678768764887,0.10169498647689758,0.052621355219579787,0.07713290888740845,0.09785096851713708,6,False
68,4.227965384333711e-05,0.14122699907906353,0.12901143159378503,0.12452839864260859,0.10192751186848417,0.18265121308433346,0.1069595750431983,0.06404111831853344,0.031964804002083555,0.11764666871406661,5,False
69,0.023463132259971896,0.11355752188895248,0.1426914537731785,0.12426304114098695,0.03595310564593687,0.19307437760977134,0.08989243852128223,0.08167325877448946,0.10452587937816639,0.09090579100726395,30,False
70,0.019672651204969232,0.11707796569687172,0.12810379744575545,0.13389690389910094,0.09055549429610453,0.18096314470138117,0.11448292442818181,0.0610929203783036,0.026373635813154994,0.12778056213617656,8,False
71,0.014494076023981303,0.14215108113154543,0.10929872654465196,0.11775387178934112,0.08387724947072159,0.20636235094594274,0.111610564316047,0.05973814142388265,0.0274859465402194,0.12722799181366676,5,False
72,0.015652079234115227,0.1317332377537498,0.13075788371893737,0.10152133167546969,0.09101772888120596,0.17185343619595095,0.10188197831619336,0.07531485143643703,0.03699436746253109,0.14327310532540954,35,False
73,0.01967599531260636,0.13089939212699772,0.12385958208178979,0.1350513962953156,0.08834639807392095,0.19119749059823993,0.1059068414282015,0.06502483924092362,0.027252798293975845,0.11278526654802871,5,False
74,0.014182693131362955,0.128702780601012,0.13878464856968664,0.13072968358438572,0.06669974079533583,0.18931765551616966,0.11280941321978849,0.07240189948318244,0.0587302927082227,0.0876411923908535,6,False
75,0.022272549414315838,0.13474764187813248,0.11667802832755855,0.1158794131664029,0.10716552157956252,0.18911009668915185,0.09656298963914114,0.05989637251894912,0.031691229092646475,0.12599615769413905,8,False
76,0.047641869532255694,0.10911503097601442,0.14796081730430288,0.12104071389426256,0.0640189087451193,0.185257642557986,0.08723191796614801,0.06422998148836889,0.08607204640383297,0.08743107113170924,30,True
77,0.026954760070062672,0.1148766448115661,0.12275291716087698,0.12054673428858001,0.09938072916938988,0.1831106801650413,0.09066336564441617,0.07522671415826718,0.0430930133592988,0.12339444117250081,8,False
78,0.01666590130912056,0.12893904326034583,0.12903432019729094,0.12056141005041174,0.08656429640729393,0.1882212621251875,0.11564778450798684,0.0560778895981647,0.04344847731633347,0.11483961522786451,8,False
79,0.008880411265032525,0.12748737874325766,0.12175623237629499,0.1258333692208781,0.09383536719902791,0.17969136380228584,0.11718014033564148,0.0609317852487117,0.03180077830782238,0.13260317350104747,8,False
80,0.012420558113482744,0.12556174849285143,0.12055498389996419,0.10073269937457477,0.10506089956674944,0.1880887686063266,0.11748108619630276,0.06396466071508801,0.03155784796015877,0.13457674707450126,8,False
81,0.03156241182443896,0.12785463531774272,0.11392840043149033,0.12320704435984997,0.10151071480716144,0.1801618550998361,0.1031363088956208,0.05275302341895672,0.032216593193057336,0.13366901265184564,8,False
82,0.01991231742382523,0.13010899342446547,0.13742659745129965,0.104185159523433,0.09765812883967308,0.2059625177435122,0.09954905921571841,0.07419384493932704,0.007003217428436425,0.12400016401030965,5,False
83,0.03315120645244949,0.12658686237120825,0.14164479089640977,0.1306252914194635,0.053006571511003964,0.19451342170047864,0.09315221327210167,0.06386875361524959,0.08941591040387904,0.07403497835775617,30,False
84,0.02512812331427163,0.13377905097858359,0.13891773571709362,0.1255170374739751,0.05317591934729776,0.2078585210571183,0.09323299017310409,0.051063900176938216,0.06447429004775246,0.10685243171386527,6,False
85,0.013832174113153848,0.12238502218761046,0.14081287664281453,0.15291010047102235,0.04483769412952991,0.18696226500320792,0.09813086886393337,0.07657848440981675,0.06880458035129368,0.09474593382761723,6,False
86,0.016837086184296673,0.1374351918808228,0.11335359841911129,0.12867546974779182,0.09844663160772556,0.19029507166648868,0.09818790528839656,0.05844558206363206,0.033404967546911524,0.12491849559482297,8,False
87,0.017417812081215494,0.12637690728582165,0.1076242126418649,0.13734154413882738,0.06693613837882206,0.21307098255971607,0.09093488739532088,0.05924346099884626,0.06623723906455978,0.11481681545500542,6,False
88,0.022832999248779472,0.12041181093467335,0.1144638790600512,0.10908613235368537,0.09434933272560848,0.17865366333550192,0.1251988575479838,0.0618123812648287,0.04106002635561691,0.1321309171732709,8,False
89,0.01908624656674967,0.11682756440677748,0.11762926657489903,0.12048435892028254,0.09837029593664598,0.19792767438596634,0.0879428544776566,0.06516573708424953,0.03540248716208427,0.14116351448468864,5,False
90,0.02592911111248771,0.13744768014077885,0.13235015466156802,0.11117807738633977,0.0812674855700924,0.1947691343771387,0.08551053342915123,0.07823918086908209,0.02645268485210954,0.12685595760125185,8,False
91,0.016200440013873017,0.1245616977157355,0.12478891050141755,0.13307865514280995,0.09045772969250304,0.17949875688066164,0.11104232001463273,0.053438227174639044,0.04302092751251586,0.12391233535121175,8,False
92,0.023842031149475165,0.11346411690207313,0.12571746529135047,0.13122438126711744,0.05784309447021471,0.21452214399284603,0.10332507725882609,0.05243584567166653,0.07723074897375497,0.10039509502267559,6,False
93,0.022274709431439818,0.12380888990962988,0.1322637408965657,0.13278850714270096,0.05245880384947115,0.19317078421826783,0.10758495519721381,0.05048822904906872,0.06888517707210207,0.11627620323354002,6,False
94,0.027612335369562632,0.12015676810610636,0.11312328501229964,0.11353406122486218,0.08792916884528225,0.1702876262975845,0.1219915838856796,0.07153727603740521,0.03742040197726757,0.13640749324395005,8,False
95,0.01650873521136008,0.13144791948282591,0.11969366105774816,0.11965399162011445,0.07751439781898742,0.19930062817837235,0.10414283980187775,0.059565241425681106,0.04851261208135946,0.12365997332167321,5,False
96,0.007517618955831712,0.12877029763476242,0.12290754738837635,0.1386662621284384,0.06650378936970745,0.18365036713434854,0.11668035993933913,0.051568595014489564,0.07468640924497352,0.10904875318973292,6,False
97,0.021695122988386037,0.1134670683125634,0.1390687636421007,0.10678833465246439,0.09715948494430872,0.16569380039422632,0.10298569413658037,0.07682097044225883,0.048948739181218365,0.12737202130589292,8,False
98,0.0,0.12041058644192829,0.09852738865048441,0.1268361989291173,0.09257562556798325,0.18535916034817215,0.12375602900682742,0.07129815877502199,0.0350004976964179,0.1462363545840473,8,False
99,0.054529661649160156,0.1439288305473675,0.13176449327388612,0.10755967064556986,0.07145662688860845,0.17049001752538834,0.10248891439628598,0.0432512136065985,0.041765456124148996,0.13276511534298607,44,False
100,0.02439762128211192,0.11056462301698654,0.11349248580229941,0.11336227171897567,0.09690790536593186,0.17412132204019962,0.11268547324608098,0.08444677820684077,0.031977145331209586,0.13804437398936367,8,False
101,0.038598777469383595,0.10650528744227947,0.14146213548817516,0.11405124285084711,0.05886937270482121,0.19677519286830975,0.1053139443573824,0.05969278119388405,0.09733502316392856,0.08139624246098878,30,False
102,0.03226339584322361,0.13630978466795293,0.11817479815233609,0.12692625941713578,0.09476061722252657,0.17211001639553683,0.10969022978364339,0.04954593954082447,0.025319073137834658,0.13489988583898568,44,False
103,0.03940139622690348,0.14274939318462765,0.1291247648951676,0.12396578341373533,0.0701459929224248,0.1918684880769941,0.09606636303528522,0.04139198014376208,0.03222179741870847,0.1330640406823914,44,False
104,0.04112551486640818,0.11397950349574887,0.13688583798447107,0.0914773949302549,0.0805571719773155,0.18061936542682447,0.11192875031887504,0.05963504208022217,0.046368907653712946,0.1374225112661669,8,False
105,0.030413235680444448,0.12078682422138073,0.13435239176090522,0.12160431581581668,0.053488542136179075,0.19036671919062467,0.10122153973667836,0.06936523061095348,0.08036209542922412,0.09803910541779308,30,False
106,0.023608811941431548,0.12691686242653644,0.10726198554944118,0.11554213982588235,0.09716949550700829,0.19024069786950332,0.11369934656092714,0.07587714970110247,0.035005753105424496,0.11467775751274273,8,False
107,0.0385433210690453,0.13180477141012348,0.13114130179585765,0.11027196741913993,0.07238162578577786,0.1877715695174532,0.09875665355962812,0.04398142651194492,0.0436431251875644,0.14170423774346502,44,False
108,0.04066789055088172,0.11118652362804002,0.13221219073782922,0.13643584231492564,0.0623602603451333,0.17279101675172961,0.08397454002666864,0.08559830779225876,0.09457160211893419,0.08020182573359895,30,False
109,0.03700439241960069,0.13459982462046144,0.14368260894023535,0.11384598233760414,0.07537656402253239,0.2040768461696542,0.08764043010816999,0.04830670997075971,0.03162503799829096,0.12384160341269113,44,False
110,0.033302058379661784,0.14578597692573328,0.11784239043674846,0.10667418204345651,0.06840264706359157,0.19177765223628343,0.10145712453176058,0.060869532448090846,0.04690749253633513,0.12698094339833846,44,False
111,0.022045651835751363,0.11744194774982535,0.13226012861302866,0.12483898395240382,0.09907598467895676,0.18144193637181413,0.09513288965675198,0.05302144572468776,0.03822999510021473,0.13651103631656555,44,False
112,0.038385738481371924,0.14631289719692728,0.10944402413624142,0.1243982760717368,0.09166774842349754,0.18803711525603972,0.09325923250487003,0.047716410080764125,0.03263488180000508,0.12814367604854618,44,False
113,0.04075893145352594,0.12613616154153348,0.12470777223784528,0.11758962201197766,0.08159415606532501,0.19587196020001113,0.0870856194594653,0.06253027503997058,0.039081308300491606,0.1246441936898541,44,False
114,0.03140384751523442,0.1413777028892006,0.12378212242042745,0.1291848892460789,0.09560771660102206,0.16864992260106113,0.09433626691216639,0.0528727547275236,0.026209414344275712,0.13657536274300974,44,False
115,0.03430631630047826,0.14000115749443548,0.10830952419275569,0.12012142494598319,0.08432210271825433,0.1916353995211284,0.0961350898356403,0.05114370088862337,0.0259256543962731,0.14809962970642793,44,False
116,0.005542509210281305,0.13645367468035405,0.11853498945950434,0.11239394378443428,0.08542642919197123,0.17920759817848955,0.12896415950097434,0.07968500486232054,0.0259919325232774,0.127799758608393,8,False
117,0.04350056270601607,0.12350355955502854,0.11915881744924996,0.12763864229489033,0.0913310640234611,0.1929304505809423,0.09725873524305789,0.043968977070153695,0.03724614613849847,0.12346304493870171,44,False
118,0.03529290682103447,0.11110655148246674,0.14079865086176635,0.12239140321846564,0.07432843920535233,0.18481213167613453,0.10922655296851787,0.0470188100119671,0.03482794815411119,0.14019660560018385,44,False
119,0.03278545784497139,0.12477426729699764,0.13384835155095232,0.13443620488523358,0.06586103734217875,0.1818920648322505,0.09970513752478041,0.06204166492620547,0.02803883351046445,0.13661698028596547,44,False
120,0.0344249628032299,0.1461406404815654,0.11482331615807098,0.11146969149473059,0.10185400037143445,0.17302768755412465,0.10646681824626844,0.05173408322144388,0.037793850205092405,0.1222649494640392,44,False
121,0.024342642411722352,0.1427500205363872,0.1284032241171345,0.11291029478744312,0.09177955539693258,0.18170927513336083,0.11580284153459318,0.05705750366479171,0.015902522156759274,0.12934212026087522,44,False
122,0.03053036791079423,0.13314789686955414,0.12249123960389165,0.13806944708345192,0.06199889942362152,0.19144514526813808,0.09139799923994779,0.05841163630126268,0.07471702064919271,0.09779034765014523,6,False
123,0.03949993090238911,0.13515630305476173,0.1286479639083561,0.11584686925302422,0.07096934439047912,0.19496468306370052,0.09470898132909199,0.06160386171610464,0.017140973524391315,0.1414610888577013,44,False
124,0.03252634658045115,0.11210215274012153,0.13795807801802545,0.12138442584645337,0.07162042304718974,0.18694029412876953,0.07691135676079487,0.06490262603506596,0.08596725273088764,0.10968704411224073,30,False
125,0.020436085674811564,0.12497508770234401,0.10656799159488255,0.1259555463679179,0.09770971767920153,0.16690863147192833,0.09860237969337608,0.08118660917188839,0.04102141960976819,0.1366365310338814,8,False
126,0.01880249700016749,0.13464538526533132,0.1247942303783826,0.12129030041290387,0.06995132909610176,0.21032321557620123,0.09692477551080501,0.06235711734828863,0.03603442037630459,0.12487672903551358,44,False
127,0.04700705643356028,0.1426332425896865,0.1244482216543937,0.1222306797306867,0.0847624849258001,0.16672932154648887,0.09849968661846817,0.044023482008227074,0.03173126637990933,0.13793455811277933,44,False
128,0.040790819495908806,0.1271572771963342,0.1223314093565527,0.1346187844534169,0.08544373068447744,0.19322095094091318,0.09934326299798878,0.053443123605493865,0.020248845655016074,0.12340179561389812,44,False
129,0.019514109570443805,0.1411771643391402,0.1335002282111247,0.11474372247043403,0.07749371377558399,0.20418915802214313,0.1080716777593667,0.030686082328432163,0.045962449531553574,0.12466169399177786,44,False
130,0.04092656838569234,0.14219765910888257,0.1043864781705925,0.11723145863283979,0.08141351982596155,0.19593732430534247,0.09015362944796207,0.04800732834292701,0.04125904262395819,0.13848699115584148,44,False
131,0.04284295715465745,0.14283301039801136,0.10442936823928851,0.12801201024573536,0.09310579329877523,0.1856210786978165,0.08563985605188326,0.04442901799788351,0.048830869367311534,0.12425603854863716,44,False
132,0.06305282546142237,0.1225526270155125,0.1614011427655522,0.11710538406069947,0.06640461511268106,0.17947677925058528,0.08276509535106569,0.052910261798728965,0.08057119157135945,0.07376007761239303,76,True
133,0.030202126824021912,0.13805983607702818,0.12915147578976635,0.12392526391092916,0.08216718076112975,0.1779936769362785,0.10335384079237779,0.05957215085544831,0.00955156551466874,0.14602288253835125,44,False
134,0.03957595434405286,0.10058931299441144,0.16140017298767242,0.137168907178701,0.0514132814283938,0.1872231610474488,0.0890666393849539,0.06379340660769084,0.0880334094548472,0.08173575457182782,76,False
135,0.051344408876527574,0.12394465300766516,0.13758136710116448,0.12879679887456208,0.07315000839313361,0.1836903666008451,0.09178579636751381,0.05094056125446468,0.024892594522165676,0.1338734450019578,44,False
136,0.03062438109663747,0.11716215045323279,0.11763343920352289,0.13641661039182953,0.09583503903912409,0.17081275310646424,0.1122831106024505,0.04321077380596127,0.04599455123100116,0.130027191069776,44,False
137,0.04866253908764357,0.14635050046770007,0.12841355303915444,0.10913075301639115,0.07241920576127277,0.1789001847524015,0.10653675323167391,0.03989782132813611,0.034922118919167786,0.1347665703964586,44,False
138,0.04700785019152333,0.11611788625095051,0.14312206710190759,0.10782268714617523,0.07324354416219148,0.16529731095099706,0.08165251158974869,0.07821341137768718,0.09411770628212507,0.09340502494669375,76,True
139,0.04023581663742223,0.10836682576504596,0.13247749185096597,0.1288467069046137,0.058079341397785415,0.1793829371742314,0.0989354431319182,0.07438238462184317,0.08738514419696014,0.09190790831921379,76,False
140,0.04308053750439389,0.11385035239183218,0.10887721672248304,0.11704171437145416,0.09366277981787234,0.19294344365596425,0.09813833122873153,0.05475660623002462,0.04413719635594361,0.13351182172130033,44,False
141,0.016921465248350212,0.13885361525873366,0.1316430802349776,0.10734148204275244,0.08644651091330967,0.17317586313879726,0.09819488181387205,0.0739774732987698,0.041799735014224265,0.13164589303621307,44,False
142,0.03689996745397708,0.14078820108092766,0.1271377099291431,0.12194030621247157,0.08706808704505317,0.18990900161862953,0.09752961981483814,0.03838090298134131,0.04149725752434709,0.11884894633927152,44,False
143,0.034717218158662584,0.12933033894191598,0.12208266298208797,0.12442115507020118,0.1010271767476622,0.1663879963309087,0.10373132467590598,0.05375573875026415,0.040829099157035205,0.12371728918535599,44,False
144,0.03509150078802086,0.1239579442214794,0.1163443155283885,0.11065777545135382,0.09374260497855305,0.1896325264470949,0.10340287019914406,0.05075883583470657,0.032814314898308265,0.14359731165295053,44,False
145,0.032253212103563016,0.13434585209195676,0.131712795198407,0.12091190402129584,0.0958761895430931,0.21425488543528112,0.06545572761972578,0.04061288554292399,0.023782549483753586,0.1407939989599997,44,False
146,0.024032802580556265,0.10788402031448822,0.13165255634700618,0.14159355395642584,0.10554555943472536,0.1835712289673993,0.07852737429758333,0.06215400695352022,0.011302744392109992,0.15373615275618538,65,False
147,0.057760102596319515,0.14386814310525464,0.11330101360840039,0.13085765535604252,0.07232965185502403,0.17780675938472285,0.09241148054737718,0.061215735594315125,0.028900461164118516,0.12154899678842533,44,True
148,0.044162374200505165,0.09706657965359355,0.1498514432718145,0.11420284366898549,0.059604052784327656,0.18588699259432656,0.1104332291882644,0.07304647787991499,0.08588003188858317,0.07986597486968455,76,False
149,0.04135994264707042,0.11243684027640222,0.1534066091627148,0.11417286222806282,0.06937870331653516,0.17323915583769514,0.08322368572073782,0.07050016925834536,0.08579409193007984,0.09648793962235644,76,False
150,0.03561301544712893,0.10242641834268183,0.1526069137431738,0.11682518609303111,0.05339253700268778,0.19169732425318176,0.08252208783972596,0.07748425378167802,0.09987071381682296,0.08756154967988782,76,False
151,0.03159101851948668,0.131755293127288,0.11862595316219074,0.13139200672384801,0.09051009495370804,0.18768248779133198,0.08741902942011645,0.053145694357711624,0.04950376260796653,0.11837465933635195,44,False
152,0.045461428649892166,0.13535065169893,0.1318760551225803,0.11851422059851123,0.07727515011450338,0.17604794386114941,0.10615656548112834,0.05040165552962373,0.0381500971513865,0.120766231792295,44,False
153,0.04567620454859506,0.12740725281505946,0.12251769737327049,0.11640345096651343,0.09517821142666548,0.17527405088681902,0.09435672171604159,0.06080510727388729,0.0317764184122223,0.13060488458092576,44,False
154,0.05704100017909696,0.09421912161933009,0.15510349500976697,0.12119366659637909,0.07504157593470488,0.16717364815648453,0.09306737271870077,0.07194431915153622,0.09276531268783074,0.07245048794616973,76,True
155,0.044309360552332214,0.11987761314277764,0.13537524987443209,0.1084945231968812,0.07417819883953929,0.17895768500405965,0.08630048700609658,0.0682264612475312,0.08208390516797417,0.10219651596837594,76,False
156,0.032903595060606236,0.16823325105479403,0.1140157885294144,0.12090156195645611,0.08216408724577852,0.17125099957652407,0.09865910214763532,0.050739203775385405,0.023336652777917504,0.1377957578754885,44,False
157,0.044243322249741535,0.13535761407050811,0.119450014583401,0.10072418818503066,0.08051350974120035,0.18480323109012928,0.10183782456681967,0.057188918805429645,0.0345652426326803,0.14131613407505958,44,False
158,0.038198505585534566,0.1417804815445811,0.12955489063732856,0.11741320201664074,0.08611174587796407,0.18754031071134616,0.08377669369284857,0.04137451229904243,0.03806851264107112,0.13618114499364278,44,False
159,0.03219237372177202,0.14870591460602461,0.12188483925414732,0.11734283118384517,0.08692861088904398,0.20600851240057655,0.08746510931360285,0.049104290481850235,0.01533723772620382,0.13503028042293347,44,False
160,0.029950928895614765,0.136365590845457,0.12593579221261403,0.11753335270357941,0.08593997905748842,0.1795821341548933,0.11066040009739976,0.05815797619188416,0.02506855743721427,0.13080528840385497,44,False
161,0.027383661103856864,0.12313932849239341,0.1325565508221746,0.10909251576802617,0.07836529459172782,0.20161829990792152,0.11031462783420273,0.07195088057660268,0.015137835806844413,0.1304410050962498,44,False
162,0.025487934759370175,0.13453883730193286,0.12004703030673565,0.1449390192807172,0.08918611947120805,0.20320594538691358,0.09789511268345481,0.06439999397653912,0.006315544765830548,0.113984462067298,44,False
163,0.04949923491072287,0.13650664497554357,0.1369707776041873,0.14217324862212602,0.06756633127616274,0.17924411440181043,0.08749213120103377,0.05549839386113563,0.03389652659175379,0.11115259655552379,44,False
164,0.056659738738047846,0.11051498128855407,0.1524433221975834,0.12189380455578064,0.05106918098612918,0.19908778050732978,0.066149196574133,0.06575381252519065,0.08721856043333347,0.08920962219391804,76,True
165,0.038167157792052944,0.129491880085989,0.12714631044145777,0.13437018985478283,0.08847552799532869,0.17566307715107898,0.09219996907160802,0.052768563891942996,0.037485406894783795,0.12423191682097502,44,False
166,0.035505174505501225,0.12628080317486914,0.0896412464367767,0.12726211864131162,0.09389017089742234,0.18508987544943148,0.11091132180362255,0.05873623413674357,0.02959801339351504,0.14308504156080634,44,False
167,0.030832575937395346,0.10907275124553631,0.10765544713080681,0.13649043291686738,0.10669216049183416,0.18322186638590982,0.10860258102628374,0.057283417317735584,0.006653708968924131,0.15349505857870666,65,False
168,0.029603064427691603,0.11648067794590937,0.10543814485179849,0.13092669072034563,0.10283463897766544,0.175596698614841,0.10719462986589001,0.05928154103550171,0.03072273788653973,0.14192117567381693,65,False
169,0.06013064544514146,0.10877801368799482,0.1467253658421695,0.11878502267211602,0.053959922986214194,0.18193644433646033,0.09822540933050523,0.06820297571938312,0.08783483844321438,0.07542136153680092,76,True
170,0.04155194082510106,0.1395343812148783,0.09845550976172988,0.13188954322276855,0.1015692299309935,0.18258674287080418,0.08977338182948116,0.030947901110164107,0.04853522941627518,0.13515613981780408,44,False
171,0.035271085487219585,0.12242055732225217,0.13082843236193617,0.12136853216770374,0.08723811733919863,0.19107267281319268,0.10753832058810768,0.04457267021058518,0.043508492184390374,0.11618111952541381,44,False
172,0.04278564692740575,0.10936537738963745,0.11637767717957452,0.1267902291578237,0.08329854821687134,0.19040087597392324,0.1042371967952594,0.04441092828443826,0.06229409215736494,0.12003942791770139,44,False
173,0.033366777717103446,0.14042822598118324,0.1253196389034679,0.11767130893710491,0.08387423001688718,0.1843890390652172,0.10154268520357135,0.053432030754780806,0.034350442227696475,0.12562562119298762,44,False
174,0.04709956658331464,0.11466779438316621,0.14064793185415267,0.11393303633947477,0.06796438512068519,0.17765144052147394,0.08584053728415306,0.052847961869382044,0.09910101058828052,0.10024633545591692,76,False
175,0.050349801187928686,0.11957137900323339,0.15471690631331333,0.11418558924477133,0.055260821093529644,0.18848939359537045,0.06230120003611545,0.07215734276841701,0.0916368148050776,0.0913307519522432,76,True
176,0.051874787295071896,0.14274801939270215,0.11267721989303006,0.12071828511074972,0.08444303871279199,0.1868869151543157,0.09814387688230469,0.049539092172391316,0.011809946837056879,0.14115881854958567,44,False
177,0.03990597634555373,0.13662479631695762,0.10889431754339787,0.11069978265019831,0.08322790391269291,0.18135926979557207,0.0993540141062934,0.04685989147325513,0.05793551344415294,0.13513853441192605,44,False
178,0.03917233596695535,0.1372114900859957,0.12714015604147916,0.12281850321441724,0.07989083565844286,0.1755720015451574,0.08184562244005328,0.053449477332772874,0.035433104518004806,0.14746647319672138,44,False
179,0.043687144389002,0.11271113437123637,0.1404147520839646,0.13375975651739233,0.07996053836619652,0.16876097131224888,0.09413031157628693,0.061062358936378215,0.09538396848240038,0.07012906396489384,76,False
180,0.06812741539207777,0.14230243659876568,0.12663704849234853,0.10187135807941021,0.08889742875057188,0.16270347905922902,0.08678232708348395,0.03119726810526847,0.048522006089762516,0.14295923234908195,99,False
181,0.0501732527598066,0.13872962312824805,0.11134002658396239,0.11555779454734254,0.07860351735666805,0.17517903382471045,0.09571657758169255,0.06464819514178384,0.026709082489774195,0.1433428965860114,44,True
182,0.044734562326510394,0.14119077895862553,0.10522973598314866,0.12719814791423464,0.07912470382449746,0.19357695923420581,0.08659708216590574,0.05425618924733414,0.042809292746514876,0.1252825475990227,44,False
183,0.05585403457440793,0.10822091909001706,0.16583031485443972,0.12732555177102037,0.05072564482264369,0.19253942124630133,0.06642363937176463,0.0618392015106356,0.09286740518076644,0.07837386757800323,76,False
184,0.0624875485287077,0.11916672093905978,0.15372608724248388,0.11485192068287933,0.055440753784274405,0.19151780238879254,0.08972616254189121,0.05319291944811755,0.06868781061071826,0.09120227383307541,76,True
185,0.025250705193976788,0.14575750523098777,0.13788061461493348,0.12124458625707069,0.08433897431073648,0.18477352246383122,0.07251386590973033,0.0538089347663027,0.030755925540756648,0.14367536571167383,44,False
186,0.03192164590214692,0.13158259330998562,0.13777873745979782,0.12374170505832507,0.07965138371674166,0.19387997451146266,0.09381239779672178,0.05105189603280653,0.017368917690220392,0.13921074852179138,44,False
187,0.0436654106035198,0.136435879147417,0.11906508479852712,0.12167044081250684,0.09571370513072512,0.18156587440798347,0.0727433288724019,0.05121725918023236,0.039771160570917806,0.13815185647576847,44,False
188,0.022988661703175376,0.1314621569215355,0.12877043814920563,0.13295703672836237,0.07591992423041667,0.1990045533432801,0.09580320091014072,0.053040353100840994,0.03709624002782209,0.1229574348852206,44,False
