time,resource0,resource1,resource2,resource3,resource4,resource5,resource6,resource7,resource8,resource9,species0,species1,species2,species3,species4,species5,species6,species7,species8,species9,species10,species11,species12,species13,species14,species15,species16,species17,species18,species19,species20,species21,species22,species23,species24,species25,species26,species27,species28,species29,species30,species31,species32,species33,species34,species35,species36,species37,species38,species39,species40,species41,species42,species43,species44,species45,species46,species47,species48,species49,species50,species51,species52,species53,species54,species55,species56,species57,species58,species59,species60,species61,species62,species63,species64,species65,species66,species67,species68,species69,species70,species71,species72,species73,species74,species75,species76,species77,species78,species79,species80,species81,species82,species83,species84,species85,species86,species87,species88,species89,species90,species91,species92,species93,species94,species95,species96,species97,species98,species99,species100,species101,species102,species103,species104,species105,species106,species107,species108,species109,species110,species111,species112,species113,species114,species115,species116,species117,species118,species119,species120,species121,species122,species123,species124,species125,species126,species127,species128,species129,species130,species131,species132,species133,species134,species135,species136,species137,species138,species139,species140,species141,species142,species143,species144,species145,species146,species147,species148,species149,species150,species151,species152,species153,species154,species155,species156,species157,species158,species159,species160,species161,species162,species163,species164,species165,species166,species167,species168,species169,species170,species171,species172,species173,species174,species175,species176,species177,species178,species179,species180,species181,species182,species183,species184,species185,species186,species187,species188,species189,species190,species191,species192,species193,species194,species195,species196,species197,species198,species199,species200,species201,species202,species203,species204,species205,species206,species207,species208,species209,species210,species211,species212,species213,species214,species215,species216,species217,species218,species219,species220,species221,species222,species223,species224,species225,species226,species227,species228,species229,species230,species231,species232,species233,species234,species235,species236,species237,species238,species239,species240,species241,species242,species243,species244,species245,species246,species247,species248,species249,species250,species251,species252,species253,species254,species255,species256,species257,species258,species259,species260,species261,species262,species263,species264,species265,species266,species267,species268,species269,species270,species271,species272,species273,species274,species275,species276,species277,species278,species279,species280,species281,species282,species283,species284,species285,species286,species287,species288,species289,species290,species291,species292,species293,species294,species295,species296,species297,species298,species299,species300,species301,species302,species303,species304,species305,species306,species307,species308,species309,species310,species311,species312,species313,species314,species315,species316,species317,species318,species319,species320,species321,species322,species323,species324,species325,species326,species327,species328,species329,species330,species331,species332,species333,species334,species335,species336,species337,species338,species339,species340,species341,species342,species343,species344,species345,species346,species347,species348,species349,species350,species351,species352,species353,species354,species355,species356,species357,species358,species359,species360,species361,species362,species363,species364,species365,species366,species367,species368,species369,species370,species371,species372,species373,species374,species375,species376,species377,species378,species379,species380,species381,species382,species383,species384,species385,species386,species387,species388,species389,species390,species391,species392,species393,species394,species395,species396,species397,species398,species399,species400,species401,species402,species403,species404,species405,species406,species407,species408,species409,species410,species411,species412,species413,species414,species415,species416,species417,species418,species419,species420,species421,species422,species423,species424,species425,species426,species427,species428,species429,species430,species431,species432,species433,species434,species435,species436,species437,species438,species439,species440,species441,species442,species443,species444,species445,species446,species447,species448,species449,species450,species451,species452,species453,species454,species455,species456,species457,species458,species459,species460,species461,species462,species463,species464,species465,species466,species467,species468,species469,species470,species471,species472,species473,species474,species475,species476,species477,species478,species479,species480,species481,species482,species483,species484,species485,species486,species487,species488,species489,species490,species491,species492,species493,species494,species495,species496,species497,species498,species499
0.0,1.0,1.0,1.0,1.0,1.0,1.0,1.0,1.0,1.0,1.0,0.01,nan,nan,nan,nan,nan,nan,nan,nan,nan,nan,nan,nan,nan,nan,nan,nan,nan,nan,nan,nan,nan,nan,nan,nan,nan,nan,nan,nan,nan,nan,nan,nan,nan,nan,nan,nan,nan,nan,nan,nan,nan,nan,nan,nan,nan,nan,nan,nan,nan,nan,nan,nan,nan,nan,nan,nan,nan,nan,nan,nan,nan,nan,nan,nan,nan,nan,nan,nan,nan,nan,nan,nan,nan,nan,nan,nan,nan,nan,nan,nan,nan,nan,nan,nan,nan,nan,nan,nan,nan,nan,nan,nan,nan,nan,nan,nan,nan,nan,nan,nan,nan,nan,nan,nan,nan,nan,nan,nan,nan,nan,nan,nan,nan,nan,nan,nan,nan,nan,nan,nan,nan,nan,nan,nan,nan,nan,nan,nan,nan,nan,nan,nan,nan,nan,nan,nan,nan,nan,nan,nan,nan,nan,nan,nan,nan,nan,nan,nan,nan,nan,nan,nan,nan,nan,nan,nan,nan,nan,nan,nan,nan,nan,nan,nan,nan,nan,nan,nan,nan,nan,nan,nan,nan,nan,nan,nan,nan,nan,nan,nan,nan,nan,nan,nan,nan,nan,nan,nan,nan,nan,nan,nan,nan,nan,nan,nan,nan,nan,nan,nan,nan,nan,nan,nan,nan,nan,nan,nan,nan,nan,nan,nan,nan,nan,nan,nan,nan,nan,nan,nan,nan,nan,nan,nan,nan,nan,nan,nan,nan,nan,nan,nan,nan,nan,nan,nan,nan,nan,nan,nan,nan,nan,nan,nan,nan,nan,nan,nan,nan,nan,nan,nan,nan,nan,nan,nan,nan,nan,nan,nan,nan,nan,nan,nan,nan,nan,nan,nan,nan,nan,nan,nan,nan,nan,nan,nan,nan,nan,nan,nan,nan,nan,nan,nan,nan,nan,nan,nan,nan,nan,nan,nan,nan,nan,nan,nan,nan,nan,nan,nan,nan,nan,nan,nan,nan,nan,nan,nan,nan,nan,nan,nan,nan,nan,nan,nan,nan,nan,nan,nan,nan,nan,nan,nan,nan,nan,nan,nan,nan,nan,nan,nan,nan,nan,nan,nan,nan,nan,nan,nan,nan,nan,nan,nan,nan,nan,nan,nan,nan,nan,nan,nan,nan,nan,nan,nan,nan,nan,nan,nan,nan,nan,nan,nan,nan,nan,nan,nan,nan,nan,nan,nan,nan,nan,nan,nan,nan,nan,nan,nan,nan,nan,nan,nan,nan,nan,nan,nan,nan,nan,nan,nan,nan,nan,nan,nan,nan,nan,nan,nan,nan,nan,nan,nan,nan,nan,nan,nan,nan,nan,nan,nan,nan,nan,nan,nan,nan,nan,nan,nan,nan,nan,nan,nan,nan,nan,nan,nan,nan,nan,nan,nan,nan,nan,nan,nan,nan,nan,nan,nan,nan,nan,nan,nan,nan,nan,nan,nan,nan,nan,nan,nan,nan,nan,nan,nan,nan,nan,nan,nan,nan,nan,nan,nan,nan,nan,nan,nan,nan,nan,nan,nan,nan,nan,nan,nan,nan,nan,nan,nan,nan,nan,nan,nan,nan,nan,nan,nan,nan,nan,nan,nan,nan,nan,nan,nan,nan,nan,nan
1000.0,38.56480437269965,0.0,32.6629529321378,38.1839739576146,39.54947183071577,40.402594972318106,11.420807309722473,16.999973053135495,18.691038785360792,17.09714539594419,0.0,0.0,0.0,0.0,0.0,0.0,0.0,0.0,0.0,0.0,0.0,0.88902241760752,0.0,0.0,0.0,0.0,0.0,0.0,0.21925806110993934,57.70813023299857,0.0,10.412284906829296,0.0,0.0,0.0,0.043232833346018754,1.353700053330188,2.810676617249814,0.0,30.3282234418447,0.0,0.0,0.0,37.93517326018175,0.0,0.03342700815406395,0.0,0.0,0.0,0.0,0.0,0.0,3.183073800386245,2.9560124185887755,0.0,0.1281813375165557,0.005808017142856033,0.1886522539569988,0.0,0.0,0.029835977282860877,0.0,0.053699049249400166,0.0,0.0073331779023529595,0.076875800494605,0.052002496152459304,0.0452681456470236,0.0,0.0035364990674038683,0.6256846775147356,0.08087443448927971,0.019504896271077744,0.022804500745156744,nan,nan,nan,nan,nan,nan,nan,nan,nan,nan,nan,nan,nan,nan,nan,nan,nan,nan,nan,nan,nan,nan,nan,nan,nan,nan,nan,nan,nan,nan,nan,nan,nan,nan,nan,nan,nan,nan,nan,nan,nan,nan,nan,nan,nan,nan,nan,nan,nan,nan,nan,nan,nan,nan,nan,nan,nan,nan,nan,nan,nan,nan,nan,nan,nan,nan,nan,nan,nan,nan,nan,nan,nan,nan,nan,nan,nan,nan,nan,nan,nan,nan,nan,nan,nan,nan,nan,nan,nan,nan,nan,nan,nan,nan,nan,nan,nan,nan,nan,nan,nan,nan,nan,nan,nan,nan,nan,nan,nan,nan,nan,nan,nan,nan,nan,nan,nan,nan,nan,nan,nan,nan,nan,nan,nan,nan,nan,nan,nan,nan,nan,nan,nan,nan,nan,nan,nan,nan,nan,nan,nan,nan,nan,nan,nan,nan,nan,nan,nan,nan,nan,nan,nan,nan,nan,nan,nan,nan,nan,nan,nan,nan,nan,nan,nan,nan,nan,nan,nan,nan,nan,nan,nan,nan,nan,nan,nan,nan,nan,nan,nan,nan,nan,nan,nan,nan,nan,nan,nan,nan,nan,nan,nan,nan,nan,nan,nan,nan,nan,nan,nan,nan,nan,nan,nan,nan,nan,nan,nan,nan,nan,nan,nan,nan,nan,nan,nan,nan,nan,nan,nan,nan,nan,nan,nan,nan,nan,nan,nan,nan,nan,nan,nan,nan,nan,nan,nan,nan,nan,nan,nan,nan,nan,nan,nan,nan,nan,nan,nan,nan,nan,nan,nan,nan,nan,nan,nan,nan,nan,nan,nan,nan,nan,nan,nan,nan,nan,nan,nan,nan,nan,nan,nan,nan,nan,nan,nan,nan,nan,nan,nan,nan,nan,nan,nan,nan,nan,nan,nan,nan,nan,nan,nan,nan,nan,nan,nan,nan,nan,nan,nan,nan,nan,nan,nan,nan,nan,nan,nan,nan,nan,nan,nan,nan,nan,nan,nan,nan,nan,nan,nan,nan,nan,nan,nan,nan,nan,nan,nan,nan,nan,nan,nan,nan,nan,nan,nan,nan,nan,nan,nan,nan,nan,nan,nan,nan,nan,nan,nan,nan,nan,nan,nan,nan,nan,nan,nan,nan,nan,nan,nan,nan,nan,nan,nan,nan,nan,nan,nan,nan,nan,nan,nan,nan,nan,nan,nan,nan,nan,nan,nan,nan,nan,nan,nan,nan,nan,nan,nan,nan,nan,nan,nan,nan,nan,nan,nan,nan,nan,nan,nan,nan,nan,nan,nan,nan,nan,nan,nan,nan,nan,nan,nan,nan,nan,nan,nan,nan,nan,nan,nan,nan,nan,nan,nan,nan,nan,nan,nan,nan,nan,nan,nan,nan,nan,nan
2000.0,15.94822146961568,19.893561326815075,5.114556901213,18.417244155890135,23.44812457653937,20.491450067455357,4.474166465696472,20.648053694197216,29.233822935566497,21.57815454415863,0.0,0.0,0.0,0.0,0.0,0.0,0.0,0.0,0.0,0.0,0.0,0.0,0.0,0.0,0.0,0.0,0.0,0.0,0.0,0.0,0.0,0.0,0.0,0.0,0.0,0.0,83.70363547414095,0.0,0.0,0.8434578063187819,0.0,0.0,0.0,0.4049456768569023,0.0,0.08543182705397188,0.0,0.0,0.0,0.0,0.0,0.0,1.1396248576722359,0.0,0.0,0.4128868632544915,0.0,0.0,0.0,0.0,0.0,0.0,0.0,0.0,0.0,0.0,0.0,0.0,0.0,0.0,7.357514481004924,0.0,0.0,0.0,0.0,0.20537868404412607,0.0,0.0,0.0,0.0,0.0,0.0,41.36511584794165,0.29549717707356826,0.0,3.207210440531467,0.49470153093758795,0.0,0.0,0.0,0.0057751379892276205,11.178195629783042,0.0,0.0,0.05403959469864969,0.0,0.0,0.0,0.0,0.48358334855245305,0.0,0.0,0.0,0.0,0.0,0.0,0.0,0.030403047292518835,0.0,0.0,0.0,0.0,0.0,0.0,0.0,0.0,2.287890227014524,0.0807185460733787,0.0,0.0,5.388166922619503,0.4154414651580918,0.0,0.01828747034226111,0.143484338930958,0.016533248729990152,0.6035052961216094,0.0,0.0,0.0,0.0,0.0,0.0,0.0,0.015700766306999125,0.2562460362283394,0.0,0.09864518760866078,0.950795449920993,0.024932246816458403,0.0,0.0,0.04744372278419699,0.0,0.0,0.013325830639027278,0.005692772194530561,0.034183312510212276,0.01261038196709116,0.015587402811737225,nan,nan,nan,nan,nan,nan,nan,nan,nan,nan,nan,nan,nan,nan,nan,nan,nan,nan,nan,nan,nan,nan,nan,nan,nan,nan,nan,nan,nan,nan,nan,nan,nan,nan,nan,nan,nan,nan,nan,nan,nan,nan,nan,nan,nan,nan,nan,nan,nan,nan,nan,nan,nan,nan,nan,nan,nan,nan,nan,nan,nan,nan,nan,nan,nan,nan,nan,nan,nan,nan,nan,nan,nan,nan,nan,nan,nan,nan,nan,nan,nan,nan,nan,nan,nan,nan,nan,nan,nan,nan,nan,nan,nan,nan,nan,nan,nan,nan,nan,nan,nan,nan,nan,nan,nan,nan,nan,nan,nan,nan,nan,nan,nan,nan,nan,nan,nan,nan,nan,nan,nan,nan,nan,nan,nan,nan,nan,nan,nan,nan,nan,nan,nan,nan,nan,nan,nan,nan,nan,nan,nan,nan,nan,nan,nan,nan,nan,nan,nan,nan,nan,nan,nan,nan,nan,nan,nan,nan,nan,nan,nan,nan,nan,nan,nan,nan,nan,nan,nan,nan,nan,nan,nan,nan,nan,nan,nan,nan,nan,nan,nan,nan,nan,nan,nan,nan,nan,nan,nan,nan,nan,nan,nan,nan,nan,nan,nan,nan,nan,nan,nan,nan,nan,nan,nan,nan,nan,nan,nan,nan,nan,nan,nan,nan,nan,nan,nan,nan,nan,nan,nan,nan,nan,nan,nan,nan,nan,nan,nan,nan,nan,nan,nan,nan,nan,nan,nan,nan,nan,nan,nan,nan,nan,nan,nan,nan,nan,nan,nan,nan,nan,nan,nan,nan,nan,nan,nan,nan,nan,nan,nan,nan,nan,nan,nan,nan,nan,nan,nan,nan,nan,nan,nan,nan,nan,nan,nan,nan,nan,nan,nan,nan,nan,nan,nan,nan,nan,nan,nan,nan,nan,nan,nan,nan,nan,nan,nan,nan,nan,nan,nan,nan,nan,nan,nan,nan,nan,nan,nan,nan,nan,nan,nan,nan,nan,nan,nan,nan,nan,nan,nan,nan,nan,nan,nan,nan,nan,nan,nan,nan,nan,nan,nan,nan,nan,nan,nan,nan,nan,nan,nan,nan,nan,nan,nan,nan,nan,nan,nan,nan,nan,nan,nan,nan,nan,nan,nan,nan,nan,nan
3000.0,29.19684587062419,9.067781188989244,4.539695137005842,25.571057497194456,18.734570912354627,19.002727100130215,26.507168746943908,25.082919967737194,33.87162214445281,25.763354854570867,0.0,0.0,0.0,0.0,0.0,0.0,0.0,0.0,0.0,0.0,0.0,0.0,0.0,0.0,0.0,0.0,0.0,0.0,0.0,0.0,0.0,0.0,0.0,0.0,0.0,0.0,3.695108262992994,0.0,0.0,0.22445427668810314,0.0,0.0,0.0,40.13383983336201,0.0,0.0,0.0,0.0,0.0,0.0,0.0,0.0,6.893889283625682,0.0,0.0,0.6738285066405717,0.0,0.0,0.0,0.0,0.0,0.0,0.0,0.0,0.0,0.0,0.0,0.0,0.0,0.0,0.0,0.0,0.0,0.0,0.0,0.10944396298128244,0.0,0.0,0.0,0.0,0.0,0.0,31.519076699828112,0.4153270525761411,0.0,0.0,0.3060232980149063,0.0,0.0,0.0,1.2117715175747026,0.13681487861592645,0.0,0.0,0.16638926744641483,0.0,0.0,0.0,0.0,0.0,0.0,0.0,0.0,0.0,0.0,0.0,0.0,0.0,0.0,0.0,0.0,0.0,0.0,0.0,0.0,0.0,0.0,0.0,0.0,0.0,0.0,0.0,0.0,0.0,0.0,0.0,0.0,0.0,0.0,0.0,0.0,0.0,0.0,0.0,0.006369438913670749,1.4458708122819173,0.0,0.0,0.0,0.0,0.0,0.0,0.0,0.0,0.0,0.0,0.0,0.0,0.21403095790398213,0.012612983907250226,0.0,0.0,0.0,0.0,0.0,1.6658577451314074,0.0,0.0,0.0,0.11473941320005193,0.4775282390074943,0.0,0.0,25.51392344108281,0.0,0.0,0.0,0.0,0.0,0.0,0.0,0.3667668288413135,0.3302596798401418,0.0,0.0,0.0,0.0,0.0,0.02397112112004955,0.37478909400644816,0.010381788576026762,0.14088428834716504,0.0,0.0,0.013430511978575673,0.0,0.0,0.0,0.0,0.046168970300410395,0.005867234139209177,0.0,0.0,0.0,2.7227237025724746,0.007017980618718438,0.0,0.0,0.0,0.0,0.0,0.08618278164572414,0.09458416113176378,0.0,0.0,0.012584169674452087,0.0,0.0,0.03103643393742265,0.0,0.0,0.0,0.0,0.0051547883746619295,0.005038240927848671,0.004197046085902391,0.001873630910828749,0.010153447877160729,0.005069484631646044,0.023466036795509536,0.02476857123632478,0.04806260341320624,0.014859782575748512,nan,nan,nan,nan,nan,nan,nan,nan,nan,nan,nan,nan,nan,nan,nan,nan,nan,nan,nan,nan,nan,nan,nan,nan,nan,nan,nan,nan,nan,nan,nan,nan,nan,nan,nan,nan,nan,nan,nan,nan,nan,nan,nan,nan,nan,nan,nan,nan,nan,nan,nan,nan,nan,nan,nan,nan,nan,nan,nan,nan,nan,nan,nan,nan,nan,nan,nan,nan,nan,nan,nan,nan,nan,nan,nan,nan,nan,nan,nan,nan,nan,nan,nan,nan,nan,nan,nan,nan,nan,nan,nan,nan,nan,nan,nan,nan,nan,nan,nan,nan,nan,nan,nan,nan,nan,nan,nan,nan,nan,nan,nan,nan,nan,nan,nan,nan,nan,nan,nan,nan,nan,nan,nan,nan,nan,nan,nan,nan,nan,nan,nan,nan,nan,nan,nan,nan,nan,nan,nan,nan,nan,nan,nan,nan,nan,nan,nan,nan,nan,nan,nan,nan,nan,nan,nan,nan,nan,nan,nan,nan,nan,nan,nan,nan,nan,nan,nan,nan,nan,nan,nan,nan,nan,nan,nan,nan,nan,nan,nan,nan,nan,nan,nan,nan,nan,nan,nan,nan,nan,nan,nan,nan,nan,nan,nan,nan,nan,nan,nan,nan,nan,nan,nan,nan,nan,nan,nan,nan,nan,nan,nan,nan,nan,nan,nan,nan,nan,nan,nan,nan,nan,nan,nan,nan,nan,nan,nan,nan,nan,nan,nan,nan,nan,nan,nan,nan,nan,nan,nan,nan,nan,nan,nan,nan,nan,nan,nan,nan,nan,nan,nan,nan,nan,nan,nan,nan,nan,nan,nan,nan,nan,nan,nan,nan,nan,nan,nan,nan,nan,nan,nan,nan,nan,nan,nan,nan,nan,nan,nan,nan,nan,nan,nan,nan,nan,nan,nan
4000.0,9.508489321978029,19.08361471350818,27.10278610143782,19.8979875157384,18.79685814055758,13.338621493554099,16.100861652907657,13.889913275020115,11.097442448857848,9.309672294156117,0.0,0.0,0.0,0.0,0.0,0.0,0.0,0.0,0.0,0.0,0.0,0.0,0.0,0.0,0.0,0.0,0.0,0.0,0.0,0.0,0.0,0.0,0.0,0.0,0.0,0.0,13.351962223588624,0.0,0.0,0.0,0.0,0.0,0.0,6.696827030291149,0.0,0.0,0.0,0.0,0.0,0.0,0.0,0.0,0.06991347347782059,0.0,0.0,0.0,0.0,0.0,0.0,0.0,0.0,0.0,0.0,0.0,0.0,0.0,0.0,0.0,0.0,0.0,0.0,0.0,0.0,0.0,0.0,0.003672544753939317,0.0,0.0,0.0,0.0,0.0,0.0,31.052848137479348,0.021462791103680358,0.0,0.0,0.0,0.0,0.0,0.0,0.0013366477633930255,1.0170878861392996,0.0,0.0,0.006330570906176511,0.0,0.0,0.0,0.0,0.0,0.0,0.0,0.0,0.0,0.0,0.0,0.0,0.0,0.0,0.0,0.0,0.0,0.0,0.0,0.0,0.0,0.0,0.0,0.0,0.0,0.0,0.0,0.0,0.0,0.0,0.0,0.0,0.0,0.0,0.0,0.0,0.0,0.0,0.0,0.0,1.6247513646155167,0.0,0.0,0.0,0.0,0.0,0.0,0.0,0.0,0.0,0.0,0.0,0.0,0.9901735664957236,0.0,0.0,0.0,0.0,0.0,0.0,0.006384475455695726,0.0,0.0,0.0,0.0,1.2211283220403417,0.0,0.0,0.029972647054780675,0.0,0.0,0.0,0.0,0.0,0.0,0.0,0.0,0.15825595858375308,0.0,0.0,0.0,0.0,0.0,0.0,0.025066948468276045,0.0,0.14091167209168312,0.0,0.0,0.0016686609835140091,0.0,0.0,0.0,0.0,0.0,0.0,0.0,0.0,0.0,0.1941562485183046,0.0,0.0,0.0,0.0,0.0,0.0,2.3179085118332026,0.0037802070526225277,0.0,0.0,0.0,0.0,0.0,0.11647998902207651,0.0,0.0,0.0,0.0,0.0,0.0,0.0,0.0,0.0,0.0,0.0,0.0,0.0,0.0,0.0,0.0,0.0,0.0,0.0,0.05615862392950849,0.004978159781479408,0.0,0.0,0.0,0.0,0.006228808076081816,0.0,0.0,0.0,0.0,0.0,0.0,0.0,0.0,0.0,0.007497719297930668,0.0,0.0,0.0,0.6309285125454758,0.0,0.0552569568761306,0.0,0.0,0.0,0.0,0.052039546650784335,0.0013742501265317031,0.0,0.002495797271207475,0.0,0.0,0.0,0.0,0.0011684989904961968,0.0019565019760073407,0.011299138121510954,0.0714648946357361,0.0,0.0011143591481834777,0.0,0.044406616314834314,0.0,0.02239897739606868,0.0,0.0,0.0021621939851869582,0.06448444212588225,0.0,0.005180336492897223,0.007244510571118597,0.012961060642011071,0.00143310583113832,0.0,0.13413369609009967,0.013699888662192588,0.0026657507795788777,0.002599447109913158,0.00373145117253864,0.0027985570027860844,0.010023695209541543,0.004774433480141435,0.007571200399170156,0.0070735331914176,nan,nan,nan,nan,nan,nan,nan,nan,nan,nan,nan,nan,nan,nan,nan,nan,nan,nan,nan,nan,nan,nan,nan,nan,nan,nan,nan,nan,nan,nan,nan,nan,nan,nan,nan,nan,nan,nan,nan,nan,nan,nan,nan,nan,nan,nan,nan,nan,nan,nan,nan,nan,nan,nan,nan,nan,nan,nan,nan,nan,nan,nan,nan,nan,nan,nan,nan,nan,nan,nan,nan,nan,nan,nan,nan,nan,nan,nan,nan,nan,nan,nan,nan,nan,nan,nan,nan,nan,nan,nan,nan,nan,nan,nan,nan,nan,nan,nan,nan,nan,nan,nan,nan,nan,nan,nan,nan,nan,nan,nan,nan,nan,nan,nan,nan,nan,nan,nan,nan,nan,nan,nan,nan,nan,nan,nan,nan,nan,nan,nan,nan,nan,nan,nan,nan,nan,nan,nan,nan,nan,nan,nan,nan,nan,nan,nan,nan,nan,nan,nan,nan,nan,nan,nan,nan,nan,nan,nan,nan,nan,nan,nan,nan,nan,nan,nan,nan,nan,nan,nan,nan,nan,nan,nan,nan,nan,nan,nan,nan,nan,nan,nan,nan,nan,nan,nan,nan,nan,nan,nan,nan,nan,nan,nan,nan,nan,nan,nan,nan,nan,nan,nan,nan,nan,nan,nan,nan,nan,nan,nan,nan,nan,nan,nan,nan,nan,nan
5000.0,19.490552955203444,11.270954525026617,5.710943979294228,23.282145971111735,22.073279560773663,18.39149023090784,13.01987128111192,25.495978781300455,21.761914591477943,29.350451108673344,0.0,0.0,0.0,0.0,0.0,0.0,0.0,0.0,0.0,0.0,0.0,0.0,0.0,0.0,0.0,0.0,0.0,0.0,0.0,0.0,0.0,0.0,0.0,0.0,0.0,0.0,0.137157741229713,0.0,0.0,0.0,0.0,0.0,0.0,1.8063991008216689,0.0,0.0,0.0,0.0,0.0,0.0,0.0,0.0,4.379226119324121,0.0,0.0,0.0,0.0,0.0,0.0,0.0,0.0,0.0,0.0,0.0,0.0,0.0,0.0,0.0,0.0,0.0,0.0,0.0,0.0,0.0,0.0,0.0,0.0,0.0,0.0,0.0,0.0,0.0,56.042218448613646,3.652159763139472,0.0,0.0,0.0,0.0,0.0,0.0,0.02135669027938269,6.898346147251694,0.0,0.0,2.2315917910592686,0.0,0.0,0.0,0.0,0.0,0.0,0.0,0.0,0.0,0.0,0.0,0.0,0.0,0.0,0.0,0.0,0.0,0.0,0.0,0.0,0.0,0.0,0.0,0.0,0.0,0.0,0.0,0.0,0.0,0.0,0.0,0.0,0.0,0.0,0.0,0.0,0.0,0.0,0.0,0.0,0.1350059326339452,0.0,0.0,0.0,0.0,0.0,0.0,0.0,0.0,0.0,0.0,0.0,0.0,2.173526739216763,0.0,0.0,0.0,0.0,0.0,0.0,0.0,0.0,0.0,0.0,0.0,0.4069363161946255,0.0,0.0,0.06706489586018996,0.0,0.0,0.0,0.0,0.0,0.0,0.0,0.0,0.01104984022918672,0.0,0.0,0.0,0.0,0.0,0.0,0.0019153729459895686,0.0,0.9319298773037764,0.0,0.0,1.0959860414390707,0.0,0.0,0.0,0.0,0.0,0.0,0.0,0.0,0.0,2.4018474421528544,0.0,0.0,0.0,0.0,0.0,0.0,0.023036313715753667,0.5197094375361233,0.0,0.0,0.0,0.0,0.0,2.3914522735695902,0.0,0.0,0.0,0.0,0.0,0.0,0.0,0.0,0.0,0.0,0.0,0.0,0.0,0.0,0.0,0.0,0.0,0.0,0.0,0.0,0.07298099596442216,0.0,0.0,0.0,0.0,0.0,0.0,0.0,0.0,0.0,0.0,0.0,0.0,0.0,0.0,0.030832880767222834,0.0,0.0,0.0,0.0625032607652986,0.0,0.0,0.0,0.0,0.0,0.0,0.0,0.31865287581328994,0.0,0.0,0.0,0.0,0.0,0.0,0.0,0.0,0.0,0.1908473838374178,0.0,0.0,0.0,0.08711346892176111,0.0,0.10903874721913834,0.0,0.0,0.0,0.0,0.0,1.8969645828742205,0.025257223927422412,0.0,0.0,0.0,0.0017393352026943661,0.06276843208996441,0.0,0.0,0.0,0.0,1.7038079434241193,1.8441455168890437,0.0,0.0,0.0,0.0,0.0,0.012533751254967687,0.0,0.1142145408944416,0.0,0.06590715243764712,0.0,0.0,0.0,0.0,0.0,0.03192072053564573,0.0,0.03589135097206166,0.0031414976771781604,17.26672214277989,0.005203793314779303,0.0,0.0,0.0,0.0,0.7412067584715809,0.18189193007657053,0.0,0.940747263580913,0.0,0.0,0.013915086807214075,0.04992493520492573,0.0,0.0,0.0,0.0,0.025440219478357715,0.051279894704637376,0.0,0.0,0.0,0.0098993840985775,0.0,0.004247175447360528,0.0,0.0,0.002200821810469187,0.0,0.0028450859340329055,0.01777609574838729,1.2363118942346563,0.00820171208138308,0.03133434934360087,0.0034264880660713768,0.015760355858810894,0.03706668144194248,0.005824457044185491,0.0015320921024458889,0.0,0.008518294370142199,0.008997863226412176,0.0073309918276377424,0.009724507444333135,0.011882483306746754,0.009944501406347735,nan,nan,nan,nan,nan,nan,nan,nan,nan,nan,nan,nan,nan,nan,nan,nan,nan,nan,nan,nan,nan,nan,nan,nan,nan,nan,nan,nan,nan,nan,nan,nan,nan,nan,nan,nan,nan,nan,nan,nan,nan,nan,nan,nan,nan,nan,nan,nan,nan,nan,nan,nan,nan,nan,nan,nan,nan,nan,nan,nan,nan,nan,nan,nan,nan,nan,nan,nan,nan,nan,nan,nan,nan,nan,nan,nan,nan,nan,nan,nan,nan,nan,nan,nan,nan,nan,nan,nan,nan,nan,nan,nan,nan,nan,nan,nan,nan,nan,nan,nan,nan,nan,nan,nan,nan,nan,nan,nan,nan,nan,nan,nan,nan,nan,nan,nan,nan,nan,nan,nan,nan,nan,nan,nan,nan,nan,nan,nan,nan,nan,nan,nan,nan,nan,nan,nan,nan,nan,nan,nan,nan,nan,nan,nan,nan,nan,nan,nan,nan,nan,nan,nan,nan
6000.0,8.267821432783446,20.330118990248852,18.88175467597642,14.11346792145584,2.449019169328201,14.685031215129328,13.912881669868844,17.69601439593632,15.139154184193536,18.000290237630036,0.0,0.0,0.0,0.0,0.0,0.0,0.0,0.0,0.0,0.0,0.0,0.0,0.0,0.0,0.0,0.0,0.0,0.0,0.0,0.0,0.0,0.0,0.0,0.0,0.0,0.0,7.871144426495875,0.0,0.0,0.0,0.0,0.0,0.0,0.735410290632121,0.0,0.0,0.0,0.0,0.0,0.0,0.0,0.0,0.004421176006502858,0.0,0.0,0.0,0.0,0.0,0.0,0.0,0.0,0.0,0.0,0.0,0.0,0.0,0.0,0.0,0.0,0.0,0.0,0.0,0.0,0.0,0.0,0.0,0.0,0.0,0.0,0.0,0.0,0.0,15.244653802333975,2.018863425001116,0.0,0.0,0.0,0.0,0.0,0.0,0.7792768118544768,0.01385131392661323,0.0,0.0,0.04205953979648329,0.0,0.0,0.0,0.0,0.0,0.0,0.0,0.0,0.0,0.0,0.0,0.0,0.0,0.0,0.0,0.0,0.0,0.0,0.0,0.0,0.0,0.0,0.0,0.0,0.0,0.0,0.0,0.0,0.0,0.0,0.0,0.0,0.0,0.0,0.0,0.0,0.0,0.0,0.0,0.0,0.36728300660049545,0.0,0.0,0.0,0.0,0.0,0.0,0.0,0.0,0.0,0.0,0.0,0.0,1.232066392494483,0.0,0.0,0.0,0.0,0.0,0.0,0.0,0.0,0.0,0.0,0.0,0.0070740305937753,0.0,0.0,11.152757401376032,0.0,0.0,0.0,0.0,0.0,0.0,0.0,0.0,0.0,0.0,0.0,0.0,0.0,0.0,0.0,0.0,0.0,0.0,0.0,0.0,0.0,0.0,0.0,0.0,0.0,0.0,0.0,0.0,0.0,0.0,7.894133864032465,0.0,0.0,0.0,0.0,0.0,0.0,5.907317574154324,0.21951266108084136,0.0,0.0,0.0,0.0,0.0,0.010003073268025114,0.0,0.0,0.0,0.0,0.0,0.0,0.0,0.0,0.0,0.0,0.0,0.0,0.0,0.0,0.0,0.0,0.0,0.0,0.0,0.0,0.001998748194793867,0.0,0.0,0.0,0.0,0.0,0.0,0.0,0.0,0.0,0.0,0.0,0.0,0.0,0.0,0.0,0.0,0.0,0.0,0.03335262158874044,0.0,0.0,0.0,0.0,0.0,0.0,0.0,0.0,0.0,0.0,0.0,0.0,0.0,0.0,0.0,0.0,0.0,0.11831280156172254,0.0,0.0,0.0,3.2491190253720474,0.0,0.0,0.0,0.0,0.0,0.0,0.0,0.00472936346618205,9.383047875712888,0.0,0.0,0.0,0.0,0.0,0.0,0.0,0.0,0.0,0.0,0.0,0.0,0.0,0.0,0.0,0.0,0.0,0.0,0.0,0.0,0.011795809683548866,0.0,0.0,0.0,0.0,0.0,0.0,0.0,0.0,0.0,0.0,0.0,0.0,0.0,0.0,0.0,0.0,0.7920743477091315,0.0,0.0,0.0,0.0,0.00707773293610958,0.0,0.0,0.0,0.0,0.0,0.0,0.009383852740022985,0.0,0.0,0.0,0.0,0.0,0.0,0.0,0.0,0.0,0.0,0.0,0.0,0.007989899976441353,0.0,0.02204683822923779,0.0,0.0,0.00298586701296027,0.0,0.0,0.0,0.0,0.0,0.0,0.0,0.0,0.0,0.0,0.0,0.0,0.0028280931288330443,0.0,0.0,0.0,0.0,0.0,0.0,0.0,0.0,0.0,0.0,0.0,0.0,0.0,0.009974736059616013,0.021346117422026294,0.0031290721026587948,0.0,0.012040118559935892,0.0,0.0,0.0,0.0,0.014936455490503145,0.0,0.0,0.0,0.17638332609894483,0.0,0.0030769230860065813,0.00116989888868136,0.0,0.004385377602597761,0.0032117713040528493,0.0,0.0022681574195295663,0.0,0.014507096977067868,0.0,0.0,0.003098233318016996,0.001221586588152926,0.007786104236826524,0.0027344526096222672,0.001115283647817818,0.0026848036644243627,0.0013147936637573296,0.0,0.0027216081595933667,0.0027403883182381852,0.007386922461868155,0.008837924412255957,0.008005511955207135,0.006022906871325821,0.009037631277443442,0.00699679564938967,0.009436358770498303,nan,nan,nan,nan,nan,nan,nan,nan,nan,nan,nan,nan,nan,nan,nan,nan,nan,nan,nan,nan,nan,nan,nan,nan,nan,nan,nan,nan,nan,nan,nan,nan,nan,nan,nan,nan,nan,nan,nan,nan,nan,nan,nan,nan,nan,nan,nan,nan,nan,nan,nan,nan,nan,nan,nan,nan,nan,nan,nan,nan,nan,nan,nan,nan,nan,nan,nan,nan,nan,nan,nan,nan,nan,nan,nan,nan,nan,nan,nan,nan,nan,nan,nan,nan,nan,nan,nan,nan,nan,nan,nan,nan,nan
7000.0,23.127067457227366,21.442190438499875,6.943986896993531,22.10846952857214,23.426149019474796,17.666218683143434,17.86616925757685,19.238490521334988,18.519409393308617,8.3026723138615,0.0,0.0,0.0,0.0,0.0,0.0,0.0,0.0,0.0,0.0,0.0,0.0,0.0,0.0,0.0,0.0,0.0,0.0,0.0,0.0,0.0,0.0,0.0,0.0,0.0,0.0,0.5403186783287003,0.0,0.0,0.0,0.0,0.0,0.0,0.009080360341522556,0.0,0.0,0.0,0.0,0.0,0.0,0.0,0.0,0.35140281447442945,0.0,0.0,0.0,0.0,0.0,0.0,0.0,0.0,0.0,0.0,0.0,0.0,0.0,0.0,0.0,0.0,0.0,0.0,0.0,0.0,0.0,0.0,0.0,0.0,0.0,0.0,0.0,0.0,0.0,79.25847249456464,0.4810745593505689,0.0,0.0,0.0,0.0,0.0,0.0,0.17377020348482994,0.3156461265454585,0.0,0.0,5.199911717259921,0.0,0.0,0.0,0.0,0.0,0.0,0.0,0.0,0.0,0.0,0.0,0.0,0.0,0.0,0.0,0.0,0.0,0.0,0.0,0.0,0.0,0.0,0.0,0.0,0.0,0.0,0.0,0.0,0.0,0.0,0.0,0.0,0.0,0.0,0.0,0.0,0.0,0.0,0.0,0.0,0.015739625734719494,0.0,0.0,0.0,0.0,0.0,0.0,0.0,0.0,0.0,0.0,0.0,0.0,3.3377436436448367,0.0,0.0,0.0,0.0,0.0,0.0,0.0,0.0,0.0,0.0,0.0,0.28701592072873106,0.0,0.0,1.5031620692402876,0.0,0.0,0.0,0.0,0.0,0.0,0.0,0.0,0.0,0.0,0.0,0.0,0.0,0.0,0.0,0.0,0.0,0.0,0.0,0.0,0.0,0.0,0.0,0.0,0.0,0.0,0.0,0.0,0.0,0.0,18.283966968801792,0.0,0.0,0.0,0.0,0.0,0.0,0.9123223611166913,2.8238049802899425,0.0,0.0,0.0,0.0,0.0,0.3981456058753896,0.0,0.0,0.0,0.0,0.0,0.0,0.0,0.0,0.0,0.0,0.0,0.0,0.0,0.0,0.0,0.0,0.0,0.0,0.0,0.0,0.0,0.0,0.0,0.0,0.0,0.0,0.0,0.0,0.0,0.0,0.0,0.0,0.0,0.0,0.0,0.0,0.0,0.0,0.0,0.0,0.0,0.0,0.0,0.0,0.0,0.0,0.0,0.0,0.0,0.0,0.0,0.0,0.0,0.0,0.0,0.0,0.0,0.11735272260071605,0.0,0.0,0.0,0.08935712735030914,0.0,0.0,0.0,0.0,0.0,0.0,0.0,0.0651672770924048,0.997356936355831,0.0,0.0,0.0,0.0,0.0,0.0,0.0,0.0,0.0,0.0,0.0,0.0,0.0,0.0,0.0,0.0,0.0,0.0,0.0,0.0,0.0,0.0,0.0,0.0,0.0,0.0,0.0,0.0,0.0,0.0,0.0,0.0,0.0,0.0,0.0,0.0,0.0,1.6817393583257307,0.0,0.0,0.0,0.0,0.204640751458012,0.0,0.0,0.0,0.0,0.0,0.0,0.003669372526072611,0.0,0.0,0.0,0.0,0.0,0.0,0.0,0.0,0.0,0.0,0.0,0.0,0.02708350590184638,0.0,0.0045111390746474965,0.0,0.0,0.0,0.0,0.0,0.0,0.0,0.0,0.0,0.0,0.0,0.0,0.0,0.0,0.0,0.0,0.0,0.0,0.0,0.0,0.0,0.0,0.0,0.0,0.0,0.0,0.0,0.0,0.0,0.0,0.0,0.0,0.0,0.007082523987803579,0.0,0.0,0.0,0.0,0.018836284796499965,0.0,0.0,0.0,0.04482753796988586,0.0,0.010274271076555947,0.025980200268630276,0.0,0.02420298475373005,0.0,0.0,0.0,0.0,0.0,0.0,0.0,0.006581491425464075,0.0,0.0,0.0,0.0,0.0,0.0,0.0,0.020755442974171152,0.0011161436431067961,0.007545128751627989,0.0,0.0,0.0,0.0,0.0,0.03709124781435777,0.0,0.0,0.0025621261556343215,0.0023029027547111507,0.3006959268830117,0.4579032291178809,0.0,0.0,0.0,0.0640581982231445,0.0,0.0,0.0,0.04265574563253811,0.0,0.061940771476427514,0.0,2.7688498236256973,0.0,0.8306434427410468,0.019222231536021542,0.013511760637836122,0.0,0.0,0.0029208620881781564,0.004583923734761071,1.1064539700833769,0.0,0.01731919847632363,0.0,0.0,0.007066252784780175,0.0,0.0,0.0,0.010298445473176557,0.0,0.0,0.0022611674514889913,0.04114039706607577,0.0,0.6475538885567403,21.644047818790167,0.0,0.005792463820041101,0.0,0.010761676681599703,0.07225923018625112,0.0,0.0010958652454455297,0.0,0.0,0.002679002664353229,0.002200212551836882,0.0,0.0018798939009950935,0.026714183500942366,0.0023435397840759543,0.0,0.0015258918658016736,0.0037918836179095155,0.02913942167715677,0.00416138872722411,0.012328583844031052,0.03034103425758365,0.010460365083962973,0.012694635313548138,0.011501239135632934,0.00883404326639254,nan,nan,nan,nan,nan,nan,nan,nan,nan,nan,nan,nan,nan,nan,nan,nan,nan,nan,nan,nan,nan,nan,nan,nan
8000.0,11.63817148629535,12.112089406126406,23.99048759532503,12.291546384775323,10.543757555276601,13.724690254512565,13.948547638659305,13.346065414357845,17.656994556559333,19.055433522691718,0.0,0.0,0.0,0.0,0.0,0.0,0.0,0.0,0.0,0.0,0.0,0.0,0.0,0.0,0.0,0.0,0.0,0.0,0.0,0.0,0.0,0.0,0.0,0.0,0.0,0.0,0.8941539246898452,0.0,0.0,0.0,0.0,0.0,0.0,0.0,0.0,0.0,0.0,0.0,0.0,0.0,0.0,0.0,0.0011395011391365244,0.0,0.0,0.0,0.0,0.0,0.0,0.0,0.0,0.0,0.0,0.0,0.0,0.0,0.0,0.0,0.0,0.0,0.0,0.0,0.0,0.0,0.0,0.0,0.0,0.0,0.0,0.0,0.0,0.0,19.582575860249452,9.751390614956165,0.0,0.0,0.0,0.0,0.0,0.0,0.01539275187441991,0.23032105537055372,0.0,0.0,0.557535123021473,0.0,0.0,0.0,0.0,0.0,0.0,0.0,0.0,0.0,0.0,0.0,0.0,0.0,0.0,0.0,0.0,0.0,0.0,0.0,0.0,0.0,0.0,0.0,0.0,0.0,0.0,0.0,0.0,0.0,0.0,0.0,0.0,0.0,0.0,0.0,0.0,0.0,0.0,0.0,0.0,0.005973196418044574,0.0,0.0,0.0,0.0,0.0,0.0,0.0,0.0,0.0,0.0,0.0,0.0,11.199061933485641,0.0,0.0,0.0,0.0,0.0,0.0,0.0,0.0,0.0,0.0,0.0,0.0016270710780269424,0.0,0.0,3.9374930660225584,0.0,0.0,0.0,0.0,0.0,0.0,0.0,0.0,0.0,0.0,0.0,0.0,0.0,0.0,0.0,0.0,0.0,0.0,0.0,0.0,0.0,0.0,0.0,0.0,0.0,0.0,0.0,0.0,0.0,0.0,6.302401978620124,0.0,0.0,0.0,0.0,0.0,0.0,1.260784434595014,12.808688401758188,0.0,0.0,0.0,0.0,0.0,0.9378646515032887,0.0,0.0,0.0,0.0,0.0,0.0,0.0,0.0,0.0,0.0,0.0,0.0,0.0,0.0,0.0,0.0,0.0,0.0,0.0,0.0,0.0,0.0,0.0,0.0,0.0,0.0,0.0,0.0,0.0,0.0,0.0,0.0,0.0,0.0,0.0,0.0,0.0,0.0,0.0,0.0,0.0,0.0,0.0,0.0,0.0,0.0,0.0,0.0,0.0,0.0,0.0,0.0,0.0,0.0,0.0,0.0,0.0,0.4223727431059069,0.0,0.0,0.0,0.7990729145144115,0.0,0.0,0.0,0.0,0.0,0.0,0.0,0.006520330242733537,3.4679734416213863,0.0,0.0,0.0,0.0,0.0,0.0,0.0,0.0,0.0,0.0,0.0,0.0,0.0,0.0,0.0,0.0,0.0,0.0,0.0,0.0,0.0,0.0,0.0,0.0,0.0,0.0,0.0,0.0,0.0,0.0,0.0,0.0,0.0,0.0,0.0,0.0,0.0,0.21034225216382074,0.0,0.0,0.0,0.0,0.7233870166369094,0.0,0.0,0.0,0.0,0.0,0.0,0.0,0.0,0.0,0.0,0.0,0.0,0.0,0.0,0.0,0.0,0.0,0.0,0.0,0.0,0.0,0.0,0.0,0.0,0.0,0.0,0.0,0.0,0.0,0.0,0.0,0.0,0.0,0.0,0.0,0.0,0.0,0.0,0.0,0.0,0.0,0.0,0.0,0.0,0.0,0.0,0.0,0.0,0.0,0.0,0.0,0.0,0.0,0.0,0.0,0.027330468567767097,0.0,0.0,0.0,0.0,0.005845713569713241,0.0,0.0,0.0,0.0,0.0,0.0,0.02124995633987286,0.0,0.0013875879925712247,0.0,0.0,0.0,0.0,0.0,0.0,0.0,0.0,0.0,0.0,0.0,0.0,0.0,0.0,0.0,0.02307119822317527,0.0,0.009117500341941013,0.0,0.0,0.0,0.0,0.0,0.0,0.0,0.0,0.0,0.0,0.005107806116251201,0.02508605224853486,0.0,0.0,0.0,0.14686443749803138,0.0,0.0,0.0,0.0,0.0,0.023442183968449888,0.0,0.053114394696731126,0.0,0.0035294584482889447,0.01095666993314712,0.0,0.0,0.0,0.0,0.0,0.006368779744559408,0.0,0.0,0.0,0.0,0.004890186949348997,0.0,0.0,0.0,0.017941844028367872,0.0,0.0,0.0,0.0,0.0,0.0,0.002669483645629545,0.0,0.0,0.0,0.04807784742198466,0.055183415475125,0.0,0.0,0.0,0.0,0.0,0.0,0.0,0.0,0.0,0.0,0.0,0.0,0.0,0.0,0.0,0.0,0.0,0.0,0.0,0.01880470000764292,0.0,0.0055543156191730555,0.0,0.0,0.0,0.0,0.0,0.0,0.0,0.00895302068725839,0.0,0.0,0.0,0.0,0.0,0.0,0.0031193692065350537,0.03641444223788331,0.0011483227096072673,0.04305249122491293,0.0,0.0,0.034082678361230835,0.0037106498673317016,0.0
9000.0,16.62797881259793,18.25281456489637,9.208549185919388,17.191450827239677,15.237767703217138,13.45709739645464,24.537332388792645,27.19221971450384,19.509743627620594,18.868310108772597,0.0,0.0,0.0,0.0,0.0,0.0,0.0,0.0,0.0,0.0,0.0,0.0,0.0,0.0,0.0,0.0,0.0,0.0,0.0,0.0,0.0,0.0,0.0,0.0,0.0,0.0,0.5193080241301181,0.0,0.0,0.0,0.0,0.0,0.0,0.0,0.0,0.0,0.0,0.0,0.0,0.0,0.0,0.0,0.0,0.0,0.0,0.0,0.0,0.0,0.0,0.0,0.0,0.0,0.0,0.0,0.0,0.0,0.0,0.0,0.0,0.0,0.0,0.0,0.0,0.0,0.0,0.0,0.0,0.0,0.0,0.0,0.0,0.0,68.02122432050102,0.10385138139112607,0.0,0.0,0.0,0.0,0.0,0.0,0.0,0.0029202742591922354,0.0,0.0,7.872691104528191,0.0,0.0,0.0,0.0,0.0,0.0,0.0,0.0,0.0,0.0,0.0,0.0,0.0,0.0,0.0,0.0,0.0,0.0,0.0,0.0,0.0,0.0,0.0,0.0,0.0,0.0,0.0,0.0,0.0,0.0,0.0,0.0,0.0,0.0,0.0,0.0,0.0,0.0,0.0,0.0,0.18448938822002217,0.0,0.0,0.0,0.0,0.0,0.0,0.0,0.0,0.0,0.0,0.0,0.0,0.8253473535811241,0.0,0.0,0.0,0.0,0.0,0.0,0.0,0.0,0.0,0.0,0.0,0.35582983656252826,0.0,0.0,0.008542435632144912,0.0,0.0,0.0,0.0,0.0,0.0,0.0,0.0,0.0,0.0,0.0,0.0,0.0,0.0,0.0,0.0,0.0,0.0,0.0,0.0,0.0,0.0,0.0,0.0,0.0,0.0,0.0,0.0,0.0,0.0,1.5485112813397888,0.0,0.0,0.0,0.0,0.0,0.0,0.48767984489302707,2.0392155096980913,0.0,0.0,0.0,0.0,0.0,1.610245976004041,0.0,0.0,0.0,0.0,0.0,0.0,0.0,0.0,0.0,0.0,0.0,0.0,0.0,0.0,0.0,0.0,0.0,0.0,0.0,0.0,0.0,0.0,0.0,0.0,0.0,0.0,0.0,0.0,0.0,0.0,0.0,0.0,0.0,0.0,0.0,0.0,0.0,0.0,0.0,0.0,0.0,0.0,0.0,0.0,0.0,0.0,0.0,0.0,0.0,0.0,0.0,0.0,0.0,0.0,0.0,0.0,0.0,0.0,0.0,0.0,0.0,1.5282772099399515,0.0,0.0,0.0,0.0,0.0,0.0,0.0,0.23230635180344,1.4744461176615107,0.0,0.0,0.0,0.0,0.0,0.0,0.0,0.0,0.0,0.0,0.0,0.0,0.0,0.0,0.0,0.0,0.0,0.0,0.0,0.0,0.0,0.0,0.0,0.0,0.0,0.0,0.0,0.0,0.0,0.0,0.0,0.0,0.0,0.0,0.0,0.0,0.0,4.74352105502334,0.0,0.0,0.0,0.0,2.8226682155792275,0.0,0.0,0.0,0.0,0.0,0.0,0.0,0.0,0.0,0.0,0.0,0.0,0.0,0.0,0.0,0.0,0.0,0.0,0.0,0.0,0.0,0.0,0.0,0.0,0.0,0.0,0.0,0.0,0.0,0.0,0.0,0.0,0.0,0.0,0.0,0.0,0.0,0.0,0.0,0.0,0.0,0.0,0.0,0.0,0.0,0.0,0.0,0.0,0.0,0.0,0.0,0.0,0.0,0.0,0.0,0.0,0.0,0.0,0.0,0.0,0.0,0.0,0.0,0.0,0.0,0.0,0.0,0.0031357432406036102,0.0,0.0,0.0,0.0,0.0,0.0,0.0,0.0,0.0,0.0,0.0,0.0,0.0,0.0,0.0,0.0,0.0,0.006665473976949333,0.0,0.005797823565333433,0.0,0.0,0.0,0.0,0.0,0.0,0.0,0.0,0.0,0.0,0.0,0.0,0.0,0.0,0.0,0.0,0.0,0.0,0.0,0.0,0.0,0.0,0.0,0.07980366832762435,0.0,0.0,0.005529178131059341,0.0,0.0,0.0,0.0,0.0,0.0,0.0,0.0,0.0,0.0,0.028994344481623927,0.0,0.0,0.0,0.0,0.0,0.0,0.0,0.0,0.0,0.0,0.0,0.0,0.0,0.0,0.0,0.0,0.0,0.0,0.0,0.0,0.0,0.0,0.0,0.0,0.0,0.0,0.0,0.0,0.0,0.0,0.0,0.0,0.0,0.0,0.0,0.00620942590707271,0.0,0.0,0.0,0.0,0.0,0.0,0.0,0.0,0.0,0.0,0.0,0.0,0.0,0.0,0.0,0.0,8.849789019504774,0.0,0.06229650009800818,0.0,0.0,0.0,0.8426639426682707,0.0,0.0
10000.0,15.216710858625428,15.744838287394723,13.351705470920344,21.705048533627487,21.177210183342563,13.745631548999174,15.873918925551163,20.688037571714613,9.773254234885703,16.272973595883364,0.0,0.0,0.0,0.0,0.0,0.0,0.0,0.0,0.0,0.0,0.0,0.0,0.0,0.0,0.0,0.0,0.0,0.0,0.0,0.0,0.0,0.0,0.0,0.0,0.0,0.0,1.3185017835524302,0.0,0.0,0.0,0.0,0.0,0.0,0.0,0.0,0.0,0.0,0.0,0.0,0.0,0.0,0.0,0.0,0.0,0.0,0.0,0.0,0.0,0.0,0.0,0.0,0.0,0.0,0.0,0.0,0.0,0.0,0.0,0.0,0.0,0.0,0.0,0.0,0.0,0.0,0.0,0.0,0.0,0.0,0.0,0.0,0.0,11.274436003743308,0.23335307734707142,0.0,0.0,0.0,0.0,0.0,0.0,0.0,0.01825530471779866,0.0,0.0,9.457933278734174,0.0,0.0,0.0,0.0,0.0,0.0,0.0,0.0,0.0,0.0,0.0,0.0,0.0,0.0,0.0,0.0,0.0,0.0,0.0,0.0,0.0,0.0,0.0,0.0,0.0,0.0,0.0,0.0,0.0,0.0,0.0,0.0,0.0,0.0,0.0,0.0,0.0,0.0,0.0,0.0,8.924730420327895,0.0,0.0,0.0,0.0,0.0,0.0,0.0,0.0,0.0,0.0,0.0,0.0,12.388479817525958,0.0,0.0,0.0,0.0,0.0,0.0,0.0,0.0,0.0,0.0,0.0,4.4133966585067395,0.0,0.0,0.0,0.0,0.0,0.0,0.0,0.0,0.0,0.0,0.0,0.0,0.0,0.0,0.0,0.0,0.0,0.0,0.0,0.0,0.0,0.0,0.0,0.0,0.0,0.0,0.0,0.0,0.0,0.0,0.0,0.0,0.0,18.031229292182577,0.0,0.0,0.0,0.0,0.0,0.0,6.416863523181486,2.7244306216139718,0.0,0.0,0.0,0.0,0.0,0.0025479142672607466,0.0,0.0,0.0,0.0,0.0,0.0,0.0,0.0,0.0,0.0,0.0,0.0,0.0,0.0,0.0,0.0,0.0,0.0,0.0,0.0,0.0,0.0,0.0,0.0,0.0,0.0,0.0,0.0,0.0,0.0,0.0,0.0,0.0,0.0,0.0,0.0,0.0,0.0,0.0,0.0,0.0,0.0,0.0,0.0,0.0,0.0,0.0,0.0,0.0,0.0,0.0,0.0,0.0,0.0,0.0,0.0,0.0,0.0,0.0,0.0,0.0,4.594200536785313,0.0,0.0,0.0,0.0,0.0,0.0,0.0,0.24469479095336338,0.48866348002959503,0.0,0.0,0.0,0.0,0.0,0.0,0.0,0.0,0.0,0.0,0.0,0.0,0.0,0.0,0.0,0.0,0.0,0.0,0.0,0.0,0.0,0.0,0.0,0.0,0.0,0.0,0.0,0.0,0.0,0.0,0.0,0.0,0.0,0.0,0.0,0.0,0.0,0.18225811695962574,0.0,0.0,0.0,0.0,0.029115922798378657,0.0,0.0,0.0,0.0,0.0,0.0,0.0,0.0,0.0,0.0,0.0,0.0,0.0,0.0,0.0,0.0,0.0,0.0,0.0,0.0,0.0,0.0,0.0,0.0,0.0,0.0,0.0,0.0,0.0,0.0,0.0,0.0,0.0,0.0,0.0,0.0,0.0,0.0,0.0,0.0,0.0,0.0,0.0,0.0,0.0,0.0,0.0,0.0,0.0,0.0,0.0,0.0,0.0,0.0,0.0,0.0,0.0,0.0,0.0,0.0,0.0,0.0,0.0,0.0,0.0,0.0,0.0,0.0,0.0,0.0,0.0,0.0,0.0,0.0,0.0,0.0,0.0,0.0,0.0,0.0,0.0,0.0,0.0,0.0,0.0,0.0,0.0,0.0,0.0,0.0,0.0,0.0,0.0,0.0,0.0,0.0,0.0,0.0,0.0,0.0,0.0,0.0,0.0,0.0,0.0,0.0,0.0,0.0,0.0,0.0,0.0,0.3593698042870755,0.0,0.0,0.0,0.0,0.0,0.0,0.0,0.0,0.0,0.0,0.0,0.0,0.0,0.0,0.0,0.0,0.0,0.0,0.0,0.0,0.0,0.0,0.0,0.0,0.0,0.0,0.0,0.0,0.0,0.0,0.0,0.0,0.0,0.0,0.0,0.0,0.0,0.0,0.0,0.0,0.0,0.0,0.0,0.0,0.0,0.0,0.0,0.0,0.0,0.0,0.0,0.0,0.0,0.0,0.0,0.0,0.0,0.0,0.0,0.0,0.0,0.0,0.0,0.0,0.0,0.0,0.0,0.0,0.019173923260051573,0.0,0.0,0.0,0.8773643310275864,0.0,0.0
11000.0,17.94248093492499,18.324259005528543,21.565083854667467,17.63455749134497,10.62512470497293,24.962650273163803,9.620972094368557,13.098638666376788,21.166146231358088,19.008700590326416,0.0,0.0,0.0,0.0,0.0,0.0,0.0,0.0,0.0,0.0,0.0,0.0,0.0,0.0,0.0,0.0,0.0,0.0,0.0,0.0,0.0,0.0,0.0,0.0,0.0,0.0,0.04675126109341451,0.0,0.0,0.0,0.0,0.0,0.0,0.0,0.0,0.0,0.0,0.0,0.0,0.0,0.0,0.0,0.0,0.0,0.0,0.0,0.0,0.0,0.0,0.0,0.0,0.0,0.0,0.0,0.0,0.0,0.0,0.0,0.0,0.0,0.0,0.0,0.0,0.0,0.0,0.0,0.0,0.0,0.0,0.0,0.0,0.0,41.04767057388964,9.359004933163591,0.0,0.0,0.0,0.0,0.0,0.0,0.0,0.016738191461053663,0.0,0.0,27.57767898124562,0.0,0.0,0.0,0.0,0.0,0.0,0.0,0.0,0.0,0.0,0.0,0.0,0.0,0.0,0.0,0.0,0.0,0.0,0.0,0.0,0.0,0.0,0.0,0.0,0.0,0.0,0.0,0.0,0.0,0.0,0.0,0.0,0.0,0.0,0.0,0.0,0.0,0.0,0.0,0.0,0.003918231698467611,0.0,0.0,0.0,0.0,0.0,0.0,0.0,0.0,0.0,0.0,0.0,0.0,6.728848696783783,0.0,0.0,0.0,0.0,0.0,0.0,0.0,0.0,0.0,0.0,0.0,0.01417365453159417,0.0,0.0,0.0,0.0,0.0,0.0,0.0,0.0,0.0,0.0,0.0,0.0,0.0,0.0,0.0,0.0,0.0,0.0,0.0,0.0,0.0,0.0,0.0,0.0,0.0,0.0,0.0,0.0,0.0,0.0,0.0,0.0,0.0,27.414130513588045,0.0,0.0,0.0,0.0,0.0,0.0,6.3111063161223315,1.5680621015434208,0.0,0.0,0.0,0.0,0.0,0.006847526202950053,0.0,0.0,0.0,0.0,0.0,0.0,0.0,0.0,0.0,0.0,0.0,0.0,0.0,0.0,0.0,0.0,0.0,0.0,0.0,0.0,0.0,0.0,0.0,0.0,0.0,0.0,0.0,0.0,0.0,0.0,0.0,0.0,0.0,0.0,0.0,0.0,0.0,0.0,0.0,0.0,0.0,0.0,0.0,0.0,0.0,0.0,0.0,0.0,0.0,0.0,0.0,0.0,0.0,0.0,0.0,0.0,0.0,0.0,0.0,0.0,0.0,7.523152141109167,0.0,0.0,0.0,0.0,0.0,0.0,0.0,0.0,3.473334277482763,0.0,0.0,0.0,0.0,0.0,0.0,0.0,0.0,0.0,0.0,0.0,0.0,0.0,0.0,0.0,0.0,0.0,0.0,0.0,0.0,0.0,0.0,0.0,0.0,0.0,0.0,0.0,0.0,0.0,0.0,0.0,0.0,0.0,0.0,0.0,0.0,0.0,0.31499306437763236,0.0,0.0,0.0,0.0,0.2729583143588578,0.0,0.0,0.0,0.0,0.0,0.0,0.0,0.0,0.0,0.0,0.0,0.0,0.0,0.0,0.0,0.0,0.0,0.0,0.0,0.0,0.0,0.0,0.0,0.0,0.0,0.0,0.0,0.0,0.0,0.0,0.0,0.0,0.0,0.0,0.0,0.0,0.0,0.0,0.0,0.0,0.0,0.0,0.0,0.0,0.0,0.0,0.0,0.0,0.0,0.0,0.0,0.0,0.0,0.0,0.0,0.0,0.0,0.0,0.0,0.0,0.0,0.0,0.0,0.0,0.0,0.0,0.0,0.0,0.0,0.0,0.0,0.0,0.0,0.0,0.0,0.0,0.0,0.0,0.0,0.0,0.0,0.0,0.0,0.0,0.0,0.0,0.0,0.0,0.0,0.0,0.0,0.0,0.0,0.0,0.0,0.0,0.0,0.0,0.0,0.0,0.0,0.0,0.0,0.0,0.0,0.0,0.0,0.0,0.0,0.0,0.0,0.01351877995407186,0.0,0.0,0.0,0.0,0.0,0.0,0.0,0.0,0.0,0.0,0.0,0.0,0.0,0.0,0.0,0.0,0.0,0.0,0.0,0.0,0.0,0.0,0.0,0.0,0.0,0.0,0.0,0.0,0.0,0.0,0.0,0.0,0.0,0.0,0.0,0.0,0.0,0.0,0.0,0.0,0.0,0.0,0.0,0.0,0.0,0.0,0.0,0.0,0.0,0.0,0.0,0.0,0.0,0.0,0.0,0.0,0.0,0.0,0.0,0.0,0.0,0.0,0.0,0.0,0.0,0.0,0.0,0.0,0.0,0.0,0.0,0.0,0.012609284507163896,0.0,0.0
