ID,strat_res0,strat_res1,strat_res2,strat_res3,strat_res4,strat_res5,strat_res6,strat_res7,strat_res8,strat_res9,ancestor,alive_at_end,DIST_TO_GEN,DIFF_MAX_MIN,DIST_TO_GAMMA,SKEWNESS
0,0.09859712359402201,0.48224402256023297,0.013584116971305151,0.19074278284534535,0.23789946422772507,0.019218847961492473,0.32914730598042263,0.5230547918933879,0.31064188753788496,0.43100325594561717,0,False,0.5768558934477062,0.5094706749220828,0.5768558934477062,-0.047540521150165216
1,0.08810587482052391,0.4471841294174677,0.0,0.12836769669198775,0.14256991355077595,0.031117099169668254,0.21427650807765303,0.543362449172289,0.3689740874944815,0.5264902081024758,0,False,0.6518453853075507,0.543362449172289,0.6518453853075507,0.3746827560914675
2,0.11699873454057427,0.4533867479475245,0.0,0.11990727684137312,0.13738704627489928,0.17035231123147454,0.4884697464215625,0.5087044233347107,0.20832695472472412,0.42153989595480545,0,False,0.5828876155311147,0.5087044233347107,0.5828876155311147,0.22641633826488558
3,0.05301158157546752,0.4710176438119715,0.0,0.22099291349646533,0.33843454334661904,0.1924115376058089,0.40943107786187694,0.3961798192544795,0.397706234749624,0.30359782249645745,0,False,0.4899116114441007,0.4710176438119715,0.4899116114441007,-0.7282042804176728
4,0.15922414590272338,0.29604766602226396,0.008926430768278202,0.0,0.15138956929685513,0.23778430967775047,0.5772930173338643,0.44477207883563585,0.2684921188942007,0.4519802452925766,2,False,0.5985003126061004,0.5772930173338643,0.5985003126061004,0.20248415780908985
5,0.15569554434801594,0.4246862968313186,0.06154989921033582,0.1795866112521613,0.15539924824933754,0.16396217653535664,0.42602414668928146,0.5830282954977903,0.20769484091482768,0.37917340383173415,2,False,0.51874406683406,0.5214783962874545,0.51874406683406,0.6701836249942366
6,0.1882391728474651,0.4426146894248165,0.013236049837773043,0.10777395465035389,0.040650095270251985,0.19553682317416404,0.49644198096405634,0.5573446383193438,0.16677886554673346,0.3634252005741676,2,False,0.6109812953710018,0.5441085884815707,0.6109812953710018,0.3616151936019796
7,0.15609503857181958,0.4777028088941758,0.0,0.08223624576464567,0.2224227527823774,0.15622531900000927,0.5147187340522604,0.4655751492306396,0.26197208313407344,0.34127462084275845,2,False,0.5533020913629698,0.5147187340522604,0.5533020913629698,0.09839787547783173
8,0.2586546979729997,0.22840222441737854,0.0715685347541776,0.2769457187694412,0.06879182529239253,0.200659492482877,0.5253878133092672,0.45360305460607414,0.23308156764184437,0.4669020613997416,2,False,0.48912749064094585,0.4565959880168747,0.48912749064094585,0.2949326472073754
9,0.1516112586738818,0.665201696220013,0.03539324000826628,0.1008876286683866,0.018552449935470946,0.0,0.40343987724627584,0.5533003055692203,0.17364076125327557,0.153913821569144,2,False,0.7571113589503329,0.665201696220013,0.7571113589503329,1.0426851815417568
10,0.11708732307903452,0.5050328374890819,0.0,0.15636082856950026,0.09295816968176214,0.21117755644973019,0.4042341123113664,0.3956560622169218,0.3330926081678177,0.47185472205024187,2,False,0.5480006491455798,0.5050328374890819,0.5480006491455798,-0.0914875104785598
11,0.12800813941617314,0.476212131232335,0.0,0.07301552719993579,0.08058578132187692,0.24942645763493249,0.4009065611734587,0.6166557247250519,0.16206244600476388,0.33991534114446786,2,False,0.6339707261747638,0.6166557247250519,0.6339707261747638,0.5796034159417138
12,0.16613791614322487,0.38260198354725056,0.15584384087225409,0.023707523017644096,0.024034149480605452,0.29168229732148643,0.4826042097407851,0.5471130346649463,0.1575613422638651,0.3980493564522447,2,False,0.5805705128301134,0.5234055116473022,0.5805705128301134,0.15578405806292353
13,0.20723020306476858,0.5339194796850077,2.6482536356454376e-05,0.13331387750683718,0.00908913434423954,0.3112626966484156,0.42780571653605043,0.40224807871999224,0.3645898244658346,0.2819556255628617,2,False,0.557164505098552,0.5338929971486512,0.557164505098552,-0.2996170787212792
14,0.014508368973592574,0.42582710119256567,0.15179553157097275,0.0,0.0,0.2214966983139062,0.49549254966550155,0.631898861643894,0.0,0.31866766109838984,12,False,0.7555452336525561,0.631898861643894,0.7555452336525561,0.556103902311123
15,0.15866117200815585,0.3505242655332818,0.1285147125851599,0.11187371300442249,0.038150617896225564,0.09870785027401577,0.48573601268547256,0.42180706530938267,0.33931051349655683,0.5317298228158128,12,False,0.5607994728359338,0.4935792049195873,0.5607994728359338,0.23344180922265143
16,0.3794260757548379,0.4068534393050345,0.1506747754217167,0.0,0.0,0.2187757511001816,0.3963099668268648,0.47932666652768735,0.25639445275982864,0.4091291437776678,12,False,0.542528182234417,0.47932666652768735,0.542528182234417,-0.6108366261540928
17,0.3553935556867281,0.3895829301801177,0.29139502708384984,0.0,0.2698564763132936,0.32396816549352936,0.39761904193931746,0.5191298398992774,0.0821626129798369,0.15774733297170565,12,False,0.48727625564162474,0.5191298398992774,0.48727625564162474,-0.4799967060230159
18,0.13254184201375876,0.3216775944400931,0.3289094364803913,0.0045485894080235815,0.02483502548683991,0.23784101391079174,0.49618268943260474,0.5316534397507147,0.22449286150262018,0.36649592867228936,12,False,0.5584472594539047,0.5271048503426911,0.5584472594539047,-0.06762831547081687
19,0.1310292419487714,0.3854317293008252,0.06141953639478694,0.0,0.0,0.32740734890107354,0.3947363111222186,0.5843338040576841,0.13476277097901082,0.45594082281836057,12,False,0.6592674880207717,0.5843338040576841,0.6592674880207717,0.21482646810120795
20,0.1325968605099857,0.43460736964155317,0.10628574848238906,0.09543718391699897,0.11010620857593774,0.37784932983473885,0.4188579978824098,0.5221590678729746,0.20055359548116716,0.36044727491783024,12,False,0.5050921002399091,0.42672188395597566,0.5050921002399091,0.1554784296266736
21,0.2625669370079094,0.3143983315393743,0.18458262726334013,0.0,0.051053273559310344,0.3705520385796503,0.5279593789543715,0.3412651124558611,0.20464313576051926,0.47026003505736386,12,False,0.5245151344303576,0.5279593789543715,0.5245151344303576,-0.18842826685734815
22,0.24375250035704069,0.32185398988649055,0.2656132608639345,0.0,0.031483074069154404,0.3344656059140502,0.41472124157170703,0.5556335496952004,0.2691454215707921,0.3168979176558004,12,False,0.5084206873280672,0.5556335496952004,0.5084206873280672,-0.32525895311390957
23,0.014115554548749798,0.4463981998922081,0.16402734083883233,0.07104322034231415,0.0,0.36673062014065394,0.36355857499514266,0.5192903056565453,0.3215402386950199,0.3589715290985432,12,False,0.5825606847718876,0.5192903056565453,0.5825606847718876,-0.3255733300117769
24,0.29958543393400044,0.31105557610693263,0.2799893824957002,0.0,0.3258439454464194,0.38180685646808044,0.33151231825428273,0.5130445543148534,0.24688980279274264,0.22153664034966358,17,False,0.3984402782529728,0.5130445543148534,0.3984402782529728,-0.8383976882131761
25,0.2779186045241255,0.2414248085906319,0.12864023169752475,0.2618466318541972,0.0,0.12049449644212551,0.4371975804871839,0.5089225165379662,0.1826694507017161,0.5304078045391742,8,False,0.5468060472231776,0.5304078045391742,0.5468060472231776,0.2655052783194696
26,0.35681842722205065,0.2702085704519584,0.01964392804662759,0.005704310192663455,0.07663870189661823,0.1641723331516673,0.6296470568658595,0.3942057733562785,0.14241738526278,0.4407801608421228,8,False,0.6470792076932915,0.623942746673196,0.6470792076932915,0.522338966177309
27,0.13922902419107208,0.4027201120962453,0.05482304480963565,0.3911137500590922,0.039850945251081404,0.21948906614436564,0.39079890039783066,0.3953678869454297,0.2597014336302045,0.4860126842014953,8,False,0.4922788844168868,0.4461617389504139,0.4922788844168868,-0.4142986655494529
28,0.2781707140460936,0.20810447860339426,0.09928416506848092,0.19946952114442557,0.17762006625814133,0.16717579506783328,0.5471447927226625,0.33210417022943106,0.3327000528953608,0.49982154901061954,8,False,0.4503524503346867,0.44786062765418155,0.4503524503346867,0.8108368336250222
29,0.21547449092859103,0.35681482487369226,0.2413728220759251,0.0,0.3293377770846131,0.4340600058368057,0.3216315622622678,0.5855736291379743,0.11357460026150404,0.10899127662706495,17,False,0.536702679954955,0.5855736291379743,0.536702679954955,0.22862516109888334
30,0.3733337096717534,0.2596868748505681,0.36269337281069985,0.0,0.320330714394208,0.31575482125971294,0.4241153962813619,0.5164541972075429,0.03752839664453419,0.10638667260667707,17,False,0.5311036237261042,0.5164541972075429,0.5311036237261042,-0.47920980447643347
31,0.2973304137259065,0.44475160490240495,0.23368719191593781,0.0,0.374358584611493,0.23119581239381773,0.39560956495641914,0.5281391386386157,0.1317980920104891,0.1130330177401739,17,False,0.510694007108429,0.5281391386386157,0.510694007108429,-0.13304369886569067
32,0.2793845992225855,0.0,0.12086245870822152,0.4568641730611866,0.0,0.2647314121068047,0.5604080966684825,0.44104394875456315,0.26087125995364024,0.22781155544635,8,False,0.5899494707999353,0.5604080966684825,0.5899494707999353,0.03476605008849876
33,0.12332368479678506,0.22113367191595118,0.4608490672767018,0.17228916399494612,0.2911443472137244,0.39367431855726276,0.45664641164894715,0.46160329932976235,0.16542731440973607,0.07149476547550628,17,False,0.4669069704980056,0.3901085338542561,0.4669069704980056,0.0773695445800739
34,0.2976495773865245,0.4356289205838522,0.18309014052925524,0.0,0.20433638706036764,0.3051759139959329,0.42319574399459403,0.5757637342437423,0.12182983001987435,0.16668369033982597,17,False,0.5328454667623266,0.5757637342437423,0.5328454667623266,0.29771129799310225
35,0.12195307523822826,0.17488137957929425,0.04671990802366635,0.24770620982803715,0.04160091965224962,0.14493808988718018,0.38124517729716895,0.5641576845767647,0.21054146728498951,0.6002629925135571,8,False,0.6303596714803765,0.5586620728613074,0.6303596714803765,0.9001476176271394
36,0.0683253830707043,0.2751267562964778,0.1475900715211207,0.16995013332378014,0.017405768771747574,0.2599199384541957,0.4472192288973185,0.5124217796694989,0.08484838734242006,0.5756121350069797,8,False,0.6179914092257045,0.5582063662352321,0.6179914092257045,0.5458568305896675
37,0.4040814123376802,0.3826203091861264,0.4209911229153717,0.12206353649153777,0.12773219265731103,0.1883908973468297,0.3348483196233124,0.550764497788767,0.1648608248913171,0.06112458327080436,17,False,0.5059821897887007,0.4896399145179626,0.5059821897887007,0.2754486791623359
38,0.4903461088908402,0.44494121415688487,0.21701702955009622,0.0,0.26145982965511455,0.2307014073101794,0.3346921015449006,0.5024201902072114,0.12395802620076668,0.11444122440493544,17,False,0.5289001946601238,0.5024201902072114,0.5289001946601238,0.015448514693733666
39,0.3368242941325549,0.34614313526315316,0.16622906469905555,0.14402000589545924,0.09486330450895766,0.29243166419806504,0.58474597416305,0.5078305651526025,0.1470775191107157,0.04892445344172696,17,False,0.5584973377696566,0.535821520721323,0.5584973377696566,0.6540490101722034
40,0.16327432168067382,0.1454266532396822,0.07862633957293087,0.2522025210266316,0.03317471582313537,0.25306757620158643,0.5428678346838447,0.4159768653488433,0.2150887305142395,0.5506861276552191,8,False,0.5689860422658758,0.5175114118320837,0.5689860422658758,0.6089194703436247
41,0.3398292792337203,0.44675571263280367,0.32288023262011084,0.0,0.2661150018664711,0.16533641239188673,0.19656898289888317,0.6244322559026608,0.22869710778906355,0.040780531469644145,17,False,0.5794474509633374,0.6244322559026608,0.5794474509633374,0.5172625352182608
42,0.049889713327165415,0.22281840934917047,0.48474930551976114,0.05326207755921595,0.5942165008653316,0.23837166659272,0.3614086319992595,0.3777394486327889,0.0988087340572481,0.13062724544909857,33,False,0.5899954441931335,0.5443267875381662,0.5899954441931335,0.5379196878112155
43,0.1019481815913779,0.05025517059027351,0.38190842644619005,0.11914239750835766,0.3962646324836427,0.44271064917765085,0.4820161840301686,0.48102228017764936,0.09948933523303072,0.01983652319322829,33,False,0.6096588561044274,0.4621796608369403,0.6096588561044274,0.015209531848865091
44,0.1452600413989641,0.12138342331990001,0.0,0.0558482962569852,0.14285181975859368,0.23796623137422906,0.5597934628994685,0.6089692890647002,0.18527022728172865,0.4067857049999939,8,False,0.6644910088471725,0.6089692890647002,0.6644910088471725,0.858277981776295
45,0.31724000390305584,0.29175763029493584,0.30860208795533295,0.052149907650959504,0.3155781330322673,0.3039162920140153,0.5018889218924294,0.49310196348716545,0.006151671445541999,0.17101711480252924,17,False,0.5035225288012782,0.4957372504468874,0.5035225288012782,-0.3296530171511953
46,0.18504568674820984,0.2892156142178419,0.22397844979262987,0.34138721255268845,0.0,0.21405703862740108,0.5786213383954738,0.2828930975118189,0.20216384925126948,0.4624705956556072,8,False,0.49181227635530006,0.5786213383954738,0.49181227635530006,0.3658751291009885
47,0.34826011694365594,0.12767230083518383,0.3066492841114406,0.010920972492418071,0.20319655756815824,0.38905564827826045,0.5533504752705983,0.43199098944927594,0.027069207956948404,0.28646601810311906,17,False,0.5496270657846667,0.5424295027781803,0.5496270657846667,-0.1117811832239865
48,0.18962048013592778,0.2318808628201394,0.46781345684552506,0.12600079073766754,0.2207486822750737,0.3105953066394125,0.48479482575621957,0.4598366834726964,0.13249482016890213,0.25752593684356656,33,False,0.4215428610188454,0.358794035018552,0.4215428610188454,0.4813104107846773
49,0.19226951670668524,0.4506327314498029,0.0,0.1555841163596928,0.14266360786647178,0.16360131921071283,0.44522578283847586,0.5027277051789033,0.16424655203941055,0.459020464963886,5,False,0.5545870839330419,0.5027277051789033,0.5545870839330419,0.1630241492607982
50,0.31199850072508595,0.3164561940954501,0.466627740256821,0.31881060761581753,0.09218985839073293,0.45189529941193085,0.375004597037592,0.2997070936721961,0.19992408519461582,0.0,33,False,0.45661539670685497,0.466627740256821,0.45661539670685497,-0.7870616744133094
51,0.18366762827767952,0.2730396156305412,0.5222309594495078,0.07173529532844551,0.24826665974833068,0.4574745626234668,0.43125381577863586,0.3945166565638566,0.0,0.03608167534472504,33,False,0.5865685250008004,0.5222309594495078,0.5865685250008004,-0.09471023500444746
52,0.09654980671597936,0.03442968382287275,0.4366564789499668,0.007713001417310135,0.3582661340598169,0.30224013444936565,0.43257888338636125,0.5778366152059148,0.2409169873308248,0.0,33,False,0.6534251019845091,0.5778366152059148,0.6534251019845091,0.11498737285050557
53,0.2534377132129484,0.07445011166307386,0.0,0.29726499301041603,0.023674233868748683,0.22200914768802282,0.49019378028771377,0.5903368156643686,0.28120605595007364,0.35234522169929844,8,False,0.6042799556903014,0.5903368156643686,0.6042799556903014,0.2624428879091716
54,0.14181250213132982,0.30286223614568125,0.0030681358883830356,0.35396045443817703,0.028138570577965767,0.23698600083080937,0.4789700054045546,0.5052943764011112,0.16437038569719853,0.4406357033357087,8,False,0.5658055246546311,0.5022262405127281,0.5658055246546311,-0.11405447922857
55,0.16215453818240913,0.14083347981338126,0.38467583197512534,0.11310833115705814,0.3413664483851865,0.5093704454060891,0.5188799804808139,0.34678946723424026,0.12855428943718855,0.1052994284420472,33,False,0.5099945496612823,0.41358055203876665,0.5099945496612823,0.41159940283335267
56,0.014730628686720058,0.1634382578381537,0.4485106668408794,0.22206350848405612,0.25526176709534937,0.3993158031441194,0.5489235312237863,0.4085594967552765,0.17233172962305318,0.0070080986552517165,33,False,0.5746535003221308,0.5419154325685346,0.5746535003221308,0.012919602838255082
57,0.2625778686899099,0.16968525298605147,0.37676639807290707,0.36110179117993096,0.24604481371807066,0.2884460199220682,0.4239154178394979,0.547401900219097,0.08258375670300261,0.0,33,False,0.5053283384998881,0.547401900219097,0.5053283384998881,-0.14490397535699995
58,0.44999245784119235,0.3042036157059717,0.22509217584292607,0.06486505013144186,0.25322351105114693,0.5232861227351683,0.15472906630682604,0.3951444290683553,0.06902612872724113,0.35678798003284085,17,False,0.4810744569074128,0.45842107260372644,0.4810744569074128,0.0016997966271805381
59,0.13249160606992125,0.09258391503049282,0.524505606234726,0.25503430870187743,0.344951539912024,0.37913669300999614,0.3983866639702101,0.4452150612208928,0.10909334275889881,0.04647175847929393,33,False,0.5241595315552365,0.47803384775543206,0.5241595315552365,0.0011414640721458527
60,0.2812126739683106,0.15726899298784322,0.0,0.17333014144248146,0.2578395909569518,0.0,0.5315037586909849,0.5339733200251733,0.23621326461276276,0.41981048684673616,8,False,0.6010086838736788,0.5339733200251733,0.6010086838736788,0.17203222558787018
61,0.271314968029312,0.28941942334333604,0.1848053920460397,0.5052531336655697,0.10601099252501413,0.17825770251475714,0.4443468161075412,0.4230565982243755,0.20068295739328976,0.30574835533574163,8,False,0.4003153983672793,0.39924214114055556,0.4003153983672793,0.37867961257584165
62,0.19442171925841922,0.2775954027949293,0.0,0.24768619912504772,0.08598881083232393,0.2139432474396345,0.4755320268651217,0.43385494586367435,0.24042009569870373,0.5463186802926825,8,False,0.531414951621167,0.5463186802926825,0.531414951621167,0.177929099078491
63,0.40458728843430247,0.329424536033258,0.03412056225253667,0.3334925507795176,0.08025413351532132,0.05651584852977501,0.42625934332522064,0.27135561852862616,0.277145299436442,0.5230983878226357,8,False,0.5190773482397308,0.48897782557009906,0.5190773482397308,-0.28239507315243373
64,0.36627095739815574,0.1780045148534408,0.0,0.12333628404694942,0.20153179936701454,0.014144947911470454,0.5219884505566833,0.1614705461376801,0.4517606010436881,0.5248815803097617,28,False,0.6256349780335156,0.5248815803097617,0.6256349780335156,0.2523538487915505
65,0.5008280038709212,0.19270091224864921,0.1661265018331958,0.1482443233950486,0.2553092724145268,0.3275303232677888,0.38191787501798397,0.3316549322080028,0.24402577224700212,0.41785105342620105,28,False,0.3521610099243394,0.35258368047587263,0.3521610099243394,0.37483507614364825
66,0.23556859902735947,0.17092854862825665,0.14078296705212595,0.19652824924720122,0.07465058263482237,0.09543814770003117,0.5856168590680294,0.42176204787928556,0.29634632797715565,0.4832339428954122,8,False,0.5402115414135301,0.510966276433207,0.5402115414135301,0.75253190919163
67,0.09502655096587014,0.3476426428953223,0.03064582386214657,0.3847927369919297,0.0,0.07808159444758835,0.5118222737985995,0.46440614185004564,0.19516226730041653,0.44641883918202413,27,False,0.6202493732704465,0.5118222737985995,0.6202493732704465,-0.036938246962672755
68,0.1576049413217482,0.29007756254298045,0.12367533613152834,0.0,0.20680021270567947,0.5087466694364013,0.3101678066997201,0.5215645764604859,0.41668138173742714,0.1796484070543551,24,False,0.5318873645277601,0.5215645764604859,0.5318873645277601,0.17669329782336807
69,0.22779575954247236,0.13885458927749839,0.009762755244005428,0.16281068378436,0.0,0.10928002381428568,0.38479095086623605,0.7648867439940724,0.26596999050613934,0.2939862213874615,8,False,0.7131498823460564,0.7648867439940724,0.7131498823460564,1.5675579150736971
70,0.3211895161684735,0.3274727456596239,0.0746075232403071,0.09079465562348277,0.2498822582777448,0.16090249382751232,0.29255801538233916,0.6179005191554969,0.20045353670382104,0.42412889986856034,28,False,0.50447219748115,0.5432929959151899,0.50447219748115,0.8691963892118127
71,0.13636821114777933,0.1915710185710812,0.4226381965052431,0.03650702376853119,0.6649619679323892,0.23529617340763503,0.31800817329416625,0.3635381770693535,0.09483346340988567,0.15788334185228542,42,False,0.5847657159281096,0.6284549441638579,0.5847657159281096,1.0943276523371324
72,0.2154637195130656,0.2574209704985487,0.1865753097044092,0.3203324226298023,0.0,0.24177227224814163,0.583604762661399,0.5200886613403741,0.04294735030332804,0.28018133620926544,8,False,0.5700992142989163,0.583604762661399,0.5700992142989163,0.438541396153276
73,0.3592328185775555,0.31959150800474523,0.061986078150084487,0.4500035074736232,0.022399415743233217,0.23943857728781395,0.4914899596387687,0.3577102129367597,0.09459313749497443,0.35520165371196144,8,False,0.5096132999495414,0.46909054389553545,0.5096132999495414,-0.4557987668897679
74,0.29196421519774635,0.0,0.23064663281754397,0.48312921117722196,0.0,0.38801367985775015,0.4170144749816447,0.5115460570660426,0.12242922811912524,0.16438132686695106,32,False,0.5914766013772274,0.5115460570660426,0.5914766013772274,-0.13517457371909525
75,0.05895487376848512,0.22165773627678048,0.0,0.2344363553200667,0.16894408710306674,0.07941508264993433,0.469699853445029,0.36198245284570024,0.3742208849046724,0.604890392549879,28,False,0.6098621830660678,0.604890392549879,0.6098621830660678,0.4399726726487319
76,0.0,0.2422146299003037,0.5843532673649157,0.0,0.4866282697361157,0.28411537698053824,0.27433669158465857,0.35327049594507176,0.14195237448335857,0.24924600571060393,42,False,0.5877263481024589,0.5843532673649157,0.5877263481024589,0.1747491908530037
77,0.049134393775529084,0.2227862830556973,0.3216781892159307,0.028055032098935246,0.5617374152329002,0.3908466698932629,0.44536946713120507,0.3681742006410415,0.18952581788408357,0.07451079272829092,42,False,0.5681926349990667,0.533682383133965,0.5681926349990667,0.10040999121459636
78,0.06574401127219595,0.1872830516552435,0.48054908515343975,0.001993279246212561,0.6944563242423863,0.2740988589806006,0.3248529993393462,0.19879543669274652,0.1301214300436751,0.10144423581271554,42,False,0.6667665454817404,0.6924630449961738,0.6667665454817404,1.183762078937271
79,0.3716762163128454,0.16122470335340108,0.1652692397803394,0.23494226112017172,0.2677851682011914,0.24468771094747804,0.540024707097739,0.4073613014119818,0.0559421127367301,0.4013367554054525,8,False,0.4442336190300339,0.48408259436100887,0.4442336190300339,0.22165219915507645
80,0.3342707900212573,0.18160576929539937,0.30405253167760415,0.32424194649661103,0.05713562457734822,0.09127418007307395,0.5523825385478642,0.3479483581373589,0.3218314130227938,0.3410808684675072,8,False,0.4402479981055856,0.495246913970516,0.4402479981055856,-0.03553019502886509
81,0.0,0.181553385802906,0.4196230712498295,0.0,0.7599745601458661,0.25227520071966225,0.2877646334801214,0.14398554348992124,0.0706977206247777,0.20300800105842487,42,False,0.7303493528718908,0.7599745601458661,0.7303493528718908,1.4807822567963542
82,0.3104186520671841,0.2738015091840165,0.34697680922680246,0.19352771379921177,0.15373216477238852,0.09788390715399067,0.3632047549828452,0.3889140807759476,0.1812728407489084,0.5670807482548856,28,False,0.42490421164133285,0.469196841100895,0.42490421164133285,0.6400380537217002
83,0.15709195253090932,0.14217586254394962,0.32184218151201155,0.3120769758923436,0.378915914214037,0.4285300743078041,0.444369359272692,0.4494571494970895,0.0410943762292143,0.16047995137816418,33,False,0.45424083459512415,0.4083627732678752,0.45424083459512415,-0.3585052367228888
84,0.1344230521872676,0.5032305437557119,0.27349197442428835,0.48134124454618565,0.04698102459464507,0.15165008630925725,0.32622371636354724,0.332499593680475,0.19278511788408556,0.3779593220881708,27,False,0.46487093450125877,0.45624951916106676,0.46487093450125877,0.02804551632677962
85,0.19682723263742827,0.31401443466132295,0.5381556301858245,0.06615447921837136,0.45066161396995175,0.1631499732688994,0.09719126983910524,0.5653820973102224,0.0,0.09924321095056181,42,False,0.6516843151229099,0.5653820973102224,0.6516843151229099,0.5619815483927335
86,0.03189088949991095,0.15351149207818887,0.474164129691334,0.1349031665513667,0.4504294280865034,0.35308106499737413,0.5510764746598836,0.3019064366955639,0.003215645325324718,0.09995339300221798,42,False,0.6201814337671077,0.5478608293345589,0.6201814337671077,0.20104001394324603
87,0.2513726943633528,0.3112068261855928,0.2390688821324882,0.2918527754325334,0.14759735966703333,0.1792640073825468,0.4508623132026066,0.5306931753845744,0.23791783239899586,0.3196757344077185,8,False,0.3581068501294088,0.38309581571754103,0.3581068501294088,0.9730191301777036
88,0.06973348855863248,0.2487327353840339,0.5519259358989377,0.0,0.5655086140626487,0.24530623878068075,0.2962390168922253,0.20879563492219488,0.18611318859750883,0.28754233354125835,42,False,0.5636783743145639,0.5655086140626487,0.5636783743145639,0.5499095999437392
89,0.0,0.41270488544931005,0.40210769762384707,0.027494981155036805,0.5501314658892932,0.05174336333205801,0.48599120411993707,0.2651155015536071,0.1799647300168988,0.15180617228152016,42,False,0.6338350907925012,0.5501314658892932,0.6338350907925012,0.16139437073554566
90,0.12469509482408178,0.08438613724711008,0.10862314615813598,0.3942818716469543,0.001716238009051614,0.30464325348438004,0.6183201485641204,0.35092988795052443,0.3043120553797832,0.345231884656334,32,False,0.5763040834971305,0.6166039105550688,0.5763040834971305,0.40136177278064483
91,0.3287477098992017,0.2527348850765417,0.020298294511304226,0.20247652263784469,0.09424521709824635,0.3100951818345323,0.5084244001240826,0.47189539740081227,0.08798240180957968,0.4389516324392961,8,False,0.5313610865583853,0.4881261056127784,0.5313610865583853,-0.04788226543847707
92,0.23674234585326318,0.3875536870712114,0.24764517277265233,0.19145635642674944,0.24649952024824293,0.028378238077861887,0.5059249114379077,0.27498630174671246,0.2161494717279169,0.5058716429436781,28,False,0.45062457231309044,0.47754667336004586,0.45062457231309044,0.21614253932142682
93,0.16743379082673007,0.23315016186236062,0.5208434277665211,0.14021021254725194,0.18608741517355887,0.4625981536947699,0.38648719531209313,0.45428720423926966,0.0,0.14931628778969455,33,False,0.5404704638417905,0.5208434277665211,0.5404704638417905,0.14336403501894468
94,0.0313224603478912,0.30667126748864115,0.4662608275822261,0.0,0.3668245148217635,0.3271894255413586,0.3870880364245008,0.4676774424463827,0.237183981563201,0.14540891908806042,33,False,0.5194589965858424,0.4676774424463827,0.5194589965858424,-0.5913576649856623
95,0.29858766160797634,0.29102530824408424,0.03658061030493482,0.30676332902396025,0.08870808427313111,0.1463140776879152,0.4869273026014382,0.501315537811531,0.2853093203852893,0.3627864232561703,8,False,0.47580855960282054,0.46473492750659623,0.47580855960282054,-0.14414249466073448
96,0.09206018821163402,0.19981305878466699,0.4950346731050177,0.16553203076591486,0.27929061933976407,0.4115883127940268,0.2606666820911277,0.3980581049593145,0.3081702285772327,0.3322123257233392,24,True,0.37288906769653535,0.40297448489338367,0.37288906769653535,-0.029946232460781323
97,0.21373738797461275,0.1434744009929748,0.2704523071004737,0.4180157430793563,0.0,0.2600345673317895,0.4954755500982493,0.5155134557630622,0.13825250438351266,0.2964252660784167,32,False,0.5097781382162573,0.5155134557630622,0.5097781382162573,0.05014744931742691
98,0.19121312110564426,0.10392659236860614,0.5151698204579384,0.06121568641873598,0.4353948392298326,0.22595556610200138,0.42105759823582534,0.4306358501583799,0.16190942251330107,0.2321928510710781,42,False,0.4925585594303628,0.4539541340392024,0.4925585594303628,0.20324583059348197
99,0.30713995303750946,0.31734992128607087,0.10374952353005248,0.15534056983597094,0.02561159515791111,0.14690707345035967,0.6146796750565156,0.379538594624901,0.2881944933470715,0.37800140828954387,8,False,0.5309674632055975,0.5890680798986044,0.5309674632055975,0.5541788653805504
100,0.3337901189323577,0.22483490538464743,0.25334691799757975,0.2974775211844004,0.2081019139108579,0.0,0.5301783444687747,0.43041814085128205,0.10781061440869692,0.4050648062777658,8,False,0.4845636019848454,0.5301783444687747,0.4845636019848454,-0.21082464193089806
101,0.20547901826556342,0.12681515553971337,0.08484364410060764,0.12350187984667463,0.08127666876160766,0.05378836951895334,0.5848258582284174,0.4197858739172491,0.324513654968127,0.5349724001047043,28,False,0.627445490777028,0.531037488709464,0.627445490777028,0.7253909048997004
102,0.0,0.1265123968460007,0.25972031941806883,0.22791850928702992,0.4833862083237878,0.3854148892474124,0.4435069589751185,0.5049737704016459,0.1619595903295447,0.06677139092504564,33,False,0.5635286512108175,0.5049737704016459,0.5635286512108175,0.013696599817636806
103,0.014628287900188362,0.12282130418598693,0.46733648170560904,0.0,0.5637432589485198,0.2705236363800945,0.3015266292163905,0.4900051596165214,0.19835940600990906,0.0702725758597381,42,False,0.6475774449035439,0.5637432589485198,0.6475774449035439,0.30233027302476156
104,0.0,0.1314310542320516,0.4867873011208956,0.1770948516076824,0.5425147415470175,0.17958192805293102,0.40806123365539965,0.38748898961379463,0.16368557972531508,0.21065337597960548,42,False,0.5480901806256074,0.5425147415470175,0.5480901806256074,0.26739723573145474
105,0.13029535466678754,0.19432502368780258,0.0737154762634259,0.7119082723611747,0.23639138527608466,0.011049387534409321,0.29171778747246446,0.5270115115436801,0.083817203175462,0.08452718882585392,61,False,0.7190580351825119,0.7008588848267654,0.7190580351825119,1.374887390462245
106,0.10460376869345997,0.32975353289934434,0.0,0.299096964190123,0.0,0.21827436847984802,0.5939634896903755,0.350375955663807,0.25641116857099167,0.4493499086814922,27,False,0.5953643895392189,0.5939634896903755,0.5953643895392189,0.12293254456444246
107,0.2836929019174154,0.1762517724772533,0.15762280713191368,0.47255349860488943,0.0,0.1903483160388584,0.4783251443814113,0.3141124962705983,0.18182534064987657,0.49350516891550306,73,False,0.5117245584198438,0.49350516891550306,0.5117245584198438,0.06026592206928775
108,0.38105631918225663,0.2139024699777981,0.3869071499436623,0.38079153244044794,0.17604027957053225,0.46410266446499465,0.43791222576658123,0.26728496165924065,0.06893946397378921,0.0,50,False,0.49367073022366786,0.46410266446499465,0.49367073022366786,-0.6072430907429182
109,0.2355007678081488,0.36541022353925195,0.16205962015892633,0.0,0.11908734398261984,0.425691083841679,0.3799104382646161,0.45752512426885805,0.4387664764597547,0.2077968737614151,24,False,0.4840904498747994,0.45752512426885805,0.4840904498747994,-0.4837747460322079
110,0.27866975555580137,0.32468482810161453,0.0,0.48574561023378837,0.0,0.18022963556685875,0.47504392443925725,0.3122156072025391,0.17616501776691237,0.44080832719995133,27,False,0.5559590599218405,0.48574561023378837,0.5559590599218405,-0.3635874770032346
111,0.2487576750395086,0.22563869700854625,0.5199209289545299,0.08273898615810533,0.534475516011467,0.26319543106486243,0.4099321842623727,0.21348365398995944,0.0,0.20368531356394823,42,False,0.5396421875974602,0.534475516011467,0.5396421875974602,0.26413206870508044
112,0.24171454238316745,0.0,0.0829369548937676,0.2777654919607366,0.24743808000815767,0.04660400501668997,0.49800631869179496,0.2916704164822904,0.40867487258601276,0.5422612465190887,28,False,0.5763412794717064,0.5422612465190887,0.5763412794717064,0.06811605361883814
113,0.1992932357221198,0.29222355242986925,0.14617019494029457,0.17780166731613803,0.0,0.12645249310390433,0.6469848508879343,0.3248711449755194,0.3458145459765961,0.40274042691790035,28,False,0.5622994561380276,0.6469848508879343,0.5622994561380276,0.8147542901884742
114,0.2768684499756824,0.1511286035926583,0.036522666867797524,0.4504675186506032,0.12274986391471675,0.0,0.3579476199095817,0.4979524952848005,0.11224491496979733,0.5408322104339537,61,False,0.6239522617003057,0.5408322104339537,0.6239522617003057,0.23862223616345724
115,0.158918601187225,0.2653459047598102,0.48651194630320155,0.05908265012653907,0.585117971520123,0.19909726732735095,0.3901527372503673,0.230773403821541,0.24054552103175958,0.13715452287610547,42,False,0.5089590594244836,0.526035321393584,0.5089590594244836,0.8114619616834697
116,0.11786352230120599,0.22361567585382222,0.2720232382873081,0.0,0.43145691162906075,0.35108335319275236,0.24503740406512348,0.5283284075502898,0.4194213165023886,0.19391883255921075,24,False,0.48993388788284764,0.5283284075502898,0.48993388788284764,-0.14169220332499524
117,0.2949056089430437,0.2055261946897996,0.23195465784192332,0.25376201342584914,0.0,0.19555967479482161,0.5736496229719147,0.3771813004107444,0.3342836231793119,0.362302072738556,8,False,0.4590254775445552,0.5736496229719147,0.4590254775445552,0.08913089443621533
118,0.4424583548225091,0.2648873889683682,0.17181223004554338,0.2022263993407753,0.03912648862170593,0.21097230279492538,0.4820934196185932,0.22810592261872814,0.16540898596331585,0.5529951283334789,28,False,0.5043490334832573,0.5138686397117729,0.5043490334832573,0.5822801856517141
119,0.1970365130861428,0.0,0.11818717762790625,0.5116046532364928,0.0,0.3276050521734186,0.5303059872339383,0.4879589670754928,0.2424839684180183,0.004140476678987097,32,False,0.6854822493629013,0.5303059872339383,0.6854822493629013,0.21570274971200826
120,0.2310870026660263,0.08103449103837516,0.0887598521274438,0.0837334816831414,0.1672971722562632,0.13892569563855348,0.5965611695086699,0.4041722007912224,0.40649974380514453,0.43974022994410983,28,False,0.5759356002494429,0.5155266784702948,0.5759356002494429,0.6212413212301741
121,0.13220358342713387,0.18213001114945598,0.18309959029274306,0.20240890158758576,0.2883268646583087,0.22201412741286203,0.6077161480657006,0.23835396452552593,0.2680334469534897,0.49442889963599185,28,False,0.4661413572584967,0.4755125646385667,0.4661413572584967,1.5334829597892443
122,0.3232481144904506,0.32255988035058325,0.14497387182108276,0.18534032537507028,0.2227994678789235,0.1441605812921763,0.524935685771329,0.3101043187221424,0.2143404975824133,0.49800746246397526,28,False,0.41461563911177723,0.3807751044791527,0.41461563911177723,0.813824349461944
123,0.19242505098955553,0.5683526641256321,0.031076109409246534,0.39552064538622606,0.0,0.08371113733917619,0.2350847787947114,0.2879890595127417,0.2891805004066564,0.5036964120183473,61,False,0.603170410267153,0.5683526641256321,0.603170410267153,0.241281215497338
124,0.011082586613881467,0.2933392172718074,0.23046262894973735,0.5709850062032559,0.39822943065186495,0.0,0.3983012664698354,0.4220002274757483,0.15183486380726352,0.12776456107706827,105,False,0.5942103401453996,0.5709850062032559,0.5942103401453996,0.054659244363386164
125,0.04463586180346523,0.27907507906271833,0.36066339463936314,0.07893344683272259,0.5788052687696795,0.2063787472706511,0.2998068796952535,0.5178785944571329,0.20179557871750453,0.0860498753371543,42,False,0.5669644119588185,0.5341694069662143,0.5669644119588185,0.567160368808362
126,0.32317857756087126,0.10542178914476022,0.2141407771083697,0.07848568900421221,0.1392872268693302,0.1088229970680999,0.6946612371861949,0.43909585087244063,0.13032106072789404,0.3299078988879844,28,False,0.6154771500335422,0.6161755481819826,0.6154771500335422,1.401722553114647
127,0.4048969328579698,0.26454295956377877,0.1393791528188003,0.09260596196919559,0.21324593034581063,0.17878708170531127,0.5281563579515189,0.20999427263434356,0.26589055133810074,0.5166138966445327,28,False,0.46925324027586107,0.43555039598232337,0.46925324027586107,0.732934059669219
128,0.24206842370449846,0.283148659881175,0.4194452259283044,0.3280047955101204,0.06246868091353304,0.4058553508938915,0.4932263344232834,0.21285604725592516,0.33247036407899083,0.09985445640475403,50,False,0.4229758758775323,0.43075765350975037,0.4229758758775323,-0.3141191169518
129,0.20425596519634634,0.1894078280339187,0.1297149102113394,0.28290613169470097,0.242370131262083,0.09814912708337548,0.4862866415352184,0.34546126169446323,0.4171227432501903,0.47681887798268086,28,False,0.4281069032376012,0.3881375144518429,0.4281069032376012,0.24690373978548563
130,0.12099389553848744,0.43218884286518255,0.0,0.4095388105972071,0.09453963173368178,0.1812015683382505,0.5038464862996848,0.437035592091024,0.2686598327455947,0.26840267767207127,27,False,0.531030273995913,0.5038464862996848,0.531030273995913,-0.16632699748306695
131,0.3538288179950463,0.03482475090522667,0.0,0.5207569277366975,0.12968917061168878,0.1269039633467104,0.502029539337018,0.42450137269103705,0.2704619665236877,0.25317183984090486,32,False,0.5876987790961625,0.5207569277366975,0.5876987790961625,0.044244742388748606
132,0.25604101974906557,0.07748077272002697,0.1888167178160774,0.30967099200304427,0.1559431723617705,0.07301339088934697,0.46852567874447343,0.45771384242562235,0.39556672228503553,0.4263230191109126,28,False,0.47262259756575475,0.3955122878551265,0.47262259756575475,-0.13223069427313963
133,0.097779086636795,0.3067694470385921,0.4114200869461328,0.08637827413458571,0.5787797579318039,0.2920870719904703,0.29108201460450533,0.3713827084706278,0.0,0.27685617421707776,42,False,0.5333314846339227,0.5787797579318039,0.5333314846339227,0.03880442488766406
134,0.3182528656182298,0.3900506773095221,0.01506163075038928,0.2301748467198057,0.164358744415985,0.0291462355266882,0.5376333819728157,0.3415987032948887,0.2618435939191478,0.4372683098289562,63,False,0.5256545032032521,0.5225717512224265,0.5256545032032521,-0.22087502365521364
135,0.00572634289089267,0.2388486753915306,0.5257226303594045,0.0,0.45322454933009393,0.353141692609464,0.3703881131475663,0.3574377598331385,0.10636866378812407,0.24525351957236968,42,False,0.5657979369598961,0.5257226303594045,0.5657979369598961,-0.3181499158701124
136,0.4123943060134057,0.3633012813356872,0.0,0.41840847470395004,0.22455901026411113,0.05340609392633594,0.4317141308887634,0.25566093213630336,0.1425488208412271,0.4444532982565766,63,False,0.512830199522227,0.4444532982565766,0.512830199522227,-0.5828387070862493
137,0.25857353298833674,0.32908147297746043,0.0,0.17204755656186901,0.16297181648129175,0.05881444020758799,0.5806796450330207,0.4675673661386953,0.14505659752547956,0.43402337563619825,28,False,0.5916417944905187,0.5806796450330207,0.5916417944905187,0.37067623989767606
138,0.10702394370918726,0.45948510197195874,0.0,0.33455283124914137,0.09707560030349548,0.0970290388706765,0.5091495680408267,0.3559624011318453,0.22296526774772873,0.4593466978285118,27,False,0.5733053727800039,0.5091495680408267,0.5733053727800039,-0.02468583010263181
139,0.1331842866095157,0.23680564905097126,0.45206335920042556,0.0,0.5863878353945149,0.06467407004940082,0.3677116439355031,0.4086833541556969,0.2130939843664799,0.16170138400145928,42,False,0.5833038886835553,0.5863878353945149,0.5833038886835553,0.34518702661945644
140,0.2676612368095616,0.2224259726668278,0.102038087732723,0.43830881593568166,0.1291737960579876,0.12405645128299211,0.4781569054101683,0.5311176343884623,0.18130227934644577,0.31731908637631606,61,False,0.48421303860838805,0.4290795466557393,0.48421303860838805,0.5128355309004743
141,0.08276733313524945,0.44311307692503266,0.45049884478277585,0.15304868459432117,0.625025138334188,0.0862836129321899,0.31968175164642987,0.24829302613523838,0.07932857784889849,0.04676647068237783,42,False,0.6299584078951349,0.5782586676518102,0.6299584078951349,0.724091356041089
142,0.20483535282366586,0.2579055635543243,0.22820249435029913,0.5049411605855665,0.0,0.2899477954226575,0.39696130556302556,0.4791781486295232,0.2432376312853147,0.23251021237370256,61,False,0.4530656682761583,0.5049411605855665,0.4530656682761583,-0.1746771654454111
143,0.36123155919953953,0.11755710186971699,0.0,0.19738730999860646,0.1467385285587528,0.09819356698829211,0.5723183975148041,0.2952998484078276,0.36092749392818785,0.4904458802471716,28,False,0.5746776035465906,0.5723183975148041,0.5746776035465906,0.33200019399226127
144,0.2791955392020936,0.16155212429141533,0.5175609096524059,0.2535724807806987,0.06919783418077424,0.4927549196277897,0.39371252304990834,0.2277327892602108,0.3306280971632932,0.0,50,False,0.5253426507203699,0.5175609096524059,0.5253426507203699,-0.0803312963873778
145,0.18481117372030822,0.3304926111722159,0.19604638356643278,0.5716566637432652,0.0719278265984148,0.28629120056301205,0.34583652106784163,0.37721865713781455,0.1486558218407309,0.34678856179788564,61,False,0.43743666656982044,0.4997288371448504,0.43743666656982044,0.5036712356105884
146,0.0196364721132662,0.2850920967129061,0.4940477145940035,0.12830424865268028,0.3289715657572646,0.29470679192340926,0.43654951114550705,0.3676721860865249,0.37007983524004345,0.0,33,False,0.5258521282997637,0.4940477145940035,0.5258521282997637,-0.635525667767587
147,0.0,0.263410746035901,0.5797867118333019,0.010536401119560229,0.5133866777443893,0.23767286264572093,0.21414950836837288,0.3343652635431482,0.31315297704255335,0.13627887933514793,42,False,0.5948803838216808,0.5797867118333019,0.5948803838216808,0.28994716913358415
148,0.23268930291785972,0.3079582654681844,0.007303372303607663,0.2789362284857456,0.33489597233509516,0.30677400939202965,0.5104589198130346,0.3306027801753337,0.10916531810202179,0.43024348612288726,28,False,0.44510302021563625,0.5031555475094269,0.44510302021563625,-0.5586766222844343
149,0.3538812721524579,0.18923552270245428,0.3471489238735385,0.33673082000309473,0.09802962006054776,0.522659889464318,0.43673884210135394,0.3274551738844974,0.13767243170299953,0.07316672510049477,50,False,0.46341732085866505,0.4494931643638232,0.46341732085866505,-0.030913440665996234
150,0.2637521083423463,0.2031416047979478,0.0,0.26677146903259086,0.2600816939276936,0.08991199694056862,0.6130919219925517,0.2276745739399613,0.37144626281319176,0.4202200611060649,28,False,0.5312182068784567,0.6130919219925517,0.5312182068784567,0.4928571170760618
151,0.2885041811454186,0.3953825868665346,0.20545667626696348,0.026217099484298383,0.5819993289859318,0.3856781283311149,0.21482230145367534,0.38933930181595827,0.14811726599970582,0.10195533382621753,24,False,0.5183344100873328,0.5557822295016334,0.5183344100873328,0.337650667842305
152,0.24168763617450204,0.21407161491030213,0.297216267876275,0.0,0.09506212527685633,0.04215008375242087,0.4194079364423173,0.38151920957725366,0.48813156312984846,0.48670025246186344,28,False,0.5602742793084278,0.48813156312984846,0.5602742793084278,-0.21235575929266529
153,0.07389759008079329,0.44676078441874,0.1212156382145255,0.30802349459315276,0.01439620352184832,0.09044265751591506,0.5346699285206872,0.3020896260618084,0.09375435113161884,0.5395045556320129,27,False,0.6349841265205934,0.5251083521101646,0.6349841265205934,0.4129920465877243
154,0.3864756710236204,0.25918274080462506,0.4043870082184648,0.37074346291694327,0.07513251756253092,0.34819289685502536,0.5039222438781428,0.24248564573199657,0.20702944232039291,0.0,50,False,0.4802842865345119,0.5039222438781428,0.4802842865345119,-0.5704822657916555
155,0.3205966616366399,0.05280169036046457,0.1373075669775486,0.08858479789365191,0.1770702169232566,0.08319583567182051,0.5486182380016499,0.3336779843104194,0.4165318340062206,0.4935909053648569,28,False,0.5681049885516983,0.4958165476411853,0.5681049885516983,0.3420580117159606
156,0.06603885354429086,0.09022323406115923,0.5148631686709647,0.02427935842029061,0.5926739735900826,0.17210491805562542,0.3452631909111989,0.46572913465048577,0.05486038419913964,0.042691530236710275,42,False,0.7084384468291075,0.568394615169792,0.7084384468291075,0.6243567868101899
157,0.059076514273255804,0.1630143693136404,0.466159477698113,0.10134257923703666,0.5285494366849729,0.2691593476138649,0.40408966727209067,0.3911063196198774,0.06776739925104296,0.2640170630329728,42,False,0.532294301637063,0.4694729224117171,0.532294301637063,0.11697457662280755
158,0.07051676052779404,0.16619280068262954,0.47519741543558197,0.0,0.7380342463247073,0.13733641117326933,0.3319165246955684,0.15341787971897106,0.05362115612605346,0.20361253325740375,78,False,0.7255867836296834,0.7380342463247073,0.7255867836296834,1.4508245521449354
159,0.3505703890417575,0.0,0.2787370836698375,0.34153170177876535,0.17472784830873692,0.5380084688880468,0.3325195335346978,0.4469990583509563,0.22891440600322432,0.0,50,False,0.5453662425251716,0.5380084688880468,0.5453662425251716,-0.3559132383021232
160,0.33059811039216785,0.2308459481157738,0.591037174769319,0.21279229995125373,0.22463486616765338,0.32650851555360555,0.3457885161516572,0.36735482802798647,0.17668048758900604,0.002374166403312566,50,False,0.47294392991545664,0.5886630083660065,0.47294392991545664,0.2949909915460966
161,0.0,0.2319242990907124,0.5459499456721439,0.036085438367011884,0.5485649362710724,0.19636025445272964,0.30067303834394116,0.36872853344687434,0.2234805152651131,0.1762334546755493,42,False,0.5812973412775719,0.5485649362710724,0.5812973412775719,0.3583971411012031
162,0.4087568683792507,0.20682372642216276,0.15997701259543629,0.0,0.024638061875926372,0.13028016936623288,0.553303163544709,0.010395889620949336,0.2232025747948674,0.6252178123301746,64,False,0.7200087891997802,0.6252178123301746,0.7200087891997802,0.7757794997471296
163,0.2195010153325661,0.20863568112342357,0.03737935247646522,0.32600322209729304,0.19556700478427358,0.17108854676941548,0.5308763180685901,0.24536121793832086,0.3408086400471617,0.5243234443926413,28,False,0.4789703851298584,0.4934969655921249,0.4789703851298584,0.519221919814755
164,0.44690789392938135,0.23399338086051547,0.1848249804276898,0.5115722693006847,0.0,0.30628865441762243,0.38233413778244946,0.3805942126635012,0.0,0.2545778554740475,61,False,0.5400727230737767,0.5115722693006847,0.5400727230737767,-0.471256480997655
165,0.3306241144811402,0.33214721273140574,0.49067326685805024,0.24645808978917366,0.06504930043741709,0.4397469645110637,0.2155164195606381,0.4439934621286291,0.1882789250526123,0.047210165752494246,50,False,0.47886904436283256,0.443463101105556,0.47886904436283256,-0.20505055505430037
166,0.2642276919021163,0.43051525851125155,0.10600526788514343,0.2742381460407656,0.1191480423853659,0.12589339929077806,0.5457999554977897,0.17391193316086548,0.34740971780573787,0.42369186152856436,63,False,0.47145295267376996,0.4397946876126463,0.47145295267376996,0.4090776632488056
167,0.2807190738345511,0.29402204387086744,0.1089428082060459,0.6141254543818844,0.10764566999676997,0.1861391767027682,0.35757379007660134,0.4686084772928917,0.042749752318696814,0.22408343331767913,61,False,0.5496396606265151,0.5713757020631876,0.5496396606265151,0.7541577528247031
168,0.2020787800580023,0.12982371591383468,0.5337615603421979,0.08492559923857643,0.3190806452142355,0.39007860908215786,0.3300311178722804,0.2949138856381173,0.2485785270810469,0.3722047910570712,96,False,0.4030072601597939,0.44883596110362145,0.4030072601597939,0.1457208144326455
169,0.3161549300904567,0.24630792963122733,0.462187035357542,0.3239830234075582,0.017075558483450617,0.48605377694171853,0.28624276283612027,0.355496019420388,0.27558015348488485,0.0,50,False,0.49867753403712567,0.48605377694171853,0.49867753403712567,-0.7539375194620613
170,0.3223432148705562,0.0,0.05536188287697025,0.45860258830356504,0.0,0.21458254402715107,0.48612518948931277,0.4626975739394796,0.21443038031702352,0.37454075714524543,32,False,0.602305902910369,0.48612518948931277,0.602305902910369,-0.26366544246244955
171,0.0,0.28953814842898723,0.2044238222061346,0.3749493645793972,0.4079332825669214,0.426521265055008,0.3688237064411431,0.4247919129450521,0.17794513679607157,0.19317871390149305,102,True,0.4313361833769759,0.426521265055008,0.4313361833769759,-0.8981915788906392
172,0.3631842022609498,0.11876693079440402,0.0,0.09398901614808754,0.21505159828745934,0.03229765710827574,0.6348923906133138,0.12906242354163128,0.5189367038775643,0.32988881184446933,64,False,0.6777124906704521,0.6348923906133138,0.6777124906704521,0.7582857819235778
173,0.1751721388060619,0.18478755401086716,0.3530816042139003,0.0,0.5947727446605154,0.2217280863118471,0.4381878189605152,0.40562959039316276,0.0,0.22591983333942728,42,False,0.5967171714490168,0.5947727446605154,0.5967171714490168,0.22040234516644208
174,0.23159309794917923,0.4289090025976435,0.08597149889956697,0.35939875096631096,0.14431420900926054,0.3082731453000514,0.4834375411622097,0.42619611706285626,0.11220141726898075,0.2864263887582141,61,False,0.4323497864972002,0.39746604226264276,0.4323497864972002,-0.1416242909718593
175,0.0,0.13563368352536556,0.4555636885786445,0.0024837810890662696,0.5824134508191814,0.21687423831252006,0.41741015440434837,0.36075187050093355,0.24449454751764615,0.15384558686903244,42,False,0.6123102568366661,0.5824134508191814,0.6123102568366661,0.21154088066590418
176,0.14427901700301873,0.3295712876699526,0.4391676439205586,0.2894642736826063,0.052992289885215114,0.5113647037548295,0.4772976908146372,0.2588442753731263,0.17582022129873212,0.062292123012277885,50,False,0.5161203690973314,0.45837241386961436,0.5161203690973314,0.08949682093518212
177,0.13508213619236412,0.16796291361314614,0.28798470105049356,0.06219461131842928,0.37471529092274586,0.21447546173197188,0.313198433085188,0.586119529764763,0.4876195451960378,0.030404982548298907,116,False,0.5637566749771601,0.5557145472164641,0.5637566749771601,0.4797781017941091
178,0.40742344608222203,0.4321654677301222,0.0,0.4253305460147796,0.13861926493469215,0.06362628842479975,0.4850796024175767,0.07531215558219374,0.07660072074806232,0.4429759063899041,63,False,0.6237398427245342,0.4850796024175767,0.6237398427245342,-0.06267160291834653
179,0.35454188359020794,0.28012850401908945,0.4854058064826608,0.4192596312824945,0.09762248023877988,0.4411689952841718,0.3031714513353462,0.20576944908096137,0.21236598154550396,0.030283698262504963,50,True,0.4586166939721624,0.4551221082201558,0.4586166939721624,-0.34371022164166626
180,0.13828779618435996,0.08874103651255988,0.36504718760951926,0.03651195674681575,0.5524977841185071,0.4571771909683236,0.12722002737319868,0.38388811044279386,0.3215942231179693,0.2390947411664981,116,False,0.5347967151657566,0.5159858273716914,0.5347967151657566,0.188115066362146
181,0.29034669445140593,0.2759787212958166,0.2805208253581028,0.16393063047378492,0.0,0.7024428177310595,0.3520324533059091,0.2890355751509569,0.17994304772248132,0.026372956924030407,50,False,0.6168727667951706,0.7024428177310595,0.6168727667951706,1.1098250501797862
182,0.0053383037777472815,0.23287717173748876,0.6318819201421121,0.051033058799416,0.46053403922210695,0.3255136509934196,0.24095913511652153,0.3998193062736716,0.08677219209643647,0.019069799465108193,42,False,0.6693889116838715,0.6265436163643648,0.6693889116838715,0.5250488943435689
183,0.0,0.1362925167943582,0.34645311812220025,0.06340747060849704,0.4833512809041135,0.5067938577619566,0.4528661047535207,0.275595242093694,0.07318273054032481,0.28374186528384704,42,False,0.5847232959046482,0.5067938577619566,0.5847232959046482,-0.03453917927915307
184,0.19766996359051645,0.09605447916586522,0.04046115451300738,0.25309669362344467,0.1451636303152428,0.11258955382267276,0.5392008380768136,0.20359052420432974,0.3449514843009479,0.6333072099166445,28,False,0.6140561944257231,0.5928460554036371,0.6140561944257231,1.0850505854165757
185,0.35166698335880475,0.27876424362259594,0.19653471319137483,0.30901917174785,0.23961064979080293,0.24738621917591602,0.38571856515487574,0.37893197744828094,0.3208090061022178,0.38807500425855573,28,True,0.20393868718812988,0.1915402910671809,0.20393868718812988,-0.32842987787128025
186,0.15384773356894463,0.32708087652391676,0.21072875077698364,0.5933414826475157,0.044599013172143605,0.2375105698014272,0.31482106232066315,0.3705198079318597,0.18741806632277275,0.37810732600096103,61,False,0.46664367430468734,0.5487424694753721,0.46664367430468734,0.6113712980277175
187,0.04569776667119422,0.19475008016433676,0.4478519010870261,0.04325648729835028,0.531500695136117,0.22468256512882925,0.32449353662054087,0.46004425189741016,0.08639993747672323,0.3164880869562266,42,False,0.5550467562058173,0.4882442078377667,0.5550467562058173,0.07671608239524627
188,0.3611036368818424,0.18975266412155575,0.4519467473638754,0.31388636029531214,0.10115060427931884,0.4727381437815804,0.32602407317956417,0.38776508735714676,0.18306083890430316,0.0833069800142288,50,False,0.4294038683108429,0.3894311637673516,0.4294038683108429,-0.23118336982527712
189,0.29467191745591864,0.33865351813930705,0.369334457362018,0.27601723914918846,0.092203192172025,0.5688487400903686,0.2990535257631006,0.3515250451789279,0.20197923557580325,0.0,50,False,0.4837382778763027,0.5688487400903686,0.4837382778763027,-0.11422809570027843
190,0.47608469174742396,0.21746184408502944,0.03391118711142846,0.28964734777422235,0.25002380153364423,0.20341626687755232,0.5466481996511116,0.2859437262658594,0.06513483178077914,0.3902402643494129,28,False,0.5053352584985285,0.5127370125396831,0.5053352584985285,0.16913494057681616
191,0.2575022461325723,0.3540746820907609,0.45223857858514166,0.3267326295713976,0.0,0.4176930311488556,0.5079213327168772,0.24016061162569544,0.08319315882944654,0.0,50,False,0.574998550174185,0.5079213327168772,0.574998550174185,-0.3791761231652744
192,0.23861499285651122,0.14350553011035116,0.4503473607955022,0.33925217910762645,0.11519228557925405,0.3524803378195923,0.4658190061951129,0.3588952549691493,0.3305781044254091,0.10944211576550633,50,False,0.40406522630251335,0.3563768904296066,0.40406522630251335,-0.265434133321373
193,0.109848157091289,0.2409387322190812,0.5567914249968672,0.06926665029743843,0.3011292777096967,0.18066299462687865,0.24788205508002797,0.4566348111011649,0.4369272567094177,0.17573587792369766,116,False,0.4943875322730735,0.48752477469942873,0.4943875322730735,0.5377681262612266
194,0.0,0.22313317883701442,0.4360458050351737,0.25623813349751107,0.5489197793751577,0.2439378207198566,0.2670323442098441,0.48015623910425603,0.1623263797171146,0.07343660144090433,42,False,0.5458196130908354,0.5489197793751577,0.5458196130908354,0.19775363243794164
195,0.4208466808530258,0.35143971115596456,0.2933563770709362,0.11969241962415174,0.28562432061393,0.25080926595814607,0.3424570737174702,0.31895192638897946,0.3317311325579864,0.3541958468739058,65,True,0.2427503232267956,0.30115426122887407,0.2427503232267956,-1.3444931243457754
196,0.36016342474307955,0.0,0.19214992240513248,0.4572114663304944,0.15778368611580648,0.13835993890703208,0.3917281414109404,0.5424545699691616,0.24953757220659042,0.26514586241887866,32,False,0.507818238989495,0.5424545699691616,0.507818238989495,0.04798865951546896
197,0.160262771269226,0.32572075210645823,0.09430260017473004,0.49410043090560984,0.00786504291165733,0.1976978425816835,0.5002228276419605,0.48766826748575387,0.2880577404423816,0.0709002501729486,61,False,0.5819508062439058,0.4923577847303031,0.5819508062439058,0.16799904489967263
198,0.2749118861972306,0.006127192039958689,0.15649277281100912,0.4437309318106946,0.0,0.1889065232027406,0.4410766404012838,0.5865615433348981,0.23762044077293662,0.2687872566710475,32,False,0.5940956978659319,0.5865615433348981,0.5940956978659319,0.22891664782207172
199,0.28026633977919524,0.3269749814952552,0.41265868755545504,0.41927223994668966,0.0459168330975841,0.37833412323220983,0.45644015443456415,0.2251010105774548,0.18180319255396002,0.17651116658272917,50,False,0.4047286827578604,0.41052332133698005,0.4047286827578604,-0.5024246548213195
200,0.30266993601856645,0.37893215243158496,0.583914675087248,0.2856007430253794,0.1105564077031802,0.4259432604242107,0.2650977707103817,0.12197531208849223,0.25193653229623086,0.0,50,False,0.5249093283692723,0.583914675087248,0.5249093283692723,0.20264625486518298
201,0.03515319179265324,0.36955485581434344,0.20234237611017958,0.426793450517752,0.0,0.2100080443095223,0.5045810590955706,0.1967190646167122,0.2434925466558504,0.4923473779179929,61,False,0.5517171369824908,0.5045810590955706,0.5517171369824908,-0.08114407846988204
202,0.4808041168640874,0.3099550334759188,0.1592892078373071,0.25579372593213157,0.0,0.0,0.4306042101319381,0.269664277696968,0.2938335658165427,0.48731388613517423,63,False,0.5481138538559691,0.48731388613517423,0.5481138538559691,-0.4048579614354949
203,0.0,0.18517212076071599,0.5216391890689976,0.0,0.673270947420136,0.29804748460691655,0.2812803049252032,0.14691143949484223,0.14553973838775935,0.17203015420751103,81,False,0.6833714132034037,0.673270947420136,0.6833714132034037,1.0080085824137803
204,0.12898582575541603,0.37449638123661544,0.2150012204842035,0.0,0.31987266692827065,0.42513706743038515,0.1856626784859308,0.4594442868932851,0.4405377584622338,0.2723900579347291,116,False,0.46422951573071886,0.4594442868932851,0.46422951573071886,-0.5680745412025877
205,0.2929857938586083,0.0,0.0,0.39659548575938297,0.22659862753928395,0.0,0.5067541254465097,0.31007448720861064,0.30441285326496675,0.509814957373727,112,False,0.6236876553284089,0.509814957373727,0.6236876553284089,-0.24856160568300564
206,0.12191794730553707,0.18950362158620274,0.2546786616943045,0.5795382067220166,0.17830420424367005,0.18349755013943037,0.3578115849260674,0.5323839930122579,0.2589915865336532,0.06705527109187233,61,False,0.5266800308427795,0.5124829356301442,0.5266800308427795,0.9438678777760043
207,0.48777474057601833,0.2968428275931648,0.14053563293472598,0.16882023626477846,0.25637842911435604,0.3219565505448646,0.46645996334349116,0.3176906885817814,0.30698768142771937,0.2087342208393145,65,False,0.3467386660679072,0.34723910764129234,0.3467386660679072,0.47720364690300576
208,0.4149177437328907,0.33513142142479957,0.40786411750239726,0.38097032103160705,0.03192490638581392,0.5045510697884098,0.25514047003778617,0.16299014359185574,0.143860047913772,0.18997244810536312,50,True,0.4602652758704486,0.4726261634025959,0.4602652758704486,-0.19679801675779432
209,0.32795839651166503,0.36929573769549723,0.18553149521204748,0.1579629006107817,0.20327284423676173,0.11322113640752379,0.4036172548371578,0.215197904998684,0.4605728238435415,0.4703259581158715,28,False,0.40184488332521434,0.35710482170834773,0.40184488332521434,0.15281190471605915
210,0.20795238504051258,0.29026050437176154,0.33598089524904534,0.009150892436787232,0.47787015026679985,0.4119771979596504,0.434585644731062,0.21976272299512217,0.3185048047597194,0.15115225608241423,42,False,0.4392603603478439,0.4687192578300126,0.4392603603478439,-0.5613469623632423
211,0.5305159411522534,0.07437931490545441,0.07153239402817554,0.03794882710482684,0.2689222876896073,0.3953350946852547,0.33125235548305204,0.3628047151294926,0.18832736289166516,0.448365858390776,65,False,0.5351962303720044,0.4925671140474266,0.5351962303720044,-0.07489750630251271
212,0.26526522000172265,0.2979900222589007,0.5063989499844568,0.3957594564034436,0.27693485915663435,0.4245570456701505,0.2960052109618533,0.2610579822331192,0.12271474876720492,0.0,50,True,0.44676534709129007,0.5063989499844568,0.44676534709129007,-0.5596009786233018
213,0.0,0.4089063270210675,0.023960340372348593,0.7289598346540009,0.26111383375420544,0.0,0.11743961507418156,0.46783178590814234,0.0,0.0,105,False,0.8543391466952904,0.7289598346540009,0.8543391466952904,1.1151575036131147
214,0.3134334582092894,0.41026472791075475,0.027974665388449036,0.3551017479666169,0.0,0.1706592079697654,0.4756371534206091,0.22267660015611077,0.21006365002268185,0.5074402572696354,63,False,0.5446450309210997,0.5074402572696354,0.5446450309210997,-0.2362020499630427
215,0.40882598805037557,0.38936776000058243,0.03865483808776347,0.28803535276158887,0.005265434714336779,0.21393018056136354,0.4420964280438527,0.269721091942468,0.306326790554858,0.43470315080698446,63,False,0.4806953675013912,0.4368309933295159,0.4806953675013912,-0.8658640905658522
216,0.4617387559153293,0.2983802290114314,0.5623315827404048,0.29350018466475564,0.19213845490994855,0.31019576999373344,0.28073616682984215,0.1830620062078579,0.18567778555383035,0.12437064672483913,50,True,0.4133465631231196,0.43796093601556574,0.4133465631231196,1.0101238449413075
217,0.4301924660057893,0.3396602331055346,0.02502385666153201,0.216518597141756,0.12247864458282677,0.0,0.5069147733464914,0.26870425518235586,0.2787683763611581,0.47977232277423915,63,False,0.5590951952576448,0.5069147733464914,0.5590951952576448,-0.19409621980771233
218,0.41097627725894437,0.2199005357284211,0.2240702994808913,0.48242522144921546,0.15416045942410447,0.2908044036259835,0.2794989721864481,0.37236931387576677,0.11215843817298846,0.4026287563945756,61,False,0.36727818765448134,0.370266783276227,0.36727818765448134,0.016152251051529017
219,0.3065182037299382,0.34643575292845985,0.09038801368672332,0.1747772249665875,0.13112036629843069,0.2000077621463702,0.3202741646269431,0.21194025108945555,0.37190285726637784,0.635853904061722,63,False,0.48573998097513704,0.5454658903749987,0.48573998097513704,1.2482909320617428
220,0.37171742741197034,0.2009595925893662,0.0,0.13772969658362302,0.1384433748664543,0.0,0.4963663210078542,0.3328340860589214,0.40687718569765646,0.5104882576752546,63,False,0.5987610789142696,0.5104882576752546,0.5987610789142696,-0.09374889597025535
221,0.5412618510195917,0.2646087676597508,0.045827726769480166,0.21965155857602697,0.0506979085362671,0.26160946966844684,0.2869945673766037,0.3355761158987013,0.0,0.5662895170910347,65,False,0.6107348744577107,0.5662895170910347,0.6107348744577107,0.33534936159257966
222,0.14965630588410672,0.23255025117840522,0.3483136082061961,0.1819806317163907,0.49099190770979617,0.2946626554437424,0.39461547375042144,0.407323981463677,0.2778713164525858,0.20576260678028993,115,True,0.3360420408128552,0.34133560182568945,0.3360420408128552,0.3612455319534767
223,0.15071047371034857,0.3524011620730266,0.30591119726241384,0.5758865989726638,0.4973230733727558,0.08701409452360997,0.2270818299510817,0.32488943577484836,0.03128311315618155,0.12195536274103198,124,False,0.5554505303010969,0.5446034858164822,0.5554505303010969,0.4583331561530313
224,0.08756232746109321,0.47519342471989195,0.0,0.3765153325276456,0.0,0.2514398363240481,0.2902547951825674,0.3500383350624185,0.23707942361577994,0.5464036289701731,27,False,0.5886027248754047,0.5464036289701731,0.5886027248754047,-0.12365591461387641
225,0.35063936723596106,0.055703969053024334,0.04588923051956109,0.24696997175936486,0.13386678409239072,0.05296389600681153,0.47493598683126687,0.1595516830086971,0.40981409778708866,0.609224997435926,64,False,0.6275677169505705,0.5633357669163649,0.6275677169505705,0.5818676238948298
226,0.0,0.28448522190464176,0.34372728049223455,0.08863197261552579,0.7345433967618606,0.29930306590252054,0.34457694146726403,0.1677167868069172,0.11903731926597778,0.05381160713691216,81,False,0.6778226681089551,0.7345433967618606,0.6778226681089551,1.348270563931239
227,0.3747452213162984,0.26230087331221313,0.08321821845327097,0.2863173900949923,0.11019490320948264,0.2294042860446297,0.4558632517016368,0.18445916227281214,0.25544206334545344,0.5744605935426301,28,False,0.46770553563373923,0.49124237508935914,0.46770553563373923,0.6885500755129114
228,0.15405961774845756,0.10833112401942026,0.025747239147281983,0.3141190282046729,0.2518099311471527,0.06122039514327511,0.40865595372836216,0.29268978331526296,0.46294457467783273,0.5753741933209099,28,False,0.5664459561359283,0.549626954173628,0.5664459561359283,0.30290250787467743
229,0.24342309161985126,0.3161015969973978,0.4087099148619848,0.29912479791337704,0.37843750581991026,0.4738012394345327,0.3827980744433574,0.23319474130430237,0.12525504436269944,0.0,50,True,0.4366258314962859,0.4738012394345327,0.4366258314962859,-0.8541205630588226
230,0.16720855068449103,0.3064566565556629,0.1627272636102965,0.09582830894079791,0.20451838363776004,0.13575628503827422,0.5884796948946445,0.39088609624129744,0.42039671517481764,0.32614592328149955,28,False,0.47972282253062615,0.49265138595384655,0.47972282253062615,0.7788862885277703
231,0.3046781501115826,0.12810365321475825,0.014594428407968495,0.6864014178485838,0.31847556183944625,0.0,0.35296440136220986,0.4320703027484916,0.0,0.08188697379564193,105,False,0.7302225766781569,0.6864014178485838,0.7302225766781569,0.7757866463335422
232,0.46893117797763956,0.24966030698502192,0.0,0.23276627811602774,0.2588710526647185,0.24876274886686686,0.3067854442986717,0.39968216655233674,0.1095183126736782,0.518496490029323,65,False,0.4829616226139284,0.518496490029323,0.4829616226139284,-0.1678168204410824
233,0.2206194583128399,0.16486501583189975,0.11387807728765677,0.49832292004643364,0.09267593992698422,0.2579746862562401,0.48835993536253935,0.4938989670729617,0.1985952084718837,0.25659538280485555,61,False,0.4879697651244617,0.40564698011944944,0.4879697651244617,0.5922693914935615
234,0.21931884398862936,0.20696704977401212,0.2045001879091313,0.2994972264383735,0.020094715186729544,0.15010968285653048,0.5078807542611267,0.5626271698924664,0.20444193796211702,0.3719133718578792,61,False,0.5122720951591658,0.5425324547057369,0.5122720951591658,0.5511211406187316
235,0.3529136224156592,0.3153282051801287,0.03700887306822538,0.4040706292833628,0.02318408375594586,0.0,0.3444877188715613,0.36548682225920087,0.3297289029947008,0.4998662932104458,63,False,0.5568045336700471,0.4998662932104458,0.5568045336700471,-0.6927323148566783
236,0.41788177634403145,0.08336708822866117,0.10168554091711653,0.06694691993638105,0.20839250477221952,0.3792660570189969,0.5869285550427265,0.21777649268383512,0.40214328246210507,0.25040324100871436,65,False,0.5319916576486857,0.5199816351063454,0.5319916576486857,0.4862407198662257
237,0.03424834421389123,0.2418177517073918,0.06341210085311867,0.02093010348481527,0.5248788483992992,0.2791792528742043,0.25335048515049746,0.5503033139766387,0.4589385252937461,0.06934281275274702,116,False,0.6489507197528858,0.5293732104918234,0.6489507197528858,0.3720702542751941
238,0.1453711179547256,0.38957928925052293,0.06341833752841244,0.48314893429800587,0.0986094660449976,0.2163828259469868,0.26314439298705955,0.32929585964133407,0.2426020396685956,0.5445719407536387,27,False,0.49419114674449277,0.48115360322522627,0.49419114674449277,0.3790423655195921
239,0.3228940673771685,0.29179595507190176,0.16794272770628105,0.47245049530811406,0.0,0.09521038977069349,0.4374389243559793,0.45322296581986643,0.07368328027576204,0.38460654980023545,61,False,0.5411537143979259,0.47245049530811406,0.5411537143979259,-0.33905612083440634
240,0.3173409266743917,0.4997753120323565,0.10691343623259614,0.44684389694419235,0.061122189042505624,0.17949697331444003,0.27821098663918054,0.3630496261314748,0.31272688610869365,0.3089657712732646,61,False,0.4266623055643546,0.4386531229898509,0.4266623055643546,-0.2395768688012503
241,0.39542940685092365,0.17685955047389149,0.11741730598356083,0.476694263273372,0.0,0.0,0.4235555024453809,0.4948007234375389,0.21171277208048864,0.31981670030416454,61,False,0.5876353492690389,0.4948007234375389,0.5876353492690389,-0.21342999084713873
242,0.3785495952468403,0.3512502108551198,0.1923527168208177,0.0,0.4613611778690841,0.5363856713762588,0.13921452856068992,0.390878947486107,0.1536006646847833,0.0,151,False,0.5944265132037707,0.5363856713762588,0.5944265132037707,-0.09907707984165581
243,0.09774823515561608,0.07417557804946456,0.2632683545502309,0.0,0.4742960931309946,0.15722352044972565,0.2653066829704912,0.6833313568319174,0.35864695877271824,0.0,116,False,0.7060825755639739,0.6833313568319174,0.7060825755639739,0.9032874044061059
244,0.25196688966412484,0.3247037852267101,0.18163113570313005,0.5423167628157676,0.14565147202260656,0.1143588827238476,0.3306897525841237,0.5386208204078627,0.0066880099572074105,0.26491066835119353,61,False,0.5398122205012629,0.5356287528585602,0.5398122205012629,0.40574595210661796
245,0.20390292469892604,0.31646721849414877,0.2703003876222062,0.4651337262129501,0.05989822582065914,0.15187943938734805,0.5028562356548694,0.39032228747823416,0.20220768174054776,0.3100022970062494,61,False,0.42775455801032886,0.44295800983421024,0.42775455801032886,0.06822398330606924
246,0.05126517064358669,0.13617644254110173,0.6042879108118165,0.13170704745969944,0.5571717864450191,0.26895954349877876,0.38021666956818934,0.1858192058708343,0.18559122968091488,0.0,115,False,0.6466106876873113,0.6042879108118165,0.6466106876873113,0.7922315328482948
247,0.0984050648982377,0.19705163868577555,0.41741603639209696,0.0,0.2786413412500687,0.29195973163057815,0.24663686191455894,0.47037956747063464,0.5731790454734423,0.061225551774812106,116,False,0.5775345725040496,0.5731790454734423,0.5775345725040496,0.24103421458077345
248,0.0989979265439338,0.24019755092177353,0.16612503972101333,0.0,0.4524955727742651,0.34565047965505724,0.14230352644415428,0.5251702046364147,0.4827271194871669,0.2271585600811047,116,False,0.5518122673173118,0.5251702046364147,0.5518122673173118,0.1603128524519581
249,0.37616331615127463,0.30479384570625695,0.08522502761274431,0.4812034988230869,0.02529863689298656,0.11909537980223718,0.4435055154966287,0.32324171140847624,0.25998179692514595,0.37839813301464853,61,False,0.48070862552118165,0.4559048619301003,0.48070862552118165,-0.49569909156724923
250,0.37939397052413104,0.3128096299454407,0.3550507153342856,0.44056394767096857,0.07869686089370272,0.39014222323842995,0.311888997816186,0.37637861487408014,0.20177459982676613,0.0,50,False,0.4467539761006613,0.44056394767096857,0.4467539761006613,-1.1535771232720995
251,0.0,0.36259507638276645,0.08118229860030705,0.3793036244533154,0.08489678262671164,0.26587420489199076,0.3745171242940444,0.27743527751923885,0.4471481647090138,0.47221981970467125,27,False,0.5136151732523018,0.47221981970467125,0.5136151732523018,-0.5833465167528349
252,0.16476457411991602,0.21795936978738875,0.4755842644410295,0.43896843236132105,0.16043733921076533,0.49572028395978557,0.2577458528829209,0.3867162908484993,0.13588473733550185,0.02338493477416647,50,False,0.506176905977213,0.4723353491856191,0.506176905977213,0.07837819235670412
253,0.3116909430985404,0.25300317355273844,0.5915015666008467,0.19827332796115008,0.12649738023412907,0.41387036419569967,0.3063148742324679,0.18002995332180155,0.36894699139016984,0.0,50,False,0.5105545702451604,0.5915015666008467,0.5105545702451604,0.3083895883080601
254,0.2642335715582345,0.3804229653099447,0.42230531971722396,0.40023966330400584,0.0667794256189227,0.41372157430307166,0.31855318989301445,0.38136937263240944,0.1561462458093036,0.0,50,False,0.47617151632218907,0.42230531971722396,0.47617151632218907,-0.9351851197250237
255,0.24640817001988866,0.2685329291282274,0.22812431204886366,0.4218698085087907,0.19840435447447408,0.25870675768750934,0.5607170870710557,0.3158365901788398,0.20881239772959023,0.2703807452830354,61,False,0.34158197798363166,0.36231273259658164,0.34158197798363166,1.7539012404526932
256,0.37748444651201873,0.2098691079037517,0.2965477609850921,0.0,0.3957377245807823,0.40549225920999327,0.29743220328068093,0.3723886333707947,0.28086180710321834,0.31379131952122796,65,False,0.3667503707383933,0.40549225920999327,0.3667503707383933,-1.8304080358999313
257,0.4273608463950195,0.2602207652558306,0.09411781468002414,0.5723869598303237,0.20354394395940065,0.018635935736743218,0.46961278574750587,0.18596386400020992,0.10620393316524823,0.32401763467400485,61,False,0.5624611904969763,0.5537510240935805,0.5624611904969763,0.3903297981642084
258,0.35341898792376186,0.306897878829334,0.3604398623173946,0.3371064916938319,0.0470861667212959,0.35233351127387735,0.5328079544100901,0.3002807647694604,0.192203448510196,0.0,50,False,0.4900459222615811,0.5328079544100901,0.4900459222615811,-0.5740778437970845
259,0.10830101314890216,0.10774562490260324,0.10832915353163461,0.0,0.48093207426357304,0.38651747984352075,0.2963102111206763,0.5882353900190086,0.35495961520128333,0.15626323742742926,116,False,0.6028780862465899,0.5882353900190086,0.6028780862465899,0.41665965163438445
260,0.11004988774630493,0.21675355087870155,0.4369414889598119,0.0,0.36117511189488355,0.31949918777566044,0.1209695977778328,0.38835096584426476,0.553276561571813,0.21423536899648907,116,False,0.5281375717703336,0.553276561571813,0.5281375717703336,0.024322388532105922
261,0.39702022000122866,0.1281988207348207,0.0,0.08212036899911314,0.19759633275696067,0.01403621962594869,0.5512065122719726,0.18593489252564946,0.5318125182740249,0.3984092971617534,64,False,0.6538375634910044,0.5512065122719726,0.6538375634910044,0.34986742433136614
262,0.0,0.17343400315632002,0.42213676707088155,0.008683323890187332,0.5584135503037617,0.3521435671415637,0.38107942957746327,0.24845938202511691,0.18133036541114203,0.34055941287354413,81,False,0.5601088178600567,0.5584135503037617,0.5601088178600567,-0.15481982997553134
263,0.30824783272778833,0.1366019362555883,0.0,0.0749163270415094,0.3191977953921828,0.08731803953448476,0.46998183758653317,0.13737062172971237,0.35785578112329786,0.635125720233476,64,False,0.6340566236684546,0.635125720233476,0.6340566236684546,0.6635584376447659
264,0.3888542087399474,0.3503619718570684,0.5097045077223019,0.3510293006252475,0.17251593529837217,0.372583866242225,0.3574783462679,0.191354497706452,0.10015408515369888,0.0,50,False,0.48259301691528744,0.5097045077223019,0.48259301691528744,-0.5088804335434586
265,0.0,0.33859849092435157,0.44817720247940396,0.0,0.6146614258323105,0.0846274772949649,0.3625132084526187,0.31056319055975856,0.21059596701667357,0.16523255080344101,115,False,0.6298765813526684,0.6146614258323105,0.6298765813526684,0.32337507657993764
266,0.08596013940351785,0.12469770881956803,0.42440031871984724,0.0930436768457254,0.7248970408743708,0.13042045698668353,0.4013002494776448,0.2468093139712033,0.1089304323513183,0.10945682830852749,78,False,0.6712205062029641,0.6389369014708529,0.6712205062029641,1.5478160822378266
267,0.1868931390749467,0.2251150963279479,0.38438589122248595,0.5250381852922918,0.16153638151979147,0.10642385605122097,0.40943209937765024,0.49897558686732557,0.0,0.19221139041259452,61,False,0.5465228868116107,0.5250381852922918,0.5465228868116107,0.1847522858328046
268,0.0,0.30795856211610745,0.24587769719483038,0.547480335483592,0.4117391184201921,0.001319438894351106,0.40860763726997446,0.3254227610295459,0.11585607941974088,0.29859222356573545,124,False,0.5620172145261474,0.547480335483592,0.5620172145261474,-0.2960875294236207
269,0.05854479845848404,0.14970444472045363,0.33017268248342635,0.0,0.6237449284046299,0.22920116906744875,0.375391644771903,0.47663876721628623,0.19452458241290027,0.1327138251757656,115,False,0.6117078616281284,0.6237449284046299,0.6117078616281284,0.6397293432566316
270,0.48250107062325087,0.07259896202550079,0.19141426042452522,0.2162063029204375,0.43917852082258346,0.37110059490150826,0.2338391565313841,0.40785523189641404,0.22923816759709595,0.27270372120639996,65,False,0.39415407375876577,0.4099021085977501,0.39415407375876577,-0.010612591759413852
271,0.21132932061315735,0.2549080158121479,0.3319936423496114,0.4681708484957579,0.08688764128723034,0.27907412532686765,0.3007664394491746,0.37332934434559334,0.1538650978688972,0.47118632339662736,61,False,0.38203373933558915,0.384298682109397,0.38203373933558915,-0.03593680051683169
272,0.25524571758666564,0.06006376582710848,0.0,0.5465342492850668,0.052305012506842254,0.35459136530591756,0.38926416513949474,0.5049679215948469,0.3113396558533701,0.02489694670888142,131,False,0.6475813221936408,0.5465342492850668,0.6475813221936408,0.08486860030504215
273,0.2541711182818813,0.28137476992045046,0.393176588733937,0.18770598026674745,0.5799615367095833,0.1669443902789313,0.41341920159399775,0.3361779194948112,0.13346360698390647,0.020845594916365954,115,False,0.4998432817142196,0.5591159417932173,0.4998432817142196,0.3471209431004175
274,0.3018870424400118,0.1845163476799842,0.010161116849479462,0.6329260528151962,0.1166350291535619,0.21433225532825345,0.4734957825376132,0.4028287965706028,0.0,0.16765426714114262,61,False,0.6450233797740531,0.6329260528151962,0.6450233797740531,0.6235910436679278
275,0.41386976941305337,0.2811985308028664,0.24177799984306372,0.018673758542642117,0.34207572836477107,0.2522776815327613,0.36248477306652627,0.4532783167420184,0.26945433797477847,0.3173514988955387,65,False,0.3642958607490689,0.43460455819937627,0.3642958607490689,-1.2543667284001734
276,0.0,0.3391947083742893,0.08429598979681706,0.15320149071261807,0.10861875321612321,0.1619142721797469,0.5880498707249207,0.40735102139856477,0.2895559633422679,0.46986808049882084,28,False,0.5952469973456548,0.5880498707249207,0.5952469973456548,0.39722861751494554
277,0.0,0.08888129991188208,0.48095680124582485,0.0,0.6342572757096308,0.18341497654996777,0.3807817743007273,0.15363054142972424,0.0,0.39529763665917644,81,False,0.7310685321169548,0.6342572757096308,0.7310685321169548,0.5660796416224264
278,0.25786555290820956,0.4269389968376373,0.17145160927895564,0.43271797544483265,0.08159288694361719,0.23759966704405475,0.5548435345718203,0.23252362410263025,0.3234682134078718,0.07019030786871235,50,False,0.4857569934586981,0.484653226703108,0.4857569934586981,0.3504747618781614
279,0.3155154827942387,0.12788761345052826,0.06390514230815526,0.2628091674423043,0.0,0.0,0.5622854187203247,0.05025088457256318,0.42178283765119423,0.5606704977925934,64,False,0.7100527907891709,0.5622854187203247,0.7100527907891709,0.4636394943255452
280,0.03251076209570411,0.20551110487389485,0.49224538433615556,0.0,0.7455147346468477,0.18621195751330652,0.2807733238149774,0.0,0.17900890085884963,0.11427055207671358,78,False,0.7653756475831651,0.7455147346468477,0.7653756475831651,1.388843258149768
281,0.4301316523894348,0.16242667547344777,0.32232437526049035,0.44373171202158734,0.22723430402736713,0.4513565875563952,0.22964795314663436,0.29927801226680273,0.3002495503719203,0.0,50,True,0.43259864988893815,0.4513565875563952,0.43259864988893815,-0.722255441937899
282,0.08588068828283164,0.12768733425175105,0.496672528247243,0.0,0.3277404268848327,0.32220820649592413,0.34438371457220923,0.4176226387721977,0.43876253559247275,0.18133825319310223,116,False,0.5153828848153977,0.496672528247243,0.5153828848153977,-0.37153391874795955
283,0.33977728114448763,0.3761256375542751,0.331790857244491,0.37547707014311466,0.0,0.5229248949844179,0.38201648000367794,0.26548016069523933,0.04632438155575451,0.0,50,False,0.5747782519601605,0.5229248949844179,0.5747782519601605,-0.5520081185598714
284,0.4350123869706186,0.1689467692360466,0.0922296311561967,0.08454041837983335,0.39699400902414705,0.29023156888000806,0.3355029301647891,0.4007150813685982,0.34661570774348094,0.36256306613918954,65,False,0.39678039692904965,0.3504719685907853,0.39678039692904965,-0.7969305664890287
285,0.2880673899984041,0.4698212898651177,0.433591538057667,0.3056763524967578,0.15063460768318132,0.36844765263067597,0.3207157727328622,0.33569208873822454,0.1893960202074861,0.07058600786008992,50,True,0.38110725847732724,0.3992352820050278,0.38110725847732724,-0.4491764877774974
286,0.16767815316924872,0.3841633937305201,0.5789389626857543,0.12115734556754001,0.4534812237042601,0.1975675435566087,0.36729142124824893,0.2191439617669666,0.2164437117261296,0.0,115,False,0.5372711217298725,0.5789389626857543,0.5372711217298725,0.34856696997977654
287,0.0,0.3449889224323671,0.3548606144646696,0.03880575178959641,0.4430301492120544,0.28763911091118766,0.18693582683783155,0.4789826232933731,0.4226199105559769,0.17765636639657667,116,False,0.5195244950686312,0.4789826232933731,0.5195244950686312,-0.5102903781300973
288,0.1427793925346776,0.25006965573957984,0.09046271373171633,0.723126617495147,0.19042711551234554,0.0,0.2737762286453237,0.44713687443540057,0.2529655552885748,0.10413807422894128,105,False,0.6593535045900258,0.723126617495147,0.6593535045900258,1.434480956219309
289,0.025579396231295733,0.19557381267743007,0.28288135425817207,0.14860107205147144,0.5487620913918935,0.22751932964594113,0.2098760366265607,0.4357991122776247,0.4279009314450253,0.29836141946734523,116,False,0.47810463456241215,0.5231826951605978,0.47810463456241215,0.24560755277337634
290,0.04141758519504716,0.09755517331151928,0.36310329515443474,0.0,0.7716198221634064,0.16146994541790255,0.41133130643236004,0.11369114922697167,0.2309431846842699,0.0,81,False,0.7837134589293182,0.7716198221634064,0.7837134589293182,1.4899398195545872
291,0.04328082653152522,0.21174621950700587,0.2623800895705664,0.0,0.8854919599884599,0.1307511731960386,0.1684357504089992,0.21349170062798742,0.02007374245075225,0.09435493252068859,81,False,0.846233552598644,0.8854919599884599,0.846233552598644,2.4777937558849876
292,0.11151954861301192,0.08204602910225602,0.30765380884682336,0.04896015427227176,0.5730914646670269,0.1484710024321123,0.2575032642661232,0.45799021607433016,0.4820989011540663,0.15755662957332633,116,False,0.5819005438930414,0.5241313103947551,0.5819005438930414,0.5703688243007857
293,0.11082160658143762,0.0,0.3424483818509723,0.1631565254501812,0.5356941745971033,0.3000535242357874,0.16059766505123246,0.4742158964426448,0.35584894084648855,0.2992097328320376,180,False,0.5155361819892146,0.5356941745971033,0.5155361819892146,-0.03149094659315456
294,0.22657054781486058,0.042559754490205395,0.260652261330502,0.0,0.564543506941969,0.35533518027353544,0.220954979361501,0.3285665638007591,0.4440518838432295,0.28281305832004905,180,False,0.5252580591168722,0.564543506941969,0.5252580591168722,-0.057779168823831176
295,0.35153856465340694,0.19778035267718416,0.05671394694193624,0.19905847772718196,0.07466927348755202,0.0,0.36951517798316014,0.1935652680473257,0.5230172500900239,0.5842356513209941,64,False,0.6222370657072935,0.5842356513209941,0.6222370657072935,0.4804685980800855
296,0.44697874907344654,0.11926200427386509,0.013855013042545127,0.09624264197491682,0.1705523313718886,0.03943884253132584,0.6170949433156134,0.10388982977442522,0.35771969905695866,0.47573710782987977,64,False,0.6755151930267521,0.6032399302730683,0.6755151930267521,0.6573360378867177
297,0.322023274119396,0.2869763472660449,0.6042971752405781,0.41506213605669706,0.10985886396431092,0.38183711571167284,0.27080584487365644,0.13320777466708641,0.09246922398624904,0.1378212867554308,216,False,0.5079275403781945,0.5118279512543291,0.5079275403781945,0.7415813517066197
298,0.32828477421914426,0.30123304109139293,0.4418901440683904,0.25529176630959105,0.2005507226596587,0.4415514243827001,0.17355352007478167,0.4434431483455905,0.26948779330362965,0.08045124599472364,50,True,0.3785188590354385,0.36299190235086687,0.3785188590354385,-0.17329538798178654
299,0.28187259535146153,0.39235518312331197,0.13804390737392955,0.6096993224188016,0.05178156160631014,0.32813798777509107,0.21632296852961536,0.3050738660279085,0.0,0.3543928703500436,145,False,0.5536120527307665,0.6096993224188016,0.5536120527307665,0.2800271945962795
300,0.45609311171100647,0.2895442474421819,0.11616616661198734,0.27294046428120744,0.0,0.04875298448373257,0.42441015704865664,0.23647050203914174,0.3224383963175817,0.5270355531260797,63,False,0.5442964852128216,0.5270355531260797,0.5442964852128216,-0.16772071591936216
301,0.12491499186741628,0.15180896699896218,0.15021031509151614,0.11531624141506985,0.5171075502312531,0.3547546315387229,0.15701911908090235,0.5687556783814639,0.3959804029811304,0.1652263173769141,116,False,0.5400722370222983,0.45343943696639405,0.5400722370222983,0.8415649345671783
302,0.6721695117696834,0.3492682933488312,0.22463107920444675,0.0,0.18230357948003562,0.21237687121089632,0.27268224697024807,0.36171880831140213,0.07586514691691891,0.29402470955974525,65,False,0.571952501067351,0.6721695117696834,0.571952501067351,0.9869195329711026
303,0.26504794173592605,0.18925573510261512,0.2698607092580699,0.235843554479846,0.21361948889588286,0.2354553122934528,0.37909728364226797,0.4000637618473956,0.18183311257159426,0.5723489632751211,65,False,0.3728893740535767,0.3905158507035268,0.3728893740535767,1.5072171910990502
304,0.2457625670764921,0.30198346605236626,0.24621411715391187,0.0029326590461883923,0.5779760144605592,0.3763489358842311,0.18893197755036267,0.44669164591648564,0.2216597027365645,0.1664938964562158,151,False,0.49491319648758886,0.5750433554143708,0.49491319648758886,0.33856005784490517
305,0.01542677300954975,0.2578847972292776,0.03069769979934204,0.46299997834660844,0.5235602796804335,0.05486690709683412,0.411458127484119,0.500872988191379,0.0,0.14369701592124548,124,False,0.6936717161385126,0.5235602796804335,0.6936717161385126,0.20351336766079178
306,0.44848529943599263,0.20727977881447254,0.05499433281977741,0.1986567961342001,0.04573199194867134,0.28007421214891615,0.458500301193499,0.1476805521301479,0.5468173704272525,0.31911258596369196,64,False,0.5364066808956497,0.5010853784785811,0.5364066808956497,0.2573212422931337
307,0.42008774460776777,0.5092311958767762,0.38055187565336085,0.22332320131030223,0.0,0.36791048835903895,0.3633119962082604,0.319629722704377,0.0,0.0,50,False,0.6047360334436627,0.5092311958767762,0.6047360334436627,-0.5341135102746964
308,0.3511190308903024,0.1196759845644459,0.2494284081658413,0.3128258355787438,0.07668136870497146,0.14961155846799526,0.4328468345670828,0.421249905226908,0.3725217381855648,0.41288568594296565,61,False,0.4081771542362569,0.35616546586211134,0.4081771542362569,-0.5638358314428925
309,0.37785847591066113,0.4046334611520621,0.47163012887621397,0.338757779527996,0.29571094144575033,0.2772490839477346,0.35256236685624287,0.1564543783537473,0.2078766753970228,0.0,50,True,0.4204751864661891,0.47163012887621397,0.4204751864661891,-0.9670473094166174
310,0.08750388846306974,0.17631557151624927,0.10740235070619016,0.6441857628229956,0.40170724827832094,0.09317323141727409,0.31527453820042195,0.49879577751692306,0.047153229985609474,0.11948503340304309,105,False,0.6515791583669803,0.5970325328373861,0.6515791583669803,0.9532592952719564
311,0.2744905969184651,0.1852761154848549,0.10585777409008103,0.4455503249250039,0.1646324405509641,0.017639870467475314,0.4682511053726729,0.5066928010459799,0.2996118129047168,0.2956818841248587,61,False,0.5020879467951933,0.4890529305785046,0.5020879467951933,-0.009214929701374937
312,0.2380479242999752,0.21676972039041478,0.20771318856971183,0.0054750468042080985,0.48037720662162997,0.22671443185658824,0.18701051529657628,0.5515761903583174,0.4663056244675256,0.11982267293646474,116,False,0.5408221845111374,0.5461011435541093,0.5408221845111374,0.4314765570736412
313,0.23878604832691877,0.22650831478544067,0.11364315681721417,0.6547926016703689,0.0989903783228621,0.32747660312618115,0.1289971249815671,0.21592688822103287,0.39447142680353364,0.33777904270918263,186,False,0.5183957921815832,0.5558022233475068,0.5183957921815832,1.3354120182750158
314,0.3783457403381439,0.23897678241081113,0.1912974599832686,0.21921544440833318,0.23472582613993154,0.392189262656022,0.3211477098514134,0.4701215653877449,0.2216127875217221,0.3645867145070395,65,False,0.28680330136456844,0.27882410540447633,0.28680330136456844,0.47377856185405826
315,0.27282974492790274,0.3314907748398411,0.4366600783079626,0.24105958656688453,0.1323844204748487,0.37650175972012223,0.5369008804516439,0.2813970111686023,0.199859783789585,0.015035686128060865,128,False,0.46246065338406195,0.521865194323583,0.46246065338406195,-0.08328246017890077
316,0.2507448622176328,0.2170404295329779,0.19911544120643154,0.159955617330623,0.2203018785929609,0.5061399912883119,0.4698722548727387,0.3916315974374165,0.22154940060062084,0.3111875932089182,65,False,0.36852762669897476,0.34618437395768886,0.36852762669897476,0.8716076712031026
317,0.17001902502251245,0.2832432498830427,0.2875387832060998,0.3806219244432907,0.09465818561118734,0.027812570239546787,0.48350770475441607,0.3894197128199096,0.3222669773184922,0.4053369736224099,129,False,0.4483610215801459,0.45569513451486926,0.4483610215801459,-0.6059005808365011
318,0.3565946221030009,0.32182686204320865,0.412698598925088,0.365710430770886,0.13407038701047985,0.3731371431664246,0.32849270137635583,0.348676278174777,0.2793436471885315,0.021950450970311026,50,True,0.3728255457276995,0.39074814795477697,0.3728255457276995,-1.626905066398902
319,0.5061078039912421,0.25405730530776716,0.21011724600578674,0.34601200061060056,0.0,0.05276690013673874,0.41704607807221566,0.5537332955324925,0.1071359929652717,0.1436166918151413,61,False,0.601302691690883,0.5537332955324925,0.601302691690883,0.27713778349742574
320,0.4131568424701488,0.2859257799514566,0.11590084732212884,0.2627191360193167,0.0,0.0,0.31704420150673795,0.29206005805554613,0.36148401181161804,0.5904292735143205,63,False,0.5754362199513232,0.5904292735143205,0.5754362199513232,-0.01616410465748409
321,0.2614935807933611,0.3950132349888716,0.014702718096462513,0.35430906936644596,0.12217563189756324,0.003425857226644141,0.605264361328163,0.39653087937427084,0.0911488065876968,0.3209457165499522,61,False,0.6146098979998953,0.6018385041015188,0.6146098979998953,0.2200202131296294
322,0.34304357351319936,0.23535015285556363,0.18048485845656811,0.48825937286539817,0.2423992615924463,0.06954532049883841,0.3782317610315111,0.4036374452352828,0.3009240264573407,0.3095605551858089,61,False,0.3651681353925405,0.4187140523665598,0.3651681353925405,-0.3390129577650023
323,0.07979162014260337,0.22154234114985336,0.2886866995927376,0.0,0.2799245857150399,0.2574928761193122,0.20932123541376138,0.5750406691897513,0.4949090183565295,0.3116565990047645,116,False,0.5298628218030502,0.5750406691897513,0.5298628218030502,0.32328730319921883
324,0.15572492885935693,0.4012803049271943,0.4591019517470342,0.0,0.5164800283201353,0.23814915008994797,0.38206059355535094,0.2865304860758347,0.1089341578924471,0.201360265729761,42,False,0.5108683187382562,0.5164800283201353,0.5108683187382562,-0.12235624594262574
325,0.0,0.03640996759041952,0.5593345230312177,0.11160169474445653,0.6765032995993987,0.285423946147425,0.22496082228920153,0.004927711009604044,0.22448806098092902,0.18224758025450652,81,False,0.7359499324038608,0.6765032995993987,0.7359499324038608,1.0705912136220208
326,0.4248006030984903,0.12199284335152942,0.12987793255029417,0.23264541757580165,0.204164701106083,0.4252174248718728,0.32217740781001775,0.37355237091687066,0.07046888066944547,0.5127098823307434,65,False,0.4668924631175895,0.442241001661298,0.4668924631175895,0.057552869426979285
327,0.5135121583060543,0.1792670128504392,0.350922651071864,0.3418632968518636,0.23204972452096964,0.25985603745069275,0.3458330953353754,0.1882974222389143,0.27943086244500887,0.33112095949689707,65,True,0.29769527540478147,0.3342451454556151,0.29769527540478147,0.8744172084862983
328,0.49415785321907235,0.12505993882384633,0.005319374516437234,0.0035978245296353576,0.20491662918177506,0.0,0.3916297887692986,0.3198317187232679,0.4582116035255058,0.4821948459317044,64,False,0.6545218611536857,0.49415785321907235,0.6545218611536857,-0.09928339368524829
329,0.31828768773415617,0.35040358422441364,0.5378273387968876,0.39602131417715875,0.0010254370303474259,0.38111152246291163,0.3299869639285888,0.10486303655318233,0.25433138124604054,0.0,179,False,0.5557909208480538,0.5378273387968876,0.5557909208480538,-0.4430661958951923
330,0.129346857824849,0.13121610692720445,0.35001522902479176,0.08571570908443958,0.5568772630277413,0.24873283101842777,0.392113270352797,0.3046706078920118,0.3618565718652217,0.2944425212410179,115,False,0.44084883808495845,0.4711615539433017,0.44084883808495845,0.302593064726912
331,0.12457270111052911,0.19826726596546357,0.0,0.664773143102524,0.046340281285990166,0.3180318748426121,0.3209949179184213,0.382089337167075,0.015548058285318488,0.38818161404934426,145,False,0.6670223742628437,0.664773143102524,0.6670223742628437,0.6452965908715415
332,0.05199015996637251,0.05802616906344109,0.19922119575465055,0.2074532657255839,0.38965001680594075,0.5087339697601475,0.15347725788519473,0.601035659215303,0.33873458171639087,0.032037601356380015,301,False,0.6271645256846279,0.568998057858923,0.6271645256846279,0.5930830471630455
333,0.5819487642216238,0.152973680504774,0.2154274178350999,0.11975915008091309,0.07474148389292534,0.43681683027109053,0.4737353451936051,0.10769321849588041,0.11853806132885225,0.3615438442411094,65,False,0.5729813092322987,0.5072072803286984,0.5729813092322987,0.6575817381519125
334,0.05139298099235892,0.40229245949373293,0.2314248544008287,0.5106362186733581,0.4451300382350735,0.13524278574494103,0.3740987344027664,0.3767812947619061,0.09879179883118222,0.11448815994683122,124,False,0.5166189904376145,0.4592432376809992,0.5166189904376145,-0.023378852754046366
335,0.2350875213066883,0.08003498714719456,0.05280933147429013,0.5814863219914704,0.10591843392491704,0.10808520846981726,0.5231659891646948,0.296847418744967,0.10352028809306622,0.4494156993120408,61,False,0.6291724751637309,0.5286769905171803,0.6291724751637309,0.6931695132471098
336,0.6492960683878332,0.11303406652006205,0.1298174942789977,0.17791812822073294,0.29479386690791054,0.242917472029542,0.3435835052828327,0.27377513718623175,0.16776847762812427,0.38738796844818896,65,False,0.4915168633892797,0.5362620018677711,0.4915168633892797,1.4783012463247789
337,0.0,0.46898595655177744,0.345941324864098,0.0,0.5430032979062667,0.10575842324234808,0.3480172144395308,0.25769117787574114,0.36945467955276245,0.1741317367398192,115,False,0.5894098179616735,0.5430032979062667,0.5894098179616735,-0.1315706585484617
338,0.0,0.1475182470836823,0.3146279744540401,0.5155414212148515,0.42036245976295106,0.0,0.3537715921115947,0.3950339033796877,0.24280904339743817,0.31080169584796974,124,False,0.5404397523629421,0.5155414212148515,0.5404397523629421,-0.5419162080491765
339,0.5726315329565728,0.22448832220779857,0.26252517280429166,0.08284934229025188,0.329390670096291,0.05628222425426765,0.3730228927731898,0.21272457275406878,0.1591113899624767,0.4738506955431426,65,False,0.5125646906800614,0.5163493087023051,0.5125646906800614,0.4956695804117138
340,0.2935390966771552,0.45352898375666356,0.3451655328279506,0.22988787626325513,0.3314158161798103,0.3040309475051273,0.4751620758465766,0.12740955105207788,0.28257345661341926,0.10966935875532234,309,True,0.3643476795107238,0.36549271709125425,0.3643476795107238,-0.1170595965052065
341,0.41032989541636306,0.3178051256441139,0.0947071793568259,0.537275961100195,0.2304660060627902,0.003967310380350469,0.378387952801362,0.20938382266173935,0.2646425191339182,0.3504416647470423,63,False,0.4803792157499051,0.5333086507198446,0.4803792157499051,-0.26267748922615536
342,0.0,0.31723882969655565,0.4569719449353387,0.07105337431525217,0.4513375418747499,0.3542500503660916,0.1405281317984668,0.3966863683348957,0.3028089055270915,0.2957827676982878,116,False,0.4874041301214982,0.4569719449353387,0.4874041301214982,-0.7190860177320201
343,0.13071957577416338,0.15420543028553513,0.22972405119614858,0.10601446476060426,0.6658630602898307,0.3994481084139566,0.12006568250230487,0.4380387519230014,0.20212584410980067,0.21222603942800336,180,False,0.564500311805362,0.5598485955292264,0.564500311805362,1.4167042395243434
344,0.5578789059140661,0.29360267565402853,0.10377510388967685,0.23680120645920888,0.10530693618894016,0.33558531109235157,0.20748941551101632,0.1400635177299178,0.4047770082859018,0.4307010410966644,185,False,0.4679926937479082,0.4541038020243892,0.4679926937479082,0.4776352921503989
345,0.3329637425449535,0.35993908211083425,0.4220893235334511,0.26895505348534543,0.001318447507381765,0.2861932373816366,0.5231828011826191,0.3300594787777672,0.12842442929983935,0.16739815121826326,50,False,0.46491305956154544,0.5218643536752373,0.46491305956154544,-0.3966330354861821
346,0.2052513363387599,0.15595539982012507,0.5230753467066483,0.16044001712704112,0.5660500675776973,0.40095190885787985,0.13577861741086159,0.21206022906518696,0.19558841637912563,0.2266399572664104,180,False,0.490551430060078,0.43027145016683566,0.490551430060078,1.1390933249903108
347,0.18754160192806515,0.0,0.24963442413107875,0.2570800993080612,0.6626152365079729,0.4386940726991039,0.12106707150753483,0.309006320101602,0.17951050046698433,0.2500860289117774,180,False,0.566287657046571,0.6626152365079729,0.566287657046571,1.0541880436157667
348,0.4048536682272126,0.4678661929953797,0.3296444624846291,0.15203675905946543,0.10469476985115587,0.47029797574543974,0.2594947387647673,0.3760678782688848,0.210969987643252,0.0,50,False,0.49431768216929556,0.47029797574543974,0.49431768216929556,-0.3971581064752528
349,0.25245297618828066,0.29873614220570094,0.1422408782120611,0.40621495325137374,0.09742571246681561,0.07320094175070822,0.43615955184078614,0.5176742614015457,0.2515817513543055,0.3541409831652252,61,False,0.4585406532317294,0.4444733196508375,0.4585406532317294,0.012147786223843517
350,0.4032440485735235,0.1954751564799814,0.261292513535577,0.23609304410641158,0.2690492096475698,0.2575154290331324,0.3954400499900218,0.35588987162641655,0.264164596442681,0.42854982919817625,185,False,0.24584532640059847,0.23307467271819485,0.24584532640059847,0.37725277613694486
351,0.20435656316130468,0.2042433736909398,0.226836861201799,0.5627497877225114,0.1278428457324104,0.08945282550503683,0.3780632310586383,0.36667817981026185,0.152566327763627,0.47262455969203404,61,False,0.488210155024457,0.4732969622174745,0.488210155024457,0.6643027861720199
352,0.2940583165625317,0.3959680383115046,0.5819004521831322,0.32829692870928195,0.196513646276756,0.3748218274984324,0.22994934448392623,0.21632855006123294,0.17767456571730852,0.0,50,False,0.48162555950415886,0.5819004521831322,0.48162555950415886,0.23310573371360177
353,0.21891297250573688,0.3365554199771608,0.3459951775330251,0.4858213338758231,0.06556617082933663,0.37241374525957305,0.4683545746026608,0.25495771407437584,0.23605542674327898,0.0,179,False,0.48871642933780646,0.4858213338758231,0.48871642933780646,-0.5090041632089571
354,0.6545114307653247,0.02157415391845134,0.20332032568718478,0.1714800119609461,0.27895303930536464,0.15356443051808216,0.4232420480492496,0.29073401018433637,0.21586666643045463,0.29790845488493944,65,False,0.5341491298571991,0.6329372768468734,0.5341491298571991,1.134747488266709
355,0.29668918198877464,0.44291318265275625,0.514570175396813,0.2829631029610193,0.022914622277845673,0.4481944214847325,0.23241186867507452,0.26254013186780256,0.08355483140083539,0.1990616289524593,50,False,0.4879519070067033,0.49165555311896736,0.4879519070067033,-0.08031085366445205
356,0.07263536649926022,0.2845607077754261,0.4919553558962593,0.017618701685395994,0.5573832473184941,0.17851276812342998,0.34195058301602266,0.2340846925306308,0.2619772660871271,0.2975197322140675,115,False,0.5178911668876613,0.5397645456330981,0.5178911668876613,0.22832807625799378
357,0.35597146690993803,0.45769185761488906,0.2340974212700867,0.38840600099250516,0.0,0.0,0.1390804084572345,0.3224477946768749,0.18990910875291483,0.5465896487043885,123,False,0.5779183483157113,0.5465896487043885,0.5779183483157113,-0.13092287391753665
358,0.1863215185477905,0.3433635341630728,0.44933032287405067,0.05466197122870743,0.5417672596205608,0.14188913856856297,0.4758451338600568,0.24733837062588573,0.19088233186242143,0.06938939487042098,115,False,0.5402509334865842,0.4871052883918534,0.5402509334865842,0.3633701876827902
359,0.06278465612660071,0.3780401863726785,0.04024711043282004,0.6843370025008936,0.18383454205500893,0.173962067244537,0.405745870806942,0.36291991243557686,0.12600548203569678,0.08325170170950724,105,False,0.6466431966596844,0.6440898920680735,0.6466431966596844,1.0812753489083236
360,0.11747514048520816,0.2750896144755277,0.5627457598346004,0.20504956690767706,0.1220153336407315,0.5395820455328784,0.3224936878281441,0.36917510791414904,0.0739473851972741,0.0,50,False,0.6028886594461907,0.5627457598346004,0.6028886594461907,0.44769925581896125
361,0.31871229164071463,0.34573558709327923,0.21927756582249924,0.45322074126017386,0.01848475510339113,0.09372838791576789,0.32715655722401366,0.4807147211974551,0.22057779232747812,0.3598588227926699,61,False,0.453241831965186,0.46222996609406397,0.453241831965186,-0.5550323503201067
362,0.29205525798024445,0.3809512040757025,0.34904886294854326,0.5502253636190589,0.49056785424271687,0.04515782042293395,0.07627583585913772,0.3041091268342669,0.0,0.06324898720457915,223,False,0.6214506964873597,0.5502253636190589,0.6214506964873597,0.055499263759823926
363,0.30360355458438837,0.15505704868745396,0.43022642602783007,0.5128001875119776,0.054521096381932754,0.25946594528022165,0.3471878764117571,0.40680626444859014,0.11448093433122668,0.25747157896152767,61,False,0.4503344688856613,0.4582790911300449,0.4503344688856613,-0.08926116501545144
364,0.2545331454440226,0.19371134320565309,0.3450339090944873,0.6912806991791289,0.2957408965112588,0.17623875712933518,0.20652414219943202,0.3297736551299121,0.04430230925340317,0.169950089683154,223,False,0.5365506685023175,0.6469783899257258,0.5365506685023175,1.6517733444737617
365,0.27551835187818924,0.02541817077531352,0.2832093069300118,0.005924025808057813,0.440240993556747,0.3685799714974182,0.22338796983774495,0.48575716400911023,0.3441019361336598,0.3305590280978657,180,False,0.489967284526588,0.47983313820105244,0.489967284526588,-0.7760778153964527
366,0.19791238266018638,0.0,0.41512884577268894,0.41939562625678206,0.0,0.5832101720382349,0.22522821992220593,0.3749779118079167,0.11209149093265611,0.26186112039086684,179,False,0.6017167223942957,0.5832101720382349,0.6017167223942957,0.10726357581971603
367,0.21642719856120662,0.4427386376670484,0.183105747035265,0.21629801302638121,0.168378166031422,0.051935537271418745,0.38024957946859556,0.11136933052746958,0.5964996921153723,0.3646586916741193,209,False,0.5218679393098423,0.5445641548439536,0.5218679393098423,0.6851589619125873
368,0.2887683334509844,0.21779664289574785,0.42947455331808176,0.42895828191228574,0.2119748481164696,0.3786600638189669,0.18515187146446418,0.41174779952221935,0.3295294012479155,0.0,281,True,0.4209798969271743,0.42947455331808176,0.4209798969271743,-0.9426435571623233
369,0.16457726475058201,0.27348679806821186,0.12218827667679202,0.630802448808748,0.04363445830684421,0.3408492605564881,0.11518782746674999,0.270297318045681,0.4769746306263159,0.23100158539566765,313,False,0.5585483578368257,0.5871679905019038,0.5585483578368257,0.9503486366532509
370,0.17787281359807994,0.1346485756678867,0.48143944092507174,0.0,0.7119773221683,0.13706771737037163,0.38130375407919337,0.18494247002082637,0.09032184015321437,0.07066481901941055,78,False,0.7077636529400612,0.7119773221683,0.7077636529400612,1.3089182600739844
371,0.41956859068323066,0.26847124570447145,0.13168504486372967,0.06886519141035075,0.2853882365319156,0.4416546116348477,0.2707153793835272,0.41125544490977267,0.0,0.4592155519812058,65,False,0.5063935077881483,0.4592155519812058,0.5063935077881483,-0.5281392856409366
372,0.37692771483752663,0.17718993892697862,0.41738693041892305,0.4355514175001371,0.15815772724609836,0.44981931250426177,0.02063148953434243,0.3138808877523727,0.36779928329024686,0.03221603520925191,281,False,0.5109061568258213,0.42918782296991936,0.5109061568258213,-0.5906533985920631
373,0.18106135628084769,0.424329279049766,0.4929195292920202,0.28553765153020716,0.2917418308485854,0.3575122701521709,0.32788096655654325,0.30473949653016436,0.22048703576162326,0.027296415759056555,50,True,0.396657432919628,0.46562311353296365,0.396657432919628,-0.5888013386796441
374,0.3844922101382462,0.4080074698908003,0.278549598001163,0.4443374068599571,0.14138780650881264,0.422847949756697,0.3590531039451711,0.2852496059308503,0.003370547201208791,0.039765625948242234,50,False,0.49995675617517565,0.4409668596587483,0.49995675617517565,-0.8031241440002813
375,0.3892380948473372,0.3702433739411723,0.47302361869989457,0.050839349428657934,0.0,0.48350173010814274,0.4002625775224872,0.261251967208189,0.1463443910511524,0.03773911934857951,50,False,0.5896992450124633,0.48350173010814274,0.5896992450124633,-0.27814294177532634
376,0.0,0.3156000730628409,0.18498303758883852,0.43008154689552197,0.3626760693340409,0.11846933539156333,0.47411118886995235,0.5398155018296108,0.03571526497942427,0.1348370959031573,124,False,0.5982997469359539,0.5398155018296108,0.5982997469359539,0.08434697510144355
377,0.4140834512809578,0.19524617099234895,0.004508406044076076,0.29763831669784274,0.11941443953166474,0.07054785194812661,0.5688981799890664,0.1800340971447833,0.270729899213219,0.5032057564809129,63,False,0.5833033451638626,0.5643897739449903,0.5833033451638626,0.3943203484532584
378,0.14119965257968023,0.1622424994397129,0.20524975411728863,0.0,0.3691326271265082,0.5177342926305634,0.288147486063854,0.46287499109173696,0.38021048465934504,0.2558566590861941,116,False,0.48999856746694714,0.5177342926305634,0.48999856746694714,-0.14860588546905673
379,0.22277697102184876,0.421290053139776,0.21102511124916554,0.3536346775581513,0.0,0.09251438336778121,0.1710024135671618,0.35233925680954353,0.2739415338354848,0.6052341506668968,63,False,0.5385099321277227,0.6052341506668968,0.5385099321277227,0.4146023645646789
380,0.4655884331739838,0.20364377781978202,0.2329218073321634,0.22787002453852376,0.33025185901145987,0.3903510758543618,0.2878109830420741,0.18157350508054687,0.3143706304568117,0.39938209828926535,65,True,0.28509481272059367,0.2840149280934369,0.28509481272059367,0.37530202564643944
381,0.258055135136967,0.12141945339565025,0.4647609891174624,0.017219658292979927,0.4633131708883436,0.15339876882023595,0.4813401997894633,0.36979254791582017,0.22200664386448637,0.21553057088912228,115,False,0.5000985360564163,0.46412054149648335,0.5000985360564163,-0.031399138396908916
382,0.4786145396913003,0.20123909806498666,0.0,0.18963795499567113,0.22646145545775545,0.00799467111666743,0.39522602355588127,0.21022187811220538,0.4071864842029547,0.526233795576117,64,False,0.5731810040547513,0.526233795576117,0.5731810040547513,-0.07215500170668702
383,0.11699547103023031,0.3370690530191924,0.2886665018165593,0.062431295783684705,0.5507487367793484,0.21080296736753074,0.27969651313581856,0.40810110333680716,0.40809267889675155,0.1624566114435914,116,False,0.4618166138619279,0.4883174409956637,0.4618166138619279,0.25355246560571726
384,0.22152786050664483,0.2978315752207872,0.5314472898597922,0.22184191550857693,0.5270729890254413,0.38222794722327935,0.13914472196735617,0.21306202427242943,0.13615344386079795,0.15288270972445425,346,True,0.4630942666652813,0.3952938459989942,0.4630942666652813,0.9072307718362418
385,0.5441566750071295,0.1997205569776002,0.010566772324352951,0.3355681860874907,0.0,0.030774901299749503,0.32552133406931044,0.1986305676875417,0.29155394577512095,0.56561339161405,63,False,0.6461648468636122,0.56561339161405,0.6461648468636122,0.2891886179192314
386,0.0,0.2600058626813461,0.13072247186955427,0.030445241991463135,0.4618165378857434,0.2653737847745288,0.21487119300919566,0.539929725703425,0.38672357866249873,0.3787281994682877,116,False,0.5587653093686141,0.539929725703425,0.5587653093686141,-0.09686763838638608
387,0.34734958321271203,0.16937211702198646,0.5462467043780792,0.31089386759880167,0.09509677037708951,0.4815071292794698,0.23366613465464023,0.2581126720074298,0.3057881110256371,0.0,200,False,0.5118508281704851,0.5462467043780792,0.5118508281704851,0.0460806801593658
388,0.31388116369680713,0.5852454871226005,0.0,0.1748991527752141,0.0,0.08507195523571096,0.19658710271686253,0.4034303610938678,0.23315863203593049,0.5151445338640878,123,False,0.643559918767653,0.5852454871226005,0.643559918767653,0.3820256730200035
389,0.38962464056340945,0.21289131712695655,0.0,0.2057949731028274,0.21998153412741203,0.03555843664803242,0.5329633763951259,0.21809788341526729,0.4910029310745264,0.3717008907401217,64,False,0.5536487684149288,0.5329633763951259,0.5536487684149288,0.008920134565469058
390,0.3288219729636662,0.4364361647407888,0.0,0.08869846258281847,0.07590043213001486,0.0,0.4236531746546657,0.3370021660445619,0.24141426265055807,0.5800327342622471,63,False,0.6413247228831338,0.5800327342622471,0.6413247228831338,0.11316382780020591
391,0.29534733919734596,0.29538296106766354,0.34416578323143554,0.5365519865264726,0.0,0.033838106405523684,0.21149822000379878,0.382912608005501,0.2723364130411909,0.390531731360631,61,False,0.5027925904515531,0.5365519865264726,0.5027925904515531,-0.48587187207624516
392,0.09031736972767837,0.14320537175298972,0.65603413049714,0.061603884862799566,0.5242421695452193,0.28779892293889064,0.3910967611854813,0.08985758276655939,0.1098509324958623,0.08001758359471578,115,False,0.6786660500231082,0.5944302456343404,0.6786660500231082,1.077382766012715
393,0.39304544536423736,0.2817216302041908,0.023365042109940132,0.24202589271422165,0.017586659889772666,0.12390694460077707,0.4733813030446925,0.2501048674502283,0.2660231358821507,0.5778865891081633,63,False,0.5697326104827468,0.5602999292183906,0.5697326104827468,0.22541447037356233
394,0.32609859038005556,0.23795236835802397,0.3748783119032599,0.29943364801122796,0.2129814652328272,0.25686005411231483,0.27729217774167714,0.3139738293679332,0.25205926399553247,0.5064598104353785,195,True,0.2568221397524821,0.2934783452025512,0.2568221397524821,1.5911277658762188
395,0.3891618917946558,0.23204117469162486,0.3954151916630408,0.26271503369589133,0.13453581856819039,0.5476792046474661,0.1429567561501189,0.2532113591137906,0.4083289461946961,0.0,200,False,0.5005989410337242,0.5476792046474661,0.5005989410337242,-0.03998600852899213
396,0.41228982129431474,0.5036406165673573,0.21729414700184246,0.3434662228758556,0.0,0.21413404009101192,0.14123739892170648,0.3743932274846285,0.1261868736212395,0.43506624114307135,240,False,0.4995471867893768,0.5036406165673573,0.4995471867893768,-0.27176951345241623
397,0.4812699161793373,0.3007620050186751,0.0,0.08950131318608129,0.14687914611769748,0.08930639447463572,0.3771305362855904,0.4556433153519825,0.26547612834320616,0.46909064843953363,63,False,0.5551070903915994,0.4812699161793373,0.5551070903915994,-0.15387544007389192
398,0.4651834140579611,0.06103943699363565,0.2243632124759302,0.1950478740702681,0.2627870624936687,0.35159821904302,0.39347265381403757,0.23220386435065954,0.3522133265837335,0.40746056856428853,65,False,0.3703845057163863,0.4041439770643255,0.3703845057163863,-0.5117010729661667
399,0.4270765067083239,0.452547682716985,0.05983091335155248,0.4155869125807169,0.0,0.0,0.40063145550339535,0.17528808257604234,0.26884419512494423,0.41593912523362725,63,False,0.5879265976116844,0.452547682716985,0.5879265976116844,-0.4887605483352484
400,0.0677696244654381,0.3192741677785037,0.07234663566499829,0.0,0.3623927831161555,0.448401819251663,0.3489163202692295,0.41556241262233734,0.49181124273288346,0.13975518423678987,116,False,0.5601142442145383,0.49181124273288346,0.5601142442145383,-0.33481264281846124
401,0.1998341414084248,0.3497158891692651,0.06640757201924466,0.20256136244714676,0.2277425957373087,0.2104695759474743,0.4429654745129851,0.2803401699755437,0.2407670063347834,0.6028118574212444,209,False,0.46280521280526193,0.5364042854019998,0.46280521280526193,1.0520608187589202
402,0.11885998765903166,0.3650933639822272,0.08586911425574237,0.0,0.4763078044296223,0.3121950138967557,0.06717115863253803,0.4477100519734001,0.546703846234247,0.13049686657857412,204,False,0.6220778509062752,0.546703846234247,0.6220778509062752,0.21406553409767456
403,0.29189276355272614,0.24488489185981782,0.5065739723058426,0.2891421646773058,0.2556306743532808,0.35369522564827943,0.4373353018121294,0.13506335876093864,0.33693213581909864,0.0336857233430819,253,False,0.4188906523494226,0.47288824896276066,0.4188906523494226,-0.3388351075513627
404,0.0,0.2880078685513132,0.43200467546907007,0.0,0.3714916198344663,0.30393431521782976,0.21153873521410815,0.5373602181686618,0.3786628577385712,0.1521549738070651,116,False,0.5550524788103419,0.5373602181686618,0.5550524788103419,-0.33006499552777674
405,0.32820256570278517,0.1541095236152576,0.0026621940051318057,0.059157261902857396,0.24149026679816304,0.0,0.5078072641316393,0.18688311715534192,0.49191323593557884,0.5214757559609123,64,False,0.6502652460161751,0.5214757559609123,0.6502652460161751,0.22016141165186445
406,0.4688187901961684,0.30723343992928337,0.39944753812835676,0.35444324081446765,0.07219039097118397,0.45058843281701527,0.34176828467041187,0.17905647901205415,0.1288970409672839,0.16402923545031556,208,False,0.4325313561745226,0.39662839922498444,0.4325313561745226,-0.224226627036075
407,0.5659145938073297,0.05036357174958163,0.24336605559995111,0.09742835061648186,0.1601191971794468,0.26255286564417446,0.3884310344111956,0.24113442638225815,0.016090860547688195,0.5519323347996633,65,False,0.6082362225141962,0.5498237332596415,0.6082362225141962,0.5567531472632544
408,0.29261591376485135,0.3803061185487664,0.08183426272499385,0.5083218240892273,0.0,0.04156973916602364,0.3448738600416846,0.4812820062906787,0.17271032466035813,0.3500400140368815,61,False,0.5672257514434931,0.5083218240892273,0.5672257514434931,-0.2285512742107236
409,0.5258932683442978,0.34392585167829026,0.44349150491896777,0.29808178435899296,0.26778307578222493,0.30110911418392144,0.18957315983247564,0.23238459726567287,0.11236994365824622,0.23381991194637888,216,True,0.3677604338609873,0.41352332468605163,0.3677604338609873,0.6354446052136182
410,0.0,0.17679789669768983,0.6141037132911296,0.16443616571899597,0.3245884903674136,0.4093763881129299,0.27172667997383215,0.23640859870423808,0.1560192052218797,0.3708999308123412,96,False,0.5262749286626338,0.6141037132911296,0.5262749286626338,0.560706019938447
411,0.2776787435036885,0.35532780198296005,0.10542801217938055,0.5841096153045382,0.0,0.19761609233283547,0.28694989985756975,0.4166692593911501,0.3094326290218984,0.23148082317703447,240,False,0.5014525857194251,0.5841096153045382,0.5014525857194251,0.1862624570998381
412,0.4282940091945854,0.2493676370256721,0.16468057563305544,0.21781961307323325,0.15773829622244154,0.3382825658849112,0.44715866104236224,0.2220567894139821,0.2584127960816782,0.4737733888014614,65,False,0.3598047074932846,0.31603509257901985,0.3598047074932846,0.4744485164804732
413,0.06355272007391048,0.3374220325095253,0.3295817313739107,0.5948772698285338,0.27129359177122003,0.0,0.24231575382771794,0.5129862447363718,0.0494792094268639,0.14725529868502596,124,False,0.6229126759086911,0.5948772698285338,0.6229126759086911,0.43410891539379404
414,0.14492893967764117,0.009353281123401122,0.348393061404248,0.0,0.47591012059388565,0.20887523081026754,0.09987643411784713,0.45660614505905345,0.5376662498036784,0.28259798024057103,116,False,0.6150226154377295,0.5376662498036784,0.6150226154377295,0.08170895004413913
415,0.0,0.08830042333615515,0.35253141668468985,0.11546157613621874,0.6627555983897164,0.3541648770565081,0.11637906996390708,0.2781077190671612,0.33945463837041695,0.2894789694366853,180,False,0.5981172791408654,0.6627555983897164,0.5981172791408654,0.7906896246326648
416,0.022551832475246433,0.24321720388505713,0.31994865117082494,0.05829579543585255,0.5126618135495264,0.4245953816757655,0.3284329879594173,0.44698003058695385,0.23329288062975828,0.1714145581522759,116,False,0.5035304362510702,0.49010998107428,0.5035304362510702,-0.20062270497225393
417,0.0,0.3398033396231837,0.11673648737920063,0.544016045067327,0.3382103856416688,0.0,0.49066870171438237,0.4423596828806629,0.15533414553264271,0.0,124,False,0.681871667671411,0.544016045067327,0.681871667671411,0.09654648553492981
418,0.5833984206455317,0.20161449199619016,0.0,0.18374504399766928,0.2675625390459338,0.22854113570338355,0.5125828091352753,0.30949577697751085,0.20012521733944239,0.2506711000481116,65,False,0.5181731209342245,0.5833984206455317,0.5181731209342245,0.6347079249289134
419,0.43812882561399386,0.135838151223545,0.11421333303636447,0.14969844325611975,0.1949461826096243,0.014490330718342095,0.4642682376141697,0.24531011381421902,0.37057064428354186,0.550343697049096,64,False,0.5535391065391183,0.535853366330754,0.5535391065391183,0.2980768484440437
420,0.16486783029118385,0.23021579564624534,0.057443363582114874,0.0,0.4490723988105468,0.33526019530642176,0.454284633457778,0.4470325177164898,0.3812102442788314,0.2256552183866352,116,False,0.5136953148903245,0.454284633457778,0.5136953148903245,-0.4513415395465032
421,0.16204640503100246,0.4298881598461545,0.0,0.21063621472489727,0.1200625126598454,0.008698227514384215,0.5559973420226436,0.28118008800128,0.3168171468793365,0.4914371381951916,63,False,0.6085325277768509,0.5559973420226436,0.6085325277768509,0.1640643867610604
422,0.1348861596112078,0.23448258171910016,0.4103672344550027,0.09059561292208554,0.22350369129980147,0.3025888125975417,0.5017455729080134,0.5075811601273771,0.13747663571554664,0.2835733444281614,96,False,0.4606236993737501,0.4169855472052916,0.4606236993737501,0.4281306261100872
423,0.45109051477549594,0.34463351133005915,0.3098915408299655,0.34808204024951966,0.0,0.5872596564145718,0.2739055010704651,0.16641052164917297,0.0,0.11384475060924233,208,False,0.5989183928251011,0.5872596564145718,0.5989183928251011,0.09702529146318492
424,0.39265227821907284,0.37457497468987866,0.2510017584408894,0.22725972068636466,0.0,0.020685647433609896,0.3986099058987912,0.14850552077676243,0.4599567178838882,0.44490121177683783,209,False,0.5299928561826327,0.4599567178838882,0.5299928561826327,-0.5945059486981896
425,0.3879782702780497,0.3263049576992476,0.626070469912977,0.15298117278071657,0.29420410976715694,0.39220882588344025,0.1770505342899337,0.1346859279239742,0.19429844787913417,0.002750422592915836,200,False,0.5473776970052886,0.6233200473200612,0.5473776970052886,0.6515318869194973
426,0.19103685249205923,0.16664411388774852,0.24309855547600723,0.0,0.5389326576850765,0.43060530831274374,0.10328756542450056,0.34837044165707526,0.35822673486534456,0.374715535028117,180,False,0.5075795694630122,0.5389326576850765,0.5075795694630122,-0.1266166554494082
427,0.33313149226810246,0.18271411794470638,0.23087745506445687,0.31647294772171475,0.41398154720144553,0.09768219074282138,0.12289452360392628,0.4109855202673316,0.28770989910898376,0.5044479699711726,185,False,0.4065848307626026,0.4067657792283512,0.4065848307626026,0.02222316194408337
428,0.16472562042276093,0.5227618489444233,0.2906061014029011,0.03525458047001077,0.598360918257533,0.13904208375602847,0.1650310548692829,0.39420641286026586,0.17592005609455752,0.15146097499646322,151,False,0.5761779009367889,0.5631063377875223,0.5761779009367889,0.8750919731488279
429,0.07474868752880412,0.2016073147638278,0.556811672380656,0.04896955233335601,0.5077249695358381,0.18201437774848667,0.4384796017889736,0.24315844782270982,0.31031533664924266,0.0522493091029144,115,False,0.5877467087684943,0.5078421200473,0.5877467087684943,0.42807969139743623
430,0.4343387997492031,0.3065368408744518,0.07586182775551946,0.22764081482001733,0.3449813451393811,0.20183244844014497,0.30102549985951327,0.4341255430274406,0.3055551465996219,0.3572336248328621,65,False,0.3309184181889673,0.3584769719936836,0.3309184181889673,-0.7683001050055488
431,0.1707258883360686,0.36866468612301245,0.6450318651774215,0.0,0.5211057887265904,0.16849249461541826,0.2819184170649186,0.0,0.11591425149319695,0.1613004705439867,88,False,0.6790717043420469,0.6450318651774215,0.6790717043420469,0.8067416097968972
432,0.38888256939673077,0.40187690480835503,0.49957159206527274,0.21588053499544083,0.27827635748225416,0.2515653671373162,0.41593010878703157,0.2585163120192915,0.09175856329892258,0.046022620760341006,216,False,0.4456332220117014,0.4535489713049317,0.4456332220117014,-0.28869690698980693
433,0.15354578751636141,0.05292918803533491,0.5124599029663656,0.0,0.4369311628557441,0.30289005520108114,0.09142388725835959,0.27442913399878255,0.5451367754190132,0.21797255048383118,260,False,0.602812703013386,0.5451367754190132,0.602812703013386,0.268281998647782
434,0.2946086160515531,0.17836148574130262,0.24326739235834366,0.61853882775936,0.14770557791651445,0.12661689453669497,0.2516410997448295,0.20921028970337102,0.2896223858242531,0.45913129671449737,313,False,0.4661492749772076,0.491921933222665,0.4661492749772076,1.4491468016562317
435,0.0,0.34905289074749507,0.5068028118823525,0.0,0.571942245575011,0.22184179418798214,0.3573926909904342,0.26212724490098965,0.19156565285021532,0.10882852549921,115,False,0.6122674648497631,0.571942245575011,0.6122674648497631,0.21092710016908586
436,0.4795490881615808,0.04613443789434112,0.12637772874489253,0.2651380569613944,0.24361851963331554,0.23213125082837743,0.24489674583804472,0.4441426010342403,0.2811374741714778,0.48179302592821993,65,False,0.44801259473673427,0.4356585880338788,0.44801259473673427,0.06284270223738511
437,0.3118148442180522,0.08736619861065455,0.18946924480324043,0.0753311259700211,0.5520217761235958,0.6691580700404606,0.02129648224453818,0.23370813032292423,0.08990862263063143,0.19470008275828865,180,False,0.6829625936937126,0.6478615877959224,0.6829625936937126,1.2000303122559193
438,0.5920478786323727,0.09860580327158638,0.20360395150842361,0.28920238730700104,0.35530732621533734,0.2616390364230205,0.3956423051069749,0.2520575779413575,0.21806988384164847,0.22879030400077327,65,False,0.4111720454488892,0.4934420753607863,0.4111720454488892,1.2042989670177946
439,0.034368032607525946,0.44754011720297737,0.2840896095838975,0.4266928188328473,0.6459753979656414,0.07552440757283214,0.22925744759027059,0.029828128698862668,0.0,0.2435491089250855,223,False,0.6866335377521012,0.6459753979656414,0.6866335377521012,0.6164543607208254
440,0.4352563618853883,0.305809180997917,0.22512242050567177,0.5354436258138399,0.22707466132846982,0.0,0.3135204194410076,0.22687927438646868,0.0,0.42228012414348853,257,False,0.5457270307923049,0.5354436258138399,0.5457270307923049,-0.3116589563484935
441,0.061682490980973545,0.10792587205024731,0.36250978740089784,0.018315534119353775,0.44790730677275586,0.27617243914468687,0.01778663848701956,0.25304211933228243,0.6780795252126726,0.22752533686607385,260,False,0.6707346563834266,0.660292886725653,0.6707346563834266,0.8769397352325431
442,0.1345248372109964,0.45924408623066515,0.14094376013183474,0.6026313579876996,0.24720651693952297,0.2577932733900541,0.08752029474353314,0.2703140846320113,0.25193894990334653,0.34087690687688027,313,True,0.4832757501951884,0.5151110632441664,0.4832757501951884,0.9840016285712387
443,0.19768362190992375,0.2878567105330075,0.3899314558295044,0.5493703573420677,0.16072749894486216,0.5443863523432523,0.2595449581211807,0.1724059879927946,0.07020064488068144,0.0,179,False,0.579058714748819,0.5493703573420677,0.579058714748819,0.44445578402854014
444,0.20399357824385472,0.4127756415727817,0.367934189557989,0.4909206788959225,0.39767373982131127,0.0843457033082573,0.34888560386246126,0.3403841073015744,0.0,0.09371820981070084,223,False,0.5164034049849366,0.4909206788959225,0.5164034049849366,-0.5233524146760262
445,0.052065892302503886,0.22562813976659793,0.286822418317158,0.0,0.3878468582988711,0.4242670378098471,0.25454845837993734,0.48899273800218346,0.44005920526789294,0.1900667284591774,116,False,0.5104499448363512,0.48899273800218346,0.5104499448363512,-0.42356976954736736
446,0.24266632360791415,0.41588927711661205,0.2601709655313184,0.10858912339748644,0.09276474428633164,0.1189760936009193,0.4610295370017128,0.3479223945381668,0.5332991789081073,0.21886476663916912,209,False,0.4785556101908603,0.44053443462177566,0.4785556101908603,0.3338885746697704
447,0.08919544442099665,0.3737272571944384,0.14915932669294074,0.5972454111098165,0.4653948554031986,0.08289744345451112,0.24771051556531531,0.24384516502720455,0.24690333953717217,0.2611033194403948,223,False,0.5061669112478604,0.5143479676553054,0.5061669112478604,0.8059870771906815
448,0.26073651028435535,0.23366862992748638,0.43175369419710197,0.2496051335883008,0.09449005670430347,0.5481454977418031,0.3831584760579136,0.2245917645823275,0.3227437716254194,0.1337691679694938,50,False,0.42052827099236956,0.45365544103749966,0.42052827099236956,0.5362770259228535
449,0.3939715012823166,0.041647257865900796,0.3029333928030745,0.1671745368247706,0.20809596216106963,0.3063234197690687,0.39839719980423444,0.450082201635068,0.3250012151713082,0.3453663590764743,65,False,0.37578928829872327,0.4084349437691672,0.37578928829872327,-0.9393700731133763
450,0.47832612785545675,0.20060145791158313,0.0,0.21657135336115182,0.22155928369778222,0.40376014515455466,0.3920781643098938,0.24953513906567695,0.2901255002320038,0.41446757406093565,65,False,0.43212768846351773,0.47832612785545675,0.43212768846351773,-0.6481273355897118
451,0.4931767022663018,0.10313527785347763,0.38970877839081053,0.5567591011232544,0.24232222072720927,0.24226603783059975,0.15492124445939998,0.15471547091887025,0.34487079536340637,0.0,281,False,0.5512104155899286,0.5567591011232544,0.5512104155899286,0.2755317566006934
452,0.12741929107582292,0.14146546065848728,0.6031072479251591,0.0,0.31383784669527653,0.343761115007411,0.3970389801203164,0.22491552581931962,0.38832023619363903,0.15597450325628612,115,False,0.5431398970440925,0.6031072479251591,0.5431398970440925,0.3994813130154552
453,0.1251277981521101,0.19350356355168047,0.5351462663098538,0.004221643915093846,0.6434772686015612,0.1055654050906006,0.3974695326509874,0.1971849626451486,0.0380460378329683,0.19230591921951784,78,False,0.6795862980744511,0.6392556246864673,0.6795862980744511,0.9449463193500671
454,0.2548966267578629,0.3500453458727133,0.22815232752159495,0.39232824900018715,0.2336462559230469,0.3211537854395605,0.34543988334727405,0.39128723526191744,0.12488578549931816,0.40094865789593154,65,True,0.27490785720801214,0.27606287239661337,0.27490785720801214,-0.793460774947245
455,0.4012598047010293,0.41120771192671657,0.39717395727392074,0.0,0.12637024932180782,0.2795013389617015,0.38745103338353276,0.4262957717543706,0.2113108255379958,0.20386893529041925,195,False,0.4483507796801245,0.4262957717543706,0.4483507796801245,-0.848153937292134
456,0.2621817596519425,0.2833386842999254,0.17621952222569842,0.5155405949328739,0.5759420909503924,0.2877528448113461,0.07791737179299875,0.33579550375944484,0.14136000137656723,0.02865503203801277,223,False,0.5495857340828139,0.5472870589123796,0.5495857340828139,0.5315461945618339
457,0.023141707278699405,0.3356725026403502,0.45333431011419917,0.008316226635735956,0.5820318011415083,0.06691867986989801,0.4256387722521544,0.3376730132753276,0.13961229317380847,0.15259465260502644,115,False,0.6348949122643575,0.5737155745057724,0.6348949122643575,0.254717969732135
458,0.2989542420311314,0.35949695765948675,0.5506408591849197,0.3100125843934112,0.16311590730417563,0.42697263754725284,0.35654673283265076,0.0,0.15374761707014878,0.1496623046757856,200,False,0.4986339969906363,0.5506408591849197,0.4986339969906363,-0.05441974843675302
459,0.028968541912752527,0.3890834869220676,0.3400419735232965,0.4544115632157507,0.6580553606852788,0.04595288606307826,0.0,0.23248910582458476,0.12830131095374273,0.1414054986854865,223,False,0.6857650124335986,0.6580553606852788,0.6857650124335986,0.7297833792018417
460,0.3970721217854032,0.15163330954274576,0.38294863598157963,0.4311475767636239,0.3243205950572559,0.29896612339196627,0.3040918064410405,0.25902673761576994,0.2781860662862326,0.2351263967615913,327,True,0.2511825685014509,0.27951426722087813,0.2511825685014509,-0.2495312726952208
461,0.0,0.5100644797796146,0.48343354813894174,0.18738850258837855,0.5613343093033363,0.09176974963819802,0.24736542928674307,0.17879898064205754,0.23309902458840373,0.0,141,False,0.6504826667772837,0.5613343093033363,0.6504826667772837,0.40972749441847806
462,0.23091067809603597,0.19406339940539313,0.31726370159175943,0.02910046746642413,0.49649686886910105,0.4298015847794536,0.1538267370157547,0.33526095978635284,0.3623930901712426,0.32997983444536166,180,False,0.42320086445297,0.4673964014026769,0.42320086445297,-0.43491107184981426
463,0.1754137630545872,0.31107312529678793,0.3397710409444381,0.6000010581323734,0.37788910093818684,0.0,0.32902022825406657,0.3696480441909447,0.002623952008926265,0.09652381839793897,223,False,0.5952926936035924,0.6000010581323734,0.5952926936035924,0.07030282400695471
464,0.3970380319752723,0.35149910900759734,0.41910664470305053,0.06158109728260721,0.29656627956536147,0.05187249055792859,0.35534077471522374,0.2565127057811775,0.2706538622534141,0.4282579892404576,195,False,0.4161695682031737,0.376385498682529,0.4161695682031737,-1.0206214225845809
465,0.48138841082799333,0.2639154021353917,0.3717955146623406,0.4158532624964957,0.004122665664797889,0.5714913038564728,0.14853772073209184,0.14357734530827282,0.11344648222421358,0.0726684122114958,208,False,0.6032961383971546,0.5673686381916749,0.6032961383971546,0.3572569665457927
466,0.4157042039765921,0.4050305203344903,0.20959729402378938,0.1638100382843671,0.21581631259006537,0.3226509571726439,0.28767643261526954,0.4255366438799692,0.34486773047398467,0.24273916135512805,195,True,0.2854660426915768,0.2617266055956021,0.2854660426915768,-0.010654462676891168
467,0.37438283243280013,0.35108761576476555,0.10549520625309812,0.19783935546786846,0.2369482082018406,0.042056901538637115,0.3727405729815256,0.2714626193454408,0.43536346136920934,0.4756293340837218,209,False,0.4350585582471195,0.4335724325450847,0.4350585582471195,-0.4699964648739947
468,0.22065041013963196,0.35621395246967424,0.029277882921059917,0.45961409496567623,0.0,0.040008173373025216,0.13385739274928435,0.3590712336901102,0.3156067771588828,0.6035432558392573,238,False,0.6384169141313645,0.6035432558392573,0.6384169141313645,0.2876711646162845
469,0.3912171914918072,0.47176324721950247,0.5105852746146455,0.1735155473942864,0.11542285659217803,0.4587465669170881,0.24451961133282887,0.0,0.2023519340664143,0.09527111726243273,200,False,0.5617135780600142,0.5105852746146455,0.5617135780600142,0.09336674605260245
470,0.3724428579877712,0.37503578794528436,0.2828243712343933,0.5983623753548096,0.12164262476852096,0.2735712828834938,0.3804680371289173,0.1484414556858386,0.16168526447997808,0.006018747200403092,179,False,0.5285917856238603,0.5923436281544066,0.5285917856238603,0.3584024790037243
471,0.12570884091168189,0.0,0.43999004192380825,0.0,0.5231006681274227,0.21472392364744994,0.02571631306631108,0.4071072866868051,0.3580919719468501,0.4198069150676465,180,False,0.6401962455631643,0.5231006681274227,0.6401962455631643,-0.14798401420084292
472,0.5225182898003623,0.17535969459225093,0.4158075391077775,0.2865227915690998,0.21454453736398277,0.5164518977375898,0.2419828620643446,0.17479530721555225,0.19838471759790038,0.003856468058784054,179,False,0.5104953970334156,0.5186618217415783,0.5104953970334156,0.292556871312363
473,0.15830861257482928,0.27288995138911026,0.28546410789571686,0.6557641847197155,0.0405853094167847,0.2914209101128378,0.1001347376143226,0.15856607354112787,0.347780289465712,0.3824374791649295,313,False,0.5445868576426456,0.6151788753029308,0.5445868576426456,1.0452999601407493
474,0.25139560395705407,0.27274577583001347,0.18324352511189057,0.2961394841476158,0.26486371881367177,0.2522577376030432,0.2852407952494994,0.29902724028757593,0.48521325882298233,0.44848070698827325,209,True,0.27967062341807497,0.30196973371109176,0.27967062341807497,1.210683883038906
475,0.029754490797149973,0.21810004794400784,0.4900962074962818,0.020076982193980592,0.3743570510907454,0.5384072574237829,0.05053415694141216,0.3642704319924609,0.37443864216604533,0.0739806705234844,180,False,0.6303551391004174,0.5183302752298024,0.6303551391004174,0.057086766431072536
476,0.09657429777653591,0.4183968138924242,0.3079085453138585,0.5853519847453909,0.41785261353040337,0.17221225400270435,0.1819311913312712,0.34649866260005396,0.09037798861290496,0.11218985408465246,223,False,0.5232998957933057,0.4949739961324859,0.5232998957933057,0.5693427925254144
477,0.35133141801272283,0.4071797451406651,0.4466195936460405,0.40634358445199953,0.0,0.4846087207230104,0.18712735750664877,0.23565645886336808,0.1258784472709234,0.07032147318511088,208,False,0.5318279639673599,0.4846087207230104,0.5318279639673599,-0.31691113050907643
478,0.2881460447063549,0.4739327353663037,0.198629629020525,0.05979116505005193,0.2866313765176448,0.2588888190449552,0.31763592972123306,0.4307029764147623,0.43999370257295894,0.14197832105030136,204,False,0.41012147776523156,0.41414157031625176,0.41012147776523156,-0.21192266050658157
479,0.24842804754315562,0.32577925172201044,0.0,0.38559864169502356,0.3913689477395193,0.19189381117214274,0.3097479049349649,0.3950468488416695,0.3659196413270515,0.32797747261532395,185,False,0.3734531498175281,0.3950468488416695,0.3734531498175281,-1.7823326389449254
480,0.2567398176379495,0.2718023184081333,0.029143869222327597,0.29600740775176493,0.3159371606408263,0.13060303265456755,0.25899246545311516,0.37544131530207875,0.17234396380186812,0.6458554430532374,185,False,0.508855743044898,0.6167115738309098,0.508855743044898,1.0360061482747973
481,0.3601014116818694,0.16910756678362973,0.12291249767606173,0.6341556773236113,0.17563159893668484,0.2816797493217373,0.04151834368466357,0.18178822470315878,0.4208881437795621,0.31993936643408905,313,False,0.5361770928162742,0.5926373336389478,0.5361770928162742,0.9332718250992985
482,0.3222557972576739,0.3265660582542549,0.03732709983005888,0.6426147719607764,0.15507938180019898,0.3103672836965508,0.28944020130671766,0.2323896609723707,0.15687049740446976,0.30396109971872426,313,False,0.4937125027041285,0.6052876721307175,0.4937125027041285,1.0708451915419208
483,0.3314380386338083,0.296899363028587,0.6040140500127391,0.31682684840475506,0.06646517273375159,0.44179941563847525,0.27479643372367146,0.02276040596534043,0.22098316295489714,0.11098807627569973,200,False,0.5482794426858213,0.5812536440473987,0.5482794426858213,0.41167141417343817
484,0.28244107788692596,0.4063924622298361,0.16268701151641604,0.2515605153211207,0.26041772125173784,0.14265192262685553,0.44883732310597,0.10652202512746826,0.2822409274429885,0.5335669231079809,209,False,0.4245284097006543,0.42704489798051265,0.4245284097006543,0.5085221672125577
485,0.3576450427363053,0.2811550806998825,0.31042266214347675,0.3306158976155697,0.0,0.574434949340747,0.28104284029209525,0.3777485078172839,0.17103680387892733,0.08040292613791342,208,False,0.5015712336334035,0.574434949340747,0.5015712336334035,-0.05246774295511097
486,0.29500052388789627,0.2376932722965271,0.42063600084587627,0.21482175575702675,0.3522818506482749,0.41685431758037256,0.4320034719647537,0.21565374678283994,0.2295017783970377,0.22297743898573802,185,True,0.2810058516829676,0.21718171620772694,0.2810058516829676,0.46272689799089567
487,0.11601709597344452,0.3252392604714062,0.4933451518344452,0.049889748172074665,0.07095970243808897,0.46028063469382996,0.4177732407768163,0.3541407705752733,0.1798896188747735,0.29270641940807524,96,False,0.5042518249812369,0.4434554036623706,0.5042518249812369,-0.16796411645151285
488,0.1695413075409204,0.2839436089831416,0.5578711288547044,0.14014118392835004,0.5610979692743361,0.21081749811260572,0.28944873183206754,0.14886847323004845,0.2994819375902341,0.06975137170264749,115,False,0.5222903497017473,0.4913465975716886,0.5222903497017473,0.9650423979862905
489,0.2724175906708912,0.2088184015754841,0.13420985121609025,0.6371853997708923,0.49456523137863256,0.006405711835464173,0.2766042242381862,0.3636895553231,0.0,0.06892186054980934,223,False,0.6651144572191249,0.6371853997708923,0.6651144572191249,0.6217928820131711
490,0.07381638797614508,0.20356521747623488,0.2872715892721564,0.037867510160547756,0.5964783059707326,0.47740083149814216,0.06170551757364197,0.29499173514511656,0.34545643237274254,0.27438597630309963,180,False,0.5675682643555297,0.5586107958101848,0.5675682643555297,0.4411566547890829
491,0.4475290393253828,0.3018665970775996,0.1938336032737453,0.25789442898416054,0.14162348486585633,0.041312170081103584,0.31071081002529116,0.11720981960255478,0.42201905585155597,0.5425587291972234,209,False,0.49391365481334243,0.5012465591161198,0.49391365481334243,0.20878353118546944
492,0.21445258919952273,0.21250590510953848,0.21566794458858007,0.3730648274550359,0.22954257921730148,0.13769802054947655,0.43435131121435716,0.35393104645720785,0.28907944388725704,0.5039995901357575,185,False,0.3538591959033796,0.3663015695862809,0.3538591959033796,0.5538584009324397
493,0.07190349276871948,0.4332293712994332,0.4796147856111337,0.203444142234409,0.2877618577183315,0.3952580536282763,0.1729817476801699,0.3174179677743581,0.24238417319165587,0.32750508936356665,96,True,0.3820421141317603,0.4077112928424142,0.3820421141317603,-0.21807686249702846
494,0.3808341546433898,0.3015055456956576,0.21761968650752503,0.3196622469372385,0.313708457969884,0.19816088681269753,0.4501503727796447,0.3797773336641227,0.0755963319015909,0.35249929384230627,185,False,0.3305527735018342,0.3745540408780538,0.3305527735018342,-0.8664177269800734
495,0.20943447902094367,0.2567577025078977,0.5111592694464451,0.29082260153580564,0.20472621884089295,0.37085766369866413,0.33583758815310805,0.2610013054735664,0.38288847214507404,0.1933667921673781,200,True,0.30327414077240866,0.317792477279067,0.30327414077240866,0.970462999635044
496,0.2676934042865358,0.3338146315457155,0.15651678089598522,0.45337408610212043,0.014101516496350053,0.16300289565279552,0.5462984810177813,0.40655948620229804,0.16983963021061116,0.2598374982259622,61,False,0.4974348477090833,0.5321969645214313,0.4974348477090833,0.1564200026858585
497,0.21160133290828922,0.2536002188505619,0.41434800022488727,0.019944989015248688,0.6399057225308504,0.2958638761004777,0.37992115174217145,0.24194716054989826,0.13137484274492864,0.04095254300725584,115,False,0.5805028676951968,0.6199607335156018,0.5805028676951968,0.6772535530775242
498,0.41121737547292186,0.5256833302793195,0.2219675830252078,0.43085055629331404,0.266165788369557,0.14636536987829338,0.14013982233767572,0.29401503101525034,0.22902204520050212,0.26239920493351904,195,True,0.38507165816014427,0.3855435079416437,0.38507165816014427,0.665140361966518
499,0.16810714781407676,0.30781850229681373,0.33642548176855863,0.6167085049242125,0.35902531097585255,0.0,0.25407643823491366,0.4225895352187974,0.0,0.10695955312458925,223,False,0.6111525862691343,0.6167085049242125,0.6111525862691343,0.2773521717645102
500,0.16037536421975868,0.5254780808641857,0.2286224247278351,0.2297669884010847,0.20565555558526452,0.0,0.3122311144945264,0.08711794654953288,0.5064962139190111,0.43494944454321977,367,False,0.5461284124055399,0.5254780808641857,0.5461284124055399,0.19955335075886813
501,0.15151884128533114,0.22344569969414874,0.4291028496897665,0.03763492538720348,0.3380680788079278,0.22276668165110025,0.0,0.23343605862387862,0.6821543160099073,0.24047139564497721,260,False,0.6178996723498071,0.6821543160099073,0.6178996723498071,1.0136619896726267
502,0.0711196762905458,0.23513575801235312,0.1844720196794956,0.05841192716191849,0.5790730311040413,0.4609165361182674,0.06993056879624115,0.45561473861122487,0.32242541150500664,0.19495753017897197,180,False,0.5790862326446662,0.5206611039421228,0.5790862326446662,0.5031760367972079
503,0.4505120965056846,0.1381243067097716,0.1939188890815525,0.13437097139311288,0.28438413320693784,0.46211432082770965,0.4891935120609875,0.18399581005359045,0.25114510106855376,0.3027174266832917,65,False,0.4146107868992786,0.3548225406678746,0.4146107868992786,0.4608383370837945
504,0.29855277846943845,0.23624348295272973,0.10213237860792791,0.6025305594797972,0.07773083074068105,0.33474760051812613,0.08547154339105917,0.158033142115177,0.4480295142353702,0.3612102087437239,313,False,0.5379673613535161,0.5247997287391162,0.5379673613535161,0.634201124366031
505,0.08956341789869932,0.1450466800034263,0.42289690332314067,0.069594146339438,0.5827001976295304,0.29341545344555625,0.19138741894365927,0.4857339513326348,0.26116924664334096,0.14438344472872927,180,False,0.5489020559007475,0.5131060512900925,0.5489020559007475,0.6895610850691022
506,0.3872474030799088,0.2779120919484048,0.2344816292961166,0.05662965916238445,0.5934839720844353,0.32071945220248316,0.3619131499687793,0.32490626032778785,0.10949040395562533,0.10487239084459121,151,False,0.4970418179423415,0.5368543129220508,0.4970418179423415,0.4419364120047375
507,0.2990422171352976,0.10131580791931775,0.19692786049374747,0.048647389899672,0.34623004352302417,0.08694314096724028,0.43073210498365977,0.20125398174162018,0.337520316315701,0.6259185893534395,209,False,0.5554077667571008,0.5772711994537675,0.5554077667571008,0.7331081355692692
508,0.44621895034701703,0.13165810837319536,0.39158183355433523,0.3853375273474015,0.027559026428074423,0.2878957957343602,0.3199362440343858,0.39399778696956445,0.3748286314782871,0.0,281,False,0.5050211810298106,0.44621895034701703,0.5050211810298106,-0.9261566733962292
509,0.4280468157410008,0.2100906363200877,0.323465582366079,0.17480505966441856,0.5182521455551303,0.37806575882080323,0.23608304003621325,0.261222780868936,0.028324838157940496,0.3180522163817495,270,False,0.42520500385504956,0.4899273073971898,0.42520500385504956,-0.19086092896555604
510,0.25702202243681255,0.38824424991767964,0.17862477061260934,0.07137478053196152,0.21640411753397593,0.07407891788772808,0.34746747130570593,0.20965478428844128,0.4833074175134265,0.5437018063615093,209,False,0.49817050987992967,0.47232702582954783,0.49817050987992967,0.3655796334401878
511,0.2482317121698349,0.3398508341633265,0.07200466457124399,0.11473035893951794,0.06362700781093587,0.35589545647622495,0.39851514234168356,0.3491850190043223,0.27999006384811004,0.5609686234715735,219,False,0.4897723562346501,0.4973416156606376,0.4897723562346501,0.08067424264608537
512,0.0,0.11895640189517719,0.5263247374303919,0.02910951958305532,0.18013341953324283,0.27590340919062994,0.3875447082903677,0.4332988543402377,0.4418327367489694,0.2574074118811684,96,False,0.5689196160643079,0.5263247374303919,0.5689196160643079,-0.1276664412194142
513,0.4987873531970399,0.37871426066970854,0.1575586231904582,0.15600701679199055,0.0,0.1474785743701983,0.3971212302015095,0.24466119042006937,0.15706000624521377,0.5428090188929616,63,False,0.5521724432913226,0.5428090188929616,0.5521724432913226,0.28624293849121035
514,0.11879474328514283,0.4194893273061773,0.2122915292944468,0.46626276334936567,0.5736418194643843,0.08811932304070463,0.20065331962534294,0.40556416103632664,0.06620392172490643,0.038612181634531104,223,False,0.6018074662572632,0.5350296378298532,0.6018074662572632,0.4255954412314145
515,0.3330894545904911,0.2205304809088063,0.5966138741621975,0.3649249964434478,0.2446863241976869,0.40879502262995543,0.24562139275529885,0.24895351622767012,0.04479804416587589,0.0,200,False,0.5360057184761201,0.5966138741621975,0.5360057184761201,0.18288444735230255
516,0.19591878661647052,0.2746297778106367,0.2836042265352071,0.3907309436458328,0.19396378335963776,0.22121870997015797,0.2506939991144799,0.5182089985009772,0.4356380655504127,0.21298837570972348,185,False,0.3417647558837467,0.32424521514133947,0.3417647558837467,1.0593493502017945
517,0.09317758882147702,0.19055234622887351,0.2727950255447095,0.06931229972028154,0.5358228246146971,0.4679311278279125,0.0,0.21737242596427486,0.3297303830597144,0.4623287602809928,180,False,0.5752698865066693,0.5358228246146971,0.5752698865066693,0.12284778613109129
518,0.37732346447167237,0.45083267134012306,0.23546398262063845,0.0,0.4875508456292787,0.3903528840325214,0.23250828118604655,0.36692743155395435,0.05227505947169079,0.13199960099893698,151,False,0.5257476016571571,0.4875508456292787,0.5257476016571571,-0.4187324989808852
519,0.40410118157340214,0.25537247831157234,0.6084925685086087,0.24737728345739085,0.16663496655328447,0.5065952240392423,0.2267337377430498,0.06259492457598458,0.017209316076815456,0.0,200,False,0.649578951638143,0.6084925685086087,0.649578951638143,0.513710537584055
520,0.08071120586689157,0.3260509209130334,0.051160842631179405,0.6404746513474417,0.0,0.4082671043741455,0.0,0.20087149931457196,0.4611604720706193,0.23377535933152974,313,False,0.6932122746473268,0.6404746513474417,0.6932122746473268,0.5680933714872951
521,0.3974454150317444,0.10017467107935728,0.14591873598606775,0.0,0.2872883516560542,0.1808628041289189,0.35564561646675635,0.4508171590457911,0.1521990657933637,0.5853028941389892,65,False,0.5660534297970519,0.5853028941389892,0.5660534297970519,0.35266684415270866
522,0.37883365689742743,0.11654328175439081,0.0,0.6568214033769655,0.0,0.38556471806148335,0.08347008291072101,0.1556761284847441,0.4423663110393158,0.18957307632696097,313,False,0.6902972836953268,0.6568214033769655,0.6902972836953268,0.7068478667790411
523,0.43123981085561863,0.24115374396440278,0.4204161282427055,0.38900303114582113,0.08578026779561188,0.48625757917171486,0.30042848835458896,0.22982116510189649,0.19892139695905584,0.036804399478261564,208,False,0.4653874084314368,0.4494531796934533,0.4653874084314368,-0.2968597134697026
524,0.0,0.0,0.48883137155237477,0.0,0.5924407190408045,0.44768340383416877,0.16762773519938373,0.2819572414872465,0.28577636990822514,0.14272483073031283,180,False,0.6911245755032401,0.5924407190408045,0.6911245755032401,0.3388979789180736
525,0.09267101976133504,0.21920347564900153,0.4463848380939785,0.0,0.2874277736338441,0.3752641151530563,0.03576224363509926,0.27225915256978117,0.5964424791595091,0.2991939142564845,260,False,0.5831393581218464,0.5964424791595091,0.5831393581218464,0.22191634574449234
526,0.3778310541328611,0.240762219133567,0.2525727712955716,0.3828831193924719,0.2986096431575929,0.21679971994545233,0.3485857632319376,0.3086320143580911,0.3533903952301458,0.33326325456659706,185,True,0.17594671712071688,0.16608339944701955,0.17594671712071688,-0.4208785445549006
527,0.20572215367021918,0.16879152279671472,0.28755013814369634,0.6853695947210199,0.5649378607261003,0.15534126548585128,0.09221608222985153,0.11105590850611007,0.0989558478139952,0.0534422895250902,223,False,0.6836067789013512,0.6319273051959297,0.6836067789013512,1.4734753650424197
528,0.4082233197975853,0.4424192000074136,0.03758074760705507,0.09008635919055535,0.21372325400138048,0.042662390516517816,0.4759259347105569,0.26510382659105375,0.3890411140574529,0.3639435072087429,209,False,0.5236530189076827,0.4383451871035018,0.5236530189076827,-0.39194104860810314
529,0.11272512558734546,0.3366732544449303,0.13527818735932576,0.4784720353155208,0.15243034330769353,0.30420951201255975,0.28536926033472565,0.19652454408925485,0.5316648022909047,0.3289454047714434,313,False,0.4355769660550546,0.41893967670355925,0.4355769660550546,0.5037847618278057
530,0.24751046415491104,0.1966466749645072,0.20432157911308615,0.6616969364589632,0.17183870484230956,0.3624777855779019,0.21551693591574994,0.17476322759371826,0.27059078265949776,0.33068220300414264,313,False,0.45423283075038917,0.48985823161665365,0.45423283075038917,2.185032969959684
531,0.0,0.3605219242032222,0.42935923071809917,0.0,0.5144620375274299,0.04636432461552228,0.4120050856550183,0.3883251165398129,0.1997881775947007,0.24164819855353772,115,False,0.6003127657360171,0.5144620375274299,0.6003127657360171,-0.32774948495625567
532,0.3214786316532607,0.38020407165370546,0.18563622128029322,0.17376914740568192,0.3383304420345366,0.13316074668955982,0.25227155347128444,0.0,0.5891075349005124,0.38019985956518726,209,False,0.5080525611005274,0.5891075349005124,0.5080525611005274,0.2515646902858865
533,0.001741786122959864,0.34649816543032547,0.5339391623850263,0.08446045381337147,0.23242286584046126,0.37911099464473796,0.25399913277857494,0.2759047209910707,0.44807860415933604,0.22034619420110935,96,False,0.49394928845874214,0.5321973762620664,0.49394928845874214,-0.18304506060174108
534,0.3384838873873992,0.2012303345107734,0.22733737069610283,0.3620120840793029,0.22474454500214885,0.11005704218500272,0.31461107205788746,0.3621879016835073,0.41962206854809864,0.4396981181159457,185,False,0.32037986025653836,0.329641075930943,0.32037986025653836,-0.43261632067169253
535,0.2625384389682154,0.28006123742849987,0.44422186081808485,0.03127104241448254,0.5072169841766904,0.4364999938664641,0.035103432941502394,0.35468081071814467,0.22684241565953264,0.1674479259675931,180,False,0.5131767565487537,0.47594594176220784,0.5131767565487537,-0.22287548299705182
536,0.055678168035085414,0.2260681157275489,0.0,0.698606241252059,0.0982657658569471,0.31638353086800347,0.03363353403944577,0.05245683529979087,0.5049378605254558,0.29856756659370837,313,False,0.7450460374364035,0.698606241252059,0.7450460374364035,1.065776344970594
537,0.5757711555563471,0.2576501398695314,0.18456069823845458,0.17491172375841968,0.14561767470306536,0.22939506030251414,0.46578844865323815,0.33497764934486984,0.08052405149224556,0.357725580867317,65,False,0.4740744008158968,0.4952471040641015,0.4740744008158968,0.7656951890744931
538,0.39771734519013,0.43407972009382645,0.09724700801649568,0.04513635047375788,0.21214867678220323,0.17201270422631418,0.26113542181761473,0.33637689480722077,0.4379692833627464,0.4406220497239689,209,False,0.4553452449047726,0.39548569925021104,0.4553452449047726,-0.3921353582074167
539,0.3955036356451035,0.0,0.16779828635635202,0.39695456237345395,0.3664261734550523,0.2088147576929807,0.41420610207277425,0.4387295462786432,0.1318165630071353,0.31392678289656445,185,False,0.4555320525237758,0.4387295462786432,0.4555320525237758,-0.805924815666745
540,0.04183593419655121,0.16583140976066144,0.2118966266880244,0.6662968668006528,0.15175569459116459,0.39051049939381655,0.0,0.25025283847000496,0.41251700166232275,0.2712434372222498,313,False,0.6160845622657433,0.6662968668006528,0.6160845622657433,0.8672858914493412
541,0.4090697890265055,0.23403464518192243,0.24160286284148014,0.41908157177241856,0.3382681571347747,0.23980065883310925,0.3678312419072997,0.30112997057915325,0.08255869799906848,0.3730464622542648,185,False,0.31395934955981686,0.3365228737733501,0.31395934955981686,-0.9342050761254715
542,0.08412162517010818,0.20413992779248838,0.40152937566687735,0.48981129515810135,0.5096797904743275,0.12567489820495,0.327121723248338,0.27526347790800987,0.0,0.3029244538230182,223,False,0.5287271137480851,0.5096797904743275,0.5287271137480851,-0.11571059868751529
543,0.42743017572016107,0.3644487865954948,0.1625579251117002,0.2296000272389824,0.36080628537643883,0.26118104284000565,0.09420312519401954,0.29700737327370874,0.4080386578864857,0.37862832394966334,185,True,0.33587921657312847,0.33322705052614154,0.33587921657312847,-0.7108649783384907
544,0.1598792519334122,0.12999303157215017,0.31408029472079774,0.0,0.33624253761994155,0.412036141238917,0.17969221208307834,0.5812574013082021,0.4057148477421517,0.20324168834794876,116,False,0.5276069922405788,0.5812574013082021,0.5276069922405788,0.2668503286436112
545,0.39697788919671717,0.3371931587330463,0.3879683256984322,0.008143718783003531,0.16802805667836407,0.27128955234070184,0.36248767210063604,0.3024269978316237,0.2519977652174213,0.4358094344256448,195,False,0.38956504409487175,0.4276657156426413,0.38956504409487175,-1.3102848525491693
546,0.3369614735301877,0.21545052452041902,0.4041892168720381,0.09975520047357213,0.5760019024963082,0.20692797751821437,0.2510659039310294,0.25052325859618274,0.25480236170410997,0.31843429381835564,88,False,0.3961737912527937,0.4762467020227361,0.3961737912527937,1.0460204696480497
547,0.51562193517535,0.08735262932724629,0.11545399874903026,0.19546737311933818,0.2722216825783996,0.3364486157362734,0.30769546173604595,0.21913323843913174,0.3810108348707253,0.4469887841847846,65,False,0.4244713141450777,0.42826930584810374,0.4244713141450777,0.1331943694038441
548,0.49759094968313394,0.3856160764499854,0.2449717602488773,0.19631401584458827,0.2687711151085689,0.0,0.260992177672178,0.4650773599257005,0.2639852754856587,0.2807367569963454,195,False,0.43429513344378406,0.49759094968313394,0.43429513344378406,-0.40507834803399995
549,0.2809002106202269,0.2539177560035899,0.2830985954148642,0.36673250198151136,0.22951523605331076,0.44599423111342446,0.1340044728764515,0.41646407501287114,0.4460893182198402,0.0,281,True,0.43960654121472703,0.4460893182198402,0.43960654121472703,-0.7603346275449289
550,0.5404671938140659,0.2965687132402944,0.19547760125898067,0.1135936546918212,0.22749737861427963,0.44077395632166155,0.40721872913308144,0.2811847552798759,0.21128005634845065,0.18237115928936287,65,False,0.41004243775985916,0.42687353912224474,0.41004243775985916,0.7315310632761767
551,0.41212760044406277,0.37437468799882495,0.012164587026755462,0.3851154437612865,0.21294648141681366,0.0,0.3489413329538056,0.25495316615348385,0.24701547651424197,0.49840599051013945,63,False,0.513077768021802,0.49840599051013945,0.513077768021802,-0.691288753921485
552,0.16164977046839477,0.041870278845718444,0.5118481882581435,0.37326182408192,0.23579349016059561,0.279734738298967,0.26608252629569246,0.45888832073095903,0.3293723319410902,0.21699918375882263,96,False,0.42587991822191307,0.46997790941242507,0.42587991822191307,-0.016007086981762647
553,0.291414302519564,0.2676128846666471,0.5049743520405844,0.35729860994371704,0.06861203089882209,0.3674897396500849,0.2368574904270182,0.3130313996011841,0.4085990796870471,0.0,179,False,0.4680543364069471,0.5049743520405844,0.4680543364069471,-0.7077519493671864
554,0.38553918046998104,0.23530488974585403,0.4712879725725577,0.4664487479488854,0.12174096822979229,0.3478824367894834,0.33799876765255504,0.15766609430661663,0.2852359448402797,0.0,179,False,0.47261612442867545,0.4712879725725577,0.47261612442867545,-0.5129394562739593
555,0.35809485344183634,0.17901823045579635,0.6777958464452767,0.3265961201363135,0.06574787006860684,0.3029441413702834,0.19408997087528018,0.3138130243255899,0.11765674390837724,0.16600523584930907,179,False,0.5396810665001864,0.6120479763766699,0.5396810665001864,1.4506161791517624
556,0.33218003594977424,0.4906511248103871,0.35672351852047546,0.052997963778875896,0.17236172841022213,0.12318481731774295,0.2995741755478806,0.407438802573086,0.3474729841592434,0.31222722615476123,195,False,0.41129052727494964,0.4376531610315112,0.41129052727494964,-0.5209352166533738
557,0.22302107874187607,0.19587135708875664,0.14935174942259374,0.5867395368372105,0.10663399198967019,0.3122263423757487,0.0923038913066681,0.2129967641973145,0.4732771462731262,0.3982358554314012,313,False,0.5102267263304312,0.49443564553054237,0.5102267263304312,0.8193971177759082
558,0.3696412976639428,0.374998431786659,0.3967052668956048,0.27439981930429247,0.05019818231997096,0.47706041016651757,0.3002881301160263,0.07580320577205565,0.23053013081209742,0.33301867340932045,208,False,0.42054267444615495,0.4268622278465466,0.42054267444615495,-0.7549159543161421
559,0.39826717172844434,0.1411029322460745,0.30357331233374135,0.556246422780102,0.04275240736247765,0.3841562659433609,0.16377739115770695,0.2638085770813745,0.4124848097372399,0.06277627863390531,281,False,0.5235105330978188,0.5134940154176243,0.5235105330978188,0.11022709360279277
560,0.23088743689220628,0.2596727404311679,0.43722423923909143,0.4413340477499951,0.3168802055158172,0.32946565371579706,0.03496372809991424,0.28381800954020187,0.2626230099624618,0.36553198282892196,96,True,0.3555461507466444,0.40637031965008086,0.3555461507466444,-1.0479076732972905
561,0.04489811493028152,0.34383128967551385,0.4486654674890434,0.5936581629082952,0.4436560829476705,0.0,0.318794116684791,0.15535372837274677,0.055053379663704854,0.020184724668686687,223,False,0.6832771505654253,0.5936581629082952,0.6832771505654253,0.30572066539027776
562,0.1646251402274544,0.22431342058617335,0.32758432431221146,0.620148186107315,0.4641537979164459,0.08322204870618584,0.16254057730532842,0.39987445379173026,0.0,0.14833446904088277,223,False,0.599088182940292,0.620148186107315,0.599088182940292,0.6515794648220945
563,0.3518149674201245,0.2296053381377604,0.3785069774170169,0.37598851966324587,0.187749767622015,0.5482667353848792,0.3146921791587103,0.04431777992153311,0.30785569515370964,0.08518196918818825,208,False,0.46255623605070173,0.5039489554633462,0.46255623605070173,-0.052464789358847186
564,0.26950099471640665,0.3283158062971753,0.03073764435801232,0.5808465282564933,0.14209445361560064,0.4144285127130627,0.3424803001464535,0.32525911467326957,0.19230476168173402,0.17100075463053555,313,False,0.480667831827697,0.550108883898481,0.480667831827697,0.3775181668146653
565,0.3424006375672288,0.10901299064733475,0.0,0.6739807329755403,0.06923599612853765,0.20514014182883464,0.22253721968700801,0.22748408168108414,0.4607555991217628,0.23703227249807812,313,False,0.6235135468146801,0.6739807329755403,0.6235135468146801,1.0260697220582997
566,0.061656095997422104,0.07700803264254204,0.3655187582195819,0.08360246587708911,0.5988218304759952,0.43815253665299264,0.11439246619316369,0.2495372465161039,0.4312730238093904,0.19431631173786054,180,False,0.5887146429493395,0.5371657344785732,0.5887146429493395,0.5601320819920291
567,0.1598736738253838,0.1989600873868364,0.0,0.46882058379435504,0.12295020526637938,0.28468940176521895,0.24844431141044052,0.17974942970379576,0.587132941891187,0.42442693010456634,313,False,0.5551138342437785,0.587132941891187,0.5551138342437785,0.5010830326692182
568,0.2933264582826832,0.09420476582206218,0.3591471367881841,0.5687656940690141,0.5279972253948988,0.0,0.3242051402105206,0.22558689061164233,0.060429907124703315,0.11904918521445437,223,False,0.6106339394950818,0.5687656940690141,0.6106339394950818,0.3777784324546608
569,0.21512705104820037,0.36842383728425043,0.279422832521056,0.059130533347237196,0.29197100808643617,0.17136312976829401,0.43845446879316213,0.2610178900650879,0.4995052597527691,0.3345446640639091,209,False,0.3922845567671584,0.4403747264055319,0.3922845567671584,-0.14653476804806484
570,0.09088349098307683,0.02062668831721381,0.0,0.7313375424947601,0.23216234160047394,0.2516170141967474,0.044079214340334925,0.08920493351867946,0.43186503123570164,0.37794411298189357,313,False,0.7513340109654267,0.7313375424947601,0.7513340109654267,1.2066570083009378
571,0.18332571918500365,0.4572415892875545,0.06175929102650412,0.5054992447694203,0.14498934108761935,0.14220788613809562,0.36924076027235936,0.5048935594701526,0.12504489643386468,0.22325019540091712,240,False,0.5304075263821078,0.4437399537429162,0.5304075263821078,0.42960989088428725
572,0.1603497339239695,0.0,0.2400075195922976,0.2935600126893731,0.4760797032986629,0.5017002503862492,0.07767138223159345,0.3710320685303379,0.2901981845263865,0.352475845116845,180,False,0.5024720095444962,0.5017002503862492,0.5024720095444962,-0.3199872163013152
573,0.21337408057089732,0.23848910664878867,0.260757665583132,0.34649542790029303,0.24086533225487067,0.40658426567763584,0.2528623269564553,0.35143198834280387,0.3262948204169203,0.43852231870227903,185,True,0.23403174135011431,0.2251482381313817,0.23403174135011431,0.4892404276830949
574,0.289580792779994,0.2265927203858104,0.2592409911089047,0.37153123926760256,0.0,0.4898917116537604,0.3864853563750079,0.34600039221569234,0.24175406971042576,0.3033664925859248,61,False,0.39590897607867953,0.4898917116537604,0.39590897607867953,-1.0158789735113278
575,0.4365629488263308,0.24241271386610713,0.15713399550189705,0.2320387495797236,0.18984035367514163,0.09666255538423907,0.37094699095759875,0.37091264448401357,0.3171457495396088,0.5009725522747132,185,False,0.395760791923593,0.4043099968904741,0.395760791923593,0.13350728853239685
576,0.3430378061114794,0.21748531276838645,0.019783072822055412,0.323464539193623,0.21824509427246366,0.32183759489179076,0.43851160653891985,0.4010402046331066,0.14395105497609734,0.4527102655476965,185,False,0.4224760072678753,0.43292719272564106,0.4224760072678753,-0.7139081075512583
577,0.0,0.10951459888448087,0.0,0.8469748114478249,0.0,0.39188401452922794,0.0452889241408438,0.1405491951002142,0.08926404724354381,0.29545542394259333,313,False,0.886770242954535,0.8469748114478249,0.886770242954535,1.9722571956318857
578,0.3592375580403094,0.24403314434775022,0.09523981853710556,0.22432546514533055,0.30521144221494906,0.3259037025073276,0.24794458935726316,0.2761609296367728,0.3981138429575437,0.5063599567843114,65,False,0.33716778869979674,0.4111201382472059,0.33716778869979674,0.12139600712299164
579,0.4177295944164441,0.2884418278176972,0.17640779267048287,0.14256981421572734,0.12945697362005654,0.23111699079068546,0.35345252544928707,0.45646005969498005,0.18305444277457006,0.5038748479133903,185,False,0.4206018330027076,0.3744178742933338,0.4206018330027076,0.3982706033071031
580,0.3433359500659458,0.16152104452635743,0.4510761809983276,0.17912175718251983,0.35981774654291815,0.21789201620648915,0.3915005034464361,0.2695347418204553,0.22238443733151264,0.41006688715281636,195,False,0.31413334206091714,0.2895551364719702,0.31413334206091714,0.024044265875545878
581,0.5234667919251482,0.3338384634805749,0.3348227329698217,0.35425255173240244,0.08443610043703662,0.4921686191366354,0.2311566304917509,0.15832791483139416,0.1067471352320572,0.1941076842758666,208,False,0.46978428860529864,0.4390306914881116,0.46978428860529864,0.3405841459425595
582,0.09608750331836345,0.1607098485731015,0.3339626628765679,0.0,0.4979882275283611,0.4700346865153231,0.2334816415155999,0.41575368515996614,0.3083284241311966,0.24910313932488096,180,False,0.5009750127977886,0.4979882275283611,0.5009750127977886,-0.25174009452805146
583,0.30575116299651556,0.44477900282215527,0.0,0.46104671769942973,0.1332984798740655,0.216262789589988,0.1744320721893318,0.4221575368153439,0.4165699275324235,0.22228736345725605,240,False,0.4809202765971883,0.46104671769942973,0.4809202765971883,-0.39327670631920136
584,0.5172890656562023,0.28246532808178315,0.0,0.3739844201425767,0.024272026307990868,0.09997228846579226,0.5032954028940417,0.3273103129059836,0.3048708926542764,0.22089105924848365,185,False,0.566781399558895,0.5172890656562023,0.566781399558895,-0.14783744454854558
585,0.28093651755968524,0.3207398429355907,0.08495985122403443,0.0946643008191602,0.1051809666958108,0.1477779185753685,0.517523512882954,0.10802648170961167,0.5190065302299581,0.4693097969927273,209,False,0.5702440171563159,0.4340466790059237,0.5702440171563159,0.4828826581230147
586,0.4000709977944862,0.2772335478534773,0.04873177522486926,0.08603016632556476,0.44474562665045214,0.5976615130975116,0.1516700283383232,0.2580924250676858,0.31708762628854154,0.09028158423647302,151,False,0.5570713189297759,0.5489297378726423,0.5570713189297759,0.5077200812779868
587,0.3859394137739163,0.19900678838122476,0.5381491037070325,0.3739739561273237,0.21204435007008293,0.3024596958935857,0.28298223068639206,0.26455062832189447,0.21305422504853044,0.2237930622569942,216,True,0.32433418588463686,0.33914231532580774,0.32433418588463686,1.3510996740213124
588,0.11000087861234344,0.25166090284885234,0.18345787730861635,0.684948704913942,0.21038166763953767,0.272225112422028,0.12444452877284991,0.2581608289560512,0.2828150021914476,0.37585946555413996,313,False,0.508179047920416,0.5749478263015986,0.508179047920416,1.916346736688376
589,0.3462625066956671,0.1906590638390027,0.23313818241053544,0.1755061523999741,0.3524931743490595,0.3749722212215643,0.42163433890899793,0.2948797380597064,0.34635482944418494,0.3302252685815055,185,True,0.24660085330592005,0.24612818650902382,0.24660085330592005,-0.5462461976699512
590,0.43902616965308583,0.2919641156738252,0.3206448995847312,0.31494061157104297,0.2272055565422013,0.13799584681279556,0.3405050723650948,0.41915266973274573,0.12429985359822872,0.37717886997534283,185,False,0.32728457853920795,0.3147263160548571,0.32728457853920795,-0.5485270223564707
591,0.3804768378821374,0.45675630067256223,0.0,0.4384763509605578,0.045043604855358806,0.04065459040130112,0.27270031787211263,0.4452074961110667,0.21980061448520974,0.3602503811674091,240,False,0.5639760180245581,0.45675630067256223,0.5639760180245581,-0.49543423683138305
592,0.26108983349945986,0.26880991947507143,0.2529349452696222,0.28426435318925475,0.13060708463637882,0.3868870422318299,0.39875304294267616,0.41984277867902114,0.3605995885927346,0.2876581506581297,185,True,0.26475579144405825,0.2892356940426423,0.26475579144405825,-0.5314710503902458
593,0.37009103875235,0.4195514272111358,0.3662140399402297,0.081500041332265,0.1984040942286987,0.3301855822150117,0.34847017359381643,0.19867821348766196,0.34579545314979454,0.3426201249871325,195,False,0.31887031309915825,0.3380513858788708,0.31887031309915825,-1.191006945016507
594,0.2872861765106281,0.41058497781835546,0.1449501558997746,0.15125298721355324,0.24013850778916995,0.1347964869549894,0.30976430463856724,0.33618004379358096,0.4058067547024167,0.5054818994636903,219,False,0.3863701238352698,0.3706854125087009,0.3863701238352698,0.18593164925739117
595,0.3043316859150965,0.27836076735372994,0.5556693504069826,0.3555104553468175,0.08909565579602215,0.3038106858694299,0.3365749849241588,0.33749554172846435,0.2482229269671153,0.07551056838689806,179,False,0.41908204765715984,0.48015878202008455,0.41908204765715984,0.10743524922891617
596,0.4506983389385288,0.3937684601381114,0.4589259258792802,0.0,0.2235856418202847,0.09424680855857706,0.2998564177966559,0.3790493556570549,0.3413285372582193,0.14911051545073714,195,False,0.48485932498583023,0.4589259258792802,0.48485932498583023,-0.6042797245420521
597,0.31814426182377176,0.42912593161949714,0.08780957045754598,0.0,0.6029774395958191,0.28568299201812225,0.22198852412464365,0.41402597707849326,0.20256274012654035,0.0,151,False,0.6159936381500939,0.6029774395958191,0.6159936381500939,0.2316229497673982
598,0.2438593478564742,0.04679597150296356,0.2597033403176865,0.7083250853293045,0.06557008479752371,0.23489013277175297,0.18759449024200073,0.16989794688463752,0.42021776305032993,0.26279216128624844,313,False,0.5965226743641634,0.6615291138263409,0.5965226743641634,1.5457821885390193
599,0.24536675124614582,0.3207060008438237,0.49692071619704176,0.19311762967086443,0.17036628139078377,0.4059623354697782,0.5173866099541192,0.30032394513028454,0.03169759449492619,0.0,50,False,0.551226343790763,0.5173866099541192,0.551226343790763,-0.09196714694148266
600,0.34235647033004996,0.3674106645978602,0.20253003113746904,0.3061283495756495,0.15889205948659882,0.16262271359017486,0.36291737392889883,0.10678059791286801,0.3851592775298746,0.5195352267514834,209,False,0.39599762712591813,0.41275462883861547,0.39599762712591813,0.13891173577818183
601,0.45648718376998526,0.14166900567674487,0.0,0.0,0.2656040343661437,0.0,0.5105300847274999,0.0,0.48212486549843925,0.4559807972590314,64,False,0.7331523550397236,0.5105300847274999,0.7331523550397236,0.12075054757036385
602,0.4636086176537943,0.15276830643337627,0.42257139435330643,0.45287180021663415,0.09637149943919501,0.5114844652910315,0.25041831585915403,0.14287267013660862,0.15356381884381928,0.021490464016757926,208,False,0.5591020802943927,0.4899940012742736,0.5591020802943927,0.19243495803535218
603,0.040990584151034515,0.202068436858122,0.27426968757559167,0.5812569009168865,0.6406169864389264,0.023278066926859176,0.2656860414636855,0.2101020321867462,0.0,0.13689683772377406,223,False,0.7055589224685214,0.6406169864389264,0.7055589224685214,0.9680284183773009
604,0.2013379356302492,0.42020549588726835,0.37411306709416026,0.0,0.5496093625997855,0.2460552954915941,0.1542389494467337,0.474650181136666,0.007006665430226647,0.17659158727112018,151,False,0.5943121103664174,0.5496093625997855,0.5943121103664174,0.07538649544259433
605,0.3915684330200609,0.3672834036073576,0.03481250720772483,0.27984621681136573,0.3114035711677393,0.12148749570561974,0.33689727200458086,0.2400534955070413,0.48702397535283215,0.3349657401414198,209,False,0.4031132716093567,0.4522114681451073,0.4031132716093567,-0.7564698321349241
606,0.153164276463011,0.11356272514048858,0.4748999121613794,0.07308295523000485,0.43833179357496943,0.5335947922294471,0.2551354835846845,0.1293128720723919,0.35605412794418484,0.21754201320999975,180,False,0.5139176475724947,0.4605118369994422,0.5139176475724947,0.3987156064051824
607,0.4367157349809154,0.2926685339769212,0.41128924948445983,0.038179429224827886,0.432082302517621,0.25847547742831034,0.2950941683135968,0.25388479948756976,0.2823933351976152,0.2611881248337361,195,False,0.3559283031935902,0.39853630575608756,0.3559283031935902,-0.9202537298014061
608,0.44935729195514845,0.1885814073593085,0.0,0.19240647012919215,0.2618629265296617,0.3201257012898914,0.4834253794033546,0.32112737712268075,0.24556518472386255,0.3966320972426262,65,False,0.43790023010753193,0.4834253794033546,0.43790023010753193,-0.5613382919529839
609,0.44645810717908946,0.11267168495276583,0.1364156746328324,0.3261992265226087,0.27011820004389603,0.3957688746588633,0.15927734029045315,0.4224781930710264,0.2972796218243416,0.37568067002204053,65,False,0.37295574471511433,0.3337864222263236,0.37295574471511433,-0.39120087056014596
610,0.3020181947789964,0.09552303771925393,0.38098509856437596,0.13814791909186974,0.4209234036848962,0.4322799401610627,0.14700679938516498,0.32408713868609984,0.3617868544899046,0.3374169636600364,180,False,0.3747930557030912,0.3367569024418088,0.3747930557030912,-0.6778361058722981
611,0.2087460809755198,0.2465636866392768,0.18148078725451244,0.5172877974787493,0.22107586291638878,0.17865585605539097,0.24925680371142495,0.23957924287641832,0.3599770643285383,0.5149819160144365,313,False,0.39337579402108097,0.33863194142335834,0.39337579402108097,1.2344133608174113
612,0.37883980037485143,0.13885266791281592,0.4284905423559804,0.5628979174210641,0.15796894038271045,0.2116991334495593,0.33357786902869346,0.18541582534407325,0.33396735340725614,0.09891413738903546,179,False,0.4579913468415715,0.46398378003202867,0.4579913468415715,0.5769456122022739
613,0.0,0.0584118300905167,0.5047287261950866,0.09334440116978546,0.32101964928033627,0.2753734412582817,0.26825924972982135,0.45351007360083206,0.331164546891716,0.40857713765418074,96,False,0.53223080099051,0.5047287261950866,0.53223080099051,-0.37959267345311326
614,0.3780259883775978,0.48782966944435047,0.42615322841814385,0.2223261695764616,0.35061409140231353,0.3051302932248192,0.32946398844822355,0.18100979173351833,0.15584118037376116,0.08031681723004064,309,True,0.39409371307626995,0.40751285221430983,0.39409371307626995,-0.17885167951947956
615,0.5662722549854324,0.0,0.31128360993516485,0.16668152520644222,0.3309295911314052,0.22888248983360063,0.28109910425423734,0.13130029457613704,0.23097918811757653,0.49309843745818394,65,False,0.5164676729838115,0.5662722549854324,0.5164676729838115,0.325978712906144
616,0.08569803392536296,0.35736526749479447,0.33674196806742196,0.6134706841438119,0.5022797366731621,0.1370076373928496,0.18048680827790933,0.26422369032503423,0.0,0.04193812275420214,223,False,0.6377385565065925,0.6134706841438119,0.6377385565065925,0.5606398434127979
617,0.19125146399704876,0.4267876099502779,0.21594255310998997,0.5127453792650707,0.22105972287773978,0.2522585385633815,0.4413447697125504,0.23347920313147236,0.24058929808619062,0.22815231217877174,185,True,0.3544685071634184,0.32149391526802196,0.3544685071634184,1.1009263286629516
618,0.14796346253249826,0.33911557066781284,0.00482447822355146,0.20615665006501113,0.4473658915894949,0.26178495371454114,0.6212172383713157,0.2064395472841439,0.3512660767115521,0.0,340,False,0.6036433780554152,0.6212172383713157,0.6036433780554152,0.40203706039516257
619,0.28230409033958087,0.2667305973848189,0.43845909692243523,0.3863317955952,0.0,0.5778130625360222,0.31609796296559695,0.16331269644084787,0.21720987249027396,0.004850781396039463,208,False,0.5674732867628134,0.5778130625360222,0.5674732867628134,0.002337294146370393
620,0.4382371665835081,0.15246754876453864,0.5599457369884153,0.22452868656495498,0.34885350049389513,0.347589980114804,0.31605016865783303,0.13091183957581737,0.20296307810246994,0.14146477982471684,216,False,0.4350539221245112,0.42903389741259795,0.4350539221245112,0.7100249715498008
621,0.10867674277589655,0.29318153430325733,0.2344896543958525,0.5873558176032573,0.4541740200492816,0.02787925715671197,0.4197018819526796,0.29238265157794496,0.12564611813014268,0.13336481509473352,223,False,0.5540846797547,0.5594765604465453,0.5540846797547,0.4860837878537743
622,0.19200596962789834,0.19665915356702085,0.38886851899857094,0.5650370782474984,0.2325136443625996,0.3044450633962229,0.0,0.34895152127702866,0.23951269471471184,0.3578971549352958,313,False,0.4612480148132461,0.5650370782474984,0.4612480148132461,0.012991735687018384
623,0.33612738617484533,0.5389471445223382,0.19863172138121887,0.2989460036756003,0.17269218503317793,0.19828936500180502,0.317715026491284,0.23228101467239334,0.1950866482465202,0.453468533217023,195,False,0.37309355731707905,0.3662549594891602,0.37309355731707905,1.067575861195774
624,0.5715701981484425,0.11915916301873655,0.07815726081033153,0.15240118190234295,0.29901148772299707,0.3799115317405614,0.36353378011337595,0.28892400487633596,0.2280337421683783,0.3583294651716822,65,False,0.452148894234945,0.4934129373381109,0.452148894234945,0.43809294724588904
625,0.07335370770714114,0.4212453935028398,0.17007986904819028,0.6578721102732008,0.4472444905915703,0.17429769057405606,0.2895132814687393,0.20303550732994713,0.0,0.0,223,False,0.677445389369597,0.6578721102732008,0.677445389369597,0.7316596149213792
626,0.11188038258460571,0.332051702947351,0.4076595492561121,0.0,0.5348675113465171,0.3029865689314344,0.3728890712032533,0.24285353984394223,0.35717975194871365,0.08690538749828727,115,False,0.5110839340392583,0.5348675113465171,0.5110839340392583,-0.3166758008943798
627,0.6099855411551819,0.16588791725215243,0.07716971328960597,0.0586555684931786,0.10502779762859558,0.34791085452187404,0.36248923483179696,0.3677592837494446,0.2062625990238508,0.38696356579028374,65,False,0.5476208971307266,0.5513299726620033,0.5476208971307266,0.5543718015030161
628,0.1750221761929644,0.25535499370704745,0.49005386921574984,0.0,0.667096530270409,0.26477821457765127,0.2733851868083793,0.1036921729791558,0.1523668718873039,0.20043900800583797,115,False,0.6057064200084069,0.667096530270409,0.6057064200084069,1.1298876290131148
629,0.2960416082925335,0.16767666666850597,0.3338334383947009,0.5755028757936419,0.18430755412002822,0.4595977764158438,0.24828626361606046,0.3314351720980649,0.1578000138819239,0.0,281,False,0.5078513760091086,0.5755028757936419,0.5078513760091086,0.28750973099839544
630,0.4263325496072427,0.16072414510701133,0.051244036189215095,0.07027836987115994,0.4176378971295836,0.4481367176702255,0.2315034405031625,0.2880895133131016,0.3202830084261305,0.41282533695615276,65,False,0.46044914653333857,0.3968926814810104,0.46044914653333857,-0.4890399980800208
631,0.33651728626028427,0.3468941591862079,0.7193480206122729,0.21896787646626048,0.05106018528424786,0.3074020254673266,0.2307609162446958,0.13984763312709286,0.17635459718292387,0.0,200,False,0.633788840780466,0.7193480206122729,0.633788840780466,1.3279897004916272
632,0.32155509584887876,0.30141009941895663,0.07515120500402565,0.3218107999442854,0.2387509350736968,0.22806628076606356,0.3504605596656142,0.4415185791748073,0.35925401997223283,0.37510455849352176,185,False,0.3071799737667165,0.36636737417078163,0.3071799737667165,-1.1688099092822837
633,0.32165160619608113,0.28412033724141605,0.6052657490641282,0.30394048326526646,0.28898035607572364,0.20934750549099612,0.3750125505577591,0.2335387699373453,0.16375563162932666,0.0881063706928313,216,False,0.42720053038392214,0.5171593783712969,0.42720053038392214,1.1561622120737562
634,0.3643358122759487,0.01079791260409205,0.528159942233699,0.36496327091845454,0.24174967415732032,0.3355270740532367,0.02732841563548898,0.4012187224909762,0.3496384980526085,0.0,281,False,0.5836216240259344,0.528159942233699,0.5836216240259344,-0.48136410032789273
635,0.44199579967111713,0.2573152934063971,0.06393655984858608,0.16951958607190504,0.369284115190948,0.3364413714616442,0.4602635813652663,0.2674635034564398,0.18174891036694515,0.37366866139630733,65,False,0.3901208466728422,0.3963270215166802,0.3901208466728422,-0.3973318648311423
636,0.21579934259146719,0.38697985474637686,0.2675444942150236,0.6202611885680419,0.41108338093109675,0.12174563063057543,0.03664426295430636,0.35831058297335927,0.0,0.1839359040410562,223,False,0.5951117822314738,0.6202611885680419,0.5951117822314738,0.43129414687817047
637,0.5047423844653077,0.18810094557391516,0.5667868076325743,0.3685956462437861,0.0,0.3247422743050331,0.21532783374677403,0.17510333091084784,0.26506287303075365,0.0,179,False,0.5918308181754317,0.5667868076325743,0.5918308181754317,0.16708526977939664
638,0.6234045592551541,0.06086073109413361,0.0,0.18466041095370114,0.17137723706922725,0.32721593698705914,0.3585191505656403,0.33718298605102676,0.23237905519812904,0.3753591081002473,65,False,0.5574379730173148,0.6234045592551541,0.5574379730173148,0.45276374138365344
639,0.2581885507131803,0.4437662330023965,0.015858706396056983,0.432920964041597,0.1526028235620825,0.27294493810906983,0.453638504028575,0.3437479223812522,0.3005002240661093,0.19157419166279002,240,False,0.4330646021139667,0.437779797632518,0.4330646021139667,-0.5585407033974056
640,0.1951859831967052,0.15022716666759625,0.46626816320209086,0.047704037607078816,0.6574558596877068,0.24541020628278137,0.3500949615713746,0.22062288885864295,0.22358641831816264,0.077112584517018,115,False,0.5782057878942355,0.609751822080628,0.5782057878942355,1.1455757540332123
641,0.25076800246020936,0.08765145400448464,0.18980733377959827,0.38953474936287497,0.211760806454692,0.2888144919345175,0.3921114515698068,0.39881282115944555,0.3857184604522359,0.3896540122038824,185,False,0.3351894674608977,0.3111613671549609,0.3351894674608977,-0.7693584640907986
642,0.19065186386741653,0.1902623635058975,0.5073522790812998,0.0,0.47519778566908205,0.3845421176834217,0.042261251049652816,0.3572790230647742,0.3028161836598451,0.2742776589918995,180,False,0.526104577214051,0.5073522790812998,0.526104577214051,-0.2922489757925188
643,0.20698258655156043,0.4510283957403183,0.31173995770384677,0.31333869623665955,0.266919318199463,0.12071923157218749,0.44239350518524684,0.3101926759510453,0.42245045425602545,0.0464080172764111,340,False,0.41331499922440534,0.4046203784639072,0.41331499922440534,-0.5350627059614339
644,0.08113153459872405,0.1725016852339788,0.16858075633858222,0.28964029766511457,0.4134669436030442,0.4696388828761819,0.3795380499786698,0.5219949447923129,0.16523478123857543,0.1265064772370841,171,False,0.4863802611981736,0.4408634101935889,0.4863802611981736,0.34010445503867465
645,0.32936618289789527,0.2560546958209818,0.04194504357788259,0.6496438729404325,0.07445005487229495,0.17596226405155613,0.08875653586765948,0.22548794752991677,0.4721607765123279,0.28981631583410883,313,False,0.5943998190401597,0.6076988293625498,0.5943998190401597,0.9498114864848403
646,0.36668425051939213,0.3524560945856448,0.22637918882811717,0.4057706482462462,0.07407803904746596,0.16749946339257232,0.20775118191121086,0.3017401922813826,0.413916672783199,0.43167310590360974,185,False,0.36817584055939107,0.3575950668561438,0.36817584055939107,-0.6021333214162222
647,0.45903650644557004,0.39296707399824504,0.37506549420726715,0.06062257057558525,0.34972110057828976,0.3512871934458555,0.3061082443822192,0.19478168685624622,0.2977239745795942,0.15660100629885684,195,True,0.3716244965235517,0.3984139358699848,0.3716244965235517,-0.776223549839462
648,0.3305099289223784,0.4336451635085307,0.3459093689920762,0.1846022186965335,0.37792659731229805,0.30142941762674896,0.4457409052980142,0.11556012203938056,0.3011055880973921,0.11221367979540628,340,True,0.3675791463066888,0.33352722550260794,0.3675791463066888,-0.5039675976648584
649,0.261494392504794,0.34205551164819564,0.35070102338174164,0.05597419135024156,0.517343774639711,0.38172025729384,0.47719349319624293,0.10012776765475209,0.18201072251059575,0.06536323768908651,115,False,0.520457932514924,0.4613695832894695,0.520457932514924,-0.006238785975680245
650,0.2349992323535793,0.13106313416147763,0.38562806275569766,0.0,0.6240490250873398,0.44490467472214656,0.10029356573513487,0.22772051688540476,0.24068108954891598,0.2677099877952474,180,False,0.5652738082180881,0.6240490250873398,0.5652738082180881,0.6508731314639792
651,0.47175726734614504,0.2281209093991019,0.08761720528087315,0.2886665873717296,0.09119344054498506,0.3179770222299392,0.5338640119220961,0.27684496700462546,0.21533181443445706,0.34198452965202825,185,False,0.4420159531752621,0.44624680664122296,0.4420159531752621,0.30277751267759523
652,0.13532466974877072,0.21451474604750637,0.6038224493905543,0.10552001403556964,0.4931969753688795,0.1889992338356259,0.4023551980564649,0.2571817769353263,0.12126662239650761,0.19553235367553315,115,False,0.530251564107542,0.49830243535498464,0.530251564107542,1.0647846469134017
653,0.27293412005516676,0.3929184603314344,0.23515056627944453,0.16225909397892266,0.3271310223929238,0.05989161390262775,0.436989321082721,0.335282479719243,0.27428783987223465,0.4475362655289322,185,False,0.3712278078042528,0.38764465162630446,0.3712278078042528,-0.6099844861252491
654,0.5137356865809406,0.3551507749698693,0.32172781311792725,0.0716445447965216,0.24492896800975464,0.1422815452202396,0.4668216952240365,0.25496214466901923,0.22367651966281896,0.29683030769051044,195,False,0.41363074199484834,0.442091141784419,0.41363074199484834,0.1913109431955248
655,0.04577618528436573,0.2641322825185676,0.3821154105336188,0.2386677741687007,0.001919141320034617,0.4823326391806518,0.14756085874445002,0.36131130306282233,0.46395700565775305,0.3534679038085121,96,False,0.5160303076696772,0.48041349786061716,0.5160303076696772,-0.479944267940197
656,0.4476675886534616,0.2581703848038032,0.37106729317894377,0.04017788998238559,0.2059731016576809,0.2115591514323483,0.6289810739847526,0.06162250826224288,0.3155356408882952,0.08647036938324924,340,False,0.581719015886746,0.588803184002367,0.581719015886746,0.6945123585614886
657,0.6185634779694671,0.22192185838816725,0.29709474834246985,0.3609625247996536,0.19529078368929656,0.16969706130617837,0.12072006219223202,0.0,0.4171044985705634,0.3067337603460254,327,False,0.535961073801925,0.6185634779694671,0.535961073801925,0.5763816993659812
658,0.3692608327180345,0.35924201077343626,0.5771652352395157,0.15148724261458488,0.06791760008293256,0.5139052341113097,0.26587329831025364,0.1276948422273145,0.10237139716221429,0.11107495298664533,200,False,0.5714256847340592,0.5092476351565831,0.5714256847340592,0.6512195575680741
659,0.26225239491998187,0.30701133752348936,0.5069372796827201,0.2711752298909928,0.45866823482478747,0.35530864458553435,0.0,0.16880157144470895,0.2712226810051805,0.2603263593720118,346,True,0.4360041775774514,0.5069372796827201,0.4360041775774514,-0.43113163778584307
660,0.32945817683077316,0.2728737031037343,0.5791510114087874,0.34179575217654723,0.1127489633496208,0.43949160320267167,0.3359422434933009,0.18221096436139256,0.11328635016256537,0.0,200,False,0.5366273866798069,0.5791510114087874,0.5366273866798069,0.17992294207794066
661,0.14635795523124576,0.27279801875692095,0.14267223622680494,0.0,0.6836833065331355,0.3648027162142609,0.28841262007216795,0.4015510176965747,0.1522816530205154,0.1252460635979348,222,False,0.6079906214518864,0.6836833065331355,0.6079906214518864,1.1182135649145966
662,0.18671948586370063,0.18202479192664298,0.3466351187788023,0.1027137005192772,0.4835892814202035,0.487658744592506,0.17787397972131275,0.3022880433580414,0.34671851977756185,0.2939323201347162,180,False,0.3993206887024239,0.3849450440732288,0.3993206887024239,0.28404918257785616
663,0.37777131670367636,0.33215945208563846,0.4088293232635695,0.1666837994322616,0.34272608213869493,0.11849445013309377,0.32630710092456705,0.2594938732109547,0.27462299730667145,0.4138849345226452,195,False,0.29894599092690805,0.2953904843895514,0.29894599092690805,-0.8154244957219119
664,0.28619096174234415,0.42513868750355205,0.33259984920383256,0.0,0.37070614642501787,0.1968496319781398,0.40461365211778494,0.2918056601431327,0.34084945800691896,0.2924298919601913,195,False,0.37394110097671474,0.42513868750355205,0.37394110097671474,-1.6761684394389833
665,0.22269201298887387,0.46472102252294,0.3123794973542563,0.48573966807776214,0.5106351418086507,0.029304712688038668,0.2190611197990674,0.28006643745425425,0.0,0.11351944869931088,223,False,0.5757664504453268,0.5106351418086507,0.5757664504453268,-0.01375838340026728
666,0.0,0.4366792632508228,0.04728794223869068,0.08688722654843554,0.5450385781432546,0.1487422490423266,0.14384252325588578,0.6084479882416066,0.27040125323783043,0.12774157298707497,204,False,0.6874420016414042,0.6084479882416066,0.6874420016414042,0.7878188880681366
667,0.3989019275991663,0.3116084035465795,0.26670216966239724,0.33361218208109966,0.29213491198176833,0.22906978426028032,0.39378850516453284,0.3956512475930409,0.21972641925876782,0.25228069874587106,185,True,0.2085996944869853,0.1791755083403985,0.2085996944869853,0.1981128442825231
668,0.2762562220468306,0.38594361486994416,0.12614644697631144,0.6238584787983632,0.02672528553106682,0.3899203921633746,0.08146028104091119,0.2720107891237558,0.23878976840982663,0.28145931299640675,313,False,0.5392070830445399,0.5971331932672964,0.5392070830445399,0.6235676762682668
669,0.276286826775792,0.3873577416382514,0.3012450270060515,0.060563391295376245,0.5274766436526472,0.39037624516015806,0.4115560704440199,0.14843496279656643,0.1786547640173943,0.15889932124381687,210,False,0.45087478654534713,0.466913252357271,0.45087478654534713,0.0884439725911474
670,0.11185375095200162,0.15932634190444794,0.26352471664239746,0.47838466398188473,0.20758639395910222,0.515903354209758,0.13235204811219212,0.3209739563002762,0.35920842434645506,0.3240158529037874,313,False,0.4276369387470717,0.40404960325775635,0.4276369387470717,0.39299956474980646
671,0.4301038745140976,0.1251015922657301,0.26122417527126285,0.13614615330727078,0.3307252652727405,0.4408600493071869,0.2979105060486639,0.39540419453287845,0.3129337682432673,0.25656759303128274,65,False,0.33297111532434803,0.31575845704145683,0.33297111532434803,-0.37842944807737866
672,0.049712180047454264,0.08352045558533588,0.3479905789400207,0.007046817994219651,0.6010638375698462,0.4788962192467156,0.18215648527478812,0.2739518530242241,0.30103108776528814,0.28273006142198887,180,False,0.592024488103283,0.5940170195756265,0.592024488103283,0.38774081972771385
673,0.07393233524016461,0.12322491127650838,0.1411721815020385,0.4710363357992075,0.531040043630664,0.26039849206528437,0.2945093836716071,0.5323414278586905,0.11193425318464635,0.07128438849600176,223,False,0.5905408128551898,0.46105703936268877,0.5905408128551898,0.581829175440614
674,0.1913378990739255,0.3798294559848396,0.5467848820439686,0.4547826031866143,0.23521884404816235,0.3943469004413469,0.1590317133863178,0.21945088097070733,0.1564349955694842,0.0675233589798662,212,True,0.475526761703438,0.4792615230641024,0.475526761703438,0.4664080016908705
675,0.09249204917441786,0.1455939240915229,0.39078959346535136,0.0,0.4238500825039073,0.5752069981749696,0.0,0.283368779748253,0.42978162115211727,0.20496105323243702,180,False,0.6242918573691592,0.5752069981749696,0.6242918573691592,0.12653495052048963
676,0.11822919343650612,0.1959743775134941,0.4608923101373224,0.14115664455557497,0.5549061237527678,0.2657996574122458,0.4556594821723092,0.04847239504552406,0.22530649122434146,0.27560944379691577,115,False,0.5155609189402683,0.5064337287072438,0.5155609189402683,0.49612075445551973
677,0.30720443000720643,0.3218679744779972,0.05843607587848934,0.09872415226712628,0.005138135887554471,0.17756987942262864,0.4211927349502671,0.08385246608411938,0.5596596654052947,0.5095628050996586,209,False,0.6257266409787818,0.5545215295177401,0.6257266409787818,0.322222760049919
678,0.6132071705401086,0.09830564118312148,0.3735043671734434,0.2206176066046838,0.2697347247202868,0.33871485138317214,0.25013653715839107,0.29387681637078716,0.24156659626840196,0.17710015004561963,409,False,0.42494046877100783,0.5149015293569872,0.42494046877100783,1.3964012482405894
679,0.28463936482559843,0.36277385045444643,0.0,0.08168718997529227,0.14618861484716886,0.14094375652506294,0.5219413078685509,0.0,0.5537529715429614,0.4005014762089549,209,False,0.6508838502998477,0.5537529715429614,0.6508838502998477,0.24849572587074045
680,0.2524269425644255,0.2136073583305357,0.10665231838435918,0.6889637081348559,0.14117623809541346,0.3383723091172556,0.0,0.23897276461442218,0.4114812548010086,0.20917808664089962,313,False,0.5958943349137958,0.6889637081348559,0.5958943349137958,1.216544268023719
681,0.30488001821290445,0.23507604287528175,0.09884449834154051,0.5659283311449098,0.07149918117595426,0.33577880168609286,0.043029973926886435,0.3285073989153759,0.32298205788080986,0.43565660976731047,313,False,0.51545246748716,0.5228983572180234,0.51545246748716,0.10404298044381363
682,0.12497727153326119,0.3316546588757626,0.0,0.6515797446741319,0.0,0.4128494531386347,0.014066274448277362,0.22462065046169463,0.30859597785637766,0.36537824234593325,313,False,0.6788069569445291,0.6515797446741319,0.6788069569445291,0.47706152448529676
683,0.07965439091001916,0.22869124544206382,0.3295387718464706,0.6400372425132699,0.5396906327885802,0.12066062678431672,0.26931112276908736,0.15488643761282475,0.14411371528616182,0.0,223,False,0.6439696926766252,0.6400372425132699,0.6439696926766252,0.9702577345906204
684,0.25483312967724486,0.0,0.0790968847444427,0.6972015485346132,0.1764823572190724,0.29748113921661384,0.11114088460797236,0.19572510180415512,0.34314344491555704,0.39327429800095287,313,False,0.6231081265369303,0.6972015485346132,0.6231081265369303,1.162553769228941
685,0.31545150263864064,0.20781688812966018,0.5220303865818501,0.0,0.23887134582558203,0.15292135256198106,0.22948158005699484,0.4061498296156816,0.26489630621494886,0.4653523109664283,195,False,0.47670238834422846,0.5220303865818501,0.47670238834422846,-0.0822163294573946
686,0.185960335319413,0.11938229649902876,0.6235643928782916,0.0,0.38386251721609976,0.1920000897597508,0.36893767389547616,0.3233972162447104,0.3036692540119201,0.21261189944877368,115,False,0.5328266314030918,0.6235643928782916,0.5328266314030918,0.5929204996535125
687,0.38671439355041054,0.25274205295323665,0.14385455313804907,0.3186764333728187,0.2898192766377414,0.15791372030007142,0.39519205388569484,0.346071265815771,0.29308332727299946,0.4399463120327116,185,False,0.295712703833733,0.29609175889466255,0.295712703833733,-0.4555721438455017
688,0.33421678487865014,0.4234312154095199,0.22653403461236982,0.1635501852203679,0.22778199809162833,0.32474709947315084,0.22170413156066585,0.2365339193336725,0.30815996296684656,0.5230008772514967,185,False,0.3304131686911363,0.3594506920311288,0.3304131686911363,1.0084501881191963
689,0.11974864327647614,0.2952887015598187,0.513297653366759,0.042137598488953903,0.6043288900390507,0.29846648928350583,0.25944784959009815,0.11448389656798083,0.2306959123556295,0.21278811347760695,115,False,0.5461338468000095,0.5621912915500967,0.5461338468000095,0.8623797957461429
690,0.30485813772849374,0.49790091293327365,0.1353244728759027,0.42756451465435913,0.23524592389268695,0.2311351197344364,0.09811350739395115,0.34829189369541197,0.32360458394858865,0.3370675763519453,240,True,0.37569368409052256,0.3997874055393225,0.37569368409052256,-0.05964618820705835
691,0.4384092236878387,0.09569190999821113,0.4068665036904472,0.03523481619921157,0.12312288726331945,0.26647822017791895,0.3322688130837783,0.337979381206269,0.4375110741717568,0.3600557086890757,195,False,0.45591915935018573,0.4031744074886271,0.45591915935018573,-0.6858986575764912
692,0.27590353146769725,0.5462788864764394,0.0833692230180531,0.05445173777652353,0.36753675497888716,0.07257601474654982,0.3861546238234052,0.20541891725613556,0.4368520849052085,0.30502227310540764,209,False,0.5207132569427367,0.4918271486999159,0.5207132569427367,0.036793953861269754
693,0.17302623175050247,0.3293393425130613,0.41834775958877285,0.3671199980927584,0.24456470220292695,0.5228766517113435,0.3913993158275554,0.254913872268297,0.02047404388843249,0.0,212,False,0.5276522353990233,0.5228766517113435,0.5276522353990233,-0.441338670748776
694,0.37192752598670337,0.49781971981357415,0.3462977112348233,0.07672046617026164,0.28806865318766284,0.19488400009531812,0.40197863889363805,0.21584210661801234,0.336050150611854,0.21440531699901097,195,False,0.3715568937054738,0.4210992536433125,0.3715568937054738,-0.1507649684892589
695,0.43564513346933476,0.31181773597701795,0.14450469340742275,0.11436032504759698,0.28690489531925106,0.25405437164047345,0.28236745947296804,0.5189029225961289,0.2416521465167213,0.3532388695782773,195,False,0.37202107384219285,0.40454259754853195,0.37202107384219285,0.3797601895315868
696,0.16465780451247616,0.33247552406645287,0.14631209399975365,0.5057355600647062,0.5560054069609224,0.0,0.2223283433247066,0.420614323936835,0.1596197061860562,0.1555807919579428,223,False,0.561749489813058,0.5560054069609224,0.561749489813058,0.4225588493041903
697,0.2583662124269634,0.352046706690802,0.33720693849020333,0.0,0.3059235429057509,0.47093019619557774,0.38542833853786346,0.18779703346669296,0.3854974855963661,0.21864581426930912,210,False,0.4058494845970918,0.47093019619557774,0.4058494845970918,-1.0711693137456113
698,0.38024841076070925,0.1719013302237025,0.24119538670826735,0.18579353935429668,0.37092099152153757,0.21685941722281876,0.3649714663749694,0.3289541422364566,0.4312300907981007,0.34811182971055654,185,False,0.27787976412307525,0.25932876057439824,0.27787976412307525,-0.31310021506156455
699,0.22585773874819123,0.3584023275186975,0.5556446847017201,0.30663281689319416,0.3507088694957029,0.22508671428781435,0.4118300486329201,0.12501288779935155,0.23491878255952364,0.06075827416567806,309,False,0.4409448212937041,0.49488641053604204,0.4409448212937041,0.30006275910759783
700,0.22482572383328378,0.459160969911209,0.21947303288332634,0.25678808977273215,0.22187374683110994,0.2205044957127044,0.17717183978204679,0.38731493505596226,0.4527393406063633,0.37455338735174964,185,True,0.32583989523203255,0.28198913012916227,0.32583989523203255,0.5630311623424072
701,0.3139452418957494,0.3024445355445767,0.5304496489840589,0.026486383141758277,0.4015419637451636,0.3764337516468894,0.37051243135063683,0.26694823170144555,0.10547693643241121,0.07268292145112991,115,False,0.5000448433575906,0.5039632658423006,0.5000448433575906,-0.29741552977716545
702,0.3623101958748212,0.24606429749252928,0.3011262970785357,0.3812288363118162,0.18765549045102117,0.1586295937862781,0.30398004276159735,0.3985456613665743,0.09198751526129152,0.5020847203014075,185,False,0.3802899554678566,0.410097205040116,0.3802899554678566,-0.045679027034947854
703,0.19188530776040486,0.2607518065635625,0.32950333758793676,0.3843918513333283,0.3599289789678838,0.12657797980658467,0.3682229465248577,0.4584796257254601,0.1796585931576248,0.3394395508268258,195,False,0.3215074899115303,0.3319016459188754,0.3215074899115303,-0.3575275010551357
704,0.1940639871742693,0.41034896350797073,0.2473468875411112,0.08604340101164507,0.06886689083542934,0.0,0.4366688356831276,0.11058980046073247,0.5319397304337148,0.4845169201441767,209,False,0.6118378246652475,0.5319397304337148,0.6118378246652475,0.1879969861995534
705,0.0,0.29458309550556794,0.17544433712447186,0.2625100225560384,0.3805286726042322,0.4610166085932921,0.37775191204821823,0.4615056564788414,0.21163127926226646,0.23604747831295755,171,False,0.4365004772929812,0.4615056564788414,0.4365004772929812,-0.6289765477718561
706,0.07986023672772725,0.07138105008580302,0.2653838011270967,0.0,0.7237351644969899,0.2187066613672888,0.0,0.32527312308998035,0.33781805374621654,0.3557382356175267,180,False,0.7043339505200467,0.7237351644969899,0.7043339505200467,1.0817928275435622
707,0.18737791419713298,0.20508042346550318,0.22023430056836912,0.2134074673064534,0.15563006682880154,0.37080628774408325,0.45383643330742385,0.37694151274840604,0.25464802533039993,0.5041523511466852,185,False,0.37315309169188926,0.3485222843178837,0.37315309169188926,0.6661914168748465
708,0.29304631767668843,0.24427047341608352,0.3444431838844058,0.29305013511032574,0.3483685807473806,0.27391357257990867,0.3472215402633257,0.34924592375696273,0.31522198555801945,0.3341355655154734,185,True,0.11065523251535465,0.10497545034087921,0.11065523251535465,-0.7649158699015304
709,0.3972761296220765,0.4349267517660298,0.3008029235472416,0.25850360811788897,0.3363887961589695,0.09509257299054862,0.3303402097391522,0.23479753740254455,0.3754349724632959,0.2613386831252751,195,True,0.2947607152901427,0.33983417877548117,0.2947607152901427,-0.8720915027932237
710,0.09899015137131471,0.14692794547298724,0.014898859462641743,0.6740799815100872,0.036766224165373264,0.33174897954175137,0.2037682781465791,0.12583079571525058,0.5038465519007332,0.3022944631098276,313,False,0.6762726361560293,0.6591811220474455,0.6762726361560293,1.0396351080419541
711,0.3197838149558484,0.21621380673442891,0.1716109032434263,0.5888369747800826,0.21771198676752415,0.37553272539503557,0.19719218626577487,0.25852821401870874,0.33046617929197364,0.2673158956007041,313,True,0.3722385031561754,0.41722607153665625,0.3722385031561754,1.7163194468406304
712,0.436089313899395,0.270744982730426,0.16589725703246022,0.29427885164498857,0.446239057213642,0.018170534675150465,0.10178143461378404,0.28640636503678474,0.38288477551082734,0.42889747028371156,427,False,0.45746224345461184,0.42806852253849154,0.45746224345461184,-0.6018188590600287
713,0.17025664677328683,0.35683536358104245,0.35045933508487975,0.0,0.4050558989328882,0.08756249243551835,0.5630389353753386,0.27168348074108545,0.3587500032466317,0.17203389012595857,569,False,0.5194290622093473,0.5630389353753386,0.5194290622093473,-0.026121792037722153
714,0.017317204342712306,0.33094986414913846,0.44064303915213654,0.028591532091910742,0.6067877116338213,0.10590263272295476,0.4344037880991969,0.2967749939535284,0.1726886315091781,0.09580413342753932,115,False,0.632434830221159,0.589470507291109,0.632434830221159,0.4419341890887458
715,0.115304513935267,0.26569958120704473,0.026042481054688357,0.6629957764906617,0.0914004994466347,0.24282593408496136,0.16226214545185602,0.2869046122833567,0.5083435235188564,0.20369611504792307,313,False,0.6143704326538926,0.6369532954359733,0.6143704326538926,1.1742188222324739
716,0.4714518343028803,0.37131634875153613,0.25160450525427736,0.06414013453719136,0.2768102932497589,0.270492532465896,0.26240884687471494,0.3459544536911046,0.30921043012612814,0.3721483945217736,195,False,0.3247392239320561,0.40731169976568893,0.3247392239320561,-0.8334258062427052
717,0.44034443126474976,0.22321141027452002,0.28724649385139905,0.2307307672541641,0.29841659032184414,0.40145641219573414,0.3221667588064163,0.29767055797351644,0.36755437507304867,0.20690843510583312,195,True,0.23399268916886612,0.23343599615891664,0.23399268916886612,0.3893527697736994
718,0.5422639248385547,0.34363829197278284,0.5368482339549534,0.1834743575686113,0.065988244358644,0.15217460907002928,0.24273654429671288,0.14852258202281937,0.32319856861297896,0.23031463657892406,216,False,0.4986275595741604,0.47627568047991065,0.4986275595741604,0.7407862746648473
719,0.4022459390852553,0.3065048659330154,0.5865804538697462,0.17219513437457687,0.25862550928010664,0.27758673620569985,0.25628493240518496,0.3590791192411728,0.012085194339398283,0.17837543536483488,384,False,0.47230936429896436,0.574495259530348,0.47230936429896436,0.3489519296844709
720,0.5334439042632338,0.28824378844664306,0.38450392266592137,0.14593075575949935,0.4561771846168791,0.1876486698478036,0.2703473689596167,0.3140637065109788,0.03583008547034116,0.2165569524814652,195,False,0.4565237201254187,0.4976138187928927,0.4565237201254187,0.12715198881038847
721,0.25067263208702484,0.3561137614921004,0.4643257030253422,0.16607615015316352,0.5039252101472469,0.37709321571249643,0.25778600949509917,0.26506485230838334,0.12055006701478936,0.14064615964382055,384,True,0.4055287331863785,0.3833751431324575,0.4055287331863785,0.3425889233117749
722,0.4696931582498655,0.32076235819003207,0.12929713924581843,0.11140095673736344,0.39817927976365686,0.30849215775158945,0.32762841776258417,0.3447861631330096,0.39273120555613245,0.11490036912028581,195,False,0.39316181695736446,0.3582922015125021,0.39316181695736446,-0.49796053053005773
723,0.4187115075197162,0.2632076858326653,0.5348668814971266,0.3554747792415162,0.1707699357331309,0.4775590440718123,0.18557961860657712,0.2160659559630005,0.06375168346243612,0.023321817085517286,179,False,0.5352406865198963,0.5115450644116093,0.5352406865198963,0.14145863217962643
724,0.3502800837305383,0.2225889965433253,0.21024020366393387,0.22709321330707022,0.22600251795434792,0.30711033778396185,0.3235610387817635,0.1999824419980879,0.4344989523442565,0.5031081102347548,474,False,0.3159255023766838,0.30312566823666687,0.3159255023766838,0.9686151270441996
725,0.3228928694515862,0.28727014999648975,0.18013217084862126,0.23503691031542415,0.21708482933634174,0.1933104453769554,0.35977506018474315,0.4118324580262354,0.4024198263718449,0.4243177725493236,185,False,0.28475264275158024,0.24418560170070236,0.28475264275158024,0.004106095626887264
726,0.36848513576330727,0.372972300033063,0.1804379938694114,0.4341820355400747,0.24528929620678383,0.1064213446217078,0.33836949882820816,0.24231778710634497,0.1687575105180954,0.48047392441823294,454,False,0.37687009145153877,0.3740525797965252,0.37687009145153877,0.0032156140697040445
727,0.2776577356890955,0.21510202857031985,0.1606662243748513,0.5027650326828169,0.10157428385672512,0.37064628501930136,0.2503019231598603,0.29963362478886374,0.3572142967702273,0.41270033435316195,313,False,0.36790696397977657,0.4011907488260918,0.36790696397977657,0.08528501542538598
728,0.19943941678306787,0.411489254922249,0.3303306457368121,0.181522675393909,0.31019075109448874,0.22502726125248093,0.6108487098810982,0.08914829741638274,0.28310056395750105,0.20185794495547635,340,False,0.4493963208227446,0.5217004124647154,0.4493963208227446,1.2101551747949855
729,0.3143329932367636,0.4125061502319737,0.08082781624341333,0.13065070109488103,0.2434849455083406,0.035061588209406226,0.3427233155577898,0.17682753945033516,0.5345789888270609,0.46088450301679457,209,False,0.5217358562167065,0.49951740061765465,0.5217358562167065,0.09229670284684792
730,0.27108143770808313,0.25795793621022156,0.20949342310500588,0.624817685751775,0.08396031536566602,0.33400213794309463,0.13654163847348602,0.20495155016508965,0.37195370348920576,0.3287595554893146,313,False,0.4628709819960895,0.5408573703861089,0.4628709819960895,1.2052695464695742
731,0.32168350310542676,0.34140282733945887,0.21325078418963864,0.09171893045087907,0.2946833723491525,0.1268383472570532,0.4613407122385453,0.39420889272449944,0.4346692578536487,0.25685803527442885,195,False,0.3777519197179187,0.3696217817876662,0.3777519197179187,-0.35144810309676733
732,0.4466176329070187,0.40697633638242575,0.10290061811993556,0.11503482017915015,0.3380487929394528,0.2758550870626927,0.44954012817648353,0.3064314840498067,0.25748982175210156,0.24170395012937593,195,False,0.3744357122303379,0.346639510056548,0.3744357122303379,-0.30789183085431127
733,0.08664083351734023,0.05365841890792771,0.30506515504195525,0.0,0.4895757425077723,0.5473667044576428,0.22077733180264383,0.3742874862209109,0.2680046404243929,0.3107964519707735,180,False,0.5657639444437704,0.5473667044576428,0.5657639444437704,0.02230211400603554
734,0.5404440794287405,0.4408759097180983,0.15201386431759978,0.14048866011770375,0.2507656945724703,0.2512395682816969,0.25522271182472134,0.23665975352586802,0.26827521162792656,0.389333450509121,195,False,0.38712514288096944,0.39995541931103673,0.38712514288096944,0.8716749193203329
735,0.35921476418387105,0.27463156172123454,0.18043247567003126,0.12880967264008303,0.29908333727582787,0.43340450428419475,0.36010371068112,0.3183477579584484,0.2478417289594112,0.42030779368204874,65,False,0.29766968835543917,0.3045948316441117,0.29766968835543917,-0.42855896712133307
736,0.12280177440424632,0.07701466338614747,0.4990785102711849,0.0,0.6227447744542358,0.128815594069014,0.4513856923755386,0.11744872988470205,0.25682493361007835,0.2049446292784387,88,False,0.6563842771692391,0.6227447744542358,0.6563842771692391,0.7950317367232804
737,0.3119096866874994,0.3749395535740397,0.28818835983545144,0.1275457497842703,0.23860620909770536,0.22346112762856638,0.3318425901884943,0.5236245546092652,0.2587438560832141,0.32356431970930766,185,False,0.3179607872457888,0.39607880482499486,0.3179607872457888,0.6908140979913957
738,0.24548324750895098,0.4906789954912869,0.40576182799850224,0.25193326166621516,0.1798446314336542,0.4777755233483215,0.353868669564864,0.1435611529696696,0.24029279278013413,0.08168268367116155,340,True,0.42929511981892654,0.40899631182012536,0.42929511981892654,0.21708284602176045
739,0.42148214321440436,0.4700021859738281,0.17199699448427144,0.2970161072226295,0.1879728031176003,0.29709739806199115,0.19199666248201164,0.2888333973132244,0.29085539395965215,0.3939089557494981,185,True,0.3091503015581152,0.2980051914895566,0.3091503015581152,0.3232893343869327
740,0.2331703531228036,0.34654332449694275,0.0711127165307758,0.3790526973736568,0.36127290085028163,0.26537659762489013,0.4514837442031365,0.28304239710195706,0.199241798304398,0.39014181184326574,185,False,0.3391242885187381,0.38037102767236064,0.3391242885187381,-0.7704644785866833
741,0.15818797560877138,0.1224047197683644,0.4622268845711145,0.10335244916017115,0.6129652234650358,0.4407176657167348,0.1252043891946916,0.07734602520823898,0.24792259556661903,0.287359776672963,346,False,0.5760033153013104,0.5356191982567968,0.5760033153013104,0.8642053128615365
742,0.34437584384121384,0.3303405480627643,0.239905041737247,0.23214716421144513,0.3643378189253623,0.24650105086197965,0.31195417293869043,0.23778780035419866,0.5104218601888547,0.23008679196495965,185,True,0.26900797046499625,0.2803350682238951,0.26900797046499625,1.467837102659062
743,0.14876300880577878,0.07563967752817485,0.15887242581403188,0.7391027287606617,0.042847517114422834,0.3147006206346723,0.14461168480414333,0.15793700995144308,0.3643467951288411,0.34807657071874637,313,False,0.6496829482212553,0.6962552116462389,0.6496829482212553,1.654568836888176
744,0.23238129678414673,0.24312082906113383,0.04767574411606765,0.5180364427371149,0.6377791770941689,0.05664978016279716,0.08885173948232931,0.18259796160854513,0.3868613358969689,0.12404292026864423,447,False,0.6383406018767463,0.5901034329781012,0.6383406018767463,0.9510756853809034
745,0.09768647471783692,0.5707127993464646,0.1989533679734287,0.440506044486786,0.13167254732022682,0.06853954802264578,0.13198586074565966,0.15335495240429844,0.4186476413503795,0.4391776970988847,442,False,0.5685160813002949,0.5021732513238188,0.5685160813002949,0.5583150185872183
746,0.22767398010405038,0.2670104383570078,0.04426009555003806,0.6268490084130737,0.0,0.36491142588331965,0.20565890988703034,0.2416200530820857,0.38216645166662333,0.31950581590709787,313,False,0.5524822402013387,0.6268490084130737,0.5524822402013387,0.4508400023958751
747,0.3029620231123899,0.2704929089310757,0.4314923413952147,0.4703825021151447,0.25161392529737375,0.37572540809913596,0.2352116249537088,0.31343172389396773,0.2637406984890664,0.0,281,True,0.39542193304622114,0.4703825021151447,0.39542193304622114,-1.028137700600032
748,0.36188678581071654,0.24303258851690981,0.17949581546710527,0.42123127372806934,0.2357594496153133,0.34605954501089764,0.3128541626698446,0.35413358097252573,0.24600896077397505,0.3757261311223322,185,True,0.23334030101974831,0.24173545826096407,0.23334030101974831,-0.26445333469828564
749,0.012535540150943098,0.3607470625357161,0.33508322101869625,0.14334321707486178,0.5289881955502748,0.2955648718275168,0.12729443309482688,0.396581766691913,0.1838364000129026,0.40300431435193407,342,False,0.48719575088304845,0.5164526553993317,0.48719575088304845,-0.20206152128345603
750,0.08635524726160482,0.2642348609844997,0.4118818872905161,0.5373335017496133,0.5178258899836177,0.0,0.30876916402316085,0.26165655326713266,0.0,0.180007020623827,223,False,0.6130364078993795,0.5373335017496133,0.6130364078993795,0.08402736605487182
751,0.4589429360370492,0.31554043569703266,0.27719757465322437,0.023222021216545177,0.4007012338940386,0.3809437515688395,0.15713916326758143,0.3468679656204535,0.3573550631189696,0.18448710847208485,195,False,0.4054168235724799,0.43572091482050407,0.4054168235724799,-0.9100840301111388
752,0.0,0.350094811139806,0.5500781014213838,0.0,0.6119851536494603,0.21421521738653362,0.29556918128549764,0.10753924531386602,0.2002248764876661,0.12416878242682199,88,False,0.6693526334336387,0.6119851536494603,0.6693526334336387,0.6687837523163589
753,0.2991992089762575,0.3652775018791759,0.07118012384529424,0.45754949324423677,0.005547479349965206,0.17012863799370473,0.2513179525112268,0.4740459023839043,0.33699488063410626,0.36361204983123013,240,False,0.482057686437821,0.4684984230339391,0.482057686437821,-0.6038752159354172
754,0.3882772669592297,0.31073561228161667,0.46455178994042806,0.0,0.21903011171074344,0.1895037952646899,0.3196360168086616,0.3024593752770865,0.41315982027367376,0.29772471413565116,195,False,0.4033200094289565,0.46455178994042806,0.4033200094289565,-1.084392228151617
755,0.18134864872345643,0.0,0.15298100676878834,0.21637981975824294,0.6221184847967057,0.49671562817023934,0.17889863776729456,0.4212874607569122,0.14770951824290024,0.17839697143090785,347,False,0.5985390964447563,0.6221184847967057,0.5985390964447563,0.875480237129675
756,0.42449257263571033,0.38293421979106435,0.3610616096793445,0.4294868011652601,0.0,0.4603278670651022,0.12098987537962433,0.18995676403926043,0.2953802745285571,0.09203079269897588,208,False,0.506492489240378,0.4603278670651022,0.506492489240378,-0.5219561277361116
757,0.3137379426257927,0.2668678567148069,0.4655568612699673,0.490948246653488,0.29943241294306955,0.10414511141627726,0.41886778157121574,0.20747135260194632,0.2314651673578813,0.0,309,False,0.47966424669807306,0.490948246653488,0.47966424669807306,-0.34503095137189227
758,0.17176168497484062,0.33507795567691856,0.15727412519502487,0.1304200111538822,0.094285642246244,0.08469519959198875,0.5302891285452457,0.24468908809833237,0.5683655944643823,0.36918063275652413,209,False,0.5488166684191501,0.48367039487239355,0.5488166684191501,0.7579486743647924
759,0.34252644410329036,0.35056164982021465,0.2724890967380414,0.35293593476087776,0.07949643056399808,0.3085116667544941,0.40249297400150086,0.36043464490060095,0.1548561281014607,0.3789126602619826,185,False,0.3171725019628093,0.3229965434375028,0.3171725019628093,-1.434815575591921
760,0.5151612740314757,0.280167021995155,0.15731570595941607,0.3433784540627421,0.2657581432802009,0.3751717427384927,0.21139835069360155,0.08457862379055535,0.3166341439647456,0.38726876041950625,380,False,0.37760325106432674,0.43058265024092035,0.37760325106432674,0.007303997387043186
761,0.1586656207653087,0.2547805820936553,0.03740719145186547,0.7070563738641842,0.06127751122216867,0.2815771180905414,0.2418201293599542,0.23206184399908295,0.3714999130107156,0.27422909290635994,313,False,0.5854306935589249,0.6696491824123187,0.5854306935589249,1.4726361057597372
762,0.4421527865532451,0.34248773257093024,0.22367822429785095,0.18294104207905762,0.22536317305372527,0.1907325208119654,0.2447488787168384,0.3694665812147661,0.45163922696635966,0.3408088608194249,195,False,0.3062139654977598,0.268698184887302,0.3062139654977598,0.34057017912947046
763,0.41537033628792747,0.21773958427989462,0.20255476052693502,0.1953362096721831,0.11977092197613572,0.3464048314917403,0.41213963093136025,0.4033545151083686,0.2256417883792763,0.4278583333430308,185,False,0.35217722491696907,0.3080874113668951,0.35217722491696907,-0.1290526277544169
764,0.4961298760911371,0.2927333207541889,0.034844393352142115,0.3117208090395332,0.004528731670799432,0.34497260218853965,0.2137133202307609,0.2155116405750644,0.5037020820739708,0.3239094175990181,344,False,0.515708060175987,0.4991733504031714,0.515708060175987,-0.30843754954653707
765,0.3229757169087979,0.28597895975801374,0.12356306222230776,0.7115722989219414,0.0,0.32410898045057296,0.11455079862470162,0.05529920475596458,0.20195323151427788,0.3609544673282123,313,False,0.646727212008738,0.7115722989219414,0.646727212008738,1.1913465015451208
766,0.2280259414109946,0.13555645735559357,0.36889617017260806,0.03669660262254294,0.6155149986907811,0.2386871072755419,0.3444351660118052,0.20805817119163944,0.35782774967326875,0.2576875210142566,115,False,0.4843269089427228,0.5788183960682382,0.4843269089427228,0.7867741570813299
767,0.3281307198870213,0.5062570540067415,0.15247956482414582,0.5535990345471484,0.025702791866843298,0.0,0.23782428405445524,0.33219628647241156,0.19131743960337452,0.3195846650828677,240,False,0.5708170650677805,0.5535990345471484,0.5708170650677805,0.11225040059256293
768,0.35180244204240385,0.22298872892666527,0.15147767491672812,0.6304128648942489,0.026440227156242804,0.3859026392631148,0.053610930597816873,0.2198099181402642,0.3174212583886044,0.3233859651416689,313,False,0.5504198561099506,0.603972637738006,0.5504198561099506,0.6102000125029555
769,0.07028320287006562,0.34636271573193467,0.3317151005407527,0.692176857145413,0.38436733881323804,0.014827242622997958,0.3350961513004784,0.16031812799585773,0.0,0.0,223,False,0.7232727895205563,0.692176857145413,0.7232727895205563,0.7666789677307663
770,0.6668900243320425,0.10180374812772704,0.26888326841134363,0.29399890958962016,0.3365057012931975,0.20838063862509426,0.206414452008209,0.1411748919510623,0.24060245810146505,0.33026462863249895,380,False,0.48201472308775245,0.5650862762043154,0.48201472308775245,1.8092361537518686
771,0.3355117848644786,0.3185577493736319,0.19573553459187423,0.026410400635281085,0.10263564042420537,0.17049471096052807,0.4378273836549329,0.17738802221867167,0.5294639522385385,0.4514963649817632,209,False,0.513400147268228,0.5030535516032574,0.513400147268228,0.1189367678336512
772,0.370928687792645,0.2995268747638111,0.30069157051912176,0.14911538119899814,0.2746326732831768,0.18904139887656915,0.3525370124780266,0.3920641806986121,0.416229438672225,0.31247619762182877,195,False,0.2577391876245083,0.26711405747322686,0.2577391876245083,-0.693309181159024
773,0.31470705062177423,0.3862476155905714,0.22231022085843224,0.1658516774185705,0.47968927243239357,0.46922948865657654,0.23396920935037047,0.36439668919291635,0.184184150225198,0.055813871163515424,151,True,0.42521216450086113,0.4238754012688781,0.42521216450086113,-0.06818284874250823
774,0.21405589797152774,0.06626624783377848,0.2461528077361731,0.0,0.37986906106165685,0.6301253819463288,0.24165939608511117,0.4744349804504857,0.2405618131397976,0.08050684025585667,180,False,0.6101573030383383,0.6301253819463288,0.6101573030383383,0.6539737426891377
775,0.41654067184807414,0.41919003516991127,0.328907128401041,0.010691829109798679,0.24818004362321947,0.13459633246871086,0.3366965216110566,0.3189664271856228,0.4433676370674763,0.226032898237574,195,False,0.42014697939930545,0.4326758079576776,0.42014697939930545,-0.9225116573743923
776,0.3395324871181996,0.13656912821327424,0.07715024957627546,0.6616358754682399,0.11249647573715962,0.3174476650068157,0.19344702260673563,0.036572706649685996,0.3828663340015324,0.3515365563972848,313,False,0.5914072678797204,0.6250631688185538,0.5914072678797204,0.9267803141169658
777,0.3561279153725007,0.2522740002075863,0.16651306248140604,0.33833130212836626,0.37597154204327005,0.3240129969714809,0.2847075662144803,0.3326538064733965,0.3392429928135019,0.3379264457067212,185,True,0.18568512219207384,0.209458479561864,0.18568512219207384,-1.6455497602747464
778,0.16739094739402494,0.15118096559558072,0.14344391420858996,0.5162176410805102,0.15376131477326452,0.2644107469468517,0.38310604538892906,0.26250669090724993,0.5009096787355627,0.3192517514885903,313,False,0.4356588312682224,0.37277372687192023,0.4356588312682224,0.6639226537616155
779,0.43147356501114503,0.31653816083837494,0.12495359810403535,0.03824766247743162,0.47347557350815483,0.33686869887545323,0.3304478195300054,0.32110289484350657,0.29541247637746665,0.24357107662056407,195,False,0.3977833637486454,0.4352279110307232,0.3977833637486454,-0.751790251654987
780,0.27976445404791234,0.1825473176499169,0.3912009634643968,0.34758923213203013,0.5617187632919929,0.4026950185652425,0.19007496883550407,0.2050964556168259,0.2334060627671223,0.06472381268194578,384,True,0.43809284661394676,0.4969949506100471,0.43809284661394676,0.5047544625080477
781,0.3678698081780356,0.33636198850860066,0.5134797061478645,0.08516690560319479,0.5767054825937267,0.23407878079138242,0.207118409119169,0.04147766963395025,0.11929212771795768,0.1854358999806539,384,False,0.5596869287553529,0.5352278129597764,0.5596869287553529,0.5995628490021674
782,0.17912873129622675,0.35106330863403995,0.1498079505981119,0.29691472376313827,0.12278806605441392,0.5380439863842169,0.2929635787410727,0.40916650045210556,0.17642666497627194,0.38095561891134544,573,False,0.4094049775173663,0.41525592032980296,0.4094049775173663,0.4549585429606173
783,0.347245800566003,0.32147328281272003,0.08740638802732319,0.6062025595602104,0.0,0.3904300627102326,0.05549298664021983,0.09774737225904517,0.32343622377281767,0.36231646039811494,313,False,0.600693479163866,0.6062025595602104,0.600693479163866,0.2234280274116448
784,0.10916037943389212,0.20007356391239753,0.35986817793788983,0.10647756003118791,0.5352020022918262,0.3410011771564222,0.06713353233071138,0.41020247499085677,0.3990207154231602,0.26925546463317895,180,False,0.4803873713153611,0.46806846996111484,0.4803873713153611,0.038916178574304794
785,0.5076408553182691,0.27232843385594196,0.19809457860321086,0.21477300638089838,0.3440460419791097,0.28191454390437276,0.22129313287562807,0.45188331774794155,0.22037066219722917,0.2884322770479898,195,False,0.31959674728548015,0.3095462767150582,0.31959674728548015,1.172687857178337
786,0.371583983775546,0.3228297542889329,0.1174489448009013,0.38228662434959193,0.22498031803541602,0.2338461244230823,0.3287014861517658,0.48439416824209375,0.208621793148922,0.32598066160859485,185,False,0.31969863646469976,0.36694522344119246,0.31969863646469976,-0.039570130197011076
787,0.14016209939088956,0.3388927708317371,0.027088494443950433,0.6027349872876377,0.4929665184690732,0.1380594384287985,0.22665422070067168,0.3209185205366804,0.18966949444290016,0.22152037775915123,447,False,0.5414916212467678,0.5756464928436873,0.5414916212467678,0.7666749296120254
788,0.09425335889062092,0.13148362196403215,0.28129665494828854,0.04864808169716475,0.45383190018107555,0.4684653243512124,0.10628464920253196,0.5448576253846235,0.0785843066447243,0.3906008345702608,517,False,0.5972325929395318,0.49620954368745873,0.5972325929395318,0.32682795002641596
789,0.14714510644052217,0.15129206839014459,0.020505606610690227,0.5717507634337948,0.10834764956316051,0.4020882093062769,0.0,0.21497296887621833,0.367658976452935,0.522818296122443,313,False,0.6439719224567667,0.5717507634337948,0.6439719224567667,0.4199847839591276
790,0.3885587957886909,0.5061668381486809,0.19535444003391708,0.046594929303554036,0.4734593766965086,0.33785009308862785,0.10272323378623642,0.39253109360840777,0.12336367601727813,0.1852699758319997,151,False,0.5094733006638521,0.4595719088451269,0.5094733006638521,0.051006262107777776
791,0.42600278044041445,0.3065085549598749,0.22980771966017766,0.24332307043814458,0.11746284546304094,0.30249065501057576,0.28303911006230104,0.33916838925927234,0.36437257598379813,0.4234909768943482,185,False,0.2829767057194973,0.30853993497737353,0.2829767057194973,-0.5534120628486241
792,0.3749979907517777,0.22193547774334438,0.3596191874814236,0.33515624874722943,0.44412388465875485,0.24483964415882134,0.2619161271012508,0.258058006534134,0.27171588469223273,0.3197647399721792,195,True,0.21063487785338525,0.22218840691541047,0.21063487785338525,0.6785651901109362
793,0.20949483405237015,0.4926000099121105,0.35148475675427515,0.0,0.5650222664702054,0.27407383872624147,0.2041471607719403,0.3411235485399795,0.10972372643782222,0.15958804800149323,151,False,0.5364509122948595,0.5650222664702054,0.5364509122948595,0.30903027109758097
794,0.43615114662394033,0.3641548696295871,0.36733994857217306,0.1008765789816803,0.2858810698855052,0.17403005921534417,0.23427802963331945,0.4072444277336064,0.2357474392320687,0.37910838080531556,195,False,0.3350211485035065,0.33527456764226005,0.3350211485035065,-0.5336323247252056
795,0.36529938008538543,0.24954628792029313,0.16271031191817922,0.3596903453661824,0.02883423397060121,0.24215925252892812,0.4232348704770885,0.5466346591709814,0.24004484893514688,0.2310843365769513,185,False,0.44495317905051196,0.5178004252003802,0.44495317905051196,0.11571974711950332
796,0.555746388993723,0.1840949059569378,0.30308172747754886,0.0,0.27090435752560804,0.2217432241423368,0.31137684475990757,0.23458073169587526,0.2618677371748553,0.47146461574786364,195,False,0.4687492759468431,0.555746388993723,0.4687492759468431,0.15735408704584872
797,0.3127606286788127,0.2963204984870251,0.060991523173589975,0.27801766956362195,0.1615806808501936,0.2801560271390328,0.36105653272437543,0.5314362775408449,0.31406302194715713,0.34255441349641935,185,False,0.3758362183332422,0.4704447543672549,0.3758362183332422,-0.08346604416914702
798,0.33975154886570574,0.3292108016648907,0.0,0.47225000257115285,0.06777941868036594,0.3726631796523201,0.27871425157233193,0.28623782493478767,0.38296934737378563,0.32158657564644677,313,False,0.44358338442141587,0.47225000257115285,0.44358338442141587,-1.1578395470970908
799,0.19259073102833266,0.33084667484637253,0.12070344341065031,0.7681227374990706,0.0,0.25305785547700216,0.11344294250425234,0.2938376281992493,0.24329163442676102,0.16256837453935963,313,False,0.6576343842092941,0.7681227374990706,0.6576343842092941,1.8941811560781106
800,0.33784285982845047,0.09132128470926483,0.18108593902236764,0.16697757789375317,0.1797190840270331,0.4873752510239826,0.5403455302835067,0.25346314926165064,0.20445951132029874,0.3859985230756292,65,False,0.45939462581800583,0.4490242455742419,0.45939462581800583,0.6564842970005654
801,0.24473815305391894,0.35907190154310464,0.13122139958431459,0.259703801875707,0.15221758555663434,0.07725679436072484,0.26664213465927805,0.38197837991047684,0.38248204368547906,0.5779867260416246,185,False,0.4561407940202223,0.5007299316808997,0.4561407940202223,0.5716062850597657
802,0.2749270454295412,0.1779738640534593,0.3749807332111321,0.17228717656172293,0.26136060281640966,0.23767974509717696,0.5157248013147703,0.3752323248971993,0.2782205681152433,0.33685000092443784,794,False,0.31515285385071934,0.34343762475304734,0.31515285385071934,0.8159342103013701
803,0.12045333718866726,0.053175636211682274,0.2063127475779369,0.5146619828363407,0.2276546681379082,0.3851010450618913,0.0,0.2830412657173963,0.5060950940545529,0.3726222936509172,313,False,0.5584814327270725,0.5146619828363407,0.5584814327270725,-0.011606160817469641
804,0.31056224495335805,0.3587183486165706,0.2667985879394678,0.24885168295501195,0.35335767268549706,0.5269563686264522,0.18450832185424737,0.45229159312652184,0.02465616375694411,0.0,229,False,0.5248646283970806,0.5269563686264522,0.5248646283970806,-0.3686832387682187
805,0.1683607850232639,0.38594045013478007,0.29895318326626474,0.21700840077857944,0.34526356200540564,0.18482247032967078,0.37150108087425254,0.40510076708779547,0.20637774604250364,0.4337755546221331,195,False,0.3030113601417197,0.26541476959886917,0.3030113601417197,-0.14147440918438453
806,0.26566877463021915,0.3986496173924653,0.18942339538344297,0.14138981135527381,0.31164155703651036,0.32210252987372484,0.2650276420371084,0.46931108093713675,0.347407873998927,0.32026709289570265,195,True,0.28826593183605703,0.32792126958186296,0.28826593183605703,-0.03861450629845272
807,0.0,0.1723081411272898,0.5174409200456904,0.1770104035700979,0.1539221304544248,0.4912199326155227,0.19798961787106326,0.28632625937962264,0.26683522494166284,0.46244936856300983,96,False,0.5255865137506724,0.5174409200456904,0.5255865137506724,0.22382188998024805
808,0.5569188219747745,0.10282377824026782,0.3044426218915942,0.1896326187217824,0.3214666545371263,0.3270070436416215,0.3286798167222784,0.15586835512610575,0.2124087386390281,0.40361566047424374,380,False,0.40505250882843014,0.45409504373450665,0.40505250882843014,0.6033848123629474
809,0.04696049857955268,0.35173768345309164,0.14280556255391536,0.5555979267828175,0.26852476009348997,0.04369675387447056,0.42289273652885145,0.2540176932817105,0.3873925940010931,0.27846292139557344,447,False,0.5093387917067969,0.5119011729083469,0.5093387917067969,0.015507699681716334
810,0.0,0.253852958450444,0.4093938123758945,0.0837697383586894,0.6326566994053827,0.13030178742344228,0.303887015718578,0.40532500667839094,0.22422253627197095,0.19181640328170974,115,False,0.5773532408557236,0.6326566994053827,0.5773532408557236,0.6531005565413271
811,0.3168892562036795,0.5338822513044594,0.2512211147840012,0.4602782257375341,0.12267953560397248,0.19965033863770704,0.24808222154556286,0.3923642715899346,0.15494171708440993,0.2125344097054586,240,False,0.41304674153314347,0.41120271570048694,0.41304674153314347,0.705534882735505
812,0.2688075076373012,0.1808063768779758,0.07015733598709334,0.6553230196813653,0.0,0.17702423686176988,0.06830395674337826,0.432321080126644,0.19521088913384893,0.4468438737404637,313,False,0.6497315049589206,0.6553230196813653,0.6497315049589206,0.8492692381909774
813,0.4119609369560276,0.40148698448047654,0.29739696422663775,0.06392764115066428,0.22421839133104463,0.30263195078391236,0.4700648234415163,0.19076672111102738,0.25160910305883744,0.3377050259794633,195,False,0.36488033106827394,0.406137182290852,0.36488033106827394,-0.46485689069962166
814,0.3474306592281792,0.20098468678553089,0.26146709149514585,0.35712069928245965,0.30726867293199034,0.29950436849384116,0.36219974868392757,0.45228850010517724,0.29413827999686853,0.19133499880884863,185,True,0.23663808640774736,0.2609535012963286,0.23663808640774736,0.15297386562611223
815,0.15789086658338516,0.35384970778680347,0.09736392627683364,0.5752141373667984,0.18914158024980604,0.1056908032077928,0.16576351838143613,0.2604609997784046,0.41492143912158436,0.4416870614422424,313,False,0.5031579417935235,0.4778502110899647,0.5031579417935235,0.6514592099761165
816,0.3467661337645359,0.38488282725491624,0.3167646965706827,0.13301231707559183,0.315362274964092,0.26440244669376933,0.20263784172332414,0.4046752076295686,0.2985741667342955,0.38762564204828376,195,True,0.26083680388210984,0.27166289055397674,0.26083680388210984,-0.9066847362184093
817,0.29753453673064717,0.3852552948356259,0.35224300215429893,0.28168889898564803,0.23642242710983852,0.34943157937849023,0.5417701920726248,0.20590673302211526,0.21118197395080351,0.033458127917050044,340,False,0.41122871422074214,0.5083120641555747,0.41122871422074214,-0.034488972504074324
818,0.40379702034126314,0.36053785932525534,0.372352526164939,0.16329639588346856,0.39179792476370695,0.10624137025123404,0.2488673721409084,0.40934164281636354,0.269240348068884,0.2736229972362635,195,False,0.3212561083126099,0.3031002725651295,0.3212561083126099,-0.727286163901508
819,0.2240682347111572,0.23768127766536928,0.36146549810158324,0.0,0.34001946671826877,0.25399371877720833,0.27568312599890804,0.470366743049099,0.2824030567026595,0.4533432891696466,195,False,0.40803918173318204,0.470366743049099,0.40803918173318204,-0.8299078002594255
820,0.20803360263705176,0.24711264921492065,0.6377141522375201,0.25964942672705876,0.077695317420478,0.3863977886845452,0.35031234676079004,0.17804950427735505,0.33436509131828424,0.0,253,False,0.5526689748009253,0.6377141522375201,0.5526689748009253,0.6508649156652413
821,0.09514965591606302,0.28523104990039594,0.4519552677387956,0.0,0.5103903022513355,0.19370415088636697,0.47955969492016476,0.1884658284862069,0.31339024730223614,0.20879739416246934,115,False,0.5248992061635795,0.5103903022513355,0.5248992061635795,0.026233452162277193
822,0.0,0.2582500430231525,0.44978362422285373,0.1588095399149345,0.14596703421762125,0.4026768263173285,0.3212837149431823,0.4140668159187854,0.3292806426794982,0.3731297897300356,96,False,0.44209444528344854,0.44978362422285373,0.44209444528344854,-0.8876919292447552
823,0.23297383608451638,0.4343678478178957,0.09537131487161184,0.10564073389050371,0.09405642429636202,0.1417618503843893,0.47728499212847214,0.18586336937497389,0.5042418247519568,0.4373135092051811,209,False,0.5354965697077998,0.41018540045559476,0.5354965697077998,0.33331254746397704
824,0.44983090342951426,0.13838323894944046,0.119660605854495,0.27158567147851165,0.2500165902751246,0.3977061811188856,0.400250699672071,0.32804769670837647,0.21452919474444962,0.39485137550403354,185,False,0.3533504303425425,0.33017029757501926,0.3533504303425425,-0.30342016655120596
825,0.28952395488577115,0.2835466531530731,0.18198196562766042,0.0,0.5364472396446726,0.4633000497689891,0.1567796597842946,0.4849626467101869,0.19410326904696626,0.05284366281780595,151,False,0.5728094743663972,0.5364472396446726,0.5728094743663972,0.19728070741628642
826,0.31709353083598296,0.3628361265136701,0.4187901907434357,0.4149259162922243,0.2667279202483865,0.22684662421547871,0.37950995894023787,0.22416952572679744,0.3215119571139991,0.0,309,True,0.3812872488208414,0.4187901907434357,0.3812872488208414,-1.5061390863016844
827,0.5805318720132867,0.20755793963994604,0.36728972909311286,0.011341278270950116,0.23595970875260924,0.15965390163029666,0.3808871938938032,0.08415303850388438,0.24463956027477188,0.4378360678444613,327,False,0.5349207353981106,0.5691905937423366,0.5349207353981106,0.2958804406033033
828,0.45089740240559784,0.22741714541272015,0.15254407456642982,0.26520233728445575,0.3173940930089883,0.45874619754395024,0.24966406156096896,0.17454710237893525,0.20352088443282723,0.45383293299119865,380,False,0.36314488361964387,0.3062021229775204,0.36314488361964387,0.5122718601266821
829,0.6582230425550692,0.31814481609773587,0.3208382781217973,0.40156231007819093,0.0794244339990239,0.11859590882913996,0.0014885361110266826,0.08335395187692937,0.34468310806974817,0.23496178482306523,657,False,0.6165279530258195,0.6567345064440425,0.6165279530258195,0.73409936913417
830,0.3909539194871094,0.3655794113230388,0.18241023037110596,0.06243458093655401,0.20686697958664874,0.24126503424013113,0.41277923874400624,0.3738702724625109,0.3668586493592148,0.36136054660749656,195,False,0.3537826860905407,0.3503446578074522,0.3537826860905407,-1.007791766784526
831,0.3660851745080334,0.36880835958943664,0.3096863207659911,0.17698309318956224,0.3580102848393987,0.19132169334123827,0.22922107837564915,0.315117021433297,0.3705884326272045,0.3857216944875248,195,True,0.23955279356643508,0.20873860129796257,0.23955279356643508,-0.8145206627625005
832,0.0,0.13647546465215865,0.5615773382768691,0.027865233109262855,0.2105335121312209,0.34042353605062126,0.2999492089025626,0.46273104310229635,0.4186519518654509,0.16017903378885376,96,False,0.5865041225141813,0.5615773382768691,0.5865041225141813,0.11737419829046479
833,0.4873123603017766,0.44909634268348564,0.20991861772590756,0.14220919604662577,0.36954442435848195,0.13810339835647628,0.1041957315502248,0.27571935047330604,0.39614161388044145,0.3116217864955642,195,False,0.4196248380167967,0.38311662875155184,0.4196248380167967,0.03090664921401306
834,0.12077689895771375,0.04649585220799174,0.6005278205073061,0.1565073654054342,0.5773348056020908,0.19621704509297228,0.3069159764322274,0.2547730484646611,0.15321063684697023,0.20910769755129946,346,False,0.5846243397080474,0.5540319682993144,0.5846243397080474,1.1661774143759018
835,0.4416392070609122,0.1464957602625807,0.262978547886595,0.5331585382543728,0.19432008170502027,0.282540627556598,0.1199697160779992,0.48300088044574124,0.049022636739797586,0.24980543804243882,218,False,0.5025621652260438,0.4841359015145752,0.5025621652260438,0.39041666643213535
836,0.21074763879781688,0.14132472791132306,0.5085405771107325,0.01195146714652998,0.4885515996388096,0.5043080206617309,0.2191767483668144,0.14917225503573125,0.18689522582256615,0.28040420564090746,346,False,0.5400849714353885,0.4965891099642025,0.5400849714353885,0.39464544155717335
837,0.23142518272650914,0.3352020083884812,0.3328953819327106,0.5796073022462391,0.2988079513147636,0.1519488802785239,0.3849155119584107,0.3513510387736935,0.004473268789658694,0.05758359426950869,223,False,0.5239545940504968,0.5751340334565804,0.5239545940504968,0.0032444732928982416
838,0.30285210259614215,0.366796476991914,0.27542053441387065,0.24423166854808426,0.34779959777604874,0.2104626897151878,0.4049234330316715,0.46188359246774596,0.2518138673903899,0.17962906871191478,185,True,0.2714013607135057,0.28225452375583115,0.2714013607135057,0.3950299487862935
839,0.3690074541599005,0.12684377420184303,0.27110710234699387,0.184020982366173,0.2719623733227318,0.4685414725483589,0.2524899419835578,0.30376584221968256,0.34417603269497976,0.41521648527195965,380,False,0.313246024499212,0.34169769834651587,0.313246024499212,-0.04786824409773512
840,0.2979059771775039,0.39734507145078535,0.23469634234721207,0.2806551926619753,0.3360049695276001,0.2730397071830538,0.2693671949971458,0.29702873230842536,0.34457319476558035,0.3905812992479366,185,True,0.1611870331598779,0.16264872910357328,0.1611870331598779,0.4615827657165462
841,0.3919410164344484,0.38682488241380303,0.14234603794642858,0.383171307829288,0.41854387089841066,0.17551530721792943,0.19055872754983197,0.0672809271119966,0.49540825456975857,0.19342393567105545,498,False,0.44794529544853895,0.42812732745776194,0.44794529544853895,-0.042331240488403116
842,0.1700035495181828,0.13914627097430948,0.5114390698076535,0.32597137336209336,0.4154565228811755,0.5834567944681539,0.043091178625664035,0.24358894449501567,0.09036021453325323,0.03907050941906496,384,False,0.616369822173828,0.5443862850490889,0.616369822173828,0.5463932930515821
843,0.30135791556784575,0.35547213395967203,0.15765422524826014,0.4053193660983172,0.1703372576616934,0.15846030758321747,0.42970388362525047,0.389165805046921,0.31998036137243896,0.31792607933014505,185,False,0.31501187012292386,0.27204965837699036,0.31501187012292386,-0.47489443798752884
844,0.15023470943205336,0.2162036574455369,0.4672554679438461,0.20068898150564723,0.1881228179541096,0.40621464681115727,0.08157428659529316,0.4255370590744591,0.4134805742160223,0.3361233388440206,96,False,0.4184379649516857,0.38568118134855295,0.4184379649516857,-0.0884025543870085
845,0.41409553419926587,0.3749603682294867,0.27586905749689833,0.0,0.31380582994831685,0.33989074547941095,0.2744683900560697,0.3664300614838211,0.3944934926714173,0.1805465405318039,195,False,0.37950135863408885,0.41409553419926587,0.37950135863408885,-1.6598293567099491
846,0.21414766030846907,0.3062065521845082,0.3003511348389048,0.5192938238887914,0.531979925373176,0.09591849836451222,0.2643798034040285,0.3433170277104647,0.035753350870108204,0.13876917476417078,223,False,0.5105617691849184,0.49622657450306773,0.5105617691849184,0.3028416758414519
847,0.5104094973608657,0.44730731669814794,0.30506918473642664,0.37967676925248034,0.2865324890764858,0.10142158597167795,0.17068852028129097,0.3684633560005887,0.1741861856348019,0.12061842525903797,498,False,0.43406363756927885,0.4089879113891878,0.43406363756927885,0.14342832739337155
848,0.16345729181486365,0.43789399800180173,0.4256670930015431,0.13577098538922885,0.2869103945108509,0.29393792051676315,0.48572467770909655,0.22602005800133265,0.2595615097176665,0.24249029599360294,340,False,0.3599366110721629,0.3499536923198677,0.3599366110721629,0.4203880568222068
849,0.283068676097886,0.33144456609220385,0.0466921617512013,0.3991087227621435,0.06466936723211654,0.3950068493808777,0.39667745574974883,0.38002387899988843,0.1767153366165256,0.39412776208305006,185,False,0.431754290234177,0.3524165610109422,0.431754290234177,-0.9993504344761508
850,0.31145483130637486,0.09765444707085807,0.13778678389711926,0.4041084476816225,0.39452169581683066,0.16893648548999593,0.31691184018219837,0.31710741010226956,0.3794331650394955,0.42664271515826424,185,False,0.3624549088148611,0.32898826808740617,0.3624549088148611,-0.7083299280437491
851,0.5897326590456341,0.2818205928372951,0.15897568267506945,0.443767183187617,0.26345609609780235,0.16414598444894218,0.12949260825277875,0.21804817033688498,0.2650329239451965,0.34594964086613367,380,False,0.4369331436361199,0.46024005079285535,0.4369331436361199,1.1665193468361417
852,0.29785654967916586,0.44347465171542894,0.4694924225633231,0.3756358210752346,0.2468810212219322,0.27362064600083574,0.41728192203060094,0.20771038772484857,0.0,0.0,309,False,0.5216904685640498,0.4694924225633231,0.5216904685640498,-0.7191284976232849
853,0.17915197384350848,0.46281544465964686,0.34199732269150307,0.3092792889688974,0.2898800270304883,0.21210856199286776,0.5407268839477742,0.09860042965143906,0.3316059517650558,0.0,340,False,0.5005228104620002,0.5407268839477742,0.5005228104620002,-0.08699909210465939
854,0.4302170754176167,0.20755256790824048,0.2343905645632232,0.3757103276369985,0.18040744889651583,0.19535332257136068,0.375715771495493,0.4102803322024054,0.3801993024169672,0.22579734889166328,185,False,0.30455193227745087,0.2498096265211009,0.30455193227745087,0.0234970435901044
855,0.08092631323834269,0.48604586183710813,0.23628651817950433,0.43167503056404294,0.45981418575866756,0.0,0.29797851291143423,0.3277623480463585,0.0,0.3276999617823192,223,False,0.5702090725132094,0.48604586183710813,0.5702090725132094,-0.45855568609413505
856,0.28144123537318055,0.38522263778073135,0.30126887083037995,0.28162658819177777,0.3850842329005801,0.25642964750895264,0.4868799394771294,0.27063344440681913,0.26710883960257525,0.08142593704797041,340,True,0.32319345196619986,0.40545400242915897,0.32319345196619986,-0.31774270143472766
857,0.3252503160932877,0.32367406555971195,0.2638802730393455,0.25754670009601144,0.20570275512456257,0.23215169752256712,0.40645505415287503,0.3920594615719936,0.2896275495918556,0.39303402635145096,185,True,0.21471685389644124,0.20075229902831246,0.21471685389644124,0.12200808845187458
858,0.3617104847393906,0.447628256342476,0.16122954600508463,0.05291451513563323,0.2971968203456345,0.047802493480111743,0.40609338705122155,0.4333450331695806,0.2423267801377309,0.37143842474692224,209,False,0.46412201342615206,0.39982576286236426,0.46412201342615206,-0.6377670007157952
859,0.27908605977895323,0.14388487213258713,0.0,0.26467296303008103,0.5599160797489346,0.3961260347572584,0.33004498652340236,0.43102227465727005,0.0,0.2573413905601678,185,False,0.5624442236648193,0.5599160797489346,0.5624442236648193,-0.17395691930248772
860,0.0,0.16903183742767813,0.5107811072683016,0.11154925367716606,0.2057838662951672,0.4262351264596561,0.23579659861987323,0.4636642783939519,0.3729147378242278,0.2537996829714201,96,False,0.5109087863135886,0.5107811072683016,0.5109087863135886,-0.07783745050781447
861,0.05925131326455586,0.03796214485814775,0.4336278779445713,0.10528631004981379,0.17178433126977335,0.4126488185133709,0.22935294234000522,0.5119320406266759,0.4828805456223109,0.2197500903494285,96,False,0.5611035122524527,0.4739698957685281,0.5611035122524527,0.16129830371013718
862,0.205624653220929,0.4133959301580695,0.14910918551262184,0.48156010998177995,0.25375231065901366,0.2615065065148372,0.3554839566017786,0.35840596822231835,0.2614891395176116,0.27697017624274817,454,True,0.30280889713395287,0.33245092446915814,0.30280889713395287,0.39809755242326317
863,0.05464975820005699,0.21383841337521312,0.39061428866432807,0.10524355105077911,0.6141171861364414,0.11499022777270591,0.5062140924277766,0.17622707576363894,0.3302065855773969,0.030381899094802975,115,False,0.6291162415397976,0.5837352870416385,0.6291162415397976,0.7130667884018586
864,0.329282554015468,0.358391990242582,0.43078542444604645,0.29071672603103327,0.4922415680553604,0.25490235390478816,0.0,0.3834744010217606,0.07027551267190459,0.18375975885255488,384,False,0.4827282651823587,0.4922415680553604,0.4827282651823587,-0.6193144752506452
865,0.1548892760086353,0.30220491530047155,0.0,0.6804747650175609,0.08004727440375461,0.31859473076391204,0.019190185319698107,0.22569200069635126,0.40335981799073656,0.3157865445987284,313,False,0.6470778086352389,0.6804747650175609,0.6470778086352389,0.8233534851978477
866,0.10560958761828872,0.4163757757582392,0.36209159608215363,0.35765619043813096,0.3258277883651627,0.48260431924033426,0.20879519365648966,0.13632074098027094,0.37909027803140954,0.10719450088054397,373,True,0.4213521813029913,0.37699473162204555,0.4213521813029913,-0.2685351422291894
867,0.1869149810763674,0.21396778863671548,0.5558049733444096,0.3694510612924093,0.565648042560348,0.24655966691209313,0.01900105139535688,0.20280481716772947,0.2270845112034907,0.007728760665122221,346,False,0.5989988451822291,0.5579192818952258,0.5989988451822291,0.5118136524208374
868,0.4625568954928823,0.2537396031667748,0.23701556459350828,0.046307247674056584,0.3727182861406417,0.3041307479970944,0.34749734525403053,0.3194027170530913,0.3448391695449313,0.3003924216707295,195,False,0.3314263083361785,0.41624964781882573,0.3314263083361785,-1.2272138933843042
869,0.08758943302111437,0.28277449484296335,0.3247838430601566,0.389413802854382,0.17763995997749685,0.420934635378792,0.4315688154133033,0.30966408132593665,0.3439925194316537,0.21452915875240047,171,True,0.33682970098900766,0.3439793823921889,0.33682970098900766,-0.6779506903746126
870,0.38270662593135674,0.22850802570749643,0.009098931846937405,0.26467009873535746,0.26212271430182527,0.11296917558662273,0.43825403520323997,0.3645086325590542,0.4917946607170161,0.28796038972873145,185,False,0.449651140571,0.4826957288700787,0.449651140571,-0.5345369285715484
871,0.33755415991411825,0.45505962752304124,0.3889698781183893,0.0,0.23900363692747512,0.21635561290387462,0.3846651563479784,0.26711618362586503,0.3059883434906316,0.33286733742597274,195,False,0.38527376478368736,0.45505962752304124,0.38527376478368736,-1.3609724957355565
872,0.4444850626018648,0.1700291150311375,0.2089977633443805,0.06432459516151803,0.2666282417780634,0.3318318837726312,0.4531125310679738,0.3221064042971402,0.25931897468330706,0.41011286252357826,65,False,0.38249977921738193,0.3887879359064558,0.38249977921738193,-0.3710712891901412
873,0.3464364554265197,0.3090962726966479,0.21955904471473175,0.20733996492008394,0.053678665123379,0.25244353467229236,0.4054673005221153,0.29260348983514645,0.4433377060683117,0.4243433143362365,185,False,0.3626747663665011,0.3896590409449327,0.3626747663665011,-0.7011593340639545
874,0.3605522872048605,0.180139858216585,0.23554250488195577,0.20692857739663337,0.27297892996937784,0.37039858374523926,0.32289769608142305,0.17453481181245334,0.3230679413418638,0.5370671722270101,380,False,0.3356846104757133,0.3625323604145567,0.3356846104757133,0.9985693420257893
875,0.35370899429492947,0.24123183502161982,0.08228164412115761,0.19184610645022696,0.19111819873290453,0.06913566517498351,0.20244673681643208,0.19049061982962248,0.6164935343471373,0.5239087803606283,209,False,0.562125088692117,0.5473578691721538,0.562125088692117,1.0818762355144733
876,0.09705639160967938,0.13740741279737828,0.5801777685312439,0.3274221590942659,0.22052600751160267,0.26500042104015503,0.24209965920014812,0.5014870327494555,0.04002975361865773,0.31197264796176694,96,False,0.5269821780819899,0.5401480149125862,0.5269821780819899,0.5966867125074071
877,0.23991362595328558,0.20774722922088665,0.5557094530820686,0.2451399816682829,0.27587668841616614,0.4211353585490871,0.1311207393670832,0.12698621097337146,0.2835410335761027,0.40397937169267173,384,False,0.4140970695882095,0.42872324210869717,0.4140970695882095,0.7790442279213663
878,0.21946565229450993,0.43518987743488596,0.2897946384892523,0.7090867254419848,0.12912097335960449,0.11207180547456565,0.061574199111435364,0.0553429680071692,0.2002680892924514,0.3153820418309105,442,False,0.6337168529916017,0.6537437574348156,0.6337168529916017,1.4140818976614575
879,0.44397895176209584,0.4534341923211464,0.29460078953990615,0.11034171414702851,0.21424868443450676,0.22833508385651935,0.31024168483193804,0.39816554625820344,0.23192824080529914,0.30281905674624426,195,False,0.33190880439712633,0.3430924781741179,0.33190880439712633,-0.02242667690801857
880,0.24176564081700647,0.39418142837311493,0.1753222048985388,0.1257062080814219,0.25596703433912993,0.30811528474232547,0.384253307810915,0.01113158367445458,0.3322833788771253,0.5665593863033548,380,False,0.4817740637756058,0.5554278026289002,0.4817740637756058,0.08439458213931028
881,0.3958563553433127,0.2544645503634205,0.2596724152688097,0.3681352377278119,0.009753557804011584,0.2055574633215707,0.48281763527546945,0.21690259636036874,0.3003371443702719,0.403585448062503,185,False,0.40954145931465114,0.47306407747145784,0.40954145931465114,-0.7356398067045408
882,0.3259833824664113,0.45205146723335693,0.19981695657755782,0.19145442886666744,0.2250022289279317,0.18363036924467616,0.4217389481473406,0.22741863996184214,0.21541254300502316,0.5024649574422714,195,False,0.3707222024865265,0.31883458819759525,0.3707222024865265,0.8190295650886377
883,0.4321885593728703,0.279592707697103,0.4230266173410738,0.0,0.29986174218440703,0.33332041550805336,0.33967455661001067,0.2741158634312566,0.26863436396191714,0.30395254836298125,195,False,0.362621028564049,0.4321885593728703,0.362621028564049,-1.7400545958842295
884,0.11679555636286565,0.4287318856318519,0.33138296851875565,0.6502999438209041,0.4243235086394541,0.20121788675700625,0.08684750095720573,0.1310770818088088,0.1340212649935901,0.08135485415826164,223,False,0.6036860283504387,0.5689450896626425,0.6036860283504387,1.028249101277698
885,0.3080614556313304,0.11538481487148426,0.09170030644892925,0.3214241320138889,0.3690362075317513,0.1797459657798743,0.3927289990906566,0.24618070080151616,0.4662202265071508,0.42351319548020977,185,False,0.3962664594020171,0.37451992005822154,0.3962664594020171,-0.3655904365712557
886,0.16252516793032565,0.22113477500575446,0.4853832617569005,0.15316235825344612,0.5804931192657012,0.07493775666952139,0.2719261909649566,0.2889594628839578,0.3931651638212545,0.10498172620925704,115,False,0.5188242115666782,0.5055553625961798,0.5188242115666782,0.7204696864754195
887,0.4452892277048465,0.18707123045409768,0.3876262112855205,0.3081412307561931,0.4155811477374406,0.058804532580988694,0.17248682718392958,0.11724668482610007,0.3370009705521272,0.43391583566897,195,False,0.4349438505328244,0.38648469512385786,0.4349438505328244,-0.4160100287923624
888,0.24393282817395853,0.3733327695479034,0.19051596301493567,0.38838115339609297,0.27494021436945126,0.15356840361523383,0.4443229909499375,0.33911783544043395,0.2881205141741405,0.3455004091011075,185,False,0.27611426159540725,0.29075458733470366,0.27611426159540725,-0.24532890414713923
889,0.4194020637190303,0.1956317277058786,0.16892611468937968,0.38075176346695877,0.1904856954530232,0.16641029767410948,0.4281784649168497,0.459716874547337,0.12282194382491018,0.3722678856207234,185,False,0.40370062588223704,0.3368949307224268,0.40370062588223704,0.037708914102126005
890,0.3064666078199325,0.2938334660930693,0.331942731110513,0.3689872922905296,0.18028032624355275,0.06278557235555846,0.3784899473837164,0.4396366034964639,0.35949310434247556,0.26681306992977577,185,False,0.3313034660460654,0.37685103114090546,0.3313034660460654,-1.1786005790777394
891,0.2536384087888188,0.4435025593751823,0.4338334789080486,0.24107404504380164,0.26736321431347826,0.3040074880058909,0.4403501156463849,0.1412273688111468,0.3135988458167731,0.12862186252381289,340,True,0.35123631460565913,0.31488069685136943,0.35123631460565913,-0.007184585233885425
892,0.0,0.0,0.41652422909725195,0.09885718478222098,0.2617823095784622,0.5765474516037202,0.31686753962836234,0.2219446844345683,0.365019326230097,0.36454669507832604,96,False,0.5845040979840677,0.5765474516037202,0.5845040979840677,-0.07350854841194908
893,0.3247561369952101,0.3276862999093668,0.2216792396919878,0.41892496918166683,0.14549331293465276,0.283291050526985,0.46793527664360113,0.38909636099848455,0.16998895296739228,0.2486715834253247,185,False,0.3228000624825524,0.3224419637089484,0.3228000624825524,0.08477494417059787
894,0.2737376937985312,0.5044912117590912,0.3758715589441949,0.378397734292644,0.3232698442453681,0.2148111848198195,0.24706740973775626,0.04477431073353082,0.1864590666909847,0.37098619028365526,384,False,0.3915539115579258,0.45971690102556034,0.3915539115579258,-0.3632692552279259
895,0.23734220762035102,0.19268814817458083,0.27510017251528873,0.1643115637228487,0.24502564001384128,0.2974659100468478,0.34013592913418045,0.30658933962580465,0.35645817252320683,0.564434340752779,185,False,0.3399503181794885,0.40012277702993027,0.3399503181794885,1.5223386122069436
896,0.3431053238608899,0.19484572793938965,0.3444587659850959,0.5934668437801328,0.4769271789789888,0.12399198735896245,0.11511545543346524,0.2865733847737464,0.15949076106361174,0.09905766062596152,223,False,0.5186022377473999,0.49440918315417126,0.5186022377473999,0.8096351953521473
897,0.4275244760806929,0.2405264233799483,0.0,0.5258270213534854,0.10275049704933292,0.27481518400914684,0.22534744367514492,0.34367967247799086,0.18909111859014574,0.43834018392278357,313,False,0.49942472404069876,0.5258270213534854,0.49942472404069876,-0.13097576666970953
898,0.04674835003593179,0.22432977121712477,0.055715058943798516,0.6775735726311345,0.18427352810459355,0.3932358603766088,0.05384531636292906,0.272456660036272,0.36637452608675075,0.2921082218792857,313,False,0.6137598362958132,0.6308252225952027,0.6137598362958132,0.9851522637451523
899,0.43384916173625937,0.40755490197212185,0.3846862621180871,0.06828947415974615,0.2290999399344265,0.17246133914768633,0.309944953256465,0.3196091552475954,0.31192969650098307,0.3395308770801836,195,False,0.34235633518150704,0.36555968757651325,0.34235633518150704,-0.9540341138693339
900,0.31390146925079143,0.3050588056568167,0.15162633317613783,0.22158962576354885,0.3014893517357042,0.0,0.4358143535444833,0.2645940002311631,0.4434114231680116,0.43457891160908735,185,False,0.4284239272806372,0.4434114231680116,0.4284239272806372,-0.8266718007196922
901,0.231914772435517,0.12372157015304974,0.19508203747746253,0.3805346310133942,0.17140834323552162,0.21235531309911698,0.521156825896151,0.372231720844568,0.44714054046170326,0.2519399758287164,185,False,0.40142815729711817,0.39743525574310123,0.40142815729711817,0.5760807799151921
902,0.18899354562596732,0.18929972181338497,0.5365656397953291,0.22382613739209486,0.22792804846462916,0.37347884322226765,0.35922714857677296,0.2423670181621118,0.44627277642012536,0.10983296905577827,495,False,0.4089932942189673,0.42673267073955085,0.4089932942189673,0.6597307028065227
903,0.08395754918678128,0.37510365607706103,0.26944607729144854,0.5986910737553399,0.20132556538664306,0.3208950085147166,0.0,0.25940303273777465,0.26880023838869044,0.3717083472977391,442,False,0.5110486132706531,0.5986910737553399,0.5110486132706531,0.2423464036485384
904,0.42277965109445415,0.0975245383121335,0.07757365624539406,0.21591274195964022,0.4807521414378305,0.3066673610449351,0.14737971143769532,0.20798122429715712,0.4472056664661767,0.41106322848591514,380,False,0.468763181481452,0.4031784851924365,0.468763181481452,-0.012609018759135988
905,0.1298523059047174,0.3244561008257023,0.44017029302326416,0.11979709500141207,0.6438232946513741,0.22009982473912523,0.40592354693581045,0.1564447452716224,0.13252974983470783,0.0,115,False,0.6104347594952745,0.6438232946513741,0.6104347594952745,0.8154362587031008
906,0.4495081199757748,0.4373737185062246,0.23702070169808198,0.037035617411829876,0.14515704436790955,0.07704840569601186,0.3303821698282923,0.3751210591607007,0.4199171382874325,0.3096620995563199,195,False,0.4664732882686304,0.4124725025639449,0.4664732882686304,-0.5559244840608071
907,0.09329417685873279,0.15193376535903766,0.3374895295066614,0.21864258389524233,0.4302601076610626,0.47958944358220607,0.48360805119421135,0.3649695307014222,0.06878270143087455,0.13988640145722966,229,False,0.49907364502107426,0.4148253497633368,0.49907364502107426,0.05929442715778913
908,0.44966499021372086,0.42658583682514467,0.2241182007567342,0.33337880083904337,0.12908100033602,0.29792243105396177,0.3106984091281207,0.24014738810033778,0.1639027623951087,0.409838337759188,185,False,0.33452409084620816,0.32058398987770087,0.33452409084620816,-0.09851067050259506
909,0.3609498947183302,0.36853440008021837,0.27503200438632536,0.3518749533102555,0.30113087144938994,0.25087326169116964,0.33359757058115347,0.24315183273086138,0.1802677213648602,0.42179993345299077,185,True,0.21788852970560785,0.24153221208813058,0.21788852970560785,-0.2714693373520558
910,0.46491256698776784,0.38005022466067834,0.32819393347583287,0.20210510945892143,0.27137606221752153,0.2494901504248225,0.21623144096074828,0.31353851967804663,0.23918256821058032,0.39076764954523874,195,True,0.2594453403922272,0.2628074575288464,0.2594453403922272,0.6072475216007959
911,0.37797029801709586,0.3279790857375482,0.3947167746933923,0.2642699267951518,0.3201241364651836,0.20825620216783042,0.3214281642623218,0.14662351637129595,0.35412007497839715,0.3575787890482005,195,True,0.2375327249858103,0.24809325832209633,0.2375327249858103,-1.1250697448242561
912,0.4510778924338037,0.3320253552854154,0.1778964118946586,0.04019645488133007,0.2451961769576104,0.23890232096165648,0.32018055747439156,0.35896009244304156,0.3835675252610732,0.3966579661538684,195,False,0.3709892401813716,0.41088143755247364,0.3709892401813716,-0.9567269894513056
913,0.38096405874010797,0.20753926249216859,0.5753563178688513,0.2418310943307101,0.2760686885686113,0.3624548557644499,0.012989068181559772,0.11434652143260489,0.1861650360630145,0.4083968204971138,560,False,0.5005570276916006,0.5623672496872916,0.5005570276916006,0.23113968297878976
914,0.13657234517445765,0.23597558536041274,0.22148639824649688,0.5882264742523253,0.5844134574066286,0.05971749317743089,0.22066047766528799,0.36979970280471536,0.0,0.006983784113036928,223,False,0.6833971695018142,0.5882264742523253,0.6833971695018142,0.6916216560134617
915,0.3740426688649417,0.16368185106014388,0.3073652683864023,0.35493867199247225,0.32774117883652437,0.32795491992923276,0.31774543256005766,0.4148484245024137,0.22323695752215392,0.27382593043078723,185,True,0.22053010179583754,0.25116657344226984,0.22053010179583754,-0.7494242957554187
916,0.22815560420785475,0.13989315296658555,0.5906020570329262,0.0240391225904185,0.30093019299722595,0.33194705614580644,0.19893800410658322,0.46457905899254887,0.26882030869403123,0.22486448762597663,96,False,0.4963334345078524,0.5665629344425077,0.4963334345078524,0.6049451143235014
917,0.4021263520398553,0.33911558658733076,0.23758321646570468,0.2874684127902759,0.11567642671274969,0.20276266660759976,0.3248464997441241,0.19707039037287644,0.2578903197627995,0.5646662766434325,185,False,0.38393667108413176,0.4489898499306828,0.38393667108413176,0.9888524394358996
918,0.4211226228817056,0.3502205013472765,0.2822686917746975,0.13740646104252,0.2088610792247354,0.19124010429972294,0.44856761784779564,0.40001398015949446,0.20223713834363174,0.3451456314416692,185,False,0.3328698065360271,0.3111611568052757,0.3328698065360271,-0.062478650677183986
919,0.27317118217029274,0.33805625455934984,0.27337057697936545,0.22747602031157088,0.3646660749924713,0.18283128176229402,0.3008088183462749,0.4043764706077028,0.40003620365950343,0.3227612098046746,195,True,0.21739211877745565,0.2215451888454088,0.21739211877745565,-0.29206987931856965
920,0.3480123277534202,0.5189262608330681,0.11279459964966326,0.21595586470751613,0.30629330632741847,0.2533154013669502,0.25823784452410886,0.39884943538546025,0.22488204164932063,0.3404695686239105,185,True,0.3416342814310817,0.4061316611834049,0.3416342814310817,0.4561977401389411
921,0.1687326833105469,0.3767576844678987,0.44772040949453656,0.3916134589540759,0.32278026685954336,0.3363124327603782,0.48778158341154393,0.13782903048000353,0.03464951406427201,0.01862272210864535,212,False,0.5272098375222133,0.4691588613028986,0.5272098375222133,-0.4174132155108544
922,0.46847229711451654,0.2111373841499821,0.34874445844845636,0.3227330713069791,0.230806874711022,0.31088785067625163,0.4015959509871108,0.17436259248285046,0.342489931117205,0.22643174623181553,195,True,0.2807378923710635,0.2941097046316661,0.2807378923710635,0.3052620823873396
923,0.23844731319293952,0.24163493129857536,0.1551945405907446,0.590474994971651,0.2622176307376789,0.24970821948832037,0.0,0.1482596577739716,0.41663331901229583,0.43050301312219835,313,False,0.5210110070397326,0.590474994971651,0.5210110070397326,0.43095631732876377
924,0.4538394574309118,0.17504296522753143,0.41065517774236365,0.501708809849243,0.13671206125311808,0.33298059608738323,0.3239906130247752,0.20990347688911537,0.25269131645226905,0.024325889598070225,179,False,0.46400983502350385,0.4773829202511728,0.46400983502350385,-0.15889058803727982
925,0.4623444446892928,0.19866549645300713,0.40482483974252353,0.2852167148509612,0.09980638654754162,0.2101752080498078,0.3387267478283535,0.332269299916154,0.3810092519757328,0.2776620776310419,185,False,0.3294160660278875,0.3625380581417512,0.3294160660278875,-0.3776656704989057
926,0.3152668385386185,0.1543783935191705,0.4346040146622792,0.0,0.5356735030167256,0.3607979595810998,0.24076355176944067,0.1724041770251127,0.287338549024368,0.31704650010348284,346,False,0.4664411454953717,0.5356735030167256,0.4664411454953717,-0.21448211927508518
927,0.32572323126038966,0.09275163000078317,0.4074143573180695,0.4648009412346961,0.39662761289361687,0.1567545136155028,0.2334181228568751,0.2204306063011227,0.4072845004661801,0.2289876869770913,460,False,0.37980689403287465,0.37204931123391294,0.37980689403287465,-0.17218129045347771
928,0.3558711349996617,0.16091749333186117,0.2652168825631281,0.2753356320588737,0.2475019331483216,0.5099963463256763,0.5594052263222167,0.16638237709286954,0.15678470175280973,0.12148812703709891,486,False,0.4660163008830696,0.4379170992851178,0.4660163008830696,0.9751924763178722
929,0.16485339347516015,0.27758981121117215,0.30372215930397506,0.570149664901641,0.3705205075171257,0.3467938241252175,0.33338932687020106,0.17413682574710615,0.10737681796506424,0.2605689996930953,223,False,0.4001534331763755,0.4627728469365767,0.4001534331763755,0.7917234818148388
930,0.12305317142340026,0.307506883682492,0.0,0.5560753794198002,0.02981149216286228,0.4674643768217806,0.08959353791826723,0.09019213157826202,0.4950315751713536,0.3169354101064201,313,False,0.6589784777414912,0.5560753794198002,0.6589784777414912,0.3181106403368234
931,0.21955245419854805,0.0739254480027411,0.400440388799925,0.07792315635846572,0.37262744713733065,0.33524999854991616,0.4765763528013741,0.41079771382594044,0.21899568619533646,0.29124655623687523,222,False,0.42451552847044266,0.402650904798633,0.42451552847044266,-0.46762538828554223
932,0.295366324604546,0.03015079462475982,0.5036401240833653,0.07515521616879633,0.5027558498854878,0.46074667654685264,0.1737604627434314,0.2772215245387679,0.15425684469503048,0.23802813281266852,346,False,0.5341921213204026,0.4734893294586055,0.5341921213204026,0.21357567927885016
933,0.35923386767828497,0.4270324814759972,0.35787318378809474,0.4797827185602432,0.1587674077794951,0.1660851290089704,0.4408913389207655,0.16901822640999098,0.20144755553710098,0.11834189577965559,309,False,0.4236665177383729,0.3614408227805876,0.4236665177383729,0.15372358746512735
934,0.2927795132206966,0.2316346706753205,0.0,0.3451541591706303,0.31660761143917987,0.22727402215635298,0.3452517302437083,0.5332355297963075,0.3170463503526632,0.29247735959025467,185,False,0.40614649243177225,0.5332355297963075,0.40614649243177225,-0.6044724831668539
935,0.0796613586601452,0.18786630017529488,0.5081180872611899,0.12930746380189387,0.7076177440345343,0.2653153885032425,0.2633600737519071,0.04013008541566474,0.12944620208293306,0.1568933137934606,346,False,0.6627815275462153,0.6674876586188695,0.6627815275462153,1.504107396578818
936,0.06496767287145974,0.18463868708519318,0.2034142625834241,0.6035862619259432,0.0034045281392714732,0.35786661409890835,0.1647649106575848,0.23398517809711164,0.41946486781943026,0.4123913189176665,313,False,0.5700451311710281,0.6001817337866717,0.5700451311710281,0.4355035148002359
937,0.3188402362722243,0.2109430644392915,0.17419432535307755,0.5574421260870716,0.13768944458726534,0.3912622265071084,0.04761352885476054,0.158901999874973,0.5057615561932154,0.23958794192914476,313,False,0.5154196222409921,0.509828597232311,0.5154196222409921,0.601477293658024
938,0.16564084583881053,0.21774362597693653,0.09032680752990452,0.6070973832182136,0.1688669985817573,0.23427567772549093,0.030190114238995366,0.34861567043543845,0.5158503718985357,0.27654577817199005,313,False,0.5663334915967713,0.5769072689792183,0.5663334915967713,0.8347972504082638
939,0.46966362421978397,0.23918662485973377,0.2686630926594191,0.13386094958550845,0.4251528186179179,0.013582324075910663,0.38323721372468705,0.3211508307560925,0.3190405006846353,0.315233833098119,195,False,0.41590898828881184,0.4560813001438733,0.41590898828881184,-0.8555545290786967
940,0.3924725469207559,0.23440158006705733,0.07301405007701012,0.15260214984703083,0.3358004978041329,0.25732478547791393,0.39328451540436615,0.28072197663033244,0.30026759624848065,0.5096925979503053,185,False,0.38362673274496895,0.4366785478732952,0.38362673274496895,-0.09819692748684472
941,0.3399784175247335,0.3099788819287729,0.1876622290543866,0.3124081411326889,0.26402262916553343,0.20495340552529606,0.35257989514272353,0.3024480635733309,0.34352097884811417,0.4582618092762557,185,False,0.2338463915634531,0.27059958022186914,0.2338463915634531,0.21092710504360881
942,0.16771779630124833,0.4080178064847321,0.0,0.41575636378286107,0.5027567830710027,0.11976471012706214,0.30868908316639226,0.2859346321168942,0.3696726437778244,0.22743232001180871,447,False,0.47486088787217906,0.5027567830710027,0.47486088787217906,-0.44300922213689137
943,0.23190866164010968,0.36036679299085156,0.48265716067598063,0.41342060027814026,0.5092050398276111,0.23527053717321375,0.1285319556098486,0.12971901947690664,0.18045553234660963,0.17867829932756982,384,False,0.44425965562436004,0.3806730842177625,0.44425965562436004,0.5229778875162143
944,0.11724341311975169,0.12930128477218292,0.5841447508081855,0.1699818962894216,0.5790146919089829,0.31658915631664647,0.06753849812884666,0.15136552700538183,0.2843938719978759,0.23574705004429544,346,False,0.5773016529766632,0.5166062526793389,0.5773016529766632,1.0922764006380987
945,0.12634140688952772,0.29024494264640915,0.3999807398543364,0.1445774446750416,0.2686381379401601,0.543290724679452,0.06397222594443132,0.4190755530906592,0.18257389873738306,0.37219247485782725,96,False,0.4714219124213494,0.47931849873502075,0.4714219124213494,0.2202875184607309
946,0.37837473840411917,0.41830909938334315,0.4613278622549858,0.33597978238270526,0.28016110382327414,0.18374791706379703,0.3388546053179546,0.22931643828848935,0.27655420899483896,0.0,309,True,0.4052385510400908,0.4613278622549858,0.4052385510400908,-1.073780458810619
947,0.29301162229590744,0.2480404695941077,0.1664420141150403,0.22502070005722097,0.35074140177206387,0.199988863263889,0.4828312699219662,0.37880316812386206,0.327434159739502,0.35698287692840397,185,False,0.2900080023563456,0.3163892558069259,0.2900080023563456,0.36006334534320916
948,0.39518715738683735,0.1456887982184432,0.41699748120511415,0.52790341881903,0.3012736833888291,0.31299401113212455,0.24915672204643965,0.183942151769984,0.07869373120990407,0.28141675820793355,460,False,0.41248703846521373,0.44920968760912594,0.41248703846521373,0.18924458443579067
949,0.04847093694467003,0.30994789277653145,0.21116725596101962,0.44243272868333544,0.3014542498480895,0.276299563033984,0.2568921135112974,0.3632742006593921,0.26885990972295415,0.47305504483654287,442,False,0.3648063510051207,0.42458410789187284,0.3648063510051207,-0.5324406046645194
950,0.2392418406861436,0.38703437914309335,0.4606999303053888,0.05587598494678223,0.27728467343855523,0.35051074916514396,0.18332094437079188,0.37357469227826884,0.37019241153347243,0.260095296443931,195,True,0.3595879350213069,0.40482394535860655,0.3595879350213069,-0.7770369840657675
951,0.0,0.2681725071231037,0.41151875686834116,0.47662341385627877,0.44262681044746377,0.0,0.24626026825229796,0.5125883240181252,0.0,0.11070924788169739,223,False,0.6624076870795554,0.5125883240181252,0.6624076870795554,-0.07330913683342123
952,0.2799568302818518,0.470628499383442,0.0,0.5465493732766032,0.08903335527634346,0.08916566771286621,0.23697093160908056,0.3071529859391139,0.3881604827106912,0.2904695803865692,240,False,0.5418297740652506,0.5465493732766032,0.5418297740652506,-0.01232398880745605
953,0.31984272414019843,0.29687405087322133,0.29404796671545885,0.09264884313656074,0.38180986013268153,0.24856633766130662,0.22270244714619655,0.4139767947181908,0.3801319113952665,0.3761395814916311,195,False,0.29278185690565667,0.3213279515816301,0.29278185690565667,-1.1104524297649014
954,0.29075774549752054,0.048166908798718745,0.6001870281114788,0.06946225855856235,0.4452619401548433,0.3355583603931054,0.0032783735088837474,0.17771177466287627,0.07165561343418035,0.4477790193266579,346,False,0.6521504316419832,0.5969086546025951,0.6521504316419832,0.39696766592217886
955,0.3326869819579948,0.3485162149302575,0.318128535654465,0.18141936720951524,0.28997640058423274,0.18627851979035812,0.40405854393734125,0.3493288843109686,0.32979931729851064,0.3476916767851427,195,True,0.21691104648269485,0.22263917672782602,0.21691104648269485,-1.0603473498454636
956,0.4701020309224049,0.1415679832400144,0.19232622538177224,0.07742662465353764,0.2272244157477426,0.27656072264142456,0.38698059989946176,0.4281171012845301,0.43076307144799125,0.26318529255103185,195,False,0.4117195692798075,0.3926754062688672,0.4117195692798075,-0.09283304537167193
957,0.2696903622696652,0.3033973163878201,0.04677822199608084,0.6097526100452089,0.12640161814969023,0.3065193904055466,0.3776560637598226,0.07613064847838151,0.16891062836291293,0.41755053002692066,313,False,0.5390799229782521,0.562974388049128,0.5390799229782521,0.5665260531112322
958,0.05156739274074529,0.1737488211707645,0.16179797420327807,0.6961002383405254,0.32171244215848777,0.34563553435798566,0.008453650021661136,0.19898959924588158,0.32935811000407894,0.2920789574600985,313,False,0.6071385199108413,0.6876465883188643,0.6071385199108413,1.1515025451189513
959,0.3322861517042683,0.40573900330698326,0.24006993484641873,0.07532514546125768,0.275652056518706,0.19187915628021326,0.3522003014593232,0.3885997803849449,0.2575323906763132,0.4554941082347598,185,False,0.34436198841759214,0.3801689627735021,0.34436198841759214,-0.5982747551565272
960,0.1365150566660191,0.0,0.2973362793284531,0.09324473631479378,0.567760267234882,0.4673213314628318,0.18458636176072504,0.3191722138928188,0.38950693855740304,0.23634839814072453,180,False,0.5454919999625414,0.567760267234882,0.5454919999625414,0.2169376310797214
961,0.0,0.32615164351653814,0.3078870940875315,0.02421374846066635,0.46892821284462705,0.6059582406574432,0.0,0.09280022564874554,0.26396198070779203,0.36452362028999097,490,False,0.6690930269012784,0.6059582406574432,0.6690930269012784,0.24722854265616662
962,0.23050909480886297,0.25890800596938524,0.1253270684857489,0.23892607081913503,0.36241465352785845,0.2946906411245416,0.4362244320578152,0.3476309587673514,0.28489059055511845,0.4433407470337315,185,False,0.2969411374249632,0.31801367854798257,0.2969411374249632,-0.10855337657123323
963,0.291962053085688,0.27679765089807423,0.5287973828501135,0.060825108596706055,0.5343659657941121,0.4486628356802227,0.002994725549004163,0.24179859646833968,0.006449219061340031,0.09722348733202442,384,False,0.6521223054424532,0.531371240245108,0.6521223054424532,0.2224739716540741
964,0.3578808630641576,0.2685763541954963,0.366026562971668,0.2585413391700362,0.06296350853090947,0.29086773133068966,0.5409097229780561,0.3237171526679409,0.3076830856624621,0.1354825297830924,185,False,0.39734005803815575,0.4779462144471466,0.39734005803815575,0.03707848749676757
965,0.5124402417493605,0.20334207674210977,0.29494274244380897,0.3527502549756884,0.21918166626879684,0.2743621031340572,0.29661398862556565,0.16833673647963815,0.2707017485791925,0.4143927080814174,195,False,0.31331385080250396,0.3441035052697224,0.31331385080250396,0.9204162298725166
966,0.3164733431366991,0.21839983330456714,0.14881587292866122,0.2895151504333042,0.31064263005928205,0.12132852222323451,0.241557717038082,0.5317355605341156,0.3540673455322497,0.4104935729655514,185,False,0.3723770687493099,0.4104070383108811,0.3723770687493099,0.4857217797995518
967,0.24460502034373457,0.4608558490245284,0.10567619561610826,0.186804405745366,0.28570385652116426,0.3842196185161592,0.18262610885801692,0.42468852158643633,0.3376699515491464,0.3531740152529401,185,True,0.3523095259554091,0.35517965340842017,0.3523095259554091,-0.22029166799517758
968,0.2564348946114231,0.3974617868231448,0.021563961363076613,0.3516114305608894,0.0,0.24320814511210848,0.25791146262197595,0.4179696399147471,0.32649329752591,0.495181434112541,240,False,0.49946649211123345,0.495181434112541,0.49946649211123345,-0.7408919404977179
969,0.270883912342852,0.1377604715715663,0.5416435323725444,0.3496579378357005,0.39085304381445746,0.01582165752905776,0.02538105614591829,0.3413624754591398,0.24514767920061142,0.4021432827582413,560,False,0.5284947147186702,0.5258218748434866,0.5284947147186702,-0.2834906935494495
970,0.0858549367316467,0.37769578530561104,0.27578251314504854,0.6324862317607937,0.4555747749102139,0.05964765004489665,0.10388169909786095,0.15202550586541078,0.2518714125132983,0.25579563660216786,447,False,0.5688612793810963,0.572838581715897,0.5688612793810963,0.875982863817281
971,0.10931951964471326,0.23217271543513673,0.11236064851799726,0.7036736024606249,0.08282001064272827,0.318491054061321,0.11770042206809442,0.25140477421229546,0.27375881139935115,0.40751230207975836,313,False,0.5914289979819249,0.6208535918178967,0.5914289979819249,1.5545665649397473
972,0.3534882663916255,0.1834980455131465,0.29698088186995786,0.281049701714829,0.3283494282830836,0.13952016167898207,0.3913385364778745,0.2465647003358104,0.39823984345897423,0.4175808145912931,185,False,0.2819201417751646,0.278060652912311,0.2819201417751646,-0.5550535664656646
973,0.35870393597399236,0.3101767759221395,0.24723214564681198,0.21491116159165874,0.4059448471549231,0.2568217832864075,0.3900339865564971,0.21626319825466797,0.3314692475967426,0.35818224660725967,195,True,0.21418979688711384,0.1910336855632644,0.21418979688711384,-0.11971931721129855
974,0.4648258317405175,0.2555911442106711,0.047780191658380815,0.36858767090434713,0.2565656935594682,0.12387833319391556,0.31052128044246585,0.2552374151317561,0.346712018072944,0.46639004232152864,185,False,0.4103073211435329,0.4186098506631478,0.4103073211435329,-0.417989042335235
975,0.12382775525640945,0.19352774851198803,0.5212529562030475,0.0,0.585101793367466,0.38855028556624527,0.11808673782019787,0.1498314086120047,0.19777368376312407,0.3266270986511649,346,False,0.5939017654453834,0.585101793367466,0.5939017654453834,0.6032124663497007
976,0.3984666105121874,0.5238813070666978,0.3744558853974529,0.0,0.36582431260506976,0.1330709176503637,0.2857169783133901,0.23361742028513144,0.24005434263069567,0.28492604534137606,899,False,0.4514615693654373,0.5238813070666978,0.4514615693654373,-0.4393281685080299
977,0.11177244486235495,0.42648513239734526,0.575244076391227,0.1258415227365308,0.28493386188308456,0.4190768900321134,0.1917762901992555,0.31540226347729783,0.20262547341219941,0.15731800588095293,493,False,0.4716979230881051,0.46347163152887205,0.4716979230881051,0.7604762962715444
978,0.25905187392776,0.12549902013593472,0.32289502332347686,0.30972062355196817,0.29648384857040794,0.4115115378885048,0.1979331476782221,0.06630357123730082,0.2852476329276067,0.5785928939600219,380,False,0.44210078115030166,0.5122893227227211,0.44210078115030166,0.5626720525711046
979,0.14212398753595018,0.4617393919365546,0.20295045564263142,0.21578565911384284,0.40750731960403047,0.25911490694740846,0.15976377720334586,0.1778410605395601,0.2459870109878912,0.5726961677435047,195,False,0.4475953811396641,0.43057218020755456,0.4475953811396641,1.1001575772966299
980,0.2189885612217775,0.3696362909325064,0.23342791448300387,0.23253952575821388,0.26124107725004914,0.13103062411251615,0.3815197000854284,0.3937159046397424,0.294776292035009,0.4837058174307804,185,False,0.3197897738961996,0.35267519331826425,0.3197897738961996,0.222743404595002
981,0.4195562696111268,0.1401036292641745,0.051151000299685355,0.30277149602020825,0.3716353617466158,0.09122578743263102,0.3530070752680669,0.37239797017855164,0.3148812260107428,0.4485276912224469,185,False,0.43341901084576406,0.39737669092276157,0.43341901084576406,-0.7649317343992138
982,0.0667324931470524,0.27758193568890127,0.40140026784573085,0.19449462842697288,0.2498781536660964,0.4876488637359538,0.31672764094676653,0.3742259343025992,0.2973484463998195,0.3008764776793344,96,True,0.35150859904981313,0.4209163705889014,0.35150859904981313,-0.4300686699986319
983,0.18655905692465483,0.260033632249466,0.4928854941505155,0.13733046955828973,0.5331346078846789,0.450345135102868,0.1125088886563749,0.17361510398497115,0.13938272337790147,0.29412788272385554,384,False,0.49175433239476507,0.42062571922830405,0.49175433239476507,0.6846229068828315
984,0.26288051491245495,0.2684708167197558,0.39605518656399075,0.4657014488733448,0.38281000261336917,0.31757263873283503,0.0,0.2501018402887413,0.3116434069012462,0.2793049992549462,560,True,0.37951732814790945,0.4657014488733448,0.37951732814790945,-1.3391188140042862
985,0.12551294632107562,0.20889862842515042,0.12354798972871273,0.6173679020544786,0.5172281077861707,0.0,0.2721042543408744,0.37448854560444045,0.2002670078040002,0.149286453426213,223,False,0.6022966074600726,0.6173679020544786,0.6022966074600726,0.812100867212168
986,0.44793683552075786,0.377723280487068,0.30707014356496376,0.3767118229970099,0.23470231304372488,0.25090576409784854,0.2721949433016093,0.2078112984202996,0.4276491148052737,0.04770301455430582,309,True,0.3660571033878527,0.40023382096645205,0.3660571033878527,-0.7317468023212171
987,0.20728203365269487,0.34015193863991944,0.3246822956229572,0.4218966513218549,0.3561885677525306,0.44039295376846016,0.47663015269281495,0.09500900540234343,0.01931903916251075,0.022868128750072624,212,False,0.5381209205299374,0.4573111135303042,0.5381209205299374,-0.4952280322005909
988,0.0,0.040905378517506544,0.22020526310948693,0.6353719522599193,0.12844107927663184,0.3769738633168954,0.24750684917984428,0.24014049633827356,0.470432751937526,0.21748194741354518,313,False,0.6081705592859825,0.6353719522599193,0.6081705592859825,0.6856949453958152
989,0.24968048672503473,0.28744170321656753,0.47786093707481786,0.16019937782733273,0.5726176316327285,0.48785205253125413,0.062298253311811005,0.05844112135904254,0.09484787748174592,0.1372547698719096,384,False,0.6024056080378997,0.5141765102736859,0.6024056080378997,0.6057251572790618
990,0.2114332518629043,0.38224958323828173,0.2287391531694653,0.26215852508654075,0.3003870911101107,0.3398780781143472,0.23104466822998942,0.4178930726937499,0.3000397249995741,0.40539232314334367,195,True,0.2292010921272929,0.20645982083084563,0.2292010921272929,0.23934020203792192
991,0.24730433412919875,0.22972527584186236,0.15357276663561054,0.22707481398253013,0.2871729358645991,0.22200000980242526,0.5782667908500715,0.43238625957984483,0.25802942224875497,0.302055387467418,185,False,0.37696978770139367,0.42469402421446095,0.37696978770139367,1.6158976394077829
992,0.3062753902621195,0.025948454616564753,0.3180273618958017,0.3250637102790959,0.2630830761716618,0.12895479083084402,0.5367861671253226,0.2614415400761128,0.30625733788041964,0.4032214977177513,185,False,0.42620748914712936,0.5108377125087578,0.42620748914712936,-0.24809873549153283
993,0.021255131052295047,0.15044781873389704,0.5540614292550927,0.17539613843180382,0.24086880979618042,0.3742165800338042,0.23188910666476467,0.376169089159615,0.4258315183486672,0.25397193688331804,96,False,0.4759481718613169,0.5328062982027977,0.4759481718613169,0.1639096443858207
994,0.2828012473797335,0.1081066401776393,0.1526210497342657,0.35820048106004243,0.48817396853536804,0.27402545163961584,0.439539887944691,0.378246994883805,0.1997121095876057,0.25919266719079076,185,False,0.37441727837241756,0.3800673283577287,0.37441727837241756,0.08304150389968162
995,0.1754672037580045,0.34955495332577596,0.5265104813932344,0.45608696016414724,0.2988671937121935,0.41450842799295473,0.0,0.2397863118631546,0.01454111782485685,0.2072347387455372,560,False,0.5508191531422688,0.5265104813932344,0.5508191531422688,-0.2308403594275916
996,0.03610035595205064,0.21413340758514013,0.31735084780165135,0.0718574344393681,0.488477429939758,0.38975946214835966,0.15062329875910588,0.2588573424699626,0.38040987411105803,0.4712109766080046,462,False,0.4924885225636533,0.4523770739877074,0.4924885225636533,-0.21026495661944172
997,0.0,0.18990572317167667,0.1712091860823588,0.6836696482036846,0.15130324394068753,0.3903302602103615,0.1824171411443144,0.15119415463444957,0.4166623795200344,0.2494502657518275,313,False,0.6036391171829543,0.6836696482036846,0.6036391171829543,1.2163615435318065
998,0.1524538531584235,0.055913149103075946,0.5079051678461662,0.0,0.42867416059432023,0.48058156695434445,0.15079867202436645,0.3094852546684089,0.37255220673041395,0.2088712410815886,96,False,0.5595465100296488,0.5079051678461662,0.5595465100296488,-0.05481637308357667
999,0.28523461197688504,0.06879427190111004,0.0809900959000738,0.46426969906585,0.10489474591779532,0.09197112229934805,0.5139784258280985,0.3651773608426898,0.36366754762594883,0.37756960661075406,185,False,0.5309468082605855,0.44518415392698846,0.5309468082605855,-0.043470949071756575
1000,0.4327423479653146,0.42732893045743264,0.29182445480461905,0.0,0.23095162234377414,0.406151234662349,0.22944530519852377,0.2669770807981808,0.27008851573106757,0.36027120297022824,195,False,0.3948396754298936,0.4327423479653146,0.3948396754298936,-1.172627409362734
1001,0.30050834674677407,0.21060775083669422,0.3759242630799409,0.4073568860749767,0.09582127055631515,0.2738466447903756,0.4475189756811033,0.4036613062544433,0.2924943488099162,0.15854997955444244,185,False,0.35207048135310176,0.35169770512478815,0.35207048135310176,-0.4378542731118869
1002,0.2751454491751936,0.5857112292688195,0.23283105368702922,0.16334091552993082,0.12440624861290699,0.27230544828349595,0.5626232953594845,0.18059515752483524,0.1770881041992704,0.17378098730624011,340,False,0.5119775879459201,0.46130498065591247,0.5119775879459201,1.4307094530247362
1003,0.3667019312852401,0.3129526355771059,0.10955646418240753,0.36581516322892466,0.12762793885151028,0.43533659296355026,0.2643521686722326,0.23944448850165564,0.3261086517329589,0.4270802783382128,185,False,0.3441798555448718,0.3257801287811427,0.3441798555448718,-0.6061781885235666
1004,0.2168598263920019,0.424466197582416,0.2043419025750448,0.42321511715523924,0.2918306215515661,0.2933533664488179,0.4260035815300079,0.24916649654869763,0.25064869468935086,0.272625278285406,617,True,0.2634814587693993,0.22166167895496308,0.2634814587693993,0.6314866891775618
1005,0.19818886084088924,0.3204869231942614,0.5014586159763085,0.5085696553920726,0.07219151686371178,0.3992718744307258,0.17016280377312398,0.1853953504480879,0.29474998787790785,0.1818555845976259,179,False,0.45681120918283097,0.43637813852836077,0.45681120918283097,0.4267922676633909
1006,0.4055621203128533,0.31838233670464694,0.4812709822545495,0.24625442586085805,0.0,0.41670602880779944,0.3305416755301186,0.22133016377037054,0.33166292907689865,0.0,179,False,0.5095737130787562,0.4812709822545495,0.5095737130787562,-0.8655019529161805
1007,0.47744350072277925,0.39497991764763923,0.24254545140309758,0.08504443486265083,0.3764642050099828,0.07881918367093259,0.3101104490295494,0.34990483298496594,0.24996566603097242,0.34778619591495813,195,False,0.39700964843008474,0.39862431705184664,0.39700964843008474,-0.6356857528630324
1008,0.16017594185421152,0.1036471319386119,0.38945475814212477,0.456840731105576,0.5443615894527467,0.3549639090770809,0.306967015780034,0.1205849485577583,0.26711396802206033,0.02782463168719353,229,False,0.5217018620571785,0.5165369577655532,0.5217018620571785,0.10701675129938398
1009,0.41641535302032623,0.4232547437635198,0.2081850429289149,0.38918472660508246,0.18500809123118747,0.018429951926283678,0.22060146180442297,0.336729985249933,0.40176997562933303,0.30758584809085654,185,False,0.40168059352587276,0.40482479183723613,0.40168059352587276,-0.9561113803517051
1010,0.3259007384034365,0.28244151065480716,0.00762270429800012,0.31273723162623174,0.16661164708227622,0.12000456669242482,0.3624476561900439,0.46812207145167917,0.24167031899499014,0.5148603332842393,185,False,0.477068905243215,0.5072376289862391,0.477068905243215,-0.21375303476739577
1011,0.30443126227856204,0.1558767030929736,0.21605176515346763,0.46854728735487744,0.10641198413391664,0.3010974935285376,0.39492157893345525,0.3668384494771635,0.24272999488472952,0.4066627243201359,185,False,0.35450562421488235,0.36213530322096077,0.35450562421488235,-0.22442779217765704
1012,0.39947041264597344,0.4474755882755554,0.26014700903497906,0.03974396355258174,0.3141199573054981,0.0,0.3155176968321512,0.1492851876832825,0.581146951587608,0.11266022890137993,195,False,0.5858671879883961,0.581146951587608,0.5858671879883961,0.17269013170379724
1013,0.12409759167666698,0.42014373871199323,0.12327054357038342,0.5954842730220764,0.4887282763280642,0.08507394031166728,0.1422696199765302,0.2945526691072994,0.0,0.2918682188645015,223,False,0.6143633866086404,0.5954842730220764,0.6143633866086404,0.5219825124836377
1014,0.2985763218507314,0.5557480719196461,0.23339022331796105,0.22887055023250286,0.38464904540968825,0.31752044286857894,0.34192893072895875,0.16806666620481897,0.2397729947308821,0.20908497972986548,340,True,0.34175313401473134,0.3876814057148272,0.34175313401473134,1.3999569594541237
1015,0.32140451427216404,0.37017533595701546,0.3027735869153257,0.5145195214875462,0.23978093700829278,0.3984766806347148,0.37797451671265897,0.19072384711264645,0.08802438312983271,0.0,309,False,0.47611705988344455,0.5145195214875462,0.47611705988344455,-0.5207892122490385
1016,0.33545618462386145,0.39162818246547354,0.4167735698339962,0.023518632356249406,0.22683340933413607,0.24882511006488528,0.3622384209758768,0.36752422496188214,0.23649790939521093,0.3524966079469789,195,False,0.3560872161624676,0.3932549374777468,0.3560872161624676,-1.517457803270009
1017,0.4243672330414633,0.19479054096039072,0.41498229519228286,0.13252354262602267,0.38111563073617954,0.12021146265727825,0.3978193363796537,0.3515477002369748,0.2595375411313195,0.28860117300229593,195,False,0.3527823141817005,0.30415577038418506,0.3527823141817005,-0.48738563772739957
1018,0.5195070699144307,0.11818643685871436,0.33296120499376697,0.18892663963508027,0.3604234406522321,0.4215749594836421,0.29307469008116654,0.20261048721660538,0.1998164148099402,0.3083618736124998,380,False,0.37032167497198965,0.4013206330557164,0.37032167497198965,0.4271440402449789
1019,0.0,0.30468326304992593,0.41689629754044893,0.32761747676045555,0.30723232601673073,0.45326466909880947,0.193071402951251,0.27581835001504984,0.3158402691467859,0.33628025272861384,96,True,0.38270072914496556,0.45326466909880947,0.38270072914496556,-1.417164797934477
1020,0.4242420767358278,0.4567698821531463,0.4279217601740979,0.1918746123231331,0.37438623086530665,0.21878159548319648,0.4253545790162986,0.1497240496231994,0.008531710884437339,0.0,309,False,0.5536656096508958,0.4567698821531463,0.5536656096508958,-0.4730391921546198
1021,0.19023189748565877,0.42668702156330957,0.41674170372304786,0.1319531293412877,0.27923751783766726,0.4545542781883903,0.42759461235136703,0.1594379502713906,0.23251324306162974,0.2091686662917882,340,True,0.38483021557483016,0.32260114884710256,0.38483021557483016,0.17834715348722419
1022,0.32054903722878525,0.26795521124779054,0.19655826925095202,0.18270914240658623,0.27445803839534166,0.19454874081882395,0.3283444571190646,0.46170923228766736,0.3846729197188788,0.41387843058975016,185,False,0.29424391606779554,0.27900008988108116,0.29424391606779554,0.2671364834558987
1023,0.3486088987252321,0.12375375581952042,0.16518467258960837,0.5547363503014263,0.09342981421755837,0.2605610921889386,0.15908525418497563,0.2883268383944732,0.5693454289146096,0.1375592055619283,313,False,0.5403666215268224,0.47591561469705124,0.5403666215268224,0.9820482595990734
1024,0.2673671999931133,0.37906874407053276,0.20244331954531666,0.14568429166473748,0.32263825146472663,0.0,0.2844280588386186,0.4614647542575909,0.36004833640089723,0.44162786510845825,195,False,0.4337739573007293,0.4614647542575909,0.4337739573007293,-0.818367996758319
1025,0.49095870473567205,0.40693157296069016,0.2776072686403564,0.0,0.25264622089631456,0.3672473159441992,0.3019684277147394,0.1713513762690266,0.34708182380903946,0.27674487829810435,195,False,0.4130358338594984,0.49095870473567205,0.4130358338594984,-0.8742061516004931
1026,0.302824524324686,0.37160367015294615,0.5697559449719795,0.3417667378802296,0.17079737858054594,0.35502562025980616,0.20730299034652178,0.3571303829697786,0.05522774689034532,0.0,674,False,0.5220046227296123,0.5697559449719795,0.5220046227296123,-0.10384374352559986
1027,0.43024819572460465,0.2111309675289399,0.4777410038714141,0.0016178263843173845,0.3575944835897863,0.45499894955231085,0.10710641771130851,0.24908344757911163,0.22021138671359175,0.29183190073228604,380,False,0.477634780367457,0.4761231774870967,0.477634780367457,-0.3931577379897866
1028,0.2903183389980072,0.27459856095578544,0.17775997340205657,0.3201413960406054,0.23512328591075396,0.1694318563693511,0.4104140945397022,0.30125504353054045,0.40991738352793666,0.4415937790115105,185,False,0.28863391959256723,0.2721619226421594,0.28863391959256723,0.06923629840969746
1029,0.2720622248130445,0.03573920185770208,0.32570998671128726,0.2867535171887944,0.16524544029079452,0.3893970388739679,0.1716932841329409,0.5464375489943682,0.41761781855939706,0.23447163933062307,573,False,0.44786520998684753,0.5106983471366662,0.44786520998684753,0.1305538095884852
1030,0.3843804713194598,0.2466688168172454,0.04467312794017639,0.3543948299413407,0.19479562768994146,0.02964475968969862,0.46782990958222015,0.43760981540613314,0.17761263880983788,0.4278752056154088,185,False,0.5009526771309026,0.43818514989252155,0.5009526771309026,-0.4172494989061559
1031,0.3418126902016165,0.34506773069754754,0.3307802280651705,0.21397924843027857,0.2465114193568221,0.3142933574357784,0.185700527791604,0.4584956041360928,0.25954037487732656,0.3705095982339896,185,True,0.2458748698865115,0.2727950763444888,0.2458748698865115,0.2543877947322253
1032,0.4472891586460068,0.270022230724979,0.38285038441868185,0.29656785531907504,0.24995665078004328,0.3539438387677464,0.3149304955053202,0.15509354145681398,0.3086264811516502,0.293689286618098,526,True,0.23766188625838996,0.29219561718919285,0.23766188625838996,-0.14075702016006308
1033,0.25693721669355674,0.035541921007743206,0.0,0.6378202180408064,0.0,0.17904677246658818,0.11208682585955927,0.039820647397817856,0.4446949881795828,0.5309848286477042,313,False,0.7650092057023657,0.6378202180408064,0.7650092057023657,0.7871584433558682
1034,0.34375674478634954,0.309807132232239,0.2454708661910196,0.4035953535451555,0.040295043502646635,0.15434869218926256,0.43827559040791036,0.3411085257320305,0.31164690287688435,0.3628969066022306,185,False,0.36537121118640414,0.39798054690526374,0.36537121118640414,-1.1906470241101779
1035,0.5551561474134706,0.43379891293183426,0.36932262189008025,0.04217918532439376,0.27572845687826086,0.20240030380102708,0.2972580576531198,0.1394265986276738,0.2601169027177204,0.27016083205849056,195,False,0.44756833392090034,0.5129769620890768,0.44756833392090034,0.26574044217406134
1036,0.49286299514307635,0.3303456846203702,0.353076126888588,0.0,0.2456383141504071,0.2088444736314667,0.39003163327082807,0.3054638573594524,0.2944628648061804,0.2952958311471764,195,False,0.39464654193944393,0.49286299514307635,0.39464654193944393,-1.0399956913403519
1037,0.31461867965513934,0.27690512631402214,0.5559463583258014,0.10508899567491187,0.4102062307461257,0.4823485582683301,0.04457097195669608,0.2503584558546691,0.16319032969688196,0.1095093238643815,384,False,0.5332078989146197,0.5113753863691053,0.5332078989146197,0.37274012227054487
1038,0.2837641852197372,0.2151479135262555,0.18424407211398505,0.6126630720290523,0.10373009636857634,0.3820539802888296,0.20310464491064917,0.18660074236191967,0.35137490547912215,0.32806479508280795,313,False,0.4438788115192444,0.508932975660476,0.4438788115192444,1.2766558164095336
1039,0.39672416724427745,0.23703616023817284,0.10894860432753178,0.4598182674071917,0.11122490316405151,0.2617842977006988,0.3231703215132868,0.4573081206317159,0.1416073825332644,0.38548246930369356,185,False,0.42019577200043035,0.35086966307965994,0.42019577200043035,-0.1367628667746053
1040,0.4451984210628252,0.26622675392127404,0.30471694201809996,0.3394930321008166,0.25588230543755597,0.3254706827637456,0.3617599557353346,0.3665065054689825,0.20572440897729244,0.20949227105869564,460,True,0.22746186188810347,0.23947401208553276,0.22746186188810347,0.23632195034238687
1041,0.3780835218973298,0.2508520188414536,0.4020430307348741,0.21596821597829655,0.2574312827751108,0.12050762137336574,0.38702941437280675,0.41279179050877307,0.41329546654294114,0.11853405211624903,195,False,0.3607245328293253,0.2947614144266921,0.3607245328293253,-0.48848606836624325
1042,0.28640902839737475,0.2917541646734429,0.09788789693919603,0.6187324196719539,0.0,0.29890893919575307,0.2614762243613724,0.3291997240283853,0.3375384522841544,0.24579766764501015,313,False,0.4995497643522504,0.6187324196719539,0.4995497643522504,0.4444282600931293
1043,0.3798020672160283,0.27263441229329377,0.21751953136486582,0.28335918050095027,0.22723537132478994,0.28428951810798403,0.29841703036214096,0.40401229384772047,0.19408221846110862,0.48105164595117517,185,False,0.27534564018995894,0.28696942749006654,0.27534564018995894,0.8240968617953653
1044,0.2959362817280718,0.1618254328822682,0.06583446496081705,0.2726027677237686,0.3967278180373626,0.2509035491455869,0.40676175789765234,0.34978547636173035,0.42015733968657487,0.35057816653274954,185,False,0.34771124815748283,0.35432287472575785,0.34771124815748283,-0.9799414162090717
1045,0.09121862443037954,0.2053904117861178,0.5395135505417307,0.09199725165200079,0.40851212727607744,0.612903897070087,0.13220643882257743,0.25518581066941487,0.11853951245539376,0.1037895666820587,384,False,0.6175626538344582,0.5216852726397074,0.6175626538344582,1.014750533938127
1046,0.530894988053849,0.2340138225241124,0.42615653090128447,0.2670325375274433,0.24235930369974026,0.1251583563905213,0.14821518679168766,0.37322795323145475,0.28417546665022686,0.3066709781177282,195,False,0.3767036657731405,0.40573663166332774,0.3767036657731405,0.5852027061565018
1047,0.4930702135255129,0.48908012621951047,0.2720476337897781,0.07323415345978311,0.16630296566127767,0.3102087585057897,0.27139083056921354,0.20890965444591503,0.31318990892918913,0.31470453198699255,195,False,0.3977457986927986,0.41983606006572977,0.3977457986927986,0.1977489060854485
1048,0.14759788088848347,0.31939385120499914,0.24842373379314214,0.3575775937831215,0.25693860825155174,0.47748007493496486,0.10846128839333215,0.32655610770671734,0.33686774793093466,0.40092275285335016,573,True,0.33932816294945356,0.3690187865416327,0.33932816294945356,-0.3243626278232431
1049,0.3248781926584645,0.061071526188089253,0.5179889670083446,0.45498223663515525,0.2280420134501858,0.3511786557348522,0.3092043664705583,0.09433730866158033,0.11580074175406262,0.3495092774808897,460,False,0.47402696955050494,0.45691744082025537,0.47402696955050494,-0.08663812084257429
1050,0.28214623351582263,0.22346781542965766,0.21084002003390792,0.3395225836049089,0.4083235819224655,0.4698208065819577,0.32544407653239665,0.1664959203925652,0.23441823495179176,0.36698794853191224,380,True,0.2919959035900271,0.30332488618939246,0.2919959035900271,0.3166352888743032
1051,0.3411421245766468,0.1959307411774047,0.18883059812038255,0.2525801095104464,0.2517207099967936,0.18194270238085714,0.5470287782452999,0.30149624231751687,0.3192332407274859,0.3965636088419531,185,False,0.34280578490363317,0.3650860758644428,0.34280578490363317,1.2159711181749173
1052,0.2987813392392371,0.28731979639368005,0.19071229579250204,0.3854239401566014,0.18132815559737073,0.12774305066324013,0.4089904980263573,0.4427197404682393,0.3707075782152442,0.3055453499613376,185,False,0.32108253317480123,0.31497668980499915,0.32108253317480123,-0.34038103896829475
1053,0.1599641435120646,0.22381863593071488,0.2435896133271227,0.23416603596659774,0.546523092481684,0.37221131810540903,0.31671050288020286,0.39461596480125366,0.3065062239554207,0.15147585716484244,222,False,0.36677095563386347,0.3950472353168415,0.36677095563386347,0.899985321405425
1054,0.21897267618279365,0.3392993363378667,0.4148140900321441,0.21705185419782808,0.36987541425903286,0.1712324215056012,0.5141143504833161,0.32449211167523867,0.2698208377935576,0.09593928329000401,340,False,0.3786234449234768,0.4181750671933121,0.3786234449234768,0.19383536488405753
1055,0.6500962690458444,0.24727888901804657,0.1383795226456056,0.26202178880006943,0.16780976803627762,0.4305639646768296,0.23568862419075134,0.15246134304475042,0.34239453225801264,0.1372976022453374,380,False,0.5018941889094037,0.512798666800507,0.5018941889094037,1.5545625807069061
1056,0.1296368572665612,0.4719718358869594,0.32738551339477323,0.3534256978432144,0.29624040315736594,0.3743719661610337,0.509592498136418,0.03496829276521387,0.09638033862836703,0.17388692374861206,373,False,0.49945112303364825,0.4746242053712042,0.49945112303364825,-0.09008599851784607
1057,0.29312529718375147,0.42404743796103944,0.21204320150239067,0.38321261079523333,0.5020569107225467,0.0,0.047701439718428475,0.5115156391176015,0.16267233359230782,0.0,223,False,0.6291706301013018,0.5115156391176015,0.6291706301013018,-0.044483883398152756
1058,0.2596566624932998,0.48776973370427207,0.31008357155862204,0.2153372885067987,0.2884560931013545,0.26249215222909983,0.4268353873339073,0.20830820806385592,0.2595052097577361,0.3272680497467826,340,True,0.2715186386805759,0.27946152564041615,0.2715186386805759,1.1798512776402539
1059,0.2752267935742546,0.299228607982992,0.5257733340229624,0.3933096107319151,0.37314918698921185,0.20749466871109754,0.38862250937500065,0.20387049451169917,0.16726712900912943,0.026816497405912167,309,False,0.43668896332366935,0.49895683661705026,0.43668896332366935,-0.1647285833899931
1060,0.23229400419250162,0.1573732360180558,0.5256223600624557,0.2702544609510423,0.5020093484817667,0.3717992255993444,0.11220420489193077,0.37256851864359875,0.1026740130988129,0.14060488389442186,346,False,0.4869196631720873,0.42294834696364275,0.4869196631720873,0.47022643121381813
1061,0.24253242418559903,0.25812562906155173,0.10483669853657399,0.711354179001242,0.0799250146439805,0.26744938265690044,0.0,0.27829662690641316,0.26940342965037056,0.35998511190518484,313,False,0.6110501153538224,0.711354179001242,0.6110501153538224,1.3070840824420256
1062,0.45029473518128893,0.3812653743198031,0.09639010850012707,0.22122852028692197,0.3446354777682295,0.36811350815445715,0.285103117569699,0.33277457439047614,0.28505997491452667,0.25705095385637783,185,True,0.2979467910525378,0.35390462668116185,0.2979467910525378,-0.7646615472178563
1063,0.39468979812313676,0.28886733585510593,0.0467320559158917,0.21569150359012224,0.2682502693000369,0.0703557607848989,0.5115352717557621,0.3100352432491038,0.37241970260860086,0.372389788406425,185,False,0.44372324733715146,0.4648032158398704,0.44372324733715146,-0.44037875644185476
1064,0.15069519198385536,0.15618012591651742,0.4180774988951232,0.03318766055189075,0.41689679396412493,0.39919153401170065,0.36000543629846504,0.2614115244946771,0.23945602949763278,0.4342494726264031,96,False,0.4304217897057738,0.40106181207451236,0.4304217897057738,-0.5945196254706322
1065,0.4003853526594692,0.2429268643480979,0.3154394827479532,0.26379086803609286,0.06948767955492467,0.31028372067946985,0.30408612013337055,0.4298335255289027,0.31046900558859736,0.3699590006095995,185,False,0.3034726844859803,0.360345845973978,0.3034726844859803,-1.3037452279490964
1066,0.27123272502411433,0.4369393465821191,0.24383461042142893,0.0337525763648413,0.20918840934420135,0.15741619422696151,0.24843122109257287,0.4044964203915979,0.5717394945121352,0.2327254573886082,195,False,0.47218003573579664,0.5379869181472939,0.47218003573579664,0.49284513383911754
1067,0.14888853390088735,0.1254761753160144,0.4051003416667694,0.07652354628002923,0.2811990141324245,0.41569466694424456,0.1521932629519877,0.6119981659998833,0.13406066018284715,0.35295048829590214,96,False,0.5383182831210533,0.5354746197198541,0.5383182831210533,0.7969970638105275
1068,0.18549275318177172,0.11485099585182096,0.20877132752987215,0.7905552232765416,0.14364768158519087,0.20083014174409877,0.1892855861939215,0.1475103815935785,0.3016068786002312,0.27260998097115624,313,False,0.619656615878524,0.6757042274247207,0.619656615878524,2.694101271848937
1069,0.21262374587994698,0.20616315133893948,0.4394761691441208,0.0,0.5786895431136032,0.06308257987642228,0.44777988996620277,0.2339849693005192,0.34303056953900096,0.08580109512429514,115,False,0.5906704079531844,0.5786895431136032,0.5906704079531844,0.28270869865838183
1070,0.44060447437761185,0.09564862156539186,0.1818302228601021,0.27381704203533497,0.2642488861481806,0.1346540544314911,0.31960007536383445,0.4379928448442573,0.42454666656294926,0.3556684344924281,185,False,0.3844262839525585,0.34495585281221997,0.3844262839525585,-0.29310857782696237
1071,0.31675407328646266,0.1847582889167672,0.5485697652086119,0.2901897568148905,0.22721757466975176,0.4673302474124981,0.348141636979591,0.15295143002189915,0.25025800078801447,0.05604602379516324,212,False,0.4499158398335418,0.4925237414134487,0.4499158398335418,0.4254199318977748
1072,0.2512226545206525,0.2855690321732993,0.674339838113324,0.18312469702682255,0.394178936084494,0.34768794871932157,0.13413455705046945,0.1507689099549823,0.19329744489808645,0.11277164823532279,384,False,0.524626780828012,0.5615681898780012,0.524626780828012,1.6533555527699362
1073,0.18953564364599598,0.553280537983205,0.4100798005020352,0.061309061398142815,0.3056451482694698,0.21497519718944064,0.4867901894637416,0.12633033235593483,0.2326066085154312,0.19841742479868144,340,False,0.4923668200485043,0.4919714765850622,0.4923668200485043,0.5919209970632487
1074,0.2059078485671073,0.3430394516913634,0.1909163831014792,0.15237465690707233,0.33832052213287683,0.06992894160924824,0.3183758965233647,0.3223157683507203,0.48646798288467935,0.4679809762376491,185,False,0.4106626133383786,0.4165390412754311,0.4106626133383786,-0.06240787858191532
1075,0.42746640837467015,0.35034608215202695,0.4431805019867443,0.43537939449180135,0.15707938972522836,0.29025338302589027,0.3015886589308264,0.22257714420838598,0.24320496004118716,0.0,179,True,0.42915282784802206,0.4431805019867443,0.42915282784802206,-0.821656965904748
1076,0.1298511226645705,0.3333994088090166,0.3128346563167409,0.09217877874885679,0.5904386248303356,0.24204866485792512,0.40743951571019865,0.24723266045829048,0.1745389150164253,0.3175231718135019,115,False,0.44619730050709644,0.49825984608147883,0.44619730050709644,0.832083360661968
1077,0.2712496580086613,0.0,0.3083701113538853,0.3602436987066599,0.47149550120505657,0.0,0.24501736607924018,0.3851120289659772,0.1933893838510663,0.48322223564144845,850,False,0.5300213473224066,0.48322223564144845,0.5300213473224066,-0.5915728803019287
1078,0.3840377519048205,0.27015382780821534,0.31670527411052785,0.21833422551108658,0.3073434757433465,0.15504753961720763,0.29383715081122297,0.4821413388729615,0.12186612194079055,0.42356605695712035,195,False,0.34596095436899493,0.36027521693217096,0.34596095436899493,0.018748534497046488
1079,0.2562896950028814,0.2914072557248939,0.32933309126819205,0.4824517365174966,0.3468735337359317,0.2038098399155086,0.10646449860197514,0.14840035553335948,0.3397261268918166,0.44446208493239914,560,False,0.36708394513065895,0.37598723791552147,0.36708394513065895,-0.035357397054125675
1080,0.2511863583555196,0.26645752186597715,0.3259541564625749,0.29303807991601616,0.1666277083558491,0.2531300278777554,0.3912382297934117,0.3499755685528552,0.24811899926758643,0.4948085296176696,185,False,0.2774828013134253,0.32818082126182047,0.2774828013134253,0.832436873216211
1081,0.11455309651399402,0.26514420852338244,0.48906500044256745,0.6608211322155662,0.3424640783999443,0.0,0.21718686078402138,0.20827130660796983,0.030208338905955645,0.17878963878766677,223,False,0.6440092339581563,0.6608211322155662,0.6440092339581563,0.8912915864198421
1082,0.3194881150563816,0.5045589387474206,0.25805634532818766,0.11905820151919337,0.3082737571809189,0.14532846250916343,0.5094545409837312,0.19197870585679172,0.38733301530022063,0.0,340,False,0.5146253219901312,0.5094545409837312,0.5146253219901312,-0.010344961592197955
1083,0.19166713579911326,0.16402247217952187,0.4855657765683987,0.3313221109567989,0.056109468664341945,0.2859773237524093,0.41360538538317887,0.4632331789050793,0.2820568061288006,0.20166838169852705,96,False,0.42608229278014026,0.42945630790405676,0.42608229278014026,-0.0264773295381248
1084,0.24115600778791668,0.13387590893273424,0.35639965606760804,0.27041899949779363,0.610322493966055,0.35364237914982344,0.3975879463789489,0.18440305362648932,0.08338796412536871,0.1648732178234579,384,False,0.4812603880835193,0.5269345298406862,0.4812603880835193,0.9415554219565307
1085,0.46678088324763906,0.2971603788385924,0.5466203901096641,0.3316874425481237,0.3320550822683105,0.25624923521804754,0.2236355669990372,0.15424298262071437,0.18505827355519366,0.032036362454397324,216,False,0.4614976405956251,0.5145840276552668,0.4614976405956251,0.24542355726494341
1086,0.6059345916828317,0.2536833332858046,0.19167545702103467,0.05270016993315963,0.25498151436522254,0.14856267660380246,0.3762215641948552,0.23430503995913804,0.23331667571188316,0.43704303958714164,195,False,0.4862569034102952,0.5532344217496721,0.4862569034102952,0.9015704082349443
1087,0.23697738909206661,0.4380103922707575,0.23461669681487368,0.28053253606168194,0.28706874632933976,0.3075487094135741,0.34895276824965343,0.317086518711573,0.2860147524596333,0.3703162268724972,908,True,0.18676662395564292,0.20339369545588382,0.18676662395564292,0.8360189591244218
1088,0.23518761823438894,0.31101182309646713,0.18060623375359108,0.31224556594435265,0.41934574712957967,0.4114083829468896,0.30951613490506885,0.2877468537753972,0.34883754441353715,0.26916294282378866,185,True,0.22097769343422624,0.2387395133759886,0.22097769343422624,-0.013917946001243372
1089,0.4123255506597462,0.41181525748616093,0.23614547422238497,0.1709725145743293,0.3576058463458533,0.23092479076317532,0.23849388780175765,0.36480007508326406,0.31490642477128117,0.3241401891892243,195,True,0.25167227658552277,0.2413530360854169,0.25167227658552277,-0.20218443114763393
1090,0.02417425750271269,0.5391052759271818,0.19221616369111075,0.5493373541754171,0.2899688284315264,0.2371363662451477,0.15305609450437177,0.20408059673265397,0.2630335402836303,0.3090068696086899,442,False,0.5037036074339524,0.5251630966727043,0.5037036074339524,0.6392309204085806
1091,0.09170761963134995,0.30144689178936895,0.24208845544086952,0.0,0.29111499695195947,0.29298516250243284,0.472937008985755,0.2142277685054453,0.5415802217376436,0.32962452720149277,195,False,0.49317366755601866,0.5415802217376436,0.49317366755601866,-0.07636253032309533
1092,0.615166966443021,0.28068021168304436,0.20750205969966454,0.03687618018633031,0.21116870272241595,0.4517192740234499,0.12952489608455853,0.24109077731855494,0.21513205185649986,0.35853239719529595,380,False,0.5122458114668037,0.5782907862566907,0.5122458114668037,0.8727038808051044
1093,0.2794668188560637,0.0,0.6391642785003148,0.04490697371328025,0.563439195129032,0.24629348051566233,0.0,0.11404469171066048,0.2458848016121619,0.24446053553929095,346,False,0.7044396987586544,0.6391642785003148,0.7044396987586544,0.8288178246729885
1094,0.44318886505354615,0.342754546087302,0.1743497739413101,0.2611606689074248,0.1226193345456324,0.2480608992478713,0.3000792390001532,0.5061901091995716,0.25082931273398423,0.31896579906694306,185,False,0.35035183498856054,0.38357077465393924,0.35035183498856054,0.460508291358544
1095,0.2537767524579511,0.40793430719269175,0.24970015574929924,0.23894439408998494,0.3029133470324892,0.2567661491007248,0.4694226368741554,0.38962755894477363,0.3130906987209461,0.14786475651655795,185,True,0.2891953684803724,0.32155788035759747,0.2891953684803724,0.32790382062288037
1096,0.42048197433034135,0.32551233286973785,0.3005993193269985,0.28211872236023555,0.13335830316748115,0.33695591161011607,0.22331965343226917,0.3879745485032123,0.2595167738542082,0.38498975171703226,185,True,0.26068674744039544,0.2871236711628602,0.26068674744039544,-0.6820060179335504
1097,0.10776277555758838,0.419458758709607,0.4131735252365883,0.3018210933354282,0.20970174086888901,0.2769725812094575,0.5573953779294372,0.1318636345939186,0.23776228488195258,0.21292261308823016,340,False,0.4308013723960514,0.44963260237184877,0.4308013723960514,0.6893678117199374
1098,0.460608047691696,0.14745213635216953,0.2638634770902578,0.46169830501278925,0.33581612483232026,0.49385667615519724,0.08279551468678897,0.2955500340070905,0.12731836066363877,0.12738549131124363,281,False,0.481078643885556,0.41106116146840826,0.481078643885556,0.18310091600274775
1099,0.3167191435239338,0.2479682537620231,0.2667524724133549,0.39329731004704255,0.0846747179445998,0.20376174122047344,0.33513388450205844,0.4439076679424557,0.40613609465085604,0.29892666826632774,185,False,0.32304020922693627,0.3592329499978559,0.32304020922693627,-0.6867444098646471
1100,0.2929654130112202,0.1467352503704155,0.008511196186874929,0.1721386740953006,0.48913664697731946,0.31912343415366895,0.20547926035537234,0.24520518615057074,0.28465115130364854,0.5817799035425784,380,False,0.5132741259731588,0.5732687073557035,0.5132741259731588,0.5103035624351904
1101,0.22900099829146767,0.14110013683163394,0.07209258959758046,0.3840406795870593,0.2581246875595323,0.3947897572630882,0.21235702766618816,0.47260536024801053,0.29975386827360656,0.44065143488716213,185,False,0.40376038223657723,0.40051277065043006,0.40376038223657723,-0.1877606928501168
1102,0.4422737578031787,0.339757500347957,0.16826060843503945,0.3180865075189023,0.14471705702224924,0.17882523316269527,0.33433596132275023,0.2534603564574723,0.452558431562956,0.35456282036151043,185,False,0.33310304054504003,0.30784137454070676,0.33310304054504003,-0.08281684459398535
1103,0.15713628212318043,0.39376972793322784,0.1797427151411002,0.4276706983943332,0.40834670729673844,0.11841969732575675,0.283987566950765,0.15667505281388294,0.44877067129880127,0.34304888345958434,474,False,0.39340561331062274,0.3303509739730445,0.39340561331062274,-0.15392248405157044
1104,0.10686130009156475,0.42474631748233904,0.46048175846694406,0.2482893042846035,0.5282558436477243,0.48741437346700855,0.06230402723251419,0.09898726760538094,0.010557780564653462,0.0637295404578246,384,False,0.6512729039701801,0.5176980630830708,0.6512729039701801,0.27881167922140865
1105,0.21453484834439723,0.22373737836418764,0.4815427497391801,0.26001527759112225,0.5947779153808117,0.21258998468651974,0.18826595990291345,0.31896035802805595,0.25499082555849983,0.05718082700602345,384,False,0.4742918456091901,0.5375970883747883,0.4742918456091901,1.0117582722749836
1106,0.14333142312009986,0.5199987424953247,0.3143437808965425,0.2684825071013834,0.297522736494984,0.35572823837924045,0.4647471813848722,0.1492610576307229,0.289467191399436,0.03225093181763109,340,False,0.45486695857512016,0.4877478106776936,0.45486695857512016,-0.06272238611315291
1107,0.02795601386669618,0.33543314351359654,0.5078303683127153,0.18809745688083246,0.31186838082173524,0.4796496578863234,0.09408861638356439,0.1405888485910597,0.2161561904527287,0.4367649931445964,493,False,0.517747502546997,0.47987435444601917,0.517747502546997,0.06829362608338085
1108,0.23633089581448274,0.26643342931609804,0.5276569102926454,0.2045524483027266,0.5123529098769356,0.5298921771328604,0.0,0.055803827299117356,0.0,0.08057372743625406,384,False,0.6881189227594585,0.5298921771328604,0.6881189227594585,0.39885697144062315
1109,0.2400710032293259,0.4563148750728072,0.09061362038930905,0.46918454806507964,0.15103747110814006,0.29344784691568687,0.22086759170601422,0.4116492756843332,0.3774691480435793,0.19013980738465,185,True,0.4066645255076908,0.3785709276757706,0.4066645255076908,0.043034450969793775
1110,0.30159076358566966,0.4589044318010833,0.40234131118135746,0.28675686548373674,0.32443615862955444,0.2798893984330299,0.4065389633433434,0.08247908577560646,0.27154975821880434,0.1578885915165808,340,True,0.34656136620480643,0.37642534602547684,0.34656136620480643,-0.5584676260076153
1111,0.17631159437707938,0.17532256795638615,0.4805626333717632,0.23856573231359898,0.22738375857640916,0.3262051423053412,0.1470197633678153,0.4203867285123873,0.4289807891563976,0.3314282234508084,96,False,0.36453489749525453,0.3335428700039479,0.36453489749525453,0.29689878004536796
1112,0.43846244198809575,0.3264591326948896,0.155569890299188,0.2387835680629771,0.10361041570326372,0.303912225832724,0.32552435611998515,0.34148415304475244,0.34043812322653827,0.4223530872321338,185,False,0.3237057317342963,0.334852026284832,0.3237057317342963,-0.6964468979002986
1113,0.32347377290732193,0.2354612168778822,0.30387851004406774,0.1603815497296116,0.48258304613932246,0.35361422284891186,0.5914287600122614,0.10705317407367457,0.05174802092983285,0.0016462946343871433,340,False,0.590329355883627,0.5897824653778743,0.590329355883627,0.3482075906400192
1114,0.3262229168290955,0.4803928416189937,0.3132010326293452,0.0,0.28746845065149074,0.07463783733622738,0.39605741034563036,0.23842713615638308,0.3528510441803943,0.3718664970252681,195,False,0.4506824503732367,0.4803928416189937,0.4506824503732367,-0.9814274585637603
1115,0.35916571251522417,0.1730577897196915,0.30999424633115924,0.36481222388431306,0.07595903050506343,0.32675439672173695,0.28481130936851506,0.4744985318218284,0.22136419015444456,0.3795522987635005,185,False,0.348749500966831,0.39853950131676497,0.348749500966831,-0.5928035801323219
1116,0.3716579774120576,0.5308866612555491,0.3806866260349966,0.10494664559041064,0.43057667682209266,0.0637428718383982,0.4125034194725338,0.0,0.22336015650854482,0.12076976500311541,340,False,0.5752105056576611,0.5308866612555491,0.5752105056576611,-0.08157353900489378
1117,0.48786710673059014,0.2995424798202387,0.3393923081546909,0.48357486454913867,0.25270511413051294,0.22831278167429017,0.1946930921183448,0.3253363804783395,0.2519770603254614,0.0,747,False,0.4347712941642224,0.48786710673059014,0.4347712941642224,-0.414743775381406
1118,0.4152256371921736,0.258371638101326,0.16746068558845392,0.1548217894391813,0.2820813345444339,0.33651462076888405,0.34995268684350206,0.4628584459621135,0.3714224827925953,0.20334071185924893,185,False,0.3183344925218442,0.3080366565229322,0.3183344925218442,-0.005181651312771528
1119,0.42661396346408503,0.27178339044862004,0.1893111136426467,0.3797420770858777,0.12688209908568432,0.23139448223849965,0.4049432428510678,0.3755088778190908,0.10736946113163187,0.4218233636030607,185,False,0.3788240949104559,0.31924450233245316,0.3788240949104559,-0.39502899504328165
1120,0.32326673292547853,0.2728629997417284,0.39323417807978206,0.21381853829787836,0.30423307163235974,0.46191150022955413,0.4517873568780135,0.2375664215112552,0.23116705772783908,0.02801948720981539,229,True,0.3931649226456802,0.43389201301973873,0.3931649226456802,-0.5968043595706252
1121,0.328592625507945,0.2240030196154275,0.23341999241920688,0.08497391855488108,0.235635966327819,0.23726682799573207,0.495615289719389,0.18074051640398922,0.5268712408758391,0.3353047323545392,474,False,0.4207076341791219,0.4418973223209581,0.4207076341791219,0.6644099124829229
1122,0.0,0.5691895587784471,0.26424970624339733,0.24078132646101433,0.31560620901317005,0.24358560108601743,0.05524349622300433,0.45469333474569584,0.2888679024276305,0.3098966439660272,493,False,0.5154948797426057,0.5691895587784471,0.5154948797426057,0.014591430282927004
1123,0.29845491246450895,0.17543036740046156,0.0,0.24240939816076681,0.3075555674084214,0.32645924242476554,0.5134708361527094,0.08114050427238972,0.17669180518554375,0.5645922387544324,185,False,0.5487211207764088,0.5645922387544324,0.5487211207764088,0.3396911821804165
1124,0.4893072657323589,0.17678035787010318,0.009872232331435119,0.2145090488843702,0.2670068619160352,0.4288543017042498,0.2421163695920758,0.09408650742911025,0.34188564987951375,0.49360756725325594,380,False,0.5056392943341705,0.4837353349218208,0.5056392943341705,-0.06752179977232839
1125,0.32427831785212013,0.10984712628576365,0.46953061853545647,0.23127084426385644,0.2589715242591682,0.24371070619217794,0.06418719437408947,0.2599747791442849,0.4783029766345449,0.4264858712887729,560,False,0.4324676821816768,0.4141157822604554,0.4324676821816768,-0.04408817133657159
1126,0.43553898656967555,0.3620022196207616,0.18793544827369096,0.2939229847626177,0.48590270595672697,0.34917696728210224,0.2958474031326802,0.10945848904939941,0.1658973780356108,0.26924886171920703,380,True,0.3621287909120126,0.37644421690732754,0.3621287909120126,0.018401233177503487
1127,0.37443136529218346,0.3567682613582565,0.30520112312583353,0.08038399325699033,0.16661489777438818,0.36215007810114375,0.28269308439289226,0.4075486307129543,0.3287209410871015,0.3463037997854388,195,True,0.309503884072769,0.3271646374559639,0.309503884072769,-1.4522264442062944
1128,0.39915996138928345,0.46916978158286804,0.03220677222475273,0.2458661072253364,0.20059393474976686,0.2988909301130894,0.3573260484968306,0.43066323303699294,0.2652299450823836,0.21445339507457423,195,False,0.3966141590583549,0.43696300935811533,0.3966141590583549,-0.5651066509294745
1129,0.3749391294753623,0.22160510297418953,0.39631832975790054,0.009136476488005453,0.28935138225294627,0.3248478711912791,0.3987302163727177,0.28747108598124443,0.26231484077828254,0.39175921887525017,195,False,0.36077954781667004,0.38959373988471224,0.36077954781667004,-1.7149624444576406
1130,0.40072511119892334,0.115646340325155,0.08290791893228577,0.5404608604934993,0.018239728519362598,0.4255097656994786,0.10502638566044674,0.03968576824058386,0.3089214572269636,0.4874878741608806,313,False,0.6350556461538384,0.5222211319741367,0.6350556461538384,0.21240267913425118
1131,0.1649709754939844,0.5036567644214787,0.40900297781170836,0.12678602487494844,0.363221552990049,0.24096082935039034,0.4759618491293208,0.21287012361508637,0.2675584097329298,0.04820183734635798,340,False,0.46987399516607287,0.4554549270751207,0.46987399516607287,0.10523263979442538
1132,0.28906636300628674,0.4277423969417153,0.3159581335028784,0.4936432511702152,0.36835467197520594,0.10479072439517034,0.2255707441367495,0.4328871726864445,0.030459650722458518,0.06400283267262537,223,False,0.5090985800336659,0.46318360044775664,0.5090985800336659,-0.32720087058805336
1133,0.5077485642587137,0.31896336440474704,0.3528512768202751,0.1149567617899557,0.14641316357157896,0.2945642606458962,0.2239133778786165,0.18155204288223642,0.3396294457208314,0.4428128989094857,195,False,0.38868526619102783,0.392791802468758,0.38868526619102783,0.22862628667051663
1134,0.49615292565247787,0.34889932461488105,0.3702052575544159,0.056295352345372446,0.27155691827749046,0.19522998148857837,0.40124171458200514,0.2437685175124879,0.29756952446148366,0.2665650111278119,195,False,0.36857442250508865,0.4398575733071054,0.36857442250508865,-0.3743234237653969
1135,0.5675180666756044,0.3414375983470216,0.40744139911524135,0.06292470253685369,0.13732894945359955,0.03108914696189906,0.3487839445334928,0.22054602561851128,0.3711250269903691,0.25204215535015495,195,False,0.5166448881110131,0.5364289197137054,0.5166448881110131,0.08546621516599179
1136,0.0,0.110470954551843,0.07426626731757201,0.06473046098278985,0.6688262219230368,0.35598412259483936,0.0,0.15244077751212948,0.5131427993506683,0.34275898721210984,517,False,0.7458846957852371,0.6688262219230368,0.7458846957852371,0.8861981082867204
1137,0.38412089006793954,0.3796322350037378,0.3378204425987637,0.19796745379360778,0.21946657368091518,0.2430766704618921,0.4322294586560808,0.27207674938965715,0.24195149227036064,0.35829640240145705,195,True,0.24594226803561176,0.23426200486247303,0.24594226803561176,0.12486958952660224
1138,0.06807487280546345,0.14270272575307535,0.1634974747367748,0.39561511201854266,0.3173755389482065,0.3684560679287368,0.041874978386815434,0.15824208121588557,0.37577578055284777,0.6223105242591618,474,False,0.5670188295828507,0.5804355458723464,0.5670188295828507,0.6361257152398099
1139,0.08268313836055059,0.1187656113057743,0.5037552733187974,0.2954419423738199,0.07278171635254972,0.4068868017938626,0.1922291026379777,0.35755773708385746,0.3324590618574171,0.43797291322865856,96,False,0.47831707353727065,0.43097355696624773,0.47831707353727065,-0.13775152032631036
1140,0.2558614458718893,0.07773946273899016,0.3656677663579315,0.38266271775495475,0.35188517118590834,0.37024376722654345,0.32286466050790763,0.3086604576201294,0.3012096568000245,0.3117756889387157,460,True,0.268168857073402,0.3049232550159646,0.268168857073402,-2.1474482167656945
1141,0.21957175186318403,0.4371730729116414,0.23717688973971418,0.4223588774309068,0.34218494661032406,0.3172967836989639,0.47374307568450563,0.11871469431729838,0.25589847530749077,0.06519628080223579,340,False,0.41549589692765243,0.40854679488226986,0.41549589692765243,-0.2525007249272772
1142,0.12230646059090208,0.5391053755798012,0.04948640713458864,0.6126383438896233,0.18188133083674224,0.21818304972665542,0.07480998519900271,0.2932262240209298,0.12156038405928891,0.3599890801359381,442,False,0.6103882975898899,0.5631519367550347,0.6103882975898899,0.9137517987557017
1143,0.0,0.23797912838126892,0.4642817379726436,0.2686321296185283,0.24820612428534683,0.45201748272257775,0.21464898503068072,0.36282719921604684,0.3490284254961721,0.3003006681427781,96,False,0.4088927427148053,0.4642817379726436,0.4088927427148053,-0.8655768830572685
1144,0.3720111064872418,0.2897751530505759,0.3397085389508029,0.44231486590918034,0.395232268434663,0.45414162230035876,0.3082309304367025,0.0955735302728819,0.0,0.0,309,False,0.5424712061961838,0.45414162230035876,0.5424712061961838,-0.7807890916763259
1145,0.03153542034567469,0.16932270163887833,0.21308912528936177,0.6415471836860471,0.10805118462670038,0.2793087468061332,0.13831807611101538,0.1806204572722619,0.3568949032837651,0.49449724919900356,313,False,0.5893018411654655,0.6100117633403724,0.5893018411654655,1.0397972677719738
1146,0.08246148526426249,0.44466120296913564,0.5860363621481318,0.3439304425947613,0.39103608868456746,0.3009056977007129,0.017426341216916726,0.2859802614308217,0.09059747270250432,0.0,384,False,0.6258140472658726,0.5860363621481318,0.6258140472658726,0.13597115471286988
1147,0.3258611406252928,0.15198452428135867,0.25789502365788647,0.5582259140332245,0.24699965410744693,0.24073590143226153,0.2016194221129631,0.2973985156615089,0.3176201764135969,0.3790089164652742,526,False,0.34199274079031644,0.40624138975186586,0.34199274079031644,1.3604698678920546
1148,0.3412213558560439,0.17944184551285358,0.25380067087797903,0.4907337805439327,0.29370347023171967,0.3683226913834934,0.33138564520468583,0.16599072026425166,0.2835361794466321,0.3262648049525919,185,True,0.2843874069739475,0.32474306027968103,0.2843874069739475,0.3860653488019237
1149,0.1379528432989166,0.39129557596912623,0.2864089579091617,0.28517998730852845,0.4093492994800551,0.18625091495675272,0.5046863855115504,0.06797771256406544,0.42372377311283577,0.1528779368864473,340,False,0.44745854597549123,0.436708672947485,0.44745854597549123,-0.0013208063670553157
1150,0.34080027780961325,0.2968361391330671,0.18229311761375497,0.21358373161243932,0.2276447591808255,0.29727717591300173,0.3842626066584133,0.4848860638267281,0.31776095647362235,0.30488450121479554,185,True,0.2662059102023603,0.30259294621297317,0.2662059102023603,0.6710804485973045
1151,0.11808626354824167,0.2528940228509902,0.4230205678037613,0.2938464264562121,0.3726750349389374,0.3971641059863229,0.1583352904076703,0.47799683648870617,0.20137804312219082,0.25705633537667766,493,True,0.36428671848238403,0.35991057294046447,0.36428671848238403,0.051192116398921995
1152,0.5853231587243077,0.2723916151105391,0.2537381424970412,0.25802539405259817,0.2580606218568131,0.1893752515509566,0.17514396564265286,0.2454147859814749,0.32805049617071713,0.38892188749707624,380,False,0.3625530497102642,0.41017919308165485,0.3625530497102642,1.8169047329420493
1153,0.39993448057798703,0.3727966440410781,0.055548407102863066,0.5111776465121504,0.09758981559197491,0.16321260770993692,0.3052832106102037,0.34361261341403265,0.242461948999979,0.36120557954970994,185,False,0.4423983959741835,0.4556292394092873,0.4423983959741835,-0.2935151431410586
1154,0.35484173159918997,0.2232295201556688,0.24732873284752516,0.38588222894517127,0.38348926836108765,0.26284055919712435,0.2436411507325512,0.4917201556809786,0.0,0.3112562124660576,185,False,0.4039850844914134,0.4917201556809786,0.4039850844914134,-0.9017234785118453
1155,0.18864763451103275,0.43558745018262984,0.41631661378943674,0.10484718372832755,0.22700281049275164,0.17688842203703356,0.29311824320380686,0.35291394475473953,0.3358970952829623,0.42924350087193364,195,False,0.35726581453998857,0.3307402664543023,0.35726581453998857,-0.2747481937449541
1156,0.3924746900220778,0.2120931286559566,0.21234265101897026,0.06521564369587386,0.3860262715780042,0.27956729717561524,0.3922159797753915,0.20795452104019166,0.36782907033177387,0.43827708387812564,380,False,0.36294445160157096,0.3730614401822518,0.36294445160157096,-0.6727265858338435
1157,0.17543131650424218,0.0,0.5037602723121245,0.15895513747365755,0.4327435834200121,0.3424130290289377,0.2811272515871693,0.27306356952119204,0.404418956677785,0.26175957853612447,96,False,0.45588159431560765,0.5037602723121245,0.45588159431560765,-0.4257760950810532
1158,0.4925338244141203,0.27751965566115916,0.24698557716727573,0.17676512586772844,0.2970141060208622,0.30448685325151165,0.2975715559089792,0.11577996123869244,0.237275974247657,0.4989610668518612,380,False,0.3707906252665095,0.38318110561316876,0.3707906252665095,0.6728210159177248
1159,0.36345676296764107,0.35298531006934014,0.3646562608767654,0.12132275055311494,0.12841758386506072,0.1823934175655161,0.3804287866932922,0.38669883594982774,0.33812962395467505,0.3704794532053807,195,False,0.33107424606524116,0.2653760853967128,0.33107424606524116,-1.0533884814379457
1160,0.29069022323932175,0.4533724789131365,0.2759083399634232,0.43884903792942564,0.32404013876130505,0.2056310959787393,0.5166840400203512,0.10070672745378474,0.12668848876045954,0.02825464230531587,340,False,0.503885722018777,0.4884293977150353,0.503885722018777,-0.01205871362609497
1161,0.07472496849278254,0.3647721241741792,0.25811721049206116,0.5997465979726908,0.5588263581254719,0.10302557953702558,0.12217528732122229,0.2980768788385522,0.0,0.09142868954718834,223,False,0.661263649269794,0.5997465979726908,0.661263649269794,0.725139100652771
1162,0.4125237098111917,0.4434620795017156,0.3366868116018524,0.29370738113479095,0.3652149649161432,0.018572831804505075,0.42280350253565,0.2637615184355935,0.2269001476512215,0.0,309,False,0.48936279309966335,0.4434620795017156,0.48936279309966335,-0.9989419154500375
1163,0.0,0.27246510437395444,0.4820586396506877,0.013101589648153856,0.258502245091035,0.45069835634046396,0.20046059308945008,0.3552196510207573,0.36259718711266586,0.3541412064489362,96,False,0.5111018108304771,0.4820586396506877,0.5111018108304771,-0.7191956221390058
1164,0.35947890379124586,0.1975971488962752,0.183758887484366,0.05503479092515777,0.25502514539030896,0.06849512627835297,0.42532000977260004,0.39033912435212187,0.5366164920754324,0.3224681661031294,195,False,0.4825294022817342,0.4815817011502746,0.4825294022817342,-0.0013848203700301005
1165,0.13375622626007602,0.45945122814887857,0.105493505575383,0.6546417140909621,0.2934614090992702,0.0,0.3256843194433981,0.20567697288630996,0.16481447055991147,0.2639554619612102,447,False,0.5926460518601481,0.6546417140909621,0.5926460518601481,0.9253924614304296
1166,0.6127819681165514,0.46279184714992627,0.22243285025414436,0.42492434545524305,0.16040056208132963,0.1995870544628156,0.04434663239242064,0.23325244289304484,0.17791975015577982,0.16337930557218544,409,False,0.5396490012260108,0.5684353357241307,0.5396490012260108,0.9543462639013642
1167,0.3380572782266885,0.5186433558078594,0.19810047427856078,0.00829844722527013,0.22664429605275824,0.35315293001688997,0.14902493349143958,0.42292085861051676,0.3040571803471577,0.3283409854026317,195,False,0.4463707464619665,0.5103449085825892,0.4463707464619665,-0.38536917095682516
1168,0.1055294450764683,0.2724317547812295,0.2909935717338536,0.4062873156809326,0.3289203006010887,0.5441636068096529,0.017515757546287272,0.24099233969741088,0.2777390133162265,0.3536554387229254,560,False,0.4527103446937904,0.5266478492633656,0.4527103446937904,-0.2064235046428409
1169,0.22930834742551914,0.47433995259841594,0.3050211483161361,0.3120716038683394,0.30316457921242085,0.29760804298580334,0.5130533138318006,0.03800765833554403,0.14413367250816467,0.25704200919954634,340,False,0.4271776061483712,0.4750456554962566,0.4271776061483712,-0.031699988325236975
1170,0.00238383520569145,0.5117813336024789,0.07049200864828287,0.527009677821529,0.5066454658858035,0.0,0.0,0.3498721094218702,0.21569462998563102,0.17245743140371972,447,False,0.7139481425969127,0.527009677821529,0.7139481425969127,0.29800801343552963
1171,0.23250147524078218,0.2997268008339282,0.2230597966190138,0.21356159266238736,0.17623560488476847,0.19008280002683964,0.4756989407800504,0.35892991737632113,0.30474564642210517,0.4955422746740207,185,False,0.34864510079955413,0.3193066697892522,0.34864510079955413,0.8833202537107185
1172,0.0,0.2796310551179714,0.4347812626111806,0.08359319647954823,0.42158243940128287,0.3804547476050373,0.31979542485084483,0.4288567314583156,0.26448457732560005,0.2171797285560434,96,False,0.45817430030696776,0.4347812626111806,0.45817430030696776,-0.8737988258755004
1173,0.39864472605269685,0.4506638703852139,0.38766175270877756,0.34081270541269465,0.3375615377002499,0.2882546540136777,0.30394921843030603,0.12689292975779157,0.25071006999684764,0.05628946736283619,340,True,0.3737237088003117,0.3943744030223777,0.3737237088003117,-0.9274443637394292
1174,0.0,0.2898172600515612,0.3087790193822403,0.6321056562905187,0.36313324414123466,0.09785859937100683,0.28379952326537855,0.22935155973057264,0.3676381043419647,0.1065822248737186,447,False,0.5528204039195094,0.6321056562905187,0.5528204039195094,0.5462531209534667
1175,0.31709839847040855,0.3849872624348094,0.09731673325066795,0.32601830921271024,0.2697191041376838,0.31920792566684053,0.38745270177962826,0.38859281583087,0.28097235080706806,0.2841890206233296,185,True,0.25980295562151884,0.2912760825802021,0.25980295562151884,-1.6376040612423952
1176,0.0,0.45908254792709946,0.18811126549568277,0.5616552807452369,0.12295862942503036,0.36345180302661156,0.0,0.2785387092491787,0.2973227472723519,0.35383618430597297,442,False,0.5829505280009557,0.5616552807452369,0.5829505280009557,-0.06691007030580971
1177,0.3511208140332667,0.2101143932680646,0.26441109389678846,0.2991602681283142,0.4253566225336105,0.2762874999520258,0.3307664994000262,0.3206929142440896,0.29885528139155915,0.3381243595803533,185,True,0.1731206174797641,0.2152422292655459,0.1731206174797641,0.2717811343467486
1178,0.1960616802329315,0.4325926940476053,0.0772298884439708,0.646120719254109,0.2619896226134599,0.1803748726185736,0.013487029062924387,0.2630204589978079,0.1585402870792146,0.39410226797308373,442,False,0.5837298741480965,0.6326336901911845,0.5837298741480965,0.8624026786622894
1179,0.03315906339243438,0.23843762590970402,0.4781617164968202,0.23387406458270096,0.22272252859102423,0.3858046758902813,0.5488791399823428,0.21793786765347936,0.2675913899548665,0.19972811703412632,340,False,0.46096999879900535,0.5157200765899085,0.46096999879900535,0.4429721044303285
1180,0.13834338955654077,0.2811805453953329,0.09305722286713485,0.44210880235502825,0.1855788849105443,0.33776576979922535,0.19597859749721372,0.09964879010825577,0.5376791684451336,0.4601273189130165,529,False,0.49716136388397913,0.4446219455779988,0.49716136388397913,0.4269788321565485
1181,0.09407247323780521,0.38885000420594407,0.31863040267183224,0.3369535178279216,0.3258651980113236,0.4350564962323802,0.08498201670295022,0.38449177473096663,0.2299274614512768,0.3485659903195993,493,True,0.3686509392922774,0.35007447952942994,0.3686509392922774,-1.0238214099272356
1182,0.4513142309818571,0.23826295857031965,0.24730103073190954,0.00074968711951964,0.2556374172782808,0.31305605222811445,0.43969896278343695,0.2837956476283302,0.127265675725944,0.4743011543331667,195,False,0.4574672379989282,0.4735514672136471,0.4574672379989282,-0.4609389452130462
1183,0.314312434960959,0.36900164499162197,0.17266969429279955,0.5816648360225283,0.221046100716189,0.3049803230705478,0.21558479695412971,0.23825824710983148,0.19192879366244472,0.33903073532901834,442,True,0.367721397671962,0.40899514172972873,0.367721397671962,1.5963087282919637
1184,0.34289167578725976,0.3322403066747766,0.2603289466832006,0.38607540902833876,0.2753837445268037,0.11464749340315512,0.309626734825088,0.38564622121522374,0.3105038061515506,0.35388091835392105,526,True,0.23997207402235962,0.27142791562518365,0.23997207402235962,-1.6985754712546473
1185,0.04295949552198126,0.20962588055097411,0.20624380700186606,0.28102412454536296,0.29860651497748725,0.40291961590113795,0.10352547896534758,0.26628138709910193,0.5233539622053756,0.47504490957508644,474,False,0.47229473054608906,0.4803944666833943,0.47229473054608906,0.13665367200022088
1186,0.33637414153564227,0.3886579130254233,0.27815614147109563,0.2131906749862287,0.31333989922041544,0.20611466179911966,0.21347583016993338,0.3358815467659181,0.38924667313343164,0.4030011144992435,195,True,0.23163966646992476,0.1968864527001238,0.23163966646992476,-0.2392866143403251
1187,0.4527881911626261,0.15093971559052355,0.044434354061512436,0.547283679326567,0.16812048986476852,0.4398625009438888,0.24120360788607523,0.0901216622813867,0.41819469235212336,0.08817485295111856,313,False,0.5741138178016538,0.5028493252650545,0.5741138178016538,0.3347802525244803
1188,0.5810002783860817,0.30487389576223234,0.2742844758261052,0.03485383148196486,0.27816231127811014,0.27007225235477966,0.30630224010768387,0.275837080718338,0.311028351328435,0.27583461588066155,195,False,0.3976578914143347,0.5461464469041168,0.3976578914143347,0.4733844877169351
1189,0.38493952447908464,0.3837828636172352,0.33472884019524035,0.19227376050644895,0.2101456540132846,0.2904924658998986,0.4121823742028075,0.3328343774233572,0.279023936998554,0.2616203780062319,195,True,0.22529261071622758,0.21990861369635856,0.22529261071622758,-0.1975181929980614
1190,0.359168717825231,0.42877302547993484,0.0919485472063551,0.42337743771771347,0.15368451508680894,0.10508506050940931,0.25312384613662053,0.36417629921813605,0.4026404357734662,0.3255324186928141,185,False,0.4014087991236179,0.33682447827357975,0.4014087991236179,-0.6021582388753491
1191,0.0,0.1644373132692039,0.23861810041970474,0.10606359255375146,0.4223840871097741,0.4632635772143774,0.5048996351575552,0.296713175475308,0.33159004929249947,0.24256239733684073,96,False,0.4977567232781643,0.5048996351575552,0.4977567232781643,-0.20974724298331054
1192,0.5997046818920045,0.26330496135897974,0.19603736896901472,0.34718075608024707,0.24235353345567137,0.24830795012615597,0.31684685101782356,0.12985715988609425,0.37678365051981844,0.18013012759911468,742,False,0.4068885305302342,0.4698475220059103,0.4068885305302342,1.42818246215037
1193,0.38258453968779943,0.23970184186309926,0.2471176548417168,0.31600538090902297,0.23444179730830428,0.34626623987730704,0.2855399822249091,0.41454800447145174,0.27059213476239247,0.3657582026994556,185,True,0.1943487441498681,0.18010620716314746,0.1943487441498681,0.31840219531692776
1194,0.22065934580719995,0.4981284802760269,0.2935699886285125,0.02358689801474547,0.26688671462465163,0.3391906572918325,0.33755611297992344,0.37038229277836066,0.3956659708028633,0.14993410940170823,195,False,0.41071486311279154,0.47454158226128146,0.41071486311279154,-0.6262484527052204
1195,0.11673545965199594,0.04290393250699128,0.18569757500643305,0.415401916702505,0.4503805822956153,0.5648348504303486,0.13958280215936764,0.3306409313812184,0.1870179813521346,0.3030283098820111,572,False,0.5190951535279582,0.5219309179233573,0.5190951535279582,0.39883739818910646
1196,0.3652397426731603,0.24733846995083586,0.31315952439703154,0.33261887556916014,0.6511338202959888,0.24958970925776366,0.13711903343053541,0.1130660608533673,0.2574733422778107,0.11212068149455465,780,False,0.49243790282975813,0.5390131388014341,0.49243790282975813,1.4138836314226646
1197,0.360337359998375,0.22434348864390644,0.33928869033965264,0.36135039544213615,0.2685525895962014,0.20672846582295187,0.42517791333885524,0.1661717635009699,0.47091058499410776,0.17068338647291548,792,False,0.3266743534657082,0.30473882149313786,0.3266743534657082,0.2051406131294021
1198,0.30364714926431585,0.22150159995221705,0.040275956056225415,0.29993624964579596,0.26338380189397453,0.28060664094363225,0.21609773989773948,0.557812564782037,0.30768490141369054,0.40806536272644267,185,False,0.4080488258862389,0.5175366087258115,0.4080488258862389,0.27017700888765633
1199,0.32802372569186583,0.340876831436341,0.4084420752009476,0.2445299431873773,0.09712354605613831,0.2499138770174242,0.3846967792130113,0.310592992396564,0.3802508105113529,0.2977303685918066,1159,True,0.27560085117061234,0.3113185291448093,0.27560085117061234,-1.3088107225560848
1200,0.0030582926886206694,0.495581132765495,0.12748755293543373,0.43980302730833726,0.2977851571624974,0.27616166793430885,0.1258501777833989,0.43109886001859304,0.08789231407472592,0.4127461554227368,454,False,0.5421934681539411,0.4925228400768743,0.5421934681539411,-0.1914520719746049
1201,0.29127714741021754,0.22778450777865977,0.3926152670748126,0.3517930028717653,0.18559974217102415,0.16623238661081988,0.5534481788988753,0.24670419348637382,0.2611738217649694,0.2964906321707252,185,False,0.34588222966720233,0.38721579228805547,0.34588222966720233,1.2967518650638987
1202,0.3253259005482067,0.381217870580207,0.0,0.26570007760665276,0.335016459432063,0.12523011392435843,0.4250225490332144,0.37183179220376256,0.15927297799913548,0.453927221499042,185,False,0.44968512673406325,0.453927221499042,0.44968512673406325,-0.8688117243589344
1203,0.4197675095428158,0.3515457971679666,0.1003549995359422,0.19451389285916068,0.23319671014278795,0.31047585233146385,0.37239726285590735,0.26054740813371474,0.3382695458318682,0.4248965645557068,195,False,0.3144208378177596,0.3245415650197646,0.3144208378177596,-0.6793244715777726
1204,0.3228046171322253,0.2598112657260546,0.2776326126864628,0.3350622302177335,0.11641660310116693,0.2597192752176512,0.492701455731046,0.34713644622613593,0.12146212449088596,0.42418192765995005,185,False,0.36038059818032453,0.3762848526298791,0.36038059818032453,-0.09806500458868947
1205,0.4033056062345505,0.448991599081121,0.4342725777031092,0.18851788767274555,0.16735046259877792,0.15688655310198363,0.33380472381016996,0.2299462257555287,0.3059871489796929,0.31791650259572674,195,False,0.33296910596854074,0.2921050459791374,0.33296910596854074,0.03197785424349962
1206,0.08849476597654655,0.30601171165533,0.48863161019408075,0.23624096413100054,0.5270234410985212,0.3083941517332616,0.13266948707986556,0.22048022365653586,0.17708249468682188,0.3654083648048346,384,False,0.4441004555817987,0.43852867512197463,0.4441004555817987,0.4791384689361434
1207,0.3558681075120263,0.2619963691955577,0.20535928697845596,0.048729832653349896,0.15838374162819005,0.3093223438107393,0.39256617305061486,0.41854318814006863,0.23884959307087622,0.503057957476606,195,False,0.4129293959579171,0.4543281248232561,0.4129293959579171,-0.20245034770929546
1208,0.3529083833331401,0.17462330123066344,0.2811971451828892,0.401849161641594,0.17393638622905994,0.5679439599862826,0.21948708455775848,0.2732557414638056,0.3588179256942327,0.0,281,False,0.476006948512203,0.5679439599862826,0.476006948512203,0.0669895619645409
1209,0.11569506764720458,0.3246038043784122,0.09901334670059934,0.699204601632004,0.3223029309091699,0.19651505417920673,0.18652446688731691,0.17022348370929746,0.20852854922651187,0.36442748380028755,442,False,0.5482403241860291,0.6001912549314047,0.5482403241860291,1.8017348292745712
1210,0.516054443643928,0.24457661837715813,0.14860369228575757,0.06553797052853443,0.15260730082122842,0.2311967544531497,0.5060566501697045,0.3135778199144704,0.39658895548471307,0.2429890872595502,195,False,0.46676929373725823,0.4505164731153936,0.46676929373725823,0.4338296972079882
1211,0.17596155832474683,0.3494913949359792,0.5184821147361672,0.36203402840088,0.19506617765002587,0.3085874921929901,0.10169771918032544,0.41004168425777804,0.3074845372658398,0.2017437737879399,493,True,0.38279477312966514,0.4167843955558418,0.38279477312966514,0.23014126898251375
1212,0.14655537703075144,0.18714867024247842,0.5583979153669995,0.31460566809616936,0.11861200406809859,0.3629596719393971,0.1864876744355396,0.12246378535678226,0.5247765898229801,0.2484711387172943,495,False,0.497790668261811,0.4397859112989009,0.497790668261811,0.8959596500866508
1213,0.3164448043027128,0.27455054555054537,0.567807538197579,0.2639983549806628,0.4205647054407694,0.41337752904534886,0.1185118929944782,0.0,0.15454772110075968,0.21609819999373464,384,False,0.5131661891677937,0.567807538197579,0.5131661891677937,0.1422883360572527
1214,0.5342615084776771,0.2551088772821547,0.10136221880581604,0.20148575906740804,0.12737982308088233,0.3002471300530198,0.4053207494847016,0.2622723341010313,0.240305526772107,0.44879939723080386,185,False,0.42510500041373217,0.43289928967186103,0.42510500041373217,0.49357873119117
1215,0.2655686208951341,0.17873230138360038,0.32959138056105636,0.39889926975801,0.19513421892101432,0.4594442603449977,0.11862159096951262,0.3985625427745473,0.4557273223973235,0.0,549,False,0.4784835096536863,0.4594442603449977,0.4784835096536863,-0.4918198239291322
1216,0.44358421023486333,0.35106097356088617,0.16418958205526252,0.27019906782564823,0.29745514393482564,0.19053135601380095,0.323264130076003,0.3813309850429506,0.41479075632538404,0.18242076747210745,185,True,0.30120787002252786,0.2793946281796008,0.30120787002252786,-0.11549094534557007
1217,0.00832356768767183,0.39488603073838435,0.14711297792125555,0.4450385345466314,0.3440026497648202,0.4124213737514974,0.27941185681980046,0.42721823630735756,0.118697108912991,0.24736530080572997,171,False,0.46221585132051496,0.43671496685895955,0.46221585132051496,-0.6733017071352296
1218,0.3278236707874907,0.5345916231590168,0.3483770532779826,0.23694217537302054,0.22649214631301284,0.31773306985122873,0.34725338863360367,0.0,0.344244435935367,0.19466157296686068,340,False,0.42393116233252776,0.5345916231590168,0.42393116233252776,-0.4893669711434954
1219,0.0,0.12485735663385208,0.1070937752128864,0.5159014049286854,0.36826394090345843,0.4045831152489425,0.31727469280914694,0.444511632781225,0.24795025181593228,0.21851390603993348,171,False,0.5112839885159991,0.5159014049286854,0.5112839885159991,-0.22121961545717547
1220,0.2556642798596499,0.3392824108272024,0.43670712116793226,0.07055502594870638,0.6195098283788244,0.34260653958959714,0.26115921920712065,0.2128087588689646,0.09543608932262003,0.007789681687099775,384,False,0.5738960916650527,0.6117201466917246,0.5738960916650527,0.4937198124440476
1221,0.3599590601359515,0.2029906514066047,0.4295998573012152,0.08832611500367647,0.5373366267462453,0.265617130139247,0.3006788305300845,0.41971182238021293,0.1002002583073696,0.03126908180187101,721,False,0.5194209118789607,0.5060675449443742,0.5194209118789607,-0.006208750427014101
1222,0.3393888541584403,0.41815276213596103,0.26318182928340245,0.15079145455013176,0.40312307211170034,0.3326565091720481,0.4441646546664659,0.29426681077871264,0.2386275157063026,0.0630387433604082,340,True,0.3686536237319481,0.38112591130605766,0.3686536237319481,-0.7092309737378597
1223,0.36065145301367524,0.3541286203608839,0.24754269861020048,0.22955692631511385,0.3495140817623929,0.17764878688068073,0.3381878612812807,0.3866993645092685,0.3275669274900838,0.32499688426260287,185,True,0.20397423841214954,0.20905057762858778,0.20397423841214954,-1.0230927472677924
1224,0.5408581939373351,0.32911987233671,0.015654044919825114,0.39498064184299325,0.27627551546152107,0.12947930319044343,0.15714152187640915,0.3198859531532124,0.34366197456833597,0.32354394299084616,777,False,0.4580073811225691,0.52520414901751,0.4580073811225691,-0.24411011542313352
1225,0.391701654072865,0.1140807529686359,0.34752377618484126,0.18311464805484887,0.32019428358743324,0.4181506640482237,0.2464226516638719,0.2172759368131444,0.30362660098452676,0.44917170521987143,380,False,0.3288759254140305,0.33509095225123553,0.3288759254140305,-0.28691809429405074
1226,0.4737282999395277,0.2822817119691949,0.2213706261964893,0.05595806267631268,0.22589631788782658,0.2539400394524903,0.2840067350648224,0.4098634882457575,0.22100383838607024,0.48037171314523347,195,False,0.40069084680099765,0.42441365046892077,0.40069084680099765,0.04038932429783665
1227,0.2750627190873914,0.20170826928396815,0.1469147847752224,0.22143444102589804,0.13239751382952797,0.106128002806168,0.42640353654817215,0.28959664514026595,0.39170553053092766,0.6042561037002839,185,False,0.48156260410967733,0.4981281008941159,0.48156260410967733,1.0064309599887302
1228,0.5675237999037698,0.26111627955649364,0.2275742678517604,0.27510172347885453,0.2510096361943465,0.3001024942969897,0.36829716100936843,0.13118705002649916,0.24743871964197398,0.33929030934892884,380,False,0.34995185071622004,0.4363367498772706,0.34995185071622004,1.3857111129056645
1229,0.5292691398711431,0.17362467164789888,0.1786447218952499,0.27608258209472575,0.32307948965672356,0.2338718215386637,0.265229682940956,0.1992650857207272,0.4475182298904757,0.33494896842188165,185,False,0.3563161368926045,0.35564446822324425,0.3563161368926045,1.0060341107151245
1230,0.38574988688953726,0.3457518667276338,0.3456787653264969,0.07194747396228292,0.37535896660444873,0.40018271948661815,0.326093571391238,0.3097113932505784,0.2405928063529452,0.21400653715506782,195,True,0.3051225611752502,0.32823524552433525,0.3051225611752502,-1.4829430417560132
1231,0.3766316739800961,0.35770049282561917,0.23589185166538992,0.4072588694634042,0.25872015191142417,0.16780038342405376,0.2857024240447639,0.4067480435505859,0.21449868934213606,0.34716216340410083,185,True,0.256667903737716,0.23945848603935047,0.256667903737716,-0.27430644900717555
1232,0.4979856760815861,0.1635419778324717,0.11966366259716388,0.3655982746675232,0.28480937840372217,0.17288805029961105,0.41496391461521853,0.27098762783726593,0.248321498320034,0.39872700680226625,185,False,0.3770544442246076,0.37832201348442224,0.3770544442246076,0.18266326269165567
1233,0.20647556837140402,0.19216264294140065,0.6247365724834226,0.23409416947814282,0.5056136436093641,0.37999354866680074,0.0,0.09088146612412899,0.20133323073981654,0.16282115594773527,384,False,0.5973354951723097,0.6247365724834226,0.5973354951723097,0.8346614570845566
1234,0.20118176848414263,0.3761756246420037,0.18791763868594832,0.23083249541624346,0.3143556385479024,0.2475697081833146,0.3559383486891565,0.3801623648160027,0.4869714667853862,0.24688893562773986,185,False,0.29142486190618316,0.2990538280994379,0.29142486190618316,0.6219991614767973
1235,0.17686915312335227,0.06875693816960074,0.23425533111456953,0.2611222850797765,0.3155381651213879,0.3596794200119139,0.4226804604157765,0.33679922083336117,0.36330029979738543,0.4334929812277103,185,False,0.3464528316429852,0.3647360430581096,0.3464528316429852,-0.8371910185625093
1236,0.3323156316960435,0.4434491108832748,0.09453065524543305,0.3597149681509135,0.3163862545513807,0.23270212011842586,0.33864210467121325,0.24321190944367369,0.2687858986543154,0.39276124789863476,185,True,0.2973267846043448,0.34891845563784174,0.2973267846043448,-0.8435340791148893
1237,0.18417970210214699,0.363664670727473,0.2080775203815034,0.27758709451503455,0.2902968366686014,0.3247572437015842,0.2973502074698819,0.36047270546981075,0.29792042910643896,0.4654257996741383,185,True,0.24193156478542074,0.28124609757199126,0.24193156478542074,0.39768349735263364
1238,0.32788436409286004,0.06421824592038741,0.42306994483412047,0.44580176375218417,0.423596254628109,0.07115477706206522,0.26069830988655035,0.2726926683591675,0.16030980620103333,0.3976424858278501,460,False,0.4464926660591466,0.3815835178317968,0.4464926660591466,-0.5171448070251583
1239,0.07106429895738257,0.36253456988418525,0.24768644836670992,0.6457731017467715,0.22121829352268524,0.18390951954835,0.02913322165435257,0.34446772375395646,0.19695641139884376,0.37958957485095074,442,False,0.5509478667447075,0.6166398800924189,0.5509478667447075,0.8598987742293954
1240,0.08387748835979832,0.3139342006773755,0.1548575881112482,0.0,0.541026888489359,0.16683096255764135,0.38640267903708136,0.38963230127627874,0.37595053071460255,0.3277608667153783,289,False,0.5166225526278477,0.541026888489359,0.5166225526278477,-0.2141902472560203
1241,0.30358162798827604,0.12957925197426262,0.1692999192431683,0.2866435895857584,0.4703675964816564,0.324729415175971,0.3122721187337194,0.32770773364498473,0.23894528653586586,0.437635063508493,380,False,0.31961183324349063,0.34078834450739376,0.31961183324349063,0.018571072506919337
1242,0.23465063802642225,0.4241282571012881,0.20081849431113813,0.2445375238579463,0.19184484662032542,0.26036797931055006,0.34811533992478627,0.4263365879449591,0.24364116816327444,0.44499832203003753,185,False,0.3005644711744539,0.2531534754097121,0.3005644711744539,0.5205447724859683
1243,0.2536809618826545,0.15397778354990196,0.22567196078712493,0.6152059679072083,0.12337110933262284,0.42551910499830425,0.1117365635328075,0.1171402496291339,0.3983207275963754,0.318398109030939,313,False,0.5149371041132926,0.5034694043744008,0.5149371041132926,0.9615243567564219
1244,0.6270964982356106,0.3413330807323977,0.17610567828075818,0.3001707881783927,0.33565603105610653,0.2970023017402747,0.07047917755136872,0.2011951071621911,0.2616674959211165,0.2330965367410941,380,False,0.44879979184034413,0.556617320684242,0.44879979184034413,1.2910253116112973
1245,0.0,0.43228971723206344,0.27124080287882657,0.27410179271856194,0.2870438330670167,0.3610818632253242,0.6030372392424899,0.13135499789824698,0.2659697595957352,0.0,1106,False,0.5823193921814996,0.6030372392424899,0.5823193921814996,0.14803028504566967
1246,0.38163298544368485,0.12866140119815275,0.20577154547161697,0.08237437737440498,0.2575823042374286,0.6109729782545599,0.34912654687769823,0.1963379221877603,0.428827688692848,0.06860980733507935,380,False,0.5348927918606582,0.5423631709194805,0.5348927918606582,0.7253651904283187
1247,0.11133841792242413,0.34523218631292585,0.5415234866165278,0.2931905454760094,0.5488181215404859,0.37340384704769225,0.09271949198649873,0.15034338615751733,0.10143738812365614,0.0841948129527707,384,False,0.5735197713411196,0.4646233085877152,0.5735197713411196,0.5876256609740782
1248,0.23091791341302906,0.3861088017216622,0.41626121108218483,0.18295943845404858,0.48416492148196066,0.19482820898916253,0.45350186134350645,0.0,0.3281389591748151,0.0716696696315342,340,False,0.5115307657174936,0.48416492148196066,0.5115307657174936,-0.350355781964309
1249,0.1714506935663136,0.17116161359163803,0.5129716084930048,0.26347759934767645,0.1916377776596297,0.29984778945302426,0.22383324439189572,0.35451392442911284,0.3404387252529983,0.4363878332437966,96,False,0.3525811503883626,0.34180999490136676,0.3525811503883626,0.6851797378431881
1250,0.2982253121017687,0.30051426553557503,0.24904458363206372,0.3115393680691946,0.34420037882672566,0.12172353938036078,0.40665798940455616,0.4102923651103529,0.35147530546870265,0.26671501747282716,742,False,0.25385153175081615,0.2885688257299921,0.25385153175081615,-0.9881587766878998
1251,0.3246599697600698,0.28207542866114593,0.3638562678419637,0.08769384287024698,0.250181208515047,0.17576724586203102,0.4212185042495217,0.39529919474713304,0.3605504839400727,0.34319071648932625,526,False,0.3158985088285115,0.3335246613792747,0.3158985088285115,-1.0529993163125404
1252,0.31342441363830076,0.38847533303423815,0.3538695797645927,0.08956041123611409,0.17092645918882032,0.11830507636766398,0.3926399241701843,0.3179300413402905,0.4392186603503344,0.35529805435962936,195,False,0.37523777742781594,0.34965824911422033,0.37523777742781594,-0.7854009093922181
1253,0.27349859810649796,0.027204082933478535,0.47106448958435876,0.30692339466390856,0.09707177458628982,0.5187296750004992,0.24679747572681585,0.35747401752232233,0.3696253046139984,0.06731859311523683,281,False,0.5194099701993758,0.4915255920670206,0.5194099701993758,-0.15729409623777948
1254,0.40286428891317216,0.3586896795720134,0.1619207499867006,0.29030304804342977,0.25618896155269755,0.21227882130435557,0.3006824598367427,0.35577079113337284,0.34199052606279995,0.39231682364867027,185,True,0.2376136789515031,0.24094353892647155,0.2376136789515031,-0.6541324887844289
1255,0.25093447666894575,0.2103452702463987,0.35984066383077473,0.1637941026439135,0.36621430981977804,0.35835340085137496,0.23589471062372377,0.373232011835201,0.4347452324055753,0.29998499532485284,96,True,0.26248571022078704,0.2709511297616618,0.26248571022078704,-0.24935809074619608
1256,0.41229569368485947,0.2583162662278477,0.15766253664306557,0.1139416284098572,0.3910365463595119,0.4682515006091834,0.133931563985623,0.13724042186183966,0.3907179197088398,0.4047748250670083,380,False,0.43128959038036835,0.3543098721993262,0.43128959038036835,-0.12154332389817943
1257,0.27381445388133224,0.2004398342823404,0.07065911332845035,0.6691920039992604,0.03337574715031348,0.35026212568853304,0.0,0.21811131991052363,0.47821228819971634,0.17883464853773712,313,False,0.6603027669398821,0.6691920039992604,0.6603027669398821,0.892914799680659
1258,0.2346117204812198,0.37991201386928264,0.3496037011743163,0.03565449350995898,0.2771542997056113,0.22138306276969527,0.2815467568725329,0.300098568913143,0.5606846058983095,0.2600197887878856,742,False,0.40676262951917724,0.5250301123883505,0.40676262951917724,0.22346152786359133
1259,0.22946374684979642,0.5019501970070447,0.35452779178941113,0.22775121176486285,0.2579229727178032,0.25103438920831134,0.4576024840107285,0.27384265347066333,0.30862576816945525,0.09300321264985602,340,True,0.36143565758419466,0.4089469843571887,0.36143565758419466,0.34942702102693174
1260,0.22818163101119107,0.30668759900191456,0.2860685429495591,0.35247863474697805,0.12397854548980006,0.25615642524529486,0.3067361423574165,0.4884854389450476,0.3100908209856257,0.3714179106932474,526,True,0.28893179236147537,0.36450689345524756,0.28893179236147537,0.08868713663211279
1261,0.08143392686249834,0.37448500774078014,0.0,0.4234390842679434,0.3026626830178252,0.23180484826131653,0.46252517456243875,0.4293473166115219,0.31714496407813597,0.17216580802475037,862,False,0.4819556139989247,0.46252517456243875,0.4819556139989247,-0.6430626547605827
1262,0.5282865601864772,0.0,0.29827136076092214,0.4418148624239278,0.30219054424442965,0.23821431472402096,0.21056425076362667,0.23470568420088236,0.2469568666283637,0.3581482826659405,460,False,0.43785047805564065,0.5282865601864772,0.43785047805564065,-0.2737568573928194
1263,0.3943516447041426,0.3213259348281775,0.13825136670616303,0.3237664621351987,0.21879859895893766,0.1614004236866389,0.38131662369035146,0.34974183336878983,0.34893345392422487,0.3922997133256523,185,False,0.2890364444431338,0.2561002779979795,0.2890364444431338,-0.9206366871684135
1264,0.30902979333574665,0.19700028428550537,0.3672800346741702,0.2163521178019815,0.5034684660290858,0.06550478318726241,0.2605788840996726,0.4039375286056211,0.2353199970540769,0.37386475669734404,185,False,0.38134953336459576,0.4379636828418234,0.38134953336459576,-0.12879802267484286
1265,0.4739869620017417,0.20791472387893906,0.2747166021385809,0.40930637356811267,0.16130636138364085,0.24066371740156786,0.08898128562136827,0.36100485564842294,0.37756930329472693,0.3526576067990738,185,False,0.3680392887788914,0.3850056763803734,0.3680392887788914,-0.28666690075988444
1266,0.25980197783988374,0.09612984415290798,0.504056744107312,0.5408450645049628,0.255293086657393,0.29194418927823146,0.10002884959912524,0.07555321438185457,0.4047064537240748,0.21625923773176925,560,False,0.5139559746801813,0.46529185012310825,0.5139559746801813,0.43346279082297057
1267,0.5564944530308564,0.3875380321041461,0.131269096208964,0.2331083629017211,0.2837121542518909,0.3325792138909686,0.0,0.21188017023807953,0.4752391155166211,0.0819156243019225,543,False,0.5443635038051831,0.5564944530308564,0.5443635038051831,0.1381398558953952
1268,0.5164893623459612,0.44752192697363796,0.4867481386493518,0.18290251224620022,0.33351635354408804,0.2124574226240344,0.23860041665084616,0.03642971016485078,0.21899129407042475,0.0,309,False,0.5559053451556749,0.5164893623459612,0.5559053451556749,-0.004364790367564615
1269,0.04855886090780837,0.31659039065117617,0.35651996320763585,0.46897497915401853,0.2798399729452375,0.2293995680471138,0.026676509946193427,0.25834110186956977,0.29507707250389065,0.5146957686272859,560,False,0.48217512343158764,0.4880192586810925,0.48217512343158764,-0.30252902878890786
1270,0.3187756827038834,0.4228927580449735,0.4181322469218211,0.04296971384488084,0.3184865697380978,0.2169633118115112,0.20194192615244777,0.44561621546752656,0.2131350363726182,0.33102135362376306,195,False,0.3833360379048746,0.4026465016226457,0.3833360379048746,-0.6716129552899293
1271,0.0,0.38925177903472896,0.31726066704682526,0.3159344160673912,0.39607057496807974,0.23499778969690083,0.5634088692151162,0.1366401339929144,0.3159402233993432,0.0,340,False,0.5582626090337456,0.5634088692151162,0.5582626090337456,-0.2408174933298804
1272,0.29584090574227817,0.3654754724972373,0.1563793077124785,0.585434264977272,0.07392517900793068,0.2130969524178255,0.14247400077535133,0.21074309495172736,0.38467018755387494,0.3849158110831204,313,False,0.47003291067886016,0.5115090859693413,0.47003291067886016,0.6582676092935807
1273,0.23875154751067104,0.29432354660734417,0.33334667992883293,0.11009009993492369,0.3073828364445327,0.27783868604140505,0.4685307687653097,0.33449889114455006,0.24339412940409116,0.4132815917306928,195,False,0.2984532299393748,0.358440668830386,0.2984532299393748,-0.22071516531604385
1274,0.2140071193364741,0.1367123128326352,0.41327032230730604,0.4776686328343254,0.3255897845872997,0.38016292978390986,0.2646539183914885,0.3930400974149436,0.24798435151043408,0.0,747,False,0.442207849257197,0.4776686328343254,0.442207849257197,-0.7268518637014113
1275,0.21162102660660087,0.16906184071289454,0.48137023541352136,0.24557115764164497,0.5340111886118207,0.43298062384282104,0.16522863096834828,0.30675312593748205,0.14584745144610028,0.13893346631343886,384,False,0.4574700513305911,0.3950777222983819,0.4574700513305911,0.7569095300551489
1276,0.3402579751175569,0.1994668275840805,0.4695672345145451,0.42079320316951313,0.28598986239345947,0.17553937205761677,0.0,0.33788306412461977,0.3113090025873491,0.3509909612094901,560,False,0.4136020694573326,0.4695672345145451,0.4136020694573326,-1.0032058823081489
1277,0.16138851145814181,0.3057780195667447,0.42416842989546766,0.4312737453334128,0.23039340291163657,0.3112169375089876,0.2970735461516751,0.2229002655568948,0.41731947632293875,0.22914576793097197,495,True,0.2885195266955544,0.26988523387527097,0.2885195266955544,0.1979699475067203
1278,0.3335436000296908,0.09708290539610846,0.39280402906236916,0.48674085187201066,0.17153577928352823,0.45662867489360714,0.0,0.2684730081504726,0.17445476034146978,0.38427259128085184,560,False,0.5009204837840832,0.48674085187201066,0.5009204837840832,-0.3624651573596161
1279,0.19613546074121668,0.2778589832018944,0.34186511374943895,0.585767110343796,0.34581634678463635,0.2270730250610247,0.060247355405908705,0.27791415888713594,0.2599528369635054,0.3236321948320972,560,False,0.4101739939107546,0.5255197549378873,0.4101739939107546,0.7633577168168747
1280,0.1798624384419607,0.2526215873849578,0.39022186993494606,0.4834534191242891,0.4235031693319545,0.3352499950819994,0.106809966943824,0.15096206725712719,0.18333671512625022,0.3978363495801559,560,False,0.40427615614178447,0.3766434521804651,0.40427615614178447,0.021390221528855027
1281,0.4893660012496642,0.19449767467235715,0.41482178593678554,0.40174776915142596,0.3284993188600692,0.31318131099818936,0.25005415681881593,0.24849898334947337,0.15188239515463325,0.1893984244547841,460,True,0.3377137909481167,0.3374836060950309,0.3377137909481167,0.4011507515150907
1282,0.1939043869672881,0.17583737557244758,0.16932527356026839,0.4346505684056254,0.3372679631004142,0.11369504028838585,0.3335706030616472,0.3254247338073149,0.3619339925507616,0.48892441184783747,185,False,0.37952274889610577,0.37522937155945163,0.37952274889610577,0.03272831303922107
1283,0.2698630300716023,0.4626528045980223,0.176094825971298,0.136382366522111,0.411237940551456,0.40648336509998295,0.5345079427251613,0.06932606656555813,0.19248847683379824,0.040184099574125165,340,False,0.5411679941620349,0.49432384315103617,0.5411679941620349,0.19044908132831112
1284,0.205062636524138,0.32175678185821877,0.5779807034537674,0.05117810354081388,0.4634543918782604,0.21498059547290838,0.05072095042890594,0.21801005043230243,0.29179459074680075,0.3485531332679879,659,False,0.5146487607801034,0.5272597530248615,0.5146487607801034,0.37366221395629107
1285,0.29485197651834166,0.0,0.35241997358964877,0.42192713984919483,0.45642710628841887,0.24246656696701793,0.4004524093086371,0.12949480282244408,0.23900625007641846,0.33086129980805895,460,False,0.43148119345856595,0.45642710628841887,0.43148119345856595,-0.9270944521176475
1286,0.3253282148842676,0.2608895043748231,0.36969839144222677,0.21589188810394566,0.47404249176016755,0.29415275593525403,0.425699891216192,0.29866812598667297,0.21924223811555157,0.1143664175750027,486,True,0.32235231510464674,0.35967607418516484,0.32235231510464674,0.011129235528743066
1287,0.10510450654721554,0.5062557637845343,0.3159626743004174,0.26866935596192776,0.30009807140478845,0.31583470392632806,0.02908302040864002,0.46824731268297587,0.2360579643898313,0.3082326504873256,493,False,0.44188124114466526,0.47717274337589427,0.44188124114466526,-0.27371090896910055
1288,0.2835544514825994,0.3190537278961785,0.32533137406815105,0.25539306250958993,0.3378423968257163,0.3215231781239087,0.39460036164408885,0.27779818792511596,0.3593432288950643,0.25925276948985,195,True,0.13445702515698335,0.13920729913449892,0.13445702515698335,0.3500945439458856
1289,0.5055643568073169,0.3854142970916525,0.12931799947023706,0.14011291537259934,0.24360003310515033,0.18160098380760853,0.16130031765987807,0.35760238726626503,0.4822473863170794,0.2841232686142983,195,False,0.4292942660159994,0.3762463573370799,0.4292942660159994,0.44840214912671733
1290,0.0,0.2418128223454044,0.38618975892226554,0.36268007874745234,0.3784318225365276,0.1755279904272657,0.44806398749532256,0.27415036832740763,0.43597387676876104,0.14433810041654707,222,False,0.4464217042436842,0.44806398749532256,0.4464217042436842,-0.7767167507071763
1291,0.24621440613548812,0.4219644245280684,0.3203045305015921,0.25197676471472324,0.43365347807179266,0.14787204732235698,0.35133299243372407,0.22647729187670007,0.3480024902320391,0.2991373572275668,340,True,0.2700900003006955,0.2857814307494357,0.2700900003006955,-0.14438441674042216
1292,0.3553276219212555,0.41083570768240446,0.048756617101526,0.37074250620875426,0.21111900447685206,0.3022813871706658,0.34215731470265953,0.18356139394687926,0.3029686018632047,0.4320039706107226,185,False,0.3578926232141063,0.3832473535091966,0.3578926232141063,-1.0636014363293345
1293,0.18542701122506275,0.0897880095628649,0.11946564119523025,0.3823234822169921,0.3189654370286827,0.30432152666276224,0.4176312098004237,0.48479755839463934,0.33144804986832005,0.2888923691803414,185,False,0.388965738688741,0.3950095488317744,0.388965738688741,-0.32269523589406673
1294,0.32599651511142713,0.37886923945388096,0.18158061790278732,0.25251112780144325,0.29013777945160163,0.19728753312750785,0.6424410672227118,0.0,0.33223293562748873,0.08508484534139014,340,False,0.5487575481476076,0.6424410672227118,0.5487575481476076,0.7004695409718364
1295,0.4041812895598425,0.2702363291268161,0.21757064823557282,0.24020118605909255,0.15097800999677638,0.2565908961820051,0.4150404041401052,0.36684646646495667,0.3593203753737827,0.3660559631265826,185,False,0.2699895422503198,0.26406239414332877,0.2699895422503198,-0.34339508461832763
1296,0.4057556168532948,0.3608567144736978,0.05999885381386708,0.395632636172022,0.1501410103414729,0.3370269247985553,0.3498021703123082,0.42151154938170815,0.24916699985064558,0.21626963793001305,185,False,0.36970727985592905,0.36151269556784105,0.36970727985592905,-0.9008987257197012
1297,0.4124949452210703,0.28896495852692367,0.0580317338428923,0.3215100118167092,0.06671639167080827,0.3516727955592808,0.3347423092537942,0.3799762505129405,0.2132095593979466,0.4578135977100855,185,False,0.4186668793690333,0.3997818638671932,0.4186668793690333,-0.8564970495581175
1298,0.3864443534570394,0.24329340255867743,0.29807100211546905,0.366089160904399,0.306045502798277,0.06045982234583435,0.4321503958444947,0.2853588529634122,0.30049376260056426,0.335860246326732,185,False,0.30595829101386546,0.37169057349866036,0.30595829101386546,-1.496761206122845
1299,0.11695846715818145,0.21579443786622723,0.4392701399919291,0.006047907981119704,0.31139106680860196,0.4857385500145894,0.33659338806891437,0.1349685760013678,0.4500656783491112,0.28245631304798685,96,False,0.49216473551647066,0.47969064203346967,0.49216473551647066,-0.307989396266994
1300,0.40819483707072884,0.31314944438436426,0.23582769687893032,0.2612695700501358,0.2856233668656213,0.21345360622802445,0.37571422646326225,0.41325911392013714,0.20552540885221104,0.3607073481659984,185,True,0.23798805930896264,0.2077337050679261,0.23798805930896264,0.0967953644179014
1301,0.2677196085303203,0.47715897946708336,0.15798764246821254,0.06899239382569655,0.2986350250207254,0.1799770205715712,0.23323810811043508,0.1375493953309122,0.630004406859845,0.2812924882524081,474,False,0.5213256471537029,0.5610120130341485,0.5213256471537029,1.19031295391713
1302,0.06416356223689877,0.24748759191696934,0.4238991546325802,0.4123792434663112,0.3123916884104357,0.39539032515708966,0.0017870843062436006,0.33099530937358274,0.11532373313215695,0.4561831509944531,560,False,0.5044028132660127,0.45439606668820953,0.5044028132660127,-0.6694298477970552
1303,0.16403839259640743,0.15870239835645708,0.23943993827191426,0.43652174497988305,0.15254802383708974,0.306070062774324,0.3657933022350933,0.38588832836065523,0.35446606109600803,0.4179853147338088,185,False,0.3381762822796526,0.2839737211427933,0.3381762822796526,-0.2913709409913249
1304,0.05015849267689525,0.16835816687714866,0.4273322425768366,0.4171927829769046,0.2839999726686176,0.39223677732560003,0.3412574754506058,0.1814032743971111,0.47812916985781434,0.0,866,False,0.5167481116090915,0.47812916985781434,0.5167481116090915,-0.5051986107155368
1305,0.21319926621190974,0.28419141690546124,0.009537282695938325,0.2734990659822972,0.23382870990257423,0.2700993496568204,0.4928959226712478,0.2906117030651644,0.45504147414764673,0.3698578005003806,185,False,0.4128639914882819,0.4833586399753095,0.4128639914882819,-0.511494145084471
1306,0.3011091738877479,0.5471175494116082,0.4482162947524151,0.13534673581301865,0.3204699339155714,0.24281367275272855,0.39243003104346563,0.1719208750446759,0.18349496182267674,0.1090462790512528,340,False,0.4430108775362696,0.43807127036035537,0.4430108775362696,0.566028915302521
1307,0.3261977873437636,0.29500175251343924,0.005346974669703385,0.47547535808466534,0.15668449847090823,0.2104574201230767,0.3422530568939587,0.4065140558196061,0.3526603028021766,0.323822611643387,843,False,0.41159685200513857,0.47012838341496194,0.41159685200513857,-0.9886620624738409
1308,0.47203843173076715,0.22022405204525325,0.37518531986169906,0.3210513805662052,0.259583846149884,0.42251355893549614,0.32023179060990925,0.21611327221974308,0.2994799590184235,0.0,309,True,0.4022655511150994,0.47203843173076715,0.4022655511150994,-1.0066056335462699
1309,0.15314201923770698,0.30819212421830217,0.4556057807138765,0.242926211517366,0.33122326494513255,0.4358483928792952,0.17110616439081686,0.2549176031596292,0.259046974950736,0.39234812719170037,96,True,0.31603482111001563,0.3024637614761695,0.31603482111001563,0.1617821089915869
1310,0.17927177930553959,0.45316835553932366,0.21456436629151235,0.2136678314673036,0.30615171440219874,0.2267255622171901,0.5702791431029959,0.0,0.43741506718895334,0.09552311940091951,340,False,0.5426000653124672,0.5702791431029959,0.5426000653124672,0.3173280745518283
1311,0.039444358142863935,0.22790158262708127,0.16557817375887313,0.5729993858340838,0.10431791706701385,0.08354452319907162,0.45212683416986593,0.20066573708385127,0.41010799861291114,0.4000308557290168,529,False,0.5654594633404714,0.5335550276912199,0.5654594633404714,0.41825035966125296
1312,0.1576651419077975,0.13302735975101138,0.6930993157637454,0.37999091020574577,0.3298887400447456,0.2926745810909982,0.0,0.27278720477039664,0.0823307982082245,0.23872465433749251,560,False,0.606749848907103,0.6930993157637454,0.606749848907103,1.1452175832899212
1313,0.303754019548872,0.23408910231140043,0.2814396281078919,0.11101873740800094,0.4041942146489494,0.19389013253572204,0.449941696080175,0.4543278141462185,0.23085636509693785,0.313496511826231,222,False,0.3423078749744481,0.34330907673821753,0.3423078749744481,0.038885662880299224
1314,0.363913775029058,0.24802092732329378,0.030755595953016305,0.25675134890438395,0.37079695934590545,0.4113075029347403,0.3529205554080557,0.3309205126444323,0.1645327162412353,0.4139911306350223,185,False,0.3716277529883728,0.383235534682006,0.3716277529883728,-1.2574243962983576
1315,0.4291370480357923,0.25455666948733474,0.31314933529508476,0.3084934231185913,0.24446490462377732,0.21357903328763364,0.1709147660272102,0.43788598190854283,0.3765117435108212,0.2995253265868627,185,True,0.2685842817451161,0.26697121588133266,0.2685842817451161,0.22646759999831204
1316,0.1523809251807426,0.12920266546021963,0.0,0.4974104581495822,0.1696565188477043,0.32769497250583157,0.1409543223242604,0.2928220032235875,0.5816597493515706,0.3640897156469009,313,False,0.5659324027966739,0.5816597493515706,0.5659324027966739,0.4621689805194183
1317,0.5015879413433886,0.22574905058445774,0.32392291202597284,0.18533535650626262,0.1590395275704741,0.2704326376024339,0.3960583281666422,0.29763269299434336,0.16669004435933527,0.43186952080951607,185,False,0.3591593070202195,0.34254841377291445,0.3591593070202195,0.49602631925901786
1318,0.2992658434444876,0.32560799621995656,0.41449675411575226,0.09729922414572355,0.42053274388543604,0.14737881143745168,0.33358206696433756,0.32117865835303483,0.3272570372446603,0.32100855503380604,195,False,0.3127648921127078,0.3232335197397125,0.3127648921127078,-1.1137539054540393
1319,0.541632487496793,0.03021522085639086,0.24092474029181393,0.21645631831931747,0.3210205808596168,0.3773682281204839,0.409060466191968,0.2771904567715991,0.23690435368208443,0.23467752478965864,185,False,0.41842675155579456,0.5114172666404022,0.41842675155579456,0.03716529862903705
1320,0.641828230536064,0.3266158454493972,0.2350365459028282,0.13677691370265332,0.26186868610083025,0.21475484180313334,0.3428498845040538,0.207869179382548,0.14200494806809655,0.3343839332277515,195,False,0.4486684950150124,0.5050513168334106,0.4486684950150124,1.7515381270276704
1321,0.4451122033727148,0.1848569613975217,0.5379435015090153,0.11743021572419547,0.5531836946133714,0.3503864882104638,0.017637375067140568,0.04956409188546511,0.09647942330188986,0.15385420832669736,384,False,0.6440364844453014,0.5355463195462308,0.6440364844453014,0.5252617082312069
1322,0.48582351262242224,0.3007521324127894,0.11233823755956386,0.4413749656348484,0.30669090724409875,0.1844187929178164,0.3217766020436172,0.2884432453327609,0.31086947177800406,0.2337580156344992,185,False,0.3336649085081513,0.3734852750628584,0.3336649085081513,0.13223273228963645
1323,0.2152846243150627,0.2629739625701466,0.4724556425281637,0.3624981870049425,0.2390402116336913,0.24746096369710754,0.0,0.22597365378645987,0.27867642311813035,0.5317670199117353,560,False,0.4541733770778612,0.5317670199117353,0.4541733770778612,-0.04166011034110871
1324,0.02958273171363466,0.49599445719000185,0.3258698748470469,0.3339665562917581,0.33239135231015804,0.3941718050156361,0.2681017708992051,0.4430828552011815,0.03651198809387532,0.0,373,False,0.5638039110395826,0.49599445719000185,0.5638039110395826,-0.5554780826240696
1325,0.0,0.2593321093922831,0.5270538900859726,0.20971554095845105,0.3304110909823833,0.3908792923051379,0.1821551145082595,0.3615054573599281,0.23830664501180407,0.3582814496557875,96,False,0.43894122627759596,0.5270538900859726,0.43894122627759596,-0.4249162772929568
1326,0.11184046016812099,0.2130127217014551,0.4240901630310824,0.13054129334100442,0.41094556462589155,0.26340883993559483,0.32945908414760616,0.43635810547022724,0.11806369078585965,0.44053672123333365,708,False,0.42382857691657094,0.32869626106521266,0.42382857691657094,-0.17731818191596813
1327,0.2507938538625612,0.311183632780694,0.18721047318835768,0.31649257654505264,0.18380823632138146,0.3076015976144379,0.3884575206322918,0.31210472340936074,0.0649027870284573,0.5693212548340579,394,False,0.4135415466633669,0.5044184678056006,0.4135415466633669,0.5345277171968497
1328,0.36657778674070896,0.3468851898496407,0.12606102821100554,0.35752131580316193,0.16036748897542008,0.1715214410974176,0.29745195665893104,0.23405286885466678,0.3818593114981445,0.5073127588090428,185,False,0.36674529724191174,0.3812517305980373,0.36674529724191174,0.12969132254927282
1329,0.08282946217375238,0.2080459267370982,0.3996577082150206,0.5389971352446057,0.045534808474502884,0.416658071130016,0.21176284652261737,0.23135058008548676,0.2875683680531978,0.37798472142125955,573,False,0.4784120482233594,0.4934623267701028,0.4784120482233594,0.04469375050393046
1330,0.252117682767822,0.11828414346282708,0.19736503439305159,0.09499770790632647,0.39480353041682686,0.4716651425068135,0.10108796397694882,0.43747104367358464,0.3641364344506208,0.4024116629010503,573,False,0.4554182343931107,0.376667434600487,0.4554182343931107,-0.17250097912686338
1331,0.32480588931908994,0.4052895498686531,0.3265891496853376,0.5855569653105094,0.158298770677904,0.06882431614810744,0.24139149543168148,0.3843977524844564,0.17790112662501723,0.11501520937410564,498,False,0.48648696030612804,0.5167326491624019,0.48648696030612804,0.5634844437512538
1332,0.09093542791921763,0.4479340590841824,0.0,0.6035087588535297,0.19186684285148106,0.24975575082377877,0.0875911772268205,0.3441159575867803,0.28111803067750374,0.35008117691101265,442,False,0.5709193550808909,0.6035087588535297,0.5709193550808909,0.3763882705698096
1333,0.33282775047917124,0.45709689097765865,0.6018410598425635,0.2169030789964273,0.37928074312954624,0.3210415099031218,0.006213644507586195,0.10057548197036838,0.11707081529461197,0.015727931962637276,384,False,0.6230065580740125,0.5956274153349773,0.6230065580740125,0.31354709650968704
1334,0.32389426297277685,0.2194748476465689,0.14443158747889326,0.3494979819069411,0.34884971406249915,0.3993006623205025,0.238867636791576,0.2158357442902923,0.41830072141876007,0.3796821341001816,474,True,0.2802044376564363,0.2738691339398668,0.2802044376564363,-0.45669086375170453
1335,0.05856517764821211,0.30251074114510834,0.3422429120507905,0.3051244818164439,0.3555037427507881,0.4970491507523221,0.0,0.38977769683122626,0.17999933549382807,0.3702148404743035,560,False,0.47801631175040216,0.4970491507523221,0.47801631175040216,-0.7834444383748705
1336,0.19248861273531231,0.21425969228503644,0.4812719702270943,0.4472283810962364,0.37584819564700084,0.2632720038095721,0.0,0.11186614875742404,0.30708275310637495,0.40989891118506794,560,False,0.47653972583338894,0.4812719702270943,0.47653972583338894,-0.45197074278088145
1337,0.3148933125687142,0.4779363110787679,0.16212284350390463,0.358569365531843,0.36641955907645174,0.2601367447128785,0.3232301110499183,0.258146913096585,0.24777264371615432,0.28830546706556903,840,True,0.25738330972607754,0.3158134675748633,0.25738330972607754,0.477028311611504
1338,0.23480971242949258,0.04942789496794994,0.5300492977018355,0.0,0.48829649862468344,0.46863686934266385,0.27252852328175076,0.30614729527681595,0.15571203280747875,0.1056921884942765,486,False,0.5903123506145566,0.5300492977018355,0.5903123506145566,0.16634407421882808
1339,0.45983314123239893,0.17851317235527667,0.14530161545342354,0.0,0.369595711532935,0.5424922638571344,0.1354599667543617,0.40582436261556915,0.3113133235095213,0.1572142565363608,380,False,0.5374582011197325,0.5424922638571344,0.5374582011197325,0.10634176483270268
1340,0.2328339214808623,0.3780002732731708,0.2114847162593288,0.08662985158646345,0.35545851714613624,0.17415668221072952,0.36794302399616935,0.4143213964657674,0.2727598424222975,0.4610315765006399,195,False,0.3624008300008246,0.37440172491417645,0.3624008300008246,-0.36156314746021423
1341,0.3552606761403489,0.21331787816840547,0.17858584220431964,0.27131509719220837,0.3251476079279042,0.15855664452100499,0.530879413233085,0.28163170694758466,0.23524211702082215,0.41884501907679,185,False,0.3498248120982396,0.37232276871208,0.3498248120982396,0.8910779013395411
1342,0.28295331061081214,0.4437989206012853,0.11823805237306806,0.0,0.4192950461411199,0.3761070421191091,0.46515214030683333,0.12571090126019355,0.31088936145176443,0.2508244860792223,340,False,0.48329198225951825,0.46515214030683333,0.48329198225951825,-0.5474279414942635
1343,0.011386495521138339,0.010296327617776303,0.537749663615719,0.17806987304767632,0.2852967771776208,0.3210939926205559,0.2562991789967339,0.45532071698470633,0.28026821312164096,0.3779267839543646,96,False,0.5326352868012246,0.5274533359979426,0.5326352868012246,-0.26938657157652773
1344,0.3234183653498549,0.17162231846295833,0.08149622116641173,0.2601367098441244,0.1432074844422374,0.18943852839955544,0.5106555092552285,0.39636054953950417,0.3632902179331342,0.4305667688460806,185,False,0.4298031710066982,0.42915928808881676,0.4298031710066982,0.09131562390891299
1345,0.2773264544235426,0.3073012311020367,0.25425149982086,0.24220598009833658,0.3981199517734483,0.49279137128475003,0.47922440074531186,0.12081671802766258,0.2028300435762752,0.1364289751807041,340,False,0.3984147882226503,0.37197465325708745,0.3984147882226503,0.414843243817157
1346,0.30255948035331803,0.3841249871498296,0.3809560283049825,0.5194329212236982,0.1994871535500321,0.22578780122599268,0.08527504820586987,0.26716708629635355,0.2885171004887383,0.3054508818248754,560,True,0.35877127242624796,0.4341578730178284,0.35877127242624796,0.15970991665781253
1347,0.49724767236565254,0.34909384654291153,0.3894698058504516,0.209227189389836,0.18886125765625333,0.3292444328970001,0.17256404015255325,0.3811361239828107,0.17003296295644507,0.29561921367923083,195,True,0.33719958562279057,0.3272147094092075,0.33719958562279057,0.33318829734101185
1348,0.2399642644516432,0.3607067737248871,0.1450527442140275,0.3999023266486764,0.26218657975587867,0.2959617091891915,0.2848103737816548,0.30409051422015626,0.34676394956701007,0.4256492020786722,185,True,0.24792712930882205,0.2805964578646447,0.24792712930882205,-0.47142407160866423
1349,0.14862938596337902,0.39263623940981185,0.36294251009570294,0.07126043251858623,0.5752906940267177,0.40253149867518045,0.09058824422207523,0.22614936002743843,0.2672155181514807,0.2513879233784162,659,False,0.4861217822662873,0.5040302615081315,0.4861217822662873,0.42941450050478647
1350,0.24100497116114158,0.10935842064678797,0.38670092705106757,0.5863980859795256,0.3423386191686155,0.22401692238032195,0.0641514111351698,0.06598223778452052,0.278923538211031,0.42768014494219686,560,False,0.52495240807345,0.5222466748443558,0.52495240807345,0.40499461921329716
1351,0.19067924229250108,0.328444573822463,0.13663253735733122,0.20638357237553429,0.3526745346372343,0.3264266471499248,0.37884962033376934,0.5070890451138271,0.1768437658001505,0.3628074198788448,222,False,0.35158405470451004,0.3704565077564959,0.35158405470451004,0.23915532647678922
1352,0.0,0.19318505426009736,0.3040176618559286,0.4074384686821969,0.2865857871686452,0.36485908163174163,0.2929627787394605,0.4168025688567579,0.05184613034152302,0.47618644994174847,171,False,0.4826930909531479,0.47618644994174847,0.4826930909531479,-0.7760965932022815
1353,0.0,0.35026404145955115,0.02859439350521048,0.41104041927051316,0.487606464146457,0.20252136923125105,0.4092215324519335,0.43362745077202136,0.20184470384382514,0.18036616539292805,171,False,0.5377295352689478,0.487606464146457,0.5377295352689478,-0.3994208818590147
1354,0.29844148707403606,0.3149069528976917,0.46810379801219176,0.20694591392968575,0.2819694527456837,0.39802273368487784,0.21714443207996803,0.3054799390012231,0.32211874323135675,0.260114324357468,96,True,0.23729189222808142,0.261157884082506,0.23729189222808142,0.8712200357768604
1355,0.36218622546236956,0.27456248532819677,0.028352715531735823,0.21777708156550157,0.3070719267439452,0.3199168742236725,0.3572398677945777,0.2670320871920582,0.5084057387584506,0.3019321404896641,185,False,0.37114571519270845,0.48005302322671484,0.37114571519270845,-0.6917955941311701
1356,0.37546707500248294,0.5506143154276976,0.15068774371674343,0.417847082230855,0.3615743569116423,0.07618921592129811,0.0,0.2697696196354258,0.23622607263746814,0.30565692161171687,690,False,0.5143165626175155,0.5506143154276976,0.5143165626175155,-0.14199681717791401
1357,0.3143919042870331,0.222110408878303,0.5567581891486927,0.2609020902996172,0.28052392323608516,0.4554974321965698,0.4154437803703288,0.01166270925962279,0.09365685756855985,0.07811768192368251,212,False,0.5470703603667224,0.5450954798890699,0.5470703603667224,0.10646507065317001
1358,0.3228217640598511,0.17793700534732573,0.1545113532660683,0.3119133452296274,0.2287240253703789,0.23717505184169055,0.25391049795086307,0.4488001494649447,0.4219560902229467,0.4364116123036573,185,False,0.32607725790382036,0.2942887961988764,0.32607725790382036,0.2517766949954077
1359,0.2628187513626605,0.3626448328260953,0.15781788046372025,0.26317201757825853,0.1939807377319325,0.3929299479709494,0.3234437434129007,0.51590987976729,0.2021072012994303,0.31874815182431576,708,True,0.3266467577973406,0.3580919993035697,0.3266467577973406,0.6978135609546308
1360,0.4237641007286182,0.24267288349398675,0.25668881658052695,0.27172162570027525,0.4145842209886762,0.34857127121295983,0.2620458873175571,0.3940847791755844,0.15178888897763865,0.28534073255825293,195,True,0.26497491430363723,0.27197521175097955,0.26497491430363723,-0.06630378514878796
1361,0.24684650869221175,0.20085049235197572,0.3215750697580827,0.38221115940839473,0.22775965449493515,0.30508430777260775,0.39847423703041673,0.3329842236762072,0.4014793143838077,0.27098568092272846,185,True,0.21637650763206115,0.20062882203183197,0.21637650763206115,-0.058979334176955237
1362,0.3525764830666186,0.6070940959291881,0.09239634125356383,0.3753320506883127,0.18361710526565933,0.12336581062324536,0.14483150705004214,0.29433846440951555,0.3249879437145556,0.30911571445549824,700,False,0.47358498347435946,0.5146977546756242,0.47358498347435946,0.8494973028233209
1363,0.32716074573848924,0.38940497511451894,0.38363749790482754,0.18305587487683034,0.301955940359315,0.23200812579934016,0.2623685319003748,0.34865925825725613,0.4198598988126764,0.22125643220491598,195,True,0.24240809249751138,0.23680402393584604,0.24240809249751138,-0.13633268577497978
1364,0.04344803638083611,0.3015612331113798,0.2746912731274131,0.48815650962905566,0.0791749279645543,0.39286943046648404,0.2102641974137737,0.3098816310288712,0.3829202330557983,0.382021460043126,573,False,0.43361492202343527,0.44470847324821955,0.43361492202343527,-0.6192778712845104
1365,0.2852279933521406,0.13212923349105363,0.22456124209320735,0.669039222426195,0.0,0.27315582757383455,0.011704040912542091,0.27297508450313773,0.4598017769637869,0.20606179485898446,313,False,0.630033851691043,0.669039222426195,0.630033851691043,0.8466495112963343
1366,0.14357211429869873,0.17678386072774435,0.580416924304791,0.17016463681093227,0.30420117069396896,0.40272640791091735,0.047266224489330134,0.34477782126001233,0.24446494208380545,0.3830128498403647,384,False,0.48039270050947697,0.5331506998154608,0.48039270050947697,0.47687950022860776
1367,0.3786559009948371,0.35043665219431425,0.037891688135713364,0.317311697287999,0.22510906129381442,0.31365641196618543,0.42210165007523703,0.28652515527555494,0.3443142643749217,0.3222082458240607,185,False,0.32212581274843677,0.38420996193952367,0.32212581274843677,-1.8478820683578183
1368,0.1785613995678599,0.26666277709626596,0.484150629710966,0.3288495074897716,0.39106042587382595,0.4880414474780789,0.05992597898602764,0.17113084327840689,0.1782427485542957,0.3141701482285757,659,False,0.4366621154439588,0.4281154684920513,0.4366621154439588,0.08122694954052499
1369,0.4818614443648524,0.2979480730179209,0.20560668540652094,0.11647603042009565,0.10604646097077088,0.2413619644470803,0.2657182152736391,0.40275186888894515,0.2614638260470342,0.5025094024534943,195,False,0.42121856969122473,0.39646294148272343,0.42121856969122473,0.36624443967428255
1370,0.17742602583674966,0.2625506507231646,0.5884187408823105,0.20215363931884706,0.5632467581135201,0.2969323383035651,0.14541076457778995,0.19205691718412926,0.22144655946764977,0.0,384,False,0.5694023267829861,0.5884187408823105,0.5694023267829861,0.8926775575144161
1371,0.21833357466277287,0.3935515626401931,0.14770514045292227,0.3546629837490574,0.24343974327138806,0.060126366177597895,0.4720346582403851,0.4180115001927054,0.23387440674379584,0.36704130236723825,185,False,0.4004063114339451,0.41190829206278723,0.4004063114339451,-0.3796063572841254
1372,0.2805970974233613,0.2927932193396706,0.1808581012160612,0.06654251546058199,0.4074496604153471,0.18787423248925997,0.03792906311730552,0.20494967954940058,0.4854934296737168,0.5638626005050152,543,False,0.5358071605636421,0.5259335373877098,0.5358071605636421,0.4052874933178569
1373,0.232247726589679,0.356093524753025,0.15015400643096885,0.323176585713102,0.2034280246237231,0.25237190967907924,0.3660534357157068,0.43090605246594427,0.38826843049174214,0.3417118727195335,185,True,0.2730294146849411,0.2807520460349754,0.2730294146849411,-0.41299981512421574
1374,0.21856773120380843,0.4570071852732328,0.24768242880030863,0.03458791135727006,0.3135021820131629,0.16847669613753105,0.22156656858530113,0.4497166399564134,0.3715070642580374,0.40596472224341035,195,False,0.4160554645993231,0.42241927391596273,0.4160554645993231,-0.4342008193009972
1375,0.24590744766538375,0.25374498422224967,0.36321179534977605,0.2617621090515985,0.24023033306141214,0.358463135404147,0.41817735461820016,0.3483858448863273,0.26646648934972383,0.34820249999508507,185,True,0.19107306759204565,0.17794702155678802,0.19107306759204565,0.3366273314248978
1376,0.01570010089008811,0.35869035723465403,0.2074226865911255,0.5697418548978785,0.31423721090933676,0.3480819405308089,0.02179279454865402,0.25803756716479237,0.27505034666976524,0.3752968360035382,560,False,0.5143047005736763,0.5540417540077904,0.5143047005736763,-0.17991849799415258
1377,0.4662963827579245,0.2365470329426422,0.0335030178595655,0.3247673923129238,0.3345527183813051,0.2729397150668864,0.2967900690815463,0.35689242648539793,0.33244044451300797,0.3280580216124702,185,False,0.3369268781064365,0.432793364898359,0.3369268781064365,-1.4062627052404242
1378,0.2589173338542908,0.32681066987132273,0.25496183690666063,0.26139384355136197,0.20884915842998414,0.3945609056600837,0.29500405314952666,0.2631821935595285,0.28751883323180727,0.5045480189892917,573,True,0.2595688771626063,0.29569886055930755,0.2595688771626063,1.602611783550868
1379,0.0,0.13500442050478903,0.06752720766455739,0.24559968535002621,0.4837841927411972,0.3178796752417966,0.37651005383036684,0.5344845386197523,0.23687890315667182,0.31345635537895394,171,False,0.534166617421863,0.5344845386197523,0.534166617421863,-0.046921575919006475
1380,0.5003505325118909,0.3963162425812159,0.2379171511547642,0.12672031087583827,0.3564923955783834,0.13797999795533608,0.14783344774631244,0.32461337183569516,0.14746515841764934,0.47415221410860586,195,False,0.44452492194075655,0.37363022163605264,0.44452492194075655,0.2828570874158296
1381,0.4320192483773202,0.386946544366636,0.43311432237918945,0.13229511291496435,0.23980824955519559,0.25835180839102856,0.49384104090512226,0.10891852780463761,0.28026033406106654,0.0,309,False,0.5009084963617226,0.49384104090512226,0.5009084963617226,-0.31967332614225075
1382,0.3754656379152242,0.39327647911679714,0.26422059920852925,0.24631005844066411,0.3208338462347899,0.3655227124793183,0.49541663849930384,0.20153149515169835,0.22646014288429492,0.0,340,False,0.415706845440426,0.49541663849930384,0.415706845440426,-0.7831392259195715
1383,0.3369755364360672,0.3438348953087669,0.14904380671390854,0.3686528045780313,0.26129289122210586,0.03107914852100983,0.0826080096070705,0.3743008375112684,0.42575432550703485,0.46116620820674376,690,False,0.4551625539144275,0.4300870596857339,0.4551625539144275,-0.7059187989067575
1384,0.4311197371654299,0.4001934461758699,0.33243992109053677,0.17369433705636744,0.4864992046074676,0.4117955475037058,0.20990923447610582,0.0933277419124627,0.2000159584055311,0.11941342985977622,340,True,0.43838760762631757,0.3931714626950049,0.43838760762631757,0.024695252082868904
1385,0.3081881281510192,0.12102250823866033,0.19043679907204766,0.3093065796629132,0.3087083297241303,0.3185568312163475,0.3992597173838812,0.4314895980501253,0.21837131103247745,0.41034130100953214,185,False,0.304492698132466,0.310467089811465,0.304492698132466,-0.4698891188575965
1386,0.6253841326663077,0.0923013769914317,0.12218712094798882,0.2522445485525992,0.32111157404940655,0.3712578776457192,0.32343444886690115,0.055055096097067414,0.2660416057846115,0.3200844272744194,380,False,0.5111898863143611,0.5703290365692403,0.5111898863143611,0.7443004897444
1387,0.22877866541069586,0.25277845944438404,0.4210329350785397,0.06597473251292517,0.22621427964310684,0.4735895935927063,0.6192428217353104,0.11438007172374946,0.1554586979682643,0.07726636795424513,340,False,0.577632145173053,0.5532680892223852,0.577632145173053,0.873397777217232
1388,0.3745203750157976,0.31922901274374443,0.2519145148997198,0.31540900021081986,0.1464565298896726,0.1796175993225295,0.43689163150040394,0.3751621345331618,0.3926102615373457,0.2353886709865859,185,False,0.29228544915205223,0.2904351016107314,0.29228544915205223,-0.3442195183014989
1389,0.39405852252497364,0.2626571290967723,0.3467715051495313,0.26259067915794543,0.2661601825508919,0.28579376880760915,0.4372997376000835,0.16328340684479697,0.24297311285819503,0.39632939041035825,195,True,0.256910882858803,0.27401633075528653,0.256910882858803,0.09065524020380451
1390,0.3254612260655298,0.2591055174501836,0.3237297239488882,0.2500979492162072,0.15889137190191988,0.3953313630449721,0.294259648750568,0.28139267765364273,0.4387950388413939,0.34604101213733934,195,True,0.23748138380500874,0.27990366693947405,0.23748138380500874,-0.16152876409076083
1391,0.29473026713748046,0.19121976736068924,0.3767567999469822,0.3546074016510076,0.36432746493062573,0.23298395718286868,0.4912160783039791,0.11129207477968892,0.2594789219050445,0.3175727887873043,526,False,0.326053373981965,0.37992400352429023,0.326053373981965,-0.035613203191633254
1392,0.2293621934347681,0.33218819144458733,0.3462517366080447,0.15204697756672217,0.45072026277602817,0.31605963118712377,0.5649801285441308,0.18309275323737126,0.1908791072972059,0.042809577350282874,229,False,0.47309391727970873,0.5221705511938479,0.47309391727970873,0.4201228807910656
1393,0.2996362496241139,0.16783975639376825,0.16175986971055037,0.3399812875172677,0.36825301092165674,0.313149282032685,0.30319228774444545,0.420748726830958,0.3477611929302968,0.341655891355418,708,False,0.2493400194003211,0.25898885712040765,0.2493400194003211,-0.9414996590884933
1394,0.38174554682490264,0.23949578489415377,0.3736138198759321,0.1402129401866182,0.3958617342677426,0.571058620147056,0.34231591441180914,0.16969427754457306,0.0,0.0942038115287025,229,False,0.5358939996228625,0.571058620147056,0.5358939996228625,0.08640120222578776
1395,0.37555220698134506,0.3297654147964053,0.08587395805711283,0.2669834893772491,0.3558726958154478,0.3193837844274578,0.25263247237609066,0.18297790647182013,0.4611297239086458,0.36464326505950967,777,False,0.32544237301698653,0.375255765851533,0.32544237301698653,-0.7146060121820144
1396,0.36314632910552513,0.20428887620949807,0.1250133147920806,0.40673615473856417,0.0,0.31021079816238645,0.40959849627973244,0.330056782485267,0.32900788915358625,0.4051454455210336,474,False,0.4201209653707706,0.40959849627973244,0.4201209653707706,-1.2612883466626739
1397,0.01827482976221779,0.1440524975230633,0.11305676294164875,0.20704843489885855,0.24103813849161146,0.3160642206570535,0.2879831179742951,0.3714056090719499,0.5042085879209067,0.5386699767994029,474,False,0.5156859955640584,0.520395147037185,0.5156859955640584,0.24814969197010128
1398,0.4322543838203745,0.13880297627367072,0.41335851168652216,0.3881105243184783,0.3431274550131158,0.2830986902537744,0.43339696581482,0.2001729008693621,0.21589674418121826,0.0,309,False,0.44567705878474956,0.43339696581482,0.44567705878474956,-0.7885180902316115
1399,0.38482015280444454,0.24932239206462667,0.4546302372414691,0.39670077775857976,0.35958697082111823,0.20196982768734936,0.2435847185529132,0.24155951204713014,0.3026314197080922,0.2152364863920377,460,True,0.26642775953393955,0.2526604095541197,0.26642775953393955,0.47152686997395654
1400,0.3681500523594266,0.2861441119625215,0.30332984554710596,0.0,0.17081555310387625,0.14448732649827264,0.28886474057882067,0.32247142245400917,0.47195679739098967,0.4799475752452112,195,False,0.45414779774469133,0.4799475752452112,0.45414779774469133,-0.521124124749496
1401,0.2088459366074526,0.2625552054594181,0.2738678865434603,0.16680808469077008,0.33890612380387647,0.3153380947088306,0.43159732300312076,0.42177224702322447,0.24435443382644906,0.38268386536571586,222,False,0.27033176320693203,0.2647892383123507,0.27033176320693203,0.06689182640205295
1402,0.4245454079238223,0.30953080714123327,0.1903108773464686,0.31662841498644684,0.14783138227386916,0.25186382006792357,0.36055776118668925,0.2352688091700691,0.2852987853368346,0.4852235389477065,185,False,0.31331855683026494,0.3373921566738373,0.31331855683026494,0.39002920807122515
1403,0.5212637165106786,0.12243478057273155,0.3857775884390755,0.17793388402585486,0.4662931657811072,0.22482415588138857,0.2500097570547439,0.2211108152136192,0.26065655941031657,0.2923989001631396,380,False,0.38925584753750375,0.39882893593794705,0.38925584753750375,0.7362434392587498
1404,0.5082160211813042,0.045126372490355046,0.28189591516501883,0.27061488511276605,0.3722212595428596,0.397086790496577,0.259431713844469,0.29609290723578313,0.2206915892102632,0.29508503288861265,460,False,0.3694502673715223,0.4630896486909491,0.3694502673715223,-0.36945191630870755
1405,0.28011604519552047,0.08242332479514308,0.5605798560480788,0.2282644914359678,0.4133317227788353,0.3050779928711338,0.3745291907488882,0.22245522399378714,0.1381509463904836,0.27500386090562573,96,False,0.4225762184002249,0.4781565312529357,0.4225762184002249,0.5496121341382196
1406,0.3480499069575799,0.1240148166004264,0.5032398725032287,0.3142815090682158,0.179347202283842,0.18915359174893484,0.15834176288698107,0.3029759469665556,0.3168021666595791,0.47569286305127173,560,False,0.39793588021249127,0.37922505590280225,0.39793588021249127,0.4142712594681631
1407,0.20548116177397893,0.5179745819092648,0.36275856758448627,0.06970657610245139,0.37647430116647046,0.2698896440061592,0.5257786713324062,0.12878956278667342,0.21312849986019325,0.0,340,False,0.5579922829440995,0.5257786713324062,0.5579922829440995,0.1361706717092831
1408,0.26026724454124256,0.22405955983336753,0.5455517873055071,0.40866905835175904,0.23945686193054627,0.26090525831718314,0.0,0.34081519757404327,0.3172971549872611,0.2741851512686547,560,False,0.4290560288284912,0.5455517873055071,0.4290560288284912,-0.24613937491169602
1409,0.39331180989544556,0.2569737704670996,0.23056135415294304,0.2876208727964517,0.18161937203823397,0.07886190179110472,0.4753510055591656,0.26577763171671626,0.24077043022864902,0.4996143243127066,185,False,0.3990763187674429,0.42075242252160183,0.3990763187674429,0.3220415373185699
1410,0.2822632779821342,0.32791053334736525,0.4499425480294051,0.3407980467556191,0.35783781454424324,0.17176993082590297,0.3104674048201779,0.3963295589493822,0.28842777157628985,0.0,212,True,0.38677538196443256,0.4499425480294051,0.38677538196443256,-1.4654615553197077
1411,0.039268015836584805,0.5818262772932485,0.06594743158163949,0.5779431029706023,0.0630253050059858,0.05342645847910909,0.0410542179854969,0.2124682622128012,0.2011479975340005,0.4769209664808733,442,False,0.7328796785794499,0.5425582614566637,0.7328796785794499,0.835221287276364
1412,0.3683904479637061,0.3033523229981347,0.331038848596086,0.37939426698285994,0.14280695122163176,0.5279275669774519,0.24203469712165687,0.19312689841585542,0.2426403757349825,0.25472461630197424,380,True,0.334430648524948,0.38512061575582013,0.334430648524948,0.7935112116987844
1413,0.4587719118273436,0.41800617840146165,0.08460119570225631,0.22708634025097157,0.13824857664727752,0.2251336671871424,0.43265600449231445,0.32005916573580084,0.318441899514778,0.3086121048925303,1254,False,0.3819457845109756,0.3741707161250873,0.3819457845109756,-0.2953880351470094
1414,0.16553366570231437,0.16872236744795396,0.517512914543231,0.07378658559035392,0.37134460591093876,0.39175412210192984,0.261889876461618,0.3729702417031922,0.22586977903033417,0.34754699986960713,96,False,0.4096582270302423,0.4437263289528771,0.4096582270302423,0.010038210785809598
1415,0.285104385693316,0.25066740654297315,0.21806678084183995,0.27443965878769644,0.1493575399038643,0.2353149450655044,0.3890104488089533,0.415188380664525,0.38531566395876615,0.4279621637745004,185,False,0.28877230279389743,0.2786046238706361,0.28877230279389743,-0.028133224542260856
1416,0.42275416397408655,0.31042613327875235,0.31674297173201127,0.36862882804518166,0.4314911772279157,0.2001590242111587,0.30079892088014204,0.1545171814011358,0.20375905897917598,0.3264653646973886,709,True,0.28289159913231815,0.2769739958267799,0.28289159913231815,-0.2281843055363419
1417,0.22671242520777718,0.36168088803746923,0.48998209820779054,0.15968869109989717,0.523283251424615,0.3088100336886895,0.014805857963351878,0.2497962303737827,0.29081566399016423,0.18927587845834742,384,False,0.468755694930183,0.5084773934612631,0.468755694930183,0.0786621907670259
1418,0.38912718301392984,0.423173464047844,0.29945582558769845,0.19439609087844537,0.3084817517729155,0.29302971329456273,0.2831441349860972,0.19293728874710267,0.3799259474343757,0.3150779189149315,185,True,0.2298433415551766,0.23023617530074134,0.2298433415551766,-0.17489946865064346
1419,0.35373528640503143,0.19781565733823475,0.13097144828405005,0.29154497370556165,0.268771165267456,0.11611588306810265,0.3510569268631237,0.3877680254317246,0.387510289051255,0.47339016863354544,185,False,0.35884060216810176,0.3572742855654428,0.35884060216810176,-0.31983445128375737
1420,0.2482517641609968,0.27624038390988737,0.54903186366328,0.22016453835426567,0.5249408901406465,0.3947455431623529,0.058815537627134803,0.2562358809075823,0.054389228583007834,0.09323430869076993,384,False,0.5545425249289959,0.49464263508027223,0.5545425249289959,0.4258139488016483
1421,0.24911549058620128,0.222904359403628,0.623362011942237,0.14690846562057502,0.476433799086715,0.39268430637351004,0.16126408357763472,0.22784029781231613,0.04348210421411879,0.1307466824616117,384,False,0.5552881032736621,0.5798799077281181,0.5552881032736621,0.9698183299549712
1422,0.5230126697802691,0.26992340917816227,0.398297575298323,0.1096006433249084,0.32164909997477,0.25405152845227164,0.33061496502242427,0.20075191228398787,0.3008058272407609,0.27359420171711607,195,False,0.3373821393980085,0.4134120264553607,0.3373821393980085,0.473621769255723
1423,0.3177543228025244,0.31722906501067993,0.2239307233364022,0.12984239712737905,0.48270395392179366,0.34749240539852816,0.5160599061414295,0.26559709985207625,0.18917010565126263,0.070674179988012,340,False,0.43690953625000445,0.4453857261534175,0.43690953625000445,0.2472784764326746
1424,0.19168916819060117,0.3028772240243092,0.24485505416788364,0.3432829533669372,0.16439096502050318,0.20823552197185022,0.28473911147459374,0.4081236442756393,0.47852082604128304,0.383032104105096,474,False,0.3105948005283744,0.3141298610207799,0.3105948005283744,0.3405668337379385
1425,0.38619797438414544,0.610260680664841,0.32485997839995745,0.36240299245408036,0.1923529680464901,0.24548338352589238,0.21979321801753096,0.20522624118889915,0.22373804805224762,0.061771780786251715,309,True,0.4569800233265539,0.5484888998785893,0.4569800233265539,1.0238806344331768
1426,0.22996214968416306,0.3238902041878991,0.06750634934181939,0.3432345163070158,0.06741003681896891,0.3257115973095594,0.22712240797084246,0.535926962577672,0.3238653059273698,0.4068443356718604,185,False,0.44336167981359,0.46851692575870313,0.44336167981359,-0.14119260531763206
1427,0.16056674879949845,0.1519123093698878,0.10056910629830837,0.4031408887189734,0.4296190996156013,0.39983135108818735,0.31742096558202787,0.5325107971835492,0.2201632138356428,0.0356498084293832,171,False,0.5097762114117665,0.496860988754166,0.5097762114117665,0.07043371269545687
1428,0.3783320393142321,0.15051711025762166,0.2873594380043274,0.15454844636893192,0.2016816233772084,0.43102811377309763,0.4524446320282297,0.418598188638184,0.3368813542618156,0.0887042905408261,717,False,0.40720845301919506,0.36374034148740364,0.40720845301919506,-0.23898104730551692
1429,0.0,0.1509198692145224,0.40844457763045877,0.3748755208031808,0.3326042492746707,0.3665844943875888,0.37026321983285565,0.388167610569432,0.22860946122143616,0.291244835500973,171,False,0.3980835027763654,0.40844457763045877,0.3980835027763654,-1.4894881125207753
1430,0.0,0.1157348071755244,0.13281207060217748,0.456051954405828,0.4150053539830739,0.46878675684664345,0.30332201313338875,0.5044168104592063,0.04269518211339911,0.1439760919833358,171,False,0.6053868132568797,0.5044168104592063,0.6053868132568797,0.04494739679954205
1431,0.34385396253846773,0.14008166739489752,0.30991699775214987,0.35888460014479184,0.18721715290374286,0.2363170621850809,0.3391958765609467,0.4668976527503882,0.1288203879098212,0.44357288894553426,185,False,0.3622800015782466,0.338077264840567,0.3622800015782466,-0.09258618427204933
1432,0.2351719573658615,0.235550907896506,0.3807656598348829,0.38113128018123565,0.33004257259767616,0.2842873508136927,0.0787396366095732,0.32317162308083863,0.2737613875138565,0.4728994149124915,560,False,0.32475478761202736,0.39415977830291826,0.32475478761202736,-0.5683520958185491
1433,0.26457691099332015,0.5093045984222839,0.4232272652615961,0.3331272388711936,0.3682459653253936,0.19601070447973817,0.3278440317838747,0.020468597976308678,0.251087749240481,0.1885253062833932,340,False,0.42071196455494025,0.48883600044597525,0.42071196455494025,-0.3833862229023285
1434,0.07734155466880004,0.14677572736533392,0.3165711972240268,0.28469415332141457,0.5685784736684381,0.23270589503663433,0.3805829347929049,0.4106236699740953,0.2436115629875782,0.20241494363505344,222,False,0.4344082533139587,0.491236918999638,0.4344082533139587,0.6181937978978869
1435,0.4593642620888548,0.3226523853913523,0.38512321296131863,0.3187490954248944,0.0,0.2789205268128696,0.30355300543080393,0.3911586741328208,0.1447774303911717,0.30174879923097503,185,False,0.40255962373654236,0.4593642620888548,0.40255962373654236,-1.2794184000752364
1436,0.2251007976917593,0.29543973574555393,0.29880855784211585,0.29235716050541755,0.16086247971670206,0.32805360779607556,0.30143196866275246,0.30993423570731704,0.2670579937566536,0.5436445425913127,573,False,0.2971233831512586,0.3827820628746106,0.2971233831512586,1.5889492696629222
1437,0.4344897984522973,0.2789088737394141,0.542005591358458,0.30727810678992373,0.1419793120090142,0.3181821840707593,0.3534591251204079,0.19109578586700202,0.1943381581064394,0.1569148167390692,460,True,0.39253350584115015,0.40002627934944385,0.39253350584115015,0.7253895229449808
1438,0.270346002528766,0.2631677714565007,0.40870168440121113,0.3408613183474352,0.3197231843076911,0.34622535715605557,0.22942011160423303,0.3223884979843807,0.16313941870650953,0.4112845050651522,573,True,0.23459786732233365,0.24814508635864266,0.23459786732233365,-0.4069711377650644
1439,0.3355276124765275,0.3625859241437279,0.09386127840357267,0.4677443061515362,0.3075085953688977,0.0,0.3705218252150351,0.20400417021067233,0.33180815870221714,0.3805202734766842,185,False,0.44149740549012434,0.4677443061515362,0.44149740549012434,-1.0605459662750611
1440,0.3358724532257581,0.405006543462158,0.4194447130979233,0.49827893945769086,0.2527826312040801,0.17935859901282142,0.3554352997287279,0.17651557560518374,0.21303300134318653,0.0,826,False,0.4544538406586273,0.49827893945769086,0.4544538406586273,-0.46856946428573076
1441,0.3051068162495629,0.28918930812528004,0.31788746486719216,0.2676751593051532,0.42977788696361385,0.24251419656636633,0.288630136203477,0.29568790831382274,0.2625444122581122,0.4091289684199961,840,True,0.18503576692175655,0.18726369039724752,0.18503576692175655,1.258101148901564
1442,0.2889987520772419,0.26494654631373626,0.03696277030840089,0.3789108666774629,0.0042440746048134255,0.251934222881844,0.3837070880390606,0.3903630130205856,0.2714448132615427,0.5143518200592211,185,False,0.48791897116560884,0.5101077454544076,0.48791897116560884,-0.6407545873415361
1443,0.39756525969369166,0.5320753815869027,0.2589910876466725,0.2634146013755242,0.3637466788320198,0.2477088436602302,0.38665758384150023,0.06032914513611362,0.17141657395567358,0.21488453779900474,340,False,0.4097674135293114,0.47174623645078906,0.4097674135293114,0.14873366236656826
1444,0.22030541555721242,0.2064712060188967,0.1526874136537615,0.38535081938526194,0.23040761844050106,0.265370486561476,0.3318502737541619,0.39520554977636985,0.4582951826430801,0.37036575665170685,185,False,0.3038391510558254,0.30560776898931863,0.3038391510558254,0.06796094244435971
1445,0.5690437355297886,0.2258900395782423,0.05449042044971282,0.2301846539843274,0.22932593543178714,0.3811258001123122,0.17600330620503352,0.25320405795330336,0.2579542270540972,0.45796466461492363,380,False,0.45483007608903564,0.5145533150800757,0.45483007608903564,0.678156534392688
1446,0.48774741732080346,0.15286435333434684,0.2922518984567492,0.26498624702908447,0.19507672549253569,0.3862813565581676,0.35006776957714736,0.03808346223307824,0.35658850020625904,0.380374415524218,380,False,0.4039126045614749,0.4496639550877252,0.4039126045614749,-0.5914929121024315
1447,0.21569745513110936,0.16106246937074367,0.49003899663658057,0.25587439308021465,0.46535769224843204,0.3800138727976717,0.07472882240030168,0.38547233627392496,0.08540650898688287,0.31541662858954467,346,False,0.459063774915132,0.4153101742362789,0.459063774915132,-0.07856885518010273
1448,0.34949680207167927,0.370679530017644,0.5620349398235562,0.17115100164020422,0.1859806333378567,0.4898761997286699,0.1346001829982339,0.16408399913083205,0.25395706209711344,0.10568958303625928,216,True,0.4868250440314167,0.45634535678729693,0.4868250440314167,0.7667931620664242
1449,0.28534506621086436,0.18503183173820695,0.2754974276177068,0.15423356752032158,0.23427195427466033,0.3079723363753091,0.377130834609247,0.47046697259521547,0.4228967921698351,0.30416400901989676,185,False,0.3031086180089241,0.3162334050748939,0.3031086180089241,0.26387314217707275
1450,0.16085865696965526,0.3171014748727976,0.4512868346714298,0.2547659638745506,0.34168955358004055,0.32471230287446234,0.05772009470741323,0.10832454851631101,0.4313696134044397,0.42622793484000215,560,False,0.42695054126579246,0.3935667399640166,0.42695054126579246,-0.4972790360594636
1451,0.46347817548649756,0.12720595974830196,0.3006967133064709,0.3414900326131785,0.5149319206081072,0.27390721358450815,0.30547026278911843,0.1870353163770862,0.2625633788920649,0.15671249284605734,460,False,0.380390712288994,0.38772596085980526,0.380390712288994,0.5430506245893088
1452,0.3127711671524284,0.17200807655756054,0.06562824311584031,0.45077177737942853,0.33812277061877943,0.14583649078707345,0.2832025575496339,0.42771407179194615,0.19137286558090363,0.47929456232325535,185,False,0.4323487523589234,0.41366631920741503,0.4323487523589234,-0.07185475032695532
1453,0.48075212481311935,0.484077474688398,0.16502375914601902,0.13364510518790798,0.2363228412982639,0.26121160445859304,0.3460942124603028,0.2874290097088535,0.2783297658288149,0.2924182827277303,195,True,0.3529546245557557,0.35043236950049006,0.3529546245557557,0.5460200284704044
1454,0.4113123166527891,0.3796892296720374,0.38963990085910755,0.2662670750670783,0.2676244110183906,0.38880277657076906,0.3640461571082893,0.14443583601758594,0.21148991910302045,0.2074394703975218,460,True,0.2884219741533698,0.2668764806352032,0.2884219741533698,-0.40430316857318166
1455,0.29150911883374364,0.30201224124700016,0.06517602514415981,0.37345227089912275,0.13317203503159508,0.3185998992181875,0.38864926710355363,0.2546465834136661,0.36942741595296347,0.4566027696609737,474,False,0.3635962061842937,0.39142674451681386,0.3635962061842937,-0.8711112309005322
1456,0.01687164447865406,0.2742781779693434,0.4011179446292697,0.1302873350368014,0.44663279557023994,0.2954018012792497,0.40378380763671246,0.4159983057473352,0.2267127307468744,0.26903297060570186,222,False,0.4224378599903699,0.42976115109158586,0.4224378599903699,-0.7995819561058953
1457,0.0,0.0964991279005625,0.27218035322415424,0.39410410911534693,0.4037358661608723,0.4079133086461726,0.31412556402312575,0.4498418350231162,0.29880108567503605,0.20390481236566102,171,False,0.4506958552160308,0.4498418350231162,0.4506958552160308,-0.909407794233937
1458,0.45807864917751373,0.38073828293417705,0.16299382863123885,0.0,0.3573467973990963,0.20857863390705367,0.3312299929877031,0.34540689264123564,0.39220760221586837,0.2541407283290436,195,False,0.4144240024434271,0.45807864917751373,0.4144240024434271,-1.094883984237399
1459,0.3471825701730679,0.27698413579994374,0.2152829373362733,0.25048156549132594,0.2409404656328154,0.17470219602194365,0.5221010831323408,0.3849038697184255,0.3724249416776083,0.21364049553879597,185,False,0.3216999360141187,0.3473988871103972,0.3216999360141187,0.9999235782948487
1460,0.0,0.31843496905789714,0.5165694060416376,0.2602590011089802,0.39868249670912304,0.3931976567037635,0.23823832106070508,0.23116830896544543,0.27080063983617614,0.258725858618039,384,False,0.41795316927889614,0.5165694060416376,0.41795316927889614,-0.5525618175620678
1461,0.2832203885206925,0.2361338099212559,0.37117443740176853,0.42257213680289146,0.31828000247284777,0.3153624555188767,0.05490179105930803,0.326677895223018,0.3361346589014295,0.35244086089289695,560,True,0.3032258137359994,0.3676703457435834,0.3032258137359994,-1.8137191153230456
1462,0.06402242016612639,0.4818117216254679,0.2931635840433017,0.27534944571258463,0.30931085793459784,0.4254590774545445,0.2595751179133809,0.19633922864698733,0.4683795708470688,0.0,866,False,0.49592424325739065,0.4818117216254679,0.49592424325739065,-0.431826670268466
1463,0.06756079653758988,0.1930455246580517,0.42822550376660606,0.5725720734954513,0.3263943142986828,0.32608914999779887,0.11906001020110739,0.2599332118350893,0.056875768962352996,0.38614803750092225,560,False,0.5192900274763625,0.5156963045330982,0.5192900274763625,0.26769549297199263
1464,0.06230708235950674,0.15998558715129108,0.3443816580903685,0.22484015461120407,0.5346883092468062,0.47840023544161575,0.27790982706763195,0.4204831696542323,0.1797996226090772,0.01563241144678097,180,False,0.5416310987437265,0.5190558978000253,0.5416310987437265,0.10498153129380129
1465,0.21070445106103755,0.19190262926575455,0.3718927687382864,0.22323690726505865,0.3862056679787888,0.31060782741077897,0.36572278509015166,0.470980848369861,0.27801120178673794,0.2283411552192812,222,True,0.2808008689260148,0.27907821910410646,0.2808008689260148,0.45671122940020004
1466,0.3340002054905509,0.3405999909915095,0.23574881289880484,0.26056474415552855,0.0964386235678453,0.2032631320138774,0.3112360828766822,0.3287011215496222,0.3800250148149929,0.4990154033289296,185,False,0.33047735979008575,0.4025767797610843,0.33047735979008575,-0.08761484480563068
1467,0.13792531169694383,0.38017019684187137,0.36359853748366194,0.23665920354347267,0.3208767482466603,0.15489320241848445,0.5707265107495323,0.21301168866864972,0.35183725419665524,0.16244931517606703,340,False,0.41333402658391993,0.43280119905258846,0.41333402658391993,0.8640595741257213
1468,0.14918799517374484,0.32186099409306496,0.2713779054418378,0.37778071226890714,0.27037897705990654,0.4756083235261343,0.3443290666260957,0.17528410371448555,0.2729264295243791,0.36701536853140726,573,True,0.2938498807195823,0.32642032835238943,0.2938498807195823,0.02939922548240731
1469,0.2534570500033992,0.32977826043052566,0.21223439163424276,0.3363326530583196,0.229681079864625,0.024328987292374957,0.4870345700090956,0.3707789580563317,0.37499147251922565,0.31654244832488426,185,False,0.3790011900518521,0.46270558271672063,0.3790011900518521,-0.8717108784692735
1470,0.49267565676940095,0.29893953936810086,0.16354090228825205,0.20200668015172346,0.47050421726787184,0.21725862122514122,0.3599447054555454,0.28059058581648694,0.24099289257503087,0.25575213471748315,840,False,0.33747201120086495,0.32913475448114893,0.33747201120086495,0.8729953124866506
1471,0.48552341803005494,0.20961820074421492,0.3916820541519502,0.3381250886671754,0.3026230211214735,0.3980655077046391,0.19801717010417522,0.3780751131373459,0.07820488987262596,0.11949634456158899,460,True,0.4077241048445527,0.40731852815742897,0.4077241048445527,-0.30324913150923455
1472,0.23109384926827645,0.2314995947059891,0.49132282222535933,0.3501580436701426,0.4850878501595258,0.31498506465807813,0.0,0.21533767956279443,0.08744141143508158,0.374770155284073,560,False,0.49061255436128,0.49132282222535933,0.49061255436128,-0.3153675929539757
1473,0.45380768478661054,0.20673555390650267,0.33490375138222056,0.28052120305043615,0.44219580303115497,0.28718978468499157,0.20425645222842193,0.3033543406246515,0.3295663149758692,0.20023165849467325,792,True,0.2749327088221419,0.2535760262919373,0.2749327088221419,0.5456456590489357
1474,0.35633917116384495,0.24633752600434575,0.18813478658115493,0.1439475690675188,0.37676995309714484,0.32689071203198594,0.32406772412524,0.27795568742236726,0.3484661233352613,0.451335340453055,195,False,0.27781376539577296,0.3073877713855362,0.27781376539577296,-0.36653211624942367
1475,0.25911425705820024,0.4751009990013146,0.15799336830961636,0.12447506404778076,0.28846784096281247,0.41352605103708595,0.2407410990037535,0.1934559237210328,0.27816965379810243,0.48959736408102733,840,False,0.3909271667429097,0.3651223000332466,0.3909271667429097,0.49126598032914465
1476,0.4153163727394822,0.10267432313830792,0.272443311229197,0.3525335873094241,0.18610342976218366,0.22294818987958792,0.42043609227486745,0.31096602138903406,0.3698391386793913,0.35196201684698375,526,False,0.3151672817370659,0.3177617691365595,0.3151672817370659,-0.7318425020033271
1477,0.4048629354522443,0.2820990994206272,0.19603064295389064,0.2871100529270243,0.06028068815704749,0.16919463878803384,0.5080284205311272,0.4906019378704212,0.17899077936454075,0.2693779544951622,185,False,0.44684061380660994,0.44774773237407967,0.44684061380660994,0.3132346517742211
1478,0.40033057591332327,0.49603639236439584,0.03929190722329891,0.4092077775199486,0.21239458526913474,0.2736167211255252,0.10962572832452493,0.225270936624946,0.31331018851657716,0.3791870632352518,690,False,0.4384861912233686,0.45674448514109695,0.4384861912233686,-0.362633732999875
1479,0.3343823936336631,0.250888811554854,0.5488252466971391,0.1977801842097778,0.19033490244800527,0.2995658487825209,0.571497952743806,0.02222692571479082,0.1769109849390683,0.023421159883707614,340,False,0.5878784365218224,0.5492710270290152,0.5878784365218224,0.53803185332818
1480,0.3189700035119334,0.19654549898468052,0.25642694385628784,0.3983584752996037,0.24767043052983925,0.236397903784749,0.414521816411476,0.30826374571464465,0.33001292779260366,0.3770884969393275,708,False,0.22213751825352773,0.2179763174267955,0.22213751825352773,0.04099625742392445
1481,0.532067608365236,0.2477377595437842,0.30090234760294504,0.18891964754462698,0.27968809790705995,0.2709969809974464,0.410716873996336,0.18501477903861388,0.3240378484088443,0.2640323172138452,195,False,0.3162772786818924,0.3470528293266222,0.3162772786818924,1.309476280740747
1482,0.35596259659693413,0.3488122214693,0.1585492858197288,0.33009041361535674,0.0581701752714802,0.20527195308063512,0.46041003608762116,0.3144371918211837,0.4276502574142105,0.27976753059143,185,False,0.37568104250134,0.40223986081614094,0.37568104250134,-0.6577888289577207
1483,0.4866287527046661,0.07591034097706112,0.28344773984426136,0.41130132000081027,0.20928286096099688,0.21877762683436147,0.2862001330211675,0.27705808340981386,0.3901770530603879,0.3245703063473015,185,False,0.35469738084924113,0.410718411727605,0.35469738084924113,-0.22808711832846787
1484,0.5537564688349105,0.10953849459927553,0.43971452473006245,0.16314745304653527,0.0208737572058734,0.411030828141219,0.40983476942955266,0.13735413927205128,0.26344917097310183,0.18913201160289517,1032,False,0.5419792143658193,0.5328827116290371,0.5419792143658193,0.25818049700074286
1485,0.1585540564807231,0.27605852513538937,0.6178309325672009,0.22605867737403612,0.18331938325360136,0.479375441751107,0.23381457533759023,0.08988590469590267,0.24517444213175965,0.2820791839398247,96,False,0.4838270106092998,0.5279450278712983,0.4838270106092998,1.346014638760412
1486,0.3109695049749719,0.35415143182218345,0.10950152423056941,0.18733301122115067,0.21684468836826887,0.2546915628688193,0.1635954670441294,0.4351468773734949,0.3840491721990177,0.5052633273351451,185,False,0.39019445322812796,0.3957618031045757,0.39019445322812796,0.2524504245850582
1487,0.19425111230682826,0.22839891160832201,0.14999878656025684,0.4198263893038989,0.3848909532410675,0.46015562767227897,0.08528777422618206,0.21136255726076145,0.4200939556917744,0.35076387385231356,560,False,0.4033580823950219,0.3748678534460969,0.4033580823950219,-0.16791460021767313
1488,0.242774815130985,0.1895624267534549,0.39514281093863224,0.43676154616515045,0.4238447919436809,0.16063706319122972,0.40489182717707,0.34715069493463124,0.1989636784872907,0.16953398025864186,708,False,0.3493891640992786,0.2761244829739207,0.3493891640992786,0.01620417529288544
1489,0.30887549598878045,0.3586338703346191,0.25120700727697337,0.3489867322234064,0.4756529332561982,0.29642731086060675,0.4480654048295684,0.16527230442639243,0.17169420267352975,0.1393185948357266,340,True,0.3540016167167898,0.33633433842047156,0.3540016167167898,0.1303036406951232
1490,0.25434326781602246,0.4775725344173555,0.208562970925543,0.6115878887851695,0.16703863114838113,0.20346974146760016,0.3457278748942508,0.2140625155809425,0.12420376679277383,0.19903963978764241,617,False,0.4749496538814662,0.4873841219923956,0.4749496538814662,1.4215180740241675
1491,0.0640352822256753,0.14746003280480985,0.3879518539237959,0.4748406649349687,0.12901548421296286,0.3997491886601685,0.25915203720666347,0.28499338013249953,0.32759770576024794,0.40746662733091615,573,False,0.4208292892214162,0.4108053827092934,0.4208292892214162,-0.40302190371082913
1492,0.27032003117409015,0.27195623511639694,0.34013612545448085,0.2862377305684968,0.1886335236862273,0.36501904045404493,0.3990139712358029,0.34269306786609144,0.33142063057751675,0.31627588614633817,814,True,0.1788411949373442,0.2103804475495756,0.1788411949373442,-0.7205014535363152
1493,0.40340103174505254,0.23973083297113126,0.20992686831001142,0.3388287572217742,0.20834117455273865,0.12257367111124556,0.39086607828490094,0.334615895790638,0.3928791886464874,0.378674032574561,185,False,0.3001450441773777,0.280827360633807,0.3001450441773777,-0.6580276787738812
1494,0.32236804762093296,0.18529381592664815,0.17298724475763952,0.2759930242290694,0.1573926859239552,0.21140100136890458,0.25097962355130693,0.45977628609724824,0.3321401412130268,0.5490750297709648,185,False,0.3935350894279254,0.3916823438470096,0.3935350894279254,1.0435140751498113
1495,0.449642213271745,0.28033842181830493,0.12590655483630162,0.19523128405664608,0.16503546230193689,0.29022780208355003,0.36018005025738425,0.4741699506608053,0.2950535498854357,0.33492125274281026,185,False,0.3480807571775233,0.3482633958245037,0.3480807571775233,0.09629026200966023
1496,0.11125267457686044,0.23806603467377074,0.1880404082709432,0.4667839845133041,0.0,0.24233618989620592,0.29755771058912417,0.35451753698199195,0.508247649522155,0.3826684529149984,474,False,0.48557580361867964,0.508247649522155,0.48557580361867964,-0.2530220734120941
1497,0.3158320324736711,0.23633466037900638,0.24390642521515793,0.13721733475710188,0.2373285609250561,0.11297437631555679,0.32210467481452465,0.49297972019328645,0.39566535158820304,0.44006540685075946,185,False,0.37962755881093413,0.38000534387772966,0.37962755881093413,0.14667943958537596
1498,0.106883394521945,0.5360920479836936,0.38278782605814043,0.07169855299991983,0.409252609350648,0.4293236188493391,0.0648375847568863,0.2959559529048128,0.12715947667175304,0.2995733880987646,493,False,0.526750980405764,0.4712544632268073,0.526750980405764,0.04429078739219815
1499,0.28395615529247115,0.3680922253588548,0.10505483564105995,0.39374675727589303,0.32166106867431954,0.30786110872304495,0.40826799150802595,0.33857535572583697,0.2365691500512823,0.28684263216837974,862,True,0.26573276110793936,0.303213155866966,0.26573276110793936,-1.2825173877510354
1500,0.20363132806865053,0.29351243861762794,0.3011282987937219,0.3191904440866564,0.2067510602906361,0.15276307056493665,0.35123367336299965,0.3637788671547167,0.22600841561999693,0.5540409917974174,185,False,0.3468684957960734,0.40127792123248074,0.3468684957960734,1.1731957410675824
1501,0.25265568589040543,0.3435495982508612,0.0,0.21172722016128073,0.11379520109089221,0.05681087948171818,0.5296441001778097,0.558049325733112,0.2485751644616956,0.32156181856898497,185,False,0.576726837747763,0.558049325733112,0.576726837747763,0.3199051416884873
1502,0.4382161669963534,0.09068321578108812,0.22634163796079487,0.21743882910455395,0.3750367637243775,0.2749180835317493,0.38518979559834143,0.4674718534673648,0.2743968183183675,0.2068954102036024,185,False,0.36067880446722045,0.3767886376862767,0.36067880446722045,-0.08018831117222641
1503,0.23596939839681358,0.2549520098790966,0.38764634619206223,0.5579049808468068,0.25882412022872875,0.3232586636959341,0.008787432313465408,0.3367032372456416,0.2781361099746668,0.23558052727733655,560,False,0.4241968655983484,0.5491175485333414,0.4241968655983484,-0.06252302859408217
1504,0.3040357056885945,0.28526789617175874,0.17757558588433578,0.4087463982186066,0.31073769187421807,0.2747131616960439,0.4365686971853541,0.20373094924051602,0.32962175949360595,0.3388267176430381,526,True,0.2418108200578031,0.2589931113010183,0.2418108200578031,-0.010246109176087415
1505,0.456416467631018,0.4465091626944415,0.3670408814970974,0.2009657256986187,0.3081137559556244,0.13428198556278187,0.5129733966324904,0.182927651760318,0.08730681259250873,0.0038593907999563337,309,False,0.5404813572987187,0.5091140058325341,0.5404813572987187,-0.031375776688515974
1506,0.24459945350586798,0.45133300494728884,0.4353218193632008,0.2646057427079726,0.2150505183316989,0.4082070143071502,0.36033934753873675,0.2793794232909576,0.21197912271155173,0.10600090815307393,373,True,0.34248507780931525,0.3453320967942149,0.34248507780931525,-0.058269298400425586
1507,0.2398962356621114,0.2208241150362615,0.01515315659186853,0.11612941521281714,0.34558102825467685,0.2769530220355801,0.32996096127868946,0.3712157830711151,0.4525305877161396,0.4820604704902271,185,False,0.4441947510363144,0.46690731389835854,0.4441947510363144,-0.5322461896313714
1508,0.39576602913089765,0.3352182169367214,0.11783744158598868,0.3823870149322782,0.29736616618276523,0.3021490588689719,0.43867096741750233,0.17622008075425397,0.3182637154387552,0.257670890371442,526,True,0.2983358037357571,0.32083352583151364,0.2983358037357571,-0.6465128642955384
1509,0.20358911120938095,0.33474045231219807,0.40607996823820014,0.34940202860945724,0.1945735209150767,0.4017404913798175,0.11296456229078278,0.38316061454660905,0.3982080155124244,0.20523312411753794,708,True,0.3303828470768145,0.29311540594741736,0.3303828470768145,-0.5638550333522243
1510,0.31551309493206814,0.283344038830136,0.14265745501317056,0.3323664367527527,0.2517400349861092,0.3263486178083495,0.28006422568275946,0.3322298975342456,0.291245191155845,0.49581865896789995,185,True,0.2648979929297279,0.3531612039547294,0.2648979929297279,0.5208779356068713
1511,0.25344219220914543,0.24780021728909557,0.3632569010155667,0.28430160217381323,0.3055239386528649,0.25596456981210586,0.399572844343613,0.3241130516814674,0.2590845650206071,0.4133810013263519,526,True,0.18792093624518624,0.16558078403725635,0.18792093624518624,0.6765245614101987
1512,0.43697214177476307,0.06268310166076559,0.4027812641750084,0.2709993830065234,0.2977234006604704,0.4631251880803198,0.21891819569789656,0.3554186413744274,0.25619082757663947,0.16262617687473255,460,False,0.38538998335593866,0.40044208641955426,0.38538998335593866,-0.36861277702936035
1513,0.14895406305890585,0.1692870826418634,0.2049160187612212,0.41040750060577275,0.35763718174485365,0.3940662177521156,0.1082402224486503,0.24603207355246695,0.26080911100151183,0.5614873305399738,560,False,0.4359076539012037,0.4532471080913235,0.4359076539012037,0.680346378925342
1514,0.32722445754673024,0.37037373261260226,0.22857723761276488,0.07653502425260662,0.2685907030246898,0.3860736044464968,0.3456132584938427,0.3690405521624327,0.24226534512694897,0.40263698817130006,195,True,0.3031919529760471,0.32610196391869345,0.3031919529760471,-1.35025128743738
1515,0.36322256392066904,0.36578121951965975,0.32272887422972985,0.04450046055721996,0.3993420968557975,0.2588972750060427,0.3324871691996628,0.45364141105395767,0.22436456304048633,0.18697496429654337,195,False,0.36473118698931517,0.4091409504967377,0.36473118698931517,-0.94150179760211
1516,0.28548611068743657,0.2088095242589012,0.330333049612111,0.29957772998651616,0.3860237408699639,0.4139396673162448,0.5342602193080337,0.1737903499333818,0.16967051055634785,0.10603771358723782,229,False,0.401079119349654,0.4282225057207959,0.401079119349654,0.4320230796321884
1517,0.19343031995410653,0.21040430204526125,0.2313799637712911,0.3038088580214219,0.6412395712317498,0.3908227696022354,0.18292034084677564,0.19788963552691782,0.2693656427250846,0.25173318767695074,380,False,0.4277366913944895,0.45831923038497413,0.4277366913944895,2.163819914041661
1518,0.2076631578975209,0.1240899731663672,0.37908774487834357,0.5234701073354071,0.20006206248338265,0.21167885750788082,0.17480277505976388,0.4092050064537993,0.23515965900913358,0.43082669318325884,560,False,0.41034091057442434,0.3993801341690399,0.41034091057442434,0.5838097013080578
1519,0.253621003135838,0.22424037710222136,0.31379839540147275,0.30435582192512134,0.3039558168002154,0.34775460897774213,0.2244957790553031,0.3169398044915784,0.2209556313532721,0.5303751017965402,573,True,0.2775316188042816,0.3094194704432681,0.2775316188042816,1.8000283724502821
1520,0.12601875911596122,0.2543426816534771,0.2487225991176043,0.22123667091150562,0.156710856350138,0.4546492570683501,0.2032112796987282,0.41946350629098733,0.4047122577616153,0.44307986687768247,573,False,0.3815061524492157,0.32863049795238886,0.3815061524492157,0.17886078398346852
1521,0.4209460079177697,0.18825629238466565,0.15397618118915674,0.21022183366244596,0.29278861659533784,0.27023120917207766,0.3110589592148978,0.33439683085290456,0.3209194057406827,0.49914314688472444,185,False,0.31844528448875165,0.3451669656955677,0.31844528448875165,0.5311598046494168
1522,0.10734188350152352,0.31589884748800007,0.5078523600619332,0.1475559335496165,0.1951538072509435,0.3987032530488669,0.34555521222322977,0.20668164700964847,0.2849862363224216,0.4106174737893599,493,False,0.39116569771181314,0.4005104765604097,0.39116569771181314,0.14965251522979006
1523,0.6009294036032868,0.3295065820771286,0.34011344967742085,0.20122857240572545,0.290918418963501,0.2932075091936908,0.325617838379588,0.2647381694452123,0.02079457931010426,0.16428422854386165,195,False,0.4574976977970077,0.5801348242931825,0.4574976977970077,0.5165795332903007
1524,0.19034831678986724,0.31660019335144046,0.21550822582618312,0.38538837941091614,0.10524160105868109,0.09383401812451925,0.5379958342581922,0.2953547520882227,0.25955626106035135,0.45237132978858563,185,False,0.4428442387554354,0.44416181613367295,0.4428442387554354,0.36358805728766613
1525,0.5402965548116019,0.37613447117819326,0.29461731112272455,0.06905849903032316,0.3208031225240492,0.30660394669801305,0.3180205329834532,0.20417471653721272,0.14034042001883443,0.339990624625941,195,False,0.3994107877444607,0.47123805578127875,0.3994107877444607,0.07942639607765056
1526,0.1987291417998203,0.28953885004912955,0.5358987506459314,0.10800237697869577,0.4001552238683747,0.4218513534094994,0.1505325366410056,0.30277565236427245,0.10534131636861456,0.3380965799675908,384,False,0.44375527886439575,0.43055743427731685,0.44375527886439575,0.2578552585508199
1527,0.25145069112045865,0.3521467659248246,0.07843954120427613,0.42988626356002707,0.3440731149256726,0.20219270829159397,0.12544668141780554,0.29244464809614307,0.498023347426991,0.3365323871481683,474,False,0.39893867417739204,0.41958380622271485,0.39893867417739204,-0.18257049444045684
1528,0.29093288984719634,0.2991708489632604,0.33808754260011437,0.3101650838376454,0.2663448812377834,0.3848272920556686,0.3924601499217269,0.20135431870277642,0.1933751249490933,0.40540742554123804,185,True,0.22515026235331434,0.21203230059214473,0.22515026235331434,-0.27508214703582073
1529,0.2627636467664507,0.3503443806779075,0.29556854993857223,0.3010205264395654,0.2676658278067624,0.47346781334925264,0.42775006848731756,0.14219244694847072,0.282873535978247,0.22631159878479215,486,True,0.28928541466554064,0.3312753664007819,0.28928541466554064,0.36376518034151945
1530,0.5746001621342416,0.17103759922535877,0.23123551697298825,0.2228618422875349,0.19507409975257375,0.1813026501367569,0.4368202892173945,0.27539566507498403,0.2710198176814207,0.35554534723147435,185,False,0.3955500010981414,0.4035625629088828,0.3955500010981414,1.3823346566217967
1531,0.13194807200004757,0.5941973476771504,0.0,0.5782333644924113,0.1850574336308818,0.17299477568868624,0.0,0.23545569176763212,0.20089900896673965,0.3676848565680625,442,False,0.663375501170866,0.5941973476771504,0.663375501170866,0.7338191875661418
1532,0.04025115950272988,0.40835558204078654,0.20015148585272954,0.5502328560590316,0.2203654416203471,0.32647767149359586,0.13753028835839243,0.09135500090357955,0.36971707908928136,0.41195766381768584,442,False,0.5066588808743547,0.5099816965563018,0.5066588808743547,0.12756963913083016
1533,0.4041737706546615,0.28694675450502394,0.22884401336289667,0.3119662696570898,0.16508366075647576,0.12020768777774178,0.43936445179109995,0.42593715928118014,0.2139193428186066,0.3777366989084313,185,False,0.3449108960449171,0.3191567640133582,0.3449108960449171,-0.19771292469408905
1534,0.32536212448467994,0.20851053967450084,0.2997855066072001,0.22178665419594598,0.28373476667920117,0.48299571805925406,0.22071632781679082,0.34156329578502326,0.40253577440574334,0.2653218032679058,717,True,0.26371967491537995,0.2744851783847532,0.26371967491537995,0.9302381364664581
1535,0.4372682595832144,0.14779882748395964,0.0756798218115154,0.35805569776197604,0.2682571699805827,0.3026834739477572,0.29052967880817293,0.3431006368348944,0.3447793321295606,0.41041824258983095,185,False,0.3408609751233455,0.361588437771699,0.3408609751233455,-0.9721476113235871
1536,0.4547713256796558,0.2506027025537402,0.30032173343189844,0.16974545867656504,0.2966063629703806,0.3807176238967065,0.3902070825820465,0.20216589339862823,0.31707582089197134,0.2911764531246064,195,True,0.26242392017707655,0.28502586700309074,0.26242392017707655,0.13186715755015319
1537,0.28590853131511734,0.3043181738164384,0.3265647777839603,0.28607572301497475,0.2867302555064993,0.25174613729980444,0.34534956685970725,0.4243412088695265,0.1426344450009095,0.41460361862227196,185,True,0.24383216101249877,0.281706763868617,0.24383216101249877,-0.4445248632294575
1538,0.2817811805172336,0.2069721464688132,0.3329559758865539,0.4721506354987942,0.22632164473261718,0.3833687624563467,0.0,0.3811786464334384,0.325597199724501,0.30736330383582083,560,True,0.3933079426864558,0.4721506354987942,0.3933079426864558,-1.1943386667526699
1539,0.39083485490962017,0.35481201281813723,0.25333466549107536,0.1363211854473057,0.44071530811227827,0.2098523635167916,0.3372215140234384,0.19417787269896103,0.4807779585554678,0.13325087215280537,742,False,0.382209339892623,0.3475270864026624,0.382209339892623,0.10817676335465336
1540,0.24436858866863725,0.24702345757290084,0.21302463087830753,0.31763682963633005,0.3321034624512681,0.3549637957783968,0.36596351908447877,0.2914914687286952,0.2599768611059864,0.4584912292947516,185,True,0.2210134719918325,0.24546659841644408,0.2210134719918325,0.7756249571243378
1541,0.43558044041160915,0.26544702614462495,0.1176437341073904,0.2976788170527249,0.2057749071420189,0.353574267611042,0.4060385529286418,0.385810522241174,0.27574712691772485,0.2832723270624924,185,True,0.29296843070069006,0.3179367063042188,0.29296843070069006,-0.4868753819175004
1542,0.07899905050482081,0.14265080785747597,0.3725282891099143,0.5205011109676704,0.3473538379300101,0.184141195763411,0.0,0.5027785093050408,0.22722122119699167,0.3236244472348609,560,False,0.5408304007307106,0.5205011109676704,0.5408304007307106,0.016368512746586027
1543,0.4300272479847843,0.31891092756852396,0.13469141772742702,0.2938456737985702,0.24300758298360978,0.30580990828124116,0.15441481384043668,0.3460117333384825,0.38291346566698764,0.40758087090485295,185,True,0.30289691436129734,0.2953358302573573,0.30289691436129734,-0.5775421462972069
1544,0.2117435527947525,0.39376787140366015,0.18778839126504224,0.4069574757718132,0.45338826217590533,0.33153398721490573,0.07853488718611168,0.27695309030919973,0.3847918265729637,0.22982922100463746,1088,True,0.3618168015277973,0.37485337498979365,0.3618168015277973,-0.4429903279099762
1545,0.3622036043474277,0.2990975820080979,0.15616512848608557,0.3942027030205322,0.1833390494293187,0.03181289567158428,0.5548597921459983,0.2996094988057828,0.2729229372986476,0.3046611711648539,185,False,0.4380514742865026,0.523046896474414,0.4380514742865026,0.07304003164820494
1546,0.2569793857124572,0.49654244247385454,0.07295395933679055,0.4870142101013769,0.34235919436305956,0.2658394371679868,0.1502840495565215,0.17188267081018735,0.40600592771708754,0.20012968640680598,690,False,0.4444181013370401,0.423588483137064,0.4444181013370401,0.25834701406961474
1547,0.0,0.30364996851594545,0.21445497465140498,0.3076327947718613,0.29650576196696643,0.24555726578108958,0.3864664876476649,0.5435754626578849,0.3134599228575727,0.2754378940424808,171,False,0.41745057243470457,0.5435754626578849,0.41745057243470457,-0.3870981145522301
1548,0.34263987233239573,0.2741300582498494,0.2706892438209916,0.2705445944739554,0.2672074811545543,0.2695062249533239,0.48074976362294475,0.38993796152982757,0.22567589960431655,0.28783429387616644,185,True,0.2296147352467767,0.2550738640186282,0.2296147352467767,1.5576809962084974
1549,0.1518958510551364,0.11340471361985309,0.4995586798677838,0.2358898610651177,0.1861516893936334,0.5197298156099229,0.1617406011085883,0.31549103188729005,0.47605593541044894,0.04205615996083316,549,False,0.5395566530958033,0.47767365564908976,0.5395566530958033,0.45792429202895774
1550,0.22072228492107787,0.4866304414704531,0.47870724196466696,0.14361486693583267,0.3246663427297922,0.16244701472994252,0.34883996506175186,0.2000397939211329,0.3727274847264574,0.17960609097706276,340,False,0.39305698249619353,0.3430155745346204,0.39305698249619353,0.4398371459670184
1551,0.3044861825146115,0.006047066030913924,0.29540482090308756,0.2966562144919941,0.38702924206467726,0.3220963536691296,0.2801888649831399,0.3843347801311509,0.19098009728454798,0.46449172623704305,792,False,0.3818643864163281,0.4584446602061291,0.3818643864163281,-1.288877519572352
1552,0.1779896376145579,0.43806636796473336,0.36589380299269825,0.16413333554229592,0.33135464241551243,0.3405881030834462,0.46849585714846737,0.2486931179356021,0.3293428747813215,0.0,373,False,0.4339292693940524,0.46849585714846737,0.4339292693940524,-0.8051619236335198
1553,0.25468426301930425,0.1960102901339443,0.49118236914680624,0.30443686626072397,0.3140331613926599,0.20808494819395154,0.08470746104403125,0.3893928616193821,0.28003355270885455,0.42852870339576254,560,False,0.3654640509281525,0.406474908102775,0.3654640509281525,-0.020811529430627695
1554,0.251776023107498,0.33295120036198916,0.24213001926380787,0.41251462912605075,0.0,0.0,0.3286573016165723,0.16009669346851338,0.5772018564241724,0.36076101600511007,474,False,0.5601940984073337,0.5772018564241724,0.5601940984073337,-0.1131755984799996
1555,0.24090330761566844,0.4222543300227879,0.22500317993625002,0.45444482181270757,0.3887602490903931,0.2666332663438515,0.365973973438312,0.23214549221655886,0.3105866084014546,0.0,340,True,0.4020425325819482,0.45444482181270757,0.4020425325819482,-1.0515595244841796
1556,0.3538166289052395,0.420804012107183,0.25091877099616766,0.2527684332849648,0.27940027651258587,0.1386813771553053,0.2970472307369258,0.3246719167736765,0.4036038849324469,0.3421163842225804,185,True,0.24952846151675337,0.2821226349518777,0.24952846151675337,-0.614361755602808
1557,0.25748176132631867,0.14618720528629253,0.44283741824745737,0.41414402441887593,0.4162036372401261,0.32005074199477,0.0,0.2011007936284115,0.290506672903578,0.37976122805013596,560,False,0.43121290359920383,0.44283741824745737,0.43121290359920383,-0.912612090566244
1558,0.21551213243758954,0.2837555907075592,0.13288039786640077,0.2644989476778018,0.30284169042199044,0.36929461739786096,0.3594213764543085,0.4024573669241499,0.3724272706038319,0.35703089253547626,777,True,0.2541849686962927,0.26957696905774914,0.2541849686962927,-1.0025639153079153
1559,0.5609091470270562,0.2800899820779665,0.2548726451562563,0.09825017514463892,0.31236582346616865,0.25922308497880364,0.37264643818845905,0.2788991504426535,0.17475591705673144,0.346927396643594,195,False,0.37583412612342926,0.4626589718824173,0.37583412612342926,0.774944805531694
1560,0.35349352861773226,0.38029383779978,0.25339606075556065,0.23632121626081531,0.23287371854772876,0.17513541785764838,0.2936028223662362,0.36523542354685345,0.3423334115787553,0.4343585630778261,185,True,0.24542016003310022,0.25922314522017775,0.24542016003310022,-0.0922536207220365
1561,0.2420340829563566,0.2771387759051958,0.2450659108098629,0.38130327692028737,0.33656415257747746,0.23739798146845953,0.15880180634299657,0.3965231957669254,0.2299334673225442,0.5041952237641211,573,False,0.31139676786578246,0.3453934174211245,0.31139676786578246,0.76902723020638
1562,0.23891867617956172,0.04833855280897166,0.38166801617006396,0.4114210736031418,0.18143763070661867,0.3715549083227816,0.0495753592809667,0.3061185627933103,0.28787018643957557,0.5250097879112057,560,False,0.47740420852800686,0.476671235102234,0.47740420852800686,-0.2635529774489547
1563,0.467229405678037,0.36074664913494775,0.30954834594121383,0.43059108359683357,0.0886779873504074,0.415355442322777,0.33679040375042146,0.16262154138591492,0.21255942458323057,0.0699335269501901,986,True,0.44151769919766853,0.3972958787278469,0.44151769919766853,-0.3762457434247109
1564,0.2609543435279334,0.21034515821953217,0.3514707270542566,0.1259660857959997,0.36429126220666447,0.3009789201155525,0.48900872479310165,0.39797385600761365,0.15322312683560274,0.3224471035689736,486,False,0.3426300535514422,0.363042638997102,0.3426300535514422,-0.03015147261155214
1565,0.4168590555865575,0.25150856961390067,0.17889290466042368,0.39601652303113644,0.22615298176091084,0.21194342858416587,0.21927135827070768,0.39214201825095457,0.40427837814784545,0.3358254355788304,777,False,0.2860621054070381,0.23796615092613382,0.2860621054070381,0.02479056954258039
1566,0.5301413061756893,0.25558900830517195,0.27083362547450346,0.25713129383642397,0.1956209172696967,0.2041427937195891,0.327921981450939,0.3549986719178817,0.38827918940078243,0.22337785019397324,185,False,0.3123308948830029,0.33452038890599267,0.3123308948830029,1.2998478669299618
1567,0.2641233542296871,0.43432199473911576,0.1917279287647144,0.40219389190942306,0.34885973829842104,0.4308909611958922,0.2545857101042689,0.23359946734408862,0.10873546229272647,0.3232763525838634,1004,True,0.3278626424002111,0.3255865324463893,0.3278626424002111,-0.287638812166368
1568,0.16377444332978838,0.43617352765028206,0.48804479392921846,0.3373286880976183,0.2909258819394414,0.2468336109849764,0.03594883979910589,0.31349382101431705,0.3313507824242733,0.27572356553202365,560,True,0.3917704968921459,0.45209595413011255,0.3917704968921459,-0.5475031190613514
1569,0.23278376927017472,0.39667464970119337,0.1380115117404728,0.2986432765012586,0.2265442835095619,0.13760778870369203,0.5680853562720243,0.31364540543924346,0.3082257599064267,0.30638245338134606,185,False,0.3860737613660999,0.4304775675683322,0.3860737613660999,0.9730144046180155
1570,0.0,0.40363718014152644,0.5675290947040593,0.18247826940483955,0.22562355966306402,0.314089552233806,0.08284277514949982,0.3606540773831212,0.2981691276917461,0.32602466092818805,493,False,0.503745699892861,0.5675290947040593,0.503745699892861,-0.05170774557320348
1571,0.3958257562435743,0.2237680913555175,0.19897878776090283,0.2514695269909413,0.15760198251490673,0.242656154978348,0.4698042098982232,0.25464099298980214,0.28621288394152505,0.4891053983313915,185,False,0.34866420619361826,0.3315034158164848,0.34866420619361826,0.8188977003583955
1572,0.16420932782746347,0.3623540500762434,0.4370605477439355,0.45065930684784716,0.45369312976487247,0.19630603063873805,0.0436952681484225,0.22820446341875653,0.2060746808346793,0.3267908573997781,560,False,0.4306447887257331,0.40999786161644997,0.4306447887257331,-0.24189892450226022
1573,0.36137057626147095,0.15423824830120203,0.3450981753318598,0.3623326175961584,0.29034610470106265,0.19373700145589076,0.04211677008206258,0.3937340792537297,0.4516592968755176,0.33557836460616947,560,False,0.3831079413628825,0.40954252679345504,0.3831079413628825,-0.9566659272731859
1574,0.3013595258703523,0.28841320920700375,0.38875054354215666,0.39651566638264646,0.26206232108255373,0.28736131836884143,0.0,0.43624725851818613,0.21427624466692297,0.3607900097173851,560,True,0.3784866793097635,0.43624725851818613,0.3784866793097635,-1.5101704982463773
1575,0.36470608602454835,0.3807787553566359,0.3094388326247474,0.33218441733074705,0.3026059532759235,0.17189558295719062,0.20922555047902136,0.3052327413874332,0.3805337431537644,0.33620141369006223,185,True,0.20961771136021945,0.2088831723994453,0.20961771136021945,-1.1035901795253664
1576,0.2506946213861574,0.42812261895403186,0.09956673651893898,0.13776950902200436,0.23575358270908245,0.20957395551869318,0.45993415797822107,0.3572902966238592,0.3408213262600365,0.4124479367732685,185,False,0.3816495182766691,0.3603674214592821,0.3816495182766691,-0.19304525206057063
1577,0.2723696706284478,0.23627607040843854,0.504948795799737,0.4107404308225029,0.09907668752768474,0.2701649551156075,0.0,0.3340725774012884,0.33603690436700234,0.37279593899352403,560,False,0.4539286815561546,0.504948795799737,0.4539286815561546,-0.6661479363637999
1578,0.37739263447741,0.27177088349890005,0.21356599972880003,0.22746167145980214,0.21627750913920216,0.30264361676200263,0.2941812082270379,0.49506181194003623,0.29292871723109,0.36133226271786384,185,True,0.2633551296003123,0.2814958122112362,0.2633551296003123,1.1384829961411165
1579,0.1339007724224574,0.1412220748378795,0.5299826670441872,0.12338185363034944,0.2715684745295204,0.34635238035261895,0.3039173999135206,0.33374358784337615,0.2873232428128682,0.43128595798975444,96,False,0.40519745928397694,0.40660081341383775,0.40519745928397694,0.3032145454129188
1580,0.45497989036922426,0.2541458061044699,0.12177550740126845,0.40820008191118595,0.11870613280620795,0.25844772552729445,0.4485797700224763,0.39061741880390394,0.23166535415991252,0.24204470757169186,185,False,0.38397270640127523,0.3362737575630163,0.38397270640127523,-0.018722077385198318
1581,0.2438770445515113,0.48107858207492205,0.35640132549749126,0.10943201888922355,0.3092007534504486,0.3108772484560575,0.3290139686832982,0.31830524935015686,0.24483059922561748,0.32913507595416425,195,True,0.2868776364550213,0.3716465631856985,0.2868776364550213,-0.3062564957192675
1582,0.15120286116976037,0.234592931992158,0.18690966413921414,0.3968325478465864,0.30842424652396094,0.111560295203057,0.3641917240003698,0.44652922410699036,0.22328168212153268,0.490145562829772,185,False,0.3965259411494617,0.378585267626715,0.3965259411494617,0.18836267799713063
1583,0.32721991700299385,0.2309289234233119,0.24065962306329655,0.3500859967882271,0.2253795613326196,0.18875397825288337,0.4620684018714213,0.3175927757683396,0.33565641685456266,0.3816543967338295,185,False,0.25433457808798066,0.2733144236185379,0.25433457808798066,0.3549313677798737
1584,0.26447698218640503,0.34597521797752223,0.19048250668897634,0.351217238573121,0.3323599369294316,0.24485176791793728,0.2718574645555961,0.2879060678940039,0.45111869795972176,0.34640433004164306,708,True,0.2187029921479543,0.26063619127074544,0.2187029921479543,0.3764132255005259
1585,0.32285611839314937,0.38315471767190085,0.5072012469607873,0.4230233222299837,0.2573813924034339,0.26334688001330653,0.39255876493797986,0.010995346761600286,0.15144144454042835,0.0,309,False,0.5336725399176782,0.5072012469607873,0.5336725399176782,-0.5322158137564413
1586,0.09124388174934639,0.40176092143819936,0.4108391087681226,0.40405806267526395,0.3007305895843145,0.40662802718055224,0.0,0.3155594428894603,0.15101768409059882,0.3464703188397182,560,False,0.4595877887495505,0.4108391087681226,0.4595877887495505,-1.0136820329984828
1587,0.14766246862516375,0.5235621086407508,0.3247655775159193,0.32494073922277356,0.4943732517099707,0.27232415916419905,0.2822319709967964,0.07695559019869773,0.29507058815174725,0.04254749617450439,340,False,0.48884490841861833,0.48101461246624644,0.48884490841861833,0.05126958373599237
1588,0.34709719275501283,0.33395177307803636,0.12796341382274623,0.2479980420820548,0.07283101778700617,0.1033678899406676,0.39492987296695886,0.3776605986864338,0.3929535838012052,0.4702373429228472,185,False,0.4306865946629778,0.397406325135841,0.4306865946629778,-0.5231710340328164
1589,0.0,0.44499985724945096,0.4128428672097269,0.06022457706239206,0.20015548888632553,0.40685286933748427,0.09353264970062443,0.4145463302458494,0.26677574620180444,0.41297833126976263,493,False,0.5331096265568759,0.44499985724945096,0.5331096265568759,-0.525030031384118
1590,0.16130684695519298,0.20771948239938076,0.3184163226370793,0.41746880783758056,0.25681187395723937,0.6068733279008206,0.3518226302576559,0.14471635370737923,0.2760326009793686,0.0,229,False,0.516074585871782,0.6068733279008206,0.516074585871782,0.4795132672130485
1591,0.09881478628709806,0.23132495030114775,0.09361296730117233,0.46876908807011525,0.2785977508477292,0.42455941006732373,0.49525154615034894,0.43188974075520714,0.0,0.13618486778695388,171,False,0.5641786153456992,0.49525154615034894,0.5641786153456992,-0.043034476602836824
1592,0.5033014462681639,0.33753518180246633,0.33490480442237125,0.25260989944120593,0.37047849834228064,0.3341267821882144,0.32716690717246627,0.28061477044910454,0.14868358031963472,0.0,309,True,0.4154144360547582,0.5033014462681639,0.4154144360547582,-0.9042090143906305
1593,0.12198035275887788,0.4202037299626166,0.21245278751278765,0.26752199648429154,0.209343337899829,0.5162484180647293,0.09449738537752303,0.24542003673254312,0.3212855991245463,0.457299862875818,1048,False,0.4326917071281679,0.42175103268720626,0.4326917071281679,0.3483077026317101
1594,0.47137103273787795,0.19806429759922947,0.1413610223164143,0.16212698378222598,0.3547610709128262,0.3386182342174474,0.44673777946798204,0.1436421182873295,0.25835764386774385,0.40600207651782094,380,False,0.3906029487141941,0.33001001042146366,0.3906029487141941,0.10133457520791951
1595,0.17432357263114065,0.20942373027609223,0.1317357411801959,0.3870725954719911,0.2999992363499822,0.41798700732618116,0.3605080720324446,0.4072815124453181,0.3630730550806404,0.25728285940320145,573,False,0.3116713348536727,0.2862512661459853,0.3116713348536727,-0.48929519501678687
1596,0.2977563547235544,0.1323372473079956,0.3301191848647164,0.324309581870505,0.4023230280458594,0.3885921985218752,0.19522734726604288,0.45667751836883064,0.28773919678044924,0.19324334703154764,708,True,0.31203879337477297,0.3243402710608351,0.31203879337477297,-0.21319721308192172
1597,0.3237726525827732,0.21828832924316147,0.3147909771594651,0.25369294196921777,0.45595928503703026,0.20611643102649585,0.3208102977750679,0.3246959006119988,0.29699078899156134,0.3703173640548892,792,False,0.2204531366812387,0.2498428540105344,0.2204531366812387,0.525016427041803
1598,0.3366656520718174,0.1351741904708529,0.2169216654016488,0.3529147115353655,0.30291874953621223,0.33222542744151884,0.4208015180780639,0.31565289849226946,0.2908735396240537,0.3651421434877243,526,False,0.2425082396500586,0.285627327607211,0.2425082396500586,-1.071577083063134
1599,0.39401660821722234,0.1854343360811455,0.4328986401821882,0.24036518432453485,0.17913750904012352,0.20764660713931438,0.3503178221162997,0.41150082628467743,0.29729713824410425,0.33096813956815,526,False,0.28969568740980767,0.25376113114206467,0.28969568740980767,-0.04408389823256543
1600,0.4697498643815345,0.3949257851205789,0.32062662585860113,0.4295200536434703,0.1435963003055489,0.30442511267829064,0.2658916204374204,0.3129337034018461,0.23272167117567794,0.0,747,True,0.4267032659309253,0.4697498643815345,0.4267032659309253,-0.8629098604510418
1601,0.3012585203616549,0.20911704529810074,0.2665577630443386,0.42370171865603745,0.20247673346890213,0.4520238169399253,0.11074467486309707,0.24955050677201748,0.34507571800335196,0.41952083329747525,573,True,0.3395073328871364,0.34127914207682825,0.3395073328871364,-0.07474234056246898
1602,0.10193197315323524,0.32966681622476524,0.350635337083199,0.43276425797591606,0.3189262902143504,0.4423816706243079,0.2217566983202506,0.22116938995498975,0.3934935930447566,0.14267080770762386,866,True,0.3617221624258112,0.3404496974710727,0.3617221624258112,-0.39415942003863585
1603,0.24751467200181798,0.2851501135279636,0.4028522393584329,0.3664266519428805,0.44706646665449795,0.3499872028114265,0.3542771469652564,0.29968269545578113,0.15226949573851187,0.0,229,True,0.40320380901423614,0.44706646665449795,0.40320380901423614,-1.2835254106396239
1604,0.26657510524497763,0.3445502861420507,0.48349816133156615,0.4024325095555835,0.41985571093433977,0.2554385705507405,0.0,0.2701479993784033,0.15180675879712116,0.27739412739101693,659,True,0.4286932890494726,0.48349816133156615,0.4286932890494726,-0.7449713373626292
1605,0.36187754444258696,0.3266955112549177,0.20876613230840152,0.3131168146810751,0.24697728104168334,0.24552000723905656,0.3738643743139304,0.3697545716853616,0.32830197978684655,0.3393172456836166,185,True,0.1743914612857373,0.16509824200552886,0.1743914612857373,-0.7401826242218108
1606,0.26325002704953365,0.24514985431733702,0.4979026932611219,0.33247712113281175,0.2715230320362262,0.19213617709676895,0.5286446626549302,0.15171142897370116,0.10065247537948928,0.29815988805145277,486,False,0.42132111749654055,0.42799218727544086,0.42132111749654055,0.7033706202443402
1607,0.4621078156073523,0.6042402208728144,0.25804010448661296,0.23658681544030966,0.19615940137980392,0.29264453220683256,0.38332264960220064,0.04891615843562681,0.159197136394267,0.0,340,False,0.5740636434037439,0.6042402208728144,0.5740636434037439,0.4271288453027946
1608,0.3097402809418303,0.3008983676587983,0.20131833946221392,0.21772744648823822,0.18420138058325783,0.22173922042616728,0.35903827033618857,0.4984862633989464,0.4769745561924527,0.19387270009420912,185,False,0.35412400473593764,0.31428488281568856,0.35412400473593764,0.8978474629499102
1609,0.39111962590578014,0.11499510902649934,0.3502158201389749,0.474451615406209,0.4307502513989676,0.33630328821986677,0.2958182661917103,0.12500869885374472,0.2864690764636733,0.04690706955924396,460,False,0.4429585420551238,0.42754454584696505,0.4429585420551238,-0.5171624899236861
1610,0.14469274097097565,0.5094744526653047,0.15188114304787825,0.07886924081629629,0.3182261455232428,0.3687463870694158,0.6053849153667491,0.18606582166915345,0.1824757178497065,0.1362387720441901,340,False,0.5511073079531914,0.5265156745504528,0.5511073079531914,1.0035924729374361
1611,0.33474620806333516,0.21623980338310586,0.16677670132939335,0.2970732286314107,0.3593643033711732,0.2295028864035156,0.41683139216488896,0.3516632587360802,0.2817348574794142,0.40806137771334333,185,False,0.25184309543838934,0.2500546908354956,0.25184309543838934,-0.294879917089962
1612,0.3413168370301387,0.3173951711537355,0.2622856051017846,0.4336441120682319,0.17291479760351242,0.3077450145009181,0.4172970275005214,0.3400362944737251,0.2383576240749071,0.23396537918614557,708,True,0.24809362000927893,0.2607293144647195,0.24809362000927893,0.08274366102727662
1613,0.1815912593670542,0.11851399409512407,0.43686623467218444,0.5252639357189847,0.22728134576676032,0.4353951071202895,0.10666380822919247,0.14041808110619503,0.25147185970510616,0.38815786403546665,560,False,0.47092798798735164,0.4186001274897922,0.47092798798735164,0.3770343697623394
1614,0.4013203669945965,0.3468138009656179,0.35674036985384594,0.3676234035816847,0.17115591389343435,0.30713808949290045,0.28982821202309234,0.32610361194992055,0.2470524355181404,0.28503416490990074,185,True,0.20035029145676178,0.23016445310116215,0.20035029145676178,-0.8646961663789234
1615,0.307200414511554,0.2044536075704277,0.17151017341073602,0.28176725832588473,0.21103270660517895,0.1988942842360504,0.49034754238768463,0.38373875958573683,0.2873139916774484,0.4479719666686198,185,False,0.3355693397363228,0.3188373689769486,0.3355693397363228,0.6735535132020777
1616,0.3428157494279805,0.30869078059291105,0.13374650867933996,0.4688579353976963,0.0,0.26253691621449843,0.5244585926680709,0.22332192567304715,0.21734501508402668,0.3292073600100433,185,False,0.4713593670210271,0.5244585926680709,0.4713593670210271,-0.17436511282068562
1617,0.2915813049062463,0.20370955674875052,0.16158338209697792,0.3616292631033608,0.28271109206993034,0.16545010998687046,0.4426558952054709,0.3254144288682685,0.29283692934153793,0.47085696987490927,185,False,0.3219115319754997,0.30927358777793135,0.3219115319754997,0.2574974312558022
1618,0.11595591281672792,0.3792894103091693,0.4891438587923017,0.2101782200891607,0.49937833855988273,0.18137066793524262,0.4389262424304855,0.16254840149299435,0.23874935827301919,0.030060627207939963,340,False,0.5133511807898797,0.4693177113519428,0.5133511807898797,0.1749997375248556
1619,0.3644651484026076,0.35256249412802737,0.25831270643271076,0.2684284432064085,0.3337661359649086,0.18849006264928903,0.5912408491699986,0.0,0.32722756655446544,0.022662758710819766,340,False,0.5365110504248932,0.5912408491699986,0.5365110504248932,-0.02519261210248079
1620,0.19989081643973222,0.27463148443770163,0.29313749787903076,0.33857963767409516,0.2277090985042404,0.42136653496091664,0.2628215261662331,0.4853887591321388,0.17956552933146017,0.3431225346570017,185,True,0.29335061261816153,0.30582322980067866,0.29335061261816153,0.6812213036402418
1621,0.2855137554515486,0.3201557456654932,0.3188651335521252,0.0,0.26231883669093703,0.22885514931206638,0.42130893778519846,0.2006096938787315,0.3873211069305044,0.47471913687031236,195,False,0.40754049002518694,0.47471913687031236,0.40754049002518694,-0.9326660425993515
1622,0.26186434008040477,0.2733022642689618,0.24525726758657249,0.29548949026862786,0.3607590768816401,0.4085648405121287,0.5978725701317955,0.10695453842556617,0.09570761409844689,0.18478258121108598,340,False,0.45803940328768467,0.5021649560333487,0.45803940328768467,0.8715053220481074
1623,0.2997897135030763,0.24387065084210086,0.12480296677035951,0.2867172283551622,0.3444313879434377,0.13249606990622526,0.3451490001697662,0.21094180871211304,0.4875197565293368,0.4640934197515139,185,False,0.37509950132007663,0.3627167897589773,0.37509950132007663,0.201134926355436
1624,0.18135265669194595,0.17044866020639596,0.26276209918451615,0.15005480239569666,0.48603111202526605,0.253205671619791,0.37906486849343535,0.3944315802291082,0.32962136169838696,0.3718091735849601,1177,False,0.3406653110461,0.33597630962956937,0.3406653110461,0.15049946103453643
1625,0.22696781306061473,0.3496039478718723,0.2247692702582267,0.16611126101857762,0.48215795868344624,0.3069500779757981,0.16824381127428803,0.32648342095891236,0.5044154577089417,0.17922474694443036,742,False,0.3791948027451661,0.33830419669036405,0.3791948027451661,0.7390456902865093
1626,0.47469660577575307,0.3752037804547553,0.020998775705866973,0.32037043837497037,0.36278815464460906,0.15238931857313176,0.27189557682926313,0.2706054890355142,0.35850940414988075,0.31667935108991363,185,False,0.3880894801011345,0.45369783006988607,0.3880894801011345,-1.050686603929237
1627,0.2535674638040442,0.06327211793521724,0.39079152195863526,0.4427131747050475,0.5242583266422248,0.428940696242941,0.20163572518627798,0.27229559287610733,0.00977746641265127,0.0961917009524528,780,False,0.5503100327909021,0.5144808602295735,0.5503100327909021,-0.08289105142141462
1628,0.3597218214416247,0.21317833118398166,0.035788354360828174,0.42941047779724156,0.3377484695696154,0.27947130946949367,0.4697398889989142,0.19243970160743692,0.2777863783391542,0.33533405727267696,185,False,0.3827713860214119,0.43395153463808606,0.3827713860214119,-0.710888417441691
1629,0.3278981583131304,0.4805920860133192,0.3106086219277086,0.31213574429462765,0.1677282639873204,0.16152739184258402,0.5854274433197636,0.14246624608269723,0.20602077291089702,0.08897896022515993,340,False,0.48952383820607975,0.49644848309460365,0.48952383820607975,0.8698966505125137
1630,0.4440642724436393,0.12389268362634678,0.12597340116546474,0.10672213074580887,0.367567809883257,0.08103829616668298,0.4362253396585932,0.32742138065232695,0.3734401463318263,0.42611085790202824,195,False,0.4703684116876458,0.3630259762769563,0.4703684116876458,-0.328716879298077
1631,0.21034577337573118,0.2116774045686795,0.31583250228168464,0.32782117392884563,0.22492845877071596,0.06655318415074951,0.3637113758085627,0.4670584979380299,0.3151781369967189,0.4460285182916608,708,False,0.3671556046441065,0.4005053137872804,0.3671556046441065,-0.3591030274594945
1632,0.31115375322344907,0.16720307778024227,0.03342295756445319,0.34113060641633136,0.13773379354534623,0.084580231915616,0.38138077465416903,0.4530547722347842,0.4143150330510451,0.4574363407749101,185,False,0.4907963023719036,0.4240133832104569,0.4907963023719036,-0.38347595075805446
1633,0.26573162254621036,0.38966513388187163,0.17662170575713654,0.20054685602619188,0.29647311396029324,0.3031808623200204,0.24011524301943937,0.234756666463246,0.510419771404427,0.39118309244015,919,False,0.3116645514186342,0.3337980656472904,0.3116645514186342,0.9194543691884943
1634,0.28579673667176025,0.07501793759826193,0.09200931631046651,0.15052593353742152,0.3967910773903303,0.17838888335994288,0.3001708747942741,0.24886436321468006,0.5027003240561415,0.536245624158277,1630,False,0.5003046758283751,0.4612276865600151,0.5003046758283751,0.43958001420972753
1635,0.38481028928396566,0.37826983426061644,0.2199558993675308,0.2871147363811649,0.48127737062536374,0.07240831617152672,0.2867452076123088,0.18023830705253627,0.4680587017064578,0.08578474717597705,1291,False,0.4481929158309143,0.40886905445383703,0.4481929158309143,-0.14094425653724374
1636,0.3816569747219688,0.23414182403987308,0.0,0.3493030940955682,0.1900929552448406,0.2941336425019242,0.434416978418547,0.42698390901920213,0.3420056820359375,0.2585569972113805,185,False,0.39841841448622506,0.434416978418547,0.39841841448622506,-1.222739276915774
1637,0.464410418267589,0.383014204609213,0.24360014387296652,0.2576686915481176,0.24733084317382636,0.16558503503054076,0.37367733535922104,0.30500548423907975,0.30425698312723776,0.3131493889553883,185,True,0.2571801908377064,0.2988253832370482,0.2571801908377064,0.3302138806220447
1638,0.42303435449127536,0.23269715976334293,0.0998529933169002,0.16184870224203873,0.21860958603771588,0.2662170927355176,0.2686927783963652,0.4360335360560604,0.31968866380852584,0.4975386989960914,185,False,0.3880270009086302,0.39768570567919115,0.3880270009086302,0.26017625223469826
1639,0.22979062094381486,0.16680223083419307,0.3188845725773678,0.3671944763732286,0.14967058925766014,0.20346565710595846,0.4107953881817394,0.4545673343890333,0.24515871233612904,0.4284477408256364,185,False,0.34436263678156454,0.30489674513137316,0.34436263678156454,0.11355898151731883
1640,0.3747554331918894,0.29295691434951404,0.5454045368917209,0.19743635303534784,0.37623530748273964,0.2450518800464521,0.3024145882026149,0.2748054811570812,0.23072982816034437,0.12439883247214774,373,True,0.35395221560606344,0.42100570441957313,0.35395221560606344,0.8813173006442486
1641,0.43281282977083657,0.1876875398993461,0.31318776093815676,0.19363037139391526,0.06360383430955625,0.22035552741710984,0.36770278985973304,0.4273910190494641,0.395446193976514,0.33914454743849165,185,False,0.3741283893651856,0.36920899546128033,0.3741283893651856,-0.626177838569871
1642,0.1672673179556378,0.2137145642050519,0.6153589296205956,0.20377840211993103,0.3787080210639323,0.45983730733124706,0.14487667697534887,0.300449435301333,0.09367796705449521,0.17677864494511455,384,False,0.5078726105639749,0.5216809625661003,0.5078726105639749,1.1262432306285288
1643,0.10351490897533915,0.2344011182086794,0.375956445210896,0.4360532305947874,0.32566835860718224,0.3513177863241444,0.0,0.31108772367800397,0.44485242418925386,0.2805383982252203,560,False,0.4347791450082109,0.44485242418925386,0.4347791450082109,-1.0460118494388957
1644,0.18350538963879323,0.2978315732269247,0.5359940758986667,0.14940236252142153,0.31657090385060505,0.5531284689167782,0.16177832643072015,0.29623009013138696,0.18595831847814714,0.11549104265283595,493,False,0.4813767273013717,0.4376374262639423,0.4813767273013717,1.0080309578880142
1645,0.16315526138493402,0.27145387068203525,0.2873055205551047,0.4458800209726352,0.21271366290566684,0.1726434382562599,0.38212869765229357,0.27901058651229604,0.36120012885558755,0.4346861630300673,185,False,0.3101558996371236,0.28272475958770116,0.3101558996371236,0.09338771672873575
1646,0.19301605713187553,0.4310282721959015,0.3627856851415774,0.19914415176353517,0.4825112712723762,0.36792062828418753,0.3876976330122256,0.1502965542818399,0.18308212315723282,0.1763158966680723,340,True,0.3801355711163722,0.3322147169905363,0.3801355711163722,0.2335767935241207
1647,0.32108854000850895,0.45514159924443387,0.22489359906587897,0.25504247781141054,0.33045751139377033,0.36155005584568484,0.20506012226429857,0.15900532716452162,0.2423789322669382,0.4562060646114284,840,True,0.3094956541856931,0.2972007374469068,0.3094956541856931,0.4129795042363462
1648,0.3276320883730055,0.5104278958516666,0.18821172398927474,0.22448161276736203,0.318536284358426,0.18612900766594176,0.552007523294088,0.2063708182671318,0.2507874357579217,0.0,340,False,0.5015209951389092,0.552007523294088,0.5015209951389092,0.3566221210406037
1649,0.1599629184651822,0.3520626780861874,0.5672314411953348,0.18342117232241364,0.1222572250914713,0.3353445311951874,0.38287755115456895,0.20198407287538697,0.3496243491003047,0.2409069260759649,495,False,0.4106283930946631,0.44497421610386345,0.4106283930946631,0.8049683121802171
1650,0.295568646394484,0.21483505099985453,0.234149686927381,0.23141130046604352,0.3159916873516059,0.309767714441178,0.31937172588326357,0.16186170836722252,0.46492169623164065,0.4668525798550375,185,False,0.30547699985689514,0.30499087148781495,0.30547699985689514,0.6648844943308608
1651,0.4047002043286372,0.11595956675317977,0.12597896488431962,0.3595743395884342,0.28067704531127896,0.2854475304915198,0.27690103998737964,0.34254805838262087,0.40455045274316664,0.39959028356570087,185,False,0.32435950407632347,0.2887406375754574,0.32435950407632347,-0.8960071824616775
1652,0.5264891573308298,0.40226514418382886,0.33018520454602374,0.288297405275946,0.26619017702693026,0.32791096906252404,0.34321133415215577,0.09998829687269374,0.25032044150396743,0.004409193122980538,309,True,0.4519841530374143,0.5220799642078493,0.4519841530374143,-0.5177422700416445
1653,0.3228151021762775,0.2998660143617883,0.1276583556181004,0.335344810723268,0.27380327244525565,0.20063546910981578,0.423021226983766,0.2742995385362988,0.45413232709635964,0.3185463798238403,185,False,0.2891059738432548,0.32647397147825924,0.2891059738432548,-0.20643034366219773
1654,0.3563032697861258,0.1199439269093636,0.33553532996761004,0.3040994396514194,0.31572509034616725,0.21254745307096495,0.4470623746808471,0.3264943098895261,0.21313705634213967,0.3960448825218404,708,False,0.292616973284898,0.32711844777148347,0.292616973284898,-0.5450581468831364
1655,0.5234226181640501,0.09801273154850011,0.21501944968253037,0.24854041241480254,0.44640342217166545,0.24714059463681973,0.3605074432804215,0.23827854430984088,0.2765019591752212,0.29131849116189074,460,False,0.37057567452294754,0.42540988661555,0.37057567452294754,0.5675614021403322
1656,0.15191290417435363,0.5750021365146329,0.41070823223406716,0.4128326957990214,0.3089472245852975,0.40044497527917383,0.14874283684083528,0.011687196069222324,0.15482959403954985,0.07172959461918899,866,False,0.570958010892812,0.5633149404454106,0.570958010892812,0.25499510195015196
1657,0.36338294704544366,0.04792567782967384,0.3467542525265696,0.20270964831311872,0.4329993712669416,0.3075241885578028,0.34412087247010975,0.4006203820265542,0.2663753506212353,0.2690631434954753,777,False,0.3381554599075171,0.38507369343726777,0.3381554599075171,-1.2736334743038276
1658,0.28172539769435023,0.26903753917598666,0.11595691931534265,0.3421213211296436,0.30562931468396987,0.4722928100306502,0.2284039339998593,0.43184717097366676,0.2578772290374017,0.31004164155492286,573,True,0.30526835714190587,0.3563358907153076,0.30526835714190587,0.04959971437391534
1659,0.33079269532590183,0.3708254717066419,0.42482115087050404,0.20664987939356685,0.26793620778709454,0.26138934029585775,0.5279568911488595,0.22900640480562828,0.0,0.24205550676457616,486,False,0.43620009509200225,0.5279568911488595,0.43620009509200225,-0.3267351446853327
1660,0.437139674931717,0.38279555818420113,0.14993699856201048,0.27181978429402787,0.2657110006804806,0.07967532005600014,0.4074968679055798,0.3453144070450766,0.3352627627542885,0.30226150416413483,185,False,0.3419329193567155,0.35746435487571687,0.3419329193567155,-0.8671387758460184
1661,0.43167250444975813,0.19704354689293424,0.42160283593080494,0.0,0.10164413903779781,0.24342327301257272,0.48562474969423175,0.21925945243305758,0.3088914860714882,0.38493799793714506,195,False,0.48255155904912583,0.48562474969423175,0.48255155904912583,-0.4337653927310194
1662,0.29094140391805057,0.2998201537081924,0.3548178155865905,0.045396887182405136,0.38158707669403297,0.2035140851192482,0.38762976858434256,0.3621459628843324,0.30294599387104004,0.3705332970497956,195,False,0.32102274530924924,0.3422328814019374,0.32102274530924924,-1.81663054571919
1663,0.2191447924740952,0.4482258534196929,0.4372221111040459,0.16099296543202415,0.3387548099029464,0.4306457040716644,0.24596564862104492,0.16938657884269342,0.30626246922978745,0.225364322333211,340,True,0.33769746500428555,0.2872328879876688,0.33769746500428555,0.27578757327817366
1664,0.11269064934322053,0.4800653584566428,0.34606489462553086,0.32635210169041745,0.35273684829528273,0.4112169455578542,0.06729571604379742,0.35185783738011595,0.23123370532226586,0.2350470708828798,560,True,0.39581522381072193,0.41276964241284536,0.39581522381072193,-0.5323594507558492
1665,0.4226579870248751,0.22149931288734745,0.4509137022062018,0.25550078688537775,0.4240715586182716,0.4716476584910985,0.1494854851502744,0.1552833799032145,0.23440866563401164,0.0,229,False,0.48817518842590285,0.4716476584910985,0.48817518842590285,-0.2658723535067864
1666,0.3814384887449864,0.4425989914127141,0.38847125789908993,0.28864657125831,0.34926009349682047,0.2616717017369269,0.42674853685170905,0.1419625310752117,0.17793730485158943,0.0,340,True,0.43815172342851927,0.4425989914127141,0.43815172342851927,-0.9004830855603333
1667,0.2830691917520756,0.2758455548762551,0.0372379876546171,0.34239803630164006,0.3545298323419479,0.06576127570447535,0.401606429655513,0.2829715466684415,0.36790747006618263,0.4673601449099887,185,False,0.4235070066079502,0.43012215725537156,0.4235070066079502,-0.9771790473048501
1668,0.3142736749701983,0.3837412216172487,0.14206019000944406,0.409398692919502,0.0688986770156625,0.2393585371116416,0.27072674252874807,0.4385319516484724,0.345768255178571,0.3449461982598148,185,False,0.35969939357975134,0.3696332746328099,0.35969939357975134,-0.8631390008392588
1669,0.2594097578205238,0.05442695710034927,0.20104938306632725,0.26332946374261906,0.050089657248498023,0.1563354583777841,0.4026736832264103,0.3706760735442661,0.44320196522298116,0.5450288478912596,1500,False,0.5129689854113957,0.4949391906427616,0.5129689854113957,0.10751661471847153
1670,0.5269340400397665,0.24134348019298532,0.25974845691199505,0.07962432860491689,0.38288424472568977,0.2914491102461468,0.2859892942766926,0.2768251031840682,0.29566131141134216,0.33601189481937016,195,False,0.3428035631126736,0.44730971143484966,0.3428035631126736,0.20663427058264583
1671,0.1955175843791712,0.23383292274535925,0.34960215549617435,0.23648228835951068,0.5769476480197231,0.3026032902950124,0.19892793610571924,0.1317619560270676,0.4546302808357756,0.20221258536139736,742,False,0.4206365831919463,0.44518569199265545,0.4206365831919463,1.219850751800801
1672,0.28876464000687824,0.3736923149068193,0.31760936171879905,0.21812682547105863,0.35056158663538256,0.34872794798284246,0.5664163128574263,0.06873777693897495,0.22825746114015058,0.07972214294331036,340,False,0.451039313172997,0.49767853591845135,0.451039313172997,0.21466490895078183
1673,0.4431516651746049,0.5005363634525594,0.1090433893906321,0.2557397550518668,0.1947165037863713,0.303546647111506,0.14370546967584827,0.3052536853219528,0.3426361205455717,0.3383799611258647,1543,True,0.37770596023770125,0.3914929740619273,0.37770596023770125,0.12582497730079706
1674,0.4504947335876857,0.29028850126399747,0.250142053213287,0.24834810182443948,0.36575178231705024,0.19993644583641734,0.07435772467935284,0.20919940200360418,0.3685467432315763,0.4792391292158291,543,False,0.3780448401086302,0.40488140453647625,0.3780448401086302,-0.08007772419832156
1675,0.0,0.1772222485507826,0.37325678216337893,0.6238076700883505,0.3437588180255876,0.2113264087312242,0.04896711514660509,0.12902312252669718,0.28796979134030853,0.4187306039592779,560,False,0.5888307672916611,0.6238076700883505,0.5888307672916611,0.4834607967879838
1676,0.21077817920082276,0.26620186540142443,0.40151700196874635,0.3973488971444484,0.0,0.3424450881499592,0.40140689649087324,0.3015319766350084,0.39073687566844356,0.20883989850765622,573,False,0.3907936255361378,0.40151700196874635,0.3907936255361378,-1.4105998714793686
1677,0.31648506835864315,0.27138259626729067,0.22487642863860796,0.14188960795747554,0.09859736259565717,0.12578616943909673,0.5041912419279232,0.3731976229024153,0.4740850643960688,0.3342171392260249,185,False,0.4338195326644681,0.40559387933226604,0.4338195326644681,0.18135106730962822
1678,0.4893748150300559,0.14759079110856352,0.20246217420608598,0.2030026567572626,0.037067699554173446,0.13956410798617774,0.4928200935883382,0.380829409016777,0.33112153709910697,0.3716610388834259,185,False,0.4816369488571975,0.4557523940341648,0.4816369488571975,0.025372172871907153
1679,0.23636505228110166,0.4082336156097745,0.28560522660289356,0.4535895831291131,0.4111289678404955,0.09592555547164319,0.37558251532286335,0.3917753751440724,0.0831325744560047,0.10233809676188459,526,False,0.44888865730442584,0.37045700867310843,0.44888865730442584,-0.4570471436114444
1680,0.2106052549215787,0.24214310226289934,0.6029604508355956,0.1260034187985182,0.25001668859488396,0.43243921615238007,0.14166717310797816,0.1885725579023986,0.2462693022049688,0.3895949060548902,96,False,0.4582344068697876,0.4769570320370774,0.4582344068697876,1.2347537245834177
1681,0.21400007915950559,0.39734981241290385,0.4087552564738285,0.2542474860347715,0.18727363897804764,0.5110335209648991,0.4042034754016427,0.2510532386659092,0.18730899862191178,0.082915223591058,340,True,0.40872345480387545,0.42811829737384105,0.40872345480387545,0.21652559519837944
1682,0.26766036768534135,0.449662900992604,0.37335078178905307,0.28941008568725635,0.36317527847103404,0.3384125256084108,0.40833982929572077,0.1478141633126995,0.24929796751530012,0.07650463402914509,340,True,0.35445273102962804,0.3731582669634589,0.35445273102962804,-0.7241900592579039
1683,0.11921299433750483,0.2150093855346104,0.40818420189040466,0.41413035981100454,0.17768077183432696,0.4227812146736254,0.33385317074732496,0.264301673497153,0.36265148015931337,0.2798162005125671,573,True,0.32270377919803406,0.3035682203361206,0.32270377919803406,-0.4000266354148794
1684,0.42091041069182017,0.3537718664824297,0.284920805459919,0.30815992511261686,0.23223097371496196,0.20290029235703455,0.3832164262608624,0.25791240339355975,0.4396248478888023,0.1406914708666712,185,True,0.2953638462370467,0.2989333770221311,0.2953638462370467,-0.1126957844516022
1685,0.3509787111400855,0.19441327833098762,0.28037077311165776,0.2697268215279948,0.5610518493052873,0.17044198691643284,0.1501431187523618,0.42152335531186963,0.2494666914424114,0.28525237778856255,777,False,0.38049253797913235,0.4109087305529255,0.38049253797913235,1.1241427692983679
1686,0.2716845437718655,0.090203356790938,0.42515940946446484,0.24478692173456038,0.4190562655275688,0.39626730438073937,0.16682566656797002,0.11602710565676673,0.390179514514448,0.38884524758817823,1441,False,0.4002055832530803,0.33495605267352685,0.4002055832530803,-0.48738278713458383
1687,0.039007180773441855,0.2993719956693652,0.4903281389070596,0.22574996426159355,0.205718864906564,0.4116963457863245,0.2916874518869378,0.38944451473553554,0.3600215428255088,0.19822178092295745,96,False,0.3984535556261888,0.4513209581336178,0.3984535556261888,-0.42796466776632813
1688,0.2839444058012392,0.2150811646013841,0.2900304240368574,0.318124580346782,0.25745423512048876,0.26933360445815785,0.35038829849456005,0.42800868571893874,0.445192636257621,0.21168755215506174,185,True,0.24256679355908914,0.23350508410255927,0.24256679355908914,0.7179782454659132
1689,0.3906930506734247,0.3115214236405106,0.5112467553177862,0.3482860065866354,0.3654528445564508,0.25840844497681104,0.34709729109604676,0.05102341837638637,0.2103005725686256,0.0,309,False,0.4825975459889257,0.5112467553177862,0.4825975459889257,-0.6904990648917684
1690,0.18025373567970224,0.4454705098457529,0.47858437508450974,0.2353362732893261,0.15566481942456875,0.47808974544257565,0.4448402222718481,0.1766792009195702,0.0408886145006154,0.032662932239505116,229,False,0.5588480252284083,0.4459214428450046,0.5588480252284083,0.07498703726548576
1691,0.18336354020521403,0.37832334541895274,0.32193032817127115,0.3208790194427191,0.44291264573521927,0.0454122082281503,0.2767182707228749,0.2720906280675813,0.14850687621594943,0.4957340952502887,185,False,0.41810877558385146,0.45032188702213843,0.41810877558385146,-0.2711488687219196
1692,0.4310166694790363,0.10540954037121554,0.06590703568172723,0.4827498650760891,0.2701833450709354,0.24809729295017074,0.4319712651571741,0.22047142253749843,0.18604433300092588,0.4016860306317779,185,False,0.448987104855077,0.41684282939436185,0.448987104855077,-0.0725106807049809
1693,0.03675132022792997,0.17058491737773868,0.23976016631162916,0.15263944513234343,0.33103702464920093,0.5538940244350319,0.26636427421916575,0.3346433606867238,0.46530936306756754,0.270061804187227,573,False,0.4645578981449907,0.517142704207102,0.4645578981449907,0.32843479030064154
1694,0.26534524152631517,0.2479925605356066,0.49414916340387993,0.1926072042019824,0.32778355825196853,0.31624717002420155,0.32106842070956776,0.24931922488772393,0.4488838685561809,0.11231471043868027,495,True,0.34350405939071493,0.3818344529651997,0.34350405939071493,0.32182971710177083
1695,0.37619482841342683,0.09336316406440126,0.17278573448047183,0.19326314350183976,0.43815356116714627,0.12334341244924213,0.4175369197042411,0.415359631613357,0.2763400899713703,0.39004939330956095,185,False,0.41007584457708873,0.344790397102745,0.41007584457708873,-0.32696533425863034
1696,0.18066984594381705,0.33712151597791234,0.18878914583212966,0.3646374634462609,0.29192128433656483,0.3846394637721559,0.1401894920265931,0.39697973907431855,0.32554424080066996,0.4107493833598892,573,True,0.2986621043133411,0.2705598913332961,0.2986621043133411,-0.6549089032255988
1697,0.08611178473064071,0.4469828497823508,0.287167641573587,0.3126134535455262,0.3356585776597007,0.19354351081180937,0.3350697288923223,0.44752730205644053,0.30008391462319056,0.24468373540346258,708,True,0.33062146597111636,0.3614155173257998,0.33062146597111636,-0.47044950551490633
1698,0.2607159826821216,0.4347954142926186,0.2649510049356368,0.297342507792338,0.26113389319389313,0.37379748929671797,0.185996846269849,0.26191367509609575,0.29706687009784577,0.43012872911958855,840,True,0.24438922773279728,0.2487985680227696,0.24438922773279728,0.566212916104395
1699,0.2714232684474683,0.3632053269633925,0.40883814562010096,0.41296767232027776,0.19349390132359542,0.253561108177164,0.10558054539159072,0.3508130652412102,0.34020001280729156,0.3240897092817665,560,True,0.29554223202748525,0.307387126928687,0.29554223202748525,-0.9169754950282887
1700,0.4489055492455269,0.30079649254054563,0.17663976611998475,0.39128518844122245,0.20410534557367901,0.21801185928360184,0.498350215052119,0.29316123985491976,0.17498562843447266,0.2638086234925859,185,False,0.3486767919504256,0.32336458661764633,0.3486767919504256,0.7054458784695488
1701,0.28541967449976197,0.23651750504254193,0.309447112531162,0.3981610823204637,0.32740624833892296,0.18680474016384818,0.3499729432175582,0.31334959197156836,0.3660321245402465,0.33401483488135375,526,True,0.1867647255092584,0.21135634215661553,0.1867647255092584,-0.8230349806420043
1702,0.049505942313822215,0.24678412126429128,0.25044751345651617,0.40857604112072693,0.20411111488216935,0.44926141880918147,0.2895478754181437,0.2635763004480544,0.3473671555344787,0.4353353558843514,573,False,0.3711152998017581,0.39975547649535925,0.3711152998017581,-0.5811530417962351
1703,0.25158750442385247,0.23849868886114464,0.5119266344607476,0.30140411476697754,0.5914666811006902,0.2994079757054672,0.09403142238576188,0.2685424702024698,0.04523339128091155,0.06654161410052002,384,False,0.5587517825302765,0.5462332898197787,0.5587517825302765,0.6042031741957397
1704,0.005406978485688206,0.4711440490671443,0.23986495487947843,0.3465231091877553,0.546335364137559,0.46211249837220975,0.0,0.24931824285098683,0.1618354422070764,0.0,866,False,0.6556702214125605,0.546335364137559,0.6556702214125605,0.042925591660577245
1705,0.47661750814461395,0.21630852466054049,0.3773756182496006,0.48472315695440804,0.17042977361555303,0.13279749851469025,0.37603649341002515,0.26738085170229864,0.2635382523556034,0.1401699643927874,460,False,0.40308539749049077,0.3519256584397178,0.40308539749049077,0.33798094446210114
1706,0.25999776949709336,0.2234435881438217,0.07070259374824649,0.2045272746900037,0.40272396291810125,0.40242823392465044,0.30255549693331435,0.345164512815978,0.48474224628062085,0.25662301375692964,1088,False,0.3638908651038321,0.41403965253237435,0.3638908651038321,-0.25822468997537446
1707,0.3633925795807729,0.08098535994478485,0.29263068747149124,0.30352416490355805,0.22402390370727748,0.28792159171367304,0.14306135526109934,0.4186923734749341,0.43633488788064073,0.4054429983186232,526,False,0.361185803391172,0.3553495279358559,0.361185803391172,-0.6283389635661997
1708,0.29077570617037,0.26395961846699884,0.17089800494563487,0.31953664977617113,0.32409349123398173,0.24954863208628641,0.34645888519855556,0.3809640995323243,0.4530850055217327,0.27694850161140905,185,True,0.23323145019384703,0.2821870005760978,0.23323145019384703,0.2014864637874317
1709,0.2968022366180619,0.30316092608378575,0.34134844468077,0.49870778602343246,0.2965493331609246,0.2446764270391607,0.15521228522029856,0.25048995093345394,0.24903973788601544,0.3976289070390098,185,True,0.28525910467058396,0.3434955008031339,0.28525910467058396,0.7638290000872798
1710,0.46532365433420675,0.3478994359850191,0.279139108696905,0.0,0.20937997535175373,0.015944378599286848,0.3922425985479529,0.48571836068090557,0.2623393338417486,0.28605686806702424,1453,False,0.5143096079913176,0.48571836068090557,0.5143096079913176,-0.6039882411740007
1711,0.3359189246452909,0.3205458739514747,0.20846323802729055,0.33825349981608976,0.300341893179542,0.2892051938824269,0.2160001261154021,0.39537215140255766,0.3762592548640437,0.3288546040221039,195,True,0.18319368115890994,0.1869089133752671,0.18319368115890994,-0.6290361612533458
1712,0.34700674014158694,0.2879808599463444,0.18555360386215808,0.3627700472728355,0.2357832824114315,0.31023349867665617,0.2718430926186901,0.38952930234459165,0.23799720019691492,0.44329235030542413,185,True,0.2389622233809333,0.25773874644326605,0.2389622233809333,0.2152198963945113
1713,0.24723479883226127,0.2914408188449693,0.17079712232603841,0.3731722630339372,0.3118872038902031,0.16886326796728704,0.34287180016983226,0.3222293720229342,0.44340647409918543,0.3764537639956743,777,False,0.2684209834448402,0.2745432061318984,0.2684209834448402,-0.340278617814623
1714,0.37216398108792553,0.3975994523851271,0.40887674190782,0.14395090945653277,0.32752784048275896,0.4458204859517604,0.3626309373854949,0.022625333722828527,0.13218515842778475,0.24492893187213005,1454,True,0.43845886010264706,0.42319515222893184,0.43845886010264706,-0.7789624390558527
1715,0.24162872563552457,0.3989539344734544,0.46032234245805065,0.28855396769909725,0.1437945840569085,0.37161770092142093,0.19257900565144795,0.2995195326745944,0.1621471538583978,0.41883689481352504,493,True,0.341433182823287,0.3165277584011421,0.341433182823287,0.0012736080588840344
1716,0.32884034896972236,0.4364296036838723,0.3198103998393223,0.4315205733219102,0.1657267845482986,0.28770527387901745,0.40155351512309856,0.2952497799861173,0.21872917462497007,0.08002953964721811,1173,True,0.35269397572316696,0.3564000640366542,0.35269397572316696,-0.5794506072885881
1717,0.46226940656057786,0.029310284345637816,0.07162454414336988,0.269694866564094,0.2102547464573221,0.3444999113355587,0.3028160944305369,0.24013327135773702,0.45014263849338637,0.43898210584029346,380,False,0.4654540902034919,0.43295912221494004,0.4654540902034919,-0.4503477068262893
1718,0.1995596437768965,0.3969934529742978,0.49855581530029286,0.25153526452121805,0.23585991613154314,0.3370277820394017,0.2129265132204748,0.2518620039349837,0.28079432337539084,0.3659357998358291,493,True,0.2880891074736251,0.29899617152339636,0.2880891074736251,0.9954849310953959
1719,0.11921209994429892,0.16747741853771805,0.5316432990301917,0.3934175606453475,0.3446236757050697,0.4456475126977493,0.0,0.19298375130166645,0.18699061712325718,0.36158320272132,560,False,0.5145951775767692,0.5316432990301917,0.5145951775767692,-0.06274683415062562
1720,0.36418200138449086,0.2329358586398875,0.13151266621740565,0.33448167992556993,0.32224237776640835,0.18357013922470142,0.38324216086841506,0.439873054803826,0.34360899101895626,0.29659844416940406,185,False,0.2867723379390972,0.30836038858642034,0.2867723379390972,-0.6118556883259916
1721,0.17225252852257944,0.4983396866857443,0.20181890672988306,0.40817999039544733,0.32673368493578026,0.15547489086115532,0.236885635936822,0.2924146415307463,0.43907489599397165,0.2220576805061992,690,False,0.36360932519400063,0.34286479582458895,0.36360932519400063,0.5576110895125487
1722,0.35785131434145034,0.4791737280939518,0.18755243971724564,0.29567458692030124,0.1838179160946117,0.07490253331973912,0.226595282880684,0.4678721118880046,0.2613911681097909,0.3765117558417771,185,False,0.39837810803489593,0.4042711947742127,0.39837810803489593,0.021195163518292787
1723,0.22720992304007523,0.2734689120835983,0.4812513378585862,0.3529698049308005,0.14656759073434406,0.25788051983975674,0.2489297867093087,0.5512457552764995,0.2521458487153338,0.0,747,False,0.48414170888055785,0.5512457552764995,0.48414170888055785,0.1631771873924635
1724,0.0827929462111248,0.5558531116256223,0.47549354207163963,0.3126416239856151,0.1176243765895338,0.24286514476604043,0.4897475693773506,0.12564752651712222,0.1785216253728328,0.002197017669531131,373,False,0.6050819709810721,0.5536560939560912,0.6050819709810721,0.41595312540437657
1725,0.3873053071071151,0.19998096778556,0.20717522965232515,0.33591311109035227,0.2154075956417794,0.1287452479167515,0.5079847206161778,0.27327199780563194,0.40222927858511826,0.31105110961017435,185,False,0.3495692926841232,0.37923947269942637,0.3495692926841232,0.4074941363146689
1726,0.5663423287617356,0.0,0.36358939677979013,0.4808021631687362,0.20616973115652143,0.16328455254407848,0.20878207605413587,0.12391550951589918,0.40997626353553246,0.1403390484042763,460,False,0.5618218137547216,0.5663423287617356,0.5618218137547216,0.3702824428922557
1727,0.2502491528591673,0.19218759698700194,0.10296689193807329,0.28912387238508924,0.3455368001172471,0.23315830374816107,0.352423900239513,0.4755964198768542,0.32380688395252794,0.4209994793851312,185,False,0.33385116496447376,0.3726295279387809,0.33385116496447376,-0.1507823035467891
1728,0.0,0.2772946315228631,0.26777265859183613,0.4202922519357949,0.33443844556156105,0.5343635456465765,0.3456124707266382,0.34740235115738477,0.04607986704345082,0.18736785518917426,171,False,0.5040119347779791,0.5343635456465765,0.5040119347779791,-0.4126729602773049
1729,0.4208305376881264,0.2531344588441315,0.25725883476088185,0.09796375914469915,0.2030344066524846,0.13320773213801904,0.43309064412200743,0.3409978155207334,0.3895735154420247,0.41044340388250644,195,False,0.3753328645542164,0.33512688497730825,0.3753328645542164,-0.39334244592912054
1730,0.3380926852945139,0.21370521848368945,0.34273702938533934,0.2776682422669469,0.059414966665046524,0.3999407773349483,0.2870400385983633,0.27159923543599623,0.3742602552938852,0.4309796525219925,185,True,0.32483626949673783,0.37156468585694596,0.32483626949673783,-1.2157383273871551
1731,0.3798643677818712,0.39060192554861484,0.2083534681458235,0.29422692253316257,0.06209360416893396,0.21926416326010587,0.40968590989375586,0.4779820774644088,0.2872212030663748,0.20594836394897695,667,False,0.3789326530751338,0.41588847329547485,0.3789326530751338,-0.341647667353744
1732,0.40016101700795503,0.09495652731825703,0.158511225464286,0.21521738171183638,0.2888095241874566,0.3704683330865352,0.19694899852712203,0.5440293336437377,0.30295738226232194,0.3349811367278805,777,False,0.4017784542315136,0.4490728063254807,0.4017784542315136,0.4366523471039821
1733,0.40675342909955675,0.22952527986928498,0.15142337270262404,0.22458975862726566,0.25551399453176454,0.3028485389588218,0.29068527748437295,0.3213920414245481,0.24110831088958093,0.5527852792608384,185,False,0.34266145547910815,0.40136190655821435,0.34266145547910815,1.3476380985058993
1734,0.2506693564295307,0.28524699545320803,0.4323437119986956,0.358616240205599,0.4716880830968804,0.2784558009749807,0.17562208327651146,0.3037888452493141,0.058511718280707316,0.3371804437499739,384,True,0.3645727652075114,0.41317636481617304,0.3645727652075114,-0.5423554568155032
1735,0.2817905735342376,0.25515873149628626,0.2820902024959881,0.4002852883161644,0.30937811328658354,0.1377030269436375,0.25682893212065583,0.28405553113217563,0.2497308669149518,0.5403645143609549,185,False,0.32293463954710366,0.4026614874173174,0.32293463954710366,1.2034181588165414
1736,0.4607934099746432,0.18083515000504685,0.3132505365779192,0.23421616971052378,0.17445562240213275,0.43900515377799937,0.08611884795351503,0.3897353175569501,0.30638309620069853,0.3544629803426938,185,True,0.3755677073470035,0.37467456202112814,0.3755677073470035,-0.26354343942368896
1737,0.5681815430790808,0.2547234287956002,0.1419083544891898,0.3199903313499854,0.21327040943629438,0.31545004959493,0.24528924326002152,0.43377556851074167,0.1660699567955596,0.26239974679684,667,False,0.3905896935768011,0.42627318858989094,0.3905896935768011,1.191346318732313
1738,0.11171170050253451,0.15348115488295808,0.44771736442520177,0.34238957268082587,0.3050416866668545,0.3246306783710319,0.046715812669285046,0.23447119132894648,0.42598624934360574,0.4574097439797519,560,False,0.4447280949967178,0.4106939313104669,0.4447280949967178,-0.39641464990268144
1739,0.13954555915496825,0.23864313044000415,0.18093481151644214,0.3678954525770191,0.37912105232275223,0.25552367700027256,0.47581473596794316,0.37409012611159714,0.3562103579792778,0.23073360569360574,919,False,0.3218294205943682,0.3362691768129749,0.3218294205943682,0.04703743534639108
1740,0.3066075221672208,0.4311273006667535,0.46802157556109875,0.3377382190962696,0.30332083687507827,0.3122191124307708,0.3757711008869742,0.0,0.21670025598782228,0.0967602846451516,340,True,0.4456436691407643,0.46802157556109875,0.4456436691407643,-0.9081815920040387
1741,0.30946774318658377,0.5436905892726959,0.15096059197737735,0.2826951180034092,0.3338906294939389,0.2553866311536864,0.5171963984057782,0.16578665813384016,0.17205009241303051,0.06812327293865217,340,False,0.4791662454768223,0.4755673163340437,0.4791662454768223,0.6513734533615613
1742,0.387902574317823,0.6850668271442919,0.0,0.09295605311975706,0.46433648782585124,0.13529902908368155,0.25739048687088617,0.23004322273579728,0.11942434383175614,0.06502372810807378,1014,False,0.6770715226811536,0.6850668271442919,0.6770715226811536,1.056742449091923
1743,0.30446037751421545,0.44458731812188274,0.37599198094898983,0.21103803657569128,0.39965608858837953,0.17202820299808383,0.49203466787168104,0.20420237470490119,0.22499679214201265,0.0,340,False,0.4591142899426877,0.49203466787168104,0.4591142899426877,-0.3897698166187631
1744,0.31658361207008545,0.26034999645963447,0.24118106411289741,0.4491894205310542,0.29166654971332157,0.1488559858354889,0.3946523353719918,0.4188239325453704,0.17322883577484513,0.32195277935824496,185,False,0.3036571804441738,0.3003334346955653,0.3036571804441738,-0.0472511190199723
1745,0.366392119206794,0.4051299035115118,0.22058571754000655,0.4345390658485609,0.037539672656083996,0.17773802920814197,0.286274374369043,0.41909411759733456,0.35402932620571065,0.21957828454576897,185,True,0.3907176093411035,0.3969993931924769,0.3907176093411035,-0.7801102273265966
1746,0.31468837551660683,0.235122810879427,0.5684140977419441,0.13798625178259577,0.10537725035402341,0.4156346627926666,0.26673635489648917,0.23904167549919053,0.3224516892362298,0.29569048442401036,495,True,0.4063934637243264,0.46303684738792067,0.4063934637243264,0.8001391127046369
1747,0.06928497151804497,0.1628033048437076,0.547569385318868,0.39577317968097864,0.04627664762945923,0.3647504141210038,0.21896071215068225,0.26347962088966315,0.0,0.5095844761700222,560,False,0.607638333499856,0.547569385318868,0.607638333499856,0.19098875643201219
1748,0.3341679814270065,0.24244590218501988,0.22603384587772934,0.20648241326020528,0.037999795036456535,0.2282527954585853,0.3754202802761655,0.333993864652281,0.3977042358071788,0.5211728960049744,185,False,0.4044197190570691,0.48317310096851784,0.4044197190570691,-0.17896696056632644
1749,0.2908860408733486,0.2364168690388821,0.5865905815559511,0.3680136625304603,0.13794272021269754,0.5015577785994673,0.2818164836619791,0.16345154984122365,0.0569602505018788,0.0,212,False,0.5836668036803494,0.5865905815559511,0.5836668036803494,0.41688740610155983
1750,0.47300445183320855,0.23175763738972904,0.3598034919929729,0.450465151842124,0.17258290519594038,0.43783092399810913,0.22008932730159816,0.2871586252306642,0.12110345425510033,0.15209065829021282,747,True,0.4026858913379957,0.3519009975781082,0.4026858913379957,0.24185472479313702
1751,0.46984411344805754,0.11874238817477835,0.2286798445375139,0.4076943194594002,0.274097021861482,0.21416488147690685,0.3430188554727051,0.3252624363120344,0.3868769401851507,0.2291516888608361,717,False,0.3227909453227496,0.3511017252732792,0.3227909453227496,-0.04038762989720204
1752,0.3241249753750396,0.11633649256263386,0.22934683676711548,0.4002206163278185,0.21242236339735773,0.22377171967873935,0.5391153583016481,0.21086255289302175,0.2266031007914328,0.43240942810094335,185,False,0.3952937264357379,0.4227788657390143,0.3952937264357379,0.7781060605802482
1753,0.34678454472271425,0.2312229907663205,0.31066606220062853,0.11295970540091502,0.15576513856557006,0.2795569720281883,0.477731147298664,0.37473266159611757,0.30174670779587376,0.3935550017484907,185,False,0.3351070499135968,0.364771441897749,0.3351070499135968,-0.25204526510577013
1754,0.4906437293154251,0.022750791406109847,0.20789625078282034,0.2759976595531132,0.22772391492358143,0.06270066173365003,0.42745122261609797,0.3319649508087368,0.1990684009640897,0.501021470848999,185,False,0.5123535032102322,0.4782706794428891,0.5123535032102322,-0.029563169284030837
1755,0.0843869026305588,0.4822996488673237,0.43735002955726476,0.14239208561112918,0.4151104809087259,0.3482948281074275,0.37920371733964325,0.22492904302200242,0.24637534917843448,0.0,373,False,0.5041888315855989,0.4822996488673237,0.5041888315855989,-0.43518682535287795
1756,0.46493138820191965,0.3534167465229421,0.39871998034868583,0.18703251769645352,0.036134275436126156,0.5299147412529278,0.13335485113748802,0.3016590579019128,0.26093987538864616,0.07739496866191659,298,True,0.5146447883563191,0.4937804658168017,0.5146447883563191,0.043393739127647636
1757,0.37031157133512066,0.26911810651640233,0.24032800760408157,0.2840795395417155,0.07467053598244186,0.0,0.4006846430470596,0.3634287886832723,0.19726895292957677,0.5611298000496702,185,False,0.5037634973809211,0.5611298000496702,0.5037634973809211,-0.10242306133017003
1758,0.023632058607088977,0.42289355668315176,0.20966871132906104,0.2584581475943967,0.43644347018082635,0.4174628805542753,0.1518210058996023,0.36208169375088356,0.3876028459339444,0.2017277538947608,1088,False,0.4286247590314569,0.41281141157373735,0.4286247590314569,-0.6351304036472981
1759,0.34754021894078574,0.18693768127889596,0.25310867141348,0.26558702291215375,0.3368644388856787,0.1979466508995787,0.1652659305452512,0.4681360090526788,0.3797796340029048,0.4078141553334828,777,False,0.31137387791792015,0.30287007850742764,0.31137387791792015,0.1699783185501482
1760,0.2997964189968635,0.22684402873835172,0.1878008543914919,0.16636602993623165,0.36331183759303404,0.2785394551918192,0.43959826845097616,0.4192714792083804,0.24311785504186237,0.3974869245382479,708,False,0.2977165924500055,0.27323223851474454,0.2977165924500055,0.09369247734131832
1761,0.18864685953975763,0.3208399590593609,0.058704486911438265,0.2919169355383693,0.22705667880734487,0.3245332418927102,0.37593490551111813,0.46305785457102044,0.3975303965081499,0.31961815111945086,185,False,0.35067578951638856,0.4043533676595822,0.35067578951638856,-0.8143101094272551
1762,0.4085945092668379,0.4030087003916332,0.21675045083682945,0.14196153608727444,0.23479894987059577,0.5160889954793926,0.307984175906332,0.23009920114483196,0.29932094905842294,0.21125660960718182,717,True,0.3488452876313364,0.3741274593921181,0.3488452876313364,0.7114746906458809
1763,0.13252804208620272,0.29948212753177195,0.41058452342998675,0.3535060587357315,0.16022505432390338,0.5037684201719909,0.0,0.11374165604034812,0.39976360540605915,0.3834029149406765,1509,False,0.5062791508677084,0.5037684201719909,0.5062791508677084,-0.3740063115037175
1764,0.45463789884889944,0.29558507370139303,0.3315899006571311,0.13182825309217705,0.3333860830974519,0.2356566664990632,0.36216310857935397,0.057955843927319624,0.4330602283764643,0.299767895667436,195,False,0.3786079292827903,0.3966820549215798,0.3786079292827903,-0.7421691790219002
1765,0.22586399132386187,0.11473008199096237,0.4345546428482309,0.40155127052921474,0.38518706379565154,0.10294817372348233,0.08177543657589775,0.44012988970863776,0.14104395933223968,0.4543995646237734,560,False,0.49029816538191356,0.37262412804787565,0.49029816538191356,-0.11959599305088067
1766,0.28826110446863773,0.009477304974781206,0.3424808587919123,0.47619178272326557,0.4353529481262428,0.24084850382056672,0.376027597106679,0.2880886524119437,0.09545917645688234,0.3028522622169647,460,False,0.44081065885668547,0.46671447774848435,0.44081065885668547,-0.7903292403858002
1767,0.23334029588890817,0.1423101255374319,0.5969625923215036,0.31303411291633115,0.40379479491476816,0.40473220465330906,0.17837111668565753,0.22827501525826208,0.14085026802469858,0.20080466194341112,460,False,0.44973419103920215,0.45611232429680504,0.44973419103920215,1.1665805262134985
1768,0.3325847634410223,0.3957830536704637,0.31849735051197825,0.22569890406000256,0.45248555798944184,0.19213549099903562,0.11569689412934836,0.34122837043329207,0.24935494547426137,0.3830181509464783,840,True,0.3138994903774511,0.3367886638600935,0.3138994903774511,-0.39457037533208694
1769,0.33583668990416693,0.20123297558304415,0.27393037207152826,0.3180136428777873,0.33484693108690516,0.2973438700596113,0.3798472796626549,0.3101290232615122,0.2904129140607119,0.38106299944067107,792,True,0.15829875774134725,0.17983002385762692,0.15829875774134725,-0.7442319653251196
1770,0.44603153744706303,0.3437515447064547,0.08421619421944251,0.148751508351364,0.048201887742304196,0.17626261296651993,0.28492968865119345,0.5138022487049492,0.3872390899437598,0.35376212737885915,185,False,0.48721560069295716,0.46560036096264495,0.48721560069295716,-0.1141211123515128
1771,0.2474019284294043,0.48575727670681124,0.0,0.3975117453233951,0.355516818185643,0.1350590666190969,0.23040997213061795,0.11245710277024115,0.4903145698737829,0.3066588888743579,1653,False,0.5037211719815284,0.4903145698737829,0.5037211719815284,-0.22646015638103595
1772,0.26472421855440786,0.2740673580261378,0.25425989664698645,0.06733952146623735,0.13351654388740203,0.29031301040027,0.36639372697115274,0.45554909832542245,0.38021765213474384,0.444052188980096,185,False,0.3829246684003989,0.3882095768591851,0.3829246684003989,-0.4840881033104364
1773,0.296162549376263,0.24777572833491449,0.4429829567832634,0.3656911959757211,0.10004312733579312,0.3510498240316456,0.3989554094673845,0.32474769782908636,0.25626087970549266,0.23956262489101118,495,True,0.2965471310667131,0.34293982944747026,0.2965471310667131,-0.7013623143518997
1774,0.16105482175806585,0.44125410671728016,0.24495308470073754,0.21371180110223997,0.408207384722263,0.5283805729272857,0.2840838887441826,0.12708545688136097,0.3468801321235808,0.10335335511366807,866,True,0.4379863237724121,0.42502721781361763,0.4379863237724121,0.36445740928073883
1775,0.36521050691348705,0.22066131553425392,0.161100480826974,0.28642134088320814,0.22715060876271365,0.15952117173869423,0.39511369790361084,0.18030226747838243,0.46351001727578384,0.47898814045089055,708,False,0.37664118470014896,0.3194669687121963,0.37664118470014896,0.4250023223845328
1776,0.0,0.5000149501721628,0.3996318356291767,0.26085997184933757,0.19744338058619884,0.31472047908208695,0.23460906212199167,0.34121763299511276,0.1773751610912958,0.4257532375485491,493,False,0.44325336292077355,0.5000149501721628,0.44325336292077355,-0.5043724031242756
1777,0.39299997267365083,0.3530542633208169,0.17654014317348604,0.2514608165757872,0.2665558000291698,0.3807889968635381,0.06019500977745934,0.3805801344304562,0.33872054340451385,0.3837397622006824,777,True,0.33518771355614685,0.3328049628961915,0.33518771355614685,-1.3168616200984948
1778,0.15579214605781522,0.11967287028135384,0.42820761850632005,0.19040351665934455,0.24542044057226511,0.6223341904042237,0.23032895530838454,0.25750512167458106,0.25734531170729863,0.3296573761432293,96,False,0.4537994239312624,0.5026613201228698,0.4537994239312624,1.4944586500461516
1779,0.2663672893848126,0.0838263078711165,0.24966976188874515,0.34708663856801825,0.23058100364621303,0.4333658651112972,0.22985140565108864,0.21347684098953543,0.3272522002450029,0.5410599665568038,573,False,0.38939071604829484,0.45723365868568727,0.38939071604829484,0.5589269653763309
1780,0.203945046319073,0.48916933576088495,0.33290558083183835,0.4078279413624209,0.11472261828545285,0.3444745472603718,0.3385809090842471,0.3152615694354575,0.2556705794981844,0.17536161578750228,373,True,0.34146476273810306,0.3744467174754321,0.34146476273810306,-0.030727362748416625
1781,0.34451856490235755,0.581514834253228,0.06853051001393065,0.10473899829777666,0.14424391880187956,0.19023094584847844,0.4173370811698118,0.1940752977882706,0.3831051954122046,0.3344870629207836,195,False,0.5026559274136994,0.5129843242392974,0.5026559274136994,0.5037934213523027
1782,0.248765207447748,0.21530926655004176,0.2519469323031817,0.25020047089669806,0.3230003535261789,0.3941579531559021,0.3734482106182368,0.36749374957230524,0.34472262311501956,0.3356212592747765,777,True,0.1908842488219139,0.1788486866058603,0.1908842488219139,-0.23847158150910952
1783,0.3294257210271958,0.29862161857537445,0.16684639299473952,0.3706288487783794,0.2607632419334152,0.20645833130519048,0.32693678946770605,0.4681016311961904,0.20750716997345744,0.396751588412279,185,True,0.2869994515142571,0.3012552382014509,0.2869994515142571,0.2040052320057854
1784,0.0,0.27426950204739664,0.45360261654596135,0.3525990615060415,0.267560749017574,0.4131643915478401,0.0,0.303635754104602,0.30728824409841093,0.4071615199705053,560,False,0.4921664616224573,0.45360261654596135,0.4921664616224573,-1.1201632894740658
1785,0.1741731773587579,0.4028041585432624,0.37769685879792086,0.34743518767529535,0.26311978654074497,0.48286687107501386,0.21166317929590833,0.1542914525051128,0.36929065895953234,0.1914972729222236,1088,True,0.3443063580580337,0.328575418569901,0.3443063580580337,0.18031418941873578
1786,0.32277517193283217,0.28774351855043717,0.29124460207782865,0.3235048726141226,0.16840395300420904,0.11262005150050135,0.3615701748572335,0.2612694818941351,0.27474581942810644,0.5549935755260876,185,False,0.35867189388005477,0.4423735240255863,0.35867189388005477,0.8058051922665824
1787,0.560973941425067,0.11779526321911936,0.2757996040753427,0.4873106379051952,0.14414832100136776,0.08597535232794427,0.4139197671678602,0.21616587331006493,0.23556199873639339,0.23701945118738493,1705,False,0.4951206680108086,0.47499858909712267,0.4951206680108086,0.7043999771858972
1788,0.3407286590393866,0.22820815127686772,0.33973030422430955,0.015440797782566391,0.3910733441829521,0.30822507613455197,0.4014251997384164,0.18943405425891194,0.4551123496584546,0.2531287458138411,195,False,0.38941556401097227,0.4396715518758882,0.38941556401097227,-1.0637992949181736
1789,0.19568971048353184,0.23993913436407394,0.568272237982222,0.3101067638324969,0.2243931280752335,0.4632716444194011,0.07420778872893909,0.20055288197776494,0.14204625259042092,0.3926282247526928,560,False,0.47127416806699585,0.49406444925328297,0.47127416806699585,0.710023571701994
1790,0.3233843302109088,0.18084066096979648,0.4877474972949801,0.35814260650511653,0.5012904577972219,0.4482591496551873,0.0,0.11177017785767028,0.008289047514783402,0.17822966449801864,384,False,0.5974193490177353,0.5012904577972219,0.5974193490177353,-0.07872543211377919
1791,0.11786300932709073,0.39050459665633946,0.586075934255349,0.2010898323973975,0.3865815909559537,0.2388765752772982,0.3481598485961744,0.0,0.31173078058238013,0.15745997966620048,1110,False,0.517803399059129,0.586075934255349,0.517803399059129,0.22770185971853998
1792,0.22893022831571275,0.2229922405218267,0.6184492669608677,0.18073000286238905,0.13598189270745845,0.32774792375026696,0.27917076582601474,0.2570989309971181,0.4460907800537475,0.11738672822631442,495,False,0.4689393273690003,0.5010625387345532,0.4689393273690003,1.3440484962694579
1793,0.3366396244493462,0.3146678848935155,0.5564991181371509,0.33320112855802464,0.1678873538417894,0.2652713558828194,0.3435658557588579,0.26121273451737415,0.1846407192929213,0.21915014017152948,1773,True,0.3369750282207702,0.3886117642953615,0.3369750282207702,1.3455109706438448
1794,0.5248107750033324,0.44137800766351537,0.3569400571558985,0.3228110353012774,0.16317616329747336,0.1651982244108567,0.30510364878015955,0.1996358372923551,0.17462299827387956,0.28424131772689104,1614,True,0.37669280214620077,0.36163461170585903,0.37669280214620077,0.6620483689040959
1795,0.3714522380546928,0.22813860080614978,0.17674750716777035,0.12464085582570425,0.3832370511373908,0.03913060997224568,0.3091480203648506,0.4056140123222078,0.36862903925073554,0.4677783164786043,195,False,0.4266102376804756,0.42864770650635864,0.4266102376804756,-0.6040667046723313
1796,0.3571497769018109,0.06679371351449089,0.29160038875956773,0.2603510030355811,0.5674916485366381,0.29020977349482924,0.1805907104067425,0.39990697781517437,0.14158633626268807,0.31034728158958674,792,False,0.43285676949042623,0.5006979350221472,0.43285676949042623,0.4522347101927276
1797,0.12157622719233326,0.16862916425634203,0.5123953148376378,0.5010162292614483,0.2877439209556887,0.23341240129583748,0.04963590748374953,0.17896272993974954,0.3048927943754547,0.42247874986326206,560,False,0.49122645342674826,0.46275940735388826,0.49122645342674826,0.3073927326769516
1798,0.3019935437419059,0.2620376968206035,0.13384088647469852,0.3283288684011656,0.1725577457785219,0.10949750782247707,0.5308685352698366,0.3510741228294107,0.36228807278803055,0.3692288548763358,185,False,0.39005724868083386,0.4213710274473595,0.39005724868083386,0.19095951380844384
1799,0.4122009630830453,0.09700366088798414,0.2150408808714068,0.2699536023909211,0.17271053536395042,0.36103830593458697,0.24456626311356308,0.49169550214754437,0.25396746058595354,0.41869911107882424,185,False,0.37756634696926294,0.39469184125956025,0.37756634696926294,0.11968511033235109
1800,0.027609745806539784,0.42462779500243836,0.5185176729263256,0.43279647099212454,0.28990050029883613,0.17548100298365557,0.0,0.29995997915379297,0.1745138297505733,0.35705549548757176,560,False,0.5404420020973542,0.5185176729263256,0.5404420020973542,-0.3093522340777733
1801,0.0,0.13669286020783963,0.11501158328352465,0.3852156579253409,0.45090063505573375,0.40177968085976773,0.40443366133049685,0.38460220378253723,0.2493951350499349,0.2850870480473853,171,False,0.4699230407221183,0.45090063505573375,0.4699230407221183,-0.7556169030645923
1802,0.2632459250366683,0.3626272064953436,0.36217338920551595,0.46542570537713607,0.3455303662453047,0.1305146722762564,0.35930135320565315,0.25293916988509296,0.28973662292740054,0.19484386201935222,340,True,0.2932159914504398,0.33491103310087966,0.2932159914504398,-0.23594862279627535
1803,0.29608390521090044,0.13116874470187578,0.34246776079896124,0.544887796718088,0.24942786213646975,0.4719540399235402,0.05564511439572985,0.2707512371540297,0.20129884319601704,0.2811823138654411,560,False,0.4480488109888502,0.4892426823223581,0.4480488109888502,0.37080650567979534
1804,0.38967347261064195,0.3039635991450517,0.26958520154814414,0.32342004285495407,0.38287119838743633,0.1856750902677806,0.23028785775843577,0.18189376255785353,0.3527472752640879,0.4322845566626861,185,True,0.26361227783106533,0.25039079410483256,0.26361227783106533,-0.17207689775240112
1805,0.36611961989154035,0.393879769700277,0.3566002818270206,0.30655162558323273,0.33017471780978785,0.2301993852783278,0.37078107197976157,0.13323907855501035,0.29619470571455125,0.2910460967874774,708,True,0.23523256820258853,0.26064069114526667,0.23523256820258853,-1.3316574752486694
1806,0.35774458307010615,0.2169688092756044,0.0465471915601152,0.3248686508458452,0.2514867220106774,0.11731664441923009,0.43869589819738297,0.5920201669946824,0.2630569405234235,0.16759289410461414,185,False,0.4940796033684093,0.5454729754345672,0.4940796033684093,0.6094979414058066
1807,0.4184974685116701,0.19329918026896475,0.1935506415563808,0.31337550667454,0.2814311704807025,0.1826199948431859,0.4830645732287753,0.47516295366742717,0.14370373975556644,0.24391328628266148,185,False,0.38442036730813045,0.33936083347320883,0.38442036730813045,0.5718728591088609
1808,0.3767677165915696,0.28801630911306114,0.35973705390785204,0.2863526449595514,0.30595077551718597,0.4643605889734166,0.3968680345623833,0.1798608792398946,0.1995143726203853,0.1574398835678684,486,True,0.30533570248021524,0.30692070540554817,0.30533570248021524,-0.005672108755499005
1809,0.3430031854920874,0.3864850724860452,0.3678820703592238,0.011124953669281892,0.3040360759040004,0.3261379098892805,0.1980818374991767,0.3071587364407429,0.24758435603437604,0.4514779423314858,195,False,0.3724258172699143,0.4403529886622039,0.3724258172699143,-1.4147457676755517
1810,0.15262551363273993,0.3812839284926682,0.32564473517638176,0.13285570462012816,0.31529240140112785,0.3711228280041966,0.3246038779588645,0.24924830101709816,0.3118034774061127,0.4536271962171398,840,True,0.30196178887372127,0.3207714915970117,0.30196178887372127,-0.5534847781776489
1811,0.304071175807844,0.23173335204324583,0.1962679576661351,0.4533230059441582,0.2360468157773851,0.22807691560618842,0.21578524421608744,0.07110877836747899,0.5197409487221126,0.42465274311724927,474,False,0.4219214569134111,0.44863217035463365,0.4219214569134111,0.4059300353075847
1812,0.46469656028229067,0.3809194234272144,0.10230685600662853,0.15756200521617644,0.2986024814334991,0.30600518466199234,0.23904669833491907,0.511750088480434,0.2688705749012203,0.17187071709121532,1062,False,0.40601438587855837,0.4094432324738055,0.40601438587855837,0.36937788239597663
1813,0.4724528884163732,0.25705382391580744,0.21961679282363167,0.3160714886558185,0.13896735816571149,0.24965847479396738,0.3000386904320289,0.32005864347481405,0.4282731227876236,0.3241280284280718,185,True,0.2932364395711907,0.3334855302506617,0.2932364395711907,0.26106672928943275
1814,0.15844837930681682,0.19531251323650228,0.4322491175432507,0.39921559918227256,0.2176304241979975,0.40289005699512664,0.18740841210611006,0.12113985199131078,0.2807040828712163,0.5022546969910652,560,False,0.40940960837907603,0.3811148449997544,0.40940960837907603,0.34464588920316297
1815,0.37723684368673294,0.3477370121337805,0.15416165600470783,0.2896678222989219,0.1547780765412323,0.22243371483573307,0.3332791477491013,0.38491612834060757,0.3429541121196057,0.42286182261557204,195,True,0.28921113633968704,0.2687001666108642,0.28921113633968704,-0.6748729845830393
1816,0.2708036867916864,0.37237422632879336,0.1991682696299191,0.42190323821848974,0.32568951132227386,0.3422793996125185,0.34347272716569033,0.245367396344737,0.3522006420218425,0.21184816689969577,1088,True,0.22092270990923618,0.22273496858857064,0.22092270990923618,-0.2223479754745863
1817,0.3718437997832074,0.3307821381976257,0.18556531779678756,0.35614470470558335,0.4052251127609298,0.222819415968801,0.14929160575651684,0.28620981564013187,0.33302759961692696,0.4025847977554881,840,True,0.274089744798635,0.255933507004413,0.274089744798635,-0.6537382774790007
1818,0.3456471283970922,0.3162046025013751,0.1610350324178708,0.22061613043539283,0.1705665377446906,0.2937553125795864,0.25861139340931455,0.5210791078332954,0.34285202139607973,0.36688285303337725,185,True,0.3230674556137349,0.3600440754154246,0.3230674556137349,0.6876908295301755
1819,0.20182698087772877,0.4206726434965243,0.49356747135653906,0.2024732199608758,0.28720150695413016,0.4491392817731654,0.26365031184442506,0.3038759553540082,0.22722953156313555,0.0,373,True,0.4446699633392838,0.49356747135653906,0.4446699633392838,-0.389767904089001
1820,0.22962683675850182,0.20818502010764303,0.21809678083208964,0.3938831200387045,0.2871664184968472,0.2541496528700864,0.3001224679270003,0.22226319281461487,0.5386756014148224,0.35287104021393834,708,False,0.31535019401596476,0.33049058130717934,0.31535019401596476,1.5131185659990722
1821,0.3265952075453665,0.36497025761961976,0.5029199586380627,0.26311997886496585,0.1431515648708447,0.3652928293763114,0.26028412740298773,0.2638251562562142,0.29087110597164306,0.24916442628837748,495,True,0.2890270817315308,0.35976839376721803,0.2890270817315308,0.6468235467776088
1822,0.20803218156615277,0.5470292074695319,0.31991752128563694,0.36895997243019324,0.25935818496006563,0.30527941318298113,0.3629109314178299,0.19970115397473404,0.2243907364803238,0.19132352194161592,340,True,0.3330417164046255,0.3557056855279159,0.3330417164046255,1.3250557340862033
1823,0.30391821491101206,0.18015881764826408,0.529199734501094,0.31836325992426084,0.23165323032426086,0.44103671420495505,0.0,0.1727438658547316,0.33252270099736697,0.3243155909571149,560,False,0.45571547758694436,0.529199734501094,0.45571547758694436,-0.2722983570170107
1824,0.49773168322279043,0.3541413887037262,0.44218239556140365,0.08499684214272345,0.1967620381758641,0.15019182166729106,0.14009318117785757,0.30161157658276455,0.2654035308784677,0.42636809742012505,195,False,0.4376122016116012,0.41273484108006697,0.4376122016116012,0.0946222729637958
1825,0.30541146034987177,0.18898702319940966,0.349409719669769,0.43442052029312833,0.45178207254142483,0.21041859845289768,0.2832937929030204,0.27668935963537716,0.2994023581869854,0.25566037966856725,708,True,0.2598995057181475,0.26279504934201514,0.2598995057181475,0.6021704569296712
1826,0.3657862684586312,0.4188963482680893,0.3208054745463604,0.13493519134248394,0.31803906752993555,0.15144774176886597,0.4464171901328185,0.3058546244223598,0.21105383485372436,0.3288438075408058,195,True,0.318305170733612,0.31148199879033456,0.318305170733612,-0.41055655366216987
1827,0.20953351053308766,0.21521697149878158,0.45683743843517954,0.15705119830159522,0.5650948537197734,0.44658151192776946,0.28853076213628287,0.17237506478420309,0.0,0.21137983570819233,384,False,0.5273289704067504,0.5650948537197734,0.5273289704067504,0.37996789217676025
1828,0.4926192620211175,0.14639005323696389,0.4291446105421628,0.4296181316912591,0.3086614790813663,0.3351745357775366,0.22128644779503462,0.18572241556119928,0.1766903516695498,0.21181480842625638,460,True,0.3773604142612193,0.34622920878415364,0.3773604142612193,0.43842210046812174
1829,0.40542778769855176,0.26474615363489756,0.44658197244182246,0.35876953045316873,0.1973605150627998,0.0,0.3081516503446525,0.34219838018412785,0.22089681711873432,0.370921826367706,185,False,0.3954207518390134,0.44658197244182246,0.3954207518390134,-1.276781438812833
1830,0.10924098259428985,0.35241689796177583,0.33787106315591137,0.32895699349248453,0.18227407053381453,0.3681939516891481,0.4137439680935462,0.4033595492378421,0.17502656081349485,0.32892440154589875,840,True,0.3203561557578961,0.30450298549925636,0.3203561557578961,-0.8758835090119972
1831,0.38873079103467467,0.1526453557973396,0.36568785514567476,0.3349760432412076,0.32838239762252297,0.10385854587091432,0.33315359073562684,0.1860122096306749,0.14620614496833298,0.5422743954046823,792,False,0.42108089195458076,0.43841584953376794,0.42108089195458076,0.293507008495816
1832,0.06338486066691719,0.369636592752902,0.4904053374752937,0.14999629448311527,0.17177662144504127,0.1194060965528985,0.4148548250131967,0.31040761080663415,0.3257121720603428,0.4219526182790978,195,False,0.4531959158488031,0.4270204768083765,0.4531959158488031,-0.1959295086868681
1833,0.44953054293686945,0.2587122330008558,0.08360920598322855,0.2047274263708179,0.22251305342566283,0.28552304852636146,0.4095253911571302,0.32697512801280637,0.27591193277367093,0.4475486653495198,185,False,0.35360587067600363,0.36592133695364093,0.35360587067600363,-0.2110969348815814
1834,0.2121345931218685,0.3524341635183656,0.2929527704885434,0.4849418255772684,0.29333682756305357,0.2002158548379311,0.24735120536147978,0.4577583257175422,0.2217607328863496,0.25251369411175834,840,True,0.30478450258562856,0.28472597073933725,0.30478450258562856,1.038937547517093
1835,0.3964001689910457,0.253708037996894,0.2630017472819769,0.3878993656367215,0.5170908022319378,0.3050766744226082,0.19449716359424218,0.24772090634504954,0.2252710511044077,0.22015173168286256,792,True,0.30950237763761546,0.32259363863769563,0.30950237763761546,1.1948594623367172
1836,0.12840882833418069,0.2798333079732826,0.276618341196671,0.3493171476241907,0.35133805375139204,0.5224821499872435,0.4409628505436908,0.2472406240778214,0.21366082801776093,0.09492723524638715,229,True,0.4035466461323982,0.4275549147408564,0.4035466461323982,0.24606173104407622
1837,0.5776720056378326,0.174275937357597,0.09487372133456783,0.1321329590549975,0.09872197821527604,0.401697095650676,0.35972235697954064,0.3901555286268018,0.23398266689010175,0.3193537615577599,185,False,0.49003756884495353,0.48279828430326477,0.49003756884495353,0.5052268977994507
1838,0.1300100959530501,0.21162737762157963,0.07355937733308573,0.3059068032537046,0.436304269020235,0.30922973940579335,0.2907223226892515,0.343683370925603,0.44004668738770963,0.3963054521211988,573,False,0.3771312357345153,0.36648731005462387,0.3771312357345153,-0.6184526234092478
1839,0.29534090318977413,0.4979661189622499,0.31538472743149165,0.10882415296968133,0.3435724001646531,0.13412409553497248,0.5773527763242496,0.19689430066073074,0.03112706916277118,0.21068819888043466,340,False,0.5340779809622762,0.5462257071614784,0.5340779809622762,0.5382249627814126
1840,0.3455201643197847,0.31678342048419694,0.2716343566309758,0.2861514299271716,0.2381371660874199,0.1986040171589169,0.18912014384367457,0.3896758670753611,0.31454675964718787,0.4918231148556697,185,True,0.27581247810070425,0.30270297101199517,0.27581247810070425,0.7859760496562384
1841,0.45980945926971084,0.16533297659744017,0.20355707451044652,0.23984221617289098,0.21797476678826333,0.18747081286043898,0.3820335895784065,0.44890070550479716,0.294730522752081,0.38117529318152005,185,False,0.3387612875522964,0.29447648267227067,0.3387612875522964,0.36043404998857054
1842,0.0400991445147322,0.34329309961743615,0.04885998945169448,0.4107291379875508,0.5447780045831071,0.3049844288053536,0.3135092212703764,0.3530725964088946,0.269314930979012,0.15549528837568616,1088,False,0.48903771306286553,0.5046788600683749,0.48903771306286553,-0.1942304050060416
1843,0.28501995698144483,0.4370779496674579,0.3780218504683477,0.24563275022382958,0.36361570426704315,0.4286356155977306,0.2866258888305529,0.10952873836014146,0.3259971824356347,0.09011405907873322,309,True,0.366177019800301,0.3469638905887247,0.366177019800301,-0.7181235323522054
1844,0.33032388785230477,0.24305461185066185,0.3327059219477732,0.31289679892028377,0.3746659300651853,0.11032038765954481,0.36697741097877773,0.32469720079393005,0.27534507513056516,0.39338555850827106,792,False,0.24883826219230193,0.28306517084872623,0.24883826219230193,-1.64251893805705
1845,0.21388461928247302,0.44641205959715635,0.19897347641660046,0.3062488944531609,0.2990033932450045,0.4569221017501864,0.06974400392363644,0.3710096682746128,0.2614411982289201,0.3354788765358844,690,True,0.35845399491073504,0.38717809782654994,0.35845399491073504,-0.4278034742355992
1846,0.26827614987341697,0.4456375383694036,0.08355460635018096,0.07623328097091912,0.3601404115826196,0.3341886543131516,0.6113391393494993,0.07290746902421445,0.30284499906484896,0.06702908256871856,340,False,0.5844706019846029,0.5443100567807808,0.5844706019846029,0.5099446340717102
1847,0.32388239034738164,0.24590260933325195,0.12499430655388839,0.3081633241541571,0.2210916769960505,0.35643003449944216,0.2751336695999352,0.27333851784595564,0.4766551355555486,0.412925409794443,840,True,0.30153304558620314,0.35166082900166024,0.30153304558620314,0.0862581431179032
1848,0.37506446755906253,0.2785877221912705,0.23461864958322742,0.30443461074495093,0.2990078568531926,0.3732111952073,0.4068442287352132,0.3500735600797745,0.1745663261261491,0.2945331262183758,777,True,0.21240714502351177,0.23227790260906409,0.21240714502351177,-0.5281124909083182
1849,0.36445879455942715,0.24512606133163906,0.33328666626789594,0.018807287049492007,0.11546853667317844,0.35140821695652624,0.40708735417988434,0.4395412301281898,0.28195775994622735,0.34700400855107044,185,False,0.40405055354280095,0.42073394307869777,0.40405055354280095,-1.19138082341827
1850,0.44901094648968687,0.04988502926413069,0.30394595694922943,0.3763614684493778,0.2759622087012589,0.31607057572506936,0.2863488417433152,0.27887437625685363,0.20204941686373856,0.43037572060094126,460,False,0.34973210897444534,0.3991259172255562,0.34973210897444534,-0.8753565102410288
1851,0.46333569243503736,0.14293366166381288,0.3282355990702506,0.42773258135676556,0.28899872620869893,0.15800610250933012,0.1318217905663297,0.45219351654355316,0.25984552649606785,0.27628677879224456,460,False,0.38378523215616933,0.33151390186870766,0.38378523215616933,0.09994723640227682
1852,0.2319998413636481,0.20181869002874292,0.37504899081625537,0.4580285719253203,0.24121398868299343,0.28320737003748214,0.2753097000196991,0.30319458909176306,0.32823848102871567,0.37568587777913526,840,True,0.2366268676602422,0.2562098818965774,0.2366268676602422,0.6117073256666652
1853,0.35032564081732603,0.12302931192131973,0.5245096538528363,0.2624964289789408,0.37614602589253254,0.28857948893157026,0.42104967024278533,0.21400721043305498,0.20073211969582042,0.17315233913913133,460,False,0.3799445089592543,0.4014803419315166,0.3799445089592543,0.5175751513115633
1854,0.1590232184697554,0.3541010996387162,0.2913827386460554,0.2801703076321327,0.29026803231112946,0.3087394774283899,0.24496444271132783,0.35677219270524657,0.25338801319783455,0.5048263752471298,840,True,0.27392633831266217,0.3458031567773744,0.27392633831266217,0.9181215698677325
1855,0.3520698832574878,0.12906059991927044,0.27455493650698976,0.24032172129455437,0.3781295925495957,0.3498906160347663,0.35644470637021824,0.4025710206529525,0.3029954012427675,0.2827141939682441,708,True,0.24320854483130497,0.2735104207336821,0.24320854483130497,-1.1816858898905969
1856,0.2539952137911602,0.3469958962104819,0.2311776360306983,0.27841585165523586,0.44745981452612965,0.29366023550332765,0.24844569863372112,0.09836243906292665,0.39712111790989685,0.4105600530019634,840,False,0.31419102780905256,0.349097375463203,0.31419102780905256,-0.4230122514406742
1857,0.5892940804251791,0.20623807587904644,0.1554451821661795,0.2006695227148297,0.3428598717054382,0.175309870290646,0.3334019481107203,0.1965577918231012,0.39270534663517487,0.30573047734047437,742,False,0.40866818069935634,0.4338488982589995,0.40866818069935634,1.29748024425036
1858,0.3281005826240873,0.16654414723275435,0.45070861420210234,0.2640203206295886,0.2825696257420367,0.3343801142762081,0.3517722704371935,0.24802967377405769,0.41987585617652284,0.1963523158676326,708,True,0.27540276916787687,0.284164466969348,0.27540276916787687,0.1327423034976935
1859,0.27062506357530886,0.31909403857812446,0.14063723519174892,0.4327316536388694,0.32153801217841593,0.18475661991398398,0.39351888395213985,0.34644504537096055,0.08709202442754885,0.44487925265149386,185,False,0.3738278578128957,0.35778722822394504,0.3738278578128957,-0.4969549220814559
1860,0.03355774872358697,0.4480602268956242,0.6339350813831368,0.16754219346255955,0.23886356941722697,0.3791051992082578,0.022747343465837146,0.2625666179457187,0.11418318779033843,0.2913740016657551,493,False,0.6005965893071575,0.6111877379172996,0.6005965893071575,0.6499502429337903
1861,0.2240761762009464,0.19877184806340584,0.3293119508647329,0.3597566656433562,0.0979575008469196,0.33539365539893623,0.4940540128276672,0.43746007086204863,0.23477716611199234,0.24442345478308083,185,True,0.36120979259480757,0.3960965119807476,0.36120979259480757,0.14079927478841847
1862,0.08962213615711441,0.23923520434102324,0.3472985227901268,0.23373235906819115,0.0,0.4940863767829781,0.24880132864266014,0.4084458699436485,0.2283931585027372,0.4842234997653403,573,False,0.49565161508761274,0.4940863767829781,0.49565161508761274,-0.2243078470772578
1863,0.2174878429142772,0.23031327675405436,0.42368689948868044,0.35989736253142907,0.13926527762481583,0.46564270294053023,0.3679677661293727,0.11256172217211442,0.39218263033379475,0.2291779969414348,495,True,0.37646992617758035,0.3530809807684158,0.37646992617758035,-0.12660594944954362
1864,0.3539792109600601,0.3908749418755662,0.20311953857300374,0.38461294534537116,0.22675784184282555,0.07005321045187513,0.26180699463244794,0.4710259131708927,0.4096643247714542,0.13480018510849515,185,False,0.4020504941075634,0.4009727027190176,0.4020504941075634,-0.3584960288504547
1865,0.3960806915433482,0.23670793516592956,0.1097927181645494,0.2171058952602459,0.3410336013029648,0.4817797653079355,0.3019620947807794,0.2835311481154817,0.1757509511527323,0.42074333453104573,840,False,0.35368499991588503,0.3719870471433861,0.35368499991588503,0.03443164373416959
1866,0.39128390482722525,0.24176348438680628,0.2510807441464563,0.32962212596052765,0.21920178018268613,0.49760516232599183,0.4218546223910217,0.03980406745589905,0.34700702028663716,0.14537936951569885,1863,True,0.4190672134176992,0.4578010948700928,0.4190672134176992,-0.32213536475249555
1867,0.2202429197698407,0.2831695319435541,0.2373564235385163,0.24928897435536093,0.22764837349094294,0.5273402758614402,0.3277784472485253,0.23039260239689477,0.3008864754984982,0.4145616077056733,573,True,0.3013772084984371,0.3070973560915995,0.3013772084984371,1.584320251237554
1868,0.29081144883666166,0.5003880155961014,0.39404009037781684,0.161056569956941,0.2667854211693001,0.19378716834570983,0.5517346099888296,0.13150389148164868,0.22271457701520986,0.06164138065235157,340,False,0.49525288242114485,0.49009322933647803,0.49525288242114485,0.6048225456473767
1869,0.38286475937497366,0.13064820940392133,0.35459832992897333,0.31083475557388285,0.39936148744272,0.16005019309616417,0.1925174681464723,0.3571584948605515,0.19057113487279093,0.47742980127483947,792,False,0.3611641494655662,0.34678159187091817,0.3611641494655662,-0.08353202416763827
1870,0.3516087030442292,0.2262019264746488,0.3622796422465148,0.46275986728570445,0.11998784917027402,0.27645188743693566,0.3172434099502641,0.25718502349855393,0.06269578576018593,0.4671934988945202,185,False,0.4044716485371249,0.4044977131343343,0.4044716485371249,-0.34838951526242656
1871,0.05828436884444296,0.402682328922794,0.31862303426645006,0.322748317728187,0.3130688731924831,0.1545332306119496,0.29846366508988964,0.39372389004180336,0.40807873916264914,0.3102302414493002,708,False,0.3391258291103593,0.34979437031820615,0.3391258291103593,-1.3415372046488454
1872,0.21010211668591056,0.2761593660615059,0.3471819804890094,0.4825835284189785,0.38040615774640013,0.3424613078163136,0.06487772938404464,0.1386472360092573,0.3298188092740033,0.36327634198558656,560,True,0.3787051206279116,0.4177057990349339,0.3787051206279116,-0.5975439749954571
1873,0.5013323398961608,0.15554275027996006,0.3984958865698188,0.30195006834313387,0.30092062649776175,0.3056504053133646,0.3510632651382767,0.23549669307727705,0.23120487219537456,0.24158710064344688,460,True,0.2965343192304502,0.3457895896162007,0.2965343192304502,0.7199980778129036
1874,0.54256966682346,0.13606345078066762,0.1886366393608163,0.2608671860277561,0.29705294480542355,0.3061741016784062,0.3244449781394008,0.3864931126918847,0.28500407726149274,0.25615931944668335,777,False,0.33628968825961164,0.40650621604279236,0.33628968825961164,0.9825752118954431
1875,0.1957447496997375,0.2850037582364675,0.5459753028795112,0.20971651288313958,0.43182336122801357,0.36692749324190943,0.33101085126336527,0.25241061388540353,0.20683809115781288,0.034904232076860595,373,False,0.4369813243424113,0.5110710708026507,0.4369813243424113,0.18035452255623793
1876,0.29771225649154154,0.412715052912624,0.27454589795361084,0.37488668659509017,0.2556541299407545,0.17055790212243038,0.4018182740404784,0.2963069177353942,0.2961436148437902,0.3061248633629916,840,True,0.21896976818502176,0.24215715079019362,0.21896976818502176,-0.21829225960906837
1877,0.33504963500024576,0.2663648636897788,0.15369142265651117,0.24945486789421922,0.4059166013420628,0.36238305494966944,0.16829868901771444,0.46975287203376337,0.32809045139362225,0.2796737338381193,708,True,0.30136612793711026,0.3160614493772522,0.30136612793711026,0.04233798049301382
1878,0.2118213213326059,0.2941941339588779,0.14840021851658244,0.3222906453301532,0.4461119955327904,0.27399924080816246,0.41233045370554144,0.27923956170144487,0.3182821933511657,0.34540044506578077,777,False,0.2640100603595861,0.297711777016208,0.2640100603595861,-0.12977867924874978
1879,0.20575008263883937,0.2848787807294368,0.26795351753200086,0.3887045827550012,0.40992641042404804,0.25932514039510846,0.2304016683916754,0.29034845021743605,0.3182034774849686,0.42389957388839056,840,True,0.22895784299021193,0.2181494912495512,0.22895784299021193,0.45196137532088243
1880,0.28242785415256716,0.37119705106842277,0.10792319347980538,0.22626412411393512,0.4526747308421094,0.4345046070585199,0.1554917038167575,0.19477244981193512,0.29589923716314237,0.41979207437919996,840,False,0.374141395812016,0.344751537362304,0.374141395812016,-0.09127144670222544
1881,0.14036804369391878,0.4057323813249569,0.5626951892063078,0.28871393278599233,0.32910361689810136,0.361143196841509,0.32577086472494493,0.1956987933214482,0.1659753504590111,0.07064238006909906,373,True,0.44735933815643475,0.4920528091372087,0.44735933815643475,0.39505604714787407
1882,0.40074237721577854,0.2679685551658909,0.27782271326262664,0.2985885693181518,0.3094161980462461,0.28103961221411883,0.21755059896184256,0.29211326654782827,0.31389373985729435,0.441982415988837,185,True,0.19667418730450756,0.2244318170269944,0.19667418730450756,1.0524745557185782
1883,0.3042069639734949,0.06959357337082565,0.23781675553909043,0.2512987772412556,0.4658113873160501,0.2182884015403892,0.31628075478207884,0.44760890563445654,0.28471448344078093,0.3699017610492136,708,False,0.35275962788136733,0.39621781394522443,0.35275962788136733,-0.3375497055008517
1884,0.23177939342938816,0.3902692251542589,0.059033648499516596,0.38189942664775395,0.2586397246274057,0.2103367742237786,0.4301016943712631,0.3264499798503084,0.37788870760490556,0.3148699779641471,777,False,0.3383492449730615,0.3710680458717465,0.3383492449730615,-1.061231515286713
1885,0.41092827389838704,0.3200496201278357,0.22524187512686877,0.286460991830316,0.2655278770497232,0.0716391730776837,0.28504713221120626,0.37568019106133965,0.4040854896852118,0.3668822850645717,185,False,0.308760468910697,0.33928910082070335,0.308760468910697,-1.2498997181532925
1886,0.31275625145086,0.37267887920401477,0.25556560708895687,0.3844736169068053,0.4408479507323476,0.5126546350463341,0.2601121730105545,0.10065595642189186,0.1230564264179778,0.008105544759970409,1835,True,0.49751835457937604,0.5045490902863637,0.49751835457937604,-0.30174740916520193
1887,0.04161173818657928,0.3854706171097947,0.25698012940584014,0.25378578927438433,0.25959202987522834,0.3796071421345534,0.03514230153381398,0.22841671770614955,0.39007722369156145,0.5497052208057112,573,False,0.4914546294829443,0.5145629192718972,0.4914546294829443,-0.1371709454748451
1888,0.390169064610751,0.4368367236529267,0.2018045170012283,0.31881249744987505,0.1958597226572866,0.22754178845141673,0.45568064080929493,0.21525302260913518,0.21863525920483326,0.35022695942383,185,True,0.30949977570741105,0.25982091815200836,0.30949977570741105,0.43212044792387805
1889,0.2825126036458113,0.3733333135686407,0.1841953037231873,0.39989952462074546,0.2807443010354206,0.23624471031019778,0.3568362270432781,0.394981015375355,0.2890538640520631,0.2922980817269849,748,True,0.2136582028357761,0.21570422089755817,0.2136582028357761,-0.2431976606280386
1890,0.3308952317394588,0.2658302186513861,0.3799832514915805,0.3438315166320287,0.21134392276115016,0.3150567542824111,0.33032518107285436,0.42511592009042487,0.28121665695855586,0.21068261958957152,185,True,0.20737572435689686,0.21443330050085335,0.20737572435689686,-0.022355685267029392
1891,0.42701534937806923,0.23016346088874004,0.3759602093215787,0.30343196981098547,0.23997818468784482,0.2154448344102305,0.39447604255905583,0.32587481229408455,0.26845826823505403,0.3055880304365581,526,True,0.2190772365153751,0.21157051496783874,0.2190772365153751,0.3341272575518763
1892,0.3105277987397944,0.3821029845967059,0.17298317184434228,0.30088894380516873,0.366212034777077,0.11269333373970274,0.4353157937032381,0.2567549572008268,0.3251621237291448,0.3593717632743662,185,False,0.29784428833880994,0.32262245996353534,0.29784428833880994,-0.8405722507679049
1893,0.27425808947554237,0.3904275250479304,0.2946745745538226,0.17136629107010384,0.37064524320841524,0.5158570153638781,0.33307744544087603,0.12234900679974635,0.3230195701940144,0.149704622409563,340,True,0.3703761802911716,0.3935080085641317,0.3703761802911716,0.17290630690892805
1894,0.14162926072550033,0.30853682660384224,0.21180013639074452,0.12383916735349856,0.35296690233781497,0.22853975319482495,0.3840226876730264,0.32369896610303606,0.47010331645218456,0.4177117613979729,742,False,0.3551477152223738,0.34626414909868597,0.3551477152223738,-0.15979904474320777
1895,0.3238490973547206,0.1880848067555048,0.27597397054216377,0.36206826055498015,0.4260970431089415,0.3894963672181999,0.29862816538363274,0.256378917259002,0.3131261693972326,0.2574252732991192,777,True,0.2121295626532809,0.23801223635343668,0.2121295626532809,0.07074934311344004
1896,0.20886765033148252,0.3566477121195174,0.36456781028306406,0.2721409144126837,0.26686490032090465,0.21366076106317056,0.35118739799725524,0.12997178025042938,0.32758051840686464,0.5077443297943578,840,True,0.32111992643220555,0.3777725495439284,0.32111992643220555,0.37934470713496937
1897,0.26985860015735397,0.25093474346909195,0.3146504243411924,0.4973616489213792,0.4215871398909034,0.21693230250992973,0.3583155757624358,0.18650423687632536,0.27631281173731065,0.2313365482467307,526,True,0.29594718580589513,0.3108574120450538,0.29594718580589513,0.9806804824942701
1898,0.2182494755432035,0.24699471232075282,0.35254449365406826,0.31954245515246876,0.2068859027586214,0.2518731782889384,0.38193527276476724,0.26420396687940534,0.4558974393093479,0.367699795067772,185,True,0.2469837009864168,0.2490115365507265,0.2469837009864168,0.49737703692117863
1899,0.3797267023543422,0.33136058968272775,0.18930642653948,0.36435785107438073,0.377676546562958,0.2866724308157437,0.21866247187665383,0.25542482653227183,0.37514823597126296,0.3143282525854048,777,True,0.2098269125767131,0.1904202758148622,0.2098269125767131,-0.6205785388686617
1900,0.4283856145928678,0.40721317459816614,0.24056248383019777,0.05627497977833805,0.444347620883919,0.0,0.3279197077353102,0.30301065919513653,0.27041074311571006,0.34599485716307365,195,False,0.46246057507784927,0.444347620883919,0.46246057507784927,-1.0088267184093993
1901,0.5244827134161991,0.2672680645774894,0.11351512381226145,0.3277617534219562,0.35279966011006103,0.2561096813867832,0.09450693145144723,0.26145811200924685,0.35537517607609814,0.37353584215105184,543,False,0.3859026949615053,0.4299757819647519,0.3859026949615053,-0.009630918088796145
1902,0.20298189954387166,0.25464158314445634,0.3124185047478857,0.2579023956464672,0.033856932613871564,0.5154251516948027,0.1207618529367931,0.4632350642812003,0.4014818175947647,0.2695734893363826,573,False,0.45684753832554703,0.48156821908093117,0.45684753832554703,-0.013820869533566434
1903,0.33908301971826965,0.11110568332637145,0.17380623281545346,0.43514751288384734,0.26794069502671636,0.2367858480805346,0.38053836956479775,0.35390227262910495,0.4408992105484643,0.24659304793295547,526,False,0.33408543146175385,0.3297935272220929,0.33408543146175385,-0.2855013941139903
1904,0.33169722099853494,0.15726953969529525,0.27786761294683726,0.4458819766686936,0.4895003632912294,0.30294024349788945,0.24899072235965525,0.27840192252416057,0.25892257152477566,0.22648133013337754,526,True,0.3021235032270475,0.33223082359593414,0.3021235032270475,0.8351998016472545
1905,0.30632078182939987,0.36509653714236523,0.31703500714700505,0.19626312572673404,0.14192803718146532,0.3138295957634038,0.3178956524867752,0.4768167743331541,0.27032043254970295,0.33723001880737047,708,True,0.2749632842825912,0.33488873715168876,0.2749632842825912,-0.03246817760463711
1906,0.4234162612520992,0.21905686571359143,0.2907122623569527,0.3199685348820885,0.4952496994750811,0.3159436522019164,0.1536004759861583,0.3855801325558715,0.1654540107720457,0.20274724602165617,792,True,0.3471504932033541,0.3416492234889228,0.3471504932033541,0.36873352893735073
1907,0.2997741519218777,0.4747275459516453,0.33124109108080046,0.21755984743429063,0.2275682678240331,0.14654799092533588,0.5842319399940864,0.18348611445873633,0.2818838825564798,0.0,340,False,0.5124758317196019,0.5842319399940864,0.5124758317196019,0.43101006923913593
1908,0.0,0.4978090879437963,0.2911951373290896,0.29582988770977214,0.20692302721044084,0.4956239856864659,0.0,0.5088111398524036,0.14347526392985113,0.1092793654756853,1287,False,0.6228197454402222,0.5088111398524036,0.6228197454402222,0.12785841982592372
1909,0.26771887164752917,0.30311806610393954,0.2964111176418707,0.3509496814778433,0.13142671796473301,0.014119604202407883,0.3551241765678254,0.48960004561320913,0.4234052877839706,0.2507090855661307,185,False,0.42058846105572956,0.47548044141080126,0.42058846105572956,-0.7196599016308476
1910,0.4447359940384865,0.3578288106378454,0.0699073305124957,0.29966463360253875,0.29271931727511835,0.1323392475777634,0.37873307407093976,0.37424302364067824,0.4156433995957984,0.14152108489770557,1089,False,0.4015461574226212,0.3748286635259908,0.4015461574226212,-0.6712993488383546
1911,0.08736176236695252,0.24611952801626724,0.31353104644238294,0.15208877674615237,0.3547903014727664,0.4622907539792712,0.0075192899366508794,0.2901273560833831,0.22917149176231263,0.5779459256455439,1048,False,0.5283204547618282,0.5704266357088931,0.5283204547618282,0.2688217728431983
1912,0.41895797409538355,0.3238469603623349,0.24684210121415606,0.15532490374324434,0.17593527547231702,0.25646713397106585,0.30433164109319966,0.30669262093754124,0.4772678323238972,0.3512110566444022,195,True,0.3032476475542263,0.3219429285806529,0.3032476475542263,0.24739004785128613
1913,0.41184886261726256,0.1446279917459451,0.14900352885351442,0.3660473422996755,0.12405146295633365,0.30953759169443457,0.3624519393808216,0.37087791552225047,0.454467072714404,0.25808158991044194,185,False,0.3655498583878542,0.3304156097580704,0.3655498583878542,-0.39104259916755735
1914,0.20276945318938586,0.46592865108504117,0.32402296124843144,0.19035796351000556,0.247248931559059,0.3569950220157644,0.3289797045252258,0.015573147951857545,0.16717533950559196,0.5249502493540646,1647,False,0.4625415407888992,0.5093771014022072,0.4625415407888992,-0.03357122785637827
1915,0.1649741648243832,0.35027741275550267,0.4621415467014488,0.2031130473401498,0.33153275313867353,0.441239162036052,0.0,0.29474705649080535,0.30477738461053977,0.3329992400417429,493,True,0.41816110234481263,0.4621415467014488,0.41816110234481263,-0.9516944948433589
1916,0.14004751562480153,0.5256287868183303,0.2880043650228467,0.4373241597541997,0.11819513090741159,0.24604183102669827,0.4796047543383104,0.1332662886378244,0.2467909290529146,0.21612283206334099,617,False,0.4577134144491366,0.4074336559109187,0.4577134144491366,0.6081482367747405
1917,0.0,0.4875547665380389,0.3187315707630638,0.4374006038975726,0.38150958729849327,0.5244868896554218,0.042672388243946174,0.013348448385060859,0.1436048461752485,0.1616283356226706,866,False,0.6418284253948463,0.5244868896554218,0.6418284253948463,0.039557899155710445
1918,0.37006862941357005,0.23404823630267466,0.05515195706541924,0.15398580211672078,0.1494012446138005,0.3171325805601138,0.3489475312668246,0.2591978027550611,0.32675203432682365,0.6024190310523422,185,False,0.46723276172768935,0.547267073986923,0.46723276172768935,0.7185789380550714
1919,0.11475630517548126,0.4209441739424199,0.13454205914257267,0.40576169939875917,0.2700804231131444,0.29176774254305354,0.21230316295388155,0.4785661126264465,0.19679024117587288,0.3949638765188522,1181,False,0.3910612819954081,0.36380980745096525,0.3910612819954081,0.021853738274372887
1920,0.25867455089191876,0.38117446901159974,0.14021919192083748,0.38245705581120587,0.11279324788305274,0.16384427986913647,0.359307960546382,0.44436331534425877,0.2709004687999519,0.4270168430240917,185,False,0.37430671837569407,0.33157006746120604,0.37430671837569407,-0.3388772935580227
1921,0.4282190947611676,0.37434855481308293,0.18256075497764773,0.31497808304253816,0.23438659806664533,0.19715924417265449,0.34680507682013256,0.4251526981640377,0.2069609752826449,0.3260087055061738,185,True,0.2819544575483659,0.24565833978351986,0.2819544575483659,-0.008291550811471694
1922,0.23798888116552758,0.6417370106883346,0.36715626190541656,0.10152629473857781,0.2714017273178266,0.21904558577304822,0.13294013420060125,0.29613094910957827,0.3048051113497935,0.2578971731720731,493,True,0.45798793429757695,0.5402107159497568,0.45798793429757695,1.5663998740401592
1923,0.2920087016822499,0.3191639706975363,0.21423052522943964,0.2101750149084023,0.4390304099298216,0.03902614529662151,0.2905590250369071,0.4192025373118327,0.41349300990135546,0.312080916914798,185,False,0.367297491435968,0.4000042646332001,0.367297491435968,-0.8989454962951782
1924,0.2041307531363625,0.4593048557764929,0.35802317502656733,0.393470860744147,0.32420023297793993,0.09588563562498668,0.29970247829050933,0.18391226523804582,0.3480447816278369,0.32448337395663773,840,True,0.3289761615814322,0.3634192201515062,0.3289761615814322,-0.6009534161758322
1925,0.20564258465406063,0.28702633466903155,0.19703941302236036,0.36223010545980183,0.02920427091666981,0.2656817493512591,0.397465512669313,0.48259086212341146,0.3980319676510655,0.29077470381869097,185,False,0.39491430488328344,0.45338659120674163,0.39491430488328344,-0.6358956821762375
1926,0.3494273134842131,0.2663480719891941,0.5060234258094618,0.2512134402730303,0.2847942617720222,0.253650405389176,0.3569942803600952,0.22902814692858334,0.2279044412613671,0.3324241488861871,708,True,0.2570456280183523,0.2781189845480947,0.2570456280183523,1.577096974257351
1927,0.33758887163393314,0.08705969369973367,0.5117023315590852,0.12803987973624278,0.3844684408336266,0.3299256061460825,0.15422248725494905,0.21677840109169452,0.41402052941631184,0.31837641155544716,708,False,0.42088910276313346,0.4246426378593515,0.42088910276313346,-0.040649800110555655
1928,0.11435934237120347,0.13096193160104355,0.28049188484729315,0.26244793833633956,0.23532075068671182,0.48807037681540827,0.11086623770321571,0.3711170309659252,0.38836201048938185,0.4772667205308694,573,False,0.4377699438809325,0.3772041391121925,0.4377699438809325,0.12891368911336715
1929,0.5413325637694154,0.0,0.20026638122805893,0.26372507182321814,0.3293495316482737,0.31153811712670976,0.31645402965712643,0.23771972636234492,0.37578721289257483,0.30643850192673977,460,False,0.4205670458561198,0.5413325637694154,0.4205670458561198,-0.42022472185203436
1930,0.38329864310095874,0.18896491092882578,0.1453517625959112,0.3910573532781733,0.20351728306126657,0.1650193492268781,0.39560715843498107,0.46578631185328095,0.36465815645941535,0.2612149897704821,185,False,0.3536959225537346,0.32043454925736975,0.3536959225537346,-0.013997406890153772
1931,0.23355118504318478,0.25394699747309096,0.48235521683003335,0.3384956532682456,0.3055577953558231,0.259237589608906,0.12845542843312258,0.2843623120761636,0.22899686396726943,0.47259594206430905,560,True,0.3324219051723748,0.3538997883969108,0.3324219051723748,0.6169881310120134
1932,0.5052331193900393,0.23303043195435635,0.22042912273405824,0.08640474078155728,0.2946355360757784,0.22268917003032343,0.2872857580271813,0.5041744798907327,0.3486239226779588,0.19929204075069282,185,False,0.40588372498451675,0.41882837860848204,0.40588372498451675,0.5913252732019807
1933,0.23179197126709475,0.5075983831659298,0.44671261236805565,0.24911045066504492,0.3188785643906969,0.3989205856122826,0.2565305695686098,0.16162030129016983,0.27036817433801014,0.03404426124776682,373,True,0.42582406080532015,0.47355412191816293,0.42582406080532015,-0.12800384930196795
1934,0.23543459515918144,0.3619404192068351,0.3525482165781762,0.27670146745754026,0.20130337612255003,0.40363780502044444,0.37153333467871924,0.2887770447977876,0.3017253794173743,0.3111298850910236,185,True,0.19077571245926792,0.2023344288978944,0.19077571245926792,-0.2879563078965934
1935,0.22609504623244794,0.162709644513144,0.3359268547458567,0.25776492953067387,0.2536682722177,0.1327935898643307,0.4737657577072685,0.4721577285907706,0.26036995629378373,0.38204166421062297,708,False,0.3600602748906778,0.34097216784293777,0.3600602748906778,0.3926999970288827
1936,0.1464883928433276,0.36908736146590815,0.2790396288371094,0.12728004032439202,0.39012528955692205,0.4233141930603052,0.2128145623525342,0.30052153119957487,0.3568218201238024,0.3923450772767663,840,True,0.32249160900160573,0.29603415273591316,0.32249160900160573,-0.63607740441595
1937,0.26323257565308794,0.21499279386409617,0.2101087130766781,0.3707174648495658,0.2688799232077052,0.338417082499798,0.26880036777237454,0.42563880335817617,0.3646230487975625,0.36015978184868835,777,True,0.2202585595515791,0.21553009028149805,0.2202585595515791,0.06925362866963952
1938,0.31616357282660557,0.2667506527743756,0.28783376338363065,0.36441189850457467,0.4192850706084303,0.13937355407981236,0.3672930252822233,0.31739173964637557,0.23403917084082415,0.3572105863914615,185,True,0.24190434360625004,0.2799115165286179,0.24190434360625004,-0.8704176303003389
1939,0.3218088948539336,0.3945367501923841,0.15905767140147492,0.2787966028390586,0.28175268198816256,0.13044118121041082,0.5090656290663924,0.41165501614869676,0.07177471717127124,0.328015467240512,185,False,0.4173262603959216,0.43729091189512115,0.4173262603959216,-0.13813381620779938
1940,0.36183424400098363,0.2662443048784664,0.1862015406119202,0.3471795337874664,0.34503300198211345,0.26513600180630365,0.2780854326181653,0.3476504035686481,0.3000940650666176,0.40668375532614914,708,True,0.1917499426021092,0.22048221471422894,0.1917499426021092,-0.5173968246002365
1941,0.22740814185227187,0.43910996805574665,0.4675099799567528,0.13124934411827316,0.3222333811173589,0.380496545211908,0.26253931219703547,0.27867119988400907,0.23918058965774758,0.2593687450243413,950,True,0.3126035681428739,0.33626063583847965,0.3126035681428739,0.27522653269589503
1942,0.30137127695489535,0.2457434819128226,0.5364256549172466,0.3114987431135374,0.33477611955085435,0.24058453849851977,0.0,0.38926058773349864,0.11643088803501832,0.35911783173758205,560,False,0.45481458423366344,0.5364256549172466,0.45481458423366344,-0.4159310649281899
1943,0.34063572276180065,0.036629489314019915,0.17695163833108016,0.7206968935968838,0.28112777889641144,0.3467341726968347,0.2407103682631494,0.0,0.08592069450475641,0.25947722140168594,460,False,0.652603676366145,0.7206968935968838,0.652603676366145,1.2314293327195769
1944,0.18939144121466142,0.5060396078423454,0.42708364666332393,0.23561517903736534,0.16605783637535612,0.010483671917100772,0.5017692371280472,0.2603843288487778,0.3336799592818549,0.10742462374327814,1259,False,0.5180553263265121,0.4955559359252446,0.5180553263265121,0.10243667442222379
1945,0.37645118247314613,0.0745973357269704,0.15155155159865485,0.18414305236555642,0.19396667307138424,0.3131609525326267,0.5111733867477397,0.2405212861965982,0.37305801909229297,0.4492542149998536,185,False,0.4315030846041831,0.4365760510207693,0.4315030846041831,0.14838825393481228
1946,0.249733486281176,0.16343949527693472,0.4479931148540914,0.4560644764414114,0.37239176760369336,0.2918470197187651,0.31793451018631924,0.19408538768586853,0.2277194935762431,0.29626020632559286,460,True,0.3026302443652494,0.29262498116447666,0.3026302443652494,0.38081625326664525
1947,0.3723308270627718,0.229689537859263,0.216148154426298,0.11189828996084623,0.3762976589603964,0.42925546230730927,0.2785322082177123,0.32637829656755796,0.37706000687689234,0.31182335885558615,1088,True,0.28988011777031797,0.31735717234646305,0.28988011777031797,-0.7738386835707846
1948,0.24586905130098483,0.31600169767565517,0.4654375999233114,0.1653005450426928,0.38996404256329475,0.38599578194777323,0.31760562680550325,0.42189772979276946,0.050423605443762905,0.11513748443550399,384,True,0.4272643301327519,0.4150139944795485,0.4272643301327519,-0.5222677418728179
1949,0.22264486509470974,0.2298944538405096,0.15664223846111153,0.2783621864280884,0.27935783357009963,0.34303269377228796,0.48163616270195836,0.40234880231247144,0.15912542441271843,0.4250463805568418,1193,False,0.3413060886129179,0.32499392424084683,0.3413060886129179,0.32287205307426753
1950,0.30372815207068155,0.23761251105857784,0.08504792044445957,0.3585632026867802,0.2250538708499827,0.2741877601892174,0.4274079706801721,0.22435590906510888,0.49739502337339825,0.3305233061420933,185,False,0.35423221722770004,0.41234710292893867,0.35423221722770004,0.023107509880514684
1951,0.37163553880057043,0.17597049308681112,0.1869329821672975,0.3711992375795317,0.2009533667571457,0.3007977949440453,0.41633224175997396,0.19548402670484996,0.31063227516688263,0.4682820500578639,840,False,0.32211670292459177,0.29231155697105277,0.32211670292459177,0.193367509240389
1952,0.35953287965421005,0.2790212101306152,0.1283781347419344,0.20251795703504205,0.13838118213574918,0.33980457890553617,0.2765344861707917,0.4702307346778646,0.2693970415632145,0.4802179391156024,185,False,0.3715382931114578,0.351839804373668,0.3715382931114578,0.23482054364157004
1953,0.16750419799692992,0.3316595597606333,0.1710555460565368,0.33170780207444345,0.26466059524912305,0.23040118594646422,0.25963554509672193,0.36707299130553456,0.43974754483378137,0.45165603804761556,185,False,0.30509455728083956,0.2841518400506856,0.30509455728083956,0.17150022815380978
1954,0.30177608398434347,0.21006995520963595,0.33467978480349353,0.40304299692544526,0.20863163674486584,0.33233551803184425,0.3645298266587073,0.2590850399485746,0.20430761787352283,0.44116310108628504,185,True,0.25480466567029697,0.2368554832127622,0.25480466567029697,0.15609442574083884
1955,0.542288710809496,0.2110755069402752,0.23531201077537667,0.3670755634447892,0.3024344749257455,0.18993491765350948,0.15583862731858034,0.30599657283917914,0.4170289052595085,0.22777027914448586,777,True,0.3622823408730685,0.3864500834909157,0.3622823408730685,1.0092141543073145
1956,0.3558393698545563,0.25236663725974834,0.3485533000633366,0.3465186478438247,0.3359450512642214,0.2812505361669132,0.06565939407226665,0.2944280748993159,0.28467189206273374,0.4518039087465228,560,True,0.30308147048890083,0.38614451467425615,0.30308147048890083,-1.3266911894267628
1957,0.15692980090122619,0.4534766670280748,0.12410886404343575,0.19398303157437322,0.2600541079634559,0.46854392426511454,0.36362003855424596,0.3246278620636022,0.2817752073079191,0.3354667295325337,1087,True,0.3553814115346473,0.3444350602216788,0.3553814115346473,0.04048661237007597
1958,0.13273515968345936,0.24911716629070058,0.4031015008358111,0.26198075576511975,0.3753457600361964,0.25315777076781953,0.10612660267903994,0.516429555366792,0.3845590936842871,0.24161114214922244,1772,False,0.38806697979584204,0.4103029526877521,0.38806697979584204,0.21155269339695418
1959,0.18762598979152934,0.2322864293794546,0.19694383299128473,0.31320135360059104,0.22813444469343744,0.30881948865181263,0.328221394253521,0.2610307771112316,0.19261119112928757,0.64309977360464,573,False,0.4134665865147662,0.45547378381311066,0.4134665865147662,2.3359136504258333
1960,0.1688976510915085,0.14462576525674675,0.4313320607231585,0.2571455911011686,0.29470451538841863,0.14411705842235095,0.36272254482764904,0.29838586032629916,0.20600149732633025,0.5724743739775432,708,False,0.42222116233534146,0.42835731555519224,0.42222116233534146,0.969189431619964
1961,0.23098830854469155,0.3475789463749233,0.5290151790263753,0.43341097222795993,0.25940188827824,0.21113529525521618,0.0,0.22189439177601797,0.2503049970904539,0.36657056844452507,560,True,0.44419776122758475,0.5290151790263753,0.44419776122758475,-0.25157871268562665
1962,0.29174555848649697,0.18024589113522627,0.1139658036414103,0.39856492511214564,0.27066165963608924,0.26054269112709133,0.4366457820688769,0.43093731747198444,0.2717744664605976,0.3452327400433584,185,False,0.32005158917675486,0.3226799784274666,0.32005158917675486,-0.28881859736485044
1963,0.3465214638407667,0.17249011988621268,0.3702599462511048,0.39399513234120487,0.44321780829170176,0.33517404197476736,0.0,0.1928065718665879,0.4574394694787187,0.05134720187446779,560,False,0.5023605683560591,0.4574394694787187,0.5023605683560591,-0.6716101194389332
1964,0.38231791132627657,0.38954911737066455,0.4348354992128351,0.11844719596125439,0.21686723699617236,0.2780201153496724,0.5510145050887326,0.13845633462034426,0.22772598839835864,0.0,340,False,0.5184797727394503,0.5510145050887326,0.5184797727394503,0.039692362876045745
1965,0.4558580846167941,0.440248621242932,0.2588391405511515,0.31445624895297436,0.3565768649442903,0.2833987135096885,0.19578621538458688,0.05661411735979577,0.19609127485804154,0.38084517204426466,840,True,0.3760236519675911,0.39924396725699834,0.3760236519675911,-0.5194816488125039
1966,0.47246058671914476,0.16634263052676132,0.39497893795613437,0.2882316884029268,0.26809159755349316,0.19466713412766293,0.39643859221905997,0.4186313790933885,0.21621883164075514,0.1452256373071356,717,True,0.3565356154413549,0.32723494941200915,0.3565356154413549,0.18207725491863236
1967,0.38551138869057283,0.08323150411035837,0.2236237523419608,0.4221379787806348,0.1589454883096778,0.21224319487590126,0.4330325078019017,0.4272631611907275,0.2061625503051268,0.36518574626558453,185,False,0.39359103532762907,0.3498010036915433,0.39359103532762907,-0.2676469587074878
1968,0.1705926058406881,0.5274044551899006,0.06023125378505607,0.2566574367735844,0.3293227765974303,0.3586710136294017,0.22183033426880136,0.42808169839551174,0.2514271816757611,0.30077434581830215,967,True,0.4033869632705035,0.4671732014048446,0.4033869632705035,0.1168019405278106
1969,0.14905709612606427,0.3311072867866309,0.23390724812373323,0.2952011745095864,0.22380583311961705,0.36459364869928224,0.4581252815468896,0.23711890351247294,0.10437593436454803,0.5160208806768731,185,False,0.39681090558993565,0.41164494631232507,0.39681090558993565,0.4059876533508714
1970,0.0,0.291263687790304,0.5458599870622617,0.25005032858017856,0.24167828502296124,0.3486257049112757,0.20007963070488363,0.22551576604181642,0.2651759976067521,0.46208372318924507,560,False,0.4581922811518003,0.5458599870622617,0.4581922811518003,0.026706549674189922
1971,0.3092124427840314,0.4339641616814341,0.3398961602025671,0.287597046596184,0.32839923981481406,0.18813724864941545,0.3202191088450835,0.2398304716675564,0.3093992863931452,0.3446632768393472,185,True,0.19635170950889816,0.24582691303201865,0.19635170950889816,-0.1009928644054225
1972,0.23385120862006856,0.3027580583858778,0.1756936074859087,0.26682980770498105,0.4436210603520569,0.24066108573327386,0.3249864591318228,0.36381670697887986,0.3157492919601071,0.3989874267123592,840,True,0.245535181236973,0.26792745286614816,0.245535181236973,0.1452502076565375
1973,0.3630773026374301,0.19306679963451806,0.20196408448236527,0.1633281710279121,0.3453462059332336,0.148066347653452,0.4528533079054352,0.4157689065832011,0.33416169605129814,0.364201748741288,708,False,0.33781981910933323,0.3047869602519832,0.33781981910933323,-0.18786076772950025
1974,0.34422594470093343,0.29448175504157553,0.2872694502396381,0.18041603347654556,0.3469826764164101,0.2445232014195674,0.26544784508215613,0.3291172979253687,0.383099334406048,0.4171101589815413,195,True,0.20981280018400156,0.23669412550499574,0.20981280018400156,-0.30869830452702657
1975,0.34532323524934566,0.4475763461889533,0.19021961121033384,0.18645946540213124,0.4958346845311466,0.12248296272585632,0.29433151123359635,0.19773851420887578,0.3650157310528191,0.2994235993324453,840,False,0.37120661505902364,0.3733517218052903,0.37120661505902364,0.2984928966813203
1976,0.5036588536449129,0.026606048198771,0.46406829130189076,0.38438593520836295,0.2833297921300077,0.2593895594844443,0.2165922706153656,0.1113478905418351,0.3655861571928776,0.2049034741994713,460,False,0.46535869116175776,0.4770528054461419,0.46535869116175776,-0.15315929149250954
1977,0.2802873440254934,0.3371119302144191,0.36507255475932393,0.11826437310365388,0.29198468277672096,0.016851977127244153,0.4400604964504895,0.30143444110816264,0.22779657486324242,0.48845044032220647,195,False,0.4319153659325435,0.4715984631949623,0.4319153659325435,-0.6108761216137709
1978,0.08726410912363693,0.3508159570454994,0.4368481051039718,0.359989166294019,0.2898314865502404,0.38642089975548716,0.19237441729447813,0.003989753117362505,0.5277664595595525,0.0,866,False,0.5773124913258867,0.5277664595595525,0.5773124913258867,-0.3226380699177336
1979,0.3618491323529923,0.4258731979378824,0.3151108792624037,0.06785897970076672,0.28204240024116833,0.19211224323747517,0.47291763979729323,0.30673743444227464,0.026340507368414704,0.38588821924796135,1537,False,0.45375546046022947,0.44657713242887853,0.45375546046022947,-0.7220500499285416
1980,0.16437999418371885,0.43629405687975237,0.30008271909080786,0.3429491570090688,0.3471897842622068,0.41400871145599233,0.30537633168147066,0.13798607567350574,0.35344691460584915,0.2140079646193456,340,True,0.30445052434982367,0.29830798120624663,0.30445052434982367,-0.4761324915046309
1981,0.46092766711398286,0.11342327280675096,0.36103137551954284,0.5140939889995622,0.21636577790890502,0.295860534086056,0.3329589276924636,0.15789282056436088,0.2188339244770462,0.2490318873998463,460,True,0.3911062559797239,0.4006707161928112,0.3911062559797239,0.47480565775738975
1982,0.3743400260421572,0.20343018971333088,0.24692862704208887,0.34019383925175894,0.38335892299512264,0.15848538714021093,0.33719917639378205,0.3670798584514333,0.4119205391478016,0.22708806289205252,185,True,0.26644896416740527,0.25343515200759065,0.26644896416740527,-0.5109702644175375
1983,0.30490905977536853,0.4089050066553783,0.38207739938757107,0.44093990891895785,0.2439953679268389,0.09652403284181768,0.3119176096980099,0.20727789567560356,0.3423731015262074,0.27035038004214873,526,True,0.3110798793849557,0.3444158760771402,0.3110798793849557,-0.6414812449247242
1984,0.06583019516469224,0.2775899687634903,0.2972066954788819,0.25727334140187064,0.21539250763984483,0.3551144359433817,0.16368510985811535,0.41871542955375735,0.24077377309285647,0.5757613843469486,573,False,0.43189484578792514,0.5099311891822563,0.43189484578792514,0.6817977886679615
1985,0.09262467310127308,0.3575252202321087,0.43291572878678214,0.2732832414383871,0.4591806892946716,0.2545813036780878,0.24503545951575909,0.3197037197373865,0.2062221492319501,0.3479334178795887,840,True,0.3310390780085877,0.3665560161933985,0.3310390780085877,-0.3211843842640084
1986,0.2755067853634551,0.1629383317314616,0.3008541160284629,0.37301650297284933,0.29240465037860075,0.5324778855616817,0.40945458397323387,0.3405624920756763,0.10273558067675688,0.06832975627170937,285,True,0.43847983835669474,0.4641481292899724,0.43847983835669474,-0.026748574369183598
1987,0.27886503515928346,0.2847192685818008,0.27369412109070107,0.19950078445058023,0.0,0.314627166510415,0.29777964657336314,0.5952198630262213,0.3243739477645477,0.28158849443613077,185,False,0.44414950509958073,0.5952198630262213,0.44414950509958073,0.28382654307011934
1988,0.3150874392678062,0.12125970744203599,0.25470166785537823,0.45137541563967776,0.41537348489712705,0.2407317482025943,0.4264108503735291,0.32881433305570124,0.31118720148593165,0.011568217601529035,460,False,0.4251297401038406,0.4398071980381487,0.4251297401038406,-0.8653082431933508
1989,0.05053466704436336,0.4154003105562271,0.38120472037598097,0.3604398110079862,0.2987899180685921,0.3243229092121912,0.052885634592282856,0.3690064780481556,0.2966824691313641,0.3580656503536639,560,True,0.40154879362234236,0.36486564351186374,0.40154879362234236,-1.446099249294121
1990,0.36032475877986114,0.29372591742107473,0.36600984874978004,0.1432408498148061,0.3773928026927023,0.3897340682292979,0.4340685687500975,0.019713946237715538,0.3395237583681872,0.17610078703851792,340,True,0.4074102584396298,0.414354622512382,0.4074102584396298,-1.1120395120682607
1991,0.15332987824576783,0.3739089511903143,0.3755859704880251,0.3027579888585292,0.2337244046854513,0.24919665475394784,0.2939347965749237,0.4837036343321385,0.2755648778512088,0.30153918670193564,1438,True,0.2743756814969372,0.33037375608637065,0.2743756814969372,0.4639467899777725
1992,0.06671759464198408,0.25851634931984196,0.4917304956155303,0.23139326447352887,0.32208152870752954,0.5189411252368129,0.3736740773218454,0.31360504612283785,0.14953090959681012,0.0,373,False,0.525172167780982,0.5189411252368129,0.525172167780982,-0.12223361657846706
1993,0.13991134259802715,0.0908151832149822,0.22297840767714527,0.35124967006486,0.17820948550653185,0.4811305909089039,0.17638912932618794,0.16111467692254627,0.4830586688374619,0.4953985363956546,573,False,0.4915403416535406,0.4045833531806724,0.4915403416535406,0.5081214422700315
1994,0.1672934383907838,0.37452676961594394,0.30959275228605415,0.21285136435414612,0.26982324950028935,0.5103006045768106,0.03239669285533879,0.3992791816723061,0.347004056413847,0.2765731547747746,1048,True,0.40756084379097673,0.4779039117214718,0.40756084379097673,-0.389683895116084
1995,0.07070608090148195,0.07891448539067335,0.36578954958592497,0.24858182595827782,0.3284777629472245,0.43034539620457846,0.22401709328594566,0.3058741456841446,0.4485775804662392,0.3938514158556872,708,False,0.4110421396687023,0.37787149956475724,0.4110421396687023,-0.6743006347565232
1996,0.4162501610738603,0.23936890427396984,0.3570939710206398,0.18961089139493553,0.39577949731759765,0.3141422671860409,0.34528025766422665,0.22128168692953243,0.18920534126528252,0.38296273944297793,486,True,0.2653177893075243,0.2270448198085778,0.2653177893075243,-0.2417389139820715
1997,0.20245873797880234,0.09588773159232798,0.2384024709552855,0.29932237388841204,0.5354321413209745,0.2926307555643135,0.35658776647382,0.4174718536141115,0.2595367131922632,0.2495378816195855,708,False,0.36875978558092537,0.4395444097286465,0.36875978558092537,0.5569310167259001
1998,0.28547090075724896,0.1674723514942325,0.22191422892379142,0.35640442207653505,0.332053533238077,0.3585982482633497,0.345703196666245,0.4148086241105082,0.24382743565594925,0.3525739262021285,185,True,0.22973662212739426,0.24733627261627567,0.22973662212739426,-0.6477036299524244
1999,0.0,0.3615230907405874,0.5572734216814202,0.171838387366696,0.3396794058441216,0.3764370630447118,0.1520981863379604,0.34917121211170815,0.25735052017612287,0.24667450597487212,493,False,0.47064432612024093,0.5572734216814202,0.47064432612024093,-0.11030595968313645
