ID,strat_res0,strat_res1,strat_res2,strat_res3,strat_res4,strat_res5,strat_res6,strat_res7,strat_res8,strat_res9,ancestor,alive_at_end,DIST_TO_GEN,DIFF_MAX_MIN,DIST_TO_GAMMA,SKEWNESS
0,0.008935995536311895,0.006129113708626484,0.01651099132073251,0.015052523053903416,0.010444912403617022,0.013369462319384177,0.015122655623173034,0.010971043551827275,0.005252397747030833,0.0033616795427378987,0,False,0.013761527480475681,0.01314931177799461,0.04051046051405541,-0.24979217172978835
1,0.0,0.04134231842151632,0.0,0.0,0.05269987158948833,0.03622600019572217,0.0,0.06338213016359358,0.01562950017227552,0.0,0,False,0.08291420950026016,0.06338213016359358,0.09158743469838325,0.6542688950322209
2,0.0,0.0,0.01243500996927216,0.0,0.012343083961122934,0.014227665767946124,0.0675536557080096,0.00720499700769412,0.01907974370183226,0.030690082628192193,0,False,0.06449844235158146,0.0675536557080096,0.06120480769955776,2.0061668565733464
3,0.023610063121917064,0.018523689441834947,0.02462726697552983,0.0,0.03443191837349377,0.0,0.03832447986440406,0.0,0.0,0.02957953369113784,0,False,0.05152084018741674,0.03832447986440406,0.05243305928231989,-0.04952712164691149
4,0.052296861409886236,0.0,0.0,0.0,0.08821945231487968,0.08042890263495488,0.0,0.0031352458135596112,0.0,0.01814521314914788,3,False,0.11610773824003341,0.08821945231487968,0.11948734634309022,1.165294939399858
5,0.0,0.0,0.0,0.0,0.0697905395198134,0.10421825551747393,0.04775998444321762,0.0,0.0,0.037811544011486856,3,False,0.12349609991526567,0.10421825551747393,0.12442121457552044,1.2323957641858296
6,0.02201500052840071,0.030586273028284223,0.0,0.0,0.015165183233823699,0.025038491202189483,0.02158060477370186,0.007486568752752371,0.0,0.026219788181726232,5,False,0.03904483938485634,0.030586273028284223,0.03212182788807343,-0.2393443892208534
7,0.0,0.0,0.19897797003245163,0.0,0.1908470095047145,0.0,0.0,0.0,0.01370541576031073,0.0,0,False,0.262929732267656,0.19897797003245163,0.27945310080884855,1.76947719870203
8,0.24116655842661258,0.0,0.0,0.0,0.0,0.258992320469594,0.0,0.0,0.0,0.0,4,True,0.34093276960074914,0.258992320469594,0.32549767803117163,1.7858235053326486
9,0.0,0.11836922412047947,0.0,0.0,0.06157961747278485,0.0,0.013272358437900535,0.08561100453208921,0.0,0.0,1,False,0.14398638133938652,0.11836922412047947,0.1407201489189801,1.3540081246516815
10,0.06330771483029411,0.0,0.0023224262850703205,0.0028582892668376873,0.0,0.09310803593013964,0.030894755241893362,0.027499619840367064,0.0,0.0,8,False,0.10488772453492201,0.09310803593013964,0.09074371302880319,1.4988512430736776
11,0.0,0.008769371298015543,0.006859006912132574,0.02162494673642306,0.0,0.0038475787732930563,0.04945027284543243,0.037887902684823865,0.017362312374727372,0.004311816105380122,10,False,0.05296215801319874,0.04945027284543243,0.05398316196430384,1.2480727737750346
12,0.02336595655779704,0.014960311354876396,0.03420754893030755,0.0015638614742864228,0.0,0.03130266678031199,0.010927666399798096,0.0,0.009379170023283449,0.014889531881455543,8,False,0.03923499038693114,0.03420754893030755,0.04687627921752263,0.47607345275687785
13,0.10120622946828149,0.0,0.0,0.0,0.0,0.11215362790068278,0.0,0.0,0.12039323083736803,0.0,8,False,0.1778780632956307,0.12039323083736803,0.17051470716660158,1.0622375527160486
14,0.04266682440687787,0.0,0.008230403030225287,0.007644994980894443,0.022572891131485757,0.026810992461542685,0.005208697060600606,0.02042508243885293,0.007432547719981793,0.0,8,False,0.04306642238189313,0.04266682440687787,0.049235037042451094,1.0369268037675266
15,0.04750229048109584,0.0,0.0,0.0,0.02055689588032199,0.04783526617198906,0.04233938428482964,0.0,0.024777967701898475,0.0032245063061179845,8,False,0.06826059352494518,0.04783526617198906,0.053145358067217256,0.5065596292067572
16,0.04902656898776846,0.003874507068898575,0.0,0.0,0.010622689289127012,0.07204736418748885,0.018244081670294676,0.0,0.027802515377717274,0.0018524993304000132,8,False,0.07849926177164453,0.07204736418748885,0.06960264462806649,1.4670733126644318
17,0.08358206946065527,0.03236588097659757,0.0,0.005089731610173278,0.0,0.049906292409516946,0.0,0.00913108330591215,0.003099604271304999,0.007228205386645249,8,False,0.08881007718901333,0.08358206946065527,0.07283884582549169,1.70659374387132
18,0.06706144032941327,0.005884060709842312,0.021184408445268556,0.0,0.008269147151561995,0.06544919593649248,0.0,0.029589583133829346,0.0,0.0,8,False,0.08520211775491113,0.06706144032941327,0.0797857279215552,1.2525424432717869
19,0.09679638932440546,0.10597786109377864,0.0,0.0,0.0,0.0,0.0,0.0292021089625326,0.0057119630040616985,0.013659212316262742,9,False,0.13283772470406677,0.10597786109377864,0.11359834469980809,1.5928185741338228
20,0.05678705453656572,0.0,0.043666860282851175,0.0,0.012276773006917305,0.03928068964248889,0.0,0.010554160170048213,0.01988265705505831,0.0,8,False,0.06843246626228915,0.05678705453656572,0.07203246050346192,0.8592514914314497
21,0.006545011124347047,0.10011458176640521,0.005805128345783702,0.0,0.0,0.0,0.0,0.04243312186715646,0.03901054531104232,0.015127669722710556,9,False,0.10232293913555955,0.10011458176640521,0.09884311777834516,1.9702934030910795
22,0.0,0.09128119218360937,0.0,0.0,0.040773615078485925,0.03177563507539591,0.10092708449691905,0.0,0.0,0.0,9,False,0.12998292413172713,0.10092708449691905,0.1083791939987412,1.280326385603999
23,0.0,0.03721611038971211,0.0,0.0,0.04602468867447324,0.08769224953512363,0.0,0.0,0.026005632497664823,0.0182682741450232,5,False,0.09433517438184548,0.08769224953512363,0.09968550827401292,1.4715041352997273
24,0.0506944162499429,0.0,0.0029155675945792274,0.01994057689569564,0.0,0.0,0.05688779009905347,0.0,0.11636768244475473,0.0,3,False,0.12576799471443803,0.11636768244475473,0.11897761203708206,1.7287610444620503
25,0.0,0.02245079376458567,0.008611458957742677,0.044067621803571655,0.0,0.0,0.044819150479246846,0.0,0.03277503331668389,0.023931832575512332,2,False,0.06035498743707989,0.044819150479246846,0.0646164610448754,0.43161003659826264
26,0.016724261178020842,0.0,0.015967324135697493,0.006425799379630662,0.021233027684688863,0.022083063432431903,0.0,0.017291095014119424,0.010205873507888019,0.018855603563352873,5,False,0.026408427699504557,0.022083063432431903,0.05372956030826771,-0.6919655545913875
27,0.007648845067225577,0.013114685633101364,0.0,0.0,0.011317163329066649,0.024232023403708974,0.009471489762900819,0.010894825612692638,0.017045487211342206,0.041500284734256494,2,False,0.038242665569261564,0.041500284734256494,0.05326660205884264,1.3730434558439608
28,0.0,0.0,0.037599823854852873,0.0,0.0,0.0,0.19502390621112037,0.0,0.1328443210713849,0.0,2,True,0.2253582112236647,0.19502390621112037,0.2121719160790548,1.8576511267344566
29,0.0,0.0,0.0,0.03174732047815563,0.0,0.13446404815680377,0.07878696908991116,0.0,0.03042884561198281,0.0,2,False,0.1473540976056431,0.13446404815680377,0.13865046268357212,1.8154975259538044
30,0.004878880074385264,0.0,0.0,0.0,0.10408181454848878,0.0,0.0826852021086903,0.0,0.0,0.10238946546504231,5,False,0.15263212516546498,0.10408181454848878,0.15531312904058422,1.0842690260555798
31,0.1390862135170678,0.0,0.0,0.0,0.0,0.0,0.013270642606201524,0.26199972162496427,0.0,0.0,11,True,0.2843902377408391,0.26199972162496427,0.2784331081490111,2.2085339410346148
32,0.013156981123282603,0.0,0.0,0.0,0.0,0.10025169117774302,0.0,0.056881353784423896,0.03435021296000376,0.02097700785037781,8,False,0.10754823659856338,0.10025169117774302,0.11191346311077903,1.7005856628781373
33,0.019648394985035934,0.0399470985684023,0.014059020559890426,0.012978858213936698,0.0022692978059447753,0.043502999920196184,0.0,0.011995841835078312,0.0,0.0038102998575107218,9,False,0.04939412935934428,0.043502999920196184,0.0507943847202931,1.0745469013763793
34,0.0,0.08223355030386663,0.0,0.009373270236352066,0.0,0.0,0.0,0.0,0.07003746393968865,0.12374529854208537,2,False,0.14953450637373109,0.12374529854208537,0.15400188674173498,1.3580539103454907
35,0.04042384635970919,0.07206302316972865,0.0,0.0,0.0,0.0022941544243834256,0.020870367127446943,0.0,0.02597057701645264,0.03132212722347161,2,False,0.07787596965289452,0.07206302316972865,0.06146552205546743,1.2474445512664158
36,0.0,0.09425837874628722,0.0,0.04301191600606189,0.0,0.0,0.0,0.06236467397587186,0.05563106261817501,0.0,2,False,0.11667696406577963,0.09425837874628722,0.11793286868323347,0.9725383035552981
37,0.06593946707898493,0.0,0.007669831426084594,0.0,0.0,0.0,0.008879155499602298,0.013066742602322327,0.03590017224018047,0.06636965216400656,2,False,0.08598646098316162,0.06636965216400656,0.08656855880375826,1.229330412794915
38,0.0,0.019197390370820522,0.03151019568731123,0.0,0.026204680720215465,0.0,0.03329654242196245,0.0011907579098607555,0.026162481730427803,0.020542535056514582,2,False,0.04585384042268472,0.03329654242196245,0.0579863435644878,-0.1713315091275257
39,0.1475009424888223,0.0,0.0,0.016449631225634056,0.0,0.06737586588073195,0.004335124460864003,0.0,0.011953313344730515,0.002803054794392647,8,False,0.15075741833161627,0.1475009424888223,0.13559782576660034,2.3398081371474033
40,0.030891690096735126,0.018972979642461116,0.0,0.0,0.0,0.032380471980254746,0.007549730773254354,0.005199871763529214,0.027846795146596052,0.03264474917145845,2,False,0.04667119472687563,0.03264474917145845,0.04707006435792771,0.11035525392253762
41,0.006484094050946896,0.032008967439038125,0.01463457620392905,0.0,0.02121263444054939,0.014768328745483164,0.024392413228430488,0.011300644588329183,0.00808855349525057,0.0,22,False,0.03285091371196877,0.032008967439038125,0.035668891179775675,0.40588232841029614
42,0.0896529074682192,0.0,0.0,0.0,0.0,0.0,0.0,0.08320730384049368,0.0,0.1698447768562288,2,False,0.19481849935761397,0.1698447768562288,0.1962481078375136,1.631055907201589
43,0.0550827760428367,0.029074912240661957,0.011040034846409428,0.0,0.0,0.05732492087595332,0.006050068793652422,0.0,0.009520015866544216,0.005615788970374629,8,False,0.07051306565998992,0.05732492087595332,0.057895766746262046,1.2657083880813969
44,0.03981455589313135,0.010116662189947695,0.00652569909213002,0.0108527323195187,0.013560997308764111,0.05189576621932222,0.0,0.01335479855900873,0.003036362712093246,0.0,8,False,0.054123951435243275,0.05189576621932222,0.05563671237389531,1.5318100056821862
45,0.0,0.0,0.06482999759120837,0.0,0.03613929281237151,0.0,0.017008569066569758,0.06994427756251798,0.0,0.02572577371172732,9,False,0.08988508038750558,0.06994427756251798,0.10755440030420682,1.0140777943046286
46,0.009367651320488123,0.0,0.09496713933435547,0.0,0.0,0.042203584493804784,0.03633360070925127,0.0,0.0,0.03959985619417143,2,False,0.10161936576654958,0.09496713933435547,0.10941774283419602,1.5526039660329383
47,0.0,0.0,0.03102244480148047,0.0,0.028376003129458566,0.0,0.06100621874587333,0.0,0.051409595389002125,0.03300947904414152,2,False,0.07826522691055522,0.06100621874587333,0.08340007803505026,0.5975999743997334
48,0.021486707681577975,0.000965402767931091,0.03306836433517824,0.0,0.0,0.0,0.04882132453714591,0.009719509612745115,0.013305116148079872,0.042274513691679685,2,False,0.06004548087966921,0.04882132453714591,0.06019890349972001,0.7237988165284053
49,0.01030875263985641,0.0,0.0,0.05942054466814536,0.0,0.05184130896024183,0.0,0.0,0.04546217588585393,0.04571009765325689,2,False,0.0850056332954444,0.05942054466814536,0.09978953687353209,0.5169629766353165
50,0.15904760202850732,0.02189798520197109,0.0,0.0,0.0,0.12035009596607531,0.0,0.01129915479291608,0.0,0.0,8,False,0.1874448751105578,0.15904760202850732,0.17019222677864693,1.8213348438973997
51,0.0850036956396442,0.0,0.0,0.008130558819980593,0.022734389225499977,0.011238133942077034,0.04113094087665243,0.0,0.02517917497995802,0.0,8,False,0.08597842547681832,0.0850036956396442,0.06844017610130619,1.8720779908576783
52,0.0,0.0,0.053906416345924656,0.012658239406186088,0.049948501841445524,0.0265896627005687,0.0469257845338537,0.002718060216085733,0.0,0.0,2,False,0.07498319512686852,0.053906416345924656,0.0848470621882293,0.6670417805315673
53,0.03155433562272876,0.0,0.06686994662096565,0.0,0.0,0.018438165682754595,0.0,0.0,0.18317129012801253,0.0,2,False,0.1853598623691187,0.18317129012801253,0.19259692030007386,2.467233218509344
54,0.09764671677460067,0.00038573796192257543,0.038685535412487246,0.036813497297492996,0.0,0.0,0.0,0.0780197823430848,0.0,0.0,9,False,0.12017859778316702,0.09764671677460067,0.11890564602766374,1.2269054375225945
55,0.02991239108256758,0.014832265026587988,0.009254330797803623,0.019157305006264037,0.005890783236966277,0.018236493340777444,0.008877818740090759,0.00907700323166694,0.004811002231236703,0.0,8,False,0.026796058629322682,0.02991239108256758,0.03368440130795158,0.84264633622615
56,0.09330177846477868,0.006846238229227552,0.0,0.016323574429161773,0.0,0.06188719207748704,0.0,0.00920222192997129,0.019415992816296856,0.0,8,False,0.10084987939762054,0.09330177846477868,0.08966454653941755,1.8054435139764298
57,0.041741306207747984,0.06436686254277289,0.0,0.004229468851900717,0.0,0.0,0.028870936563392208,0.009889391364459184,0.04309467586169655,0.0,24,False,0.07647187289252538,0.06436686254277289,0.056912295229280575,0.9061414865815774
58,0.007260883404690496,0.056110527571252754,0.03045469099047689,0.0,0.02465556080027858,0.0,0.006567427764136407,0.005316614902787312,0.0,0.03702706038405655,9,False,0.06189541178177243,0.056110527571252754,0.07031853278291879,1.0508611764458533
59,0.0,0.027945592863927032,0.01058090012917429,0.04040227014975612,0.005954058291645925,0.032913851443713865,0.0022734083505917507,0.018129286539147266,0.0,0.007753573520889079,9,False,0.04603179293517643,0.04040227014975612,0.06248547149978418,0.7488080468814345
60,0.006292908573926728,0.0,0.0,0.006996822759233224,0.03273032568624892,0.0,0.05758306439739108,0.0,0.05112581765469548,0.036113294994407144,2,False,0.07467807159308636,0.05758306439739108,0.07730043013466609,0.7530732279144606
61,0.0663832221966214,0.0,0.021313311222152142,0.0,0.0,0.07537157531773993,0.015170256412379889,0.0,0.0,0.03946315553676461,8,False,0.09473811641129,0.07537157531773993,0.08759281546424834,1.1141588825297333
62,0.036731409343674595,0.006574431171442703,0.03886928171214849,0.007543312487268779,0.018556780905083958,0.023252057677760864,0.0,0.023885089894268,0.0,0.0,9,False,0.04803545316672979,0.03886928171214849,0.060426563036209045,0.45197776773929477
63,0.18630987129041307,0.005346254487877357,0.0,0.0,0.0,0.0847035947945867,0.006073885794216679,0.0,0.0,0.015944538089766598,8,False,0.19297203694531748,0.18630987129041307,0.17537134868925425,2.3648045983633703
64,0.0,0.004927070107135157,0.0,0.0,0.0,0.0856954890492445,0.06477744711421393,0.0,0.05037757610655021,0.02499730318807103,28,False,0.1054105219966579,0.0856954890492445,0.09761343786977687,1.1147135980091767
65,0.026300871286476988,0.03512656528130604,0.002720860467788366,0.02400204072147121,0.0,0.0,0.0,0.015877934991687555,0.010874725740526087,0.045380214224231295,9,False,0.05227982907077366,0.045380214224231295,0.06069833584507345,0.6175506557033253
66,0.019133428036490534,0.01079411839142436,0.0,0.044447522461823395,0.04650117326831205,0.010802792401942197,0.009305683208926767,0.006829760181912394,0.002329962554262817,0.0,9,False,0.05360059730832014,0.04650117326831205,0.06933031698827512,1.3155679580184325
67,0.06377782770314869,0.017083131146212235,0.0,0.0,0.005965201183625276,0.0763961965106703,0.0,0.0,0.06923291798445129,0.0,8,False,0.10665598241462541,0.0763961965106703,0.0999762182315543,0.9767288023157202
68,0.04887415531524775,0.017630680473534145,0.0005438530628489621,0.0,0.028099233082742116,0.08313605607283263,0.0,0.0,0.027843018526654603,0.0,8,False,0.08974232110367246,0.08313605607283263,0.08569225502549203,1.4610676536645153
69,0.0,0.0,0.0,0.0025526797068049114,0.0,0.0,0.14666757254805926,0.029955853817120806,0.05388544246599466,0.026015737434073004,28,False,0.14769617453844924,0.14666757254805926,0.1327871214567121,2.3572943718514856
70,0.0,0.030429996833422703,0.0,0.0,0.05573834586966834,0.0594515490181454,0.11946801857567406,0.0,0.0,0.0,22,False,0.13243143072807612,0.11946801857567406,0.1154243639625602,1.5648757530490656
71,0.04145715530589092,0.0,0.0005150271279213813,0.06658746437850263,0.06772316726888417,0.0,0.0126839445493594,0.020389054569422957,0.0,0.0,2,False,0.0901596279265469,0.06772316726888417,0.10112667173943352,1.0421564660406613
72,0.026289926041861096,0.0,0.218835641513378,0.0,0.0,0.11544835340790259,0.0009170406340426992,0.0,0.0,0.0,3,False,0.23596512929675645,0.218835641513378,0.2436000056737199,2.1774321187214256
73,0.010872034749127976,0.008447460391749005,0.014514025398781638,0.013059816472871643,0.027412158854713833,0.0,0.0,0.028443178800433993,0.02606376769835914,0.005388610869065285,2,False,0.033993431551076064,0.028443178800433993,0.06091965659838588,0.2981317322629154
74,0.0,0.02965921216637556,0.0,0.0010025272461265903,0.007323244752561473,0.04839598926237103,0.00644131568035597,0.04072998561778081,0.02100805467586805,0.004036806529256671,22,False,0.05711908037882242,0.04839598926237103,0.06286659008826875,0.9087561566571082
75,0.025864670512281328,0.05274152341064802,0.045628997416795714,0.0,0.0,0.021328649193978817,0.0005999618679073497,0.0,0.0,0.050792953845003486,9,False,0.07502476353643424,0.05274152341064802,0.07842561882146311,0.5409797586057211
76,0.0,0.05408335888740775,0.0,0.0,0.0308732858809708,0.03378870678677993,0.0,0.0,0.02947135298837953,0.05581145428557265,5,False,0.07695948346896114,0.05581145428557265,0.08488389173834231,0.49469085574041344
77,0.049298069237295856,0.00930054130859672,0.0,0.027601555767212297,0.024178979599935962,0.07786846395879858,0.0,0.0,0.0,0.006536190822232098,8,False,0.08410595751971851,0.07786846395879858,0.08340033628340036,1.4948464302860713
78,0.08032643805163808,0.0,0.0,0.0,0.02147193727664937,0.12721039259837152,0.0,0.0,0.04553191656824602,0.0,8,False,0.1437991879740197,0.12721039259837152,0.1369360631869729,1.6370396437625538
79,0.009397490925511471,0.06025881932515823,0.0,0.0,0.0334684752865506,0.0,0.0509203655891318,0.00018968944398625734,0.0,0.05532398841243156,2,False,0.08545211353842012,0.06025881932515823,0.07681650371472053,0.651916385488896
80,0.0,0.008577725327131946,0.07784092830918872,0.032503422185637704,0.0,0.04807912411112017,0.014001203076237064,0.012210440069746331,0.0,0.0,2,False,0.08355676988486295,0.07784092830918872,0.0976495727481557,1.5368926550162634
81,0.02030656771510507,0.02481701278973775,0.0,0.0,0.0035954321708017516,0.00913215373937887,0.0235009585065528,0.009620132460867804,0.020447369798198885,0.022519113601936022,22,False,0.031872194359811784,0.02481701278973775,0.026924764656933657,-0.26545228452053626
82,0.02509215796679145,0.008360132389411903,0.0,0.003382173265679031,0.017855817816012434,0.031555305610408216,0.014542385608743658,0.02243940907037062,0.0,0.012177395986929596,2,False,0.03436155293928445,0.031555305610408216,0.03864003045142318,0.2208359344844776
83,0.10648267515009753,0.01854983999810906,0.022141592941267132,0.0,0.0,0.07000040250555624,0.0,0.0,0.009809930454180773,0.0006281976537862272,8,False,0.11669335779615499,0.10648267515009753,0.10294100119975239,1.8053929832630284
84,0.17903104806810152,0.0,0.0,0.0,0.0,0.33278983406797596,0.0,0.0,0.0,0.0,8,False,0.3654651449709428,0.33278983406797596,0.35340780700776286,2.1990304216009435
85,0.0528490618506729,0.0,0.0,0.021812500209819816,0.021408703810849687,0.06254641606909042,0.010316835418184574,0.009503747801983826,0.0007263707173949604,0.0,8,False,0.07247902095114757,0.06254641606909042,0.06916212449293634,1.290068240963534
86,0.004220628641979526,0.03519306053221276,0.016640994641869886,0.0,0.0,0.0,0.02498985517791944,0.06066154000937301,0.045820863826708184,0.0,22,False,0.07201816383229205,0.06066154000937301,0.07418079930934453,0.8761506918418754
87,0.04028729071325419,0.0,0.028589349850270722,0.0,0.0,0.035750965552636585,0.01574044488152302,0.0006915173315228658,0.018854748417618875,0.023119113026451664,8,False,0.05095207931640562,0.04028729071325419,0.05275040043732137,0.23764244197972606
88,0.0430022476465931,0.0,0.0,0.019865181336442075,0.033238252224364814,0.0007605786730389988,0.06639267852323871,0.0,0.005979513102486252,0.011406024925522567,28,False,0.07287063082914723,0.06639267852323871,0.05975058951036386,1.2609537233751396
89,0.0,0.10716689243014267,0.0,0.0,0.052954450153817806,0.0,0.03418693215559594,0.022683824125155013,0.011451038824344522,0.0,9,False,0.11195750250766918,0.10716689243014267,0.10349256878622247,1.8731141233704929
90,0.03525682615121545,0.011684234042910942,0.014278924968091395,0.0,0.0,0.07426624692010891,0.017890507710726852,0.0,0.031815911208499366,0.0,8,False,0.07567957252398533,0.07426624692010891,0.06915803051309556,1.6377616547387934
91,0.0,0.00012791443127021116,0.04018009789360195,0.020139540245257704,0.05661185295790479,0.0,0.018915998697774772,0.00945142520636835,0.03015090037540122,0.0,22,False,0.0637936223138374,0.05661185295790479,0.0860579339686452,0.9259698758331449
92,0.05366934818471528,0.020307722809838512,0.0,0.02552317863252494,0.0,0.06456703267263302,0.0,0.0,0.04493051035560335,0.0,8,False,0.0833782453860643,0.06456703267263302,0.07865461611556286,0.7437184986173728
93,0.05458222761353998,0.0003944259548339556,0.03095635730333142,0.0,0.03822652299452529,0.041316254539753565,0.0,0.0,0.0030564972079237026,0.013572626047004963,8,False,0.0682453754462671,0.05458222761353998,0.07387359394160257,0.6442411162707629
94,0.0,0.0,0.00812986680175646,0.0,0.017294453051899486,0.0,0.05704299147274472,0.0696091793674907,0.07598490025131806,0.0,28,False,0.10332962216253548,0.07598490025131806,0.10508098706698464,1.0057341776648783
95,0.03165134938295607,0.02257093496315567,0.022447697927726374,0.0,0.0,0.002895472795826862,0.02095728619632956,0.0,0.03889507587964996,0.015935441246125975,28,False,0.046070009986006064,0.03889507587964996,0.0445886476399852,0.2181962874354379
96,0.0,0.056411657047288864,0.019045659262068245,0.005089382974611998,0.0,0.0029599695165668377,0.045043580863493006,0.0,0.010748378385292776,0.0334260684424785,28,False,0.06623394418841241,0.056411657047288864,0.05825524300555909,1.0190177104496232
97,0.049096083865116706,0.0,0.007277884464699016,0.0,0.0,0.04707871333627478,0.002986341823362099,0.016262644219356102,0.014587240082699895,0.029993623342526123,8,False,0.0609913479833451,0.049096083865116706,0.0611577732279795,0.9379294257437896
98,0.10912684943490966,0.09975313200225838,0.05138035113474296,0.0,0.016166342364378736,0.0,0.0,0.0,0.0,0.0,9,False,0.14223963660420194,0.10912684943490966,0.12709822731090395,1.3412112892372299
99,0.0,0.037201842722653526,0.0,0.0,0.011961609604281916,0.0918045493830694,0.05758483868879442,0.0,0.0,0.023960562192838344,22,False,0.10195580723673037,0.0918045493830694,0.0896364832974774,1.465332951647515
100,0.024479808570041357,0.05488326096463579,0.0020802148357945685,0.03295729007978009,0.07908944836379615,0.0,0.0,0.01017853453660922,0.0,0.0,9,False,0.08937178461736901,0.07908944836379615,0.09656990556817936,1.3357451411550083
101,0.018499232682548092,0.02970867478545783,0.02376741462500695,0.005435480688217293,0.0,0.0,0.06999549658319398,0.0,0.03966745283073032,0.0,28,False,0.07450276993322583,0.06999549658319398,0.05820136031290904,1.323072270537435
102,0.06567867618346622,0.018353089565014885,0.0,0.0,0.033561270070024345,0.04145693446157312,0.0,0.00556045378247147,0.02157148677995061,0.0,8,False,0.0725821612848014,0.06567867618346622,0.06636372418693832,1.1265833312522322
103,0.0,0.02356232800203809,0.00660471677653451,0.002508038517596268,0.005504761516629516,0.0,0.026192235304104167,0.015017055667034854,0.014103743836772684,0.056554786095350175,22,False,0.05425264508251992,0.056554786095350175,0.06325299891986201,1.7067341636672415
104,0.02325004641385302,0.0,0.0,0.029237602953658893,0.0,0.01961838362961732,0.047157938772794984,0.009127637981008614,0.05007174816972612,0.0,28,False,0.06344588900576052,0.05007174816972612,0.058863191767795205,0.6948395700715301
105,0.010334910179706877,0.07842074958171573,0.03507018805776469,0.0,0.023605835623735763,0.0,0.04232981643860526,0.0,0.0,0.005133408660905387,9,False,0.08345085363637565,0.07842074958171573,0.0728489819058841,1.4859246017737844
106,0.05065378497025403,0.023834489951357146,0.0,0.003653275362783589,0.03988616677405063,0.06443165502518151,0.011355109648155365,0.0,0.0,0.0,8,False,0.07837237149421832,0.06443165502518151,0.07039007591528364,0.9548310990726641
107,0.0,0.029986736729858528,0.02307642034443909,0.016568044841395037,0.039570476356254644,0.0,0.019818172262488953,0.001961242309383316,0.014173304251158045,0.001863572721353069,22,False,0.043961923844678674,0.039570476356254644,0.05981141064980439,0.4840009476785661
108,0.0,0.07321026143015616,0.0,0.021726454529681607,0.0,0.0,0.08367271043654564,0.08571118848194861,0.0,0.0,22,False,0.12606704252230885,0.08571118848194861,0.11107937222904207,0.9584885203499844
109,0.040848266425761136,0.05141173926668172,0.04358810616603489,0.0,0.1313129172689983,0.0,0.0,0.0,0.0,0.0,9,False,0.13824446630047088,0.1313129172689983,0.14491067173220465,1.8937844793575105
110,0.011774779317351006,0.07276501911865006,0.024617126025324877,0.0,0.058092736848800716,0.004445674389308746,0.02469289405708818,0.0,0.0,0.0,22,False,0.08435579912608515,0.07276501911865006,0.08182122112659301,1.3313383280147641
111,0.0,0.0370815555923422,0.018051683215460308,0.0,0.05384955950458065,0.01791378045178636,0.0065192810524681375,0.014732576453129009,0.0,0.011037685425825287,9,False,0.05585017028628892,0.05384955950458065,0.0701346230623685,1.3130971322731366
112,0.11414063738792257,0.0,0.0,0.0,0.0,0.07610413145731854,0.03718823928482178,0.037419281457157304,0.0,0.0,8,False,0.13155244544410705,0.11414063738792257,0.11125057867206334,1.4615066837151942
113,0.0,0.0,0.031740268061035214,0.0,0.0,0.0,0.2579420832738671,0.022866782313729364,0.02648572650487835,0.0,28,True,0.25096862190133146,0.2579420832738671,0.231683750975607,3.012292742479964
114,0.038720706586765095,0.023843651570713786,0.0022260808966981685,0.010575461759708553,0.0021174460784500254,0.05138493644041411,0.0,0.0044931168392500775,0.0033660462806246933,0.010210167520928124,8,False,0.05501379413477152,0.05138493644041411,0.05131284372374178,1.3687081001831982
115,0.0,0.005770523939774771,0.0,0.03224416425331465,0.062170271383419566,0.024824639181353653,0.0,0.0,0.06279431698521208,0.0075661211373455675,9,False,0.08153135670650011,0.06279431698521208,0.10101762237472275,1.0912677508719524
116,0.04987706696122735,0.0,0.017466480858167457,0.0354481761893493,0.019839161968116942,0.02374963603143162,0.0,0.006509077161512075,0.0,0.006494909593791741,8,False,0.05388758927110588,0.04987706696122735,0.06350296727855198,0.9670202183895876
117,0.0638377717030401,0.0,0.013936337446399678,0.0,0.024019925825569787,0.10867306419047916,0.0,0.004059945035926025,0.006549511030002595,0.0,8,False,0.11530014075638323,0.10867306419047916,0.11103876444652538,1.9471463969837848
118,0.0,0.0,0.026871527367789305,0.03035229881705751,0.047606115441558634,0.0,0.0,0.020640819832505587,0.08999887624702908,0.0,28,False,0.09553078911513302,0.08999887624702908,0.11599752305982924,1.5767727662345081
119,0.01206529960647581,0.0,0.0333137274955119,0.0,0.0,0.0,0.09735068249299918,0.04810556378732395,0.031080576590042732,0.0,22,False,0.10283171585221518,0.09735068249299918,0.09194695511252997,1.680997753525073
120,0.024836535951167308,0.00877965948922256,0.013986837569967188,0.015316218952331661,0.025650550570325652,0.06873526141606486,0.001310511966204482,0.0,0.0023180739732774516,0.0,8,False,0.06553669921721926,0.06873526141606486,0.07221471291003413,2.026759745148403
121,0.0,0.10799417817352183,0.0,0.04804213929428611,0.03749520263250039,0.0,0.0,0.021467043342990218,0.01255229232973853,0.0,9,False,0.11155293256996215,0.10799417817352183,0.11274841973518508,1.9289880432780901
122,0.033123151202384474,0.0,0.008697630172465344,0.0,0.0,0.0,0.06649204260478886,0.030896719418841572,0.04230158152145198,0.0072987336331705715,28,False,0.07493389792075845,0.06649204260478886,0.06132845661749857,1.0721326795790456
123,0.007186990682367776,0.06455302547269312,0.0038818269583482928,0.025739160557909806,0.0,0.0059798880596696165,0.019900050724581776,0.0,0.04840665854761922,0.0,22,False,0.07182160226029588,0.06455302547269312,0.0683405990473231,1.3541539380995868
124,0.01567495027429429,0.0,0.0,0.03580415020499295,0.0,0.002404480351977006,0.076106062803936,0.0,0.03510645358061562,0.0300344759206405,28,False,0.08097824969329305,0.076106062803936,0.07384166815859909,1.3743631606981912
125,0.0024957703788768587,0.056183673567628184,0.10620447071537782,0.0,0.0,0.011025536988145174,0.018170803438883793,0.02170300726673546,0.0,0.0,9,False,0.1097693923007227,0.10620447071537782,0.11525976089289412,2.027475168538451
126,0.0,0.02057576394892551,0.012855677787775029,0.0,0.009471020319401561,0.0,0.0,0.07748785360576835,0.014401745061704186,0.06124720814540951,9,False,0.08786662383882889,0.07748785360576835,0.10225251022692358,1.5690964948804342
127,0.0,0.13645004348807593,0.002852596630823564,0.03828613902944264,0.0,0.05440907910606202,0.0,0.021984842394050314,0.0,0.0,22,False,0.13948694307536338,0.13645004348807593,0.13209906141555403,2.1873953745986414
128,0.027062186332306292,0.02946861894461839,0.025152797387503464,0.03910165426048434,0.0,0.0,0.0,0.033677692597106276,0.015370372393313028,0.0,9,False,0.052308057713687975,0.03910165426048434,0.06374608883296044,-0.0214433211280212
129,0.0,0.05230580995664547,0.018244263680003005,0.0,0.0,0.0,6.505248190414623e-05,0.013569202015073712,0.06694430961071535,0.0639764294267214,22,False,0.09233255739783117,0.06694430961071535,0.10174841244630112,0.9167183820563485
130,0.0,0.029011288673241275,0.0,0.033021811729779374,0.00223198371854328,0.0,0.05004130693551149,0.0,0.037440307430229684,0.03367810377122745,28,False,0.06533532215010553,0.05004130693551149,0.06471204965385849,0.2816311245552388
131,0.07438584725814383,0.008873302041903395,0.003278701023905077,0.01023638144089521,0.012703619947267751,0.045426628453155135,0.0,0.00764706535429023,0.003762115398012374,0.0,8,False,0.07549067215014926,0.07438584725814383,0.06726326094277839,1.979227989212515
132,0.0,0.0,0.0,0.0,0.055666500017326294,0.02401972787511299,0.04561802518713322,0.0,0.062208478230183425,0.02133921296704644,22,False,0.08309590038972747,0.062208478230183425,0.08955926860635151,0.7129724706673897
133,0.0,0.04950074672595646,0.0,0.0,0.029173784949867578,0.07232457046681186,0.0033348658048419828,0.0,0.0,0.07841592719917266,22,False,0.10505930807618373,0.07841592719917266,0.1092745233111091,0.9778702756288231
134,0.0,0.018736296197053106,0.0,0.0,0.0,0.061988366129088146,0.12708224106136123,0.0,0.06638806626285644,0.0,28,False,0.14236213777837756,0.12708224106136123,0.12414377821661367,1.6014339377526812
135,0.0,0.0,0.002387662186983295,0.04820809133116047,0.03981407566920445,0.0,0.0,0.04490577100158603,0.006085911295104095,0.058620235967054346,9,False,0.08002715366209043,0.058620235967054346,0.10349435328887618,0.5955059058460161
136,0.0,0.048644338514663724,0.0,0.01572707857258417,0.006363922451736596,0.025896610810658787,0.016244980628213446,0.018469717405371514,0.003300784510778296,0.008561376592974476,22,False,0.046365856455660326,0.048644338514663724,0.04657849987531116,1.4728527320322728
137,0.03756561841895395,0.0,0.004009492512594117,0.01873523125324916,0.0,0.05978564889907736,0.052142820887187066,0.004673916473383393,0.0,0.004193742619730734,8,False,0.07408617781309777,0.05978564889907736,0.05807567252342308,1.0432804947113734
138,0.0,0.12948824868416772,0.0,0.08123198461538918,0.03289266751804606,0.0,0.030199360665259724,0.0,0.0,0.0,22,False,0.14451133382276143,0.12948824868416772,0.13932830548594344,1.7243125216565536
139,0.17067158755615766,0.04293861864817516,0.0,0.0,0.0,0.07261670761331031,0.0,0.0,0.012140643819677471,0.0,8,False,0.17727308333348146,0.17067158755615766,0.15721920865088046,2.228751350187724
140,0.03199141977254013,0.010229341836646788,0.027347772790243256,0.013830282520813943,0.02489999856972066,0.06294555966017033,0.0,0.0,0.0,0.0008030209681268233,8,False,0.06487771647245541,0.06294555966017033,0.07164515431348334,1.3444593851834807
141,0.024581952647377017,0.022227453599337872,0.0,0.043387551745903294,0.061536564993364296,0.05653100344366135,0.0,0.0,0.0,0.0,8,False,0.08245013274039625,0.061536564993364296,0.0911496007991141,0.7052437977963177
142,0.0,0.0,0.04529004975489468,0.0,0.014894666162975344,0.0,0.005732642382498052,0.14579133045607418,0.04309824972371666,0.0,9,False,0.1460216945230736,0.14579133045607418,0.1573705920003954,2.395327504840993
143,0.03356140818163537,0.015289399409871111,0.004485155309315623,0.001055989337756706,0.014629553050490482,0.04464014248065399,0.007989451109523621,0.0,0.0040121573046582384,0.011821020589012408,8,False,0.04536641330109253,0.04464014248065399,0.04400880500562174,1.3710914797889748
144,0.0674470227498648,0.010452283383891477,0.008380310145502841,0.0,0.0,0.08114165986522263,0.0,0.01840100203546397,0.015878486219193733,0.0,8,False,0.09417673588586375,0.08114165986522263,0.08558626783933117,1.6052442087366439
145,0.08832785276579157,0.0,0.0,0.0,0.0,0.12066367671603413,0.052794142136327736,0.01579130117365264,0.0,0.0,8,False,0.14438344653622384,0.12066367671603413,0.12508420190118993,1.4496528021367396
146,0.07052844849860891,0.0,0.03245305029813992,0.010952278368107108,0.014833360874205967,0.060968603530464634,0.0,0.006547583478238297,0.0,0.0,8,False,0.08486352857650717,0.07052844849860891,0.08266333338463783,1.2930129817554068
147,0.011579001100806735,0.017330244727851864,0.0,0.041099785164308934,0.0,0.00799809519356114,0.0018155724778672493,0.10024583191883218,0.01195987183708349,0.0,9,False,0.09768605899805616,0.10024583191883218,0.10679830462091676,2.3773039616908593
148,0.00983456832934653,0.037983379728942446,0.058543455421581195,0.007549432637750611,0.04581902267020312,0.026581569214788055,0.0,0.0,0.0,0.0,22,False,0.07143892549604268,0.058543455421581195,0.08523014700874418,0.8277585488582693
149,0.026573299400343475,0.07183527262063213,0.0,0.017696694533041055,0.0,0.015959523314432403,0.017911064804200526,0.00856633241537993,0.0,0.006925425523418176,22,False,0.06758049700352188,0.07183527262063213,0.05227248095985893,2.1836108775197265
150,0.060603228109893374,0.0,0.0,0.0,0.0,0.09878443108606247,0.0,0.0,0.08419934150141374,0.022305911402058266,8,False,0.1292297939064224,0.09878443108606247,0.12621880636773217,1.1244933465697504
151,0.13729122514491993,0.0,0.08218384126574645,0.007912668513368575,0.0,0.0017855042543873372,0.0,0.04476865363475453,0.0,0.0,22,False,0.15229660898206654,0.13729122514491993,0.14685658343200064,1.79365116261819
152,0.0,0.020913417319852825,0.036341778247827514,0.003343404473158913,0.018627601508842278,0.012984555655658252,0.00965969317230708,0.020799687304922144,0.012993818635729055,0.0,9,False,0.03558591445733483,0.036341778247827514,0.056727508003394635,0.6433814310357479
153,0.0,0.0649479617234288,0.01437554619439306,0.017982791076919736,0.059409539507986456,0.00593505368925878,0.0,0.0,0.0,0.029026987542266926,9,False,0.0795110149178746,0.0649479617234288,0.09044481167634331,1.2148500355043912
154,0.02562469937228892,0.0,0.018667002984809368,0.0,0.0,0.0,0.06742867954163857,0.02413584783078854,0.047210903548848174,0.005039210836888797,28,False,0.07500922857253665,0.06742867954163857,0.06470310914019364,1.210767898777775
155,0.0,0.0562260640665398,0.06044684361579438,0.0,0.05500313090433941,0.0046665281100019135,0.0017096196963680692,0.013206734281411886,0.003353879218215043,0.0,22,False,0.08460877741257859,0.06044684361579438,0.09711435015019391,0.968847078229657
156,0.04386785841984073,0.0,0.034874935170440914,0.012463464951598191,0.04009197563016241,0.08522629546041607,0.0,0.0,0.0,0.0,8,False,0.09400205008015447,0.08522629546041607,0.09861182377049336,1.3043606285514036
157,0.03257173664822152,0.08379448290294056,0.0,0.05944281412768066,0.0,0.0,0.02532751198465821,0.0,0.016153304162481313,0.0,22,False,0.0957731520147963,0.08379448290294056,0.08497793589093627,1.3213142152287063
158,0.0,0.09274241106045064,0.029679028174705017,0.06120190111065395,0.008432193249392485,0.0,0.0,0.006128610532961085,0.0,0.011169317664142687,138,False,0.10136083264039927,0.09274241106045064,0.1062126231127508,1.7054554666202526
159,0.0,0.03351816146708272,0.0,0.041664726784692914,0.05559538555926481,0.0,0.0,0.024793913788503548,0.0,0.04820368567461519,9,False,0.07624355388979132,0.05559538555926481,0.09497964428990445,0.40174664545487937
160,0.0,0.0,0.0,0.028708766005088048,0.10078028220742365,0.0033464294124900006,0.20725798196925757,0.0,0.0,0.0,28,False,0.21942210238542412,0.20725798196925757,0.20635713803713873,2.2490385591195303
161,0.0,0.03660060284723086,0.019107165004542424,0.006477423431222079,0.04711793820854045,0.0,0.0,0.0015099025569375287,0.03461479716042405,0.021904412420897162,9,False,0.05744882451121454,0.04711793820854045,0.07671116688044978,0.5702605746499628
162,0.0,0.031017866327100067,0.0,0.05063581467964343,0.0,0.032525042464841454,0.06927120895121344,0.024123004820961854,0.0,0.0,25,False,0.08254049402188236,0.06927120895121344,0.07187321546231709,0.8718272687881863
163,0.0,0.0220600553844111,0.011556888241692147,0.006398010454411918,0.007502002680211903,0.01060884638290418,0.035587317265608355,0.009261265590270155,0.03590583566916219,0.0,28,False,0.04115607737847481,0.03590583566916219,0.04375111131235717,0.9439616074872428
164,0.0,0.007785812231304755,0.0,0.10215031757830971,0.11514660487206962,0.0,0.004182610059155487,0.0,0.03539945477355544,0.0,49,False,0.14398391056607412,0.11514660487206962,0.1615803555018773,1.583346461687688
165,0.0,0.06205367984002536,0.0,0.025537777118596883,0.052267062647902665,0.0,0.0,0.04903592100008141,0.006427544389070369,0.0037034977145544786,36,False,0.08193731870157861,0.06205367984002536,0.09140354797131552,0.8246886950622346
166,0.0,0.09293702397021558,0.07750920778435384,0.0,0.018643057596933417,0.011136921279073304,0.0,0.03050901731907921,0.0,0.0,9,False,0.11150182916311366,0.09293702397021558,0.11538805550318106,1.484200732922389
167,0.0029865570688563424,0.009457279420916676,0.0,0.007467926945783421,0.01772782864317317,0.03865577147297617,0.040171157210372795,0.0006072949159691765,0.031172401864249053,0.0009181151054738111,25,False,0.05065609307599856,0.040171157210372795,0.049720296547820945,0.7542366877874795
168,0.0,0.01361947169553343,0.004402586636539663,0.024268762446187878,0.04252380570875296,0.06413550037925768,0.0,0.0,0.040682197556139305,0.0,49,False,0.07468518447074515,0.06413550037925768,0.08880257746669329,0.9676848742005483
169,0.06305427509809708,0.0,0.0,0.022883031863663816,0.0,0.10025145703456721,0.0338273768644963,0.0,0.009423595183756387,0.0,8,False,0.11042703583725316,0.10025145703456721,0.09734001194643215,1.6163133200601651
170,0.0,0.014814753296273136,0.0,0.06984888323391449,0.07901182584791287,0.02426352666864427,0.020873182635537117,0.0,0.0,0.0010667558855571397,22,False,0.09575583493748284,0.07901182584791287,0.10945062097456154,1.4089300038641415
171,0.018096061565834164,0.0,0.0,0.023824962006391903,0.026247256669251547,0.029380323671894637,0.04823185404930123,0.024992627137701107,0.0,0.0,8,False,0.05461409721671774,0.04823185404930123,0.05112001776338789,0.4171922920492026
172,0.0,0.008388223131758287,0.046019282722612735,0.02917894337404956,0.0,0.0,0.0,0.037583553278204944,0.005590036593583952,0.06474069205262432,135,False,0.07645038898898587,0.06474069205262432,0.09874512154007728,0.9482377533824895
173,0.0,0.08545219242923383,0.0,0.0,0.3093715160494457,0.0,0.0,0.0,0.0,0.022942002357831247,22,False,0.31013518566772097,0.3093715160494457,0.31797811941771187,2.780480680160333
174,0.03728377005193556,0.013534159274150985,0.011825327719471966,0.026807759619525414,0.012290321427081531,0.04853773181750367,0.0075557704441507325,0.0,0.0,0.0,8,False,0.05328323937911485,0.04853773181750367,0.05443337636886412,1.015680226718279
175,0.02714058750060351,0.04492360517068452,0.00451130740632293,0.018538600635152485,0.0,0.0,0.048435278090082114,0.0,0.0,0.03996046611497831,54,False,0.06626757515457261,0.048435278090082114,0.05025758837220269,0.4909093751308774
176,0.0,0.0,0.017005284177252333,0.08231188407153751,0.0,0.06496221568324786,0.02934777347794233,0.0,0.0,0.024494262474301306,49,False,0.09686768150636778,0.08231188407153751,0.10590451243376503,1.3143537032914425
177,0.008840912163944673,0.042483288992863286,0.010956103586739235,0.0,0.0030774621177218527,0.0,0.02977759949640579,0.01019722215077807,0.03828997179290333,0.004969042986499514,22,False,0.05022119656218538,0.042483288992863286,0.04518569169124543,0.9510446981706743
178,0.0,0.0076364131126614755,0.011696172624148191,0.020218388031063295,0.001128815925721956,0.024151724806610465,0.011775507896475905,0.024809492544874925,0.0,0.042949159695152915,49,False,0.043588632035473286,0.042949159695152915,0.0629666501996459,0.8898145911423156
179,0.0,0.0,0.0,0.03424820157336935,0.3025987555684083,0.0,0.0,0.07014421584502459,0.0,0.0,49,False,0.30086431117588014,0.3025987555684083,0.3137310638270634,2.8445307429660014
180,0.0,0.0921190875055891,0.0,0.1622192828756244,0.0,0.0,0.0,0.0,0.0,0.08627389721355458,49,False,0.19087158512482638,0.1622192828756244,0.19795466306769804,1.5145125042852563
181,0.02214596179080226,0.0,0.0,0.014719507362752921,0.012834383857554636,0.00788213946497647,0.03792866012152598,0.0,0.042662849434864564,0.01599916013643098,49,False,0.04863310512808507,0.042662849434864564,0.05006210035349748,0.8151985143702697
182,0.03951630953560153,0.01792834226545055,0.0,0.0,0.003655673849192722,0.0014786824856714267,0.03949289475001513,0.000682353498791498,0.03957251579136614,0.02091547254662758,28,False,0.05654436377191917,0.03957251579136614,0.04188191342287303,0.5004703603384513
183,0.003275473368747615,0.09364977299677453,0.0030849008819370124,0.046834061557198464,0.0,0.0,0.0,0.0,0.13307325687617919,0.0,49,False,0.155222733597719,0.13307325687617919,0.1569195481276785,1.6306957157468527
184,0.0,0.01925923647333401,0.0,0.0,0.13810243180872206,0.03384477233621898,0.0,0.00909277099882299,0.0,0.04421577896323303,126,False,0.13687980953254175,0.13810243180872206,0.15050673770314066,2.443587073805721
185,0.0158383772756416,0.0,0.0,0.0,0.03243808116528509,0.0,0.052947493333441335,0.015038298143323978,0.040752727045437004,0.01944257269293319,49,False,0.06198643534832552,0.052947493333441335,0.0614455933700011,0.7577470677861599
186,0.06824748253284796,0.006710706405856277,0.023792895275936424,0.009361554865238021,0.0,0.0507303710633253,0.0,0.0068787431521617586,0.0,0.00953788499811326,8,False,0.07458658838951723,0.06824748253284796,0.06971955220539884,1.5677923795276427
187,0.0,0.14098030011938342,0.10461940892946506,0.0,0.0,0.0,0.004016838405672435,0.0,0.0,0.05650071745459748,28,False,0.170019959157686,0.14098030011938342,0.17017027458606704,1.526501227438163
188,0.0435619021839965,0.0,0.0008816052598162724,0.013832783752991696,0.0,0.05164750939042977,0.0384485270970605,0.0,0.04868050048068682,0.0,8,False,0.07526122163503388,0.05164750939042977,0.06402693057712569,0.4576221206560899
189,0.06850332576102058,0.0,0.16552512214835335,0.0,0.0,0.0,0.10983975497598457,0.0,0.0,0.0,22,False,0.19564937878261962,0.16552512214835335,0.18835855656157094,1.573832272696083
190,0.0,0.08145763624396636,0.003978582547753346,0.017063867983070573,0.0,0.0,0.04653811883764158,0.0,0.009774306507255127,0.04255777724329798,25,False,0.08937249801455693,0.08145763624396636,0.07876279993419726,1.4352621262949963
191,0.030120154606551725,0.013561338291689318,0.0,0.0,0.013089483494583136,0.0,0.045283792438876605,0.014367321259249397,0.014815548398012943,0.019938338800861086,22,False,0.04596768700324416,0.045283792438876605,0.03124968710681907,0.9681658262537363
192,0.062476152669649114,0.015801567310279298,0.0,0.01107889790179952,0.010717281677764716,0.0025056489500125865,0.0010226825239499845,0.0,0.03322775110667335,0.022874170515590566,133,False,0.061895989455021186,0.062476152669649114,0.060276238232095034,1.6818749843889553
193,0.05692315995900597,0.0,0.0,0.0,0.0,0.06874220894463283,0.0414143106033665,0.0,0.08745140239186336,0.0,28,False,0.11505654564336826,0.08745140239186336,0.1038181212227058,0.8485044552688317
194,0.02969441940936787,0.026559252079100606,0.0003404191160613449,0.0,0.06250598582912173,0.01315531701715027,0.05782668012831397,0.0,0.0,0.0016874331437334946,22,False,0.07860477823483283,0.06250598582912173,0.06681727372737171,1.0315486732268326
195,0.0,0.05548259432556912,0.05909742590400562,0.0,0.0,0.08670053617666731,0.05148515087919374,0.0,0.0,0.0,22,False,0.11261977450803803,0.08670053617666731,0.10354794484117033,0.7803590234879563
196,0.0,0.016125135854672942,0.0,0.0018942167152213637,0.025427796903236103,0.00917390283005244,0.04097644062063338,0.0488622332315458,0.0,0.022733627375632948,22,False,0.057217817829133,0.0488622332315458,0.06021735071085996,0.7980616118527877
197,0.05496339887130239,0.06615219244136537,0.0,0.0,0.0,0.0,0.037633631656864154,0.002625368258104934,0.06923441317106133,0.0,121,False,0.10000747196898731,0.06923441317106133,0.08033083021360689,0.7155209202356703
198,0.05566502787007268,0.05763816415360414,0.019535324625183217,0.01741913859309253,0.057675597621187645,0.0,0.0,0.0,0.00014588482853382606,0.0,9,False,0.08526852691246227,0.057675597621187645,0.08355020163356101,0.7671290792965599
199,0.03648353710768739,0.03462224055766882,0.002032766505596271,0.0,0.033445504828422686,0.0,0.05647123663072868,0.0,0.0,0.02474918094896714,22,False,0.06854133896184447,0.05647123663072868,0.049650765508756675,0.5370185840417361
200,0.03458336649953851,0.07052903044029463,0.0,0.014212933571397825,0.021122068729211137,0.0,0.0,0.0,0.008727024293751415,0.03628646097626656,9,False,0.07417650001444215,0.07052903044029463,0.07106299508547109,1.4067078555712236
201,0.0,0.039366832051626464,0.0,0.0,0.034178249853794876,0.028837944983804743,0.0,0.023203484631187682,0.03084366955242472,0.01414855114313531,9,False,0.05317770026390495,0.039366832051626464,0.06551417500133501,0.024338500375335543
202,0.01257049927922202,0.001633923247758785,0.015089838305573538,0.0,0.010793344755776793,0.0004172810964128205,0.033757694142109856,0.03329551430475169,0.010974178233773628,0.01672878196056244,9,False,0.038056505433490886,0.033757694142109856,0.046171126239664434,0.7470730068919679
203,0.02589519071342214,0.0,0.035821141757272836,0.0027178374141060206,0.02390324456332389,0.0,0.0,0.02468238289394139,0.008391429980364316,0.037777668318961816,79,False,0.04955277260629175,0.037777668318961816,0.07133980563874218,0.22026657827559967
204,0.05491826369532735,0.08278358323695456,0.0,0.010096211378738796,0.0,0.0,0.028420922117490335,0.04362551181180295,0.0,0.0,22,False,0.09635930196461263,0.08278358323695456,0.07472375055231466,1.1652009658880855
205,0.0,0.0,0.05553376607728029,0.0,0.04043843497047395,0.0,0.3172515384388292,0.0,0.0,0.0,28,True,0.31321451123736205,0.3172515384388292,0.294847444369854,2.932697736970151
206,0.0,0.06400750010542486,0.04011993440615317,0.00664590125234708,0.002741117552550656,0.01744947462480974,0.07880866630850089,0.0,0.0,0.0,138,False,0.09527900660903028,0.07880866630850089,0.07841457656742463,1.2568096007982175
207,0.0,0.0,0.06532360012462676,0.0,0.016778484130814505,0.01928859002590744,0.0,0.046876346415257106,0.0,0.06733535244262137,22,False,0.0913243343648797,0.06733535244262137,0.11171154494492642,0.9323361581605561
208,0.0,0.03700109986903122,0.016131608658564386,0.004728094865275673,0.0030795045565442393,0.006556544197901273,0.02944203135833287,0.029470845694920814,0.017463242074287854,0.0,22,False,0.04320886535591796,0.03700109986903122,0.043656490940273344,0.5286045043677435
209,0.0,0.21907992230885398,0.019791099344895827,0.0,0.004611464038061821,0.0,0.03256832357112904,0.01933174049605448,0.0,1.4792216601525073e-05,22,False,0.21197978876026288,0.21907992230885398,0.1981009119198941,2.9968435673986025
210,0.0,0.01218978026403693,0.0,0.0,0.16024112314366865,0.0,0.0,0.0,0.03309803808556564,0.09447183522416593,22,False,0.1756308644020653,0.16024112314366865,0.19081468056465972,1.969000159007797
211,0.03137988187404519,0.018892087610564056,0.0,0.05407476192374617,0.016185539715310057,0.0020033143838351355,0.0076038199275855955,0.011305367589403736,0.0,0.007631880809855042,22,False,0.05285844061313262,0.05407476192374617,0.06244520660077792,1.5994033504888898
212,0.04442887075218867,0.003841825964606208,0.0,0.009239224914089869,0.021383807864578632,0.03227133500286052,0.016541914533076886,0.031196541258003002,0.0,0.0,22,False,0.05139593834944586,0.04442887075218867,0.04773182425503315,0.5905844401490381
213,0.03014633980698308,0.006900685568111577,0.0,0.009151005491431835,0.004367326008599466,0.054417858193003606,0.009916426240876217,0.011322975524791251,0.0008921467604102189,0.012638274106646204,8,False,0.051113065078285176,0.054417858193003606,0.050787006683259105,1.9725817018395582
214,0.02369958601650374,0.038065467211535066,0.00724582986857848,0.027321979750514442,0.0,0.0,0.016416363518335645,0.0,0.004614153191627309,0.04181190420457009,19,False,0.05162518627742482,0.04181190420457009,0.05368071309984917,0.538217127157409
215,0.0058061868926236005,0.011571357175897544,0.0,0.0006032677543707081,0.039419285113691346,0.0,0.0,0.048555773663140164,0.0,0.13895990084439344,135,False,0.13961036442116193,0.13895990084439344,0.1524517803809668,2.348108668700879
216,0.0,0.0,0.0,0.05728107851554473,0.03018037996342435,0.0,0.07894666657814488,0.0,0.0936150921809225,0.0,28,False,0.1224249753674606,0.0936150921809225,0.1233757410154147,1.0359098981182941
217,0.0,0.0022254301436077364,0.0,0.0,0.005392283799283907,0.0,0.11192526553978223,0.08035218147003122,0.06831763504685388,0.0,113,False,0.13899931919057598,0.11192526553978223,0.12915009990984427,1.2749894159632833
218,0.0,0.08146759732505718,0.0,0.01711383401360551,0.0,0.11685313462966095,0.002461476019789026,0.0369807178183231,0.0,0.0,22,False,0.13364357433025462,0.11685313462966095,0.12795619718909187,1.6462804027242832
219,0.0,0.04277828910184608,0.034693364201152585,0.028431457425298377,0.018691709138691868,0.0,0.06881059029652621,0.0015411643610608744,0.0,0.0,22,False,0.07765101631002405,0.06881059029652621,0.07026667000790696,1.0350680859948393
220,0.019689486332725006,0.022241946922566844,0.013423496771969492,0.013797353942520485,0.03883573869044408,0.0,0.041210731467740104,0.005952023170489498,0.0,0.0,71,False,0.048906925255496066,0.041210731467740104,0.04672174382313708,0.7049790643250401
221,0.0,0.09852820783048967,0.0,0.00860842297224463,0.0,0.0,0.0,0.009258137324318237,0.028135702085361737,0.10848470410226034,25,False,0.13552811907781678,0.10848470410226034,0.1373447797777555,1.6237137578296963
222,0.07878318275129619,0.0,0.03261113982960967,0.03573900048531189,0.0,0.074217304690421,0.0,0.0,0.005968317461725796,0.0,8,False,0.10268886359078597,0.07878318275129619,0.09933835142321007,1.122281954628724
223,0.00950993700285156,0.007717339707100596,0.010420097529881567,0.000566686495373842,0.0,0.017292932014727556,0.05903848607060627,0.021400073331411272,0.028217296909771785,0.0,28,False,0.05669573297430722,0.05903848607060627,0.045558218089625076,1.7562649290270118
224,0.05058500642596466,0.0013623754658594724,0.0,0.009144335926300375,0.0,0.0,0.0781881168054163,0.027968159486430652,0.038296252243846245,0.0,22,False,0.08885738790354844,0.0781881168054163,0.06818302059777134,1.2168555635168747
225,0.05145148778385286,0.0,0.0,0.0,0.048902418287102616,0.06463825938392677,0.0,0.0,0.0,0.08867967628004245,8,False,0.11405022944350938,0.08867967628004245,0.1187071294033031,0.8438992542601764
226,0.0,0.00495745500079944,0.05397835133887881,0.0,0.01785929419024019,0.0,0.015372849862824526,0.0,0.05951558435759942,0.03828841564400695,9,False,0.07551282156888764,0.05951558435759942,0.0941297683459242,0.9452481781084838
227,0.0,0.023319199459286424,0.017797382991212397,0.0032324323766500644,0.03468140925826356,0.03918959688162991,0.0037385251462040137,0.013918393706509881,0.0,0.008783369127848339,22,False,0.044735274936379715,0.03918959688162991,0.0617378812487306,0.7459753413643913
228,0.05261589353564806,0.0,0.029276134954043843,0.0,0.0,0.020945311656722233,0.06372282723751191,0.03564723178573782,0.0,0.00018366339288677038,113,False,0.07967287328142524,0.06372282723751191,0.06102842535840697,0.7711172536890166
229,0.06269815475160358,0.09483633789840966,0.0,0.0,0.006010753490605197,0.0025491685287555113,0.005073433706380018,0.05875898784661598,0.0,0.0,9,False,0.11334654238588214,0.09483633789840966,0.09757537869642954,1.3085492385923791
230,0.03731946582733291,0.053926881323630126,0.0,0.013376173382670383,0.005203580775174816,0.025295948286417323,0.0,0.024336950081951296,0.005148723832533723,0.0,19,False,0.05893536588575117,0.053926881323630126,0.05013958506764051,1.0335547844680635
231,0.039200609655438805,0.0,0.00392882005783737,0.009206493760285171,0.013998410121038356,0.033129542249533635,0.005783989563261246,0.02196363664853137,0.0,0.014111967015308164,8,False,0.04264902236929504,0.039200609655438805,0.048437579806881376,0.8788082446339823
232,0.010721095695100996,0.0,0.018839566258818392,0.022256543764418105,0.0,0.0,0.07304937323222419,0.012439609992659927,0.01819541341396231,0.00870747531593048,113,False,0.06766750592915263,0.07304937323222419,0.0606802465430125,2.339958957155639
233,0.06403316397752763,0.0,0.0212790024037806,0.02662474943066814,0.0,0.03132994386375905,0.0,0.024100336144381423,0.011164583338560343,0.0,19,False,0.0661688993202055,0.06403316397752763,0.06702073037616722,1.281316080896348
234,0.0,0.003386461280722959,0.01594790927275697,0.0,0.0,0.066480018634665,0.06184675950635977,0.0,0.09547752516037723,0.0,28,False,0.11731838220387145,0.09547752516037723,0.11325984989920296,1.202592830146994
235,0.15295955608268436,0.013370329064026151,0.0,0.0,0.015873051808272608,0.0577753045381747,0.0,0.016107716202852836,0.0,0.0,8,False,0.15265343249278926,0.15295955608268436,0.1364074743148763,2.5019801060630456
236,0.004043166764229827,0.06381863560012734,0.0,0.0,0.03581717537167612,0.0,0.003980886676406487,0.12936587900434734,0.0,0.005150556743277806,31,False,0.13530120413290073,0.12936587900434734,0.1380291514678565,2.0678407367967413
237,0.057231801279644334,0.017364782532650648,0.0,0.0015347435958246083,0.028009277755040914,0.0,0.0,0.07097976568118744,0.0,0.024347545521132503,19,False,0.08369863565275833,0.07097976568118744,0.08494450910225199,1.1841319448312178
238,0.01841383245990741,0.02159726222157582,0.01339058109917548,0.006567411434672676,0.0,0.0,0.05974305782379122,0.01950850498055627,0.0,0.018629063335757437,79,False,0.05628331879719866,0.05974305782379122,0.04021329712014913,1.8061981086283665
239,0.0,0.009628334807313552,0.023611622067578827,0.022292882324416327,0.0004972412965702362,0.022022569251405194,0.0681149556132007,0.02796246595137194,0.0,0.0,79,False,0.06761192342721015,0.0681149556132007,0.06115705360495737,1.6292447589108094
240,0.004212733266029387,0.013218085783901528,0.0,0.01983738965452394,0.06659955912229056,0.0,0.007726187790504593,0.0413957423939935,0.016861580542886383,0.0,9,False,0.06842570431055743,0.06659955912229056,0.08619984079248919,1.6438427163392881
241,0.0,0.04891201070937612,0.0,0.04203515471710771,0.003736258046707666,0.0,0.022812808782728216,0.0,0.05055892857097842,0.018713548616515023,135,False,0.06974776601206609,0.05055892857097842,0.07437294742145623,0.6182066832973362
242,0.021607858108376864,0.0,0.05482879112230365,0.01746089669039036,0.0,0.09148760606922599,0.0,0.003127347573581375,0.016465210908935508,0.0,8,False,0.09658825036794459,0.09148760606922599,0.10427891973237022,1.801201879210565
243,0.034576749760368036,0.06624712601063935,0.01848568873275969,0.0,0.016832476569329374,0.010527727880825974,0.020510693610115142,0.0,0.0,0.0020379986385077216,19,False,0.06603477951157659,0.06624712601063935,0.05082760787853127,1.6664978411860947
244,0.0,0.0,0.0,0.0,0.06452195775543955,0.028897256921960594,0.1452075948851262,0.017019986192587655,0.0,0.004156964773226477,22,False,0.14897739821223338,0.1452075948851262,0.13518696918500292,2.2524548815719583
245,0.0,0.034034916091368626,0.0,0.0,0.04792958688280808,0.0953930406213685,0.08278771772680818,0.0,0.0,0.0,22,False,0.12331404620342247,0.0953930406213685,0.10987826024299814,1.1142676917859362
246,0.0,0.016424912283300917,0.024590551594983454,0.0,0.0,0.0005616811721038881,0.06842110024184493,0.049369490103829974,0.02650962386065347,0.0020018668494849955,22,False,0.07708933178078461,0.06842110024184493,0.07064023499998272,1.2187560587612383
247,0.0,0.020987814163838017,0.0,0.0,0.00915464783750065,0.033068575765605256,0.024352092571340248,0.03988808133621381,0.02455652130678098,0.004241123042861436,22,False,0.04793686276478504,0.03988808133621381,0.05112380957442006,0.3372631972142204
248,0.0,0.43682159065779325,0.0,0.0,0.0,0.0,0.0,0.0,0.0,0.11497199156144623,9,True,0.4404495308931831,0.43682159065779325,0.4288702498054933,2.823669607052915
249,0.0,0.028564898740876928,0.0,0.06481964035198824,0.0,0.015025906873221978,0.0564138580478226,0.0,0.0,0.046783625559058094,180,False,0.0859208327568528,0.06481964035198824,0.08528418048452217,0.7539191836357235
250,0.0,0.0,0.0,0.109126726478231,0.0,0.0792814460898224,0.039814187885587576,0.0,0.0,0.035551899398567136,180,False,0.12949058667230837,0.109126726478231,0.1348704506320623,1.363357204657027
251,0.0,0.03577216293378924,0.0033413865008771193,0.035927417261808925,0.006081950710476332,0.012888430224374787,0.019118223585475,0.0,0.012670424757724211,0.014681913963956792,22,False,0.04143259718371418,0.035927417261808925,0.05082565205812888,0.8319305597925563
252,0.08635893319917548,0.0,0.030085757733549823,0.01864747194298639,0.0,0.06657277844338,0.0,0.0,0.0,0.019073231686677808,8,False,0.1004574830866055,0.08635893319917548,0.09516428595697352,1.404386284918246
253,0.002093610222583357,0.07119237955237884,0.0,0.02708844866609462,0.0,0.052655610138494575,0.0012780375851438781,0.017743153389836546,0.0,0.015479874098565228,180,False,0.07990364535874848,0.07119237955237884,0.07855272457351872,1.3709903452173344
254,0.0,0.0,0.05857545388700776,0.0,0.015375333408444833,0.4019294028713444,0.0,0.0,0.0,0.0,9,False,0.3958498778131292,0.4019294028713444,0.3944720090083961,3.0444962027149676
255,0.08274273724673382,0.0,0.0,0.009503392294212586,0.0,0.01536969612497805,0.04679488825825889,0.0,0.07538782961370775,0.0,28,False,0.10700475756415902,0.08274273724673382,0.09169561674979446,1.1943169647453158
256,0.0003500750870475967,0.0,0.05312312150097883,0.012850900382420297,0.042432194586387736,0.02409210196029798,0.025480751935508486,0.0,0.0,0.013597745874877304,22,False,0.061350503918240026,0.05312312150097883,0.07975831027391872,0.8759653067696406
257,0.0,0.12953184241551371,0.0,0.0,0.08484704460019413,0.011112124096213967,0.0,0.0,0.0,0.05924134763146686,190,False,0.1513799477249183,0.12953184241551371,0.1514948163266586,1.5098535367236863
258,0.0,0.49294867342493204,0.0,0.08874260104818574,0.0,0.0,0.0,0.0,0.0,0.0,138,True,0.49014265105450194,0.49294867342493204,0.4781780664125075,2.9908194425000527
259,0.0,0.12346839759027964,0.0,0.09945538291302455,0.02335868570813961,0.0,0.032550776435451574,0.0,0.0,0.0,22,False,0.14887691152597232,0.12346839759027964,0.1445589832213692,1.5934473172456431
260,0.020827838120499466,0.03855111921345091,0.016554263293539852,0.0,0.014147074874072695,0.0,0.014331378525827713,0.007352385197586816,0.010040323275946828,0.011251063837966561,19,False,0.03492710372770473,0.03855111921345091,0.03635911319940251,1.1738322881632024
261,0.06138250760612287,0.0,0.0,0.006133944914287191,0.0,0.0,0.025486915649407346,0.08877478023223381,0.031032614506979677,0.001613436657435797,31,False,0.10006560020549364,0.08877478023223381,0.09461283244245065,1.4736570318835156
262,0.0063411319114990775,0.0,0.0031720751696339756,0.04186152645763204,0.010447642943930685,0.0,0.05974171794511663,0.009593318377752815,0.0461675323614663,0.0,28,False,0.0718182387474445,0.05974171794511663,0.07284063481274264,1.0833681627427987
263,0.0,0.028299711920076322,0.0650052330467668,0.0,0.0,0.0620833890943845,0.10735333934053895,0.0,0.0,0.0,28,False,0.12708582619316006,0.10735333934053895,0.11302858950333755,1.2624587708044206
264,0.0,0.026250257963058948,0.0,0.0,0.02525290770422618,0.0,0.0343066656345463,0.05591135799954497,0.02858895100900458,0.007798649622421904,79,False,0.06281547506810446,0.05591135799954497,0.06613042162930699,0.7485902656827228
265,0.07073753039298612,0.0,0.0,0.0,0.0,0.04670001496504366,0.1721333372923405,0.010617923487018177,0.0,0.0,205,False,0.17867159703674507,0.1721333372923405,0.15037616542064264,2.22927942440209
266,0.11933122520514575,0.0,0.0,0.09180188884739657,0.032689182104354085,0.0,0.0,0.0,0.0,0.029161271316494226,19,False,0.141869021026047,0.11933122520514575,0.1408083571134003,1.5482466662924108
267,0.0,0.020088363732215748,0.016741214065569256,0.009102363491075939,0.0,0.016208647602423572,0.01774905098755936,0.01768116041591478,0.020587716547720177,0.009308186828367182,28,False,0.02486359728451761,0.020587716547720177,0.041584648435349786,-0.8905291097191267
268,0.011990985120090381,0.019994392670888463,0.0,0.016835521157566688,0.012406899886714805,0.04903925119129952,0.008587937964420127,0.0,0.03757312206335661,0.0,19,False,0.052370827148890915,0.04903925119129952,0.0585107834958791,1.129792276807539
269,0.023890008009356305,0.0,0.05349190254902619,0.0,0.0,0.039443482935399767,0.03998118917952619,0.018745483880525222,0.006190850317543557,0.0,79,False,0.0658882494184477,0.05349190254902619,0.06464894976495654,0.6485309920625928
270,0.057151650558762,0.002998711401273841,0.0,0.010812524126746027,0.030097153895496987,0.05094110539933725,0.0,0.0,0.04121120485832154,0.0,8,False,0.07567803778271372,0.057151650558762,0.07589781357994112,0.705179674113822
271,0.02724914598897244,0.02201349636620825,0.04267189665517073,0.002530807637357602,0.01886164103858861,0.0,0.0,0.08546313953621082,0.0,0.0,19,False,0.08796768104505494,0.08546313953621082,0.0969296046420613,1.7378052710652436
272,0.05627234441495747,0.03259080842078091,0.0,0.0,0.001847774986967007,0.0,0.0,0.0,0.1057393457470936,0.04583504466466861,79,False,0.1169106753278943,0.1057393457470936,0.11644739034427831,1.5007349932918554
273,0.0,0.034603237631139656,0.0,0.06016426804564787,0.0,0.026944525003276373,0.0,0.015006947818707036,0.0,0.07954981387354047,180,False,0.09365434402300819,0.07954981387354047,0.10635305159968078,1.1914127917712336
274,0.028726829965650357,0.05955729012810082,0.003411636497743012,0.0,0.0,0.0479404120702759,0.09554544297714915,0.0,0.0,0.0,79,False,0.1100341918735264,0.09554544297714915,0.07901726029331597,1.3024677639471403
275,0.06382740504940677,0.014160703092114056,0.0,0.0,0.0,0.02911050009645366,0.03567134462811558,0.008305021147708478,0.0,0.03159218707723493,8,False,0.06933992810505134,0.06382740504940677,0.04767340197460204,1.104892726357173
276,0.0070665917983197485,0.005774196408185141,0.0,0.05645604190647021,0.0,0.014953071749958788,0.020832401371441628,0.020568905376279367,0.0,0.03698248726017508,274,False,0.058874921215408035,0.05645604190647021,0.0725436848084608,1.3017005660138654
277,0.01628399289593682,0.11675381515988527,0.0,0.0054289051360422395,0.0,0.0,0.010418896001299267,0.030602156953416393,0.0,0.03240354856319423,248,False,0.11306327369830994,0.11675381515988527,0.10316499693708517,2.5186008629375447
278,0.0,0.05959556966692127,0.05017719833826216,0.042004231331810596,0.019667461529083288,0.0,0.0,0.0,0.0,0.03485137180023426,248,False,0.07943078189724892,0.05959556966692127,0.09391847924660528,0.5402878145757926
279,0.09061655545032693,0.032649242088553,0.0,0.0,0.006523642941408464,0.06326434502796023,0.034592292159765545,0.0,0.0,0.0,8,False,0.10471854431374222,0.09061655545032693,0.0789880499736774,1.3224971772118823
280,0.023075823703877327,0.08343140202020093,0.0,0.0,0.008862996657981534,0.0,0.02730855038658311,0.019454696947860197,0.009920495820000508,0.00369293323606328,248,False,0.07932971301931684,0.08343140202020093,0.06234762785395861,2.3117865340227497
281,0.01875570900151536,0.01050491178341051,0.023137635775503245,0.000627372317309145,0.0,0.0,0.05766428912416704,0.0,0.025056441583260026,0.03421422428291631,28,False,0.061010413438707764,0.05766428912416704,0.05402194092261552,1.0963427407004573
282,0.03711039901528943,0.009439633356853189,0.013903031137654242,0.02296856163312677,0.0,0.0,0.016043747361793113,0.023160696726648083,0.026207202047799576,0.0,19,False,0.04112309821935659,0.03711039901528943,0.04523339993575507,0.23554361487736644
283,0.025190300481626918,0.009930328013252252,0.0,0.006546617424533407,0.027505470682034898,0.05852267204259184,0.0038387267545566006,0.006714327966198497,0.000933100715884694,0.006164728376519827,8,False,0.056118107949625136,0.05852267204259184,0.0610542666136914,1.8790229770018592
284,0.06289464349104794,0.0,0.011669745049666936,0.0,0.0,0.04122629634774304,0.006245941668623521,0.0,0.09929133526837036,0.0019365471186231704,8,False,0.11057923730297248,0.09929133526837036,0.10854945907742679,1.5941434043370326
285,0.0,0.046614766682905456,0.0170996078112609,0.0,0.009810270800581708,0.022405475736111638,0.028412046137880682,0.011294886928925595,0.016838296971719156,0.0,22,False,0.04724849073082927,0.046614766682905456,0.043079424898112756,0.9816587931854769
286,0.004970142862613868,0.12230153375956722,0.0,0.0,0.09434799374735577,0.0,0.0,0.0,0.0,0.07432341609524996,248,False,0.1564896797074502,0.12230153375956722,0.15809976797711134,1.2477553294245785
287,0.029377309117704725,0.032968062195532624,0.017281021000849408,0.01807853432234082,0.024424892013696062,0.0028166827968525597,0.0,0.0,0.029501493086608155,0.0,9,False,0.04428627057596787,0.032968062195532624,0.05456183343005961,-0.0803296129839471
288,0.11250669058691075,0.0,0.0,0.0,0.013499791908511203,0.13387405668559954,0.0,0.03330741305676222,0.0,0.0,8,False,0.16434076664549546,0.13387405668559954,0.15319227272954433,1.6511541257176847
289,0.009495983379132635,0.036542087500616875,0.01750978143701666,0.05289677584335023,0.0,0.0,0.03505427788895423,0.0,0.02619458639676574,0.0,28,False,0.062379869394943104,0.05289677584335023,0.06398446819177257,0.6507938961760702
290,0.03092400561725576,0.0,0.0,0.0313064316180644,0.0,0.024416865842666478,0.1031366919204612,0.028833245131771823,0.0,0.0,113,False,0.10309587074258579,0.1031366919204612,0.08316928657140125,2.0604286996079884
291,0.0,0.0,0.05318593203691047,0.0,0.0,0.0,0.038493837328063475,0.01908017607842708,0.08809064795143247,0.019112809325953474,28,False,0.09716257345539887,0.08809064795143247,0.10646773964442804,1.4287346206228932
292,0.011073614414084401,0.0,0.0,0.035580838554544754,0.0,0.0,0.026116318327008028,0.0070969831390242264,0.02796592585330929,0.08588458952901824,265,False,0.08605196448734084,0.08588458952901824,0.097119196458735,1.9056855932562136
293,0.04313111228668678,0.03577343122591454,0.03564184739735617,0.0,0.0,0.0,0.0,0.10694939574916368,0.0,0.007631657968231678,22,False,0.11101458947618864,0.10694939574916368,0.11219620880269378,1.8482660025512032
294,0.014630031429427287,0.05908180955320269,0.0,0.04601052985652703,0.0,0.0,0.047418698155666565,0.010553444860093537,0.010198752244159622,0.0,221,False,0.07434866680670726,0.05908180955320269,0.06147000153637336,0.9292144496583027
295,0.0,0.09315303638697517,0.0,0.01716346198927346,0.017468182913263824,0.0,0.04508011394315731,0.0,0.018240806417279976,0.007095403140090263,248,False,0.0934263259026166,0.09315303638697517,0.08090046027711478,2.067811293086012
296,0.0,0.06133671534378441,0.0,0.0,0.01404726628939557,0.0,0.03648266646669695,0.025817749393085034,0.031966827233591684,0.010679207545837385,248,False,0.06698040271120778,0.06133671534378441,0.05932451573645751,1.051370593102334
297,0.023210160598189356,0.011385353411275804,0.0,0.0,0.01866185638387942,0.0808122861563607,0.003815246265392728,0.01886801701454483,0.01462576088215329,0.0,8,False,0.07552566280461369,0.0808122861563607,0.07648271045932649,2.411124634992042
298,0.039709127023650787,0.06542290086969828,0.0,0.00824557739789271,0.002622236503967199,0.028501644223911497,0.0,0.05480855122510591,0.0,0.0,31,False,0.0822311173709268,0.06542290086969828,0.0724572837626058,0.9097514988158663
299,0.020517598950123842,0.009903524294786262,0.0,0.010605131038646904,0.0,0.02583746012494539,0.03135803207280262,0.04216327815869918,0.0,0.012343953422817805,8,False,0.046453811852264305,0.04216327815869918,0.04174148139056892,0.6422532206069596
300,0.010859396783628567,0.0707668537454436,0.0,0.0,0.0,0.07291689204410526,0.04546412704158796,0.0,0.0,0.02146714447660352,113,False,0.09767847301586276,0.07291689204410526,0.07924119919699177,1.0494446238102868
301,0.01084885361955733,0.16117829342361586,0.0589884740480634,0.0,0.0,0.0,0.019235730386954294,0.0,0.0,0.012724661183592995,248,False,0.16077372309817295,0.16117829342361586,0.1511443410328655,2.53898429221136
302,0.04410864480738339,0.011692768870156467,0.009210787129406331,0.0,0.004141344041243555,0.056114184297607145,0.0,0.01360292579309023,0.006705961314682029,0.007415680832335146,8,False,0.05965098731594573,0.056114184297607145,0.05722129869284448,1.6378806731446363
303,0.051126150227144736,0.01737395137710312,0.0,0.022870346148646872,0.0,0.058630592652560945,0.0030248546631209796,0.0,0.0,0.03752477029697154,8,False,0.07404445540021544,0.058630592652560945,0.07044619658099417,0.8189210059258756
304,0.0,0.0,0.01430024108956778,0.01624806440367914,0.0,0.022331285422870044,0.0348967312305242,0.03235385912337711,0.03453590902330076,0.0026004982743398635,28,False,0.047811051896624324,0.0348967312305242,0.05695917418688934,0.20131364783772704
305,0.0,0.0,0.02405044620442047,0.010358614394790496,0.008287530679308295,0.0,0.09300182678570824,0.0,0.06218976189138868,0.009557804073404551,28,False,0.10106308043634843,0.09300182678570824,0.09509438231476736,1.7758194965493708
306,0.052332813817358624,0.0,0.0,0.0,0.007313287830852002,0.05118726163280302,0.010536495676382013,0.02040576451345701,0.045785887817117066,0.0,8,False,0.07269713610840217,0.052332813817358624,0.06794961994569844,0.7812428169389235
307,0.0,0.09411584361826045,0.008261276655798365,0.009488140043892677,0.008259949360885997,0.032605074572427555,0.0,0.0,0.0,0.054506035850066914,248,False,0.09986773606542365,0.09411584361826045,0.09901043680326012,1.785614066531397
308,0.018790107157971005,0.02738782870692831,0.005937026864835103,0.022785391785777542,0.000568216968553251,0.0,0.00280075145988148,0.067877988298209,0.0,0.01746003281617715,31,False,0.0656191884631602,0.067877988298209,0.07407451772832122,1.8779059098447834
309,0.0,0.13142113548195528,0.0,0.0,0.0,0.02209657924741566,0.08853121997459248,0.0,0.0,0.03659122278621527,248,False,0.1495448595277695,0.13142113548195528,0.12797630564141854,1.7014777073644098
310,0.059812213573491216,0.0,0.0,0.005936850153408551,0.030192691339482793,0.06059615946415829,0.0,0.010396038869358894,0.024492063389661207,0.0,8,False,0.07794651173655637,0.06059615946415829,0.07652097610690715,1.077414470513024
311,0.008667735061128702,0.060538581633395594,0.0,0.0,0.08338438600540397,0.0,0.13845088484657345,0.0,0.0,0.0,113,False,0.1582429179794171,0.13845088484657345,0.14072226975107585,1.6085018861321834
312,0.004014548491222689,0.09462843765743204,0.0,0.035839339048316286,0.0,0.005522597131250504,0.023227503372279714,0.0,0.015333661342349147,0.007949561213549524,248,False,0.09161405873008922,0.09462843765743204,0.0834877269358535,2.3430370016364046
313,0.06622350643185747,0.0,0.0,0.015845057608007466,0.0,0.054432142026652384,0.0,0.051571436610464795,0.024455686926946194,0.0,8,False,0.08721590362656588,0.06622350643185747,0.0834119726553576,0.7964108134561928
314,0.07348704489678191,0.0,0.0,0.0,0.02455845008875098,0.022934003224184464,0.027076941767940572,0.06564520682157762,0.0,0.0,31,False,0.0910925505213113,0.07348704489678191,0.08072800099969571,1.1498559688558598
315,0.015705353251902546,0.0,0.05007178591163384,0.0,0.0,0.011048549596699982,0.25609373356533605,0.0,0.0,0.0015794753615898148,113,False,0.2505442664948576,0.25609373356533605,0.23015155794263084,2.956085100365963
316,0.045859553700858334,0.0077777286370688875,0.010616478212603832,0.01152737433271371,0.016398022011031663,0.028093259904146753,0.00273988402850605,0.0,0.01939031724243306,0.0,8,False,0.0447520623080079,0.045859553700858334,0.04815594323312864,1.2904384497907568
317,0.002657673699915026,0.10367862649675064,0.0,0.004441144949282932,0.017422533337743445,0.024782168318745156,0.017694581235603996,0.0,0.0,0.018871847043542608,248,False,0.0978366927026791,0.10367862649675064,0.08833868144517834,2.650632747843591
318,0.03411358049547419,0.004461916194908784,0.0,0.0,0.04614289360842273,0.07410909574961655,0.014140408204210773,0.02032093765200035,0.0,0.0,8,False,0.08094494911284564,0.07410909574961655,0.08041909152869506,1.35356876820796
319,0.05630330624477516,0.02699957686590627,0.0,0.0,0.03785274145751577,0.0,0.0,0.16308959907479964,0.0,0.0,31,False,0.16506114725882468,0.16308959907479964,0.16528936012551063,2.3688958126228585
320,0.038925267092509645,0.0,0.01992074530599987,0.0,0.0,0.039455443669478577,0.014545673265921587,0.022805947007368647,0.0,0.036598937460614725,8,False,0.055631594654432716,0.039455443669478577,0.0574409886987444,0.2358220611038291
321,0.0,0.025989523909735072,0.030951565138368463,0.009720396385511886,0.0,0.0,0.046592626869793936,0.020217973975360966,0.0,0.04252731461276127,113,False,0.05996803035033911,0.046592626869793936,0.06227766874976966,0.46471659929838605
322,0.0,0.023811815902427213,0.0,0.03600719593454332,0.002010762998936719,0.018457054289355387,0.032993443993586606,0.0,0.03877554601409167,0.00934688296302545,28,False,0.051571767964379775,0.03877554601409167,0.055892652108233534,0.3074454181090794
323,0.007909606818303303,0.008668682026656362,0.0,0.021762938526720302,0.012244066151955535,0.02514578330085133,0.022586215684145403,0.01721489828671025,0.014331873818336243,0.0,113,False,0.028428369140485733,0.02514578330085133,0.04007558735694056,-0.22475189407914734
324,0.05317911854251881,0.0,0.0,0.04767831996392717,0.0051696747744168,0.06819150167372295,0.005709287694910872,0.0,0.020290593998367808,0.0,8,False,0.08495870478747342,0.06819150167372295,0.08427719351493386,1.00344867983883
325,0.0,0.1686998846669973,0.0,0.053934553623938196,0.01945922215114998,0.018799933469707004,0.0064676626404538235,0.0,0.0,0.0,258,False,0.1667191996005579,0.1686998846669973,0.1592708355095003,2.634868094254029
326,0.0,0.08904367409984446,0.0,0.01025052079526232,0.0,0.01917113092280602,0.009697204062842654,0.008180766184363029,0.007880054233135434,0.03393029725720904,248,False,0.08492720066152469,0.08904367409984446,0.08033076409544726,2.417155787689898
327,0.026868210292635076,0.06032750053431135,0.0,0.000527074388617265,0.0,0.00729217248745568,0.0,0.139494650642509,0.0,0.011799614154173443,31,False,0.14172708151272115,0.139494650642509,0.14017230209067613,2.308373471299803
328,0.0,0.06122729122869471,0.0008980656925827819,0.0,0.006439616678160918,0.0,0.09652173721868615,0.047982118891453866,0.0,0.012682330805033476,19,False,0.1097980153260341,0.09652173721868615,0.08987401611576644,1.4591690020649892
329,0.0,0.20528571224917436,0.0,0.0,0.0,0.0,0.0884645649264416,0.0,0.0,0.062242966685874104,248,False,0.21845485786748817,0.20528571224917436,0.20001136620364698,2.126416333280892
330,0.0,0.0,0.042270375434671194,0.0,0.0,0.027479974258679957,0.07116060981805834,0.021562316747199026,0.0,0.04623831271528993,113,False,0.08387162393270577,0.07116060981805834,0.0821261032295138,0.9056921609761139
331,0.0,0.0,0.12218903960334232,0.0,0.0,0.21568539481042034,0.0,0.034605335780798795,0.0,0.0,8,False,0.23706177421576147,0.21568539481042034,0.24115908581815196,2.065335595270057
332,0.05994044729014854,0.0,0.0,0.02925087706461318,0.004320255542666241,0.05732420370614105,0.010039195390187177,0.0,0.03196749768935791,0.0,8,False,0.07758258044064054,0.05994044729014854,0.07282996818264029,0.936125592363237
333,0.010506781187488474,0.009256625391029108,0.0,0.0,0.0,0.0,0.06004932247348629,0.020471893020810206,0.06055109144310656,0.027917424432618684,113,False,0.0767583975918172,0.06055109144310656,0.07121939179509135,1.1780506919174176
334,0.07350671922994965,0.024626401099568148,0.0,0.0,0.006719587008466806,0.1267131000611112,0.017958636851368302,0.0,0.0,0.0,8,False,0.1358053155523709,0.1267131000611112,0.12130046193403056,1.9703764486020598
335,0.07502247942593243,0.0,0.023072171439909403,0.0,0.012201224746536501,0.036728460227736126,0.0,0.009635141495859737,0.0,0.030254358405963577,8,False,0.0769963156881282,0.07502247942593243,0.0747874646633089,1.6036634811670483
336,0.0,0.08866786623066866,0.005931793591142005,0.0,0.0013633743028919252,0.007748531904993729,0.012562326476254278,0.004293026220332246,0.030816157684428577,0.02164206657713858,248,False,0.08421893548548619,0.08866786623066866,0.07922704989234855,2.449014237333396
337,0.05883674515788791,0.0,0.0,0.053843635580915344,0.0,0.06213037479543221,0.004768290601225861,0.042883101227595324,0.0,0.0,8,False,0.09291682928543316,0.06213037479543221,0.09180908626894431,0.5749692740729185
338,0.053945179470777184,0.0,0.0,0.03725230423340423,0.0,0.04880557025493912,0.0,0.0,0.028542475834526182,0.03417522004605847,8,False,0.07488660655891137,0.053945179470777184,0.07808923244381699,0.34065008483452724
339,0.06965758936018154,0.037338228559318794,0.01194229983061431,0.0,0.01648176117429943,0.0376805442740203,0.0,0.0,0.0,0.01233539447017047,8,False,0.07432266857574182,0.06965758936018154,0.062464992256289126,1.3687091671468732
340,0.009891732900040761,0.0,0.0,0.0,0.006897849689401655,0.02493811795300527,0.1446835259985764,0.0,0.0779518377525007,0.0,113,False,0.1532641081781503,0.1446835259985764,0.13630039327636226,2.1090534459609405
341,0.028144434000489424,0.021584519994300607,0.0021695953928371377,0.0,0.0,0.01966807605167442,0.04950730799782328,0.004819005189820179,0.0,0.04267405420130751,113,False,0.05977852816820825,0.04950730799782328,0.04259386965040331,0.7440174780726595
342,0.008707276072152808,0.029643613489378582,0.04125770791914232,0.019195328985120157,0.0,0.012754859648531236,0.06801966402053838,0.0003649494578501589,0.0,0.0,205,False,0.07222081368460045,0.06801966402053838,0.061070480773908135,1.3983723237344798
343,0.0,0.012603855146260322,0.016642553245401023,0.0,0.018101346034713854,0.019891549640045435,0.045496454723751266,0.014043401112169824,0.0029074363728515237,0.00949142679739274,113,False,0.04172875067759794,0.045496454723751266,0.04241836698047542,1.4806701782178964
344,0.0,0.015785774104692292,0.0673260767717143,0.0,0.0,0.048028837290126136,0.07375799271236701,0.015412429686082666,0.0,0.0,113,False,0.09674876100231428,0.07375799271236701,0.09046075791933215,1.0383741770280561
345,0.0,0.002686115755430746,0.08384519888381563,0.0,0.017439085236245898,0.05120836959944422,0.03473962675027927,0.012967836502382113,0.0,0.0,265,False,0.0909996329683685,0.08384519888381563,0.09945314956863313,1.5276133337308877
346,0.08890918421533966,0.0,0.0542961097641587,0.0,0.0,0.051251688131239176,0.0,0.0,0.0,0.05876743470796184,8,False,0.1134405974748068,0.08890918421533966,0.11166277595125601,0.8299526015429157
347,0.010425120801905923,0.0,0.013404364587999762,0.03829713905009716,0.0,0.04565011568743707,0.03793996980470025,0.03167760028460965,0.0,0.0,31,False,0.061106378715149616,0.04565011568743707,0.06337525712649418,0.39692039860119094
348,0.0677499285447043,0.015363732666157702,0.005147624564805155,0.02080893745339369,0.0,0.0,0.0,0.07543528496759513,0.015651632002947023,0.0,31,False,0.09065274410824548,0.07543528496759513,0.08851119557870638,1.4896129555926503
349,0.01689958879241813,0.012537292479170617,0.00915264738257891,0.0,0.007888049488394966,0.005910655613136854,0.02748632145972574,0.024829367245853683,0.03003400510236458,0.0,28,False,0.03468409129719617,0.03003400510236458,0.03681387438271868,0.33878607859556
350,0.033465725941690734,0.011870456005897994,0.041367353153252275,0.01652809012025357,0.0,0.06943245399783646,0.012692346262026847,0.0,0.0,0.0,8,False,0.07429758421845983,0.06943245399783646,0.07439708268835002,1.3691841151245348
351,0.001179142596161659,0.0,0.0,0.030591442609500513,0.0,0.0,0.19071997777117036,0.0,0.015778860456101163,0.05217950649958263,113,False,0.18834551068823208,0.19071997777117036,0.17215295592481403,2.699941577281366
352,0.011012170027333505,0.03371454482109707,0.0,0.005769465725240075,0.01781638711407227,0.0,0.016639023750166314,0.11308362800638719,0.0013497859363618633,0.0,31,False,0.10810890182896253,0.11308362800638719,0.11036499865858265,2.632418832886482
353,0.0,0.0,0.029449077043103702,0.018612108870314472,0.03362274006482956,0.0,0.12079955150662992,0.0,0.0108919738513726,0.0032119988034667217,113,False,0.11719164670256683,0.12079955150662992,0.10766322132068586,2.5292141735903937
354,0.0,0.13555390449115098,0.05351302756779989,0.11397697233817945,0.0,0.0,0.003955146327829697,0.0,0.0,0.0,113,False,0.17060163402975265,0.13555390449115098,0.17210803035613584,1.4859734714107506
355,0.03742274436393702,0.008806335315526288,0.014855681228620861,0.0,0.0033802311622952736,0.032849609072894484,0.0018977607959235199,0.002995433806621564,0.01311107992316296,0.019221771795308838,8,False,0.040649298632105375,0.03742274436393702,0.045910704666272305,0.9380645896191083
356,0.09059793957246419,0.0,0.0,0.0,0.0,0.02490859182410178,0.12023870522276411,0.03780146632099063,0.0,0.0,113,False,0.14228066499806963,0.12023870522276411,0.11359851210638854,1.5460874704313148
357,0.0,0.0,0.07238091175036337,0.0,0.05235763050139313,0.0,0.1324739313707953,0.0,0.01909244366555182,0.0,113,False,0.14617825901866763,0.1324739313707953,0.13958337441905758,1.7173888508552442
358,0.0,0.0,0.00459316503923069,0.0192212229526575,0.02491976552044013,0.0,0.10081188863858083,0.10126247066131067,0.0,0.0,113,False,0.13195643936365184,0.10126247066131067,0.12567836212478517,1.5880879908922547
359,0.0,0.0,0.0,0.03779499256086734,0.07537583668164491,0.019361645186631138,0.0,0.03908552914881742,0.03771259966777463,0.0,113,False,0.08513611583868037,0.07537583668164491,0.1060666262445567,1.0432053328746542
360,0.08447431248991706,0.005372522585241975,0.0,0.0,0.023545703641970724,0.1549246582462739,0.0,0.0,0.0,0.007922257597915256,8,False,0.16510238168032199,0.1549246582462739,0.15680814649850192,2.1205307639291875
361,0.03066293220948464,0.015161840076438442,0.0,0.025728770342893025,0.017347117312303467,0.01900492950331971,0.004073123760473323,0.043250887400043896,0.0,0.0,31,False,0.047715970491833494,0.043250887400043896,0.05539117556738811,0.5643854947920676
362,0.0,0.15161551596747982,0.0,0.0,0.0,0.10588855980777225,0.0,0.08134839755923717,0.0,0.0,28,False,0.1871901816309157,0.15161551596747982,0.17745263432477723,1.3730533451215379
363,0.0,0.0,0.056097579604604104,0.0,0.0,0.0,0.08324943270872547,0.02367468118442677,0.033834269719447294,0.018718129603121896,28,False,0.09392306074593619,0.08324943270872547,0.09165781383478723,1.318641373797146
364,0.06757171005877861,0.0,0.0,0.007633170046297624,0.02925163534627639,0.020573770370028603,0.0,0.019823382837519186,0.03897630194284519,0.0,31,False,0.07168443827722518,0.06757171005877861,0.07187877918801654,1.3067598459816163
365,0.06648996940814438,0.0,0.001407172863088428,0.016389585312957918,0.0,0.024263759637113066,0.0038513854927770346,0.04126589222850952,0.024224273724922824,0.0,8,False,0.07090082088099946,0.06648996940814438,0.06728159342347854,1.3397054013743546
366,0.033668016774619336,0.006665800103771768,0.0,0.010967646112325142,0.003308837327838797,0.05903179927019122,0.010525865361548993,0.030424706773378118,0.002770034745143831,0.0,8,False,0.060752241294551416,0.05903179927019122,0.058158027787729334,1.485297815104329
367,0.0,0.08935679675128025,0.0,0.031460792471542307,0.003752502757211671,0.0,0.0,0.01887365403436792,0.0383616890674978,0.016693034667498625,258,False,0.09013890326419928,0.08935679675128025,0.09178892871609493,1.909848505712682
368,0.0,0.11472398401923613,0.020222811268644034,0.01243538380173525,0.009531808431424255,0.0,0.004564400335077044,0.03409390615642638,0.0,0.0033331046395478642,258,False,0.10969174329930848,0.11472398401923613,0.10586320387045547,2.6537917592652236
369,0.0669751400042008,0.03416839993841169,0.0,0.0,0.0,0.15631148171869946,0.0,0.0017399886086290233,0.01422815749429072,0.0,8,False,0.16069671098309612,0.15631148171869946,0.15012299404295443,2.2703330263898542
370,0.003447102861565567,0.006808767391730686,0.002988787108296147,0.01782333051048048,0.0026136389492335444,0.02290521971402078,0.05875224737273936,0.01505163171247013,0.006090428230966766,0.000625774310304444,113,False,0.05375919013475927,0.058126473062434916,0.04508643568452078,2.221354409225691
371,0.038004215979230344,0.010714685061226921,0.0005740820568004645,0.013379009532141063,0.0,0.01198562330101833,0.0,0.06254373291460598,0.04094452560923697,0.0,31,False,0.07005257136975108,0.06254373291460598,0.07476951666509363,1.1632371663930978
372,0.05810392309225422,0.0,0.0,0.0,0.054137016484634516,0.0,0.15540649364472112,0.0,0.017440508331846728,0.0,28,False,0.16143256548577492,0.15540649364472112,0.1397402533858497,2.1427400544873
373,0.0,0.15153162881096777,0.002864516723018503,0.028143894257511317,0.00111059147251119,0.01754884589051716,0.013778151504603542,0.0,0.0,0.011293057076902714,258,False,0.14444123738722478,0.15153162881096777,0.13445104889354653,2.926508582358888
374,0.011845300692081449,0.008051127362007679,0.014640368967160174,0.013625808732419557,0.0,0.0,0.021263494808875003,0.01001560374455633,0.04754394409733576,0.009953049513412953,28,False,0.042169885627509666,0.04754394409733576,0.05444434005688715,1.9050593743138196
375,0.0,0.0,0.0,0.0,0.0,0.0,0.2854133263025427,0.0,0.0073656093789882275,0.1443513516642134,113,True,0.3075869405761175,0.2854133263025427,0.2912459160682103,2.2649716343736706
376,0.013288354165067316,0.0,0.004986663381845235,0.0,0.014773470222704695,0.006850724734286603,0.021784710292839862,0.0618760946987023,0.0,0.04555995970552445,31,False,0.06680696147828867,0.0618760946987023,0.0766269943079121,1.449493605600913
377,0.0,0.08634224254659449,0.010396817948288903,0.03601402108785619,0.0,0.0033256627017696355,0.027436858191491227,0.012714635284961787,0.0061391300979345455,0.0,258,False,0.08471063166910239,0.08634224254659449,0.07799636239137367,2.1362863423627667
378,0.017865597937386766,0.12618531609225048,0.020104237266892457,0.023675991952222288,0.0,0.0,0.0,0.008866629636589256,0.0,0.0147112102407925,248,False,0.11947176948260745,0.12618531609225048,0.11262607229863178,2.8209374115573134
379,0.0735532907035076,0.0,0.0,0.0,0.0,0.0,0.006173229676920334,0.06197907990560293,0.05385409932402558,0.02862937012561076,28,False,0.09759982139830843,0.0735532907035076,0.09555074979427149,0.8742046444954505
380,0.03662287504860142,0.011791528428733178,0.008724779195892044,0.04237798623569145,0.0,0.045132018114937465,0.03546875803586507,0.0,0.0,0.0,8,False,0.06359924184658174,0.045132018114937465,0.05440195518394098,0.4111387229976715
381,0.0,0.01148021634391802,0.0,0.014725315106478336,0.0,0.0,0.10679576942461033,0.06252362708046452,0.0,0.03789362495374847,28,False,0.11589101059413853,0.10679576942461033,0.10443842728560385,1.7252430225381583
382,0.04750566490628686,0.0,0.0,0.07243018002547892,0.03434827702942521,0.0,0.0,0.0,0.03259133345082405,0.02162367873449906,359,False,0.08391971834311164,0.07243018002547892,0.09674444486323813,0.959458831787948
383,0.009026589161611847,0.07081691195500421,0.0,0.003928391624212892,0.027772834129481512,0.0,0.0,0.0017228855214731244,0.021482243226898436,0.04905009949044946,248,False,0.07795925328973022,0.07081691195500421,0.08229173700759247,1.3968679137959712
384,0.015606223986888242,0.00041448773444320493,0.03045834863876458,0.0,0.0,0.0,0.08574569208022059,0.046639543306816536,0.029380495082917308,0.0,28,False,0.09163692167413853,0.08574569208022059,0.08128040631034471,1.5116145354440291
385,0.08555775690696775,0.02711922679257829,0.0,0.007488473761056839,0.019910529292359945,0.09042522551314168,0.0,0.0,0.0002093734881600916,0.0,8,False,0.11432690923848954,0.09042522551314168,0.10189923649941145,1.5008499253091125
386,0.0465736421800766,0.0,0.0,0.0,0.005377017833762269,0.07707566145659786,0.008362338929275267,0.01066648008860124,0.026918199819341994,0.005542116379167982,8,False,0.08041997244006549,0.07707566145659786,0.07580631145543504,1.7451483682179523
387,0.023916977286864614,0.01607273458450974,0.007811837795880325,0.0,0.0,0.04613830925144749,0.0,0.03900539766171071,0.047475974142672975,0.0,8,False,0.06470770852825855,0.047475974142672975,0.069055477167233,0.5789853190702646
388,0.02699151009665283,0.003677552777340672,0.0,0.024711294379118343,0.022172224612510876,0.045016374339947006,0.0,0.007209354038609347,0.01853344010604087,0.001277951618643988,8,False,0.04770846773248633,0.045016374339947006,0.05952786473935964,0.7825585722151432
389,0.0360543260829732,0.0,0.0,0.03245288466078556,0.014495827247952313,0.0,0.026878794693097778,0.019199309820405547,0.01954264799768051,0.0045253390881496375,113,False,0.04465117528400346,0.0360543260829732,0.04816140098344758,0.190803959138521
390,0.0,0.03753765751855888,0.009305648179624227,0.029380244822583067,0.0,0.0,0.02725740187770929,0.0,0.04752085240968865,0.024115056833396993,28,False,0.05864525308984172,0.04752085240968865,0.06472458773838814,0.38698667433746947
391,0.04720502277096318,0.01226864507042018,0.015779434762990818,0.01808663640213499,0.0,0.045913681388118154,0.0015244614927465464,0.0,0.0,0.025137149926434187,8,False,0.058128449111033216,0.04720502277096318,0.05879766997920323,0.8760554575250395
392,0.03715541362758947,0.05770432297860524,0.0,0.00014051587965385864,0.0168917803217579,0.021300308889985773,0.07798435372804313,0.0,0.0,0.0,28,False,0.09114490833877702,0.07798435372804313,0.059301105314982484,1.1983237513022338
393,0.0,0.0,0.013220171065414453,0.010251634020015587,0.021360650670256703,0.0,0.07291796449281467,0.0,0.015127049648851676,0.059825478249914674,28,False,0.08370801862352115,0.07291796449281467,0.08428401203522919,1.48954346181272
394,0.0,0.02018618416922969,0.037408514438595206,0.0,0.007625378297812398,0.007231378900762511,0.08070581741849897,0.0,0.0,0.04328916329822922,113,False,0.08588230383841641,0.08070581741849897,0.07873232636186342,1.5400293271218135
395,0.0,0.07718375138563163,0.02134231944353918,0.01727411729508778,0.002653778805115844,0.0029560546900235917,0.0055968063873248885,0.004349381133113422,0.0012140708107678893,0.026624319138766547,248,False,0.07282636693202349,0.07718375138563163,0.0755120421043888,2.333805633505473
396,0.011065405258024984,0.03605054067436697,0.005539987256645854,0.006340198491327175,0.05447114852932341,0.0,0.0,0.0,0.018202148613056912,0.033333860171167455,383,False,0.06002065429849836,0.05447114852932341,0.0753749649231215,1.0663187781002992
397,0.01937746237499695,0.143661240443102,0.0,0.0023445702301483997,0.04625853447645757,0.0,0.0,0.0,0.0,0.04764249538477255,248,False,0.14575152960952903,0.143661240443102,0.1395303236933136,2.2718210177867295
398,0.03166230423286257,0.0,0.0059261958719674015,0.0016792988489690258,0.0,0.0,0.08475071794699446,0.04343398680405902,0.01361766440112211,0.007722398656080468,205,False,0.08705665766155696,0.08475071794699446,0.06923779246360144,1.8344495810607477
399,0.02070646775287887,0.0,0.01849085769863922,0.0,0.0,0.016820068554660148,0.0317198388701269,0.027662808780519833,0.05283495486157725,0.0002607798750122627,28,False,0.05697936848096906,0.05283495486157725,0.05893862302635887,0.827408702585808
400,0.03905210885071895,0.00964432480160311,0.0,0.03679514443327047,0.0,0.04706958273687357,0.020624478081317812,0.00825884565083673,0.003710285407441783,0.0,8,False,0.05823879227482632,0.04706958273687357,0.05238986343334798,0.739607248927738
401,0.08146373856360657,0.0,0.0,0.0,0.0,0.09711400073696391,0.049255254359718656,0.0,0.0,0.032766439690668434,8,False,0.12391610397733747,0.09711400073696391,0.10564261497298882,1.1306233132011316
402,0.0,0.008193509538697276,0.0008720555263396271,0.006537861379956073,0.01040296101564762,0.012315679265455246,0.0353010554266052,0.021708990107693255,0.02691679866910889,0.007540242199282449,113,False,0.03568706026920062,0.0353010554266052,0.04286095730722065,0.9176234259188196
403,0.01597620856669104,0.01632528690872597,0.03632469191708838,0.0,0.0,0.009679140610052409,0.015163000073518743,0.07492853560410484,0.0035988744022076935,0.0,31,False,0.07315847451224912,0.07492853560410484,0.0794971009058434,2.021518693774227
404,0.012566594574646267,0.0,0.056679609306441274,0.0,0.009783317664985964,0.005932153373770178,0.10708524723613873,0.004374670354425766,0.006482365158505346,0.0,28,False,0.10941540558588217,0.10708524723613873,0.09829061813797461,2.189919856265812
405,0.15711129115774114,0.0,0.0,0.0,0.019592487572360373,0.10076451915224272,0.0,0.0,0.011931015472900416,0.0013683120715845443,8,False,0.17478609955631924,0.15711129115774114,0.16037192194297115,1.9683276801313363
406,0.0,0.06455825111692029,0.0,0.010659951872373208,0.003913263627639693,0.026859079992978936,0.013695037051621506,0.01625690217166384,0.0,0.029480189798091493,258,False,0.06348696840655847,0.06455825111692029,0.06125573208128614,1.702078006235332
407,0.028957964866127634,0.06259156458490553,0.0,0.0,0.03571715704271551,0.0,0.08734378496170296,0.0090472219249271,0.0,0.0,113,False,0.10133912433989056,0.08734378496170296,0.07608133526570963,1.3023878741819408
408,0.04413514419551945,0.0,0.03597348829739422,0.0,0.004393385088466317,0.04782091312990425,0.025951868487737506,0.0,0.014960500445882607,0.0010162099729364362,8,False,0.0629401534833195,0.04782091312990425,0.0577442450461651,0.5954483803257353
409,0.06173324861307535,0.00920746535476379,0.0,0.010505032714359586,0.0,0.0968815981079405,0.005129315409134954,0.0,0.028971888863277305,0.0,8,False,0.10492511809134485,0.0968815981079405,0.09667508775438244,1.7700045054226536
410,0.0,0.0,0.013573124761321166,0.03196642922068757,0.025680715285842953,0.013112010287326151,0.12499266098673435,0.0,0.0,0.005837254979256919,205,False,0.11996458310722075,0.12499266098673435,0.10803288511387836,2.6727061128118987
411,0.049831456035678644,0.013346856229919104,0.0,0.020705059368114294,0.016828164528372016,0.0,0.005179552548866899,0.040581762017623015,0.0,0.013043374854621599,31,False,0.05501555666977047,0.049831456035678644,0.0576514656433136,1.0984576691903094
412,0.0,0.06325479688511161,0.0,0.0,0.0,0.0,0.03054122047387979,0.021295493492225526,0.04377107062547217,0.04778130233079929,28,False,0.08033377446669507,0.06325479688511161,0.07690006000501329,0.6421611059014881
413,0.0,0.1461058853747904,0.0,0.0,0.055397702427441464,0.040519994895494696,0.0,0.0,0.03279686575557972,0.0,258,False,0.1504557429812669,0.1461058853747904,0.14446877315092346,2.1471365481723383
414,0.03672955935308764,0.0,0.0,0.030147156066420357,0.00635689709046749,0.02940295529329991,0.00862438218847426,0.008605152655946751,0.039159065444021715,0.0,8,False,0.05161601626184951,0.039159065444021715,0.05781743766795311,0.44602295899060174
415,0.09821130116040379,0.0,0.024592923718528045,0.0,0.0,0.07204093302659856,0.01312194953135927,0.0,0.019420631388803872,5.592707477349755e-05,8,False,0.11153763444174085,0.09821130116040379,0.09878600522780696,1.6332211123022524
416,0.0,0.0,0.02471100425913525,0.006627067355615882,0.0,0.024516348305366874,0.03818579015193621,0.029915867386143272,0.004064163023373683,0.029823289433603826,28,False,0.04855710240398945,0.03818579015193621,0.05747711179339935,0.1661507031178867
417,0.0,0.0,0.0,0.0,0.09795677987700979,0.0008166454010573368,0.12272057934271728,0.04037991869357597,0.0,0.011487550169336811,205,False,0.14816143358079079,0.12272057934271728,0.14180111163817116,1.5781147856785536
418,0.0,0.0,0.0,0.0,0.07311421463044594,0.0,0.3089618577647673,0.0,0.0,0.030192614756791757,205,True,0.30735864747440433,0.3089618577647673,0.28906618814546264,2.848781124875272
419,0.0,0.043363418258698806,0.019555357106079904,0.0,0.02328200492765458,0.010116326986160912,0.0437965343191653,0.016527896335805686,0.0,0.003711152203258963,113,False,0.053900060142486446,0.0437965343191653,0.0477828318621431,0.8133346593709436
420,0.03927956603783556,0.0009175414736562703,0.022217686352405307,0.0,0.0014171063936260885,0.025910246010654954,0.013942228618903943,0.0,0.01933626282389558,0.02779527791297249,8,False,0.04511359857992777,0.03927956603783556,0.04884307707182785,0.2842887795938266
421,0.029460097529626847,0.0,0.0004317599990732568,0.0,0.021074737310690653,0.053517804190016324,0.0,0.029288545952259156,0.008640570265523593,0.027881495149626984,8,False,0.05899440332388196,0.053517804190016324,0.06748567876702397,0.7746385033558355
422,0.0397796931237727,0.01937043407046478,0.0,0.0,0.03452323331067013,0.0,0.058482921172041236,0.019455904777210292,0.0,0.00888356855365423,375,False,0.06646260850229237,0.058482921172041236,0.047841865420319284,0.9163330808877396
423,0.1199201702072758,0.06945611141808924,0.0,0.0,0.0,0.15222467585104757,0.0,0.0,0.0,0.0,8,False,0.19116833269213887,0.15222467585104757,0.17342078725607182,1.422594078545166
424,0.017551366953744787,0.0,0.051440497422245615,0.0,0.0,0.17425746801752884,0.0,0.0,0.04985033100071622,0.0,8,False,0.17590594830724005,0.17425746801752884,0.17761843032373617,2.4324720027946967
425,0.009227508516097608,0.20831107980854666,0.0,0.0,0.0,0.0,0.0,0.030702417575469772,0.011581331632448138,0.027123238494239917,248,False,0.20137571133991308,0.20831107980854666,0.1905203139570758,2.9775956688441667
426,0.050026728942607346,0.024355659924414536,0.0,0.0,0.007226985879891462,0.05332931029421687,0.0,0.030606133694467564,0.005519662353754353,0.003034560634562265,8,False,0.06698168597762734,0.05332931029421687,0.05908886030545306,0.9430986717254219
427,0.0,0.0,0.05025794979993801,0.0,0.04716957129591615,0.0,0.13730211451339322,0.0,0.035377314911651934,0.0,205,False,0.14301089477421905,0.13730211451339322,0.13391361411606012,2.0061758558464957
428,0.0,0.012847519338149567,0.03636685871390085,0.0,0.0,0.004226020126373756,0.08056288315950091,0.0,0.03861479031613723,0.02268090518242105,205,False,0.08423414099558693,0.08056288315950091,0.07751257677944313,1.5828720208537992
429,0.01522652581837175,0.10461895359415341,0.0,0.017809709188435618,0.0,0.003814609611000106,0.02521903799245136,0.0,0.007614037352341553,0.012516379465817731,248,False,0.09809667509167994,0.10461895359415341,0.0842690375205004,2.7407025042702036
430,0.3370572621349523,0.0,0.0,0.0,0.0,0.09124588978390491,0.0,0.013774384833408117,0.0,0.0,8,True,0.3380556068206235,0.3370572621349523,0.31957734687846046,2.8062615854227206
431,0.049247643288694895,0.0,0.03099542929555992,0.013096714632380105,0.011873610463421627,0.0,0.0,0.06063002751909879,0.005627399417885782,0.0032915563314318825,31,False,0.0701555995740489,0.06063002751909879,0.07890388285075213,1.2247022169079826
432,0.0010537441491580647,0.13768848112583418,0.0,0.024098343227937292,0.0,0.013103459005543385,0.0,0.035827644242555405,0.018902378178708917,0.0,258,False,0.13318820514557514,0.13768848112583418,0.1263447005300859,2.673501071336904
433,0.07569793453161638,0.04392592019349945,0.0,0.0,0.0,0.12830204611459223,0.0,0.024677129651778106,0.0,0.0,8,False,0.14240076865105208,0.12830204611459223,0.12903536212669037,1.6948149259734764
434,0.016473469524354988,0.04757661710125545,0.0,0.0,0.0004961297809600359,0.12228026844555234,0.0,0.020004526920169033,0.019637271485220768,0.0,8,False,0.1214251117042064,0.12228026844555234,0.1161407362453427,2.356270969630516
435,0.024571125055512583,0.020519694002097473,0.0,0.014364477282444643,0.002419651483233204,0.04687435100975155,0.0031286719911077293,0.018658307132587978,0.0,0.014865605009910259,8,False,0.045880990599338804,0.04687435100975155,0.04864434928622274,1.1639174722048216
436,0.0779845550522577,0.0,0.009493656229508476,0.0,0.0,0.0759651806006724,0.0,0.0193380769963247,0.04352573650127949,0.0,8,False,0.10336699594788083,0.0779845550522577,0.09625977711719347,1.1692199064081108
437,0.0006067850920493898,0.0,0.01575162853677723,0.027539732564935516,0.01143880034290374,0.0,0.014069575545566156,0.08795140767165809,0.02617176874367988,0.0,31,False,0.08417562348697741,0.08795140767165809,0.09860648648690207,2.305089147640757
438,0.019777464968874565,0.018303846173560685,0.029010140517285656,0.0,0.0,0.012683480659443204,0.02439116357003576,0.02734687557522651,0.014300741682707873,0.0,205,False,0.036873503407888635,0.029010140517285656,0.03804710260848907,-0.2969804691873277
439,0.023979729196748033,0.10114080790289438,0.006749894647068177,0.0,0.0,0.044929805778108824,0.0,0.0,0.0,0.05428686313247435,248,False,0.11042671984724882,0.10114080790289438,0.10202973765222097,1.5730269785107274
440,0.0334468055220902,0.027899269912879925,0.0,0.017020833884319964,0.025660639764208733,0.07380860045841822,0.007700744897778312,0.0,0.0,0.0,8,False,0.07510997513877583,0.07380860045841822,0.07103193739723679,1.5952015752742035
441,0.06923580125271432,0.0158799566758694,0.0016897855980254094,0.0,0.021225749374139995,0.05886649763469524,0.00428177191330773,0.0,0.013456068572369523,0.0,8,False,0.08044319913136844,0.06923580125271432,0.0701068332898138,1.4625043777966227
442,0.04307473682183743,0.00870622377345793,0.0,0.010520212006748013,0.05722549088355905,0.0426970540693857,0.0,0.011260170320217743,0.0,0.0019905090309812984,8,False,0.06899976088450117,0.05722549088355905,0.0745785392877579,1.0191872327606806
443,0.04196355785024087,0.0,0.019668088102722987,0.033844938589778856,0.0,0.06740526795873499,0.009194487094914822,0.0,0.01332267207351288,0.0,8,False,0.07342190302982182,0.06740526795873499,0.07464921656958959,1.2568795197243532
444,0.017041385506416887,0.0,0.01444176746009006,0.005945040355326993,0.0,0.022560305053903593,0.017560574610126462,0.05403403319967001,0.02465211864892128,0.0,31,False,0.05248197136115917,0.05403403319967001,0.060602055985725274,1.4141937462059706
445,0.003032496067704269,0.0,0.05353382037704882,0.0,0.015978237042516236,0.0,0.09467534182000947,0.012004822736396668,0.0,0.02886362147262191,113,False,0.09954520574797363,0.09467534182000947,0.09468534161891538,1.817830294359396
446,0.0,0.20287427623992352,0.0,0.0,0.0,0.009987814231114604,0.020909143125496767,0.009233762510528641,0.0,0.043661300508530634,248,False,0.19736556502874494,0.20287427623992352,0.18492277062805385,2.8957308038956273
447,0.1742653145390634,0.0,0.0,0.0,0.014925660488391697,0.0,0.0,0.2119482776179958,0.0,0.0,31,True,0.26170682552187946,0.2119482776179958,0.2539764091813229,1.8174425086769082
448,0.0,0.12562493014422682,0.021568879331395768,0.057312959020321866,0.018549672084595535,0.0,0.015154108030959599,0.0,0.0,0.0,248,False,0.1278324733917376,0.12562493014422682,0.12433401217431639,2.215671271350371
449,0.0,0.008752509714973933,0.003510516142979384,0.0,0.013791814424389138,0.020455429379384518,0.028022136920481652,0.012338855903029975,0.047080733323036264,0.00833112829584791,28,False,0.04555652615743265,0.047080733323036264,0.05440328260443817,1.4053768088694565
450,0.0,0.0,0.0,0.0,0.0940151238436997,0.0,0.2679496516492311,0.03088546448169654,0.0,0.0,205,True,0.27337294388261635,0.2679496516492311,0.2566347718742849,2.577391915878323
451,0.0,0.017385119653630304,0.006562083729387719,0.009810887578805582,0.0,0.0,0.04251282207904713,0.02128873250429426,0.03698781788673147,0.0206426794022459,28,False,0.04891342396861707,0.04251282207904713,0.051405125485619554,0.6988732794544625
452,0.02753123064249325,0.0783188235819951,0.012631928300540255,0.01505088631479355,0.0,0.0,0.0,0.02068125238175047,0.0,0.03074269006866405,258,False,0.07714656535672552,0.0783188235819951,0.07330269552605219,1.8950805871789227
453,0.026463217195370963,0.0,0.0002782503863113095,0.008933882577498052,0.03776418672748444,0.018236423023555538,0.12023292878818646,0.0,0.0,0.002500615374090584,113,False,0.11710215467779433,0.12023292878818646,0.09838569085376192,2.499623190928241
454,0.039298842010435396,0.0,0.0,0.001992717478796612,0.01103164314495769,0.03553052176362083,0.0,0.020732251601653505,0.018371838518277367,0.033879554600389925,8,False,0.05129242222939358,0.039298842010435396,0.0588469097378806,0.35601474904784625
455,0.0,0.0,0.024322375565341243,0.022326681913442867,0.011228234138536805,0.01646267012088818,0.053575274981298326,0.0,0.009227079644565862,0.017644126487772475,28,False,0.05155760718219034,0.053575274981298326,0.05677416831945544,1.4694440791261298
456,0.15925460073759562,0.016377003315115258,0.0,0.0,0.0,0.22369132290536506,0.0,0.0,0.0,0.0,8,False,0.26207171441738053,0.22369132290536506,0.2479871954005949,1.912940746137394
457,0.04413466768137442,0.0,0.0,0.0,0.039928032097351185,0.07005667389246292,0.02353470091428291,0.0,0.02958572846324028,0.0,8,False,0.08206372895645468,0.07005667389246292,0.07737642413854035,0.8643560344859993
458,0.01829839213542042,0.009553323444992143,0.006246754188722704,0.028501629684152836,0.0,0.0037817028393588715,0.027717455926219083,0.004392226306739869,0.05056725954138679,0.0,28,False,0.05152848846643969,0.05056725954138679,0.056369248229605574,1.2656129331575894
459,0.0,0.0,0.0,0.06703514679947666,0.0,0.0683788864204737,0.0,0.07408983257346463,0.008782885295673701,0.012923924860788867,31,False,0.10620094017579211,0.07408983257346463,0.11837148302927078,0.9792886241668662
460,0.009241639752824849,0.02467188039582292,0.014144245278009664,0.01173682705298106,0.0,0.07733442827875325,0.019762985699755334,0.0,0.0,0.010171915133734803,8,False,0.07187002990095039,0.07733442827875325,0.06969010205568495,2.415321942498878
461,0.0,0.014752814232184636,0.01930503994175716,0.05052408600911843,0.0,0.0,0.10362464121131884,0.0027586045877282155,0.019709461384943526,0.0,28,False,0.10518393151127477,0.10362464121131884,0.09514288274260252,2.0920547517181975
462,0.016149573462726555,0.046541398666491735,0.0,0.03034708276250949,0.015060065872055531,0.001199505376994154,0.006916650294300849,0.0016158105446814073,0.0,0.040910502169788254,248,False,0.05590535432388615,0.046541398666491735,0.06289604153488786,0.8387075439915562
463,0.015479429505238103,0.012760888001163402,0.01194335120555995,0.0,0.009246545720923137,0.004795705560208221,0.040800286533979525,0.011022871057939766,0.009356795165214442,0.007091780804608622,205,False,0.033580515261934944,0.040800286533979525,0.0269257701670217,2.213469807060862
464,0.05655488660646482,0.0,0.018787446565701183,0.034842189481895734,0.0,0.05353435057941444,0.021931834712797887,0.0034798712697074992,0.0,0.0,8,False,0.0730878341516886,0.05655488660646482,0.06669902691423676,0.8335864513968063
465,0.10453491540931055,0.0,0.0,0.0,0.0,0.10857352335969224,0.04038537927059322,0.0,0.0,0.021378913015942615,8,False,0.1425003181534395,0.10857352335969224,0.12399485681776576,1.4366378516043192
466,0.07725566399073562,0.03947319001744196,0.0,0.0,0.01278735010161414,0.04876336513744756,0.003547489594680109,0.01687559516632859,0.0,0.0,8,False,0.08597249423757013,0.07725566399073562,0.06891464849410935,1.3460513800312617
467,0.012321997072703924,0.0,0.02406441496078484,0.015067944156410929,0.0,0.0,0.37346381809675894,0.0,0.0,0.0,113,True,0.3646022909445868,0.37346381809675894,0.34296761900118444,3.130708260717232
468,0.15392349026965943,0.0,0.0,0.0,0.015823497609469987,0.06261903586100342,0.0,0.0,0.053656957105282774,0.0,8,False,0.1613151481245401,0.15392349026965943,0.14788820475614575,2.081182523105536
469,0.027428744600310348,0.0024727548300728145,0.0,0.0203354678572517,0.032255899934553287,0.0,0.029105379882367645,0.013461897384490738,0.03091505552138871,0.0,28,False,0.045574196178641106,0.032255899934553287,0.05159172968381193,-0.06129386757521484
470,0.0,0.0,0.022386426205472924,0.019323030405814345,0.01812979766374513,0.0,0.014059144561254398,0.015054732573439557,0.05583719196896557,0.009832086744267329,28,False,0.052436050562224897,0.05583719196896557,0.07468438947258806,1.6981102640602082
471,0.05298671295991016,0.0,0.017535176570024315,0.0,0.010051337572570016,0.0,0.10568349820558202,0.0,0.04496298574049026,0.0,28,False,0.11305919340475082,0.10568349820558202,0.09216540867147388,1.7267078903028579
472,0.06458721795175228,0.0,0.02018253077705007,0.016798112592736173,0.0027631056658918023,0.0,0.08474232744047365,0.0,0.017034549631112172,0.0,28,False,0.09601008108993452,0.08474232744047365,0.07424301226013978,1.5867098182957715
473,0.012785268227724356,0.021607152123149,0.014987398028871907,0.013689280418483048,0.0,0.05832215660670387,0.032900631044732356,0.0,0.0,0.006025637526109949,8,False,0.05793301223877911,0.05832215660670387,0.05097101376822728,1.5394046072757495
474,0.0,0.0,0.0,0.0,0.0,0.009810405249076034,0.2991187508657116,0.0,0.0,0.12534078900827214,375,True,0.3123990807562816,0.2991187508657116,0.2946430134515315,2.458435428093482
475,0.07105838054461598,0.0,0.0,0.0,0.006815918408407782,0.08385319159117,0.042272707863860434,0.0,0.0,0.024241310558333253,8,False,0.10457963816059077,0.08385319159117,0.08746008344563398,1.186149449695314
476,0.04048000496984609,0.0,0.040780864174166695,0.0,0.0,0.018680222841499994,0.006500113356399697,0.02013824399929601,0.010564747980760495,0.018189298724908855,31,False,0.049338173077682144,0.040780864174166695,0.05843058109351825,0.7510962156949199
477,0.11498028354354556,0.0,0.025012432994919995,0.0,0.0,0.03372914194120324,0.0,0.0036498095147920228,0.06692091492059271,0.0,430,False,0.12485840271752531,0.11498028354354556,0.11639214137023303,1.7631816850327824
478,0.013688544960272492,0.0,0.0,0.009669847548649333,0.0431188558743884,0.02707984777612583,0.041109608507255924,0.0,0.04397457499588342,0.0,28,False,0.06264482154715474,0.04397457499588342,0.06559923837119609,0.470031196758261
479,0.015048333318726927,0.0,0.022655999526604218,0.0,0.038787376079286034,0.0,0.09786751266278604,0.002845704337642121,0.014578891090372902,0.001843678892581531,205,False,0.09577968761923762,0.09786751266278604,0.08482400627072015,2.279144171467718
480,0.0,0.03227860401095437,0.0,0.0,0.0,0.003987373396195342,0.1507814935980818,0.017612205380989183,0.05577861317555723,0.0,28,False,0.15167578551008098,0.1507814935980818,0.13137237365014254,2.3982551221611526
481,0.05460969427082202,0.0,0.010254191410817928,0.0,0.010831381924112678,0.05206860656797702,0.0,0.0,0.010549758541459913,0.052936087935520314,8,False,0.07748779369904119,0.05460969427082202,0.07946190033994224,0.899453334240491
482,0.00939040820295188,0.09668076241460362,0.02788777686801115,0.016488939362819817,0.0,0.012492668928003598,0.0,0.0058840857231000875,0.0032153103276022434,0.002659760547975928,258,False,0.09054871809226958,0.09668076241460362,0.0872362199824822,2.6899040149672926
483,0.12952834717820616,0.01429782326652949,0.0,0.0,0.000903378090097617,0.15604673759356158,0.0,0.0,0.009109225396653452,0.0,8,False,0.1903120822104378,0.15604673759356158,0.1762786794469117,1.7985764893121223
484,0.0,0.0,0.11996515605125828,0.0,0.07276177724869204,0.0636065960496362,0.008113179302289617,0.0017321873189152833,0.0,0.0,205,False,0.13955988029407201,0.11996515605125828,0.15442914173725678,1.4683747376537075
485,0.0,0.1637755560242772,0.0,0.04893744789242854,0.0,0.0,0.03445560201514294,0.0,0.0355201003431716,0.0,258,False,0.16435449026540105,0.1637755560242772,0.15296047666830723,2.431618141971383
486,0.0,0.0,0.0,0.04258743813813962,0.0,0.04666886936057546,0.10388239651541112,0.0,0.06517556205506086,0.0,28,False,0.12192126200199363,0.10388239651541112,0.11188647406601379,1.2193280979880918
487,0.013207927041423803,0.07911365436595257,0.0,0.0035959652945276644,0.0,0.0,0.029892678386928783,0.022489825339064247,0.0162647263656102,0.008731422511478628,248,False,0.07563445082708552,0.07911365436595257,0.06093527538951728,2.201265516703514
488,0.0241556713732092,0.1554310305261088,0.014872417311029187,0.0,0.0,0.021155361772856582,0.0019307387541440293,0.0,0.0,0.01931824961971337,258,False,0.1484947573878538,0.1554310305261088,0.13619210700456227,2.907725892690807
489,0.025782547518217118,0.0176782989290484,0.0,0.021815759232476247,0.011729237351514776,0.04217129074788834,0.023782253470855025,0.0,0.0010023551648049105,0.0035089211619812963,8,False,0.044706617908851894,0.04217129074788834,0.03864450081612504,0.6341131786806835
490,0.0,0.0,0.008466197356873777,0.018212193440197828,0.02228362603398087,0.024676579364171877,0.01748834980472006,0.0311731028403273,0.0033761740842655733,0.009952703577568247,31,False,0.03441416998012991,0.0311731028403273,0.05618452567426507,0.15615794670841504
491,0.047942141850894245,0.0,0.01679747686241307,0.009853708423356049,0.00862525313143971,0.0,0.059402116134574856,0.0,0.01137040411641927,0.011868424822008653,205,False,0.06506659086995609,0.059402116134574856,0.04894439898269903,1.5141026459173212
492,0.0,0.004414833032453266,0.00518218191612778,0.0,0.004633334279753591,0.02822511716378953,0.11899260950249207,0.07870462062880516,0.0,0.0,205,False,0.13196618991106074,0.11899260950249207,0.11745156907960552,1.84227290038703
493,0.03741872976482685,0.008839342833654873,0.0,0.0,0.03493668540881862,0.030940076806069503,0.016347853969267776,0.012070432797109789,0.0,0.012545627351773508,8,False,0.04652441427243831,0.03741872976482685,0.04597173703507585,0.5093839519780868
494,0.03319217936038298,0.0,0.0104232851717084,0.03465671169536852,0.0,0.0,0.12143820661068815,0.0,0.03278827004065809,0.0,28,False,0.12076335921752782,0.12143820661068815,0.10260205817823388,2.284193787132134
495,0.07634753773474996,0.0,0.0,0.024647337958929292,0.0,0.1278234832486708,0.0,0.0,0.04375234390498935,0.0,8,False,0.14226079641516717,0.1278234832486708,0.1359519646424679,1.6840996736975147
496,0.00235808817729506,0.0,0.05308218208172033,0.0,0.0,0.020280681519588145,0.08763893321395624,0.0,0.07986001796943017,0.0,28,False,0.11588093761713342,0.08763893321395624,0.1113541298070834,1.1320211870628254
497,0.010921768642792068,0.0074127904640940686,0.0,0.023992724621538022,0.02254240036708622,0.001356761249005679,0.015028282148613228,0.011838313050579209,0.02323085413395603,0.007007898667016526,28,False,0.02735010463895053,0.023992724621538022,0.04900122214889307,0.1008861634880897
498,0.06713377090251675,0.010180399651392653,0.0,0.029760090491767883,0.0,0.08155118837350459,0.014790952080179484,0.003636005886211884,0.0,0.0,8,False,0.09611341060639764,0.08155118837350459,0.08498051230277044,1.4643612470927807
499,0.044202694313841946,0.0,0.011716655255675555,0.0,0.011405592505077092,0.030643850055294564,0.018769366252796665,0.068990263920099,0.0,0.0,31,False,0.07454977170204742,0.068990263920099,0.07230593622833027,1.3484725260776023
