time,AVG_DIST_TO_GEN,VAR_DIST_TO_GEN,AVG_DIFF_MAX_MIN,VAR_DIFF_MAX_MIN,AVG_DIST_TO_GAMMA,VAR_DIST_TO_GAMMA,AVG_SKEWNESS,VAR_SKEWNESS,K,BIOMASS
0.0,0.024291669988795218,0.0,0.020858089599537163,0.0,0.046425729056149674,0.0,-0.3327247488082058,0.0,1.0,0.01
100.0,0.06962663832813878,0.000647569588503238,0.05861068602528317,0.0005258735705542247,0.08537332164227593,0.00043839553431573224,0.7659493039395255,0.33640629365968877,8.0,0.10863629255017823
200.0,0.0940186235710782,0.0017389803028392686,0.07796186323441584,0.0011536156901200325,0.10476548832404235,0.0015468554198674548,1.007366456170588,0.2547215060299921,15.0,0.7656741468196986
300.0,0.11728861080062085,0.0019548676790350967,0.09668123809844273,0.0012274291541640569,0.12334613625914917,0.0020371210958647413,1.2188759998506078,0.13868572866945275,22.0,26.060342778211997
400.0,0.10348704172144078,0.0007038134378471318,0.09111466792319906,0.0004552972292665918,0.1043429003988232,0.000794736644116861,1.452358746880829,0.14049573625720213,31.0,448.3746260110586
500.0,0.10758195491368969,0.0004360360414864006,0.09999785022467277,0.0003302357228877432,0.09880086152004257,0.00021841393258297415,1.6423721816829666,0.0817842343802739,40.0,716.7350245496916
600.0,0.1068740511757731,0.000533979500874061,0.09912256150804767,0.0004428802610591388,0.09842550446624496,0.0003028148128276093,1.6207661787849315,0.10125534159050358,45.0,226.47943810327928
700.0,0.12229585009772917,0.007739771669162853,0.11495004884908787,0.008136696305433743,0.11468693473270816,0.008041501425957564,1.653425892273028,0.19199996504220632,44.0,84.25193229579051
800.0,0.14347638676536703,0.015240903040017621,0.13636169615629973,0.016167683698867754,0.1349003935863352,0.016213574300490547,1.7149053845392426,0.26004064318377523,42.0,44.209637337434486
900.0,0.12770057211143196,0.004165241744909854,0.11827447219739783,0.004363952414327843,0.1112490183505772,0.004322286354702396,1.648503752795557,0.09752779931473014,50.0,62.75262427901098
1000.0,0.12533082970533427,0.0012595628521947656,0.11498730556945647,0.0012636664619465224,0.10599243752025025,0.001140473677032399,1.6307431681408728,0.04993260787275012,58.0,93.18346379906755
1100.0,0.11628627748672056,0.0011601535526218052,0.10586479732736782,0.001156168292915155,0.10349988718221402,0.0009479645393962552,1.580050334789605,0.08034655899626422,60.0,54.909531074971255
1200.0,0.1088959298297068,0.0008237002210744732,0.09675638581985213,0.0008316895038286434,0.10234622266987937,0.000649524262695749,1.48703400788401,0.09280335476741308,54.0,76.16941893418982
1300.0,0.1108330935386718,0.0008855479745634537,0.09803239233723923,0.0009321976232518591,0.10374654138222056,0.0006590940524192782,1.4816389897073174,0.09846758971563667,56.0,136.17767456139666
1400.0,0.11885495971926885,0.0015736420480702779,0.10704877280390161,0.001712335996001922,0.10699034954229751,0.001295115905829179,1.5613523231704995,0.11997785174110988,58.0,103.58009190398732
1500.0,0.1302819444893964,0.004841770571000086,0.11932231047350408,0.005273561736170916,0.11613921497666259,0.004898453431089773,1.630648193912533,0.16266343988939622,57.0,50.70072264125559
1600.0,0.1420163896254325,0.006000356817274245,0.1322880817040733,0.006563250479344421,0.12293238863278738,0.00629928484037622,1.7432587391028835,0.19084558759271225,49.0,46.26532472128133
1700.0,0.14289850981941607,0.0025475987556328804,0.13427622110232165,0.002888652989837641,0.11906925768946353,0.002376074375801016,1.8480050816730644,0.19077017325526047,45.0,67.06526562055772
1800.0,0.13477494625489975,0.002197828177207059,0.12497417402381669,0.0024968644646565096,0.11606069914786935,0.0017612627909519088,1.77023671589416,0.21273131531384135,48.0,47.15656365320393
1900.0,0.12888687612962899,0.001964788525665544,0.1154225145852819,0.0020451966557277846,0.11749679070013537,0.0015388112868653045,1.6444779189389584,0.1995234975982702,52.0,64.67892928116063
2000.0,0.13956881650255132,0.0020024168519843766,0.12436491895110488,0.0020034769897837243,0.1263867537128453,0.001567184202184286,1.7016134518551187,0.19690391441158003,54.0,115.79803011757343
2100.0,0.14447462528001848,0.003894276287937145,0.13010947882111534,0.004113490188491647,0.13077832244068213,0.003627737475815941,1.7361265981092582,0.22420484457236606,57.0,53.73514400928764
2200.0,0.1633838426853152,0.007179751882419861,0.1531380211944,0.007816164944848639,0.14239611282760606,0.007463247895626443,1.9476027775414442,0.25887119994333535,60.0,39.09269735579405
2300.0,0.16794329003381162,0.003302950461432826,0.16056091361157662,0.0036043034744851687,0.13817044890767083,0.00337788730289124,2.124766188014292,0.17224295184171362,63.0,59.910324465351316
2400.0,0.16223192933442393,0.0029316642833370184,0.15336739110150593,0.0031649494793507963,0.135802236520956,0.0028151477228365376,2.0374422975752475,0.20966593349980286,58.0,36.647729162909414
2500.0,0.15705292124012168,0.002908469449905288,0.1452753081918618,0.002973626572621466,0.13616405982556412,0.0027847631673376346,1.899462904733286,0.23482222971324337,59.0,43.17743833557125
2600.0,0.15573428576822848,0.003345686817171462,0.14150614913926812,0.0032705209149328784,0.13937962066683704,0.003382353283976379,1.7999294736697014,0.23097867934105523,60.0,81.02300315569099
2700.0,0.15537052663673007,0.004347251296145257,0.1389404307920385,0.004111857852827532,0.14515352652244598,0.004684585076481739,1.7053758372695997,0.22533705764495857,60.0,64.72228444011878
2800.0,0.15678487577270406,0.0028600175194495956,0.14309131940738573,0.0028477283887275925,0.13943339190034268,0.002988875260620644,1.8192764965656882,0.22296703358686798,62.0,46.80229753297812
2900.0,0.16242764710025479,0.0011729801910458446,0.1523985154740828,0.0012966886201993078,0.13472666133886838,0.0010790052279919197,2.004829973163053,0.16797263634306267,62.0,60.04414565555514
3000.0,0.16078389546282165,0.0010685704959710344,0.15016251996462587,0.0012236105185313832,0.13504967190084488,0.0010065558621909652,1.9688233112745839,0.1687859949534122,62.0,35.06546449661235
3100.0,0.16167729180614077,0.000973957825497458,0.15045722262839287,0.0011606195948749383,0.13739591412710764,0.0009881504241302228,1.955586655231532,0.16239670496704978,57.0,38.0957448378449
3200.0,0.1656334044993115,0.001036142083366954,0.1544252116795292,0.0012939621218347104,0.14143640983218292,0.0011749555692290301,1.9863688066007148,0.16832275748414513,60.0,64.54652217609883
3300.0,0.17210827234952467,0.0018559572652485565,0.16064489950423336,0.0023938151493660682,0.15492761140352965,0.0023783051616005865,2.0101484862496948,0.25245747092224635,62.0,50.954928779948915
3400.0,0.17456299823466181,0.002088754233881992,0.16220432158527656,0.0025257632074362876,0.15473806141501967,0.002659953775443859,2.0168141424420387,0.21968175023108888,63.0,43.58353282008168
3500.0,0.18563516480217498,0.004858942370991033,0.174538900526385,0.005312956859959302,0.15940769224917656,0.0060568088419842145,2.103894317401068,0.16067303152282258,63.0,56.465875820156924
3600.0,0.19140805109796694,0.00638529419784997,0.18092138577783032,0.006896805326768732,0.16626102593673672,0.007977861848531444,2.1393307111539857,0.17327257259644752,61.0,36.29965508586578
3700.0,0.18347216128101698,0.003199161765796119,0.17415528433691574,0.00347737283704195,0.15728021376772697,0.004204224203926213,2.1650817473051367,0.16498163498822252,65.0,37.91620074931415
3800.0,0.18299012045620264,0.0018697719295881507,0.17478709034273532,0.002166724268777374,0.1580155902704258,0.002754968959526208,2.204609015636817,0.17490948694235883,66.0,58.25532358866314
3900.0,0.18427991203944763,0.0020760302156289734,0.1746147282934702,0.0024268095914622705,0.16414810558615878,0.0029857745614863375,2.1589462191873734,0.21810943447679998,64.0,45.31251253100017
4000.0,0.17971883972422945,0.0015915640439756117,0.1667750600015132,0.0016238165403811655,0.15778113971015303,0.002223732326491776,2.0578060494668113,0.16199578971588555,62.0,45.71362425774285
4100.0,0.1806965424476843,0.001334728573101484,0.16633736586226,0.0011511998135510114,0.1576619878629714,0.0019406168827148975,2.0427286568670002,0.1252796828097462,66.0,53.15466034376521
4200.0,0.1812098103894656,0.001425782027817917,0.16802876930378563,0.0012928458728795858,0.1584265574553859,0.0020943217008935052,2.0743517959968085,0.1381173863138195,59.0,37.99242184165863
4300.0,0.18341607433439683,0.0014712634909865932,0.17410203268069296,0.0015750897620312176,0.15779028290243435,0.0022173501944181156,2.1881088978560843,0.14502931385557927,54.0,45.92220673205283
4400.0,0.19235415483098225,0.0024177902153752584,0.18537602657486613,0.0027249232934617672,0.1685957163679869,0.003387020522810372,2.2835015853842417,0.16075056845039293,59.0,51.011776327184165
4500.0,0.19419778251598677,0.0032920139886798397,0.1860581938312004,0.00358428498818211,0.16959026972068011,0.004086957786635258,2.247302499257699,0.15968041525514193,56.0,33.84700676504775
4600.0,0.20880988297430034,0.007669165755732689,0.19878277695119181,0.008154269102832892,0.1799387504282305,0.007800123795010788,2.211785365096488,0.1501964843156716,61.0,43.101100474012355
4700.0,0.20707531060299864,0.005956643733925455,0.19232841415766858,0.00621306634516522,0.18404637071815705,0.006345270153088641,2.10566685127349,0.1496125871947937,61.0,39.418611301008255
4800.0,0.21511544286713152,0.006408515435547034,0.19873007072719057,0.006784319397357904,0.19719637400257226,0.006671532617555414,2.1003257185725275,0.17588373014569023,63.0,43.1494690071896
4900.0,0.24921421828861137,0.012359936702581554,0.23816788249487963,0.013593144722885486,0.23086737864955864,0.011379319781369206,2.2961261138242675,0.24476123131758604,60.0,44.99982038495875
5000.0,0.25837354093552084,0.013376833513510784,0.24782049787561278,0.014751872724057091,0.24147288098301847,0.011920997999384685,2.3357001034137737,0.2602520679310772,58.0,28.9384622874025
5100.0,0.29479490481817244,0.0183863116965005,0.2813026351454165,0.02089734664143513,0.27321153994045916,0.015914579180838242,2.344629450855745,0.28540974951406595,61.0,32.00842776506735
5200.0,0.2674796916998525,0.012708823240806851,0.24299078090681503,0.01487300789567402,0.25321700782809653,0.01088950037192705,2.1401577208821854,0.25044464405932726,62.0,34.339564624131995
5300.0,0.30264856474668406,0.019437734055019425,0.2874367050710997,0.022491306302921548,0.28603809891082715,0.01602691993228638,2.337933988501893,0.30764874127794883,61.0,34.763732827095865
5400.0,0.2880021896919085,0.017770984731035864,0.27657201580624613,0.01994803502148089,0.2769350697899725,0.014452311309844838,2.386654946578307,0.29309575065060955,60.0,31.478094451934613
5500.0,0.3006720270259841,0.02084716397800548,0.28753813441680826,0.02379159348943128,0.2883433945937884,0.016975891221175925,2.3660407197567555,0.3136261624275527,58.0,33.56376320715272
5600.0,0.3169680202698764,0.02259517535918856,0.2998079914331357,0.026952115476745482,0.3034500135160914,0.01883092191193738,2.3311717947710537,0.349338328529623,52.0,35.68521453712418
5700.0,0.33468527580972024,0.025478120696129952,0.32085302121531084,0.03003372177149148,0.31918868891071883,0.021039717416195074,2.407225239064467,0.35959369897645166,52.0,23.03824341598246
5800.0,0.3768313242066634,0.02902036975461945,0.36931154160691015,0.03342198744325111,0.35672528373251666,0.02365584433275691,2.58504131703142,0.33129606455387217,55.0,25.060436827185608
5900.0,0.3242687749171428,0.023182639097956443,0.3147826543839601,0.02667684730188821,0.3129671651805866,0.019182168890986027,2.513982253995893,0.3262890207066385,56.0,30.524775806050368
6000.0,0.3293063498510944,0.023880287877171676,0.3201893723865383,0.027279175861684546,0.31680971039813133,0.019327246150162798,2.5355593009471806,0.3132047420108851,63.0,34.99633433016639
6100.0,0.33015061617831587,0.023075810261454856,0.3181761654296083,0.0267607419052852,0.316259743816548,0.018301659968044687,2.4823845645918885,0.3258106485819529,61.0,27.34205155268033
6200.0,0.32986374005981306,0.02078118427859828,0.3138717658831662,0.024932678303499416,0.31529252147183723,0.016228465813275868,2.424215868616063,0.33561786495529866,64.0,27.021744263534135
6300.0,0.3324007654772743,0.019165131237537006,0.3155367881989202,0.023406464067520942,0.3173464323492083,0.014753113278846744,2.4256008331497663,0.3301028031045341,58.0,30.69634807836485
6400.0,0.314408304327329,0.016715410485835948,0.30179230918202066,0.019538439047171913,0.3027811392641476,0.012637343239053052,2.4850115136951367,0.29073055817178317,57.0,29.62930242407888
6500.0,0.3231790131960286,0.016356697819707448,0.3147216071530042,0.01864510725178283,0.3113081579115498,0.012209541043554954,2.5821225974042497,0.2458886578964205,58.0,35.79903584943334
6600.0,0.33807705585410525,0.016227163619962473,0.32714632849042524,0.019455057519070555,0.3256793747311552,0.01256144314513384,2.552813369041159,0.2865634008150233,57.0,29.688872243284802
6700.0,0.3675401517951741,0.016001041018378546,0.35760960540014014,0.019438469359803298,0.35068491859847983,0.012106123095881457,2.605033951189752,0.26570563707172795,51.0,26.44896816617524
6800.0,0.36232412811855885,0.015370594587919116,0.3517388733273234,0.018586998420392246,0.34706186368228575,0.011475134826618001,2.5945267174313096,0.25169060027904583,56.0,24.836839288647763
6900.0,0.34964009716010314,0.01558092330215435,0.3395043844387847,0.018659323042139027,0.33696637636778626,0.011933470118437163,2.6150302768529667,0.2475770185806513,59.0,31.2671558752864
7000.0,0.33719348476502237,0.016130741626396813,0.3283482603236602,0.018673264325838053,0.32538897831280517,0.012152899553493277,2.6384233451541887,0.2193841374387276,54.0,34.49565550627567
7100.0,0.34340791779644086,0.01742131619353122,0.3316798626813284,0.02079136756902192,0.330084601107222,0.013148844212915456,2.5916150576759414,0.2563419244968739,51.0,26.043290138851145
7200.0,0.3653587778011691,0.01969219966133302,0.3511590802704892,0.024594640729915906,0.3489678535628323,0.015140785680423739,2.56702113954595,0.29994010588399983,49.0,28.1316658527915
7300.0,0.3536790287377368,0.01958116635323326,0.3400507794782232,0.024097207433489056,0.34060447044232717,0.015211004442499442,2.565346901087263,0.29816881714232196,41.0,26.733983239010342
7400.0,0.3657584266357289,0.02159798798501363,0.35868882152082887,0.025048781486837216,0.35300405034406657,0.01676811036578876,2.6890229301221367,0.23477159615572232,38.0,28.752822718510355
7500.0,0.37373806117573344,0.02181170513522147,0.36893025983366096,0.02495931756959041,0.3614240798087149,0.01715984938177177,2.744534276472156,0.20735721604506135,44.0,30.076946261785867
7600.0,0.38417600917572015,0.02151482125516344,0.37910833565089486,0.024929252967146407,0.37077733078505115,0.017032822223397172,2.7542763572562587,0.21181609586758485,47.0,25.193559691589883
7700.0,0.4131811435085629,0.02218202520048876,0.40730505473527695,0.0263478975516835,0.39468367167077784,0.01738782499161137,2.757696556151054,0.2245519148899262,53.0,23.587365250403273
7800.0,0.38821389000179163,0.019321958850480277,0.37608553308297943,0.024421856690862404,0.37376254590464925,0.015387167317742163,2.6308135376583737,0.285137532832819,54.0,24.896103459535542
7900.0,0.3817716689683671,0.01792355071874113,0.3675519926958124,0.022979725817913722,0.36822338557572276,0.01436541315096554,2.5871540141467837,0.2820836707228888,53.0,29.71782370973796
8000.0,0.3774018004121933,0.016387255574212542,0.36400769184612747,0.02074744217066969,0.36268244049814113,0.012738092390608137,2.6006812780934134,0.25267476915105513,49.0,27.36891334456951
8100.0,0.36316619677779055,0.01439335272619513,0.34831031362495773,0.01857852786743417,0.3494057144786156,0.01100215553995525,2.569354710182789,0.2581385147035074,46.0,26.67433892947433
8200.0,0.3808983477845272,0.014226728168537756,0.36774953276261857,0.018748313814392552,0.36453023476957014,0.011114794666722516,2.618683753126979,0.2604484282328168,47.0,29.37232665319663
8300.0,0.39900519485110264,0.01395939514447276,0.3900560301401636,0.017792575221725785,0.383764041630829,0.01168413302911823,2.7073958541591736,0.2218401177370187,45.0,24.753104826516424
8400.0,0.41279711186233337,0.0128414821163098,0.40638907296012,0.016028767510116827,0.39399872443505124,0.010445215413825884,2.7634270156977685,0.18276782543698328,46.0,25.476401225248008
8500.0,0.4031710796432378,0.012926118691403539,0.39558003831454797,0.01635797242763534,0.38582922994415014,0.010408759735286769,2.736749531625258,0.20431958349364682,41.0,24.11033167534728
8600.0,0.40057414235649924,0.013973175621926641,0.39187895546788803,0.017582366306377172,0.38240948747689907,0.011119514112541917,2.709231037131291,0.20998027988523213,37.0,23.974005839312408
8700.0,0.3945494942413233,0.015615662512699635,0.3831988329324114,0.020138227080365976,0.3784184007909065,0.012858124683449584,2.6547387992038445,0.25078935225257865,42.0,27.2406271626633
8800.0,0.3719055941469406,0.01674869690606797,0.3563737163443159,0.021842184801060777,0.3585233563943001,0.013755788478180873,2.5564091146615926,0.28977292886379075,46.0,28.38574518580508
8900.0,0.3734765433739037,0.01920578110418802,0.3606826930122011,0.02377457159098015,0.3583003280286749,0.015119400501452135,2.5852576062405728,0.2637280071707504,52.0,28.61349584738439
9000.0,0.3583580022561684,0.020480405214977574,0.3447910247999419,0.024888576689295,0.3462318345661199,0.016476633763353444,2.536075347660592,0.2643009382295434,50.0,26.566275189882816
9100.0,0.3874770399489137,0.022205509065112365,0.3757360991431402,0.027429267389080927,0.37374857581143045,0.018426407280186827,2.5969199200968114,0.28258115407727424,48.0,30.83303765155092
9200.0,0.41378854900372797,0.02139424780944516,0.4045284232278052,0.026518227655294,0.39787922606035786,0.017723614364097993,2.6690590713901035,0.26646283528129927,49.0,23.87237872810935
9300.0,0.42840188036143634,0.018969918276017204,0.4194139268382717,0.023954677859986992,0.41056452551172024,0.015344524605186477,2.695340064461779,0.25007805641077596,46.0,20.633817465582247
9400.0,0.4307733053259184,0.016476190340459093,0.42094000137102533,0.02157665920008291,0.41377999026109913,0.013268338308166042,2.6952763064632155,0.2538552220076515,49.0,26.83296964056955
9500.0,0.4126572965570083,0.016214689281674854,0.40066838292568413,0.021343058801362436,0.39835199277096806,0.013237822875037013,2.646529596343514,0.2617023549152466,46.0,24.009231615472014
9600.0,0.4095556627755084,0.01678983455498746,0.3974635758871637,0.02213901930488766,0.393038323372446,0.013588261310663726,2.6490372620236475,0.2691091246904983,49.0,26.283127390943392
9700.0,0.388828997200595,0.01603270308450768,0.3711405480751387,0.022206929585711244,0.3733844563935157,0.013055594272727108,2.5389518292793896,0.31217038763246685,45.0,26.28405722741682
9800.0,0.39877608636511747,0.01468840053891211,0.38207186702520446,0.020314292354334747,0.38255662945345215,0.011976754957532875,2.5550237947237404,0.28290766840070464,49.0,25.102821209166688
9900.0,0.4124976366280167,0.012993300008893203,0.3982142788216001,0.017865242139921272,0.39561654829748055,0.010615040127765095,2.6030292479008157,0.24536852809636217,48.0,26.722164051081624
10000.0,0.4119832235791227,0.013515946224515477,0.3987278061991297,0.01879666362689414,0.395309982145391,0.011429208992069085,2.628647145787895,0.27081910750692256,48.0,24.218329259965525
10100.0,0.4265516668021293,0.013638207450729753,0.41773632335564165,0.018015737676628646,0.405815595572473,0.011326477199084035,2.7133221024709733,0.22372457770501947,47.0,23.488862040521617
10200.0,0.40539869155263547,0.0157867188538705,0.39593068734835285,0.019789273188094498,0.38960914792103324,0.013202364267884079,2.667479309045786,0.22435315745067688,42.0,23.23339453550756
10300.0,0.38438319277786126,0.017024994431741235,0.3731098477338736,0.021057723859470363,0.3713839817914171,0.014078623582012324,2.6090201546548317,0.23846176958298157,44.0,32.51435466195334
10400.0,0.37405150767000284,0.018125610385902796,0.3606456930583453,0.022485670582808082,0.36061862543261913,0.01471616207739722,2.5585050785186514,0.2542949514993966,54.0,28.034507992438048
10500.0,0.3916209462904008,0.01921189104436343,0.37636105464232017,0.024935219424456777,0.3751778912833958,0.01576251142554259,2.554427239365531,0.29121511436621833,51.0,23.527154556201133
10600.0,0.40971353831637164,0.019274966113589705,0.3934810014679801,0.026121628245358054,0.39266278153489903,0.016260148158747722,2.5665348904970946,0.31572584751277916,52.0,27.105102475230947
10700.0,0.40915163988290437,0.01773479399787254,0.39209764422509513,0.024184136515629676,0.3940014981405631,0.014871719039768349,2.5504916083016997,0.2981524350821682,44.0,23.95445591240626
10800.0,0.43302591655500744,0.017019588529907637,0.4206598271987346,0.022650702111680243,0.4147708861344482,0.013759237072152692,2.6491495460547787,0.26073595969232605,43.0,24.33094696727237
10900.0,0.43533345911254523,0.016417449891579255,0.4256289151149628,0.021670806335780838,0.4186139992473031,0.013553695962299868,2.70980519257985,0.2521141771976927,42.0,23.25043936369888
11000.0,0.4400377346407497,0.01603290859783796,0.4334925750343545,0.020391703625222444,0.4245627613636925,0.013329744217921099,2.7726291876440987,0.21774784015209636,45.0,24.115258293681705
11100.0,0.44018976233958435,0.016457781769819047,0.4323019130082662,0.021217758177032364,0.42263326713744115,0.013505764779405759,2.74604997749605,0.22917043793221364,47.0,24.37871722014657
11200.0,0.41354460463383824,0.01669986947889343,0.39816826719655796,0.022770069601052625,0.39836769941173705,0.013884047406076074,2.588925827046819,0.2898567875608745,49.0,24.27391413196179
11300.0,0.41590015761717536,0.01695617119358251,0.3996296032708534,0.023167443838640406,0.39855612993498385,0.01386378201617104,2.569424546558743,0.28541350821785355,49.0,26.462506562372102
11400.0,0.4108629983870956,0.017156738221563137,0.39419334512531096,0.023583211734138777,0.39427173496815776,0.014450489434373985,2.5616816809300995,0.2973054741607532,47.0,23.397887266864082
11500.0,0.40670889580876673,0.017439976977485998,0.3905607188394387,0.023825431000792565,0.3897518165803459,0.014749902781571985,2.568879757996117,0.301780785084067,52.0,25.00310193429825
11600.0,0.4025055044406937,0.017066446208699994,0.38918756211736183,0.022246802137233963,0.3859775923083149,0.014093282010380022,2.6050573288036847,0.2673169404721942,57.0,26.557439324705076
11700.0,0.3884184904795227,0.01670527360991906,0.3772536675008643,0.020430876640836208,0.37578162390047604,0.01378205881566085,2.612710041840621,0.22548255167186898,53.0,26.965351167677614
11800.0,0.40526929314043647,0.017864866339977217,0.3964020021267742,0.021679373866936663,0.38995062119731827,0.0149070386295481,2.6649709279435534,0.2169803577866433,55.0,29.156518886588913
11900.0,0.41240667905196216,0.018149480600778697,0.40234318960548876,0.02283504808905864,0.3962591514646928,0.015498129087110435,2.6578741987597425,0.24431150669581822,53.0,22.9580974150535
12000.0,0.42206446828889804,0.017922631549557786,0.41057298990966407,0.023382528766091756,0.40271511969203566,0.015017218255846497,2.650344799749369,0.2614948559686975,44.0,23.388753668379913
12100.0,0.4059598761399417,0.017866083804222173,0.3893754845828786,0.024000756507738138,0.3901111708984515,0.01496603295230957,2.5498958439481276,0.2896994020173233,38.0,25.765209251811534
12200.0,0.4014558040209648,0.017455282819926587,0.3836767898624265,0.023461667446625464,0.38712100702218677,0.014523225804722697,2.526163309633204,0.28624992589543585,36.0,26.53346945566027
12300.0,0.418542797294814,0.018668017875902568,0.4050873119655154,0.024704501267976253,0.40134864872753995,0.015275271942051053,2.6257015064547686,0.28695557992089055,38.0,25.40208399152676
12400.0,0.41551791959042067,0.018192326442468088,0.40305095774096217,0.024074495506200718,0.40129313297651525,0.015256975234249764,2.6494958956984473,0.29016850931839033,44.0,24.21867169678632
12500.0,0.44487211282195593,0.01737854583355228,0.43598633442038714,0.022686124407895584,0.427528371122609,0.014550816435986318,2.7288813093493354,0.24529479891357694,40.0,25.270449753027105
12600.0,0.44109371941676273,0.016309091699723145,0.43109569138990467,0.021114642022131373,0.4244230678541319,0.013516779801432115,2.6962983555052613,0.22670110016901865,43.0,22.64873143529539
12700.0,0.4387183482607186,0.016963688339672822,0.42793710647880234,0.022227217433531943,0.42156044269206355,0.014322282749576936,2.6829184082441064,0.24365264000183584,47.0,23.12780366602204
12800.0,0.4381154504046863,0.017784323172188515,0.42742191238124844,0.023467605972248194,0.418521550973412,0.015038050151555233,2.688423823825681,0.25912721409675954,50.0,23.569914788238044
12900.0,0.4121363502697716,0.017655547900684097,0.3983456613165386,0.02352791115038281,0.39667690209637413,0.015137019433775956,2.6158635539980573,0.2858284513963188,50.0,23.440190685450194
13000.0,0.3952566593958242,0.01685401465153449,0.3808018809526769,0.0221146499627627,0.3800976620989563,0.013890706507058901,2.58929485020715,0.27814171481819294,54.0,29.724000412458388
13100.0,0.37964678659855383,0.015665824948298396,0.3650835362758604,0.020084813310898206,0.366253448863608,0.01272458496635652,2.569854210828194,0.2601679073051372,49.0,27.50168963071232
13200.0,0.3965493464387182,0.016717860010928266,0.38475785866125856,0.021143246421694836,0.3803188734030384,0.013805675945914806,2.6285326091391013,0.2468416549086065,49.0,25.632419124423944
13300.0,0.42025535326482993,0.016891505754191835,0.41176660708016766,0.021223339733532933,0.4032384156807351,0.014677200529682978,2.7059596875025886,0.2281324425403404,53.0,26.30715433290596
13400.0,0.4164873986866217,0.01686580004986595,0.4091605668252256,0.020548182149410132,0.3992117497914723,0.014419903599898207,2.719060815203739,0.20515880703242056,49.0,22.09703910716989
13500.0,0.41172943293304043,0.016975091500320057,0.40430730042762014,0.020398670715214923,0.393517396863038,0.014050687175792411,2.7119758771378044,0.1962248949538231,51.0,25.677984260706566
13600.0,0.393990197496404,0.017593044816424215,0.3836424004753931,0.021550060218316614,0.3802848513337211,0.01484619569900518,2.6430401796583864,0.23594533343162846,54.0,26.568066337604748
13700.0,0.4027903856797235,0.017601101810500876,0.39299485595571076,0.021881665590680447,0.387363071903953,0.014655905889523754,2.663749364462761,0.243150896883858,52.0,28.070304744473045
13800.0,0.39565712827963295,0.018550687382586407,0.383106935005154,0.02361843404914991,0.3809133783986509,0.015515835236764664,2.6058231857683327,0.279090535517417,53.0,25.63032587776214
13900.0,0.40148367357602743,0.01938508751462096,0.3876463948465855,0.02487124584315828,0.3857410198425136,0.016157081938050065,2.5849162229983658,0.2835708169418999,50.0,25.247722678631497
14000.0,0.42377216468801987,0.01855293741238145,0.41254725356281263,0.023455365132804978,0.4069616700271041,0.015431678677149516,2.649181724287382,0.2450414125489239,53.0,25.91430149595231
14100.0,0.43836652936632414,0.018036523706804346,0.429108062867681,0.02291329953740996,0.42223706306650616,0.01546273308406165,2.7007994256299765,0.23630288473023298,53.0,22.05841722648081
14200.0,0.45777839777723783,0.017808204331464857,0.45154815286713224,0.022411758479313718,0.438311997816311,0.015205058831057544,2.7739570535141613,0.2163427703606707,48.0,23.30075933407294
14300.0,0.4349159646974477,0.017955545863393464,0.426828617653514,0.022500193303373366,0.41860548901179995,0.015081733523602885,2.7257938900556558,0.22873128159207096,51.0,22.37383059245935
14400.0,0.41471541329681527,0.01747737495228582,0.4033661674618487,0.02215397712811126,0.40094603216597935,0.014565286589628605,2.646543115466696,0.2486729382006327,51.0,27.450642208957117
14500.0,0.41012383331330876,0.01803608317823331,0.39678189942315145,0.02319896307140639,0.39474238131892364,0.014991178949673674,2.599224054661996,0.26548812077369416,48.0,27.963016902293106
14600.0,0.40512703534114824,0.018395442111687057,0.3908606399607844,0.023911016764008745,0.38890961532383705,0.01547756486660075,2.572889986204779,0.2827072134767204,46.0,22.37454066577175
14700.0,0.4233495963748348,0.017608816078401084,0.4118264909007934,0.02288886089135823,0.404480540717237,0.014924831376298768,2.6408030878108093,0.26226067809740494,44.0,25.179040006773455
14800.0,0.42193664976391443,0.015671225798660343,0.41088039169512264,0.0202133631053149,0.40615450494391453,0.01348300069687,2.6484958246161105,0.23754896393057287,46.0,24.419898913724875
14900.0,0.42559671041449165,0.01388642873732617,0.4166069695302896,0.01737185755614277,0.4090389425841066,0.01151988157177943,2.6917388722574764,0.19598706494740628,43.0,25.316963050535357
15000.0,0.4268662465260023,0.014587125507282566,0.41986463822975867,0.017971209749656436,0.41053945540707076,0.012181196185637394,2.7319763122321996,0.19693664461526234,45.0,25.21935564913154
15100.0,0.42345425621851507,0.01619093026637185,0.4158864424911687,0.020020943402201476,0.4082027604030805,0.013787343843184155,2.7107273451824185,0.21919125582785612,44.0,24.223958799319377
15200.0,0.4230454953176035,0.018647482563987645,0.41415056225710056,0.02286730604722798,0.4060147004054272,0.015711232266742776,2.666899430711546,0.23282301856568838,42.0,26.27351735372811
15300.0,0.39753362760016775,0.0200322758138112,0.384635633411324,0.024462749594679648,0.38409775345960095,0.016809420418219062,2.5509561976731225,0.2522302074503937,39.0,25.677424259856664
15400.0,0.41797988693205845,0.022655812126282926,0.4076054042336763,0.02727731122060027,0.40167410446595936,0.018857105533912507,2.611875882307157,0.24915622701431622,40.0,25.60686032192146
15500.0,0.4403148895154747,0.02309269432890708,0.43334882315533624,0.027454344462304436,0.4236335945578857,0.019578468608790398,2.7001809199179534,0.23270387954235153,45.0,22.674445103290697
15600.0,0.4504342845179284,0.0215579930406883,0.44567305570100546,0.02532571788966719,0.435946811188364,0.018431415973004572,2.760988058787184,0.20520406393185037,42.0,23.361881916058536
15700.0,0.4529324913623564,0.02284005113017302,0.448553835025183,0.0263086418207885,0.43698875094257444,0.018907278403371655,2.7712890260803027,0.18778172347600824,40.0,25.31671531928863
15800.0,0.43324824089649294,0.022832886136180425,0.42608526625938675,0.026572683556471834,0.419674186769081,0.019031526312636805,2.691858067366108,0.21404746004034697,44.0,23.39470077290454
15900.0,0.4368632724207499,0.025640304417710282,0.42930190311485233,0.0300445705846628,0.4216957048402578,0.021668302676133195,2.668543143090775,0.24129907655135208,41.0,24.545957621231725
16000.0,0.4366720771595316,0.027026804249561193,0.4292454166207847,0.03160374208770676,0.4208095171230486,0.02301801095575881,2.6600374216963827,0.2482959319267201,40.0,24.748863873600587
16100.0,0.4172443562815417,0.024906959541580384,0.40795378720383624,0.029247733354333786,0.4028878790284628,0.021113414293614897,2.607002766701458,0.24713436221008256,40.0,22.672598546855617
16200.0,0.43237038129647487,0.022118525731195285,0.4242834056531983,0.02597384825609296,0.4161281083385433,0.01852487421630539,2.6642707962660213,0.21462743346624882,42.0,26.339242335949802
16300.0,0.431593724853513,0.018345058919652275,0.4246427108291938,0.021469447410192022,0.4169787206665555,0.01532562454100923,2.704771463602609,0.18735097284227456,39.0,24.388083620065512
16400.0,0.4418252582599872,0.017416613197106322,0.43728900994003694,0.020234327371449104,0.42695595838967926,0.014792996012232088,2.768298262387612,0.16997697387890653,41.0,24.386634304481728
16500.0,0.4485723523006816,0.0188445113437197,0.4435835765592788,0.02204152639865013,0.4309633787054388,0.01606501357421767,2.7563725508559154,0.1802107006670868,39.0,24.61234595839673
16600.0,0.4238664155532065,0.019976750376079568,0.4145714738125891,0.023666126587827456,0.4085622978000471,0.016836242231761438,2.6363805593717906,0.21276534702435582,37.0,22.229531632745726
16700.0,0.4235824835622878,0.022724967378819325,0.4130724688269009,0.026780530104340453,0.40808040298052756,0.01912256636316272,2.602436090668253,0.22062520597748428,42.0,27.20831703851598
16800.0,0.425529009471282,0.02457823284137066,0.41571208585794744,0.028867997318358405,0.41069300294755495,0.020941877374507808,2.6123013885065096,0.23403598290396163,44.0,24.37939964980532
16900.0,0.44137244568561385,0.024882952607256627,0.4337970768918785,0.029019453563980308,0.4259411074580792,0.02122294558070604,2.681385256910505,0.21999704864916383,43.0,21.839694243666283
17000.0,0.4598445935980986,0.024600988338877416,0.4540861987378304,0.028353094859569553,0.4436961186585286,0.02073863076258059,2.7471762612865507,0.1883962924336955,45.0,25.43928171001397
17100.0,0.44936902272898344,0.021474909723375058,0.4416725269591863,0.024985858682265365,0.4363788124714632,0.017942645600630778,2.7111244263365526,0.17831939117881748,38.0,23.749327224690916
17200.0,0.4697612910494794,0.024313215526709685,0.4630522104374525,0.028281589960221884,0.45361496131407086,0.020555427517376934,2.7365364585549723,0.18104842413601724,37.0,21.998972841022237
17300.0,0.47791110172186213,0.02686951972291592,0.47167397157163027,0.03126840121796596,0.4598700393545583,0.023046407522019835,2.7408495559262214,0.19522023760768878,37.0,22.65987880132003
17400.0,0.44801813377666067,0.026428545772141574,0.43897098340468677,0.030834568620119754,0.4327582707876591,0.022649444327514246,2.654666995431609,0.2140889632440459,40.0,20.708899527158398
17500.0,0.4394408252445169,0.026227408555452327,0.42926366698978635,0.03042261849300592,0.4244631803829253,0.02214973680305483,2.6235416821578994,0.20740320049345623,39.0,25.378953096392507
17600.0,0.4276747138376001,0.023716420125239293,0.41782591537787,0.027376530321052948,0.4135731837405648,0.01993030506079604,2.625850357835045,0.20229663168476825,45.0,26.517184455362425
17700.0,0.4291470811305509,0.020822568833234283,0.4217384113879291,0.023922300676817557,0.41493939523442247,0.017598567867474074,2.686488792002414,0.18954556648065332,50.0,23.004585979247608
17800.0,0.4547481885715298,0.019506072766948827,0.4495143345713507,0.02241532997284405,0.4369105600523647,0.016760212295311747,2.757145646464315,0.16130268382867294,52.0,24.7386534155782
17900.0,0.44510322178302625,0.016177425890249012,0.4377430459961123,0.01900467624828036,0.42909008012283456,0.013880238351713741,2.713279929651355,0.1587351001428215,51.0,22.992315748574416
18000.0,0.4436825900734699,0.01693096696195932,0.4356957427589139,0.01977697861508328,0.4264073895253838,0.014352824743916763,2.6963272664781037,0.15696060906929893,50.0,23.242965520494067
18100.0,0.4449767792657684,0.01983574349303264,0.4380060207315564,0.02285497087028815,0.4269750579151794,0.016958218065429277,2.7051882539457694,0.1692511766063142,50.0,23.6824214809813
18200.0,0.4279958621538559,0.02143998364006214,0.42046779882846747,0.024484555744530536,0.41382271333121234,0.018452987101867657,2.6667979015311376,0.18964891212697152,59.0,23.57033245594645
18300.0,0.4329034979231153,0.025297936032624996,0.42588636858876494,0.028427873859540057,0.41797376395415375,0.021383453609038306,2.67648706150633,0.18668226137545077,62.0,26.72678409274036
18400.0,0.4244255053449847,0.024569703233411986,0.41568241424458735,0.02765622534327987,0.4113370056173857,0.02065518455268854,2.636955600036477,0.18414472528151501,60.0,25.409307673296727
18500.0,0.44678503694321603,0.026256748686937406,0.4396426220267999,0.029602950038967266,0.4318907174994579,0.02238473122080928,2.6873287853299352,0.18189904336144286,60.0,22.66004303496466
18600.0,0.48759776993120146,0.028280265543092407,0.4841518777150106,0.031611911938963885,0.46933496725678975,0.02443589333173283,2.7948066896158563,0.156795436476749,63.0,22.387842116388043
18700.0,0.47288049547497696,0.025963813936198676,0.4687479581466108,0.02906720145424221,0.4572107427802294,0.02241723731947815,2.7770097958394553,0.1556421504780437,57.0,20.7075341413855
18800.0,0.4565119852323725,0.02726622041482099,0.45143851350894687,0.030247579648981223,0.4413023842505465,0.023213416440319358,2.7455456017660125,0.1577841675769024,60.0,22.883334914260377
18900.0,0.4454092615958952,0.02885446428908345,0.44078844636542575,0.031691325819695186,0.43025829645769736,0.024386590787809914,2.738382159635631,0.164035589183783,57.0,25.42802328955513
19000.0,0.41947962109913556,0.025794961262049998,0.4140655217785902,0.028476225792258367,0.40748270404946857,0.022125590197975213,2.6894853827731318,0.1853782971403285,57.0,25.195839589500952
19100.0,0.4258559805915922,0.027125408924349947,0.4207152965458879,0.029932142600954365,0.41083081098446367,0.023198321316941953,2.6920334026842614,0.18505958833089575,53.0,25.675340216887548
19200.0,0.4193969392956552,0.024316262425137666,0.413681349149265,0.026762312105774438,0.4034398740899421,0.020522424876892306,2.6865940510055286,0.1709982796581645,48.0,24.17370024254992
19300.0,0.4212999997059907,0.020455924631442635,0.4157753141950636,0.022586834692304106,0.40644790248619594,0.017434889133909476,2.7109642300399868,0.15183120673486963,45.0,24.284546297371495
19400.0,0.4479066607011786,0.020013991808459326,0.4450113037016469,0.022005013330613464,0.42968502036065215,0.01735585688017374,2.7966621679510366,0.12330938607197345,42.0,24.63390301042844
19500.0,0.43825601674487913,0.018806887303632763,0.4353437284011912,0.020652219176451044,0.4224858259685473,0.016335484054481743,2.792495829279208,0.12641184262389463,45.0,22.12609885890681
19600.0,0.42999619274792894,0.019740075833009938,0.4260799808574291,0.021626502799979755,0.4145767892338068,0.016684462620692214,2.7661944881894507,0.13051315262717025,44.0,26.266326119460448
19700.0,0.4228268943999189,0.021585532847585544,0.4175210030360386,0.023640391087868202,0.40815508582748594,0.018123074340595367,2.723865997795907,0.1411990050351379,50.0,25.87495254581457
19800.0,0.42681716515097884,0.023218918621681916,0.42049444269426806,0.025727248415484412,0.41291351434329393,0.01993984332850742,2.692233809420611,0.1621729395480903,52.0,23.77990441269049
19900.0,0.4519244412118277,0.0274864677246921,0.4461750841997221,0.03055506589652912,0.43472820367983006,0.023605916535395267,2.7174625812448645,0.1643122568510951,50.0,24.752429452333068
20000.0,0.44748287265532793,0.026824639552054184,0.4410953517906953,0.029733816988038956,0.43129377108744604,0.022858133296615003,2.7099147179417904,0.15346445399081138,52.0,20.840278865287747
20100.0,0.45165932610348525,0.024942579249789567,0.44535109872026174,0.027697129657804256,0.4369179213667636,0.021230263805564347,2.7278647617931524,0.1389906877110059,59.0,23.206633860583477
20200.0,0.47364374552618776,0.02547545407957478,0.4699247085188315,0.028142853272194495,0.45762920713560223,0.02174940839830556,2.802158699855385,0.12383273564260325,55.0,25.290757934783088
20300.0,0.46215148964822006,0.023017994632297215,0.45907598675188005,0.025214989208674606,0.4476467935970739,0.019588222293257476,2.8171508844120243,0.11119849048409786,53.0,21.082859552560283
20400.0,0.46589651810654376,0.022354681294166123,0.4616078725132372,0.024772724679806676,0.44922813640876474,0.01909134346651601,2.79227737806016,0.11731916596082016,58.0,22.80011800164089
20500.0,0.46413115288585327,0.020574702293624545,0.4588987998834962,0.022994552364874164,0.44689405128573384,0.017605320100541333,2.773175890953081,0.1121657994905194,57.0,24.152236586489245
20600.0,0.4533008500942324,0.018259608200036723,0.4476358996676905,0.020507084134911136,0.4371422884663778,0.015861923143931575,2.7570557903447135,0.11970474702015607,56.0,21.134645108583484
20700.0,0.454350289000608,0.018842490174329835,0.4486838628537535,0.02115614371311323,0.43570656664675583,0.016200163284516806,2.7570631377069104,0.12107574383283205,51.0,24.093624712249976
20800.0,0.4356190772771779,0.016971771819827553,0.42963918110384325,0.018828163062682996,0.4192070412373256,0.014269582078653734,2.740700190265325,0.11645347535456782,47.0,22.925824911373972
20900.0,0.43113009974505057,0.01575697701847143,0.4257528221862397,0.017344055229863573,0.41677291311924575,0.013209808202990196,2.7545530398531377,0.10756230548329379,51.0,25.265616755036948
21000.0,0.4476733259977063,0.017139373358943253,0.4431785911394396,0.019016285414912355,0.43127782266982856,0.014684011296141313,2.782091974020251,0.11078548603302014,54.0,26.74342180276263
21100.0,0.4537765542121577,0.017393867944168417,0.4495398348296852,0.019356014483575656,0.4367466096172943,0.015107045849931017,2.7889769021272515,0.11085303682204707,55.0,20.364140719607462
21200.0,0.4703638746773665,0.020152333641376002,0.46669611161170027,0.022330410424345682,0.45131139725784697,0.017439771689722265,2.80692367854938,0.10206157119127293,58.0,22.487026076994496
21300.0,0.4670031540713721,0.020913540926053322,0.4627328425874782,0.023237720232554174,0.4506280492247049,0.0180929798989264,2.7893674392806163,0.10901993191284318,63.0,23.602278847996093
21400.0,0.4682519664014047,0.02442685349218043,0.46462928658016656,0.026945623382294892,0.4523636422495605,0.021177129914422475,2.7929183187613367,0.12555520178137272,60.0,20.40474246684857
21500.0,0.47089351788345984,0.029710238567505046,0.4674267177533879,0.03257164013746628,0.4542289948408984,0.025366344199907836,2.7857733533291067,0.14052284230547574,55.0,23.96451203756985
21600.0,0.4390784344239085,0.02808949926260108,0.4340275558299408,0.030699917024797956,0.4265870575131921,0.023841200702026256,2.726247691974096,0.1508098413887762,52.0,25.03049360391236
21700.0,0.4425843300973229,0.029917457416238278,0.43820227316802374,0.032621907235648305,0.429597205451734,0.02553955376935505,2.7333736490767935,0.15228179443299455,48.0,23.229698112048734
21800.0,0.46918306369216733,0.032170585825641036,0.4658724979706144,0.03528492784170979,0.4524709393524485,0.027687506759317203,2.7689938339045996,0.15695287900441177,47.0,24.088330316952447
21900.0,0.45608416097996085,0.027823145715723464,0.45267862866486547,0.030516555554470807,0.44066466758254724,0.02404644093123488,2.767047755120362,0.14591874839282995,47.0,21.61196313698244
22000.0,0.4534387617783917,0.026613797548404212,0.4512115728235248,0.028808394349257124,0.43768548676372315,0.02281410264616653,2.799078832526922,0.11571919435566554,42.0,22.176302205781322
22100.0,0.45793384348585614,0.02537244055697384,0.45634963693407204,0.027498230296356455,0.44169564427112823,0.021865370897859393,2.817615373926394,0.11508303125812695,50.0,25.464871702830987
22200.0,0.44084890962000134,0.02369545580079338,0.43867861182077234,0.02584056046260843,0.4267881256436052,0.02047623404771681,2.787396821150766,0.13970093036699807,48.0,22.604875806759946
22300.0,0.43881970060026343,0.026914912793371163,0.43595845945492,0.029358161917543417,0.42289586973256277,0.022940914526626475,2.756216953958773,0.154887308412297,49.0,24.260338157372654
22400.0,0.4238271254689796,0.026465574683870497,0.41898042183152745,0.029082885412078516,0.41003340105452524,0.022556337343296283,2.6918945239317877,0.16807266374262234,46.0,26.6785048396256
22500.0,0.4312938229844462,0.0268535444746615,0.4264732205574409,0.029614971264788584,0.4176176749433779,0.02313016510456504,2.6969338404692933,0.17063703925474707,44.0,23.23738519823394
22600.0,0.4727100084759408,0.02996136775732837,0.4698604824193745,0.032996834508991345,0.45458201634029616,0.025928820117098735,2.775804363432596,0.15680728792270007,46.0,22.646039015248355
22700.0,0.4694101366534702,0.026313972252223795,0.4659794697368079,0.029157988194019206,0.4538303043041701,0.022768772548093476,2.776672850196885,0.14550836676947854,51.0,22.09920921584989
22800.0,0.478198410225301,0.026220284150182863,0.47552123492006754,0.028867706278001903,0.464106919159952,0.022768399866377825,2.807361387185007,0.12335137621112911,49.0,22.339813869419228
22900.0,0.5057333233256597,0.02922375324462787,0.5039589115370374,0.03228875427774993,0.4886595933882029,0.025579724143542905,2.8377342829104872,0.12818273177355005,49.0,23.11400787773966
23000.0,0.4853182600378913,0.028056991632002225,0.4810224939471469,0.03148316690407818,0.4694390984569528,0.024508783639019285,2.7677070870484766,0.15451761949519152,44.0,20.657091927858303
23100.0,0.4782025804573371,0.029441453320092667,0.4732670535957909,0.03285204673440674,0.46212299856514827,0.02543826034663522,2.7439294368042657,0.15253628253912285,46.0,20.52524410278391
23200.0,0.4807122485236945,0.030358799291199813,0.4759261605748088,0.03383274977778503,0.4638593139491115,0.026278862657985028,2.746448321027137,0.15496173700866422,47.0,23.982635491614815
23300.0,0.46955016878479255,0.027947284605592836,0.4644845698625968,0.031308781484862803,0.4549681292388126,0.024991547972362263,2.7339913796361657,0.16808966144954335,48.0,22.188115031663482
23400.0,0.4823911233491959,0.02626722709584746,0.47889107107470485,0.029304256701965258,0.46561690276331785,0.02368205609068111,2.784532712170658,0.14369271291716007,46.0,21.64734809803686
23500.0,0.47488147658722524,0.021720056085847816,0.4711207464233234,0.024272945971602993,0.45703734317151995,0.019129476792038826,2.7875480123404652,0.12052017448171776,49.0,24.041729125054175
23600.0,0.4664012822180889,0.018919802613803424,0.46269877529059694,0.02125191594175719,0.4495299268178577,0.016848155288418026,2.786225518362089,0.12102562900057535,49.0,20.830072734196957
23700.0,0.4794939481441255,0.021607730142223485,0.4772171698727441,0.024005919041823247,0.45977560367086817,0.019428549687403717,2.8194544221381914,0.11848638427616641,47.0,21.717361889003314
23800.0,0.46271474165656107,0.02321870026719072,0.4591361193984574,0.025836251689412965,0.44701004187144455,0.020987197815921337,2.771081374275613,0.13976611562070623,49.0,24.188461860377554
23900.0,0.44585411915801093,0.025348860659345256,0.44138366283799463,0.02803606053583751,0.43191256279308715,0.02249097536676867,2.7295329390655887,0.14988210000613314,47.0,24.2721923878264
24000.0,0.4642384136256929,0.031009796449864735,0.4610674557028338,0.03406874491875184,0.44675169480768545,0.026992341417072494,2.7585165441347517,0.15779027609950083,48.0,23.47834686208238
24100.0,0.4615727282531531,0.02973329994842128,0.45808280782933664,0.032864292830624725,0.4467671545664331,0.02603901176937382,2.751434554152667,0.1643340962412067,50.0,21.965699341016762
24200.0,0.47782914441296437,0.0315297026827701,0.4756100605708944,0.0345808629667542,0.46273853675716764,0.027544260867266974,2.7946971904998494,0.13946241070993182,44.0,22.018629364851876
24300.0,0.5062871487058208,0.03465185795108142,0.5057422988154492,0.037750722921516544,0.4899505821489178,0.030432834702024115,2.8480953969665497,0.12111752037868001,45.0,23.047272938242845
24400.0,0.49879049956397004,0.032321810972105715,0.49785651663647507,0.03543794811058637,0.4841704823340542,0.02845696298518057,2.8367594032555803,0.136229965328202,48.0,20.68952220535544
24500.0,0.49671178703479046,0.0352922777050999,0.4956765979115452,0.038546766158072156,0.4812556082907079,0.03064453800393307,2.8265145322030305,0.14507386288717677,49.0,20.011955542153807
24600.0,0.48704990046834473,0.037224556362859,0.48554992648513057,0.040464457646240695,0.4717435546408276,0.031969568448097944,2.8089244034410314,0.14513211132307813,53.0,24.06624715578717
24700.0,0.4708794728866455,0.032307408909742416,0.4690416464012057,0.035150814347595434,0.4584104093216868,0.02815466618795505,2.802890141478218,0.1401681948352783,54.0,23.547410210103756
24800.0,0.5087320513206766,0.029788026508761237,0.5092066577377539,0.032325830773118056,0.4932397901888474,0.026522869306447858,2.886330914845838,0.10685199199052788,50.0,20.480608286090536
24900.0,0.5205441142235483,0.02513774878540135,0.5217786895673573,0.027227931919658745,0.5019993879207474,0.02241637110865414,2.921466324492528,0.0772474903418308,51.0,22.297978868697918
25000.0,0.49015393670125995,0.020923177900189438,0.4900268192383151,0.022711877467616583,0.4739914120705197,0.01853852428004092,2.885095197362758,0.07151027484458237,49.0,20.638306450626906
25100.0,0.4890579482946845,0.02095200235565606,0.4894430356644148,0.022590314007844014,0.4719343163644546,0.01866865765979388,2.89660892621646,0.07361587886206286,50.0,22.07092023557792
25200.0,0.49617828211552495,0.019470577340616343,0.4974520404867221,0.020953332648165297,0.4796718359832848,0.01775428590556653,2.9226262019311373,0.06847069558180953,56.0,24.655692801970716
25300.0,0.4965278203183588,0.018188764559611093,0.49739291883694003,0.01967815122430254,0.4803735813794128,0.016743871496609698,2.915286845567854,0.06320703997213957,54.0,20.49215775009904
25400.0,0.5079126805592258,0.01980732494291688,0.5087943827289961,0.021425638582396506,0.489297946298037,0.017863101013578506,2.9203807039428225,0.055220744670334505,53.0,22.756960714221062
25500.0,0.515384576055415,0.02107185648882861,0.5169737674663885,0.022727485177824816,0.49760679502806854,0.018985773292027025,2.9356878416003473,0.058622096906719684,54.0,20.416184547165862
25600.0,0.5178784003872665,0.022684179271018384,0.5199549994451617,0.02440886900375845,0.5028587317684224,0.020292041799895348,2.941619726800864,0.06835120328770378,54.0,20.529242945160178
25700.0,0.5298169179559279,0.025863848527437658,0.5319211340810467,0.02783189627554374,0.5132206240073405,0.022600026210066376,2.942983116757472,0.06659902697714026,60.0,23.6145858143487
25800.0,0.5232659277763424,0.027942719358432424,0.5249484229379043,0.030090697029717457,0.5073259916472117,0.02427840938715939,2.925144846183359,0.07359203974524335,52.0,19.86909469712608
25900.0,0.5268318266681267,0.028734442088303877,0.5289850655990188,0.030913929805297464,0.5114677521500695,0.025150852159247467,2.9335350244218454,0.07689802760933308,54.0,19.063090326282506
26000.0,0.5387469940658768,0.02929680063588084,0.5415619209372313,0.031467513131061095,0.5228445215369651,0.025601749724577127,2.950264282981289,0.07800789316080085,58.0,23.377546458918914
26100.0,0.5175121009607224,0.02984093491909324,0.5195099569726257,0.0320990630125814,0.5029050212284026,0.026065528556224293,2.919855807728125,0.08597562415973242,62.0,21.295075726878363
26200.0,0.5054046780313545,0.028550077604489757,0.5068412397615386,0.0307611513573678,0.4902628907054743,0.024869405268675576,2.90467566806695,0.08291654117071623,60.0,19.929203680116984
26300.0,0.5165652821484081,0.028735260621572358,0.5181909987491637,0.030942842028452204,0.49878848595427094,0.025083003948652066,2.9165231416678825,0.07729412284944347,59.0,22.14149672869266
26400.0,0.5036246007547048,0.024805211635246897,0.504796861466681,0.026864938547562653,0.48890071409279573,0.022167915254331514,2.905257628700334,0.08025713483729757,55.0,22.536767071122586
26500.0,0.4968340900504974,0.021757905435863836,0.49743891198853196,0.023716028151567335,0.4826285448145333,0.019636592979161697,2.8960781117738708,0.07950834128380713,55.0,23.203213664819554
26600.0,0.5013622772531876,0.02237704334746896,0.5011279640045162,0.02447958713877072,0.48307193248400804,0.019743243134131495,2.8853357597988047,0.07526051978729434,48.0,23.000828130043843
26700.0,0.4885778820347504,0.01929057754035651,0.48702094417557185,0.021422557409094482,0.4732099631392759,0.01703511693374201,2.8560087147127855,0.08559712917698017,48.0,21.91400686309307
26800.0,0.49802863696133126,0.019348151387064687,0.49669429876124505,0.021616292082519754,0.483546187345524,0.017215397303003428,2.8667570321942226,0.08913796018936497,44.0,24.512629209607457
26900.0,0.5158243938262803,0.02211203906297796,0.5152409987706356,0.024569932630069576,0.49971699162519606,0.019655230214609323,2.8878659376670783,0.08895947842683602,50.0,24.230753804064122
27000.0,0.5171806574268101,0.02204165213166414,0.5168893409810306,0.024451394763567755,0.5013366995694876,0.019528005107640627,2.8947185069241868,0.08677973501504292,53.0,19.6085622356211
27100.0,0.5361954353384512,0.02471737266872104,0.537009329298497,0.02717465156833447,0.5182174285544342,0.021603611736704404,2.9222460744839713,0.08221777079254992,54.0,19.4265204857967
27200.0,0.534508519338731,0.025629797624779162,0.5352955946143624,0.02817115824708975,0.518266743682003,0.022186638095491887,2.918012452600127,0.08745114451529618,54.0,22.48355535117726
27300.0,0.5118593333341123,0.02470571493246349,0.511704084088116,0.02724410731116536,0.4989011737014987,0.021471740122621374,2.8871047976039246,0.0960862269982253,58.0,21.90114115814123
27400.0,0.52859240303245,0.02872079996537114,0.5293307612841618,0.031336578179862566,0.5116365557689522,0.024857585441156117,2.908456498992838,0.08682106328843317,55.0,19.57042882708907
27500.0,0.5356944020482054,0.028097792049410007,0.5373132747511282,0.030470377350455175,0.5179232063097391,0.02440630319012013,2.9303481294224674,0.07762962180507922,59.0,21.221248706689924
27600.0,0.5081401085776602,0.025000971059991044,0.5088656630697628,0.02724302749761966,0.4947140298300624,0.0219441901633423,2.90220314109177,0.08011052250513424,54.0,21.41733056542745
27700.0,0.5041157190345212,0.02547394370353153,0.5045379161580482,0.027720793691040257,0.4892366858575254,0.022238009823139716,2.894168338442712,0.0786814743418078,53.0,22.849632658069034
27800.0,0.510589122560952,0.024537239702307506,0.5111652102184666,0.026673530658528143,0.4924132240259666,0.02136202507119664,2.9049949627921055,0.06926691744932573,45.0,21.909193997980225
27900.0,0.4996765907492855,0.02171694834461973,0.4997295607644633,0.0237305092689837,0.48329345552881375,0.019144697857687167,2.8929363610693275,0.07065332299362745,45.0,19.028165244461697
28000.0,0.507570619653014,0.020931769112397223,0.5076612720092196,0.023003498531576027,0.4917566317389561,0.018644925480311693,2.9011448113808784,0.07095413536929318,42.0,23.805587552750836
28100.0,0.5057730941330352,0.020609989805273295,0.5051294893241662,0.02282053349921488,0.4901818497243988,0.018274510925620227,2.886727981760857,0.07737395823599146,41.0,24.067489310943888
28200.0,0.5056726737127514,0.020899193840607733,0.5045408829328916,0.023218386702818523,0.48888705564516427,0.018378725086281907,2.8765675245983813,0.08268199174395673,45.0,18.559233038178654
28300.0,0.5277990250358,0.022016034893113746,0.5278914641697514,0.024333980520187003,0.5091147624596225,0.019252071641980024,2.912416083522103,0.07590193487274048,51.0,21.306130246588204
28400.0,0.5251849810266468,0.020769780193276313,0.5247977891740091,0.023224139329277336,0.5100824583670915,0.01805448073595346,2.9040154752538565,0.08322181345421029,50.0,22.4795805185032
28500.0,0.522457973671067,0.02153833929877699,0.5213603799334904,0.024230859174666223,0.5084075274768513,0.018729173708200663,2.887166735623081,0.09121662576846742,49.0,20.393813818467116
28600.0,0.5482991979215293,0.024406951933861346,0.5487963175131245,0.027058871707122296,0.5297437657292816,0.021095144212071527,2.9274063100934082,0.07794854439257028,46.0,20.6293637173504
28700.0,0.5433166309443287,0.024289493069836764,0.543799551153653,0.02688311581198225,0.5260866650705539,0.020933212874047036,2.925000749169665,0.07734405687067848,45.0,19.372075819075356
28800.0,0.5203600633525712,0.021575909392767895,0.5202181337141908,0.023958616533175166,0.5074567085226594,0.01864878312945106,2.9053727962762563,0.07842792966928752,47.0,21.677292332858737
28900.0,0.5291069931030213,0.024774847130232112,0.5295067889332212,0.027203799461213558,0.5127291415885766,0.02128038471307573,2.915765684803422,0.0713495958956682,45.0,22.73486998950576
29000.0,0.5252369890232439,0.02575485159231754,0.5258871996199596,0.028045349256797084,0.5071848346731717,0.022334211884663988,2.9174486590521984,0.06359875595556282,48.0,19.394163814488827
29100.0,0.509329249640762,0.02243227999359933,0.509971888217109,0.024392480040159648,0.49422811867819294,0.019773731634453784,2.913174562632014,0.05832163084227189,46.0,20.228268803471085
29200.0,0.5139650127669438,0.022857817380740962,0.5150266834241736,0.024781444326914037,0.49837994993163326,0.02017232627616176,2.9238612915823667,0.05549086365132159,48.0,24.67308656767618
29300.0,0.501858973493558,0.02221676767988596,0.5022554820824956,0.02410632726690374,0.48572498059703545,0.01949199290271731,2.905173246412317,0.05517446408367547,43.0,21.74517586096711
29400.0,0.49913817042112035,0.02132621674588381,0.49925128451403517,0.023165778693926026,0.4822422486022887,0.018661958040243856,2.898975237301133,0.055526134276482716,42.0,19.45993824296052
29500.0,0.5196552896727455,0.0231687910434374,0.5203981991685218,0.025179976792371783,0.501273537379236,0.020300143006780763,2.9213547268632127,0.05569496205755129,43.0,22.00929390547112
29600.0,0.5126486204768025,0.020452969638876387,0.5128887222420557,0.022471827974347575,0.4989053691814732,0.018150497466237384,2.9114591312896323,0.06368536913827405,49.0,23.43401173577712
29700.0,0.5197242850458584,0.021760712522133237,0.5195258065520656,0.024037786663408327,0.5044436680979166,0.019106924991062594,2.9045415892062567,0.06992355526524781,46.0,20.608117492624103
29800.0,0.5464745547897537,0.024700639837383333,0.5471341814567888,0.027182623896507805,0.526606036107019,0.021395621447708162,2.930808027080089,0.06720662300965426,46.0,19.874358387024312
29900.0,0.5330430186737233,0.021027380280857693,0.5332856264818686,0.023344086612744036,0.5173181127473698,0.01819193068509929,2.9222676872752196,0.06918707030069564,46.0,20.22928087298588
30000.0,0.5300485707096154,0.01984003487570984,0.5300406693249204,0.02218293900017176,0.5164316943001089,0.01715949004186846,2.9175381573447106,0.073032613385132,37.0,21.73145152702444
30100.0,0.5462266923693272,0.02338704155902262,0.5467628277052385,0.025883446085660986,0.527914928165103,0.020255266476205628,2.9303268869982495,0.06966646190050378,40.0,21.366118461301106
30200.0,0.5325221541791997,0.021693422395374116,0.5327641647469278,0.023982326949699248,0.5151268139789902,0.019058773854706838,2.920412845755717,0.06607884391169423,41.0,18.952539009334618
30300.0,0.5200440149426997,0.020927835796403012,0.5200760285644482,0.023068565934386064,0.504483209613163,0.018562947140723,2.9103394445826125,0.06745006242462909,50.0,20.358494568519326
30400.0,0.5195433194084599,0.020407768922003494,0.5200142794891737,0.022367863375227344,0.5035614210736057,0.0179778223434217,2.920665509509866,0.05826202342534078,54.0,25.33923975235318
30500.0,0.5050378033171755,0.020176233753474954,0.5049926656879601,0.022030963027020404,0.4884372397678635,0.017801820708604022,2.901721100811257,0.05810878450981371,56.0,19.97236562702105
30600.0,0.5094302440682987,0.021570901900920137,0.5097963531227819,0.02342075301368912,0.49111408807295215,0.019061636653979197,2.9105959364754557,0.05246718558622007,56.0,19.123523899054483
30700.0,0.5175867813882128,0.021637760127457568,0.5186073662004842,0.023463482925162097,0.500685569427008,0.019197810136278044,2.928296840105758,0.048116580339407126,49.0,24.05340588309911
30800.0,0.5081239421630791,0.020669544731572734,0.5089764981155489,0.022468675514296137,0.4947896048876092,0.018402691161618006,2.920249119245439,0.05174774078470458,41.0,22.307970875151618
30900.0,0.5231960776060274,0.02404402222143812,0.5243872825950405,0.026015576105138077,0.505768052155671,0.020938257168274493,2.929991274437988,0.05136716811417476,37.0,19.965837241431764
31000.0,0.5379050148209612,0.025801348653004593,0.5396147272261091,0.027856436281599457,0.5189558098415775,0.022303194887354688,2.944235451160499,0.05330523105513011,42.0,20.555626503008213
31100.0,0.5229217533860655,0.023076602654700594,0.5240652861180638,0.0250961930196346,0.5090398781642557,0.02000122519045265,2.929954215301472,0.058299399639655226,46.0,20.29104431824681
31200.0,0.5335054000121564,0.023135633645117015,0.5349746668390152,0.025180353742920377,0.519294838052679,0.02009506947552164,2.941344593567406,0.05783892163034285,50.0,22.772369297530904
31300.0,0.551983605892846,0.025637311696975074,0.5537577177453715,0.02785044886449371,0.53338503728017,0.022165929200078784,2.9526329082027085,0.05598126333488151,51.0,20.410667599898506
31400.0,0.5328497736633306,0.023176151508398943,0.5336121990972854,0.025348597884129385,0.5161731845215017,0.02010917790026945,2.9283366786881477,0.05809016663032794,48.0,17.86161739909563
31500.0,0.2797908340781443,0.035237081844413196,0.27815885253285966,0.03619684449913887,0.2720266800224906,0.033406419160649355,2.550671620246746,0.37859688957122667,47.0,22.57580487394014
31600.0,0.318017374244534,0.03353052355737309,0.3156373138066051,0.03500422478869948,0.309480851174102,0.031738688112132235,2.5927012506401037,0.3865018777113246,39.0,23.04203119764395
31700.0,0.3480140405907806,0.034598964115739816,0.344819099696914,0.036587531988068765,0.3376084381851491,0.033317312134464996,2.6116136065697013,0.3871581256335714,32.0,18.5206171925239
31800.0,0.39034285213630243,0.03229527389241457,0.3856902717050643,0.03539418773490041,0.3820503309528741,0.029896267294678643,2.606067287075803,0.4684662710208783,26.0,20.5405682070228
31900.0,0.42612945745446335,0.02494100566305846,0.42288369240718554,0.027692844085942855,0.4148835025925183,0.024081189001972484,2.7489415198157716,0.18910971915478897,23.0,23.712596290868028
32000.0,0.4394157650072645,0.02201459046573673,0.43596469699037316,0.025016018065389337,0.42917516182341464,0.02047800345990467,2.7628972317691307,0.19322609186912867,22.0,21.107435756256717
32100.0,0.4394157650072645,0.02201459046573673,0.43596469699037316,0.025016018065389337,0.42917516182341464,0.02047800345990467,2.7628972317691307,0.19322609186912867,22.0,19.50935468870413
32200.0,0.4434102643026804,0.022711871755774764,0.43974527858816875,0.025892815482097067,0.4344951216669529,0.020830503081593992,2.757362358696444,0.2017533683006107,21.0,20.530656650909698
32300.0,0.4530891954519702,0.021880149471516945,0.44947548588089853,0.025199240643052602,0.4434192333447763,0.020199593081670134,2.7688036615997964,0.20909206506098985,20.0,22.25968015017231
32400.0,0.4530891954519702,0.021880149471516945,0.44947548588089853,0.025199240643052602,0.4434192333447763,0.020199593081670134,2.7688036615997964,0.20909206506098985,20.0,20.77146852066312
32500.0,0.45861525178698137,0.02266609821013384,0.4539800854581759,0.026376891971525627,0.45223260503682794,0.020364477730157305,2.743477205247091,0.22366616314753493,18.0,19.7036674408482
32600.0,0.45861525178698137,0.02266609821013384,0.4539800854581759,0.026376891971525627,0.45223260503682794,0.020364477730157305,2.743477205247091,0.22366616314753493,18.0,19.360725864185287
32700.0,0.45861525178698137,0.02266609821013384,0.4539800854581759,0.026376891971525627,0.45223260503682794,0.020364477730157305,2.743477205247091,0.22366616314753493,18.0,22.028407977586703
32800.0,0.4710700105535359,0.021207219818052403,0.46662930610642833,0.025048423758056475,0.46422280517596937,0.01897461999609245,2.762322706547333,0.23043024372722717,17.0,22.335907714483263
32900.0,0.4710700105535359,0.021207219818052403,0.46662930610642833,0.025048423758056475,0.46422280517596937,0.01897461999609245,2.762322706547333,0.23043024372722717,17.0,18.48563600320214
33000.0,0.4710700105535359,0.021207219818052403,0.46662930610642833,0.025048423758056475,0.46422280517596937,0.01897461999609245,2.762322706547333,0.23043024372722717,17.0,20.19555907342853
33100.0,0.4710700105535359,0.021207219818052403,0.46662930610642833,0.025048423758056475,0.46422280517596937,0.01897461999609245,2.762322706547333,0.23043024372722717,17.0,24.91106981225274
33200.0,0.4710700105535359,0.021207219818052403,0.46662930610642833,0.025048423758056475,0.46422280517596937,0.01897461999609245,2.762322706547333,0.23043024372722717,17.0,19.54176894057482
33300.0,0.4710700105535359,0.021207219818052403,0.46662930610642833,0.025048423758056475,0.46422280517596937,0.01897461999609245,2.762322706547333,0.23043024372722717,17.0,18.901213607978907
33400.0,0.4710700105535359,0.021207219818052403,0.46662930610642833,0.025048423758056475,0.46422280517596937,0.01897461999609245,2.762322706547333,0.23043024372722717,17.0,23.16700858983316
33500.0,0.4710700105535359,0.021207219818052403,0.46662930610642833,0.025048423758056475,0.46422280517596937,0.01897461999609245,2.762322706547333,0.23043024372722717,17.0,21.51585843906105
33600.0,0.4710700105535359,0.021207219818052403,0.46662930610642833,0.025048423758056475,0.46422280517596937,0.01897461999609245,2.762322706547333,0.23043024372722717,17.0,19.573143182498477
33700.0,0.4710700105535359,0.021207219818052403,0.46662930610642833,0.025048423758056475,0.46422280517596937,0.01897461999609245,2.762322706547333,0.23043024372722717,17.0,20.620969995368263
33800.0,0.4710700105535359,0.021207219818052403,0.46662930610642833,0.025048423758056475,0.46422280517596937,0.01897461999609245,2.762322706547333,0.23043024372722717,17.0,20.274258180176105
33900.0,0.4710700105535359,0.021207219818052403,0.46662930610642833,0.025048423758056475,0.46422280517596937,0.01897461999609245,2.762322706547333,0.23043024372722717,17.0,21.71152041280008
34000.0,0.4710700105535359,0.021207219818052403,0.46662930610642833,0.025048423758056475,0.46422280517596937,0.01897461999609245,2.762322706547333,0.23043024372722717,17.0,20.801079328706287
34100.0,0.4710700105535359,0.021207219818052403,0.46662930610642833,0.025048423758056475,0.46422280517596937,0.01897461999609245,2.762322706547333,0.23043024372722717,17.0,19.180953678266075
34200.0,0.4710700105535359,0.021207219818052403,0.46662930610642833,0.025048423758056475,0.46422280517596937,0.01897461999609245,2.762322706547333,0.23043024372722717,17.0,21.121161664165985
34300.0,0.4710700105535359,0.021207219818052403,0.46662930610642833,0.025048423758056475,0.46422280517596937,0.01897461999609245,2.762322706547333,0.23043024372722717,17.0,22.567375904400436
34400.0,0.4710700105535359,0.021207219818052403,0.46662930610642833,0.025048423758056475,0.46422280517596937,0.01897461999609245,2.762322706547333,0.23043024372722717,17.0,20.364756112109557
34500.0,0.4710700105535359,0.021207219818052403,0.46662930610642833,0.025048423758056475,0.46422280517596937,0.01897461999609245,2.762322706547333,0.23043024372722717,17.0,19.47782791364327
34600.0,0.4710700105535359,0.021207219818052403,0.46662930610642833,0.025048423758056475,0.46422280517596937,0.01897461999609245,2.762322706547333,0.23043024372722717,17.0,22.878523828486337
34700.0,0.4710700105535359,0.021207219818052403,0.46662930610642833,0.025048423758056475,0.46422280517596937,0.01897461999609245,2.762322706547333,0.23043024372722717,17.0,22.589801341759898
34800.0,0.4710700105535359,0.021207219818052403,0.46662930610642833,0.025048423758056475,0.46422280517596937,0.01897461999609245,2.762322706547333,0.23043024372722717,17.0,18.719013255720924
34900.0,0.4710700105535359,0.021207219818052403,0.46662930610642833,0.025048423758056475,0.46422280517596937,0.01897461999609245,2.762322706547333,0.23043024372722717,17.0,20.795861667739757
35000.0,0.4710700105535359,0.021207219818052403,0.46662930610642833,0.025048423758056475,0.46422280517596937,0.01897461999609245,2.762322706547333,0.23043024372722717,17.0,23.173762230492805
35100.0,0.4710700105535359,0.021207219818052403,0.46662930610642833,0.025048423758056475,0.46422280517596937,0.01897461999609245,2.762322706547333,0.23043024372722717,17.0,19.728357000983102
35200.0,0.4710700105535359,0.021207219818052403,0.46662930610642833,0.025048423758056475,0.46422280517596937,0.01897461999609245,2.762322706547333,0.23043024372722717,17.0,20.098535442298214
35300.0,0.4710700105535359,0.021207219818052403,0.46662930610642833,0.025048423758056475,0.46422280517596937,0.01897461999609245,2.762322706547333,0.23043024372722717,17.0,21.265415078638217
35400.0,0.4710700105535359,0.021207219818052403,0.46662930610642833,0.025048423758056475,0.46422280517596937,0.01897461999609245,2.762322706547333,0.23043024372722717,17.0,20.587178445732057
35500.0,0.4710700105535359,0.021207219818052403,0.46662930610642833,0.025048423758056475,0.46422280517596937,0.01897461999609245,2.762322706547333,0.23043024372722717,17.0,21.588848393435157
35600.0,0.4710700105535359,0.021207219818052403,0.46662930610642833,0.025048423758056475,0.46422280517596937,0.01897461999609245,2.762322706547333,0.23043024372722717,17.0,20.917199785545193
35700.0,0.4710700105535359,0.021207219818052403,0.46662930610642833,0.025048423758056475,0.46422280517596937,0.01897461999609245,2.762322706547333,0.23043024372722717,17.0,19.677720883663827
35800.0,0.4710700105535359,0.021207219818052403,0.46662930610642833,0.025048423758056475,0.46422280517596937,0.01897461999609245,2.762322706547333,0.23043024372722717,17.0,23.468247838174932
35900.0,0.4710700105535359,0.021207219818052403,0.46662930610642833,0.025048423758056475,0.46422280517596937,0.01897461999609245,2.762322706547333,0.23043024372722717,17.0,21.533192163694338
