ID,strat_res0,strat_res1,strat_res2,strat_res3,strat_res4,strat_res5,strat_res6,strat_res7,strat_res8,strat_res9,alive_at_end
0,0.015014100658383904,0.07194165526121321,0.14272008727439342,0.13921092158074755,0.06921200836744217,0.13933563627248344,0.06583698975771864,0.22458525446351676,0.053249934673050815,0.07889341169105009,True
1,0.19455909155890055,0.09981726896660861,0.06095787710877491,0.015868684778841447,0.10128065614157813,0.1668002227838876,0.03269552893004061,0.2399951183188686,0.03609384130736613,0.05193171010513325,True
2,0.046308338520244414,0.0002679662776243078,0.14618489190189501,0.1696653899078153,0.061011717763170006,0.1712344273534009,0.09944856378916701,0.18106338057002477,0.08035719789979719,0.04445812601686105,True
3,0.030319074463764,0.13424537572412074,0.1504736771751061,0.12029503190959562,0.36032947288700884,0.02221811414158998,0.08405279349791235,0.03526838712109209,0.04832984577613255,0.01446822730367768,True
4,0.04494591947872557,0.055220153846226395,0.030203617531465658,0.028008901988009458,0.38581916581575026,0.21847899148841451,0.0039042145958544014,0.02590028408024362,0.20083246940554006,0.006686281769769966,True
5,0.2411247829769965,0.07474046397166256,0.10171313825494709,0.03245206721525811,0.14081333421909478,0.04301779689890177,0.20784011882641987,0.03449786258650043,0.010525598103581816,0.11327483694663705,True
6,0.005434439423586901,0.04154940974679122,0.2597461796978029,0.014775133557734967,0.1297945689434793,0.17266607472178855,0.19059231197859186,0.10730698067646532,0.06436295079769015,0.013771950456068873,True
7,0.021307386896067957,0.03595662653715673,0.023461921245874148,0.012799534535135083,0.17206077945377993,0.232434162285401,0.1465669591237764,0.22328796929008912,0.061629728706505085,0.0704949319262147,True
8,0.06016200279888656,0.06375867493778925,0.009706318277131068,0.3208668841949805,0.043891661062668993,0.04478562055210499,0.013405472016292311,0.2020961706732135,0.03841605984408981,0.2029111356428431,True
9,0.08264787402246489,0.0765567698501422,0.2692469295318451,0.0078052277379501295,0.04934817432896432,0.09508099807720442,0.11397428518041516,0.013928134518240206,0.012974407213638794,0.27843719953913476,True
10,0.18558434282361005,0.12820535541484937,0.047522454915337575,0.03282291293161117,0.013588909080280308,0.2789719492289396,0.14000810355135074,0.09945266685329807,0.017552741644408842,0.05629056355631426,True
11,0.015181468160333462,0.3213813902727462,0.0039309544901965565,0.1716455091337976,0.000545243024538935,0.03691135443836776,0.033722445166965494,0.3782177158731317,0.03471791080154942,0.003746008638372795,True
12,0.29442290672440796,0.016076592898430345,0.026095470273377688,0.3403970793746098,0.053173155395374566,0.020921209644217547,0.04880545484841293,0.08382041797030342,5.9389938020866205e-05,0.11622832293284496,True
13,0.01183565209417144,0.00923579617773887,0.01562959128725672,0.08924861903255206,0.09267067440401838,0.12656738673668996,0.0008941632679358391,0.43009346790426767,0.07625557624544585,0.1475690728499231,True
14,0.18693593753678284,0.05577212403481505,0.024009711872862362,0.11738679318465005,0.0014636555253332625,0.0023177397030095977,0.2405247947303098,0.0474548865293563,0.02228310233899684,0.30185125454388384,True
15,0.1395611321117476,0.042614238637939214,0.17825813258222847,0.0761179646277835,0.0001828208914396611,0.019215417930412704,0.2119134975487087,0.23015506656431733,0.0584890523884237,0.04349267671699924,True
16,0.22096627474164116,0.2027389445120942,0.11826863697005992,0.18368907542863505,0.0037477955926015997,0.031787126960886494,0.036184191730778095,0.018890710491127737,0.024346992864486997,0.15938025070768885,True
17,0.06189906283071785,0.0692615152298023,0.09621490974057964,0.06046189079415011,0.09694065881336268,0.17259078922663956,0.13834869314736314,0.08945659022681206,0.16780995845746743,0.04701593153310512,True
18,0.004433207840884409,0.17873371545052855,0.053272017644113726,0.02218656375417753,0.01552252397349574,0.21499483992165527,0.05972688974613437,0.2573498735641351,0.08845359984944194,0.1053267682554335,True
19,0.012659505167347694,0.3130071975054335,0.04788329186675598,0.08356578368223966,0.05882830606230168,0.2512780214630303,0.12210010560128902,0.014734485222240133,0.027508604310692093,0.06843469911866992,True
20,0.020088504386372625,0.04088875735210167,0.045974755754806876,0.0891390699516242,0.07568986709260947,0.42693931470739244,0.1051481951722659,0.0036344555609004276,0.020186179475263483,0.17231090054666287,True
21,0.3499675654032516,0.03798920776217133,0.0232989549632276,0.08892778875177942,0.13999998016804838,0.06403479225452335,0.06235688276898072,0.07829632588953231,0.09889450201530266,0.05623400002318274,True
22,0.08108445310805878,0.029629541500806933,0.09871635892135004,0.11394359706440312,0.30912647876840016,0.13937575872729727,0.03595492296909392,0.16595403066546072,0.026163617029574607,5.1241245554473625e-05,True
23,0.0031345449442281917,0.009102361937605415,0.026099817469953168,0.23360989401902962,0.09952405350063573,0.07386674270726727,0.1309244809259221,0.11652371876857685,0.1276875262226584,0.17952685950412323,True
24,0.034380251229492224,0.005372830442663622,0.36223991640782743,0.24990465022496125,0.05945098645331709,0.041047601355585606,0.02583138614134874,0.03504494996564097,0.11103467452853351,0.07569275325062959,True
25,0.02158248656385935,0.13604648220234844,0.13224304438646375,0.09966728139187721,0.00863504166899687,0.04357491129561042,0.020668146533145793,0.28127860707189944,0.14943208005361552,0.10687191883218318,True
26,0.09096981577078594,0.007307213217169392,0.03630971014032616,0.11915723687092414,0.11818738220968616,0.30918301238364626,0.024629239026911758,0.10245603188400532,0.15892052047898844,0.03287983801755622,True
27,0.010006215617770967,0.020097212092039157,0.00843557106523125,0.21886714322278436,0.17328878920305946,0.23456165227043288,0.011289170483327294,0.1098216693438238,0.10277773591163164,0.11085484078989917,True
28,0.11179953364309779,0.04227426407066144,0.17716677714723955,0.10578965441042765,0.0060904280516122155,0.37658250697599066,0.012883253743770473,0.02231939179277748,0.04683634806950716,0.09825784209491559,True
29,0.06223546571820641,0.13612618007195956,0.026088841403419792,0.00989536929498988,0.06448873201419826,0.13530124751222272,0.04448049362728427,0.013055275810765002,0.0007902194023163737,0.5075381751446377,True
30,0.269631231200244,0.052202300215283146,0.11920703841267219,0.07657530662273852,0.279152400122102,0.014280579619798768,0.038981349900457284,0.02206087248846704,0.05858083800496973,0.06932808341326727,True
31,0.020794756456655218,0.11932446213410422,0.15067320726115477,0.35992417464801163,0.03240783522626084,0.12232253060992655,0.056637227619421464,0.025407952457012918,0.11016106191360178,0.0023467916738505222,True
32,0.23920280779761885,0.042712929994173185,0.070230439844757,0.1476357912391623,0.0029006212071928284,0.21660272446715242,0.05957186850549543,0.005402760053959782,0.15097470439575686,0.06476535249473137,True
33,0.11952759762278833,0.13610070765887317,0.05666298519069393,0.01626469481868788,0.0056603497147311,0.2138431586892498,0.12917056379357836,0.20746796269004147,0.10470202594057958,0.010599953880776277,True
34,0.02670523388600988,0.08096132865587248,0.14036027371700574,0.011216037339776894,0.08224047977902249,0.1432226852411558,0.1865657164225632,0.11766829288460112,0.20449247319294017,0.006567478881052247,True
35,0.010469557731728227,0.18102017376365623,0.0685879766379858,0.059573045569003606,0.03442414227417282,0.17864129054122513,0.008653486706539804,0.21002277345730028,0.24695189075684612,0.0016556625615419351,True
36,0.07153589627895694,0.03111597909447101,0.24640152902417087,0.27147287182312113,0.0186200902943043,0.0983641447166658,0.05647356797064718,0.023737703440649776,0.15454014127326657,0.027738076083746527,True
37,0.05351971539377249,0.2350042487133332,0.06434724960408554,0.05886139457873231,0.22830165271933686,0.09055993638964123,0.11287045688648832,0.02330523155521639,0.0500837835811396,0.08314633057825406,True
38,0.009180340735208898,0.06889008404959425,0.023125916136764704,0.3483180698202633,0.13962893315019279,0.14608740884110272,0.029480620942819818,0.16964301119095157,0.018163555898118126,0.047482059234983866,True
39,0.040201747996434084,0.054671844715557937,0.07468191144491744,0.06794640082390202,0.04803569289058817,0.14872825882074622,0.2050345435501954,0.10878256989789756,0.09932276237016253,0.15259426748959862,True
40,0.03134566479339857,0.11729054121917114,0.21770785950026111,0.11407756249033812,0.028002689562779834,0.11605815629123813,0.03625982857831026,0.13660370688651238,0.03283583918924423,0.16981815148874604,True
41,0.09860790492465481,0.05954373426629571,0.2827290668741127,0.08657702220017494,0.0869434090619342,0.17459159412415073,0.1265605061958012,0.03640217005490674,0.036644570940651225,0.011400021357317772,True
42,0.05803873286805765,0.014362649527395039,0.03791075739682895,0.09150409406350288,0.00879728620149952,0.29293833507735506,0.027295506152119606,0.1480362940972184,0.03678718693856727,0.2843291576774554,True
43,0.08593628319827495,0.14168865901002112,0.0017709125261574756,0.05665523900948646,0.0178248181529795,0.10585998389378715,0.1314937155820141,0.08880279491468898,0.2511136034487062,0.11885399026388399,True
44,0.05079903152109085,0.1779311491490494,0.05720213744272936,0.12490670786892143,0.005926040519215201,0.2298730197255501,0.10412109454173152,0.0558494495380523,0.028673375199220637,0.16471799449443927,True
45,0.09863839306012115,0.1261618903154621,0.14251011322292584,0.19573736534308073,0.023632417227257615,0.09513564788292127,0.14486521945388534,0.053474833086091945,0.049786878871977566,0.07005724153627661,True
46,0.05190980115770381,0.11049242115517374,0.07615214055855576,0.05810565970056775,0.1072657449737221,0.265804870805271,0.08685347153353258,0.036984060519674226,0.0922795962224202,0.1141522333733788,True
47,0.013485379488825446,0.17741509612297268,0.07016590947641932,0.05575870397664489,0.17445041029856811,0.15482357364885868,0.08987685079128338,0.22394249261077606,0.006990319911092811,0.0330912636745584,True
48,0.022976750301286958,0.22168361673418396,0.07232552217098742,0.10375371084743147,0.029438635054288287,0.07983000439718178,0.015089619086151513,0.00796155090124175,0.2226123303560272,0.22432826015121968,True
49,0.28543558461967516,0.12156158312442429,0.061125928156954897,0.0421004497282989,0.16424952494054545,0.09011574362744436,0.0491727874130634,0.028496658134820572,0.031926912544245525,0.12581482771052735,True
50,0.017143953039049777,0.07022278428234656,0.24192229768287665,0.03678544665315248,0.05277888084548793,0.034425105493752134,0.10142728123376335,0.19518922027001714,0.054008687728618755,0.1960963427709351,True
51,0.014066279393916097,0.15361506754488558,0.12113353974020377,0.18513284276819444,0.1723541232726378,0.18078521747736895,0.01098231447826986,0.029269586320139145,0.06925130667874344,0.06340972232564097,True
52,0.07451781882979838,0.048523334592306816,0.1240048656007528,0.09995272990274641,0.0747023589031554,0.06142348689038607,0.09510386777445659,0.08138601435525157,0.06673069490713876,0.2736548282440071,True
53,0.04150784606507024,0.14966302817841742,0.05592210855226983,0.05539988235883756,0.23284350445320393,0.04863243657294419,0.15836987092351099,0.14086984182844225,0.10738344443082025,0.00940803663648328,True
54,0.061131513429918655,0.02990157377531763,0.23255596842449366,0.01098804519675091,0.13278625760641033,0.04978600858180284,0.2202284012703105,0.08060056796439825,0.17821980719915675,0.0038018565514404967,True
55,0.03109589061653714,0.02606160535879706,0.11956816787981861,0.05741854718913336,0.04188369599799065,0.0589473962821895,0.04009152613317336,0.012718932033363679,0.22281591543476836,0.3893983230742283,True
56,0.019697716814443517,0.18205161617981316,0.02312554671977814,0.3992607424419912,0.05349741430808704,0.17787150310331007,0.01839300650753979,0.08719416947300765,0.026482327829580665,0.012425956622448768,True
57,0.4237469582764449,0.03306448526067121,0.12585895154316853,0.015349429380709143,0.0011040463179775627,0.22299546907383472,0.017255089132072503,0.03138346963504721,0.10300204503620584,0.02624005634386859,True
58,0.17169430020930593,0.0302155258589696,0.0454581174565397,0.1887302489666065,0.03790478346598464,0.03128155847503544,0.05832840135463649,0.24614976194562016,0.06334122708457393,0.12689607518272772,True
59,0.17971296009277715,0.054132425349154654,0.0050242973941436965,0.2352468196911685,0.08780960173927808,0.022038531646523307,0.0596850005091912,0.30045380252807086,0.012310918169076987,0.04358564288061536,True
60,0.22350994526530873,0.0748720326087011,0.010639621933485744,0.026513721380457787,0.0202494651187262,0.1435245645744729,0.12443649784288595,0.1571599651827221,0.0611372545216079,0.15795693157163165,True
61,0.03897485300930686,0.09354286990188193,0.07887425322518232,0.0963440849639656,0.13459425147851636,0.04756288290852141,0.0686831538379856,0.22650654177026647,0.03842121870235876,0.1764958902020147,True
62,0.021294820016030936,0.27056144458745834,0.0866187877855974,0.017095588743431797,0.038799177019099004,0.3307834014833174,0.0483390744563399,0.06262468272195536,0.11242353333810064,0.011459489848669248,True
63,0.05701483855186581,0.2082630117149569,0.07207567077430463,0.1259135103689634,0.12247950967371167,0.08958220794145191,0.09094925435293749,0.14175753739756308,0.00702770235656665,0.08493675686767832,True
64,0.0010741584501529821,0.3730410534740469,0.014878664927726198,0.07715727552018876,0.0718988906827121,0.043734053394133644,0.005202517072001219,0.14034198957739413,0.1643568930888521,0.10831450381279191,True
65,0.006688591318258396,0.24138707534246182,0.0033474377703856376,0.12757737825113802,0.09652212495993293,0.13667197329604264,0.05265202598081251,0.0024703740853679753,0.0050456946017211485,0.3276373243938788,True
66,0.14847160846706833,0.012450049551170008,0.04561381002091206,0.12821591698483079,0.03170864657505811,0.0545233002760633,0.11847853298319445,0.2649096400079366,0.0036996590656622457,0.191928836068104,True
67,0.044920348036219825,0.08204622180670434,0.02036119748749236,0.22785344078197375,0.3098181041937593,0.00645476175864091,0.04937771360745495,0.059830035298756454,0.022113088358165948,0.17722508867083225,True
68,0.03849429827819478,0.06704725479171458,0.027648202935016224,0.06762776129160082,0.16349004867452502,0.0700671141487166,0.13812487488001804,0.2780070262590914,0.06634619205226522,0.08314722668885725,True
69,0.023143613607933447,0.19342649765566358,0.002303639575117995,0.1674875856772917,0.2482107186215016,0.036229750544418717,0.044920086668801706,0.03717271650284299,0.1023261956881133,0.14477919545831494,True
70,0.10083008632608441,0.1947810944612598,0.0728887503120505,0.07429122573129376,0.1556449933866222,0.02262487292379046,0.0032560296854311525,0.22620718984490848,0.1352723505122462,0.01420340681631297,True
71,0.11855155615917502,0.06053889910560584,0.03176925673103254,0.4366251414680995,0.023541558737107792,0.08022545207662131,0.05250016576622974,0.0840538587875211,0.03195956320874388,0.08023454795986332,True
72,0.03878586885573072,0.006270548138169432,0.13334979486673618,0.36045745467337864,0.007634333710086136,0.055626303223616544,0.12419158196159584,0.08027432535387741,0.14521300300495293,0.048196786211855996,True
73,0.02262508154802624,0.17620186783233013,0.2004969297347844,0.053894012355911174,0.10465496705953811,0.008859627427001268,0.14008559993269779,0.11651735609266917,0.11274267757988683,0.06392188043715483,True
74,0.07370609686210487,0.19852938877779266,0.2242139991494925,0.27996019482268,0.053997388534448305,0.011199614123516386,0.056942561146503035,0.010053306001263317,0.012916635951309346,0.07848081463088971,True
75,0.03847943185980139,0.02859118455688666,0.06686169979694329,0.033314604029691705,0.24044734261971526,0.040189031045187076,0.1917516222534169,0.19732955360110768,0.010505477433341985,0.15253005280390816,True
76,0.11521273682953276,0.3632160328644736,0.06299088928170972,0.16957826871579262,0.03780262922009424,0.1758321835629616,0.0470269345210896,0.005856506637117478,0.019628467620583668,0.002855350746644806,True
77,0.0006814470182227661,0.02453394874953309,0.3300882751051275,0.08313348533173129,0.039846816464272176,0.027587319912531643,0.08922972592748009,0.2718060701235552,0.06581628739355398,0.06727662397399221,True
78,0.02675015625207887,0.06250101454956243,0.1756549048968072,0.024465617241664007,0.1507894344373501,0.09193534907431133,0.187995830790493,0.04454260196993344,0.15824208108814738,0.0771230096996522,True
79,0.03988296653044415,0.26020693649728316,0.22632503472271953,0.11427405533146227,0.07109237728785955,0.01223995850043856,0.0291598230576131,0.11282906426961715,0.04250681279934602,0.09148297100321645,True
80,0.05531751169046423,0.2760552938024623,0.03243386711007419,0.05948397146958174,0.025614166199035587,0.055810938822773964,0.02736685466078739,0.27716362690030655,0.049773137877209515,0.14098063146730455,True
81,0.029582239331313893,0.1423455180780275,0.173962221167695,0.04139736606870392,0.15616099583203696,0.1787841302281646,0.0012537849779585626,0.020677848942022264,0.15390618126731626,0.10192971410676104,True
82,0.18771654029017001,0.15780006015401743,0.02624377210053107,0.07611516492807534,0.11650682508651884,0.04206068879188624,0.0887941120176936,0.11246084291365922,0.1759175682733241,0.0163844254441241,True
83,0.0972220629911953,0.10262764964705141,0.12312317323231914,0.1927975624968131,0.16507752657769573,0.04379660785234484,0.09022388675476417,0.011537553180006318,0.014284778053399328,0.1593091992144107,True
84,0.0028648252087386493,0.06667831373398873,0.17592835305686919,0.06050555798661283,0.2852741235569162,0.07349249528832107,0.04614178256542857,0.029586385147669664,0.03862318595965978,0.22090497749579535,True
85,0.22060726996229996,0.018672543524106227,0.10928418651565473,0.0017476707187085003,0.34218607311438565,0.04514294437053458,0.08860770876264126,0.04528238184710609,0.02245247921129719,0.10601674197326573,True
86,0.24384316334593012,0.0598429526999478,0.049731623163423604,0.01823412623408213,0.3607029818874538,0.07477676159503482,0.005132086826845972,0.05477572395649707,0.12043203146626545,0.012528548824519209,True
87,0.12408279032380808,0.10048028508178751,0.019871113408981008,0.021888475767081833,0.03522804287202912,0.07701066936751977,0.18457203078909434,0.062166502237536385,0.14547497047796581,0.2292251196741963,True
88,0.027650079186384624,0.025556231937598255,0.018544630113091255,0.043292071801158544,0.16260372603776277,0.014455882994756298,0.3740743419600761,0.22887169305047161,0.01383205161956284,0.0911192912991377,True
89,0.17581595505842804,0.009770086056947735,0.07652137270098328,0.17905954081097192,0.11221199753098174,0.1012852248146583,0.24068598723082554,0.00019430581731534377,0.10251654860356096,0.001938981375327017,True
90,0.08304894589400157,0.11614838933215166,0.09201648519577374,0.1801200358088993,0.0008098359429366136,0.020338541069842727,0.15882347075871714,0.18822384286054777,0.034551275432083646,0.12591917770504588,True
91,0.011376039766573684,0.06343471188591335,0.329223004719674,0.20038575992554608,0.2547809880664057,0.032221293714722814,0.027454831777019118,0.015140500315080418,0.016158790973827226,0.04982407885523766,True
92,0.02575535519461941,0.24347199541903142,0.08603010005604175,0.06483845997113126,0.006509158016081712,0.30543160397156566,0.06089690070284185,0.17579650820842146,0.004542317906357625,0.026727600553907844,True
93,0.037206275620471636,0.26763694469921434,0.006216522144892244,0.02795662255532064,0.20736988324359376,0.019475199373861128,0.056841480735513636,0.02687595102457728,0.3356379537644337,0.014783166838121429,True
94,0.06667723692622102,0.020536573126221796,0.03472214288820647,0.17994339255075514,0.039185715732953694,0.09797730235474486,0.024581104317462545,0.08101058300460781,0.03287756705043514,0.42248838204839145,True
95,0.07795063829234429,0.09219632040096662,0.23500990724499077,0.09773435554628451,0.011276349676584637,0.03728670466117604,0.018256175767865934,0.13925667357881627,0.11505674540447813,0.17597612942649274,True
96,0.02437176670097238,0.011607188696800046,0.02517492291487418,0.21176392282153386,0.16170561840618733,0.0072839336803151595,0.005463202787215213,0.2514185609843946,0.06709158751026569,0.23411929549744148,True
97,0.22517031954381037,2.2693925379195188e-05,0.14982122272280723,0.09112804540860935,0.04832395589869853,0.1148463762964749,0.06709985626215968,0.19328121852942645,0.05268035450413558,0.05762595690849857,True
98,0.1801507219411321,0.04078123195846526,0.039476773173163976,0.11707801348941678,0.28126498274722134,0.022029133106975997,0.17836790059037655,0.017714508224943287,0.060224416458354205,0.06291231830995048,True
99,0.007033962073354748,0.09516957496816261,0.006246750386093461,0.10041565533176659,0.002712937144436054,0.04534783638052941,0.49208366795262803,0.10816790002876012,0.014105048608789734,0.12871666712547933,True
100,0.0017593622311027311,0.2062327198920119,0.009257784678972699,0.000692104394306263,0.03310175172221756,0.14842136392164426,0.4067574726229131,0.061250133039910844,0.06088198714092158,0.07164532035599899,True
101,0.10915746671365753,0.016595315711664557,0.15631555268374464,0.13050561471466002,0.07099661680993055,0.011770668312388701,0.07484985834785009,0.07888031764565778,0.10927585962344741,0.24165272943699884,True
102,0.002436288455918315,0.04278334129455241,0.05839265366803642,0.41286556104478644,0.08281767114621595,0.0008620659851014647,0.061879111008737525,0.05977726405487213,0.15164749343582698,0.12653854990595229,True
103,0.07000862517850194,0.04539635486829344,0.1001834404140432,0.03629950988006993,0.3346382138553058,0.1416674669338385,0.10344883715749101,0.04492929962835508,0.03140806771578527,0.09202018436831585,True
104,0.03442694581312966,0.09081491649769621,0.5095780764319108,0.11515828920415579,0.008424125171277665,0.03224339273068518,0.014402516009319896,0.01428676848147022,0.16939385087661216,0.01127111878374248,True
105,0.04642433479367794,0.15690616736234833,0.11496421314688955,0.05153482287266041,0.031572547227694224,0.021976492974543245,0.4335132732460871,0.08486637647814554,0.035145894196813944,0.02309587770113969,True
106,0.042321142365709837,0.11345312356422368,0.30793579252071107,0.05757607919238869,0.051238848373601174,0.020144407291712244,0.17017453805857696,0.13508564576720514,0.04711540998640921,0.05495501287946209,True
107,0.12691975909487624,0.0999220621476331,0.03158738485705895,0.040187656661231634,0.16047868111779226,0.16747346259445875,0.08498845508098077,0.02943225203059774,0.08704589540816512,0.17196439100720545,True
108,0.13719504572752245,0.028309366358603552,0.016745265067369838,0.041210838494308344,0.061567679042046575,0.009789295059634898,0.036782946493616395,0.3123192664692941,0.09330492610395022,0.2627753711836537,True
109,0.09805994050396259,0.07052768047907186,0.01751119436122964,0.028492933221433092,0.00900387772112963,0.0336033270314576,0.10798752938090285,0.5093406643685465,0.11438683968113539,0.011086013251130771,True
110,0.08658628087257747,0.1111431587526748,0.03442622299287411,0.002282981775617749,0.2917605890104147,0.0010595436544878275,0.1907689237370932,0.029344454965720655,0.11790474046189621,0.1347231037766433,True
111,0.019355136926999507,0.13412444063585738,0.0004861456859290362,0.11523410255632216,0.19270690069052307,0.0409337247345154,0.03825933136956454,0.08302308430934578,0.30419131519364634,0.07168581789729685,True
112,0.4368568576265622,0.01802758996612779,0.066874669105178,0.14984114613556795,0.03160018107454749,0.07226449137412401,0.1632317351425375,0.01936490007690924,0.03725717720472513,0.004681252293720819,True
113,0.08468024458458975,0.13218659543785038,0.07412456427737907,0.012294824778902735,0.13695156226514957,0.01821521419049069,0.1612173951211686,0.15275817345241707,0.2264126182655914,0.0011588076264609083,True
114,0.1184763091313373,0.1867612743087177,0.09174420783782125,0.04641521103046595,0.09203388233228672,0.07501566512553383,0.010896130967429245,0.2970451864216437,0.04268521767816663,0.03892691516659766,True
115,0.007725226383579474,0.2980219226091478,0.005521877495803877,0.06369434497943785,0.1219979236354106,0.028111733855625445,0.0728839492982661,0.09498785207474446,0.06843298414026933,0.2386221855277151,True
116,0.08261100467182701,0.05065620984237313,0.11828729494624184,0.11244466243273242,0.010640144167313216,0.010704857293380153,0.09904602339554867,0.14138742221432432,0.10264521411442792,0.27157716692183137,True
117,0.23950005327572702,0.0022345506712080293,0.05292791371342893,0.012582532658558234,0.034715017823841135,0.3079092924711715,0.10481347473697705,0.10724979736086944,0.12998302594899278,0.008084341339225736,True
118,0.032589921689228654,0.0752467647026162,0.018178888762392802,0.10486168517865582,0.08848441471021715,0.05007964141620802,0.048914121673770426,0.2621157402145729,0.07852813715671829,0.24100068449561982,True
119,0.03586596175370008,0.23041184736222453,0.09320924738833022,0.2354924645968715,0.08473154153993638,0.028061292117943917,0.17019925023006896,0.0639173212785828,0.01459555810721014,0.043515515625131514,True
120,0.08453598179026854,0.020807568292026263,0.1593738190359216,0.11297354422246245,0.08624488787899011,0.0295559983023726,0.027320658571083237,0.09563498744444318,0.2730022529836815,0.11055030147875064,True
121,0.08355057528358335,0.009036816340781314,0.026318319408816505,0.0574107729385269,0.30476342474108437,0.3086244355852146,0.012760171386642939,0.06025084555879664,0.11498671450708046,0.02229792424947274,True
122,0.22056211270634993,0.2750928028013464,0.017877177591604166,0.16547384795511644,0.10170046349506832,0.0023556227509510634,0.13070298490400922,0.03184242909383461,0.022000321474790994,0.032392237226928945,True
123,0.11459842955052187,0.16162030468056,0.09594492610708096,0.021911559403825512,0.13336663037518007,0.06284644119706013,0.05115391762737387,0.11236865007258572,0.019687073448999934,0.22650206753681193,True
124,0.012136933762847737,0.18829794531992136,0.019043426654505164,0.14453273115619897,0.057338333587866296,0.2839103693626797,0.17519240271057748,0.05078701202483162,0.06477381803960945,0.0039870273809622745,True
125,0.04762833209167812,0.047946665617863475,0.060851766384695714,0.07374438285715171,0.009237960347428879,0.49077557834233243,0.03978726817868624,0.09430425042355281,0.06183638701976444,0.07388740873684614,True
126,0.05857800375607561,0.09922747424118691,0.049845155388972766,0.10773818479985153,0.09534894020162173,0.05368466328864624,0.19693745816750416,0.11418132080965991,0.07932448418439421,0.1451343151620871,True
127,0.06608351679554732,0.0679467382562679,0.11292358507505228,0.10855216092444396,0.032532808842940256,0.030314539753060452,0.32860510696295064,0.04844581404835442,0.13172924046705356,0.07286648887432928,True
128,0.06209810722974482,0.03235423933286531,0.04193849966683316,0.14883387114593719,0.03576584407836761,0.09730675191798457,0.0679645787916254,0.3855011843015109,0.10806027532628402,0.020176648208846813,True
129,0.06972239913639572,0.18022483619195437,0.011434288010658116,0.14307697004710115,0.03120393391930462,0.07485284907176083,0.15922063331603936,0.16771846767329546,0.05989917073032552,0.10264645190316485,True
130,0.03732651660581643,0.09853099344988643,0.021212224598975673,0.12047722782840385,0.10388674227817288,0.23395576590809156,0.21334822803185374,0.040915317776143385,0.02059269231823135,0.10975429120442469,True
131,0.14265712823710905,0.014229477959841254,0.00596397473304771,0.11778874782527234,0.0439125384750577,0.15965757498941266,0.06577890702519935,0.12348943954971174,0.0010685848654931648,0.3254536263398551,True
132,0.06333801822917909,0.032670462449836395,0.34336100942809583,0.05851798364175328,0.09253431600872247,0.011583206363315392,0.1151418806781428,0.0592830663324801,0.0164760375428722,0.20709401932560256,True
133,0.09876738991912364,0.013545655956258564,0.08952722499692811,0.010708903609184918,0.1262061096064351,0.22452136079310497,0.09304624378353726,0.08270835429115056,0.2430845796079071,0.017884177436369848,True
134,0.0927638628787453,0.3396932420324848,0.1327805858694888,0.10992436288840136,0.09033275689123005,0.022250665984121877,0.007535938023041963,0.08648460380748618,0.005364009408666492,0.11286997221633323,True
135,0.15127012653160057,0.009087853342168873,0.04342185436038773,0.14563469603971357,0.020742263728715873,0.09194014412833165,0.027393297873924742,0.05489711973117134,0.3654180999064395,0.0901945443575462,True
136,0.03980925880891696,0.04177754991568133,0.012693937381033272,0.13113800278490692,0.15883092087986753,0.22688488280186864,0.18552921232162733,0.027949852954636437,0.14601000574018702,0.02937637641127455,True
137,0.07325881346478838,0.2375829140018318,0.011878544404523125,0.1980020780007,0.06626957487094742,0.125294377830621,0.20279884693490452,0.0034427032292109,0.07969557121412893,0.0017765760483438079,True
138,0.05563616204209553,0.19342153653967029,0.1872805935382267,0.050481607627846176,0.1731748299433645,0.12067608940505904,0.0701096012008769,0.04161860763263853,0.06841233022780818,0.039188641842414065,True
139,0.17291976189958858,0.24131307684289022,0.21147758606688735,0.11891149736150057,0.021225811260190738,0.0036937525702990534,0.0414816344116282,0.11590292932966674,0.031800786942139454,0.041273163315209194,True
140,0.10561512063451253,0.16838668455025102,0.15005121772000382,0.07645560934253903,0.059540182043350924,0.014073076671230976,0.08146069028698244,0.004786386852429986,0.31056530242510566,0.029065729473593552,True
141,0.09697287579044166,0.10790792640229908,0.11595589060861711,0.008254702812585411,0.21863283887481222,0.03124817410126509,0.11341893462740028,0.21366330725681995,0.029619698180864566,0.06432565134489455,True
142,0.01103100832659651,0.10190869563263938,0.05909440841286555,0.07902129358528769,0.04017782110456109,0.021101862566011237,0.3577757000132655,0.00282379066897682,0.122384586308119,0.2046808333816772,True
143,0.042877348310762,0.17063225910454544,0.03681344001727211,0.046244723959764554,0.09063086983767861,0.22038154192740145,0.07443165236149361,0.10971346930893602,0.007559333344909366,0.20071536182723693,True
144,0.1605403036114246,0.005752035587095206,0.08726733284378706,0.09913843696142244,0.3309791586587309,0.0028998779692953574,0.18108368157350035,0.021069427506613836,0.014966816313229103,0.0963029289749012,True
145,0.22174020809032624,0.08354702349893912,0.20272451154290147,0.058332855967662224,0.06959356294929361,0.18381559709054165,0.008073801325249794,0.0783794452769315,0.037698117322170155,0.05609487693598414,True
146,0.027997380795557553,0.0027711871357959665,0.1648256440322678,0.06482263469552384,0.11361728293058825,0.0264666059476539,0.13676758295149438,0.3449117424892492,0.0962654026018733,0.021554536419995853,True
147,0.12193944878448422,0.015610156833588571,0.040543159691706625,0.07646721510953687,0.0943777764680196,0.024429469663943982,0.23341518489300855,0.2051610210896524,0.12812572547270867,0.059930841993350414,True
148,0.13725796354542705,0.263495155250729,0.06498426184202688,0.08562329527719127,0.11300500341204243,0.02194063701987626,0.053160169191887215,0.09655931003749392,0.03406528712578453,0.1299089172975414,True
149,0.0896657518638964,0.07850022340178225,0.05930473296909079,0.19304602158361825,0.11733272408068131,0.19228528033476092,0.049348526127148365,0.02191705571120348,0.10632246412700226,0.09227721980081575,True
150,0.07239225533950022,0.11500684000924134,0.11131884614870113,0.06901136559426378,0.20379925132482427,0.11976101690614326,0.02347121426251627,0.19459535991890525,0.05329700599046729,0.03734684450543697,True
151,0.027653228589451833,0.13846985170368645,0.09211127246327792,0.00852545400821456,0.1479337230247106,0.03695042083656565,0.13367943070319385,0.06788897904425516,0.08224608360573403,0.26454155602090995,True
152,0.09456971773245457,0.036059298060489825,0.05067358013923661,0.07432963319579969,0.38273612243767896,0.10451221526851223,0.08389769409055234,0.13371274594231983,0.038657597792761456,0.0008513953401942385,True
153,0.18287753467870652,0.060790165330714456,0.1750347998418101,0.06639448151537862,0.12248586007850143,0.17297938037778196,0.07824692617246977,0.021155552567168535,0.009395731235708664,0.11063956820175991,True
154,0.028080097389941827,0.05074913305442303,0.0482266342034909,0.37186571586414885,0.05540226252100595,0.049994581926246236,0.07161474825672272,0.1403502950161592,0.00805920352744566,0.17565732824041563,True
155,0.08159023761149638,0.09378573254333047,0.06349018002234312,0.22022517195196958,0.003182461389798704,0.010284239241757628,0.2298687131168735,0.24012553783650492,0.021508921793078683,0.03593880449284693,True
156,0.045043120687757524,0.08604155470869228,0.026919863424154936,0.00513929066003713,0.06380194667750849,0.06540013295526242,0.06545893666453899,0.11192149400089266,0.33732469462161246,0.19294896559954328,True
157,0.005591977278956177,0.02813609337290688,0.21511861228226367,0.17598494317103952,0.04216538314794192,0.13787250215009988,0.04781482653535306,0.05974733402418665,0.05181915080700532,0.2357491772302469,True
158,0.07033443199226336,0.08898051879522598,0.199629438530616,0.069428371295767,0.23575348480040698,0.1405067989449355,0.012931394022477885,0.11514911358653769,0.03954301337946279,0.027743434652306935,True
159,0.07114226771703984,0.14343444742974523,0.0342067042662364,0.0042309819655762596,0.12355258825218833,0.06807174128294738,0.11460667537206888,0.028934809220886138,0.11914359300539545,0.2926761914879162,True
160,0.04146018600936139,0.009997512711191068,0.039005055055018306,0.10862387060251828,0.08902762211880433,0.04107978511630492,0.13520905972366418,0.2560349543545955,0.012506696068333566,0.2670552582402083,True
161,0.08972507812748735,0.07899243369288912,0.1504053959671849,0.07902943692599454,0.02706065423290028,0.07674398070185752,0.01150177552477475,0.38109954850954625,0.08787062041787157,0.0175710758994937,True
162,0.002562911478531048,0.09233573696015239,0.30525905092131894,0.014029525052096517,0.14669455045170024,0.1771972299641236,0.015757048346189084,0.12120201146484898,0.04226591513094342,0.08269602023009592,True
163,0.13649015105494544,0.10342782447531744,0.03595873634969484,0.2877243538168063,0.03312282725443505,0.0055706552538237145,0.25109448473966545,0.1429449095221233,0.0017215686294792015,0.0019444889037094014,True
164,0.19242123663473668,0.2271286209873465,0.005033511018034443,0.052070446397661445,0.12627994850759805,0.0012621177465825236,0.12844148171978678,0.12119505650382642,0.06421452075921674,0.08195305972521051,True
165,0.03432571331622122,0.00448889779595371,0.2710611309228244,0.12675399993108216,0.051132701718503384,0.16007066874707104,0.12982176638673176,0.02559151358006958,0.14016274736895587,0.05659086023258689,True
166,0.2051013815788672,0.010557313898206007,0.14944720449787235,0.03704343193441752,0.04379895411310938,0.005859375350578189,0.058081758111815734,0.013061935383521746,0.1522978835115963,0.32475076162001554,True
167,0.12117894197278654,0.014980299098431597,0.02150181084095786,0.3219289054990686,0.03818148235590196,0.10009945147508491,0.021986448789613363,0.16571884970257217,0.10394162580968247,0.09048218445590034,True
168,0.0607917052458302,0.24594965915973216,0.042659920570746204,0.11664389034960596,0.027851770880327992,0.11400968964942172,0.02105376083044053,0.20100516754093817,0.06518058513059657,0.10485385064236065,True
169,0.22825110001317953,0.09353933764194539,0.08215678271882372,0.024951831300523888,0.08466996089457413,0.04410050200145526,0.029880259112643883,0.13060401760323226,0.013962809622977981,0.2678833990906439,True
170,0.31596655813570473,0.1615253005542399,0.16433191764418092,0.05056539229193183,0.026383282514923882,0.10971066883006553,0.008052913719658977,0.05423871939745339,0.09279721130395842,0.016428035607882294,True
171,0.038213969857844816,0.008613304866913394,0.2713587791196742,0.030401602483036142,0.0953845031491329,0.11860280312363279,0.03603419795119016,0.19135063757969087,0.19869096144866039,0.011349240420224435,True
172,0.006268539719279895,0.19637514255948785,0.14154888540179067,0.02161940068978085,0.2631500359340926,0.12727384769563357,0.09165517650321489,0.09268697079632411,0.004173619187849126,0.055248381512546595,True
173,0.10839906092821736,0.2949909742313926,0.04308250024681288,0.019559712347602034,0.01996506957068363,0.08584582627086511,0.18745380823615337,0.021214311914748134,0.010301478577175486,0.20918725767634938,True
174,0.1525920268420807,0.010216472785734664,0.02396608050528575,0.35927633959930727,0.020203087076719868,0.009807783597527542,0.05230805920535749,0.3035515283150946,0.00012872907615958404,0.06794989299673264,True
175,0.264254106168523,0.11042117338904689,0.035872913830691126,0.03060458389579192,0.06682652878752988,0.05742211475310774,0.047877803053637806,0.16355210925462874,0.12364618195073293,0.09952248491630976,True
176,0.0014118705229846274,0.25003562660768924,0.0036515529127406922,0.30979551844180314,0.11576595276857063,0.0046164045557553525,0.2066089107011513,0.0036632467503083807,0.06154935063302475,0.04290156610597171,True
177,0.08122744039442835,0.2832433258365843,0.027650386721433964,0.12593474378301214,0.007487050426547373,0.03773917694122884,0.21904760143938323,0.043793682891711955,0.005069405167648115,0.16880718639802175,True
178,0.03974290317309748,0.14629950670774966,0.021338900745045172,0.11529765055611099,0.1467291117584643,0.1366980784221337,0.028435766285196087,0.0584161920289635,0.11519336368128907,0.19184852664195012,True
179,0.05436425990238531,0.16679842586348478,0.091260974045031,0.03196142466921002,0.029441359310191456,0.09805715022966319,0.11975747910548096,0.15200806589906665,0.005496829789348962,0.2508540311861376,True
180,0.06969582017133208,0.2430341250616561,0.0972387238465755,0.177238996298839,0.04246929942355773,0.05050628004994859,0.033741383208514296,0.012019146005119575,0.25546851808881227,0.018587707845644914,True
181,0.0817078545712781,0.009283692034128287,0.2687687854484906,0.23215908965618412,0.01895658413198235,0.004132365646753103,0.00877999302965872,0.2006926224752166,0.05905997342763534,0.11645903957867285,True
182,0.03798009099602825,0.12125351210436626,0.003672799111743224,0.20822638148649206,0.19787940054922581,0.053333021776906867,0.1626108842341407,0.09962450926769555,0.07439490388245203,0.041024496590949235,True
183,0.09451153665106622,0.10899838394146644,0.019747152055563516,0.19375553118866348,0.27340760266997993,0.013651080197067903,0.06210055163085722,0.06542629490142918,0.006280550268553468,0.1621213164953527,True
184,0.001902857264905778,0.013451318302238823,0.23686366002593012,0.09354698903918623,0.021024213402933967,0.14886707538523353,0.03263503739461169,0.3634702284533532,0.03472982514166619,0.05350879558994041,True
185,0.1066447088833606,0.0006869010353780568,0.2627821781466601,0.018150288404927436,0.19946070970646634,0.019346901924883482,0.1613051980480209,0.04852685769354432,0.05432590258807743,0.12877035356868127,True
186,0.1352735301558745,0.005572235520881982,0.029799444970641718,0.10594437050885486,0.18835829463098144,0.06147197244681319,0.0783797006726714,0.03160768781346587,0.2513388048251538,0.11225395845466127,True
187,0.2843364385699069,0.26577676444855797,0.03464034735724019,0.08657985681686328,0.06429467409287178,0.04314157394425398,0.02793124119096968,0.04697182749951953,0.043136302490224654,0.10319097358959205,True
188,0.14220371685670188,0.17574747385927805,0.22467967503214237,0.00792767267303441,0.006107070631871444,0.13419905121468265,0.07090361628582599,0.07092804519675372,0.042612524893997444,0.12469115335571221,True
