ID,strat_res0,strat_res1,strat_res2,strat_res3,strat_res4,strat_res5,strat_res6,strat_res7,strat_res8,strat_res9,alive_at_end
0,0.08841189290631438,0.02429808134710148,0.0982517681715679,0.03888700164049947,0.0011363223098839763,0.4469583179559343,0.04612410358484377,0.049102593221569464,0.13057401804668545,0.0762559008155998,True
1,0.05901670262352584,0.0006385326917055927,0.39862148109795775,0.22134135251592046,0.09432760464501365,0.059565622842428306,0.033521063168416146,0.044047008756376294,0.07501799592147365,0.013902635737182234,True
2,0.010064045180928842,0.22727702720206022,0.050389558462506465,0.03902337798230317,0.10781568612467031,0.2341888292854,0.08311641924874379,0.03756684390477123,0.03369749146781372,0.17686072114080226,True
3,0.03365520775413219,0.09456914618741154,0.22391700314792037,0.19563050699812298,0.04205279324158881,0.10105159931548173,0.23066001057117874,0.04250603022421208,0.004564302327457881,0.03139340023249371,True
4,0.07599696012492332,0.298672639562907,0.0032958951471223808,0.07878585233764743,0.08654922693139265,0.07458838267578327,0.03561956415589935,0.007235395008136317,0.14745547553671418,0.19180060851947414,True
5,0.04940452170061634,0.2053315986489671,0.021073697690524366,0.04861129121960418,0.22017743549843258,0.047515468740327,0.20238535544654787,0.12196314949801856,0.0733274826577041,0.010209998899257939,True
6,0.07172779002214831,0.04581598852946573,0.07868572853261709,0.00943913058236533,0.05135439564570567,0.0947255653787699,0.04196304616458437,0.179165754542121,0.21700462229789733,0.21011797830432535,True
7,0.179578470157836,0.03368767415486522,0.030611650907794944,0.030875193542926258,0.2863291367170258,0.1325692346403042,0.017560156494034817,0.21530208279683094,0.03897860636350858,0.03450779422487324,True
8,0.042331999869062685,0.14113638699617115,0.04971904790433324,0.05328982299452654,0.21447387165400317,0.08894702637240819,0.017707959118015842,0.07449794823047921,0.09634404269483268,0.2215518941661672,True
9,0.005511430159260364,0.10469938814801308,0.07835226756508697,0.16538646196099327,0.04514682358801126,0.13204869952060103,0.26198049276026913,0.05754137283146545,0.13287371393383782,0.016459349532461545,True
10,0.06238092782120907,0.2186575921866442,0.23308696238968662,0.03595202588724337,0.04065548325777753,0.05074381519851983,0.00747098510048684,0.18156937821394306,0.009062375909112673,0.16042045403537664,True
11,0.11489266859913339,0.022046231007376585,0.0898917158893384,0.1330168644888249,0.021432204355790598,0.15881026163250392,0.095925053580259,0.2359283377974058,0.015342698860359771,0.11271396378900754,True
12,0.1337752071359513,0.09248525708778083,0.07861824811701697,0.08023306734289772,0.033650926409278345,0.05913231265274053,0.10208903990219376,0.00663623950985083,0.36763384452949655,0.04574585731279313,True
13,0.07828052603104846,0.20959932923025507,0.01453055351117189,0.0038063504446647282,0.10681498311144262,0.08552121219822562,0.2947252510764131,0.11541235118650459,0.024626052043556813,0.06668339116671713,True
14,0.05090456184857218,0.3792609400861752,0.08619118412905047,0.02282668152049525,0.24039749010901879,0.146124912852424,0.002029461121355313,0.014345864076952288,0.009089802945813076,0.04882910131014354,True
15,0.0851684588079601,0.023048052291037114,0.026806664888206908,0.06175629119302809,0.28839633291126954,0.011800003283759266,0.1552978807708115,0.14924380721137706,0.030755183408705984,0.16772732523384432,True
16,0.10184378518026736,0.20337919781259486,0.1961020856454376,0.15637759761294662,0.0887312536635822,0.08627791477469147,0.08645829500248371,0.029854747837406822,0.017727958727627793,0.03324716374296142,True
17,0.03629766076523967,0.027635319239839688,0.4291026618702729,0.14236166885293308,0.09632528398865732,0.009014751420233733,0.053733813993213746,0.06405310156585557,0.010024176723325968,0.13145156158042823,True
18,0.048179923433992085,0.1231910487103301,0.022761781923582504,0.1042988241550295,0.2891939090391329,0.14437379926162472,0.15238432327722592,0.0730258829235448,0.003931230868693977,0.03865927640684347,True
19,0.00824162378176921,0.031826344117793746,0.17616315336246924,0.04364982735544527,0.09538379472366453,0.08891761747310435,0.07797083020594375,0.18802571003628113,0.11657381853682482,0.17324728040670392,True
20,0.018762610618146026,0.016831480234056517,0.03409212969240819,0.05828050771448829,0.24577685012422126,0.015708769271695705,0.023262793795558366,0.3729043857406422,0.1964276499086534,0.017952822900130044,True
21,0.11742754728113002,0.2561647787195024,0.020629992304628808,0.04476851014684551,0.2717057266479782,0.16258345157250573,0.03962359367034159,0.020950740302950105,0.04573932936774181,0.020406329986375774,True
22,0.10952675054905497,0.032893769136118585,0.14209853642668688,0.2107056953840085,0.18100370695750623,0.22601377362779865,0.01317890400731298,0.03502353584074804,0.024255271586223606,0.02530005648454166,True
23,0.22281457197168741,0.058750335807770185,0.06011308715180638,0.011066466843324964,0.03343791268225796,0.08908824299003582,0.2846939668390512,0.04013814166350025,0.1385129784772336,0.06138429557333225,True
24,0.23431418827017836,0.036529778502992334,0.07981424592874467,0.1295061353255232,0.13343383620722807,0.19862807982067493,0.04466741825555401,0.018978668826305656,0.06779411513441619,0.05633353372838255,True
25,0.21105107826456757,0.017288150768961907,0.1540727994521317,0.36567929444507374,0.03121674171796126,0.0632266262807605,0.017913912770522608,0.04188783431116757,0.00189625794265529,0.09576730404619786,True
26,0.20134566813710494,0.05275024312364079,0.0018809119708060962,0.03603701453057491,0.0428050269186886,0.007305853784606357,0.3032890574983659,0.026249857535651892,0.24240174722351662,0.08593461927704402,True
27,0.07552625677936595,0.024508423807357547,0.43864058673740164,0.09325926138416901,0.061893976140243716,0.06592313780179958,0.12223763760150878,0.0902091053327478,0.021356109291686808,0.006445505123719337,True
28,0.17919788779070417,0.28833506112033064,0.11087871207045281,0.05585568469968204,0.026048696048982335,0.17494620928488533,0.07751004644250022,0.04813417568209816,0.03786891825321344,0.0012246086071509908,True
29,0.02635894382773869,0.3763774773016852,0.04993962084389277,0.0413942108304096,0.045346367848179206,0.0983423790029277,0.0028189333712660375,0.31914608711024967,0.0179380418206002,0.02233793804305087,True
30,0.2775212894245268,0.14241374318569439,0.03350808540138115,0.026922506425827098,0.03641137645552705,0.028182148945262317,0.032931242973788355,0.06270209047394858,0.3557709137094539,0.003636603004590369,True
31,0.30151245396191306,0.14147831765477958,0.025154719636834025,0.048614596924749884,0.14967444235100097,0.10375925565853306,0.09900186563546111,0.044033019208956116,0.04825113426757765,0.0385201947001946,True
32,0.017253026865728847,0.08111322446077351,0.009318446788661791,0.0109968918091983,0.022058604774935826,0.10949346504478719,0.2116880615469847,0.32415467149362875,0.024394083780946412,0.18952952343435472,True
33,0.012266527459208454,0.21629851328336377,0.018149026792966212,0.024139225700353123,0.14488774404593927,0.053211577520132586,0.33692592720189396,0.007215145510751548,0.10981783107886513,0.07708848140652584,True
34,0.0423305380840595,0.06059049899447918,0.0007731830366950074,0.4082322740816073,0.0024167810533862162,0.04948353599747127,0.036959177866165066,0.13195353466723375,0.14286294713455724,0.12439752908434554,True
35,0.05238080104912651,0.009119793124021022,0.29145118323025826,0.021879825063816125,0.1101172272933706,0.000983093781702838,0.0034877654785834787,0.11943894575014634,0.284021438502348,0.1071199267266268,True
36,0.05743476076719759,0.018925850456871528,0.13424566607252084,0.23016602988965845,0.16572041532887632,0.0025450245751791447,0.005226949937861345,0.25298171912301587,0.09258805371077482,0.04016553013804416,True
37,0.21341066529828334,0.027904143973732396,0.2275668712295211,0.022276353250122973,0.09765885575268478,0.11643828920668514,0.16803664363552898,0.060968787317598236,0.05096416509487674,0.014775225240966286,True
38,0.15279544715577395,0.022387659448610684,0.04074454497766698,0.03145277870738896,0.08950397661670952,0.050246098304380586,0.27630899276164833,0.3024904031600528,0.0022496166211235973,0.031820482246644806,True
39,0.08281349330233602,0.13955996164023218,0.04031177366155407,0.0661932108949145,0.14300495875870617,0.06798354285932143,0.19681815860485224,0.04228150642442196,0.03638070634130862,0.1846526875123529,True
40,0.017912683234056658,0.05302011405923324,0.08104042855020023,0.00785374793823309,0.07584085123012634,0.05147510424149891,0.0953233633835794,0.20370509939224246,0.17887289008971366,0.23495571788111597,True
41,0.2270347724029982,0.05879425155838314,0.0072680046558807766,0.23441597685492074,0.15130289858043255,0.11444150800387197,0.008351511976486443,0.04795248192947672,0.14731231392440997,0.003126280113139497,True
42,0.16984687263075327,0.030420246006556947,0.19906854433879204,0.09282454837108402,0.34734722006665214,0.0071367856622646724,0.05687116014687867,0.049678032714101775,0.018551511265176856,0.028255078797739728,True
43,0.2276704430308431,0.15203573097952458,0.15050204579780133,0.07041192264074189,0.10234925464279736,0.06589113600319507,0.04328927456304876,0.016001540402935575,0.08263842221611441,0.08921022972299798,True
44,0.20927907393782177,0.02914846306628459,0.08134137424425109,0.017345640700680093,0.059328448559176544,0.03193248122687052,0.014876757022727753,0.02873129040917636,0.0014422691649529,0.5265742016680582,True
45,0.009688271902923007,0.08944055191862761,0.06577951487624478,0.23895083825808316,0.10543453486744457,0.037413291548204136,0.04071530921198071,0.20472396712910787,0.12227293976589891,0.08558078052148523,True
46,0.08797686310991885,0.013308377146760737,0.21376410673464624,0.02617824656265419,0.06814276099504088,0.035243857152189396,0.19749363254080543,0.20896012193093846,0.07710009252614088,0.07183194130090488,True
47,0.21618934874063256,0.025723690540742448,0.15378992011163217,0.013024761667798672,0.2551444118025345,0.0044289315888211,0.01273413501222843,0.055287053738005826,0.05365748738563431,0.2100202594119698,True
48,0.17364683809704082,0.02692675700445617,0.025469331600087994,0.01301813364659512,0.0038654217559695816,0.13774288450345176,0.025322738402114665,0.16619991957367472,0.052302991395279504,0.3755049840213297,True
49,0.033612058721009565,0.13766553038517548,0.23414005936440033,0.009181833565364344,0.037658706995374866,0.017987677730331834,0.20464602889498756,0.11314859164925226,0.01245688393790872,0.1995026287561951,True
50,0.017133516929499035,0.281757027578652,0.14782654966236933,0.013072192787639565,0.021551122163169293,0.0011900951190487426,0.3164018199963048,0.014897301319125767,0.05826158423779031,0.12790879020640109,True
51,0.3254075738022302,0.03763591610176025,0.05415233482538825,0.03412299551437948,0.20074819446364836,0.11340415900220494,0.0810778871927215,0.01573976483343467,0.007090202751076268,0.13062097151315602,True
52,0.10672676048541727,0.17185921517520192,0.15934014756188292,0.13251627675047456,0.049508998236969866,0.131505861596984,0.034022789698346344,0.016499340922911575,0.05630891761732051,0.141711691954491,True
53,0.025243613111869963,0.16112602942172383,0.11230334632747178,0.002990963286894085,0.2550420918820546,0.0019218828863584037,0.08868026557655859,0.09469728420452074,0.1925416446871142,0.06545287861543385,True
54,0.005214239875170781,0.004940124483781533,0.0901973389199475,0.0635699233814669,0.03418638709236648,0.09497638178898588,0.014776617123678552,0.17183579831616902,0.4858103818305529,0.03449280718788054,True
55,0.0010528887275973384,0.03419461051020973,0.3527352593713571,0.01275704638083777,0.05032057717292905,0.3769999218152021,0.047831270509921205,0.015437845641708614,0.029801097195131732,0.07886948267510538,True
56,0.13418155886074745,0.0025318093371874454,0.01724650568878276,0.0511943373206828,0.16066595956709878,0.10167208963101337,0.24703061770720672,0.05287159930428021,0.09108525039417498,0.14152027218882543,True
57,0.018578130333182126,0.039708019384946704,0.014534674932487444,0.023153083804743003,0.28162471767375497,0.006808766658911659,0.02393507058113857,0.13448233241734292,0.08691195295806585,0.37026325125542686,True
58,0.0384174066544695,0.05265929484380075,0.059136947774225214,0.06441269423341577,0.23002236413861063,0.1336929846763289,0.07038115319530687,0.2029154304285522,0.07147264181451247,0.0768890822407777,True
59,0.15419057433955466,0.12020576919524244,0.29026991376627587,0.028812028321338442,0.1584840455132674,0.08253932223851759,0.05861733198980374,0.08183950750135555,0.0021884203439210027,0.022853086790723346,True
60,0.1058530325691169,0.026120752168648922,0.012139404292480166,0.04561306431224758,0.10315584736811124,0.03491674218380931,0.008774311407775714,0.17938079957410902,0.4497854279370456,0.0342606181866554,True
61,0.021987927040118482,0.1825932186943058,0.05171609397594182,0.08914492338766927,0.09777261865879673,0.0867545673454916,0.2437659827465079,0.0018552665031191333,0.10229216473341539,0.12211723691463384,True
62,0.1626523473121706,0.006677787194649755,0.23055894805136312,0.0439238907001225,0.09983679575922305,0.0018172669666166846,0.04494857339090901,0.1805379182061862,0.19707483650170518,0.031971635917053876,True
63,0.2564230042999251,0.0604216190821442,0.13588666103058683,0.018456181901457643,0.08517468180045279,0.28534146017301465,0.10030698374020558,0.05450520026265323,0.003423940661453306,6.026704810672531e-05,True
64,0.10288043790609444,0.006685202416061331,0.31366755248678785,0.1721444553223194,0.08304289337011765,0.008360439186082102,0.07055873912124717,0.006217342726592833,0.20753742609299106,0.02890551137170626,True
65,0.028814396445104872,0.10443641425797962,0.27940122206139034,0.07900748669153013,0.01113421658172118,0.19926754503764255,0.014446268837705199,0.01939378930151794,0.21548171643640873,0.04861694434899943,True
66,0.03356216604123212,0.12042633311113005,0.04290055073083146,0.011006192666410983,0.06702500862878769,0.061847637926371185,0.18059316353418028,0.09134948170320761,0.18219107137602794,0.20909839428182056,True
67,0.08120486833401477,0.0941116889441351,0.04706671549950528,0.09684601480184606,0.008788948584918884,0.1919086233668874,0.30977390666123483,0.030701401722567054,0.02910687541498325,0.11049095666990735,True
68,0.07954585320410203,0.08268818723535899,0.1136087799782036,0.07007801988334313,0.07277008360056139,0.11841264900886024,0.1572562784445093,0.15115854302520965,0.1385032336842057,0.01597837193564602,True
69,0.2126371875738012,0.0019627399197080886,0.007003802151244574,0.035235501609748254,0.18617843551001534,0.15034491939919153,0.04456881812996274,0.2630899023753534,0.018214966372804477,0.08076372695817044,True
70,0.030983207727879727,0.20081246196071448,0.025223819744920287,0.07368066124082581,0.06671537580631791,0.06128319452440237,0.036355414819247076,0.08177631504676644,0.07102690229316293,0.352142646835763,True
71,0.054147376126369315,0.02765544847476275,0.017481264331958193,0.12175988979425678,0.027832499303412486,0.17413031570375592,0.03454607738061325,0.4106325822513914,0.018465552178239978,0.11334899445523988,True
72,0.1504946175628354,0.02700805141817104,0.10552539880987453,0.3282252718325607,0.05430731516225299,0.004635378654686253,0.1494795221456962,0.027400461766852617,0.07444224389838605,0.07848173874868423,True
73,0.36662714042247413,0.1564614001914868,0.0005464862533767256,0.14084269510601963,0.09022525094936279,0.022117994603920145,0.02118424782165703,0.08124521232752617,0.03394297737458035,0.08680659494959617,True
74,0.07818005659216784,0.04901316668605493,0.018655107549550822,0.06104017933723181,0.024066230101755525,0.024647007261364203,0.03400589681898773,0.08698101436594567,0.2758450533467535,0.34756628794018785,True
75,0.00752633865469352,0.009179498384844886,0.10901028151271906,0.06535316497766837,0.1728867503259112,0.016232551999095294,0.018893582369881683,0.01483446400867358,0.09805977777540034,0.488023589991112,True
76,0.35769860208611004,0.007314362619741712,0.08746926497390334,0.06588946906030738,0.24735553350005834,0.0128854064989197,0.053408618196463455,0.043186431369247054,0.06082240529822929,0.06396990639701967,True
77,0.06667451361560374,0.19830253796671948,0.0752985044921854,0.053411900854827554,0.11565909863887287,0.044103461496074255,0.018783074486789827,0.26844232030962256,0.033309943120203106,0.12601464501910117,True
78,0.06303646784741056,0.38044717866273786,0.04230575763061169,0.03464656957751421,0.1683027329779137,0.07241868708227374,0.020563354672138996,0.03280967218597533,0.14735289946299598,0.038116679900427934,True
79,0.017011360133943443,0.22255173884787413,0.11015872177704923,0.30026100345877565,0.06433431389679536,0.034466824181979196,0.0643517311613256,0.006719747802866871,0.16426962603641976,0.015874932702970704,True
80,0.015216296008611786,0.17568727269628584,0.06779973217667763,0.09953654704343386,0.11900048267001526,0.0337942683116322,0.1107026135630431,0.0007479179259893781,0.34287741158975665,0.03463745801455428,True
81,0.05431992559193299,0.08514783524844365,0.05454556988280139,0.0058491014484736824,0.17616772779249762,0.02477870369672184,0.019422037306852824,0.3845983821378787,0.08607578549532652,0.10909493139907095,True
82,0.08217124266449578,0.1361553789303613,0.14040056570250378,0.05150506373291622,0.096734730748771,0.18961426233885076,0.034978581406315476,0.11516658881778623,0.030027912534789356,0.12324567312321005,True
83,0.042930893814756094,0.16831626083321832,0.005780673442539675,0.04124677439254246,0.12280107118655659,0.24884728773678086,0.10074047796298304,0.04385629214880687,0.02729425078541507,0.1981860176964011,True
84,0.0073481234810966025,0.17700526704325822,0.13652927034166468,0.2547775605152595,0.11834693645302981,0.16419516352021232,0.04130792985789212,0.05752918814637159,0.028722176279351013,0.01423838436186407,True
85,0.04129483360712815,0.0747585975107911,0.21333215677730394,0.15042098707375628,0.34639562407975505,0.01417873053396543,0.04244392245676256,0.09430403287403916,0.016949688967837113,0.005921426118661183,True
86,0.04310889935933968,0.2594828454672409,0.01641103896732509,0.03655880386536168,0.02095018164801798,0.16571627235616682,0.27213031005426624,0.10410252527612557,0.012796329897907084,0.06874279310824889,True
87,0.24579826896151236,0.055163824217065054,0.11639148870089894,0.05348366753577575,0.18877619346143135,0.009772244491378937,0.21660407374108798,0.003969821703352552,0.08975249518186364,0.02028792200563331,True
88,0.3945413027188518,0.018629787423216856,0.14477693838627267,0.027605922174664677,0.23026854083250067,0.018937268101274392,0.005303661029709178,0.008390975523816267,0.08497969318731746,0.06656591062237602,True
89,0.23275015654847386,0.24308755566581006,0.12394912485196861,0.01733074182880479,0.04366424880518419,0.11073999950640331,0.016556821516382773,0.008222455592202228,0.03239669279774488,0.1713022028870253,True
90,0.011425812812680512,0.3514751206744303,0.038035829028361764,0.1898371746923147,0.0759320965254582,0.047934292788178186,0.006967305731911799,0.06872826733437194,0.05771471057665192,0.15194938983564077,True
91,0.05107737463722344,0.013280219071259897,0.0005038317555434068,0.13982194205035842,0.14465394672289789,0.047965476974192345,0.11211044191447153,0.3288054315078434,0.11252535787389582,0.049255977492313904,True
92,0.11996719888027867,0.2540430631239244,0.05903696680566156,0.05955582842680811,0.020085873103316217,0.002364418722384936,0.07324155514949882,0.001227816916720902,0.3420934702639513,0.0683838086074551,True
93,0.029377863160892314,0.009337134308667032,0.24938708463572704,0.0683354274391708,0.23952160780638235,0.1056637040545841,0.1364910158982064,0.013456655604518688,0.14634323586786224,0.0020862712239889834,True
94,0.04371790859452602,0.18708106416939788,0.07199656999392487,0.06288902394825001,0.17996445961064364,0.04674451711900367,0.02299174107283994,0.2970993975449618,0.0290721022376388,0.05844321570881338,True
95,0.009710957241995263,0.16341538295861535,0.05262657103939801,0.03430611698645631,0.15208644253544037,0.08693767346900994,0.11644678874054257,0.18837593912354775,0.009293506509363366,0.18680062139563114,True
96,0.014382099369545747,0.09174715019135318,0.015453670818324538,0.0472981856200681,0.11459917225729735,0.0017402366431153202,0.16920961070210933,0.19051894715347428,0.17424702867879832,0.18080389856591403,True
97,0.043117205541131416,0.14843180120090552,0.01858480193658342,0.057341318596952615,0.017940426777302263,0.4892860723319071,0.09536345041167141,0.040155703523543605,0.026066901817059732,0.06371231786294278,True
98,0.06171227873607819,0.01685392073924171,0.09841077633192173,0.01284748991069035,0.24376654879212886,0.038143498938444965,0.14859887916448042,0.26345787696546225,0.01146894608958256,0.10473978433196893,True
99,0.05345096946533569,0.12139441276634766,0.0821137953344136,0.04434991623456148,0.0029893951830148977,0.04703768822438451,0.21065291515290072,0.30842577575868085,0.1188016680356581,0.010783463844702423,True
100,0.07335139115095533,0.0020383329929810085,0.3016669716533049,0.004789566978664012,0.16408993028804927,0.10216115353538989,0.04040420610275471,0.12254043870616077,0.18028158917058051,0.00867641942115966,True
101,0.0004587839317596763,0.3833472786268771,0.052194676512906275,0.10207703667004361,0.043779205519199275,0.026096623454943714,0.040579465535545096,0.09293581142690459,0.07363076028091592,0.18490035804090466,True
102,0.13972549537992496,0.13219937876330684,0.006017447804628577,0.09075161308961116,0.029532566026758685,0.08079937067933844,0.059755348169816154,0.14076594231196565,0.21111089406620148,0.10934194370844807,True
103,0.013298702250579473,0.01359409457600456,0.3275000945732431,0.04805003532922519,0.028227127518661025,0.1890698495516453,0.07938822893510415,0.0690194078374473,0.07745661751868878,0.15439584190940134,True
104,0.42324261013091086,0.02806505143025948,0.043685322055306196,0.03361016622349349,0.0790627628469125,0.0986472326057226,0.03334240163333728,0.08010256561508408,0.07677278643995775,0.10346910101901576,True
105,0.029029285163037703,0.10572147405168598,0.05761069018148838,0.25972941418675205,0.11138614663446438,0.023588792774662245,0.15622945458961018,0.014991590147566064,0.05266686698186012,0.18904628528887268,True
106,0.06037732111409063,0.02854472851153078,0.21393734580149662,0.20653691198114096,0.018546870387750932,0.23411182039257655,0.04032537496582805,0.13549100374992082,0.006820734699167636,0.055307888396496876,True
107,0.040757727135093805,0.11463423910734126,0.048368810371732074,0.1861801882017311,0.02311473201459911,0.07482791229886188,0.07533724690155834,0.09139269375387385,0.24778324568175655,0.09760320453345214,True
108,0.3498104334729808,0.027300196703976355,0.025096816089253755,0.06168994069119875,0.03790686515276599,0.14165453064698308,0.14740249577450396,0.02000569157891305,0.12990325240633577,0.05922977748308833,True
109,0.003364141768177568,0.20349739304159933,0.17504417211800022,0.06682370384096473,0.009938177605640516,0.13241363002894582,0.015598415223914152,0.22949982026983287,0.02371134401312453,0.14010920208980018,True
110,0.08759895579784706,0.22071023022447755,0.042543146202188555,0.036189536332874285,0.005947650981869077,0.29028338841839146,0.2070851890260294,0.09256587121017351,0.0033932129564428586,0.013682818849706247,True
111,0.009117776233221136,0.07822405850679981,0.1381407004269118,0.07604285536982705,0.2336975708070895,0.07859340088622736,0.1393993716662594,0.07665624711404846,0.16965517420611848,0.0004728447834968759,True
112,0.09759201231228304,0.05374401027349132,0.06460216458117043,0.2816399552234892,0.10287957129584777,0.03988785030540139,0.07187452417202875,0.0048895607214260685,0.23496808223890894,0.047922268875953,True
113,0.07666982103417568,0.040082138094508224,0.08820382522385807,0.12175960711337676,0.14173851352688252,0.09361207023419882,0.09817269343997366,0.17995025170305745,0.1094459176554495,0.05036516197451919,True
114,0.12838001399159507,0.29806142268571456,0.006026612700805727,0.06223025964065595,0.08333636119423544,0.02358034109492147,0.1241466772693779,0.2360096617927601,0.001646244572034325,0.03658240505789947,True
115,0.10919558142118953,0.15228983560176879,0.11160836512408216,0.1878795711626589,0.1516518856555175,0.04198958394580671,0.07785479445406483,0.05731269195260763,0.0997971049889454,0.010420585693358336,True
116,0.0023119694897820705,0.29350903362375924,0.07743260421492937,0.22067237380207286,0.1040829648404578,0.002668908893398837,0.020733931587713902,0.006996826428338949,0.24050067614003837,0.03109071097950866,True
117,0.13551974993627716,0.04329570636104621,0.14239902893778686,0.07136603474671098,0.04044284110589318,0.09724268984821395,0.1326885758027941,0.06482660605039425,0.1639906557512696,0.10822811145961359,True
118,0.11294925205613394,0.02439196831414477,0.186973099527363,0.046674187110895465,0.0035634493816920506,0.05732146525216281,0.10182536225107698,0.1538251329226571,0.042737384960376504,0.26973869822349744,True
119,0.06342919851242448,0.021301099328909008,0.016125836849607045,0.02262823919998274,0.11365515580279201,0.167653701706911,0.11149676941794366,0.3359190968610908,0.07756534149724595,0.07022556082309328,True
120,0.028907479620021177,0.10680149148983925,0.269375617052286,0.06740808022949721,0.17781432012339482,0.019444090256574346,0.1178006716032331,0.11566822242408152,0.05500407621580859,0.041775950985263904,True
121,0.14888648046273203,0.00454427600182693,0.04575365366945219,0.29063256815790683,0.06322290124796495,0.04997467658818429,0.050251368126604086,0.06517101038396875,0.2561499374928984,0.025413127868461644,True
122,0.13693398520670674,0.1976580102732123,0.0876132260565081,0.09569762283701226,0.0007104577271019396,0.11609522687735878,0.08380245783034636,0.2028793579485211,0.028703785291370916,0.04990586995186154,True
123,0.13849928746555243,0.09328448804189236,0.05586716605646029,0.10278482597819102,0.3257898274816418,0.12159247309922012,0.0013077664487057784,0.08654445443234005,0.05695259966854455,0.017377111327451664,True
124,0.03803839109255197,0.23295081514033342,0.12354503622618541,0.020574919065580847,0.008537130235442876,0.08427304786212277,0.05313486263563856,0.10198473677248909,0.12281570356029474,0.21414535740936036,True
125,0.022413409955291393,0.06312718712818512,0.09936042006378348,0.14601215942629636,0.09404626040542347,0.22522206199618602,0.09209912253312626,0.06258746620380955,0.07595484678501065,0.11917706550288779,True
126,0.21196354550688892,0.27965863221530807,0.02906549681437944,0.012322027518280597,0.04523048445128906,0.10456085895541112,0.16724659049737473,0.007224600363632505,0.01576140469724644,0.12696635898018915,True
127,0.09578875007700802,0.13109354542818266,0.26377675405171164,0.005837267160793128,0.09052264392759891,0.05725034472350523,0.04534306319065365,0.06862391083121483,0.20130254258165162,0.04046117802768021,True
128,0.0919303346587998,0.10975210385566797,0.02857004123753523,0.03350540232379576,0.06719695005283254,0.19560251200960183,0.0015854928555795729,0.3531410721569269,0.0033525285613934474,0.115363562287867,True
129,0.017190366063407982,0.12334995182103861,0.03765143052164233,0.019100028415870766,0.03833963232275664,0.29615171973657844,0.06298527393345063,0.10657421020511948,0.03888385024519777,0.2597735367349374,True
130,0.06168695526869003,0.19076791378332883,0.09617740904117209,0.006337386132830669,0.0006702404757444829,0.0997417133516904,0.03323846329802966,0.29320646816082746,0.1951964283058728,0.022977022181813567,True
131,0.01700260822506599,0.16036778626058207,0.0030221349554958284,0.10494036961453328,0.06406974338791377,0.23732417706949982,0.10469909346914576,0.043259864322529734,0.08776486605922135,0.17754935663601248,True
132,0.1546047207568992,0.18149119118119067,0.023846781386094352,0.15872493105241522,0.1181888976688436,0.009222720432968743,0.09870139233742131,0.05418547549110479,0.06679055645691523,0.1342433332361469,True
133,0.09901044385888957,0.2070770900123949,0.056492824824839284,0.03734599054283883,0.22687619926224625,0.01363377318827719,0.18863335656164715,0.053022959556222334,0.09352393985413644,0.024383422338507994,True
134,0.05604315551503424,0.03216860220596024,0.0021739167912275515,0.029829445506552386,0.02800942797115818,0.16575361569364314,0.020959384646170788,0.04643009004649933,0.4786115280813376,0.1400208335424165,True
135,0.07624073729572695,0.04883192619829282,0.04531498746617937,0.02367955777992461,0.3557228625552644,0.05942671350609948,0.2177664462746697,0.01926959743399119,0.1134554254086541,0.04029174608119735,True
136,0.1808581766313707,0.0625293576691741,0.0016748764724901345,0.04185780957508613,0.016556725855750222,0.01652543263178897,0.46180538378936087,0.0714283357982749,0.04878293883854869,0.09798096273815537,True
137,0.15478898581356804,0.028117872553495765,0.030687957982431707,0.01044985872393269,0.31326145201556704,0.1668158949537061,0.1095559308528248,0.09615010070474084,0.08659844676579768,0.003573499633935338,True
138,0.07582979266176273,0.14772170933024614,0.10531791975855831,0.13994695585287048,0.19081754258908326,0.11116164829624162,0.0557995178329671,0.05905085708271704,0.06659103769943014,0.047763018896123194,True
139,0.1383281150072147,0.022781124379888492,0.13655369949923066,0.03698162198292338,0.04006419475016159,0.0023903291507491884,0.21288772245486054,0.3314802503243841,0.05853878902372982,0.01999415342685755,True
140,0.03144852825252468,0.009208960581003433,0.06817080169259368,0.04476405890393675,0.09175126274170507,0.008105585404662356,0.4687463054180372,0.0042949091731128005,0.024861692554426152,0.2486478952779978,True
141,0.07429074885383503,0.05235929396276431,0.39597347057657095,0.001157530809921899,0.08526199179313748,0.04106529312105555,0.07775943290764718,0.1382941780884425,0.006076569742680619,0.12776149014394458,True
142,0.11617351980131986,0.01438329915016774,0.0123307346051122,0.018911425089083136,0.0879774434936826,0.08253168786354824,0.06044775227918166,0.27966099622853774,0.05236412371770386,0.275219017771663,True
143,0.01044166808689256,0.2365671606671209,0.028470019822794655,0.05231913430331899,0.10588708146793445,0.032485922111028236,0.24426539298268857,0.008627715539741626,0.07865132787009355,0.20228457714838638,True
144,0.15750191619703824,0.09482688369342027,0.07833739658274405,0.013055796002624038,0.02927092182668379,0.15462471795265917,0.0907904472442722,0.1017266857185651,0.04762642387192343,0.23223881091006965,True
145,0.011837520464495412,0.05476852360934793,0.09676279626580314,0.22917894970694072,0.06183607925715839,0.20484650801245116,0.18981091482243856,0.03813525778780104,0.075360429575426,0.0374630204981377,True
146,0.1339118048442777,0.011938147796357844,0.022596048098751632,0.07854025120464118,0.09205133821494459,0.36094847776549244,0.114310407768373,0.08777864885997641,0.07120463594561151,0.026720239501573605,True
147,0.014245255216755532,0.2755420705431796,0.021561152958641316,0.01347725742590654,0.22997827527642067,0.1449577323968304,0.08783663588399146,0.09660222131648694,0.07125364433488816,0.04454575464689935,True
148,0.05068506229193908,0.1499005460017653,0.1612079205949195,0.01162413502649012,0.23695800073630183,0.08880934255303624,0.0261868919560029,0.22158353242378054,0.013651677487297703,0.03939289092846668,True
149,0.005034963487951173,0.08048092924581968,0.0059756186688570525,0.09277602909248334,0.10857691055228179,0.11129108683870229,0.12574852719518503,0.04712474372119683,0.38679707018266046,0.03619412101486241,True
150,0.10986395018303595,0.19483586683639928,0.08648819759552585,0.08482225239806516,0.042501802090647016,0.04548845315277309,0.31955949327838196,0.05482440452257424,0.038742255130197495,0.02287332481240016,True
151,0.07112023862094957,0.09684978344442899,0.015265947132308595,0.15901947265862187,0.022876940427057662,0.1689736166714975,0.22932084535112235,0.0628797382783817,0.0112806805172135,0.1624127368984183,True
152,0.013512289635158287,0.07156852775622047,0.015848353260737927,0.21593951832737748,0.1850884533409747,0.09706842082084555,0.0772727932946966,0.11675276217432873,0.15349050703988787,0.05345837434977233,True
153,0.08183022388598651,0.14627384686620395,0.08841312497877128,0.033350520704258424,0.08803846380268772,0.0366438606490324,0.19922002194177746,0.15002657088080087,0.16353213227776053,0.012671234012720916,True
154,0.038152083094501334,0.20177070299208952,0.10022571016095692,0.044333013647144544,0.16098746844546127,0.029316704845846118,0.13693154513221859,0.08026699637688396,0.10584783036388605,0.10216794494101157,True
155,0.2718130133251894,0.03258125556370003,0.13444083330854203,0.03712044142338708,0.20424604516699515,0.07156434805151518,0.08554044142403547,0.09612553050344068,0.03882511260421583,0.027742978628979068,True
156,0.0737324646842872,0.04221783417117405,0.20600067812581824,0.009187140306768487,0.20587937681946136,0.09775327503934948,0.07579223307658792,0.014176476001576224,0.18941685209788814,0.08584366967708888,True
157,0.00012599129595265607,0.09088868187742274,0.0023564757787826324,0.019241428321442995,0.2343087891889686,0.054660981147151844,0.15271066726946086,0.00016134957346886569,0.1417342115124188,0.30381142403493,True
158,0.07231272195954513,0.06067554641539364,0.0021713260480802415,0.12481600281798706,0.08739218172225993,0.01170776607243506,0.030644972991513784,0.0031854076702829185,0.03313201789730882,0.5739620564051934,True
159,0.035941813202782585,0.010951697175786668,0.10522393958995976,0.11160861724060471,0.0075593814651861175,0.268669554315871,0.08451853046634474,0.11725959754277425,0.0513393548216721,0.20692751417901814,True
160,0.06794011534070289,0.03929346153513639,0.14596564278790392,0.1571925638874477,0.07883791382659537,0.020167367115867436,0.10857677556230795,0.09343496636930582,0.1788489363278175,0.10974225724691501,True
161,0.1329003503622039,0.007786482599859516,0.18301241927258163,0.025694850843313383,0.06651544601916973,0.06559369558806942,0.0986912120953034,0.06264837727139651,0.2709883654196279,0.08616880052847468,True
162,0.05068845986395052,0.3497681693225674,0.08623950199498076,0.0027771658167841423,0.13448967117722832,0.039275979594529414,0.2030412112290536,0.059236043667125086,0.03596745269539787,0.038516344638382806,True
163,0.1590859505150776,0.12262922713663486,0.16555917394397732,0.018425330282003896,0.18000982808878388,0.14752302369058945,0.0265255660723124,0.02188933829992868,0.13798992194453383,0.020362640026158188,True
164,0.03219652874244022,0.13629343845338196,0.06337627816145276,0.10638311674048556,0.017363375297540836,0.053641565077548435,0.0705774946041317,0.43758505892896893,0.024700123121388345,0.05788302087266132,True
165,0.011734849015632431,0.0966416409685072,0.024875685559533286,0.16103059435694383,0.056597494121498775,0.1660260470054715,0.009542828280293653,0.31064719794061174,0.09542849610937057,0.0674751666421371,True
166,0.009369696093193663,0.04055883516448651,0.03067303321120233,0.12925646480371478,0.17199705761272047,0.18689062370977935,0.18962226061674795,0.023803652827335018,0.13685733227615127,0.08097104368466874,True
167,0.06537370001760003,0.09187571820829284,0.08764099638235222,0.027791950539246952,0.04779670095962382,0.32175655999344993,0.12533769552563642,0.09373500315703237,0.09812602819287707,0.04056564702388833,True
168,0.16508269785949004,0.0010059306390208952,0.11704087977586,0.06924572569191953,0.1464869337575296,0.16130198366456555,0.08567794681447648,0.21769576051481856,0.01890373608566929,0.01755840519665025,True
169,0.003910914905031567,0.0770109435785158,0.11540198658489544,0.08481157760451544,0.14236560910360777,0.23024194773125645,0.14809004455082048,0.010237148398698073,0.10031503463998781,0.0876147929026711,True
170,0.18544582391042636,0.11752561546391928,0.01333958732573152,0.08701688545762237,0.07938303906049392,0.09797315015965065,0.0567269191138705,0.031023171783121743,0.2537974827064326,0.07776832501873115,True
171,0.06650554385991171,0.019643150334633284,0.2276637446294769,0.061429806936284255,0.36959911162154213,0.12909008773240924,0.029038628228532374,0.015003720823697381,0.0437759820109479,0.03825022382256488,True
172,0.20428230063013253,0.008592770279356635,0.013439864900876725,0.07420789200993828,0.17825410964920593,0.11274391569862674,0.059551800181346155,0.039816224529939014,0.011488355776921942,0.297622766343656,True
173,0.0352537008996468,0.12330513475143891,0.1680727999296043,0.19573675520781028,0.07686870360611794,0.05800542714941388,0.17616656142028367,0.10448685669613951,0.013140564990274935,0.048963495349269644,True
174,0.013649624096039654,0.029895400506142856,0.0081901572872318,0.012656050204889116,0.10703486753612804,0.10799327801954148,0.017810207243804537,0.08599100433538177,0.28875156955561343,0.32802784121522743,True
175,0.02869211019932409,0.08059079015129471,0.14748899748369004,0.042132604786382394,0.03583034675174676,0.15195642348447552,0.125948236114535,0.07422685807658498,0.01905508033585531,0.29407855261611116,True
176,0.04018892048246256,0.02472947016840798,0.006750070708108843,0.19154908739655255,0.11417719931252888,0.0417977659695115,0.09002342449318725,0.06075268083728127,0.17369117974933038,0.25634020088262865,True
177,0.04165829497436115,0.05155658581541663,0.14945888667179302,3.953806960313128e-05,0.22020317765707115,0.03918785338340798,0.07812580099522519,0.06411449079500342,0.04415287258435629,0.31150249905376204,True
178,0.00014720868390328412,0.061192803642125,0.15463777530233339,0.01303470680445799,0.08213169293466205,0.2078192329356305,0.2574972730817121,0.06865633591545203,0.009887353492926805,0.14499561720679688,True
179,0.17976227286930876,0.034950036524561204,0.13697898942451467,0.27472643219750525,0.0010005629854974508,0.07795201827313279,0.10365757248973491,0.07830633191809905,0.07224144100333293,0.04042434231431311,True
180,0.05923199167798794,0.010634521926359402,0.052574787454504536,0.04225864209430031,0.09447619720949395,0.10859624311115681,0.06816494768971144,0.241089976051657,0.27925892517728035,0.043713767607548255,True
181,0.052505810715454584,0.11132174897708129,0.13995401621372577,0.04079771916006214,0.10503111557325426,0.025715692238660073,0.012800329366731068,0.020412606883086524,0.487186330165218,0.0042746307067263786,True
182,0.024337884111713594,0.062479821215340646,0.014380083223632193,0.034883717224286286,0.057673699541002925,0.06754847014436383,0.4205049271248591,0.023197244170647092,0.052567965990138035,0.24242618725401635,True
183,0.002835484822965209,0.032593840245175254,0.0573980819505634,0.0873396142940841,0.06395648986764103,0.15209577344752165,0.03862498545186908,0.15358026620143406,0.24797873651470875,0.16359672720403742,True
184,0.13901868227053127,0.12538204494002822,0.09193286486229592,0.036326815828780404,0.08030981104144892,0.16417491935198622,0.22223683892853802,0.10974724966439235,0.008850660500681508,0.022020112611317203,True
185,0.08575767141453748,0.19819778663093515,0.010750658260723384,0.05703397254806015,0.12215418958005761,0.17375371800085546,0.06672272503245912,0.006894037106796029,0.25322847707971535,0.025506764345860283,True
186,0.10300600416813305,0.060326073153906506,0.03963841454733713,0.03978214814785231,0.01736956318832511,0.011707596513058909,0.08353698182517803,0.07519544307132178,0.13089612401549797,0.4385416513693892,True
187,0.13189223551384155,0.0003333966282819772,0.06852390910554378,0.10482026892916711,0.1971535722343673,0.18455890278076825,0.08674310786627815,0.12114835666239587,0.08072967460097051,0.024096575678385516,True
188,0.0251602105048095,0.08723640755926232,0.04127799372205629,0.18826404310039252,0.1686631177980124,0.10687228382181102,0.002990911085368581,0.13663425007050198,0.18358315377512396,0.059317628562661324,True
