ID,strat_res0,strat_res1,strat_res2,strat_res3,strat_res4,strat_res5,strat_res6,strat_res7,strat_res8,strat_res9,alive_at_end
0,0.024389803831071113,0.04385917573075399,0.1029953274754939,0.04167255914567593,0.016352198399615804,0.03184663574024768,0.2715806958975347,0.09733642963883404,0.21619645327696446,0.15377072086380844,True
1,0.10523769708399729,0.10731850331234503,0.1344848315479397,0.05749859438731916,0.34292487292755414,0.05916267212428157,0.04347289100451965,0.13128577524861718,0.012509263975751857,0.006104898387674557,True
2,0.10319208406391447,0.21525040299835693,0.0253293697913515,0.04726136272670099,0.18472681703822866,0.04659769970677557,0.11515076398187547,0.1409017088166227,0.05107468245598081,0.07051510842019285,True
3,0.27034203868990075,0.004105709653896511,0.033823544974031415,0.008553218149245922,0.23340512100976316,0.06157986077437395,0.044323843426012,0.03787526825950594,0.24616344573261945,0.05982794933065082,True
4,0.05176607496131143,0.05349334875658367,0.10293510502556658,0.09040031340944116,0.3101546482672241,0.21212086065830846,0.0210856221128389,0.013082110521541285,0.02410591495403675,0.12085600133314763,True
5,0.14485545848370504,0.048949342906838646,0.02082145347222326,0.13681435873867173,0.01683264213994593,0.023806843880971956,0.332422607714334,0.20988868793936424,0.058315600909452696,0.00729300381449254,True
6,0.0037965634221135097,0.09388411603420442,0.3508213335836971,0.23930816804933722,0.075832307179449,0.021587618912405435,0.0028493188677140755,0.062166739374953144,0.04658236789184952,0.10317146668427676,True
7,0.025587559128796438,0.19402751887168013,0.0009143003623043732,0.11403457516260311,0.13372900574194382,0.15317896911507456,0.25594090505357536,0.014306067237001183,0.09703933345928961,0.011241765867731438,True
8,0.013593195387480939,0.15986429460116375,0.05832686389393877,0.15046810667850904,0.020045201602483964,0.051279632629483714,0.048556071667706875,0.13383097548008796,0.01978424829775511,0.34425140976138985,True
9,0.02693292145485641,0.16295792256857936,0.07073566055241555,0.08000250838647661,0.12026368777357793,0.017289629363825033,0.025055386240225883,0.11056915716469151,0.2306734701614927,0.15551965633385892,True
10,0.06850419563607038,0.04016998960662326,0.07641971586737184,0.0022360958009315065,0.07165411600425635,0.06695002162982013,0.2875855058709938,0.21174156575073763,0.004886129437719452,0.16985266439547558,True
11,0.011785917221444925,0.1916001161054581,0.10373601067803832,0.13712451421798716,0.015777226485060084,0.04579114981000251,0.3066838993870988,0.018450990479136675,0.09951349846989707,0.0695366771458764,True
12,0.11939701674210604,0.05175758634152582,0.044874962817375845,0.24037697236380903,0.05023717418388926,0.08538817592989358,0.11488550960182585,0.21921685451003367,0.06808984080973238,0.005775906699808562,True
13,0.06337180054760386,0.16620127397103812,0.029698054556371926,0.19086753531628628,0.009667881058741905,0.08452115637437291,0.051944690258458576,0.04963230458657681,0.10809311355746497,0.24600218977308472,True
14,0.09283500720412453,0.09564979952704261,0.08587476752206744,0.1429762867955555,0.11416947822995062,0.07638404902948384,0.1798900447812398,0.08497122048984362,0.09766006556727463,0.029589280853417495,True
15,0.011264570253391991,0.00324426341838199,0.07231507583037117,0.15022799303682743,0.04431916368134516,0.05625414843626192,0.021439936868865472,0.05805446968130403,0.26296558561205596,0.31991479318119503,True
16,0.03581395902446036,0.043687719418500345,0.06185051081568999,0.1533977435758345,0.22854567465458045,0.04916065336457053,0.011321820187212284,0.27687883199454727,0.04697794568052082,0.09236514128408349,True
17,0.09967337698712818,0.04988963051191913,0.20186449685939595,0.02256941337681523,0.13138740643724406,0.14272050305274822,0.13204583820700613,0.015200452051744535,0.14570161680105018,0.058947265714948315,True
18,0.004076182069292108,0.14522087011884177,0.030473060331109792,0.10242325740079167,0.054495999360034415,0.1770010113872339,0.10398579690019406,0.26213992969050726,0.0061780931532377245,0.11400579958875733,True
19,0.03597400201559602,0.10245563163340951,0.05511542275130705,0.05642182542646876,0.19448935318027027,0.0006329602521954319,0.08134208720844206,0.19034360550155424,0.1051362041574668,0.17808890787328988,True
20,0.21225219510008556,0.011419244462485361,0.12331373165822285,0.052922820937976116,0.054738318158221014,0.2090005352417002,0.06321308269711202,0.026333088000747684,0.17721968936380678,0.06958729437964233,True
21,0.22083999456352393,0.010827494907850455,0.07340976680576083,0.16652259388742865,0.06503463906781477,0.036379150471538724,0.14671839420765345,0.09740345573790012,0.07198327771335994,0.11088123263716905,True
22,0.10198657657113133,0.052035228719666676,0.46340708516833745,0.014807296699909588,0.11158299478789474,0.025688431882208578,0.050672537792394966,0.0673119285086855,0.0244639068984845,0.08804401297128682,True
23,0.23843451769458454,0.019672983538625347,0.25863428706762637,0.16158340552311365,0.09571147860094527,0.027741617419508185,0.06754066467657495,0.07351359406975835,0.036789876080515795,0.020377575328747757,True
24,0.012140920204253083,0.21070752168472703,0.20273626534060393,0.1921986274112654,0.0037658525867530056,0.10040128288861444,0.007535354524496027,0.12581000490849426,0.015523936330369838,0.1291802341204229,True
25,0.1156365274108,0.22276252562779983,0.1498418028937297,0.08413778742663419,0.019458890096407055,0.14964811948847329,0.016223884445624635,0.01972500071581469,0.16822760768092224,0.054337854213794515,True
26,0.0008162113623462538,0.0871882523450356,0.09489718390469727,0.1408236140846526,0.23288199117284983,0.2192935534497205,0.12106758703689945,0.005416738679529971,0.03123182778975934,0.06638304017450909,True
27,0.05809478738673197,0.013405547787251698,0.08967075602788172,0.047463316198488606,0.20979167750376349,0.17486588414285173,0.16386036788671335,0.22026986200750573,0.017983438550885397,0.004594362507926287,True
28,0.07935031621615635,0.17528978412487634,0.19577330610017377,0.03991406772078265,0.024669267702333523,0.04432880905785143,0.06612389413274616,0.11858909944992027,0.19859235120339472,0.05736910429176479,True
29,0.011634961651677265,0.04079313217614473,0.03040020018225655,0.10307522860277954,0.015208105005938857,0.09059014917904953,0.013903766415378598,0.20530725208654263,0.30429110530997333,0.18479609939025904,True
30,0.17500059388060935,0.03970306044818431,0.021615191921552045,0.11342407336301562,0.20505257443442504,0.049004815335672205,0.013937700649656402,0.04686626147873264,0.06666568158396957,0.26873004690418284,True
31,0.26205914142958564,0.02643663247237769,0.15960118207974316,0.04851164167298004,0.024865633525793504,0.202428683963392,0.032108069795465,0.01543612457925279,0.18326814176515094,0.04528474871625931,True
32,0.1018146853448559,0.01897587229440888,0.024745048151391866,0.09376028653182501,0.031085198542663967,0.24529119483615874,0.005463583711828715,0.1922393027634832,0.2697973767584322,0.016827451064951537,True
33,0.04115139948224434,0.1738011178625711,0.1328271730876313,0.032951241951838496,0.20502036382486022,0.025146867239335364,0.03024783007971373,0.09318920989234318,0.18963323156643425,0.07603156501302805,True
34,0.15161141759194935,0.0370271913956837,0.018932096121156185,0.17834214210274782,0.015907960452467434,0.0598098878775923,0.0024467566426433387,0.3325358701286847,0.06274230163614555,0.14064437605092966,True
35,0.09809518601597943,0.14887410606756715,0.08259692304949784,0.0755211925074319,0.17171791879445475,0.017609969598298223,0.1759873407458608,0.1286617563265507,0.09060498924902097,0.010330617645338137,True
36,0.028966144760450077,0.026726266522864178,0.02225330745656183,0.1656116587206265,0.037975252050633325,0.15130692356539602,0.0017751412030302216,0.15690447126578438,0.012176500557760216,0.3963043338968934,True
37,0.1320053772467633,0.16574578327303302,0.0008041745203678943,0.022270385984682672,0.19808456492555795,0.1901504938702372,0.14003637814110792,0.039190880012002924,0.05422162527397932,0.05749033675226785,True
38,0.10458598505816265,0.36098707908385336,0.05910276732694311,0.1570956755981282,0.12709352871599866,0.030706080066812906,0.02201794336677906,0.028078859831105776,0.07768134938158848,0.032650731570627804,True
39,0.26394919441653186,0.10387167518257491,0.07722034092054243,0.03290673924514591,0.12056552137331894,0.06730040675443638,0.007965621957401052,0.07648480088705331,0.15371615831428523,0.09601954094871012,True
40,0.0359892263748794,0.018164664696641276,0.31395033832551883,0.10387757373284405,0.2712866975697613,0.08302750896048706,0.04269177096236345,0.03664719941310291,0.041641074220476214,0.05272394574392535,True
41,0.29077151082796016,0.13210054213748998,0.17318003701982473,0.02321699090885883,0.07592147994215812,0.020769886687399836,0.0014125596508618322,0.02143117079769628,0.11586367680787388,0.14533214521987634,True
42,0.022121435281735876,0.08555129949447722,0.22578870500150724,0.005731134201321964,0.08483110207964425,0.028969913850814297,0.02913645555150516,0.0896758353472795,0.22775060126662933,0.20044351792508527,True
43,0.08034829297238089,0.23003683016306048,0.14150187230005482,0.025216712755824648,0.00743225175202399,0.31636791415932025,0.03511394757663143,0.10899753583006523,0.04444091795408172,0.010543724536556604,True
44,0.048581808699962634,0.018850539500633264,0.17779712551284885,0.11731868057156286,0.08392520963017983,0.1861515187107512,0.09361193505417466,0.14171687173100636,0.02056260144934193,0.11148370913953846,True
45,0.05594451007288832,0.017394194675979247,0.006017637972344491,0.02046829889399431,0.14188733888991756,0.43287654695454103,0.07230757734670537,0.12123786446721178,0.04302549081947332,0.08884053990694454,True
46,0.40786083118205346,0.11014516260055271,0.03105067774702237,0.09329258462840474,0.07458331540485837,0.03432314673343646,0.12982746415492982,0.05572377590045325,0.020177415052551717,0.043015626595737065,True
47,0.010402508715789622,0.5739412082668964,0.019464246247560966,0.053423469285577195,0.013063693741328031,0.05673215043404637,0.1245731337656046,0.0011098872025670056,0.016946548256241138,0.1303431540843887,True
48,0.0017931724194145233,0.05926563986536001,0.09089988695573445,0.03835770320921648,0.08233242975498034,0.11663591114398468,0.03740373833888871,0.24922979367313502,0.18792478907456342,0.13615693556472228,True
49,0.07809097221377216,0.14306999632773504,0.04248261929535847,0.07179945721394979,0.0900548222388382,0.44807843600408453,0.013819134051564099,0.07966589823351053,0.005765979096914664,0.027172685324272524,True
50,0.08616866449165379,0.10870600233623981,0.14005686031893408,0.16313762528015316,0.08406264079155898,0.10425988861197655,0.07621488884431135,0.013819775547314936,0.1989852308982171,0.02458842287964025,True
51,0.05075910585182009,0.30011747225398006,0.045746287869365444,0.30773556202973334,0.09576038421385627,0.041221484408120214,0.07211840922898217,0.000984558773242428,0.061247772417069614,0.024308962953830344,True
52,0.1549007182735301,0.04709750224984107,0.0675935124437843,0.1117227932991452,0.0420376032572979,0.10106035561361774,0.057371356221775,0.14119036666308196,0.1527251696251603,0.12430062235276645,True
53,0.03136463918987598,0.13127124950172409,0.27286550998009396,0.05539604681952299,0.10067202335992585,0.21352467568434694,0.10528065156473088,0.02690173594322587,0.012240866103026077,0.050482601853527424,True
54,0.26623472230942646,0.02413585343258376,0.15911504754815597,0.02895272686344691,0.07706538006009343,0.0671714779532047,0.02707648129271402,0.03932472354109528,0.28455542081154245,0.026368166187736988,True
55,0.017229809346111055,0.10876230663458293,0.2535364402913755,0.21205514451411556,0.02045187979323299,0.06534538865745769,0.08174059092624762,0.02304069912349733,0.036679861260542776,0.18115787945283657,True
56,0.14574710050201814,0.03089738422497013,0.2813670458251164,0.1632830543315461,0.01290735467959562,0.15056753896021016,0.11664903243258123,0.012277734930093874,0.02013708047987822,0.06616667363399012,True
57,0.08873902856114202,0.08688567773790133,0.08332431224252755,0.15481793644329506,0.09864667255167175,0.06132489285982937,0.26668369453242735,0.04904109063186168,0.015998443847018463,0.09453825059232551,True
58,0.036914721815072445,0.002127675558907735,0.07036161816637358,0.26387926057868055,0.37331206801922995,0.023940988627034594,0.0032242295141702267,0.002345008594814096,0.12279003879162158,0.1011043903340952,True
59,0.08094028565982277,0.06172678396696692,0.01300123226067137,0.10939512315375448,0.019637816140083367,0.051172238241729034,0.11107183369132746,0.10118745790629449,0.10036437966868939,0.3515028493106606,True
60,0.10449799515279287,0.15786168407839224,0.08755801324196291,0.18429124463682653,0.10271208718703666,0.1195531174765448,0.00874595296169947,0.0859273024324507,0.12973372792250612,0.019118874909787833,True
61,0.024447836985480993,0.09139439622936334,0.005928764636958346,0.3507197749731033,0.12363208430353372,0.07697726389757069,0.0645385149869014,0.23949392812246603,0.006444080838653354,0.016423355025968873,True
62,0.18838507186261222,0.24636604990136604,0.18485091536300652,0.03290287544631697,0.028826399988644395,0.022539864190275295,0.003643184323254033,0.212542775679421,0.07990196318524298,4.09000598603687e-05,True
63,0.16984919666627318,0.008032247528029458,0.23467104301677832,0.0563020954826856,0.07392826757947386,0.19596377804061854,0.07610907632657765,0.10771636546724443,0.030619060705195746,0.04680886918712333,True
64,0.21801851053270777,0.15639188242625635,0.019413783416822112,0.21856664664034248,0.007079603648043182,0.11285045828914911,0.08910860972661971,0.10007900980132498,0.045533029117793486,0.032958466400941064,True
65,0.007325852830757743,0.031048693255497088,0.15784222822487534,0.15334347112781385,0.07006075080404402,0.02377183108040494,0.009647676493454669,0.012183017480903112,0.1799529496253029,0.3548235290769463,True
66,0.044220468913179316,0.35064878217722334,0.004749129073662115,0.07802608155945542,0.21642642320148417,0.07313597076479499,0.1868513441635633,0.021960980069749454,0.01312100110981745,0.010859818967070261,True
67,0.03783489025148132,0.19076511461970494,0.09589713129624901,0.11283510486232007,0.1412022395634443,0.14511074530846163,0.13211541237653357,0.10944436982120537,0.019579137035558507,0.01521585486504126,True
68,0.0652606706153596,0.35106203130408,0.0335312940782348,0.028917508449437416,0.22383926423453238,0.07443552672232344,0.003629489940837585,0.07020336982533631,0.09263370771770166,0.056487137112156784,True
69,0.08050437249638809,0.17242898961187905,0.1033458924011617,0.009077456291319617,0.09412749536339597,0.09528084235065344,0.06456147757115256,0.08884247431507614,0.20995902371281025,0.08187197588616305,True
70,0.09702923786089634,0.036123340719597816,0.05566087668703884,0.15250282301246357,0.35795657778867757,0.04943937649915823,0.07577291520798822,0.06695514651103507,0.07468097491280118,0.033878730800343274,True
71,0.034124028956976096,0.34632726107629386,0.028123087540283018,0.002016743973313102,0.13794673157416215,0.08955127879066231,0.06554606864425266,0.07653020121051696,0.024636851513550672,0.1951977467199891,True
72,0.11739804454001232,0.20419939310508742,0.1827511456553509,0.002269780585220336,0.09592604747376487,0.2275080796607608,0.024869177712555177,0.032901869493744865,0.06641197659987075,0.04576448517363263,True
73,0.04103758798125379,0.034322940575458094,0.04152660484072734,0.12484175883617313,0.1855682165992681,0.24711180588742243,0.042998117437259946,0.2110202450023631,0.017964625967943276,0.0536080968721308,True
74,0.10702630892154515,0.03922418649802582,0.2687911309953935,0.14443424134075572,0.03815526740981575,0.018477541574972233,0.26086029136799693,0.06250752358813735,0.0021331437972200917,0.05839036450613747,True
75,0.08395766675860171,0.06697902327630116,0.15892415651340885,0.23569966591259078,0.07918059662301222,0.08558116829369698,0.006269984283289237,0.16946906047317592,0.04410496839210111,0.06983370947382206,True
76,0.11756819943849535,0.016021362266021945,0.25172416456330504,0.01818440455915855,0.15535342423678505,0.033491152770372304,0.06862426197290751,0.21334073598032627,0.05907209597980583,0.06662019823282227,True
77,0.2647579478488913,0.02759837079318171,0.04522695839305536,0.20586376778618884,0.1783703598347413,0.060867899803610424,0.14445453386447635,0.024671956932627997,0.04661287456407453,0.00157533017915209,True
78,0.10649598073003087,0.156861308837101,0.001481707856239034,0.019278425547555735,0.13156025359140266,0.04888215838605485,0.40604056243450176,0.06522104376801753,0.035940588808208204,0.028237970040888394,True
79,0.1698295499244443,0.04743677103720892,0.043279197652302995,0.02999181883221594,0.07506956768886261,0.04787900992276909,0.03443445249335399,0.41046000672959826,0.07200551742843346,0.06961410829081027,True
80,0.03278967429886605,0.1099399199473455,0.04422800093909063,0.021419432306023944,0.022199420546782894,0.09573009653044344,0.312742803924367,0.012699662651582596,0.15238378367978656,0.19586720517571138,True
81,0.14362322039464953,0.23384880447246562,0.04069128720795712,0.005319481211653504,0.22561922639125828,0.10648381356442461,0.041947610613880915,8.608704231174115e-05,0.03550585105991229,0.16687461804148646,True
82,0.15147606160740323,0.15301519867302685,0.16977674836429507,0.05716208488947246,0.023766931643285926,0.03661092682289945,0.004250261620334104,0.21313995061081167,0.042119045932796945,0.14868278983567415,True
83,0.06751160294865824,0.2230286832825714,0.11496790516575367,0.03317843930072475,0.03259710806435588,0.005582846849005614,0.12161462908293334,0.13591190460550917,0.22946157096344627,0.036145309737041616,True
84,0.15917564398927456,0.020932372424122485,0.06741373851334552,0.02864520518588702,0.05254192525533574,0.0581985350329583,0.05678593354314137,0.1794979238917345,0.15538934014807645,0.2214193820161239,True
85,0.01057128286189932,0.21502142472533226,0.048150863379119266,0.1567879786599612,0.15834469187160918,0.05748866702240927,0.08842953386009254,0.07863495867496846,0.04725525622018451,0.13931534272442397,True
86,0.104010549250018,0.043360883680123696,0.0400171542816665,0.004669935133950614,0.04910686824095485,0.09045295479100464,0.40491664285505635,0.019667241224175597,0.22022255592516418,0.023575214617885525,True
87,0.09051553838978407,0.19978545448732843,0.11220420980905649,0.01564653556315962,0.38826350095768386,0.017809215480862905,0.047825236202892626,0.10055651521811193,0.003983139309378864,0.023410654581741342,True
88,0.1336183303118583,0.05764750317766793,0.21136087869273396,0.05935797088916243,0.06634988342630184,0.15794531559530392,0.013106331969607374,0.018922510843797258,0.08921170110943742,0.19247957398412952,True
89,0.10075777871538757,0.07310425260304801,0.028177055269017783,0.0615263896593199,0.1182753150024439,0.07588524373559799,0.19149670852914477,0.16907794140831062,0.019773608287458284,0.16192570679027116,True
90,0.06402624192791087,0.15380091192247117,0.023176459949815584,0.17814613957326858,0.031758869457602736,0.31417493759628384,0.046733911964899656,0.1444468937986159,0.011864788191388592,0.031870845617743004,True
91,0.006349047219241098,0.22675509297037,0.05219626913068924,0.006051423690946804,0.05407161395240984,0.15355917893875445,0.013874313393535627,0.1349968465030265,0.2083979091139887,0.1437483050870377,True
92,0.11920503929345688,0.045475855194895956,0.212724204849058,0.03837431294154007,0.1092456801140486,0.025945975184368288,0.14668839583871707,0.20151571921444011,0.08022454989753733,0.02060026747193776,True
93,0.036323026055573075,0.02278848942743821,0.04287391557087972,0.04915255158646228,0.49210234457684604,0.09006737818968587,0.0029447148631550255,0.02913535215573757,0.11097757069371086,0.12363465688051117,True
94,0.053197620854124904,0.10852304106145774,0.07993226373757846,0.15416352378408527,0.08219803251047184,0.03941919441477836,0.2516970734026456,0.12346569899757891,0.0740524961493781,0.03335105508790092,True
95,0.07971335544764137,0.010031987697121355,0.1611002575653995,0.068308871237058,0.18440426763150702,0.1739081311857889,0.020471429921967293,0.0921528689704006,0.03265406496489695,0.17725476537821908,True
96,0.04032342796898711,0.00032962372546497273,0.15904250784372967,0.09623986714983268,0.0673494396863369,0.04600142504870574,0.13880232245672222,0.03691344246231972,0.2998681736315171,0.11512977002638396,True
97,0.0695765159865545,0.011365148113833259,0.19909192997108524,0.027267951653549435,0.13645778640958942,0.09890091634541093,0.012044890322781998,0.2778653326319132,0.07426995593452931,0.09315957263075283,True
98,0.015181863074193995,0.00680126853544143,0.18626607197237355,0.1571213601244841,0.03526413133596483,0.01656724448714024,0.26505630897401145,0.14552268266791438,0.05452512253717142,0.11769394629130443,True
99,0.1693892091612429,0.03130053076164533,0.3171716573825013,0.08073844579801871,0.009827773022280531,0.15069816018956153,0.01196160429227716,0.06593390559587078,0.04435716911880908,0.11862154467779275,True
100,0.11861256629088149,0.0832797475194322,0.007272134718428688,0.02804870462445184,0.2013238940966137,0.06186570770397789,0.026419672737802175,0.3773157968201591,0.09218214263759206,0.0036796328506607627,True
101,0.004860525806378683,0.008095337046457757,0.34368152224785936,0.071635676491032,0.09543985154582042,0.08637551488559606,0.031031623631349876,0.09643130449419604,0.10862037199461666,0.15382827185669315,True
102,0.018111941003285687,0.015606337068780198,0.19637517123242765,0.18188999529720362,0.03231389809604443,0.007686521810257377,0.06443836394966797,0.038288404574325655,0.432574115748064,0.012715251219943388,True
103,0.03847059513884699,0.14721785848655594,0.0034120247928060305,0.10129103151932725,0.08216889108010055,0.12433093421264493,0.003905969593583639,0.12610270629197973,0.3348878362831754,0.03821215260097941,True
104,0.11364556107810846,0.05292331914547996,0.034439271402569256,0.09629500769128735,0.09151950314026824,0.025413824919894894,0.15957346004040981,0.10151704214798027,0.03553569267420344,0.28913731775979823,True
105,0.049295143017782185,0.08418185056929724,0.04425057998112515,0.02883005060570107,0.11971145662213793,0.02029389325085897,0.4300317962025767,0.19363635009156704,0.020544076777522107,0.009224802881431602,True
106,0.06601565392732632,0.022131712496096932,0.022651570217457912,0.33567195124019084,0.10626139517732783,0.04243377022017622,0.01589231662968094,0.06854695818470519,0.22623845528017897,0.09415621662685882,True
107,0.05393299200749746,0.1506232666200882,0.044959740882243346,0.027585044511807946,0.09615809500315413,0.00034389743911947864,0.023892099817291103,0.06244519286534112,0.33295157373572154,0.20710809711773562,True
108,0.07740399914533824,0.018338610877869005,0.04135717028628271,0.11133024052616347,0.1811630328322862,0.15640168912089963,0.1054752891411299,0.0943536038088107,0.011582236655257322,0.20259412760596285,True
109,0.08771835749444212,0.21587727657482805,0.04028576716388136,0.06912820155859069,0.01016675434617695,0.24400913481547948,0.038245682389936114,0.01191043618656231,0.04278029378285234,0.2398780956872507,True
110,0.014205658130194396,0.04752416361947391,0.04426473103160939,0.514864235690853,0.040043294628526176,0.025543406566369286,0.22874762106984395,0.009489122160919709,0.04219547555038575,0.033122291551824425,True
111,0.022496526910195803,0.0698443268600923,0.03865931591052105,0.13673965998058096,0.35053797855068586,0.08843674344896525,0.15727165246631436,0.01936859647887358,0.05938646203078834,0.05725873736298252,True
112,0.023657676754849047,0.18757130119691282,0.007488078106238012,0.0009640751318783981,0.12105282135073667,0.16640649138053895,0.12510377828570715,0.12998981306142088,0.22769380185459376,0.010072162877124405,True
113,0.0007077849565848037,0.311036857736947,0.11183405123648266,0.004617105821064235,0.14354778688631453,0.12000289000583828,0.003953480719241817,0.20995315183813465,0.05895312640920347,0.03539376439018851,True
114,0.006029414188392967,0.013104490062968403,0.046815137720823255,0.05102901874384483,0.5786575265519939,0.148012984628379,0.04915391551157733,0.004658013244315141,0.07990533596543956,0.022634163382265746,True
115,0.13170810041461406,0.06527646192007863,0.048917102640776304,0.16430858449005703,0.3072263796346826,0.07127679233553785,0.09641246672048323,0.030780896462084775,0.030865799013947134,0.053227416367738374,True
116,0.08717288471367493,0.0008508363670190549,0.16746937231528938,0.029146821892977615,0.13276777647517238,0.11323333496732425,0.19859332538313967,0.11902214100329613,0.10520217679041366,0.046541330091692944,True
117,0.02703329919904754,0.06175256371164036,0.02415044254837002,0.17226295273464393,0.25711138363231967,0.1948917473960552,0.06580704589468891,0.11149209527449529,0.025223549494530113,0.060274920114209124,True
118,0.03250922219279763,0.006750619577530591,0.09025788263752185,0.13072897461037628,0.0006602037493026721,0.2365287875513553,0.061349031908411025,0.09900693080789066,0.015118962683581027,0.3270893842812329,True
119,0.15517271475505529,0.2710540737020844,0.005858848220382075,0.1540313274235793,0.0332768818617396,0.13811915930768248,0.0912185586695362,0.020651000003194486,0.05297621137925163,0.07764122467749462,True
120,0.01845254222757384,0.027523286657857627,0.08096856580248024,0.031579679059598846,0.03508747565455682,0.28214389913687277,0.18622743453223597,0.04953666144239186,0.21150033816259536,0.07698011732383667,True
121,0.21865652556562945,0.060289443565451316,0.03641418703025642,0.12871893832990108,0.06929437012733496,0.1884608536284371,0.06769926692885615,0.032061272586447156,0.09379385117917868,0.10461129105850782,True
122,0.3348024386026311,0.07638413228301738,0.026297261752506875,0.18297940604124543,0.005204302903145611,0.12901437057346032,0.06668339010095137,0.06018997101406658,0.06525683978783431,0.053187886941140995,True
123,0.025200000406047005,0.00942548940254345,0.0763884009233006,0.0008887068286717898,0.06613533486903812,0.42765149023541554,0.09259114280606616,0.16676856558707415,0.004644670927021033,0.13030619801482204,True
124,0.14741239642184445,0.017290025208564437,0.1314537902257675,0.21188108335637548,0.10749220467515,0.01936893852594982,0.01739492222501628,0.1509926425775651,0.0639300874125131,0.13278390937125376,True
125,0.11329996474612482,0.13428331552755088,0.43895076525824456,0.01129019867021546,0.024941485442524544,0.06390823193999091,0.0743724001120939,0.050654101102467826,0.03389603067873627,0.054403506522050823,True
126,0.12737680373025415,0.07871319178140954,0.050716216878237706,0.3084924271973759,0.037398654537515015,0.035364171171144286,0.058243041719732096,0.14301267102687368,0.03542527482437283,0.12525754713308476,True
127,0.27009070488282416,0.025088136501447766,0.003940592763351944,0.14699220770493043,0.1744165673389557,0.05615215419673017,0.11088095301321858,0.011109339131223361,0.18839370216660115,0.012935642300716614,True
128,0.12164213742578117,0.07770175937236352,0.005038174862970594,0.02643244181095568,0.1055306956815949,0.15300230290225852,0.3334122424859791,0.03508261669467746,0.024767818059558404,0.11738981070386066,True
129,0.027820213985760196,0.07893685376129017,0.08740853177947014,0.011848722392720537,0.2628915530559011,0.1457875238546629,0.3009903226929135,0.014600012424523646,0.010742176999651767,0.05897408905310612,True
130,0.13631294108301678,0.15409136274229207,0.12246870144656005,0.013293311803603592,0.0023955025117867587,0.0379493538112987,0.012391751347920827,0.0066942639139880075,0.30711059599647234,0.20729221534306083,True
131,0.039116685716756514,0.14647056866358457,0.03178277379076286,0.058058922140383454,0.1693284310632835,0.10879232866061184,0.10804386862473347,0.11534204473717412,0.06773790037645426,0.15532647622625528,True
132,0.02543089174115612,0.17585070305323602,0.053981618644907796,0.019271380736747463,0.1326971819914572,0.11911341014328519,0.039952250794729145,0.04205262979939617,0.07584778907698611,0.3158021440180988,True
133,0.14693170020491825,0.027540263747984774,0.014084064915797551,0.21263005937240925,0.07754901798008913,0.04650480900992931,0.263939784554677,0.041155070009700034,0.07450880198715869,0.09515642821733605,True
134,0.050898268185652136,0.18206162061943496,0.06090929504837061,0.005093988143388672,0.09393017877061591,0.013349246520769874,0.05061873495805047,0.00935626163306675,0.3272608328929597,0.20652157322769085,True
135,0.020285897880235573,0.0016616474410374841,0.16882976791646118,0.05883830941403787,0.35576997443912584,0.08407251881929592,0.0789109575023881,0.15259909962246032,0.07021230294859017,0.008819524016367424,True
136,0.14540518747274023,0.06995513929024483,0.04776450148533013,0.05814084723990124,0.1612774636563405,0.10108157125316622,0.012759981547092578,0.002861799503450762,0.1484830586791039,0.25227044987262964,True
137,0.08159867012983836,0.2058413418270551,0.022237556346346155,0.34856960721218505,0.08045279718940297,0.10720377226165453,0.12502873371983256,0.012702556539643091,0.016047861067592383,0.0003171037064498746,True
138,0.12130752771988783,0.29950610899003394,0.02945912288643509,0.03885660313281329,0.04402195089159339,0.0752660717127551,0.022489065951809013,0.2539494157873729,0.09631203823905046,0.018832094688249236,True
139,0.0146657547797928,0.02771215310318074,0.03857927703854414,0.16390360733587273,0.049562743219354756,0.10626907014702143,0.42428865297989055,0.04120636057890351,0.009307852975339958,0.12450452784209941,True
140,0.43831453596258085,0.08032666517898457,0.021910590889825398,0.03463618211942446,0.007843576844329354,0.0015561967096446013,0.14013777163489585,0.010524280087765266,0.23439382422365773,0.03035637634889188,True
141,0.14381223902101023,0.07518791860315599,0.05816368639142113,0.005199423325474279,0.05537071849423177,0.013078977440706092,0.09109927252085154,0.12729559201014118,0.24703019378485114,0.1837619784081566,True
142,0.006533853754924107,0.22556575152813982,0.3139123196887388,0.08108856039097544,0.040307682594530915,0.07744253045371333,0.01909983046172192,0.04225873410625124,0.007737585348590465,0.18605315167241404,True
143,0.21226257735621964,0.01283270087739995,0.12179188815632096,0.17439922886585055,0.11191224536321998,0.1400693357148099,0.10074047075302178,0.03313860843329037,0.0816302239101813,0.011222720569685403,True
144,0.1082436810648246,0.031864603757273506,0.005218900046245448,0.11313944726174144,0.012208620020693894,0.012659938366720896,0.21949258253145315,0.17189149704045556,0.03713301074239714,0.2881477191681944,True
145,0.3456142853657364,0.015722106984384237,0.05644380420385434,0.24373284104076587,0.08817858133212342,0.045356499927588716,0.012695506022176986,0.15193467710606076,0.022585657667178034,0.01773604035013116,True
146,0.0821906238634544,0.01742929083274042,0.2106191586349961,0.37701412213457325,0.06324587781590313,0.030427072750076698,0.07893532213434643,0.0492746667845328,0.07702373388557154,0.013840131163805293,True
147,0.19124819662143316,0.07147006648001558,0.14671042207132529,0.06711541593831936,0.13809420271005599,0.12808684392115705,0.027442746300433436,0.005256698945501027,0.04110520773480253,0.1834701992769566,True
148,0.14284452307393777,0.198830927592966,0.021984602499132207,0.056038443267257675,0.15515179192629255,0.16989348927187234,0.07847006416776936,0.00437378142926239,0.16415337678910902,0.00825899998240075,True
149,0.1396871309410431,0.09115717760408146,0.04252909555002036,0.06225064121154279,0.4423347620616091,0.06298481639790166,0.044753712787634056,0.002713084235636241,0.07491055201517112,0.03667902719536031,True
150,0.06671989874338329,0.17453761962941083,0.3136205274080183,0.05537847508244401,0.0044833774335246036,0.194975673599264,0.06792080850879376,0.07828867273402788,0.020231093456131503,0.02384385340500185,True
151,0.049624257829981935,0.20994769226944893,0.0567063783185908,0.12856496879181856,0.017762712522052596,0.10812509889027974,0.025656738556708993,0.15556290411397147,0.09036945750207814,0.15767979120506873,True
152,0.027510471661345272,0.03870842665658771,0.07836538612629937,0.0950215937568327,0.20778966938067317,0.19185268016963725,0.07282851051719877,0.05337211850562795,0.13124487476199873,0.10330626846379896,True
153,0.12049099162383481,0.057747347302783573,0.32403850864348754,0.022371281263724157,0.1271176155892146,0.0666675278844321,0.13118176852936375,0.12821576837082477,0.007767788118781376,0.014401402673553365,True
154,0.04736615584091676,0.06563842907166981,0.027570601809792816,0.12022579872890138,0.025898385315611266,0.30112303112375377,0.13481936077339,0.1589780458524909,0.05336299036174283,0.06501720112173054,True
155,0.1601853271921093,0.15427476823267777,0.10939232518920881,0.19657436358006278,0.0549757623734338,0.1048592305872622,0.006595032004861914,0.08541927832435474,0.1270251235044594,0.0006987890115692457,True
156,0.022327268418553717,0.18040038224049793,0.0890601057382689,0.3291085461884234,0.20194361649655063,0.0048077176499076125,0.0005969277725507242,0.05907519675634467,0.09823414700534383,0.014446091733558642,True
157,0.022053928237095115,0.0019258766788841305,0.05804202512412457,0.1574146983922072,0.169257695362108,0.07499080116571166,0.3011411990189717,0.027116005381850848,0.040705017276868816,0.1473527533621781,True
158,0.02241669373985476,0.15887982874221662,0.1327953864347599,0.08270144859451355,0.29289711397845836,0.00808315482633931,0.06097908126397974,0.16339052129627804,0.001061178788472577,0.07679559233512691,True
159,0.0037779490394237118,0.029938760550498426,0.03259922625990539,0.14366727254518613,0.11875106984426263,0.06616381220873109,0.13936652409949485,0.0530256442911341,0.07501416264033894,0.33769557852102483,True
160,0.025317451587336802,0.18624390335134827,0.012483032474920708,0.04908489854724652,0.09301257131891796,0.03688561650507067,0.1900195406832977,0.0019862249771660616,0.3816308208852745,0.02333593966942078,True
161,0.19818259904008276,0.09581413173156703,0.12593833032361118,0.050440126691909414,0.1650644496534098,0.12916528847765643,0.08474141238903521,0.07543651056177193,0.03379182308657236,0.04142532804438396,True
162,0.19884338336946172,0.09135312762571096,0.15859509512322909,0.006271775453997699,0.02885463339210564,0.028936880048286366,0.18085448784959002,0.13052476576018285,0.06256963745634372,0.113196213921092,True
163,0.03144077074416298,0.05174049667008916,0.06046071219241236,0.10382339431409202,0.25699528443261194,0.07216969425022154,0.06285381918966884,0.09189433947250603,0.2592093832763755,0.00941210545785955,True
164,0.18335487747555257,0.10206589760651036,0.11623710647097232,0.10610190356757013,0.08780319862678673,0.09548930879381311,0.13348172799383057,0.13882985492128136,0.028077811264167894,0.008558313279514803,True
165,0.025336732835211255,0.0017735237536865753,0.4527947835540998,0.03633132502878439,0.2153174532135353,0.10557124405185352,0.042796908820769176,0.10064881616134401,0.01425279176832167,0.005176420812394172,True
166,0.36700297858615655,0.05381723226653071,0.014766879452469567,0.23650735501390377,0.055617282876138575,0.10964234678010365,0.03397771055850321,0.03603280036838508,0.017380847680665685,0.0752545664171433,True
167,0.0334409925646246,0.01894886553146381,0.1488765629528314,0.12324405808665793,0.004475422213164819,0.14587919424063792,0.227841838427516,0.20273079935881044,0.033466189246094714,0.06109607737819829,True
168,0.16365417767710813,0.03220513758575302,0.06760522823161283,0.1407972052325723,0.10870901335465043,0.02472940514242741,0.03171849378598597,0.10073350858646112,0.0019699525700502566,0.3278778778333785,True
169,0.05798399631516916,0.13953750452388303,0.1495182958914763,0.12691017934194387,0.010068217817911796,0.12082175771801168,0.033239223384572046,0.20531648886993623,0.013713499353555104,0.14289083678354078,True
170,0.025771617404559976,0.16740167515073334,0.05278403465952351,0.1623105922341303,0.003968925199445041,0.29647527103536414,0.031173828546444772,0.03202955430976321,0.2014988268318995,0.026585674628136345,True
171,0.024166540574908576,0.05217246237049415,0.24612438106683676,0.054287014903370734,0.010127369112840364,0.0881851522499371,0.16440091194848142,0.011747208280134883,0.32460962193189147,0.024179337561104557,True
172,0.031689661204335286,0.16728271508369372,0.009878355093195759,0.049266981312557946,0.02428047034010995,0.07726120313980711,0.25659044138367665,0.06370272063133788,0.10429650991450803,0.21575094189677765,True
173,0.02298425079840739,0.01581829744623559,0.021756935315874467,0.08716828277669464,0.003580835626968455,0.0692638390524095,0.4522059641036728,0.17970476931426677,0.05925854230016636,0.08825828326530412,True
174,0.10139582580847185,0.06617174627185024,0.01454115273545803,0.019460786070063775,0.1770282269106923,0.039435486621226236,0.07126336244026886,0.05196118814318202,0.4408327486490065,0.017909476349780164,True
175,0.16461822874939389,0.01770880871574107,0.0013243950215410523,0.17105923467250897,0.24133871912665145,0.11150544073611864,0.03447624894347131,0.21955020057880698,0.0009612416479280537,0.037457481807838595,True
176,0.1350264824610286,0.23139404826255583,0.12677422816360592,0.07985446084518961,0.07380038438339252,0.01957838398478173,0.1003665395681044,0.04288028970553412,0.05982003320068323,0.13050514942512406,True
177,0.07629510390278431,0.15608673091434022,0.1292420066561293,0.0627957197149115,0.009504544037440431,0.05057023600698795,0.02562976547221709,0.2283566956065151,0.061380452663536936,0.2001387450251372,True
178,0.0005686610511110958,0.15313791298003565,0.12151834788639164,0.11296571573509985,0.034442491484524176,0.1984227225349517,0.18613802891231154,0.024819266366929656,0.03263438006769286,0.1353524729809517,True
179,0.22737848291884477,0.17540119806746166,0.18144754859104908,0.009480638094466818,0.0002190447695669496,0.014003787481301216,0.03184111021097062,0.12835810706598558,0.03447880737328319,0.19739127542707008,True
180,0.21921157218620047,0.0027970791729584896,0.15066845882690452,0.26013980642033696,0.011855289889616821,0.1352468752527901,0.0016015663563406278,0.040902352835944754,0.07992565111301438,0.09765134794589296,True
181,2.1439862304354886e-05,0.06184017620852211,0.12591047181547954,0.026699453621832087,0.02423904305154933,0.2657129587689995,0.18499782591354882,0.17700689416939422,0.0962670881602116,0.037304648428158386,True
182,0.04640760858545399,0.030976143690279952,0.05534605430171727,0.041551111924514945,0.2018670909679568,0.043875154607893714,0.24713668138150047,0.14017568758455448,0.019339135558448715,0.17332533139767958,True
183,0.14362350333543303,0.023925993645670884,0.13443763014396662,0.12922835660711265,0.06933631043713759,0.10798651276320627,0.19749812954543616,0.06239057020393503,0.07344346180280832,0.058129531515293376,True
184,0.21804422496472575,0.1857412042489242,0.18427840201362095,0.01873168266734126,0.01204824324399991,0.04432912299486982,0.19277483513865012,0.02161076593463317,0.10619471263856073,0.016246806154674016,True
185,0.09404755302918115,0.008696759816881457,0.24494262432395403,0.022287362446546492,0.005699413753380677,0.06654279083211542,0.164662511529923,0.30943119559735005,0.041865426485332626,0.04182436218533507,True
186,0.05632276367203128,0.05082708494695661,0.0862121690516644,0.09337065556646913,0.05979756841130189,0.4277735608201288,0.06001255834954484,0.10434638989896568,0.05194173910874203,0.009395510174195383,True
187,0.021501210279952145,0.11136344574228599,0.016167406656531845,0.09113710512992504,0.2847668978491368,0.02502182499556313,0.07656900178329559,0.043552198665152364,0.04669127534129554,0.2832296335568616,True
188,0.06657003778429878,0.09818302982247719,0.12048728518838356,0.05631777194511067,0.03832547034405411,0.06470527915073217,0.010627925456357129,0.07208843771355275,0.009826872043775315,0.4628678905512583,True
