ID,strat_res0,strat_res1,strat_res2,strat_res3,strat_res4,strat_res5,strat_res6,strat_res7,strat_res8,strat_res9,alive_at_end
0,0.001986527435846364,0.033685620161446356,0.11141713975149191,0.2027246334494503,0.12776870114380517,0.07426214191280257,0.02965654912109396,0.032986087363080493,0.2565727950689868,0.128939804591996,True
1,0.3701653783360456,0.0031728221732182,0.10367158911301846,0.02422327325096512,0.04260673326181581,0.2061682480860642,0.05762928990418096,0.009646602578432922,0.15628106374992348,0.026434999546335332,True
2,0.08368480203679855,0.0036101706007272438,0.14989962758719205,0.1706921832028558,0.12397612225763664,0.05399862076929972,0.0038003883209434355,0.01583453243870741,0.3392948710251263,0.05520868176071282,True
3,0.09713629488558158,0.0014898580557706161,0.29232111387298904,0.013168651785860217,0.014432384712050666,0.01567204338928887,0.05623141416348501,0.08529178739745068,0.15529513536260997,0.2689613163749134,True
4,0.30546562341898914,0.03762286949079511,0.048577554469095764,0.013620334988263608,0.07739625710110745,0.16881442850277334,0.009495144635760814,0.08131484996731016,0.014355038815078438,0.24333789861082628,True
5,0.049113499711955756,0.21735631830751603,0.09148709737252303,0.032511663808256853,0.017775619212137966,0.15796760480437821,0.14928220113284094,0.07453467509568423,0.13211343572817655,0.0778578848265304,True
6,0.34295195178395144,0.23545332235151747,0.009826475368155485,0.07586990453285021,0.13407055144573868,0.01577963383791322,0.03846925344431846,0.012567831425475264,0.1176240366133905,0.017387039196689297,True
7,0.054238979051121614,0.016134080685280876,0.21263663909975034,0.1039551949881839,0.04415282993758904,0.04672919703961185,0.1499730323207529,0.0076283671356905895,0.2525533123053804,0.11199836743663856,True
8,0.20254100075795015,0.16077325621732394,0.08218449213414974,0.044601214234928306,0.06491760140280213,0.2464841702642708,0.07061841482034155,0.0309358714169189,0.09416830207474602,0.0027756766765685325,True
9,0.3111342555871783,0.0036245724619252636,0.0009177172226443743,0.025078929465788456,0.08666786738421048,0.06983763729668871,0.15106469280136317,0.011615962021340503,0.05635891372557757,0.28369945203328323,True
10,0.3525529439808789,0.03695741074866949,0.008723407358810135,0.022495066045242568,0.04658373331265601,0.06949939441659406,0.24957815170033507,0.004233548066215011,0.15961639823805693,0.049759946132541845,True
11,0.21221919821515245,0.13213527415526558,0.07618792311439326,0.0006431808512302623,0.011724460492273636,0.025813970103811645,0.051944700178247774,0.08276136010535232,0.090241522811371,0.31632840997290224,True
12,0.006052068415387667,0.029909169012182896,0.14841575742254148,0.017530122582970556,0.008288239410245793,0.2754811830061746,0.2853835865339937,0.08045787485753353,0.13535965083852008,0.013122347920449648,True
13,0.13838795742748253,0.1302724908666967,0.23854982987696838,0.09852157668020528,0.018568158233640678,0.062195085937402465,0.05566880847504126,0.07980805509220715,0.05884593062646851,0.11918210678388706,True
14,0.04267830754527919,0.07244690429549656,0.12371731532216425,0.0980815527851977,0.058733190282370853,0.008887735024262041,0.1059098059364583,0.19568118746234883,0.2888654887191809,0.004998512627241426,True
15,0.242611880209794,0.056119909438188835,0.1313199832841811,0.11568425108112244,0.03351732556893627,0.0006722011814156876,0.038893925676676835,0.08568494194050771,0.05385840396209425,0.24163717765708284,True
16,0.039079976482825365,0.040823362522333165,0.200290918586159,0.23329356107797075,0.14057470845601072,0.01660335952475185,0.019099979111936494,0.1856446647446899,0.0916926765816342,0.03289679291168855,True
17,0.04165738383833467,0.30029738567813136,0.08369409715816149,0.043126755841257323,0.12624751974291154,0.03901514798320246,0.10623310467413749,0.1705480032222418,0.08907174391949542,0.00010885794212638307,True
18,0.3474506127251417,0.017025573279051978,0.06789189708719114,0.002826893105694318,0.12427098764612061,0.018647525667991705,0.02425473645578964,0.04555494645384702,0.15282915537728606,0.19924767220188574,True
19,0.14875354746499697,0.04018929060218939,0.05585083869264302,0.055910672951152825,0.054112391661082136,0.18044260080053964,0.12653529612858064,0.2571159892921335,0.012840226400598152,0.06824914600608395,True
20,0.0921646809512829,0.4163446424715825,0.06300661155211151,0.003616369280550321,0.0022073458438644834,0.0737920875457307,0.11677520571735642,0.05224042340700955,0.10395661151001336,0.07589602172049827,True
21,0.12190635814308155,0.02212329760517398,0.13060128628261997,0.027947132291017245,0.013706722365856874,0.18584799405605795,0.1513365131921863,0.011386615546960209,0.1669331435683765,0.16821093694866934,True
22,0.18421829947826981,0.05718303994822898,0.12950707787033502,0.027769483457704535,0.04711311340263908,0.14185524286943738,0.013794313205131928,0.16703163124371417,0.062267398344407025,0.16926040018013194,True
23,0.0355056837304151,0.034732972465980234,0.11470059249111278,0.018551167663884188,0.12141555941438024,0.07313515957440371,0.12386602684889161,0.16831590822714637,0.08094316370067853,0.22883376588310728,True
24,0.1609729924484603,0.06811635372571181,0.031326514362714115,0.3906477727032591,0.06463728749624927,0.23009003209775336,0.0304988367028226,0.015833695807009877,0.003079920191032966,0.004796594464986572,True
25,0.1605941437710607,0.16266693140096675,0.09970764984767798,0.01937991361895875,0.13588476183743878,0.005137648921793686,0.006509928558921313,0.29240137875759376,0.10981396299483835,0.007903680290749884,True
26,0.09692688522356971,0.019348128931220992,0.11749404120701491,0.11190859552145208,0.0340183750281426,0.10226300214544168,0.16806531386754114,0.025387450376224457,0.2444138085325156,0.08017439916687684,True
27,0.019825494945567367,0.19201772191329386,0.029180645423560428,0.08651173085216611,0.055523202349315154,0.01759414769694329,0.009273988118438149,0.14754404725130585,0.37235393366213626,0.07017508778727362,True
28,0.1174995330444334,0.1509396366194148,0.017677097019083682,0.03484743055306829,0.21936255142570715,0.06550937832468394,0.018241829891797505,0.08899368521871534,0.282653637948756,0.004275219954339885,True
29,0.06874476554352918,0.16138925005658078,0.032030421359974005,0.03961696681364271,0.18740354506369492,0.08514157443300288,0.04878923268793714,0.19113265783653668,0.17683682713441545,0.008914759070686323,True
30,0.08851340102402416,0.2315622226937626,0.09092997395913456,0.14592881309046127,0.029205898787499622,0.06087285450537171,0.06891034570620745,0.02396580476775737,0.10849036324388332,0.15162032222189806,True
31,0.010969873299116775,0.14579280603444594,0.07865551405571639,0.13667238530154682,0.2066545925463066,0.22270915902637514,0.015444269139784084,0.09670894710103235,0.04196273205560429,0.04442972144007164,True
32,0.05102113964702342,0.02259737599867398,0.14255112849250132,0.0969906606323073,0.0009081871160230657,0.06380520757751447,0.008433590970556171,0.21117588390199862,0.008287777926920738,0.39422904773648093,True
33,0.02519634591126025,0.22801523578323982,0.07485636279801164,0.2575523124011665,0.2637227780723016,0.0018889090899818677,0.048604045276580375,0.029204044859486706,0.053244403467824684,0.01771556234014654,True
34,0.12011936292562102,0.055390286146594817,0.11128968904718187,0.030058931441476294,0.040360051985887574,0.09330577799724368,0.05788520773643088,0.1813839222268876,0.06538406566220749,0.24482270483046872,True
35,0.0652661717861518,0.08303914616872933,0.05960009374488738,0.06199083097339733,0.055923686527787446,0.330891345451459,0.0797425651405923,0.04057557038002637,0.04223440193136075,0.18073618789560836,True
36,0.05397882911681474,0.003652867870852022,0.0016819809057394156,0.01695458012267686,0.024745006768488065,0.013777537539479634,0.18826417454676453,0.2683867714921766,0.18464255282273748,0.2439156988142706,True
37,0.028684475536928596,0.1505637722703169,0.042193334836388346,0.013198196010518607,0.13428792644496473,0.009578597761580748,0.43789017714802086,0.020507459446961154,0.12788771530901571,0.0352083452353044,True
38,0.02037729146785026,0.09932696428254625,0.0391034645851771,0.0035636265777415988,0.3609864131936014,0.1999267557479458,0.02323368353381327,0.02335449920885609,0.07025310998627912,0.1598741914161891,True
39,0.14111127927959177,0.2741474507433821,0.006511117925242408,0.011101642871807213,0.04486560205671854,0.2244526190963082,0.01832856692490091,0.03884304504883239,0.18297684105980336,0.05766183499341308,True
40,0.12094065289110638,0.10791295749564199,0.22372115581081237,0.06698635924707766,0.006785902059638615,0.07892109571946421,0.08638326369125186,0.18400289456027402,0.02833398448143055,0.09601173404330243,True
41,0.02333513160011853,0.16966576787106455,0.0071274725345119505,0.07852440456863319,0.07940339369349865,0.09716932609946022,0.07070803719509129,0.053534189663161064,0.3844265174024297,0.03610575937203091,True
42,0.06661350196726253,0.09938765399122329,0.26914311497487153,0.03924162442720828,0.06165535253919444,0.05382769836998247,0.10115174232446027,0.016326002969962054,0.15479009859829834,0.13786320983753694,True
43,0.016438175514395338,0.006130146022537393,0.20507851788240475,0.1253974753254551,0.12976352370731267,0.01947791956022794,0.3105681670274354,0.025222707141069303,0.01948163398458816,0.14244173383457392,True
44,0.0020716170657336173,0.025326175120027387,0.3730611870757938,0.09579254883261476,0.02414210077228746,0.14669073937398677,0.22450377531768542,0.027560622618105636,0.05109475817723506,0.029756475646530094,True
45,0.0068866545300910985,0.4542388641972136,0.002205607450469654,0.054391485739912954,0.06231496596114568,0.005306714058263392,0.0034291688197471753,0.010704798405392815,0.04703153378636675,0.3534902070513968,True
46,0.009135568378998656,0.1413584393659296,0.17109647375930526,0.13420770908423493,0.0946218470925471,0.16136744067105144,0.0015773807281598432,0.2216835219144224,0.03093800050765491,0.03401361849769592,True
47,0.09836021518256392,0.05897639041157987,0.0026312851316989635,0.11356301689269517,0.14064638903297977,0.03457896771023096,0.0958028901572162,0.014888265104638806,0.37210058689957237,0.06845199347682406,True
48,0.2690916032179883,0.01752039105763302,0.1581201375356542,0.08303394694523253,0.14854382874824687,0.0083175208368571,0.07352137525469474,0.0733622874766535,0.057469164222765025,0.11101974470427466,True
49,0.06546758888103156,0.019669704164376196,0.024042197891364664,0.36853809656313574,0.07214904793974393,0.1523968011133549,0.009962369482786686,0.010980019963586283,0.08287137664065888,0.193922797359961,True
50,0.2021441249804601,0.06079096401806543,0.09477618823289082,0.07066395609948749,0.04153347087422987,0.042258643857008435,0.06960096719465315,0.11289769897432102,0.22112651502004071,0.08420747074884302,True
51,0.0016260738016496406,0.12012340847530584,0.1156766040859594,0.07988236216726462,0.08667536676012785,0.016077700972538734,0.16759663216945211,0.10428083581261383,0.24011630559322913,0.06794471016185884,True
52,0.3204823889541215,0.00181124869147078,0.028345696972588007,0.024792350369971898,0.028517935968551497,0.2021234956966754,0.11667710692343226,0.2107751420804307,0.062033281682833404,0.004441352659924626,True
53,0.1202821859010834,0.0187256083379279,0.06535888939075729,0.2064720350077055,0.023001561266793036,0.07286981991975607,0.04134156801826307,0.11913486629908006,0.1509715905006694,0.18184187535796417,True
54,0.06307085461026757,0.04267997875426832,0.22992254847272406,0.043952437557133794,0.12045309845342834,0.23527644302088718,0.2104610244458395,0.010951631972926189,0.010282598056415845,0.0329493846561091,True
55,0.008132509489691674,0.07119400540630208,0.22900390830618667,0.013179419863841562,0.09482547878122399,0.27550773540066964,0.03761438979475871,0.1569303577356342,0.09183268374255965,0.021779511479131788,True
56,0.03434129175515492,0.07454498597259561,0.06330187566981652,0.1132994348965958,0.05065307297298607,0.0048578145786415065,0.08902717713471478,0.34191917451788434,0.017268340652820086,0.21078683184879038,True
57,0.12323956132509725,0.04130557710833746,0.06584959643664542,0.2356186854048559,0.12372000284286264,0.016675599202256596,0.029541877431180245,0.07685934002810324,0.1659432424125324,0.1212465178081288,True
58,0.012812008182636631,0.11889289781598253,0.16549294624268332,0.263491069632916,0.10209657966146908,0.1522811202623035,0.032785284202799116,0.02973898122777634,0.09644474544098226,0.02596436733045133,True
59,0.21484753529033587,0.094881473147793,0.2177128808833362,0.026057509348922373,0.01931241831878307,0.02592604685663751,0.0014068018834383455,0.006644000728386992,0.2962114521973456,0.09699988134502102,True
60,0.028838305333249978,0.1075182928168903,0.03238079171307257,0.030092019228483084,0.019599473199163085,0.034471097194859204,0.09133579841808014,0.3325852682436641,0.033221845994183145,0.28995710785835455,True
61,0.06850295622967563,0.13188618357204349,0.06747291559982949,0.03218870717467113,0.007875155871594097,0.024448394320109146,0.1788834646847061,0.01581680326281031,0.28584066731409435,0.18708475197046628,True
62,0.1531739720548875,0.1791126420489535,0.10821041764688341,0.04722508540597568,0.03905901474458855,0.09163472573941847,0.10716371188989243,0.011233782229151643,0.032701679925503685,0.23048496831474505,True
63,0.0013728506232280157,0.16139669245636448,0.012711621057140755,0.11432137089993351,0.4428077365215193,0.09645360717237776,0.06865192454522988,0.06620513698306005,0.0036574276088397035,0.032421632132306526,True
64,0.09353162603678497,0.05595803984584671,0.14849585175484847,0.00028223743293538656,0.09497681649066189,0.03021312483105581,0.2784302629674198,0.05965299600338984,0.001064470258843334,0.23739457437821374,True
65,0.1154861256062212,0.019183202819853983,0.03991467495213309,0.24611897033821128,0.00031230529675240046,0.20510567972203514,0.09567587524729831,0.1142543235466153,0.015457152454315564,0.1484916900165636,True
66,0.0931709735770022,0.1537427980234814,0.22172534432624996,0.03196526673342251,0.0413563054180611,0.06519535629746129,0.01799658473718328,0.05336929415397389,0.1425669819956968,0.17891109473746758,True
67,0.18632853753964962,0.03336361620402825,0.08161322331998919,0.14373882563539203,0.1470447595400926,0.025218128470689754,0.0913025555167456,0.005920565826317062,0.2675068733688777,0.01796291457821823,True
68,0.03584288970050452,0.10166294499668468,0.04614913250562033,0.04836678917230079,0.08700340511654708,0.36802453469105184,0.03757344446634401,0.017973277277333333,0.1181823826321115,0.13922119944150196,True
69,0.051451178484549644,0.131687020085157,0.07234188370951272,0.14519567938817599,0.07039579864112877,0.05089635434283691,0.0699583119699195,0.194055705639555,0.07252310050954319,0.14149496722962124,True
70,0.009166458381821221,0.0485745906530824,0.020841410692673205,0.10289042286484944,0.3094508205105277,0.14989737566826106,0.08172509677919959,0.2567202573808561,0.01415592166359415,0.006577645405134994,True
71,0.06344213208375717,0.03554140173071578,0.65502741296719,0.06743759282013936,0.02183279247031183,0.08305965627553938,0.011315625212339052,0.01761233231085801,0.038597444697297596,0.00613360943185188,True
72,0.07364884204492432,0.11990161587206143,0.07756020262993077,0.12892031953960184,0.3464814828521035,0.14412960964490715,0.04240735777009872,0.050310660878662324,0.014110383401937073,0.0025295253657728967,True
73,0.18059719750945227,0.04204531706215671,0.09106500201431386,0.0611594348752586,0.20981673737564363,0.021527616110031657,0.052420613654431354,0.16818537420051613,0.10164803165007583,0.07153467554811999,True
74,0.1265933577132525,0.010722374017992933,0.1270274946097726,0.007718764733173852,0.35986410434072835,0.11491733615859592,0.041997898088152325,0.010808772759719717,0.09178919632667798,0.10856070125193386,True
75,0.04933975976600573,0.11072521838483497,0.015178388825024883,0.004364061415868126,0.22586645894909646,0.008057049123778276,0.07810908033546445,0.019441973867912205,0.11350420481050481,0.37541380452151013,True
76,0.0035149005223328975,0.005593946855180745,0.014337786070411498,0.112367379796314,0.03736999747842076,0.32595130965158997,0.20888237597032186,0.03954329746238415,0.1685760081070268,0.08386299808601726,True
77,0.06882683139651782,0.08965360486199483,0.00479954426678311,0.10080078848727722,0.09745088046935632,0.08768384449454521,0.011925419680056754,0.16806775887640737,0.192285816202191,0.17850551126487046,True
78,0.05224290034135895,0.10695620664300153,0.001363579020745602,0.14413580689314037,0.0312891198938028,0.07699294055093794,0.02920179278143522,0.27574179669181037,0.11864704541533948,0.1634288117684277,True
79,0.017408593221271012,0.281189454953578,0.05729737834834926,0.040009000196058415,0.02288216846034986,0.06425033492720346,0.2993684745926098,0.017024875764708746,0.09119626390729269,0.10937345562857877,True
80,0.17557473305073762,0.030420810305860035,0.0016029524347423124,0.33641296558648476,0.056674869176916914,0.057843599202367695,0.19851622076653863,0.08110947700172584,0.02505809754907926,0.036786274925547036,True
81,0.1146688263620343,0.11394350805343761,0.017440240499168928,0.014738604731297058,0.03285276883312653,0.10214562747729207,0.08547088364860314,0.4098676540382926,0.02676143178461059,0.08211045457213717,True
82,0.014134810073946137,0.035095459906642104,0.23304698134329485,0.14175026602225177,0.028754454135486617,0.018134264206204422,0.08865014937816101,0.07608713305261307,0.3104222108850885,0.05392427099631139,True
83,0.24116608013752483,0.007309209835806078,0.09886413202944244,0.03924934720322389,0.13190187155874444,0.018826857825114028,0.12641843653281482,0.27483518760501985,0.03545599789677313,0.025972879375536526,True
84,0.037901522952254046,0.014775640463675653,0.0493373700676175,0.08531021350044801,0.03618014624477431,0.3308226758592868,0.232962568769224,0.009301090417027796,0.10574135484530661,0.09766741688038527,True
85,0.3669314679830309,0.12066668597599953,0.22194705238236795,0.039574645180790034,0.07003753801480153,0.07586911382312601,0.0038374984448688947,0.09324206272328966,0.0034056539429358464,0.004488281528789563,True
86,0.03181110370518758,0.11567802620888677,0.20353861406502607,0.03383907592201824,0.08843952345508735,0.13064039538907016,0.10970867506738408,0.10838125115685636,0.048072561981995575,0.12989077304848767,True
87,0.05425359392572636,0.29034083534973465,0.07119195490706155,0.04870934694403669,0.1185795460108787,0.00735988520717448,0.03404807893797625,0.18890301289319975,0.049241237092031584,0.13737250873218007,True
88,0.06978856462873989,0.08453135964974774,0.07991437044668102,0.06018314380014545,0.16419849207243964,0.05890707818718458,0.1369964593019233,0.14784021477294784,0.19042154141379972,0.007218775726390728,True
89,0.10789359847934946,0.019338148882170156,0.0240826238831667,0.2361038371218519,0.10838512527060552,0.11423184363805522,0.008832697758221014,0.07574225956906577,0.04899414982276397,0.2563957155747503,True
90,0.021130601618615963,0.1599469067183728,0.06153943981403731,0.0993592082410424,0.044642622929986185,0.2599274973528039,0.09744145182268929,0.16042503645737038,0.010253552834053008,0.08533368221102872,True
91,0.02289011595084215,0.009838071084872065,0.1944592188762253,0.27328654255884544,0.037950462676807205,0.11044689171612075,0.18408574558001312,0.015052902707819178,0.09759510181953372,0.05439494702892105,True
92,0.12661454013697454,0.06376441192393088,0.014012317599715014,0.15339174640398007,0.0455881596126664,0.07436024165670722,0.13156252399042778,0.31563333802298854,0.022295941685028388,0.052776778967580984,True
93,0.18540518666902325,0.14266248511792723,0.04323518810492717,0.08760669278131103,0.02756839391445256,0.029202458781545444,0.06608830087921722,0.15370837851468486,0.07128143730913594,0.19324147792777532,True
94,0.03238263384134334,0.10997295534206956,0.024692400059196835,0.2013140211010924,0.1938814246426999,0.03693545429046804,0.023003078127498456,0.10149879486196277,0.08557442807547629,0.19074480965819224,True
95,0.06766832415409074,0.09166807983912865,0.22225513918317413,0.3976461164456706,0.05476522927896624,0.01628539494512325,0.0019643924984439278,0.021958190888722477,0.012921810437124197,0.1128673223295559,True
96,0.15622843137946338,0.07685280099415763,0.1506517671286109,0.0929426147405614,0.01347950508300925,0.04723822211772716,0.11569948119055552,0.2673682874178003,0.0205956437318884,0.05894324621622616,True
97,0.12236830202459245,0.033028906197992966,0.01571367946082632,0.01920035489475743,0.17775277077527532,0.07258270279167328,0.2463040165526841,0.13624434233836832,0.026765040566305784,0.150039884397524,True
98,0.1570445188780668,0.12369033382965579,0.01078516077191446,0.17003861765456593,0.2595371904649705,0.07400919459575707,0.04408592883973291,0.07401695335051202,0.03159119600592009,0.055200905608904366,True
99,0.052542968801154666,0.32548231895520163,0.16024260189657447,0.005891058396115189,0.048384450078841824,0.028843929313618715,0.03020031943192803,0.2715988392090788,0.0073948866772920495,0.06941862724019462,True
100,0.12903485978849744,0.022210222084433413,0.0217330176359044,0.03987629914865557,0.017648595858846493,0.19091082269289625,0.04356592574611402,0.18518019094401827,0.021684473898977177,0.3281555922016571,True
101,0.021018884904903626,0.06489302351466729,0.07167215934912176,0.06024263460427486,0.3309762157148394,0.07247217381882204,0.007135253442454793,0.06345076119276337,0.20744072298976582,0.10069817046838711,True
102,0.0399541229776186,0.019305202384907235,0.11380037202202342,0.002547650935902858,0.01875557716395704,0.11854712930386425,0.003690910304997639,0.09341308650360283,0.30437775336096246,0.28560819504216356,True
103,0.146549255268862,0.018588981763827568,0.11776162340056871,0.0800016852925395,0.034290883457096445,0.03279459767351803,0.12118836717357313,0.07525015543038222,0.11556497006927828,0.25800948047035416,True
104,0.04377237317773633,0.16425465543979884,0.005344459463251736,0.09432223274913253,0.06523148456110145,0.2243056072179716,0.06793905282720097,0.030613015808794077,0.0070352360492654895,0.29718188270574697,True
105,0.2291798352996358,0.34280830750271774,0.06570399095587746,0.05000477878154072,0.051717450322569344,0.011438618563810203,0.030687438606747292,0.026619061439032452,0.18145486862388832,0.010385649904180595,True
106,0.33807681085890084,0.14947804213970625,0.0934917652288858,0.0948943184079872,0.10515876303347681,0.00015972342668873636,0.11457819288726537,0.006502329325412768,0.07338541000204511,0.024274644689631218,True
107,0.03689362830218392,0.23458805661161244,0.11438995296632656,0.024105021098033617,0.02421942992950626,0.016625629924437436,0.3058814927560346,0.16507732698250227,0.026412446126493325,0.05180701530286935,True
108,0.08602465482452719,0.479269703467891,0.06319763763406484,0.028210140720497073,0.08451120022661968,0.041685076399328,0.011825216648529945,0.10833667836938721,0.06058572307414046,0.036353968635014625,True
109,0.15109302104513103,0.07837222493742677,0.04548706455416846,0.03209786510398772,0.09826297883466628,0.01898610397379559,0.2938929671429371,0.06651208115394891,0.04614799931670974,0.16914769393722828,True
110,0.02929196021593834,0.018505048280105033,0.09154861701163512,0.13545455682892102,0.004265452919496927,0.2113758261373863,0.2638549662350506,0.0623770589939894,0.15491387983994573,0.02841263353753148,True
111,0.01419619709822529,0.5068503274540601,0.10611791339895793,0.013036256250918454,0.06529587240552141,0.1721943443268983,0.0045534135281773075,0.03805969520973991,0.07968559552540823,1.0384802093134813e-05,True
112,0.11697251326565525,0.12124175164069463,0.08294780825673875,0.05097925845583664,0.0830150174685294,0.1882257445620317,0.06043884650711191,0.08125962193304644,0.20493868741684815,0.009980750493507044,True
113,0.07218783816476967,0.002637114840173518,0.013708149260582647,0.20676917409673398,0.03251118332462193,0.22710024516068333,0.056154839386078216,0.24895973933310533,0.06632814195142228,0.07364357448182905,True
114,0.29931747427359506,0.11021750391022346,0.10368456759912062,0.08722925216312857,0.05945617958862308,0.047418134728055485,0.07304337158616989,0.08281054284503747,0.09999304931805669,0.03682992398798961,True
115,0.17236310465159743,0.03584086565548313,0.31119016202894206,0.08971368054096526,0.009089649372298966,0.03986629662709974,0.24819929410051514,0.026207318350703734,0.019036547637252852,0.048493081035141695,True
116,0.14806458400068956,0.14081781310158095,0.04107234363961321,0.02029186450897789,0.01864728334531178,0.16685581841884178,0.0455543567244379,0.12800763164386447,0.07893983097816182,0.2117484736385207,True
117,0.15409065476392836,0.3019304377040302,0.03950957386448153,0.04505309988047468,0.09067756498642053,0.0875890788442136,0.049242762866438354,0.10794287730318498,0.03140431625851857,0.09255963352830901,True
118,0.17374135912566624,0.13591041784944705,0.00641291854840628,0.1812721696400202,0.14400192328551828,0.012701456296590611,0.08052562409973568,0.10196517256456344,0.07842253880796435,0.08504641978208796,True
119,0.12959583953799733,0.06740366436108375,0.03109201946313465,0.2303582932966308,0.08302085678659749,0.13770515455748683,0.04307533325046581,0.1814296275642677,0.04816828031384246,0.04815093086849309,True
120,0.024609125888919104,0.25624011390804713,0.1558070237703923,0.03171541807241968,0.010245109845174105,0.03899555534098966,0.12745724280430967,0.2510432615520336,0.05606174231973115,0.04782540649798372,True
121,0.24116035631265317,0.17584244469874624,0.055339196692221544,0.0513953545319186,0.15938570941241184,0.014797339220209675,0.1568624807887793,0.0009718447002452312,0.05685905965694262,0.08738621398587193,True
122,0.17075535631919278,0.019694783636584653,0.055499933625253205,0.20895335061640236,0.19249545013765532,0.025448709578186804,0.0672671924780197,0.2159590975870821,0.03548079539718102,0.008445330624442153,True
123,0.07366287560199604,0.02137713072532941,0.29161695311849783,0.2879375195038934,0.1187220393646286,0.011460874526884914,0.01942833772268601,0.16758343436614936,0.0068903467505903515,0.0013204883193440897,True
124,0.14874158364897963,0.04624912101227203,0.22118340633114095,0.07412285165737435,0.05883631516971795,0.09894201034570266,0.07713951921630453,0.0914223203592559,0.04840285017095927,0.13496002208829266,True
125,0.06233724526937633,0.008441855259979909,0.26599667558959617,0.09298933733531153,0.2659368343224932,0.12271329066711487,0.00174286399732271,0.06217753293847384,0.06512040636986781,0.05254395825046363,True
126,0.09015509271624074,0.007104049554871712,0.18305941853568183,0.03078947024333317,0.07749390485798396,0.006819098218065938,0.021593236521337943,0.023958597726792666,0.24104595826457995,0.3179811733611121,True
127,0.07562324695560624,0.0760450258032493,0.1648874238007893,0.024868585998208355,0.07476141343972598,0.44596208174088037,0.006222921662054398,0.022829277350723938,0.06559391391927835,0.04320610932948371,True
128,0.2808572844310396,0.09307510500608512,0.0322654774562271,0.07056781230297325,0.009772184201969519,0.09984362642505376,0.3137597976699171,0.0038007436309871537,0.03192879727536026,0.06412917160038724,True
129,0.22454272873758066,0.06636423044555091,0.1730857744298124,0.003229848907939594,0.14297309026454277,0.030976661441776753,0.00517063814588435,0.051062453839133146,0.12141331792453426,0.18118125586324513,True
130,0.010153841787509709,0.10379047450734961,0.20098520310650164,0.011252398641352334,0.18247593866532574,0.090038311220496,0.18471764308071928,0.035066700514980835,0.005510149204951066,0.17600933927081377,True
131,0.0839519218045307,0.23805772605766862,0.022604045159370666,0.1328275816472611,0.08916160346468352,0.006159128698085448,0.15275954930632463,0.020161310323765416,0.17533205550884878,0.07898507802946102,True
132,0.07714044049233941,0.17481303826811653,0.16434158987227737,0.4248365890308155,0.08989782183063386,0.0016019983644452718,0.027209083005188674,0.010707783394368594,0.013274146602968958,0.016177509138845952,True
133,0.3169451535888356,0.10139174988447591,0.005052102431805359,0.03791246601789631,0.20423779590718394,0.008870299844019585,0.2608417031032956,0.01479304975775872,0.0019785957674242,0.04797708369730494,True
134,0.0009327617528912214,0.23677094625632686,0.03987946684842577,0.13520318265670317,0.04419269779761003,0.10450229412175496,0.05166802857321279,0.14026133940777846,0.011903257544547621,0.23468602504074912,True
135,0.038418559132815715,0.07598027918655689,0.021658366590733558,0.03350655237310845,0.19268729154547895,0.2171198520548085,0.1522922129391821,0.052726656874263145,0.21032452931599976,0.005285699987052953,True
136,0.2589193972056841,0.03288943328456293,0.11962884010514077,0.10311711479947398,0.16561843252227862,0.042127874279285715,0.024643635021711376,0.08188280055785611,0.13624517433471206,0.034927297889294454,True
137,0.013091491446845474,0.1415270526917779,0.02057469966049529,0.1853136701196397,0.21133904000147552,0.11897034646834996,0.04600575275360343,0.024210202080671827,0.06179249606734637,0.17717524870979454,True
138,0.022481086688759006,0.01875505916485641,0.08278205089589247,0.03875596659907448,0.13739818770146528,0.12413372700051746,0.03453340723765645,0.09234321242918318,0.3129790416185479,0.1358382606640473,True
139,0.031245174973243292,0.1134143330845019,0.03618459542166481,0.014212306222403565,0.10871048919428979,0.14208249241382256,0.08766520597557019,0.04096301589957982,0.3295273321624872,0.09599505465243684,True
140,0.04137940892897386,0.08912999803801358,0.16667504230099556,0.18567661477120548,0.10820211226084657,0.11010742995285643,0.17033393210991796,0.00622182668327278,0.09702897694856237,0.025244658005355393,True
141,0.16453462059652865,0.013644941163067404,0.12428819707080864,0.05050673118365416,0.06393714112682651,0.16274282522152292,0.09089429599428624,0.1274347075982335,0.06165662457448841,0.14035991547058355,True
142,0.05581071999984538,0.11290108585900208,0.06578593928876993,0.002995233120570111,0.08997989950417944,0.1079495411838124,0.06429589993220926,0.16432040609832904,0.03345126507025096,0.3025100099430315,True
143,0.0005781781915078468,0.04803957443130345,0.3343171918315457,0.04661415490266956,0.01844235275565853,0.1744556889198789,0.0034187483727160725,0.2775589261853098,0.043048588184716644,0.05352659622469351,True
144,0.09392857443661369,0.18795549925412436,0.17436762538845835,0.10829393155965371,0.03475808912493086,0.10965648253069568,0.04604387986518933,0.04256254743625935,0.18076314836412233,0.021670222039952284,True
145,0.2495008109235073,0.019081490316473236,0.0549096768943383,0.18992674583445676,0.1360149162071815,0.10256750276851924,0.005114643418716518,0.09792810853351037,0.06537941020387478,0.07957669489942201,True
146,0.11547114955517143,0.32168555680609856,0.00982082985084731,0.19242380543607598,0.04966125377872622,0.11646886016534166,0.09005540638333304,0.022115045687146312,0.06171664285413966,0.020581449483119917,True
147,0.004784554166030842,0.08677692249535107,0.3198898045678472,0.20616857956082874,0.015119553901756313,0.013470363866129327,0.002114495286510464,0.12318179131144841,0.18183953982526746,0.04665439501883014,True
148,0.12774114792790972,0.02817572340407707,0.11123779054564276,0.02186204861561966,0.09777943270708583,0.3245032637444055,0.05449180007314057,0.1253612481009608,0.08282164697355575,0.026025897907602284,True
149,0.08494380025833152,0.0040405949718963635,0.009051749956015903,0.017676226970129407,0.1397176150642542,0.0719084788939681,0.08004463741824634,0.32797711341866553,0.05935679918928884,0.2052829838592038,True
150,0.08135577773878858,0.2550292713963917,0.04979727703890198,0.1584927055016902,0.3485690862263105,0.020433315254786654,0.014749897463249801,0.0001571578990729891,0.07139525903494232,2.0252445865375702e-05,True
151,0.05928744054399069,0.2755050949096075,0.056258407458542985,0.1024309794846674,0.003681608114103762,0.08837318574321039,0.0586590028772295,0.054169688584404845,0.060155519582575215,0.24147907270166777,True
152,0.03174200294783928,0.016606061365644263,0.2259928535069231,0.004952497607335265,0.018888199144090474,0.11753595636259984,0.17515643806733802,0.0981089855870185,0.2361653515197341,0.07485165389147717,True
153,0.5349669766903682,0.029063296098733513,0.057746240287096615,0.031534143491214424,0.04242614153613966,0.030278606664691954,0.024040991169641972,0.15301351692093867,0.055798890928691836,0.04113119621248317,True
154,0.05696325243401208,0.12887770330217957,0.11804656754828433,0.003321829099407039,0.009096697339785116,0.5911600901421933,0.0010207967021735411,0.032609146423030096,0.019786859742349065,0.03911705726658559,True
155,0.004097131272844828,0.14446525808876795,0.02666009314641015,0.013027224957757157,0.04777430818031646,0.012017802263601909,0.3033230892674239,0.11148646764088964,0.166089457201554,0.17105916798043405,True
156,0.008031859073900865,0.17908107725297304,0.031027109286717664,0.04559833422315621,0.22816916347701843,0.07709476343237764,0.18826578369863642,0.15381933755454472,0.01636467119667314,0.0725479008040018,True
157,0.026375709061088187,0.007011148114984563,0.30759251544495314,0.012386398940798179,0.23570151940716563,0.04915086993394552,0.2878892875223975,0.0028712736429992117,0.045135685132835016,0.02588559279883302,True
158,0.026212654379102245,0.024324439231660513,0.2926400534448314,0.06600462414154137,0.0005645802078921334,0.16474088442495105,0.0013085502671821047,0.08430099610718204,0.14896101676493145,0.1909422010307259,True
159,0.053871520296945086,0.08821002978876995,0.19465070950752106,0.017523484686677752,0.18690936921508455,0.03866109384287998,0.16148787263518338,0.014195043883877852,0.06802796234158257,0.17646291380147786,True
160,0.022735803470911718,0.007982820606184743,0.001415017221773051,0.013619879176261493,0.10866328297205895,0.07540668597004206,0.2810267774999515,0.023130060839423747,0.03468148555054942,0.4313381866928433,True
161,0.07106114932692251,0.049949446700266076,0.08848635143165466,0.12203707584944479,0.003450794771840702,0.18153579345749127,0.11498918967098756,0.05614108920104473,0.27303991040279174,0.03930919918755601,True
162,0.00444936121087266,0.4131584706690439,0.1084883323972354,0.005543620356481742,0.04076030485773639,0.09535558938272239,0.05384228136160646,0.1313325833244629,0.0459615711137435,0.10110788532609462,True
163,0.17086585149892414,0.003031989480023758,0.07263302081192283,0.027761420001185484,0.13813696785395252,0.18882332787641096,0.09724490427025122,0.03353001235022889,0.021106687884756663,0.24686581797234364,True
164,0.0974216952481962,0.005865491170584068,0.3445210137217086,0.07259201728493317,0.06523600518087502,0.05129781788842397,0.041604127406097674,0.10503412539609902,0.18318205551424308,0.03324565118883909,True
165,0.06282266284453657,0.11703466474673846,0.07017265775564965,4.458333691358807e-05,0.16997563274324035,0.0839719429507013,0.14757330111200842,0.3345033010436646,0.011184162070476122,0.002717091396070937,True
166,0.0020368081820094437,0.010079263042386377,0.08649957368893928,0.020279424686964035,0.36171176997813237,0.05214256808152841,0.3822214760209974,0.02322124781066138,0.003372536089633649,0.05843533241874765,True
167,0.04660493653229302,0.33973141802484286,0.02777725921843906,0.07939880353752093,0.08401257224696883,0.07309063674716416,0.013921654243416091,0.029902670274164277,0.1635981689555039,0.1419618802196868,True
168,0.03089633796581711,0.1543771817468074,0.06015153394700133,0.2099703097553701,0.009825732166404637,0.07693147496530495,0.05607380110963884,0.17952794906136024,0.02651646348555984,0.19572921579673572,True
169,0.028774782858447527,0.011469666985577075,0.01799298141227429,0.09635799887493492,0.18013886965227785,0.04298297121756742,0.40107948591816345,0.03212459398724039,0.16093773898595856,0.02814091010755853,True
170,0.08514071768952859,0.09590729806176879,0.05226584282299636,0.3605296817886063,0.032821592978807775,0.07890807630779517,0.06495670194593721,0.04609585835998086,0.14892497458426726,0.03444925546031175,True
171,0.12851364261903037,0.05549275818143073,0.2487898812032016,0.09630048296669798,0.21407293930604623,0.0022565676492721128,0.04910541966943008,0.05994688213970993,0.12368792839943725,0.02183349786574372,True
172,0.01084337917971973,0.03479155967128618,0.04681286245889375,0.07199517638752538,0.16493673609961199,0.1413520921199421,0.050932107383870634,0.03543654136869116,0.30337983814829894,0.13951970718216006,True
173,0.06974375693530284,0.02750266353850864,0.015324877647406712,0.07502935344596706,0.015407486013711422,0.396062534252324,0.016875108504542456,0.0520497217252693,0.3316581818190223,0.00034631611794520427,True
174,0.08063875540542607,0.08835003531629232,0.026858531229555248,0.1493341306725671,0.0869492136451204,0.09593571650081749,0.07561322689453889,0.07994496985871231,0.07739938517319354,0.23897603530377656,True
175,0.04127711216717672,0.014265912535470148,0.06193632202474027,0.09056780623109256,0.0374801493759717,0.15214995120086233,0.04215651604608218,0.050987131143329,0.230557986690292,0.27862111258498296,True
176,0.027479755217966955,0.12819919075608086,0.004785206091954526,0.04483859279971761,0.14448439193284376,0.158118559952683,0.14423485659123453,0.06387666894685692,0.03282441663205836,0.2511583610786035,True
177,0.06832889409889141,0.13015324821356739,0.35419574650631824,0.04227476562240464,0.1334059684209852,0.004743179025188511,0.022278618880715497,0.10383251391700304,0.06036101863966774,0.08042604667525827,True
178,0.2760937712698215,0.026439782124854302,0.008824708300530903,0.06917167107776989,0.009657319275677633,0.09641387493971408,0.03975736149495011,0.11203929150332856,0.035208216631833406,0.32639400338151964,True
179,0.24565013512485465,0.007753311695207691,0.16667456128456393,0.03474395234413797,0.11235921627726579,0.0014134384576189698,0.0369029968221972,0.005883446514217945,0.12908128293321128,0.2595376585467246,True
180,0.10260386621533094,0.00594455221586669,0.06006799024628335,0.0017556383151961963,0.015463931274574454,0.20723182337188498,0.025603288336086466,0.1655827586750785,0.15820534883500595,0.2575408025146924,True
181,0.05578791267483754,0.18824704176340187,0.17737009835688491,0.13679502916514916,0.06993235395759191,0.13928936430842434,0.04950997929697107,0.02666233869581516,0.012992441632830417,0.14341344014809349,True
182,0.17445774502906233,0.058265417329991125,0.05173972596046597,0.09309599727398447,0.0860650785109792,0.1286084229559709,0.07111234553091501,0.0505453762352539,0.039566145611438716,0.24654374556193834,True
183,0.08977311714243467,0.04669299963228575,0.039836360836490455,0.054987786782288016,0.15466331181395793,0.14286468343582143,0.13815979849195134,0.12897103437472068,0.11013629405503043,0.09391461343501921,True
184,0.08377878575668248,0.023791030843213202,0.04915603249093846,0.035915227497171374,0.24386124849523108,0.2923113044836822,0.019840836463676494,0.03851438611560416,0.15232000466981985,0.06051114318398085,True
185,0.008070696497403128,0.1643911662518524,0.017687374628841134,0.23458577016281873,0.06734993430205687,0.0921047414725234,0.03884580964884925,0.00020838568937632643,0.19991081858274307,0.17684530276353574,True
186,0.25562067266587973,0.051094210916369676,0.049824648620207364,0.02316872654059995,0.026447641498584043,0.26749625807380983,0.05692726903055721,0.1004199826924199,0.05474621495902808,0.11425437500254418,True
187,0.14198281292412193,0.19146272148615515,0.04934983928413935,0.16038480978975664,0.2846775586741792,0.05088809806333921,0.013031740941914725,0.0761527941914762,0.01653656800272493,0.01553305664219269,True
188,0.052794547042802155,0.00826506578334183,0.06688816462279902,0.06223266814912008,0.03947389395637033,0.1133560109231463,0.3311774716967516,0.043000612661383684,0.241485253791868,0.04132631137241698,True
