ID,strat_res0,strat_res1,strat_res2,strat_res3,strat_res4,strat_res5,strat_res6,strat_res7,strat_res8,strat_res9,alive_at_end
0,0.07803366626343455,0.0854215469141117,0.013450436051735945,0.23091948026567694,0.020716570646850736,0.050761467142316184,0.05203075707474048,0.29641009939749996,0.011949649909947941,0.1603063263336854,True
1,0.015191142101033131,0.29413723370033423,0.05467984225957843,0.0027897342525805982,0.16797082386427203,0.0004463438855349801,0.09235991671334742,0.14704536191010115,0.11399823591703662,0.11138136539618128,True
2,0.03191141934387435,0.0006809824901048366,0.12632686893862002,0.013551720956195999,0.07125235351228519,0.0919915818116241,0.10161163519061024,0.03365278557487375,0.006609650390791281,0.5224110017910201,True
3,0.04523494770077037,0.22313200948517142,0.18122823960040915,0.17734793696765377,0.1971724068798768,0.00745779343403609,0.1035380815884202,0.002932887784333131,0.017029729744398397,0.044925966814930524,True
4,0.009074512281563009,0.011234325837324007,0.1323699153958743,0.019821690146976108,0.3335330681586817,0.21674121906331045,0.1468777656059684,0.11173480186410982,0.014435766498711452,0.004176935147480703,True
5,0.1969314992525873,0.13171134275247268,0.0471797176367187,0.0814489724488703,0.04011060728016423,0.07613620492582017,0.15600202381014322,0.06772257958981517,0.17482471999311086,0.027932332310297386,True
6,0.08223449906767545,0.08157215937437289,0.04995546994648644,0.0004323336249625218,0.05846769424936448,0.16375503831641883,0.07344307583514159,0.3379980675921949,0.07978897558444951,0.07235268640893347,True
7,0.049808379802878826,0.017653650186900984,0.03925636309543574,0.5218094720221114,0.06458903015746992,0.009135381753652168,0.023824072847552426,0.15658049008115577,0.06888100400032539,0.04846215605251758,True
8,0.1138263574241929,0.11898380046529634,0.38181840538111034,0.1389845938044819,0.031370207946553264,0.02100231896271,0.027496017130787677,0.07103996622222479,0.02634286053836606,0.06913547212427675,True
9,0.11235353466575547,0.005845809622976686,0.046010576668752676,0.10823619831961706,0.06123521781229802,0.22441275778932868,0.07123851625900426,0.028074068313126203,0.2536528733167221,0.08894044723241885,True
10,0.06734703522217216,0.021496933980297,0.04626913181098181,0.011284129008372135,0.2316260295662957,0.27460595145897354,0.21497732092078695,0.07444776162812622,0.054125362264795814,0.0038203441391988376,True
11,0.012083955191119987,0.05405582157426345,0.15883463412744372,0.2079387227801945,0.04591683269945411,0.017094184050067972,0.020818492723635576,0.26197183871044055,0.20391867867467142,0.017366839468708796,True
12,0.11042832883267517,0.02265984939598112,0.19178607389710053,0.031248724797792903,0.039717965837752944,0.2909937705415412,0.13856928756633996,0.03690483111849275,0.005884254240076555,0.13180691377224693,True
13,0.007944109257034206,0.24391713261374517,0.18332444888645705,0.04992560376171727,0.1794469333216586,0.05682034405922497,0.13842687468999312,0.0761785542073917,0.03552870267895601,0.028487296523821714,True
14,0.060432806701614786,0.016973569543034566,0.06045526850664675,0.07410010540387497,0.06592199300505297,0.1084516249523988,0.025867899771315882,0.18217775497192745,0.2413082469112997,0.16431073023283396,True
15,0.051452778825796006,0.1623340103203895,0.023411540614374362,0.12245682548982438,0.061172922510234706,0.029999873354293178,0.06821437047459536,0.17112488565722,0.26636587217586266,0.043466920577409675,True
16,0.1111238361323912,0.03697925851123922,0.021646461611416208,0.02911491801871118,0.14440103361434034,0.19662041349311835,0.01667578336918818,0.2321068315082058,0.17044964531795997,0.040881818423429514,True
17,0.040321787606472065,0.12556242495179382,0.22328187981435288,0.032170207583922444,0.08978462150261791,0.2492481748360581,0.043117060809546956,0.01163829500238945,0.04898553108408799,0.1358900168087583,True
18,0.044423611919388234,0.10578062123823594,0.19621520874992593,0.14086584979335726,0.08061080378789542,0.0493320450190592,0.18504200930277717,0.110498051001018,0.033505918219799556,0.0537258809685432,True
19,0.04395881321091634,0.02496094458233614,0.0009253832590529946,0.17272433926898095,0.15178861841443836,0.11111775736469469,0.20290343615310194,0.1357752091733405,0.0636010724627025,0.09224442611043561,True
20,0.09781859631100133,0.049567889598672296,0.06880551895847925,0.31760804293486833,0.13901191723603906,0.031343999814318395,0.026216504503429654,0.003741962840739641,0.17089679709555505,0.09498877070689704,True
21,0.045008224890420785,0.03874159190628851,0.029939929207368633,0.021492288031765835,0.17508615506617492,0.002880307916198095,0.13964553884773961,0.29327134508836655,0.2316974620333849,0.022237157012292036,True
22,0.12861517081057447,0.00020569687083331502,0.41656390088081824,0.06640768238297971,0.03499524976648422,0.01329004865261216,0.18886634101043534,0.0026051314982585287,0.14606709695588682,0.002383681171117123,True
23,0.0703430819648983,0.22116112823459316,0.17512030577639817,0.05322384417534258,0.014746161227772819,0.11158062874946968,0.045228616091584795,0.10323122792708124,0.0866939680760188,0.11867103777684039,True
24,0.11882300769984946,0.34160176564048056,0.14763594996428478,0.013207808675456722,0.03806372833271495,0.04328718558384043,0.0895688319169588,0.09210489227029524,0.04369363635035496,0.07201319356576406,True
25,0.0836535296422527,0.10364637750147065,0.10963564624458606,0.0021473714985917234,0.06295480385781324,0.2731340183258424,0.005278787733608302,0.06333356724725749,0.15115374189328246,0.145062156055295,True
26,0.03787520264535716,0.015210250114701443,0.13464075501366315,0.12571679753319556,0.010259578901423434,0.06303903681149206,0.009302993253686938,0.23377765211729812,0.005311299195825239,0.36486643441335687,True
27,0.0009869035709099245,0.17365738897843508,0.14454126483929874,0.04888388794076422,0.13111711666112585,0.05674906618393824,0.19940457837912104,0.2179311675581172,0.024901477346590335,0.0018271485416993618,True
28,0.23337288743998955,0.07634257219415556,0.03716394963040072,0.061670556305262275,0.09840452385999995,0.2229919262141257,0.23919075240040866,0.005645591071580626,0.014221615449135784,0.010995625434941321,True
29,0.33633167058747543,0.017429199799377564,0.060577770849224055,0.07904125440206132,0.013766237469033837,0.015179524388607075,0.1165128669364352,0.08449142835765813,0.10588715053341617,0.17078289667671115,True
30,0.2698948299874401,0.02207772564056618,0.19079932857320267,0.21853733651777024,0.1801171619256882,0.013783534724170175,0.03262940529742369,0.04270071686908668,0.014339848454918414,0.01512011200973371,True
31,0.11782015788328416,0.10171386540119516,0.1380353616349876,0.02539601610383694,0.033019689425383324,0.0024110489465976,0.12742010693678985,0.0212454322826291,0.24363267407500241,0.18930564731029387,True
32,0.4664789551192081,0.011248955127864238,0.05354699707193331,0.0009626901317888045,0.012503151960724644,0.0618984038386001,0.09424549511734132,0.053675906578412626,0.2363224318741168,0.009117013180010146,True
33,0.008077287547158661,0.0076404883328032745,0.003475800267848269,0.06489720411880429,0.41893140268065593,0.009694843532116066,0.1115840724206277,0.05496722926070038,0.100343670578049,0.22038800126123653,True
34,0.022900706447505432,0.24283917217136491,0.009219360695895547,0.14798099301814555,0.037789802873628105,0.23256322232438503,0.08778232323422898,0.07765555393747672,0.08641701342515273,0.054851851872217014,True
35,0.006887853891582502,0.07920081780831671,0.13973742911768378,0.15147051979598372,0.10948532293092654,0.01624576141476707,0.05447987928472575,0.12618818822585678,0.18473760138154124,0.13156662614861594,True
36,0.28326732988997294,0.03151563536743502,0.22241986414280415,0.038442924339989304,0.17170438014111808,0.10521782484661381,0.03132500287288926,0.005454426795451194,0.052154904962805566,0.058497706640920626,True
37,0.0411185060585164,0.014878452712059663,0.1336383087102853,0.08147826318397824,0.15380667102803697,0.1860719178837075,0.22000298230843326,0.008261190070473715,0.15806660568069794,0.0026771023638110145,True
38,0.3069601372109512,0.02115247990848709,0.0768653709818854,0.1564996454823998,0.0712965750996858,0.050207117971022466,0.05296776960092876,0.04333413605534844,0.07004910032076578,0.15066766736852533,True
39,0.35536835835894637,0.09426382815296079,0.03300592893571577,0.06299088645661942,0.09615650549051737,0.0946106157714263,0.07173438443574034,0.043066568073724894,0.1468573303069708,0.0019455940173779564,True
40,0.011607861343990996,0.13606176761638827,0.22283408798505272,0.14252744722181265,0.07049239596722964,0.14887036136105347,0.014695779638262595,0.1500136101274223,0.05895676678674459,0.04393992195204286,True
41,0.18441919569126847,0.029974799723409988,0.021517264559800204,0.015499086423620426,0.18530229027815392,0.14123106735348592,0.040508542201970164,0.06452863457243832,0.0329431175917256,0.2840760016041271,True
42,0.10878953266365105,0.0517307967100287,0.08153001384440824,0.0211380462310059,0.2366506012989676,0.019463652950492856,0.07913455132521123,0.11622540830939421,0.20481106463587434,0.08052633203096603,True
43,0.13264366618900436,0.07537804599641588,0.14220457873900114,0.05315883789636714,0.017987209325562584,0.13338658626440986,0.05835414494284215,0.02789385914595409,0.21929861960434333,0.1396944518960994,True
44,0.05230753843909338,0.035641581660769854,0.05993074933339953,0.07334255831698988,0.010298573434050813,0.08672412431234955,0.22626264473000518,0.3052235240828114,0.05053720794567542,0.09973149774485497,True
45,0.010030724205003873,0.03107839184837105,0.11243661165794042,0.10189528672963002,0.09529134961917048,0.0041669063856280995,0.04564916873043903,0.07171417936564646,0.1902080655117894,0.3375293159463811,True
46,0.11297473522137642,0.15821777077096003,0.1121058570979684,0.07527572550354764,0.03489652809668349,0.08294939058566021,0.13018018378399307,0.003425602826515494,0.09397383538463604,0.1960003707286592,True
47,0.03464188195316181,0.14394216064512272,0.0671282193327607,0.14695039363488943,0.08107087048597005,0.04042356673075055,0.04189762888080792,0.16477581724704468,0.26132023266199145,0.01784922842750081,True
48,0.09773772291302722,0.05376829202979678,0.14412193922279834,0.034559117734278125,0.13052787044279915,0.025887327666832275,0.16054297455826716,0.1796759794029185,0.06620080921914615,0.10697796681013653,True
49,0.0366123673332775,0.006742087772421337,0.25260428817601055,0.027341802932675442,0.046541672146344026,0.1590471956596047,0.12925530370500285,0.0046973830776480124,0.2700684110894637,0.06708948810755164,True
50,0.0426989791947993,0.22717313710920992,0.024839899013579938,0.06541499604532658,0.003685773416107287,0.008011521074239835,0.007443255711926946,0.12405719346034214,0.47437174849558666,0.02230349647888144,True
51,0.04879873493195534,0.0762321295476431,0.011662631727533452,0.24155123163971454,0.048953589861381167,0.22527835648822536,0.06437312771114999,0.10596428855377006,0.07619841052575878,0.10098749901286826,True
52,0.04374249851835021,0.1505366254604842,0.029849838500988893,0.17832490646224752,0.41690294580563847,0.029997962458970857,0.04647001157508628,0.04922508279148549,0.013718839747160982,0.041231288679587086,True
53,0.06636057078059453,0.04387711447456994,0.1232209354748511,0.03603657907347725,0.177251912573334,0.025768893918167782,0.16826429044889268,0.26262842774639883,0.014023259283199287,0.08256801622651476,True
54,0.043094512258969195,0.04419136209434869,0.1727807912152119,0.2243910961479274,0.010260363006075702,0.36006483462374905,0.012042582296791183,0.060071990916249506,0.02578769959971046,0.047314767840966956,True
55,0.1065909777538267,0.019761257661021648,0.13297149726682717,0.2540862733931858,0.06541511801948476,0.10336517469285376,0.10256048978303206,0.07725731497576868,0.027431872585614046,0.1105600238683853,True
56,0.11781595978521724,0.040906076649476826,0.058254991328132805,0.02656398831632774,0.06959552293578171,0.33779868531269713,0.044311545336504,0.09349536953997069,0.02903167528681604,0.1822261855090756,True
57,0.001248670630790015,0.22747001161374336,0.11494936645116083,0.014536585127288669,0.016724657372294515,0.19866870781980753,0.17090938562876765,0.10139733077733205,0.06918324762844442,0.08491203695037076,True
58,0.15356473488046243,0.16661548869939402,0.0010185956850033743,0.11516997917782644,0.036490856540818545,0.22380290249785675,0.10203689546661067,0.03811151083834987,0.05631239488794709,0.10687664132573067,True
59,0.10889040887973632,0.23904092446254985,0.15362598461239793,0.09457228713067381,0.025492547669023577,0.10931273091976308,0.09966382867917851,0.04864881261358071,0.04655304973904829,0.07419942529404784,True
60,0.10950663185390909,0.07095188242040058,0.001580147433813772,0.3184453049291202,0.016795527071057678,0.06348688941175945,0.06098060786573492,0.2827857277291981,0.051782651704322384,0.02368462958068372,True
61,0.30597119264951395,0.03120634824302571,0.01975438123783783,0.005287715289102644,0.3620366505165439,0.036607173211366854,0.08585425681609653,0.041677479359534975,0.0010805974574601945,0.11052420521951749,True
62,0.007552005971385763,0.10391368238443006,0.2216468990059246,0.115632305302635,0.020198424150327493,0.14769286974003548,0.013637617702404061,0.06994660875855191,0.27590542594674816,0.02387416103755745,True
63,0.031001484445905402,0.15441824783565236,0.04307909596601048,0.008578054356749052,0.009282061380672139,0.3284328479079152,0.01875754651674764,0.16892739908217344,0.10266854984191502,0.13485471266625926,True
64,0.10408500809703197,0.15211575305885203,0.00586370185386294,0.24817294579364382,0.1030176039656938,0.12741025352781732,0.07574645965290093,0.002328159803112661,0.03600087561416183,0.14525923863292275,True
65,0.01766656317327803,0.014879941179736534,0.06631965796627091,0.33335961279850396,0.1098796038957084,0.008754865597619278,0.03814673782201523,0.12980323031214375,0.27384746151340633,0.007342325741317645,True
66,0.0814595353315591,0.17583702865104284,0.3392419795424886,0.13144810394191023,0.008957695191520041,0.04818851509152077,0.14454750198500363,0.013747396194672454,0.045703423512833366,0.010868820557449027,True
67,0.015648715435894474,0.04873256268855482,0.2098955236405466,0.18919136601222178,0.027528653660498476,0.030589651709908763,0.15025894817137123,0.08241632154165035,0.09468575646279956,0.15105250067655374,True
68,0.04443221264884465,1.7830513964045867e-05,0.027211877753487983,0.1571450148156935,0.13585099299588846,0.006870256287111052,0.20736040578871442,0.19815030873273465,0.19348224578688086,0.029478854676680308,True
69,0.132543512876735,0.0887874821077812,0.002132467745160495,0.16919112199832945,0.1824962333513767,0.238190755646934,0.0780298933124043,0.08647965426149706,0.0033979712770999125,0.018750907422681914,True
70,0.025181904928391105,0.15790074818669397,0.11431386016085933,0.0010700875576784032,0.01955022785120357,0.3419132374254273,0.03691060820740929,0.08852112418910645,0.042529375052543616,0.17210882644068684,True
71,0.04049232460479856,0.03151127897871176,0.11343079702366246,0.06128606033397619,0.19943417192319113,0.22760609476548144,0.1366861411909327,0.01584444936130901,0.05594891417892848,0.11775976763900822,True
72,0.003806248018547698,0.09240928322908741,0.15487040863753707,0.10099064229637102,0.03858210526238492,0.049084827969975396,0.2523095636489906,0.1288037020772387,0.17506992907166982,0.004073289788197221,True
73,0.06573420029775787,0.119914053427221,0.08644545737703858,0.07480862630442729,0.04775117744825362,0.1033871901015076,0.1488886275053619,0.15666392752414468,0.15311982606423988,0.04328691395004761,True
74,0.04455715436687712,0.2624061034520012,0.04167454861409599,0.015891585873515735,0.035005751260920905,0.0828632622899299,0.2766359374698318,0.053784738109573016,0.13794974606461965,0.04923117249863461,True
75,0.03155794958029527,0.02744299683215022,0.08629270688705137,0.01671240793150841,0.016523455633382717,0.03293646990877177,0.2017081079090582,0.006679074057148813,0.2549006470332465,0.3252461842273867,True
76,0.1544627094256377,0.07794029630267438,0.3603625816045485,0.0025399472074850286,0.09087858252400065,0.11915550317742847,0.10908901002982793,0.027229043096300847,0.021959650860513498,0.03638267577158301,True
77,0.19380001388936594,0.03022968684269188,0.07434340797937528,0.16334018529981847,0.029663090134247342,0.03790486577406303,0.1268957780255872,0.13647002289253055,0.08277217086872488,0.12458077829359537,True
78,0.1273473931529084,0.22766846678380065,0.03834833926032768,0.03783097531050011,0.18217872869710586,0.028494451179916874,0.02694753355713622,0.028849894892367303,0.20064446925585866,0.1016897479100782,True
79,0.12585123380574356,0.015090130840619788,0.08071181956649193,0.08620567861780237,0.13897051667825353,0.0361975512524268,0.1633854908980584,0.03276935332557239,0.2903220780553923,0.030496146959638985,True
80,0.0937353472505416,0.004075555090417051,0.17978573875672269,0.07720817148552772,0.009930152875525247,0.02348384229380358,0.3166961180703577,0.056160201877671255,0.010714479415905231,0.22821039288352787,True
81,0.059803249531297835,0.17302240793183665,0.4343147180775588,0.04839169500604421,0.0708058802240558,0.02049762846634006,0.07573914607784013,0.041598500078615326,0.018337314437580667,0.05748946016883045,True
82,0.1745301443883534,0.09645639191322725,0.08612839282312122,0.0679048821493847,0.03374569592709011,0.059830749186874276,0.17335761272164213,0.02412022629577415,0.1733769415305118,0.11054896306402102,True
83,0.0046783190415126625,0.04508468811143245,0.06945712376433252,0.09690483229362486,0.010652068524092168,0.06517307300727633,0.15886721243944846,0.19411810948245964,0.2276959406913928,0.12736863264442821,True
84,0.006728631816053699,0.10407485674713311,0.022412756219562055,0.37636016386120325,0.043121820701879185,0.027310504817474095,0.06507661173455564,0.04312295864959772,0.04026021569262372,0.27153147975991765,True
85,0.1283105864959862,0.08312209783026754,0.09017812669507622,0.10875082961856397,0.24928477429189944,0.025291696330604345,0.12535425005326278,0.11702492137216146,0.054339162380323144,0.01834355493185502,True
86,0.0648353925434024,0.17440142911122788,0.043076417639534584,0.028925580938680962,0.1653548708661711,0.07821553882946827,0.1987944601863056,0.04926694720674368,0.10365972402317539,0.0934696386552901,True
87,0.10962896860768284,0.025851837659908578,0.0921734028634833,0.10169800891528563,0.031833860402569324,0.08721936171951884,0.017768585375344738,0.23581506327785368,0.004088006078531799,0.2939229050998212,True
88,0.029405167514183504,0.025010410049257855,0.08033676221773635,0.04508167014163833,0.06748309524043297,0.00560952887106391,0.3665220789970429,0.08724128916874775,0.05778215038183955,0.23552784741805682,True
89,0.11466973097771152,0.07025740512987108,0.022398191179554883,0.006614265075304377,0.22083156414464056,0.0888308326285704,0.29970444507842947,0.012146158113382353,0.03837681498084413,0.1261705926916911,True
90,0.02205797800588618,0.2435632451595325,0.14113408748604936,0.010605709539827887,0.01595508187349423,0.07807429174591378,0.1483418320527118,0.12297552208860699,0.18947432766053193,0.02781792438744532,True
91,0.14246157473805346,0.18688860268566979,0.0038671515477467122,0.182650538593971,0.07367286089803501,0.12592026989216668,0.0494259205190509,0.09954136715087626,0.08339265251605249,0.05217906145837755,True
92,0.11109546419935497,0.09388526331137852,0.15585487308929083,0.10074873260590078,0.2201084186718296,0.08333378641631145,0.0906366419395501,0.04157797506101617,0.052182621732833896,0.050576222972533946,True
93,0.1909364545570298,0.0641895875718601,0.07823532527458771,0.06851262863075251,0.0033506391944445584,0.005793554485753165,0.23540331047337712,0.08489388426028494,0.08877990722514824,0.17990470832676186,True
94,0.036608849608164414,0.014284635253898415,0.29475304922771056,0.010048839968392873,0.08234169093722091,0.021735900980864618,0.172232994720415,0.07992028118057014,0.06204814345980337,0.2260256146629598,True
95,0.07082016008905705,0.08225391647408815,0.15517902606180622,0.15627224519983587,0.24922529315896785,0.08330211350494471,0.10162814453020705,0.019701476467799496,0.010341675387496512,0.07127594912579714,True
96,0.015336421098240127,0.03519618531201159,0.33738356930975083,0.017958383010368433,0.12425683683782052,0.06105287253290667,0.08156784066965382,0.1557354548948727,0.06081179673408891,0.11070063960028634,True
97,0.038220627291893045,0.15941592376844413,0.01693822444939912,0.003472268437422512,0.09221563920949878,0.12853264371365972,0.3788425503249087,0.044259648147489325,0.03014099430891937,0.10796148034836527,True
98,0.018041633550340688,0.057881158679722065,0.06777279295105193,0.20736002639874854,0.16929127924379572,0.03158349244700196,0.3306764848153895,0.03163037269029921,0.08540042107647682,0.00036233814717358406,True
99,0.04204809002950917,0.18355234429569045,0.03019431131683198,0.0817913966660081,0.04112206922916227,0.0574531261278562,0.2320064217729192,0.07160054170533484,0.23737663116087304,0.022855067695814683,True
100,0.09064943080961756,0.11033780673000215,0.2612873270596018,0.013702323287344616,0.023551095502839934,0.17445519462870915,0.02907408615458542,0.05536537535770226,0.009612761896126795,0.23196459857347035,True
101,0.07109589973775392,0.01825934932180753,0.12811953908289206,0.49099458748969466,0.01584546479567967,0.013027976834323114,0.15878114870744936,0.0332928498246622,0.0390853669951134,0.03149781721062406,True
102,0.4139081929553668,0.06688353934566592,0.017431446199253384,0.27535650378085674,0.03957636286416241,0.07482968820594839,0.032024237864019874,0.06387604867730795,0.007326511494587626,0.008787468612830907,True
103,0.07795127867114157,0.30582655630502786,0.04584524395466366,0.03846367148977295,0.0481191154112273,0.13100010390195485,0.0332911602547335,0.022777795978619383,0.14233189144228195,0.15439318259057694,True
104,0.30098363557043734,0.23600822724351286,0.06597568502838652,0.0021349633602343325,0.08258607649618446,0.15357446609295816,0.03306527776835704,0.058650439224962395,0.04188071665776966,0.02514051255719716,True
105,0.16595142933076684,0.16221794073067114,0.045314931332359185,0.05138950262068062,0.012107923273120463,0.28216257095479125,0.026644680953681745,0.0787292411223375,0.11132525886792427,0.06415652081366717,True
106,0.15933743685332308,0.04744506879827235,0.06423139607567843,0.0347102317921384,0.02339428178784306,0.2600409419108857,0.048252965501327426,0.1443921792642382,0.14404153093625557,0.07415396708003782,True
107,0.028772090531481272,0.004665652700530041,0.024863467151974957,0.4842486726441908,0.0004793882480396084,0.05069471202282752,0.15626350041873097,0.10358079780946815,0.07778443058405562,0.06864728788870098,True
108,0.14283802394870918,0.03740352971114627,0.027531858597910228,0.16657199201557477,0.1436860728258986,0.13790977603973864,0.14534362306826468,0.005547543437498119,0.09055880084922947,0.10260877950602999,True
109,0.06571884748445712,0.055119892421794825,0.04464485712680998,0.07994279011472656,0.054872317052910125,0.360886378841955,0.1129457106251902,0.11808901759081271,0.09457247166858873,0.013207717072754777,True
110,0.13263254110750267,0.026130589386606375,0.05384729046515726,0.24396910436534097,0.11557039624686671,0.04540668864312039,0.07794556741496113,0.050992187686370635,0.23904399815810973,0.014461636525964047,True
111,0.0003798655927534267,0.08293996329741955,0.1980630420693759,0.18119459514274294,0.0962678043706472,0.15613007357910388,0.028402875345030755,0.02762351019942037,0.0013938979275635757,0.2276043724759425,True
112,0.014931291914823409,0.0672125838125454,0.07909677769690636,0.27737933829389716,0.06857486384455408,0.023704447698888083,0.19102293222647265,0.16294104121412517,0.06898435225968441,0.046152371038103344,True
113,0.06342033330118794,0.014583376541752817,0.09042718156886351,0.02793312899161475,0.056767572367596074,0.10862753998997267,0.10128882513324806,0.17830474673234306,0.18376135664467555,0.17488593872874567,True
114,0.06207381300612709,0.024985191552557677,0.053975981235360945,0.1521418531891172,0.16544976018658505,0.04155118866101104,0.09833817886644364,0.36366669335541396,0.016012770247308676,0.021804569700074626,True
115,0.0006523107446222314,0.06885576718604983,0.18449365791822725,0.027525075276675637,0.015284559585587007,0.4514138531753329,0.11469679917074174,0.08886209515104815,0.012621027767823144,0.035594854023892196,True
116,0.22528438049689056,0.11284255709321497,0.031972092952878194,0.1959712386013661,0.015194833608686691,0.047141482929397155,0.12864593697657553,0.08592806939086246,0.08541369777836491,0.07160571017176331,True
117,0.027822763556892446,0.015765698234665178,0.027232003756646677,0.12997890695768502,0.1325710548784015,0.5216169359602105,0.021994203996746956,0.008994671743565667,0.027344339342849668,0.08667942157233631,True
118,0.00999768213327158,0.015171155794061258,0.16792189464891785,0.07886974083194966,0.19323238165864462,0.009673102784114958,0.22908138948397658,0.05884570356080081,0.05382898480694301,0.1833779642973197,True
119,0.029128384620933225,0.1602548690692432,0.035540744899451755,0.08168792875156528,0.11623575574068215,0.057243333950150924,0.29604920478924623,0.1770150049982396,0.03347491399611635,0.01336985918437136,True
120,0.022919651957927577,0.03312468391371111,0.0681378176523411,0.30318709028468405,0.04601980589280997,0.06979525183285264,0.2025630395189985,0.0551447222403473,0.059783580132573455,0.13932435657375436,True
121,0.035807706100568236,0.08648249501482434,0.019725041077923205,0.027258923457734157,0.10780627350685548,0.3543216572540358,0.005780182180880888,0.06480641796838073,0.2951663658185932,0.002844937620203969,True
122,0.004260010807598092,0.48653692771087514,0.012181789575063016,0.13669985029327966,0.005680129531415875,0.08067044958398961,0.017468332837823695,0.0444798543925347,0.06564747727961304,0.14637517798780703,True
123,0.4220118268919633,0.02229512516514298,0.03786709068402241,0.06961239393616939,0.0040628472177798415,0.07865931196498682,0.19037609666037264,0.03889205472233884,0.0516130809976439,0.08461017175957994,True
124,0.18780892187329937,0.019927793378345205,0.18327146422024093,0.14270704971378192,0.0584546530845124,0.041246580278032886,0.19247235534279952,0.016364882539679874,0.08613001929093302,0.07161628027837494,True
125,0.10852942752455919,0.09402513743328766,0.07768376999680654,0.047906529522882865,0.11647617269113775,0.051662110363111795,0.11014212489482836,0.023712294827411093,0.0018610976204135661,0.3680013351255612,True
126,0.21263186532764114,0.16426042716223296,0.03803646655945263,0.1661340542101317,0.0813549693859954,0.027175727729857213,0.03382599134518063,0.034848473962236684,0.14494945711244675,0.09678256720482499,True
127,0.06567390164887366,0.023212911296100664,0.013276143220347017,0.07073649072590871,0.2859794900014877,0.26489903411914484,0.11991526128788385,0.07462362709606565,0.05078509955245767,0.030898041051730222,True
128,0.12267989479500337,0.002038887537412322,0.050606593815710726,0.03343708967135894,0.013808577573192494,0.19976160535731294,0.057973336035225635,0.06426477797906337,0.1696858621520613,0.28574337508365893,True
129,0.09037205402242925,0.12375453085825097,0.005001300557690309,0.09271135820015075,0.04055646356962978,0.009404124439663016,0.42556916979587006,0.19300818101661876,0.005424666027706996,0.014198151511990158,True
130,0.16202945068727156,0.0237436617985912,0.04693228094647834,0.3349681338661584,0.033853425869440845,0.06945654400462242,0.0188367844603309,0.26249124841592636,0.041942841120712164,0.005745628830467983,True
131,0.08494551592450131,0.2743330727661109,0.013606032652760227,0.1339230405717222,0.010111374256335466,0.12818561920457958,0.03539062470846868,0.17864702148993464,0.0020641406314939204,0.13879355779409303,True
132,0.13454436786534116,0.2588253452776245,0.2274589013406163,0.04337641752038964,0.023604788503828657,0.042400336010589824,0.09898603860096912,0.031831860929227664,0.07971386584071612,0.05925807811069695,True
133,0.343191810620913,0.006668820884212961,0.07964308568528754,0.035364453025620676,0.0778665331960306,0.09607946787524232,0.020222202901561546,0.004888851431865835,0.31690945180581614,0.019165322573449488,True
134,0.013207766649090598,0.01659356772758404,0.16909831759523733,0.12135398190826058,0.034534459041333516,0.05664376433667656,0.08573253957991855,0.047350808292797204,0.02514868235521688,0.43033611251388465,True
135,0.03697629113912998,0.03179261169891534,0.01586505281225778,0.2813397383622038,0.3269192056605328,0.06119946126805885,0.06941099033077097,0.02002499277912528,0.1539747967654658,0.002496859183539351,True
136,0.44168924391607833,0.02168875160818391,0.003226706350321597,0.03621306485135714,0.098873481363106,0.04972578208104219,0.0341203909247169,0.24590292139342268,0.03912099279405542,0.029438664717715814,True
137,0.05026762283191192,0.13323694189204746,0.01821938832141096,0.12016196000265249,0.11561215990001077,0.001688623381845767,0.022953309311664293,0.007012698670638076,0.30077668541551916,0.2300706102722992,True
138,0.0505513797325508,0.04681125141888046,0.007908032461054423,0.18870348994951422,0.03577419172931227,0.22795957565025599,0.1870272834669142,0.12580908076864386,0.08937689335632183,0.04007882146655174,True
139,0.04027610347298274,0.03180334028654761,0.03451742953292237,0.023584916994388836,0.29007857809375365,0.02330053540783396,0.16206232669460707,0.04380812145945331,0.21461621536774123,0.13595243268976917,True
140,0.0009476430694250102,0.20696166113809597,0.05461558752725283,0.09473125214834391,0.07650729265501517,0.3144167331213652,0.18731918728368815,0.02782413108681509,0.02036616302224892,0.016310348947749933,True
141,0.021671523140045904,0.07276849443118134,0.08511637074010013,0.2575359678218321,0.12013435154396111,0.05684073008219842,0.0035854060834480785,0.1679975585296508,0.12687015235255436,0.08747944527502777,True
142,0.27156330514269306,0.08586561440130022,0.051856190271665374,0.0031203142888974696,0.04027114989420833,0.03278397519245468,0.06368604470060332,0.11622449711325503,0.15423088575958693,0.18039802323533563,True
143,0.04764224590324588,0.07956428561850423,0.1776721939428377,0.009746890119862035,0.011350245611835938,0.23241399449340056,0.05493346133300615,0.24995299709598057,0.12051701025386627,0.01620667562746062,True
144,0.1636411535309385,0.13702699117499187,0.011434662502491297,0.0002754444378957819,0.25389695789481737,0.03596770429827805,0.12537472020758422,0.06909966148310377,0.10500403478103187,0.0982786696888672,True
145,0.32184294480015785,0.004567404639153171,0.1763507651422044,0.08562895099025619,0.038301520294232984,0.00729759637595532,0.10230352349319971,0.038464808345060456,0.0980727810298084,0.12716970488997154,True
146,0.047550696310365584,0.13657560054605852,0.24782721446356057,0.06251312950241197,0.18117748368479847,0.025661799118120148,0.10226810579309352,0.0107898482639582,0.09379834303529096,0.09183777928234206,True
147,0.15528213329441343,0.002421614375015939,0.1381306444240798,0.07043100092437399,0.0641130441133857,0.23782345879389374,0.03875239851258622,0.10722111898785394,0.15389477933647724,0.03192980723792013,True
148,0.00801647655406612,0.22561970228996217,0.010840639112733187,0.09288020607679344,0.06839207234928017,0.07238828216446891,0.12109043428187274,0.15809948313957006,0.16074402512427402,0.08192867890697926,True
149,0.04481282537925882,0.09928632017770173,0.017389197217784445,0.2881791872430672,0.061998485798860206,0.03579808747329261,0.05624327480763291,0.01930622006816474,0.11317809836722946,0.263808303467008,True
150,0.03341642442835936,0.18594931322869737,0.04769969780008316,0.34343821828705956,0.005355797474255008,0.11870219292054073,0.18265776910548903,0.0005873160169604512,0.06369972583525393,0.01849354490330134,True
151,0.15877146315316246,0.10715277852406835,0.03394285296928594,0.03533917912771744,0.0558908974319564,0.043592694548038206,0.129683739319444,0.2748864705336098,0.02814520883794623,0.13259471555477106,True
152,0.06813487070994678,0.027185046252028226,0.19749701125628022,0.04643025325161921,0.14710634597007086,0.016800980132185304,0.05818289353345511,0.07016613240165731,0.19470992057658784,0.17378654591616918,True
153,0.18719044477557217,0.06874458645184468,0.10861403437572562,0.08379347153313206,0.04061935032278591,0.057401237026328586,0.100626887899046,0.1212719922117372,0.1752236706768317,0.05651432472699623,True
154,0.06053626488444048,0.18305541979664897,0.0515186321058907,0.13270695558884832,0.015235826559479922,0.32016003387311337,0.006500508580199835,0.13892718518143854,0.06143937942323944,0.029919794006700497,True
155,0.030877229117003434,0.2645202891698567,0.062278055804889834,0.14673225626756808,0.00047552549223187817,0.060218816827364206,0.03226591370382129,0.01527754197331487,0.10375213785996378,0.2836022337839858,True
156,0.3402283806055155,0.03985830946035917,0.016892473003687555,0.03423052264758558,0.039817210518077344,0.06133473197434718,0.05504773872632121,0.056027894266578164,0.07202923999782845,0.28453349879969975,True
157,0.02854442724033564,0.16080194278642757,0.015265825900244652,0.11842083494231134,0.04579134474449836,0.3510303071679829,0.09798072211987217,0.0022188471076772655,0.01801245849789878,0.16193328949275143,True
158,0.033866720172190286,0.22987752001080947,0.030424901812500866,0.03420891347824527,0.22435136875109232,0.05158890716988446,0.13504979834385164,0.0034638400444019957,0.19165968649226175,0.0655083437247619,True
159,0.07633755271861978,0.03826639950537049,0.014673949482212966,0.06416167186065329,0.032752627937777064,0.17638760081782182,0.269398690450636,0.07229322120494115,0.17196017928101745,0.08376810674094988,True
160,0.2046131763484822,0.08218142181207909,0.1880738116050261,0.0829294311228923,0.11858006944467354,0.05315186196389455,0.05840400007404464,0.037285357617544417,0.04153149898868386,0.1332493710226793,True
161,0.0724626807381802,0.10639139540200691,0.019135251347519037,0.02530533164733605,0.09606276784192755,0.13717367059846217,0.12531668499403595,0.2535573362603076,0.1503312359366277,0.01426364523359688,True
162,0.04094599012122761,0.06401628450404556,0.18445681797331806,0.014968580671503978,0.11758586153357228,0.05472558052833221,0.10891526333418795,0.04822233445573527,0.018487953672697753,0.34767533320537947,True
163,0.017338316310352025,0.05518324624041505,0.013830792214311983,0.0015853989781997614,0.07227847362818214,0.17910811045314085,0.0675199231938916,0.06961574504203419,0.043918958563761094,0.4796210353757114,True
164,0.2035939117589219,0.36451675278993095,0.0002996067964322976,0.08430019819277303,0.11157168092258044,0.009457474302881439,0.01448204431906783,0.15414515725953234,0.017995195765362328,0.03963797789251732,True
165,0.027512651337548898,0.15263760715847863,0.04361469584946592,0.013711247547615556,0.03545715821317884,0.03637468081958504,0.0804586822309017,0.42649322297081316,0.00822239218548975,0.1755176616869225,True
166,0.3405412819167171,0.08381281262234308,0.010803333873139708,0.05744511916288002,0.02880212142690431,0.05945306838776758,0.03413609191996901,0.0627468500476535,0.16227382317996625,0.15998549746265942,True
167,0.10298566970305932,0.017878284754205036,0.019181839701084422,0.0825886242278762,0.09044255370768033,0.40395160752022097,0.13348544163035042,0.07296427061518176,0.037993258677692696,0.038528449462648884,True
168,0.059111193972586726,0.03085307451521279,0.09782686000016338,0.15453931210307936,0.14232114571511467,0.25163728558171294,0.25591333389055465,0.006765145836762859,0.0010098063195955154,2.2842065217090825e-05,True
169,0.3608734804488134,0.01978106290545672,0.01124756833440255,0.08415835628846294,0.006632956791834759,0.024729237028763222,0.10273532223650723,0.27300567175346996,0.042311878647435144,0.07452446556485406,True
170,0.05866700139275223,0.017302620717635442,0.06741121775228097,0.084150851219367,0.024402754470179686,0.1828279130516364,0.004319396767821228,0.2686098827131046,0.04785694872573211,0.24445141318949037,True
171,0.17319120740377245,0.0036176785172133408,0.16004124188858698,0.10146117313043712,0.1188369184352332,0.003112881813414117,0.2073227365513137,0.05170210675692684,0.07672964414791783,0.10398441135518452,True
172,0.16546422218338658,0.4206270182314118,0.08552775450426761,0.06429752960245985,0.007167913831405848,0.016337576827404606,0.06153215863843629,0.08381842491555765,0.05823201231040941,0.03699538895526041,True
173,0.3870671938462008,0.015150948706724432,0.013377292102950473,0.10377131606871369,0.007796024914222982,0.07590901784836185,0.11478363731931247,0.07293304610952811,0.13122705369096552,0.0779844693930197,True
174,0.00547297075878995,0.06445744766246717,0.012522837326055778,0.09979047065930051,0.20715843567310235,0.17653598380946106,0.031766551547662863,0.03735400001358251,0.20100525778030995,0.16393604476926787,True
175,0.010832664063385808,0.03200742362136538,0.0025158876074165004,0.2495355822686482,0.02583137064329242,0.20099224186087888,0.13010532750618314,0.264118995948584,0.0353942354469224,0.048666271033323306,True
176,0.014158873111602495,0.017497141731114482,0.03512861950132559,0.41826021713702577,0.07815645130963542,0.2557350473530626,0.00150776167517837,0.040709302431822476,0.009516284843838731,0.1293303009053941,True
177,0.08654639669570438,0.05281187983773749,0.008404697144482765,0.15271885352241193,0.19069714591351364,0.23416868124581044,0.12727338922711506,0.08164313855728775,0.05638861640543174,0.009347201450504782,True
178,0.0489689770246648,0.36191129007386935,0.004929985944794699,0.030579105885931258,0.0892279064992487,0.10588361055968167,0.07145449222757919,0.038100505113676277,0.13044721551720367,0.11849691115335048,True
179,0.0842442656871916,0.02036521084283037,0.3666542820007754,0.07226257630952913,0.09153030472707606,0.022941857806962025,0.1981409511846193,0.11385649784403806,0.022457952579596943,0.007546101017381262,True
180,0.1536956454229105,0.1661465980700965,0.05600265076419683,0.009172628041429032,0.02345582943977986,0.004311996373020747,0.264615960495826,0.1256194522040113,0.1369250984144245,0.060054140774304696,True
181,0.20321860928960936,0.032192779433952365,0.12005682502636267,0.1386738177738963,0.08590374041593216,0.06439756689869748,0.11063520813891212,2.398975397813385e-05,0.13155831507698937,0.11333914819167006,True
182,0.04041599564446119,0.12896525083877594,0.011951368558287956,0.12881378201006655,0.01445396654565859,0.16538098117679714,0.28329366042820736,0.019391632801555803,0.09316410808183063,0.11416925391435866,True
183,0.06598766734910524,0.001150879941759844,0.1467469527194403,0.052157060724457714,0.19269136038660467,0.1303375116413777,0.053332138158181205,0.28054354158661965,0.06572660486026236,0.011326282632191396,True
184,0.2178555120425242,0.10362579751266715,0.22104757333540886,0.0723103240115188,0.24200977878297703,0.001939466071594771,0.04937857797396215,0.002240936683526949,0.063961179544772,0.02563085404104796,True
185,0.0029473333348326806,0.3016351609197191,0.24174239896460833,0.08589906315666984,0.03356418896329805,0.14897173854606993,0.03747330265671406,0.08552346659053081,0.006792722891761451,0.05545062397579577,True
186,0.17935333702621303,0.11989327323369707,0.01699332574829876,0.19470869640317762,0.03152001086237694,0.14116966650241686,0.054444661509980535,0.05283218997139617,0.10707461791444119,0.10201022082800183,True
187,0.0878573121158218,0.17654329346570813,0.03747287051237977,0.15184929612299988,0.2780192037222976,0.12926608126408937,0.004759467158196485,0.024673335082439286,0.02565896141171624,0.0839001791443514,True
188,0.06054405688236118,0.29202574793409264,0.011587144274565944,0.016775525970407594,0.12169305141860288,0.10655950971122038,0.0688381347543102,0.08112511273583957,0.009330356594312814,0.23152135972428683,True
