ID,strat_res0,strat_res1,strat_res2,strat_res3,strat_res4,strat_res5,strat_res6,strat_res7,strat_res8,strat_res9,alive_at_end
0,0.5495942769903204,0.08041763227635786,0.03895104740521062,0.0038687035704420363,0.026378782430077657,0.030124391935224426,0.13685055997198212,0.023412739008302354,0.06381608120974222,0.04658578520234036,True
1,0.07283114068093326,0.10039853481788767,0.023171773493480916,0.09094375914458294,0.1969414838598881,0.017680976519386125,0.24543942121421577,0.07165458512899915,0.0173884810472612,0.16354984409336482,True
2,0.04477850501246913,0.2003461446368571,0.18148206878777487,0.1965197971820666,0.003969062007255967,0.05045755101903929,0.1342600979875581,0.054711157438174486,0.11776122618139756,0.015714389747406767,True
3,0.0412118347985907,0.15924434229918855,0.06558408350598925,0.03149053384903498,0.37721526522449533,0.03418300108874371,0.0509284390561741,0.07825520799610423,0.079655615647006,0.08223167653467321,True
4,0.44952290978986836,0.005967191558586514,0.033318682252758,0.013413271775370049,0.015577300375023933,0.13740550749671482,0.03818656780405342,0.23861012949226798,0.015542820929288225,0.052455618526068844,True
5,0.012807093722478707,0.3237238116318449,0.02884748959343817,0.04905189051653133,0.10803134794650017,0.2017928899265802,0.034621810025865646,0.1680014206485324,0.00020397685437326316,0.07291826913385532,True
6,0.0262773690861395,0.12845457732388732,0.13607240645103907,0.19785571571081353,0.03873644319846479,0.15429283286823872,0.13077162280230722,0.05318753151123301,0.021806257748194488,0.1125452432996824,True
7,0.01606444494713957,0.04582452451970963,0.16909968040884701,0.3211401385403365,0.02705723149684918,0.030612303765919894,0.16527326840416465,0.015421698039919614,0.09979988792242162,0.10970682195469249,True
8,0.08157246845340568,0.05480443475406742,0.015046275477370271,0.3253260016493177,0.02232424900942662,0.006558300442222086,0.13314585242210303,0.1064475666291958,0.07023110789934725,0.18454374326354397,True
9,0.09286192738885245,0.01607929748415126,0.04529748533284644,0.28937970329042934,0.09083676999154179,0.04733324535814394,0.12376957114671541,0.026914098233105883,0.2495665132342152,0.017961388539998444,True
10,0.07192151929689167,0.06210736960844346,0.16311233003544717,0.01603535709407673,0.18139707544221934,0.014625929718830614,0.10893478911637425,0.11477330261662459,0.18240754456285563,0.08468478250823659,True
11,0.031266176845942836,0.10943241549180607,0.10476121682071417,0.453011750462595,0.006692894525868099,0.07601399082697687,0.011869552352615402,0.023574862453915692,0.11808192981796733,0.06529521040159844,True
12,0.1692281696578353,0.02406345242354337,0.04676427148671625,0.11289740643872706,0.15087551568878407,0.19870313923729918,0.04131914690430875,0.018966198023175743,0.10402308747955569,0.1331596126600547,True
13,0.11513520823249698,0.07929288834494802,0.09648404025118547,0.12197210070690874,0.018024449917584465,0.1464571885435912,0.2978754963809049,0.02031439359297284,0.07586355421680387,0.028580679812603482,True
14,0.22628218141838355,0.1586999039369014,0.04678183966569223,0.024120087746144728,0.015710174017296543,0.0017491569210091036,0.09859134605880003,0.3380772496283316,0.002654191163814765,0.08733386944362605,True
15,0.2511953605458844,0.07131259001749325,0.029447869088315797,0.28828749337564175,0.17740736093090223,0.0270181245893449,0.0019352195057103533,0.11728781001636385,0.008680560586988033,0.027427611343355484,True
16,0.06972857131140742,0.014621286590209701,0.1958388150279129,0.04372667996710523,0.27386830062119233,0.12463829269538593,0.005714824565805441,0.042205215978413445,0.052492888696682255,0.17716512454588546,True
17,0.0016272245493916713,0.01619903838989895,0.019381279002358975,0.04628011257290945,0.2870074490703235,0.09909804452544195,0.341262356388148,0.04207474114693761,0.03051847649472848,0.11655127785986139,True
18,0.003170667967913056,0.10733282413279827,0.07479225768407284,0.025726708960102505,0.09034685920620054,0.031149907621346642,0.03704037482417403,0.16419526210959515,0.09312161739829752,0.3731235200954994,True
19,0.047337565084817436,0.004099207415062752,0.37022257352260807,0.028584849092796998,0.13048086812101856,0.07814234106448928,0.06597309054377098,0.07069887170591259,0.13192224934993857,0.0725383840995847,True
20,0.08734342857135967,0.07522057001044065,0.09189248147561195,0.19333086504005192,0.042608370025366646,0.036756940542305355,0.05712380792848005,0.39801060284874895,0.0064268030572787885,0.011286130500356092,True
21,0.028946633532957587,0.03460707175388011,0.015714349509796385,0.1743782028078025,0.0291647743963082,0.012722612885002545,0.3542139260706487,0.03363965840242686,0.12198874782216351,0.19462402281901356,True
22,0.11221194239479962,0.33316770435857107,0.005189889340294176,0.061655213169688125,0.00022119854924502197,0.13555296882799853,0.05060256545272268,0.022243745197274924,0.12619735769914278,0.152957415010263,True
23,0.11118051214651084,0.1841830501504319,0.1222422645101119,0.01483882507491257,0.008943194119926586,0.0578024584537968,0.06069083809099884,0.33049352463913534,0.03871733056003885,0.07090800225413622,True
24,0.017859201251358526,0.04892538591995627,0.3822852905528238,0.11147972172929647,0.1533406647064653,0.01462330770237124,0.022455628173565542,0.019081864682408505,0.029025193537186033,0.2009237417445682,True
25,0.0024181454864204577,0.03810649563605765,0.08437268729944299,0.0771506750669212,0.01680063002958732,0.0066616775313453796,0.032447162538058405,0.0066307285599564066,0.7213636834732325,0.0140481143789776,True
26,0.059018012171287396,0.034064801311307465,0.21081779393129024,0.04701635737460335,0.1536824718458865,0.00934306225918272,0.026899340402521215,0.3120029520027013,0.04609323982620567,0.10106196887501415,True
27,0.050494894716656705,0.118352210445633,0.23523065301266918,0.16060384589009902,0.1594005815359891,0.11375315865792034,0.017771848928547412,0.009519459347715644,0.05454746780604906,0.08032587965872058,True
28,0.006257324915732862,0.01432304176512146,0.12405085345915612,0.05425993445349517,0.07268850508645093,0.05197850107027704,0.20528384038765457,0.005209412607520719,0.18838619358015798,0.2775623926744331,True
29,0.01951681164882971,0.034538509392840915,0.029382898635564467,0.20861087230255654,0.328243663258529,0.0855489952258518,0.1333542651268586,0.09646219522366718,0.056433600334333936,0.007908188850967944,True
30,0.008143536386273013,0.06115299089639025,0.07745831249372687,0.08312955854612417,0.029642766869760872,0.02050715208029539,0.2191372839290271,0.11634483453192651,0.20407370650842085,0.18040985775805507,True
31,0.11431880848673631,0.019400998891020396,0.026967189513370782,0.0404031333247019,0.03909980671082802,0.16727450097011795,0.38959716161190117,0.13858780263709933,0.002185240437630197,0.06216535741659412,True
32,0.12295699758420187,0.17055012217178597,0.1745555102286058,0.10341097858925054,0.01887552505327144,0.01506237613350474,0.020621094822552172,0.14843824046389695,0.004794941879717137,0.22073421307321356,True
33,0.054663485390183425,0.051145147722020896,0.03366601050086928,0.14808674984874426,0.023859368793759272,0.29243922659805616,0.12496891827818706,0.20620063590482654,0.03694290720501722,0.028027549758335955,True
34,0.1257799524547673,0.03986297067591341,0.0130783987850593,0.05384111608837638,0.2870591756045615,0.2692593647220826,0.06177858987449652,0.005449826565074079,0.1222355271827184,0.021655078046950525,True
35,0.05854110037129679,0.3491329990588442,0.01573526431925562,0.06058916334350792,0.028187062546680228,0.04530446409309741,0.04855281240353497,0.3168780853955086,0.0271763449804599,0.049902703487814525,True
36,0.024024598350404634,0.030518571678695317,0.25062690665027804,0.1646606766627432,0.0019135301666720424,0.06210957860997594,0.11825349474757155,0.012787768380483773,0.3181419313844513,0.016962943368724316,True
37,0.38734623440823424,0.05166629757806412,0.1282389016527088,0.049908927417199135,0.03052225980848715,0.009030370962937514,0.20216219312498152,0.052142492835686144,0.07094613224851332,0.018036189963187968,True
38,0.31245941363911345,0.008587069306946365,0.17333235654728696,0.04425153425321073,0.03258513199090991,0.09514642811658709,0.19904629833733653,0.012935395715621101,0.05583630543773419,0.06582006665525375,True
39,0.19634100052650286,0.1293811931267154,0.038620914880150195,0.17855008781798867,0.02811068660581043,0.1457954287035603,0.03389212330963368,0.09882509167456116,0.07368642187166224,0.07679705148341501,True
40,0.07322940982805011,0.07075455221364424,0.029264527964859757,0.0009468484623876227,0.06784990701228469,0.26073166985271745,0.07962409827278136,0.056239378637808674,0.3361547690826921,0.025204838672774017,True
41,0.08903830704678756,0.0835990021948944,0.004971758507594709,0.09673609105021405,0.0037328168965773028,0.13260426790565172,0.3210289159805429,0.10926683784704701,0.12504109452496667,0.033980908045723804,True
42,0.22964985618255673,0.06364186274263253,0.033428295569423214,0.01018982028502056,0.041098180097170305,0.08386185142758026,0.07159387939217669,0.45033440231315486,0.00232436095066911,0.013877491039615953,True
43,0.005077928569765209,0.07268510425239093,0.24041373361702464,0.10042751197606889,0.021065322934152822,0.05327436101201956,0.10182027841121588,0.1473411931092216,0.14657575097034672,0.11131881514779389,True
44,0.06861654248595335,0.05429825659919433,0.06923600422610987,0.032635306979603436,0.26663247533769363,0.052621204672652654,0.08177057792401289,0.28648633117058975,0.04652470112681711,0.041178599477373116,True
45,0.03014385587004511,0.00035774651319440607,0.06971319303697092,0.4930813922729581,0.07323149932686446,0.10460603294280961,0.06927761153934632,0.010096578670912727,0.13850378999777024,0.010988299829128306,True
46,0.015039168728439993,0.04127622334342123,0.00293919495556002,0.044613452646538064,0.02066240558572021,0.04625753053246223,0.03930106167489368,0.5124104813564175,0.21435935753484997,0.06314112364169701,True
47,0.015753317804760237,0.1193870871673371,0.0837876775594167,0.00986224607075518,0.010305943411387014,0.015301507417724255,0.10180507201039864,0.0025316485328437713,0.08746761063156783,0.5537978893938093,True
48,0.14619165685024801,0.1141973013333734,0.1609120614901338,0.09150939257823756,0.08220866275397451,0.1048653271989966,0.06431954949767968,0.14107740113859324,0.08303831777051397,0.011680329388249136,True
49,0.07519872417270886,0.1255810488577341,0.15740725397844302,0.24108698654577115,0.030783029163714653,0.11276682259984486,0.07335836891913923,0.07350423280536499,0.09598437624883796,0.014329156708441308,True
50,0.033800770680916414,0.03940047897207884,0.07511673120136197,0.0967105891145345,0.041474490843817165,0.17865312362439292,0.26664534768404974,0.008136521085939253,0.08343475450434164,0.17662719228856766,True
51,0.18174394852291711,0.16621835933852072,0.08526696793885959,0.1576121267665394,0.29738818387639615,0.010463973833182478,0.01838015070120644,0.04109782562722361,0.021524202009231105,0.020304261385923447,True
52,0.1524200383868494,0.02376990442964098,0.18732280112590596,0.020367159193960403,0.13592543903614956,0.04659143012456738,0.028197386658695502,0.15642879567468984,0.16807978343180666,0.08089726193773439,True
53,0.18367919096805074,0.10305004438895861,0.03517111849540487,0.002564979794812086,0.11915774386367603,0.07128144469854361,0.10822858262935443,0.2349066705098151,0.10092234247601177,0.04103788217537266,True
54,0.03541351891503042,0.03731634810385471,0.04017804989837762,0.043645495632559816,0.2725474210193782,0.1682755212857109,0.1944457357411618,0.1515621539300687,0.0033923311540543554,0.053223424319803356,True
55,0.11946091056509653,0.005078003411019454,0.1059364136043057,0.258565616923582,0.1273100035631923,0.016670954462219844,0.1628172463521878,0.14213133227578525,0.013563500315567785,0.048466018527043235,True
56,0.03289882208249574,0.07138242287400332,0.2092689364839955,0.10599242952555717,0.053902649041828316,0.14564153656108117,0.11574573993475304,0.004788063115943261,0.12955309551537747,0.13082630486496488,True
57,0.22773755392995584,0.035234519698892276,0.2966063556327912,0.11621413495806136,0.03928521101547427,0.013717792199038572,0.016717848051807753,0.10176407593138513,0.06375190590189216,0.08897060268070137,True
58,0.06955965333098382,0.23048015622553944,0.2657872348930657,0.05750406840571988,0.04310250494761504,0.06555679423982398,0.017548563221929277,0.0882397378301176,0.16044057635616474,0.0017807105490404778,True
59,0.03504232291028405,0.19885320366306095,0.08363083559424594,0.015248612633161268,0.22382355620889388,0.007239546531611435,0.11473016551648242,0.04762602455542476,0.23689223601813025,0.03691349636870503,True
60,0.028120732740556424,0.026296674795099586,0.026629656221739444,0.035912199421460234,0.006306705563300501,0.17938716147021122,0.06633426424943847,0.21315134994986087,0.2535409673903514,0.16432028819798178,True
61,0.054331000077034695,0.10040837332434609,0.03078618677485024,0.03623693027149413,0.30141684069306507,0.049411603143933065,0.3336954427551476,0.05888707855893688,0.02701618393244735,0.007810360468744722,True
62,0.09067579729335415,0.025572750825242855,0.022132307043587436,0.11916801759270583,0.01118308512469106,0.1568541219369213,0.2220861888887913,0.2281411257791787,0.08964109407401659,0.03454551144151087,True
63,0.08862928461002215,0.055929915932026786,0.12576739086863872,0.14588801239752272,0.07043599013698625,0.2273922626234552,0.0011253543309192192,0.12991454383212298,0.003918886001101446,0.15099835926720462,True
64,0.05467498174444996,0.055646530535705424,0.09483409076172936,0.17117190760154344,0.4286587781562515,0.09301482586981177,0.0017910093012937505,0.03629655198536753,0.02790114311724357,0.03601018092660379,True
65,0.0791210049686088,0.04092666397553148,0.04309372128481867,0.019474561357013212,0.002021800892852252,0.07908526038736917,0.38407550748066294,0.048447539143531684,0.11539660476819888,0.1883573357414131,True
66,0.057635614300762694,0.02130756844275752,0.2639536261510925,0.13415760930823004,0.14425097713757065,0.032682739027875184,0.12967592368050665,0.14296276515577794,0.0020523831266184506,0.0713207936688082,True
67,0.004570459744767247,0.18981291356452953,0.09401693521634184,0.0342278427702645,0.0883395851549104,0.019795985154863714,0.08622911168651992,0.2875410264813646,0.15426551318952944,0.041200627036908674,True
68,0.02163695928786976,0.1049419349075588,0.02110097244438891,0.1231433504838262,0.06617171277637776,0.0026051273383319975,0.32070387011645196,0.048830992213296585,0.06222430124054047,0.22864077919135753,True
69,0.1298352061425174,0.1420241697530693,0.001204888787101776,0.007706558020678681,0.007188971087584723,0.014718108011438283,0.011341546707663285,0.10048362105376908,0.1732071120017862,0.4122898184343914,True
70,0.12109968183225334,0.05134247500754549,0.04155489035776284,0.13645334375907409,0.184096124882938,0.0015584381468595715,0.05913608674114124,0.10091256070984546,0.11449944166024975,0.1893469569023304,True
71,0.05278767467532229,0.05817527082078859,0.14451406812752463,0.009298149734219318,0.1709621467086755,0.056946241036398525,0.006600405911279952,0.27863659916934325,0.21695563246273133,0.005123811353716602,True
72,0.07336754631882174,0.4732096846691231,0.052138005864813014,0.011969462253863408,0.12568697787767513,0.07396888488631002,0.022805196345132762,0.14149912267578615,0.004065347856749346,0.021289771251725285,True
73,0.056613189440536185,0.022810677215225287,0.19784371447826765,0.34355119324395805,0.1388298533983926,0.004774626000102699,0.04098140227010497,0.06377953438231962,0.028889368649167045,0.10192644092192588,True
74,0.08352610845681374,0.052660661680341676,0.2531844068752405,0.0321875834897152,0.02996890861344623,0.045875655503235635,0.07568925858104245,0.06676897080762738,0.025426438205419812,0.3347120077871172,True
75,0.04970686074129753,0.06676204076152972,0.10755493548818859,0.2142573391754176,0.04257835837429111,0.17861419835431666,0.06425611661937812,0.11053840051920051,0.07844053460694005,0.08729121535944015,True
76,0.015382238391644244,0.18552990383019216,0.03983951105188461,0.04212045345434704,0.0827529428040175,0.039566421092009744,0.11595828758429663,0.2983960881373432,0.11854477871907057,0.06190937493519429,True
77,0.1857476510371692,0.10733940916573072,0.15907263457063955,0.000566670559145205,0.08336223938497492,0.03212521870162454,0.1629045938075567,0.08391525776393816,0.0042773543591785364,0.18068897065004247,True
78,0.16828601385515118,0.005726017498397076,0.06250229249048207,0.2025404071860675,0.0074032910824007835,0.25757630268369097,0.014491009636694722,0.09276295978985252,0.076105778219838,0.11260592755742514,True
79,0.01364361818120407,0.13288310075755522,0.3540334126834934,0.01673587432126034,0.08781320782351319,0.09993129112750511,0.04985648209757101,0.06969774482506302,0.12349664842461085,0.051908619758223785,True
80,0.21182814360554097,0.05031292189727731,0.13928481151273112,0.0008188275686094309,0.07387471068026394,0.03761730431900303,0.2571256542155168,0.14553272246579887,0.004139615656139309,0.07946528807911928,True
81,0.12502358631007804,0.02647863167515113,0.1843791522277677,0.158929830920843,0.07910325052908636,0.020137453485348136,0.001410852329745493,0.05610037172961485,0.11761482319448995,0.23082204759787522,True
82,0.06379427378753376,0.20366686290566954,0.055042526882434814,0.013055854165984888,0.0402310562492729,0.01077823101806062,0.23956728361333532,0.006078723951511363,0.316277823354161,0.051507364072035704,True
83,0.18957468401891084,0.09904532893232076,0.07505650976328614,0.09593079852267543,0.061300237749626396,0.10376038113237795,0.14623112865619875,0.009304594336239027,0.166491097519027,0.05330523936933773,True
84,0.08341686087807741,0.05759009702998698,0.1991367322418416,0.14141751764043348,0.07974316497506562,0.18858612617168113,0.09101470679001905,0.012588025505239448,0.13533389491449385,0.011172873853161465,True
85,0.02841901592903344,0.08224613648298322,0.19904741490273806,0.11549744817238092,0.14726173100889312,0.16905955763691932,0.04721865551867199,0.11697582489513371,0.038944659022112714,0.0553295564311336,True
86,0.012269692030469674,0.057966761331514655,0.011249804662204866,0.18433921163219263,0.04796520069753659,0.2527703304331089,0.10919296320252769,0.12797775827344374,0.03831601034260774,0.15795226739439355,True
87,0.07438319712122543,0.012697557963142616,0.14703141357308971,0.11508642490117854,0.07095493944992919,0.19607133480077474,0.006312672307022417,0.10972603011411537,0.060012615195219825,0.20772381457430222,True
88,0.018337694204779053,0.08968921929354075,0.015308316314895204,0.5231205758346441,0.06779838518193902,0.14722146879335304,0.02969779319795872,0.007954107262465272,0.04269289202061912,0.05817954789580561,True
89,0.13719913020941044,0.02050423728943436,0.33730914847048876,0.048110695773065246,0.006690824638419739,0.05725578719870423,0.04908752468704135,0.20263079662420766,0.048414544417545245,0.09279731069168291,True
90,0.00741921118271065,0.20320549663388246,0.0078112473124603956,0.30457844127462386,0.06270780906691796,0.11901504599132934,0.13382517476231015,0.08127245255728968,0.021173412390428224,0.05899170882804733,True
91,0.057891056552480086,0.07789983880739278,0.0658317193385132,0.07753178290998732,0.18911716434824377,0.14329941885508288,0.08675537145607104,0.07905987151967331,0.021207198125298053,0.20140657808725743,True
92,0.023538116599712205,0.06710419758207808,0.11883236806566118,0.16842744774847387,0.0690778260381567,0.17054705458009736,0.010083339852365855,0.14981433405464128,0.14250798322185057,0.08006733225696307,True
93,0.13187985872122449,0.04930690656032203,0.034751739605755894,0.017190283647134624,0.10909228561224399,0.39275433870725895,0.03177063386423269,0.1828874454953429,0.0015360798417544878,0.048830427944730186,True
94,0.4133761186454171,0.12382933910858496,0.03839268486080234,0.06644287024028056,0.044072815958328904,0.07819393255351774,0.1746221524651968,0.026693176317590866,0.021966449262275548,0.012410460588005332,True
95,0.03267248736709802,0.03948008090150586,0.0664483182305204,0.05841192557941132,0.11114949067257034,0.17359951876579635,0.2231602156145182,0.05162451961597856,0.20170317430925525,0.041750268943345714,True
96,0.039844128750399846,0.35930015098229234,0.0014993933179140416,0.1378687430780693,0.10059920400403809,0.027330094367270092,0.24776998415056523,0.02193727927825946,0.06364873270028978,0.00020228937090195815,True
97,0.1911767609077978,0.34249025133142363,0.013692526397011717,0.08546705056680964,0.15143323898761912,0.017984845091244796,0.004060793382740295,0.04731054885491006,0.13537719313539007,0.011006791345052856,True
98,0.3243254495176308,0.030324224681518734,0.02731390155428906,0.19498429956634222,0.012475334382974731,0.1666027217057692,0.03838549241538064,0.08939482174945054,0.04405086669857293,0.07214288772807109,True
99,0.16207015747937414,0.05302796760207782,0.20140829515482642,0.017046308540976392,0.11330716409623456,0.145143336021754,0.03360647370666981,0.007336641949902545,0.1575475944974672,0.10950606095071731,True
100,0.059684257589333586,0.05529779630472069,0.10675452257589607,0.028365433548301944,0.2435915115865261,0.02689018721177587,0.10471078730247729,0.12827389719758245,0.21854887077702592,0.02788273590636009,True
101,0.013573828015476333,0.1855990636774701,0.1016797720214439,0.017021013376506036,0.11859021891193157,0.22356868677476024,0.05047152513978497,0.0059366812970378284,0.15972253199429254,0.12383667879129662,True
102,0.08913038553102849,0.004850841788499523,0.05724476373584945,0.2337277474212715,0.07613487165623281,0.058173409105124085,0.040982838740668916,0.28848588666956343,0.08379816247808061,0.06747109287368126,True
103,0.025513146048240037,0.20084922175614794,0.09486913754020694,0.09655732325414995,0.0485388559635277,0.10312395192616414,0.16084187158996371,0.05222751001398269,0.14649603994139898,0.07098294196621785,True
104,0.004247926712725525,0.3265139621403312,0.1738373001510369,0.02504388295908344,0.1345907209876454,0.012218767346572937,0.008780885865678035,0.15949583049488494,0.08172824131227156,0.07354248202977003,True
105,0.10242496454638317,0.0626666011958719,0.09265578307204883,0.3393331145502865,0.0020010101400599455,0.03820692232677578,0.1008080271575383,0.08407305185872471,0.16588838720024024,0.011942137952070678,True
106,0.03512446529536899,0.006842963095854558,0.06839812484201312,0.10110506332739182,0.2148606974508589,0.07028989305279291,0.03667651172501835,0.35472126179597574,0.09464293432800755,0.017338085086717952,True
107,0.01713054025115436,0.13333857841297653,0.04728703107973298,0.14452499594939194,0.03793532429896959,0.060189079202593455,0.08193185823227978,0.19974801112042473,0.2112905291034591,0.06662405234901746,True
108,0.08509975880033492,0.12761243778729886,0.09763068363877256,0.07991871869211918,0.09771214602125196,0.03551126435465694,0.1536031195225029,0.044128221200636905,0.16128946863120314,0.11749418135122258,True
109,0.38983486037639886,0.028604194093312996,0.25578806274105315,0.006188832243046563,0.06620569433377317,0.03809818658185342,0.003383769320579582,0.12838669974657557,0.05024178746654751,0.033267913096858996,True
110,0.06800679873836446,0.033934125041620675,0.021776797527201866,0.2421225598362645,0.06903584502096242,0.058365636560744255,0.06113412359745208,0.051513263379648365,0.30317564301274896,0.09093520728499244,True
111,0.056307398033594976,0.007916955408103202,0.12348208243113036,0.10692556675038967,0.2980060020727823,0.013268376214657093,0.03265405305987887,0.016862187649411182,0.19506629374096124,0.14951108463909105,True
112,0.0721609487748159,0.023240562465558858,0.0007840676742605513,0.004128327593171461,0.1360036772557366,0.15590673578601424,0.3855153745299278,0.03470235689513461,0.12478079085725689,0.06277715816812292,True
113,0.14579855378413498,0.13688277386416553,0.014562692617945754,0.031237910008329484,0.050207020343913965,0.2492917764718165,0.14649617695402517,0.05832645611968607,0.07592415926355592,0.09127248057242651,True
114,0.004533222933956274,0.19818333196665006,0.027765979561544574,0.0005823880362826921,0.10755123792885403,0.28820968830813737,0.13251821675629138,0.06270828631735019,0.0010420460773017974,0.17690560211363177,True
115,0.262156798196849,0.07126259355503535,0.03599594984882948,0.22088129971935863,0.05487514521654265,0.023951878027518525,0.14575662215899274,0.007930467138651571,0.11435269850754537,0.0628365476306768,True
116,0.04627085875886013,0.14526461397458812,0.0058856831450278925,0.16659880322830653,0.04463421328727813,0.15396074200418883,0.04283008763710358,0.12628769655656533,0.057288057275151974,0.2109792441329295,True
117,0.13220392932179115,0.115512432968651,0.10918900413547039,0.023932147626496553,0.09473001523904821,0.016578119504195875,0.061602810507020093,0.060348817692907814,0.09905081196388568,0.2868519110405332,True
118,0.009119975425795726,0.2438420068242304,0.05330569984864001,0.08602317428688923,0.01627463882159142,0.13349413462892068,0.06641859005040315,0.032172779024676676,0.17146482333233323,0.18788417775651936,True
119,0.3117638071204833,0.017455686622372013,0.05822189687972811,0.21722183282092883,0.18369555948118996,0.008837017015045578,0.15994502070285813,0.031822691798008514,0.0040099803601836796,0.007026507199201899,True
120,0.04411786065699412,0.19166020137726758,0.14856441291364303,0.030477371733568893,0.052365048172103724,0.10099480469804713,0.13952473105186983,0.22512809921031396,0.02575702843289542,0.04141044175329643,True
121,0.2897596784283096,0.045905265182157214,0.024395832116755407,0.04834409851304427,0.0883766976007465,0.022748672212648584,0.013816357306790828,0.3799748937928584,0.024802093127635212,0.06187641171905415,True
122,0.06533580663491842,0.28349238902578294,0.020300999526005357,0.016295925688069965,0.061611326405586475,0.22997411657218542,0.12153486876894748,0.14459380945930492,0.0007049091357755772,0.05615584878342331,True
123,0.21041809101112774,0.13894111112140964,0.1493787521277826,0.1447671251572083,0.003041358723061517,0.044164866529060785,0.13153608347094062,0.029063845480943356,0.016783341298084616,0.13190542508038075,True
124,0.14920376741326746,0.1256184419906072,0.18017523815853487,0.09256647247855893,0.3027980929290534,0.0001420966818610554,0.11208667003620326,0.017259378699707787,0.015398301522473278,0.004751540089732606,True
125,0.013641147544930989,0.02869741809160694,0.19622427095457956,0.04159390226940865,0.22874523856583023,0.09316742086389246,0.007938984146365508,0.22860316998551763,0.08341312788843175,0.0779753196894363,True
126,0.17746796804038195,0.024695084935546945,0.04427112310750307,0.0621084434769798,0.01987842094096081,0.22510733793227075,0.045998129598511864,0.13450068299974954,0.22629176810075427,0.03968104086734092,True
127,0.33574119546773395,0.030035875883750243,0.26864422380392694,0.01305277664061701,0.17794978123845762,0.02131436661618319,0.013185210132306965,0.03519607934038969,0.0704102841212405,0.034470206755393876,True
128,0.07265146666378049,0.05441420632044032,0.06292211871010851,0.15539185210569878,0.01550153049818934,0.04033971786422694,0.1954821896800126,0.12015553596317836,0.2088388302740017,0.07430255192036296,True
129,0.0877082478394715,0.14267515645708206,0.11167774324461903,0.09000601616257502,0.11945838261767926,0.08591872046959706,0.17941522373412272,0.10995296090763813,0.06904429379935344,0.004143254767861873,True
130,0.14931490901747133,0.040195330725747595,0.0908637286435082,0.14732602934226147,0.07145445268324305,0.0016547919376310796,0.02926256655366096,0.2509468018516214,0.05218226198287676,0.16679912726197824,True
131,0.0268166502273527,0.11786149583574158,0.16575439585801954,0.01517801880132831,0.05054613688981138,0.027781215645337018,0.0678938528003383,0.16761049951357,0.03742847374362212,0.3231292606848791,True
132,0.060897620076088635,0.20439723051027175,0.12101144178869964,0.09780752850910746,0.12059066125342212,0.05107412906685365,0.044555847630626394,0.22852893768755594,0.05250877366360103,0.01862782981377329,True
133,0.06844257371460796,0.1283152773508646,0.20754165126768115,0.11459203249694842,0.0763934072041868,0.14779887721029475,0.024031919977213885,0.14256022960021417,0.022824185037348715,0.06749984614063947,True
134,0.04988341785357517,0.19591690252120705,0.014602331177378188,0.030762782171159103,0.06937762194879891,0.3664408981590715,0.08308346626013506,0.020284239184280906,0.12211615186526502,0.04753218885912915,True
135,0.06249162452119081,0.04635395761720854,0.1350334625666103,0.014965678593036965,0.042448418389603726,0.09505976376951919,0.10477676609095782,0.3116757394601102,0.053543075494172816,0.13365151349758964,True
136,0.00026715193047411294,0.0070376407690237435,0.2094872812584382,0.1492914493415274,0.13126289327892532,0.3380824405464665,0.0739737590520152,0.06328916316498888,0.02649416223965983,0.0008140584184807686,True
137,0.004905733944803588,0.36233039744957624,0.08862322343929822,0.11579350107692934,0.04548906075677746,0.2724482967228846,0.0021723855835242556,0.09118975950641486,0.013755073419569818,0.0032925681002216453,True
138,0.010750170926906104,0.002799014703507473,0.07394142528434387,0.35355351992542144,0.018547390006934523,0.3739129972331293,0.062171287821388414,0.002613571898999632,0.06483352957143453,0.03687709262793455,True
139,0.07004680422258473,0.10856280794908711,0.1522453390519309,0.09343904740238403,0.0002196013161207878,0.11063088540867085,0.1066331066432574,0.2806029901534697,0.012622163820843852,0.06499725403165049,True
140,0.012121760595064136,0.01391844716056302,0.3285092719229832,0.18198650196291513,0.0345204002875113,0.029945212628330387,0.06909877705247892,0.07882608644404053,0.24307920891504584,0.007994333031067547,True
141,0.2650599452470012,0.008025010480291042,0.2130504256960526,0.1122967146873833,0.018516447944303162,0.016377684982954156,0.028736234740905576,0.20331891666588398,0.058627468763371125,0.07599115079185387,True
142,0.14717527077012083,0.039164308666571085,0.055863714858861074,0.07472622350177104,0.004206092123769537,0.06864016368868703,0.06249236381621488,0.32648686264321924,0.0802189897233948,0.1410260102073905,True
143,0.11695178458801973,0.014639895387763004,0.02510472313774975,0.011312441401286535,0.11031215505813459,0.18219414870700876,0.2202474385044134,0.1786335094195001,0.07739624203801634,0.06320766175810781,True
144,0.0733044035534392,0.009047530600443998,0.16218632244026024,0.2536988736818051,0.08077746233827313,0.07479781750943183,0.057792043404660876,0.14085588484653588,0.05569210682994504,0.09184755479520468,True
145,0.11998455389818953,0.04591992771757321,0.1566298677597973,0.010473177822648725,0.24126988103237282,0.08097059454028405,0.16269137725950322,0.036136074543500186,0.05674964119117989,0.08917490423495116,True
146,0.1699293837858741,0.033175643704212526,0.1264231441594675,0.003484522213928721,0.15830397726857842,0.01590828069515811,0.17144453777173793,0.003075609126349732,0.02206591654152119,0.2961889847331718,True
147,0.11686180728572687,0.06581455142169751,0.18006543175983689,0.1041866701568477,0.18987813555045116,0.023404408755849683,0.0030503028966006084,0.03784118103550372,0.09854515900647066,0.18035235213101525,True
148,0.034065738114657726,0.10214647364546611,0.029043593202428285,0.11191566177551418,0.048497056230822636,0.05461293166287061,0.21047713601443074,0.04848314020417681,0.35625235083454615,0.0045059183150868865,True
149,0.028264756014130598,0.01718640391648933,0.09124659315663995,0.031235826400938544,0.15162602486088747,0.15930325687462293,0.14245345317361896,0.009828661133081888,0.3668450895771758,0.0020099348924144094,True
150,0.12294332583862236,0.04419444175714427,0.15673585963967654,0.02000516854533798,0.17131627144629555,0.05870383633857889,0.01878703304719281,0.018347699528020678,0.04488369430045935,0.3440826695586716,True
151,0.039312834018702676,0.013292231906578106,0.010520083415711694,0.0575162499491592,0.22724974339754628,0.02536985430744495,0.3937420444774456,0.03694911795372791,0.18612469442991184,0.009923146143771794,True
152,0.4366158084176445,0.04011852852654015,0.0001829343351219923,0.09996660310585165,0.009104795976976582,0.10614806497892106,0.03118322377622058,0.10997147849146428,0.06821126116415897,0.09849730122710014,True
153,0.04120996790503911,0.10218518719968356,0.018585826160570997,0.20659574476419054,0.10604818099871041,0.10174225812055425,0.057133070941734865,0.15112294453455186,0.04754583188177333,0.16783098749319103,True
154,0.05894598164573809,0.10407677048126535,0.020120317343293656,0.1405696933121759,0.10427137003040199,0.038133755199346406,0.017279896212638077,0.1974994899572805,0.25724815982289356,0.06185456599496641,True
155,0.24058444413434574,0.07195418660142826,0.24184295786443882,0.08267471014965208,0.13249759766902955,0.07997736955474748,0.0315389123317485,0.015411257866158842,0.049866438104540264,0.05365212572391053,True
156,0.013462225085365282,0.015245381846411143,0.022445719263482298,0.07745314334488153,0.19238558565122113,0.2152819771993739,0.20695711423138358,0.009342922714587339,0.1772903012844415,0.07013562937885236,True
157,0.24862515826820974,0.031642611207816154,0.022253835096402903,0.1044613454215079,0.07223522599440228,0.264691718605985,0.12808847107072682,0.009944433298325823,0.0035572964291194645,0.11449990460750399,True
158,0.20105662882700032,0.16734931011130075,0.0552643405449118,0.012704013647633558,0.10216842578914934,0.22686471694801405,0.043077175225517704,0.0280073238105075,0.041452153712763326,0.1220559113832016,True
159,0.12410160686724446,0.1671055751986421,0.03554626864646049,0.11666374669338078,0.23805516277779543,0.07655787601525978,0.0009586103322480981,0.10341452338139413,0.13582611897690666,0.001770511110668117,True
160,0.15196395868642068,0.0900825124802547,0.21255054205883062,0.07180750004235713,0.04958529822237665,0.18403812500555997,0.016690165013938944,0.045858396057198735,0.011516059661880547,0.16590744277118202,True
161,0.16743311395236765,0.1792735754101062,0.031583137715949186,0.16487447871195235,0.015288575705013756,0.21398544135296804,0.09391615643164508,0.008580656187666548,0.013043502261827787,0.11202136227050333,True
162,0.02015157876248993,0.09195863300149969,0.04992240689272687,0.03509885149568195,0.24276949879815946,0.10947637756924024,0.0407938902346883,0.20466149618885487,0.07438185082319944,0.13078541623345927,True
163,0.06797835327684824,0.08113136287781411,0.03613895774976724,0.007290277040321623,0.040081701550403685,0.5623656189331848,0.0039776786915594955,0.015912102185889326,0.07129177813265837,0.11383216956155315,True
164,0.05470763809105263,0.0031375007980085053,0.18601827012823602,0.03715900076124269,0.19405044268863117,0.021509990132031157,0.19883477389561663,0.19427635535288687,0.09092375809812649,0.019382270054167875,True
165,0.01506358049057559,0.2388706264468116,0.12922743858448166,0.03571754985067172,0.00844147807063909,0.01663114893761609,0.22423511653152828,0.02087671660318705,0.2891309771954593,0.02180536728902969,True
166,0.10382834549295462,0.05596201422446954,0.07463122659015752,0.046492793531980686,0.17014651792737884,0.19438191818387227,0.03397886049032327,0.12516411881766432,0.004828145278111315,0.19058605946308754,True
167,0.008067888827111208,0.17815592449722029,0.007300055567516443,0.08614323938136063,0.04986238447207486,0.25545279653453196,0.07722060476386579,0.2187171726124622,0.0034009468195226726,0.11567898652433399,True
168,0.13333794396305593,0.09747924319577224,0.07759949514652936,0.09674522191877391,0.15711275962692076,0.22969664870620735,0.01301760368291696,0.06534006300310011,0.013450815743528468,0.11622020501319498,True
169,0.07420573017271537,0.03647328204693162,0.12357093556526644,0.0593837923496149,0.33028846874392487,0.012731028162361994,0.04830260690427354,0.021729040030495198,0.23001012733936574,0.06330498868505025,True
170,0.1341390208651392,0.10176695012680377,0.10756103535258468,0.020948730366133293,0.08289285081510461,0.3003967937701709,0.007025181362096834,0.12582528102098953,0.00047863382327787573,0.11896552249769933,True
171,0.16235405843146972,0.048924704673497535,0.08780301009043817,0.025543076615747128,0.1949523491599157,0.03198469849989498,0.14932620811590927,0.05298559017194794,0.18583422782759804,0.06029207641358135,True
172,0.19620202354155242,0.005192556438815705,0.09524029399992022,0.002894390818169689,0.14692934555686,0.028820104231555253,0.1116689341116199,0.10965599875443292,0.20591407684919388,0.09748227569787991,True
173,0.18366837956467497,0.02785017497981022,0.05204805413035654,0.2541435316340053,0.0736366280309265,0.024819518056188525,0.023906222463120755,0.14177686307560153,0.03212944933989054,0.1860211787254251,True
174,0.04127616703493596,0.13881212663933082,0.0722406021175037,0.0012227860911041505,0.07210320691017233,0.21628511545005433,0.26708256100752453,0.13305420381618369,0.05261985342560608,0.00530337750758427,True
175,0.00512873129560692,0.024393563890039906,0.05103234917906594,0.08800792431611937,0.049627583088274994,0.3990810693183017,0.006548764578786775,0.02975074288737969,0.2929682217065937,0.053461049739830915,True
176,0.14409874882113982,0.021608994640535395,0.39642872364378,0.037598021933051826,0.08615652632450706,0.014880810423269665,0.040420454278561294,0.06981216474217393,0.014982305562968553,0.17401324963001263,True
177,0.003422213752215171,0.0005766002962843226,0.060389756066768795,0.1100331814869235,0.4117668019861593,0.042696205601155834,0.02837860189680987,0.01794735496377982,0.22249809477512553,0.10229118917477784,True
178,0.03528505260582614,0.06442681283583408,0.06537889951532716,0.03352108640129406,0.03817470033081411,0.04786779677565149,0.0375051981167154,0.08283378377509328,0.48272620690065676,0.11228046274278747,True
179,0.013233578215560298,0.19341665379574527,0.12205680536464845,0.0903606392379821,0.20377172967910545,0.14953995427140415,0.06635507359537375,0.0829665110474248,0.07511840063722229,0.003180654155533465,True
180,0.08141422173782317,0.18063431598059346,0.025618657479555648,0.2619401459240729,0.004915625320678772,0.02039613100691569,0.09687560685757396,0.09535946336240139,0.04150558662797093,0.19134024570241412,True
181,0.28781297223026364,0.052079054901366634,0.02233226932997318,0.0722866740331711,0.03173379194907053,0.024762182226359543,0.10891168628238028,0.050237434416483706,0.2121791490720896,0.13766478555884176,True
182,0.019796175522142724,0.0005706772446279473,0.1506336036688404,0.044079923515228804,0.13314505357991147,0.5730638603509276,0.012954595239574108,0.03336816021553813,0.030098845360206995,0.0022891053030016767,True
183,0.00020215800193745307,0.01837530019782413,0.2547618405918403,0.09250184043192915,0.17033300207404692,0.30357334502912525,0.012497647782473706,0.007000557037217968,0.09854097699643917,0.04221333185716589,True
184,0.14907624853663717,0.19230674181408564,0.13587379202795283,0.15471956525398897,0.006651062272968206,0.015893874306507957,0.04327804428980529,0.09499583824296867,0.04856855924283336,0.15863627401225194,True
185,0.11137748867462058,0.0560139194994347,0.04081946093946494,0.24385016241146004,0.0413797464468038,0.15291313567214398,0.09543724951769723,0.05052899511628302,0.13133881517198737,0.07634102655010438,True
186,0.04691160778965133,0.046069412436119485,0.07546032271898295,0.009900730846857247,0.2942880895003444,0.09345992903715528,0.03412663273487146,0.1511678591709892,0.14133297196863984,0.10728244379638892,True
187,0.03267177161891215,0.33624493799706245,0.013660681456660582,0.0843220763820715,0.024164246460424376,0.23586888555735286,0.01035984320356512,0.22194411253370508,0.0007597128166345736,0.040003731973611505,True
188,0.1700220065943123,0.09646970057945725,0.2186366059807114,0.022064256694837477,0.0049914019691168435,0.2080703382801664,0.019924220879478163,0.08596720192064455,0.03887657140012446,0.13497769570115115,True
189,0.013598828218756909,0.029773678531131022,0.149591659008641,0.04325033613596199,0.12359700435892342,0.3185500996349352,0.03479846126026365,0.09476548554196652,0.06508103452275454,0.12699341278666576,True
190,0.532993137673861,0.0072599415217876545,0.06727472100413309,0.15441333969452675,0.044426504110539056,0.0690205203684207,0.09550377043761088,0.01073622442203965,0.003243343165695735,0.015128497601385354,True
191,0.05764610986733583,0.04303736278776098,0.007234497073098354,0.004823645249756002,0.1534796975821333,0.003936480182645254,0.3709153706792625,0.04966776512339676,0.07326141514748141,0.23599765630712954,True
192,0.13122313806484562,0.10066597201098694,0.10880561200407673,0.018962707120167975,0.0031071665084171658,0.3034735748503471,0.025494240270348124,0.1807885437901946,0.09828990695873335,0.029189138421882487,True
193,0.21956672335219043,0.016557589752958707,0.04495565909180739,0.17062202071084326,0.38396778744328236,0.06740397176322117,0.043758296754146116,0.004263237792602212,0.047708404339439126,0.0011963089995090945,True
194,0.025178704577560676,0.14380323759601749,0.10674394615951036,0.2527137954352845,0.01964687548991131,0.1512386624104347,0.1255925207219799,0.05950860852965253,0.018188503064931166,0.09738514601471741,True
195,0.00507349785170216,0.2046389946249412,0.06057868077716541,0.0743008177436905,0.09923130569722567,0.09796472955521777,0.1946978982501579,0.034548632637441644,0.1945847157402543,0.03438072712220335,True
196,0.1564066849894987,0.13859772120298042,0.10983571516011947,0.04931769298497895,0.021527868466874545,0.07852021032670765,0.29953280890473166,0.10020370929522608,0.01620342095833061,0.02985416771055199,True
197,0.03396695455999098,0.10881490000313074,0.02552782773865989,0.05034050033958435,0.4029740833950057,0.03181548781047956,0.005974997680261621,0.2596789398899563,0.04980861496286751,0.031097693620063364,True
198,0.20939326754809226,0.06761065832541255,0.15912779548679074,0.001226951557004266,0.0406363650875638,0.2977400934036185,0.1346455825120574,0.026223265606244474,0.009010553558173845,0.054385466915042244,True
199,0.16012356999109437,0.03171717787265987,0.004787885144200764,0.3505252602556295,0.023167080892013026,0.2499145828313812,0.13489630435691952,0.0070798258062639945,0.0020806698444231445,0.035707643005414465,True
200,0.14422900279867032,0.03479847712261132,0.20314999398861172,0.0009486302292549157,0.023612749210370487,0.029165249795460493,0.09639213358601795,0.018881318461224643,0.138766344728447,0.3100561000793312,True
201,0.12748325335086844,0.06282870026161261,0.05971675859836678,0.07051183335838991,0.08492442861092536,0.02823730620445526,0.020140784073651493,0.19583576625397123,0.25978647004222183,0.09053469924553703,True
202,0.012384479901838122,0.12326233489985498,0.054967965145993364,0.00775185598023385,0.09660842738317178,0.09446717092258992,0.07455749212002193,0.2509828489572325,0.25833864056737893,0.02667878412168472,True
203,0.10344006573638231,0.06635776846837045,0.12642433366930017,0.06984032141214319,0.10335703934531247,0.005565200119361091,0.2472838889971208,0.0869307786521571,0.05404460606895354,0.1367559975308988,True
204,0.2469007110237329,0.008260756699850252,0.13101494636615335,0.024662960687034902,0.01200906213396551,0.005377887611674387,0.12728783833719756,0.19290048925892445,0.04774854240435392,0.20383680547711286,True
205,0.03818644045645043,0.01498616983035026,0.0026094972716272824,0.22158967113762149,0.01031888713930067,0.29196565531659535,0.12422186179192395,0.12413955418810232,0.042028511711823396,0.1299537511562048,True
206,0.19922290268503223,0.05970192728361673,0.07589368399419194,0.04192288920449286,0.052236325164799216,0.013112058237803226,0.2746013219673629,0.1338913604131049,0.060282621916965214,0.08913490913263081,True
207,0.13002617850227016,0.010190054186738219,0.06622982156366704,0.08341053347120196,0.12361993272899899,0.26526835989586145,0.09750261784006511,0.0800156747293298,0.03831562176156562,0.1054212053203016,True
208,0.04662335854277401,0.219483291594733,0.040202765815264475,0.0058018899308530485,0.10607722735421961,0.08534931919977624,0.3154861470440729,0.10852227754961902,0.04379749452208729,0.028656228446600568,True
209,0.020869102904644277,0.06917903645959698,0.2219692343474755,0.1693696820381572,0.09346449563928126,0.025395290759700987,0.032165368466071056,0.07631787209684254,0.006818601819091096,0.2844513154691391,True
210,0.026930093550105033,0.026390642654447325,0.09064015673284273,0.16370633007511595,0.04106080403618549,0.49941043308446503,0.02698153403643667,0.06416406687694275,0.015641999600435497,0.045073939353023465,True
211,0.13252600302524253,0.20703415080247298,0.012165457095640868,0.1400667283334935,0.06920630989073187,0.1394731853539823,0.16912952478443877,0.023839136672961638,0.03787018415757686,0.06868931988345865,True
212,0.003841653700370845,0.03251643648276891,0.1831343671665643,0.0423475927007008,0.05733371964158112,0.05666981748967356,0.1946072334200485,0.22892800578587238,0.1475158602219472,0.053105313390472336,True
213,0.02786900723474215,0.21268109621220074,0.05312154125658283,0.05320153524282217,0.017673720381098466,0.12260708964444317,0.08336012326569316,0.11584329256347642,0.09169406883569478,0.2219485253632461,True
214,0.029677960897603713,0.10784414067626587,0.047139385929425466,0.1294107186594129,0.008956141170455154,0.2664758283880885,0.03531747085797794,0.006211198303701372,0.08121597627076943,0.2877511788462996,True
215,0.052790533624133204,0.020500857521474902,0.12236123373421899,0.08493453761646691,0.011508019851684897,0.2533440153523814,0.08108031602767654,0.28552863561251157,0.04528059585542161,0.04267125480402997,True
216,0.03757949689104361,0.1254187528618734,0.020493010051219663,0.05752059942434501,0.0051184189114050335,0.2193843463027037,0.10214478493345967,0.10814703039695668,0.029383878404000464,0.2948096818229928,True
217,0.046912685516954454,0.015838992924584922,0.07252795746447528,0.06830370382267538,0.21707336236863803,0.20376661174952507,0.008657031658335966,0.020771314984413994,0.228035277020776,0.11811306248962096,True
218,0.15983146843022317,0.28052003524374675,0.03569101776107638,0.0011803488125138384,0.005091880777775515,0.012364502893449977,0.06800084529363253,0.09918383947983128,0.22030561045880662,0.11783045084894386,True
219,0.10745057655030535,0.07548854873049671,0.006772318849184505,0.11038736713053014,0.18967497691250695,0.08331195056211928,0.09773808347185767,0.0924154987160027,0.037464224075246785,0.19929645500174992,True
220,0.17858752429740238,0.028093998041313486,0.051236411030882195,0.0885109551822748,0.0186958242185039,0.0661262757360931,0.0288373474192984,0.07818901874196749,0.26875140010332904,0.19297124522893533,True
221,0.33389692205192534,0.009172761184398316,0.3517030300604568,0.02275477012712048,0.007118430402058531,0.08973555285127759,0.04873398712558646,0.06813533418377528,0.03149233577015391,0.03725687624324731,True
222,0.028648951291229303,0.06463272515275986,0.06845094877236686,0.23235423460983454,0.13688522101495157,0.1412243523217242,0.06830451612023498,0.16558090798114808,0.08042668129927269,0.01349146143647787,True
223,0.10813517741358629,0.10415954135366148,0.01206114750161407,0.0045658638734886875,0.050767214879363406,0.03276805706623857,0.09554436640449043,0.3819547848905912,0.09865009771785603,0.11139374889910987,True
224,0.2674959631593591,0.13463085671098216,0.04469392244212097,0.06441193948987572,0.03479595244213786,0.024013392920806467,0.009321247065762128,0.21101055033721478,0.08230417050568013,0.12732200492606077,True
225,0.05228178309789875,0.23408932315547876,0.01914521786972726,0.08171792560906531,0.0066069180545510675,0.17597825254526692,0.17624706336604617,0.01597122684111231,0.037331014314773196,0.2006312751460802,True
226,0.08481535139655252,0.014536193326765898,0.15383668476872023,0.056539065138266065,0.15421223459862962,0.11108800326601052,0.2175752514550462,0.024860720624263553,0.1735898633743427,0.008946632051402576,True
227,0.015941829670935003,0.0905393660221469,0.01966398181722414,0.032014719942669245,0.42287436531710076,0.069390406695282,0.11763315641489169,0.0748723975775706,0.07091757776487166,0.0861521987773081,True
228,0.006708022524585842,0.12528972665499985,0.12452278052891888,0.015767758168530783,0.0009279047050021632,0.1293283300154873,0.21768074031659665,0.1400254711459211,0.11125754898543722,0.1284917169545203,True
229,0.12005945745816075,0.17022816595906842,0.026945071478515343,0.001299102634771012,0.1149723892566998,0.04241108543810858,0.19355825523957287,0.04003529318452949,0.04837317322518334,0.24211800612539044,True
230,0.07129720055059541,0.1534864846010523,0.10054720013417222,0.05313789027487358,0.2162605195763327,0.06144030551153721,0.020281782033692297,0.18677375088914433,0.014599376505574743,0.1221754899230252,True
231,0.03644848726205476,0.02711911481191758,0.10167914711546282,0.035412325737363054,0.2868932872707259,0.0867774826631109,0.0012665408713836903,0.027520659514718975,0.37602120242254766,0.020861752330714713,True
232,0.006903210208251638,0.10671567011600085,0.11575565714145579,0.10310703449521841,0.1738628692683411,0.12205030467888604,0.14961691606070823,0.10764194364657059,0.06102863788744931,0.053317756497117924,True
233,0.03639152453565716,0.08196483252094622,0.054352203700958425,0.005690363598484874,0.03165784963856365,0.34914208164374333,0.08990118116031132,0.15746099113650805,0.012658057100051743,0.18078091496477533,True
234,0.16052127873202787,0.010164830049950783,0.0014018519555105283,0.17584142863988783,0.28505712561299656,0.07161106887793613,0.06844951566627323,0.10682213356870592,0.02273341138618698,0.09739735551052418,True
235,0.12993632435796892,0.12800071012200084,0.014368001950316444,0.037370003764549714,0.06213339360823523,0.09880176883637236,0.3304356371744931,0.025709110500584297,0.1424942180605445,0.030750831624934673,True
236,0.27619316850478215,0.08229033623457396,0.10970671368779708,0.01673890068613494,0.12417087339054204,0.05441574766206082,0.20739940113882369,0.0732416000724344,0.03520588406236986,0.020637374560481012,True
237,0.08928051443192374,0.00655434851586385,0.005438613645992663,0.041146842247405994,0.323560333877384,0.10932829452636664,0.009538290260946795,0.2126680925438383,0.14782537479646538,0.05465929515381271,True
238,0.2042694173922285,0.07531111290761196,0.217849506184727,0.06396062550120918,0.07668475158524092,0.03012343518304738,0.027399990020088943,0.05036447913446582,0.0034118258891233815,0.25062485620225694,True
239,0.2538600079550202,0.000702348515680742,0.12834418880729617,0.1259711031523711,0.10612786312626851,0.12131992036751307,0.11550317075809713,0.04432027455459659,0.09445703446723505,0.009394088295921572,True
240,0.24795471015076476,0.007086105555475433,0.03225410131105585,0.08427264957585345,0.28413594352876426,0.22806191602917886,0.02187306872216892,0.0015633562268491086,0.04821034054501931,0.04458780835486996,True
241,0.13880133858800162,0.23493219166221516,0.08591727159984415,0.034070109639280054,0.0930275157110249,0.00581232836758983,0.20326877885700667,0.06532097536119262,0.06182470030612459,0.07702478990772044,True
242,0.08764329354042437,0.0839786993133515,0.10975981184350694,0.08844753297295524,0.02793108833690904,0.01687236867575431,0.24572703130864842,0.10106774247993461,0.06600032119584945,0.17257211033266612,True
243,0.12153423489665596,0.030955066244987985,0.052617140223025355,0.028017856849126808,0.01231398362024884,0.17020577390131783,0.1971561014399217,0.32941196726923583,0.039193991729087906,0.018593883826391707,True
244,0.04759161687713156,0.011367495975690946,0.07924328928893343,0.20240971787398918,0.2711105742887092,0.02242475722988142,0.11923542132534842,0.03042488261061777,0.14423847447840857,0.07195377005128942,True
245,0.25836375837479636,0.11214317364898652,0.06022134293023668,0.20416558546944205,0.013528297235511445,0.11424115967567712,0.017255713016032067,0.018370654744601565,0.021277037288226566,0.18043327761648967,True
246,0.09347675625571042,0.039610557851670176,0.12906158391091932,0.1041782571325421,0.013275445280528425,0.06495664116693742,0.043710903982461004,0.19219693962840304,0.24477104528907662,0.07476186950175139,True
247,0.06907649416768791,0.12170069841709236,0.15854765549991195,0.0723945037844816,0.07036478112855214,0.032252087664096894,0.10967137239771503,0.1323665961452897,0.07523569935330669,0.1583901114418657,True
248,0.0326282075312011,0.05889567537529668,0.14187635078022898,0.0814636633760959,0.26511842806363206,0.14257369590158686,0.04886585358796274,0.13382702271445088,0.09146426575472752,0.003286836914817194,True
249,0.048024311439782336,0.020580172318455176,0.03969731781972559,0.16536838582340777,0.07156933913830778,0.017750893048392533,0.25076179587704867,0.061591916490279154,0.09830210220812557,0.22635376583647543,True
250,0.027328658858369385,0.00048128590867533373,0.24684767179806508,0.006025944178691092,0.1892757285616782,0.10314194402389161,0.17981542071040815,0.03432823828935296,0.05910644317278254,0.15364866449808573,True
251,0.015273301145940107,0.047291555257313475,0.10890875485577399,0.015585719384106711,0.06175020032532949,0.08831662810907155,0.05125713971634072,0.3378078503085628,0.12535182507428452,0.14845702582327658,True
252,0.035694363279834385,0.06757577721339325,0.41138723533895033,0.050147160186292034,0.016418140636611307,0.12116302837284201,0.17155597580145057,0.0009923777010577462,0.11205712647520767,0.013008814994360584,True
253,0.12762089399393936,0.0161076270290034,0.016551791144698267,0.023005164380192542,0.35493314374537044,0.08043856782529475,0.14560526105617852,0.2288906760972718,0.0007777202979782123,0.006069154430072729,True
254,0.07054186976146401,0.084326182571873,0.12340998441375423,0.2440762942608886,0.006528482534762792,0.05414213399979819,0.1662847085984793,0.1817112664235248,0.05307282300704902,0.01590625442840609,True
255,0.08965870655379056,0.008925337692671502,0.010058687414849873,0.043959881864667254,0.03409732955794398,0.0668328268070552,0.002548738910852512,0.4063922566064695,0.2876538136539761,0.04987242093772353,True
256,0.3957364050692726,0.02107334382246921,0.09713330914148319,0.13436137961260086,0.020443566948179292,0.17158510769245283,0.012800032512579572,0.035550978277399385,0.002407747402299493,0.1089081295212636,True
257,0.041023424013852804,0.03323440696206441,0.03021881675150935,0.034779348982646806,0.24965393978877523,0.047342503095447304,0.23465441221009564,0.024185126096456205,0.08050702688995273,0.22440099520919968,True
258,0.08039792551522382,0.042893383661348525,0.08564995722150157,0.05154073663989816,0.21132447819476946,0.0022917840353190197,0.26008032772867307,0.09205794329097432,0.10445941921870953,0.06930404449358263,True
259,0.10638738926839832,0.09347660454384257,0.07218103234892509,0.15966465505589356,0.11992741733375199,0.09364107581545507,0.23215520282536536,0.06115789639331556,0.03604081920191945,0.02536790721313302,True
260,0.12240948620267132,0.01299225157434983,0.03917957827705981,0.051354669469138366,0.024774680034748073,0.19159548242139451,0.1851481737443179,0.1296184251043372,0.14781410595543967,0.09511314721654314,True
261,0.15733082630795595,0.10561850225530416,0.17371620742602054,0.15814425878808458,0.035131865315628015,0.04364232355294437,0.036611819832841994,0.17377471317870866,0.09870505843593069,0.017324424906581048,True
262,0.0777532171363744,0.07691321403855826,0.36595295142277473,0.013999801701236238,0.14907669912739796,0.008394068437255247,0.03968213163297315,0.08367766815878241,0.15260180745190044,0.031948440892747156,True
263,0.2946872152120304,0.06305229711190993,0.02458956867247044,0.16639727005421068,0.08888600997429404,0.05534135350034429,0.1242716712275206,0.10667276873092428,0.06780268615078588,0.008299159365509453,True
264,0.10391705749008476,0.04087731194226429,0.09836773621135961,0.20893661509648798,0.12998666783648338,0.1885885082300199,0.07778368865649946,0.1016717381631422,0.02221507760926269,0.027655598764395672,True
265,0.2158619380706105,0.08321101409643708,0.20611217416474945,0.03019540039698009,0.023880259450338295,0.030201184086898022,0.08988414874545277,0.15040839032213837,0.013885585466185424,0.15635990520020998,True
266,0.08281212868682634,0.015332609556177285,0.03515459499487676,0.27696761501729955,0.17664426037250613,0.16066023286627185,0.0023727850364465494,0.043795426171880134,0.04786530831342165,0.15839503898429372,True
267,0.03132466378846081,0.15742374721834096,0.0578483292458411,0.038660308484621535,0.029205960596336886,0.07120956954274418,0.2794815005099853,0.052156731879815114,0.08639070598183193,0.19629848275202208,True
268,0.01177829546729883,0.14213964398145823,0.09303477960822669,0.1708126178060246,0.12089122149034628,0.0009705523206200698,0.06310167686311427,0.09376756181878997,0.23563599018542908,0.06786766045869184,True
269,0.15688701869088548,0.020706272723701468,0.03689257143135856,0.12128430498399285,0.2759921641121397,0.07186537537917974,0.006200896458356661,0.07080372246472884,0.0021513347398342767,0.23721633901582237,True
270,0.10160025076543121,0.11098480634694927,0.09977569811188002,0.03422440653286388,0.0010113351491347008,0.220498830196111,0.15296974762771992,0.21635677233652337,0.005989397745173862,0.05658875518821299,True
271,0.1986905089993494,0.05083410471045122,0.0439914953032042,0.26865657553746114,0.14066528484183258,0.05260604413021938,0.08584318656427785,0.03040840097296185,0.04090528410314102,0.08739911483710143,True
272,0.019097322174664505,0.08120794945421708,0.26273490547207085,0.06519576088465749,0.003909667494975926,0.015367618367871231,0.19475344132917502,0.2068893307459436,0.05661732654461943,0.09422667753180482,True
273,0.03985071722686143,0.0936881992714554,0.05626734064548505,0.007370852568953642,0.34121081335881837,0.1656582906008468,0.03260654423554601,0.02219153757394547,0.011072942668357823,0.23008276184972995,True
274,0.023407836500488714,0.004809936326964013,0.23046828244881784,0.00569704780806765,0.14884020906033774,0.3344762507336195,0.10932422791734099,0.030763255568355855,0.09437048262015343,0.017842471015854188,True
275,0.005068440329051423,0.08391021229928478,0.12462973819845487,0.1803326164712934,0.2196150250351705,0.03729583117497323,0.05458802606847929,0.08735625270441573,0.0351288452764721,0.1720750124424046,True
276,0.2329810113106208,0.24379778462850277,0.08150836514468963,0.08811295767302968,0.07722111344970897,0.016826628966566295,0.11196563799215638,0.10065178864061824,0.04176211553834448,0.00517259665576267,True
277,0.18811692520704126,0.01231589634641384,0.050252550140408,0.29115004579981313,0.0639188705450641,0.0498926034431215,0.001220085995586042,0.025423607349869547,0.30169251797778956,0.01601689719489289,True
278,0.08333834631764508,0.021302619676573587,0.13424850998266133,0.1553620815205218,0.05349891094209009,0.018547960298820634,0.004857189537074155,0.04825048785760312,0.40992708915978693,0.07066680470722331,True
279,0.00844581663347433,0.05131049068452995,0.09672915378305111,0.07131711980835445,0.02549524821997482,0.024926168919458744,0.23605976983115912,0.20886468399809996,0.1904106391920489,0.08644090892984853,True
280,0.11472120582344586,0.4687627541209714,0.10622560681363367,0.037859300111464995,0.01967854474845245,0.027192560331788625,0.05184775808832754,0.045796945373073564,0.009650383793341268,0.11826494079550051,True
281,0.033552781915541605,0.04699646629474122,0.12521805612279005,0.007891583938285143,0.00362793660939512,0.24998944213961563,0.08258591259368109,0.18974734828931383,0.0234645210523901,0.2369259510442461,True
282,0.02943882736399449,0.05374372880304549,0.10340691006805211,0.34204717840455456,0.13396557438151324,0.1948510852025805,0.02869364117246569,0.017274120516925676,0.041741125437753414,0.05483780864911471,True
283,0.05794617432113462,0.027458379636591288,0.0961967127128959,0.4729620175025694,0.00799716499654097,0.039133652725470244,0.14619423551401625,0.06741129355162824,0.054492475268177396,0.030207893770975727,True
284,0.02527042735027845,0.07403037057968989,0.008649789822129253,0.1096129183593864,0.2481335763147145,0.1814690695555712,0.17222171582240767,0.06174896685358878,0.08557226561654552,0.03329089972568834,True
285,0.05663884893012008,0.1568448217168395,0.041556070311986305,0.00493768712477932,0.23202119526728796,0.025705282769503797,0.05158977193953862,0.18128341346421228,0.10580959285743423,0.14361331561829788,True
286,0.09713814847931684,0.12205185107984738,0.20854482339882593,0.10912994013235741,0.05410294646585205,0.0006351571973682516,0.04368842162453406,0.07881864625923692,0.15446328667710657,0.13142677868555452,True
287,0.030839033082118612,0.07541654932820037,0.010044888225322793,0.032359949528048035,0.06202313134815729,0.08414088914215583,0.30059973326963124,0.08285781889711345,0.21804358995904327,0.10367441722020915,True
288,0.03801388622958002,0.43480849900996216,0.01349420666064837,0.008938513432920703,0.025198713104694237,0.05054180503038861,0.011415247025246935,0.12434782815692746,0.06601145330378295,0.2272298480458487,True
289,0.017371924813277997,0.3021003307601551,0.1398014948828972,0.180668964093161,0.0476165416601475,0.09046934363478586,0.0051276471758765095,0.16852630435853294,0.03382387676230735,0.014493571858858535,True
290,0.023523334059961938,0.04174867928623956,0.03010714714164989,0.05397136506206385,0.12635473271891717,0.3177539988875558,0.12002503291504554,0.15546577164812317,0.07736861055743618,0.05368132772300693,True
291,0.09798555696999307,0.06818430831997295,0.16128028100837913,0.1780019624509357,0.022977627447858497,0.015597879350542165,0.013067099288109838,0.1400874586740281,0.09944356211656222,0.20337426437361847,True
292,0.08428823492102602,0.19456119200243813,0.10333062511034681,0.1200333514592976,0.024465390549073093,0.1515127411265369,0.13164353266763676,0.12341969212239227,0.0158832657107731,0.050861974330479336,True
293,0.10874529879165859,0.00465226671828485,0.1287666773937059,0.12100070247515213,0.029956568676479705,0.28383823930515767,0.050705765064654004,0.14192627163347554,0.08953804578863109,0.04087016415280049,True
294,0.0251896379932407,0.10538873800413934,0.12160362404355497,0.3180771250090242,0.04648452642480918,0.006389106523974618,0.03151746118490203,0.2275022416268873,0.0061845362198235205,0.111663002969644,True
295,0.11448400966326365,0.055629884996392105,0.024014528118104898,0.17881804599535278,0.0323747893437659,0.031103090123789937,0.23376163771659556,0.07019100649317504,0.20844574966212426,0.051177257887435955,True
296,0.046779822373400906,0.32213222528178914,0.013932055024200486,0.25245393111004577,0.042272797959395834,0.0398674919780273,0.07071112500496972,0.0173083703221606,0.021755286458432596,0.17278689448757745,True
297,0.02536769446228442,0.061748582041187994,0.004159961252954991,0.04930973453492692,0.030284532534130666,0.02089320610266529,0.05666136070211683,0.1016474863710494,0.4452609351699933,0.2046665068286901,True
298,0.247718762500281,0.09844277110328215,0.016013299670270948,0.14483276760277722,0.15418714905344794,0.03310812558998951,0.10125226589458165,0.028867621582089043,0.13311410568261367,0.04246313132066677,True
299,0.03453665202525581,0.019822300908582294,0.028047698097923263,0.12797967776161276,0.0035199245690220988,0.09606747329143105,0.36253957935948805,0.08736454599680951,0.015278625468674797,0.22484352252120043,True
300,0.06669999161576955,0.31153069616911094,0.056672907869211364,0.1554356910137836,0.06299083393521401,0.1193328763184152,0.012499942616579732,0.012255432826995287,0.14926383351572095,0.05331779411919939,True
301,0.020377754442681757,0.1583632728088584,0.039125345073209035,0.05411517854146357,0.0010308055014711089,0.025188586665267347,0.11730169074577138,0.2213954175659002,0.13515994894417657,0.22794199971120066,True
302,0.010001748269037903,0.3313252183672696,0.0012188781497768253,0.07139851150403292,0.023898861380422697,0.06038881502662901,0.2748210990192732,0.0065184957851062465,0.012426019186386954,0.20800235331206457,True
303,0.1558478239733113,0.039617935023084486,0.15713382890900282,0.08339922039097546,0.10510770186119042,0.16053291810510067,0.008993769455754015,0.06021651639111236,0.10521033717161503,0.12393994871885351,True
304,0.2696116055713992,0.30210603083677917,0.0058028893416337945,0.11580290454084122,0.037000192732788144,0.15158727234001204,0.04391230320916887,0.06496308697652547,0.002295342928617842,0.0069183715222342615,True
305,0.06637097309659507,0.1474676885546167,0.1929192064518806,0.28064504014059305,0.1283436036668409,0.06283878607234708,0.01716176021545725,0.03987459821189842,0.04531849628759978,0.01905984730217114,True
306,0.310455851782922,0.24977859934327998,0.1911468843237631,0.06897270742161454,0.006225988939887247,0.03242881066567824,0.07991700079167931,0.008793291934070633,5.7774014693154665e-05,0.0522230907824119,True
307,0.05830482739810712,0.043730795295737715,0.274401770259216,0.0033785107157715353,0.060340166245772694,0.08132691815502223,0.07229992222043231,0.32385407906648844,0.08100516009597356,0.0013578505474784815,True
308,0.007875066467970322,0.23893548162279002,0.14171979128347922,0.3382254880958416,0.012589794955912465,0.12055824340834866,0.01189084889655149,0.000988286577583516,0.02063103316741124,0.10658596552411158,True
309,0.003814551663916574,0.5069925227029778,0.010941708706886637,0.17874979419318687,0.03329894509583479,0.048684440400153295,0.032355384020273284,0.17159571795499592,0.0074431505786256924,0.00612378468314918,True
310,0.06431069387167677,0.23744483624379895,0.0627563294337024,0.21921458722104506,0.06290373496278719,0.0024980076632683873,0.31561022612088324,0.014776363746807672,0.010048381231626283,0.010436839504404116,True
311,0.0503375612432391,0.11149968990571636,0.14821286647589813,0.016845433623695262,0.030361431291403514,0.007228386528980636,0.3041470869793513,0.067023881965562,0.07456944574893672,0.1897742162372169,True
312,0.1292823473027718,0.02665640521474332,0.055481707114779975,0.055621378250677624,0.17816216613771335,0.09564763644712038,0.1647644935667117,0.11193695318963563,0.13809574641456177,0.04435116636128449,True
313,0.13060634583290506,0.020875345422843472,0.3052774221518158,0.061963118045513535,0.10522035469565053,0.23884320670455253,0.10218539123286113,0.007716898023899008,0.015064873613651705,0.012247044276307132,True
314,0.04590793515059571,0.07800700620109756,0.0006753599604409031,0.22463293623769812,0.08694000404036181,0.060315279180677674,0.18812328375449422,0.026258147647781994,0.1556024135705855,0.1335376342562665,True
315,0.11247633568948422,0.008181836560346158,0.009501432548695635,0.17443726611656346,0.1853108920317692,0.01191046914554098,0.010050599665665164,0.010508843378056656,0.4328114371073244,0.04481088775655422,True
316,0.006141207502098598,0.10048309484284158,0.16197798945945954,0.07356369369139401,0.04963142916132845,0.11179988489388971,0.02331428022090303,0.030390995609970058,0.3813999584627026,0.061297466155412345,True
317,0.12373191332802101,0.0906989205621996,0.05543896002763013,0.32722048499094814,0.06379892224374084,0.07885911941143554,0.10321657762349978,0.0036156616530515387,0.13636807049086,0.01705136966861357,True
318,0.035374917607707015,0.11022448981898458,0.13381880127060714,0.04033261411911395,0.00784448817299761,0.39845324353575223,0.008254036852845448,0.03143684951007244,0.20065291468699914,0.03360764442492045,True
319,0.08416191777523166,0.022748181571460607,0.09012904345515746,0.060927257977180495,0.08210234471645479,0.05521902194832137,0.4392641426397428,0.07223507120741526,0.030486441249285852,0.06272657745974992,True
320,0.07340399882017605,0.2158201950832344,0.08847907013453686,0.07176437377157881,1.1813589664408292e-05,0.17284517864267887,0.2063043977081693,0.007284659604694514,0.02479492824565328,0.13929138439961347,True
321,0.006826384616856549,0.05742505403717598,0.053526831177739924,0.3205531593295933,0.18143719054253737,0.19802345501437013,0.08524652967248128,0.003227962901213661,0.05513868646088173,0.038594746247150036,True
322,0.08639337868592945,0.05414455828121854,0.10360634526447661,0.13892495541551947,0.20749567333059019,0.043509524224038754,0.07760143910356618,0.1081767925504923,0.05301061402565583,0.12713671911851268,True
323,0.18643900005805872,0.052308689176786646,0.14476084606700018,0.10326299215145808,0.10856156790892443,0.1524001076270499,0.019711975079108476,0.07155471823241136,0.14942347516582252,0.01157662853337967,True
324,0.1769220331859299,0.02417329472624788,0.11966758578056264,0.2220591502823785,0.011646905043685426,0.13160014507982776,0.06531359534715961,0.1842239250107361,0.015624081921817284,0.04876928362165474,True
325,0.0062216117011556086,0.2378415382136595,0.06978006540147988,0.10146565914417932,0.06849165110217421,0.11749007591200973,0.2017481663109496,0.12609330277186678,0.026857958602865273,0.04400997083966002,True
326,0.14024657954368408,0.09270801085330066,0.045523155696249165,0.2713059484237068,0.031589787961466005,0.012775298493970612,0.018039391830290817,0.07608497508774195,0.083946095428942,0.227780756680648,True
327,0.026139878356323084,0.03136986496074746,0.1057466957860652,0.3462614525840908,0.05826439940820079,0.35205313905347285,0.0005866333105032382,0.025368687099555975,0.036205607113987896,0.018003642327052795,True
328,0.0002847593320886132,0.0018269463473421718,0.19245333128236908,0.15139303392633946,0.07073616407584406,0.030016992272432073,0.12338746487656732,0.03179867146272079,0.20943951365357158,0.1886631227707249,True
329,0.016018018070963924,0.04664647472860441,0.016502051905468548,0.04419137738199247,0.27556766077171707,0.12558188221921487,0.1419835898645168,0.15012405113228802,0.12531016841040812,0.05807472551482569,True
330,0.1442911692219414,0.08137186384303138,0.01074758288659664,0.09583231283568996,0.04079501894191446,0.053775516104338256,0.08825370681037564,0.09803356115157465,0.3209134924928443,0.06598577571169338,True
331,0.024178783606772624,0.06390510942550476,0.013908124608800865,0.0036720131317407438,0.2288792831205509,0.2549639045902345,0.04873205843949114,0.2553854906251229,0.0495269414589309,0.05684829099285071,True
332,0.04921224003298944,0.09608967577760565,0.03341886336131597,0.128928590517037,0.09307401220356294,0.06672625071559506,0.17649951686807033,0.002968930212222871,0.3099246677681995,0.043157252543401095,True
333,0.06353928727223415,0.24173971896916774,0.050368867841942284,0.29889055886421073,0.011262378084484359,0.035028614248375174,0.06980109842692836,0.013797249806366362,0.16568322744981392,0.0498889990364768,True
334,0.08358160424218512,0.13288985787087695,0.04029282990248656,0.11148425710439015,0.0434366257845754,0.2714551677679783,0.016696422082252204,0.14706421188656052,0.11417793722991688,0.03892108612877788,True
335,0.005275383165376814,0.022911749768500713,0.10600218702374047,0.02972189828790492,0.023249655573849063,0.07947712998808536,0.18865792075923588,0.04971743544646159,0.4122828817665892,0.08270375822025605,True
336,0.021511721538554813,0.04685216248559068,0.1545625263736799,0.019917835121836317,0.04730475433965212,0.0869942998986351,0.044094361931448445,0.19486870448607055,0.3534280518977281,0.030465581926804135,True
337,0.09259186629504997,0.20633669089878437,0.11622498038423697,0.11755986479096665,0.041695405704281006,0.22195185474004905,0.004654385103290112,0.0029086489093103664,0.1650076912138758,0.031068611960155677,True
338,0.19384718505618256,0.03468207271930061,0.06389951759087052,0.1327683034275842,0.11605662830649428,0.10405802091083219,0.05042236360624988,0.00692258096028436,0.12329029552950102,0.1740530318927003,True
339,0.181218963414959,0.051157511302086844,0.01086871743502113,0.11923852564551632,0.07858086565963769,0.07796585914286541,0.062422546997994426,0.015692963337187022,0.38043530620214444,0.02241874086258766,True
340,0.028804759993316786,0.2839277261274994,0.014527303957390509,0.05060466681392291,0.21409364697497538,0.033751879259744516,0.15291433556633074,0.08811789789339408,0.010644427689017766,0.12261335572440804,True
341,0.10114785067525442,0.041002866537080344,0.11772815643334084,0.07542019224696452,0.09361263398152005,0.03256100144807029,0.23101269306327735,0.05794296081959571,0.21899917759892026,0.03057246719597622,True
342,0.05950995094805024,0.06553717932281837,0.15884960657666874,0.05371795049180632,0.2381372049038812,0.17656042613725662,0.019212000125596183,0.12048370280667756,0.013352937311768256,0.09463904137547648,True
343,0.3585516290007995,0.05329858749809359,0.005504368410107756,0.12673632700723997,0.023358355625649214,0.024617020341488983,0.012484605919919081,0.041236876572619964,0.1181474618795341,0.236064767744548,True
344,0.08382779624633632,0.14505390728143597,0.12392306115244368,0.09129595112186514,0.037272604526420346,0.0015020750800788475,0.13515225153205984,0.07455008514846317,0.08425680050433085,0.22316546740656573,True
345,0.020333535043746093,0.16220026999894377,0.07193469184581117,0.17519727664125648,0.1378426309903533,0.05841676956596458,0.05334755363335379,0.299225294970419,0.004748024281165363,0.016753953028986274,True
346,0.07145448225351099,0.026830745176685065,0.13680413687715773,0.050103799287287705,0.23890170657420215,0.19138955382730777,0.18658628683467826,0.09059031768135564,0.0033021933412654874,0.00403677814654908,True
347,0.06885557778400393,0.10929092785661806,0.005405944263868343,0.16209761049619525,0.1495317026341514,0.04703237725732539,0.17449142863521344,0.1385256912534143,0.04806517105465377,0.09670356876455614,True
348,0.17851847688288597,0.09542365288010078,0.01735505328962133,0.023410893434487975,0.24416930068122755,0.16461677944393183,0.08395781481387483,0.10702962069598095,0.0234003460462277,0.06211806183166101,True
349,0.21410255378120338,0.10724346453205909,0.053720627900329054,0.032479907952270265,0.011878853126704858,0.21327180720702418,0.09161828185955447,0.14453771302724805,0.07192454304106848,0.05922224757253817,True
350,0.0975385649031452,0.07702271888445174,0.30470415519885297,0.020536252482870013,0.00362647961959742,0.0006894149863308538,0.23785911472507898,0.016698233946652662,0.007314575650806878,0.23401048960221316,True
351,0.07815529856124727,0.06647619686303635,0.10017868902451033,0.0010948864780599885,0.015418865083716461,0.06066127570418539,0.1260054107545505,0.12096187786090896,0.2054773506600289,0.22557014900975597,True
352,0.06070314319800078,0.1100324955026212,0.22820808533118028,0.11687684251413318,0.025116229684690378,0.07199054954710844,0.04973694223083698,0.24548422636843403,0.0408076801705745,0.05104380545242032,True
353,0.055382651136233696,0.04830994845049772,0.25439917085717245,0.15980045967107423,0.12583562591334974,0.0124742403817475,0.2334822896691011,0.024930872490942536,0.03126906937614302,0.054115672053738254,True
354,0.06787631957818596,0.2514493432397962,0.053392395625786675,0.0734818214388626,0.07113878607420471,0.1631521508811228,0.14612578067398502,0.11916568427213682,0.023954782728879895,0.030262935487039316,True
355,0.030896564925901756,0.12373626503458988,0.3921177516801387,0.002435999181486354,0.17357286407607367,0.07424361213248938,0.09592253594966407,0.0599091092615333,0.015292629507200785,0.031872668250922075,True
356,0.09160824860947839,0.04270635856599795,0.0738500719635386,0.3754382355823062,0.14921278168857477,0.02042645201949664,0.0009991287212822836,0.020571001674257707,0.16535829707827013,0.05982942409679725,True
357,0.16460563164868916,0.044473354234481524,0.13528463327676074,0.005673471360272748,0.0813905024391727,0.2159830545662916,0.02902593951963818,0.037200465007470034,0.15577992347560402,0.13058302447161935,True
358,0.0695175114951185,0.12313692416074211,0.16331668452390552,0.04504452541606729,0.04200298076540079,0.04044946487363146,0.024676910720029387,0.105171894719323,0.35432872334466,0.032354379981121874,True
359,0.09839525839921695,0.20961434081307193,0.030681550281494194,0.022696395026157955,0.0024121035982769697,0.09148118156834092,0.3172213959753292,0.07820540435805493,0.008282922332933968,0.14100944764712303,True
360,0.011077087514312776,0.013908744409830398,0.06688359558516133,0.09397266720079991,0.12517701228704842,0.23555569342742966,0.14379663674209098,0.020767846204423575,0.2638740046327257,0.02498671199617724,True
361,0.022004831612113366,0.30523672939790053,0.11302541413872355,0.20299572690634074,0.01601493173521246,0.19418663339784153,0.046835833833950506,0.025704851226221005,0.04947379395086919,0.024521253800827154,True
362,0.15921806271872108,0.06855061563080668,0.26466738274026996,0.1727113859509671,0.06488658298784436,0.012302415397347742,0.0121745040439379,0.02165978051257596,0.14441181025595998,0.07941745976156918,True
363,0.1698942838342687,0.06931950760858233,0.031382227120037486,0.08196020258613201,0.02686185858859489,0.12544880394267072,0.05368685470128277,0.19419192112006223,0.16737820241916346,0.07987613807920542,True
364,0.1427762817584297,0.0030741151688601395,0.030352228744396918,0.021963991131796146,0.11853707757529539,0.2215213154516001,0.14462481293669385,0.16284808004965728,0.1130574620857348,0.041244635097535676,True
365,0.13167647150148099,0.1394910789662303,0.11609320053548958,0.0005180684344832109,0.033357957205116556,0.3274670754575912,0.020260077936840475,0.0965391738396177,0.10685727401185638,0.027739622111293737,True
366,0.010366075295550833,0.10697601238937095,0.005496725005389277,0.07935677769005024,0.010398937796845276,0.18550785987164795,0.15860111460482285,0.09941706997147251,0.004728011968754092,0.3391514154060962,True
367,0.1998029457034919,0.02761046995268818,0.15399176120845648,0.021828579649036926,0.0943742537250985,0.25013075274781926,0.060612394221201196,0.15346023825155047,0.0021572756746365655,0.036031328866020555,True
368,0.15196745148645974,0.14885149162879172,0.029292241093830215,0.18821432944883876,0.17490328441086103,0.02106439438799076,0.13595315478248568,0.004655597698081535,0.04874561055739274,0.09635244450526788,True
369,0.20856595761122232,0.00015605414990910648,0.022666529305601438,0.007646159340619523,1.689125583720108e-05,0.07653403175692385,0.3043904482781285,0.05251115563049454,0.25159783882342635,0.07591493384783728,True
370,0.05158847618555686,0.05239819361390714,0.19290446769637787,0.05008467690170184,0.2357884062387609,0.1976423969670255,0.027094283877149124,0.023183658898989008,0.10192379651625724,0.06739164310427458,True
371,0.005828629755168152,0.0638735735195981,0.1051475689037287,0.02645779873666777,0.20026161757025834,0.32017287641963854,0.05532803844640309,0.006476888663788047,0.03988839084289599,0.1765646171418533,True
372,0.13796239894854428,0.04126581259183184,0.34512490226411086,0.12136812972925229,0.1497743537760013,0.0034966318841121685,0.07503483934832095,0.0059159942004933025,0.03085799439648884,0.08919894286084415,True
373,0.0004708706809083123,0.2286345051362461,0.11807344604147652,0.10139375186648829,0.15063108329076577,0.01949263143697405,0.23418570073767364,0.04846890812821528,0.08472176310886993,0.01392733957238199,True
374,0.13616138196015246,0.14754727446169477,0.14334400129501312,0.07714482774266447,0.015104229931475274,0.038433945474189976,0.1167529232099374,0.0811758380813677,0.1919699101260068,0.05236566771749797,True
375,0.03999658368508662,0.0011799167441117356,0.03501678070716549,0.2674283171841845,0.1117733843719372,0.016961945497466026,0.04590757186641992,0.0941411584839496,0.03821637516077513,0.34937796629890366,True
376,0.07165184589552437,0.11609307959934836,0.007012460621680611,0.4204825270177894,0.0024188302250507453,0.2178362956478801,0.047267664513196674,0.013932470471458423,0.002679145377433642,0.10062568063063766,True
377,0.05966478243115289,0.057191062950009364,0.09504979667825873,0.030402542311023694,0.16069898888853063,0.3705190427779507,0.05738101000038033,0.08493264325973138,0.042232633206166166,0.04192749749679603,True
378,0.116206115705263,0.033628736587351465,0.08453534567168951,0.17371236202292278,0.012562945122498675,0.04939083232920116,0.1579050423130243,0.14832183467969706,0.15521823420265476,0.06851855136569714,True
379,0.012124786483966936,0.060981350822019505,0.09883312027591229,0.03015653152285097,0.011538274932132955,0.08253951795099,0.09738364792413295,0.10622285342386026,0.1468418347467916,0.3533780819173425,True
380,0.012476541277882306,0.015982598684575754,0.12460169724926878,0.010625442523513707,0.19559084494632598,0.020005375357224044,0.02941147141656136,0.30220427703919084,0.04107703379876078,0.24802471770669654,True
381,0.007492985864622666,0.2712434623131149,0.007707841574154296,0.05826074164088565,0.06724802911438615,0.19717790069729962,0.10179815572288524,0.10080539085582922,0.11957758416345553,0.06868790805336669,True
382,0.08367753091896497,0.03572713112462414,0.22540841324813518,0.1507625618428561,0.05694802577952236,0.15153122499861615,0.030167323026316372,0.09647112615148717,0.13599051684622737,0.03331614606325028,True
383,0.227124659561124,0.0025631402850524437,0.028978530248738126,0.14854837030525514,0.10698103238869118,0.18025268766863425,0.08870967885808977,0.006029542149771694,0.1452531080176031,0.06555925051704041,True
384,0.021876447797966082,0.06803923778032864,0.0005385615236954854,0.17558460857225294,0.027579613967816118,0.1956731202374445,0.13367219578598388,0.06341964259859434,0.17386976555664954,0.1397468061792684,True
385,0.10695894484638739,0.11439128188673509,0.12753895684446998,0.05333389873838872,0.10127845460308602,0.09936691127738297,0.015516790955983349,0.04903300226941571,0.10399752977566867,0.22858422880248216,True
386,0.14753410687488797,0.08440691578651445,0.30575648016515333,0.051144847418000086,0.02720647907188815,0.0453665402005727,0.012383559740043367,0.0031370969358378202,0.11436935190789904,0.20869462189920326,True
387,0.24669082122869462,0.07097028547792368,0.07370441604376851,0.17878378927961724,0.061545917875288646,0.05268552145581975,0.1699597108820623,0.009121104337805943,0.1351178978183266,0.0014205356006927428,True
388,0.019467517987492907,0.20832739264195432,0.05075980154152735,0.04618540804263835,0.08198107410052008,0.1338163960602848,0.03751470185620537,0.07608518320099225,0.04412009637994391,0.3017424281884407,True
389,0.23251194569698702,0.04856665751196349,0.14434466883214989,0.091761583244431,0.2350094527365092,0.007723131939438436,0.152333816588172,0.04990525045127865,0.029589688170801116,0.008253804828269167,True
390,0.0752207683921795,0.028306483185457212,0.14467107751858266,0.28529198749949813,0.03656812689800143,0.14260737928911263,0.07200604849059267,0.05746018270959996,0.010827542139584138,0.14704040387739165,True
391,0.11163783251472953,0.20498347006068918,0.1210393463421439,0.12045705371177665,0.027448922764006407,0.07041726720259067,0.20577431051511094,0.006040920118812626,0.04199512473399136,0.09020575203614889,True
392,0.11935342097088764,0.022023050207873193,0.2881884555033033,0.034178937804312956,0.18962547238658395,0.017025208742102428,0.23204459502178246,0.016617062902103165,0.07346410291929807,0.007479693541752998,True
393,0.14936067500704683,0.1159657150089899,0.10619728128476365,0.01717145079673349,0.01621556655186933,0.12886864289042782,0.04801596446781949,0.25572679258408504,0.1324156973118395,0.030062214096425014,True
394,0.12631792884854046,0.07099461160559857,0.021763933863477098,0.1261166126771698,0.18156922526256947,0.025030799828811175,0.0031928777116880277,0.12888616096815775,0.03986432569375307,0.2762635235402345,True
395,0.03973294725224003,0.03518131993581076,0.29271693669369625,0.20305816680790112,0.06616833248363872,0.023422746124713525,0.0029501100443900577,0.28080456599225384,0.015670930829823366,0.0402939438355322,True
396,0.047601173411763224,0.057550546665939846,0.09961783769443044,0.08433439657585338,0.2720883084523702,0.17435536959453862,0.04726145585169202,0.05460847220911303,0.14333480937937187,0.019247630164927337,True
397,0.10982861752566828,0.041507903312687965,0.011292723923289815,0.04852062636444691,0.05481251302845101,0.014534750910850418,0.5445337668332197,0.047031639915213606,0.052168661238368615,0.07576879694780371,True
398,0.06353319317423667,0.4292182344787642,0.08539235416630092,0.03359507296150175,0.061947363861626484,0.044357587193177804,0.01905672035500528,0.09067906282204778,0.11298051370035839,0.05923989728698063,True
399,0.09346306460631779,0.02103310179014252,0.12931830301120287,0.1412892318791256,0.09638014308375369,0.17131636255670543,0.040407303260273676,0.03335236243997494,0.020067378343834378,0.2533727490286692,True
400,0.19065017550054705,0.039979515544864674,0.013497436869740979,0.16281521888318798,0.0010122788917237499,0.04320479448147313,0.192827103213256,0.2498847429072154,0.038143273475482936,0.06798546023250812,True
401,0.046821722860059985,0.03630221435503687,0.059605534926056726,0.022909819474076318,0.09522837445142304,0.4263081338186165,0.02159329718457774,0.051393291788161696,0.22134929569631892,0.018488315445672223,True
402,0.11089535802198522,0.1284674300619174,0.007937944910977933,0.026638130491305975,0.24447430091942418,0.17054293447195235,0.019865130566457886,0.23990164624640187,0.03851120256688739,0.01276592174268985,True
403,0.014502816999511886,0.016157971490662545,0.060276214139417736,0.22003616128788514,0.4810150544430864,0.06321773539219154,0.055800948753768495,0.03385401206194209,0.03904550876539664,0.01609357666613742,True
404,0.002735699795365382,0.0022086917637650573,0.03444364818913843,0.0005038415553225489,0.24126761047994733,0.14897446516482302,0.19134218866293437,0.08360897788423134,0.20568373744993537,0.08923113905453724,True
405,0.1884895000948177,0.07287113485103767,0.08159703075947708,0.2641054185048938,0.07306611234243862,0.0016959615274570836,0.01534352525482029,0.10837610521406277,0.03296371035024477,0.16149150110075006,True
406,0.04386907882115678,0.09922507259123864,0.18337538852400193,0.1028156098617216,0.03377769567381985,0.055447197292796915,0.09456280029817586,0.08752849536285777,0.008619789506429016,0.29077887206780184,True
407,0.07169668311197544,0.11424681316269167,0.06267979935061893,0.07394480406047242,0.1363082190821463,0.1435249480866899,0.1957297539152137,0.0048154555374595245,0.07829109441321935,0.11876242927951293,True
408,0.06313900028824378,0.0021376336040425546,0.14750612483589032,0.29655196810410694,0.28089704151739014,0.0028416341261256993,0.08320577936294372,0.08460129064909618,0.014735728721988273,0.024383798790172245,True
409,0.032144779312322826,0.01701121050133381,0.2967843668109762,0.058204515252800404,0.018495469520295193,0.1223842447011395,0.2048674620604611,0.05456150164063725,0.1204501189014759,0.07509633129855785,True
410,0.02628605787791132,0.10895202854218548,0.14245894404089257,0.11371109867128286,0.15144007942369858,0.20915164525144003,0.12674805988740143,0.01335175778968888,0.0500729668475296,0.0578273616679691,True
411,0.1719777647069528,0.10797205471880049,0.27280497694033984,0.008597649907097918,0.08965188525512773,0.04081389134398159,0.0034460212504852177,0.23394869814236657,0.01496359750579754,0.055823460229050194,True
412,0.05955178425345945,0.007156780607343827,0.009612955801742326,0.10311542375426655,0.0009428011002162793,0.01957907979592923,0.05392590183437172,0.24981294587536607,0.08220511110340986,0.4140972158738946,True
413,0.11163685210740278,0.0646474161128411,0.018355000172282362,0.034193733445866896,0.09915882927249613,0.1610544119567528,0.0032582806426401014,0.14441722019780878,0.11718725458236151,0.2460910015095475,True
414,0.24156596172710476,0.003038308057455942,0.16447698756820256,0.02354645863716529,0.007463195673656929,0.08336426222691799,0.18905968972983758,0.13813713320387708,0.11926770620699244,0.030080296968789524,True
415,0.0419918965484405,0.23002059802986374,0.05041386655472398,0.00686245198825289,0.04856025987843202,0.3680195451745246,0.09882633499291678,0.09575153761600917,0.040146855870434615,0.0194066533464016,True
416,0.2600332668968499,0.012534044102324702,0.07250183981002702,0.021710367974860954,0.2155012651568285,0.0632731395344444,0.0038087910088371647,0.007780345451120163,0.042552467520382296,0.3003044725443249,True
417,0.08718899208725162,0.15650941605071317,0.13753253345563538,0.05511604891695371,0.09812567433856885,0.13228103801438792,0.15450169460191274,0.06306004437597891,0.0872298988789563,0.028454659279641473,True
418,0.14266916608687255,0.06564580734703392,0.11022958879866701,0.022924801889209846,0.27403561212387306,0.08051542891748735,0.0031357269145737623,0.07140718086767663,0.041828161719107367,0.18760852533549868,True
419,0.2432882173116128,0.047890305078472535,0.17560812499352402,0.09504475238279654,0.033377838322020965,0.09810193775655485,0.13944010853348462,0.054699691586150824,0.10961370165275265,0.0029353223826301196,True
420,0.0534606425454452,0.11699193410716173,0.03286343963146035,0.06244504271837729,0.1028728733208026,0.038472759699988875,0.33369547081197465,0.02771191924109727,0.06037922598830509,0.17110669193538697,True
421,0.2504940259382635,0.08105534071973389,0.03923442483753475,0.014347909655829966,0.09251154421413114,0.059518842658542306,0.1912189063792571,0.04470012668931731,0.22287537364027166,0.004043505267118467,True
422,0.027188098065985246,0.005947328569499988,0.42386908246255617,0.008004051002473882,0.004016293636447975,0.015587778206113805,0.002238041380310496,0.1469588842847536,0.06729127272998373,0.29889916966187496,True
423,0.02809868246689988,0.0969575882907232,0.15794520300208587,0.04317383256767572,0.046878603936970846,0.1191717934600354,0.14430398565130417,0.13996043061347052,0.20033031336450166,0.02317956664633277,True
424,0.20262707192171717,0.021734994117747625,0.052420926595589556,0.0895497185259242,0.4420709935006229,0.015386414510522837,0.04848840140782891,0.043720845769688876,0.07948495844081786,0.004515675209540016,True
425,0.3326043060573789,0.14003076090676794,0.038399966902040665,0.0035354054343600134,0.031798625022093074,0.033909752893888395,0.03167010210288529,0.06829776866402054,0.28738194307614,0.0323713689404251,True
426,0.11321581744267217,0.3674888588817917,0.11615543717226423,0.053561290031116204,0.07589454556259265,0.005262414111932781,0.10634643613446265,0.013129995197488257,0.0046623809778322395,0.144282824487847,True
427,0.3102855996831127,0.2448982154392575,0.2459774529115416,0.01803093033437365,0.04020110213766754,0.07246833715426147,0.0004121919808069551,0.011238624680528829,0.049502712630027625,0.006984833048422138,True
428,0.15984949745008686,0.04701777789298464,0.004147784135806347,0.010133262145413215,0.14786536958099522,0.14254855265489874,0.3261373456733585,0.042932792913133455,0.057500817947916574,0.061866799605406496,True
429,0.010209598393540771,0.114492172884543,0.09259764705418916,0.09909617515856686,0.06752064159198401,0.06744335446961455,0.05285973239765755,0.014694200252130259,0.4800254687357953,0.0010610090619785528,True
430,0.022895938151991806,0.19202141438860748,0.0884510652185703,0.17844180242984184,0.1055026833707327,0.05333773838139634,0.1680855318866345,0.019487652120571842,0.1416770387063462,0.03009913534530687,True
431,0.10774339176546634,0.009387767548760369,0.043243014107335324,0.08987369254211426,0.07147729776900423,0.13279725631488676,0.030786556293578803,0.2078753326955714,0.22058649779140146,0.08622919317188107,True
432,0.007859290600245875,0.03919583994050845,0.07947003688750622,0.04900808192821522,0.2504090003575805,0.04206379242726441,0.23828937723073362,0.005365217498032567,0.06007200973862444,0.22826735339128867,True
433,0.01886861068683727,0.14454706714331841,0.10119739992339336,0.06147668147625467,0.006812295926067532,0.12121337568930834,0.0017377128743133945,0.1966214123455076,0.3314632977685237,0.01606214616647565,True
434,0.23235310088970562,0.08686372109575863,0.07717493517051148,0.0652198246841728,0.13701890929234103,0.29817178462646343,0.04242661267521186,0.005823371959502882,0.051029958808012164,0.0039177807983202225,True
435,0.2120582279736812,0.03044283039312821,0.0369199624642328,0.1764627570800327,0.05020640620699963,0.0991357450668699,0.21581563496865244,0.0816774566323645,0.09417134951637993,0.0031096296976586045,True
436,0.09951005274138627,0.20503119255437346,0.09725925443176797,0.020342506736593557,0.05741524553755621,0.05336283239958177,0.020896017264109168,0.03614471850684966,0.24883075477561994,0.161207425052162,True
437,0.1236079402854015,0.07397449760712596,0.0010254646234306045,0.0012247070155436128,0.18426905276665284,0.13703380140383042,0.09268082663481803,0.12743700128698693,0.22263610116696167,0.036110607209248316,True
438,0.06918986462631652,0.0998926986259631,0.02818765846248652,0.09140648753412298,0.00133297606419347,0.4088971173304337,0.06383384494182988,0.041016861983774355,0.10678153815524934,0.08946095227563014,True
439,0.16628789172108238,0.025336681527242635,0.0290668309392186,0.043602096139795606,0.024288032399912805,0.09908444501519287,0.15177973641370449,0.03704282485827286,0.4162832354133629,0.007228225572214831,True
440,0.020976162423332275,0.15270426215597319,0.16285432579371456,0.03905649299777944,0.01091015256152157,0.05193668890003065,0.1618205072345981,0.30275997325666826,0.02483995525705339,0.07214147941932857,True
441,0.1807833297169963,0.07377041897188007,0.0692589892995065,0.16548151966746014,0.19710927446509446,0.09424697161076007,0.03736759319367445,0.016183861536924474,0.06417913330577768,0.10161890823192594,True
442,0.0379820666716133,0.03861451815710486,0.12524785353440077,0.47920503789545593,0.05360407986734001,0.002039797639286872,0.18290799283481354,0.07471021808788642,0.00403900623043286,0.0016494290816653225,True
443,0.08253501854220091,0.09309042352040021,0.07746942466542807,0.19852531987502697,0.05755784620602302,0.07936521006705699,0.05029662633764336,0.12099303236187273,0.18304453636214546,0.057122562062202176,True
444,0.14117592479429403,0.1023567813517212,0.048606029495783715,0.018855090454439494,0.09644322313298143,0.0760438427566705,0.0819402169127702,0.015429472032696697,0.059592392238491144,0.3595570268301515,True
445,0.16806044792724154,0.07832188640972924,0.20349663022157918,0.07224785862246677,0.09614273756994234,0.09685573383511671,0.11555947311541213,0.08320424811801404,0.07936518435393468,0.006745799826563343,True
446,0.07574098601590198,0.14499933412939714,0.14228651528355218,0.01029824229982366,0.1540002925066667,0.11692877767441143,0.02829462254506558,0.05946360441717064,0.059466834897369224,0.2085207902306416,True
447,0.012008351266125952,0.05857161833753562,0.015594031088843508,0.013908038632221086,0.03670961937302964,0.054177847568045626,0.2601606766120282,0.06356086167893626,0.1663981761036007,0.3189107793396335,True
448,0.004746777418223213,0.09808259236692746,0.027116326933702275,0.02982586712684039,0.07198686749002504,0.07871504434522886,0.2700210069617939,0.03501766126463867,0.04142594604027922,0.343061910052341,True
449,0.05702183520528053,0.03640725247620157,0.008881638746264416,0.11978344366174017,0.09854276254336032,0.22934036964921053,0.0997305221468268,0.18341293222099428,0.015956408446126988,0.15092283490399433,True
450,0.3619110951417073,0.13764274110875,0.017668113745083015,0.24557981874732857,0.006250256046301458,0.0004584302556118828,0.008354870530213762,0.08717516974500915,0.024273286381388946,0.11068621829860581,True
451,0.03852202578962097,0.3540564242592472,0.07814893952362988,0.011408590780392748,0.006334056755987288,0.005637101488279125,0.028457915017401757,0.1558312791887594,0.01594968263778058,0.305653984558901,True
452,0.06052829570108343,0.21442181350828615,0.19299008106456714,0.09625891898690722,0.10128437008461821,0.2387332666163408,0.037831350598973315,0.03472957369362183,0.012512475485347748,0.010709854260254172,True
453,0.09719661848894806,0.06349800684415757,0.045046905751435655,0.2558416194909399,0.14930157909030997,0.10769029565975391,0.1811298539457024,0.004860429445064006,0.03741375160006242,0.0580209396836261,True
454,0.0466783686960824,0.03315700798869097,0.4572753205601575,0.05360217347657303,0.048323504972103075,0.057621532837949296,0.02960247118300377,0.017335169253057642,0.0032259765005239723,0.25317847453185827,True
455,0.00557751871470807,0.40234368053241754,0.053924461385088225,0.04185660661112484,0.05975641981992705,0.19986012921360213,0.002282277973324462,0.05460430731942004,0.16014220213250527,0.01965239629788225,True
456,0.02215675904718628,0.03030854047936993,0.033182604943068995,0.1483793673546088,0.09918964150565474,0.20118978482245783,0.009206808573169745,0.04180364546442408,0.24177984179980233,0.17280300601025728,True
457,0.004199353285333975,0.0076378981415496814,0.014383923770579463,0.005756143826245135,0.1716267074915014,0.01951521291363569,0.39337873914393756,0.0009493622350941756,0.2848024259625323,0.09775023322959053,True
458,0.04284157572869226,0.10357509941629071,0.22073290427944858,0.035008476294650925,0.06167424236072121,0.1469249902474031,0.22221089535540395,0.11534429733411994,0.024258038075242416,0.02742948090802697,True
459,0.13896203081405437,0.012555738266936031,0.14095434480280863,0.11553054703149263,0.02218482913340058,0.12892100305539336,0.007566725289089001,0.08433450730412577,0.08615188627683641,0.26283838802586307,True
460,0.036308081713423764,0.07605791578442744,0.05204152184698996,0.012009110704549632,0.32887469062005265,0.1715471620318627,0.18485407739945905,0.06009846967814737,0.04368588829773428,0.034523081923353155,True
461,0.19494866301772346,0.043050487971100115,0.14789260407129473,0.08956830679737182,0.04890786486520695,0.11364258460062128,0.1516281182905157,0.06924414730323433,0.06695632777908968,0.07416089530384189,True
462,0.13559323233092757,0.12240400583424169,0.034495013797686665,0.007195296719244665,0.07224022394482266,0.015779467445737796,0.06593150594843517,0.1663072599118253,0.262966989657383,0.11708700440969529,True
463,0.04343013913419044,0.12377832640979723,0.0229063536382313,0.12806496857206184,0.022054000871901347,0.12292335480655296,0.3372039625470289,0.11202444208525485,0.0010884350149849313,0.08652601691999626,True
464,0.07586878385972398,0.2962544666560129,0.0452881792619752,0.06969408764424749,0.05097263691511377,0.10355416456556746,0.09224891409419843,0.11138360550194755,0.024492909078033892,0.1302422524231793,True
465,0.05536502977343456,0.3743821790016463,0.009311029464043873,0.2459238026994066,0.003591564834878006,0.01996312423358954,0.12507711361230553,0.0281169053031993,0.01990766239391402,0.11836158868358215,True
466,0.15653203916205685,0.16973154723199432,0.10476573707899761,0.017075320939552354,0.09913493498393712,0.0007276248179265941,0.11843150596271486,0.2635384438542856,0.01982551299831838,0.050237332970216354,True
467,0.014466492519579972,0.07131380979110716,0.12952122081212594,0.041952097182860644,0.24961070097172494,0.16417311679463845,0.11938338541939858,0.0004638275614230172,0.18858154051727,0.02053380842987144,True
468,0.44159991764801204,0.041712093409743904,0.19059562353328469,0.014452311353773915,0.04110166833385155,0.00988920822657875,0.09316907994572,0.03272105026141589,0.09699321047008669,0.03776583681753258,True
469,0.12499797403859908,0.05026227474499244,0.12373779610846905,0.027007818924415065,0.00551749087375706,0.020818992967750423,0.10137777273803009,0.017465197988911017,0.2585743913513359,0.2702402902637399,True
470,0.03007784089293571,0.3839338166628112,0.0014023594462782166,0.17563805347004832,0.05035290164265505,0.2073454014455691,0.01347795576133338,0.06910455770456947,0.059443028158957564,0.00922408481484197,True
471,0.05442707038507651,0.11150292658208702,0.05469287712987092,0.017542675006139225,0.34471234361657777,0.006082768983777546,0.015944551814284166,0.14177639178456683,0.23880916911991773,0.014509225577702239,True
472,0.12601965059467682,0.03393166830996729,0.21966847969364311,0.05972372529628437,0.0220380327889379,0.2535075423455171,0.1615386723816143,0.06128229622558667,0.0108601391873535,0.05142979317641913,True
473,0.027460527151516742,0.1553149450460311,0.024296010193064592,0.11963901214523603,0.039471870260027755,0.02658277876268795,0.17953813247367698,0.2958408197210668,0.09412165823047447,0.03773424601621762,True
474,0.07683293727575248,0.10372286334011406,0.073287566638053,0.036932522168308494,0.03308679678531582,0.03530066437790273,0.1526169943835808,0.13816532127240555,0.16832294620789565,0.18173138755067136,True
475,0.07573551676158015,0.41002384471888215,0.0038685499530591336,0.07859812906470544,0.021772935981509284,0.09848110414750542,0.04724139318945978,0.0025099980418613983,0.24281726746093055,0.018951260680506433,True
476,0.10545955163679013,0.18820975457631653,0.12136746744546592,0.09238587610512931,0.08211223805817387,0.02168002518509884,0.0070095983082706925,0.1690425876229386,0.1315992330169733,0.0811336680448427,True
477,0.11525226897911955,0.0316095382957204,0.003375989740258218,0.028903264995784876,0.22269849995988392,0.02241568935168506,0.20132859253322882,0.09578275746073399,0.08518025841410264,0.1934531402694825,True
478,0.18384919479799777,0.08892390446156924,0.03009723513461416,0.1205963641285101,0.018810564721065074,0.0009369691956505494,0.06097774371074809,0.1084817289416599,0.34786978415812775,0.03945651075005721,True
479,0.014731837997947514,0.055410982913329486,0.07623737585532094,0.11427163916873752,0.13076094977649794,0.08287879956075389,0.02097523793088779,0.3020104451392248,0.16192883141390965,0.04079390024339042,True
480,0.07107599249737061,0.0900189707880032,0.03079497863138971,0.18097538356378304,0.10192609905389266,0.027100093569039627,0.035253844911822575,0.04289878379013622,0.17686446573715656,0.24309138745740577,True
481,0.036802746282964156,0.1769344816906552,0.20486969064867236,0.24631535206749008,0.01655928173620963,0.10082269708988106,0.054801697472157025,0.08756553400347822,0.03278768706712332,0.042540831941368845,True
482,0.0972545642433773,0.1156856413191831,0.03404303585016684,0.0185269747953388,0.3518466330958377,0.15184059994040822,0.02719931226947239,0.012014914424013133,0.1675313231720626,0.02405700089014001,True
483,0.12220728613265429,0.035243443729378855,0.13146726895538827,0.4114735049876744,0.05449549226724059,0.03216212611142094,0.01961242119638668,0.0013162882888199936,0.09572274371972214,0.09629942461131388,True
484,0.03909791890279468,0.11987302510730499,0.13019460258280646,0.20396412147056722,0.15262842467464138,0.05314628769054543,0.12416729686903286,0.017103571754237358,0.014245966611679919,0.14557878433638974,True
485,0.19603285851744845,0.02421615268107962,0.022428379236302504,0.018965644103482122,0.3722121154356079,0.10014423307160923,0.08752906214390584,0.0040711753062157635,0.011075772603452463,0.1633246069008961,True
486,0.08187904011413175,0.1274601284297598,0.06015272551154922,0.004510111569266256,0.10766496071396163,0.2265379651416567,0.033457943176769374,0.2624303151901761,0.08073582924293976,0.015170980909789319,True
487,0.13839721535873453,0.11499961294770841,0.00557951051177461,0.030777366935633498,0.0222862471462049,0.08676152109056852,0.16562826039522408,0.20310015352774655,0.03704490827936559,0.19542520380703932,True
488,0.01246247324866352,0.09099947649852179,0.19313154865885146,0.020343018719975448,0.07085960830231892,0.2576421462358394,0.14306465962250425,0.10570818844525762,0.056872734266422864,0.04891614600164457,True
489,0.21101663502327314,0.1417142082640064,0.0807712151932738,0.4099292546816231,0.04755576104458225,0.0028576962196898217,0.03265115156400433,0.012376814617706865,0.023999678911516595,0.03712758448032359,True
490,0.01181747554392749,0.10226458126754841,0.019881100330602152,0.03293276323534362,0.054909412372510756,0.17227858135214763,0.2889645273270034,0.225979337298448,0.0629312961328549,0.028040925139613662,True
491,0.04488545434875294,0.0392544843579358,0.02454754338044167,0.04031543651054407,0.09801449586803439,0.3908740892651757,0.12372819179284644,0.1232155713730355,0.06929347543086607,0.0458712576723674,True
492,0.006773169489062984,0.026263870323033678,0.1117121692633228,0.045109164465634094,0.027343773305424007,0.1407628594028644,0.040561052777356395,0.06084191347278686,0.32669531867716406,0.2139367088233508,True
493,0.033827975647319576,0.09415427370757401,0.03828121263963337,0.11129553773713265,0.05163442554120556,0.002771723542830543,0.09831638217884534,0.02795143178352225,0.238674368589205,0.3030926686327317,True
494,0.02409670826110329,0.041536774445825944,0.2842298725282237,0.04898111991370879,0.029080532113305295,0.11650000776074078,0.2203877798846501,0.038186535771941754,0.11562506416384188,0.08137560515665843,True
495,0.09639113852259554,0.09024960434974821,0.1316895401643642,0.043222670593246686,0.0948427696735577,0.21050145779102206,0.1163217308568522,0.01860038354458011,0.17225583986848547,0.025924864635547912,True
496,0.13229585834118462,0.03281867691744452,0.20982673515390665,0.08144884157541701,0.2748504835814947,0.04657853708600714,0.1351310341990631,0.007269276895330884,0.026393525091144218,0.05338703115900721,True
497,0.01801208724752945,0.02060911234081456,0.0496474691887083,0.030739711676758402,0.025691984187319626,0.055702531799568085,0.12497731495487832,0.3022311880703352,0.34342897204195527,0.02895962849213279,True
498,0.19731243000510182,0.27263070225340175,0.021588565063280874,0.028400536995550184,0.1379552616038685,0.09432776416923452,0.19727324845098354,0.004552281713539666,0.016025849813837433,0.029933359931201622,True
499,0.013644119223314589,0.10058795732021768,0.09780913189645594,0.048045085150343295,0.10324167005709133,0.028938854397385656,0.033847808616641745,0.17303446774632514,0.11297145315307622,0.28787945243914836,True
