ID,strat_res0,strat_res1,strat_res2,strat_res3,strat_res4,strat_res5,strat_res6,strat_res7,strat_res8,strat_res9,alive_at_end
0,0.06808089497201905,0.28313113094635217,0.016942265630111614,0.08750759589013592,0.11047438324231705,0.002650811950487911,0.04049655216274931,0.17754686522908522,0.1137893940011504,0.09938010597559145,True
1,0.06797650084250496,0.32321202808116944,0.00650909424421435,0.20096678070331017,0.07247611913572263,0.006218374112593592,0.02390319431970237,0.06300350219252927,0.17909991030443692,0.05663449606381619,True
2,0.05348660752940427,0.01073265322222061,0.0803213225272589,0.20909444881280195,0.006405430826419087,0.13300130554753234,0.37335845569140014,0.04163075990337075,0.02165617629113411,0.07031283964845782,True
3,0.025721984337237744,0.010365954689787769,0.07597796089264701,0.15611953464402498,0.033101169024441525,0.028752572264824933,0.3350446717795731,0.11282267611121426,0.15716207937139326,0.06493139688485565,True
4,0.2044677169649139,0.2502365714923482,0.0560259504653062,0.029211116696599992,0.14320465732515186,0.029314600529152506,0.06374084954606143,0.13905392960583382,0.07289805188640705,0.011846555488225271,True
5,0.05860073365344106,0.10564481409457713,0.02194349847535286,0.010308215387273684,0.011082637840777353,0.03864526649259139,0.4482451691130942,0.07083958758483515,0.10171039704047997,0.13297968031757743,True
6,0.05490719695366789,0.08216355627774181,0.22096289688614817,0.0946249830042263,0.18027775885513922,0.1028703663942096,0.09209938332744924,0.013705916036967589,0.11439752068262532,0.04399042158182461,True
7,0.10610398949710366,0.13434012550076105,0.1361786651137319,0.04110458741001028,0.16564441586693027,0.02054832022865598,0.06532428923826337,0.09675538489347212,0.08222549845504082,0.1517747237960307,True
8,0.02831752610092034,0.0783036002375987,0.1323665602633324,0.021078955728423093,0.014362438207877618,0.04750909520839651,0.18253290448243367,0.005194158623210888,0.3798470064472061,0.1104877547006008,True
9,0.07127629745146084,0.03336738757402895,0.13570890152917878,0.10437108596186871,0.0004663297989762999,0.0655750727465929,0.017635314204997317,0.15074050350058477,0.3803036632403459,0.04055544399196532,True
10,0.020929632646101707,0.21784284460252126,0.0076290767120307575,0.03532169814099213,0.39452682539505823,0.03782285645787458,0.020782085762503438,0.0411662900061121,0.10293190596830637,0.12104678430849926,True
11,0.016652938733207823,0.03431395519174967,0.002186419237078894,0.10649789972515467,0.008276933630085035,0.17596296265636385,0.21227058651049238,0.13435340659551676,0.2576086155805768,0.05187628213977419,True
12,0.26052194980754306,0.0009854420061219816,0.01892868528574728,0.25110575989610623,0.10249471845353958,0.0029520205001674466,0.04737863637212234,0.01892735543337355,0.15887578757100373,0.1378296446742748,True
13,0.029474744603991052,0.0902865789630508,0.010997465160565803,0.1248329064489585,0.041347362302317364,0.0726716937037023,0.2245250844617455,0.0025746028753158338,0.386033607343479,0.01725595413687378,True
14,0.1658339545583652,0.09947228472598743,0.026063249105210358,0.15366854471802396,0.1505017364055143,0.012737761026562275,0.13112846947244125,0.11111928307900425,0.12963101155594528,0.019843705352945613,True
15,0.07557533298877066,0.14139261910847178,0.06417350706494085,0.07226158514998984,0.03720007593215646,0.0681221794955094,0.20439666456981534,0.07043356646194765,0.03337974183254469,0.2330647273958534,True
16,0.1704843700472369,0.04310007338801821,0.04374239114638682,0.16856481548538882,0.013750256909638499,0.012440695344400649,0.0460866188142713,0.25018198952326876,0.09189808430519307,0.15975070503619712,True
17,0.041747818328672144,0.17989336448213733,0.026360151572525695,0.13612115150074516,0.010250782691508127,0.030107508174418297,0.12590282275434841,0.06627788967056479,0.23685729316574125,0.14648121765933877,True
18,0.030365802257276198,0.12190078353791145,0.0342091207152961,0.3162027636486795,0.08537115280511713,0.03882628224630163,0.12541266506682672,0.03556990860889156,0.08720199776888983,0.12493952334480983,True
19,0.03207491226067953,0.22287844169837606,0.12703028292842003,0.054757319711508864,0.017501369755574703,0.12605978765798154,0.0191025696590948,0.04608805625451137,0.2628506044054999,0.09165665566835322,True
20,0.01995487921695594,0.07016927246681,0.01129818232575098,0.2642782295949967,0.07686816104667647,0.0021997876628705743,0.06965099559335362,0.25590067695441765,0.1456376196662522,0.08404219547191573,True
21,0.06426007564981255,0.08924089827368889,0.19465730779812437,0.002997788182400891,0.3191094628508289,0.035120790411148226,0.0013242493036547905,0.08620177361173048,0.08541990652159052,0.12166774739702035,True
22,0.08089197997006208,0.1089412531853619,0.3452987439569697,0.0023439356220675356,0.17769643445785355,0.03872857606723061,0.012068179085650567,0.10549661387315383,0.002157454071745118,0.12637682970990516,True
23,0.007623385558471594,0.043941964077020716,0.11184086984700528,0.02331016731050531,0.5081696970778301,0.06130092912360815,0.07455599870687572,0.04242076779069872,0.0024579995545162677,0.12437822095346815,True
24,0.060710280155903094,0.19948268379133846,0.3909622064096377,0.016094878789221778,0.07577411524631113,0.05710429699815867,0.017328923050021806,0.05339653053006652,0.07468863765955819,0.05445744736978276,True
25,0.10614325537064362,0.18635778811224304,0.019297145718418732,0.04585741676933416,0.027206863110946156,0.3249591191305749,0.1877965496676253,0.010566548933089028,0.004599569455483073,0.08721574373164173,True
26,0.08088982981629542,0.20685534334668107,0.18966270069894847,0.10848140957026726,0.09652472102713593,0.0744906255275742,0.10821630764256443,0.06244097050218489,0.04888637063918411,0.023551721229164387,True
27,0.16965297816810002,0.22721190583709425,0.09875516169024072,0.06493565764122536,0.21031036823168267,0.0721354986320516,0.0572228768694092,0.04297122960041435,0.001556992801014928,0.055247330528766785,True
28,0.06194876609609946,0.0951059490138387,0.1862947914594158,0.20669706982025535,0.0010039173630308695,0.13847020642376393,0.06261608301955135,0.1475050090067027,0.05243893303125613,0.047919274766085866,True
29,0.20245983433583828,0.1679413151073642,0.08272903973891885,0.10248318598972853,0.16209185858436398,0.009866969947065844,0.11175411491278062,0.026985863139966225,0.060249279050107254,0.07343853919386611,True
30,0.25207283009249143,0.10548147557259772,0.07702307522477643,0.2243772043596815,0.000613945156383915,0.06417041312698932,0.09519279035586717,0.022428798066988036,0.005390284088471547,0.1532491839557528,True
31,0.0676230578810267,0.008284368849991654,0.5463138897121418,0.07282924130449885,0.0008945517725231595,0.08290677586367512,0.0843313397595207,0.034790455997187886,0.039519082621086284,0.06250723623834795,True
32,0.07183820049469444,0.16652770126012392,0.020893941035938557,0.05723268181118375,0.00743942109274123,0.0661088777816604,0.10800819607043718,0.05086365618050052,0.08784331801394878,0.3632440062587713,True
33,0.02333142509281223,0.12017574206388072,0.008095107604037382,0.4805782362254609,0.03940871228985158,0.024494729414349912,0.016884741206144135,0.14113371820391438,0.02192374760785967,0.12397384029168906,True
34,0.016351489464190794,0.08325099137893323,0.10182260939924127,0.05691053430335599,0.23946163989893837,0.14193958181914512,0.11389760005107595,0.06882233914501917,0.0029984061959446393,0.1745448083441554,True
35,0.0022033359015207125,0.14296888155199686,0.156616485919334,0.1518306530354436,0.033837086965418685,0.019520848944261513,0.0007207659430536726,0.025298591435629514,0.15168537241693464,0.3153179778864067,True
36,0.06684567003099083,0.4016055482464524,0.09467771384758848,0.0018796614637814771,0.1499025150114757,0.015549284311888928,0.09099724755490875,0.12987308613117324,0.02216549527441663,0.02650377812732347,True
37,0.000693819931407147,0.12115339887278218,0.11095201592473046,0.13326586768957785,0.23021253095780314,0.09162056943792171,0.06557984203537386,0.16221652824978597,0.07384944753268216,0.01045597936793555,True
38,0.08402416446972776,0.09593668307701729,0.0819607498285771,0.045275069760439185,0.12642095510077514,0.06322108373605974,0.06137889742262483,0.3521088414929817,0.0700239267856249,0.019649628326172182,True
39,0.23049479270574935,0.04708150505511053,0.18581787071879818,0.2421332145667031,0.024505941315232097,0.07068807481167207,0.03854881151857448,0.08674438688548357,0.001171087913312019,0.07281431450936471,True
40,0.016841137786315862,0.021724514973323672,0.07709731032212505,0.3177386903622752,0.27711905123871045,0.07002015125592505,0.05425589744729467,0.09973395444905718,0.009836646738219313,0.05563264542675352,True
41,0.13538260275499353,0.029373213149833797,0.009116458340305302,0.08236006180302939,0.014069776988865313,0.3992463845146388,0.24598269178608273,0.031012511967036117,0.0071753863343388445,0.04628091236087619,True
42,0.2559984551873008,0.03892481874004461,0.1317762977449572,0.21783956932326318,0.02352072737481189,0.022876340908368733,0.004323930992295576,0.08948058421930621,0.044481641275909756,0.17077763423374195,True
43,0.11926283448333783,0.14622057417994627,0.10156132264910127,0.2936685967525756,0.05768708073996696,0.011080661397270718,0.05440542521244348,0.03160034269321997,0.14000507834240786,0.044508083549730106,True
44,0.04219998705085107,0.002454509256958472,0.1286218900471308,0.0059737494117292145,0.05912884571373123,0.14435657124987938,0.10219904263685532,0.3551347158095984,0.014549236713224698,0.14538145211004128,True
45,0.20361211257252365,0.06195053597050726,0.09371323894936406,0.11976698544896891,0.03106518007731719,0.050289823153473974,0.027147674825154018,0.11298863050506246,0.008071674405791221,0.2913941440918372,True
46,0.18144561901602257,0.06338469405298369,0.029574917204376473,0.04189904683348884,0.24285372653172793,0.030983165119819377,0.13629189037311354,0.0689308631595238,0.04906487615784116,0.15557120155110268,True
47,0.01811828390150388,0.01163118445743982,0.09149955133445728,0.07620244308154887,0.05033140549001464,0.062443504900656734,0.28932938206241937,0.144732119739595,0.022061952953688953,0.23365017207867558,True
48,0.007378553617994807,0.03476228388222288,0.02507958902248312,0.12342224988199109,0.2932468972632671,0.14452744850573518,0.040555167584187014,0.19624110457369195,0.12263684459982097,0.012149861068606042,True
49,0.30606805224356154,0.07948984429807997,0.01764975445012567,0.03962656723283031,0.0630861099822375,0.007989630355658354,0.1276253403957485,0.12623076743239503,0.14265206255563428,0.0895818710537289,True
50,0.20429627643845627,0.14674556054875793,0.15373450482967108,0.10324335428375113,0.26655256001631317,0.03224846279431918,0.0006645420130534562,0.005231807642267469,0.04117040611849731,0.04611252531491311,True
51,0.1172531683753191,0.047243089251309295,0.000914670407955238,0.38685755622199963,0.12063334796702799,0.008240485663886219,0.05776324281141636,0.13103900532733032,0.0610205295174682,0.06903490445628763,True
52,0.015940162159629165,0.02093565578491106,0.053259877264425416,0.028185308726761713,0.07113901253258294,0.21583479298993205,0.389248619041296,0.1401195276912973,0.01636319477345637,0.048973849035708256,True
53,0.0670862881851533,0.22920682992524455,0.10448385418705994,0.014359475989482768,0.04880317686915871,0.032725007027585996,0.10898201388452985,0.2756165544279623,0.08290660784900176,0.03583019165482078,True
54,0.35066486447835304,0.05588296965507819,0.30104371690467396,0.07714933916088103,0.0013417558370340365,0.02020363251354262,0.019029663549180082,0.1122505873159817,0.04301958510399968,0.01941388548127581,True
55,0.08013677349688486,0.09215564033218593,0.014547084058350849,0.009299996852059289,0.05506736721001684,0.3391693026977541,0.10670792548427215,0.12878256066724028,0.00233715360889287,0.17179619559234283,True
56,0.06624930414027266,0.06967520177639294,0.11654778623983658,0.011814479533262541,0.32508593430491967,0.11080268082774493,0.08899608663608759,0.06893129748549556,0.04891337955114073,0.09298384950484688,True
57,0.14087664809856276,0.06441886772132892,0.10841916207968429,0.2858635929837272,0.0030306075535016944,0.12963365579359518,0.03200239564563674,0.023635042389484752,0.0646416245518907,0.14747840318258784,True
58,0.04876827286787526,0.03261691610362146,0.1641930850964677,0.23447506506148047,0.09994043989097405,0.027355205474849285,0.009907793963129255,0.05143796596368392,0.0770864607230307,0.2542187948548878,True
59,0.09309470169400673,0.027748731109003017,0.011071606498310838,0.014981518940354873,0.1240929264907249,0.31527494888050195,0.12908202676586208,0.04783455115676463,0.07896225874631783,0.15785672971815323,True
60,0.07195727435633126,0.18582749896852316,0.40794185394984955,0.01794869815137399,0.022808594243719695,0.05323971731175982,0.0700948734444313,0.11289291794770877,0.021333363424622134,0.035955208201680335,True
61,0.010969789237203794,0.05117978598052729,0.18469733164505422,0.04155625160981519,0.02030744812476014,0.023990379564627483,0.28829649355801196,0.16941825640132502,0.19325689223457468,0.01632737164410031,True
62,0.4301504737059813,0.06962518811480792,0.044525731233725004,0.043080979452412696,0.13039520273443791,0.1079961331660626,0.00580736288864362,0.07526149754621442,0.09108408814679146,0.0020733430109230806,True
63,0.11257165364024356,0.005042767022466794,0.10004136084750224,0.03168155577935856,0.166317090125321,0.04586958951216471,0.24632884223059595,0.18047066188858457,0.03381824327314131,0.07785823568062121,True
64,0.04692389630571453,0.040620383889690165,0.1731262082159599,0.04850870711538148,0.040892598983799926,0.18058818818313596,0.08106423285958755,0.2326126705005018,0.07628036116004981,0.07938275278617891,True
65,0.07196349005440397,0.026098070744121134,0.018236177659367823,0.00805569699221268,0.1746984516957027,0.06434826008254808,0.21341393776540735,0.23256155407404724,0.10818355059958086,0.08244081033260817,True
66,0.23968034806361996,0.08504976713542821,0.024879648086979796,0.021452057963269888,0.32651877068730706,0.02266017324586174,0.09182362934347736,0.0040119412503734795,0.16388000083237617,0.02004366339130631,True
67,0.02285642583652052,0.139123489800608,0.1405613180805815,0.10378320774855708,0.14170144964915393,0.017912134809596275,0.17381543545301056,0.11465014437666451,0.10559815626190923,0.03999823798339836,True
68,0.37248019856489506,0.06644731753182853,0.025370479079298538,0.08896528019667976,0.003758160531579702,0.020302777449179004,0.029478183948339055,0.015948802474926395,0.0647202201137717,0.31252858010950224,True
69,0.024915994382642623,0.30134347435862313,0.19745973639641026,0.019841671171409166,0.05563749150875846,0.07433707721560574,0.05085145213415879,0.15887169144957697,0.05048766532645985,0.06625374605635508,True
70,0.021430325369958467,0.15068996798069378,0.03955574794009436,0.06498179027474571,0.019049696731567336,0.17339263592879395,0.15293926475194022,0.17370864256471627,0.06603898849400464,0.13821293996348538,True
71,0.024900026949179498,0.06488163962972895,0.4212711956920952,0.05526866484339186,0.046454297091386806,0.04804267800351083,0.08621903047387709,0.16895075516289432,0.012548511186335926,0.07146320096759928,True
72,0.047602466393764045,0.11633708028798766,0.24971756873649778,0.04634335113487854,0.07793834028473344,0.05539052788055479,0.09176214370815222,0.04418399713863774,0.07692944419804108,0.19379508023675265,True
73,0.16306766069554773,0.004926400324256521,0.22737708708741625,0.07545578615177394,0.021108946486393294,0.12385282041976163,0.26794208321246965,0.0008327826875851989,0.10689207068381396,0.008544362250981917,True
74,0.08098718482150577,0.13677904545356573,0.028350849613649025,0.04958648695863417,0.14643330278552458,0.07449312149961781,0.04503061453917771,0.21845250437670538,0.15046822655017897,0.06941866340144091,True
75,0.1737761479392649,0.007188483335047045,0.2523249345353236,0.002451560316005649,0.17370649777726432,0.048160152524218035,0.009060741824954904,0.0040009491285225955,0.25559185043332744,0.07373868218607146,True
76,0.04765199696900762,0.1287390384579918,0.33911112881045324,0.02149935456612156,0.10807089405452301,0.012802963984043216,0.16262835732724362,0.12038303093288867,0.0582013109494649,0.0009119239482624062,True
77,0.10493771557152769,0.0172892276504847,0.06562169586416626,0.012858798582231776,0.11384576947976117,0.35429475103538405,0.05237139221640272,0.13792856939496115,0.11951004025845896,0.0213420399466216,True
78,0.07511721960690608,0.1627061368417022,0.13597569344970273,0.05526087700377803,0.08450157052231297,0.16517301820393876,0.1057342853216257,0.03370299792069748,0.0624744441751586,0.11935375695417741,True
79,0.02058373069203932,0.42483600128506666,0.0652270541340816,0.10228438982983575,0.15245029668980628,0.05703504101542057,0.09991688917236556,0.014359844834916705,0.037388565089918946,0.025918187256548566,True
80,0.05654923288403301,0.2238110324038537,0.10989738543103104,0.13673269061597565,0.04012909970984491,0.11878723021001449,0.09170112827259382,0.13521149776918992,0.016587537888176934,0.07059316481528649,True
81,0.11658519099793616,0.12271201060064062,0.1325054099716086,0.032365449880018986,0.181717471254738,0.014201380239229134,0.2402435158830758,0.036973535390917016,0.002863590323352719,0.11983244545848287,True
82,0.2443487272749037,0.07192955676249801,0.029370946498189828,0.035185519224343376,0.03966326493864563,0.31130517049627787,0.06967875031669574,0.14543160124494253,0.05044015355434578,0.0026463096891574467,True
83,0.07441674553964689,0.10447527261756188,0.2070733267752534,0.20242836858478977,0.07348406006841132,0.18313741708620387,0.04393794016942865,0.0711315143228574,0.01257632051552036,0.027339034320326448,True
84,0.1452634664271714,0.044338816165095746,0.01919619923472945,0.2821919727119401,0.03801678423870353,0.16848717655462925,0.11493024412840831,0.08879573162214699,0.04056504575226385,0.058214563164911304,True
85,0.22911659513906338,0.09805265695283746,0.05161246538061304,0.013899658880204549,0.026529758499013904,0.10967170251859373,0.14014176197608322,0.16961091837825923,0.0595198648411963,0.10184461743413513,True
86,0.056850668468539804,0.04119020386600443,0.4444621738805126,0.1386281928971681,0.019881710853172214,0.061155257790951156,0.009970475612313163,0.04394453471052659,0.11869288823328614,0.06522389368752585,True
87,0.06551429699764233,0.006424653018875574,0.3483551091093969,0.05807247562610187,0.11039654635394575,0.08919169322814595,0.014079147720937992,0.06328815348208562,0.1202293950596368,0.12444852940323113,True
88,0.18323288223635278,0.028789088828801556,0.004073649145969683,0.16334584310364747,0.1936143466902879,0.09378726984929031,0.036116536426886586,0.0027938810864059807,0.2502901622276579,0.04395634040469978,True
89,0.04051138112807269,0.005042636585785264,0.12809099210296535,0.4640142294321887,0.026881361420382218,0.04910974866080332,0.03885651729180048,0.13059027214469424,0.10446346975691101,0.01243939147639682,True
90,0.06984665246350925,0.16258651122309836,0.1261882228766437,0.138628014419616,0.11928999978971376,0.012467763703792132,0.05887343340034405,0.011755592254527526,0.008910821366618062,0.2914529885021372,True
91,0.10320684835167306,0.058891040462304145,0.07792201704111608,0.30798113250256515,0.0012703816444050583,0.09811033322180485,0.06880385040064012,0.02387703908594185,0.006383286159241859,0.2535540711303078,True
92,0.006861710438420164,0.002594446974149485,0.012483979957232978,0.39129067266124884,0.07639655795602165,0.295739920645245,0.05718009207760908,0.0675659783004438,0.042141620266263134,0.04774502072336587,True
93,0.0182452020451075,0.22303473720913586,0.17777213985226378,0.23979515031170934,0.0238930269332807,0.06336298402965482,0.08285782779560102,0.05291403556447061,0.03235156914157965,0.08577332711719654,True
94,0.10958425726307022,0.11273697863448809,0.09635797685944063,0.006903989008496131,0.21192555455614326,0.02820919238793981,0.317303682566162,0.02606328846743193,0.09009319840209286,0.0008218818547351305,True
95,0.10579125879309505,0.02083835880781791,0.076542083917151,0.07292279020967657,0.10141361183298715,0.036784798205179936,0.08878515837614137,0.148408910544672,0.21044746658013,0.1380655627331491,True
96,0.038743912317787094,0.10598517674544693,0.02397130335311385,0.21676919522121327,0.11384705893010247,0.12805244140862757,0.08640201167495973,0.04651727765335906,0.1374483749958581,0.10226324769953184,True
97,0.17270412410366984,0.0328797756959625,0.12572798016631817,0.03288480615459074,0.23224955344980522,0.17896317474821938,0.008070579609356964,0.17686147517441825,0.004154853310484866,0.03550367758717391,True
98,0.16045009982393885,0.21806256799334656,0.24333159244126865,0.08553036708137454,0.009842943940953697,0.13592083344164213,0.0013243176524753285,0.05083727244989931,0.01495487184681894,0.07974513332828191,True
99,0.34594615428257947,0.07919090058102805,0.028645150904779912,0.11055951384545108,0.05356914828885244,0.04973951909490792,0.1250268195448711,0.05690951811030238,0.049219786264157545,0.10119348908307003,True
100,0.013007655205335407,0.2212851685221496,0.08070623343682465,0.0764226951342453,0.09406890039742767,0.04087277729324108,0.11110581190194536,0.02933757541232217,0.31202611774872835,0.021167064947780458,True
101,0.039257443962138705,0.09237372486869343,0.1409359786540905,0.10617876863292917,0.007967105081344709,0.294309328521519,0.02123941289134915,0.002784610590939773,0.06802821560461955,0.22692541119237594,True
102,0.09321148139561673,0.02147296234568423,0.12593915138599904,0.0001017458992181767,0.05180722978175111,0.1557214073380685,0.027780302150997707,0.2660316083614459,0.052924002012606844,0.20501010932861158,True
103,0.02285571390692251,0.0793600969894318,0.019362514812689514,0.04852397651175194,0.002693108529865098,0.21171360809189363,0.09901341595559252,0.14233018752318208,0.1350311991244332,0.2391161785542377,True
104,0.10014087087621422,0.026448000760509766,0.11134105588175128,0.02866450383898426,0.17669243284380748,0.08427751695491621,0.10642350529645689,0.08214617311571817,0.22341661792696155,0.060449322504680096,True
105,0.18043035148530037,0.09454773148234046,0.03825951938459423,0.033552703930685476,0.07224081635301996,0.07439019128704843,0.21435150481577842,0.06562438651982272,0.19172027798605987,0.03488251675535002,True
106,0.02464286299992657,0.043825335832920025,0.011319275818494446,0.12146316456374577,0.15659752635326066,0.21566931112462684,0.00496297866854002,0.11209790298049191,0.06687980792745923,0.24254183373053462,True
107,0.1601138597540987,0.024176799716495927,0.1122014209630507,0.0020023039489626723,0.2717763857983844,0.006792191310421865,0.027651180259846784,0.13023564988387423,0.17824969424263215,0.08680051412223265,True
108,0.055332948379294825,0.001122181324442314,0.24304418171322895,0.09436094350290347,0.09134733445893102,0.11574141413035038,0.1388457891958123,0.07064148904970784,0.08162953395519673,0.1079341842901322,True
109,0.03899335450517168,0.23616180480222407,0.06898765456912942,0.06406178448716986,0.09936580816258843,0.12856267442459696,0.030731183163279784,0.12522834764722524,0.10887480970773963,0.09903257853087488,True
110,0.09975673784091153,0.00337514501684864,0.010692472899943902,0.05914724761704061,0.1044123998880516,0.036546165467897955,0.00026505049004900714,0.15020963623749253,0.2518282145694813,0.2837669299722829,True
111,0.02080978562802813,0.055071698435232415,0.24728308150955688,0.11568412818636874,0.13707668397719855,0.029679957478695087,0.055911180969375286,0.17246282380644676,0.13934645932944748,0.026674200679650675,True
112,0.045698537893779353,0.21574836040218148,0.012564863541873824,0.00030449889644120924,0.12381729409821597,0.03654210154112644,0.3409546370912466,0.03711440585156409,0.028342423272599435,0.1589128774109715,True
113,0.20087435068532433,0.024424016141879973,0.20522369877704943,0.1044847536036522,0.06233889203778401,0.019127239555882122,0.1555275595287535,0.201658430610875,0.025290686384964133,0.0010503726738351647,True
114,0.023566795777522687,0.16717448217371916,0.08965397253295461,0.20152392130386404,0.183459113758291,0.010967693148499724,0.09710251092928668,0.17585533857182448,0.026245669631548982,0.02445050217248867,True
115,0.006158956594110228,0.10299099886935262,0.061314102006091914,0.10251174567413848,0.05258255807863381,0.1290934145693196,0.03666896813593024,0.11840673247778598,0.24373046749197683,0.14654205610266047,True
116,0.03535080119696334,0.14601741998511847,0.07298224231830937,0.0024932853574403443,0.04301145056350199,0.04401229341288916,0.28588063551449605,0.14072629848733098,0.055030602170324835,0.17449497099362554,True
117,0.05028484449797433,0.2841220418161668,0.034659744085572174,0.07007532824189522,0.17133962658556345,0.1462125608930428,0.12438943352463758,0.027392447713021798,0.07065373513088877,0.020870237511237125,True
118,0.23757354818278115,0.02527961915615877,0.13980066990692191,0.023531518603622483,0.04048627459931443,0.3512893692141222,0.03201601045416686,0.02739038365707264,0.03253234361303052,0.09010026261280894,True
119,0.0009646969229855897,0.0190920415888924,0.013821982919991455,0.22209713908004544,0.0038885132130819905,0.21285008952104403,0.14248210777337825,0.0840581534708978,0.11894607126457302,0.18179920424511,True
120,0.005173800596387796,0.07633515269604478,0.023721820530883814,0.026782303874100535,0.13243161384957539,0.045006059757487206,0.008188465161590391,0.19651263600004107,0.31608534718558323,0.16976280034830568,True
121,0.06895206895563574,0.06455105227642642,0.06296243122495015,0.10958380542623236,0.09990180287782445,0.14757498740252428,0.12622921504070633,0.02034283230429985,0.12995172921465886,0.1699500752767416,True
122,0.10292800548346732,0.19049930261019843,0.08013152345307126,0.10126598051803018,0.04608376290819578,0.08632519830903046,0.03766655634169822,0.08089406617810727,0.010182548989766166,0.26402305520843505,True
123,0.03368434663081996,0.1993644723434953,0.0991502191057691,0.12620971430389813,0.004340792431409337,0.22250238790749732,0.0062560780552100995,0.04091559356189379,0.24504200445094387,0.02253439120906297,True
124,0.08131918294676643,0.03953654642826494,0.03647100586077077,0.06306627585005987,0.0781026601006772,0.12041001614906728,0.38408067473822144,0.053517159163384745,0.04844900850018773,0.09504747026259969,True
125,0.015035591323213244,0.04803330114786446,0.10971693001312519,0.13140590567352864,0.048958198145218394,0.20180695613400293,0.09572129964824479,0.0877066705057174,0.038884961483216886,0.22273018592586807,True
126,0.2502947039311151,0.025997577300956816,0.11405218517413226,0.07676120527265784,0.11170754349927521,0.018797222359141403,0.23672738845823751,0.045612277960610265,0.055048353144101746,0.0650015428997719,True
127,0.23702190555839503,0.16357315943040196,0.1588902387422387,0.0036194304496908795,0.0014655840397225575,0.10208718785694439,0.028885128639510115,0.20764163040817177,0.024257331194191073,0.07255840368073357,True
128,0.2258048301503451,0.10453542590853374,0.07321925677537566,0.04733927567759659,0.08739026253875368,0.3302428838746556,0.02609232064817078,0.059445520663092735,0.0069287103557962105,0.039001513407679975,True
129,0.024264794641726067,0.002496461506407961,0.044795119321434984,0.08467636575461238,0.36410872482027185,0.011928351584327604,0.0002288878886684784,0.2306511976648577,0.07590842156230318,0.1609416752553898,True
130,0.08692271832807985,0.1526180787050332,0.24385959979940072,0.025081506506617158,0.03023906611598563,0.06243964080503423,0.02494820305649142,0.10136215871876991,0.04877993979413756,0.22374908817045028,True
131,0.0279716221366389,0.007021852669597018,0.24639833196661712,0.05873040538950768,0.05862204833235689,0.0047392303009204054,0.3544102361584434,0.0773347961820042,0.10928649705055898,0.05548497981335532,True
132,0.006330736685106307,0.16616811422109545,0.2572081697290198,0.12195808287957732,0.04157431401331009,0.005073351254361871,0.08260390623232766,0.20990670617258003,0.0413939561431822,0.06778266266943936,True
133,0.0015810497452392867,0.009899621665827467,0.11679744881701129,0.004690335104204891,0.1096865785678368,0.025693296771711508,0.10736443781739236,0.33031660218248415,0.16424051811755852,0.12973011121073383,True
134,0.0426618956436394,0.08251054281299625,0.4162207381824287,0.16236962033144978,0.10875877644515353,0.0019100287433115432,0.03169702104218313,0.0935920315001443,0.029239577714378687,0.031039767584314787,True
135,0.1494178315698103,0.054706920380249845,0.22006825864606913,0.031787169174699884,0.04842296988296417,0.08530920438161792,0.17842169203962296,0.1739667345638639,0.021379583398702946,0.03651963596239893,True
136,0.04205440142422817,0.07011938311566998,0.013919253097089688,0.010189126739112691,0.31847328007364384,0.13512477623153302,0.02496180494289252,0.22829546621539362,0.09778567212728842,0.05907683603314802,True
137,0.023961173173912442,0.0011856227682980353,0.16853020551383982,0.0993964370949965,0.16520918311771768,0.12479848167953811,0.049699731234350474,0.15781106124233765,0.1255928101351889,0.08381529403982045,True
138,0.11377530895414933,0.08032939958430142,0.015081835225119406,0.15984028182353738,0.0632593268626294,0.09017320308496891,0.038946407138295176,0.08675299077540959,0.31841493192144804,0.03342631463014134,True
139,0.002715571345717606,0.13963578004068938,0.1146369540745235,0.09726159048263876,0.01733919026690488,0.03608531384441429,0.16600627361598952,0.07917558143824366,0.2753454634464175,0.07179828144446085,True
140,0.01082806506925465,0.26702995015981007,0.09804454685590147,0.073069921356941,0.1678333618478869,0.1496546642985506,0.09138114766052297,0.01771895971659473,0.0973041924633894,0.027135190571148163,True
141,0.06271792175495246,0.06516139320819975,0.06884439094749188,0.15174382862203106,0.024528993390295954,0.07576686515683029,0.16306608754738414,0.0826736213775712,0.22940160620995287,0.07609529178529044,True
142,0.01678664414834251,0.11475995562376108,0.19652871464227037,0.13165495842145333,0.047776287644185594,0.10781745121802504,0.16440030130436473,0.1374154618847461,0.0015616938349673096,0.08129853127788397,True
143,0.23465347768775457,0.06445355564665343,0.032878186005827224,0.0723457447187677,0.11817091338742064,0.09702651447606739,0.08143711456172835,0.0063695099980560065,0.050073070826463666,0.24259191269126104,True
144,0.06637448202606064,0.13854452175446116,0.024400802380225177,0.1448478587669004,0.293481703176806,0.003148860696662615,0.04033402062282926,0.23652419218662013,0.04115054056725556,0.011193017822179031,True
145,0.07523085886994314,0.03219812665560064,0.15406275715053816,0.015893985955204245,0.23331195148521305,0.07064303455351477,0.1938762780634374,0.10880290382524065,0.02577886392065122,0.09020123952065676,True
146,0.03918957677057943,0.052682521097728516,0.09665493870424816,0.045795161822191593,0.02145178227658472,0.19824453981841125,0.02609445748240579,0.25666380280806395,0.008311092704281394,0.25491212651550527,True
147,0.11555160483322104,0.022882712861692387,0.05933610319290572,0.2892848807604551,0.013506195120067638,0.016188040152749793,0.08364865347332351,0.052382768489554574,0.09361321944705762,0.25360582166897266,True
148,0.08920786819515213,0.08427445346457711,0.05794509622625821,0.05537769636707422,0.2434449637639246,0.02301631092183343,0.06235486126615824,0.032351209120084524,0.3323133772017682,0.019714163473169323,True
149,0.09476268136357703,0.03149598226876437,0.022423183556517123,0.16412271780280704,0.017620320211880546,0.055975761923480694,0.18539532298976433,0.2763588539181112,0.04506498795090486,0.10678018801419291,True
150,0.02677022222497726,0.23772756712334167,0.00647029716806782,0.14095449101162083,0.10371058149985639,0.019909125179275344,0.13586355141935944,0.010405260816285023,0.19448832146756878,0.12370058208964752,True
151,0.1910837298721915,0.07007061097157903,0.08455960548652909,0.036687619460108144,0.15364332579358186,0.1859678403531755,0.027105551054015364,0.24544579657068388,0.0020034624081415662,0.003432458029994085,True
152,0.00012386507602329619,0.027099251811534938,0.15770585408017956,0.26551051822300964,0.28309098810284883,0.020802396600442995,0.08296285672037058,0.05517942094433371,0.054707588868620614,0.05281725957263575,True
153,0.17155542023318246,0.0205286084744581,0.006147921293374011,0.037037580064979994,0.2250013355200677,0.06168349411921278,0.35636510744343297,0.06315695261972318,0.03718491322865978,0.02133866700290906,True
154,0.07165479846519308,0.031273995079287686,0.007602327076821168,0.029847064828839736,0.1430803348723868,0.05156937386523974,0.1596096408676279,0.19680772760666096,0.022806974678374406,0.28574776265956847,True
155,0.10680380951713683,0.035613171288398554,0.2922057902485467,0.1874085672399162,0.16832381239285532,0.0406124069467834,0.01678954000192602,0.07692547862648301,0.005603521773021715,0.06971390196493221,True
156,0.1294431347076978,0.04222771466983404,0.09580899872067405,0.0018256741591554243,0.155716307975517,0.29648651860024616,0.11384781656449414,0.06254329710676698,0.01924246913019516,0.08285806836541926,True
157,0.016833405693470145,0.005864296061421328,0.2904375953879721,0.05779894048306671,0.023492985080253506,0.2324451702727043,0.035345441334698136,0.17237522703217925,0.09194599453204716,0.0734609441221873,True
158,0.055303516597964196,0.00868671369389452,0.046584348443257546,0.12152420098519873,0.26409303451855437,0.2879960539545214,0.002898501258610502,0.018248438755646527,0.048846259606774425,0.14581893218557765,True
159,0.25930865040370904,0.08519176216562453,0.11019266878923602,0.040549703632708864,0.2957195495191196,0.08143755514678692,0.0458019474396019,0.0010400206170596694,0.046206338078057636,0.034551804208095754,True
160,0.08521648020507867,0.06451734781554837,0.1470587814513041,0.01904576550039486,0.0295823999619275,0.047059117772201224,0.15775478099152565,0.16173197006648085,0.1482990623153227,0.13973429392021616,True
161,0.1436700685479712,0.3256122625299154,0.03590185763248897,0.02611356878085088,0.15446031152390347,0.01801800800351645,0.12424612675927735,0.027179658839131208,0.019563073388762724,0.12523506399418247,True
162,0.01952223250117048,0.08316453753424691,0.33721994765267316,0.3438470550966594,0.021897124004777817,0.09873523660353373,0.018233819921668733,0.02959974114636225,0.021074697064466765,0.026705608474440576,True
163,0.07590044561877356,0.21637412768413822,0.010790050452477778,0.21584985605557575,0.14668974612163269,0.12506353019835212,0.06133839770385948,0.011334821611894787,0.02268397262081145,0.11397505193248413,True
164,0.1589056893362663,0.059543270390731505,0.06923953434202006,0.010681695088740312,0.0467804545839145,0.057417462154814004,0.4717922142256452,0.060114930515962214,0.015313676218058363,0.050211073143847436,True
165,0.019945522267929915,0.024505580424079354,0.06913510432127885,0.31763870713121617,0.031178826455265762,0.2474049438614989,0.03368995040196915,0.13410062801655612,0.053202583073010894,0.06919815404719486,True
166,0.2041451668007973,0.0035476438943037587,0.014417898151676942,0.027351086080362855,0.10923427915198752,0.28929731596580466,0.07341940494423506,0.07721349728892615,0.14790092301855376,0.05347278470335186,True
167,0.10789458722589132,0.17282935949702563,0.05630464587802214,0.014848577863058154,0.05441457889744842,0.26368203071547974,0.0033014024910719177,0.061571728793491515,0.02443607818699363,0.24071701045151736,True
168,0.12176536199857702,0.040943013320490135,0.13676149213261718,0.03650838631528464,0.01902820753141929,0.204773128444204,0.08544252446133538,0.0013256990926684776,0.2752594519545809,0.078192734748823,True
169,0.01690656703901704,0.14765236409359975,0.0076853148983870925,0.023665640318741313,0.07201859841970693,0.03208442187905142,0.09634973330219868,0.18114015352523813,0.3102410887913692,0.1122561177326904,True
170,0.016846900079949493,0.061770629243668385,0.05567399927333482,0.04726104572761353,0.053732009130437214,0.12568466986049123,0.2931979336748173,0.14178909886564195,0.030264974258223547,0.17377873988582246,True
171,0.06797587898487593,0.1175047141408919,0.04986703575703497,0.16129606216294823,0.0344054056844752,0.2483826096091192,0.1108450274761978,0.11375302298594069,0.0321429403828193,0.06382730281569676,True
172,0.06520866555325297,0.05342286200485414,0.12936437861094272,0.27201045959730086,0.005054709794534604,0.29889466748126137,0.02592970644001443,0.1009187257836937,0.04468917915125659,0.004506645582888572,True
173,0.05135028380703756,0.07130939542650766,0.08321901621520995,0.060112966480735254,0.08584487162930422,0.3144560034396848,0.03365890968525711,0.17162756854784866,0.07687370610177977,0.05154727866663483,True
174,0.15958888583147302,0.17244069754001698,0.057727349476224196,0.13027926680203228,0.0021314123696367436,0.12495656170153188,0.09427998883775054,0.04981250104513418,0.0021606664234214896,0.20662266997277853,True
175,0.015050404412067906,0.03463066950544976,0.17303634677319568,0.21142933866713476,0.1343138044317632,0.03642080691617649,0.14720579582428264,0.07395753329062102,0.025896371642485705,0.14805892853682298,True
176,0.07040511612998211,0.2064094349034967,0.07094284593702088,0.12388584679095056,0.11748852738454524,0.01791136648846815,0.04388738436436896,0.2429438262698312,0.08770057619930013,0.018425075532036008,True
177,0.046552028391838265,0.1778311708066769,0.030065293060322813,0.013428272907053214,0.27225868309465645,0.22425988194362795,0.011797554189048608,0.08477214774500894,0.05112436746200506,0.08791060039976188,True
178,0.09185056491513822,0.050288559214724936,0.22511343739710832,0.0015552974504942304,0.11438886830933764,0.1418486262456381,0.06927584420558215,0.16753939608021517,0.024624673232877092,0.11351473294888412,True
179,0.030758301338452164,0.08429925206040607,0.041653863848649726,0.23263676844251865,0.1373450290310918,0.17652104078130954,0.03603069067911681,0.036227641322417556,0.09625525901604844,0.12827215347998933,True
180,0.10986830012688276,0.0809877420203808,0.019703618602562565,0.14304780969380296,0.08623230027438668,0.41096371421324734,0.007822280809578256,0.07327106594348629,0.05246108262511046,0.015642085690562062,True
181,0.1083843233701208,0.1953659055204677,0.10968750005531133,0.09941384134794413,0.03535821302806042,0.02789452994621472,0.04300671253280612,0.13112093461936872,0.2475361592613471,0.002231880318358912,True
182,0.06460088386454607,0.07843853607987329,0.036135043128246204,0.2810800888470391,0.00300022354607156,0.0167674849799452,0.26553362058566077,0.12264261342476658,0.11506059956899906,0.01674090597485229,True
183,0.02813341532283043,0.05678283358740247,0.425343419408729,0.030227259423945302,0.07966517046044713,0.16268881929218565,0.025607247718630762,0.12800709746438785,0.0392637516849075,0.024280985636534032,True
184,0.40115787470191155,0.0025406650679223363,0.037328497694352494,0.10779862147743463,0.028963253573872562,0.2738643821230998,0.06870968842945131,0.021758975542900016,0.0381329117746241,0.019745129614431232,True
185,0.09930030800456345,0.23790085431529662,0.040638746330692886,0.007391815318620047,0.1962696274115656,0.1421899947103464,0.0006648068586639743,0.05616203212994046,0.14546693976565261,0.07401487515465803,True
186,0.15523583856339818,0.0988826826040403,0.11835354561910753,0.13201266932609987,0.04756705039191222,0.00373585200768812,0.11004113604268723,0.2911420977917348,0.019222009557357086,0.023807118095974637,True
187,0.018852059758998188,0.027530432933056216,0.05648293373663249,0.020741189111210846,0.05681277887506876,0.11967075439497978,0.1472364219270031,0.023615495335029223,0.3995004081124049,0.1295575258156166,True
188,0.0790044353737538,0.056924131331272367,0.06357471357486903,0.30843526740995064,0.02507739769922883,0.043119618817303834,0.0026841831779616417,0.21954855863469852,0.04227520554208697,0.15935648843887446,True
