ID,strat_res0,strat_res1,strat_res2,strat_res3,strat_res4,strat_res5,strat_res6,strat_res7,strat_res8,strat_res9,alive_at_end
0,0.034279331016933826,0.21376175748786216,0.03163308313018955,0.038517893572608805,0.0030139884035165028,0.022266700817130725,0.030388251312976927,0.3308443783877735,0.06595260872251167,0.22934200714849629,True
1,0.1253247701613712,0.0793310859578631,0.05335875457307981,0.07403579277006891,0.16468654413570422,0.1493510781777565,0.003003430555308611,0.31218798207547904,0.030912243629176037,0.007808317964192762,True
2,0.03349960031981538,0.13426709069173953,0.18646992065287937,0.06510317429742707,0.12452754195883357,0.026535054646559062,0.040046871139240034,0.07424130946586717,0.16776094056938476,0.14754849625825406,True
3,0.16217733257170394,0.16411250509492611,0.02524376829724317,0.028646375943396717,0.08123420280778174,0.027561013568219918,0.07081970088667144,0.08680972723780013,0.11984756021147651,0.2335478133807803,True
4,0.0067756535507851635,0.02989679688153138,0.09363168471194895,0.1208967933528911,0.28130354314649453,0.0627731824607717,0.16544917495874525,0.1225686667387437,0.09182064961480728,0.0248838545832811,True
5,0.01757602046443435,0.22346409207397905,0.21466979629932104,0.15612156810635444,0.0219913745991862,0.14324519829203616,0.08690654278165943,0.0770009268057268,0.0013626627844421214,0.05766181779286049,True
6,0.014532934876969706,0.022946073970289256,0.23748039249015446,0.016576858281554842,0.12378543536050457,0.3705332840204452,0.032161555431686,0.045336711870809086,0.08912015115810817,0.04752660253947865,True
7,0.22917878651373577,0.028466386320446728,0.014513297755079495,0.07309020372606943,0.05428838295675999,0.2597592206509074,0.009385561649815586,0.1058304376937123,0.022044647611372332,0.20344307512210094,True
8,0.06689896208258014,0.04366828101466374,0.17561062792259194,0.14833337655567,0.012883440406770929,0.12156374837203382,0.1569217411547934,0.04012248058698087,0.153084840214882,0.08091250168903306,True
9,0.017039650730013192,0.09350912242193783,0.06801750164599507,0.18144849074764643,0.0076349026324305305,0.09407413641207313,0.11804162766753298,0.17445026870613645,0.2125750492096589,0.033209249826575596,True
10,0.016575037179610116,0.01414794892346954,0.039370175249061716,0.015265622137633947,0.09115151130054938,0.46812148462519243,0.0633785771102729,0.07748343403898061,0.15924847210309792,0.055257737332131324,True
11,0.06559271554714469,0.09904281504437765,0.14342063331128552,0.12183027721276643,0.034585325410914095,0.033568712606895014,0.02902287895680077,0.25084100845504215,0.13812930291298844,0.08396633054178522,True
12,0.10721492808092023,0.04692990763754742,0.05889049509177874,0.26526608415584874,0.23716025862132267,0.08695624350884577,0.08094693276867403,0.10118082486209984,0.014397731541674832,0.0010565937312876385,True
13,0.03798319520288484,0.1274652249142199,0.10222770266937085,0.17195613287943373,0.07706990762613132,0.08011070810723314,0.2985248709323592,0.07769997033313693,3.369517857875203e-06,0.02695891781737207,True
14,0.09082075955069796,0.015597005436027373,0.09932570010179344,0.0493120163486265,0.05957525469049348,0.2883815550742664,0.02906729931290144,0.03640035082098812,0.08311135958116529,0.24840869908304009,True
15,0.06308492049502923,0.030421916263023832,0.11811734335470239,0.052689762461175876,0.22103712391639535,0.2000463653064662,0.05912302610095226,0.09818556734472474,0.1535480461397026,0.003745928617827502,True
16,0.19960069267369748,0.049048678760348706,0.0013616658763406376,0.11162164289245168,0.3032473570744568,0.10493509850317984,0.03820754653219783,0.09434534263666627,0.009358669815986084,0.08827330523467479,True
17,0.22725510150992506,0.04699006090548901,0.12060462027856529,0.17676330663349,0.008985600838060284,0.04773036580357654,0.025761676537638948,0.002454638451617016,0.1976872159345883,0.1457674131070496,True
18,0.04888873464350308,0.26072758732441587,0.14305602723181907,0.1721180095889191,0.0524968208300688,0.028157901740303318,0.10831183547085546,0.10868985447760611,0.07219952754168872,0.005353701150820431,True
19,0.03845250015662542,0.09740071413057852,0.015442951827428572,0.1760284657090111,0.2527012610182965,0.0655978710939426,0.0034002302113354025,0.15591508722171069,0.010027325650960447,0.18503359298011082,True
20,0.27675227269045044,0.10856900523888993,0.047029443490093914,0.020392936720653426,0.004501988017584963,0.02321191343501139,0.10424274871685875,0.30988865795996146,0.07021118056038324,0.035199853170112406,True
21,0.10631951784283693,0.008886601708762466,0.022565919190150482,0.004693500880709918,0.16180129645022423,0.08225284457041439,0.05432105150986916,0.2355618139124361,0.06089030188750422,0.26270715204709205,True
22,0.07840970482613471,0.0009622882732848548,0.19263551372134277,0.15154791610951254,0.03958393083252235,0.23458161167382224,0.12342188500067941,0.08003872878066368,0.022532146796706974,0.07628627398533054,True
23,0.015722850291951446,0.12174110609783036,0.06652099698805154,0.05855827840852261,0.04436328758919013,0.05512638303001133,0.27905929594435397,0.2723220254241487,0.039721846469953914,0.04686392975598602,True
24,0.028014538313180296,0.00493642345121566,0.14217640998029926,0.35891063595993516,0.03353961885994509,0.16240103321283428,0.15270529098502136,0.0755422241861885,0.014996576124286686,0.02677724892709379,True
25,0.04381928332806484,0.0492518176416976,0.02501303643028199,0.11565347460637283,0.23916367191451418,0.07754657353334046,0.003848046272505047,0.22898921989139928,0.0800948338192056,0.13662004256261806,True
26,0.08937239572364665,0.04538808025683425,0.014708054337527542,0.021473730079294956,0.002423356762806412,0.0695615820000531,0.06120477013754677,0.18827114563434239,0.4975528787704345,0.01004400629751336,True
27,0.17770792724407966,0.11427469249035646,0.04212266859934137,0.05747248693072674,0.17458778102204306,0.07443385337742557,0.11967122394711494,0.0010968734918061973,0.052547794555192685,0.18608469834191316,True
28,0.05472613599738999,0.0009876126228919278,0.1062923057098535,0.3350729005921331,0.03776899024476024,0.12097636501171803,0.014768799273772693,0.03736199869630309,0.1450316494096001,0.1470132424415773,True
29,0.16124363006906842,0.07206810482373348,0.09135297842678583,0.24536558192784783,0.010529529716975511,0.1650658861621568,0.09085760313660392,0.09042005008524685,0.055474413492996005,0.017622222158585422,True
30,0.0052747937187899545,0.203794946692908,0.0072686801956302945,0.08623634233059266,0.03396754422529065,0.38006454694917924,0.02533900613152384,0.023213227593922543,0.14210739357520413,0.09273351858695887,True
31,0.11944106276538191,0.03955106459933888,0.022348281723303703,0.15204108982828599,0.25610614728082015,0.1857927878146352,0.10919008215733243,0.012162883125324264,0.029420688691876282,0.07394591201370113,True
32,0.0037679124170904273,0.0494370746416094,0.031517258739032473,0.16629929551849207,0.03510620802193812,0.4168610136842416,0.0916580282366486,0.09850740552626387,0.06840197072609581,0.03844383248858751,True
33,0.14081392920100286,0.11445720394656701,0.04357067113241801,0.055828708874831066,0.10130245027721269,0.0028267773804247424,0.02270135891308911,0.38869820506364905,0.002878165804802455,0.12692252940600307,True
34,0.056561486487687995,0.11729202361648343,0.042661492488249374,0.016587808929761232,0.18618417134732856,0.015849147419012537,0.2577060943439958,0.019783024878383716,0.21012690816273236,0.07724784232636495,True
35,0.11032139747610116,0.06451675426125146,0.3009754423192771,0.059817947737126585,0.22538443833311728,0.06486837088556571,0.09421968430431517,0.014728817805160338,0.0018334246266333658,0.0633337222514519,True
36,0.05096421583218212,0.1572853119472681,0.04794038883565809,0.00447166253978906,0.22528965153681232,0.007949654416652623,0.035701342049518844,0.25888322439233774,0.056830461055692436,0.15468408739408868,True
37,0.05819051914874145,0.027152527686731567,0.13266172694701361,0.12230806282642684,0.002859033072918211,0.1600193342666417,0.04107705167103071,0.15067586515919457,0.10126380141290384,0.20379207780839748,True
38,0.06084912839221071,0.07805856417509026,0.1407256461625934,0.09109907061361204,0.009093667788553575,0.15274353045385988,0.14209315251145357,0.21488032352497824,0.0014290944019928287,0.10902782197565546,True
39,0.053471265645380815,0.01459670481398828,0.2597037389991401,0.08406971873911158,0.057358976579288894,0.0002443703002952663,0.0889655115914384,0.15796458178930836,0.0526949796318916,0.23093015191015656,True
40,0.0367101294002514,0.04224791729127585,0.08827050688811287,0.16715231878603568,0.17533730440749817,0.07144450521830721,0.1893524977646227,0.024162183416264787,0.08920491405651668,0.11611772277111447,True
41,0.04828416606493926,0.16952692198257283,0.053033743678847924,0.15470972625184232,0.15155084602544286,0.03250408192314691,0.15347147727298216,0.05501254373738541,0.13318016663630905,0.04872632642653128,True
42,0.03311313367284241,0.1240413474281939,0.15576943748312233,0.04302401537336331,0.08761820252948267,0.04736688727876618,0.2609166691560573,0.09297240525325158,0.02619300084125507,0.1289849009836651,True
43,0.025885414806719735,0.3869302625129269,0.069492222520166,0.03292279317416673,0.03577229937235551,0.1963809080397008,0.03271952787609901,0.11319304393064558,0.10077666052522898,0.005926867241990766,True
44,0.061920875234984143,0.023763354440816484,0.05978311775644501,0.026454709426734585,0.30698869791083855,0.07028711516603114,0.3372595915032661,0.023723348690759184,0.059689491230564044,0.030129698639560786,True
45,0.22647132102875298,0.049949114244521205,0.02863840227870223,0.03255078547137873,0.22089524118368467,0.11135634404712134,0.07207992184472783,0.00870793019433525,0.02608638507846104,0.22326455462831477,True
46,0.2612812095374194,0.18788698112001534,0.04236125785507759,0.10283425654511909,0.023622384897734168,0.13524683169672713,0.011876050533672917,0.16695771529262782,0.04239917082662128,0.025534141694985406,True
47,0.041384354217161676,0.23209783501240783,0.004277426498922477,0.19516128898171026,0.060270690355891963,0.13843204038510934,0.04613308777470554,0.10325656539108514,0.16534714099707426,0.013639570385931372,True
48,0.048380693459147334,0.061253117818937323,0.12267377930704898,0.02097405548204271,0.014296558930622906,0.014997507038370921,0.2662557516332884,0.12754560285310815,0.08128517307527762,0.24233776040215577,True
49,0.0944808817029794,0.07023745793681142,0.031170053012473376,0.014134506820478093,0.3640609647315022,0.01557979621282247,0.03305283639612012,0.16854698705768717,0.08729339776827148,0.12144311836085422,True
50,0.05669902442274941,0.2591813568663579,0.010314497480865539,0.026245414934175086,0.13437548590421303,0.15007518333963346,0.005478243177636645,0.09409675085271588,0.1258349782616735,0.1376990647599797,True
51,0.04168257419822453,0.08146807999579296,0.18992236830825962,0.051763575721804914,0.18383612361175788,0.15424737974627434,0.08916834985927281,0.06676244053892946,0.13844135501208812,0.002707753007595247,True
52,0.00615317471022793,0.0585515130349749,0.09218348314531497,0.19994314442983346,0.020699246928489925,0.19701793514433508,0.08911021882488553,0.2238865998695684,0.04381571226681481,0.06863897164555509,True
53,0.25535562132128325,0.0966419553441206,0.07131479398922193,0.04039052570016262,0.16441011101911296,0.12962090134387458,0.004615672726552595,0.07924027578250026,0.05090766757361442,0.10750247519955676,True
54,0.03683728984462814,0.12827701333060054,0.1468851183896067,0.14521556520716256,0.1497377043478044,0.32358617492773356,0.003320735762169867,0.02990415828155944,0.0011943979525928256,0.03504184195614187,True
55,0.11076948530763477,0.015628972948775178,0.016869981070166264,0.4107836984081748,0.023664915643732486,0.046673111451315225,0.12747668639451382,0.08010386732842714,0.09131056210910557,0.0767187193381547,True
56,0.06011593182721701,0.13367124086276957,0.06942256717809683,0.04026889783710147,0.0005220044701354765,0.007481959372848098,0.07273151848668927,0.24277990755839055,0.08465735965564244,0.28834861275110935,True
57,0.06498885833328909,0.2768186502931311,0.07103013939492694,0.04118285444434547,0.21696567971472355,0.08305746291795303,0.028530748986262216,0.03730474852515534,0.0746900785018489,0.10543077888836454,True
58,0.2342959290926855,0.08105674324803641,0.053903702305605934,0.020237321730330906,0.11641661772321367,0.12429094701310106,0.06259344006937277,0.09987557481157577,0.17449732144069405,0.032832402565383986,True
59,0.1737975908320821,0.20972995482801876,0.040654805537421665,0.04868574140634681,0.20953371655780495,0.17457125652880207,0.01727602126482305,0.024700222387360672,0.08071277477251337,0.02033791588482659,True
60,0.061474190440312555,0.006447747294998419,0.10928269560867163,0.3402630375029198,0.10325392921396348,0.11341343043080251,0.013838918709897402,0.0762174740612217,0.08122313202690387,0.09458544471030879,True
61,0.028448587533009852,0.02102106748048064,0.1045145116643305,0.09056403127158343,0.0031273051813332318,0.23951521746549265,0.03648256739412201,0.19830384833543316,0.059392221493257284,0.2186306421809574,True
62,0.08007859784664163,0.14592163708037195,0.10857406036425214,0.030827506397120064,0.06833028720257216,0.17293667004707025,0.07241928106587606,0.05625039009718723,0.21694447599261268,0.04771709390629585,True
63,0.015560772524568214,0.08128341660735394,0.18637358125090955,0.029604837653196405,0.003954077188882939,0.11033123962471612,0.12343124326644303,0.18030051111110704,0.14975441198582773,0.11940590878699517,True
64,0.20379449325160484,0.08156752199597296,0.059736644729892804,0.23361900435833596,0.040107130339669846,0.10962036716530948,0.061752269522334514,0.01265618264333284,0.148225482021736,0.048920903971810724,True
65,0.03588266064015223,0.0055435422728901335,0.10627334487946076,0.28016240807246434,0.16721077142478327,0.061233532381766126,0.015339702471148372,0.2323347972337184,0.09153515200849568,0.004484088615120721,True
66,0.005632375244557718,0.21848081799763186,0.0684724332542147,0.01997487811968697,0.14708114712125447,0.165686916637047,0.14083626301035002,0.01078266240143568,0.061912588285964,0.16113991792785767,True
67,0.13924826382394917,0.07917142568876337,0.08347372606258181,0.04891495290170751,0.14035871710509518,0.0474449724528529,0.13285205973115247,0.003152149046389668,0.3131942240650335,0.012189509122474386,True
68,0.12014404932117291,0.09074098023079366,0.020658067554301163,0.06564106840356809,0.14261743324656048,0.006363582053688693,0.12422966895256228,0.08137793543350448,0.288859690174821,0.05936752462902723,True
69,0.10639665028320743,0.003384287766937493,0.14117309734865627,0.024875869239495255,0.1622207220430097,0.1370009311033821,0.30141379178440764,0.034710141191412684,0.056147585377359706,0.03267692386213189,True
70,0.013985942331847665,0.04107892871239202,0.09800950328983676,0.05344221271382902,0.2683148244987699,0.14686732732241053,0.1696086652500682,0.03960879641040162,0.13369533761476624,0.03538846185567799,True
71,0.2808024342268589,0.21289304313723015,0.05737103233659905,0.18071904984825166,0.04048368903985721,0.018203931155226123,0.027872038870729376,0.1303146245735928,0.049994047277820405,0.001346109533834052,True
72,0.008963084017387914,0.018147203771594834,0.08570502872054589,0.24279938288056696,0.04711592096441183,0.1504001430372858,0.14589808881221716,0.10467612988218757,0.003768635477333944,0.19252638243646814,True
73,0.08722807390992356,0.09514925968346534,0.019201379113786887,0.041522856307299474,0.0040112256945206235,0.19437060548726076,0.18338992887464825,0.22551963376699266,0.04082461816707387,0.10878241899502851,True
74,0.008086641630707507,0.0322376140388949,0.44582152639075584,0.23203301871363588,0.018429740273051887,0.05438722217110025,0.040380101179848894,0.0515932053147874,0.09763961547443145,0.01939131481278584,True
75,0.0177673917193975,0.15665707008098934,0.16142625899958,0.011877054541333759,0.1861681332494349,0.026987654943512074,0.08924028663952761,0.09156072831024234,0.20338952748701042,0.05492589402897216,True
76,0.12608797589933218,0.18328149328410878,0.00777820750771627,0.28973098157436805,0.0004252762954235773,0.0944384146532693,0.04225575208940318,0.15708755560233317,0.015948421216731155,0.08296592187731432,True
77,0.1014042472433604,0.09603860257848638,0.09391311453528742,0.026972306471436898,0.014062864213668735,0.026164129757945947,0.22765984576898193,0.24143711728577164,0.1105782434771532,0.0617695286679075,True
78,0.0758376260525593,0.2626647077331993,0.06239617824945336,0.16852947375340366,0.248284630139088,0.0688301801195673,0.007327047523695249,0.015603021621242904,0.0870867279368086,0.0034404068709824685,True
79,0.00463787470365209,0.05873039427772919,0.17576350489777237,0.022232775866641036,0.33290921551836594,0.17766674946401997,0.06919607906736136,0.027026218609041166,0.039633989548225015,0.09220319804719182,True
80,0.04947989542548287,0.011107336137741421,0.012133970415042142,0.049663726920611787,0.027448976136097758,0.003377065009115025,0.014459371756857615,0.114433961935362,0.5627154293609307,0.15518026690275852,True
81,0.06276429663812631,0.05770241175421326,0.0010530770037571597,0.46141042597909065,0.05074668105896303,0.1928908342961774,0.021472418722057053,0.041341183495210265,0.027088371582618134,0.08353029946978668,True
82,0.0019342652250895604,0.09583876270124998,0.45573455777776783,0.07391495762397912,0.007338061043794318,0.0804314044404148,0.09734424815655478,0.04268312197825084,0.018710836203423606,0.1260697848494752,True
83,0.023513927587439087,0.06255417296787177,0.0004905904207919382,0.13367842312644837,0.036070599083821035,0.04875396732734021,0.37715846865524416,0.1579028733619304,0.0030750387066963802,0.15680193876241666,True
84,0.2593239877304163,0.2138381014786432,0.07738133580791708,0.06648981767081995,0.12407018942158021,0.0732370950338802,0.046042487871444715,0.005504392794262507,0.09020501709709525,0.04390757509394055,True
85,0.07480018973636249,0.07499715026187431,0.06394345513806189,0.05837502385602859,0.17233686597398473,0.05469787422866552,0.14081101817182903,0.24289282104945537,0.024180297714595025,0.09296530386914302,True
86,0.3478374329421414,0.08568374540411616,0.13935310147474492,0.09657944855993726,0.05852035820996711,0.007589643381933789,0.006220239647421515,0.045094082337907765,0.20981203651031646,0.003309911531513618,True
87,0.03036922036057701,0.17113496733924932,0.18771820717368784,0.03433207260782233,0.033813660347321084,0.07991777105550871,0.025776524557484744,0.045307155523675924,0.1741067418462922,0.21752367918838078,True
88,0.12810247208595615,0.022663154123619272,0.012226436383574105,0.05040607523153756,0.15030894978953982,0.06742584729827905,0.10421088181658901,0.06919071457182648,0.3673062354359985,0.028159233263079973,True
89,0.25383256658764797,0.014136350080015934,0.11878133868960272,0.03143492930901237,0.08055435804266028,0.13692706518244638,0.06665379165048074,0.20353249327782866,0.008934576346408877,0.0852125308338959,True
90,0.0390434780536727,0.029161400862670495,0.19970136827874202,0.21901263496414416,0.013547953108555636,0.16961709736444816,0.1905977526754136,0.005640621279904806,0.1037759014501361,0.02990179196231232,True
91,0.13403579631736875,0.028490609819662737,0.023239186867017796,0.16495742782808404,0.06667590533542471,0.04545538203695575,0.12371009656773052,0.15090843461426667,0.22153215084693825,0.0409950097665507,True
92,0.39076647656978053,0.11430319582586883,0.059137598749523346,0.176632087795239,0.10208320790411332,0.05472112633011247,0.003410689462924973,0.01873374961453448,0.0644629476742805,0.015748920073622507,True
93,0.018612701932241505,0.020471574067529974,0.13338855814198589,0.10001886711500815,0.12182716349401192,0.09666653093413582,0.03862823953193586,0.1743062417042391,0.14351146293280523,0.15256866014610657,True
94,0.02887249149262651,0.055837391812895765,0.030342884061587604,0.2907294903832754,0.011876794313306306,0.025349435284059068,0.12706742465940454,0.0035377339887827505,0.12075098970209927,0.30563536430196286,True
95,0.09129725559617556,0.06264480336287484,0.2662323690054066,0.05970746077647228,0.051542767625458626,0.06688287145073563,0.02721794689946394,0.01695273937328493,0.2434788376392774,0.11404294827085011,True
96,0.09270009764416033,0.11279129282855842,0.032902212133042764,0.05274530547220556,0.1225732374866544,0.07719073387846766,0.0827343673964262,0.19589438336830708,0.136906363401108,0.09356200639106974,True
97,0.08268352770292263,0.015073738510895374,0.29611375979897875,0.03563037162907444,0.28745801344066235,0.1280530421439948,0.03807680760383379,0.01392060939711052,0.03337838440555219,0.06961174536697519,True
98,0.16521297258384993,0.01909924716998811,0.08565813835382768,0.1953631534519741,0.1056222808240915,0.05127230870042777,0.052258851960477616,0.046151632081678454,0.12482664511438743,0.15453476975929742,True
99,0.14804781250789142,0.009107840108578881,0.0036218311789186146,0.009021019363647584,0.271625192107127,0.1721143773748455,0.13294068748979693,0.0685550791754425,0.016253622110367117,0.16871253858338445,True
100,0.0955336623871427,0.2734291614269346,0.03418338169074877,0.022720116769264158,0.00510861983072646,0.14702038705103465,0.3178590952994713,0.034691507731406473,0.06759062254378942,0.001863445269481633,True
101,0.07917676142503792,0.094413178660111,0.013512449930339336,0.034551056046805056,0.05661526839301314,0.21422435855936067,0.06280324633432885,0.03030679603333601,0.2641925391835537,0.1502043454341144,True
102,0.03219498135132145,0.07900363020641304,0.04662872391847363,0.16564755780461196,0.08933149628257535,0.08020299005383495,0.11688951322317721,0.004467549538651837,0.21844976792407247,0.1671837896968682,True
103,0.09515366863352974,0.09098703795841658,0.01627179494435832,0.07428106928459385,0.062251507816402304,0.07962973813902174,0.19955149336845104,0.13249199911693502,0.21564044289776652,0.03374124784052472,True
104,0.18110309088024332,0.12036160180953842,0.011104493137271545,0.02082838560936917,0.1657320622879457,0.004565367348392149,0.04303164085961938,0.019272522441872667,0.37134660674834324,0.06265422887740431,True
105,0.13267464976146906,0.09945792072836428,0.19742389506300534,0.029716313054982766,0.06648834796556384,0.08936723005983058,0.03185786685692107,0.24568308936964375,0.03595681042332301,0.07137387671689628,True
106,0.278142425117046,0.13835181040245134,0.026972264718479945,0.1453851390187478,0.026478521580143268,0.05162231975876297,0.21018418142997872,0.0349993764169203,0.04105301635338606,0.04681094520408369,True
107,0.019621556945097266,0.14682275757226496,0.30223364991399454,0.1596396929660469,0.09937199754227782,0.015359278305028928,0.03890847343399602,0.013935019494985967,0.11437384712912517,0.08973372669718235,True
108,0.15308921664679753,0.16744669496000017,0.19697809498641827,0.008099491507187723,0.10969934244705025,0.011439557002542882,0.06521034071095955,0.014181291384423797,0.1031259387303012,0.17073003162431877,True
109,0.018005033763924292,0.3110511767926573,0.10143142579095411,0.038668124041819026,0.18428713625896545,0.004152695671664667,0.18815736029252894,0.09542444091788783,0.013603927584505036,0.04521867888509336,True
110,0.24598067194961704,0.020958049059769276,0.045188772864936395,0.07956406539042286,0.1669048444687715,0.08408184675789472,0.05419392126049342,0.01190172695624328,0.19646724539393023,0.09475885589792118,True
111,0.148409354503186,0.02714725984502102,0.1799667981664909,0.0827351235193881,0.04623324637468569,0.21077871799613734,0.03259033937755367,0.1153575181524004,0.1187691056709656,0.03801253639417135,True
112,0.07583042192374606,0.10901282197148715,0.15470844392781077,0.01465452406758478,0.22872929128489966,0.026548821189208007,0.01644494910885948,0.1673180017782269,0.1590567475523771,0.04769597719580026,True
113,0.0569622409372195,0.028814529006958724,0.012962530805225017,0.2958359889102436,0.042257608358713686,0.24626081526485813,0.04928620323735098,0.043634145777619995,0.007069307153636649,0.2169166305481738,True
114,0.12231166548377212,0.1875004250104747,0.0020306490618642046,0.090898246452484,0.05913198670899199,0.1043377483055977,0.20528104535358,0.03398301150899812,0.12766786579208925,0.06685735632214797,True
115,0.012970847742916696,0.02489217751426876,0.05117569067890692,0.1007685233841049,0.04252020901568979,0.07386149135121065,0.028617424540184313,0.13597756283947035,0.11929950810242827,0.4099165648308194,True
116,0.0737113590429728,0.052085465767967264,0.08211819888275469,0.02406964364602448,0.29293095522423374,0.014651551461133443,0.06965478201975556,0.02810646564408264,0.2946409444442775,0.06803063386679789,True
117,0.02985229927971524,0.08644456642095708,0.128474908979903,0.15538545338768983,0.11490984702123792,0.2611934887744287,0.003227077678550203,0.028152481201548396,0.07346393585103261,0.1188959414049369,True
118,0.08864161820373567,0.010783595233831452,0.17736062558764396,0.054611731896030975,0.023501227230192212,0.10095689095628266,0.14616092145132586,0.12742871741221906,0.17158964703771665,0.09896502499102149,True
119,0.0560142045567399,0.18928066113960412,0.2334528200454104,0.02383974748670816,0.06765233218555654,0.22350208675074304,0.026079291054440887,0.0871055010015402,0.03149907447365524,0.06157428130560147,True
120,0.04466901359220205,0.146313540580095,0.03810390678916203,0.14883815876102713,0.0724811990023369,0.14646513811326287,0.24855519871325002,0.11316919684149777,0.015391336759593971,0.026013310847572194,True
121,0.05031969289862292,0.3173749964402057,0.13256852201244654,0.022424081349937425,0.060827414979891664,0.1685745840660877,0.026098729071095395,0.061234354374326866,0.03944479907999967,0.12113282572738612,True
122,0.23334424445796445,0.07555716865516275,0.029953127777488313,0.00426515835817149,0.14313830562920477,0.29231039500304806,0.02897412088169904,0.11986448286771512,0.0009241821270083496,0.07166881424253765,True
123,0.07203486119463592,0.060132686446635025,0.09584306451650261,0.009591084827165452,0.33675073390114907,0.16829452091944705,0.05010757479490756,0.07567236565511737,0.03232563266341857,0.0992474750810214,True
124,0.1766138051713988,0.014562636495774208,0.057403255459271,0.002315806554505838,0.05448460678879558,0.11472164474991127,0.057307663545169224,0.13157133487627415,0.2617442022182676,0.1292750441406323,True
125,0.04747971496548063,0.160306680098471,0.08765626750608504,0.08670337928190634,0.06726530420129011,0.0633126784542802,0.2749091528291635,0.009461702385693157,0.04368975896383209,0.1592153613137978,True
126,0.045743799128031934,0.11955677074625665,0.03434398559139051,0.00900426725666092,0.32419426011273683,0.3038282941016823,0.010233114382365486,0.08090485620660365,0.06144817734637171,0.010742475127900037,True
127,0.0022630627148603035,0.06765318523195459,0.04591234042880039,0.053240211110520984,0.3051843234601839,0.042399731564548175,0.011394230175548027,0.378661477333777,0.005830108304751134,0.08746132967505549,True
128,0.06613065947904687,0.09295525881229554,0.019041729739398196,0.005986983100132475,0.24804863008879188,0.05585944131022011,0.14020401852858397,0.22257876763279974,0.0729577130374656,0.07623679827126566,True
129,0.0017830442557970085,0.08240481449194516,0.14582634865346164,0.37910126417776074,0.008453797957022127,0.07254507195619724,0.05889484306726913,0.12237271537188388,0.04010275165918736,0.08851534840947577,True
130,0.005620803338102581,0.015051579050728897,0.031821316634010104,0.021295522400267497,0.07481415723506402,0.04470019539972459,0.11270588165416584,0.08577066925322194,0.540875715475497,0.06734415955921752,True
131,0.1713755257219902,0.0703550903305192,0.010422345936556778,0.17187015647570608,0.23633027599186393,0.030240833392587436,0.048587002960731804,0.0446583165716865,0.07678965740674046,0.13937079521161763,True
132,0.009826347975989901,0.2790174691118732,0.038415629726976694,0.09680685506121342,0.0007604941314195141,0.017984908070437924,0.15858045230575907,0.13357081688365285,0.2555459046822468,0.009491122050430673,True
133,0.24573116328672134,0.1635264011673939,0.013915081958536153,0.1272820814762984,0.09350961440357967,0.004027647366723169,0.017800971627932354,0.04175259680044242,0.1876925933366342,0.10476184857573831,True
134,0.11319155713851677,0.2512773102842253,0.005268442858727665,0.11564014772757869,0.042927358021861234,0.2227486722298113,0.1759623835591063,0.024934585103878627,0.008418138321033442,0.039631404755260675,True
135,0.17691328001396078,0.027129266534130326,0.19790005596470558,0.009877929164473703,0.07239030294193677,0.06451548431738316,0.16936410289018689,0.07058864790173543,0.19035470819532416,0.02096622207616307,True
136,0.14481821512587717,0.013429944367129548,0.3878070857713542,0.1765163464813114,0.009449650944427752,0.06613833651392073,0.0021139271798869324,0.13037197151629773,0.0136875627570692,0.05566695934272539,True
137,0.06164401414784098,0.08229928945982569,0.1648031770049507,0.03894896897468549,0.07074849408256834,0.013209303045578743,0.07040767827555466,0.021710263860238884,0.23187157265791322,0.24435723849084334,True
138,0.10563819467232996,0.07011849469094752,0.05217949983708624,0.04475361837566809,0.0416421190862697,0.04586887369966496,0.07412756067174786,0.03268083079333443,0.018325785013002027,0.5146650231599491,True
139,0.019063040731776084,0.13719844125753533,0.027202978568318666,0.0810182874429434,0.010797740520627604,0.28112607421715274,0.023532115997408034,0.1491210721974081,0.18767569023836678,0.08326455882846334,True
140,0.0023550333225727674,0.1909759359304662,0.06311541720944838,0.08951795191942517,0.08131471707528556,0.011832714567033201,0.29887291610754974,0.14232482919511344,0.08577276665656731,0.03391771801653824,True
141,0.127644604372932,0.29447073308291755,0.08107582100643003,0.10089904175135586,0.06338892824183079,0.17187866519300687,0.054737057291354724,0.06424812589145912,0.009012935602483006,0.0326440875662301,True
142,0.004998764200358243,0.20584047221849053,0.02699281415488312,0.09104980192316126,0.07946161249097879,0.3026493786935454,0.01916084728430879,0.06525226189635837,0.13518733801994076,0.06940670911797456,True
143,0.05148924012633556,0.0314532499757025,0.0053054748499516925,0.45559005913539186,0.09603918623581022,0.13670965454254677,0.007094799491808754,0.009586516197232888,0.01606471668869235,0.19066710275652757,True
144,0.18131348206889827,0.007624267476806846,0.03303842018250368,0.058324868675749784,0.18261317417168565,0.26192851208790346,0.07287372719547243,0.07553049696529748,0.05499415872030421,0.07175889245537802,True
145,0.1377354459737998,0.13842612542579413,0.08690252612375123,0.09008664100696291,0.05433290738298793,0.017613313494991747,0.05224652662818333,0.24072933068097807,0.09912395294350845,0.08280323033904238,True
146,0.1064129612755866,0.13677849475920162,0.021331284731319747,0.05615286127288801,0.03693702710323514,0.0172332447020906,0.006568687028843886,0.3298742083716661,0.11393995808135342,0.17477127267381504,True
147,0.055631730007751144,0.17831224822640654,0.12799942920177512,0.2953983036074268,0.031636402256556714,0.006138465366741711,0.01321896520351846,0.10511207364465813,0.11776181245226874,0.06879057003289657,True
148,0.19969837026504692,0.10102811780520675,0.16798649206273986,0.10771425915208224,0.18678262066194629,0.08319145402372763,0.1019778018460905,0.005235218949096975,0.037776544020305815,0.008609121213757169,True
149,0.07395662163316273,0.006102774112603819,0.11323056802572029,0.005520311442943813,0.2014206314263703,0.11226856703472993,0.11240121705904589,0.021825560341350983,0.28722166992367876,0.06605207900039353,True
150,0.31931830187530486,0.2174575042499722,0.09489387365746528,0.0432672792478941,0.06446679872819815,0.11797693532489072,0.06579611968880583,0.041902407349995605,0.0014062455960142128,0.033514534281459084,True
151,0.013659903378869843,0.023711907054262033,0.14181804772979867,0.006401511605977312,0.010211362828941322,0.21446906088965928,0.11844123307000672,0.005705340050920536,0.04307982605185855,0.4225018073397057,True
152,0.11260454795080362,0.1573321733264409,0.18365154961811775,0.05550882076314252,0.16839626668054278,0.018887191568736524,0.12390722171065258,0.022750031051815257,0.07971657426446492,0.07724562306528313,True
153,0.026930911966068744,0.032955568108278314,0.03944622907499618,0.2846348357843375,0.018265167455751474,0.2294869170605182,0.1627929186957504,0.06704575585687211,0.11113985551186717,0.027301840485559847,True
154,0.022674757290953824,0.01718349108037292,0.21862957131762648,0.08617981987316899,0.05458398577883552,0.1190559250829475,0.17265342374537965,0.10548395059649288,0.04058710683025114,0.1629679684039712,True
155,0.02617489868674861,0.03585709274031388,0.012674951565743253,0.10324208615060007,0.1699356330559306,0.07398931730059542,0.019806751640394474,0.11174704144379034,0.1271414274608091,0.31943079995507423,True
156,0.01875562377891185,0.39382312648201945,0.021213600115026897,0.06655615204562045,0.007195775518227199,0.037190593100763364,0.0008364643226417178,0.18243109688800957,0.2208476506532839,0.05114991709549561,True
157,0.002800039354292273,0.13519977118745688,0.06533288330396596,0.1645985877195048,0.27399123300116585,0.004959602760930475,0.12317309892711308,0.15103644357220466,0.058872290960015006,0.02003604921335082,True
158,0.03863403988872584,0.13529424758504255,0.08350672984872391,0.07092989462397266,0.22393996610658728,0.25291968427080297,0.00012923051136535285,0.06986005869424204,0.07118129914231466,0.05360484932822273,True
159,0.11862676349998334,0.09332989273776553,0.04526538706975697,0.17346504877077384,0.05238379029418842,0.10215746672479355,0.062273466908648434,0.04649018607537349,0.16350385220688485,0.14250414571183143,True
160,0.03831013357100519,0.19880316667621556,0.10394163268549926,0.17159951386510472,0.017370626443417563,0.08596233550880002,0.1251455283964223,0.10476776778171282,0.05538801308996952,0.0987112819818531,True
161,0.1083497606064835,0.18049821865441712,0.060542270200833484,0.023810570168889145,0.25491853902872946,0.01636954260538893,0.02131895841536659,0.030299852339090293,0.04821800719374837,0.2556742807870532,True
162,0.006759910797376885,0.05310188086687129,0.28348776084863864,0.19108643632553968,0.016734375391426408,0.0707141308939112,0.06655739840010132,0.15234147332098963,0.05539118080326235,0.10382545235188259,True
163,0.07907212859490843,0.22421241451619833,0.05469692421313365,0.07214740588483763,0.11552495097800468,0.06499782385771372,0.048081700787571076,0.1800154956589315,0.006424518557029098,0.1548266369516718,True
164,0.05233299667112173,0.08765270889070503,0.10168978189663563,0.07353237713124683,0.2109741835659996,0.16081019219752046,0.04667582547175967,0.0759322468801511,0.03835189838581847,0.1520477889090415,True
165,0.23162633627344636,0.15512092968008492,0.0009447055721109569,0.0134620765040802,0.13199280233336239,0.04078873066805827,0.08481451632737705,0.0892912224429817,0.24607202199647019,0.005886658202027735,True
166,0.05646730975108165,0.0437827991454153,0.166121883822578,0.012056879112844981,0.17512862787859335,0.08640163589910092,0.14553102607336757,0.07269663610823536,0.19139513291511243,0.05041806929367031,True
167,0.03707034521327749,0.040874149781014335,0.2938547902527465,0.002886672416968871,0.055313071311276295,0.1913565473920435,0.0077449729947826965,0.2173480010186606,0.02558193296638942,0.12796951665284015,True
168,0.04277146025895942,0.23160613185595538,0.06437999773591706,0.09390247945752785,0.08415723752693671,0.05654614968192877,0.026101801649181175,0.3373350298874032,0.011982798131299705,0.05121691381489069,True
169,0.19346481915361222,0.11093107613746128,0.10324528639322553,0.0670016926427747,0.015428171740114939,0.11351541011575689,0.23334607122934187,0.04964501905775619,0.009571094643495445,0.10385135888646092,True
170,0.13532233284942494,0.0730554116224042,0.03667229203007441,0.17493824280138215,0.12961477575709016,0.08588280169567727,0.06932464697290026,0.21694765757649662,0.005300467371678282,0.0729413713228716,True
171,0.03020218689514008,0.028089407748739567,0.09227524474181696,0.3192125484423437,0.02578951510819263,0.14019796939707757,0.08380788653108728,0.02362395825837599,0.06074339887929286,0.19605788399793334,True
172,0.00879272852866157,0.21923733539769194,0.12295000575104245,0.2833223674723074,0.009124662931248844,0.061029976899926563,0.048618906486573306,0.019502201816249363,0.050482215818373484,0.17693959889792518,True
173,0.008112661539681052,0.18985348346731076,0.18686024886602026,0.07313700346865483,0.04284395885335711,0.12298508215389359,0.1105769446470576,0.007972306185747876,0.19627415538225151,0.061384155436025385,True
174,0.03220092338678441,0.13846368549161076,0.31580823506705175,0.22290049039666818,0.06164763420535152,0.002075752457229885,0.00663458951445585,0.1559066994499697,0.03612493421231921,0.028237055818558697,True
175,0.02331044329178666,0.1772984118644245,0.11941564885635515,0.025839303768914145,0.07073636396979285,0.08381636534868227,0.030680853007527726,0.24654480526620937,0.1676064621874363,0.054751342438870976,True
176,0.16199129935170212,0.12272073300251238,0.05829661956180401,0.013363867800805148,0.06891269083975483,0.016488810244761547,0.18155714527717998,0.3155271331917956,0.007600059242643109,0.053541641487041255,True
177,0.20791828682869937,0.08863301229450112,0.06321095143646278,0.10941530302946172,0.035752850880973276,0.020028990470752857,0.19427063015234902,0.041578546371011924,0.009172528727253059,0.23001889980853504,True
178,0.07658093183881735,0.10699085318196234,0.07655540594570333,0.05325999239442134,0.06035559134719683,0.320249736653342,0.03903377566614573,0.17451918022844273,0.008063258996380936,0.08439127374758748,True
179,0.23367725095253064,0.04177808385608053,0.13316164362249183,0.011415858273754484,0.016088664811491394,0.16876053880714573,0.024392543933622432,0.006260366561597732,0.12890432314720549,0.23556072603407974,True
180,0.02608051679225012,0.1158498234887602,0.018548201443809028,0.06263492839593236,0.02205952697104203,0.0613793787086804,0.2818174142638455,0.17235263071719328,0.154230283709766,0.085047295508721,True
181,0.23553131462152307,0.004339970304920623,0.03852983315233115,0.08564154372106282,0.08479360358011424,0.11606874333571218,0.05093770552067672,0.1771902775858557,0.14995637606868387,0.057010632109119795,True
182,0.016618872227270372,0.05736010168668886,0.12033415093688365,0.393883405686758,0.08447437360374316,0.0008286982710994186,0.027782560494451165,0.02405314805643597,0.2480850021657731,0.02657968687089636,True
183,0.15404483461148885,0.14450125880517295,0.13053242246685168,0.06286204924183016,0.01583143349070993,0.07021175408352932,0.30129567718100353,0.0458005005499122,0.0034012873596292992,0.07151878220987223,True
184,0.018327571459913376,0.13434401409725938,0.056207710323579886,0.21966257728640165,0.082219772022465,0.02322941487295858,0.026498862746454764,0.26231000543386973,0.01509526757031447,0.16210480418678316,True
185,0.30211696451700715,0.014202822596158845,0.0535599502010633,0.04426269937847513,0.10015957771668384,0.016735990121508205,0.2316825033123871,0.026911991173451045,0.11195389783882971,0.09841360314443558,True
186,0.14766277180062973,0.28373968602117966,0.036263199579640394,0.21497660647119568,0.09426755540759699,0.021641498249527293,0.10206362892934949,0.022298735162425073,0.004614388914162779,0.0724719294642929,True
187,0.09266417230171466,0.0766367122249467,0.12945363723622222,0.0578260391897299,0.1276655754903032,0.16866633955553711,0.06527710881826991,0.05896370489641715,0.21447141265532665,0.008375297631532441,True
188,0.035763755133413996,0.019934268866807513,0.1342306581914843,0.10849548414916635,0.10426922037203801,0.23018521636879669,0.16119636041113278,0.07243201410889527,0.04551147584756612,0.08798154655069913,True
