ID,strat_res0,strat_res1,strat_res2,strat_res3,strat_res4,strat_res5,strat_res6,strat_res7,strat_res8,strat_res9,alive_at_end
0,0.23847730568102946,0.24086060698281808,0.03571536131517984,0.04942914355944203,0.05187939974201994,0.06997219928595524,0.06288068503142816,0.07865383838938944,0.05361963353757966,0.11851182647515818,True
1,0.14884400919889457,0.17487083542210757,0.06918510706473034,0.06349185925594075,0.2219431343105652,0.11380553317910543,0.0857745304192759,0.05302701168179504,0.0174673515080832,0.05159062795950206,True
2,0.21588761950751342,0.09568042995947337,0.002336901565865346,0.07096857426136652,0.017690822330433256,0.05742131500871223,0.09243092853419016,0.22258474482185864,0.17333130440420397,0.05166735960638313,True
3,0.1113017933681478,0.018762532922319584,0.06137032930867583,0.2913995907606117,0.178183635141189,0.03467207163413836,0.19456876796947778,0.03556818512309456,0.00975961529381609,0.06441347847852916,True
4,0.045296466212715034,0.06286784984407305,0.11667875864804564,0.09586601428564025,0.3206477678278471,0.11524273610442613,0.028162894031292934,0.12616630862883552,0.008722584027400665,0.08034862038972375,True
5,0.12492543106405474,0.12101940360600086,0.021245470946497046,0.15801835086937333,0.18351825232235233,0.07047509978483589,0.014644370979468448,0.05516162317110375,0.08013038706218684,0.17086161019412682,True
6,0.10176739084621649,0.06735732157883752,0.17705815185979443,0.14960783850489015,0.07993377271039215,0.0067567231432129286,0.0011655671964143812,0.1443269059660715,0.08154231609779201,0.19048401209637836,True
7,0.18629873425224727,0.05086693245578979,0.010783528307249915,0.36459509847855986,0.07701778914272252,0.053128384294715246,0.14570530205735543,0.016152743073800165,0.07286934448538308,0.022582143452176625,True
8,0.3394200836666447,0.04434192516601388,0.1060025520973291,0.01170050844028705,0.004045043325202766,0.16219338968922323,0.07183363728202047,0.108545987326005,0.08874426396318924,0.0631726090440847,True
9,0.03185577618626353,0.08211837295641042,0.23195539017535352,0.22410266694560205,0.046208500585962965,0.1277099343182138,0.1630963321379586,0.003364877929142902,0.021315169018221804,0.06827297974687045,True
10,0.13366419794149187,0.11571061944687354,0.14943456738634578,0.006064754824808935,0.15848646355145388,0.037569621301357686,0.1795373012179479,0.054504592444681185,0.036644814157462055,0.12838306772757727,True
11,0.04112351258891218,0.10213503831688943,0.06584827579054003,0.01346710777035054,0.36287023564288995,0.0035074960281024385,0.25042295651289986,0.020915691751638633,0.007418499724331858,0.13229118587344524,True
12,0.13149553487148277,0.023737927891133385,0.0019414514763518953,0.06398328634305253,0.040179049487805645,0.0472441210192734,0.22840341786490867,0.22857840455071876,0.1916369979432994,0.042799808551973476,True
13,0.10136299516095049,0.1597489805744174,0.16283888443853953,0.21267745359544443,0.06919635256329819,0.007127582003379327,0.0022482860182856577,0.11880338282707824,0.03853972501729794,0.12745635780130862,True
14,0.2438017081711686,0.3265633551520131,0.029908487143392403,0.0406178398002926,0.07290155310456248,0.18397780367043945,0.02282800318743034,0.01735085494744492,0.05829563304264719,0.003754761780608902,True
15,0.12995395902097293,0.07289733345608725,0.09806748987170005,0.005759274867725492,0.050585880193368606,0.09846194162761883,0.21719010156682195,0.13406389511642777,0.0029123159328714285,0.19010780834640573,True
16,0.07318394115959798,0.06635359329659346,0.044949408703451856,0.00517034043854643,0.13344843215958535,0.09265298132721558,0.04927465492454468,0.2643901918086518,0.03690674070901498,0.23366971547279794,True
17,0.056277279050122635,0.13304351046771837,0.0016894017592329687,0.2286697370195042,0.17182034953099967,0.2551741665458427,0.07395337077742341,0.05710113270319028,0.015022060981830078,0.007248991164135795,True
18,0.10867041575424036,0.04619120622666654,0.0996462963297474,0.006620220511754092,0.2536547304522936,0.29071398570428864,0.031096512205669016,0.05093008335548302,0.07313688564427101,0.03933966381558624,True
19,0.02094554077747993,0.039986604162813404,0.5553631941618129,0.0002297090121331627,0.08239609102375033,0.010203409395518488,0.058331232579632006,0.02130605203593041,0.16115265968019987,0.050085507170729536,True
20,0.002548323635837975,0.06907767984941807,0.11467745217477616,0.05627157981008743,0.35748582116278793,0.1318969353632262,0.013138974073664395,0.15801246264967445,0.0013456506555505126,0.09554512062497675,True
21,0.06402158867979557,0.0828976731152215,0.052745300634920236,0.0879759085974106,0.0752279918285959,0.022199145768411754,0.15723736713858283,0.10209741324679261,0.12189720444412741,0.2337004065461416,True
22,0.06205919515823051,0.08187636023784528,0.11860829313182714,0.11118815180933192,0.11150653324261794,0.14945837149024654,0.04680966847267031,0.2565778925331636,0.019873515408426506,0.04204201851564015,True
23,0.08857419684770407,0.15189500919060006,0.06430640236163793,0.002684107171569036,0.02005012402099003,0.013514730048756854,0.2264593786585486,0.2998117641705807,0.028237243784587553,0.10446704374502519,True
24,0.18313256955188584,0.0808949417869626,0.09651060426506058,0.01806193769387184,0.027794634009745706,0.0044380435266345615,0.08345779545456708,0.1035003598210674,0.26888231003680907,0.13332680385339513,True
25,0.023118901377334876,0.059144822234250674,0.3398646593032401,0.11792007913502942,0.011878859363485872,0.16474301332925476,0.07580654931563527,0.039493100122300964,0.05541377455914624,0.11261624126032187,True
26,0.17553462888841714,0.3165818551148417,0.04909480611551672,0.020429186094964986,0.22145726707235627,0.0024481616575940655,0.11621405700303479,0.012913006047926133,0.08392187851479159,0.0014051534905565354,True
27,0.11478928699659724,0.17310042230252248,0.010847582090872962,0.012044520094557904,0.08223063724661327,0.030972703542999414,0.15276732000925558,0.3238450523861743,0.0854554496514413,0.013947025678965608,True
28,0.07273284703661596,0.17022650255344524,0.18880201564104468,0.0817787683849177,0.0038625424215728253,0.2594026885932385,0.02602285333211991,0.07186313324428574,0.08933432464434556,0.035974324148413915,True
29,0.0055074404305985114,0.019551929180249825,0.06989862527352665,0.004996136782416743,0.11592813468480008,0.008109664773232508,0.027639999397646112,0.4307986443822732,0.30874418125908765,0.008825243836168749,True
30,0.047526508172870234,0.06420226686799994,0.24794700402851846,0.009400004417830204,0.06167051834555863,0.006134071354690098,0.24681780598901007,0.04124934516718017,0.004980759622906799,0.2700717160334354,True
31,0.17401916979381177,0.04878962834180814,0.09084738602976032,0.04364759760995153,0.12020261304389472,0.036462517958214744,0.22834042813452618,0.0026673446461095767,0.09306509311582378,0.16195822132609902,True
32,0.16359409158084007,0.05359402977943874,0.028887094229127,0.17500543210244868,0.10934868209096454,0.11323488753145848,0.00870023910262788,0.019312956205833537,0.20410288923848727,0.12421969813877382,True
33,0.047746447615330284,0.07484077843872754,0.07799400240759231,0.13750792748368912,0.051019952938954435,0.03530955913434865,0.004611711438238978,0.12924344335965868,0.059514094077241966,0.382212083106218,True
34,0.04100507436458108,0.04986718738072271,0.030918260715736775,0.053393317779491814,0.1388964567127776,0.05115353046268826,0.17817310721170324,0.277643622175841,0.052130707546880956,0.12681873564957666,True
35,0.15637283551293787,0.06679390824351968,0.04724738546661297,0.12615158376202013,0.020009814577243976,0.078945493209465,0.17457916375973637,0.03362337687261335,0.08324308109434077,0.2130333575015098,True
36,0.0393744763003544,0.03966790330861121,0.1499587823191293,0.09229593269618074,0.27595067737190854,0.11991898298957672,0.031460284775120466,0.08176426563358126,0.02707521879347435,0.14253347581206297,True
37,0.056608766356447224,0.002400819016590405,0.22214732887580846,0.04572257533374005,0.07862392132663931,0.05822923247889799,0.2743427019548207,0.11072470694230938,0.06175024196414933,0.08944970575059712,True
38,0.04207342226561016,0.015977957674851214,0.09317247074300632,0.04788508656180024,0.03982277428013206,0.01698065453979807,0.19159297470086895,0.23048706349041703,0.13742385168123267,0.18458374406228334,True
39,0.12588140226155095,0.22624703524085596,0.11740023939178648,0.13269312798264585,0.05827877932664406,0.014786318051977547,0.026463665156460307,0.0028213068814112873,0.23226235421119273,0.06316577149547484,True
40,0.20079891171017783,0.07717657134518574,0.04419245711025785,0.031881816346299025,0.15347313562911563,0.02848535990547787,0.34372330903533277,0.052073901290072555,0.03025025149880031,0.03794428612928047,True
41,0.03349788653833009,0.0010824360979748138,0.006304300618630017,0.046683164997798086,0.07769030570070311,0.15045247688260888,0.2685325504876096,0.11079220135824203,0.2686784721654194,0.03628620515268407,True
42,0.007469204934056788,0.20772181167370432,0.06640849715976439,0.0015491376924340718,0.04898123653616932,0.1342727644770532,0.059865444341711774,0.273346013845677,0.07357760122667337,0.12680828811275577,True
43,0.02525918093538311,0.20689275558710257,0.030774208383305322,0.23250191102145887,0.04218147817432794,0.035667475301650264,0.19683633479507093,0.03475489856672738,0.17476127764541774,0.020370479589555835,True
44,0.013438679281186963,0.12988697083128126,0.002775619008225316,0.2222993952040573,0.08864773032330214,0.09182131801855759,0.3064588225431229,0.0014649625352178568,0.14132738142670062,0.0018791208283480843,True
45,0.09068068561630618,0.2071997928122375,0.11655765333595479,0.028873945981232246,0.05341866777586517,0.31104185893274106,0.05981456241898276,0.04737854322832759,0.02544556244561562,0.05958872745273706,True
46,0.08356374517126927,0.052233912887755383,0.25206726186149114,0.33824389581138825,0.04403171218646242,0.04610250728865829,0.01844544727110871,0.05416223284519671,0.1044742082585196,0.006675076418150307,True
47,0.059552574337731666,0.0026499778247344678,0.15077000442296776,0.20159028897267295,0.14744896931905396,0.12022723302171266,0.057039285376415345,0.07508585683503019,0.051591696927068546,0.13404411296261246,True
48,0.029919106166405696,0.03679330773350269,0.13089964660084136,0.08124005123363372,0.3029820947045579,0.06348804896239495,0.04216483105436242,0.16426314249773655,0.05828589929615067,0.08996387175041395,True
49,0.27958282439684995,0.2123571846764883,0.0179801090096354,0.1141731913254797,0.12089105216186787,0.029810466081480917,0.018819245837709286,0.059677176140268295,0.06240449653547984,0.08430425383474034,True
50,0.16960857207623864,0.05022916641728401,0.015268856062693082,0.16509734342140664,0.16979720188121836,0.17003926039116604,0.02579385986338658,0.15344854651098538,0.0715968211069125,0.009120372268708687,True
51,0.16675470339837284,0.07187359314322408,0.1377493540385441,0.08878932943715288,0.016262640403274593,0.11956345033351157,0.15454978352490636,0.16200102040437,0.06054526780920329,0.021910857507440363,True
52,0.024129715929235063,0.32679243154514326,0.11571765262161827,0.03518576911110943,0.062018828722912,0.13971984446664554,0.11691405580933925,0.12136764411703896,0.007765509601582292,0.050388548075376016,True
53,0.10714487436257127,0.021413045245354395,0.16035038694545378,0.02307388497327746,0.14391782896393582,0.08505103843539485,0.07697840583212605,0.028861802124278947,0.23050814754498491,0.12270058557262242,True
54,0.01258724417017605,0.003080959458130417,0.1222707357224978,0.20703060662666928,0.22103902306234444,0.13613010286091964,0.06616599200744115,0.04363401908742815,0.04764172756652461,0.14041958943786842,True
55,0.16202636961375466,0.06908505958456866,0.0884271922526593,0.10810480444537056,0.11660654101522662,0.11115761375477681,0.08216294079340705,0.08119232349885856,0.12215531588369538,0.05908183915768236,True
56,0.13990953374797283,0.0076091817746076675,0.007196919184958529,0.024589007837002998,0.03422319421913687,0.4251857953351686,0.240989754572843,0.013211008575892727,0.037448017785721904,0.06963758696669496,True
57,0.13981435030595898,0.13010843877474576,0.06136549168539339,0.006981687725147115,0.005570578851808081,0.029204186847963883,0.08015993704853255,0.01841392220803675,0.21730013356787972,0.3110812729845338,True
58,0.2233473384054427,0.0962895507795444,0.03650501637966814,0.0633379915425612,0.05622229871394881,0.009010550017805263,0.057181137283964414,0.19798068407460348,0.005497067256337294,0.25462836554612434,True
59,0.02250784177954364,0.1062647606409124,0.0904034029454915,0.1380508974134515,0.16618379680659312,0.07188216194278213,0.08048373228084581,0.08227714736200306,0.12412167262463293,0.11782458620374381,True
60,0.09520559393306781,0.07095412752259518,0.01863445402598788,0.14820404438985454,0.01100291093610043,0.024600073320798745,0.09236433822850779,0.3633336245823514,0.02895785746063956,0.1467429756000967,True
61,0.08952338318347498,0.005863076818231374,0.08746176278542574,0.024286445811091423,0.06526037328436529,0.1480985629983564,0.2641489730518132,0.08842083021330664,0.02864238764299171,0.1982942042109434,True
62,0.02280565805623663,0.005078910432255473,0.17133682822757124,0.04768654733479925,0.17040033908056065,0.19447449501891345,0.05061028045510862,0.005638554954701269,0.22663209129555845,0.10533629514429509,True
63,0.04451733308354202,0.09711769721935498,0.01965965186127801,0.06630470019030185,0.3379848823583634,0.020095656137070348,0.1485242319070933,0.09391387679743146,0.12164165620838333,0.05024031423718136,True
64,0.022862168711601776,0.16708837682579292,0.0766942685385937,0.1426277655869842,0.20760846151223594,0.03995161634863234,0.002898594612892511,0.008424680430192587,0.28634016553380814,0.04550390189926604,True
65,0.07344086939431889,0.03806700117776336,0.043833105221410686,0.03394458316430682,0.09991796426689818,0.051077287208028066,0.27378960953168047,0.20191739685883103,0.1259799904469465,0.058032192729816016,True
66,0.011022564745327678,0.10944475144076317,0.04274652103119515,0.016710811766494863,0.027909725180281963,0.04808531857572273,0.031641663369057695,0.5689479977995342,0.1275571873055791,0.01593345878604354,True
67,0.1695546371128995,0.011484879802024787,0.06979421345220757,0.020330173554675132,0.4764562235163275,0.010149866691068248,0.04397175853752055,0.05477648745069432,0.11816479886087371,0.025316961021708745,True
68,0.03490570057290421,0.31297643519622886,0.012421204346583508,0.09627246526886679,0.07869160368881561,0.013301081058214257,0.08547967767601028,0.13567627175486235,0.14965526996261616,0.08062029047489798,True
69,0.029922310683829917,0.14312166003295135,0.0933192050925351,0.07190056075746043,0.08666131139572918,0.09206180485695407,0.05526457442073118,0.018040758645235012,0.30218957974822946,0.10751823436634426,True
70,0.016230954689281776,0.03235169189054686,0.07591229084336935,0.12715186572635745,0.07214802086369396,0.13770007201229623,0.16214349021831062,0.012391738474607897,0.3050946727293623,0.05887520255217348,True
71,0.10875851356097758,0.11855050432753443,0.08539733312024334,0.23456308076815136,0.10107866727121591,0.20520073122093718,0.0097009149851951,0.05769631698902292,0.04442655957235699,0.034627378184365176,True
72,0.09234578826401756,0.02256743245716689,0.018169156299142394,0.12138321939098246,0.06977815140932124,0.11391010753717148,0.19718763749637347,0.10615254302097935,0.19609778712556716,0.062408176999277955,True
73,0.024845677716698586,0.027248198067523818,0.2653452477407537,0.05930932948320285,0.19435991394304403,0.0012227931456815608,0.042459271737135915,0.22058544630348734,0.14006747228860847,0.024556649573863686,True
74,0.003748780841325116,0.10195615589956848,0.13060740931963719,0.006764066672908081,0.3157175006539253,0.049095030420495046,0.08660687057677452,0.19737637276105244,0.03718018707223198,0.07094762578208196,True
75,0.07625845716704839,0.15592086157314425,0.13748034039618992,0.00638440761533114,0.01631952063866435,0.2092308385300797,0.21097813091575887,0.057529493699788624,0.06746756188763374,0.0624303875763612,True
76,0.06380522875176058,0.08424347219128152,0.011076510940460676,0.11053044222420755,0.13573180960306688,0.051330675632940526,0.015477195614922416,0.005658117766029853,0.16753485999661535,0.3546116872787147,True
77,0.02157351933537979,0.08236262187031751,0.06312559577512099,0.06861828072015756,0.18619995553775506,0.008672538760150412,0.13301720249974594,0.1026924018958669,0.13644827013369573,0.19728961347181015,True
78,0.24394463616091966,0.000736289669853118,0.005073953783606324,0.0061848360256079645,0.06562246614462866,0.04509542423102119,0.15806058252851923,0.12797849017391236,0.07847894095384902,0.2688243803280825,True
79,0.01314419822056132,0.06542675514142549,0.13421483885410698,0.07344089178443648,0.17895043021851498,0.34827135609003923,0.06593685282156653,0.04357057171703886,0.017354867813520025,0.05968923733879002,True
80,0.1693365892811847,0.12454175678926924,0.14724518853028892,0.033755673199857485,0.013142777744927982,0.13569939322931815,0.0382672418588513,0.05649088642147448,0.2405408640603313,0.04097962888449644,True
81,0.030757931979699515,0.027378839982771803,0.11773961538913606,0.15934796469785417,0.37614673793317427,0.0058427970974951945,0.11402886600239401,0.10960348699809698,0.011998904360771475,0.0471548555586065,True
82,0.08037965504015739,0.2648420467141061,0.09241965308625563,0.03578154105854273,0.15375520755067165,0.07764494438409861,0.05468404792607122,0.032147231501749786,0.04565985058050091,0.16268582215784605,True
83,0.051623794642281805,0.07216038506975019,0.306124291158716,0.1000941099749465,0.004599326042998019,0.01578092860754024,0.09313661782525257,0.1522785539084315,0.03824832304784514,0.16595366972223824,True
84,0.03798461418274092,0.06933306116195609,0.048639309131004026,0.04293259783774623,0.2956718944901375,0.2891622688957518,0.09443663774288868,0.05551209301571878,0.00985805820103357,0.056469465341022436,True
85,0.06732449116083598,0.11168190627551616,0.009519564812423454,0.3087062314057717,0.025431832246908634,0.04438310534348708,0.14193331336860024,0.17554599579703925,0.06779963847719413,0.04767392111222331,True
86,0.1661949425144027,0.02732532861795199,0.2225485236455225,0.009058635009422998,0.20532093685436617,0.12737501157496656,0.06016711972682623,0.1348155741708186,0.03752127204144273,0.009672655844279522,True
87,0.1654091926218945,0.2382384236462377,0.04652823897684461,0.03782365922357097,0.014645116401697475,0.00336207293066166,0.11745904169719582,0.057663359739131004,0.1759415848874674,0.14292930987529892,True
88,0.10527825303943793,0.002343631591920292,0.07780981690393234,0.04828189049223223,0.016116259626016118,0.08670047322689552,0.30226889988388705,0.047421666395499606,0.2982513640347587,0.015527744805420218,True
89,0.04011708386392138,0.19526641566978667,0.11046110606364772,0.14060201131067027,0.1058399169098797,0.057196314757471646,0.0557137162846816,0.022051324487138126,0.0026600442862951858,0.2700920663665077,True
90,0.003108042077010037,0.018684575657861524,0.22134106378991292,0.2133540328949061,0.05940031750908716,0.14307097219709722,0.007771020629913845,0.1088532133650326,0.11155597998540734,0.11286078189377113,True
91,0.0014052856196541284,0.02571000396641252,0.0011720940728851296,0.15473195479037738,0.14850052441467707,0.0665028831749551,0.06224199864002549,0.4808389063373018,0.03782608398705422,0.021070264996657224,True
92,0.014276050360389623,0.05587460268953393,0.007026157262106975,0.016670765147772767,0.15131314825789816,0.28603094403008594,0.0020303376705799354,0.16650352333483345,0.16059226356006262,0.1396822076867366,True
93,0.0930629481746484,0.17838847027024377,0.019468224803471504,0.17503360646299532,0.2141890759358031,0.04487884000216741,0.033879625036402315,0.1210210098136418,0.05497907979847097,0.0650991197021554,True
94,0.01996280568217733,0.44047104042054247,0.0018119171702221733,0.008642313662039108,0.14938998129228528,0.008133975040338031,0.17826440425858608,0.015158371648439369,0.07682859973719494,0.10133659108817511,True
95,0.14873706589300736,0.018988718171792405,0.032742556253273186,0.22724889497789788,0.09822136754140866,0.029272717955851218,0.11715407387308407,0.30443837193207374,0.016200287765067923,0.006995945636543653,True
96,0.015365247175155498,0.05853456494401545,0.27340679103249826,0.04512945744406324,0.18460722876135138,0.00817200095521428,0.04961689289500477,0.025640841704607086,0.1244262137903032,0.21510076129778669,True
97,0.0023658850800852157,0.1300772008469403,0.2956748773102222,0.0866376965312478,0.09413587837566527,0.009131567428201766,0.02624253496486563,0.05328871287363069,0.07317198482908524,0.22927366176005598,True
98,0.04848112301293341,0.07169875996236703,0.039667562625154466,0.012984933879287635,0.23496843434744571,0.0626390720568952,0.05107662468604342,0.3187796633250654,0.10784501850268266,0.051858807602125113,True
99,0.03586171531457152,0.0705857229110162,0.029685285597025896,0.09004955757895823,0.10375087832367086,0.08510794195998955,0.11902624092648813,0.004657034701039778,0.0064825296377766664,0.45479309304946314,True
100,0.07231236220771857,0.042576897123574695,0.021882652898650788,0.023129590167828517,0.2424624416045268,0.28487380634197756,0.16314620761391915,0.036104644456923435,0.05513950549334693,0.05837189209153354,True
101,0.1773602472459958,0.23781112270717045,0.2010263245602502,0.11103364418630031,0.1086251062259594,0.0440092604810406,0.021283617386519262,0.058082020784083706,0.000424363102932277,0.040344293319748085,True
102,0.007442426841568098,0.06003614462203942,0.11225792490275088,0.04907078232026926,0.3079025076959655,0.05071087259344232,0.28885069352160087,0.044149223859615006,0.05708099661945918,0.02249842702328937,True
103,0.01853602536395266,0.058526967442185336,0.025084110660898128,0.028622080970809965,0.21534674030974,0.26942132565008303,0.010370424032926475,0.0017526097460043445,0.03176217735784411,0.34057753846555594,True
104,0.12383457424991742,0.4196306037188881,0.06948519042013578,0.03442108751839591,0.0611896075499058,0.12269697258979388,0.006366001899974459,0.13638910873599414,0.0027745410824300725,0.02321231223456432,True
105,0.12383079281005277,0.02932881678893109,0.136155956897875,0.037409267218659226,0.10839439202635551,0.09356207296485698,0.18671336738230357,0.19075772537828087,0.08576179001358877,0.00808581851909601,True
106,0.07376976956386747,0.01232961239614029,0.3961014858746253,0.06680715566744631,0.06274672826482729,0.06997584552226462,0.04900993169546004,0.05711979360012464,0.16112956215343266,0.051010115261811304,True
107,0.02507318418482276,0.12468440858453368,0.10151699390528314,0.175936067898176,0.038361467181995255,0.15513117829055342,0.21494191358207523,0.10210970838442648,0.04980200069739247,0.012443077290741662,True
108,0.08476959883332602,0.24794700084712568,0.010789965888238988,0.1451788998443554,0.09508587169003799,0.07820972096812384,0.0613610562467569,0.023164870678079326,0.10896917519533929,0.14452383980861663,True
109,0.08578199786790003,0.017972754584780783,0.07014624135548919,0.040995426004726894,0.2482223424264814,0.03610618819344296,0.11581477809051237,0.10386752855330256,0.2062717858935892,0.07482095702977475,True
110,0.04611998154357877,0.109528436697977,0.11506107934723817,0.14774793767987823,0.03124975592314164,0.007731620629198986,0.0666948361803255,0.06102788103004193,0.19076138527851372,0.22407708569010604,True
111,0.07479461982308085,0.22901144564430484,0.25003009445501395,0.09653771443350923,0.015056798210279932,0.058050491913976154,0.0984888002211527,0.15325125309445556,0.020657959798152853,0.004120822406073846,True
112,0.05755208767498023,0.14211652415285111,0.09268286738060494,0.07329045328903318,0.09913271285915352,0.03413249096358656,0.19575517959010502,0.0326520172420732,0.11215083641674418,0.1605348304308682,True
113,0.0011481109129285445,0.1613465060276552,0.10112787018951237,0.00783399730231308,0.11158484333940294,0.26766750372406745,0.07754304573843943,0.027479885131480097,0.04486239859770938,0.19940583903649153,True
114,0.09943797383246297,0.07771871514323353,0.36521496648532503,0.021254959722415902,0.148637890063759,0.10015778167253078,0.038970790746186645,0.08340891302608205,0.02464850142463268,0.04054950788337139,True
115,0.08374892556220088,0.20699494789530298,0.12838640170368587,0.1949272214818514,0.05583434540947845,0.10354095860913648,0.05965922632040306,0.019014779503938213,0.044662773170051705,0.103230420343951,True
116,0.13382013252897654,0.008420147900504523,0.07878251867310664,0.25726905078858814,0.06597073968773513,0.15182275638675774,0.08522016516912462,0.0880421154673055,0.004001935127739016,0.12665043827016215,True
117,0.14186536623569126,0.17976901894907854,0.004187248263167242,0.000625010041219591,0.07001328997630901,0.028168614150070943,0.0005757294152720434,0.2585190372996986,0.082419615726914,0.23385706994257877,True
118,0.02319909289378968,0.017407023432744233,0.17418168138859838,0.06096840403019882,0.07589230082116369,0.14107835290975393,0.20467264845913824,0.22360524927097247,0.010245849902597252,0.06874939689104338,True
119,0.10834534560887442,0.016654044736088686,0.02482182597977289,0.3016798654799441,0.022258190427390846,0.018431437443061888,0.1328781528010248,0.1262413297217242,0.18957900241077455,0.059110805391343654,True
120,0.13235853587617916,0.09654972252460153,0.07251919092613016,0.4254198499263519,0.06941860177362852,0.13164048895711916,0.0014819832237034385,0.0028017483417999674,0.06738336785436533,0.0004265105961207731,True
121,0.11026797138734053,0.03093627481415422,0.11524708627203843,0.07907778815995278,0.05284181880672586,0.09606362581432289,0.3574766816334724,0.030134342139866103,0.09837795331798559,0.029576457654141162,True
122,0.08054315495169992,0.025977943189311053,0.24435045505325698,0.09366296672446794,0.04191982637918919,0.09332774058178998,0.1331661381756123,0.19920713044683677,0.0005456416186416112,0.08729900287919422,True
123,0.1782906070299334,0.026429136445007887,0.2736787234399373,0.053197543001966004,0.07714566611517254,0.11601383002880854,0.00380077657629098,0.003994799420759473,0.0024258765039760276,0.26502304143814787,True
124,0.055100993109490334,0.0024006074949094163,0.07478847229795343,0.22406033460244387,0.209258101328234,0.045979484960528415,0.058212317519221485,0.2582644105077534,0.019353594610977475,0.05258168356848808,True
125,0.3164870295417738,0.018820239282510316,0.127420251326432,0.018764576245685477,0.0986307334254569,0.27943173900950163,0.014068758901635297,0.08983582787211346,0.021731845894402822,0.014808998500488118,True
126,0.023499295042720907,0.09089575278923956,0.14663468651466413,0.04635272316008298,0.018139912989128558,0.10291861500881343,0.21688597439474758,0.015228881940073923,0.18996488578643483,0.1494792723740941,True
127,0.05394766920047963,0.10766478221128449,0.09887539870061081,0.027576359601824738,0.03511721085579474,0.31976016010146796,0.062168583113918895,0.1505568558227863,0.10246147471335221,0.041871505678480185,True
128,0.09242843850228488,0.01784359691990416,0.0703744739896491,0.08254275907247474,0.16800857468030989,0.22346446997003236,0.02344107883211169,0.23635164503919634,0.004455786605257854,0.0810891763887789,True
129,0.10422375711608216,0.08381089012802864,0.09040232066930853,0.14410173868413087,0.10051413673324716,0.1964032402777219,0.13361546721015854,0.10766796785920545,0.009691178641426922,0.029569302680689857,True
130,0.037067662994601305,0.06789032814555859,0.06213523372695406,0.058883319687509386,0.018136229222996153,0.4618777401038938,0.03448286637318466,0.12404288848303863,0.036176145183564094,0.09930758607869936,True
131,0.03554566794888787,0.01057232672447711,0.19846614618136355,0.2759254366994433,0.15999649780949682,0.060616127512312316,0.006596427024164122,0.08615312061841679,0.08253350783073575,0.08359474165070242,True
132,0.10548289979295629,0.13036318322777832,0.28096467626237925,0.020128966319224974,0.1357174327571226,0.14325893816688118,0.042682798861654776,0.0474505078394172,0.030528717620469742,0.06342187915211565,True
133,0.012235476216314323,0.054681099416102275,0.006215910028755215,0.10820039934035341,0.11649679665140693,0.06961676095784916,0.11699020269523994,0.28663622029823144,0.0972278909871249,0.13169924340862238,True
134,0.12121268574382103,0.010136402773813745,0.10989156183904904,0.21045220105816773,0.035579652241628415,0.004548718932217343,0.13696420598289732,0.07644136734267938,0.18521154438650697,0.10956165969921906,True
135,0.04850697099689702,0.12495838461936591,0.0925987502761316,0.4653314133835556,0.07369112330276019,0.05978341095455278,0.019141095911673896,0.010742241239808752,0.07452062384339792,0.030725985471856464,True
136,0.276389016663683,0.009224679352205407,0.13909632102829425,0.0286095897848465,0.08023408653084427,0.03403638671807718,0.19099639665503562,0.03297941794522351,0.07559790867515086,0.13283619664663943,True
137,0.19120645942634912,0.1610643876958611,0.0021729756327502573,0.04106642407320954,0.11319233057369554,0.05186348752355802,0.010717168933109053,0.1373255300990596,0.07227914432358315,0.21911209171882462,True
138,0.023578950034729623,0.034244998983504624,0.018169507020251434,0.33290399227828865,0.01026506104348436,0.29765664987092993,0.05644517491956408,0.0029913759041257306,0.018747919451770036,0.20499637049335157,True
139,0.009065450216674117,0.33093475289733476,0.01772982058745241,0.03162941789345154,0.05322073447008497,0.0884646420149545,0.0029075721832376414,0.027579573444851825,0.14188543308958662,0.2965826032023716,True
140,0.010427976550920409,0.1352346280225486,0.03205990910213462,0.08980934749590305,0.09687595349816387,0.061980148707507524,0.1504353084038025,0.15889712107084478,0.07465954125682862,0.1896200658913461,True
141,0.031182664799164997,0.012474224666874936,0.1783685835905825,0.24840355746061457,0.17313892021687258,0.07259573711549122,0.024007908568536192,0.0016130457831779023,0.0798991880307956,0.17831616976788958,True
142,0.17429966072740422,0.03943868192034422,0.021991464137050554,0.12439305923022803,0.06011200691633226,0.12312960904885169,0.2304518292426626,0.0814825723975619,0.13592277628425234,0.00877834009531209,True
143,0.35265823015798436,0.002976359869770007,0.18834743386557729,0.010705130035233677,0.12400826535172867,0.03614715093310823,0.06406152381001598,0.0055822966813807145,0.1061098089958601,0.10940380029934098,True
144,0.04943005497240391,0.10422391956048165,0.05224391103598441,0.21251528299733743,0.02119148272047606,0.16249152193341823,0.10138506340156166,0.0784386336051266,0.04414413284950305,0.17393599692370704,True
145,0.1322416337387162,0.0036621394801176115,0.038391444417607994,0.010671282978255266,0.051694077264084266,0.129981489271501,0.29345621316654197,0.15245873779171135,0.13708717081508567,0.05035581107637874,True
146,0.14564114062232117,0.022556105136572763,0.0027049374496206455,0.10032061957377883,0.23081573087285595,0.02998195068704419,0.23546732341238105,0.14769821292770047,0.024310851952897214,0.06050312736482792,True
147,0.5034811395561104,0.02704365611147677,0.00013985975964794003,0.009150051180137916,0.12651173263876853,0.03353724325373011,0.04152080422073443,0.21000484294912958,0.025866234519663918,0.02274443581060059,True
148,0.052139252384409966,0.050962185311754796,0.08217816870071264,0.14955238292174886,0.0010982316160514623,0.2725076754801657,0.08896437377781238,0.07961967284427944,0.011818157509329909,0.2111598994537349,True
149,0.04393533583610997,0.12116246578838086,0.09833314064704726,0.06049227147610618,0.13338780450870052,0.04889289958233598,0.0272537689701271,0.16769759892195318,0.13364368594814624,0.1652010283210928,True
150,0.029349792848730696,0.22541648545116066,0.38445428518181773,0.09000155973169831,0.04000033195528087,0.060710421603864154,0.08960163119485134,0.04965899065990571,0.015488279222899783,0.01531822214979063,True
151,0.1821585490176864,0.08367781484483247,0.12651349437091272,0.14645736568414036,0.021740902476854434,0.15374047801347637,0.018037769932246598,0.20358277964569385,0.01762092708981736,0.0464699189243395,True
152,0.04825184464463272,0.03414286412848219,0.009684169183834643,0.38798899193610925,0.057217188103009915,0.06825206399495976,0.013123578687703108,0.015709970891466914,0.17177143684946314,0.19385789158033842,True
153,0.11390453526241673,0.00025225127141569623,0.22186946374435054,0.12534761398685126,0.0988087724387243,0.15110002586102486,0.0009333305495145872,0.030509608801131412,0.15687231545310934,0.1004020826314612,True
154,0.043109978383776684,0.0031762780966639154,0.06308196912234842,0.027865681750163736,0.1532231199473301,0.037012667008511885,0.11397193410762432,0.32359712010848013,0.08377655909660503,0.15118469237849583,True
155,0.04205361305332022,0.23156992160654638,0.0870698683146571,1.3817063901257642e-05,0.02670721219702294,0.08723579653396267,0.024766251113479923,0.22520860119649255,0.1669367497194967,0.10843816920112027,True
156,0.4026632506153309,0.01948387764910511,0.08484362000545441,0.052241690555356164,0.014204427848507947,0.1085870698930031,0.025346056321644512,0.15635981757219633,0.01806591329214163,0.11820427624725982,True
157,0.19950171469128852,0.05271664361530176,0.13785361569477053,0.05220073357025845,0.1365962642604462,0.04873514463712325,0.14284750416909467,0.027429165078820733,0.027612212411750586,0.17450700187114518,True
158,0.13096414193290631,0.018655358078304124,0.022424215544043977,0.017438248980968022,0.00915571815078209,0.029102564463537848,0.4209282935687195,0.1611328208408039,0.16616611738440165,0.024032521055532604,True
159,0.02132231083262595,0.07314519660673297,0.06499846026582369,0.2979469460201761,0.24422961790484896,0.12753395155513525,0.13989545267212075,0.00784377373949186,0.007622334568234146,0.015461955834810458,True
160,0.24738730588917132,0.1300792100270465,0.002438475948103741,0.19493557613887832,0.05605302054164604,0.1421103737728992,0.025401709739416616,0.14013548544922938,0.03900638892731659,0.022452453566292215,True
161,0.11052005813802174,0.049188925673947705,0.08017214795057206,0.13592884410048653,0.0700002706179503,0.3332800798372798,0.09454042694358993,0.049270928753824834,0.024364465860044586,0.05273385212428262,True
162,0.05296800405901861,0.1304545260585538,0.013592013107997772,0.05060265285325223,0.009882249502079879,0.006920143231763029,0.26129802959919657,0.19116118350697195,0.1739074686989114,0.10921372938225464,True
163,0.022851483400560847,0.0672016165313453,0.27377843530493046,0.15217478167692072,0.14159343798300317,0.15757401686385025,0.04716417983465831,0.012974479491983763,0.030134606236947088,0.0945529626758001,True
164,0.006826697375945084,0.13660802139548017,0.10597680399240558,0.12367414907729651,0.0011450832775856843,0.07213077954844638,0.0994760717358446,0.2475302875429545,0.013987348926416683,0.19264475712762485,True
165,0.06721117653470744,0.21174707057890885,0.0033055962999588265,0.015498204847046426,0.2991275080762057,0.017994822954546165,0.0036619291339161494,0.12716613174070712,0.09864906867144753,0.15563849116255576,True
166,0.17019806630659282,0.16748162762641972,0.10374635964962294,0.021269580050955264,0.045256266335046424,0.12701189814234648,0.17430447016797285,0.028460115571940503,0.09323524371377925,0.06903637243532366,True
167,0.057589514418626274,0.003139929466162037,0.1183455975181029,0.2337643610548683,0.12430015225727149,0.11223270534014004,0.20822445071299256,0.08553888867525053,0.04386845994513609,0.012995940611449736,True
168,0.037807206850463314,0.0015760074820055318,0.11144227370314051,0.2611839935493635,0.10068541327487451,0.22866887453116264,0.008668062146680712,0.20381981983710679,0.005317003076428086,0.04083134554877432,True
169,0.04377872993028027,0.04884726544323891,0.25199688193136544,0.14455773892083365,0.08731775157599231,0.028089756396710335,0.0038932222290208435,0.12193217941193889,0.26342382299755074,0.006162651163068554,True
170,0.018609183614580617,0.0649890082066409,0.041602954662712924,0.12875536489958367,0.08217404437927953,0.4187559423711169,0.09217453771118,0.08102371811764277,0.03655312448945716,0.03536212154780558,True
171,0.14579314009940791,0.06650811067689322,0.08037154859468315,0.015523301871518796,0.17439642905631275,0.03940801186921094,0.03994241432925781,0.015503365110558767,0.17136110629064777,0.25119257210150886,True
172,0.05259394093776716,0.023926781115762442,0.01411359002104899,0.11588702391404967,0.05125730946739498,0.025733685951646483,0.3911611564342304,0.2039635496008166,0.09474851938265526,0.026614443174627963,True
173,0.023359945088714022,0.175688823807866,0.027912851113117795,0.20726861775508817,0.03910778687787202,0.21342209280423632,0.013104628002432209,0.0899787966590104,0.1271783791742388,0.08297807871742423,True
174,0.09331947973443563,0.03892346353249295,0.10843548636231831,0.08473684788903477,0.02632195921186526,0.12711042139033585,0.14860151696254556,0.14520500818274676,0.15114633372292113,0.07619948301130375,True
175,0.10739587066910727,0.09419723412499216,0.0027910898110545227,0.013024902931976213,0.030916552329172623,0.3991452836687389,0.025199324886955487,0.038860325734529085,0.12951398707787604,0.15895542876559768,True
176,0.0985774238420223,0.10377522708949635,0.023708559809692168,0.16856740506312,0.12925007299082175,0.2463791342858112,0.016357306239581877,0.01710895835885951,0.1572109909398148,0.039064921380780014,True
177,0.024500990952190525,0.1531406232638864,0.1702414550962726,0.13832734094155877,0.12279086935794584,0.10439607717647441,0.03239150451250699,0.09685797986978048,0.05477084142200228,0.1025823174073816,True
178,0.012111059253026395,0.12340662558129735,0.06863792684064886,0.012406192398904514,0.120981944413468,0.07987676600485949,0.31553921084177367,0.16352013429279147,0.0900590093445654,0.013461131028665054,True
179,0.13601013118534375,0.07473236729800978,0.05817261049650471,0.018543988482658945,0.18596251852620693,0.34725034033223834,0.06473352688867312,0.04916320750403482,0.006829026741253908,0.05860228254507581,True
180,0.05753152523556601,0.021114586285750088,0.03991444432436882,0.03044686132103461,0.1356335021737549,0.061863342243338434,0.503573484461531,0.008698329682634157,0.11421423439811144,0.027009689873910503,True
181,0.00375565261785712,0.07857338005885349,0.06978156377294754,0.21503274670593744,0.040200804301670945,0.07396790490811209,0.1620724702106057,0.004648807243554781,0.1520515435045548,0.199915126675906,True
182,0.06035873930567095,0.13390289946204784,0.04628839438446572,0.11446986333533937,0.01322639965797632,0.01046942190656762,0.16398135642004494,0.1714261607558963,0.04700240681822877,0.2388743579537622,True
183,0.06759167537817348,0.05322728765682568,0.026166033710273606,0.13165435102564954,0.27617625283456165,0.0012174309828184827,0.008964085858825806,0.04832668256787415,0.11659005854325083,0.2700861414417467,True
184,0.010438287072853188,0.13209086162359668,0.014882349789531825,0.12985390011645798,0.20586545078178234,0.13717487137944562,0.07677764002545673,0.025258577522876104,0.05494438310538775,0.21271367858261192,True
185,0.018280365648440145,0.08405020247562221,0.13075491089194108,0.05599410800664546,0.013662821403460708,0.017361478935496843,0.08854763684902467,0.06921487626375417,0.48689700710103234,0.03523659242458221,True
186,0.03681119900676924,0.06197271781999648,0.010181913391659123,0.13306884566433727,0.06200544899400558,0.02356201925490662,0.049697629322242906,0.2991943283005037,0.24048584999197287,0.0830200482536063,True
187,0.16848754678802177,0.21567253415693904,0.21572575769233385,0.037337016881095336,0.050224778099427915,0.016808032170745935,0.0837719936339604,0.1932125430759336,0.002942794089855559,0.015817003411686757,True
188,0.23623344554185008,0.01838516052296409,0.07165543261340765,0.275283384205604,0.05030966520151172,0.002509810739426058,0.23921573090805917,0.010508368324358561,0.02789543740808303,0.0680035645347358,True
