time,resource0,resource1,resource2,resource3,resource4,resource5,resource6,resource7,resource8,resource9,species0,species1,species2,species3,species4,species5,species6,species7,species8,species9,species10,species11,species12,species13,species14,species15,species16,species17,species18,species19,species20,species21,species22,species23,species24,species25,species26,species27,species28,species29,species30,species31,species32,species33,species34,species35,species36,species37,species38,species39,species40,species41,species42,species43,species44,species45,species46,species47,species48,species49,species50,species51,species52,species53,species54,species55,species56,species57,species58,species59,species60,species61,species62,species63,species64,species65,species66,species67,species68,species69,species70,species71,species72,species73,species74,species75,species76,species77,species78,species79,species80,species81,species82,species83,species84,species85,species86,species87,species88,species89,species90,species91,species92,species93,species94,species95,species96,species97,species98,species99,species100,species101,species102,species103,species104,species105,species106,species107,species108,species109,species110,species111,species112,species113,species114,species115,species116,species117,species118,species119,species120,species121,species122,species123,species124,species125,species126,species127,species128,species129,species130,species131,species132,species133,species134,species135,species136,species137,species138,species139,species140,species141,species142,species143,species144,species145,species146,species147,species148,species149,species150,species151,species152,species153,species154,species155,species156,species157,species158,species159,species160,species161,species162,species163,species164,species165,species166,species167,species168,species169,species170,species171,species172,species173,species174,species175,species176,species177,species178,species179,species180,species181,species182,species183,species184,species185,species186,species187,species188,species189,species190,species191,species192,species193,species194,species195,species196,species197,species198,species199,species200,species201,species202,species203,species204,species205,species206,species207,species208,species209,species210,species211,species212,species213,species214,species215,species216,species217,species218,species219,species220,species221,species222,species223,species224,species225,species226,species227,species228,species229,species230,species231,species232,species233,species234,species235,species236,species237,species238,species239,species240,species241,species242,species243,species244,species245,species246,species247,species248,species249,species250,species251,species252,species253,species254,species255,species256,species257,species258,species259,species260,species261,species262,species263,species264,species265,species266,species267,species268,species269,species270,species271,species272,species273,species274,species275,species276,species277,species278,species279,species280,species281,species282,species283,species284,species285,species286,species287,species288,species289,species290,species291,species292,species293,species294,species295,species296,species297,species298,species299,species300,species301,species302,species303,species304,species305,species306,species307,species308,species309,species310,species311,species312,species313,species314,species315,species316,species317,species318,species319,species320,species321,species322,species323,species324,species325,species326,species327,species328,species329,species330,species331,species332,species333,species334,species335,species336,species337,species338,species339,species340,species341,species342,species343,species344,species345,species346,species347,species348,species349,species350,species351,species352,species353,species354,species355,species356,species357,species358,species359,species360,species361,species362,species363,species364,species365,species366,species367,species368,species369,species370,species371,species372,species373,species374,species375,species376,species377,species378,species379,species380,species381,species382,species383,species384,species385,species386,species387,species388,species389,species390,species391,species392,species393,species394,species395,species396,species397,species398,species399,species400,species401,species402,species403,species404,species405,species406,species407,species408,species409,species410,species411,species412,species413,species414,species415,species416,species417,species418,species419,species420,species421,species422,species423,species424,species425,species426,species427,species428,species429,species430,species431,species432,species433,species434,species435,species436,species437,species438,species439,species440,species441,species442,species443,species444,species445,species446,species447,species448,species449,species450,species451,species452,species453,species454,species455,species456,species457,species458,species459,species460,species461,species462,species463,species464,species465,species466,species467,species468,species469,species470,species471,species472,species473,species474,species475,species476,species477,species478,species479,species480,species481,species482,species483,species484,species485,species486,species487,species488,species489,species490,species491,species492,species493,species494,species495,species496,species497,species498,species499
0.0,1.0,1.0,1.0,1.0,1.0,1.0,1.0,1.0,1.0,1.0,0.01,nan,nan,nan,nan,nan,nan,nan,nan,nan,nan,nan,nan,nan,nan,nan,nan,nan,nan,nan,nan,nan,nan,nan,nan,nan,nan,nan,nan,nan,nan,nan,nan,nan,nan,nan,nan,nan,nan,nan,nan,nan,nan,nan,nan,nan,nan,nan,nan,nan,nan,nan,nan,nan,nan,nan,nan,nan,nan,nan,nan,nan,nan,nan,nan,nan,nan,nan,nan,nan,nan,nan,nan,nan,nan,nan,nan,nan,nan,nan,nan,nan,nan,nan,nan,nan,nan,nan,nan,nan,nan,nan,nan,nan,nan,nan,nan,nan,nan,nan,nan,nan,nan,nan,nan,nan,nan,nan,nan,nan,nan,nan,nan,nan,nan,nan,nan,nan,nan,nan,nan,nan,nan,nan,nan,nan,nan,nan,nan,nan,nan,nan,nan,nan,nan,nan,nan,nan,nan,nan,nan,nan,nan,nan,nan,nan,nan,nan,nan,nan,nan,nan,nan,nan,nan,nan,nan,nan,nan,nan,nan,nan,nan,nan,nan,nan,nan,nan,nan,nan,nan,nan,nan,nan,nan,nan,nan,nan,nan,nan,nan,nan,nan,nan,nan,nan,nan,nan,nan,nan,nan,nan,nan,nan,nan,nan,nan,nan,nan,nan,nan,nan,nan,nan,nan,nan,nan,nan,nan,nan,nan,nan,nan,nan,nan,nan,nan,nan,nan,nan,nan,nan,nan,nan,nan,nan,nan,nan,nan,nan,nan,nan,nan,nan,nan,nan,nan,nan,nan,nan,nan,nan,nan,nan,nan,nan,nan,nan,nan,nan,nan,nan,nan,nan,nan,nan,nan,nan,nan,nan,nan,nan,nan,nan,nan,nan,nan,nan,nan,nan,nan,nan,nan,nan,nan,nan,nan,nan,nan,nan,nan,nan,nan,nan,nan,nan,nan,nan,nan,nan,nan,nan,nan,nan,nan,nan,nan,nan,nan,nan,nan,nan,nan,nan,nan,nan,nan,nan,nan,nan,nan,nan,nan,nan,nan,nan,nan,nan,nan,nan,nan,nan,nan,nan,nan,nan,nan,nan,nan,nan,nan,nan,nan,nan,nan,nan,nan,nan,nan,nan,nan,nan,nan,nan,nan,nan,nan,nan,nan,nan,nan,nan,nan,nan,nan,nan,nan,nan,nan,nan,nan,nan,nan,nan,nan,nan,nan,nan,nan,nan,nan,nan,nan,nan,nan,nan,nan,nan,nan,nan,nan,nan,nan,nan,nan,nan,nan,nan,nan,nan,nan,nan,nan,nan,nan,nan,nan,nan,nan,nan,nan,nan,nan,nan,nan,nan,nan,nan,nan,nan,nan,nan,nan,nan,nan,nan,nan,nan,nan,nan,nan,nan,nan,nan,nan,nan,nan,nan,nan,nan,nan,nan,nan,nan,nan,nan,nan,nan,nan,nan,nan,nan,nan,nan,nan,nan,nan,nan,nan,nan,nan,nan,nan,nan,nan,nan,nan,nan,nan,nan,nan,nan,nan,nan,nan,nan,nan,nan,nan,nan,nan,nan,nan,nan,nan,nan,nan,nan,nan,nan,nan,nan,nan,nan,nan,nan,nan,nan,nan,nan,nan,nan,nan,nan,nan,nan,nan,nan,nan,nan
1000.0,2.903554268463001,9.497790597853719,0.6824474339524036,0.6981263802029039,0.23893493864664905,0.0,0.9052057899448647,0.0,0.0,0.11628540729066733,1.0379932513242203,39.1227652193013,0.15153314781135085,0.015709997103001902,0.012397551253654094,5.068149243822425,29.848675272041827,0.0,0.005381353900778378,12.296004515802503,39.55783246823101,0.0,0.0,8.743709686201722,0.0,0.0,22.93564146660358,0.04955395918932806,0.0,4.327588876456182,0.0,0.004101391296645865,0.0,0.01310639101632493,0.0027275157309630694,1.3645898191207793,0.12401548977864729,0.022398452413220315,0.020580733919032073,1.07416916786308,0.5362160936649134,0.0012409400965858431,0.019909059355413487,0.10339522584630441,0.0051822392384210485,0.00248131744638319,0.0014362452822601851,0.020950368221508094,0.004765772219465626,0.10015273597421902,0.0876477651203504,0.0014463356327274457,0.11625796858757317,0.01873329191112301,0.003543552481536509,0.005666501579117767,0.021001493328135435,0.0027457802619653385,0.06292239569202812,0.004902489203150734,0.010755719968059593,0.00594920454181811,0.02994411374072739,0.012493062654358593,0.009783534930029253,0.01057125111617032,0.0099100478004193,nan,nan,nan,nan,nan,nan,nan,nan,nan,nan,nan,nan,nan,nan,nan,nan,nan,nan,nan,nan,nan,nan,nan,nan,nan,nan,nan,nan,nan,nan,nan,nan,nan,nan,nan,nan,nan,nan,nan,nan,nan,nan,nan,nan,nan,nan,nan,nan,nan,nan,nan,nan,nan,nan,nan,nan,nan,nan,nan,nan,nan,nan,nan,nan,nan,nan,nan,nan,nan,nan,nan,nan,nan,nan,nan,nan,nan,nan,nan,nan,nan,nan,nan,nan,nan,nan,nan,nan,nan,nan,nan,nan,nan,nan,nan,nan,nan,nan,nan,nan,nan,nan,nan,nan,nan,nan,nan,nan,nan,nan,nan,nan,nan,nan,nan,nan,nan,nan,nan,nan,nan,nan,nan,nan,nan,nan,nan,nan,nan,nan,nan,nan,nan,nan,nan,nan,nan,nan,nan,nan,nan,nan,nan,nan,nan,nan,nan,nan,nan,nan,nan,nan,nan,nan,nan,nan,nan,nan,nan,nan,nan,nan,nan,nan,nan,nan,nan,nan,nan,nan,nan,nan,nan,nan,nan,nan,nan,nan,nan,nan,nan,nan,nan,nan,nan,nan,nan,nan,nan,nan,nan,nan,nan,nan,nan,nan,nan,nan,nan,nan,nan,nan,nan,nan,nan,nan,nan,nan,nan,nan,nan,nan,nan,nan,nan,nan,nan,nan,nan,nan,nan,nan,nan,nan,nan,nan,nan,nan,nan,nan,nan,nan,nan,nan,nan,nan,nan,nan,nan,nan,nan,nan,nan,nan,nan,nan,nan,nan,nan,nan,nan,nan,nan,nan,nan,nan,nan,nan,nan,nan,nan,nan,nan,nan,nan,nan,nan,nan,nan,nan,nan,nan,nan,nan,nan,nan,nan,nan,nan,nan,nan,nan,nan,nan,nan,nan,nan,nan,nan,nan,nan,nan,nan,nan,nan,nan,nan,nan,nan,nan,nan,nan,nan,nan,nan,nan,nan,nan,nan,nan,nan,nan,nan,nan,nan,nan,nan,nan,nan,nan,nan,nan,nan,nan,nan,nan,nan,nan,nan,nan,nan,nan,nan,nan,nan,nan,nan,nan,nan,nan,nan,nan,nan,nan,nan,nan,nan,nan,nan,nan,nan,nan,nan,nan,nan,nan,nan,nan,nan,nan,nan,nan,nan,nan,nan,nan,nan,nan,nan,nan,nan,nan,nan,nan,nan,nan,nan,nan,nan,nan,nan,nan,nan,nan,nan,nan,nan,nan,nan,nan,nan,nan,nan,nan,nan,nan,nan,nan,nan,nan,nan,nan,nan,nan,nan,nan,nan,nan,nan,nan,nan,nan,nan,nan,nan,nan,nan,nan,nan,nan,nan,nan,nan,nan,nan,nan,nan,nan,nan,nan,nan,nan,nan,nan,nan,nan,nan,nan,nan,nan,nan,nan,nan
2000.0,0.7766303027849968,0.9276046150141108,1.0544247553688804,0.0,2.0742612318976503,0.6909578988323841,1.8079860346452337,0.0,0.0,1.588005117830157,0.03747349379161961,6.347377786623447,0.09846083005615561,0.0022452894351709814,0.0026860757668701754,0.3557492329532538,32.31623537747268,0.0,0.0,10.901897804648671,41.10385008616061,0.0,0.0,0.2653965321283625,0.0,0.0,13.664538967037993,0.03926496290100793,0.0,2.7766984495193965,0.0,0.0,0.0,0.0,0.0,5.948015169218166,0.7757591230868176,0.020528295076165427,0.0,1.2540917903018616,1.1146765970043044,0.0,0.0,0.015833295917915532,0.004628302845384602,0.0,0.0,0.20082642461793035,0.0025710350477322875,0.7011192496233504,4.164260034768793,0.0,6.033845731888956,1.4484655800273014,0.0017365313092304437,0.0,0.24080230728878388,0.0,0.8416129244181682,0.047027315133933,0.011245260604883145,0.0,0.695427570381945,1.4995628151854061,0.04468213516840989,0.0,0.001791432314798212,0.0,0.07833671624456082,0.0,0.0,5.080716186042959,0.012948159217755596,0.007947040086020148,0.0,0.2732865648004246,0.017859845315376217,0.0,0.11594758186692151,0.003232264274762001,0.0,0.8533352506053999,0.005937188794072146,0.0,1.1313835055567492,0.003089570178164526,0.0,0.013539599783138548,0.004193088280029995,0.029144204195954614,0.0,0.28137606903082163,0.012213225712427209,0.0,0.0,0.0017185009377704023,0.009336705392829695,0.05208860636575544,0.05818226278693696,0.0,0.007765786151906455,0.03932965208041693,0.020731996927274978,0.004825009310476456,0.002897172203010709,0.013036101683588645,0.00901899900548013,0.003084427338704721,0.001350573534112689,0.008857983112047023,0.03280731556072851,0.00410017044503419,0.026166315414394476,0.00324191754533757,0.00802595112009056,0.009489615625951684,0.005921060540478022,0.006677540565945058,0.010468749576385737,0.01182797700232455,0.005603919885582371,0.007041430001613863,0.006933168005092605,0.007646706105496632,0.009463871607992249,0.00741824165558041,0.015820844188881716,0.00842589399916267,0.00767182764249252,0.005262121589010399,0.009040664011603824,0.008636699705509872,0.010228890682253447,0.007786513259873567,0.006855272143211694,0.008510909168665152,0.008831711479482154,0.011168688991369117,0.008844587152332276,nan,nan,nan,nan,nan,nan,nan,nan,nan,nan,nan,nan,nan,nan,nan,nan,nan,nan,nan,nan,nan,nan,nan,nan,nan,nan,nan,nan,nan,nan,nan,nan,nan,nan,nan,nan,nan,nan,nan,nan,nan,nan,nan,nan,nan,nan,nan,nan,nan,nan,nan,nan,nan,nan,nan,nan,nan,nan,nan,nan,nan,nan,nan,nan,nan,nan,nan,nan,nan,nan,nan,nan,nan,nan,nan,nan,nan,nan,nan,nan,nan,nan,nan,nan,nan,nan,nan,nan,nan,nan,nan,nan,nan,nan,nan,nan,nan,nan,nan,nan,nan,nan,nan,nan,nan,nan,nan,nan,nan,nan,nan,nan,nan,nan,nan,nan,nan,nan,nan,nan,nan,nan,nan,nan,nan,nan,nan,nan,nan,nan,nan,nan,nan,nan,nan,nan,nan,nan,nan,nan,nan,nan,nan,nan,nan,nan,nan,nan,nan,nan,nan,nan,nan,nan,nan,nan,nan,nan,nan,nan,nan,nan,nan,nan,nan,nan,nan,nan,nan,nan,nan,nan,nan,nan,nan,nan,nan,nan,nan,nan,nan,nan,nan,nan,nan,nan,nan,nan,nan,nan,nan,nan,nan,nan,nan,nan,nan,nan,nan,nan,nan,nan,nan,nan,nan,nan,nan,nan,nan,nan,nan,nan,nan,nan,nan,nan,nan,nan,nan,nan,nan,nan,nan,nan,nan,nan,nan,nan,nan,nan,nan,nan,nan,nan,nan,nan,nan,nan,nan,nan,nan,nan,nan,nan,nan,nan,nan,nan,nan,nan,nan,nan,nan,nan,nan,nan,nan,nan,nan,nan,nan,nan,nan,nan,nan,nan,nan,nan,nan,nan,nan,nan,nan,nan,nan,nan,nan,nan,nan,nan,nan,nan,nan,nan,nan,nan,nan,nan,nan,nan,nan,nan,nan,nan,nan,nan,nan,nan,nan,nan,nan,nan,nan,nan,nan,nan,nan,nan,nan,nan,nan,nan,nan,nan,nan,nan,nan,nan,nan,nan,nan,nan,nan,nan,nan,nan,nan,nan,nan,nan,nan,nan,nan,nan,nan,nan,nan,nan,nan,nan,nan,nan,nan,nan,nan,nan,nan,nan,nan,nan,nan,nan,nan,nan,nan,nan,nan,nan,nan,nan,nan,nan,nan,nan,nan,nan,nan,nan,nan,nan,nan
3000.0,0.45145661780926233,0.8408859709695771,0.8922847035873214,0.0,1.8850287588810606,1.603934093639702,1.0754571298948892,0.827164371290618,0.6026491081357273,0.824721594906853,0.12546354658218442,1.3158255467495716,0.01302794333506671,0.002484861097591841,0.0,0.07447274214300838,32.7664978958593,0.0,0.0,1.302976684025226,39.52798004967989,0.0,0.0,0.30326761364363014,0.0,0.0,3.512045557103095,0.044143472330139356,0.0,4.500857064998791,0.0,0.0,0.0,0.0,0.0,5.127378092788364,1.8622057456632977,0.08779135603177339,0.0,0.19544729758394425,0.1891675944576791,0.0,0.0,0.029370621511985506,0.0,0.0,0.0,0.09296833230599748,0.0,0.17883962440751014,12.712023404593628,0.0,12.498932248294933,3.097447624649087,0.0,0.0,0.10530224517487584,0.0,0.6328535753420536,0.40181155506077965,0.008726497479623351,0.0,0.19215126193444665,1.062837666178293,0.0028011535851973947,0.0,0.0,0.0,0.127294081635349,0.0,0.0,4.230330613655437,0.009007526157481387,0.00720319090527119,0.0,1.819562331165055,0.0015985435614138377,0.0,0.5733652188286937,0.001678132009480993,0.0,1.513323236863621,0.008114332338127354,0.0,0.4379211604275093,0.0010399718316344909,0.0,0.0019385595823409557,0.0,0.008413841766474089,0.0,0.666600254270564,0.0,0.0,0.0,0.004355397716565569,0.0020097261946169483,0.0023191884886014664,0.061359507045521795,0.0,0.0,0.16791025933176906,0.0055530023417809235,0.01107042136903705,0.0,0.08631111334088022,0.002026369562666777,0.0,0.0,0.0,0.721400011674535,0.0,0.15288962006687315,0.002855618688104497,0.0022628950934554886,0.0017417077266227376,0.004681563306169879,0.0,0.0015377206544215586,0.012141672313246626,0.0,0.0,0.0040472053171038,0.027307264411939383,0.002475393170505874,0.015294652613125242,0.14811621284666962,0.0,0.01393070779707043,0.0,0.0,0.006013382302625754,0.014723392343471415,0.0011222133405728945,0.0,0.0,0.0,0.010020379545593504,0.0,0.1632023566435586,0.0,0.0035626245148982997,0.0,0.014906559645308579,0.012310787355395163,0.0010000244126571478,0.003651026032520828,0.0026778131873502697,0.0,0.0,0.003910361077843572,0.0,0.0,0.023848151200451254,0.001881166716757522,0.0,0.06518117375152888,0.0,0.009926238094873446,0.0021348172812068293,0.008898146943357341,0.005635508666260933,0.003786412715052951,0.0028721205107921943,0.0,0.005873422649092908,0.0023252991212272247,0.020061031729420763,0.006721874715427102,0.02131939515754103,0.002743970188197564,0.008791307481761074,0.003442466911644465,0.010148643236213506,0.0,0.03336693928639261,0.025165980882022328,0.037831025864469896,0.0,0.0,0.008506878876555848,0.00604596794772543,0.008408997776009931,0.012349380727284788,0.012257376402185181,0.0029912418843451626,0.005227533186203842,0.010975484319605605,0.008528602186098582,0.01108010162068618,0.011825134138794918,0.005580561111266748,0.008091849840683523,0.004566891707475971,0.009080624917171947,0.007476281569057655,0.006686514167389955,0.007386542403606826,0.009743258560155166,0.005733740775016855,0.00935606437534114,0.010894061800484403,0.01009170825101669,0.009811825626482163,nan,nan,nan,nan,nan,nan,nan,nan,nan,nan,nan,nan,nan,nan,nan,nan,nan,nan,nan,nan,nan,nan,nan,nan,nan,nan,nan,nan,nan,nan,nan,nan,nan,nan,nan,nan,nan,nan,nan,nan,nan,nan,nan,nan,nan,nan,nan,nan,nan,nan,nan,nan,nan,nan,nan,nan,nan,nan,nan,nan,nan,nan,nan,nan,nan,nan,nan,nan,nan,nan,nan,nan,nan,nan,nan,nan,nan,nan,nan,nan,nan,nan,nan,nan,nan,nan,nan,nan,nan,nan,nan,nan,nan,nan,nan,nan,nan,nan,nan,nan,nan,nan,nan,nan,nan,nan,nan,nan,nan,nan,nan,nan,nan,nan,nan,nan,nan,nan,nan,nan,nan,nan,nan,nan,nan,nan,nan,nan,nan,nan,nan,nan,nan,nan,nan,nan,nan,nan,nan,nan,nan,nan,nan,nan,nan,nan,nan,nan,nan,nan,nan,nan,nan,nan,nan,nan,nan,nan,nan,nan,nan,nan,nan,nan,nan,nan,nan,nan,nan,nan,nan,nan,nan,nan,nan,nan,nan,nan,nan,nan,nan,nan,nan,nan,nan,nan,nan,nan,nan,nan,nan,nan,nan,nan,nan,nan,nan,nan,nan,nan,nan,nan,nan,nan,nan,nan,nan,nan,nan,nan,nan,nan,nan,nan,nan,nan,nan,nan,nan,nan,nan,nan,nan,nan,nan,nan,nan,nan,nan,nan,nan,nan,nan,nan,nan,nan,nan,nan,nan,nan,nan,nan,nan,nan,nan,nan,nan,nan,nan,nan,nan,nan,nan,nan,nan,nan,nan,nan,nan,nan,nan,nan,nan,nan,nan,nan,nan,nan,nan,nan,nan,nan,nan,nan,nan,nan,nan,nan,nan,nan,nan,nan,nan,nan,nan,nan,nan,nan,nan,nan,nan,nan,nan,nan,nan,nan,nan,nan,nan,nan,nan,nan,nan,nan,nan,nan
4000.0,0.3094425573758075,1.4389553278868976,0.42539079329220125,0.0,1.0478946913090295,0.9907923396229936,0.9903315264848003,0.9799155723739816,0.4887002932009686,1.4013285767411123,0.5666820004517747,0.3860672911790236,0.0028168081242543608,0.004701735389114562,0.0,0.008205754898541816,31.8997023368692,0.0,0.0,0.14751638253118962,36.347814567029786,0.0,0.0,0.39574880524881323,0.0,0.0,0.31878009947521335,0.02189914245847582,0.0,3.7633938092799473,0.0,0.0,0.0,0.0,0.0,3.9620040361488362,2.264243933350908,0.09229966454474996,0.0,0.021814205615173107,0.030668136470373763,0.0,0.0,0.07470417503166205,0.0,0.0,0.0,0.04718085010985429,0.0,0.14337101685275802,14.902928060915508,0.0,13.563727318109976,3.3322134371675647,0.0,0.0,0.04012706431860165,0.0,0.7303658405737689,0.6008524065458134,0.010776726819642186,0.0,0.03129900542641777,0.2196457731325953,0.0,0.0,0.0,0.0,0.5250170769784247,0.0,0.0,0.820987228440464,0.0026053639410605067,0.0034606061089898143,0.0,3.095895124667538,0.0,0.0,1.1376323050036945,0.0,0.0,2.3042434036135346,0.002439501639199239,0.0,0.05891397715187821,0.0,0.0,0.0,0.0,0.0019300088984481765,0.0,1.0309100236768147,0.0,0.0,0.0,0.006929698377676896,0.0,0.0,0.03166558507126237,0.0,0.0,0.38156971000374834,0.0,0.005220646191562376,0.0,0.1286494402646022,0.0,0.0,0.0,0.0,3.42159842091179,0.0,0.24638632017954945,0.0020135857739062187,0.0,0.0,0.002289699059971748,0.0,0.0,0.0101785446590435,0.0,0.0,0.006786622656936221,0.12098878168894628,0.0,0.0076505215073727735,0.2578012120124892,0.0,0.009524636676263994,0.0,0.0,0.0023193242272797894,0.007167863699907432,0.0,0.0,0.0,0.0,0.0020468597369421204,0.0,1.124210909208212,0.0,0.0,0.0,0.004141391611739924,0.012653031453782665,0.0,0.001117647110136372,0.0,0.0,0.0,0.0,0.0,0.0,0.04897406424298076,0.0,0.0,0.11191757453204904,0.0,0.0031479892845274935,0.0,0.026530351406915488,0.002945942000261048,0.0,0.0,0.0,0.0,0.0,0.007720890383421353,0.003987606865759499,0.03324228836067107,0.0,0.014663881444451634,0.0,0.0039772515795075255,0.0,0.2621446642011724,0.051565887195133525,0.368569242401021,0.0,0.0,0.01322356616123643,0.0,0.007519005588699788,0.009766031175182465,0.026689807819426717,0.0,0.0,0.03466850463486956,0.0027656219488520215,0.0024356673010395465,0.0019394178662489824,0.0,0.002355038245683959,0.0,0.0010926156493380008,0.0,0.0,0.001987750236709452,0.001230784180337059,0.0,0.005039206558446718,0.004084567763917952,0.011249428728674857,0.009807103719090209,0.007043499549237393,0.0,0.007930709311505454,0.0,0.0,0.0033566547185697403,0.0030965256868984,0.0,0.0,0.0030808861989871698,0.005111000419735421,0.006547283086994507,0.0,0.0,0.006762153968149085,0.005443060378135835,0.01229281567915296,0.0011464815579262497,0.006217313737612112,0.001428420652525279,0.002582874554252585,0.021423950479137133,0.0014490142945860554,0.01875517860830988,0.0023028913591191707,0.008119737984312973,0.01094726143747432,0.0015989610010842268,0.0023264150085361675,0.010840592135221106,0.0017954953973433512,0.01634403122834142,0.01110360767696779,0.00791953178306624,0.0029424238344769303,0.006046555919687481,0.009274993230131204,0.002544173741064648,0.007138820505801026,0.007154642569168474,0.004502616917178112,0.005138980825128288,0.0056726228257544305,0.011803099814872008,0.008571144826929535,0.0036781970299310674,0.007904048813146512,0.00881324865837742,0.006076111589430871,0.004690697579921276,0.007996929835632762,0.008203222132365387,0.010366943962205851,0.0076800900705799174,0.007189152006775552,0.008250111493783773,0.010818084809913671,0.00990693151960233,0.010191993337611914,0.010015426605143268,nan,nan,nan,nan,nan,nan,nan,nan,nan,nan,nan,nan,nan,nan,nan,nan,nan,nan,nan,nan,nan,nan,nan,nan,nan,nan,nan,nan,nan,nan,nan,nan,nan,nan,nan,nan,nan,nan,nan,nan,nan,nan,nan,nan,nan,nan,nan,nan,nan,nan,nan,nan,nan,nan,nan,nan,nan,nan,nan,nan,nan,nan,nan,nan,nan,nan,nan,nan,nan,nan,nan,nan,nan,nan,nan,nan,nan,nan,nan,nan,nan,nan,nan,nan,nan,nan,nan,nan,nan,nan,nan,nan,nan,nan,nan,nan,nan,nan,nan,nan,nan,nan,nan,nan,nan,nan,nan,nan,nan,nan,nan,nan,nan,nan,nan,nan,nan,nan,nan,nan,nan,nan,nan,nan,nan,nan,nan,nan,nan,nan,nan,nan,nan,nan,nan,nan,nan,nan,nan,nan,nan,nan,nan,nan,nan,nan,nan,nan,nan,nan,nan,nan,nan,nan,nan,nan,nan,nan,nan,nan,nan,nan,nan,nan,nan,nan,nan,nan,nan,nan,nan,nan,nan,nan,nan,nan,nan,nan,nan,nan,nan,nan,nan,nan,nan,nan,nan,nan,nan,nan,nan,nan,nan,nan,nan,nan,nan,nan,nan,nan,nan,nan,nan,nan,nan,nan,nan,nan,nan,nan,nan,nan,nan,nan,nan,nan,nan,nan,nan,nan,nan,nan,nan,nan,nan,nan,nan,nan,nan,nan,nan,nan,nan,nan,nan,nan,nan,nan,nan,nan,nan,nan,nan,nan,nan,nan
5000.0,0.23303548735104312,1.4871990704075042,0.7965449754290342,0.8671241237333829,0.4483900413670118,0.9623135651057986,0.549205522412068,0.9159941784184947,0.7960228859784263,1.2041221545557295,1.514813865322293,0.11172896168186805,0.0,0.0054830773314524985,0.0,0.0,32.51247907795329,0.0,0.0,0.005990671858196358,34.187772867472425,0.0,0.0,0.667474621137881,0.0,0.0,0.041807489384417834,0.005577895940231378,0.0,2.893953901374408,0.0,0.0,0.0,0.0,0.0,3.6355968824520293,1.8144863862081957,0.04945816613406027,0.0,0.0030101854774330123,0.003402649390637944,0.0,0.0,0.05482824948464959,0.0,0.0,0.0,0.02091366350755753,0.0,0.1950680616224071,12.567276131782423,0.0,10.4708766391433,2.048089682113295,0.0,0.0,0.008940881933494045,0.0,1.306941819491446,0.25901511093976715,0.016809218553962967,0.0,0.0030693372547864334,0.008493305103607953,0.0,0.0,0.0,0.0,2.0889049729049933,0.0,0.0,0.08021618913893233,0.0,0.0,0.0,5.227103130054299,0.0,0.0,1.5679846192768228,0.0,0.0,2.7733514490691107,0.0,0.0,0.008725493552386124,0.0,0.0,0.0,0.0,0.0,0.0,0.7279287666798021,0.0,0.0,0.0,0.005723148975933372,0.0,0.0,0.01055356986338119,0.0,0.0,0.4153385834236605,0.0,0.0010682621181228693,0.0,0.04366472802908997,0.0,0.0,0.0,0.0,5.51069199397805,0.0,0.2293113934591451,0.0,0.0,0.0,0.0,0.0,0.0,0.016976575450344103,0.0,0.0,0.007220931076576725,0.3901557431434238,0.0,0.0010022936896585117,0.3589081400270384,0.0,0.0020567880035781147,0.0,0.0,0.0010378598918787908,0.0,0.0,0.0,0.0,0.0,0.0,0.0,2.423234914667838,0.0,0.0,0.0,0.0,0.008285352100749932,0.0,0.0,0.0,0.0,0.0,0.0,0.0,0.0,0.13018888800798806,0.0,0.0,0.0478317225160598,0.0,0.0,0.0,0.029539192589236877,0.0,0.0,0.0,0.0,0.0,0.0,0.002039727767968955,0.003994727826507687,0.010076737312806174,0.0,0.016852864295572093,0.0,0.0,0.0,0.7636535176330169,0.04521208274277515,1.7233004566744696,0.0,0.0,0.006045122051057667,0.0,0.00281225929757736,0.0031329977224891013,0.011630630069122544,0.0,0.0,0.11423631065595628,0.0,0.0,0.0,0.0,0.001597066804694211,0.0,0.0,0.0,0.0,0.0,0.0,0.0,0.0028592657034690007,0.003985298143099948,0.01026406388653823,0.025878072784076233,0.0011500949541275176,0.0,0.0038767687793846463,0.0,0.0,0.0,0.0,0.0,0.0,0.0,0.002195613107169805,0.0032218349541528017,0.0,0.0,0.003059784514649432,0.00131623331916365,0.0067342063757743235,0.0,0.0034007274895980003,0.0,0.0,0.08506864516964678,0.0,0.025697361247657667,0.0,0.004273992159531782,0.008780796066651997,0.0,0.0,0.011398044693777521,0.0,0.029079220858594115,0.015596669841184737,0.00276986210730931,0.0,0.0,0.0031267295705587547,0.0,0.0014703145185163344,0.001973064255840437,0.0,0.0,0.0,0.028115918665281795,0.0030812684841782507,0.0,0.003779511651598288,0.008749625439775113,0.0,0.0,0.0012827204692191635,0.004399033887791494,0.007976654888722796,0.0020332335623662093,0.0,0.0010043797934420754,0.015813521898801728,0.0030431875164842375,0.05843333596817938,0.013217634814345208,0.0,0.0,0.0,0.003688413921734179,0.004167229121367614,0.007515187203167681,0.002004477276913118,0.00202336287364483,0.00232416732005504,0.0,0.0028975134840068867,0.0028340203441134092,0.004388658842907881,0.027156339485455493,0.03281121403353777,0.0037763620723453837,0.011438256231615047,0.0014397800896771206,0.0014493892507110619,0.007650354730807964,0.01667906290025147,0.005565513937437819,0.0052726050661197725,0.005313453754115976,0.004963665205003414,0.007460600375366401,0.004460128775287852,0.014324742901702336,0.0011593439634266787,0.003576896547487263,0.007602656350995963,0.0018813800314760004,0.007708456713174443,0.0034734008821530153,0.005059412586010846,0.0031362792746950042,0.004240989827021703,0.006396599695840262,0.0021711949806909785,0.008893914300171318,0.004394154569774891,0.006127918310476793,0.002458000097806791,0.0077735197450706,0.008336036717360891,0.009153417893850537,0.004088757546572011,0.005927729711658487,0.006024138630460515,0.0036025108511339547,0.009922048154288127,0.008842203436141375,0.005910937094085119,0.006719549683899037,0.009359845043176714,0.009735280129459976,0.009291560761488621,0.008817840315330826,0.009956239320791007,nan,nan,nan,nan,nan,nan,nan,nan,nan,nan,nan,nan,nan,nan,nan,nan,nan,nan,nan,nan,nan,nan,nan,nan,nan,nan,nan,nan,nan,nan,nan,nan,nan,nan,nan,nan,nan,nan,nan,nan,nan,nan,nan,nan,nan,nan,nan,nan,nan,nan,nan,nan,nan,nan,nan,nan,nan,nan,nan,nan,nan,nan,nan,nan,nan,nan,nan,nan,nan,nan,nan,nan,nan,nan,nan,nan,nan,nan,nan,nan,nan,nan,nan,nan,nan,nan,nan,nan,nan,nan,nan,nan,nan,nan,nan,nan,nan,nan,nan,nan,nan,nan,nan,nan,nan,nan,nan,nan,nan,nan,nan,nan,nan,nan,nan,nan,nan,nan,nan,nan,nan,nan,nan,nan,nan,nan,nan,nan,nan,nan,nan,nan,nan,nan,nan,nan,nan,nan,nan,nan,nan,nan,nan,nan,nan,nan,nan,nan,nan,nan,nan,nan,nan,nan,nan,nan,nan,nan,nan,nan,nan,nan,nan,nan,nan,nan,nan,nan,nan,nan,nan,nan,nan,nan,nan,nan,nan,nan,nan,nan,nan,nan,nan,nan,nan,nan,nan
6000.0,0.5885327695880544,1.3528992245134885,0.5578346335542215,0.6375129197792355,1.0169253454155371,0.6677530773306926,0.6415736943251037,1.315833090912046,0.2830486107099829,0.7181813391048708,1.9628649708225134,0.015787337415653795,0.0,0.002012504422071938,0.0,0.0,32.96436644138493,0.0,0.0,0.0,31.924470335045445,0.0,0.0,0.6973989351898747,0.0,0.0,0.003896901575977244,0.001846503550920158,0.0,1.5143700182769038,0.0,0.0,0.0,0.0,0.0,2.9886255871956675,1.8080313554913188,0.010719119016880966,0.0,0.001013033483357403,0.0,0.0,0.0,0.025864350714704745,0.0,0.0,0.0,0.017728097657922035,0.0,0.1762773307351167,13.45880160677433,0.0,6.367830129617359,0.5246777385425642,0.0,0.0,0.001931744385471907,0.0,1.0977023674042272,0.11122426735636708,0.017181810196731758,0.0,0.0,0.0,0.0,0.0,0.0,0.0,3.8090759825863607,0.0,0.0,0.0234161691870965,0.0,0.0,0.0,7.687390572044463,0.0,0.0,1.9801161126602802,0.0,0.0,3.231732406775297,0.0,0.0,0.003037183229684058,0.0,0.0,0.0,0.0,0.0,0.0,0.5429547932256261,0.0,0.0,0.0,0.0016663044763333239,0.0,0.0,0.014018780345416959,0.0,0.0,0.31219238456666326,0.0,0.0,0.0,0.022109687741441824,0.0,0.0,0.0,0.0,5.970663368894178,0.0,0.12758105793862912,0.0,0.0,0.0,0.0,0.0,0.0,0.00655632278712056,0.0,0.0,0.004247278754752325,0.7087919594516258,0.0,0.0,0.41126183328472465,0.0,0.0,0.0,0.0,0.0,0.0,0.0,0.0,0.0,0.0,0.0,0.0,1.4959458324647097,0.0,0.0,0.0,0.0,0.0031949578166364733,0.0,0.0,0.0,0.0,0.0,0.0,0.0,0.0,0.28958749335484674,0.0,0.0,0.006058938362155134,0.0,0.0,0.0,0.02776591840669744,0.0,0.0,0.0,0.0,0.0,0.0,0.0,0.0047764349826061,0.005568282661094536,0.0,0.004675516038043669,0.0,0.0,0.0,2.170380992073481,0.011321887140458094,3.350095049316919,0.0,0.0,0.008221722443755018,0.0,0.0,0.0,0.00344664333965867,0.0,0.0,0.22134672868372804,0.0,0.0,0.0,0.0,0.0025155095702261545,0.0,0.0,0.0,0.0,0.0,0.0,0.0,0.0,0.0015572411882504562,0.0056938116797295825,0.08095185779044027,0.0,0.0,0.0016260433020774553,0.0,0.0,0.0,0.0,0.0,0.0,0.0,0.0,0.004538470558160934,0.0,0.0,0.0035012965898202045,0.0,0.0026989840425981904,0.0,0.0,0.0,0.0,0.2893716817157616,0.0,0.009559764927693514,0.0,0.0,0.001694870765078008,0.0,0.0,0.013661494264763716,0.0,0.023230295526085885,0.012275150175383678,0.0,0.0,0.0,0.0,0.0,0.0,0.002009516892881975,0.0,0.0,0.0,0.02389150715123126,0.0,0.0,0.0012632858313165961,0.008327189935412474,0.0,0.0,0.0,0.004436939899312864,0.0035627104024834417,0.0011340614608937767,0.0,0.0,0.006634244590729559,0.0,0.12314974243817355,0.016292881705593953,0.0,0.0,0.0,0.0012937079047228427,0.0014072095031340214,0.0025968722121290366,0.0,0.0,0.0,0.0,0.0,0.0,0.005674126797161991,0.05060975694032933,0.054646286818183766,0.0025357133608468374,0.013588839682982749,0.0,0.0,0.01145257298969696,0.04852580475714592,0.001189762174713763,0.0011608138326344437,0.0034414219133501564,0.0,0.0048741331884307685,0.0022952622736034985,0.016876652118915147,0.0,0.0,0.01091368425199199,0.0,0.0,0.00102590789441,0.0,0.0,0.0,0.0,0.0,0.002201981836272878,0.0,0.00156282366918509,0.0,0.0,0.0014338563214075645,0.001906955091249967,0.0,0.0,0.0,0.0,0.003215750983994246,0.012193903629016026,0.0,0.0,0.0,0.003955867132356638,0.0014442676782558134,0.0,0.0045900319641664165,0.002391124575267034,0.0017729624031305943,0.010748406732155491,0.0028756624815428336,0.002556989533504428,0.0018961576969515645,0.0,0.006874401880352808,0.0044262986799745545,0.0012241611237133368,0.004111628835819453,0.007262301440418347,0.0021176770825867596,0.0014863272260131235,0.007108462202078084,0.01359451509619587,0.010322845991411618,0.005608894116464405,0.0,0.0012348888723402117,0.0,0.0015263148284731932,0.013439170281306412,0.0014722193693466978,0.003356708684577569,0.0013334255444419016,0.0014641980156944036,0.0,0.0011371363194003015,0.0014099330047702328,0.0044988386444972115,0.010455418016162335,0.0051773502330684455,0.005684028956364306,0.0019055037797581725,0.0,0.0056991338613507836,0.0020217845307696383,0.015543248850475243,0.006051588430041282,0.00853593673318467,0.009092455763578072,0.0017693408015531274,0.009271302105081867,0.001990182167335349,0.005907651788396728,0.002776478311466728,0.0029428461744009184,0.007929735213954573,0.007102589016454078,0.008698746263889527,0.005348583732948915,0.0034340045812721355,0.002885709937451506,0.005141292832545447,0.0064979047133272815,0.009148161322862442,0.004596554585751631,0.005257671503267236,0.007094085725670298,0.011074819024884705,0.006114242061892053,0.009047005581416898,0.00851185564836448,0.010099385500598052,0.0066058949757033395,0.009588265244436862,0.010701424658350419,0.009284518611013396,0.010936406195733798,0.009987466113917544,nan,nan,nan,nan,nan,nan,nan,nan,nan,nan,nan,nan,nan,nan,nan,nan,nan,nan,nan,nan,nan,nan,nan,nan,nan,nan,nan,nan,nan,nan,nan,nan,nan,nan,nan,nan,nan,nan,nan,nan,nan,nan,nan,nan,nan,nan,nan,nan,nan,nan,nan,nan,nan,nan,nan,nan,nan,nan,nan,nan,nan,nan,nan,nan,nan,nan,nan,nan,nan,nan,nan,nan,nan,nan,nan,nan,nan,nan,nan,nan,nan,nan,nan,nan,nan,nan,nan,nan,nan,nan,nan,nan,nan,nan,nan,nan,nan,nan,nan,nan,nan,nan,nan,nan,nan,nan,nan,nan,nan,nan,nan,nan,nan,nan,nan,nan
7000.0,0.6134181079337929,0.927028052714707,0.41129987981334215,1.10992726366311,1.147495604643189,0.7931513086540575,0.31852167598202785,1.0823580384115081,0.554315298735673,0.8714666721639586,1.8883070311039336,0.001374737736880421,0.0,0.0,0.0,0.0,32.39296068551181,0.0,0.0,0.0,26.704152923959576,0.0,0.0,0.9646077038862579,0.0,0.0,0.0,0.0,0.0,0.684768544403759,0.0,0.0,0.0,0.0,0.0,3.236873992205959,2.172047004105957,0.0018963335192884422,0.0,0.0,0.0,0.0,0.0,0.010528635264974549,0.0,0.0,0.0,0.009068946859051923,0.0,0.1041249795262413,14.896992806471262,0.0,3.0339326107889746,0.10007235869714233,0.0,0.0,0.0,0.0,1.1793725225081597,0.04609627902777381,0.014316252119046325,0.0,0.0,0.0,0.0,0.0,0.0,0.0,5.0039486520105605,0.0,0.0,0.004774486206494661,0.0,0.0,0.0,10.455208289329203,0.0,0.0,1.551210305230098,0.0,0.0,3.7892731583558987,0.0,0.0,0.0012445379677417808,0.0,0.0,0.0,0.0,0.0,0.0,0.2762185096589288,0.0,0.0,0.0,0.0,0.0,0.0,0.011906766243255726,0.0,0.0,0.2523960387311485,0.0,0.0,0.0,0.0077982890686712665,0.0,0.0,0.0,0.0,4.990350422724811,0.0,0.0575187583554848,0.0,0.0,0.0,0.0,0.0,0.0,0.002380234191446642,0.0,0.0,0.0022174490095244453,0.7731163115828527,0.0,0.0,0.4153838044156552,0.0,0.0,0.0,0.0,0.0,0.0,0.0,0.0,0.0,0.0,0.0,0.0,1.1756642319646209,0.0,0.0,0.0,0.0,0.001796852451363377,0.0,0.0,0.0,0.0,0.0,0.0,0.0,0.0,0.5976061225556615,0.0,0.0,0.0,0.0,0.0,0.0,0.017658005445369898,0.0,0.0,0.0,0.0,0.0,0.0,0.0,0.005467655322366751,0.0021858331378806096,0.0,0.0015401514023079992,0.0,0.0,0.0,4.584993316946599,0.0032841871993874706,5.387729865646747,0.0,0.0,0.0067207203204192505,0.0,0.0,0.0,0.0,0.0,0.0,0.2723888612663361,0.0,0.0,0.0,0.0,0.002855746468177342,0.0,0.0,0.0,0.0,0.0,0.0,0.0,0.0,0.0,0.003300670157813376,0.2089919444043655,0.0,0.0,0.0,0.0,0.0,0.0,0.0,0.0,0.0,0.0,0.0,0.0030891508150263877,0.0,0.0,0.0030055855851666142,0.0,0.0,0.0,0.0,0.0,0.0,0.5501776381514188,0.0,0.0043463880231408335,0.0,0.0,0.0,0.0,0.0,0.013690068139135734,0.0,0.023275168903942423,0.006107850327758256,0.0,0.0,0.0,0.0,0.0,0.0,0.001630139075360789,0.0,0.0,0.0,0.016256141147356608,0.0,0.0,0.0,0.006483366872938263,0.0,0.0,0.0,0.0029024335681981897,0.0017785842234216136,0.0,0.0,0.0,0.004462172580036857,0.0,0.288034675866334,0.02039091465752743,0.0,0.0,0.0,0.0,0.0,0.0011530427001106714,0.0,0.0,0.0,0.0,0.0,0.0,0.005967678153910546,0.07262563106969966,0.101212440146849,0.0012570519841509909,0.016277776252078588,0.0,0.0,0.01204843427740525,0.10631242862154852,0.0,0.0,0.001857580896725858,0.0,0.002787112208431161,0.0,0.017368802373344063,0.0,0.0,0.010702767646720384,0.0,0.0,0.0,0.0,0.0,0.0,0.0,0.0,0.0,0.0,0.0,0.0,0.0,0.0,0.0,0.0,0.0,0.0,0.0,0.0,0.014459175559192723,0.0,0.0,0.0,0.0013277831001203434,0.0,0.0,0.0014850588150237872,0.0,0.0,0.011680144016351259,0.0,0.0,0.0,0.0,0.0031950738468319163,0.0010142499801635988,0.0,0.0,0.003034600141566186,0.0,0.0,0.002835011086608282,0.011085233287548393,0.0127159536580477,0.002894745253358375,0.0,0.0,0.0,0.0,0.01424728273935151,0.0,0.0,0.0,0.0,0.0,0.0,0.0,0.0,0.009110837244782049,0.0018267949018609564,0.0018476524974432,0.0,0.0,0.0010548059648832029,0.0,0.03895806875456237,0.0017021442869945757,0.005075953939224531,0.003552801207395107,0.0,0.014863445260588685,0.0,0.0,0.0,0.0,0.007150330291787414,0.005198140642905889,0.003460936634572541,0.0,0.0,0.0,0.001054776647859274,0.0,0.004098133018912104,0.0,0.0,0.0,0.004941745228272445,0.0,0.0036491993012950836,0.0015879218420025236,0.004941907843789346,0.0012031809408789744,0.0011149574771652882,0.005011952536660178,0.0012992869680703337,0.007411588459665456,0.0036508565835025775,0.0,0.02331817873704006,0.001348924714144168,0.0044459820694830446,0.0030604835515657277,0.0011200653040250798,0.003681878679660322,0.0,0.0,0.0010725089736248153,0.003174690977553183,0.0019667221251525894,0.012173788936864957,0.003766715479901412,0.0020747068372169446,0.0020189270117754155,0.0015343513610771532,0.005589989826890934,0.0047205965349229875,0.002229104450637714,0.0,0.0035602816610539297,0.0014144263669840869,0.011421145191731938,0.002048513951922058,0.0035361472532325837,0.005077359212203376,0.0015346125481612652,0.003571460439590057,0.005482153655470331,0.004600042222665669,0.0019504403670642528,0.003364976678942417,0.0019405691617590576,0.016454912639265133,0.00958110738588288,0.0046407534343069394,0.003484948595097898,0.0031867318699424847,0.009844976431129015,0.007834766551726472,0.003750721954146665,0.009625302343231465,0.005860106892852364,0.005129078937422766,0.005618999902869287,0.007935141053077693,0.006526962632670508,0.012668052408594007,0.00853757793691595,0.007194931868102771,0.005748624180222631,0.008480401971254402,0.008963394849146886,0.008399359903496877,0.009536101514671222,0.009577775196198332,0.009402833780892315,0.008648735151312398,0.009612348371755388,0.009899047089233465,0.00987113582979554,nan,nan,nan,nan,nan,nan,nan,nan,nan,nan,nan,nan,nan,nan,nan,nan,nan,nan,nan,nan,nan,nan,nan,nan,nan,nan,nan,nan,nan,nan,nan,nan,nan,nan,nan,nan,nan,nan,nan,nan,nan,nan,nan,nan,nan,nan,nan,nan,nan,nan,nan,nan,nan,nan
8000.0,0.6445527954970083,1.4668952946508274,0.6447169746468571,0.5808524247891411,0.9486779738430351,0.21506938684468824,0.6665421377369893,0.8468636911797995,0.6198310149709088,0.9784942790461466,2.37233248181691,0.0,0.0,0.0,0.0,0.0,33.09093430694875,0.0,0.0,0.0,23.937619597244947,0.0,0.0,0.8801931090301206,0.0,0.0,0.0,0.0,0.0,0.13628225944544778,0.0,0.0,0.0,0.0,0.0,1.795687909651927,2.5375518846007137,0.0,0.0,0.0,0.0,0.0,0.0,0.0035310581465002153,0.0,0.0,0.0,0.003245294618954132,0.0,0.0581539029779898,14.160969270179812,0.0,1.1947870334781514,0.016169477373840054,0.0,0.0,0.0,0.0,1.046466349767825,0.01692935964598451,0.011261546054132383,0.0,0.0,0.0,0.0,0.0,0.0,0.0,5.349501734655011,0.0,0.0,0.0,0.0,0.0,0.0,13.109352099553204,0.0,0.0,0.9241695070000524,0.0,0.0,4.183325627428306,0.0,0.0,0.0,0.0,0.0,0.0,0.0,0.0,0.0,0.08705422930424882,0.0,0.0,0.0,0.0,0.0,0.0,0.007367350844447476,0.0,0.0,0.18846565005901564,0.0,0.0,0.0,0.002986963640379105,0.0,0.0,0.0,0.0,3.5539356145544003,0.0,0.041065374487084035,0.0,0.0,0.0,0.0,0.0,0.0,0.0,0.0,0.0,0.0013689823654611836,0.9997768935660539,0.0,0.0,0.3159482130949296,0.0,0.0,0.0,0.0,0.0,0.0,0.0,0.0,0.0,0.0,0.0,0.0,1.1582356040469879,0.0,0.0,0.0,0.0,0.0,0.0,0.0,0.0,0.0,0.0,0.0,0.0,0.0,1.2763586973183927,0.0,0.0,0.0,0.0,0.0,0.0,0.008867604601514228,0.0,0.0,0.0,0.0,0.0,0.0,0.0,0.007381966076369974,0.0,0.0,0.0,0.0,0.0,0.0,6.505155533479855,0.001552816760982096,5.468468875664287,0.0,0.0,0.0039590570455034025,0.0,0.0,0.0,0.0,0.0,0.0,0.25476148396944603,0.0,0.0,0.0,0.0,0.0023389422708200093,0.0,0.0,0.0,0.0,0.0,0.0,0.0,0.0,0.0,0.0017090786132170533,0.31565411366612284,0.0,0.0,0.0,0.0,0.0,0.0,0.0,0.0,0.0,0.0,0.0,0.0015090304576740419,0.0,0.0,0.0020777028962233246,0.0,0.0,0.0,0.0,0.0,0.0,1.110710780129599,0.0,0.0015680713734514543,0.0,0.0,0.0,0.0,0.0,0.007243635954004243,0.0,0.024466355969591784,0.0032730108734777223,0.0,0.0,0.0,0.0,0.0,0.0,0.0,0.0,0.0,0.0,0.018683342525876546,0.0,0.0,0.0,0.004270496392373032,0.0,0.0,0.0,0.0,0.0,0.0,0.0,0.0,0.0017447497983969012,0.0,0.343261134492426,0.02294607044486649,0.0,0.0,0.0,0.0,0.0,0.0,0.0,0.0,0.0,0.0,0.0,0.0,0.0052773412824298534,0.11195265709206254,0.16161494230801637,0.0,0.013862818008992715,0.0,0.0,0.006059376398991068,0.15385188715782502,0.0,0.0,0.0,0.0,0.0,0.0,0.01389737920425867,0.0,0.0,0.009299646772161392,0.0,0.0,0.0,0.0,0.0,0.0,0.0,0.0,0.0,0.0,0.0,0.0,0.0,0.0,0.0,0.0,0.0,0.0,0.0,0.0,0.012487534214338729,0.0,0.0,0.0,0.0,0.0,0.0,0.0,0.0,0.0,0.006058881899800594,0.0,0.0,0.0,0.0,0.0010100990387654327,0.0,0.0,0.0,0.0010158034270317969,0.0,0.0,0.001001220100973079,0.006503449260261994,0.01687065486983808,0.0017063665386961129,0.0,0.0,0.0,0.0,0.011249040772608455,0.0,0.0,0.0,0.0,0.0,0.0,0.0,0.0,0.004849485105056756,0.0,0.0,0.0,0.0,0.0,0.0,0.05698422888636329,0.0,0.0021770115039013893,0.0020590701713467546,0.0,0.021519559420826884,0.0,0.0,0.0,0.0,0.0066066830435776505,0.0016696907485777104,0.0014546095591582101,0.0,0.0,0.0,0.0,0.0,0.0012776719708721166,0.0,0.0,0.0,0.0015786457906885691,0.0,0.0013356641669144062,0.0,0.002806960142527678,0.0,0.0,0.0029602949735417767,0.0,0.003711338491447465,0.001156161115221883,0.0,0.04213920995541534,0.0,0.002337371377341792,0.0,0.0,0.0012917601883324476,0.0,0.0,0.0,0.0,0.0,0.010799020367217907,0.0,0.0,0.0,0.0,0.001503629050773156,0.0029774447759817347,0.0,0.0,0.0,0.0,0.007418012861071016,0.0,0.001212623910923013,0.0,0.0,0.0,0.0,0.0,0.0,0.0,0.0,0.011937970663602302,0.008739874111575271,0.0011073888273843973,0.0,0.0,0.0026039968072842823,0.0026188320252705185,0.0,0.00603412452290688,0.0013678507404307995,0.0,0.0,0.0,0.0,0.005762992213326716,0.001235654759496993,0.0,0.0,0.00151474774340012,0.004358834143429543,0.0,0.0034393804988499437,0.0010035088543434553,0.0,0.0,0.0,0.002795055553741257,0.0010202068486272963,0.0,0.0,0.0011539293910511317,0.0,0.004936282492803201,0.0,0.0,0.0,0.0,0.0014152067868339038,0.005437770228563527,0.0016088922895340445,0.006848951882278548,0.006894860056918911,0.0011572038229543322,0.0029848823353939157,0.0022303888848314553,0.0011375709868700146,0.0018928613690628376,0.0022880325014477867,0.0015790631419740479,0.0012818955935623194,0.0,0.005701908325404117,0.004825803054029388,0.0025686792880308604,0.005567371847070553,0.005541482167041142,0.00401163054889518,0.0021563500018824664,0.005207363182583984,0.007867595782223251,0.00612202908780319,0.0,0.0011839749771596247,0.002814938322127869,0.011451705787245239,0.007379670055656657,0.005828031784336822,0.004120720748366878,0.0012211893060303637,0.002047474620843842,0.00813168502412118,0.004144734483924228,0.0025307449926142774,0.003283903827009328,0.007110483007347893,0.009576530056980913,0.009134852616617523,0.005943827303106718,0.004759661113999116,0.004186332296263612,0.00813938578739293,0.010023622496420762
9000.0,0.7705404456854936,0.4570961318782231,0.8617310479926772,0.5713741139660382,0.8302938680259981,0.340355446014444,0.920104848186782,1.0075054840662436,0.7674271170436495,0.7145636034308048,2.380644783635551,0.0,0.0,0.0,0.0,0.0,30.439890544640836,0.0,0.0,0.0,23.991466474082195,0.0,0.0,1.1680585703086575,0.0,0.0,0.0,0.0,0.0,0.03706075438127121,0.0,0.0,0.0,0.0,0.0,1.6382477364553807,3.6153061045915282,0.0,0.0,0.0,0.0,0.0,0.0,0.0013364788675310775,0.0,0.0,0.0,0.001135842377359201,0.0,0.022533094591500213,14.618051190647014,0.0,0.3147663505674618,0.002351320549670467,0.0,0.0,0.0,0.0,1.0901998753898012,0.007219691724914437,0.007453389108605495,0.0,0.0,0.0,0.0,0.0,0.0,0.0,5.417762763218996,0.0,0.0,0.0,0.0,0.0,0.0,12.869812310780686,0.0,0.0,0.3852249689370583,0.0,0.0,4.611157471112382,0.0,0.0,0.0,0.0,0.0,0.0,0.0,0.0,0.0,0.023272624118913586,0.0,0.0,0.0,0.0,0.0,0.0,0.003326278445450653,0.0,0.0,0.10793408249157241,0.0,0.0,0.0,0.0,0.0,0.0,0.0,0.0,1.7532269059304604,0.0,0.01759921853825928,0.0,0.0,0.0,0.0,0.0,0.0,0.0,0.0,0.0,0.0,0.8166554693976849,0.0,0.0,0.21822477234290738,0.0,0.0,0.0,0.0,0.0,0.0,0.0,0.0,0.0,0.0,0.0,0.0,1.1798382814057238,0.0,0.0,0.0,0.0,0.0,0.0,0.0,0.0,0.0,0.0,0.0,0.0,0.0,2.0564735280923245,0.0,0.0,0.0,0.0,0.0,0.0,0.004434336996046453,0.0,0.0,0.0,0.0,0.0,0.0,0.0,0.010050749179446861,0.0,0.0,0.0,0.0,0.0,0.0,7.05823568782352,0.0,6.895274263245762,0.0,0.0,0.0019916033013931845,0.0,0.0,0.0,0.0,0.0,0.0,0.21970270756767254,0.0,0.0,0.0,0.0,0.0020234853816712955,0.0,0.0,0.0,0.0,0.0,0.0,0.0,0.0,0.0,0.0010969724112284821,0.5021509414803283,0.0,0.0,0.0,0.0,0.0,0.0,0.0,0.0,0.0,0.0,0.0,0.0,0.0,0.0,0.0011771621387563543,0.0,0.0,0.0,0.0,0.0,0.0,1.3403330360573333,0.0,0.0,0.0,0.0,0.0,0.0,0.0,0.004290304090679761,0.0,0.02658460472631189,0.00127385848311047,0.0,0.0,0.0,0.0,0.0,0.0,0.0,0.0,0.0,0.0,0.011357003022205934,0.0,0.0,0.0,0.0022065227504104584,0.0,0.0,0.0,0.0,0.0,0.0,0.0,0.0,0.0,0.0,0.6063854087686429,0.023976214272499616,0.0,0.0,0.0,0.0,0.0,0.0,0.0,0.0,0.0,0.0,0.0,0.0,0.004298695635793827,0.1294894494485837,0.28854066905957076,0.0,0.012975945080432962,0.0,0.0,0.004075103637476855,0.24971088954452342,0.0,0.0,0.0,0.0,0.0,0.0,0.010272219055980336,0.0,0.0,0.005787172249823417,0.0,0.0,0.0,0.0,0.0,0.0,0.0,0.0,0.0,0.0,0.0,0.0,0.0,0.0,0.0,0.0,0.0,0.0,0.0,0.0,0.008656336844580234,0.0,0.0,0.0,0.0,0.0,0.0,0.0,0.0,0.0,0.0031301809714896567,0.0,0.0,0.0,0.0,0.0,0.0,0.0,0.0,0.0,0.0,0.0,0.0,0.0037796649018293224,0.024420158876772027,0.0010532266015824384,0.0,0.0,0.0,0.0,0.006206017671022858,0.0,0.0,0.0,0.0,0.0,0.0,0.0,0.0,0.002624284815485789,0.0,0.0,0.0,0.0,0.0,0.0,0.09116753155596725,0.0,0.0,0.0,0.0,0.03868515134711075,0.0,0.0,0.0,0.0,0.006725317356130936,0.0,0.0,0.0,0.0,0.0,0.0,0.0,0.0,0.0,0.0,0.0,0.0,0.0,0.0,0.0,0.001594514848127899,0.0,0.0,0.0012841814069831754,0.0,0.0015695004450848222,0.0,0.0,0.09569745842479858,0.0,0.0010561489357381847,0.0,0.0,0.0,0.0,0.0,0.0,0.0,0.0,0.010444863787234868,0.0,0.0,0.0,0.0,0.0,0.0014075372269994081,0.0,0.0,0.0,0.0,0.009036380013689326,0.0,0.0,0.0,0.0,0.0,0.0,0.0,0.0,0.0,0.0,0.010876403490735348,0.006692776504806884,0.0,0.0,0.0,0.0,0.001127225059094296,0.0,0.0061462474489951124,0.0,0.0,0.0,0.0,0.0,0.0034509475061800946,0.0,0.0,0.0,0.0,0.0014177952173539817,0.0,0.0019143723647452296,0.0,0.0,0.0,0.0,0.0,0.0,0.0,0.0,0.0,0.0,0.0022692417280564645,0.0,0.0,0.0,0.0,0.0,0.0016573328917265458,0.0,0.0030748110247025566,0.003671160167747224,0.0,0.0,0.0,0.0,0.0,0.0,0.0,0.0,0.0,0.0034823386437894672,0.0016773060429980948,0.0,0.001629954234347394,0.0025827669175499837,0.0,0.0,0.002121705064238487,0.005829768050500267,0.0019808769512924328,0.0,0.0,0.0,0.02008341930873656,0.0028304612914613063,0.002274080023379022,0.0,0.0,0.0,0.0026208354675196894,0.0,0.0,0.0,0.002245139086055095,0.005484344791264823,0.01459260875205004,0.00188063342178653,0.0,0.0,0.0024323706893018314,0.005596248813452648
10000.0,0.45344213871814104,0.8907231606587622,0.9722637828808867,0.2984605106800502,1.3646479260259372,0.48033500177833305,0.7395197424053408,0.3655365351713548,0.7795009896231453,0.6321318684060051,2.915947128221213,0.0,0.0,0.0,0.0,0.0,28.763589887804162,0.0,0.0,0.0,22.976059367914203,0.0,0.0,0.9348198321092558,0.0,0.0,0.0,0.0,0.0,0.007582547529956812,0.0,0.0,0.0,0.0,0.0,0.7653665854822088,4.364661249149811,0.0,0.0,0.0,0.0,0.0,0.0,0.0,0.0,0.0,0.0,0.0,0.0,0.008719408255410267,14.319002960794744,0.0,0.09193688577211152,0.0,0.0,0.0,0.0,0.0,0.646166657927874,0.0031868812555338657,0.004837245634819134,0.0,0.0,0.0,0.0,0.0,0.0,0.0,4.565838863465012,0.0,0.0,0.0,0.0,0.0,0.0,13.477120739873136,0.0,0.0,0.21988189828428262,0.0,0.0,4.290099075513632,0.0,0.0,0.0,0.0,0.0,0.0,0.0,0.0,0.0,0.006073545296113114,0.0,0.0,0.0,0.0,0.0,0.0,0.0021085159193251594,0.0,0.0,0.05566019288607705,0.0,0.0,0.0,0.0,0.0,0.0,0.0,0.0,0.9876328581848516,0.0,0.010516507214744387,0.0,0.0,0.0,0.0,0.0,0.0,0.0,0.0,0.0,0.0,0.9432451695481056,0.0,0.0,0.16233934866273686,0.0,0.0,0.0,0.0,0.0,0.0,0.0,0.0,0.0,0.0,0.0,0.0,0.9889973712163818,0.0,0.0,0.0,0.0,0.0,0.0,0.0,0.0,0.0,0.0,0.0,0.0,0.0,2.983777520685678,0.0,0.0,0.0,0.0,0.0,0.0,0.002551138098647459,0.0,0.0,0.0,0.0,0.0,0.0,0.0,0.014459087261569383,0.0,0.0,0.0,0.0,0.0,0.0,8.13444376230414,0.0,6.865241342350068,0.0,0.0,0.001419123429894985,0.0,0.0,0.0,0.0,0.0,0.0,0.20379997054856377,0.0,0.0,0.0,0.0,0.0016194738548841402,0.0,0.0,0.0,0.0,0.0,0.0,0.0,0.0,0.0,0.0,0.6735528264717513,0.0,0.0,0.0,0.0,0.0,0.0,0.0,0.0,0.0,0.0,0.0,0.0,0.0,0.0,0.0,0.0,0.0,0.0,0.0,0.0,0.0,2.5665524721556237,0.0,0.0,0.0,0.0,0.0,0.0,0.0,0.0020159708036299323,0.0,0.0251814749250132,0.0,0.0,0.0,0.0,0.0,0.0,0.0,0.0,0.0,0.0,0.0,0.00890525505431892,0.0,0.0,0.0,0.001119968315227458,0.0,0.0,0.0,0.0,0.0,0.0,0.0,0.0,0.0,0.0,0.6267871575192407,0.020356328776752537,0.0,0.0,0.0,0.0,0.0,0.0,0.0,0.0,0.0,0.0,0.0,0.0,0.004199653339899411,0.17748686824475082,0.3775446842480764,0.0,0.010740810420182668,0.0,0.0,0.0027886017850999385,0.41422906462554865,0.0,0.0,0.0,0.0,0.0,0.0,0.005887552669124639,0.0,0.0,0.005325017168169591,0.0,0.0,0.0,0.0,0.0,0.0,0.0,0.0,0.0,0.0,0.0,0.0,0.0,0.0,0.0,0.0,0.0,0.0,0.0,0.0,0.005618302390040538,0.0,0.0,0.0,0.0,0.0,0.0,0.0,0.0,0.0,0.0014327020101328363,0.0,0.0,0.0,0.0,0.0,0.0,0.0,0.0,0.0,0.0,0.0,0.0,0.0027492386043008886,0.027449746915478548,0.0,0.0,0.0,0.0,0.0,0.003604341866608421,0.0,0.0,0.0,0.0,0.0,0.0,0.0,0.0,0.0011485710307021944,0.0,0.0,0.0,0.0,0.0,0.0,0.13630301419502847,0.0,0.0,0.0,0.0,0.04893587509058474,0.0,0.0,0.0,0.0,0.006160346050107738,0.0,0.0,0.0,0.0,0.0,0.0,0.0,0.0,0.0,0.0,0.0,0.0,0.0,0.0,0.0,0.0,0.0,0.0,0.0,0.0,0.0,0.0,0.0,0.2070249097041825,0.0,0.0,0.0,0.0,0.0,0.0,0.0,0.0,0.0,0.0,0.010333680351327253,0.0,0.0,0.0,0.0,0.0,0.0,0.0,0.0,0.0,0.0,0.005727902281297461,0.0,0.0,0.0,0.0,0.0,0.0,0.0,0.0,0.0,0.0,0.006131381290742947,0.00536735912101487,0.0,0.0,0.0,0.0,0.0,0.0,0.003311148016461808,0.0,0.0,0.0,0.0,0.0,0.00176693615612651,0.0,0.0,0.0,0.0,0.0,0.0,0.0,0.0,0.0,0.0,0.0,0.0,0.0,0.0,0.0,0.0,0.0,0.0,0.0,0.0,0.0,0.0,0.0,0.0,0.0,0.0016021114176814572,0.0021871178611809765,0.0,0.0,0.0,0.0,0.0,0.0,0.0,0.0,0.0,0.0013691351248501817,0.0,0.0,0.0,0.00134756908091987,0.0,0.0,0.0,0.005455196987285067,0.0,0.0,0.0,0.0,0.026526526173965677,0.0018196668378916195,0.0,0.0,0.0,0.0,0.0,0.0,0.0,0.0,0.0,0.002706957331011037,0.012968023135969217,0.0,0.0,0.0,0.0,0.002961424231617165
11000.0,0.7798916270641294,1.0787825002450147,0.4217792384914241,0.8744582163057424,0.51960770716534,0.49577840228626774,0.9377394314867216,0.9496155276606175,0.17812757400633794,0.8094340437477501,2.8177418941153367,0.0,0.0,0.0,0.0,0.0,29.044753471333944,0.0,0.0,0.0,20.069536830103054,0.0,0.0,0.9553197829996054,0.0,0.0,0.0,0.0,0.0,0.0018205399732890955,0.0,0.0,0.0,0.0,0.0,0.5268673108462087,5.699949380502288,0.0,0.0,0.0,0.0,0.0,0.0,0.0,0.0,0.0,0.0,0.0,0.0,0.002578563722756079,14.774545176572593,0.0,0.01995602872662726,0.0,0.0,0.0,0.0,0.0,0.501727904896875,0.001433185955724837,0.00322918557857693,0.0,0.0,0.0,0.0,0.0,0.0,0.0,3.7334734256880813,0.0,0.0,0.0,0.0,0.0,0.0,11.440762802916598,0.0,0.0,0.0866170125699167,0.0,0.0,4.519426455320881,0.0,0.0,0.0,0.0,0.0,0.0,0.0,0.0,0.0,0.0015527634579833535,0.0,0.0,0.0,0.0,0.0,0.0,0.0,0.0,0.0,0.027952216745405243,0.0,0.0,0.0,0.0,0.0,0.0,0.0,0.0,0.4741658908297015,0.0,0.004811621554959167,0.0,0.0,0.0,0.0,0.0,0.0,0.0,0.0,0.0,0.0,0.6981053728545752,0.0,0.0,0.11099967703047585,0.0,0.0,0.0,0.0,0.0,0.0,0.0,0.0,0.0,0.0,0.0,0.0,1.006403065936591,0.0,0.0,0.0,0.0,0.0,0.0,0.0,0.0,0.0,0.0,0.0,0.0,0.0,4.378588562023688,0.0,0.0,0.0,0.0,0.0,0.0,0.0012050146025369545,0.0,0.0,0.0,0.0,0.0,0.0,0.0,0.018114824686837724,0.0,0.0,0.0,0.0,0.0,0.0,8.08664253406051,0.0,7.0986065753033625,0.0,0.0,0.0,0.0,0.0,0.0,0.0,0.0,0.0,0.1644158880875384,0.0,0.0,0.0,0.0,0.0011305788558871699,0.0,0.0,0.0,0.0,0.0,0.0,0.0,0.0,0.0,0.0,0.9002047785317666,0.0,0.0,0.0,0.0,0.0,0.0,0.0,0.0,0.0,0.0,0.0,0.0,0.0,0.0,0.0,0.0,0.0,0.0,0.0,0.0,0.0,3.0571068995733874,0.0,0.0,0.0,0.0,0.0,0.0,0.0,0.0010558751589889997,0.0,0.025057675967084747,0.0,0.0,0.0,0.0,0.0,0.0,0.0,0.0,0.0,0.0,0.0,0.004913156021517897,0.0,0.0,0.0,0.0,0.0,0.0,0.0,0.0,0.0,0.0,0.0,0.0,0.0,0.0,0.840441625621137,0.018937651687567007,0.0,0.0,0.0,0.0,0.0,0.0,0.0,0.0,0.0,0.0,0.0,0.0,0.00337750968671373,0.2089161072448985,0.5800879844004361,0.0,0.010591100763191887,0.0,0.0,0.0017715118996130812,0.6169789770408309,0.0,0.0,0.0,0.0,0.0,0.0,0.003953373927342077,0.0,0.0,0.0033614186469426823,0.0,0.0,0.0,0.0,0.0,0.0,0.0,0.0,0.0,0.0,0.0,0.0,0.0,0.0,0.0,0.0,0.0,0.0,0.0,0.0,0.0033412396690221165,0.0,0.0,0.0,0.0,0.0,0.0,0.0,0.0,0.0,0.0,0.0,0.0,0.0,0.0,0.0,0.0,0.0,0.0,0.0,0.0,0.0,0.0,0.0015737522905049886,0.03632637467433702,0.0,0.0,0.0,0.0,0.0,0.001638275347000109,0.0,0.0,0.0,0.0,0.0,0.0,0.0,0.0,0.0,0.0,0.0,0.0,0.0,0.0,0.0,0.20390624970910298,0.0,0.0,0.0,0.0,0.07949778302559518,0.0,0.0,0.0,0.0,0.006677000370718414,0.0,0.0,0.0,0.0,0.0,0.0,0.0,0.0,0.0,0.0,0.0,0.0,0.0,0.0,0.0,0.0,0.0,0.0,0.0,0.0,0.0,0.0,0.0,0.453241097855842,0.0,0.0,0.0,0.0,0.0,0.0,0.0,0.0,0.0,0.0,0.009753285944860681,0.0,0.0,0.0,0.0,0.0,0.0,0.0,0.0,0.0,0.0,0.0052565618905654156,0.0,0.0,0.0,0.0,0.0,0.0,0.0,0.0,0.0,0.0,0.0043657662002433316,0.0042366758435268635,0.0,0.0,0.0,0.0,0.0,0.0,0.002776013860534056,0.0,0.0,0.0,0.0,0.0,0.0,0.0,0.0,0.0,0.0,0.0,0.0,0.0,0.0,0.0,0.0,0.0,0.0,0.0,0.0,0.0,0.0,0.0,0.0,0.0,0.0,0.0,0.0,0.0,0.0,0.0,0.0,0.0011920526099368626,0.0,0.0,0.0,0.0,0.0,0.0,0.0,0.0,0.0,0.0,0.0,0.0,0.0,0.0,0.0,0.0,0.0,0.004149598694379517,0.0,0.0,0.0,0.0,0.03600197854939647,0.0,0.0,0.0,0.0,0.0,0.0,0.0,0.0,0.0,0.0,0.001291271333254406,0.017099211300725545,0.0,0.0,0.0,0.0,0.0015535678828498588
12000.0,0.2630329880456938,1.0944634156444084,1.1922075290064003,0.640370594549143,1.084526413653651,0.0673124977189744,0.5638444431707599,0.6975056337933461,0.9237812004692174,0.9343097773916975,2.8552838181325235,0.0,0.0,0.0,0.0,0.0,24.995902983412037,0.0,0.0,0.0,19.676578110666547,0.0,0.0,1.022035676332852,0.0,0.0,0.0,0.0,0.0,0.0,0.0,0.0,0.0,0.0,0.0,0.3302640022155814,7.156248019826151,0.0,0.0,0.0,0.0,0.0,0.0,0.0,0.0,0.0,0.0,0.0,0.0,0.0,14.44535427109233,0.0,0.004478917788222492,0.0,0.0,0.0,0.0,0.0,0.4276751184257314,0.0,0.0019541482994244476,0.0,0.0,0.0,0.0,0.0,0.0,0.0,3.1920942053999553,0.0,0.0,0.0,0.0,0.0,0.0,11.06537832561759,0.0,0.0,0.03603528851198567,0.0,0.0,4.2487655378776505,0.0,0.0,0.0,0.0,0.0,0.0,0.0,0.0,0.0,0.0,0.0,0.0,0.0,0.0,0.0,0.0,0.0,0.0,0.0,0.012486958243446804,0.0,0.0,0.0,0.0,0.0,0.0,0.0,0.0,0.2059946825123271,0.0,0.0023447673060545864,0.0,0.0,0.0,0.0,0.0,0.0,0.0,0.0,0.0,0.0,0.5776129081987734,0.0,0.0,0.0806695017501471,0.0,0.0,0.0,0.0,0.0,0.0,0.0,0.0,0.0,0.0,0.0,0.0,1.0194555127831482,0.0,0.0,0.0,0.0,0.0,0.0,0.0,0.0,0.0,0.0,0.0,0.0,0.0,5.999284014740456,0.0,0.0,0.0,0.0,0.0,0.0,0.0,0.0,0.0,0.0,0.0,0.0,0.0,0.0,0.02553371576636389,0.0,0.0,0.0,0.0,0.0,0.0,6.589633727937767,0.0,8.011381839935,0.0,0.0,0.0,0.0,0.0,0.0,0.0,0.0,0.0,0.13811469362190418,0.0,0.0,0.0,0.0,0.0,0.0,0.0,0.0,0.0,0.0,0.0,0.0,0.0,0.0,0.0,1.2479532530549327,0.0,0.0,0.0,0.0,0.0,0.0,0.0,0.0,0.0,0.0,0.0,0.0,0.0,0.0,0.0,0.0,0.0,0.0,0.0,0.0,0.0,3.8262898126776035,0.0,0.0,0.0,0.0,0.0,0.0,0.0,0.0,0.0,0.02418182762281862,0.0,0.0,0.0,0.0,0.0,0.0,0.0,0.0,0.0,0.0,0.0,0.003317114666300916,0.0,0.0,0.0,0.0,0.0,0.0,0.0,0.0,0.0,0.0,0.0,0.0,0.0,0.0,1.2463337336232478,0.016767677461916736,0.0,0.0,0.0,0.0,0.0,0.0,0.0,0.0,0.0,0.0,0.0,0.0,0.0020842047630380833,0.26924962896969107,1.0572264218289775,0.0,0.008075604751653654,0.0,0.0,0.0,0.9080038027315769,0.0,0.0,0.0,0.0,0.0,0.0,0.0022256766800698023,0.0,0.0,0.001745288546109742,0.0,0.0,0.0,0.0,0.0,0.0,0.0,0.0,0.0,0.0,0.0,0.0,0.0,0.0,0.0,0.0,0.0,0.0,0.0,0.0,0.001629034602676456,0.0,0.0,0.0,0.0,0.0,0.0,0.0,0.0,0.0,0.0,0.0,0.0,0.0,0.0,0.0,0.0,0.0,0.0,0.0,0.0,0.0,0.0,0.0,0.052290772799715904,0.0,0.0,0.0,0.0,0.0,0.0,0.0,0.0,0.0,0.0,0.0,0.0,0.0,0.0,0.0,0.0,0.0,0.0,0.0,0.0,0.0,0.27361709016522506,0.0,0.0,0.0,0.0,0.1163044033684514,0.0,0.0,0.0,0.0,0.005850271243338621,0.0,0.0,0.0,0.0,0.0,0.0,0.0,0.0,0.0,0.0,0.0,0.0,0.0,0.0,0.0,0.0,0.0,0.0,0.0,0.0,0.0,0.0,0.0,0.871345978149929,0.0,0.0,0.0,0.0,0.0,0.0,0.0,0.0,0.0,0.0,0.008850783661822301,0.0,0.0,0.0,0.0,0.0,0.0,0.0,0.0,0.0,0.0,0.004491151753006378,0.0,0.0,0.0,0.0,0.0,0.0,0.0,0.0,0.0,0.0,0.00293464427286325,0.002817091711015062,0.0,0.0,0.0,0.0,0.0,0.0,0.0019795470918472914,0.0,0.0,0.0,0.0,0.0,0.0,0.0,0.0,0.0,0.0,0.0,0.0,0.0,0.0,0.0,0.0,0.0,0.0,0.0,0.0,0.0,0.0,0.0,0.0,0.0,0.0,0.0,0.0,0.0,0.0,0.0,0.0,0.0,0.0,0.0,0.0,0.0,0.0,0.0,0.0,0.0,0.0,0.0,0.0,0.0,0.0,0.0,0.0,0.0,0.0,0.002811598616329087,0.0,0.0,0.0,0.0,0.05751994485766221,0.0,0.0,0.0,0.0,0.0,0.0,0.0,0.0,0.0,0.0,0.0,0.02099055697127445,0.0,0.0,0.0,0.0,0.0
