ID,strat_res0,strat_res1,strat_res2,strat_res3,strat_res4,strat_res5,strat_res6,strat_res7,strat_res8,strat_res9,ancestor,alive_at_end
0,0.0915940617662056,0.01656390850391237,0.0648863328917686,0.19413819847262956,0.04592497571544917,0.1465260056804446,0.0022348995732043033,0.12849194004441825,0.05072912574603354,0.05576902801861605,0,True
1,0.24976516589507222,0.13944055451554285,0.11860378752770892,0.0,0.0038285450622321613,0.07086665640073705,0.028703802971182395,0.22052558823200333,0.0,0.0,0,True
2,0.2516770209627598,0.0,0.0,0.0,0.0,0.5335667611303067,0.0,0.0,0.005678000927110882,0.10665661367375287,1,True
3,0.23149296423928664,0.04857986208622899,0.1853466808882198,0.0,0.15785615045426868,0.0,0.0,0.06374830139252305,0.0,0.14245817260490157,1,True
4,0.07817043077615364,0.20835443481431137,0.04592813468665605,0.019067305257876647,0.0,0.0,0.0,0.0,0.0,0.52982138387418,2,True
5,0.07615564327113371,0.3986624120594548,0.012563665149961642,0.030481404607581173,0.0,0.26105820050181927,0.08014541078179202,0.0,0.0,0.0,4,True
6,0.3741656577381047,0.0,0.0,0.08900137704468637,0.0,0.0,0.0,0.0,0.0,0.4360881317389002,1,True
7,0.14377798479537227,0.0,0.11971489544120117,0.0,0.0,0.01235267002717019,0.2135071786760769,0.0,0.2617893643026136,0.08587183493167183,1,True
8,0.0,0.054066470370017806,0.03506367907537353,0.0,0.0,0.0,0.0,0.3633393032648023,0.030277458460813977,0.3951454513765372,4,True
9,0.03690784610254859,0.0,0.0,0.0,0.3873257462276505,0.15462285922518082,0.086058510395189,0.19201614607302095,0.0,0.0,6,True
10,0.11791398161126852,0.042379218360510465,0.3867532420138431,0.0,0.0641354958683059,0.0,0.0,0.0,0.0,0.2490013491238419,1,True
11,0.17263197078577677,0.08006842427397418,0.24117452774552545,0.0,0.0,0.0,0.038012131324099654,0.03292327825541194,0.0,0.2761609802518928,10,False
12,0.0,0.0,0.0,0.1333198704059495,0.24886882787976355,0.0,0.0,0.013633163747760997,0.0,0.49386534633706325,3,True
13,0.25415573572312034,0.0,0.1735222370723731,0.0,0.0,0.21884436918626932,0.0,0.0,0.18659283517032224,0.017583621209248092,2,True
14,0.16284793957900526,0.15319149930392903,0.13351925342787893,0.0,0.02761684837084847,0.0,0.16492765041487958,0.13471278962870054,0.0,0.03983484368376041,3,False
15,0.0,0.32688990561507586,0.07226799035259804,0.17677964161181536,0.037502335513716935,0.09512181262437361,0.0,0.06007466090666194,0.058927437492039596,0.0,5,True
16,0.0,0.1718561831708963,0.0781285727113516,0.24069833239019983,0.0,0.3359833597169803,0.02952442463604613,0.0,0.0,0.0,0,True
17,0.09132504087622614,0.08701528689045263,0.0,0.2994825171172294,0.0009631192315853462,0.09293160993883354,0.0,0.06848364284029673,0.19130966015376802,0.0,3,True
18,0.0,0.14973804725396692,0.0,0.0,0.0,0.0,0.0703617925510931,0.10798547616069107,0.0,0.5588106511185673,1,False
19,0.059983348118303796,0.005014206995755642,0.12901141561053173,0.0,0.0,0.0014258779869838181,0.18398433565251213,0.1257780544140846,0.06794830373377919,0.2520994608344474,6,False
20,0.0,0.0,0.0,0.0,0.49026751598920565,0.014150076041898997,0.08621711249796808,0.007439816210193511,0.2913025885486109,0.0,0,True
21,0.0,0.1853959013797951,0.24002541395714883,0.11526863012367775,0.0,0.0,0.0,0.0,0.32202687861465934,0.0,4,True
22,0.08222920149261576,0.3866140532113532,0.19624410670613604,0.0,0.0,0.0,0.0,0.20322193564133031,0.0,0.0,14,False
23,0.0,0.015032840540399692,0.0,0.0,0.9746172651013909,0.0,0.0,0.0,0.0,0.0,3,True
24,0.0,0.0,0.2867538529033219,0.40367350597830487,0.034150110903045296,0.0,0.15357446082723888,0.0,0.0,0.0,0,True
25,0.053432207270079385,0.0,0.3760246425607351,0.048215041570749566,0.0,0.0,0.4101952768358786,0.0,0.0,0.0,4,True
26,0.0,0.5823944269318231,0.0,0.1311137181464312,0.0,0.0,0.0,0.19026170303554393,0.0,0.0,5,True
27,0.10696789293467512,0.04745923225434184,0.16068884616269322,0.0,0.0,0.06319075154892373,0.12522879116827978,0.24345993038553032,0.0,0.0698123132650077,7,False
28,0.033995636931989724,0.07907353023693901,0.0,0.0716858729453839,0.0,0.0,0.0,0.22526570316986622,0.0,0.45845354665517146,9,False
29,0.19644755429349509,0.0,0.051548766607452896,0.02596677467696523,0.3663207262118758,0.0,0.0917171170834783,0.06433803381810506,0.04061202041268701,0.0,1,False
30,0.16860489790314706,0.16742337115625033,0.0,0.07425543443670486,0.0,0.0799627211145833,0.17655114842776587,0.07905272170192167,0.0,0.06652587635477986,1,False
31,0.0,0.06389859867685105,0.0,0.003713835459262399,0.2731416794480452,0.046243822445283946,0.0,0.0,0.0,0.49959454683929844,4,False
32,0.0,0.009002070893120573,0.03455190777318656,0.16155306417373144,0.16310082205910423,0.0,0.16025389227609316,0.11454992235844969,0.055546578185311266,0.11157773408522162,7,False
33,0.022037484862305452,0.06637693310462213,0.0,0.13889551716446663,0.1911735930289423,0.24800659745487905,0.03373249929969944,0.05892949135194279,0.05642335504372207,0.0,2,False
34,0.38583575990125063,0.1415760286165592,0.0,0.0,0.0,0.007454712231265085,0.0,0.304334925522324,0.03466767290656759,0.0,2,False
35,0.18836303369947585,0.0376264309057909,0.2215415106776259,0.0,0.0,0.12845589239220143,0.0,0.0,0.18864599982192154,0.06632705215826934,7,False
36,0.07220327499156742,0.0,0.0,0.0,0.10881712617543915,0.0,0.07926703475304721,0.31029894065878955,0.0,0.2812559436483341,7,False
37,0.0947051003656266,0.07698902828773871,0.0,0.0,0.0,0.2047031436243834,0.12214378148217866,0.15596957042280615,0.1692951075254562,0.0,0,False
38,0.1627448957532569,0.10993886367529014,0.020917297354662318,0.12263013871547566,0.0,0.0,0.0,0.23640632262658937,0.08100307445524572,0.08474453905892762,6,False
39,0.15717107901505326,0.0,0.15269124543357154,0.05443502080985085,0.0,0.21686969596752706,0.0,0.0,0.2635140812074151,0.0,0,False
40,0.0,0.05565001685186818,0.2952282581268615,0.23796680157594194,0.04436607953133729,0.15263826466832778,0.0543191046140483,0.0,0.0,0.0,3,True
41,0.16265592862904288,0.11386462125420033,0.0,0.07488563022148333,0.033468335772092,0.140143578236451,0.0,0.3103067919888964,0.0,0.0,7,False
42,0.01575730305574015,0.17103084549422573,0.0,0.124942602157504,0.0,0.0,0.16978778214153306,0.15726948381343253,0.19184815321009738,0.0,7,False
43,0.0,0.0,0.0,0.0,0.0,0.0,1.0000000000000002,0.0,0.0,0.0,5,True
44,0.0,0.04760306576928867,0.0,0.0,0.3417107348008495,0.0,0.0,0.0,0.5198618843610543,0.0,5,True
45,0.5655177439474922,0.0,0.0,0.07428189517639355,0.0,0.06108145111214054,0.0,0.18987313875340123,0.0,0.0,2,False
46,0.0,0.0,0.11960081229085519,0.0,0.11230313008521703,0.05112743678863037,0.17655514693106922,0.07554374642951954,0.1487383750990412,0.12668844616853292,7,False
47,0.0,0.08429629577678281,0.20127056823286135,0.010053011861504957,0.4680101403924987,0.0,0.0,0.0,0.1080069203051666,0.0,3,True
48,0.0,0.22589476099970396,0.0,0.0,0.0,0.18087681116706156,0.0,0.0,0.2068918100362632,0.24409855475405212,0,True
49,0.036596855234816685,0.06069333187164719,0.0,0.0027001979953110602,0.21855699328542924,0.1776905962805697,0.16582411577685763,0.0,0.15547007447013814,0.007654764900865713,9,False
50,0.0,0.0,0.1407392184675971,0.21930445476249982,0.004171846374004275,0.1745396065503266,0.11035082283510939,0.0,0.0,0.18680732593885094,0,False
51,0.0,0.5841823420263266,0.05013923971548008,0.030020120163459316,0.0,0.0,0.0,0.0,0.23661326157941642,0.0,7,True
52,0.0,0.37498167160663803,0.0,0.08550475267025792,0.09510246258962599,0.14861409787203006,0.0,0.1459048797541301,0.0,0.0,0,False
53,0.1278496024868465,0.004253114826127337,0.0,0.04814357409692597,0.0,0.12800057228514025,0.09948479500822782,0.1504330329002375,0.06718480174677437,0.18411674768874783,0,False
54,0.0,0.0008132682812814485,0.0,0.0,0.0,0.0,0.3770129530856532,0.0,0.0,0.548761418229889,7,True
55,0.0,0.0,0.0,0.03229568264146604,0.0878329107527208,0.17490336464788056,0.17120925114120097,0.18242077398048107,0.0,0.18005433501796375,3,False
56,0.6430700540743859,0.0,0.0,0.0,0.028927864674463215,0.0,0.0,0.24951674704311796,0.0,0.0,7,False
57,0.10429181056508847,0.0,0.0,0.0779517818186462,0.1452403516380957,0.1336239202251814,0.0,0.10241482589288987,0.26287773194678676,0.0,0,False
58,0.0,0.0,0.029691117076004945,0.03605081504237344,0.0,0.1377894604726444,0.07918041647884946,0.11101766806649552,0.46210851152504945,0.0,9,True
59,0.0,0.019774324154220382,0.26258305269673377,0.0,0.0,0.21892959029100786,0.10114241097596288,0.13828316604040042,0.0,0.09482037568147894,0,False
60,0.14840779225371672,0.0,0.02776260192693246,0.034196882854471033,0.11058734859068568,0.17907436063408116,0.0,0.07604975223539975,0.0,0.24677019631903943,5,False
61,0.04695055405916305,0.0031050435816882475,0.30322276547495736,0.25183522863830304,0.1785433568035742,0.0,0.0,0.05810466984316584,0.0,0.006429063562846116,9,False
62,0.0,0.0,0.20986519646271087,0.0,0.16243048576792105,0.0,0.1277486249256816,0.16626348416862247,0.0,0.1709654652255252,7,False
63,0.0,0.0,0.0489706620166416,0.03558194543916378,0.23995709094804135,0.22814173008911012,0.0,0.12688044939441762,0.1302700262469168,0.01820474431112374,9,False
64,0.20813567520366041,0.0,0.0,0.0,0.0,0.32565954649785867,0.01882944283772664,0.0,0.32549341813302224,0.0,9,False
65,0.0,0.07992388386717034,0.2398656019737207,0.0,0.0,0.0,0.0,0.0,0.2968343695567017,0.24814638816599144,0,True
66,0.0,0.3074012251271007,0.0,0.0,0.4668758874875396,0.0,0.002952264692852018,0.11699965507998178,0.0,0.0,5,True
67,0.0,0.1504537740228954,0.0,0.11622326897109925,0.08140255135836633,0.11788379482276798,0.06778933813696711,0.0739527271753978,0.0,0.203636573315233,3,False
68,0.0,0.14554405086460406,0.22166492012404967,0.05978347014647671,0.1469800982970614,0.0,0.06297708935378421,0.0,0.01659736941524359,0.1677048247998646,1,False
69,0.11083169818813664,0.0,0.17012816634141936,0.06800154991385005,0.0,0.1539111883688245,0.03637922587107547,0.0,0.0,0.2952642383937013,0,False
70,0.2517570427195769,0.0,0.3444507565973207,0.0,0.0,0.08929955996983971,0.0,0.18041888968234504,0.0,0.0,0,True
71,0.0,0.0,0.20802370520284555,0.048061875843943454,0.0,0.3762178239599872,0.03869771892144947,0.09191096095948836,0.0,0.08294452541873538,16,True
72,0.3906519453988608,0.2889644152449793,0.0,0.0,0.0,0.10587692815590614,0.0,0.0,0.04667859294647362,0.03404734182260201,5,False
73,0.0,0.0,0.0,0.20875931961232783,0.0,0.03920911919195504,0.0,0.0,0.5558111833318747,0.08798796540758883,4,True
74,0.07935232541774616,0.14450817039974184,0.0,0.0,0.18768590206707933,0.0,0.20351001447310485,0.07100330876695957,0.10542692431881784,0.02595371738430847,0,False
75,0.2549011613154288,0.30652980736447444,0.0,0.2709332643604638,0.0,0.0,0.0,0.0,0.03906782081066396,0.0,15,False
76,0.17652166814746986,0.0,0.1677939335091195,0.0,0.0,0.32093708517181807,0.019986636314773796,0.16756708573194737,0.0,0.0,7,True
77,0.0,0.0,0.06374665648861576,0.08850639404496324,0.0,0.0,0.0,0.0,0.0,0.7839432448402852,4,True
78,0.0,0.1010369341202931,0.3193397424345646,0.0,0.0,0.0,0.0,0.19720383312986736,0.24597792404517957,0.0,3,True
79,0.13893995544182913,0.10560045825388928,0.0,0.13721850576849962,0.0,0.08356032473650286,0.17556929329624946,0.006040735532133101,0.17195157620822352,0.0,0,False
80,0.18927496379622913,0.0,0.10060472891024913,0.061767736172015635,0.388849999043743,0.0,0.0,0.007030946976370709,0.10306138422460949,0.0,0,False
81,0.0,0.1296323579119936,0.17215768765520026,0.0,0.05552401220117276,0.23852541207488695,0.0,0.16593953290288016,0.06691987876937408,0.0,0,False
82,0.0,0.16177360860928683,0.042650340446375404,0.08211319748402555,0.1879111381622038,0.20176820781518368,0.0,0.0,0.020620542163466482,0.12392912492538463,1,False
83,0.029272356464561933,0.29445038685287905,0.0,0.0,0.0,0.10759319141731806,0.04676614036472348,0.17857494910996716,0.18166670279779665,0.0,0,False
84,0.0,0.0,0.03459092266633631,0.0,0.14160063801031872,0.16328324618077425,0.09084028505941188,0.0,0.0,0.4303555925646038,3,False
85,0.0,0.056689504520764225,0.0,0.0,0.11419681940821481,0.0,0.5271979075446208,0.030983680367972406,0.0,0.1457349337076518,0,False
86,0.3995292005915196,0.0,0.0,0.21173843961031544,0.13719052150825428,0.11919587694778136,0.0,0.0,0.0,0.0,12,False
87,0.20532396333945316,0.0,0.18506308918338205,0.11418410817068451,0.23894579185019263,0.0,0.0,0.0,0.0,0.09728046761757972,4,False
88,0.0,0.0,0.22692365341017487,0.08937003049135032,0.11094080230610905,0.1987786304571339,0.0011266401233757462,0.10201109350113077,0.0,0.0954880622316771,7,False
89,0.0,0.0,0.0,0.0,0.0,0.20165415265383999,0.09407852484717749,0.23406569658977622,0.0,0.33480371183008834,1,True
90,0.0,0.046490831367509075,0.02418252604855754,0.15058601713945483,0.0,0.0301383150992645,0.11668133041031792,0.19038085746369005,0.20055235032623642,0.05382682250862368,0,False
91,0.02197035394232251,0.10756235349844559,0.34759709251691323,0.10715207980923891,0.0418861269293632,0.003575338813500722,0.10401841590051053,0.0,0.028226283277146304,0.059174863626307264,9,False
92,0.0,0.0,0.3483563182501417,0.0,0.0,0.024790990943929073,0.06071472512703966,0.4595176007069651,0.0,0.0,15,True
93,0.10085380231574397,0.0,0.1500903724448105,0.06534454370020452,0.24782431934157334,0.13501828293880694,0.0,0.0,0.02999488573552057,0.08903611083201586,10,False
94,0.10543999592387536,0.0,0.18252848233800045,0.18408683307898335,0.1918461585203875,0.0,0.018848052946829397,0.04755622820399185,0.01805475467833572,0.06698082458940137,7,False
95,0.1892993863272283,0.0,0.03826015815620809,0.18595341326963627,0.0016446849572821372,0.0,0.07259095059132491,0.0,0.07219819909818347,0.2741149644171637,12,False
96,0.0,0.4150635600615111,0.16072232190894584,0.10848598468700085,0.0,0.18439234661305837,0.0,0.0,0.0,0.0,0,True
97,0.2681451994209731,0.06829038616693474,0.0,0.015950161989058458,0.22987500744163217,0.003551251010988384,0.14365832644675788,0.028466068503477597,0.0,0.07152372663526402,9,False
98,0.0,0.5040359915367323,0.030935283590540038,0.0,0.20222867575269965,0.0,0.0,0.14799271420369522,0.0,0.0,5,False
99,0.0,0.0,0.0,0.8717746296314797,0.0,0.0,0.0,0.0,0.09146548940574989,0.0,24,True
100,0.0,0.19081016258981293,0.20933018277854393,0.0,0.0,0.0,0.0,0.1462403912824501,0.112192216813785,0.1795441762665114,9,False
101,0.06283131985759985,0.0,0.0,0.4295690539105657,0.0,0.1809177646921027,0.1473832920115141,0.0,0.04110262064980319,0.0,1,False
102,0.23340526791919672,0.0,0.5223908706232503,0.0,0.04706200129868254,0.0010884666898508199,0.0,0.0,0.07456947396413462,0.0059219842159831315,0,True
103,0.3969796340792287,0.0,0.0,0.0,0.032369878232685625,0.17504241009742574,0.0,0.0,0.2727718536924999,0.0,7,True
104,0.13505894452779843,0.12060549870205227,0.0,0.22618569643757455,0.07797555194147743,0.02060785539660856,0.10288971684315266,0.13358498024015059,0.0,0.0,9,False
105,0.18242131559151203,0.055238588919351926,0.0,0.10391594179889234,0.0,0.07489571900905995,0.08776840835068135,0.16399171727204304,0.14340300148585924,0.0,7,False
106,0.0,0.18035475115471225,0.0,0.2286113540097174,0.0,0.0,0.35049483392287045,0.0,0.10518209179943275,0.0,51,False
107,0.0,0.13843964424365537,0.0,0.0,0.0,0.28708973422314277,0.052410724654009366,0.10132636899746933,0.2704812856012234,0.0,7,True
108,0.0,0.0,0.616880606893054,0.12001422579556681,0.06241679806308347,0.0,0.0,0.0,0.0,0.09644706088144053,0,True
109,0.0,0.06340782707794143,0.13271198838899873,0.12305596285334951,0.05384855875123414,0.1348928070600448,0.0,0.29863599524846124,0.0,0.019098558992129287,9,False
110,0.06533087038927647,0.1573351879861355,0.0,0.0,0.08679694233629616,0.061065286546151024,0.04052715161285936,0.2749160410468202,0.0,0.13473062258297894,0,False
111,0.038276435901913076,0.0,0.06022494317873809,0.03422165801568239,0.08644615807786188,0.05115685496559452,0.05880088661673829,0.12873105073869384,0.163850648135372,0.17425123449395832,0,False
112,0.5674826163719036,0.0,0.3607172266638147,0.0,0.0,0.0,0.0,0.0,0.0,0.0,0,True
113,0.0,0.11145746108806401,0.0,0.10236290723608223,0.3030189555646023,0.0,0.09986568397075553,0.0,0.0,0.22907048354662976,7,False
114,0.0,0.0,0.2018912753687866,0.0,0.0,0.0,0.0,0.2276116718305219,0.0,0.46206926856239605,0,True
115,0.0,0.17287732373550016,0.07403758392031057,0.0,0.07206402848982664,0.0,0.09585569631026095,0.044704990026650814,0.2672997802597721,0.09215871069951426,5,False
116,0.0,0.0,0.0,0.0,0.6293888853959001,0.2146008485895271,0.0,0.0,0.05120366316176507,0.014074099387168235,9,True
117,0.17628221431788912,0.0,0.0,0.39670661829987053,0.0,0.0,0.0,0.12897823074163148,0.16435150863727632,0.0,3,False
118,0.0775382107537109,0.21872518879486377,0.028021984509551536,0.2128217782405709,0.0,0.0,0.0,0.2733171348174866,0.0,0.032332137896728085,26,False
119,0.0,0.0,0.0,0.0,0.0,0.0,0.7671650116803135,0.0,0.0,0.17865105466502998,9,True
120,0.0008735353791171383,0.0,0.013214686554812718,0.0,0.29252983289631035,0.0,0.4022322957918945,0.17258021699589376,0.0,0.0003435668081581142,7,False
121,0.22776828881896383,0.06038421247559872,0.2324879025295472,0.0,0.0,0.0,0.2652556374612443,0.06383955738790575,0.0,0.0,9,False
122,0.046471514233787765,0.09737047783501428,0.0778720391382128,0.17073235604295184,0.15818702439142845,0.05362342498223028,0.08629600030511775,0.11015698568539523,0.0,0.0,7,False
123,0.1884763553658624,0.0,0.0,0.0,0.0,0.1999017509729523,0.04407759620717846,0.2296194412686847,0.18239772170276608,0.0,7,True
124,0.0,0.11746936317859365,0.31729848335447,0.0,0.0,0.0,0.0,0.0,0.0,0.46147922361931326,10,True
125,0.0,0.0,0.3208831509153769,0.008711368076021814,0.11064580712281659,0.0,0.0,0.14658946652722618,0.0,0.2731276295754164,9,True
126,0.3267667850531067,0.11226942302477931,0.079239925659972,0.012501319827650058,0.0,0.0,0.0,0.0,0.19329392178582122,0.1174892137418398,10,False
127,0.0,0.0,0.0,0.16481169012353436,0.0,0.0,0.0,0.0,0.37513028057955994,0.35010989837033846,8,True
128,0.32220137636487994,0.049075634782442826,0.08419655524042385,0.0,0.0,0.1646058298616211,0.23136118497194447,0.0,0.0,0.0,7,False
129,0.0,0.17481421841332864,0.21636083073205142,0.0,0.0,0.29807004138582516,0.0,0.14438095936605602,0.018889323727588704,0.0,5,True
130,0.0,0.0,0.14848937487965497,0.12281284370260315,0.11060431542488317,0.17402264697451886,0.0,0.06064891440528639,0.0,0.20808477281122956,3,False
131,0.0,0.16462890316873174,0.1245854004608348,0.2556755701082042,0.0,0.0,0.0,0.18910555921518638,0.0,0.10627416915005397,0,False
132,0.0,0.0,0.0,0.16334728214132987,0.0,0.018146170629056838,0.17525903758220662,0.32665065522666653,0.07848587419431058,0.07911269128845701,0,False
133,0.0,0.0,0.0,0.0,0.009330474667217816,0.0,0.0,0.6247187954766649,0.0,0.29204598971418944,9,False
134,0.0,0.38462190168774724,0.17989244983769667,0.0,0.0,0.03568645362652882,0.0,0.2755473425060655,0.0,0.0,4,True
135,0.09394541994811903,0.1781599031306705,0.05135391400387547,0.0,0.0,0.3961109245824938,0.0,0.0,0.05767349056024839,0.06795386847223847,9,True
136,0.17303299107108494,0.19621729101628768,0.17935516605761623,0.03719536171447361,0.0,0.05395137352925729,0.0,0.0,0.03348504453157359,0.14777913696413056,0,False
137,0.08745616302978472,0.0,0.0,0.0,0.0,0.2005688324028074,0.03608955168967427,0.22884791291955203,0.20471896339585255,0.07524579947445602,1,False
138,0.2332666142746631,0.0,0.35253229530360713,0.2633403932830907,0.0,0.026408946550658063,0.0,0.0,0.0,0.0,42,True
139,0.08348736821261407,0.2782179197404696,0.0,0.09767303500395104,0.12054484604419054,0.0226166137335362,0.0,0.09400585308385327,0.0,0.12372184603405614,8,False
140,0.05001103249229269,0.18080729416022662,0.007884736868041125,0.0,0.0,0.24138320229647517,0.17911943386024198,0.09069846064567508,0.0,0.07648828320586677,9,False
141,0.0,0.12521002856076313,0.2139188203377991,0.0,0.0,0.13455568334153187,0.0,0.31923823499737575,0.05540401369171581,0.0,7,True
142,0.0,0.0,0.050679360108108015,0.15312205702121803,0.018350388192043262,0.0,0.026922031719932606,0.07106207169721347,0.44941998840788927,0.0787656014966362,1,False
143,0.0,0.10126477762636453,0.0564903668157704,0.09584563964600701,0.14548298435058127,0.13010046287634952,0.0,0.0,0.12284331169179204,0.15683513808295668,8,False
144,0.14907206988900862,0.1787316994004889,0.127093003463032,0.0,0.0,0.0,0.0,0.0,0.34739596976700293,0.04798427040818516,0,False
145,0.30123032700450586,0.26532890628627287,0.0,0.0,0.0,0.0,0.31878363085837397,0.0,0.0,0.0,43,False
146,0.0,0.3583537020430169,0.0,0.0,0.20585118574408348,0.0,0.0,0.0,0.0,0.3231709341834816,7,True
147,0.21911309604354995,0.11559119544714265,0.14978733779596098,0.0,0.14054026327207778,0.0,0.13907263473509182,0.0010859458472323453,0.053101104973450976,0.003812397666159772,9,False
148,0.0,0.0,0.0,0.2070183437694688,0.0,0.0,0.17992382650903893,0.32513811337439785,0.0,0.1490318039178522,8,False
149,0.21217700365603392,0.14909245230776508,0.0,0.045594271736679966,0.0,0.13281689512023537,0.09703087120591043,0.1904026585040997,0.0,0.0,0,False
150,0.04322031793698991,0.18900468967373948,0.0,0.0,0.13690723140509684,0.0,0.22804551255648067,0.0,0.24901874490751716,0.0,9,False
151,0.16330168191224945,0.04302516289443756,0.09777822943337358,0.0,0.0,0.047226959289734284,0.0034422346855878454,0.18436819157690243,0.10901061719449623,0.16484011278280788,9,False
152,0.18039608834443033,0.22028458606496698,0.0,0.12355146541394152,0.018524557507764085,0.11971306175572477,0.0,0.0,0.16885808640210762,0.0,26,False
153,0.0,0.02402337022769768,0.0,0.0,0.0,0.0,0.44212229343837117,0.09900355410924648,0.3220001185529892,0.0,0,False
154,0.18782763852371484,0.0,0.24455049528884357,0.0,0.3033660855628046,0.0,0.0,0.12568440853840154,0.0,0.0,9,False
155,0.0,0.21050758383586413,0.1424927285680232,0.04735747529265444,0.12443779643433554,0.16806088986720052,0.0,0.09002387725845887,0.03419923411779525,0.0,0,False
156,0.07538797098282816,0.13912360397344914,0.0021622893988195494,0.11763626799147975,0.0,0.13033250901455898,0.021533035647994036,0.17308490966100215,0.0,0.1538751157262112,5,False
157,0.0,0.2451547277436925,0.012237553053303481,0.0,0.0,0.27662931694177206,0.0,0.2679332054848287,0.059266202943791535,0.0,15,True
158,0.0,0.22645305109597916,0.3676851535412239,0.0,0.14145155366723228,0.08836689794908764,0.0,0.0,0.0,0.03288693142416494,9,True
159,0.16805942386444514,0.26448089677219866,0.0,0.0,0.0,0.0,0.15866834399607635,0.06636134000933638,0.0,0.18522567497800432,0,False
160,0.21334496460985464,0.0,0.0,0.17528124750634244,0.0,0.2235561539348739,0.0,0.0,0.1693710985116818,0.06078082099145104,0,False
161,0.0,0.028076254667554663,0.04868889167643979,0.3056525626384721,0.10807101547777141,0.0,0.0,0.29815054830675275,0.0,0.05906091493571798,0,False
162,0.3854464097571507,0.08869670238252468,0.00022270700468790753,0.04907900225188588,0.12464945608130568,0.0,0.0,0.0,0.2072957806773288,0.0,15,False
163,0.0,0.22041219279221155,0.2027407463071848,0.0,0.0,0.46889177498583917,0.0,0.0,0.0,0.0,7,True
164,0.290107907778292,0.16626633297020404,0.0,0.0,0.0,0.09051802379473281,0.0,0.25161648505017636,0.05109538044645619,0.0,15,False
165,0.0906060871147866,0.0,0.0,0.01863904288309736,0.1451126065567431,0.2028059871162506,0.08675872063946043,0.11848247703782684,0.0,0.1540270574047295,0,False
166,0.38025213184822065,0.0,0.0,0.0,0.0,0.5383904853760734,0.0,0.0,0.004915873648225691,0.0,21,True
167,0.043685953336362236,0.0,0.0,0.23545009875815254,0.06134941176872159,0.13485559682119,0.06304320852628804,0.1354697300812809,0.0,0.14302886658530758,158,False
168,0.11552096918746822,0.16235444478016064,0.0364628044980764,0.1549933611443989,0.012915428590666734,0.19980896978362703,0.0,0.11196956870833367,0.020576165243309873,0.0,0,False
169,0.14083118453187707,0.046342361733851554,0.16659069913015873,0.0045632361120695785,0.25097490073379114,0.0,0.10714387916271019,0.0,0.0,0.10932687960717645,1,False
170,0.0,0.12055060794933321,0.09474830087925443,0.12510559285305398,0.2034785056659311,0.07595309262830828,0.0,0.0,0.0,0.205021618339864,7,False
171,0.056997669014437514,0.0,0.08147465552533127,0.10363156556596624,0.010640172817169181,0.12873786063078727,0.07684474321568208,0.0,0.09462997654267898,0.2580643013500921,0,False
172,0.36930726071371506,0.0,0.08347803446146485,0.0,0.0,0.0,0.0,0.11189662420392622,0.22963293637680182,0.060153825936571585,8,False
173,0.0,0.0,0.5185908053935854,0.10586376227768146,0.27578199001385806,0.0,0.0,0.0,0.0,0.0,9,True
174,0.0,0.0,0.0,0.0,0.0,0.0,0.0,0.0,0.0,1.0,4,False
175,0.06390282143868473,0.23692905920234858,0.0,0.0,0.20478205506468822,0.08928569745891123,0.0,0.2513626021363447,0.0,0.0,9,False
176,0.13058411531508812,0.0,0.3144703745348396,0.0,0.0,0.14797371231918247,0.0,0.0,0.16320065101526354,0.08792915198444679,1,True
177,0.00804556397193573,0.28762112450275357,0.018756515800337548,0.0,0.07112633095169905,0.0,0.1373659606926128,0.11462526260787587,0.0,0.19604513441829854,15,False
178,0.0,0.2525528487675314,0.0,0.0,0.2849074564252874,0.0,0.0,0.0,0.10081236796245296,0.22419356566600115,12,False
179,0.023079734214524566,0.7130740757795953,0.05799173744598847,0.0,0.12298624292803938,0.0,0.0,0.0,0.0,0.0,9,True
180,0.015891427928218137,0.02059024414831306,0.0,0.03837274180449316,0.0,0.4937276402259888,0.32394530188329057,0.0,0.0,0.0,15,True
181,0.1196446129181307,0.0,0.0,0.15497328177704514,0.0,0.07433238236645666,0.09251012892585457,0.0,0.24941130027411623,0.13504586216394532,10,False
182,0.1370765849293113,0.02083876240166254,0.06198106390285162,0.0,0.0,0.2350191039371025,0.0,0.2937823339588693,0.0,0.09178204946446795,5,True
183,0.19455351065168436,0.0,0.5238751113351228,0.1784174781493675,0.0,0.0,0.0,0.0,0.0,0.0,7,True
184,0.2902333217901439,0.0,0.0231640920379155,0.10919401637844524,0.0,0.0,0.0,0.38905612069860146,0.0,0.05537356515887137,7,True
185,0.0,0.20570733712945405,0.0,0.21141338316385874,0.1415617300177545,0.0,0.0,0.0,0.1352425141445874,0.1439786572571863,15,False
186,0.11954590242010055,0.0013168970650241437,0.0,0.21823491197019002,0.04856456334312368,0.0,0.14249253727606215,0.0,0.09568262703474666,0.2006745890075777,7,False
187,0.0,0.1215031051264767,0.0,0.06011112322559401,0.0450744775186021,0.0,0.14354981573790973,0.01547878622254233,0.47439369414149074,0.0,1,False
188,0.3281593045371012,0.0,0.0,0.0,0.10415530008832302,0.0,0.03067301802975254,0.30010747209648453,0.09535546536483842,0.0,15,False
189,0.0,0.06879389518778724,0.2445370660807755,0.05798001395451992,0.32880621222328205,0.0,0.0,0.15245132309475126,0.0,0.0,5,False
190,0.263914923625341,0.0,0.0,0.0,0.0,0.0,0.35350391950787635,0.2548490752207687,0.008749482304767884,0.0,0,False
191,0.23297477963450516,0.08915387009800797,0.11896286634225685,0.0,0.0,0.0,0.3187921126603582,0.004800426562448646,0.08102834349445634,0.0,9,False
192,0.0,0.10111530469893137,0.0,0.21171197923126142,0.0,0.0,0.12238478538917484,0.252936735928681,0.15279523128472858,0.0,7,False
193,0.0,0.1662667665867483,0.24705506975763217,0.0,0.02358985961165626,0.0,0.16527818324051086,0.0,0.0,0.24764769465142888,7,False
194,0.0,0.0,0.23799673644872807,0.26048427024801674,0.08153371125161311,0.0,0.18890353137012417,0.0,0.0,0.07686921236763929,0,False
195,0.17502369228710773,0.0,0.0,0.0,0.0,0.16755605721523886,0.0,0.2528399425464547,0.0,0.263617320724181,7,True
196,0.023565205083835493,0.24212711031594494,0.0,0.0,0.13833794308791286,0.0,0.12259142640470362,0.13114803413999737,0.15658830248170788,0.011308002731902966,5,False
197,0.046808658843236824,0.0,0.0,0.30432336689905054,0.2691509021832947,0.14938965177254304,0.0,0.0,0.08267794640010127,0.0,15,False
198,0.0,0.2496037793125914,0.04344224153560833,0.0,0.0,0.3541823300760952,0.0,0.06808628354767787,0.14125725990979848,0.0,5,True
199,0.05592323617407347,0.27260236519769016,0.0,0.09326340001441824,0.0,0.06393049802621593,0.021281057831158173,0.0,0.0424092215422554,0.284981210846184,12,False
200,0.0,0.34463707361674545,0.0,0.0,0.01496098524083946,0.0,0.016677224716558497,0.0,0.534166978901758,0.0,9,True
201,0.0,0.0,0.2036080178345109,0.0,0.1461061301954019,0.019666785278140156,0.2055576807373402,0.11778149603945748,0.05583949899065606,0.07216524589891432,9,False
202,0.1005021347715886,0.22506625944108505,0.14318256693799067,0.17485295927264957,0.0,0.0,0.0,0.055910583160598354,0.12654974153460985,0.0,3,False
203,0.06826214988096431,0.887927415973548,0.0,0.007459146244222065,0.0,0.0,0.0,0.0,0.0,0.0,5,True
204,0.0,0.2760335772821699,0.0,0.0,0.22556627843616536,0.0,0.0814164291687535,0.0,0.10067177541077076,0.16074056706824436,7,False
205,0.0,0.3683214703432066,0.0,0.0,0.2357356322963195,0.2825397830208553,0.0,0.0,0.0,0.0,7,True
206,0.08478327812253016,0.1196363610028658,0.0,0.0,0.211492900410248,0.0,0.0,0.0,0.2355610290192252,0.18998382972054415,9,False
207,0.0,0.0,0.13239440913328962,0.6657732337079801,0.0,0.0,0.0863049713290103,0.0,0.0,0.02354826868238159,0,True
208,0.12968884869015934,0.225268090923362,0.17813806468037796,0.07608162454284265,0.23280036112583466,0.0,0.0,0.0,0.0,0.0,5,False
209,0.03715850377057166,0.11815369993519394,0.32574562682169944,0.10104882707912112,0.0,0.0,0.0,0.1367363193189491,0.11586872220646784,0.0,0,False
210,0.0,0.22608098606036856,0.2620233834892339,0.16819275898289512,0.0,0.0,0.07918710665638232,0.1081074934366918,0.0,0.0,9,False
211,0.0,0.26246602689017706,0.23713648388437955,0.02478644463720159,0.2251865698047055,0.03438029434309608,0.0,0.06101569043687573,0.0,0.0,1,False
212,0.0,0.0,0.1237704676696431,0.08302824386019987,0.048648663069359145,0.19911365030396946,0.23878788419759794,0.0,0.0,0.13562480948531602,10,False
213,0.2332372161237026,0.051943826383497024,0.023471826703928063,0.0029885308115944974,0.0,0.10474967212129743,0.1108486608763876,0.0,0.3129585845004393,0.0,24,False
214,0.0,0.23272969973382754,0.0,0.0,0.0,0.0,0.0,0.0,0.7057120897622248,0.0,1,True
215,0.0,0.0,0.31657854758695614,0.3721834513052179,0.05459857204281527,0.0,0.05861959528396885,0.0,0.0,0.06304337443346109,8,False
216,0.038653503693177015,0.07639020226843474,0.0,0.07247826587457906,0.0,0.0,0.030966912800282815,0.37339101209223874,0.2600849961742032,0.0,0,False
217,0.015749519053974526,0.0,0.16441568122574027,0.0,0.06473814525381946,0.0,0.0,0.4195767865867383,0.20142641668878894,0.0,14,True
218,0.05532278130972338,0.021926430422178997,0.07907719430048712,0.26463036736556084,0.15953864180797267,0.10689168358566668,0.023852124779964897,0.0851175244797813,0.013595675737025753,0.0,0,False
219,0.45031177898863006,0.0,0.10549167337180049,0.0,0.0,0.0,0.10709735926375666,0.0,0.2107757468231241,0.0,0,False
220,0.09117143044008441,0.0,0.12785555496733,0.12361652760606778,0.09175997144376406,0.0,0.0,0.16179507419250827,0.04436788410572607,0.17052675004200493,0,False
221,0.0,0.0,0.3078500318688843,0.0,0.06841774061510938,0.0,0.23850963493005778,0.04280369985193558,0.03853460533219684,0.14592958159642377,8,False
222,0.11213572001956668,0.18028112470905533,0.12243654056507941,0.019182691011749665,0.25202954356677065,0.0,0.01135239085825866,0.0,0.005159798659542777,0.12253276358431134,8,False
223,0.0,0.0,0.0,0.0,0.2094573475940885,0.0,0.0,0.26804193279305305,0.2500505138639016,0.1324406276804295,92,False
224,0.09487851570518809,0.0,0.0,0.0,0.16375324306422887,0.15389638206147083,0.1747563591733361,0.09145232894697405,0.14318048055198412,0.0,43,False
225,0.0,0.0,0.016224564799168298,0.0,0.21872400344276918,0.0,0.05419050711601862,0.1571814953742875,0.14657600900042067,0.24461757753136326,5,False
226,0.0,0.0,0.13596958927007105,0.0,0.0,0.0,0.32904621303315745,0.010009013093547726,0.4122118356247079,0.0,7,True
227,0.0,0.22515022521214062,0.01821921356544477,0.0,0.0,0.0782869579705142,0.0,0.0,0.08230424049304007,0.46787987892933913,0,True
228,0.0,0.01958483676677423,0.0,0.13790130128658726,0.0406643354137834,0.28979014729929004,0.0,0.3191900365211584,0.04474120156775768,0.0,5,True
229,0.0,0.0,0.0,0.2574852955382659,0.1930145862864127,0.24367257530908806,0.052241626331090835,0.0,0.0349239776641761,0.058683917831327634,98,False
230,0.06042812858356895,0.0,0.324517545296747,0.0029409133770936053,0.20371917072144718,0.257075052808538,0.0,0.011677772596710814,0.0,0.0,9,True
231,0.0,0.0,0.09514698125096456,0.061430043517934255,0.17355403324630544,0.1080786272654707,0.1273207131077548,0.2140617851261705,0.0,0.036194181822675364,7,False
232,0.2794405465447153,0.14212582807594312,0.43018788306402067,0.0,0.0,0.0,0.0,0.0,0.02934789582211944,0.0,0,True
233,0.31929251841082407,0.047895084864000834,0.2106574571360564,0.0,0.0,0.0,0.0,0.015862150454644237,0.09357072137890897,0.15654362034359648,3,False
234,0.0,0.0,0.0,0.0,0.11281351507176438,0.28480702358881227,0.0,0.2231956523974516,0.0,0.24061052144097708,0,True
235,0.0,0.0,0.0,0.3571567065396013,0.30302134376158546,0.0,0.0,0.2264053064220385,0.0,0.0,127,False
236,0.0,0.14231645668226622,0.15805756829664774,0.49586640325041453,0.0,0.0,0.08179992921293357,0.0,0.0,0.0,0,False
237,0.03140235494696638,0.011871195772248747,0.0,0.0,0.0,0.36591907391046335,0.04413059300723153,0.015017788438206654,0.22346054194484405,0.15776896355938563,15,True
238,0.0,0.2318864015533864,0.29029724910370186,0.0,0.006429388305828444,0.0,0.3537153847130057,0.0,0.0,0.0,1,False
239,0.019217550770930566,0.0,0.0,0.46676572908890557,0.0,0.0,0.0,0.0,0.4298797855107296,0.0,44,True
240,0.0025183578446644588,0.0,0.0,0.12959713159585223,0.0,0.2166115943739018,0.0,0.278240137481395,0.0,0.23134575426815426,7,True
241,0.0,0.5339138122036272,0.0,0.2602784722897727,0.10693999680429339,0.0,0.0,0.0,0.0,0.0,26,False
242,0.09185606766660591,0.0,0.09460782038172322,0.1668941456455884,0.382399810325047,0.0,0.028175718545609296,0.07979144534647209,0.0,0.0,9,False
243,0.24673406992795013,0.10113119340135641,0.02823004271992304,0.0,0.09885628722646995,0.0,0.0,0.1038259763979313,0.230736830053853,0.017854186210314354,44,False
244,0.0,0.0,0.0,0.20241399513814495,0.17801533241459108,0.0,0.17307898997064217,0.17352174214416702,0.1107208827163241,0.0,0,False
245,0.007538906267134417,0.058715868263173814,0.06294874995327883,0.0,0.06410673889411822,0.26876082116070893,0.1871023820312067,0.13254836862297423,0.037756741119631815,0.0,0,False
246,0.0,0.03752616075825268,0.03773703006268843,0.0,0.004026358513031811,0.2089395180705644,0.24265762432199134,0.09901801004786669,0.0,0.2046433835941582,5,False
247,0.0,0.0056256500891297715,0.012696226813494136,0.0,0.0,0.0,0.6379890517557051,0.25622787932017904,0.005986019749596823,0.0,0,True
248,0.2251278097410764,0.0,0.0,0.20414947899766628,0.12103834974446512,0.2035361363625474,0.0,0.01349216107275506,0.0,0.06926236079165722,17,False
249,0.15114458128186167,0.15433985214954588,0.0077243782155569886,0.16901042305456393,0.0,0.0647935684481502,0.11992382029405202,0.0,0.15196227843657992,0.0,17,False
250,0.16034142157224374,0.0689370241098366,0.17808258342485273,0.0,0.0,0.0507832451208123,0.014905761065633774,0.21018326116723127,0.0,0.13868611088523927,1,False
251,0.08221383051814647,0.0457458533741562,0.029828655489567694,0.009984948334406964,0.2346302619585525,0.10022162354739948,0.0635369855065444,0.17538353654177588,0.007089350804593548,0.054187294678394636,9,False
252,0.04121726027432813,0.0,0.0,0.2881722892843131,0.15083204273468118,0.24316626653329382,0.0,0.0,0.0,0.12564618030016045,10,False
253,0.04966656761452063,0.0,0.4091034814331888,0.11548999126026174,0.05230520220758037,0.07599758188067474,0.06389209156039743,0.0,0.06849751092146421,0.0,24,False
254,0.0,0.405094178909905,0.04750207736425703,0.0,0.2530247993134365,0.0,0.0,0.16899078896819975,0.0,0.0,3,False
255,0.0,0.0,0.0,0.0,0.0,0.09625312206722865,0.15977930702228413,0.0,0.37907343487134953,0.23222624260555985,9,True
256,0.0,0.1776979138920921,0.17098595185966317,0.0,0.0,0.0,0.0,0.03571952976580526,0.2607332121236836,0.20166423149722745,7,False
257,0.0,0.04737341691087796,0.4135859525427768,0.03739778615019635,0.14757797421752455,0.0,0.0,0.10309528903247063,0.0982723070952446,0.0,7,False
258,0.26480771208082976,0.2225525956172048,0.0,0.10489975002890381,0.08051820713923014,0.17088464823217345,0.0,0.0,0.0,0.0,5,False
259,0.0,0.16445173341372252,0.09359410174167883,0.32294970195710926,0.0,0.0,0.0,0.0,0.0,0.28469829361382065,7,False
260,0.1570324364124909,0.0,0.0,0.0,0.12646350451376476,0.17304739068373262,0.14042053232415153,0.0,0.0,0.24153705268972567,9,False
261,0.1565096696210291,0.0,0.0,0.0,0.0,0.09315374366561631,0.1229979313709762,0.0,0.0,0.5061508174000637,8,False
262,0.038998445512545464,0.0,0.23991744905664253,0.0,0.140742357565285,0.02708647040001864,0.050453770141148414,0.15080879652830104,0.0,0.17564070876634977,10,False
263,0.06222741344984821,0.03889496220017284,0.3033290931428711,0.0600193838832122,0.0,0.09733906998351603,0.020253433022440353,0.25271033134219284,0.0,0.0,9,False
264,0.2587637347752049,0.0,0.028951332522224926,0.1981482228723431,0.2945459776379623,0.0,0.0,0.0,0.05217749628620808,0.01778764103137404,9,False
265,0.0,0.016594023632494112,0.0,0.4905393094975476,0.0,0.3499818890271049,0.0,0.0,0.04350500112639811,0.0,92,True
266,0.3528917383105319,0.0,0.5579280955660814,0.01075048514442782,0.0,0.0,0.0,0.0,0.0,0.0,16,True
267,0.0,0.21356065867988067,0.0,0.021771555381965034,0.017579281366859847,0.0,0.03339765444830496,0.22089581863641888,0.0,0.3499690098281577,24,False
268,0.0,0.09429485082720286,0.145673733288528,0.0,0.10929125062565112,0.0,0.0,0.19027518713619684,0.3045302547093927,0.0,0,False
269,0.3054415220921017,0.028334699504351985,0.0,0.005459905383040332,0.20010276967783322,0.0,0.0,0.0,0.0,0.3327014388630588,2,False
270,0.0,0.2536974961315113,0.0,0.0,0.0,0.20349138750453663,0.13007162428817298,0.2730448859671107,0.0,0.0,0,False
271,0.0,0.0,0.0,0.0,0.0,0.36800437281784315,0.14045777297686762,0.08751066451693407,0.27289358085894927,0.0,44,True
272,0.0,0.0,0.022134137079459205,0.0,0.0,0.323112549967649,0.0,0.0,0.16182550489708952,0.37302960666003143,3,True
273,0.1896569863950452,0.09995602201535853,0.0,0.0,0.30951714220524973,0.16090728868347137,0.0,0.022072615721656866,0.0,0.057650071001628,8,False
274,0.0,0.20845174333813615,0.0,0.0,0.15479051433715113,0.2061540891133803,0.0,0.28998656262270817,0.0,0.0,99,False
275,0.18232200942205665,0.2682802260277006,0.06581460018195652,0.0,0.0,0.0,0.12181947882881182,0.0,0.20583598340113446,0.0,3,False
276,0.07448738262386914,0.013614556260842259,0.0,0.3335277301289199,0.07784594754449622,0.3711053591410481,0.0,0.0,0.0,0.0,9,False
277,0.27963790450052634,0.0,0.0032153824609359415,0.0,0.0,0.09203189610572504,0.0,0.3048696814989303,0.0,0.1826505292966509,0,True
278,0.17998999151176498,0.2752866942402241,0.05232520944875773,0.0,0.0,0.1669452392699089,0.0,0.00040232479885350106,0.0,0.16940575040608064,51,False
279,0.05643504495538787,0.15665627242033422,0.0,0.2717421666298603,0.10568529813940929,0.021862414997119453,0.05779037304036811,0.15377470906954285,0.0,0.0,3,False
280,0.0,0.0,0.11054231964651907,0.0,0.0,0.1682924927012856,0.5264785920538008,0.0,0.0,0.07720306815971137,24,False
281,0.0,0.0,0.0,0.0,0.7448457988857153,0.0,0.0,0.19807360886879893,0.0,0.0,10,True
282,0.03908350401055607,0.0,0.0,0.10870910827566523,0.13151315154796245,0.3525872296594196,0.05056609241707484,0.0,0.09313462210649433,0.05339689728963616,15,False
283,0.10099707898132072,0.24338905467758856,0.0,0.07969466091517109,0.3233854997877107,0.05574383207970062,0.0,0.0,0.03870669810031792,0.0,5,False
284,0.3403948029752006,0.05480680994444926,0.0,0.02255327818090759,0.0,0.0,0.1026641797510545,0.1961994398121522,0.1258522361887908,0.0,7,False
285,0.12423176942147719,0.0,0.0,0.21221439648415072,0.0,0.1952577247188773,0.1744101990393427,0.0,0.0,0.13194434963894586,21,False
286,0.0,0.2380254332918413,0.0,0.0,0.11814381327252972,0.24294777595535658,0.032700608101777814,0.07909752080709007,0.045972687861491494,0.06764679010092717,7,False
287,0.2641825460298792,0.004008485637736476,0.0,0.13599619492764953,0.2559778101217096,0.0,0.07946705449333051,0.0,0.10318995039022603,0.0,17,False
288,0.0,0.0,0.08360067932504917,0.0,0.25582971788143133,0.06370761185261,0.0655070450346628,0.0,0.11978725368617625,0.24463057919278064,24,False
289,0.0,0.0,0.0,0.15150039629797415,0.09391124328319159,0.0,0.283095842619243,0.0,0.3381610329657471,0.0,8,False
290,0.0,0.41175445814845435,0.3238166088165924,0.0,0.0,0.0,0.03350801869189288,0.11298503345576605,0.0,0.0,246,True
291,0.0,0.0,0.25938460692109006,0.0,0.33663714614300644,0.0,0.0,0.09572614185827112,0.0,0.17352772741683678,10,False
292,0.07999966627787286,0.0,0.11329001798738933,0.0,0.21229325706758717,0.08307227967123675,0.13938118998546448,0.0,0.19723501925813536,0.0,3,False
293,0.37726214624044574,0.12555999375010754,0.025006825323352716,0.0,0.0,0.0,0.10024446726230495,0.23081731567596078,0.0,0.0,8,False
294,0.05802859416004561,0.05067334797137508,0.07484639919477397,0.0,0.0,0.2365443823751891,0.0,0.12658413735371427,0.22483626565175172,0.05018327502208357,10,False
295,0.0,0.0,0.03843618834427907,0.0,0.0,0.18757600360575208,0.0,0.11464587933137695,0.26877016949074145,0.239338418104002,1,True
296,0.3157067879962626,0.0,0.0,0.0,0.5172545872392005,0.07160804258234321,0.0,0.0,0.0,0.0,7,False
297,0.0,0.4178251764793974,0.0,0.0,0.0,0.12200231732055918,0.35476890078382123,0.0,0.0,0.0,0,False
298,0.0,0.0,0.13880560914844153,0.11753153935655579,0.03358641085865247,0.0,0.353214004186114,0.2106835921929484,0.0,0.0,8,False
299,0.0,0.0,0.0,0.15776957165454303,0.38865992955392475,0.0,0.34431174897148453,0.0,0.0,0.0,5,False
300,0.0,0.0,0.20632195062177458,0.0,0.048665754538686865,0.0,0.1777217823714056,0.0,0.0,0.4437671006857086,7,True
301,0.047399673865689995,0.0880185281454714,0.0,0.0,0.0,0.0669924523160632,0.35321779806529,0.11261669348654911,0.0,0.1706227781146166,9,False
302,0.0,0.2138613988223674,0.007519891579892718,0.15300808416511505,0.041298411898024336,0.0,0.045380875903244654,0.2235455789578651,0.1444660057074776,0.0,92,False
303,0.0808024766865321,0.12408582021238336,0.0,0.1707159836997939,0.1886407419033894,0.157371144313321,0.0,0.011226856723959438,0.02166186696460526,0.05866056889777548,166,False
304,0.047638506183994546,0.0,0.042208838308009006,0.5605361903840701,0.0,0.0,0.0,0.0,0.12546629574866636,0.1028660216335161,0,False
305,0.13536010951188218,0.0,0.19901196642806437,0.20771309166698648,0.02458868839361795,0.03992479430989685,0.0,0.049620295502225416,0.010502309262650509,0.1519476239715932,9,False
306,0.10719491012323046,0.0,0.14866044096699602,0.0,0.0,0.0687080816588845,0.2457276569827876,0.0,0.0,0.27563582556322275,7,False
307,0.0,0.13630076236118796,0.09412874382073184,0.20201111895167298,0.0,0.0,0.1102472646809727,0.08818431977964912,0.0,0.19299307923703793,8,False
308,0.08101577213348166,0.0,0.1119418607272688,0.1432932118919712,0.1978672280261556,0.0,0.03442935351258904,0.1458867329216272,0.019551357787274848,0.07377890767541977,9,False
309,0.06333036386010732,0.0,0.07651733184093422,0.17094913175659535,0.07663459659686106,0.0,0.14397766657387817,0.06396985261403643,0.12193486446312707,0.08180193509185643,15,False
310,0.0,0.0,0.001060520312449513,0.0,0.0,0.0,0.1951541106915057,0.3921435548480233,0.29910562140840513,0.0,0,True
311,0.025942932684931353,0.1626011940325704,0.037043415746911446,0.21668170903354897,0.0,0.07832999891028143,0.0,0.046836871125338665,0.2614454492873631,0.0,21,False
312,0.08439012317463272,0.19782112046578146,0.0,0.0,0.21283863354384297,0.04680492030369118,0.06222690306123833,0.0,0.11056835327075228,0.10128328708922553,44,False
313,0.05524854648222728,0.0,0.0,0.0,0.0,0.0,0.0,0.0,0.606603478063016,0.25127989691684827,7,True
314,0.0019120959217114098,0.0,0.03446891374109684,0.0,0.43751794095772795,0.32626956675461355,0.08433332017955542,0.0,0.0,0.0,23,False
315,0.0,0.22476142514138883,0.0,0.0,0.15748619020882523,0.040557407562979285,0.20402318785113296,0.02136853950577799,0.18889457585929512,0.0,9,False
316,0.0,0.332242797673135,0.0,0.1577750904898652,0.4009107334261945,0.0,0.0,0.0,0.0,0.0,0,False
317,0.138909505985709,0.19324721735024764,0.0,0.1294415754123573,0.338850664600841,0.0,0.0,0.0,0.02653847869827704,0.019171658161375033,92,False
318,0.0,0.14016802802490075,0.24774307918610838,0.012981270269139136,0.0,0.13444001229121166,0.1141892674984446,0.05246026547384912,0.0,0.11959753397590193,23,False
319,0.06829059512756272,0.4191271612961644,0.0,0.0,0.0,0.12866220416512722,0.0,0.0,0.1932599789786314,0.05023403386240771,9,False
320,0.19485665576878555,0.0,0.0,0.16513476817339007,0.0,0.2695173752825674,0.0,0.0630598813390038,0.0,0.15096912871188484,7,False
321,0.08715220903824078,0.0,0.0,0.0,0.3466016329046394,0.0,0.0,0.009862286797284429,0.0,0.45037014432317546,166,False
322,0.05614994862489585,0.0,0.0,0.047487395208141846,0.0,0.0,0.27783919504838406,0.0,0.5093579708735665,0.0,0,True
323,0.0,0.057064620921874615,0.16103176650514273,0.03923148749288695,0.21420206610039388,0.016098354468788757,0.01814086341269638,0.25855243813462875,0.0,0.05973805261516373,9,False
324,0.038702299195035254,0.23288506736439957,0.18422754879419997,0.0,0.0,0.113844667129028,0.12559928578641175,0.0,0.0,0.13305648513799836,1,False
325,0.1523096027067045,0.3860688284972228,0.13114210704273355,0.0,0.0,0.0745187918969847,0.0073547283610935444,0.0,0.0,0.09676373933731532,10,False
326,0.0,0.14603912115903875,0.08581259620466884,0.11836425710109977,0.18315854919075275,0.0,0.0612427103354036,0.060536762446986365,0.03709954931231553,0.10988311352640043,7,False
327,0.0,0.0,0.42823695786603494,0.048218822258633734,0.0,0.006070718372199512,0.10516933617029448,0.21806894667710797,0.054390381149062535,0.0,9,True
328,0.0,0.15577155167870138,0.08282428812135918,0.0,0.0,0.19050053616795162,0.0,0.13008564936051165,0.0,0.28367989932903315,8,False
329,0.0,0.021590883226632135,0.0,0.36109656420866054,0.0,0.0,0.10880334744577592,0.0,0.2182972128166123,0.14739029154987152,8,False
330,0.020901043129487908,0.18103274815417886,0.06688444490323167,0.2756820272006178,0.0,0.06914171132371495,0.0,0.0,0.13198673842383885,0.07852202318326316,7,False
331,0.09476560881215737,0.04374628968008279,0.0,0.0,0.0,0.0,0.80237105866636,0.0,0.0,0.0,25,False
332,0.0,0.3373012765386193,0.0,0.0,0.2389885141556875,0.159938300347134,0.0846590608870416,0.03403839162959938,0.0,0.0,5,False
333,0.0,0.32274442689527216,0.0,0.0,0.19740041406925135,0.0,0.08220972508556239,0.0,0.1770822171649782,0.0691656719573035,7,False
334,0.12124306240436981,0.1875859227037572,0.196984415023565,0.0,0.04847027588801389,0.0,0.0,0.0,0.08003043470759423,0.19361092103744662,6,False
335,0.05619926085831689,0.15596705931768146,0.024624695159199492,0.0,0.043692339347960574,0.17276566807064092,0.0,0.004182788971781097,0.20708319103052145,0.15453477979092534,7,False
336,0.13221897507706715,0.0,0.05151107902925551,0.07756410617187899,0.2239856812340035,0.04183444691606672,0.11268309916213622,0.0,0.0,0.17741004353478895,12,False
337,0.13921648226981354,0.06056388118437341,0.18483332686928897,0.07903937492972316,0.0,0.09458896061815009,0.03903157894342031,0.0,0.10640154118040843,0.09720453615558153,24,False
338,0.0,0.06469043698869556,0.0,0.1770057339472707,0.0,0.22117551723381182,0.35362838625468146,0.0,0.0397690615426915,0.0,8,False
339,0.0,0.15210389609752484,0.5047396267320368,0.0,0.0,0.0,0.0,0.0,0.23913855756378,0.0,10,True
340,0.0,0.0,0.0,0.0,0.0,0.0,0.17478753562868773,0.0,0.37028647696669964,0.3442038595897163,4,True
341,0.0,0.5505829827396109,0.0,0.0,0.0,0.15490189381123914,0.19430943322054933,0.0,0.0,0.0,99,True
342,0.1990501852016383,0.037451915877801376,0.0,0.0,0.0,0.6878391933752405,0.0,0.0,0.0,0.0,7,True
343,0.18727430024257924,0.034536165942682426,0.11204642817508279,0.015290970721997659,0.2720805852307387,0.0,0.0,0.11351144742440764,0.06658380891044796,0.019731123763539294,43,False
344,1.0,0.0,0.0,0.0,0.0,0.0,0.0,0.0,0.0,0.0,2,True
345,0.0,0.0,0.05361532527274531,0.4976016145026211,0.0369916415103155,0.0,0.0,0.028720329182029297,0.26456393932124955,0.0,99,False
346,0.1041643928521959,0.2080303151158828,0.07088704654261518,0.0,0.0,0.0802027952780751,0.0,0.0,0.28580050406398605,0.08302175823160124,7,False
347,0.0121957433365716,0.0,0.0,0.0,0.06469285801064048,0.3051569579734956,0.1365475085409412,0.0,0.014107720964090003,0.32547142418366753,9,False
348,0.009430942950756386,0.034449339293612394,0.0,0.3386335874757564,0.006338922404010974,0.1325291717879644,0.0,0.15595578878826488,0.16616281915245054,0.0,2,False
349,0.0,0.0,0.0,0.0,0.0,0.31567221794944283,0.26902599090938256,0.09775461729261993,0.02676386638875665,0.14619478787592413,0,False
350,0.0,0.08308378099190025,0.0,0.0,0.012689824171590092,0.1957811841651791,0.13583852784255065,0.2426641562358909,0.16531704649348702,0.0,73,False
351,0.0,0.0,0.0,0.20665332170144746,0.22342091959619834,0.0,0.0679287818803653,0.29677861103404013,0.0,0.055834229947436774,16,False
352,0.08715535138066936,0.17333175520207597,0.012667085631258056,0.0,0.1674161327374435,0.0,0.0,0.0,0.42446267640447954,0.0,8,False
353,0.0,0.0,0.0,0.0,0.0,0.0,0.0,0.0,0.5829870553950945,0.34595037111154775,7,True
354,0.0,0.04000663246182295,0.18029337732941056,0.0,0.0,0.0,0.0,0.0032300236331173787,0.5558659055378318,0.10860467162967931,7,True
355,0.18461403996592482,0.0,0.201852224689115,0.21592077175150398,0.0,0.0,0.05185335066845799,0.0,0.16594524949371714,0.01624700806771389,24,False
356,0.0,0.09253330263419347,0.13100798068238784,0.13486508315260015,0.0,0.20560968430970591,0.1494459605413084,0.10869746921499188,0.0,0.0,10,False
357,0.0,0.0,0.20246957106594862,0.1796935927193096,0.0,0.1810769240943567,0.22477154668202382,0.0,0.054867028643832534,0.0,0,False
358,0.02695606954158537,0.3531794510522176,0.10825275800693572,0.0,0.05125885441012543,0.12091025776615169,0.10640428271923882,0.0,0.0627072686932351,0.0,44,False
359,0.1956099096560872,0.2785163249574289,0.09089257512073237,0.0711464774814289,0.044101807990505656,0.15208227433508642,0.0,0.0,0.0005562946369106358,0.0,103,False
360,0.0,0.0,0.1571652169635433,0.30610134175726844,0.0,0.0,0.16775215734805868,0.015063524642938263,0.06402240664758187,0.12924195166613298,7,False
361,0.08145607616107976,0.06012969439692855,0.07741515829475856,0.10403000207308204,0.07194739109831691,0.1056082650740925,0.07316790864713932,0.0,0.06676081477792864,0.14588909606635378,10,False
362,0.0,0.25585622892468507,0.22599560742144442,0.0,0.05490763610469633,0.0,0.0,0.0,0.0,0.33244440050745544,5,True
363,0.0,0.1420931962162728,0.0,0.0,0.06070840335036002,0.0,0.23150490373221214,0.12844207082567066,0.15170392155973536,0.11081377909809355,9,False
364,0.0,0.019521018812349133,0.0689699669064873,0.0,0.06599945880500052,0.0,0.2765132378429991,0.0,0.0,0.44229632857152085,12,False
365,0.0,0.0,0.04425921759433422,0.3792698907057846,0.0,0.0,0.21646579474601554,0.23287303204712007,0.0,0.0,16,False
366,0.19649987371687838,0.17868703624422355,0.11578848833921482,0.06757059076028588,0.0,0.018677880943500935,0.0,0.04818645623192233,0.0025215182638373868,0.19227672545794647,112,False
367,0.0,0.1250031411545453,0.22261991763879838,0.0,0.06880978516950678,0.0,0.0,0.10202897656583956,0.0,0.33058750084147914,24,False
368,0.0,0.0,0.0,0.0,0.31246886214023856,0.1537806936163982,0.0,0.007497964108672558,0.0,0.41312726620634904,70,True
369,0.0,0.14914067627517216,0.07453529074474924,0.0,0.09809124239313295,0.3115827265849861,0.0,0.0,0.0,0.21347285607232477,40,False
370,0.0,0.0,0.22538660529997268,0.0,0.0,0.3768847763866246,0.0,0.15675037835000957,0.10737802786417013,0.0,24,True
371,0.0,0.0,0.0,0.07963801078080265,0.09150714670117485,0.06969924759109189,0.18724405409419484,0.23356442901185517,0.023613299437654882,0.1344905176703445,7,False
372,0.09272223716506638,0.0,0.24303909630076817,0.07535437747482646,0.0,0.14370191501148535,0.0013361137072356588,0.0,0.13987376954834066,0.12825071818934078,70,False
373,0.075591691646912,0.0,0.11729988575570331,0.5476993846980112,0.0,0.1442946481380821,0.0,0.0,0.0,0.0,145,False
374,0.0,0.2058316735892246,0.07386458879586964,0.30340030496889275,0.042531957429278434,0.11768036896179136,0.0,0.0,0.09231847619637899,0.0,0,False
375,0.0,0.02538627658882281,0.24971344920697244,0.0,0.07497133844259803,0.23114648110776181,0.0,0.0,0.0764903081694726,0.1791902359409425,166,False
376,0.0,0.0,0.19066262634161113,0.32394215985861163,0.0,0.0,0.3144695758539566,0.0,0.043355703045123775,0.0,43,False
377,0.0,0.16738249665694538,0.3621854624069389,0.0,0.0,0.0,0.23025305144839606,0.0,0.0,0.10565256804402931,7,False
378,0.09355564962334259,0.0,0.0,0.0,0.0,0.1964200093488806,0.0,0.0,0.6199358156556471,0.0,310,True
379,0.18417585296407346,0.0,0.05359914327166388,0.2416321748834125,0.39307271334051513,0.0,0.0,0.0,0.0,0.0,99,False
380,0.0,0.3940840716120382,0.0,0.0825602749612265,0.11631590841621427,0.029559506419226472,0.07252327708655437,0.0,0.0,0.14964847541978182,99,False
381,0.0,0.3507516596745437,0.0,0.0,0.11382483893916674,0.0716751415411394,0.049927760998404194,0.0,0.0,0.2706015441404678,6,False
382,0.0,0.0,0.2948679168771935,0.21411712432747576,0.10975656871138464,0.24320438750325407,0.0,0.0,0.0,0.0,1,False
383,0.019337699752088558,0.0,0.187136295886581,0.0,0.11431949356926144,0.06906841457437979,0.0,0.33798584065114645,0.0,0.11349086648868549,78,False
384,0.0,0.0,0.0,0.2796594329951288,0.375349415494239,0.0,0.0,0.0,0.2318540954706291,0.0,44,False
385,0.0,0.12847298799398985,0.07107622371745072,0.04585458875758,0.0,0.07023871965909317,0.302486144154009,0.0,0.0066293886380726,0.20842236890704127,52,False
386,0.0,0.05878411351869871,0.0,0.0,0.2033427898852368,0.18291809642808904,0.0,0.1774137590387719,0.2198526323085242,0.0,23,False
387,0.0,0.04649865532816337,0.37059000705143685,0.05155638307446573,0.1432630279773769,0.0,0.0007352529505613697,0.09410592631858831,0.0,0.13369199973301993,1,False
388,0.0,0.0,0.07522567100224233,0.16465938287211868,0.17062188985086035,0.0,0.21169110287876153,0.0,0.21858183869766268,0.0,5,False
389,0.0,0.0,0.0,0.45075883352634216,0.0,0.3223623458732519,0.005970753349960159,0.11331931457706519,0.0,0.0,73,True
390,0.056042259428716136,0.0,0.11239820110633753,0.0,0.1389013090283816,0.22109956172219153,0.04460685613975438,0.0,0.19363341215433344,0.05208739541007883,7,False
391,0.28907752742800746,0.014003379074163644,0.1416347476183055,0.10978854214059693,0.0,0.0,0.0951081283649531,0.13805875006763937,0.0,0.03864321864666365,6,False
392,0.0,0.14028713837213322,0.2687590127717207,0.0010774250888570837,0.18209702803007305,0.2670342295249797,0.0,0.0,0.0,0.0,9,True
393,0.015313197537582581,0.20019202201027736,0.0,0.21600687913669647,0.2394658753119881,0.17991062785713977,0.0,0.0,0.0,0.0,166,False
394,0.06505100218454699,0.0,0.0,0.0,0.09742879456348465,0.0,0.4517801764931556,0.01804719953432822,0.238663351981819,0.0,9,False
395,0.15344295529973712,0.06603011608186189,0.0,0.1641586253384949,0.11800311307542577,0.048171949195660445,0.2445375828354027,0.026983047356602917,0.0,0.0,1,False
396,0.0,0.23690186651175058,0.0,0.11859907714352276,0.5455399073410114,0.0,0.0,0.0,0.0,0.0,12,False
397,0.12356236088207759,0.06963080400587415,0.0,0.015118943444170762,0.007674916095719073,0.14352918746003782,0.0749321924969145,0.17315516628571398,0.13475921393321388,0.05953779350661143,7,False
398,0.0,0.1343972058197801,0.0,0.23660459901498498,0.0,0.09170641742958249,0.40771830263340086,0.0,0.0,0.0,112,False
399,0.009922692292039964,0.0,0.0,0.04070030592790297,0.0,0.0,0.6317612135014862,0.0,0.23032576964822724,0.0,112,False
400,0.0,0.11373576440118378,0.07025344383057885,0.17030357505820878,0.07062567662303272,0.0492373929491332,0.10310277045673417,0.04784112507600887,0.12256599844069686,0.043658126749235145,99,False
401,0.26825489862256907,0.0,0.01018666307607696,0.38765762002645854,0.0,0.0,0.0,0.0,0.2159450737279189,0.0,0,False
402,0.0,0.0,0.0,0.244838387178499,0.09208492930363822,0.09465311561414114,0.14910824435677325,0.0,0.0,0.2635023611401687,1,False
403,0.0,0.022428743484890625,0.22926387723090563,0.0,0.0,0.16595278247489767,0.0,0.0,0.2668841840066464,0.1657553697052093,9,True
404,0.43164869744839635,0.0,0.0,0.0,0.0,0.0,0.09050445775677975,0.1940368201932661,0.0,0.1550574306833345,24,False
405,0.020181806891855614,0.0677835945972914,0.316161228406749,0.0,0.0,0.06322137573017736,0.03426699755245269,0.0,0.04566794559309868,0.2948953824398095,5,False
406,0.1900450095089347,0.11035380693876015,0.0,0.22089213017752804,0.02565051730336576,0.0,0.0,0.30569973536516126,0.0,0.0,16,False
407,0.0,0.0,0.09942076393447184,0.11122397172478503,0.0,0.1638677443849774,0.12227961738069555,0.0,0.35024971245635816,0.0,8,False
408,0.0,0.0,0.6927047282112601,0.0,0.04537315280046958,0.0,0.03488252010429701,0.1403300551186504,0.0,0.0,7,True
409,0.008879368777642409,0.0717333710432075,0.16054359056624956,0.0,0.0,0.0,0.1145846208660565,0.0,0.36605382806083886,0.1238134868675212,1,False
410,0.0,0.0,0.25484828983490904,0.1013566546885527,0.2034494842507094,0.11066471541816858,0.00046936225244626503,0.0,0.03904845778298834,0.12049454304021015,8,False
411,0.20810405800264445,0.0,0.0,0.26207810785164115,0.03245994392537866,0.0,0.009793654384686793,0.1910397832202184,0.07846984628929561,0.05123901914265625,8,False
412,0.0,0.0,0.0,0.22604210855300735,0.029301212836029364,0.0,0.36634743578657625,0.0,0.04575575492220299,0.1941006182384897,43,False
413,0.34859850371918416,0.2332466254494211,0.0,0.1523720412084793,0.0,0.0,0.1295726162245392,0.0,0.0,0.0,0,False
414,0.9546195660851151,0.0,0.0,0.0,0.0,0.028701359490930473,0.0,0.0,0.0,0.0,7,True
415,0.7020496804898751,0.0,0.0,0.0,0.041962417321604044,0.012755584353447784,0.015474901990090661,0.0,0.14130069151249797,0.0,78,False
416,0.5264666457842214,0.0,0.0,0.04469377093251283,0.0,0.27527138074848684,0.0,0.0,0.0,0.047558215065923094,112,False
417,0.020256298784149095,0.3290561572668664,0.0,0.18367024001335933,0.07096054267076178,0.0,0.09378184963178779,0.14279565317743673,0.0,0.0,44,False
418,0.0,0.0,0.0,0.0,0.3740534895243208,0.0,0.29396436808857007,0.2191209570293662,0.0,0.0,44,False
419,0.0,0.0,0.09947391920612131,0.3930273217154708,0.0,0.0,0.23460362154939116,0.0,0.04567302059715094,0.08591111020731201,99,False
420,0.0,0.2931331183653523,0.12598884151229947,0.08910530631546344,0.0,0.060390215829291986,0.0,0.04247697903257156,0.2256883080953216,0.0,8,False
421,0.0,0.0,0.0,0.5203494700617463,0.12798347347187636,0.22739308812214876,0.015589855940609399,0.0,0.0,0.0,24,False
422,0.17928838332433247,0.0,0.06066924278029823,0.16691278399878717,0.0,0.0,0.09273543128708453,0.13134983655009252,0.0,0.19404479027709057,6,False
423,0.0,0.0,0.0,0.3188821629299228,0.16267112305071835,0.0,0.2769581971553512,0.10588581344198059,0.0,0.0,99,False
424,0.21419794566148653,0.3035355830111108,0.0,0.0,0.016365234513541903,0.02769184581469842,0.0,0.08780061814001631,0.0,0.1970825550813422,92,False
425,0.0,0.507531300422837,0.0,0.009496757775675593,0.0,0.03638471979048869,0.13112855698488096,0.03791394919798652,0.14674204447256356,0.0,99,False
426,0.0,0.20831320285174804,0.0593095370973673,0.0,0.07723031986521989,0.08396638494109784,0.05124218588463089,0.06250531588939492,0.1359127687983294,0.12411531068933147,8,False
427,0.0268310779844385,0.2100262245278337,0.0,0.03629441452246008,0.05806898340238816,0.0,0.14258997291583508,0.2385763516050184,0.11219729823501705,0.0,2,False
428,0.0,0.0,0.2694578088166299,0.0,0.0086159916322633,0.22203455706261668,0.0,0.2798937161972956,0.07994968072670022,0.0,8,True
429,0.1153224371766297,0.12031145098909118,0.18950522123845778,0.13684953695948646,0.04282747182861865,0.0,0.12501609768122757,0.08158703485270379,0.0,0.0,112,False
430,0.04471957558502538,0.10691126931024672,0.0,0.0,0.026794491354355843,0.19429683330575945,0.0,0.15946878350924643,0.174578636056359,0.1111377814283167,135,False
431,0.0,0.0,0.0,0.5434412867493263,0.0,0.02944333991729139,0.30472038192632406,0.025903507322935938,0.0,0.0,166,False
432,0.0,0.0,0.0,0.0,0.4230337354276995,0.029818002426165804,0.32957554631165314,0.0,0.10215330342170499,0.0,43,False
433,0.1181581230343438,0.0,0.057890777999049126,0.045589069241713645,0.48491647127430176,0.16045743456308925,0.00029336722468900134,0.0,0.0,0.0,10,False
434,0.008573839491701714,0.11552714460701842,0.0,0.22306496513521168,0.0,0.0,0.25687071098016834,0.0,0.0,0.25215797448953975,429,False
435,0.0,0.007808073332844417,0.0,0.0,0.0,0.2977526325698153,0.0,0.323975262385282,0.2513659854387073,0.0,419,True
436,0.0,0.0,0.0,0.07538635468464025,0.0,0.0,0.0,0.5717915916850875,0.2602118345048659,0.0,16,True
437,0.0,0.08912923591848444,0.09250624215827283,0.058935502175927156,0.12372496554790637,0.12015299239197406,0.16096506379873515,0.0,0.16417463457680176,0.0,5,False
438,0.11709744466433503,0.0,0.20654152892444072,0.0,0.0,0.2139022817173258,0.041313501639694036,0.13312085565787218,0.11593597957981204,0.0,102,False
439,0.04898710621765579,0.04687393457178705,0.19391725565228274,0.10537851508792444,0.0,0.10134408822305992,0.0,0.07666633012458517,0.24608771979327945,0.0,44,False
440,0.0,0.28612950223162487,0.028084574076175605,0.09067687170708974,0.18715438562596273,0.0,0.0,0.11684256462247904,0.0,0.12526325169894248,12,False
441,0.0,0.0,0.24861261476834234,0.09155071692593292,0.0,0.29600495640618824,0.01265544131436574,0.20866716428709636,0.0,0.0,166,True
442,0.0,0.33749091541935555,0.0,0.0,0.06831805426170608,0.013272387758530535,0.2323245660803202,0.08058700486355685,0.0,0.11385600051253436,7,False
443,0.0,0.06604324301712278,0.0,0.09262805194215337,0.0,0.23286690770361756,0.14778752734678485,0.09241146447867472,0.03993855409494293,0.1443047306620912,7,False
444,0.0,0.0,0.0,0.2599172455113694,0.0,0.0,0.0,0.06835264532439422,0.22881727789101874,0.30951266920794035,16,False
445,0.0,0.033599755083136375,0.05697730386866668,0.05292334021452535,0.0,0.0,0.2588928613556486,0.010840382836444411,0.2392946819121274,0.18261573103568768,92,False
446,0.08091835616669169,0.2501729805646996,0.24608569976710115,0.025327077955696452,0.0,0.0,0.043066059673221864,0.0,0.1888269307489356,0.003926294734200184,10,False
447,0.0,0.0,0.0,0.0,0.0,0.0,0.2838996341440375,0.0,0.6493538308261085,0.0,2,True
448,0.2144958329726925,0.1881969564384464,0.0,0.0,0.3408167803727015,0.09631936510655491,0.0,0.0,0.0,0.017431039964418322,5,False
449,0.0,0.13416603880063707,0.20392134614248153,0.0,0.0,0.0,0.0,0.0,0.4565532243622639,0.08012524687000237,70,True
450,0.0,0.0,0.35818664125310073,0.0,0.0,0.0,0.1748034556500681,0.3562392415722355,0.0,0.0,92,True
451,0.34502708339330596,0.0,0.0,0.011841381211825567,0.0,0.309227700693688,0.2143522145548817,0.0,0.0,0.0,8,False
452,0.0,0.0991451255352566,0.0,0.1553403160913258,0.022808367607590696,0.14259693668438347,0.4438354630725487,0.0,0.0,0.0,166,False
453,0.03586192999087605,0.07452501014717344,0.19395467410251999,0.0790290663773862,0.059434132453641715,0.0,0.13002420428467043,0.015599721331745971,0.019284657140075646,0.19764567274124176,7,False
454,0.0,0.06440597634332322,0.20392042669962587,0.09233503269244425,0.049205185196782915,0.0,0.0,0.12404280899992072,0.20271137128516586,0.07907505148374971,8,False
455,0.0,0.0,0.22159449881794152,0.09926448399375559,0.37056759228769,0.0,0.17476027778545988,0.0,0.0,0.0,5,False
456,0.07754846671588539,0.06271949466640174,0.06827130490174267,0.0,0.14935920064120264,0.14122783364569327,0.11078057508839968,0.011152394266693486,0.1624610106502905,0.016644757319415934,7,False
457,0.0,0.0,0.0,0.0,0.0,0.0,0.0,0.3479905293905635,0.5808386291505527,0.0,43,True
458,0.0,0.0,0.45271840405558905,0.0,0.0,0.0,0.0,0.0,0.47317891718830035,0.0,6,True
459,0.09955307301622948,0.04047726911389,0.0,0.13752097586180181,0.15209365473027164,0.17018539180652917,0.0,0.0,0.22803663822398207,0.0,73,False
460,0.0,0.0,0.2552250092552106,0.0,0.08042296028528247,0.0,0.07576614446372779,0.13130132775310988,0.3065512526163127,0.0,200,False
461,0.0,0.3573538122410025,0.0,0.0,0.0009589060502962298,0.20160331527731795,0.04174964294191919,0.14140669028363326,0.0,0.10901307602951674,2,False
462,0.0,0.0910523612371501,0.0,0.14545106647055273,0.10178827853367746,0.045479586725590194,0.21169153651140452,0.0,0.23421208068766464,0.0,344,False
463,0.4639281651226952,0.0,0.0,0.0,0.354901146002185,0.0,0.08208506838289814,0.0,0.0,0.0,70,False
464,0.1146248263480634,0.0,0.0,0.0,0.3027045914520756,0.0,0.0,0.0,0.1394764447521131,0.30818392887796736,23,False
465,0.0,0.0,0.06134549239659941,0.29865049444084796,0.0,0.14258921603549582,0.36995945449948797,0.0,0.0,0.0,166,False
466,0.17303310362103333,0.31579207373047274,0.04296460289071726,0.014907904713337465,0.0,0.0,0.0020543643269246284,0.0,0.19390861962672135,0.09971107707662115,43,False
467,0.19666080218924334,0.0,0.10485985590492537,0.0,0.07975259004802666,0.12786636892719516,0.0,0.018432821227919425,0.07417078231904017,0.21790429983126597,6,False
468,0.0,0.0,0.12540438939920204,0.0,0.0,0.28429439413655205,0.0,0.03346060667149342,0.24288583691851906,0.16395890898866736,166,True
469,0.7061372844607626,0.0007176001747482314,0.0,0.00025467666314331984,0.001861552579973874,0.0,0.052467244254538054,0.0,0.006626925415018574,0.1505285570277177,92,False
470,0.0,0.006285545980354557,0.11819356470877432,0.0,0.7076419824345136,0.0,0.0,0.0,0.08667826278245384,0.0,8,True
471,0.0,0.19529532742388375,0.047094185547697176,0.12662020779166078,0.0,0.16587583740322287,0.045598637264370884,0.228155848386103,0.016843382777372854,0.0,44,False
472,0.14274753141568264,0.23305917512137228,0.0,0.05595819498617891,0.18480811366278294,0.17918944928708327,0.03641073298614196,0.0,0.0,0.0,43,False
473,0.0,0.2796284819507242,0.16813121280759286,0.0,0.11489437945718127,0.0,0.0,0.12495696670714339,0.10994577717243226,0.034110636326524384,4,False
474,0.0,0.0,0.16190409408651832,0.0,0.1223676304874497,0.021044340488256076,0.14804376529446944,0.0,0.17835323279340287,0.1979090404409979,4,False
475,0.11700512489875325,0.0,0.3080582106212916,0.15330068945900346,0.0,0.032454571984381425,0.08613246677663043,0.0,0.0,0.13754821215498747,7,False
476,0.07957368431043636,0.0,0.1310224155886421,0.05188430464307048,0.0,0.14037603079136263,0.029159261821968274,0.0074454487021458566,0.3793517579079387,0.016400715018868924,475,False
477,0.1444228843643574,0.13651496507279906,0.03376032892059429,0.06343924678869672,0.29396291248282375,0.020730061182010803,0.0,0.0,0.008491074548382238,0.12213541206923598,23,False
478,0.08301507484460424,0.0,0.0,0.10789125330475972,0.0,0.21294365163315296,0.015206596739917418,0.003517219949648425,0.06534850253833174,0.35628508012551235,112,False
479,0.11982613408415355,0.23641088400767413,0.0,0.21051763583402391,0.0,0.0,0.13750875103513135,0.11758629250226392,0.012526799451357375,0.0,21,False
480,0.0,0.22902331547548954,0.19775167533597482,0.0,0.0,0.0,0.00265651184429575,0.0,0.22494360290035811,0.2011292149858915,8,True
481,0.2762617287824298,0.34432310422118045,0.0,0.07560426092508965,0.0,0.0,0.0,0.17178205990701806,0.0,0.0,2,False
482,0.0,0.0,0.3365449058234988,0.0,0.029330826236127507,0.0,0.1799061871690925,0.330725100102595,0.0,0.0,4,True
483,0.031002347159628983,0.2699720830646111,0.0,0.0,0.0,0.0,0.24362516496731915,0.329117383772403,0.0,0.0,112,False
484,0.067626373320847,0.045505846629986225,0.17584901176274817,0.0,0.17313986113665655,0.0,0.0,0.24580449729886672,0.0,0.12247623740961412,8,False
485,0.09840641646095787,0.1390259981174183,0.0,0.0,0.19914079206386648,0.12329279801431409,0.0,0.03015161023386043,0.13055898429352372,0.09280992317960256,26,False
486,0.0421717315967235,0.0,0.16307271734303536,0.471975386312986,0.19590250510318427,0.0026771816344446733,0.0,0.0012377769077138731,0.0,0.0,23,False
487,0.04320302879671078,0.07400556287587992,0.03068894081404802,0.0,0.09195233444825886,0.0,0.08288990850913863,0.5241568835778437,0.0,0.0123440431520985,92,False
488,0.0,0.23071642109694318,0.14360709295554777,0.0,0.0,0.08136438690087648,0.13985771978252276,0.0,0.015408099733959195,0.22410633423170526,24,False
489,0.11130618145048947,0.0,0.1611834540516012,0.09529809674934785,0.0,0.17558399408182992,0.0,0.17834336645618487,0.004026502507321736,0.09439086178316596,43,False
490,0.29458387199866554,0.21096274009105298,0.0,0.0,0.0,0.022791371583722388,0.025298669961212928,0.04915975572017513,0.0,0.24730578709319864,78,False
491,0.0,0.0,0.0,0.015618866794132116,0.0,0.060686819726613155,0.05765484342516866,0.5162200664520745,0.0,0.23134318367149062,8,True
492,0.0,0.4087560288671284,0.1624884241959045,0.026700873690356286,0.0,0.0,0.0,0.09628099453566341,0.16547763132528356,0.0,203,True
493,0.1681346137438536,0.1989530487786868,0.0,0.14694186128722198,0.0,0.2049695150389181,0.03035523829969068,0.05627088904520128,0.0,0.01954516303561161,5,False
494,0.0,0.0,0.1465385644801319,0.0,0.3373450355452881,0.0,0.0,0.0,0.2397354049493088,0.13945997776579025,92,False
495,0.05337155688146212,0.11734477314986863,0.0,0.2524958514737326,0.0,0.0,0.01098574478093771,0.27695263405035103,0.1315885675587467,0.0,7,False
496,0.06491143375980005,0.34276807163833,0.0,0.09259417397509624,0.0,0.0,0.0,0.37706807718656954,0.0,0.0,239,True
497,0.097358577395256,0.0,0.0,0.3197058765925792,0.05520046244172972,0.13958779755566142,0.1495699166581483,0.07245251357392654,0.0,0.0,7,False
498,0.0,0.46329258471222073,0.0,0.15335086875927187,0.0,0.0,0.0,0.05416063410760617,0.0,0.20687702563845037,43,True
499,0.2137564126654054,0.0,0.0,0.09867935556368368,0.0,0.0012271317502877814,0.14435088863300954,0.1478661671040017,0.0,0.2330585614739761,8,False
