ID,strat_res0,strat_res1,strat_res2,strat_res3,strat_res4,strat_res5,strat_res6,strat_res7,strat_res8,strat_res9,alive_at_end
0,0.026494076962371816,0.04848869241651603,0.06724643489007492,0.18751534408807946,0.09272618180949073,0.2127433859991948,0.11838861085155038,0.09907192630020839,0.12408647694279724,0.023238869739716336,True
1,0.1007416586422607,0.11805528116533791,0.166185526854667,0.11888536859261543,0.046304527888564054,0.011390514734350344,0.043388223618435265,0.14889272931526626,0.12532174701947357,0.12083442216902954,True
2,0.04389843093553458,0.16494504688615153,0.1333881416248248,0.11590107343067625,0.12068141824514247,0.0420663223892232,0.15329672801607835,0.1260284863611069,0.04295787855089309,0.05683647356036864,True
3,0.0892840078602216,0.027029896412429675,0.14757366878174863,0.13557704539929577,0.12533269836874364,0.07051047208479691,0.07825096094671588,0.0377645377387647,0.12700211373908868,0.1616745986681943,True
4,0.19088549268140273,0.09050646860998467,0.12419500855677405,0.1679429441817911,0.10351940690280281,0.10876793323675382,0.15602219662324454,0.006881803862077495,0.007011442937850749,0.04426730240731796,True
5,0.04722950935778458,0.13661560082746915,0.054091705120269146,0.11931216412173702,0.0850865309792206,0.04256921787753917,0.033359552158065395,0.19643224004926566,0.20457592448139664,0.08072755502725269,True
6,0.10868320525927101,0.12162935635627793,0.14592453868995459,0.06243272204312214,0.1226254806618124,0.12968686523643974,0.0748957497488839,0.10398610140608411,0.02538964937549682,0.10474633122265731,True
7,0.012106337182043483,0.07238223979133508,0.176865080466846,0.20471185176678477,0.04391214031619086,0.11524269467260663,0.011975957785227842,0.1546678960837737,0.06771471022805411,0.14042109170713757,True
8,0.04609595545772982,0.173440636364388,0.09713278670267081,0.016929031528436153,0.137042303814091,0.06599744789581594,0.060779511013426435,0.09757340702438717,0.16472656808489472,0.14028235211415993,True
9,0.00032933992704455646,0.08313196459541747,0.165028737402003,0.14065025564688272,0.07223155837449409,0.056260823787032385,0.1847879115317062,0.034930103073587224,0.08008938043864115,0.18255992522319123,True
10,0.10664737367513986,0.12174767150743389,0.14235417981715942,0.10781123017259135,0.012250351930098683,0.05530525562531332,0.0638967368318024,0.14986672299765846,0.09108829843326569,0.14903217900953683,True
11,0.030991821516996497,0.008404324503704897,0.1744391595045095,0.020210426074413576,0.10502254165757238,0.18741253367823651,0.11467572652506969,0.09491225481230382,0.10451232035339884,0.15941889137379425,True
12,0.16109435035657813,0.1386325902305335,0.08187095138795873,0.07275034775186368,0.04378566661672198,0.10346206921247411,0.0790730402315551,0.1739819933520915,0.036889973259044785,0.10845901760117839,True
13,0.029006014391620857,0.0651001271631901,0.08397401666485657,0.11207932087694918,0.11447454968853783,0.10629371508752629,0.1485943322304715,0.13274288518089666,0.12859830138401934,0.07913673733193173,True
14,0.14179185695846805,0.12627252167807174,0.04927209589596318,0.1638464585634026,0.08509116938096017,0.10037789654660066,0.12164572586677186,0.10601114996311509,0.08067483837194332,0.02501628677470362,True
15,0.14157527709111628,0.09220619918442141,0.15646578493844077,0.09502783308782081,0.1650121178377654,0.006049717415291214,0.01442368111690432,0.16448644974728155,0.011865101883128911,0.15288783769782938,True
16,0.16321104333955078,0.02715691135303975,0.14720487168520477,0.14411802682545283,0.1585065682755621,0.11322202092029113,0.0028313692808766026,0.04185745567788768,0.15117735184347478,0.05071438079865969,True
17,0.15578027143450032,0.10218261124771462,0.061656214035925035,0.07798782757099651,0.08245353417145039,0.10503510615666042,0.10593012358858726,0.07826224834541874,0.07335760523039708,0.1573544582183495,True
18,0.14151447672458245,0.13799674764821712,0.009634321762345393,0.09929063935945888,0.11529692726342379,0.11591454351279036,0.063469729461692,0.03743644264562163,0.14439561720056204,0.13505055442130642,True
19,0.0329080622860265,0.02109574800625826,0.11539733108564552,0.22062135836760866,0.19147208889001932,0.20749543072722854,0.0035901100619814864,0.0639348602717548,0.13962162523990138,0.003863385063575561,True
20,0.12613395910064562,0.002407019646192331,0.1352282190980536,0.061145269184689335,0.1413175863267974,0.13795666840177837,0.029154400942674463,0.07380129811662038,0.134568139638246,0.15828743954430258,True
21,0.10125726587525319,0.18232569058527615,0.2809938459192487,0.033322198724797324,0.043247447922495234,0.06391112925927837,0.17664132704411636,0.03856309001870069,0.07593225100999823,0.0038057536408356994,True
22,0.054519626472773176,0.07358766151854233,0.19332171191062278,0.20750530730495165,0.007788465342794132,0.2080112675144243,0.06437523453095138,0.16106131589787986,0.010247984507859896,0.01958142499920061,True
23,0.14065529675040855,0.1033777137488917,0.014599376314034443,0.08791800425560736,0.08424035252857777,0.11200636099388676,0.1100379055744693,0.13942383404810155,0.14925716939298864,0.05848398639303405,True
24,0.016838846897071477,0.18514013157847659,0.11908986806595172,0.18494270815818845,0.016745518816698585,0.09032973383927057,0.08438923402631296,0.12520140877517422,0.13235758941756792,0.04496496042528778,True
25,0.1256433897371158,0.13868533665129232,0.018157109708992713,0.006348020694964051,0.13895576834176698,0.11959974986942827,0.057249183296853086,0.14425970462642115,0.13358738995135044,0.11751434712181509,True
26,0.02890294397686751,0.19432529025039338,0.17628681703351154,0.128191190032393,0.01662606508229693,0.009961056296685871,0.16032518320366296,0.0019674656789795634,0.09144670851701968,0.1919672799281894,True
27,0.11179007855229461,0.06722623497914422,0.03202364846037735,0.1713392105140983,0.14543809133205277,0.1842304524940039,0.026120197285155553,0.08887203784303234,0.12988592615383068,0.04307412238601027,True
28,0.12969283067296108,0.1347388087050818,0.07989838466084752,0.059197065766847246,0.03645132712376887,0.09811866688637653,0.01738872728126709,0.10108077815732414,0.11279436147161748,0.23063904927390835,True
29,0.0028488279606226656,0.22161083381139327,0.18886938944357562,0.030087239736977307,0.19323716255099238,0.07192940612035674,0.09888548758412875,0.029903638662013936,0.09941494137615685,0.06321307275378246,True
30,0.16646550340947236,0.1566285834963657,0.13220319609158304,0.02712071394535337,0.13301402006624788,0.011206881585317758,0.07989168727662997,0.07774581534879157,0.13290567679697995,0.08281792198325827,True
31,0.0926531620549761,0.12738552108621645,0.002598153781521019,0.11375081156218915,0.05128675847500058,0.1290566751354781,0.11698265633857091,0.1382283773845904,0.11484291525214868,0.11321496892930873,True
32,0.0412174714660932,0.1460888703020646,0.03397812372432153,0.17200881027037523,0.07036598546207831,0.026017519144077923,0.19831472359455554,0.17752152013154807,0.059229770907624275,0.07525720499726143,True
33,0.028696871015567345,0.1355329316436965,0.1016588333441933,0.03958493181630425,0.14857052160663595,0.05779988271833745,0.1358152680710276,0.14236059150169625,0.11037888776230163,0.09960128052023963,True
34,0.00932336786146474,0.0655767520341211,0.17601454702253433,0.1577530346175468,0.07726527879087601,0.052308848905830346,0.1249386947122701,0.05397453052159582,0.1350490984887764,0.14779584704498444,True
35,0.10089338128914317,0.006769194500957571,0.23442791494606188,0.08164749062881867,0.011997040124227441,0.23551140865396786,0.17563130208486144,0.05894164630326842,0.06338353343630367,0.030797088032389744,True
36,0.04310285006894746,0.024620782763570343,0.19418357958059687,0.09239650707301784,0.04461643594274727,0.1844544722797402,0.20963637909180585,0.15484387314564294,0.006069653950844075,0.04607546610308724,True
37,0.18971421712506298,0.1873350719232613,0.180410821154209,0.048315257830924704,0.014129543867544952,0.04781667635534174,0.21246402292725838,0.026343198314502093,0.07492585659515599,0.018545333906738834,True
38,0.1413642139900987,0.04234473813501127,0.00033497442151104426,0.01779313615063872,0.07521464233507445,0.15614622223868632,0.1361949210675887,0.2242575619748007,0.17313029795399032,0.033219291732599736,True
39,0.08447640349237441,0.1285110469728403,0.01101875526225344,0.035339192577576124,0.10511906153192396,0.06813969706508087,0.15823556024644161,0.11863683710963313,0.15896951742398854,0.1315539283178875,True
40,0.07741450841117828,0.015376262942129449,0.007046406030302361,0.10736364754465731,0.08335597024204641,0.11746459226680579,0.16762985080978499,0.15169467264680064,0.10698063850786092,0.16567345059843402,True
41,0.09208468032387485,0.07812261357191365,0.08768693278079284,0.007619336288377882,0.2111604696592373,0.19290394053814486,0.06644827222831459,0.09973738732743928,0.09314913400438977,0.07108723327751502,True
42,0.15211228791335457,0.10858864976755038,0.0655930559043337,0.04130648218243293,0.14258806178317326,0.11057929185834707,0.009073194600136553,0.08005220133473143,0.14800925376551727,0.14209752089042302,True
43,0.20270541027540148,0.1014036144637617,0.08687730136134073,0.0017722915514431434,0.07444166187960327,0.16273169521204933,0.12737543947930224,0.12660646875336357,0.08393302916544781,0.03215308785828669,True
44,0.1323632690382051,0.08425517584727994,0.0921790865507562,0.08593050668319877,0.11357246792315595,0.11436093792770143,0.016354606807525967,0.13137908589808303,0.14266274903737097,0.0869421142867227,True
45,0.022573912960463356,0.1688216616820899,0.06835219074908538,0.06805148011062855,0.06391601289285326,0.20184053422220152,0.07765001104906102,0.04070747055888471,0.2499296334238416,0.038157092350890674,True
46,0.07365356477828129,0.045881707968114464,0.02492084033556389,0.14919066451791652,0.29085195746703574,0.036338607510608155,0.03889252850629141,0.25237887957795735,0.06543530697632162,0.022455942361909578,True
47,0.13943225524725067,0.15004183175086822,0.01462063504364896,0.04018624302885916,0.1702830640138326,0.08737348097242885,0.14842416512758336,0.1498429009583302,0.04670877197894404,0.053086651878254024,True
48,0.021309688971175203,0.18369888361385261,0.12266444783791824,0.05311631332484835,0.18022233210553096,0.012025003033700861,0.19631712516948296,0.015915103439929898,0.09298071303695471,0.1217503894666062,True
49,0.11427542871498572,0.0020398081077850337,0.10838187324799631,0.15216288226168573,0.16267705204996585,0.15978753876753032,0.07592930686247037,0.04320247233354713,0.05570765670549376,0.12583598094853976,True
50,0.18209120778424914,0.1438673265073629,0.005634139596696103,0.14264080291144424,0.056202552532546884,0.06674949849112913,0.060467942345183025,0.16143755593272743,0.08655540282381351,0.0943535710748478,True
51,0.11681080170077524,0.04267463206004084,0.04986806811806882,0.13041207535483912,0.05841858601052881,0.20125407774771936,0.13077207381229924,0.033084860376655215,0.21590806829856832,0.020796756520505034,True
52,0.07951078619123303,0.15325476317503842,0.13024051697009711,0.02836031922367535,0.12939505099656168,0.2252903523963763,0.10014727854390133,0.06718087368861717,0.08524592355284043,0.0013741352616590161,True
53,0.028387972851015724,0.06247367593198808,0.10164509070778241,0.1526668462961108,0.10462858223570941,0.13733198134683286,0.1566170358053155,0.09328845207274757,0.1248252894048838,0.03813507334761384,True
54,0.1337115931294167,0.018524906815346118,0.06087170917709186,0.21028945288510514,0.03865330639397635,0.04917359516023103,0.11794228963113529,0.18356081390077347,0.07933025464965741,0.10794207825726652,True
55,0.17359239354810838,0.18499905031055364,0.2608665767335174,0.0509155421779877,0.04216027730543614,0.04011787126434837,0.02660361175861704,0.013755480793604478,0.1089803397796437,0.09800885632818315,True
56,0.11841333711382689,0.1373731843768823,0.03250886344519829,0.01720747495431337,0.22870710315871884,0.21717519029795707,0.011179593601587504,0.04705944842611411,0.0974094777192643,0.09296632690613722,True
57,0.08213954603834675,0.020591437009272726,0.12238542708454839,0.08844856255005111,0.10967410826366406,0.11918949965124505,0.10551846443550714,0.14795969321477095,0.1741754969114274,0.029917764841166428,True
58,0.06885768389107438,0.13121331108782663,0.00724037344105089,0.13516098623858755,0.05762145022507615,0.16332218683003252,0.10129446743723207,0.13074644435432822,0.1114399722904472,0.09310312420434425,True
59,0.0031486664435514894,0.07882593712532182,0.1437762996834942,0.122488352750623,0.12168310204978076,0.10954588659782186,0.15297453384282278,0.09970609849869404,0.10366843337456182,0.0641826896333281,True
60,0.07877034380490833,0.005329545663332807,0.13732143469624972,0.0968669909975702,0.1980192537336786,0.033269647240786876,0.10593484777558955,0.14585005036135326,0.016814921450704044,0.18182296427582656,True
61,0.1447381313784343,0.10983178549276373,0.26966765868368237,0.033706247713429,0.17716103084186086,0.01729559504274985,0.06901187734760861,0.05115387105657313,0.10586067199971683,0.02157313044318123,True
62,0.18197536901750067,0.08513880519869826,0.18174405926754,0.022751786605206634,0.13913768872528254,0.07055861412458288,0.1103929002876942,0.15489823761644003,0.021913113004684435,0.03148942615237043,True
63,0.19229451413249812,0.0828543912827019,0.08377353074860629,0.09854414571029624,0.0020563102245096027,0.1755763993372587,0.11427640589153346,0.061581730340891074,0.05791521848885542,0.13112735384284938,True
64,0.008091063874958677,0.11840271768465739,0.080969572026163,0.15837216300598675,0.09400872056686171,0.16105239048454623,0.11617064698031525,0.06673598647375348,0.15907941165862957,0.03711732724412794,True
65,0.025859559139783567,0.06807926614326217,0.11570050198425963,0.18221775526615072,0.19742474732927254,0.1699834121917761,0.07576961597634611,0.11694919966990017,0.015400251213182415,0.03261569108606662,True
66,0.10426719708382347,0.056153152488258515,0.03656123218183846,0.15004847624461623,0.12627465135206872,0.04800299774380902,0.10506940884846093,0.05680883759182243,0.15201209389641512,0.16480195256888705,True
67,0.14916929113088664,0.16720438909435748,0.09334262699902124,0.052087067990702,0.03832829426321241,0.047125404019826185,0.10297855356198984,0.15478416766741984,0.03622535659837384,0.1587548486742105,True
68,0.18204601002158122,0.13433030015533554,0.08474559820455663,0.06910650460547914,0.0926827623375264,0.06614247529584641,0.15501650568146627,0.003442990256627199,0.04451446120637283,0.16797239223520838,True
69,0.05203096031485889,0.11696548218602032,0.08538684828043512,0.11338442647968552,0.08346454347291243,0.020724383556872537,0.22966927527334716,0.05974399127577775,0.04256325499301374,0.1960668341670764,True
70,0.04011923239617781,0.09777298812734744,0.04955717896714187,0.11982405187344469,0.036777463662568795,0.09581534391152066,0.20261104650925718,0.18608965121280865,0.12458829886740659,0.04684474447232634,True
71,0.17093994909629148,0.20808426537886945,0.06971164192358997,0.20722195005785904,0.0944268716027256,0.04462460827905054,0.03378206566313614,0.06771465082825989,0.009443692257656846,0.09405030491256104,True
72,0.1392140587503668,0.14374628351715688,0.05703680533780493,0.13331883814273032,0.058018674704328276,0.1481579733647891,0.05052922761796917,0.04237820382882021,0.06663612611969147,0.1609638086163429,True
73,0.1001979037405958,0.06357860064830916,0.08876370435393582,0.15962625612329134,0.03972359458043859,0.0429759092591983,0.1484155063105761,0.14937354822219417,0.15852879459697136,0.048816182164489394,True
74,0.0060856806171607275,0.09158142895116488,0.03663548730623931,0.09758150331730321,0.014494260830805227,0.1786035846877979,0.255837546302798,0.08838777270256581,0.07563272366027672,0.15516001162388796,True
75,0.025219933469483917,0.09384341709887732,0.06041443237530912,0.05588818103146573,0.14795971424162033,0.01911420226532901,0.17571578640505095,0.1775997533846483,0.12281655413784896,0.12142802559036629,True
76,0.03130233096152572,0.2107875751724491,0.043189206219996557,0.0503650835724345,0.013461285514432491,0.1632567816599553,0.2101877072858947,0.13637464202941219,0.06750883145243936,0.07356655613146004,True
77,0.07074945023774372,0.026633839595096527,0.1637825094656004,0.127105004611472,0.11706167476533348,0.035313729874555264,0.1140856599241965,0.17244705564079224,0.02364078291246826,0.1491802929727415,True
78,0.17646829112328355,0.09013564645099448,0.04661518501811553,0.12203624233408535,0.04089701723809119,0.06232495438133055,0.07069165413177664,0.0994654491646425,0.13667583727944868,0.1546897228782316,True
79,0.16507558504556435,0.21553893580310243,0.010191712504134054,0.11644836281870546,0.10792605973097599,0.021607490412472685,0.09965002710680167,0.05944285627859401,0.12069493506464231,0.08342403523500709,True
80,0.1593633198437056,0.010695290673328823,0.035285934062278285,0.049326741808254186,0.16935628085050675,0.1687459866801772,0.1776600393703691,0.16776019700194167,0.05692339079844306,0.004882818910995383,True
81,0.053981834400537484,0.15544728388618248,0.061156959536436364,0.06705162939342806,0.0630996385742606,0.15020017262431876,0.0775294708229698,0.13506744934941323,0.07734693689491513,0.15911862451753792,True
82,0.14980635407284515,0.11400681414151413,0.12514343821163956,0.01301405753044087,0.08024543753676745,0.09125178728907006,0.12912070478608095,0.12840678734596978,0.07447061612078452,0.09453400296488756,True
83,0.03899413150341013,0.22136174849150164,0.16947981945728083,0.012553434057497372,0.1705958152920682,0.04600970916308183,0.15504969818091371,0.17431955495538323,0.007715859653189699,0.003920229245673645,True
84,0.13212407976034402,0.08849757761522806,0.09236925480063438,0.08708683720274774,0.12865242620444642,0.11141261047927704,0.0577747872555359,0.11612128578928091,0.04743549264482102,0.13852564824768454,True
85,0.1192145132853471,0.0977215790405292,0.08511938574899844,0.08561879619055951,0.056945002641141496,0.14100358883113343,0.1792174874691482,0.012721178810007156,0.1297388186529962,0.0926996493301394,True
86,0.15832119563548114,0.14375032498321869,0.049545804334276286,0.11523333275639194,0.17369324380358342,0.055589577948327064,0.032086654026151656,0.0027262566424924957,0.16103420833726997,0.10801940153280734,True
87,0.021611315731726522,0.10199096482317233,0.1058307353089994,0.07636654666269677,0.1955146204991944,0.02314012626261067,0.06720873593435857,0.1643497651662592,0.02775203349949522,0.21623515611148697,True
88,0.11366768410699563,0.02755058051040845,0.16917290282034056,0.027710870095689132,0.040367718458959354,0.17749819990036086,0.12800679908289836,0.049044124902435406,0.015102262643280859,0.25187885747863137,True
89,0.08119456659223709,0.04661853534399136,0.022614721908076254,0.055752042045199346,0.019895550489641662,0.13805015698893605,0.17639459467949853,0.13351041717269627,0.2031639886835594,0.12280542609616396,True
90,0.1214701901166734,0.005627332274836843,0.08468507046956032,0.12191010396996377,0.08426603534313439,0.038908994837766386,0.10976761365941608,0.20870820366848697,0.06914966946357569,0.15550678619658617,True
91,0.0412803345751308,0.07183694554099447,0.041843948081610696,0.10076260277981793,0.08294313326473579,0.08315482943220548,0.21349155650403903,0.12550006931449256,0.19821464089949334,0.040971939607479906,True
92,0.08247405445121038,0.09889496490783306,0.055708984318318375,0.16467748777891927,0.1230377947325837,0.13878479169400315,0.025631268863801505,0.11612179706592475,0.09137545235922587,0.10329340382818,True
93,0.04674415706763044,0.16097273779716606,0.07074169005407306,0.16621458184778823,0.1488332291882232,0.07445972430261362,0.13315512306975968,0.09617659112964572,0.037748267953223814,0.06495389758987612,True
94,0.086184314026016,0.1492199735057133,0.10254453758571949,0.17128289403824032,0.12047142377938826,0.024489778600768335,0.05789836667852257,0.15566361857509156,0.03324268907012884,0.09900240414041148,True
95,0.12166667918066783,0.034296732476506935,0.12725417553086243,0.028933736476313015,0.1224437108569173,0.11823944306152238,0.18738776456539794,0.1478304330173681,0.03019538069229634,0.08175194414214763,True
96,0.042054348645295565,0.009953565841853454,0.19349830111346286,0.14267191457657627,0.1948876754231343,0.014689159876844243,0.1639105182015015,0.08527470758710966,0.04099225238005626,0.11206755635416593,True
97,0.2001594181475732,0.013321119144335989,0.1566056046209197,0.07837237392143385,0.05971257173518765,0.21698339435253242,0.13433000620962424,0.026915782496272248,0.03819624714059219,0.07540348223152862,True
98,0.106088076148712,0.112951006420047,0.10512523796712692,0.11137825608740426,0.1139538270291533,0.07887424770137107,0.1380284341813437,0.06644925081117294,0.057118082710451386,0.11003358094321747,True
99,0.1365898135177906,0.08866958662815035,0.07213653224843358,0.07834978755777063,0.10786099078158233,0.11607963742364888,0.03545050337619661,0.13044826758694134,0.10888484598232012,0.12553003489716555,True
100,0.15099847755574955,0.06430176416711006,0.14455466709027717,0.06059926646454026,0.13372226749844823,0.1681299747423364,0.005469348861013239,0.07969513173321677,0.12354909127397219,0.06898001061333603,True
101,0.10474624995581336,0.09214792001037937,0.1376575212149271,0.15882325384411652,0.07796058887391961,0.11285866296342308,0.14341618271130807,0.027322088791161398,0.006605862737725331,0.13846166889722605,True
102,0.16466595966931122,0.017041170575532904,0.11861815806552801,0.14593241884417182,0.11859434423860613,0.17024108805532934,0.006313218567515274,0.13279682683040045,0.0747220815262415,0.05107473362736333,True
103,0.09815799789052075,0.06259279195396722,0.17649254455379124,0.0806316655846493,0.17718370439370815,0.150548645820637,0.0034115893242876324,0.13856869158935395,0.0007393633724359084,0.11167300551664894,True
104,0.0017295494634231169,0.17845926699456108,0.049557716398965196,0.1296750699142105,0.04311741797978072,0.11333514700369644,0.17160138592774524,0.07050050193892093,0.2284817643566345,0.013542180022062459,True
105,0.16524837177928542,0.08081225694621447,0.13258787097592822,0.11977450931661923,0.027147919149583408,0.11498598109377103,0.07881422929517583,0.08386856414372437,0.07548401214903847,0.12127628515065955,True
106,0.1057661780783487,0.0976796988453236,0.09162456745050748,0.09118020985190625,0.02450446406164743,0.07484555878407144,0.1471742203690368,0.13096695903812425,0.11928667069633626,0.11697147282469787,True
107,0.10999846958389532,0.16797260440848494,0.04035622318755506,0.19325930698254498,0.08285968366621659,0.09352905984406551,0.030646668002599253,0.10168451027969098,0.017023673262156307,0.16266980078279103,True
108,0.1339863254915686,0.1147603996315828,0.03335351577122865,0.132175899648238,0.09602143865516713,0.1277414378905489,0.1193905829205731,0.058464324637499,0.10957572311815658,0.07453035223543732,True
109,0.09936587481726426,0.035413792881529,0.033814778633725694,0.09713131400734892,0.12229589056010517,0.14098218724091574,0.15665036152568923,0.05902201393339622,0.13719123674915756,0.1181325496508682,True
110,0.0691478528591951,0.12476068302549537,0.07265493981479741,0.06654991542526248,0.11130064887132815,0.10720809324755312,0.11294436811648371,0.15621925737156386,0.1016519703351907,0.07756227093313017,True
111,0.030168671994524138,0.04495323012578128,0.1100442717949748,0.13676709289058725,0.11976391263444465,0.0591731539071632,0.16556049797024144,0.011741976332732582,0.15845071544095962,0.16337647690859114,True
112,0.013082315017925516,0.09886067341778533,0.14553272569458317,0.1331140237229683,0.12927743078163234,0.12089684862090606,0.034369089720298354,0.13979356043801572,0.13046814433799722,0.05460518824788816,True
113,0.02100949822646255,0.11184040933038125,0.1310530400834242,0.11182332115441067,0.06962151814552196,0.16856185551514613,0.09844352943285907,0.08739332131540394,0.15424601363721208,0.04600749315917818,True
114,0.20831925397716425,0.12983292132821467,0.025393355161339504,0.1846847267276183,0.08057330219854811,0.01836558949478165,0.17462807830293972,0.014270197998148474,0.12672627525189067,0.03720629955935459,True
115,0.11773796736148082,0.22902563789633118,0.025070530814427647,0.1507682735593366,0.2140187584747929,0.08398034859582364,0.011424303747212502,0.010304633274893478,0.08180344267622047,0.07586610359948084,True
116,0.1320940978564399,0.06396100469080455,0.09042113888451615,0.10629995504989302,0.19330415428764697,0.10970103021948731,0.00027734851997228806,0.1121814431491443,0.023483174852797953,0.16827665248929763,True
117,0.07308252060158316,0.14707719039055261,0.0988111132712054,0.13405909816848322,0.04694501079767736,0.14420030232404654,0.011476062821727475,0.1512995081421959,0.014749947384119217,0.17829924609840905,True
118,0.13771583381219224,0.08596471722082863,0.09494151107803932,0.15029709348575923,0.11392248006769087,0.03069097598555289,0.13379395976783104,0.16259157566085214,0.060493376534502416,0.02958847638675127,True
119,0.0027097942988456923,0.17965587973174485,0.14465290927334207,0.022259725291110092,0.06353288218286109,0.1233105888299207,0.10310982964110323,0.02455638437281224,0.15799733724218787,0.17821466913607234,True
120,0.09169954400359698,0.008552110824259133,0.09861089847743632,0.15162210698346154,0.1544234372550528,0.10604450239701602,0.05359894006336572,0.16600867686210957,0.10900020220110959,0.06043958093259247,True
121,0.08575743683793978,0.18018711548467173,0.014057484766133345,0.057827672475234966,0.07730764436433514,0.15058229991909824,0.14837828077110465,0.10898316130908582,0.10128520098987036,0.07563370308252584,True
122,0.010733849035629192,0.048986874535294975,0.10201530596525032,0.08689518792297998,0.05821137136582874,0.12450718015588297,0.09083234950908287,0.16607790147632748,0.23138081643442282,0.0803591635993007,True
123,0.12260478322410037,0.11504339985024538,0.10875102033444407,0.12435412628296827,0.14504929280352907,0.08346644571472984,0.0067150845228079225,0.11577334599888735,0.1449285998551454,0.03331390141314234,True
124,0.03155765005511558,0.14084111150316805,0.03442639647530427,0.10818511637709662,0.1083285987949271,0.05550532027975433,0.03941548131729196,0.16694329729411927,0.1516145122850622,0.16318251561816058,True
125,0.022449662598751172,0.10877471705794611,0.08984668974367604,0.05931583466843172,0.24837051996874393,0.013697613647795873,0.1140543500142836,0.21460429074751658,0.12003752137801177,0.00884880017484323,True
126,0.16486510772804036,0.09738741413301233,0.07388613456038991,0.11237275417740857,0.04268784051463382,0.19289022975128356,0.11763528152532382,0.12292087643563415,0.00027717291211060423,0.07507718826216278,True
127,0.1736221838220334,0.058182482983029644,0.1699335757716289,0.026931790473532675,0.10621534090405677,0.07688259271316052,0.06504516861719264,0.013465174752279955,0.1664477567862873,0.1432739331767981,True
128,0.17429188886355637,0.18658780066978223,0.15819149107909072,0.06472514314681278,5.6034074117870233e-05,0.18261071198568882,0.06835238973240189,0.0002268943521353592,0.13592728143437188,0.029030364662042236,True
129,0.00951485936708758,0.08274695238400663,0.1563681483695763,0.07420311891236069,0.12294435931181513,0.07007023378319309,0.0936524627272268,0.08806113197735467,0.14760770202120668,0.15483103114617242,True
130,0.03272273550438165,0.19106659328112655,0.19174827807698988,0.03067547673496242,0.049297459546489175,0.17629356853026737,0.05463136771561914,0.0019149577258359605,0.15243470692906896,0.11921485595525898,True
131,0.09446176266309883,0.13490313903519205,0.0903954058110874,0.11564164225348883,0.1904263721829052,0.07322663992768834,0.05795579785452723,0.20745178897721506,0.03377806343902456,0.0017593878557723712,True
132,0.07343046633811269,0.12882889744604303,0.06288489766665736,0.057592283164788344,0.07924558863461441,0.1621831203779598,0.1075394609958411,0.16170436463538718,0.09507523502992982,0.07151568571066629,True
133,0.13744835583560713,0.12323808763532357,0.1439218380773851,0.11309721716015995,0.11946831864255268,0.047507922302916714,0.07760955107239491,0.09405967045086479,0.07116108157577733,0.07248795724701773,True
134,0.13133513156294221,0.1267252649316723,0.022816099850490053,0.021969016665158964,0.010990275888360252,0.08344663598188487,0.0806598286505551,0.2112166717853012,0.14003116411964364,0.17080991056399134,True
135,0.10293594806247151,0.1501885045758461,0.007573359576173647,0.049892249310292604,0.08248858790065414,0.14345698492423364,0.15793178997042404,0.1211284974627211,0.15682828469429408,0.027575793522889303,True
136,0.02457465898165227,0.2234282521166629,0.02387930357860618,0.07463307436080976,0.25356570894592056,0.035665569992613076,0.07276951018472616,0.17759427737412067,0.0055069737674886335,0.10838267069739979,True
137,0.08126479285072791,0.01478394206095856,0.12635307907300442,0.12979910670485867,0.21394552720952714,0.014112760857229237,0.04126730821945819,0.09385019544609995,0.1567583461342722,0.12786494144386368,True
138,0.07972467227735852,0.1270885913434312,0.035252448969342744,0.08789047609987122,0.06275942196548095,0.13781585105985786,0.14428044188631828,0.10962671009405328,0.15357961387865168,0.061981772425634234,True
139,0.14381385379146247,0.026895933462663668,0.09240486847808642,0.012034371876448999,0.03740797687607137,0.22337237746214217,0.17528310460237267,0.05271949030338795,0.2024688691204352,0.03359915402692896,True
140,0.06733971435093808,0.09731328878104437,0.1029020239063047,0.0624948245380438,0.11069313719718286,0.14584375576555267,0.11286447686250166,0.083055905612045,0.14905215136984404,0.06844072161654288,True
141,0.02054180213289337,0.21707041804727045,0.07163695570054956,0.04611399569717411,0.04115319277923457,0.0755815763081454,0.1831157814221804,0.1669413588445933,0.16233596834990918,0.015508950718049638,True
142,0.17469510207588024,0.04716936523360214,0.055614034068999264,0.15455961040283653,0.07036096717116963,0.1595685222989708,0.09532551783793689,0.11741515671946329,0.06798905724129115,0.05730266694984993,True
143,0.19634294391105456,0.02789747375272513,0.1447528669762151,0.12334199789274652,0.13370396986251357,0.008045679234007452,0.12315280764501144,0.015979016401824274,0.1603525371270961,0.0664307071968056,True
144,0.15730054949796607,0.019357393412905616,0.13964250446577597,0.0009386054111733826,0.06263029510921223,0.1344491179254749,0.1383511903100412,0.09327059032108337,0.14955535679134152,0.1045043967550257,True
145,0.05746545116608716,0.145439543129664,0.11786481333016204,0.09693336416110365,0.10486924048804451,0.15170556883917988,0.07392803047222714,0.020001753532535294,0.2289021353505403,0.0028900995304562364,True
146,0.10155277231222296,0.13553114179166223,0.0695668177442773,0.02045782782625347,0.12904378530671948,0.14429025550926036,0.010211769991383002,0.14109531709886158,0.10269693088963407,0.14555338152972572,True
147,0.13891069834828204,0.12825317265011338,0.07920157979981775,0.05565323382531309,0.022045848161013903,0.088548469374454,0.16311505002746784,0.014726109773138877,0.16062559988393812,0.14892023815646085,True
148,0.18978607026014638,0.027562466388796027,0.12578877459189244,0.16726469450478393,0.11625842118908268,0.0784859347426615,0.0516155085326145,0.05961277849302515,0.07779190640083951,0.10583344489615795,True
149,0.0912006726306204,0.13014936115011433,0.03457975867359479,0.14028447293564264,0.1147085775207487,0.11711209666227988,0.14264903349154565,0.026225182344942005,0.05278317242000536,0.1503076721705064,True
150,0.019075355210437843,0.010257366634700633,0.11908266936509855,0.13047305820037078,0.07157925497039845,0.18567599111335054,0.11866489582962331,0.09241425925670521,0.12887300413353733,0.12390414528577741,True
151,0.1340010801426764,0.05531803962995683,0.1398880539237174,0.13570592107437968,0.03494276043781575,0.09976351540337827,0.058865073344974025,0.17606061359595468,0.12610632964890667,0.03934861279824035,True
152,0.19765736848810986,0.0745271302923152,0.20422768613441536,0.230098643718867,0.10270776292371395,0.012919974482656022,0.031936856359546406,0.03041075660376562,0.0425759509222696,0.07293787007434102,True
153,0.09194134887480125,0.03418220259817288,0.03386079777451825,0.20089649284906544,0.10755565055844145,0.18759012221907226,0.013226345500796072,0.04766556447709503,0.11322679330692897,0.16985468184110844,True
154,0.04769425764164019,0.03303284207406374,0.15545401318379432,0.10104019215884061,0.1812463119091714,0.15843919161455183,0.05233156422839947,0.1944768524760964,0.013957993766268485,0.06232678094717355,True
155,0.04719476434192324,0.02627843017578765,0.11176402410404812,0.16085080615622255,0.13809151976335501,0.09095687402491881,0.12025538969743399,0.09785450677566522,0.13877168410058827,0.06798200086005698,True
156,0.15971422908228106,0.11174925748248854,0.029789727221425415,0.08654246982908322,0.11269751658553169,0.15470525731442913,0.11639629915500824,0.16514477366485533,0.015021077873032189,0.04823939179186531,True
157,0.00883425097092043,0.1376795194370745,0.09477655609060201,0.023395370908155584,0.038277506744260524,0.22837791508991,0.14562488145686542,0.19806020093563115,0.10571055247772601,0.01926324588885438,True
158,0.08917767166176271,0.09205693500370443,0.062197935509407845,0.1645670413057268,0.07224416505001141,0.0004372820628895912,0.17744428340259352,0.09839256700868595,0.11560370419183913,0.1278784148033786,True
159,0.08878160639747484,0.07426072692221043,0.028885887817397073,0.16514882762913186,0.19292315991876627,0.13049863979338164,0.17049253946369594,0.047017031208570544,0.04291394701549341,0.05907763383387778,True
160,0.13411322862922623,0.04028154564582493,0.12101943421222103,0.016575916025886008,0.1448360065864835,0.13588678612499602,0.07559708034328677,0.04260267805636449,0.13109850912262003,0.1579888152530911,True
161,0.0892558984266739,0.08466855167245357,0.14427623534136538,0.12942282329640703,0.020700284520796114,0.13357544292662477,0.1302166298662746,0.05423674762763883,0.14599399609575558,0.06765339022601015,True
162,0.18679546336680222,0.09708857955355775,0.1308910424584381,0.07409462098479795,0.10256421492794718,0.18327471885605692,0.057116485554939894,0.06944689508828333,0.06860674745641053,0.030121231752765865,True
163,0.051673151624466576,0.17653814020709852,0.036857192385176235,0.05234442441190789,0.07346314248657519,0.10812299852695978,0.17987184520248586,0.1411417851642696,0.13283238210382656,0.04715493788723382,True
164,0.2173290654353907,0.09479614526921198,0.15825907179008045,0.057909384950834045,0.13339330227588386,0.006321036076277234,0.11105609459099029,0.07209625540283768,0.044027368303490425,0.10481227590500339,True
165,0.14385007376391146,0.048070533244365436,0.0627729778249304,0.1713790914642608,0.04893035933956146,0.13938110152594688,0.10332565612902718,0.12859975598431803,0.02639177238846433,0.12729867833521402,True
166,0.12782174824518777,0.11918659458833672,0.1537460998586506,0.13982740530479368,0.037254559263842024,0.13534450366963297,0.03466803350526173,0.15478964533675377,0.05481800241265722,0.0425434078148836,True
167,0.0428431856428939,0.15526267844643074,0.10424826857339455,0.1835153449604287,0.1092761342608595,0.012467487765119798,0.029568978866950108,0.08993723217085227,0.14822484105603717,0.12465584825703335,True
168,0.09670410401644158,0.1290729240492208,0.06894657696131812,0.08248958961487704,0.1197508418572524,0.05142933208102146,0.1137985589766599,0.03458258525183638,0.13407783956095828,0.169147647630414,True
169,0.036699648376180935,0.15623590433103468,0.1579997747965244,0.04108303221351585,0.11954952762057168,0.12569975987063436,0.08768667566243625,0.14785305336620394,0.10175728464466308,0.025435339118234875,True
170,0.09731851860920829,0.13474718989769305,0.12954217315317001,0.08101371819689049,0.09359091897689273,0.051669969796125204,0.017016140046951494,0.06792628131777323,0.1693193629549767,0.15785572705031878,True
171,0.17743225444709498,0.09773505273977612,0.10919592890197159,0.10579368988416013,0.032284180489846735,0.14520300134952863,0.14131889693362243,0.009104529605674629,0.06643770213283404,0.11549476351549078,True
172,0.08688391375237539,0.1867544971551362,0.026269202519465906,0.1470880208369228,0.021306539476200297,0.15178434567550517,0.1273817416832233,0.06769237138169988,0.12360672009341428,0.06123264742605686,True
173,0.12081066913708623,0.13058726242564317,0.10955805823609328,0.1608059992932989,0.03884098466164052,0.015892887608793288,0.015474575781617166,0.16248388813753278,0.15013907186979022,0.0954066028485045,True
174,0.00799013554718849,0.12455074893788029,0.03520476193877166,0.11695728134452699,0.093694482644542,0.21398077304556248,0.021071666172511043,0.13630652378536773,0.12735515570207445,0.1228884708815749,True
175,0.16756019589225604,0.07781349882922418,0.11017509866402822,0.13905401403933826,0.11114907488737699,0.1177035453649442,0.01943540027868748,0.1242189638938755,0.04995450187511005,0.08293570627515899,True
176,0.04019202025419861,0.1002653670626467,0.05293173598740247,0.1087926695689632,0.10611267514910222,0.07187072809572667,0.15822771292282192,0.12622288739276918,0.13667453759217715,0.0987096659741919,True
177,0.010788756839290153,0.024404897525012428,0.11129435697998438,0.13555230418235395,0.04361943837429385,0.15489040396223375,0.049056143202723876,0.04400639305000559,0.24548499973916973,0.1809023061449324,True
178,0.12429953034418854,0.01098977481694092,0.15832181986375732,0.1933575228150585,0.12300228402447635,0.10194927623229806,0.1345966980731111,0.05462979662740118,0.063501618013808,0.03535167918895982,True
179,0.10910793846111708,0.04052138790682399,0.015017479186686375,0.10947577036695032,0.18670374423695757,0.16228030046587735,0.07570701394725962,0.19827888585063105,0.09737119565844372,0.005536283919253018,True
180,0.18647383252802666,0.16150992912813159,0.182907706455688,0.11877329994346578,0.037197485744053564,0.05209562435434161,0.007089346447227351,0.04658346216813992,0.11526282139644964,0.09210649183447585,True
181,0.09674538287293323,0.13120540726883195,0.21383659659201293,0.18057413859874175,0.012519609564226862,0.06532833877095454,0.062353761629081524,0.07702838073945012,0.124614700938724,0.03579368302504298,True
182,0.17525151907077255,0.05802333726132449,0.03901210989241469,0.08316926464371517,0.21349383607514638,0.09242123833824949,0.03623852812089892,0.1144977210298021,0.17125734920483845,0.016635096362837717,True
183,0.020460620068151376,0.11465679707337162,0.14885907098617532,0.151962113378806,0.09513866701759977,0.02780031463650503,0.15305899769891357,0.15283832985016058,0.017150359592065356,0.11807472969825134,True
184,0.0031579766627720545,0.07371664384857882,0.02170802763044954,0.16820968286301388,0.055681452631609396,0.03459838394674906,0.2274376786381791,0.21763997022086867,0.03293428382601752,0.16491589973176196,True
185,0.0788371267927254,0.020965337717274386,0.2009373275364,0.13962213479250662,0.02373995593366197,0.08320844891765998,0.021563099131770937,0.04597882618170806,0.16881785913099204,0.21632988386530058,True
186,0.0028917210504142993,0.10341005016151024,0.12175319718427721,0.06894247691262942,0.020506247480312614,0.1131766658024876,0.13850555871538195,0.11307255046339677,0.22253405984573757,0.09520747238385235,True
187,0.04394143037938856,0.10322609831452277,0.08756840945471173,0.01188973318066759,0.20326777715087957,0.08160689930609726,0.09831025796282854,0.16091767629188528,0.09164031380883418,0.1176314041501846,True
188,0.12147895488479711,0.07644742663916886,0.07255119758773504,0.009892063474951867,0.055368111864714145,0.13754387528923323,0.11487484472968175,0.008174555082003382,0.2069153357409431,0.19675363470677168,True
189,0.14969091683727367,0.0397786645107404,0.059980504228127424,0.06323644263515377,0.21578554500509942,0.1562288614036399,0.014450196064556836,0.18710956699914277,0.02155435934555706,0.09218494297070877,True
