ID,strat_res0,strat_res1,strat_res2,strat_res3,strat_res4,strat_res5,strat_res6,strat_res7,strat_res8,strat_res9,alive_at_end
0,0.08781939030436979,0.1514680499027114,0.12001928441450327,0.1653348964238106,0.030234834259218912,0.07033517588809178,0.1305857925539066,0.15878019036427066,0.006779349736281752,0.07864303615283515,True
1,0.15289789139176077,0.012647256686608715,0.12279961932710123,0.12941538078019796,0.1249576696790508,0.019681680005246595,0.22838003550843156,0.09297788962534628,0.048871485582672444,0.06737109141358355,True
2,0.14200878286832047,0.17513192703630162,0.07199454239210086,0.10300458914578206,0.0852814434178788,0.018806537347470627,0.10897929832248901,0.006690837947041521,0.10303860835927293,0.18506343316334217,True
3,0.13061464720326063,0.0666023595153776,0.13611516605314203,0.20064731276852585,0.11541585687584813,0.03932749516535338,0.1311022438533819,0.06604080931267482,0.07666819177837156,0.037465917474064095,True
4,0.1702477834164274,0.016596155313627663,0.09941848331664077,0.07201644125784043,0.152634535158109,0.17157888042370523,0.1586638244991227,0.016510605101860157,0.015522539698128323,0.12681075181453833,True
5,0.03397367530848863,0.050830680276012015,0.1579773322535124,0.05192344749584273,0.09897726620100807,0.13854678720262945,0.16635617800247876,0.036895051699980634,0.0955635803058484,0.1689560012541988,True
6,0.14274522004526818,0.06998470459693906,0.00862977532883485,0.11982475068910026,0.138100655548456,0.12480835292831767,0.16819372685907877,0.021567345048670535,0.11235693481383102,0.0937885341415037,True
7,0.28461488060051865,0.07145172403497359,0.01658302443694575,0.10043405750139447,0.052624796200624775,0.1928046292752731,0.09283341366019951,0.0014999939876462508,0.11807578597552323,0.06907769432690085,True
8,0.14980125948040668,0.15822974360707906,0.16063562057247385,0.1310131108966331,0.04394954012205715,0.04205801412613883,0.0231233824367792,0.10643441541899859,0.030451195069888207,0.1543037182695454,True
9,0.053683055328921044,0.22357887312624336,0.0537187533170962,0.07451694405952343,0.21880957581267038,0.02201322411925983,0.09104836416257324,0.0009372940371672208,0.20754215474539298,0.05415176129115245,True
10,0.20485254145198875,0.03691697677947078,0.18233665436999863,0.08368164370763341,0.13707299431167527,0.010241539798394412,0.01828675204668992,0.19358193882055172,0.04603222622319399,0.08699673249040309,True
11,0.06876961579733486,0.1317100845679019,0.1038197241373528,0.13578631468508354,0.11004811118353638,0.08368022067204987,0.13076739592116488,0.1275861462229507,0.008678218187575146,0.09915416862504994,True
12,0.09571094850546207,0.030032366980130235,0.04922048963184008,0.14970703800677798,0.15039727534199612,0.12235483021927947,0.11010018746738796,0.021147022081920538,0.12660811318656462,0.14472172857864093,True
13,0.1505106189157623,0.14044440002954334,0.15177279758330361,0.011002810800092876,0.007581394855463813,0.14572129817623147,0.06964857035910813,0.11325273401800537,0.06028808534463391,0.14977728991785522,True
14,0.04959900351671615,0.10791732621042363,0.1619232642102957,0.09387561032203343,0.17045590336266048,0.00010500571881458013,0.17467490650347153,0.03852619727606052,0.20040887422507944,0.0025139086544446573,True
15,0.09693310761281528,0.08891860742351981,0.0398713049456887,0.04623461822194214,0.10912209874060814,0.15003675864643964,0.11313321429747304,0.1220832188027055,0.11341356048257266,0.12025351082623491,True
16,0.1697840483653758,0.151834490554091,0.054532184657941705,0.04350790107067268,0.12599372449638147,0.007135023994987598,0.16718735822574995,0.1560717613931102,0.02886016663170668,0.09509334060998291,True
17,0.1017096594523495,0.04681448224022843,0.023564164949268995,0.10923622936001208,0.10989876393712986,0.11823902017122517,0.1497226845450451,0.1584657022167091,0.15699476243591262,0.02535453069211915,True
18,0.13807022646851125,0.0646686499394734,0.06781166824640529,0.11040100602779361,0.10130718075323093,0.09743048644681507,0.1015912299270812,0.055877252179072606,0.13837324157244124,0.12446905843917543,True
19,0.02704938474681594,0.009288527184383793,0.12814463751821883,0.09049805003623185,0.18407675502681117,0.04957154250631933,0.12764333565219801,0.17927889610447778,0.16013985775732048,0.04430901346722267,True
20,0.057112725466670296,0.04736234770142196,0.0670827753816855,0.14487706269615822,0.12186908749039885,0.023597151714722972,0.10617987119091551,0.11513347358744934,0.12873189247191413,0.18805361229866316,True
21,0.010724052729706111,0.09594839880029463,0.1734703259149069,0.12899238333977361,0.1420344403315455,0.011355057047394545,0.12735766415621064,0.0067909467190321576,0.1039787733184391,0.19934795764269672,True
22,0.10907501032872356,0.15969864635885175,0.053227700405818465,0.09523087316286823,0.13398456490926672,0.005733108303905487,0.0771855803179233,0.14523785308384515,0.08806872441105339,0.1325579387177438,True
23,0.029618045666144028,0.0017497165987927664,0.20586369486816838,0.03757379688759347,0.17792847015984303,0.14489849675439462,0.11592591377362406,0.03040820770430839,0.12399633949232548,0.1320373180948057,True
24,0.1573927630357805,0.16477801111501283,0.07319607081352496,0.047670272304114754,0.04246572938445265,0.15473878507891142,0.16919195795488567,0.11298032843962161,0.06661137037571549,0.010974711497980209,True
25,0.09795854743880697,0.09113588217612423,0.12802550777881053,0.17617934050289874,0.0360639830797276,0.03307920215488143,0.16433307268760391,0.08015996955675263,0.18035721780707195,0.012707276817322017,True
26,0.006512852018881323,0.10162596937950095,0.12597137498525585,0.18297459356135629,0.13275127983156063,0.14108880455761727,0.049116234141970624,0.09854686899057659,0.15472117401173993,0.006690848521540397,True
27,0.05521837876210577,0.06546296546624195,0.14816843010045921,0.08516203010038893,0.16513005781776915,0.11437000810458,0.07536383280425879,0.05728467267333484,0.09405596114780938,0.13978366302305203,True
28,0.12723369122200962,0.020495856352650846,0.09959047932810852,0.0014747618661846722,0.22008249258258217,0.14868273963382114,0.07891181396267244,0.09551633919282776,0.11744852253113591,0.09056330332800701,True
29,0.1525489635377397,0.09730141382237935,0.14990012048350296,0.059936498593686945,0.12199120258415998,0.10151502535416951,0.11484927806670296,0.10103440055693239,0.09290200038915968,0.008021096611566714,True
30,0.04186538288437298,0.1638575529484485,0.10727656639082486,0.09846615171902368,0.10062079836215818,0.1733711715615557,0.052146973737893565,0.11927889566172663,0.05908495916408698,0.08403154756990895,True
31,0.12479095387175702,0.19622162660118067,0.0056510641406143204,0.11249385510906351,0.009780459005902424,0.05721008099284098,0.23049791915756118,0.16207841158918185,0.08663801781185693,0.014637611720041074,True
32,0.06123612603808518,0.08965688234483282,0.14513658978909216,0.1289609624975043,0.13825417662712217,0.08688766542214502,0.17008925241639836,0.0373819997575848,0.1420215073061219,0.0003748378011134495,True
33,0.012964187032559273,0.0753566459213881,0.12258265477630717,0.14803411968200492,0.009704181076960272,0.10679817270684505,0.1332973293080805,0.15099887859458355,0.08835802344698644,0.15190580745428467,True
34,0.09410275202688231,0.1266962938213553,0.029037327466787735,0.11413192270028179,0.1446600699568845,0.0993920350596343,0.14344295469517687,0.08260201207961528,0.05083572519421532,0.11509890699916644,True
35,0.16940998786845915,0.04343524413277614,0.0665813968536674,0.03897437790780789,0.20887061109541272,0.17962825916458078,0.041623730683098936,0.035618185618112246,0.14223225665588235,0.07362595002020242,True
36,0.03481797166835312,0.12168330605125095,0.07461293837859502,0.055777361920991635,0.12825948998654654,0.0033859662961536648,0.09400495079586504,0.0970379519821707,0.18184750766981464,0.20857255525025867,True
37,0.054971758435511525,0.019068577074872643,0.23794470294934417,0.12729430725715066,0.015464285451984713,0.2126238612301459,0.0312730973807633,0.001654086605457084,0.28981720205256967,0.009888121562200352,True
38,0.15251558845877466,0.041755361572046776,0.1101105175015439,0.111386479044868,0.03286565799529941,0.0991093421708276,0.021423044305670585,0.11241149475735274,0.16089295600215364,0.15752955819146275,True
39,0.1535539030402576,0.09884315691198568,0.1436264745781214,0.15958837207679136,0.14348902278753925,0.004820408870797337,0.07427871841804339,0.062059832646257515,0.09487145726053865,0.06486865340966781,True
40,0.13300333830446748,0.041818151243832424,0.012654050036122222,0.11472199094881576,0.1600448068779181,0.13038252804412087,0.1252607260066301,0.043108828801637925,0.18658014288650115,0.052425436849954,True
41,0.16282770228945767,0.02602446652733647,0.14203280269389637,0.10622521018788368,0.15829521497151136,0.019042569516233183,0.13512444465980078,0.06609115062852787,0.09500818694703815,0.08932825157831437,True
42,0.04797603229816824,0.18222372010568527,0.07327068017795557,0.09297576555052768,0.08893812715949377,0.17427561327149413,0.03625193441218601,0.13854787445518899,0.03331033105476754,0.13222992151453278,True
43,0.15438579309070513,0.016185165028224403,0.006104764533825644,0.1613321669099422,0.11014471239268803,0.17876323857774062,0.13136576651176926,0.06143058525832101,0.14363480678017193,0.036653000916611875,True
44,0.11201529001378131,0.12539812408752568,0.1202732786691328,0.14127821037052615,0.09850303451673435,0.027628975809388164,0.15342568809934323,0.1315748108751037,0.08228390534706309,0.007618682211401588,True
45,0.0007947823026312083,0.21918611214262987,0.1560604756209319,0.02061933774426115,0.041866087411762364,0.05509340606605743,0.1743309623744229,0.10952169598523885,0.09984746861060062,0.12267967174146373,True
46,0.12063868768834961,0.14173244572241636,0.21565628636129586,0.003447603490502058,0.12300974940112364,0.011126391452673433,0.18420597677090347,0.034258768961006436,0.06546698805645351,0.10045710209527549,True
47,0.02330022136185484,0.012945215340673678,0.20194838118481065,0.13980954729335773,0.08168645740075359,0.06267108215446757,0.16875895079630654,0.14287482733216222,0.0836671288378963,0.08233818829771702,True
48,0.13378131758313774,0.000811741846126489,0.11163373810353489,0.1248630729266148,0.1724567164735232,0.21131337802038577,0.06239231115520553,0.06693188315990063,0.010535823806091532,0.10528001692547949,True
49,0.1310747848366438,0.005645275635781343,0.019752099195263217,0.13451458338159822,0.05606520452830399,0.16347536957607484,0.13570110130466684,0.11602189125160497,0.10914309849986954,0.12860659179019318,True
50,0.1530620110679532,0.05144734533429424,0.09299657370538754,0.09875449928451199,0.1450720262567588,0.08326754717870806,0.12464917600557704,0.0800813695863188,0.07620363127549712,0.09446582030499324,True
51,0.17983236253711535,0.026338372070134546,0.04414317668273095,0.1474843116460044,0.17647307709502444,0.15613804435251183,0.1637420061302584,0.07347055959827142,0.015023082746880512,0.017355007141068364,True
52,0.02127219956697797,0.049519143515174655,0.0337291332987909,0.17272592099280226,0.0038766970935133253,0.21145942003269944,0.00916323133678046,0.3331623875296753,0.0590603904450051,0.10603147618858057,True
53,0.11278362341352062,0.08964604352977223,0.07072508813665213,0.10697203999369134,0.07855335615156785,0.1252584861671853,0.06949432424533403,0.13304826652357515,0.09583569662231829,0.117683075216383,True
54,0.08003856782086172,0.058143864805978045,0.1254844092283416,0.057576392116651415,0.17278049817726285,0.15630850768581578,0.018383465237250016,0.1623552406926564,0.028181613725828735,0.14074744050935334,True
55,0.17075269386023256,0.03145051819840007,0.11463120177463863,0.1369365451999382,0.09715752630339457,0.11468774871640038,0.0927106273057384,0.10079708281793354,0.044476024062061914,0.09640003176126154,True
56,0.08094075026553818,0.00929714941742371,0.18663934701459703,0.140481483584544,0.17224161596622467,0.17075037598342044,0.014768076373732326,0.09605539919397828,0.09111233776866894,0.03771346443187247,True
57,0.1589827676067134,0.03139859770130555,0.009899890556082758,0.1719903672001954,0.021582648345875973,0.09291758255712118,0.16673842387528892,0.19468143466456272,0.04866605647004596,0.10314223102280813,True
58,0.06484564021655628,0.06921926056162529,0.18226868008618424,0.18551499422943996,0.11789194425967149,0.05310358164061839,0.1972626550242025,0.12008415022923573,0.007844571265085884,0.0019645224873804396,True
59,0.10250519636117039,0.15403669548798715,0.11413747796485464,0.0844207950185477,0.13740687271420107,0.1359616222839839,0.04219278738329624,0.12256334831887908,0.0498006915899923,0.05697451287708756,True
60,0.0041381770206486805,0.18606299352839803,0.12146832159634113,0.01697359481450085,0.24592823599746066,0.0670063136276797,0.0697216385693041,0.004674966000231721,0.01038682045731505,0.2736389383881201,True
61,0.19514838176703178,0.05357306546123387,0.09111640046856734,0.03818720516344838,0.03713853275232365,0.1560133144128453,0.05732228506497783,0.05497320845297977,0.11636148303441717,0.200166123422175,True
62,0.09068296483425746,0.14492184342664985,0.1458378081373252,0.06858726939716156,0.045241450994921155,0.12877793659509765,0.12044506009477961,0.10375786860641885,0.031047533968289544,0.12070026394509914,True
63,0.1476115037611426,0.019672912647923042,0.07717310291089917,0.14419704338244477,0.10179538628368122,0.141316207015079,0.13108504959036957,0.09755370809057447,0.07097940576367785,0.06861568055420816,True
64,0.08524708018275479,0.11274012817927959,0.1179158078904592,0.025035883855054692,0.07931816905701236,0.1315766974413955,0.14816547302314004,0.07812649424971486,0.11054275438932944,0.11133151173185954,True
65,0.006664051429976619,0.007256367067761504,0.14117663918174825,0.08826143867106409,0.15011420123783373,0.14801709813530037,0.08263871025674947,0.14163303131023863,0.07606891691595812,0.15816954579336914,True
66,0.14342947183254026,0.01763443477136418,0.1364278749533054,0.04967176438730814,0.15102422325886747,0.10888988586661731,0.12983998309627776,0.12399923896548438,0.058976616608461874,0.08010650625977324,True
67,0.11769819633945042,0.09367314141331193,0.10445572906806888,0.13271901531628524,0.13661751485285817,0.07801402302101078,0.09089648108335642,0.12505730322435948,0.009530042472963128,0.11133855320833545,True
68,0.13740220052061008,0.12507499362021982,0.10494740495227846,0.032906475678984616,0.07344853135038366,0.1138991439862965,0.11503601197208775,0.07410438683539772,0.15085321360415924,0.072327637479582,True
69,0.1228121116169692,0.12241500603450545,0.10078482265506315,0.12498972591286783,0.0999879522632358,0.11029624781416346,0.12513772114193247,0.00201712587629976,0.053927808251846926,0.13763147843311607,True
70,0.16636042138335622,0.07861636439459942,0.08149005402306868,0.16710349782203107,0.05888661733371289,0.024773759345083954,0.06015449380926898,0.16678745188274766,0.07662511595292172,0.11920222405320949,True
71,0.07836900396485412,0.07014040552693307,0.15344131957667317,0.12116522564779067,0.15824202737218235,0.07214317299004303,0.03936363790352245,0.10942707582184051,0.049894806508698035,0.14781332468746258,True
72,0.09474959132701201,0.15224868103522668,0.11234995402373042,0.11217841098734034,0.03165284041272375,0.14016271077955386,0.10571860410350442,0.02020629432630433,0.07152903979209765,0.15920387321250654,True
73,0.12332503627054478,0.10178329335331979,0.00803356768575063,0.12918972564163328,0.1776335287208557,0.09278568731267481,0.0374421929758223,0.08642031420931419,0.06617219015777853,0.17721446367230598,True
74,0.10468218295919249,0.1341287074539827,0.10004224928448129,0.14412163888501614,0.13804866400889526,0.008607009067978328,0.03548234331698246,0.14335714483884374,0.0741119916245115,0.11741806856011622,True
75,0.1053101943012425,0.12450820426075455,0.0025825255248715347,0.08642978865245995,0.24652682715385063,0.05798507435195999,0.10674216327732627,0.04732424262486946,0.02844349245510185,0.19414748739756324,True
76,0.11790083620935458,0.15346604398261035,0.11403449502010113,0.11982006125814229,0.14142310444960973,0.03229856323118744,0.16273739427516165,0.11726591837571936,0.03106402399128712,0.009989559206826327,True
77,0.03166157943630322,0.19650969547138897,0.020045871867788827,0.0270061724691462,0.003517924563641198,0.159130513792745,0.1085258944456219,0.13634216249807307,0.17800026844258854,0.13925991701270318,True
78,0.10549540536693335,0.03519172868804018,0.21808617789380014,0.10666408433291667,0.21768863976105154,0.10971649253388875,0.015716380984117463,0.14288858120284653,0.045533131316157036,0.0030193779202484293,True
79,0.19491626369384582,0.07442455732725178,0.17815262008832433,0.06982705650958437,0.03695961400318962,0.19068592829301445,0.013743166057785123,0.09200970202453897,0.027339775115249605,0.12194131688721611,True
80,0.2356068247078186,0.0329112754187073,0.0842839459098929,0.06861007201746656,0.023395761151963967,0.2160382033189727,0.00859069657041384,0.13973113536773077,0.174775744881814,0.01605634065521927,True
81,0.10285200950361172,0.08903900080830168,0.17348961543001587,0.02605376712235265,0.10141335025708673,0.09631850756640503,0.14671238321932561,0.026574116466450675,0.11525830182719465,0.12228894779925538,True
82,0.15536733908830858,0.16739960356165035,0.08827839845718748,0.03608270293865443,0.18318133599724906,0.037951993251301434,0.1704015083109773,0.05053669547687893,0.02348398737475968,0.08731643554303266,True
83,0.036856772775957745,0.0707887793650306,0.10257719440054751,0.10271767870544554,0.03900188841393346,0.11644601160822295,0.23421929720468823,0.07453354520168909,0.08691108059061027,0.13594775173387458,True
84,0.17208473974351246,0.09895119226028849,0.09543638390219196,0.07410926814660244,0.13292282944229974,0.0625286839642521,0.02047007050101726,0.09982182696418032,0.12167767459116377,0.12199733048449134,True
85,0.1249615874250939,0.11559379830568942,0.035483410751631105,0.15837982560264194,0.11468682871623372,0.053686892054176164,0.09126034808381044,0.002046173631748009,0.137008005152636,0.16689313027633926,True
86,0.0022618694472691502,0.03300819637590429,0.17161498336233624,0.04219975463031499,0.16413042610793632,0.2372566685279211,0.1797239666152529,0.040714240504318114,0.11549230640285399,0.013597588025892922,True
87,0.009426413971123251,0.1183705391355697,0.04217652527155879,0.21684211695605748,0.01733458185319397,0.23865117086482254,0.03188549610744947,0.09973157477642786,0.11735328015892284,0.1082283009048741,True
88,0.16905547085909264,0.13733224313281736,0.14210553876629606,0.12539685333566472,0.06422856492501737,0.0062778872386257045,0.09370392687599834,0.1848425411148276,0.02587896679710751,0.05117800695455264,True
89,0.16197871312082648,0.1653377471444464,0.0010379295437839258,0.0882729738876719,0.07367557123730625,0.1544386353252911,0.06255328562602405,0.06814092168284619,0.07374710898408603,0.15081711344771773,True
90,0.01978654216009876,0.18208123924172037,0.047051219674376366,0.18937472194685445,0.06574567195073437,0.20013300492930852,0.1525550482464107,0.04453370449196706,0.09084943553093631,0.00788941182759309,True
91,0.1451242986937635,0.07301437881133348,0.1275788481223166,0.14316623132112208,0.07068724693928877,0.08453671409189117,0.06980626861315337,0.1352188169726107,0.07130372180007437,0.07956347463444587,True
92,0.036497277026213276,0.16588880471849993,0.025740373556623595,0.1313614900691441,0.06867164264450265,0.10253610155077499,0.07563879467420265,0.08791708353674536,0.14242385837064328,0.16332457385265015,True
93,0.1723460570222423,0.11650606640552713,0.18457558749808917,0.0017504370098651283,0.0019734347363130193,0.1489755253119796,0.1834257446059458,0.011387892559638126,0.15618792544660046,0.0228713294037993,True
94,0.15305479300801444,0.06223729456099562,0.1486481775575475,0.05024732712887046,0.04353472663410205,0.04377102940602086,0.019438554564228886,0.16211131182993443,0.09130057451190302,0.22565621079838274,True
95,0.12492603601997102,0.12348110847601378,0.08110155053150724,0.05496767857636924,0.11532464816104251,0.16546168857949564,0.04885510668857861,0.16657310801102537,0.04043562840801716,0.07887344654797925,True
96,0.010205648071657967,0.1329302220796631,0.06385994253449752,0.1687419209241061,0.13583624619215032,0.18429649549868563,0.021517223048872654,0.057336102178858886,0.12948546036668696,0.0957907391048209,True
97,0.014790302198753514,0.15389037720871315,0.12146270467252081,0.0663414777197133,0.006912060794171617,0.049967321573568084,0.2606040989540217,0.012643320946082752,0.2833258716753429,0.030062464257112214,True
98,0.23789849482507172,0.09986524294827877,0.12438405240736886,0.0793008042894256,0.08449700200064364,0.052828353976907286,0.16197620954936165,0.0024578695162138166,0.07311821749882276,0.08367375298790589,True
99,0.1593376705362215,0.028996702971668387,0.0845747783762679,0.1055035376773138,0.008382564830696267,0.13164151282565645,0.14859497739109137,0.15734839391713598,0.058414434897429535,0.11720542657651875,True
100,0.09193931437181349,0.1367574036940348,0.14486104082456688,0.00755243036314666,0.12757511110614372,0.1622962214081096,0.08457361298743639,0.012830063915437987,0.1423338662111511,0.0892809351181593,True
101,0.02207240527581757,0.10527393605503481,0.09572831110020871,0.14534648106442402,0.1291814883405119,0.023763295480176413,0.17063808258632882,0.12474799005667993,0.07123245473878959,0.1120155553020281,True
102,0.09414010702439626,0.19127117083663858,0.023282572623760128,0.047431792949122725,0.10751389722451929,0.1270705411051069,0.09937036122342688,0.17899944499410303,0.11901770698482043,0.011902405034105631,True
103,0.0035808744140879973,0.02410515891581605,0.11961416476910065,0.10578826298147041,0.16085232677310712,0.04335266427513059,0.22965522725416393,0.03872981806041253,0.1543168053369599,0.12000469721975086,True
104,0.15008662336774792,0.15282754740991497,0.06248878461950669,0.07197558536105768,0.0040792722777366055,0.08766231676196501,0.056496284871778484,0.09546439781547854,0.12229589740983968,0.19662329010497442,True
105,0.023742863763979542,0.12244697334171575,0.0013147052897251503,0.04512638778462448,0.06047934211846327,0.11469806493023305,0.1910173490472047,0.1967532404324658,0.07836784038905506,0.16605323290253315,True
106,0.20197809708255227,0.19127896318591803,0.062117107889458095,0.09747673718366996,0.05183058489017001,0.12688661178402574,0.08052370198141007,0.08008048164372814,0.0378936920155046,0.06993402234356312,True
107,0.22858494457101786,0.08341859517789031,0.04854118663342349,0.17837925798181492,0.017462956117159773,0.004318891512976607,0.06135972954528865,0.07037425335862976,0.25649120969070077,0.05106897541109792,True
108,0.04054314409346886,0.04956088021075348,0.030791825770538298,0.15477677636880732,0.1472257556075556,0.036928443267453814,0.06341085506501197,0.1525860603742316,0.16672539020758226,0.157450869034597,True
109,0.10596777718010028,0.11341404387395031,0.17006789027050795,0.00953882491172138,0.07247116125119062,0.14505650137145737,0.04726306454155558,0.18279834323991526,0.05442877013194538,0.0989936232276557,True
110,0.002210063803512052,0.15588080727728904,0.04003756812819708,0.10447377006700449,0.07885679443422589,0.1851182756456179,0.13853902779224597,0.20061042068426369,0.02568428799813268,0.06858898416951138,True
111,0.15447999395633197,0.11348091176831303,0.04566595474359228,0.1675012246758672,0.1439620984268738,0.02217531628259561,0.010087612243257446,0.13011397195962285,0.07927499403759608,0.13325792190594982,True
112,0.02498858753523662,0.22914217474389947,0.0838359202225228,0.04378387877610253,0.2117197892302429,0.06354191610067463,0.1244187464594928,0.05768378754581242,0.09022234306101724,0.07066285632499854,True
113,0.06395489524541446,0.08956230050499614,0.09535454750981885,0.11208930229402068,0.11998070563130299,0.10644250553071674,0.15549511649125514,0.08586560247393812,0.06941945975881293,0.10183556455972394,True
114,0.06543424457738797,0.04997390209612977,0.09194130585195481,0.12789633356931385,0.03226186710568468,0.1267425497170138,0.13695665877632474,0.1310274349211893,0.059871246005205644,0.17789445737979526,True
115,0.15473859031288953,0.1281913322418677,0.08933115098204202,0.05728443186264156,0.14610681605182863,0.0012463326543401807,0.07311787463785378,0.12129116925043584,0.12328960871278176,0.10540269329331912,True
116,0.08636254693987676,0.09287455552705465,0.09639206447083962,0.210223279247429,0.14459705853691507,0.04978437303306849,0.21995252858949277,0.08329488439747183,0.012415839944202521,0.0041028693136490975,True
117,0.17000501910069066,0.146120397723825,0.06633079075189334,0.027294740604743423,0.03793069967132908,0.00040396017564107967,0.08910696877591594,0.17084043431893384,0.09557017896559139,0.19639680991143615,True
118,0.1469647811291723,0.06671123063423931,0.15375651299011653,0.10602772197184776,0.030441009660425813,0.11240486005078253,0.07663455439927044,0.026227431273582284,0.1529702188883824,0.12786167900218054,True
119,0.03153252154669248,0.011452935715006317,0.06756341801404053,0.11948435336462541,0.0629794813703062,0.16814377944429246,0.0960577978792101,0.15277851733795744,0.18962392506220388,0.10038327026566522,True
120,0.04888262700669954,0.03055602160065827,0.11525473996454115,0.18323320492697368,0.1140323962381059,0.052460157038759545,0.02864751401822317,0.08852603963148845,0.15777421186284765,0.18063308771170278,True
121,0.05505110520500338,0.004551163731310229,0.16144875807545594,0.16399724845030353,0.05576656101122618,0.11663031677136869,0.0044245306915341245,0.1569773085369443,0.17468509440557192,0.10646791312128161,True
122,0.06907768821224082,0.12061182458118398,0.20368297630527812,0.02352582817910736,0.07774136203136976,0.15961405642228593,0.0005826485860054955,0.12810230656963303,0.04719004789566245,0.169871261217233,True
123,0.03039934980280986,0.2031080751095396,0.20189862431954753,0.10403447628350058,0.07918297517481607,0.06702820355253447,0.11477573087735114,0.047172753225361845,0.12106403779871162,0.031335773855827274,True
124,0.13096826214020077,0.021031266952536126,0.10917792745355247,0.057044115207153245,0.12198482405209513,0.20299552288127723,0.13301918493296266,0.04271864440111163,0.16810052288546992,0.01295972909364077,True
125,0.12990043428995884,0.19598488376179424,0.0320768451949229,0.08833978774797235,0.038749349099432166,0.22218992676566895,0.02759925323835498,0.04243910858098115,0.010843777833909366,0.21187663348700514,True
126,0.1120048984940081,0.13998211058209925,0.04652757289979414,0.043078558635023474,0.17445092813260737,0.15638164098726956,0.04231330457707222,0.04906933343150989,0.15111913639884772,0.08507251586176809,True
127,0.04620880665617499,0.12682850592498063,0.11510947007639276,0.15802140466424866,0.16522957425242712,0.01896447815971751,0.09248642050703976,0.16674063691440869,0.016780811965703045,0.09362989087890669,True
128,0.13358213861622373,0.026905579821079648,0.14902940828787392,0.07935060371405266,0.129161393002656,0.1607172036910618,0.037019379374199864,0.02801301155771896,0.13744831799261586,0.1187729639425177,True
129,0.17406046669651706,0.061427660625327556,0.13047648967390532,0.03765937651901386,0.17077507725224972,0.05795007204208056,0.15868135745615444,0.18685811111037268,0.018036347545399258,0.004075041078979343,True
130,0.09275587711108288,0.19071393055872535,0.1104508208473652,0.05953705620217417,0.027749746093083262,0.18722392164866483,0.02204398544840062,0.09208338546884237,0.08992158629823388,0.12751969032342755,True
131,0.0608413486832871,0.0929594825318184,0.19694360903492947,0.038111929043351714,0.1402040043500239,0.02260986116496667,0.21101235802754234,0.09064038445853997,0.04964239913345964,0.09703462357208084,True
132,0.013331318157044298,0.031301304421633036,0.11005711210313912,0.1185115153102167,0.011303652135811283,0.1586585723927017,0.12761335564204945,0.17444260377027984,0.09102607363960172,0.16375449242752282,True
133,0.19972656253019413,0.17485324027343999,0.047894581998922624,0.16534174146886654,0.115959847840218,0.07436865540319297,0.07791119174964042,0.07923579884045272,0.060309565129721354,0.0043988147653514055,True
134,0.03900114400938001,0.06731069277786517,0.11108816333563533,0.08138455328307541,0.15690192920106036,0.05481337573964886,0.10852561677696393,0.11427433016576242,0.11135927473326232,0.15534091997734614,True
135,0.04669854839082532,0.07962031811471942,0.061656983172399246,0.08929990097386155,0.18181464829791188,0.05668158389515784,0.07451365881407361,0.06837670318184158,0.14885104740900215,0.19248660775020734,True
136,0.12977957336623822,0.1044916268980284,0.1621174516648356,0.15826717021072548,0.0919713646857001,0.10945534168260312,0.0548493514565257,0.05710743848615751,0.039020522509089606,0.09294015904009637,True
137,0.04142488065736812,0.18145342373125942,0.1278710090423204,0.01543668756427468,0.059170441619566354,0.18883512494430452,0.20608283500929023,0.06747299632108056,0.021406424132819995,0.09084617697771573,True
138,0.023071784288217368,0.06333878463229245,0.13488034263371915,0.046186841520394706,0.0947157726128748,0.11032546290160343,0.1492277541180991,0.15038421795792134,0.06860687788033666,0.15926216145454103,True
139,0.12532502220055378,0.0842118870001474,0.07123915227281316,0.08352747787598389,0.11524644729656638,0.11878640333807042,0.043267742599903146,0.13282679157007768,0.07012425710975659,0.15544481873612756,True
140,0.04998884595915803,0.10433896588899293,0.08552822932075885,0.07412220730098977,0.20216272229076337,0.11813912226968123,0.09264869106041025,0.0018312582633500172,0.06766793780190716,0.20357201984398848,True
141,0.10098041181418486,0.0517490570017763,0.01504113277898521,0.13921337981629905,0.1899455221925943,0.1910379639541668,0.2037592313004411,0.06013511229529781,0.023438559163168147,0.024699629683086467,True
142,0.08275177126090784,0.056324325661458,0.11956410805623469,0.09092933813206795,0.07425859821388163,0.1447236003585116,0.14900179709466216,0.07277322318289974,0.14483343538891336,0.06483980265046295,True
143,0.01932364850617847,0.1785940431470029,0.019829983735503938,0.03771773165821594,0.13454343831838778,0.09742353233244516,0.08216368736867262,0.19637852960241498,0.15527041178710888,0.07875499354406948,True
144,0.06484349318808001,0.14998653389288139,0.0705485008291646,0.13960556589323786,0.09617786096355627,0.13619841562790314,0.08518851914593965,0.08037254507079879,0.11134397374329888,0.06573459164513944,True
145,0.07309908299856767,0.0280713651362356,0.0664880987400234,0.13716504446091324,0.1404956418281738,0.1329801743469225,0.10657208623634551,0.08413058061020189,0.11617129775082716,0.11482662789178912,True
146,0.02656770986309111,0.2059300043187719,0.21149557076944686,0.02639500624645823,0.0628642010855569,0.09196669319091057,0.19438049961156942,0.08134099012326412,0.07554511401419833,0.023514210776732585,True
147,0.16210065139541457,0.04005413106626719,0.13590432035959546,0.1049887956825254,0.11102459253299896,0.11698690394433653,0.05794550360635739,0.15932017819886904,0.08531856977228382,0.02635635344135157,True
148,0.1287415014477534,0.15010044218617324,0.13592881185690242,0.16443515648546983,0.00979663880386594,0.15082790859929504,0.006144056598474893,0.14267204710892153,0.06546840527909885,0.045885031634044955,True
149,0.16207813081990058,0.18214706141024747,0.13755254047431012,0.07101486702019207,0.07041209805685546,0.073001955422609,0.10833158048212611,0.0018024811805112714,0.11148062625141063,0.08217865888183723,True
150,0.17470882532771279,0.011921167604809242,0.1338425733411721,0.0624851914495764,0.10779781558743459,0.07595732592821369,0.13964134586431742,0.16116467078243943,0.026691818312736565,0.10578926580158754,True
151,0.16032760516300448,0.11544137445042472,0.11756209058767413,0.04115207444912802,0.15201390341335635,0.008578610407867709,0.11500761025785709,0.07334384170148357,0.05956807004016663,0.15700481952903741,True
152,0.02555133650232329,0.21167805193962816,0.21134010081719942,0.1206068347130028,0.08653519768403418,0.01369330526393467,0.07859133122932802,0.12267537710148974,0.07652830164014238,0.052800163108917386,True
153,0.15365057087992867,0.048873794605168844,0.09669629288287739,0.15920767030269456,0.045071161344850806,0.017983104649945625,0.11176403665261929,0.03406926426881332,0.1847411748744281,0.1479429295386734,True
154,0.1611360702917381,0.1138532006151022,0.04184782003653936,0.0513167916714999,0.13242138591191796,0.0038200498902151983,0.15077266209787232,0.09463433873420007,0.11461481514487314,0.13558286560604174,True
155,0.08421252739440531,0.08895206150249088,0.15108421674411215,0.11036464539319792,0.11766448161576182,0.03173998217471295,0.1326979374637445,0.07788781539733104,0.18328902536606106,0.02210730694818244,True
156,0.17138036568193907,0.1372442062997883,0.08618982584918392,0.06309966164951532,0.09565102920680578,0.0004712534206702162,0.22863817628915759,0.1582078201424415,0.0002457542676241971,0.05887190719287387,True
157,0.15360530341081036,0.11328158609823318,0.1126271895964558,0.04901036975079728,0.16491817066714176,0.10911748183744069,0.04133907945630769,0.15644735993272482,0.06334148422637503,0.03631197502371338,True
158,0.12362491993287127,0.03803629194216312,0.14824078437951277,0.048725106804230485,0.058723658324804355,0.13140194184381854,0.06008833314793074,0.18449515138487924,0.018806126429558326,0.1878576858102313,True
159,0.05110851246227623,0.030094201828941555,0.05704384888645754,0.07242628504016184,0.17088160997159754,0.09335687246702579,0.20412567367614085,0.13117410747346944,0.08248413902473341,0.10730474916919579,True
160,0.167193076791576,0.1255780209667079,0.10562099831462411,0.03151137957219607,0.1175960229165866,0.04736184582991115,0.052106204127436766,0.04925736933081345,0.14685586943955695,0.15691921271059092,True
161,0.05209571083115433,0.037437302233925565,0.12782960741971197,0.13565426935709063,0.22781900492861704,0.0247449864690747,0.08637816330488103,0.12602912369681943,0.02285745367900374,0.15915437807972152,True
162,0.08425749396323551,0.09669509671831196,0.10580198445620338,0.03396547400567739,0.17592789400048964,0.10403863387376233,0.05437144059712929,0.17444085664789488,0.03766703611662328,0.1328340896206723,True
163,0.006645526281044632,0.1429295158441141,0.12283754403740828,0.14557314446854452,0.12184142263895878,0.10263673961957195,0.09406864213782982,0.12512228073422912,0.05128234836936388,0.08706283586893483,True
164,0.042807089811189615,0.1776760035375671,0.02086663790058961,0.08050073283336412,0.08108487165171496,0.07987918711209888,0.12832746847192775,0.18824154044172162,0.05834416115757003,0.14227230708225622,True
165,0.10247287397251373,0.19002886468847743,0.11633804444041368,0.13638423775816752,0.10295395500181408,0.17106982461759573,0.048479893528847136,0.02815571130624366,0.00612942647834659,0.09798716820758047,True
166,0.0767753423631332,0.037096733587129525,0.12886116086498642,0.22415278570173672,0.06417213692656608,0.07329318764608819,0.037078086651279235,0.14861234863332493,0.15429123663864924,0.05566698098710667,True
167,0.19127116787964768,0.11151482980847108,0.15382458954068987,0.07002494008671334,0.044193513426932514,0.09910991521385656,0.12300064929457676,0.006779854063340578,0.08165510524285263,0.11862543544291905,True
168,0.1381606745462629,0.06560165688912478,0.018631895644607124,0.11790896224795716,0.13856872553588542,0.093689221015845,0.10714190535256372,0.06768005125754192,0.11510223081176772,0.13751467669844436,True
169,0.010934765500365215,0.07417913096410203,0.09145240431309595,0.005494598671713208,0.17666268491966586,0.16509129541428533,0.07313191739550978,0.1736402312537663,0.14725594693666427,0.08215702463083212,True
170,0.1439196583615217,0.11318249897747061,0.10718014476958238,0.13715737406199757,0.0381938532133659,0.0848654128456633,0.03744145611468817,0.03911383863429492,0.12931405070096103,0.16963171232045446,True
171,0.13904726407538692,0.014172220708563416,0.1447401031687858,0.03079709199057869,0.15231571455079904,0.1585762084001574,0.06526045114618896,0.05483882908766387,0.1521129089787835,0.08813920789309253,True
172,0.15833093925693842,0.0964472417166102,0.17930865941991458,0.19371654194561755,0.0583960303630949,0.09253453845588941,0.08278448884353962,0.025272920566608723,0.04746909410892099,0.06573954532286572,True
173,0.07746907097818052,0.11287883175379274,0.09272430099187531,0.08158066130496527,0.12996261344906668,0.16321560389370246,0.10119031209824501,0.040024515788034246,0.16149123398320203,0.03946285575893556,True
174,0.009086480382948984,0.02196796554911081,0.018521102048090505,0.0024149085247740843,0.23381584191040822,0.1246305296752987,0.341919407617511,0.0890334470052432,0.14026520924208535,0.018345108044529237,True
175,0.1608971922799767,0.1027423439493309,0.004002846204423518,0.13445067633310312,0.15030142192872376,0.17107503232235252,0.027443088130637748,0.12088594624583208,0.08697161453973726,0.04122983806588232,True
176,0.1456138155591154,0.21253198389611477,0.09740722087197526,0.08526717992612932,0.10118697851552817,0.04582841852155761,0.11208897756039402,0.12931691159331538,0.01257084578119553,0.05818766777467456,True
177,0.09558859126128512,0.17328080989253988,0.166200715696306,0.0019044568035280183,0.17338048485676275,0.12395560048147691,0.005532476086949683,0.04984794125148281,0.12318603353760234,0.0871228901320666,True
178,0.12199777068180413,0.05314210069816044,0.12349548878529376,0.0580011288593658,0.1408174121539979,0.02145141893330003,0.11273083085886353,0.1302532992063869,0.04488851462673834,0.19322203519608916,True
179,0.10828586811496653,0.09478104451763254,0.03771411917151315,0.04937923217011851,0.02639830986975679,0.07512739695797505,0.09023599997888022,0.16857329306495433,0.1725910689758835,0.17691366717831938,True
180,0.17535644917143023,0.17712894891131623,0.1887587703230051,0.08925437249890827,0.19154392984106453,0.03492262424100691,0.07016200916109741,0.043142290116668196,0.022691918745118632,0.007038686990384484,True
181,0.05647839875675505,0.04678441072650556,0.23781641604124526,0.15706193516647549,0.004452012161876629,0.08190616833797851,0.020460804702969224,0.0542612326064682,0.12978796296936243,0.21099065853036364,True
182,0.035341506962282054,0.1762187671644758,0.16410213203875706,0.09620462104658734,0.11284642884409168,0.013172671973037026,0.1385292299432054,0.1355088316363305,0.004819356818168718,0.12325645357306449,True
183,0.07385893589205594,0.18310562690767326,0.1735128123321553,0.11549454851600746,0.015783352760593145,0.030948221525788838,0.17679562751815084,0.03227472298132782,0.10419273050849254,0.09403342105775503,True
184,0.17756709399374584,0.10356361942622189,0.03425684386046221,0.06704650512108291,0.11013010908522211,0.16497420696502213,0.15754895938672006,0.06364370323608921,0.0007190630693422361,0.1205498958560913,True
185,0.10918215416085886,0.04942680696539844,0.14927540547326743,0.1458286293670745,0.019313601404454726,0.11556056828366099,0.0993726479560441,0.10673412406794332,0.09827031257579051,0.10703574974550709,True
186,0.03478358056383865,0.11331645001372025,0.07094685326675768,0.16327086592561413,0.1455287376911563,0.014685974610108166,0.13274212471598482,0.06090591990053099,0.11019737466226431,0.15362211865002467,True
187,0.18470458504626786,0.04438579292810999,0.2232917340438043,0.0015475778183761885,0.16841278723153547,0.020176415607398756,0.20671214086648035,0.012038529954360793,0.13122368056504452,0.007506755938621713,True
188,0.17874524960598595,0.135491017576696,0.04021464682189267,0.15344193239012674,0.011515155729762003,0.015130048250956915,0.054905670083355736,0.16516543604030273,0.08922576146073453,0.15616508204018661,True
189,0.11908466272663837,0.1553164874739869,0.020480295903261347,0.17816293517980566,0.02987424052424166,0.0014371538145334871,0.2105651002529136,0.1316467086410721,0.14384007179435335,0.009592343689193365,True
