ID,strat_res0,strat_res1,strat_res2,strat_res3,strat_res4,strat_res5,strat_res6,strat_res7,strat_res8,strat_res9,alive_at_end
0,0.0375011042419071,0.16153477529838559,0.13018290174297037,0.2402358930544968,0.06719158839471238,0.007705448293630292,0.07464753547850536,0.16761025363466978,0.041334203121869625,0.0720562967388528,True
1,0.08127790457744426,0.10035869954380514,0.10371148999588761,0.08818018224183358,0.09642666894803685,0.11335065072359386,0.1588726331816167,0.08465308373104247,0.11536522800277767,0.057803459053961836,True
2,0.08052136358663765,0.1245470117739178,0.10806228280988621,0.029783127359921783,0.12391618558933057,0.13556975175940944,0.05112136277343986,0.09007545411552906,0.13268251457119865,0.12372094566072896,True
3,0.08816859975905651,0.11857696865109714,0.09774404791467206,0.12671087111599386,0.08771159098306318,0.11335416940389748,0.11241536159721296,0.15382321118554704,0.08642653498708273,0.015068644402377025,True
4,0.047261689819808134,0.007981941303493044,0.09769586248013251,0.1902009452344328,0.032315854502334276,0.4145417354961432,0.03063725054098971,0.016830424149973343,0.1487238008601395,0.013810495612553484,True
5,0.008382364663977338,0.09829115615495951,0.19935023863250442,0.152651450994459,0.14185846795077436,0.011282008694230402,0.009169695254282404,0.11423163190061472,0.12597218328812734,0.13881080246607044,True
6,0.1295711155950517,0.04796141261537073,0.022833560064454046,0.08492514964259774,0.07912047401305519,0.12048187106239448,0.11833728073799178,0.11324377628131554,0.1747995687958431,0.10872579119192566,True
7,0.006426728876280827,0.05350605951613617,0.1593603778768683,0.0745812089388306,0.12737102408999063,0.1584308925146224,0.12384166978993146,0.038307603330795845,0.07891659550278532,0.1792578395637585,True
8,0.06787876064172868,0.14816765593123019,0.08289922518426421,0.010243310582964571,0.06152240414067,0.17781792412939812,0.09221650352410105,0.18476247058664366,0.028262084484421985,0.1462296607945776,True
9,0.033848029406949656,0.15141129111000987,0.11090957124343069,0.11896491701909745,0.1711576297881186,0.06296665431956208,0.09770602251666614,0.11744524828531425,0.09890427673240984,0.036686359578441324,True
10,0.034830594362874064,0.16227755196154675,0.09133744847803184,0.04126357326724226,0.15834812412212573,0.17034121099119734,0.07776674599842999,0.03469021838458267,0.060289132434105365,0.16885539999986407,True
11,0.11776914696475589,0.060829172465849464,0.13960867630094353,0.032783621563749775,0.1253845881925655,0.15035495208492483,0.10745895962067728,0.08155597214294799,0.11633153666399423,0.06792337399959146,True
12,0.14516773152980875,0.03288100331263799,0.07156776206636209,0.04347825544258436,0.17375735857962601,0.06725325869496028,0.04304812212349404,0.19494214974006843,0.18640834485853344,0.041496013651924596,True
13,0.14317414347790136,0.038166590300660136,0.11920145181618853,0.04896114437874296,0.002373748110703208,0.04505786616201415,0.12233460865515519,0.18059381944061795,0.1828477832889211,0.11728884436909555,True
14,0.11092335389765767,0.05036460136528789,0.06780180412681425,0.09669536849217246,0.15717186253104304,0.06728546443468374,0.1654637249074592,0.12087103789131386,0.10856422378315153,0.054858558570416334,True
15,0.04329777445323326,0.16730382328645022,0.12955160932279292,0.17694341977089875,0.1165972672045597,0.024710547834732203,0.15433080863556065,0.11300325205277731,0.03191770339410814,0.04234379404488707,True
16,0.16071230502384923,0.03626075071137173,0.08363940840717365,0.05470290440548948,0.10307823775555772,0.17060690841008405,0.15517191657123336,0.09057673521687039,0.006531952964139735,0.13871888053423054,True
17,0.15812130127312055,0.10723894994640384,0.12718896246787864,0.04281175132954746,0.04760771837120407,0.21209446652442854,0.11357826560511451,0.1593305686514177,0.017257555974984722,0.014770459855899979,True
18,0.08876291883374017,0.057077847570640404,0.056450651297955526,0.073942833816018,0.20826970301101697,0.09488625747029059,0.18960444383253802,0.06806644782743747,0.10872190041385829,0.054216995926504724,True
19,0.17873297268670038,0.09991503697304323,0.11743919037155828,0.11153781438393119,0.013911678632752871,0.06443920694618112,0.15689871233827013,0.03280910946327718,0.14425757489143998,0.08005870331284558,True
20,0.07004426182350118,0.09390269916107873,0.131035585403707,0.04283337832343447,0.011568063126152989,0.12937131758242135,0.16560024283380814,0.10780757155923767,0.1511988344899708,0.09663804569668781,True
21,0.02762886457484261,0.03766313564083381,0.19696984192327982,0.10262068560717687,0.09490504461670975,0.06747450630515148,0.04244418511393405,0.18267170440864877,0.13581757671609324,0.11180445509332954,True
22,0.14831677407244767,0.07620619084522941,0.13826573340959475,0.1056810889362693,0.1140279369730119,0.11246349069479096,0.07405020961768531,0.029639427431437337,0.14566548027658993,0.05568366774294346,True
23,0.037528033937626666,0.18516698266544854,0.06979998272347894,0.01429425029617861,0.1534154151279915,0.1326863354559296,0.16737761169291937,0.13292554739601295,0.07716406626399064,0.029641774440423294,True
24,0.10964445445403313,0.06403828661421998,0.12639349744488623,0.024510431185001805,0.1127033698121869,0.12926677140817505,0.08976123389871568,0.06898045342484613,0.16334152482026076,0.11135997693767417,True
25,0.0711080842914677,0.08299790808227696,0.03155179181365602,0.04462291800412559,0.1321699486382652,0.08478857592324716,0.037040314721020325,0.1588456849075338,0.2971642925405007,0.05971048107790654,True
26,0.14899111930198342,0.04033278745116581,0.07098424122201323,0.13090157527126878,0.18972977930153223,0.12199348991604898,0.025311042784099135,0.12171832058946302,0.0476733731621116,0.10236427100031373,True
27,0.11378526508760034,0.15650764629192018,0.0037268455448803014,0.10349660995070321,0.20025207618045757,0.006217041511581732,0.08534836734193676,0.09101843143762549,0.04445273558008701,0.19519498107320735,True
28,0.1403342281307639,0.01885123943010087,0.08955438702302865,0.13500034224077312,0.06533870493843125,0.12901425142317904,0.07588974593492699,0.034821203056150565,0.15383396914739816,0.1573619286752473,True
29,0.04380121811210325,0.15467346688131675,0.03353138177736963,0.12554868308947353,0.08333559938219037,0.13970894605709402,0.08537161231633793,0.13523006516171338,0.10177032047729216,0.09702870674510908,True
30,0.16848860269908353,0.15588915172266005,0.1722586630011352,0.0568363947134987,0.046665480626021584,0.03679957375158667,0.06264328812551871,0.1497949657362378,0.027049535293503412,0.12357434433075434,True
31,0.015059998740319819,0.017669749662149254,0.12146589414718095,0.199146785921591,0.1187956604648743,0.14830676940871654,0.011622693997138982,0.02229115498310582,0.23675653325756013,0.10888475941736314,True
32,0.09836972766622142,0.054755187372936914,0.03928267919595005,0.0906297560876505,0.13746812956275284,0.12304971242589467,0.12279742444347229,0.12951180251696126,0.12682425963373697,0.07731132109442297,True
33,0.06588847900502577,0.18398655321641924,0.05736871506947471,0.14750692013793815,0.00813540109753584,0.1645638080430452,0.06166711433953909,0.18665465949330184,0.04421030937667697,0.08001804022104327,True
34,0.042539487081196335,0.05899828992080732,0.06877768142246048,0.14916942209627104,0.21669446626961764,0.0528767484458653,0.11863705715095386,0.14591886170441243,0.015536053802243776,0.1308519321061719,True
35,0.1712202293790739,0.038635595646486186,0.0820442029789426,0.020086336387869264,0.1333712051238952,0.1465382693799904,0.15810867018425104,0.011097379476167684,0.16073430185328522,0.07816380959003855,True
36,0.10934758193673681,0.05895639564384588,0.12537688759859253,0.08880080395985074,0.17884451384174052,0.10807196474117595,0.04070857335989723,0.14505145630541594,0.11898336958083429,0.025858453031909992,True
37,0.05399149079000562,0.008263092677128823,0.05024077853772713,0.05082604958317602,0.044487427232366344,0.21443188684640402,0.16396878943768953,0.14597713661674902,0.11372656627055487,0.1540867820081986,True
38,0.09121047118721382,0.13020732404688223,0.05421799048294692,0.018355165333591505,0.09895581772188514,0.18682258858840028,0.08495774360611638,0.11979885451892963,0.11328325475263457,0.10219078976139964,True
39,0.19775780259224926,0.11364661495197557,0.05261928946164348,0.14462195964983607,0.0784325526101207,0.04004067212793702,0.016234874265885133,0.19413813769349716,0.11276912448410002,0.049738972162755545,True
40,0.020295740236189058,0.004273300534696451,0.186387585968179,0.04575808416888058,0.22182737327050875,0.18292433127067131,0.18867814655349013,0.06950720514118253,0.038004922371029176,0.042343310485172994,True
41,0.1466012648008025,0.14940504019243195,0.1221021196153349,0.012606942719376728,0.061718565202777194,0.1653503073748469,0.024898072311716934,0.1271113687008058,0.15039110232410266,0.039815216757804396,True
42,0.13454466646923255,0.0017095011938140045,0.19651671158217665,0.07211000361730549,0.046031557088647874,0.09227900818768181,0.12665867842903283,0.057952210071818416,0.16739460079100743,0.10480306256928291,True
43,0.1632716944418683,0.1665411733895706,0.15341952049016538,0.017081076188851827,0.11562673575434163,0.038869172530966396,0.04495482922509981,0.16862387378845334,0.09348523526351053,0.03812668892717217,True
44,0.1677092254017687,0.06719176501618951,0.09659186154628813,0.07206465426523416,0.04811543316722252,0.13210538284100087,0.12243795792136175,0.1269612770483152,0.14778394225589744,0.019038500536721698,True
45,0.07873840908243837,0.06637971579042469,0.17469004569243976,0.050877051582426266,0.11557847227814323,0.01806796386449633,0.12011004496407811,0.13356708986702756,0.12311346718617162,0.11887773969235399,True
46,0.13813285661724387,0.16230288755949734,0.20336873110941578,0.03034171865647498,0.03610333582914672,0.10195949950036753,0.18297848972007044,0.01911007557955794,0.10756015704539791,0.0181422483828276,True
47,0.13883805223290466,0.020533817823463085,0.006460286625824802,0.008284465148079364,0.004257272570962025,0.16460307290280418,0.14425544357758074,0.1791506162749139,0.17230021364624143,0.16131675919722582,True
48,0.06692371459673438,0.11236209794044395,0.01939540137252196,0.05451871093312859,0.12817998242279427,0.09600725665241445,0.21208140192944877,0.10747776946187006,0.03160374994523192,0.17144991474541166,True
49,0.1716130579364666,0.01681438479132984,0.09289497775987425,0.08539323138898972,0.23640795414416943,0.21700106825048854,0.021385444659239146,0.0668919781249192,0.05318706473243707,0.038410838212086185,True
50,0.08652840851657335,0.1152897238035838,0.057987218920738284,0.11103625922816121,0.15148102143728764,0.03382870431345622,0.07037043219800056,0.14298931798491551,0.11251568763998263,0.11797322595730077,True
51,0.1454618695506094,0.05023300662086099,0.12523312301554562,0.15010348743865204,0.1308570692749334,0.11818544463696161,0.02445021840873327,0.03218913231503378,0.13193527655760112,0.09135137218106874,True
52,0.012110454083917633,0.04710968203067714,0.13654361674319535,0.06526999239631383,0.22420014914026012,0.106841450443556,0.16540897558301101,0.1350550823155766,0.021047697534289082,0.08641289972920317,True
53,0.10400291271772769,0.0648348351524448,0.03714430919715482,0.15577149364516252,0.16279540197813855,0.13083011596296165,0.0005899035777229429,0.17465546886487782,0.08542452819173102,0.08395103071207811,True
54,0.08497402888852901,0.011773376578029281,0.13037916224976095,0.04143365877078249,0.1373555607641663,0.07578827447228322,0.20994683339466305,0.1762048017262576,0.047847664250456855,0.0842966389050713,True
55,0.10026341598253635,0.16165769711236902,0.14453695899684285,0.130775614666298,0.06646172409414834,0.10489998409072808,0.10568137638737904,0.00432002843036,0.16705793183411155,0.014345268405226683,True
56,0.17727366534122646,0.0916872460346059,0.09813328954371942,0.10440800839820781,0.15489040667728313,0.06877584054458262,0.06020393647402379,0.05885941275948785,0.019312945605601328,0.1664552486212618,True
57,0.06392423474885849,0.020183486376738707,0.11074687922834281,0.20607659507587867,0.023835846481140087,0.2257434333348007,0.028377361993827187,0.11735014424415288,0.029186438393836,0.17457558012242433,True
58,0.14963722114589192,0.08029108534423239,0.021531009489004587,0.10457963852372333,0.0639229603377644,0.05273062975805598,0.2035256132632946,0.18139662950664637,0.047021981874873886,0.09536323075651262,True
59,0.15108998167762247,0.11689454274697243,0.0009427121924994131,0.05800310242153603,0.15396713692411632,0.1472714412020529,0.1734509288653989,0.03625471954841592,0.09194438500441361,0.07018104941697198,True
60,0.14506884052256896,0.14529814343664937,0.1745266258188248,0.11026956193706797,0.11790891964585465,0.07933494501146365,0.05036773508238538,0.03254784386001024,0.14294576620822885,0.0017316184769460413,True
61,0.058537040952178716,0.15698596447367869,0.19414640625239168,0.07571387036769563,0.15509499356148723,0.08739676499327213,0.044179027344164394,0.06167421112140902,0.01227853429379281,0.15399318663992975,True
62,0.03732962227489021,0.00018824957833648076,0.016321797422783158,0.15322368746073525,0.22220313358893515,0.06696144321350966,0.2509541540052165,0.0019490244819651973,0.2455756806826048,0.005293207291023669,True
63,0.10134554537119937,0.039971123171790475,0.16086409437297775,0.1256127136784976,0.10993095313513096,0.06620636809896806,0.16152627301170072,0.14385188161512114,0.020240216537344518,0.07045083100726945,True
64,0.12859954370594903,0.045352699961212516,0.08771021771384192,0.13377608870853655,0.07964525399387849,0.1458536147820521,0.10269257775750472,0.02316329132711381,0.1297015843261346,0.12350512772377616,True
65,0.09567073211719987,0.05563144271727572,0.176490495142946,0.04667226565301678,0.1853817473985215,0.08676578218134441,0.13483836253137652,0.015081851481522586,0.03162726656365762,0.17184005421313892,True
66,0.050546818420835034,0.05526180782875878,0.12638059839158933,0.11057804654216857,0.10892225849848858,0.1598043802227552,0.10352301600660946,0.0821926000228852,0.03405121231965278,0.16873926174625706,True
67,0.0836829036968383,0.008776945751041702,0.16994342202324494,0.009014619831990013,0.019242919497690185,0.15578245796694368,0.11581072836619452,0.15205068119603066,0.14370122302928906,0.14199409864073684,True
68,0.06353759240598057,0.046223569777249646,0.1221235167831982,0.12704581059988365,0.1459483390718225,0.10040504830211587,0.04923975415435046,0.1288807939641749,0.08271665434055064,0.13387892060067352,True
69,0.20389011604747176,0.17437946759040993,0.0515186372928722,0.032806189958572506,0.14699161434516164,0.19272829405461878,0.0954509468073551,0.03211185474212793,0.03572734156084357,0.03439553760056686,True
70,0.15969872969966759,0.05976284216162151,0.14832244552099993,0.1705750020476871,0.07279584240447955,0.09406599694541255,0.10269520626174436,0.0335092576964675,0.0860845929362434,0.07249008432567655,True
71,0.09316392511154682,0.13517467940736377,0.12054083943580535,0.19161332660125197,0.09318914966899117,0.01663797420173817,0.09580340952399286,0.06590067325041006,0.066133221599512,0.12184280119938794,True
72,0.08949257031711683,0.056139007900029576,0.180982911064248,0.1542281913767662,0.01916260710261979,0.1475458875371888,0.14262304481752316,0.06908299936293426,0.01883757841452299,0.12190520210705043,True
73,0.09435385385838915,0.05981494478094234,0.19443394500174366,0.15429279343973384,0.004380205659030436,0.06754149931647481,0.08985322201151799,0.1842603079127372,0.08319364322601516,0.06787558479341543,True
74,0.021008549176758807,0.17530786671175602,0.23318248050472443,0.16341896843819445,0.029095460881028525,0.03677990046976872,0.027193589043133168,0.10307207628583014,0.013955904588175654,0.19698520390062998,True
75,0.01628518710795106,0.14408449405775745,0.12352965032806425,0.09023436183688349,0.13882149235579364,0.09677236389996163,0.07593997444810172,0.09807628996123001,0.1313302428701748,0.08492594313408187,True
76,0.18070393580371205,0.018229857653386642,0.17801776358900653,0.01931988935248591,0.024211457858845927,0.14817274278711615,0.10091914878681091,0.12561512597726016,0.0010867382698092946,0.2037233399215666,True
77,0.14358286846009655,0.06600101101280896,0.0951701808174805,0.021545759347809546,0.16602926841006696,0.015833547105753795,0.18463109778698866,0.17533619211789578,0.08821653001829168,0.043653544922807666,True
78,0.12274444739558957,0.15387787684595716,0.15144858367205238,0.041472871293295556,0.04109688216461249,0.12356883875380473,0.07957961457624123,0.16144340192003098,0.06652809609809508,0.05823938728032085,True
79,0.15359815084423023,0.13672100632934744,0.050025312621631825,0.11036019296507475,0.18375159020163395,0.01913598153735779,0.1029983348698225,0.02496057974530372,0.13353962025071445,0.08490923063488345,True
80,0.1144059169210836,0.0314854761784027,0.0827325186505039,0.15118109188461218,0.11434063444163928,0.11390433869741882,0.15145815281031094,0.020537878329301536,0.17147592907065026,0.04847806301607681,True
81,0.04415785075969273,0.1928965350765657,0.08466154686686587,0.13201872233260825,0.21218281583163662,0.05617348719840587,0.10171179739366265,0.12548442826845768,0.01002300535706943,0.04068981091503511,True
82,0.09058030871862786,0.0023182175229659267,0.12391762619465124,0.0695735566286543,0.09927164488875395,0.12623984703766336,0.1157221129076874,0.11264540095918403,0.1104092134614011,0.14932207168041087,True
83,0.028544998892217753,0.07570088408108472,0.13122869236758777,0.1945261624731471,0.12983053546401854,0.08841954805641199,0.045958406573562136,0.13736173297553558,0.10871162500497815,0.059717414111456125,True
84,0.0023514507417998973,0.16304142302021374,0.10694582415248749,0.027663756644094192,0.14340971880635034,0.04867576280131028,0.11650358284707897,0.031106815307515235,0.1584884009938988,0.20181326468525104,True
85,0.023090690535036106,0.16330866739387623,0.17020998099242568,0.013149894951317886,0.09874955321434048,0.10747073632663556,0.1442223966127474,0.10397017593874502,0.13727353782604662,0.03855436620882903,True
86,0.02342362560046439,0.07438589588884827,0.21430437003617506,0.007622310842901415,0.2077233265858719,0.16056325565244475,0.014962616756876029,0.06427110867118219,0.10688012057250934,0.12586336939272674,True
87,0.11694920957957708,0.19461116592740546,0.19125211527223407,0.016538732758100867,0.034107295613252896,0.11535104220241799,0.009204535093455538,0.05296733930211805,0.08770664808204427,0.18131191616939377,True
88,0.08421769868866069,0.18487992228289762,0.154610459253496,0.17850799456893432,0.06829263512244493,0.07180118097811851,0.008437570673628797,0.08816675820373744,0.04930875989430707,0.11177702033377453,True
89,0.13992272835294053,0.10812224642230776,0.04316959144234682,0.15136094696074875,0.07003218596794153,0.09546789183936609,0.01088901435205075,0.1508146150036158,0.15239070931591525,0.07783007034276668,True
90,0.17097944893134268,0.10437597855078078,0.07894733656039714,0.06875820797382405,0.18904798638969061,0.03965494174264229,0.004735370983001724,0.1403060053934791,0.15269854135801977,0.0504961821168219,True
91,0.0849124315775008,0.17394222329260367,0.07507487407983647,0.005578898218876056,0.07532254808561446,0.10760308210682155,0.16482956806555393,0.16881359813859817,0.0995354925093901,0.04438728392520479,True
92,0.19096916026332217,0.12684365632693523,0.08744540588203945,0.012962776063001384,0.21150408490016603,0.08381364848713176,0.009946328337223703,0.10290563291821131,0.10729191971494118,0.06631738710702789,True
93,0.24526192253445692,0.08245090051566187,0.001222556959886536,0.11616980110967039,0.12860173860821564,0.022327272826268126,0.08622251468208011,0.15925749968815275,0.10751570892998763,0.050970084145620015,True
94,0.07503640730142828,0.03247536871082363,0.1443500136654596,0.005226337926156875,0.1495491483866486,0.1536994384584149,0.0364828205678703,0.14742439084675837,0.1242291443475924,0.1315269297888471,True
95,0.13610163328090782,0.032165116832313774,0.08854563308801645,0.14591785638997962,0.18162084916144505,0.11564277448695713,0.032921218857677084,0.05735265896698551,0.1535021131242138,0.05623014581150367,True
96,0.02632539522351425,0.05218702616977539,0.04510012265766074,0.16638002408822772,0.17593512569348924,0.0658159790966359,0.21384831837093943,0.0678099257676644,0.13073599728880322,0.05586208564328982,True
97,0.1534883355057693,0.15007731722527903,0.014430300733960266,2.403018725127994e-05,0.16920197667279846,0.010919429400570295,0.1364893262790328,0.1536547992305734,0.14165557542464086,0.07005890934012428,True
98,0.08454948397665325,0.16495475504889273,0.038610977618093366,0.024833269270136807,0.047181027613067965,0.18835609439070983,0.20900938571965746,0.050905338107826825,0.017552707781698394,0.17404696047326346,True
99,0.13415653111519812,0.1344011106099042,0.135756250564488,0.10601485763216903,0.13472204024213133,0.07221504631917218,0.026192779144601983,0.11000747835457031,0.0155426516385925,0.13099125437917228,True
100,0.09661162101830686,0.03082049159761071,0.09793503489228461,0.03482070179753535,0.17170290840757313,0.20254096302612726,0.053467440476672366,0.07719134544132676,0.17292569982502465,0.06198379351753828,True
101,0.03599814235202492,0.11810537396169896,0.07292841658276264,0.0961551266835606,0.1658213149344874,0.13549676645388234,0.14589448661907015,0.040398733256601094,0.15714167326445724,0.032059965891454566,True
102,0.02407802941313967,0.11660039415472945,0.07818584019765,0.09740123692087325,0.1040491026391325,0.16633911111553285,0.04721776864574056,0.12121798810646905,0.10514169481978064,0.1397688339869521,True
103,0.07786776747436588,0.06063839444007261,0.208368623434868,0.20675868028581668,0.12441207496821688,0.016867515618094915,0.03901519733615779,0.03966683700909805,0.07977645812376691,0.14662845130954233,True
104,0.17086601095752518,0.17626157361616018,0.027001053335871834,0.11381782666808792,0.07201494852861673,0.1414671527027542,0.07222802577800841,0.050183765138717334,0.10034909367562395,0.07581054959863427,True
105,0.1326122868995141,0.12895876208341508,0.10682796291264071,0.09963141322235027,0.16886162681197858,0.16250667435277688,0.0018159660810301893,0.09283019685334597,0.0030809132336868644,0.10287419754926139,True
106,0.024257962889255923,0.1288999703458308,0.15529095456135017,0.10853972572368215,0.05030695702405624,0.15801894768066937,0.08902084310769305,0.0723167083653823,0.1590271571420757,0.054320773160004165,True
107,0.18876086041385792,0.10915281740816324,0.1420363141833425,0.12647032152581725,0.09642079852685274,0.21612643290114672,0.05115011376918811,0.012078321882954404,0.025978637020885247,0.03182538236779198,True
108,0.20575392087983146,0.0006222367612240366,0.03928486412749127,0.10692180874174047,0.14747103351202256,0.2030974906045171,0.05739597641340546,0.03882092784116428,0.1947053001278495,0.005926440990753792,True
109,0.12369997017975422,0.13458514154984205,0.1317559159795707,0.12568258555668002,0.03619213177432522,0.04575972862727536,0.028188270789705525,0.1274268429780502,0.10947515330174681,0.1372342592630499,True
110,0.09494046312160781,0.012710824314278507,0.08627252612774923,0.2392629856921775,0.006514297125029994,0.10913469608138539,0.12447484591760964,0.11043938066503756,0.21223656299287438,0.004013417962249974,True
111,0.12828730304395952,0.12363114665260148,0.043486924779045116,0.0241876232773723,0.11884889831122537,0.036962411615297314,0.1653199148441184,0.17563546298476443,0.029795378375822603,0.1538449361157937,True
112,0.1360995504331615,0.012164602511245409,0.19095909405081565,0.19424297363085724,0.04595456918473473,0.07022922335695247,0.16943127649527057,0.031622876145937735,0.0517365087487203,0.09755932544230435,True
113,0.11941600472022691,0.005724102217761705,0.01578715867373214,0.07805748756453612,0.08828926022223159,0.09267363388831422,0.20054012946424,0.13317838382598327,0.04369051719261932,0.22264332223035466,True
114,0.12562381965451702,0.14082430794223189,0.12304256705779154,0.016654479775443404,0.11650312684674873,0.1297271792880837,0.044565480995351,0.10681475601182025,0.13964885818526193,0.056595424242750485,True
115,0.11586989549686043,0.08457388916855374,0.15883931074319663,0.12718788035898368,0.06076454257954943,0.12282899481421282,0.03405886092485742,0.05220356330736037,0.12218365470634358,0.12148940790008204,True
116,0.15384698565349136,0.056893449852604853,0.131190303853014,0.07573466751767134,0.06980602299097896,0.04854442180767315,0.0801084195119499,0.12813275832108997,0.13441715913453017,0.12132581135699617,True
117,0.14497047521771944,0.016891335404338098,0.14111240589610027,0.12892186964582922,0.05634515845924179,0.08790433506329859,0.1196276420886386,0.10558850903792764,0.12280274300458245,0.07583552618232385,True
118,0.13456012378109072,0.04895470013773378,0.17422902326125084,0.0014065957404605389,0.15801342523381784,0.07001661692664155,0.1268738776747399,0.17387336358734512,0.03633776146170342,0.07573451219521643,True
119,0.030893985310514648,0.13715503720657177,0.054207716388314155,0.11284520522741648,0.18076777449205025,0.13082073309203368,0.12542829118199897,0.12796778884385032,0.018529761865414156,0.08138370639183568,True
120,0.006894885860043364,0.17144265644378553,0.16890233111219158,0.11589541473358465,0.0071432513465531046,0.10537140429096756,0.07985785474475306,0.1128282575408852,0.03142417915405697,0.20023976477317887,True
121,0.12366479313833824,0.07483571109918248,0.0561160248914703,0.16923868135959022,0.011487508122392964,0.08899745806337576,0.16343818689593395,0.11100029692768965,0.16121027499377164,0.04001106450825492,True
122,0.15381655628849092,0.026254465999137503,0.06214775895972428,0.06697923340722108,0.16935292573446198,0.0787406692945997,0.06500491910330126,0.10942558462149575,0.1621140172879605,0.10616386930360709,True
123,0.14606281928020753,0.02536183566104185,0.035534893453172754,0.0981821691295461,0.12015797036391665,0.1639512906202976,0.13704445051699493,0.039834182686152464,0.09183139446986488,0.14203899381880514,True
124,0.012202900136631063,0.024581567295890283,0.19225324605875724,0.17340795806141782,0.026735746545819335,0.010767786962024059,0.06948495376106542,0.07887705166079155,0.16561265445529416,0.24607613506230902,True
125,0.12535757787883442,0.052627937155539886,0.13793241493946753,0.01991108954896876,0.17921321957927652,0.06428072736729633,0.17821422111651847,0.10332526295518452,0.07608803807285706,0.0630495113860566,True
126,0.08113658492041664,0.1773027144262573,0.12931539361055355,0.1413827607588634,0.12996215819606677,0.02128166991162527,0.06384517492609722,0.03888763242349128,0.1280938971646138,0.08879201366201478,True
127,0.007412516643329158,0.13110906311521198,0.09406571605372822,0.13275396915036367,0.14111503218329607,0.05920490189714685,0.07300411517178546,0.09454805227677408,0.21442004209052903,0.05236659141783549,True
128,0.12690723332215412,0.08208381454305733,0.055432207445149796,0.1359358760906585,0.07416211743818592,0.13452184401034337,0.0632164155087922,0.12377905195073455,0.13275081604245925,0.07121062364846495,True
129,0.10339092587029863,0.09272455376884885,0.035207325466171197,0.026283141244170506,0.1614024455885406,0.07854298178626662,0.03571722205923082,0.13007513307339325,0.23472549142243945,0.10193077972064003,True
130,0.017621298604301946,0.11856423242396161,0.18577046255729804,0.06353759164640144,0.09081289601893985,0.008104934155495496,0.1095185845977025,0.14541517424951347,0.1253724526017454,0.1352823731446404,True
131,0.11941352825550641,0.13396692262595628,0.07697452619252404,0.06731623092485323,0.14726590067077358,0.13900074395724768,0.000705710155641379,0.03068249311038858,0.16040764925791273,0.12426629484919621,True
132,0.051334704695857804,0.0925026031718332,0.036662356029866665,0.08944967354342512,0.14161301190629252,0.09808852730382761,0.10731106704349014,0.14053613389680794,0.13893118707185248,0.10357073533674657,True
133,0.065979689600808,0.08710933850214107,0.12369092851865912,0.10400729130979129,0.014961698451736316,0.04236888377308217,0.11442306769256297,0.12253926527796698,0.16088291937216087,0.16403691750109115,True
134,0.0568238141730491,0.1820027049642891,0.03758008888284087,0.046314680303628314,0.16594224699482354,0.12217378347092216,0.052643641514166215,0.1207323780258442,0.09016844440838769,0.12561821726204894,True
135,0.15861324221619114,0.18061568765304767,0.16842016855669692,0.040549760457187466,0.06328843888405129,0.019116004437188343,0.11746736870716144,0.10356952578416571,0.015153184879515114,0.13320661842479503,True
136,0.06924330823593954,0.19877251860968598,0.139987416727258,0.1565847612971326,0.10398316075725368,0.08994411217513207,0.06890432419891834,0.005642798940113324,0.14591925674903447,0.021018342309531833,True
137,0.03961156672214733,0.11342390170520132,0.06268836454923267,0.0731948169177582,0.16169051238025253,0.12974919388165806,0.11485065785621251,0.11404159768931137,0.05878306536698029,0.13196632293124563,True
138,0.14654121366678802,0.006201840281212914,0.15727387738466184,0.1934548871788167,0.14709671246402925,0.15007354941890044,0.003854011254752372,0.14350387669250242,0.051324879137376565,0.0006751525209594879,True
139,0.10593817553606581,0.15053261973568932,0.10113729159313697,0.0375846975683436,0.18190633175365276,0.17238666633023794,0.19305391073154876,0.02033439625761107,0.03693700829115549,0.00018890220255820243,True
140,0.04755053495062782,0.05242460122149847,0.024170807190506034,0.01389054026079275,0.09725525061323236,0.2473921191844158,0.10286076823239396,0.19656122910777743,0.02104871121642515,0.19684543802233032,True
141,0.22580378460911063,0.12719015633332142,0.01678453636071698,0.08224582034352328,0.07608757259051999,0.055807551673078055,0.1506045190129383,0.0496079986679919,0.07261938158770119,0.14324867882109824,True
142,0.010141665288273151,0.03828966703487742,0.21156339288743523,0.21195514155792167,0.008098901907491874,0.1614884722256288,0.11370721111633844,0.013950279603299783,0.19756462015031476,0.03324064822841889,True
143,0.12032948541563071,0.1765033135657474,0.17732129427609608,0.07390948798099177,0.0260564025407777,0.05280742739947557,0.1271112740874883,0.04143636553723868,0.07692685687316932,0.12759809232338457,True
144,0.006083559867487284,0.09508520881509222,0.029463285976760203,0.08982823360683265,0.1420633525186866,0.044338042097947186,0.18344510249421303,0.10458545207495142,0.18238326400495974,0.12272449854306966,True
145,0.17202655528026428,0.1382004901956328,0.03866375819759323,0.09859880458055685,0.03920164192238598,0.06535633205649127,0.1434008645671519,0.10978599456434607,0.04408366297193506,0.15068189566364257,True
146,0.010669271360504847,0.03417876593247573,0.07820774816368817,0.1457881175236656,0.11952132111960592,0.1680131359487311,0.16469710040153343,0.07120378374822876,0.07811564750374439,0.12960510829782207,True
147,0.10709467651282863,0.09944136487177017,0.08483236837688903,0.13528041577727998,0.07174125657036143,0.12620919711181075,0.05783423644514575,0.11860981613169448,0.057983632577438,0.1409730356247817,True
148,0.09529909630263435,0.08463330726956289,0.07818151701764721,0.23860789633621873,0.22168642133807473,0.08699232726709831,0.01009629598084424,0.013877819779562544,0.10338337166269086,0.06724194704566619,True
149,0.06401955213164963,0.24362436300075746,0.03340255538066813,0.1596330751176616,0.0122895463836782,0.06735790119355951,0.16340498351842167,0.20748050857093733,0.03817850615250658,0.01060900855016001,True
150,0.014029552821622309,0.10591654403402553,0.13047042728334982,0.1533344173376981,0.04541624796103187,0.08332750660885205,0.2514032330834868,0.00019656495008593238,0.07942654539461234,0.13647896052523525,True
151,0.06575341248390407,0.12338077343576176,0.16327289696074768,0.07567013192516177,0.03726584159328957,0.1811181608494534,0.07690682635075588,0.09881170379277442,0.15623287779704045,0.021587374811110872,True
152,0.19036512824717394,0.11097540359232043,0.181270641655085,0.08606323750787995,0.053496941757453495,0.007361984850712251,0.11946800154672084,0.04013791394951037,0.1486188697466227,0.06224187714652107,True
153,0.16958594145381722,0.030702889457725726,0.028005742946882805,0.12834435085635768,0.03023648539268242,0.07201564231234583,0.15737494702580804,0.13063278428125133,0.110841189591393,0.14226002668173607,True
154,0.20860505671102808,0.0983925163982338,0.05444676366020444,0.1749994638610306,0.12147278201343858,0.04440595047851444,0.04746692701986343,0.05301618771684335,0.022114825039731348,0.17507952710111188,True
155,0.09309280423789301,0.15944650628160245,0.009003804992841553,0.07930569387722992,0.10038910531064928,0.1433089462752874,0.013500417987121111,0.12066356120649248,0.14404338667834832,0.13724577315253456,True
156,0.008831681780267834,0.2159175302322628,0.18842712166223993,0.0651840443403728,0.025819810998595184,0.05900393427739424,0.019784437981366237,0.20480281433756736,0.07436824958175921,0.1378603748081745,True
157,0.07115685291278198,0.04315178633447322,0.1597620606420978,0.06712904747760273,0.14946865956678113,0.16796882063855317,0.01414153008185949,0.1627601663508859,0.048116758455615236,0.11634431753934936,True
158,0.18073628874996078,0.09613543512793259,0.14972679725985652,0.14307367665209356,0.09782441105963385,0.02266327879255701,0.015868485611662306,0.03066155504597356,0.18047852868434341,0.08283154301598644,True
159,0.06157718830065243,0.12893064219146658,0.09919224054387597,0.0775259093215164,0.015453270832438215,0.1376779892378648,0.027748449036164274,0.15028419280523422,0.21793144121206967,0.08367867651871747,True
160,0.06958477615784216,0.05883516844623548,0.13754675186804435,0.11893492469825592,0.08774172260976508,0.08191766206530904,0.10042096081527221,0.1721432924890741,0.15858913734572458,0.014285603504477197,True
161,0.10457824023496218,0.037289393067374894,0.1245429349712824,0.07487762056997475,0.12423748111598613,0.025730102388517157,0.06739674524593063,0.09480288730210072,0.19232928847386874,0.1542153066300024,True
162,0.015575408722070742,0.13661430103001784,0.18544882203349838,0.15641899866403536,0.08736901632047805,0.04669486697690549,0.1820414838129516,0.09280429065854388,0.0040486423280252475,0.09298416945347361,True
163,0.1259584754294504,0.09799576163841575,0.016018550471597764,0.163550640802034,0.10547836843225786,0.0251603879877831,0.003697157441334722,0.043663561391727675,0.23656011815393688,0.18191697825146189,True
164,0.12037351582449526,0.12167002627609282,0.046406044216117937,0.12442998805027308,0.061711671687347994,0.1752279191719056,0.0998536699916369,0.09537912969095447,0.08058776436313815,0.07436027072803772,True
165,0.19387980475489147,0.17703691209271,0.023378284099623017,0.15768928917888986,0.03662487316823874,0.11742326205355778,0.08805580225127456,0.005735539441232071,0.011277682715810032,0.18889855024377245,True
166,0.09781702381147653,0.0901057964345322,0.11454453279838958,0.12175401227922918,0.013921005717480964,0.08028487041834817,0.12761804483914088,0.11940327041747748,0.11489473748830126,0.11965670579562385,True
167,0.13257395367908106,0.045451821830459906,0.04958177825270491,0.12571668565711966,0.14678072793782207,0.02969667977585423,0.14413288751443928,0.09905672594044213,0.07484419706429475,0.15216454234778212,True
168,0.1528027999140175,0.14946137788346855,0.04635919516779598,0.1661710627401486,0.13177593472286472,0.12098410943160975,0.048891541174136376,0.12389646128508519,0.0011792970267305806,0.058478220654142564,True
169,0.04503526031504999,0.14466040082158502,0.14198738115318035,0.10634053967669822,0.06898941792029348,0.11205781015179889,0.09597857338694589,0.0053161365149865265,0.13667894626816052,0.14295553379130116,True
170,0.04303265095200885,0.18230413379469917,0.09107666207926167,0.17458095635727564,0.11056117658781138,0.14821533235877593,0.03576769559013165,0.06372655980475521,0.03957780446102148,0.1111570280142592,True
171,0.019387984099142556,0.004543366526863628,0.1577922439731384,0.15730926239348414,0.07988460318839853,0.18153879495940964,0.018875168228555308,0.1844356177094505,0.06130227031226044,0.1349306886092969,True
172,0.17758112157606035,0.15920726565136348,0.11483181315571034,0.08078195719601924,0.06538917458076313,0.16775029681344716,0.0138948155971975,0.08413109049080007,0.06937652071177121,0.06705594422686749,True
173,0.13510594858853292,0.03975635669583592,0.02802333083082764,0.048773995098888835,0.12950929254143173,0.15051427237488257,0.1483893256480124,0.07675989159832224,0.15730348194890684,0.08586410467435905,True
174,0.1631870408124444,0.06115949961097751,0.03900737050409941,0.055893454660341374,0.1317503814482685,0.1312244729468456,0.07684611896067978,0.10358223472060267,0.12823263574273036,0.10911679059301047,True
175,0.01335130151507571,0.08918188498069249,0.10722302793851164,0.10201179629107812,0.13001483453036422,0.1380594181224464,0.12758364374132752,0.05677780259530441,0.10343540111853776,0.13236088916666178,True
176,0.15644668005799858,0.17889888281841435,0.1530297371577137,0.03201700678728425,0.08433478717408106,0.12114259871652026,0.1840457184738042,0.02375912473796323,0.05495150797284994,0.011373956103370423,True
177,0.10432073433929344,0.1462797404687459,0.081381523175196,0.10944354752859077,0.10881049901001578,0.09062499951846761,0.15915887416039068,0.04845164445488248,0.0956217984202602,0.05590663892415716,True
178,0.006933244204481091,0.14796892683876686,0.037294181558638374,0.17016696575303958,0.08496073079176891,0.18172907078496928,0.07692156622091757,0.1210147742591784,0.11445627241423051,0.05855426717400953,True
179,0.05030374941492235,0.03594442171150708,0.2811535958193917,0.02423503752529823,0.04986212284742071,0.20355329552050214,0.1311976845874226,0.04435722707533835,0.07187861904659924,0.10751424645159745,True
180,0.006367681153615266,0.1963629866866094,0.04797746805174744,0.15380877417220284,0.1496755522398864,0.1606950572928246,0.06162203964073002,0.07646623492801408,0.03516635184907417,0.11185785398529566,True
181,0.1250954595404068,0.08864516772660334,0.13888959264345413,0.06622992729613074,0.13327850547978212,0.044600895311085124,0.05826815060896144,0.034574396560772415,0.22648590398223759,0.08393200085056615,True
182,0.14067029759454788,0.10026264734523149,0.005911052434053121,0.1683743739979952,0.18752729185564454,0.009883421851099488,0.05460377425810927,0.03506632100471318,0.1576787958669748,0.14002202379163112,True
183,0.13854935450650144,0.1152954437045642,0.05288316812167849,0.10628377889509286,0.083982762249251,0.07322276621130853,0.07106635590006859,0.06899832933225264,0.14197876049529864,0.1477392805839838,True
184,0.011326140134510347,0.0006251089554313411,0.20653048673019092,0.10736240415438184,0.04326504509130306,0.07993739120803604,0.03185860760967051,0.21081362284725996,0.13017391442025472,0.17810727884896138,True
185,0.14062903977345567,0.026745007474090792,0.011382685866401688,0.07421787047039155,0.09329903082810848,0.15135834336330187,0.06779066868012223,0.18804252044673664,0.107401023629262,0.13913380946812903,True
186,0.1482176303429976,0.15474730921832341,0.016185427366708742,0.06848279621424916,0.113576313379017,0.07415406658234251,0.14614362218483598,0.19610737324355454,0.07441132348479589,0.00797413798317526,True
187,0.09804436910739742,0.09431991327784263,0.060331760990457124,0.14977258576802316,0.0739370595528142,0.0034777045231990365,0.12376778885890123,0.15884672611745795,0.04140140040078473,0.19610069140312256,True
188,0.08077361037231284,0.2071952541099233,0.15191654992213915,0.22617635905522465,0.014280922695612923,0.015421173860354187,0.05292656185083856,0.08517732119297121,0.10221371924994657,0.06391852769067677,True
189,0.11186197205196087,0.14874734244984092,0.08587738146001525,0.14846274282680075,0.013428667212692714,0.08472327880449433,0.08175375240556644,0.09718379847365755,0.12868506613127634,0.09927599818369492,True
