ID,strat_res0,strat_res1,strat_res2,strat_res3,strat_res4,strat_res5,strat_res6,strat_res7,strat_res8,strat_res9,alive_at_end
0,0.05411760350409346,0.1126201890600602,0.1260710191706187,0.0582552549441662,0.032823160690303,0.18664614804579194,0.14648759040124615,0.009928017391684009,0.11963749039620984,0.15341352639582645,True
1,0.010103844901453479,0.09102422763410255,0.07165975994999008,0.07446298849532099,0.15138491889121325,0.16097326976591994,0.17250603174219456,0.14806156027068376,0.08437240823395269,0.035450990115168626,True
2,0.03253590716188307,0.08063011476994363,0.17719289322356976,0.0038528704192258094,0.19169952837337575,0.08320303643666895,0.19266201035066974,0.10202376331579228,0.030753356929958016,0.10544651901891287,True
3,0.0465268151748713,0.1506705911228282,0.1444533089798643,0.05166136631990587,0.09839467986340222,0.12667835104670058,0.08785643250213504,0.05176287633497918,0.09832999146772728,0.1436655871875861,True
4,0.09491864517183164,0.15475657418853647,0.13270831133601035,0.11851395175077258,0.014388358991330598,0.052565999952629686,0.10470664365246594,0.009224827564982692,0.15343758309037464,0.16477910430106546,True
5,0.011441666811582808,0.07506054510085838,0.06586925769712433,0.15312270871953018,0.012535916875147799,0.21515042178356625,0.10549911597499725,0.15290093880510627,0.09874616260317089,0.10967326562891588,True
6,0.1557877474032528,0.10519418096655143,0.08143548146714258,0.018322924396894112,0.13341933543506704,0.1496184468046405,0.08637695661435257,0.07089882148906076,0.048578208714589316,0.15036789670844905,True
7,0.06616541186000041,0.20015263991832602,0.10739867506027037,0.013836871665477259,0.18606395950317287,0.0350748147393028,0.09217357717895848,0.0019009580378442626,0.12477175877169698,0.1724613332649507,True
8,0.0926330324423071,0.11724987787775838,0.061106921163220605,0.05359411550685977,0.1001503167984209,0.16515234358854103,0.13289550860745158,0.009823532964371494,0.1568955977338502,0.11049875331721895,True
9,0.04219222653709049,0.17460443910078297,0.08968952138431326,0.017244793660127888,0.1608198391328835,0.1171405323153284,0.11836651512259591,0.07227929966352284,0.0515697345907868,0.15609309849256783,True
10,0.14830259915016902,0.019220658774222032,0.06543649549371564,0.15105037578905842,0.15151979700124057,0.10290507673807854,0.05722719252704663,0.10673722337736069,0.0629319569883174,0.13466862416079117,True
11,0.14931464715329498,0.012974484959976764,0.05453837214226695,0.11919860763291225,0.13969903680942908,0.1373842370355797,0.04513585150246849,0.14350355786895108,0.09684417851340746,0.10140702638171306,True
12,0.04153336959755445,0.19944650235785708,0.13055741125378179,0.13159381508052861,0.1959553795015947,0.030432268840849014,0.014683353686979808,0.10380968359856303,0.08752267485173425,0.06446554123055731,True
13,0.1292777457968719,0.15694402494182313,0.037509002807367214,0.15079950362999167,0.033776798843500974,0.07396519117469995,0.17547857194283314,0.14829221450972796,0.024545489830859177,0.06941145652232503,True
14,0.048278332809414626,0.14679670933573646,0.14976442475329846,0.1632696670836732,0.08989251675826597,0.03347402484031642,0.03851853448853113,0.17409593231515982,0.0483278607689809,0.10758199684662295,True
15,0.07473359814772468,0.07569632628898647,0.13977036124106185,0.012122838031735288,0.17482275712215428,0.07407482061284625,0.07932236632062226,0.1485990014987055,0.1758972808152193,0.04496064992094415,True
16,0.14871540236996547,0.1726551774223589,0.01040052140418641,0.19977032400094033,0.1716188967537105,0.03730102000473995,0.06461839406853528,0.06707239681851848,0.07325585199324122,0.05459201516380342,True
17,0.12847893778714783,0.14858675364974325,0.15158510300112413,0.059160942555335425,0.17928364210404682,0.11289760614156509,0.07546503254019675,0.12878799598527246,0.0027155996136197943,0.013038386621948478,True
18,0.11155229278283944,0.004128298160183759,0.06887538878609617,0.054771214708519464,0.19040556436347789,0.0065953451160774106,0.15607661494822303,0.008486957749982852,0.16495376504316897,0.23415455834143098,True
19,0.01361755277699373,0.15959717712555033,0.14998039123377757,0.03563239647200119,0.1207950778190302,0.08076689422166307,0.14154427889756355,0.07454070362273654,0.12964589165306362,0.09387963617762024,True
20,0.10202218236691678,0.06769508843247647,0.13618867791345998,0.09999499227480915,0.06584945566176659,0.08382335177122811,0.2540906838514454,0.05000922203583757,0.12952825664017834,0.010798089051881602,True
21,0.1978910841685061,0.07670688516251965,0.08703198447536696,0.1377869169217221,0.07891078562309181,0.183661114881717,0.11293282953188502,0.08770441505615968,0.03479371834124356,0.002580265837788166,True
22,0.10238171801147142,0.13738940719165202,0.14388158707158946,0.08727040168323076,0.12555978786448008,0.13985587281766093,0.09112676790824227,0.1053971056764324,0.03700156034783083,0.03013579142740979,True
23,0.047066049656083325,0.1267239643290833,0.05854910607481225,0.1183857190038234,0.13324601689446913,0.08659868990772036,0.12797049869895238,0.12226039389950148,0.12348142535220524,0.05571813618334916,True
24,0.03519663064484101,0.16231790629924325,0.06601198680666161,0.13704857280076968,0.20497010132948185,0.026504380632866368,0.03828969972015888,0.01871185653155609,0.16057092759898323,0.15037793763543802,True
25,0.06639742252140506,0.14152611948949748,0.005386036010646367,0.13495476947175197,0.12461504073387876,0.12834979831101198,0.14002527823641375,0.12924238409960698,0.11317670317865458,0.01632644794713311,True
26,0.11637261599614436,0.10836897619417894,0.1346851205423408,0.13418451334452122,0.14629576978977787,0.007059299325686004,0.16522839984750395,0.02184742713461357,0.07514721975963662,0.09081065806559657,True
27,0.08970410452485802,0.15515085601570255,0.145633288569994,0.11309939870274183,0.142301773798924,0.0920170885071595,0.042640904295814644,0.0023181926072748673,0.18005785493677662,0.037076538040754066,True
28,0.0051663483978102945,0.0844449174573918,0.10743650045962377,0.14837565254172305,0.09067649073577023,0.21840408822004767,0.08014208214448285,0.024905429395779582,0.09258965995179032,0.1478588306955803,True
29,0.08242588926906026,0.03386511288485526,0.2010443229749846,0.0373637474989715,0.007402195963903767,0.16983244284458918,0.11630059412899083,0.06717722429776046,0.10093894664620955,0.1836495234906746,True
30,0.02064047921493059,0.14661915942850307,0.10998700822684127,0.2049157715121272,0.01924213019430937,0.17203054843577603,0.04479716234975969,0.1662305472845126,0.0975467439157072,0.017990449437532804,True
31,0.015819113356176296,0.08838804683898965,0.06863911777248259,0.1645944275352507,0.036651019989461305,0.05423930154983157,0.1506143659941662,0.110981830275987,0.17682189382268232,0.13325088286497233,True
32,0.13544987463848263,0.04398717202009285,0.1369089711286701,0.09048129143225866,0.0897745700691343,0.15691000559034568,0.006620119856575142,0.006301496397790486,0.1823339832210291,0.15123251564562104,True
33,0.11436107753076627,0.12655628883511666,0.07378127302101412,0.05107197492700359,0.11901179970922769,0.10995490197518196,0.18781162340699187,0.20906805911693188,0.003995790757266728,0.004387210720499165,True
34,0.0775089527207993,0.18879393609942266,0.16397718612229864,0.06286275500215355,0.14931150006331434,0.11248470856191327,0.12930343593338933,0.025234169005180405,0.05675422369481507,0.03376913279671325,True
35,0.15079040091514984,0.1392944125606488,0.14212257812172832,0.07763834097366411,0.12807161287529192,0.05727620059330766,0.042839729411845655,0.11865598040564403,0.041206340930127684,0.102104403212592,True
36,0.1537443241392785,0.01388316164585351,0.0707135990010457,0.07339129205818337,0.12155284268223754,0.12104445912673731,0.13611933571476892,0.16270247520673045,0.10806282725227695,0.038785683172887817,True
37,0.14829118673282526,0.020249370768683796,0.15638080264675858,0.09265768629278852,0.020615371168164195,0.09461410737333882,0.14394667385935714,0.11551410445014242,0.10805614746102186,0.0996745492469195,True
38,0.13194108560453466,0.05532392762366188,0.15835735265772616,0.0063945694495156705,0.032257092353485214,0.12112156850655073,0.1800451563007338,0.0950585925157296,0.09209133968762548,0.12740931530043687,True
39,0.059565699659885014,0.12024192791689416,0.12690849995433753,0.0866450663004259,0.04954795369379092,0.12945093929459375,0.16671231598132796,0.07475404665516383,0.07241012661639434,0.11376342392718652,True
40,0.024892243861781984,0.1583674291257619,0.1655139736752787,0.04471870159508086,0.08511340637939527,0.17653462133412118,0.1253116837806963,0.0315447224259044,0.09272924876877199,0.09527396905320745,True
41,0.15713442710485892,0.14673991361202265,0.08166587202526582,0.07489588688091721,0.08853971807550406,0.005942643647943714,0.02918379145580975,0.15485798246924956,0.08821136347149007,0.172828401256938,True
42,0.021604804643445663,0.13470067051279463,0.15735244255076244,0.05233943464586159,0.06483235523179667,0.1037943302028294,0.14133842575746725,0.09276875807085531,0.13753725105084447,0.09373152733334252,True
43,0.16954769522343152,0.12772112496211901,0.08050371539220813,0.10852936204061438,0.10145905857565106,0.17374481131253117,0.05304747856646623,0.018618886897841514,0.07639629671162712,0.09043157031751001,True
44,0.013367600717774925,0.1403912514239103,0.13958420563890875,0.14736492688153383,0.1997879675197989,0.082211441694963,0.03174507517177112,0.06995415695802741,0.077867301112299,0.0977260728810127,True
45,0.14567239334450674,0.05132605118663856,0.13583390978127857,0.01811424182141787,0.15384032181879423,0.18679396206997156,0.10095594823204793,0.11866456632891882,0.0273532370157078,0.06144536840071788,True
46,0.01872725282436345,0.15180803017298367,0.08362472463845219,0.1372524062734067,0.1570981965884393,0.07977479210632522,0.09553324837865018,0.1184784634594563,0.07755781703885006,0.08014506851907306,True
47,0.12361390975116346,0.07333407399153055,0.14293025290540515,0.15076631987031575,0.2168820834533349,0.09709620698507346,0.0361093797386699,0.03629980398915422,0.06630617510410447,0.05666179421124799,True
48,0.00953480706263101,0.12156545426239627,0.029108505606430822,0.015577179228705851,0.1551464658464743,0.12008141123400272,0.17988964794027631,0.12568609893658253,0.1368328937030816,0.10657753617941855,True
49,0.023039847200943597,0.04214265375948389,0.033390963288880485,0.1611240559802254,0.14783832615070291,0.12068594074230161,0.1717639399360803,0.10228116747734797,0.145035603535726,0.05269750192830779,True
50,0.14569246528198865,0.024626646544466554,0.16845707790589315,0.10592572323507496,0.06783766680540843,0.05613049629404516,0.15113994574822115,0.12151511433082465,0.03730845793781353,0.12136640591626376,True
51,0.08560820189853428,0.15894565915002845,0.06814361341254196,0.13179998816801003,0.16184941915331852,0.022573718520583555,0.08722071676079554,0.15167511518205673,0.07704773269507671,0.05513583505905431,True
52,0.0861669419783677,0.10083798497872595,0.012468134065054709,0.12458407975475022,0.10856084592106553,0.2340397948144445,0.021807712257122847,0.022757869661298717,0.23412704008354604,0.054649596485623696,True
53,0.045721966577054365,0.0472927361470678,0.06882227620661807,0.07105497948067832,0.15450946963599713,0.19084268982382133,0.04336575082037008,0.2115527206534247,0.06080359272736538,0.10603381792760272,True
54,0.0055737914525056794,0.13385270999125093,0.15017472911542515,0.08070736994730296,0.09921502806246846,0.13015561621480545,0.030584741424367106,0.1087582997780776,0.2142760336555407,0.046701680358256135,True
55,0.1507464999778891,0.17103176083322244,0.039616355016853275,0.09909018820961465,0.16571168617481435,0.039985847165473286,0.13335522537963038,0.02691664723611426,0.11600368790500167,0.05754210210138637,True
56,0.059473309295818226,0.08802942938648593,0.02323035614428232,0.019123759287566842,0.05432184699528581,0.14056361642648352,0.14528944584819622,0.22061145072621968,0.18399922608724978,0.06535755980241176,True
57,0.03224192586481971,0.2148556772776505,0.014705883236381573,0.11318922735978403,0.17346437654341093,0.09326970346145953,0.018255812352449958,0.0824181226882745,0.12079912936213456,0.1368001418536347,True
58,0.11003012793595678,0.10814864356859548,0.017508411982134132,0.10274276375819891,0.1365016358636483,0.09332060394156248,0.029684125557426905,0.11641629553188308,0.17536384858313955,0.1102835432774544,True
59,0.12830544223887716,0.07777157583330192,0.08407019192215576,0.12652558783198542,0.11171092671964691,0.09146964904888301,0.09295343403824725,0.09731136545000033,0.08944208632513038,0.10043974059177178,True
60,0.1385772364758311,0.08687491082904081,0.008536082265404423,0.23102167277248492,0.06779400599596729,0.07358927618627627,0.10878794497353735,0.11895725961786423,0.11693940569313158,0.048922205190462,True
61,0.07597513238810957,0.028110718780336514,0.06844600214566757,0.1170037238345704,0.07372880697801662,0.16876759171439337,0.04327704532330322,0.11467707646694307,0.15561821723165925,0.15439568513700042,True
62,0.10187926335339383,0.18713548326428153,0.03261762688544853,0.029541931099648422,0.05957329268838833,0.04103478048897072,0.1357241465015433,0.07480620556912324,0.186534973729408,0.151152296419794,True
63,0.20037224873707812,0.12885362187889343,0.12061243064811848,0.09183505598858051,0.0997347020993315,0.04591849977853292,0.19480167951615232,0.002537623862240292,0.05518341375357531,0.06015072373749719,True
64,0.10036642030320582,0.06350694669971162,0.14858959560944254,0.0007903451209825802,0.14894661440985418,0.16452947371215235,0.0581237275467164,0.10333380926044113,0.1146347319324463,0.09717833540504711,True
65,0.012371980836708879,0.14017770834172,0.12267631023042748,0.1351582234768233,0.07921060034115546,0.01037116735896735,0.13791483027968957,0.05913279687203535,0.15114419821999264,0.15184218404247982,True
66,0.02922435177464602,0.16881118448986948,0.1776820698828073,0.05115378789933044,0.05627577202178459,0.020753501042381904,0.05677079012501334,0.19890777163008722,0.08972671209281281,0.1506940590412668,True
67,0.08350322471700285,0.0007568159146397188,0.18747567209889673,0.08661437967672228,0.010948694077447663,0.18598725886093684,0.096267267833795,0.05958907323783673,0.107307406768497,0.18155020681422518,True
68,0.08210151089292271,0.016165404212474872,0.1730586160063997,0.1038162239552964,0.12985402417902187,0.027598173993251072,0.019451135601023087,0.1362251362537404,0.13382453448812143,0.17790524041774836,True
69,0.003795462208957131,0.2200452397264299,0.08327095944403551,0.21552300508285038,0.04252486273145245,0.0009105073331533599,0.09432072780418915,0.12406465305930352,0.2115807868279623,0.003963795781666398,True
70,0.10887261234118202,0.10875810629385525,0.06561906337492882,0.15059903784036086,0.13871095608681908,0.03733764829316917,0.16732834397392446,0.12010451532205842,0.016505470323986585,0.08616424614971539,True
71,0.11811689341965506,0.056354479691418956,0.0822119431848277,0.10456925288648558,0.16595587975787127,0.18766434498467852,0.07848810767367427,0.026372889646193023,0.15585664467646532,0.024409564078730326,True
72,0.017179004780340155,0.13089324310131775,0.041044447389766286,0.11893551117401659,0.13244860185685026,0.18942494885636826,0.16039678029343374,0.015365353079508473,0.05476096545504585,0.13955114401335275,True
73,0.1309131257520411,0.11069677452778849,0.013715293214679495,0.1857102284683629,0.11659013275229527,0.12313783725733404,0.027606677830075466,0.06537066001132309,0.043773654449679025,0.1824856157364212,True
74,0.049788979259847724,0.07669205074928812,0.02296991713109229,0.045365173754240054,0.1780203779958014,0.1807243656285304,0.09329728054062945,0.13245386869088713,0.1297162508219273,0.09097173542775598,True
75,0.09728865349124771,0.11300686141516193,0.046008347289481055,0.11168616228454628,0.10688479065124665,0.13796110219034494,0.10424571966100399,0.1552960572357547,0.11221376059667834,0.015408545184534527,True
76,0.06970941901630096,0.013436801774960407,0.16981828010629826,0.16402150647484912,0.17072337484883032,0.0272873225831069,0.025401319299130375,0.16131711134973334,0.17705666314902907,0.021228201397761225,True
77,0.1511911975374625,0.12434952548485642,0.0034300388903964994,0.06552945446444391,0.0981162450247734,0.11094655044863808,0.14221929995914168,0.024776902321533057,0.11065820232822907,0.16878258354052536,True
78,0.17633969561147006,0.055919814474280974,0.0411487771629967,0.14672819689716368,0.1314807934564011,0.12915103907443873,0.061856545342786964,0.14835572568792135,0.03553591828466075,0.07348349400787982,True
79,0.02936054862952716,0.07261162887024299,0.123858646655386,0.08490614506672385,0.141739056138215,0.13129096598456358,0.14252676988210075,0.08854551942050008,0.09675778099554762,0.08840293835719285,True
80,0.14559057141170625,0.03087879170375246,0.0013232133951419191,0.14662046561866307,0.0692526830739887,0.09819596644512696,0.11970329039521105,0.12646820528320768,0.1541629819336073,0.10780383073959451,True
81,0.09819268190140897,0.09237255362333072,0.09168994784143193,0.0919798754866144,0.22330850051531217,0.08546774332950811,0.009053215271305858,0.061217909131187756,0.08720664581202814,0.15951092708787198,True
82,0.16285658699427016,0.13677319070394042,0.07022475317635613,0.04010769095658835,0.11854809465950585,0.01824288377747041,0.1450861514014937,0.15055496903103255,0.029969608668675485,0.12763607063066715,True
83,0.17270811543849485,0.03307031400862578,0.18884609782744027,0.009472769086923188,0.16431339507219012,0.055769142178467956,0.1248539182289512,0.06556461068018524,0.051205532668615175,0.13419610481010644,True
84,0.18776067369232116,0.146737231077495,0.08072217547259139,0.018403360823419496,0.029163740191658682,0.21595466185929163,0.04997171967856078,0.0801355665744542,0.0190463632755227,0.1721045073546849,True
85,0.051404026964621166,0.1711585403062053,0.03246568576536372,0.08957917231532449,0.22034676322488345,0.14497187045209847,0.07393656668011112,0.11305260172909457,0.010597443765167662,0.09248732879713,True
86,0.12752514692528535,0.06371185220911797,0.001278885323849561,0.035610043600659974,0.08833986032140763,0.157649458849396,0.025953127965157044,0.1759893512679593,0.18999080252136355,0.13395147101580362,True
87,0.0012113884524634396,0.07954639885648801,0.07683405326536989,0.007235129583458842,0.1548569839408301,0.019237380167875545,0.15050324914523192,0.16039354057508518,0.16067116775271043,0.18951070826048663,True
88,0.017309712998162235,0.13080495685425914,0.16517178610989927,0.15566324807609438,0.07606783988307188,0.159161984526876,0.18294799451527344,0.019420604787372658,0.07491044687797307,0.018541425371018074,True
89,0.1378588121230522,0.025845404751192312,0.012932279285522277,0.1785783277513716,0.1123892490777661,0.06745442267271906,0.18582664239679175,0.1304841976097642,0.11158628884567796,0.037044375486142526,True
90,0.1638000578648669,0.14042217503353482,0.13855035980429323,0.07459349594072615,0.09155080633185175,0.10517094378237304,0.012611679257384992,0.1530796365044042,0.04502157904960602,0.07519926643095887,True
91,0.08546210704635442,0.13842281544709228,0.125424774157872,0.0667640926943172,0.047548245337146224,0.10001614853282606,0.17173137940887728,0.16708880889104635,0.0029636993180606514,0.0945779291664075,True
92,0.16230007519884374,0.004099152948131591,0.11520662609086035,0.0755750533266411,0.03022739768008916,0.07070196796164653,0.1862675004197605,0.11384475501443977,0.176450735255457,0.06532673610413035,True
93,0.060806089545542966,0.15754998916651594,0.11420040296565537,0.11593604736921685,0.01034255694116493,0.11453645114182381,0.06116210608738801,0.2265954690925381,0.06396796017208406,0.07490292751807003,True
94,0.18750392518521092,0.15186122068280575,0.06324218001970328,0.11448602536181954,0.016343632596187457,0.04824220788520802,0.17770930568450344,0.08317509252813016,0.048172729549121836,0.10926368050730945,True
95,0.08830169891265342,0.16302470206796285,0.042658938364830826,0.0856915749038101,0.13202592109313355,0.06360683698924094,0.12006776692296732,0.06871992649593525,0.1080318182546109,0.12787081599485486,True
96,0.11341277253361039,0.1496834168454894,0.14409576547549313,0.17501986292902488,0.04369417684115126,0.012393666722348557,0.048696715776702114,0.12229434252574634,0.17178166543734477,0.018927614913089145,True
97,0.06598629914394494,0.07512517047637958,0.052171374739609866,0.03847543838691104,0.08976092194377061,0.12941386404140612,0.19609421887820064,0.18920301918487123,0.12013036710304699,0.04363932610185924,True
98,0.10286172979984463,0.12572930353793046,0.12036254292250424,0.12491649060881045,0.06263204706910186,0.11152574481193434,0.01684429601162769,0.11018181156322891,0.11964795306025099,0.10529808061476645,True
99,0.1265537772589779,0.20546156566707202,0.13875795319595075,0.09630841748222091,0.01764119320849804,0.0025907924479120904,0.07800857612713248,0.15609844220291347,0.1664324700094979,0.012146812399824514,True
100,0.05337007919464511,0.2189333195418926,0.05070150381921884,0.12059630164522385,0.08252301751581596,0.22966833857022478,0.05192712506043759,0.0010685962409763944,0.07532463117237238,0.11588708723919264,True
101,0.011182937623648716,0.05606350543888179,0.18954243603680038,0.06466260175838813,0.18565871708443482,0.03382958918592255,0.15747077293146994,0.12598667544925446,0.1190316308890675,0.05657113360213177,True
102,0.06665349659176223,0.12834205012479097,0.1551374875202542,0.1663040705297104,0.030580487997786444,0.1732486160363688,0.030613247538688704,0.1361269498294748,0.004509922714720749,0.10848367111644275,True
103,0.09180650674453696,0.11085554235806049,0.04239952357656914,0.05292920035910238,0.12958811519630004,0.13159536112941772,0.13684596348525616,0.0817121947501786,0.10962651346226089,0.11264107893831753,True
104,0.0657161558224759,0.15474667286208194,0.1423222804684216,0.152200705814371,0.12001464731679701,0.0501362010806163,0.01809394735567001,0.14186757396151747,0.07357423971993772,0.08132757559811096,True
105,0.0384824934423101,0.08547323970428805,0.1391853999110209,0.1645881649799144,0.11957750492795662,0.04630656176254689,0.14820300669901443,0.11374689507175922,0.03370416867079082,0.11073256483039856,True
106,0.15733209357921543,0.08479458701648904,0.04857304190206395,0.07175789832099347,0.05264112175537546,0.1712186870386384,0.08568033870205231,0.133564836653221,0.0456466135732318,0.14879078145871905,True
107,0.14799819191738278,0.08066279143544558,0.08300998513646424,0.08760855979053492,0.07804375668628721,0.04432295253057475,0.17003682546175528,0.2065310041755865,0.08667499034104817,0.015110942524920647,True
108,0.13108663914698743,0.1296506945744139,0.041988109651568406,0.11464437926045926,0.09799148126778671,0.16001058071297453,0.10212072756822968,0.16299063585875467,0.058284175846340325,0.0012325761124851236,True
109,0.17668054773145783,0.07597509481488768,0.15930675206792408,0.03929525405705281,0.11239391356409792,0.10631940546072008,0.036044779504931526,0.06906184909585147,0.15465112564245295,0.0702712780606237,True
110,0.17355434939914866,0.10397095674285314,0.008843053954998494,0.07098565116310585,0.13905168280499858,0.16337135749023332,0.13927275979515738,0.14075086902566866,0.05343394422856789,0.006765375395268046,True
111,0.04189991334654639,0.055454475209300705,0.08261534334055215,0.08665171645000197,0.1653194817454896,0.07811341891343408,0.12885090953321465,0.12542705020893274,0.08590812283829875,0.14975956841422894,True
112,0.17643846769269655,0.13499251348289998,0.04520655271581216,0.0720742642071712,0.030003139651741156,0.02934724955421427,0.017722843113288582,0.17825028098048715,0.13226745346365693,0.18369723513803188,True
113,0.13633908404052336,0.1484035152705236,0.05538128937569604,0.1373596357214053,0.07602625871060302,0.12332740743021879,0.04333647141845111,0.1471665307772556,0.12201581771655155,0.010643989538771591,True
114,0.12002529880079024,0.10875753901787728,0.0331054075839509,0.060389526208035026,0.12256523692745967,0.06374563969537561,0.14888847336432975,0.00742166362776337,0.16981162178299647,0.16528959299142162,True
115,0.09003601346168325,0.00914993722010238,0.025024302096353254,0.07409546817965694,0.17311366488443278,0.15367613539498948,0.123389706117294,0.18379308341871015,0.14831089490584415,0.01941079432093363,True
116,0.009077226841096873,0.08357564298581899,0.10827656420536329,0.16358533620007162,0.19441678469703388,0.044443729288095674,0.10994163263902064,0.07328369014624111,0.17073585601916738,0.04266353697809044,True
117,0.18869331040231851,0.02348455796972759,0.14567333038848332,0.12374632594973435,0.007366767136655438,0.10346424313132194,0.15475946168032964,0.0035042860657265606,0.08683564623939168,0.16247207103631103,True
118,0.07724279314117569,0.05191911956007124,0.018237534268492103,0.11062364714398537,0.109730006136181,0.14498208192355155,0.21529851048435333,0.11399081845102928,0.02246855038498317,0.13550693850617734,True
119,0.10099380547341338,0.011904583730185098,0.09951641181256358,0.12764745393964144,0.11791008715665008,0.11811834821391841,0.10972948203488062,0.09904353398833599,0.12257098342874369,0.09256531022166775,True
120,0.057173591506421845,0.013674352403141594,0.11101446731486046,0.2569877351330954,0.018994947373148108,0.2518187610914163,0.04119872391609267,0.07149314972555164,0.14174922000496343,0.03589505153130852,True
121,0.19396655219408165,0.1865230883169329,0.03427008793853155,0.18831944010944196,0.06630790888032809,0.0791184826022495,0.0402462299680012,0.06418574738314894,0.04046508343057959,0.10659737917670462,True
122,0.042872433799552585,0.06099748142103265,0.18705554381224576,0.11788673228860833,0.14048002280070399,0.16875903913404253,0.09912082682383423,0.13688493209334338,0.03680940948963062,0.009133578337005793,True
123,0.010495286439241847,0.14685027666035166,0.13163612189440033,0.16202331003039566,0.05177549113199371,0.12477595109991582,0.07172603521653034,0.04336889719432331,0.10426373654567771,0.15308489378716972,True
124,0.14725496152996598,0.10704983161498972,0.10655410107779688,0.04030457163150954,0.09964903286111242,0.12100567028013313,0.018952840002620385,0.1285899440019033,0.10741780676044055,0.12322124023952813,True
125,0.06533194659899441,0.0010560788566194431,0.13326014954128107,0.17567912801256252,0.10662418372056431,0.11038700602453404,0.19044426295979153,0.1844081248848648,0.008193829286207127,0.02461529011458081,True
126,0.11807338730132395,0.08830461195162406,0.10939677364376948,0.1337606988299708,0.020143991625929114,0.010165655660223876,0.11034862483347076,0.16544213087074838,0.1703118822908461,0.07405224299209355,True
127,0.13678592392629066,0.03609186660253482,0.10742057616812711,0.12167397874875574,0.06547822885080035,0.11279255453513007,0.03780357412797413,0.07463091120302774,0.17991325432868535,0.12740913150867428,True
128,0.10662448237619895,0.1358125036541701,0.052113789540615414,0.16228683570887648,0.1424344618342374,0.06623933844599492,0.15824602760100492,0.06618287997947604,0.04770424232834668,0.06235543853107929,True
129,0.0925239609701942,0.06773975435655406,0.13064592586444482,0.1379795999171015,0.016292676308048162,0.014768101520785476,0.15938133290729714,0.17036730637392994,0.05075339003296979,0.15954795174867498,True
130,0.03061367061363409,0.06515352387750137,0.16216140607190152,0.25246223011532304,0.033035064172021775,0.09864607224902652,0.09515218985257261,0.19073166917275336,0.011448835076387632,0.06059533879887811,True
131,0.15468458151928113,0.15005862841325504,0.05680899140649263,0.04081983251806746,0.015756455253137923,0.10914500592114502,0.09461639913588016,0.15456169710361722,0.11777502842292971,0.10577338030619372,True
132,0.29104140676492574,0.07179033322914903,0.30160714968304164,0.07366494278331148,8.162507586080442e-05,0.022400175599077938,0.07087883265150333,0.007950456247173448,0.11383360785550718,0.04675147011044948,True
133,0.007356662663789347,0.12279743685946477,0.13943712353897308,0.07611716764100218,0.014482402853475148,0.09403427759878748,0.1620563762371248,0.13712559751747358,0.08874781820285013,0.15784513688705945,True
134,0.0596409638634224,0.052032970038027905,0.07260614551396312,0.12902915882335814,0.04211329966116842,0.13642317085947084,0.12706989492787193,0.11203826150324983,0.14014819718520843,0.12889793762425902,True
135,0.11724990801618008,0.12692703435590372,0.16181346644414363,0.15669933769759142,0.10766346870644741,0.016658224631740392,0.14636852028136646,0.08752134066355505,0.07109738246688767,0.008001316736184141,True
136,0.035790400853400885,0.15732788715253754,0.004144813741829645,0.15318234365406588,0.1299028240754202,0.029228092831969584,0.1225760056561218,0.14707807678769624,0.1361539905610834,0.08461556468587494,True
137,0.12041280978386991,0.0004465495219511887,0.1261361039711739,0.1811737299501102,0.033198699133211974,0.15016902783413116,0.05937153637192256,0.10945653517450041,0.1383442626443666,0.08129074561476214,True
138,0.05744182235421929,0.08530326810040732,0.04619134660742751,0.07867719389808532,0.11601461556101293,0.010009924966823165,0.16023469529646003,0.17887438840339515,0.187302302857475,0.07995044195469422,True
139,0.13393849416740078,0.046143704983304126,0.0511801474498815,0.09556923592851381,0.10813406235303476,0.11892681275795108,0.06085047469101119,0.14215990105154366,0.13069492579413064,0.11240224082322854,True
140,0.08227275577060394,0.09661758747737542,0.15883300281899923,0.16398370315913724,0.18676453422910222,0.06349080219135793,0.03832553806259131,0.07401622338854545,0.02034366171485271,0.11535219118743457,True
141,0.09332862709408403,0.0720107897768557,0.15010992928463385,0.046714317134506245,0.12099749845466552,0.09140837884759084,0.0483054238624447,0.07714171780766799,0.15512977940758413,0.14485353832996695,True
142,0.13157620017266217,0.04076890145308666,0.025159945427836016,0.15074255394584238,0.0824033978843032,0.16256364243873905,0.150899577705804,0.019768928563738436,0.1807315042944563,0.055385348113531685,True
143,0.14212176355223705,0.13592748041396335,0.026739909680481073,0.08106247505420715,0.19566166448139596,0.1444673858880434,0.028139177286927882,0.030633292887918107,0.08279317031305204,0.13245368044177405,True
144,0.06296371013499609,0.034953301687729046,0.09107882549535656,0.08497393311661004,0.13907486579807635,0.1579108352445479,0.19224559178257525,0.04491340111234829,0.03942152805175805,0.1524640075760024,True
145,0.1490826984036946,0.05860216633683599,0.10766623042758577,0.09204345240077971,0.03213717897975553,0.13398843499063273,0.15367807505948464,0.1219271150128323,0.03444918342519878,0.11642546496319989,True
146,0.19764507360907835,0.09997699250020993,0.08563179486860661,0.0377107834201699,0.06919978885401719,0.1956127240920083,0.09002618759093306,0.16771647824178862,0.05598236801411826,0.0004978088090699293,True
147,0.12930830654809616,0.02165050132701334,0.03407536662863742,0.17939420450276844,0.19589048778259488,0.1521627311728037,0.042911726550827645,0.05084071134338158,0.0513984613408162,0.1423675028030605,True
148,0.07165339979526103,0.16374851893334946,0.07955098702901978,0.14949253251895434,0.07258275572258162,0.052317261753866764,0.1531992886820931,0.10847031760403478,0.13485778552792574,0.014127152432913254,True
149,0.04646991393848084,0.06457845632192791,0.031701738033314865,0.03165522223581306,0.17394431916729847,0.14311706694762896,0.1221577160326775,0.22537105669036075,0.10382815599135539,0.057176354641142235,True
150,0.09664462746544608,0.11822925532099837,0.16431823585375213,0.012324235487682302,0.08815287355661264,0.05223060055456755,0.13428035925817203,0.07970533147786882,0.1697444311549482,0.08437004986995185,True
151,0.03693943243360569,0.016487884143449233,0.18976120584553094,0.0720297171364545,0.045920725548598856,0.0022807516720939522,0.2068717039010705,0.16038969769144124,0.007108483980061511,0.2622103976476936,True
152,0.14833258041051642,0.15733653916806847,0.06516578413924479,0.13337673037624317,0.14619644575609045,0.009534013436312693,0.10968638387746017,0.04632533506293038,0.14862376944050928,0.03542241833262404,True
153,0.19763415747659197,0.10734734702475067,0.10731051748625949,0.059003605450631984,0.009017827218500049,0.22532634093455955,0.09560061133528101,0.016160153469284417,0.01418439811389539,0.16841504149024553,True
154,0.1241634061007784,0.02730203293379382,0.06270398437087085,0.07494961771138553,0.16766033939664599,0.13764860017413438,0.04136881224554422,0.06716595509867855,0.17060781158328675,0.12642944038488166,True
155,0.08553523878267476,0.17174799405732405,0.1441858352153608,0.09597182159153989,0.10687753286978034,0.05614426871579682,0.04156240620544901,0.16811042554813163,0.07430570618243591,0.055558770831506774,True
156,0.13251209159598856,0.04028430766538693,0.17916238688947023,0.17183051657059673,0.140719539616277,0.023629239786591823,0.13017315480516303,0.0845795135636288,0.060997291840385055,0.03611195766651168,True
157,0.053451472737955794,0.1280527235889461,0.04527492113037693,0.08067260416232112,0.07037871494750092,0.028227187715115978,0.13570442847981,0.11306495652609984,0.18544986065709862,0.15972313005477465,True
158,0.08603089975992599,0.052852267361622594,0.009589063404266433,0.09281617413595203,0.07611774173605128,0.2776778497442538,0.032776422158045423,0.22147534258418813,0.005741060630307278,0.14492317848538705,True
159,0.07007170627491106,0.150429575069646,0.04446593949791554,0.10709330795473801,0.12879958419715268,0.001154464103128566,0.12747936847271774,0.16137186227347983,0.15861905414546237,0.0505151380108483,True
160,0.004973600982520183,0.06770546680416013,0.11787070341067751,0.13262924651374372,0.1445970417115545,0.09972089583859267,0.13056275489876396,0.1483577011505528,0.06353667287962969,0.09004591580980485,True
161,0.03659058730600806,0.10269439246945147,0.16687982833221546,0.07048371264962228,0.0359146131026226,0.1456473092822732,0.0760840754307922,0.17030849380647073,0.11362902470400228,0.08176796291654176,True
162,0.17824955186493485,0.17660598463631155,0.03243959551499949,0.006980682461750481,0.07018418152197317,0.04100796468422522,0.1771388165148534,0.08386770364298529,0.20921217331715067,0.024313345840815948,True
163,0.1279792662458486,0.1449274790931423,0.04006830419513821,0.15767755927691995,0.150932923646522,0.02504139198465604,0.04256837698345146,0.04926869475886037,0.13331104653518397,0.12822495728027714,True
164,0.13415586790910863,0.008739540601969015,0.17566277129436797,0.033044310971097265,0.1578177981245738,0.16376465103757773,0.07086765105978446,0.0823487172080136,0.14233801097281923,0.03126068082068843,True
165,0.03198223078232653,0.18699091737161316,0.08182972361948007,0.13756506734333215,0.0705353119699712,0.04132822871948622,0.02732946264181398,0.12542235785531153,0.1829697045321069,0.11404699516455827,True
166,0.19883996783556435,0.08038408970646771,0.02162832506008527,0.19537905959687707,0.11437273963912267,0.16075197559701687,0.02490072175056638,0.10264788247369579,0.06620915383015298,0.03488608451045093,True
167,0.06076754188651622,0.13486505171526006,0.005235399714224492,0.07184651609800848,0.07400464480955822,0.12306794466933828,0.18153707617148734,0.13961981739939286,0.10600997279173216,0.10304603474448173,True
168,0.08970337440480974,0.04320754242645801,0.1602925898816661,0.18477629166225182,0.06906032119433234,0.017369740546150335,0.09328200729497818,0.20811585446188172,0.030374547072186776,0.10381773105528506,True
169,0.13883281602656702,0.16337739391445238,0.041317155057739724,0.1224667173017036,0.12370891587048043,0.11856349861706707,0.02273365350071003,0.11461951732600499,0.14724735764597902,0.0071329747392959416,True
170,0.1476128859441314,0.15053744490616452,0.004539226220496769,0.006350186044387566,0.15872406710029463,0.14242859712094444,0.13262234728682631,0.11133639577187225,0.035327004162940316,0.11052184544194175,True
171,0.01685708326928147,0.1546274244793288,0.0894678744537788,0.06371346009343609,0.13089188777050229,0.17345412184601505,0.03522707394173434,0.09449547988139115,0.09467103417190822,0.14659456009262384,True
172,0.08249717989794114,0.011111163753142528,0.022707009217386404,0.06842565742377486,0.17998538679460557,0.1462925228201134,0.08789388115186612,0.07845721557503095,0.1661236247778025,0.15650635858833653,True
173,0.16403705331806842,0.07935246574866406,0.15736015078567894,0.10697464010459158,0.02835234171083546,0.035199110216839365,0.15302801160765106,0.07633819414979565,0.09560498354914772,0.10375304880872765,True
174,0.09291786754014658,0.08573595227530809,0.0046862901950011126,0.12248998365726138,0.14841019046185558,0.12704041684573325,0.11191045859372085,0.1502549497119997,0.1236689329901102,0.03288495772886319,True
175,0.04612783036241084,0.12112607028036217,0.055973819469654226,0.16012101898634165,0.18535844866278806,0.038302916339407654,0.041205072632101984,0.18410926170267639,0.0443357963271314,0.12333976523712577,True
176,0.05609064734687681,0.01775452877076214,0.1114871074897973,0.16063239953919495,0.09665243134367772,0.19822761358739502,0.1636611657841713,0.16410866395495544,0.006814612976499935,0.024570829206669382,True
177,0.1047906986237919,0.030611796855857652,0.2155221282086921,0.0541572246271869,0.04602806242610487,0.09267221467166728,0.05994485696214531,0.13818371940912155,0.21494578398179573,0.04314351423363661,True
178,0.0009372940769105941,0.09622768804762506,0.11413835216145826,0.013292638368863186,0.057123572542177654,0.008714870352762263,0.2012145502866249,0.23384373890002258,0.029653308257713135,0.2448539870058424,True
179,0.12666545478697747,0.16378740524728097,0.07987523511079848,0.04420287598737479,0.03568488474263022,0.05863070423977222,0.1627081795413939,0.1283797543741207,0.060495171571685755,0.13957033439796548,True
180,0.16421953508988751,0.04889824951851611,0.008231179375510468,0.12611250577323863,0.11628496889813116,0.08404377718124838,0.1234868372880956,0.0739588380192336,0.15057849059813866,0.10418561825799996,True
181,0.05119869677197475,0.11293826202635668,0.013558552165713021,0.11294373757536537,0.11571834893908158,0.12540272364784447,0.04637100588461207,0.12537968637886465,0.1689938817970524,0.127495104813135,True
182,0.17787405330663042,0.00041608931664350045,0.06427059925370066,0.08204736083223231,0.18485417544341418,0.1722267015697219,0.0079717438969598,0.1351556829067173,0.11840405231664558,0.056779541157334384,True
183,0.20073307285073586,0.06295244957039786,0.05975831420956066,0.02153072667280252,0.15195057899580597,0.09915245913253909,0.017955354752716954,0.12487595504666293,0.1361671801005716,0.12492390866820652,True
184,0.15644125600693973,0.08853091330117005,0.02167677335097045,0.15304666567360173,0.12426897123792847,0.10487630699516651,0.14555543743913904,0.10250883218258443,0.09684201162076553,0.006252832191734088,True
185,0.010363425191468925,0.16723952218083915,0.0711242229452143,0.05364373913370544,0.1536232140998821,0.1587929652647965,0.01769020546219768,0.032961187524795654,0.1408414724857773,0.193720045711323,True
186,0.010533881649756254,0.15062355307777495,0.15241762835001638,0.1773964730337778,0.12823668948133313,0.17264231687961837,0.10350151909878211,0.01749349217930063,0.06840829834736335,0.01874614790227695,True
187,0.10373998177177952,0.19100059302692396,0.21608166908038096,0.09982618598450604,0.005583333656545865,0.015812069099612202,0.10175141802398045,0.05665670118425475,0.06102674883406973,0.14852129933794633,True
188,0.1185883223467392,0.11763161859084552,0.10563081340791824,0.0705147359929019,0.10700230393459463,0.06259925124807932,0.05779766467957153,0.07667394391813921,0.20088816164262072,0.08267318423858971,True
189,0.061647877438963064,0.11004748778712457,0.16176712955973804,0.02069604486442588,0.06365191045531615,0.03849102449601852,0.12737045434990127,0.17305751003963926,0.16159298030788427,0.081677580700989,True
