ID,strat_res0,strat_res1,strat_res2,strat_res3,strat_res4,strat_res5,strat_res6,strat_res7,strat_res8,strat_res9,alive_at_end
0,0.10151177762976986,0.12111625559297345,0.1435817793663238,0.023704651989885576,0.1605487524398937,0.08252443182881575,0.1042917152357616,0.019800788032635703,0.1274480523776757,0.11547179550626477,True
1,0.2304265031413214,0.13553304276536457,0.04087873733981888,0.04098065390695145,0.11454388809177618,0.24233312022963135,0.015273820322417985,0.0001560519410631295,0.12050467646544694,0.05936950579620811,True
2,0.028701891822441945,0.13172487955915296,0.17265006617086126,0.16359301341991736,0.07935392399176572,0.06647419254414923,0.15561222079298256,0.10658601832254103,0.03077107461356721,0.06453271876262076,True
3,0.17069839693967181,0.08966252905053672,0.0025411384417550887,0.12485514820152835,0.1279861672932113,0.0789381532388046,0.1151062064692783,0.06266161710813399,0.14766127681438554,0.07988936644269433,True
4,0.07316825100491844,0.05970657181652297,0.09411921846579652,0.1246581535316171,0.12485564254409255,0.15289586139350003,0.11279044179402661,0.005797140041861253,0.0971411014231409,0.1548676179845237,True
5,0.19167462731075818,0.014105946843334041,0.05411959201723595,0.030411275693334794,0.16213509194162506,0.13479454121548196,0.1797460556587301,0.047655677596854476,0.07684434681823428,0.10851284490441125,True
6,0.08674011148096561,0.11192614467106377,0.02402143034141841,0.0719373185481085,0.18279437295289483,0.16278166500557117,0.05153778095975523,0.15996175602254312,0.06574412107008727,0.08255529894759221,True
7,0.16425969996018852,0.03471748455830773,0.0614429042328886,0.08658366847184384,0.17896348817893126,0.17769917280356695,0.01956612008720137,0.2332338067094507,0.014594176042319867,0.028939478955301114,True
8,0.22309396007706062,0.026552135440922796,0.06927681325741418,0.12178773470599882,0.11283966802172476,0.06760304404319244,0.10441558771808272,0.07993509635270236,0.030385663632461483,0.16411029675043998,True
9,0.14076086009241345,0.0714534165535479,0.14792749288185442,0.13072001342531858,0.08405928079918643,0.13087905283600967,0.06850335504909144,0.02827588911773959,0.08126910789945817,0.1161515313453804,True
10,0.17392763940264883,0.04419496882558156,0.11116631818740559,0.1695617030930027,0.011963314067534163,0.12211734582937944,0.09308267520749032,0.17168122176604,0.009906659744755218,0.09239815387616221,True
11,0.1395865018975775,0.0080093392288225,0.1083690629972489,0.04862721677398499,0.09903148012419433,0.0362597068757136,0.1459145308397327,0.1956668574282669,0.19541193727062736,0.023123366563831203,True
12,0.17599876244789237,0.09372099365119765,0.004111384748573451,0.03626737944589247,0.04927479504029374,0.11799041019500228,0.16511224077296002,0.1332364923750012,0.09039005347545088,0.13389748784773597,True
13,0.09867905054158425,0.0029363592173616867,0.04082931557772076,0.22068291372286536,0.12718379484258693,0.08085412012537935,0.04096035049434613,0.10213982901773012,0.09203109033285459,0.19370317612757096,True
14,0.1369752569245361,0.1357158107666714,0.046049602684200025,0.15757045419130616,0.0245949284302991,0.14813650053447108,0.12374954108195892,0.06418466048230281,0.001097936609751085,0.16192530829450336,True
15,0.16330131927562438,0.13634874713242812,0.1137623514457005,0.16866649141534384,0.13532908207164585,0.029698605821178312,0.13985324618134207,0.029599126235752216,0.02403963119416433,0.059401399226820376,True
16,0.04155908096872831,0.15694181060969628,0.17002090142597764,0.05809112620915947,0.03260159498182958,0.21166376359495923,0.024968493366804276,0.21876168934382392,0.08146404046535724,0.003927499033663981,True
17,0.09975556017353372,0.04590470757034694,0.10884880023284564,0.11980535506497172,0.09093052566857858,0.2100726162168764,0.044600194068957384,0.08800484311597692,0.1205480196007596,0.07152937828715308,True
18,0.016204041275791625,0.14872387543302387,0.04045638099854221,0.10682160568054849,0.20925602647865246,0.07749814247925135,0.19107412870160248,0.034041428084101155,0.008408800687274075,0.1675155701812122,True
19,0.19343863841301023,0.020110800607418006,0.0523794417747646,0.21858527002836012,0.1816104424374987,0.06519680352072217,0.04637183161812686,0.1683965733616914,0.025805443212228073,0.028104755026179984,True
20,0.13110500839260927,0.12809235976989844,0.16883718849162008,0.008475755939017155,0.11905801976057664,0.03276707795288438,0.006794822096235752,0.11474283128380997,0.14661200047199513,0.14351493584135325,True
21,0.13560160056703588,0.08885923069035591,0.0030488581883520278,0.012656112084249082,0.19508094695139544,0.10290702626042485,0.20683523028082326,0.09266159302075035,0.05197941015017009,0.11036999180644323,True
22,0.06433355199024515,0.11284836038979723,0.18224859941135751,0.15570576410489742,0.015289877058388681,0.1124738609424494,0.000979833284358639,0.11564930878913016,0.039415025799843496,0.20105581822953225,True
23,0.18500035818199886,0.10507332760087508,0.05292757971388049,0.04983067023480229,0.008908118297804243,0.07571300942299994,0.12577496475678163,0.0490761948136345,0.1668974727821616,0.18079830419506132,True
24,0.052227908098365326,0.06907614972930334,0.2576735688554568,0.09761527159750576,0.06553590157510075,0.0027039370426068373,0.046432546896973834,0.21647122362241908,0.17268594507885196,0.019577547503416323,True
25,0.05516406071240905,0.0796615449875514,0.10860145832250931,0.15142636951697835,0.16406167577280312,0.04534044040810876,0.13237404397881233,0.05615796174917851,0.17055721524484885,0.03665522930680021,True
26,0.16648400720532192,0.04810763204094432,0.059167586859557045,0.08969121374784679,0.11266814689063727,0.13414763299349172,0.009635523940345815,0.14077961805449743,0.0763009957609091,0.1630176425064488,True
27,0.20914560567958784,0.0639021724465965,0.1625019547669152,0.0033600953138933744,0.021670091836276533,0.07583139279797677,0.11330051769944433,0.08941315177356908,0.09543990125426277,0.16543511643147757,True
28,0.16124342475094938,0.1833125731341547,0.04178882238033289,0.013461839109641775,0.03129706688357754,0.16691015621363675,0.17054423252976303,0.02587366356169913,0.13030558241784465,0.07526263901840011,True
29,0.04479418556866783,0.16150581538976738,0.0804933558110072,0.17907678369102872,0.07186563439584859,0.10029941244953947,0.09451324332911169,0.030512799331495626,0.15742184921989885,0.0795169208136347,True
30,0.02229949903156541,0.11609541542954596,0.14394927701007312,0.168828731875855,0.036212665913628136,0.12849849741777516,0.15139109700139847,0.07859887052576515,0.007357986424595561,0.1467679593697979,True
31,0.05820448468170508,0.13254256999424213,0.1750316132521216,0.020774226374526018,0.015502460304953959,0.16657203104790927,0.06350566756935573,0.1712176728054371,0.04888782767811063,0.14776144629163862,True
32,0.14872475121022002,0.14335281993373286,0.011342281034497354,0.11517583406617414,0.1301754688410592,0.07162380218887765,0.10595883383155716,0.045302412125809335,0.11161876815442012,0.11672502861365218,True
33,0.09763963403442338,0.09530097683099611,0.03145861410519283,0.10275053917619398,0.10610268795658975,0.135004329873433,0.12751125084052167,0.07622051213148533,0.0664959215554642,0.16151553349569966,True
34,0.0010507319649711412,0.05353095230868561,0.03918336618760034,0.1062173543892224,0.13495359998487289,0.14607903560531446,0.21951481865340097,0.16757091619558537,0.021170423010077682,0.11072880170026905,True
35,0.17005996863109474,0.12159621392324119,0.15013432439577007,0.12382473595957416,0.17563133401847336,0.13248386274016008,0.00782223545590837,0.03290494740402917,0.06985264432418356,0.01568973314756545,True
36,0.07023135120796624,0.13880908887747404,0.1259503201976195,0.19697460474350142,0.06810486419775273,0.04957250684227561,0.09461422726168375,0.015810399573681404,0.1878940149677397,0.05203862213030576,True
37,0.015095792223957473,0.07200667653089306,0.014750652016500908,0.20673762519005348,0.22617273213794678,0.15109708249662135,0.03775279825271327,0.018629453483383226,0.2294422116301773,0.02831497603775322,True
38,0.1490750848477904,0.08620889671801567,0.0632730929633529,0.10280099077811829,0.1320327067740873,0.01721102669876573,0.1328810128409566,0.12010985326110944,0.10215225824071103,0.09425507687709275,True
39,0.12180710029916167,0.10479215437489083,0.10638925067769635,0.14623349458579354,0.08428595718340386,0.06106067306576077,0.15683254258593227,0.038127079215695886,0.049606508665864524,0.1308652393458003,True
40,0.07913485829941869,0.02953497818703806,0.1522718490539979,0.09106570851734457,0.1006670262580796,0.11519288538776883,0.19237874861259358,0.027264199220961252,0.13036330464920623,0.08212644181359136,True
41,0.06681944771610134,0.1796657312297235,0.03634064684246103,0.06422066205314543,0.05631924114437331,0.20089779465945046,0.19509725292405627,0.014765007020859611,0.006666265798184542,0.1792079506116446,True
42,0.12031321284396153,0.11618041904307382,0.055087148491308184,0.011958107750565562,0.14738137535452706,0.17559499612372526,0.010122365617912478,0.025363513603721754,0.15955699331093667,0.17844186786026764,True
43,0.10287315701744194,0.1531361870559658,0.03495275920086561,0.06953403945521228,0.10452506287073078,0.004580253431053749,0.13974055804350863,0.1713271894304029,0.13571091873717553,0.08361987475764297,True
44,0.037725594146220065,0.018708361402289212,0.06694110801038856,0.16499237889137625,0.16456654696804418,0.027858238687575698,0.0994846845714903,0.17735740518295742,0.14762274106217688,0.09474294107748131,True
45,0.11310142387212206,0.1485904425987832,0.15188175435987994,0.15324075095827142,0.10661436981570548,0.09364926608508767,0.003703977603950795,0.09181785552799869,0.12110407626673421,0.01629608291146647,True
46,0.04074925948057401,0.10411874255701233,0.13071551705576107,0.055983803474429585,0.09017658408640536,0.08278003374483948,0.14821272744076802,0.1549927356351341,0.1301237045994652,0.06214689192561106,True
47,0.101848993499612,0.09279723144869986,0.15819074703800615,0.018715822293111015,0.09051867759107703,0.15774004511345274,0.08604847690754353,0.13584860865081286,0.062371564217428725,0.09591983324025609,True
48,0.06110705983506154,0.03974284852738607,0.05848235866370244,0.16227681629709875,0.1451351325447753,0.18370483773150006,0.13141530294243728,0.07134778611672479,0.06063269997004993,0.08615515737126372,True
49,0.06473189439597106,0.13979139909922866,0.21131611247614207,0.015893085527498112,0.0012699816772203552,0.19001132840333895,0.013852326612603206,0.044510727459978056,0.16911724797285335,0.14950589637516606,True
50,0.08564827983155407,0.18807789139755024,0.1741024330141577,0.15334212496910762,0.06017031064641809,0.1363860078930676,0.06750187614838037,0.04607967347272057,0.025016059223731266,0.0636753434033123,True
51,0.04530538123934896,0.1259617019537858,0.14713992422315864,0.12202338221651735,0.06834704090958095,0.1095875618278976,0.09110434716666546,0.13864614484362545,0.11634587454571621,0.03553864107370364,True
52,0.053709203070442975,0.17521950595139543,0.021241024011072893,0.09694275952647129,0.15872353845677137,0.14557564199235903,0.02615310025801242,0.10969790301913121,0.20702988740220493,0.005707436312138493,True
53,0.13454894676331683,0.1289638033690169,0.03226787118023178,0.0481316781172428,0.16450216142663007,0.16401978674444942,0.11556041460903026,0.04671260768412159,0.15224947593618446,0.013043254169775854,True
54,0.043857440933304785,0.173335177597936,0.1370246819920533,0.004759341381552684,0.044996156618328516,0.17443437054973435,0.1846409493517733,0.128798030877066,0.04080274831228177,0.06735110238596928,True
55,0.08771787732154505,0.012005462982554685,0.09241591645190131,0.13137968444519627,0.055383038720597313,0.01733134905536636,0.19176332791406014,0.1119918938611414,0.1575353338125333,0.14247611543510427,True
56,0.10216887801342973,0.1398896804719428,0.05841488035789062,0.14713968284335904,0.07338186438943743,0.12386821431555171,0.08974104336055676,0.1507006547056167,0.0038113624978401107,0.11088373904437508,True
57,0.08296966992924694,0.1994015058744186,0.030847121521271056,0.19396078588969629,0.04237605549282493,0.12719881636930647,0.14344208574255116,0.047509927292468,0.1080281798620154,0.02426585202620122,True
58,0.10984632137232941,0.11202323572884564,0.09426823827605757,0.020848751195754297,0.15534740098663605,0.11433853187881866,0.13672091899064415,0.06442508121856913,0.08352298578042408,0.10865853457192089,True
59,0.05949768454137711,0.16573494536375769,0.08662060367502648,0.05586134552183576,0.16756155130828929,0.17021019262198378,0.08945307847909079,0.09835219064390238,0.016622790750648927,0.09008561709408759,True
60,0.18626880709672383,0.047821126946514234,0.10429907646272213,0.07365187712478712,0.00884547533309027,0.030013392240448064,0.019734596755657915,0.1903893887168768,0.13228533670848716,0.2066909226146923,True
61,0.13439516432755413,0.1771283060060206,0.18838169039776312,0.005129195895670521,0.046656150753475456,0.15314559900892943,0.0991266284312171,0.053735886628006636,0.0029184790327300824,0.13938289951863275,True
62,0.14546171806014216,0.0455678069441945,0.16692230684903286,0.17877548220270975,0.0439348741425167,0.11071999984587395,0.10402800703199547,0.10355504036996926,0.09120055573228371,0.009834208821281462,True
63,0.14224149100853403,0.0756372091041847,0.09351621466843855,0.10382487060269885,0.09181727934565727,0.0322652470686396,0.16732510004677262,0.1825603287061931,0.04710919586962352,0.06370306357925799,True
64,0.05747311821369327,0.027706409859712382,0.12858887065664348,0.1358457745310344,0.17229034978004626,0.11053028759861848,0.08824479178867081,0.12933476564617183,0.09539325972811673,0.05459237219729222,True
65,0.16466194426208045,0.10057504136850612,0.2296331287016468,0.08885139100174674,0.07193773669992314,0.08558309973007044,0.12630720668817214,0.002717053982842296,0.004967866020121803,0.12476553154489002,True
66,0.16791734753525406,0.12136805664421421,0.15008634055046136,0.1437574240724971,0.001734500205103102,0.02434006675386245,0.15278419350595937,0.008900001254614697,0.15642736151162062,0.0726847079664129,True
67,0.1042306849912249,0.12153809633416132,0.14828457872125753,0.10802004549801275,0.1369143342095765,0.17351726812399362,0.0270994974162595,0.035251498473348686,0.07832917671196625,0.06681481952019888,True
68,0.17935396953630883,0.026371841436922037,0.15180574236875247,0.034698183785545435,0.18213422956129485,0.03934396278982371,0.14254598997779097,0.05284548880396641,0.019600165107695664,0.17130042663189957,True
69,0.14167806214168407,0.07327060409622557,0.008376185248522633,0.14073892577064956,0.1503686282886971,0.030081465768609515,0.008706513799890384,0.09672640418705275,0.1643930672317371,0.1856601434669314,True
70,0.16883426781123195,0.17614175861787873,0.04868882930447795,0.06932611579699058,0.003012455745965833,0.08985272985129149,0.09146786785153797,0.15710084844845418,0.1730007554419464,0.022574371130225094,True
71,0.08176063282204644,0.06575917057368957,0.11051743983902039,0.04559670068717775,0.15666141658307234,0.07420688727558195,0.20232773695895387,0.004601984926010033,0.22338900963907923,0.03517902069536834,True
72,0.08851836830399577,0.24313596600008566,0.00035018975285112155,0.05321067898186558,0.1788611660893197,0.2679531717297129,0.02933989525518303,0.0226359016391509,0.11474145608211286,0.0012532061657225086,True
73,0.144886338147351,0.10059040631723448,0.0929691481411062,0.04904972878910531,0.023342317862669656,0.054937929440587424,0.04979244605057757,0.08732691511583009,0.1615611826588353,0.23554358747670298,True
74,0.19443478393827945,0.07651014854044305,0.13129293069534895,0.12673141726715967,0.0007257704547981837,0.041743415390851496,0.08053025588241816,0.06669471981121194,0.08353214325927039,0.19780441476021865,True
75,0.15480732258145768,0.08612901327748325,0.06912952853237356,0.1091922795985291,0.1664026999835583,0.10186789564570471,0.09665445580610214,0.08035374760335327,0.09225837831946788,0.043204678651970085,True
76,0.09142478930290301,0.00749696234561236,0.09539730473922602,0.13561105988853311,0.1511670394860002,0.22911647436363225,0.17456075685935152,0.022581725991295546,0.08111568163481825,0.011528205388627746,True
77,0.16010882091456982,0.03928246107317336,0.09919827255796905,0.10454718571767661,0.020026045148191667,0.05939092497908956,0.10746017486985288,0.18814723503764214,0.1622086466193029,0.05963023308253217,True
78,0.016830076408476013,0.06450674067744748,0.10541412806443708,0.22530272715747157,0.0235082855534877,0.1933465398983539,0.18281173778242638,0.07385242216567078,0.08246116004561305,0.03196618224661613,True
79,0.10946325942791979,0.06624124167882214,0.12173299702938947,0.09684055066780627,0.14478370885363984,0.023006763599626962,0.16369280162587863,0.12325701327684663,0.09652135666139115,0.05446030717867917,True
80,0.13805797443739368,0.06714364324265644,0.13822160587433982,0.07479858573235748,0.13100025037423432,0.051668408140623026,0.12476441352234728,0.036192385052265776,0.10269907256413593,0.13545366105964615,True
81,0.0631418466823655,0.13344885511398275,0.15587646557031812,0.13724970851580345,0.020800419500585435,0.12601380048909336,0.023896769747309816,0.06342254234848499,0.1100230265267895,0.16612656550526708,True
82,0.06422961114965516,0.1399326164771357,0.04164369691215726,0.13150977732427638,0.05262678851587582,0.127588064236103,0.08414035949327109,0.12170284236576091,0.10733351026328833,0.12929273326247634,True
83,0.031216673180501715,0.13202229021094056,0.10737732576415675,0.08726812332036839,0.10458477363614076,0.08783034527920035,0.1400791138770976,0.10245004067839009,0.07984889969911316,0.12732241435409067,True
84,0.07888092408698764,0.061107933333683764,0.1400262011272815,0.12122255104266903,0.13955415360768209,0.1060714772097028,0.07711788559986373,0.021618405106068092,0.11650811432259772,0.1378923545634637,True
85,0.15609781056792812,0.035576328967681946,0.12312124352604374,0.12249028849009849,0.17050852170388697,0.1376688343240291,0.055144019432901946,0.07262178540733838,0.030608376683336557,0.09616279089675475,True
86,0.09558089126769342,0.07267555371829644,0.15933930607514893,0.02169773526066808,0.12058379320506606,0.010431042097956176,0.13306689619934234,0.09244774318161529,0.1593728603842246,0.13480417860998856,True
87,0.1774654991513129,0.0606919475884109,0.19828273195486298,0.01577446023731728,0.06680497998723758,0.13847219851648282,0.06840331671422879,0.08643715965591002,0.14470110563173344,0.04296660056250342,True
88,0.07259161795009388,0.02910221244419413,0.07679003318495992,0.1189939532188311,0.03991655724986044,0.17936166354463962,0.18616503990580527,0.18629526709136887,0.10367958996697293,0.007104065443273865,True
89,0.18281170451407855,0.07827625921128144,0.17216081271571973,0.025000840438510478,0.013990592153970242,0.05335638482534807,0.13096563791039606,0.07091233114190533,0.203694393424946,0.06883104366384425,True
90,0.030840017071756206,0.12705069314751286,0.06907360516365829,0.09241555732144419,0.054821375031001034,0.0731247143668979,0.1792836923235558,0.05684595199406096,0.16257355912036714,0.1539708344597457,True
91,0.1319683022127226,0.15601726309343786,0.15887725859501603,0.051813925519873016,0.16323452180716844,0.1234166173648835,0.0438719212808165,0.0363471241412509,0.09681347632038065,0.03763958966445056,True
92,0.030891532236357686,0.12476227637137757,0.12062951584032722,0.08939576933404912,0.05551979368584049,0.1283527026747759,0.18665654006481608,0.031014883964465754,0.14062264296440852,0.09215434286358175,True
93,0.019417081102599522,0.18711968146333022,0.09113642443626278,0.04969174032228901,0.1324322149875974,0.06509816896341235,0.0969509587846956,0.15582252204029826,0.16549429149288183,0.03683691640663308,True
94,0.12040495669259342,0.13318609424841588,0.12812174071885699,0.08220075599665513,0.1125897942670613,0.15179114809435695,0.026607737367057648,0.10405380799162567,0.04747321297868044,0.09357075164469657,True
95,0.13236552782194683,0.12086619353491702,0.042468464338203275,0.14204582344021854,0.06940844550359648,0.11286592179472574,0.04929616646066745,0.09977023239557624,0.0976167834571448,0.13329644125300363,True
96,0.12449292226957703,0.09162826483728682,0.18144958730238725,0.002876871481111166,0.16275756531743601,0.15358566725289405,0.16000472206208907,0.04763732056742135,0.0206584677598277,0.054908611149969457,True
97,0.12522687470314559,0.1325305425116626,0.11162946622147772,0.05067118927197088,0.1447200735913078,0.019154265038112298,0.1338666860237795,0.07685815623856682,0.12452813601919485,0.08081461038078178,True
98,0.09459879529284611,0.1642961508002532,0.13991266805606017,0.018478901922070898,0.010185666610231616,0.1777265667897975,0.17221170165356928,0.07040674072724021,0.09277320045747586,0.05940960769045518,True
99,0.2176560774685348,0.19631551621232046,0.0030229794414679866,0.10824827558566354,0.11792002958326565,0.01481743067972732,0.2067108531440714,0.011198608623683307,0.026661336755201194,0.09744889250606428,True
100,0.014513133408756252,0.1934031452192362,0.11909813595459445,0.13915083725757443,0.05676228899627768,0.16865690025951685,0.10641690967220979,0.0489550384268012,0.1526358894778297,0.00040772132720326063,True
101,0.13376685137728747,0.0557751177853593,0.19168063154518197,0.10869931004031194,0.17689698139505616,0.017075762888740915,0.18023304554460537,0.012458126451667287,0.015940533507110038,0.10747363946467958,True
102,0.042092065443145164,0.05591661264705826,0.03444830802309854,0.17290178460609829,0.14041116043707405,0.13092322089127809,0.10148012079670289,0.21719349347054606,0.03713265179265646,0.06750058189234241,True
103,0.04619427210707396,0.1534994817600462,0.157426547178861,0.11942714067165483,0.056133062186501846,0.039945828474643105,0.1285491874838657,0.030344525236992322,0.07354896157061039,0.19493099332975047,True
104,0.05469740510660303,0.1132932183463887,0.22034159229161263,0.08781034433008907,0.0983929372979335,0.15191067710522022,0.04282293115099484,0.033731911079385966,0.17137256491614067,0.025626418375631347,True
105,0.1022972863085702,0.004088630736728854,0.1605252297198334,0.09880045002763285,0.13144623465950453,0.12760726611810402,0.0005564831581402558,0.16460736042326352,0.09199120822289905,0.11807985062532332,True
106,0.19870113846617243,0.06986317644398991,0.021476968571231297,0.20742809331896342,0.11782107730702117,0.07678660846504966,0.12596412827172287,0.06889190064393846,0.1122218993507639,0.0008450091611467323,True
107,0.01100062769073442,0.012797713646102384,0.23605407562120845,0.08511932227971149,0.03067346192484374,0.19293487928392572,0.016774263574403845,0.1633376619945453,0.21596790405186062,0.03534008993266387,True
108,0.05670441870548213,0.14650154369192728,0.09485282788967228,0.14856702188108958,0.16201434472575152,0.029514100196139835,0.1485978150705403,0.13362438771291868,0.02875708099521465,0.050866459131263655,True
109,0.13473075264418843,0.07532641721610314,0.12147272100637092,0.15254456295847663,0.030398344839895192,0.11003525711466958,0.10882086249250313,0.08279995761040299,0.09958318846987538,0.08428793564751476,True
110,0.053520395095106525,0.08434208422005404,0.12598982513879983,0.07247417314943382,0.06901189059258538,0.039800246680038245,0.13573564222949203,0.09505418270816941,0.16680346056979595,0.1572680996165248,True
111,0.16540823865363263,0.20746278483437855,0.0028581493501727098,0.12840811538299776,0.07207603557599318,0.019657497371445874,0.07377918100143356,0.13629304859898766,0.14945651052249276,0.044600438708465376,True
112,0.1522018926647899,0.05963424133437639,0.059925033173492716,0.08380240731796279,0.0808816393690282,0.05332481539861635,0.17657969834133996,0.1373442120260643,0.0408885941700957,0.15541746620423375,True
113,0.0920413339224757,0.08804173002548067,0.08646594014127404,0.12365566612924797,0.09386083984838942,0.07076906399360196,0.12107689800052199,0.14784079751624057,0.041400704423074135,0.13484702599969353,True
114,0.14718534543608416,0.1736144130080027,0.08765767643409943,0.11203678049865881,0.07662438528156404,0.024061725828332308,0.051625508562149335,0.059453151841723985,0.17336271266764283,0.09437830044174263,True
115,0.06510328434161444,0.14861690575114603,0.0780181596655399,0.13172951705944158,0.09066219811510311,0.04851913465419176,0.14230928758547598,0.12498039401558865,0.04167091024808892,0.12839020856380967,True
116,0.10385610252261732,0.15917133184765622,0.16194338041973708,0.14653138888978245,0.059727989342580556,0.03695731418094237,0.1535729348366997,0.0511134652653916,0.03933992895680352,0.0877861637377893,True
117,0.03566697346438214,0.13692403834519878,0.15761388335437715,0.15584639887116866,0.09811825005159497,0.02176546339952796,0.08533256335823058,0.1296729100423428,0.11429663619903462,0.06476288291414234,True
118,0.02005810821148848,0.10519301788950225,0.18587867500381042,0.08389930923915384,0.07192325640901108,0.015284236667038589,0.15832143554184278,0.15253173210807422,0.11846807634078978,0.08844215258928848,True
119,0.06458772541786506,0.17613749270487133,0.06996464809868813,0.07220628868024212,0.10894540406133207,0.033024188471450916,0.03008538968559284,0.1691323529557179,0.16660496651215975,0.10931154341207991,True
120,0.14159727696010796,0.0703375277773861,0.00849217448425232,0.007046259204384242,0.1736781489061466,0.10607423879306363,0.07796692836061425,0.17535189072950688,0.0817143174872157,0.15774123729732226,True
121,0.056973097758601036,0.1422962154678531,0.0547076037620857,0.1536129758260275,0.0460302049624482,0.12335922893524937,0.09967171400363335,0.12368253247816895,0.1501071086454245,0.04955931816050842,True
122,0.06547649084593445,0.018909643468708888,0.19594100832037264,0.10007814650206033,0.04020886238352862,0.18039405991950538,0.039347314746328785,0.07335135601461669,0.17750890468735744,0.10878421311158672,True
123,0.14971898914922327,0.07726151573941292,0.11530454175846347,0.08440296527900372,0.0757937818600459,0.12496677050754089,0.1494216736577012,0.10474098778914616,0.0031104210952329933,0.11527835316422938,True
124,0.030552675955921902,0.18553385534415942,0.07041242290420086,0.041578213678570994,0.06016355224171302,0.12317520531194902,0.20798945029575203,0.03054242423863732,0.11371504053640061,0.1363371594926948,True
125,0.049060212167298424,0.14270520358106836,0.032465748758249736,0.03107992110946272,0.1030087061302137,0.18084698761168055,0.19087195622998263,0.05220956714367757,0.12099679997536986,0.09675489729299656,True
126,0.06120050129689769,0.19693231045006043,0.17375309378713585,0.13424196462968593,0.14633583412105283,0.12439667039701319,0.06824259258237086,0.028840051119278166,0.00011637525672055346,0.0659406063597846,True
127,0.13199396830467916,0.1182236806259846,0.02108759265293078,0.16328075179763507,0.027839466415130142,0.16065978593863708,0.16272018885951214,0.039853648487846685,0.10948632345388963,0.06485459346375466,True
128,0.05800395300849596,0.1518958865702001,0.0709384034751594,0.1497553828268649,0.23149563649980245,0.004764413921288455,0.014053512786668075,0.11121934435357467,0.13493976937022392,0.0729336971877222,True
129,0.1313123841128223,0.03483235900754875,0.09369878466373789,0.1596133124804517,0.164048626670493,0.1397377632945477,0.07995864542270381,0.09578977494632111,0.08405479799456175,0.016953551406812074,True
130,0.13974750308437991,0.06738163740539843,0.00418109135635712,0.03225032918005774,0.12163229045443649,0.07306441144250717,0.1515633296649649,0.1506302045184779,0.12683811529432373,0.1327110875990966,True
131,0.025115100458599673,0.052111523218928396,0.1349176944876493,0.0453264543894504,0.07863039300619927,0.053952358142151574,0.21848483103119215,0.16927102552977785,0.07724358983512823,0.1449470299009231,True
132,0.062019387558251544,0.03000841267309404,0.08181231833614958,0.171420557585123,0.08942826174473058,0.11452643482114451,0.15328921561001257,0.10555281808151605,0.1039715984823688,0.08797099510760936,True
133,0.11827329017761627,0.12646512612081537,0.1150614565483951,0.08725665682727726,0.08106255384200592,0.11695429647168694,0.12629096466317852,0.10559145863171196,0.11663539579345769,0.0064088009238549475,True
134,0.03643688966091457,0.006694984019329311,0.12451592687316108,0.17565366547920042,0.061568675400427035,0.1678362539860786,0.01624187957982301,0.1844399185731677,0.09436431803322708,0.132247488394671,True
135,0.06490500256037013,0.05461438141697658,0.09621547509385293,0.1095229112121479,0.10088537994722777,0.2047420831346058,0.037525695691676485,0.0814030206975346,0.13292616030659274,0.11725988993901512,True
136,0.14866872023213068,0.1477407276167454,0.061593118205561244,0.12473852808187269,0.09894790954850713,0.15599623507882968,0.05758218040270504,0.0323651956389814,0.046298199224460754,0.12606918597020605,True
137,0.11582302583535839,0.1361260655563541,0.04760436369723414,0.08548601676769474,0.07611510958292289,0.1037037121037605,0.13442886079915453,0.15107172594881813,0.07016721967556742,0.07947390003313494,True
138,0.12452273490090546,0.11143379229277285,0.032146108545363886,0.05630903752264124,0.07164352889517343,0.12716559082463905,0.1022173195643742,0.1527755433606228,0.12043646206106604,0.10134988203244112,True
139,0.12066906690875456,0.07185218378917528,0.018748717519832436,0.11907559406167961,0.19721433029148533,0.1044791494010182,0.07129183712963662,0.17923466084140866,0.04507888836550512,0.07235557169150404,True
140,0.1115605000620743,0.14800564978685352,0.1520348317747945,0.11415102249034371,0.10680441490937864,0.07653395735896469,0.07003418261334199,0.067493040044402,0.08253090872838226,0.07085149223146447,True
141,0.023858984785096807,0.1214789325962407,0.06583421952494603,0.11247332331117066,0.18551908046179522,0.0673023162872081,0.15515748359395715,0.0713249146864578,0.15874586597109241,0.038304878782035194,True
142,0.215686796969714,0.14851321288239286,0.026162362476519607,0.023822966024187413,0.1187835220961224,0.027181492697637,0.10268570381801044,0.05891808992153549,0.05586115934948828,0.2223846937643924,True
143,0.043094331883456904,0.09298762636683038,0.00559692737168033,0.06501584988944795,0.07249158428556791,0.19198068343574118,0.17354563468622713,0.03816896646656568,0.14792599360030317,0.16919240201417937,True
144,0.1425779510569326,0.11949661420258183,0.1255179300495434,0.03344278223021257,0.07155237101585017,0.174396289820836,0.09479840830556854,0.05078065452529604,0.17231203597479447,0.015124962818384102,True
145,0.029024808201114995,0.1686674165182421,8.195866484336603e-05,0.07602652008989379,0.12161232934302271,0.10148315944538147,0.1883127059227661,0.07432814613452102,0.11742065391349547,0.1230423017667191,True
146,0.023391735400941895,0.1619012321768912,0.011461675375074129,0.02910965443497944,0.053965539253333146,0.23758380327413256,0.13204268675180544,0.0670911298162173,0.22955427689513333,0.05389826662149166,True
147,0.08545360575295022,0.17185005316149154,0.04679998687671211,0.1028173522179071,0.13939838702251162,0.015481112136125593,0.06624793760639788,0.16790114568106956,0.053289905047918036,0.15076051449691627,True
148,0.04265424660353907,0.12695321998936712,0.17662037671226924,0.1480959747690186,0.09331914224607893,0.10038505289769617,0.0321010074350092,0.014144697855462492,0.10676938494140693,0.15895689655015216,True
149,0.04093407214726582,0.1519084215607658,0.11835261471945283,0.03266809975976865,0.10060292109590858,0.13179439236318632,0.006198089823752227,0.12427552678414291,0.02518734110487521,0.2680785206408815,True
150,0.1230037685674157,0.0529977009739588,0.088693413588087,0.08021292708141263,0.15914101943100886,0.08772344146935222,0.029379837978640473,0.13800832198947208,0.09976704193084966,0.14107252698980272,True
151,0.21384295055069608,0.1992940645866667,0.0901800861944513,0.20426134713032515,0.013035597238848727,0.11564943982326994,0.01763758617527348,0.12890608882978616,0.010704661153495349,0.006488178317186964,True
152,0.11533191353867564,0.07264390243240168,0.16786715455924944,0.12070009504580471,0.1325154443454524,0.10964722216420639,0.054518406221925164,0.12047515233331373,0.08061096159598323,0.025689747762987637,True
153,0.07431206150072973,0.0575187161673894,0.11744959370029243,0.15537985464922008,0.16319258628513175,0.04574715521985747,0.10486159327177344,0.11648670219400566,0.05861918120070889,0.10643255581089109,True
154,0.07438375475070126,0.06532722793262534,0.15162874097870838,0.16389486964304273,0.16872222501098488,0.08149887270837845,0.08911685240181658,0.057723072972607155,0.03623342062421922,0.11147096297691597,True
155,0.049969872006186716,0.05615864914908998,0.2130419160333319,0.09263734300700445,0.03921184559320351,0.134336782157523,0.15914945260282226,0.15127803164817696,0.08765695048668269,0.01655915731597849,True
156,0.17107033484915068,0.15220601583687768,0.09664766316527675,0.0757488820497755,0.013479774329595332,0.017299701225511777,0.030654997936732868,0.1767376697858382,0.09751373765775724,0.1686412231634841,True
157,0.09742929988325058,0.10681679547490722,0.06359442572940428,0.056822529861537976,0.15078178456112712,0.0688042053146524,0.16052294584593343,0.11671600259203858,0.03078464240483149,0.14772736833231698,True
158,0.06585958174085976,0.0025232996646243023,0.08017769037590707,0.1464277586690453,0.013932129779304905,0.1613232595446303,0.17995636368912538,0.06881413716777215,0.23352759901221468,0.04745818035651612,True
159,0.05812522618810921,0.09733015793324906,0.1286542148934752,0.17659988010486155,0.14710883087101248,0.046924594032612406,0.14117827270007277,0.09787967904314648,0.015418321322216384,0.09078082291124456,True
160,0.14178610685392795,0.12351385296736385,0.10328370286235831,0.09377128809140678,0.07343508396300129,0.07069046452435668,0.12148063591188119,0.109080707483593,0.09256383554714415,0.07039432179496684,True
161,0.06800670614734367,0.10642718167778746,0.12305629918090252,0.0015086124271710317,0.1361494560059219,0.18291437226725496,0.13562344798021547,0.09817171395205358,0.09101789050683841,0.057124319854510955,True
162,0.15592649992292984,0.20715675232449327,0.0016423386598507217,0.05794006353535474,0.14674566000977124,0.06978764651447647,0.002569853459199321,0.08788147980437434,0.16026406989691047,0.11008563587263961,True
163,0.17748871985496226,0.12203135252655661,0.08592141619167974,0.01822334364694475,0.11613386600174429,0.000915387787730884,0.1654959022018369,0.0338743613945277,0.14703833211064887,0.13287731828336785,True
164,0.03823995881286866,0.08542921090617818,0.17759024736674778,0.11640763124063429,0.03829431487735325,0.08660653476493618,0.026974983339178943,0.20881311729172852,0.058486277256108395,0.16315772414426577,True
165,0.14059986762739932,0.13706848877758812,0.13620134578879506,0.13731283227907845,0.08662424454357572,0.030606298498552228,0.0678771833027369,0.05531967564481326,0.14958070504292045,0.05880935849454061,True
166,0.17648757078696947,0.15175626484440108,0.2006132809940224,0.06892888085643499,0.0067827096079647485,0.11838030242753886,0.09288132457121157,0.13161736976310456,0.01523967728265775,0.03731261886569466,True
167,0.09575127215991275,0.18906031955483574,0.05429474296687416,0.04316408930870324,0.1519920772228624,0.040580474777507695,0.1516640582711426,0.13255292807246194,0.09855984823708742,0.042380189428612054,True
168,0.0889929956824,0.024607178040641366,0.14691487926112748,0.01492425766984686,0.16785177326039546,0.17940865544487994,0.03241960946737285,0.15293347149261935,0.1736208662812391,0.01832631339947752,True
169,0.04658525732182179,0.06723396859333103,0.11040102337964461,0.12493687342960284,0.0807777008584865,0.12337240190437539,0.10820727093973172,0.09478245484249227,0.12044430000236533,0.12325874872814864,True
170,0.08329728739886358,0.1457550633285136,0.12037067315136644,0.047086985562690226,0.15528857459688067,0.17489023461662828,0.03325796926155443,0.10145733306217178,0.11150725673640365,0.02708862228492724,True
171,0.16823022463000908,0.06815503119334125,0.12688874215862916,0.003035153525326375,0.12315612699806423,0.15859326117482866,0.0052504902973166505,0.1399725869042157,0.09476355491931752,0.11195482819895147,True
172,0.1128056186645647,0.15045116131231034,0.07096143382864038,0.041258112322474866,0.10041314527339887,0.01236955786622692,0.053375216094398534,0.09106326655032852,0.18396954568252655,0.1833329424051303,True
173,0.1339579203773658,0.0003135669244343653,0.03923339307039904,0.11277822489420469,0.15664553318582972,0.1796466864636568,0.04618938508429052,0.0804411481284417,0.04856805406082951,0.2022260878105478,True
174,0.1832944130872802,0.08955975946899596,0.07579314951156348,0.06326073170851529,0.03540707198199032,0.19886864672058444,0.04154337079887987,0.07084860271028554,0.10224651474827885,0.13917773926362614,True
175,0.18175100368705321,0.19152604258793676,0.0935265719927908,0.17179168164018468,0.025564586293217423,0.11136260003893131,0.0168087651716791,0.023297502565741098,0.08496035629485998,0.09941088972760571,True
176,0.025233164150243077,0.14914468820779422,0.10034875415457173,0.00917665065768085,0.1624866022076198,0.07455826287195973,0.12986661407124162,0.13056424088992336,0.19091022226292345,0.02771080052604219,True
177,0.1311186433959353,0.15640534534883355,0.09589868444227112,0.1318701812537813,0.10644833374441154,0.09145266860844475,0.02055764880741613,0.12206769126515654,0.09431991900391785,0.049860884129831994,True
178,0.18313784874113775,0.05507850130926611,0.19735149581257685,0.0024973480618482027,0.05443024175584019,0.025335600029542573,0.02375868923281341,0.19054390978342065,0.161962687818565,0.10590367745498924,True
179,0.10273895878679655,0.012751846144806685,0.15402234743869905,0.09297973606725314,0.12854580546563385,0.12425062317220605,0.1474565794814807,0.10563726176428227,0.0635271306325803,0.06808971104626149,True
180,0.07260020658763743,0.179768599049918,0.05754426035484662,0.04449066739714749,0.12582861020582808,0.11256560593160372,0.04217995191304045,0.1372289435228944,0.19293761988428493,0.03485553515279875,True
181,0.13419029224433868,0.056811416781524154,0.15166036547427988,0.12686904374164062,0.005010052254334331,0.07948749902065792,0.05363787067648997,0.1808730681124752,0.16924844971214484,0.042211941982114476,True
182,0.09609913926973368,0.21131442163038805,0.03506028005446554,0.027057259593479356,0.028677753246501646,0.015322825443059615,0.16888394816498753,0.23300825117910862,0.057632899731371284,0.1269432216869047,True
183,0.1681589739051399,0.0838431952520679,0.05044271840494877,0.05520488501361704,0.0033485457339670946,0.1228105800827364,0.09699424879907426,0.15166831923481192,0.148202393149469,0.11932614042416774,True
184,0.1130451265568333,0.12764408745162734,0.07322301305960485,0.1946452999592185,0.015345381119326642,0.03006745254478931,0.13118862247439445,0.202823919712635,0.09181557534021006,0.02020152178136062,True
185,0.1304198929754077,0.13974364580890114,0.08037048081821754,0.15096676087081964,0.14887461108915284,0.0640799507988256,0.051174807937624044,0.1647543906237239,0.0027169351915285766,0.06689852388579881,True
186,0.06117371327990729,0.11610045717995944,0.07686121140015559,0.06600227195076214,0.11154588055206638,0.03871786383445806,0.1533610739431689,0.09813074236534705,0.09781729773082877,0.1802894877633463,True
187,0.15327270767980544,0.1541705140515964,0.017058566284841488,0.18133318256189607,0.03905975129369732,0.04430923733166541,0.14881904449324812,0.17538731766955212,0.02159470749706385,0.06499497113663391,True
188,0.1389183751942035,0.09720471293002908,0.008452952453258904,0.10891996017526065,0.007312224681901934,0.1273837911261805,0.11121104460068781,0.12836760122812493,0.13861361514523785,0.133615722465115,True
189,0.15895019512600886,0.1326070869092529,0.15546066514889068,0.13814514596570934,0.10119162481535372,0.05038690721592011,0.04418626327185959,0.08615138026861938,0.019932776466956577,0.1129879548114289,True
