ID,strat_res0,strat_res1,strat_res2,strat_res3,strat_res4,strat_res5,strat_res6,strat_res7,strat_res8,strat_res9,alive_at_end
0,0.14497422499566148,0.02046026432950765,0.026996836600304202,0.1493976559322757,0.13959575607487046,0.03079043585702383,0.15308037438991842,0.16522125759788328,0.07375922902891136,0.09572396519364375,True
1,0.1576734641318257,0.06839248453203912,0.1638277921208968,0.1823018992115201,0.11613450289527873,0.013505995223329494,0.046293630503214396,0.18062227080910953,0.03923228950192738,0.032015671070858676,True
2,0.01679957250881546,0.000486848303057509,0.0869207665983627,0.10821647252501175,0.13825251609850836,0.17350560387843503,0.1771932048689376,0.08296193894533756,0.18528260173257416,0.03038047454095985,True
3,0.09703616853489415,0.040412394737526024,0.10316223500409755,0.07849799984596935,0.1616044964409252,0.09492576059096078,0.09935716878245662,0.12320324442459728,0.16158346620760425,0.040217065430968944,True
4,0.0428443396584318,0.08619475242247597,0.20565085270421898,0.08767745646734147,0.08718458985204465,0.06478027291328832,0.0530535644949673,0.0978580437802384,0.10798593037722753,0.16677019732976558,True
5,0.004804901699906325,0.06321890257486008,0.030392730544383566,0.10711678009121854,0.04246835000068025,0.18432535395446756,0.11096537171201111,0.24196604927928062,0.195353829283527,0.019387730859664998,True
6,0.19340922463338953,0.03237517627239946,0.007209406854580751,0.13435190057730115,0.05665245256691908,0.08435148202309457,0.1864818009788022,0.09961862382369192,0.12958385532801345,0.0759660769418077,True
7,0.18489204496634523,0.06867991930117422,0.09025855905972877,0.10572611723679909,0.1485776292472345,0.04889890680450467,0.047117060630948136,0.10508093648818188,0.1306113855279047,0.07015744073717887,True
8,0.06719296333485412,0.10557121598622644,0.010450491759874829,0.06805417000804392,0.04603382528407126,0.16464904099676256,0.10605495602483496,0.0914523384321056,0.13234611183025632,0.20819488634296984,True
9,0.04758228030711439,0.16694906216749522,0.1678235221968908,0.0002146079184255652,0.04809226038201242,0.1360792511506416,0.047521941231484004,0.14952808171581328,0.1399623642793861,0.0962466286507366,True
10,0.10008552353481971,0.01905368511114188,0.09420454387582555,0.12220335839995777,0.1407563568316005,0.1080884382807218,0.09237508795999265,0.11862660852240763,0.09339275163057191,0.11121364585296048,True
11,0.12684601432654583,0.0008244217400615807,0.17977938492360218,0.2463602935281957,0.02695325526182213,0.007154171295260855,0.08817608812908301,0.12498865496095857,0.11681030775497886,0.08210740807949132,True
12,0.0915072260599465,0.0027880174390968195,0.14978325892490743,0.0566666033285218,0.14359653303277967,0.17894820035653813,0.18701793176532894,0.004713779998800693,0.012817633496280964,0.17216081559779903,True
13,0.04507479211926667,0.09015466670900067,0.17552327496629366,0.16332849204072403,0.05193091084125317,0.10164891923200263,0.007559888112610002,0.17415666261095958,0.054772713977247846,0.13584967939064174,True
14,0.08005819794023372,0.1861845477274958,0.12127228199490223,0.18288479993579582,0.039265267796204935,0.0811889677528204,0.1052772616689931,0.10558036718365503,0.012503090009878065,0.08578521799002088,True
15,0.07342145362355484,0.11540571678348858,0.06389594703347293,0.21198794167359927,0.012514259517744998,0.118737857394384,0.10591422075571616,0.08926161438246384,0.20696191401147293,0.0018990748241024882,True
16,0.03341638363419086,0.0940096052595611,0.1620821130934148,0.18768847360767257,0.04653171611734993,0.09271593896373286,0.1782590530326908,0.12355108043804852,0.05003981668678197,0.03170581916655665,True
17,0.18031270799540133,0.14779237849626262,0.011120630286320547,0.04149120806852599,0.13294824030539507,0.07928588665916947,0.04475896152751872,0.14879360018847115,0.08772459641838402,0.1257717900545511,True
18,0.06914101501204922,0.101161370471371,0.14852625425414903,0.05442665587945189,0.06997062568426182,0.27793439061084907,0.03560700852001934,0.02912351573014964,0.07556127660718019,0.13854788723051858,True
19,0.1390684078218943,0.08819513260228,0.13341929449453135,0.022591474570083345,0.12506978193486906,0.10256180321205159,0.11081718937154597,0.15571798476202164,0.1000588662020651,0.022500065028657715,True
20,0.06722703118224331,0.12871161430836095,0.01260094347786468,0.197399346314011,0.1214492408615807,0.09722091953239088,0.19355588566483445,0.1322870815290354,0.015763163884082353,0.03378477324559616,True
21,0.14967470241563893,0.05093922348233225,0.08550165967169011,0.11780249136723397,0.04626062747952223,0.14011065719573532,0.08119533375421313,0.03486183225596915,0.14929073809064577,0.14436273428701915,True
22,0.020084513590379948,0.1417624082544316,0.1143686485451787,0.16238333154871648,0.029969895972834778,0.11966006924638459,0.11712045859598902,0.028322349791917976,0.16094843412392404,0.10537989033024286,True
23,0.14897262915758713,0.09108560698788581,0.0546446162756182,0.07998179425478645,0.1832694580508071,0.09994499872126637,0.07137905994563147,0.03993802474543799,0.1502569143208304,0.08052689754014908,True
24,0.13087390403869983,0.12348340887523693,0.08372074294596245,0.0714320069351745,0.15497238330111768,0.0855248820738424,0.11252510870306685,0.09379580134013221,0.14253918408568494,0.0011325777010821676,True
25,0.17370095359938253,0.15809813402627995,0.12012787539475309,0.0385803246408247,0.0696300451007881,0.0025568072889766104,0.08588545823791252,0.12610563060237126,0.12565141868525195,0.09966335242345922,True
26,0.03806351637149755,0.132195388162445,0.08280855382919768,0.1367815547158008,0.09527654552041621,0.20495372265892675,0.016114604888489106,0.0478871971950458,0.2163534997748355,0.029565416883345623,True
27,0.028398031086568812,0.12956871525813238,0.11403226961896468,0.04048187750554631,0.05746843195028773,0.1658632871313429,0.13033956499321636,0.11482811859662168,0.060959155986780075,0.1580605478725391,True
28,0.09365942994373634,0.10464225043219166,0.11090816309162056,0.12328370469270798,0.11839690007651726,0.08336100539967499,0.03702776294405283,0.10088083380330895,0.12605692901814722,0.10178302059804219,True
29,0.16070585298883597,0.1459792442181898,0.02201403578675369,0.10746369703576458,0.037768294198601324,0.05365250621816093,0.1858897218658629,0.01867760457419293,0.13678467044385095,0.13106437266978696,True
30,0.10237065412014502,0.05386003779406936,0.09711609413397065,0.1645408827590175,0.09322991696988203,0.054926585233174945,0.1588794092032456,0.16147559026755096,0.05568782032410496,0.05791300919483899,True
31,0.08660614276042782,0.1083525710349641,0.046793346278904885,0.13674444800524488,0.07159132353883817,0.10295965020714946,0.057516275170328576,0.16592614556565138,0.09129147912695143,0.1322186183115393,True
32,0.028284633815309726,0.03104347624897717,0.19244121339800171,0.14218157907347406,0.012417852078040035,0.15319728800287136,0.0693511987468697,0.06907610933460501,0.1552265129030061,0.14678013639884524,True
33,0.0026307442924409325,0.10556847242028897,0.12006254287285564,0.09005987549098206,0.1715061098005055,0.06656749388138285,0.2267922862157179,0.10080190287280431,0.05254270904994621,0.0634678631030756,True
34,0.01623313505678961,0.15289215033993683,0.05767268722243085,0.24444132113535005,0.24977338719552417,0.12406169191152464,0.0295644428374222,0.030835753493206604,0.04310953276828874,0.05141589803952637,True
35,0.11925032250036056,0.07555405412881594,0.07970608367785548,0.06516405245041675,0.15504029239777117,0.09951881248295844,0.17479643649420887,0.005743840428047668,0.20209357810393558,0.023132527335629573,True
36,0.10984989832876231,0.10008433007342428,0.07966091563069484,0.06959506568159851,0.12047141543158242,0.0002711900032039894,0.13253593738272804,0.13027464854156368,0.12525124157122028,0.13200535735522173,True
37,0.1314155142627538,0.14140480610558415,0.05915072389323825,0.11019767471558722,0.12282341842950094,0.012354569230255668,0.12929734851749514,0.08579422104102402,0.14363873519024323,0.06392298861431772,True
38,0.07312766889038184,0.14244635425856278,0.17770586876431632,0.1243575531190862,0.04799720007725535,0.14165252571171738,0.09595875579412497,0.07095893932543022,0.06124652590791633,0.06454860815120873,True
39,0.24986374951241228,0.10724043613376408,0.2398824910827713,0.14371106854848884,0.017083255627596307,0.023062648179192267,0.0880485257546202,0.04232258914065614,0.07538485269869925,0.013400383321799434,True
40,0.06176965877727956,0.05156374824565241,0.05450116178631566,0.16619544731391378,0.17244137382332594,0.1049348888398873,0.1518965589850195,0.137874065736669,0.04620900179010504,0.05261409470183183,True
41,0.09095188386434461,0.1332571061311499,0.05271743566695872,0.19727062408172846,0.026815601687741508,0.10033559926123337,0.04035016650748627,0.1284867530903223,0.08672062066028202,0.1430942090487529,True
42,0.0568575415187749,0.18217875031056682,0.08647057304913278,0.13559782246027782,0.01847848157514815,0.02554936754402687,0.08165907830224582,0.18588229728872158,0.18885991848426686,0.03846616946683817,True
43,0.004243199205591415,0.1366524679441467,0.051072646820245156,0.022202881419754187,0.17406408668905998,0.12705125139109003,0.06649574145354774,0.10908385494964025,0.2421217251565677,0.06701214497035686,True
44,0.18276235358056828,0.007583159161426094,0.1444916958417034,0.14694695786580872,0.01951375497364746,0.20601122854793122,0.029948240330321885,0.041191669722224156,0.17009279565817598,0.05145814431819282,True
45,0.10007634017745806,0.08043391261366714,0.008159989295807921,0.24838214981643214,0.06498075082686945,0.06895960207974942,0.12923103096325736,0.011599616043611127,0.0393047545270192,0.24887185365612818,True
46,0.09829143844878759,0.15391013751795135,0.10266729445847134,0.06945606207411056,0.09633772902607843,0.011132682308718148,0.052038395299021274,0.15981783445506312,0.13721169227529173,0.11913673413650648,True
47,0.2323186784247168,0.035540147440644494,0.21086322053316625,0.006841611049527739,0.11077749704451574,0.0037440392720862322,0.06473470494789277,0.12318930751519394,0.1903355634932475,0.021655230279008408,True
48,0.148083524819986,0.0966303629202788,0.18070113140396618,0.06553041208192364,0.12232124982108669,0.14255788012679638,0.025055703679696326,0.06698926914883155,0.08474367455198387,0.06738679144545055,True
49,0.06638217528414002,0.07096964723389773,0.20708300580270267,0.007666455839045211,0.05654302405928484,0.11516333223352443,0.0863321974252954,0.17366962957339274,0.20480219097731137,0.011388341571405544,True
50,4.197829510139933e-05,0.05932454992662274,0.18206225534518425,0.12335243845596824,0.1700184689696305,0.18805479709552855,0.061699037654715606,0.11195781913297348,0.030581125205819976,0.07290752991845524,True
51,0.13539701335990267,0.17771866272262332,0.039984460074211144,0.11792215588988872,0.10510300876698331,0.2161903039765442,0.08877087920180898,0.010216743623661088,0.0911144360681945,0.017582336316182008,True
52,0.13347034939853064,0.22787329394382447,0.20789312944754362,0.06268606052982924,0.21053369247377712,0.056601542708003764,0.029943490814676323,0.002832510404335942,0.042880817327814,0.025285112951664978,True
53,0.12366886489001817,0.008228510049041382,0.19049917679620057,0.009126492560776045,0.07133160959110155,0.22593548925565954,0.14740205204752754,0.05496671536271967,0.0852335557153908,0.08360753373156472,True
54,0.01635133232822425,0.04651813021842968,0.15032025773004917,0.12233629354660047,0.15059399219041728,0.20938153069807916,0.062260976131142336,0.18108853905361016,0.04609410366266719,0.015054844440780412,True
55,0.06749707569510147,0.18075324971906515,0.1780956502569949,0.1577061202679656,0.15745215761405873,0.013342738930146944,0.12317087501501091,0.10232088961353492,0.008550157313780449,0.011111085574341022,True
56,0.1458577250360144,0.062037292004028105,0.12417162856569754,0.005708587766030636,0.07652051336245529,0.16998361869906575,0.1704121190604872,0.02257019846133948,0.1555965154870677,0.06714180155781391,True
57,0.15267029754382389,0.11911389827728959,0.01958251148606393,0.06196949269793535,0.07244702440477183,0.06791063719413311,0.11417264170730049,0.17865138586776724,0.09644255269313101,0.11703955812778352,True
58,0.008172103349892981,0.1589809842405766,0.040789653499976604,0.07075245467076817,0.07941030184465675,0.12234235871459595,0.12442174264212714,0.06723302625066162,0.15605447809584047,0.1718428966909037,True
59,0.024746143792363715,0.027387917108743828,0.1402041843300023,0.18808105189105515,0.08269563355021242,0.03712813293103612,0.12052580873976455,0.16288416670702352,0.14378609717540133,0.07256086377439705,True
60,0.1282223865014263,0.025585165573791434,0.19640503609231094,0.10285739764795786,0.022326887484906494,0.03351616253636963,0.04833663701816122,0.07609898452808822,0.17668912887995053,0.18996221373703726,True
61,0.011353340046349745,0.22977684506273396,0.2305142253827343,0.0556160698574781,0.005803224654725472,0.04388032240778277,0.14757952820178433,0.18069383602964897,0.04488401925896546,0.04989858909779689,True
62,0.15222861168877366,0.05748079482690181,0.04561060449499155,0.1438986138390388,0.10405339224701428,0.02708897409357909,0.21636545418667133,0.10878849149584895,0.11857670130634718,0.02590836182083342,True
63,0.007623189117205656,0.054179958416662295,0.07189484827943834,0.18042570640929248,0.17601610599791648,0.14945286590893192,0.02156666953326038,0.07554224970728032,0.18502330299069858,0.07827510363931361,True
64,0.12608041038326576,0.1430375530729239,0.12119877225456642,0.13807806217098295,0.0801405674851685,0.009995227036188246,0.17678774196627828,0.02653168252808709,0.15709597206947817,0.021054011033060614,True
65,0.1023583483858899,0.0676025062930692,0.12283943606970299,0.14149030356557352,0.13704117358345122,0.05606312388796173,0.07523290680621461,0.13656106789458491,0.1300666210931078,0.03074451242044419,True
66,0.07158386681793695,0.15037820599257434,0.0885312332665471,0.08135556269380127,0.08845644842967469,0.07485228338912983,0.17832816148231911,0.09583566263105119,0.1535808719992408,0.01709770329772479,True
67,0.01382152699688351,0.002238640860794184,0.13367755755956764,0.1437558439216799,0.05721186985074444,0.020144929725146518,0.21748755938949063,0.21191644836928286,0.16251924796991493,0.03722637535649533,True
68,0.12838815563702763,0.03859762309285025,0.062322678835814264,0.04223584071851911,0.1356808410829328,0.1460477593457979,0.09853630377516828,0.1543411975588787,0.03411590220958472,0.1597336977434263,True
69,0.15360659354140532,0.11681817382147906,0.11620733452004173,0.1110968551427717,0.12087553058071666,0.12267938986685614,0.06023710951968626,0.015527209017067646,0.09169808355737287,0.09125372043260252,True
70,0.10089491626612114,0.014421224678557712,0.17489093838195005,0.0704777893937484,0.1698396831407347,0.03293269083057105,0.1275934402906764,0.15509832670472434,0.10745369661798326,0.04639729369493297,True
71,0.09927614882316864,0.12916171995780415,0.10051541367967691,0.11625729634497638,0.0537696695393309,0.0836362439467514,0.1136080232684874,0.09592389217172795,0.10396090437228772,0.10389068789578862,True
72,0.066779643824766,0.0991967717559095,0.04695616794709089,0.12041093300992044,0.14568512727789987,0.07920885698557212,0.14260837328290246,0.07025231529634089,0.0765713706807951,0.15233043993880271,True
73,0.0724442010603685,0.052373790193701246,0.0023834333600791756,0.03290904390746161,0.2416378064707388,0.0593975975488314,0.1376463583844786,0.010213529207140021,0.13138527317143658,0.25960896669576405,True
74,0.12907687867921455,0.011774199853823546,0.04883440691102338,0.010233056200909418,0.22187439416811386,0.17566815612265513,0.1479731963359339,0.03825481794411643,0.02210843339181506,0.1942024603923948,True
75,0.08146158447587727,0.04721706622393886,0.14991957471037531,0.07935377672235441,0.13981492283829253,0.10723926417788684,0.11606137798236542,0.05754311059836804,0.146162502429887,0.07522681984065435,True
76,0.04306881465894151,0.16174258681226267,0.14957468697607415,0.00261572965476698,0.09594029060170357,0.13051563064945249,0.16917235713585152,0.07498648254210757,0.048609292871063456,0.12377412809777602,True
77,0.22083823681324746,0.21758440726793257,0.05331233656228158,0.02031462931622205,0.009044785377437765,0.2181586690863991,0.010936351296124034,0.03115874983572353,0.1150680951924692,0.1035837392521628,True
78,0.05483668320525827,0.15327014029430652,0.22174582043077112,0.16656471126706637,0.026039542401879338,0.021822570063003244,0.04106970342187109,0.027733981492462312,0.15829113099406858,0.12862571642931314,True
79,0.01760075178652656,0.044692798756409954,0.12176345190102442,0.17743172074881639,0.17947945637030896,0.008347046090161297,0.017409494854895163,0.17064484319461493,0.0626491734551295,0.1999812628421127,True
80,0.07189689420589698,0.10529605026116202,0.15098443560909014,0.14609776794082274,0.1031433562883924,0.10185518854414644,0.11808679608418984,0.024537627597018597,0.09327987430258226,0.08482200916669858,True
81,0.07488437036358789,0.18888289663161625,0.0850641485090643,0.14090835229941223,0.10715296196849483,0.10151423524754537,0.01826763204988752,0.03357435470430586,0.12477434827237124,0.12497669995371459,True
82,0.1373374544995413,0.13031935999257194,0.11082053633719423,0.09983821497558888,0.11226081462211353,0.10673946889782888,0.04866070556381037,0.034317832030394346,0.08307463079712082,0.13663098228383566,True
83,0.0735538209915096,0.15404109962884668,0.12465929826282027,0.13421523327548063,0.11599228038946334,0.054976573370367474,0.11799100777510965,0.014693483044482144,0.16901192101194942,0.04086528224997093,True
84,0.04190596985371783,0.13919660293835578,0.07179952724623899,0.0009286002370736684,0.11164538967749138,0.15482794327316532,0.0722320233238251,0.1433526396747633,0.12539981389836674,0.13871148987700194,True
85,0.16053107177521098,0.12335139933358648,0.04218872144042218,0.009134134768036593,0.0225504936610947,0.2110072481390714,0.19165231935987959,0.03794174823422115,0.17711479019996618,0.02452807308851064,True
86,0.16792682858844257,0.22679348523493165,0.1011423523591625,0.11276435842618864,0.07916933010942646,0.02168531908589006,0.057866000116246936,0.05547286765166847,0.07926789868920013,0.09791155973884257,True
87,0.12374150731975887,0.19998980708562825,0.10583364636204677,0.13257385008266012,0.02439205418851394,0.03175239081622785,0.08316499440901695,0.1677710755507565,0.07546032715816187,0.05532034702722901,True
88,0.12612382801202005,0.07162352119504792,0.04546250947662532,0.14411915335034411,0.116607200116421,0.1353575889050686,0.141539643559318,0.07521981473169943,0.07580974444394313,0.06813699620951254,True
89,0.11320746088730922,0.10903084879150356,0.1299966659052807,0.06403717417357761,0.06045063922377269,0.07567086128000917,0.14177937597670015,0.010420782368024318,0.13752733841696313,0.15787885297685955,True
90,0.10422226860859043,0.17085396277134185,0.08997025757783378,0.036274690127478915,0.12743131599247548,0.02845405343381319,0.0744128062408883,0.12648192103871536,0.15036265321617737,0.09153607099268521,True
91,0.1521596507767633,0.08072479778505352,0.026660880724275315,0.030833736233833824,0.132855957626,0.1334663993059001,0.18250660817991815,0.15237428034260092,0.06274489839162263,0.04567279063403227,True
92,0.05027112674876994,0.09270952393642745,0.18064413093816528,0.1280032723424876,0.034071885544677646,0.04181574569986739,0.08297675123872514,0.16993368822525745,0.16053179206419868,0.05904208326142344,True
93,0.18954672799987596,0.11575709783881442,0.15091285705612228,0.03285061816147843,0.22004572085427215,0.0325416297775173,0.0633760710053056,0.09618352685888659,0.07954418895337338,0.01924156149435387,True
94,0.13006786216411526,0.15793914954695798,0.10270870543635985,0.05307294247642694,0.034622733766082686,0.08583674702699153,0.012865592965409447,0.17099432258800037,0.14428197920437005,0.10760996482528594,True
95,0.0614617408345366,0.1569507772864307,0.06890290036010065,0.10132904925571806,0.09863478378907192,0.07149376244470688,0.1459331765646791,0.10813099531773607,0.16405393569491464,0.023108878452105394,True
96,0.07006076600192787,0.05876720679296732,0.14961143554257952,0.16047009033034434,0.10617363257295467,0.09199890411228906,0.12867305709069538,0.19703994899746224,0.024191344670969395,0.013013613887809932,True
97,0.16107902231798504,0.16299832315238594,0.07441050786940855,0.0034474657468447642,0.17102769675536167,0.10220010502789989,0.05800445586393793,0.18406997155522567,0.017344798497338415,0.06541765321361201,True
98,0.1435165839294686,0.03561156585623045,0.13188365715494613,0.1528176726603346,0.163753395562421,0.0009303311181641809,0.01581965929124524,0.12200661166822072,0.16697057572066706,0.06668994703830197,True
99,0.12122341333473079,0.02162654312171667,0.001989891093845414,0.010299385664595543,0.05385395224762096,0.11918907394544943,0.15311073039902984,0.16591381405338093,0.21722196111827588,0.1355712350213546,True
100,0.05339482870718136,0.02507302156006055,0.02793922721298738,0.17548974434620387,0.16560105359305663,0.20513739403807946,0.017707426519136052,0.1369017460833019,0.13892358674868624,0.053831971191306595,True
101,0.04431768536838253,0.08940478367413429,0.13361805726819567,0.08867629325498451,0.07288986887283191,0.18301375658517335,0.006997958816632433,0.14389252867047947,0.07874691355116914,0.15844215393801667,True
102,0.19546434967845247,0.153134225811524,0.12768876692114828,0.14522140603963563,0.17156285988009248,0.10249318875227689,0.0076350933405444285,0.01029053623425244,0.05930621767995042,0.02720335566212298,True
103,0.10758547205257603,0.0247404194706896,0.08923124285541158,0.0966196821339488,0.15507575969077514,0.11984082116449339,0.14319863246776965,0.08811363727342775,0.0866000323763717,0.08899430051453638,True
104,0.1143092829479937,0.11779343701218672,0.14779267612359165,0.12429782596813521,0.11183085708237339,0.07091263279722457,0.04891783233489723,0.05044359718071672,0.07611458809759997,0.13758727045528085,True
105,0.12040914072978845,0.047591655969452404,0.029762449504985012,0.1522662869908281,0.06787817883432515,0.13765746374796964,0.03857406577890269,0.1338293232021773,0.11963358876180025,0.15239784647977098,True
106,0.015668838091513208,0.1385599537022274,0.10548498342531547,0.08273967326266653,0.08800571319307399,0.048320008278229507,0.1420497338208573,0.13643420260847589,0.1439029461481423,0.0988339474694985,True
107,0.257180052105268,0.13934593775781914,0.07380080385444353,0.0015253976191860492,0.15344520600516068,0.02510269383650615,0.08673359723796804,0.176492250793235,0.042455788255290526,0.043918272535122906,True
108,0.028552173335413357,0.17545980065988362,0.15611506700182062,0.007387557102628327,0.026048554061340205,0.1695047839810052,0.04868510975613009,0.21859767768644253,0.11763388835901468,0.05201538805632137,True
109,0.09967309807341657,0.10394865974626696,0.11847345477661562,0.12699793120185138,0.09388936307876473,0.008328302240018496,0.10821547533995436,0.04801541352719185,0.14286370327233708,0.14959459874358294,True
110,0.14076316245988804,0.04489869021657761,0.20571333031231778,0.11047637862288796,0.15952987350661516,0.015059719258138328,0.00674059971909294,0.21000803106390858,0.03884160144582929,0.06796861339474417,True
111,0.06935391637080975,0.12796121150036097,0.07146118414390251,0.05135143008749066,0.040132101542907646,0.15228827903676637,0.05342599880491981,0.2135267583600423,0.15731951070122793,0.06317960945157211,True
112,0.05045766944891846,0.0054594976529691395,0.11897519283714254,0.12976236319370835,0.12259394986033596,0.09405433499457089,0.1590146511277121,0.08637963404664065,0.09949286077694765,0.13380984606105434,True
113,0.07186520900542664,0.13027672082008623,0.08882027602519334,0.02204922776465042,0.030858305284840654,0.18742864826236158,0.19567572562904315,0.06619020454055868,0.03510185482537856,0.1717338278424607,True
114,0.003485142655599227,0.1551357951771167,0.12930991247017298,0.08095383452397882,0.038227601067378346,0.11952203338594439,0.1193189279078472,0.08571715312779908,0.12019811199395176,0.1481314876902115,True
115,0.18044231785945833,0.034845976050297614,0.041769212022890634,0.057637205194191916,0.007950923833014923,0.19389633348225452,0.006122418435647062,0.16891172695894635,0.1451777023114147,0.163246183851884,True
116,0.005939901906503364,0.18938571156084444,0.12594687066598045,0.07343450054616672,0.12977541728607014,0.17698373358550196,0.1483343505635708,0.10528297008015672,0.012364053133917245,0.03255249067128811,True
117,0.03205616219189051,0.015915363157238557,0.1129126465902169,0.10678517574006001,0.16485529506277485,0.0898546339617517,0.07864671135123101,0.13773070126728143,0.07980299569602865,0.18144031498152632,True
118,0.12819271716426717,0.09250919194762175,0.19184128761264502,0.027595087473005632,0.09677952881160504,0.002817870525882595,0.08799982461025471,0.10722706067961396,0.17336407523924852,0.09167335593585563,True
119,0.014190546681270445,0.1336383455324787,0.0893978099320687,0.1545207933157874,0.17558381723718086,0.187234508086048,0.0060977598491150815,0.05111869759795617,0.15188694235489705,0.036330779413197525,True
120,0.005868081558075137,0.04358279290467988,0.15568067255225856,0.16667624784670274,0.09188307279164361,0.16669172946823185,0.1611421723838719,0.015769832948824537,0.16033967141769462,0.03236572612801698,True
121,0.11581099066166092,0.16261831455652395,0.1254855919162141,0.14358047305223415,0.019723886145610832,0.10349449888781669,0.006185529022385301,0.14044077354310355,0.10698542541870207,0.07567451679574855,True
122,0.05140832592824446,0.19086220964517878,0.2205399380238496,0.03211587769067801,0.006808668241890621,0.0133153121197826,0.20517216483890857,0.08744638890811794,0.17353043717454766,0.01880067742880198,True
123,0.026418342961566463,0.049010591158356674,0.1835227079829397,0.06160632736635327,0.035939635063155104,0.08885127816869211,0.1568228946787769,0.18357549772451964,0.10156551465720864,0.11268721023843145,True
124,0.11249137774134965,0.05500098528328849,0.0724056763845183,0.23429977411590064,0.1284791049211687,0.09225244623679053,0.15468567091616228,0.03457205386543714,0.08337869396116694,0.032434216574217474,True
125,0.15614101804870886,0.0842517009190378,0.14667629834981785,0.09743557763259296,0.004926926568821335,0.08215779747532242,0.18627626405734493,0.08409572233294657,0.03276680877493434,0.12527188584047302,True
126,0.03616039695664279,0.1387770085088357,0.0020751986006072045,0.1783666239028156,0.18397492874013188,0.1552397487572404,0.06728221322025023,0.011754572041011106,0.0925712477961989,0.13379806147626624,True
127,0.1299042399407502,0.16374880872821226,0.099317679433757,0.041831631029276055,0.142173408398895,0.1369944550520123,0.19717724404875248,0.03395106688324035,0.046266482305141333,0.00863498417996294,True
128,0.16613052705419892,0.0785558571503225,0.04672131360513009,0.20438728528860797,0.1128079026920591,0.01569653112662773,0.06601351029528495,0.050951675307815365,0.10235062301907413,0.1563847744608792,True
129,0.07939488295294816,0.13409094826721074,0.006338932563395623,0.16193185985335432,0.1466832819200224,0.07412330160569439,0.0959243902601187,0.08399594831384957,0.11804169167149856,0.09947476259190767,True
130,0.15155819255294795,0.03958601846520396,0.052008271468225266,0.12651293110096978,0.1765597694073246,0.1128059928076049,0.031592601080791316,0.03520411422762597,0.1359480766473943,0.13822403224191182,True
131,0.17387977062595453,0.043588446970933156,0.011087266856847655,0.053120270300196025,0.1851435185139146,0.07474008266538236,0.15932728241194755,0.12056108163892325,0.0029756459624626155,0.17557663405343843,True
132,0.09112949859441222,0.13461677304997408,0.09908406611265104,0.12011276603042942,0.10852790853500816,0.07014326703049072,0.05589630759444179,0.1177485510107485,0.09006650048031298,0.11267436156153125,True
133,0.1325251677915096,0.04734498093210965,0.16619948845130667,0.10361515091768778,0.11378636004108365,0.056155292348749955,0.016064441653735693,0.1166497377279495,0.12556854834912476,0.12209083178674274,True
134,0.12211646051777234,0.08865638870273768,0.08528056556865513,0.17392206704556742,0.06003680622248913,0.11557707377811005,0.007896085019953274,0.0007104462294932126,0.18434604669209903,0.16145806022312273,True
135,0.17207781640068942,0.1442810165359657,0.09772935955212253,0.05153979951144198,0.15193121390903527,0.12913570519820589,0.02153270294041535,0.06895228803139765,0.06890016587788968,0.0939199320428365,True
136,0.2898531697201273,0.05885705866967338,0.05262337299869452,0.06554934446400032,0.14452409317434783,0.008813358920420034,0.04605813888274405,0.27265903904123096,0.019647666715085426,0.0414147574136762,True
137,0.17738415690779505,0.17420494211359983,0.004003282492684745,0.21225411967581873,0.006463427603662049,0.0014078598747052362,0.1103481852461956,0.20445985439532602,0.04894217094353285,0.06053200074668001,True
138,0.08288196696147937,0.10404663195300179,0.10322760058811586,0.07900855094653131,0.04682416843891547,0.20862462199167936,0.07974803545505973,0.08066730491623389,0.03708326010432309,0.17788785864466014,True
139,0.08645057726505966,0.08717352306637706,0.058051434304498085,0.14868092996656876,0.20288506188761105,0.07187708580101614,0.08656688285894824,0.07758719383595555,0.12189337917109944,0.058833931842866026,True
140,0.08686748249727544,0.12080318131441295,0.17742437740683786,0.09658961137488836,0.1317835149850656,0.183137058206506,0.0006368183631115362,0.14522611747971806,0.012794497301045272,0.04473734107113879,True
141,0.2651600104086073,0.013995458531855793,0.022833955849880617,0.1140989082100894,0.09453817954995068,0.08591902487565856,0.01712784080497305,0.17402192558277318,0.1682848852354916,0.044019810950719745,True
142,0.04065739122992776,0.17396006412113177,0.14776893239143024,0.06028920264237595,0.16169311004978815,0.0506317122058218,0.04327728491884248,0.06637241656947014,0.18659258262148998,0.06875730324972186,True
143,0.027268329763016415,0.12706621253813696,0.11582336204030949,0.1422450749428229,0.06288889542444498,0.12305892278337381,0.035234918406641946,0.10515225532135225,0.1500090268818616,0.11125300189803954,True
144,0.1101777012214929,0.09285537684913694,0.05202618802336079,0.14795272214604527,0.038539562724459984,0.17301735145412103,0.1686395966024159,0.16301232832613904,0.03859748690775067,0.015181685745077365,True
145,0.037787356018685825,0.1070190640637748,0.07872997077942039,0.1965271516693008,0.0006815932751839114,0.11707635075174457,0.07169652116810883,0.133894112286244,0.10285194661016374,0.153735933377373,True
146,0.06149698694356505,0.14382820209946912,0.034139380740101984,0.03914105570498282,0.19187198034848996,0.011719903406617204,0.10764131919740519,0.042995963572034904,0.23365139803362295,0.1335138099537106,True
147,0.031399984722718925,0.061273984123053675,0.008577857999564516,0.20155047786817656,0.11103327547536149,0.012530426626505402,0.11637302178130961,0.17002325024710505,0.14803952193412634,0.13919819922207846,True
148,0.07702117436340958,0.11614416722049539,0.0053271803373021445,0.16755406895289887,0.08463885200442496,0.17673002896611303,0.11171424611617822,0.06730681857998162,0.019639088503632565,0.17392437495556357,True
149,0.14092796654031778,0.16798438330769974,0.17146177029134824,0.07506445536793102,0.01128030382402642,0.017248692399944917,0.17074887019691032,0.1149121918464802,0.0363796753658452,0.09399169085949616,True
150,0.1591869808405364,0.09651445981994557,0.02114724189346754,0.16637213657887687,0.040071376077468863,0.1447874667242579,0.06331605593497958,0.19356324269122333,0.0262313811365208,0.08880965830272322,True
151,0.007415723942073248,0.03128400333022092,0.20983643770373206,0.20254569938670225,0.0695519383579138,0.06500902301277078,0.043822285258000734,0.07722584828582883,0.18020489576391116,0.11310414495884619,True
152,0.1708640325902142,0.10020196219213359,0.0783963919889667,0.025284430565892836,0.1923290525630142,0.024880678038577846,0.0939943002995175,0.1207850810539587,0.014941901403370083,0.17832216930435427,True
153,0.16237591412574784,0.04537654315850064,0.1901479328438899,0.07377449034265104,0.059558107317097396,0.10889068087004347,0.13259776683708116,0.10330933117047215,0.08344485185733015,0.040524381477186434,True
154,0.024348022264927684,0.08652552238794117,0.0969526015486008,0.18252139350023658,0.023722973938369432,0.16542871556893285,0.013508492895317841,0.15379844369620427,0.12149181280862965,0.1317020213908397,True
155,0.04841768298300894,0.1958161461802104,0.05787535483240943,0.08014538645124081,0.12360132700012731,0.1840203782151874,0.18222749784644843,0.03590238590622109,0.0365029162833022,0.055490924301843984,True
156,0.10074196288839071,0.025811033463974793,0.1454131730306786,0.09827227705927224,0.14325626110956832,0.09512857213301289,0.13675254422119304,0.10909673884061304,0.0005081108752136184,0.14501932637808268,True
157,0.19246369790356815,0.003314278465282918,0.13523249270741283,0.06448054386000321,0.07456664117655662,0.07579458767824061,0.0027842218638051202,0.22097854256208724,0.21751380509365853,0.012871188689384692,True
158,0.11128373397721232,0.023002768354518317,0.26058207982604714,0.012073971282222434,0.1261730594692549,0.04391877069771941,0.20052082235763266,0.06488781323241426,0.03657284901831326,0.12098413178466515,True
159,0.20962182971511995,0.16338804402756535,0.08320692907066905,0.08142501037069076,0.09812088914878725,0.0483710035707979,0.12694375306926442,0.03729093161148694,0.022134149151260843,0.12949746026435763,True
160,0.09570816003154774,0.1538454340601685,0.14923136799396444,0.05647229710141685,0.16810492541124702,0.06550624301966686,0.0962323262544388,0.10481142800800985,0.018150080400072665,0.09193773771946723,True
161,0.02044177647044352,0.08862099688470032,0.16433211097127037,0.1887790515702149,0.0450026845135047,0.058467146806159886,0.03272272476945121,0.18313641366077746,0.08739281946387123,0.1311042748896063,True
162,0.08031509310685812,0.14683583050871488,0.05551343446914524,0.10734133510177647,0.13904993211909186,0.13767621539700242,0.09056922388626257,0.04201932845138001,0.07552404277168545,0.12515556418808288,True
163,0.1346211026379797,0.07468423305644589,0.11588505778835488,0.022985509886172848,0.08961217616579235,0.018048130011095367,0.14626243821510662,0.09141783453592515,0.086765175209204,0.21971834249392316,True
164,0.06663429829578128,0.05213456782528412,0.22409219377752407,0.07282517272882605,0.17193575549209025,0.14392500558870672,0.009073246684373227,0.06527132512714309,0.07659286275326793,0.1175155717270034,True
165,0.08115785119120497,0.10350825897680598,0.16215151635316946,0.03852689936900999,0.04244800955649918,0.16425390968888667,0.1748561446657414,0.003389428415539216,0.09978893185637341,0.12991904992676973,True
166,0.1271722941914731,0.07404332574153998,0.08497498399454158,0.13513188266459172,0.15808680544605663,0.12193768334742051,0.027657840854117485,0.09973748390673151,0.10469587269918809,0.0665618271543395,True
167,0.17705988707828815,0.20769282253901508,0.014556145306830972,0.21980305953983087,0.07162715872783222,0.029751496180451406,0.10414460764041861,0.02330385533758635,0.0010743668765517717,0.1509866007731946,True
168,0.13543971875206856,0.057114719850607565,0.07479824953021345,0.1971185811528543,0.11549332365962983,0.06335354393379322,0.10586516451817311,0.09924342361303903,0.14875362883774962,0.0028196461518713444,True
169,0.18707737287541842,0.05560072727774621,0.17632716000300244,0.08695278397747654,0.06393774183640331,0.057794786502521844,0.034624203728521034,0.10638075340451654,0.15826273024164633,0.07304174015274727,True
170,0.0669286116752828,0.09283034568304879,0.04625820532673806,0.16897743979770338,0.014725279369370662,0.040658299495051696,0.19923370306649724,0.10467191133020809,0.12588708262437676,0.1398291216317226,True
171,0.14043526024865147,0.09184416439891585,0.13625808965267583,0.09920031335315771,0.18853968189457576,0.06631100917928096,0.013709701371451586,0.19386730243350306,0.04065856922234802,0.02917590824543979,True
172,0.025250723778737105,0.07347702568937745,0.06950588960821649,0.18921199855784693,0.1091841452769203,0.18860192887864058,0.024796372004595738,0.05795282777995354,0.12473868613989729,0.1372804022858144,True
173,0.09987470274341292,0.01745960482850872,0.16785300330380554,0.1290448317390834,0.07254223988556294,0.043090250023593936,0.027323667490140792,0.09046852022603087,0.16287197397176684,0.18947120578809415,True
174,0.117741940790091,0.14289146963258398,0.028696269688006336,0.17755466005189918,0.012615819194795578,0.037828619377296716,0.08739524355179433,0.10686784601942949,0.18567898517071274,0.10272914652339073,True
175,0.08033287650679988,0.15568633949616142,0.1263900418947201,0.07962798938002136,0.07874651800952716,0.08176233032177174,0.04689494761685677,0.05204767604459458,0.15668755387773278,0.14182372685181427,True
176,0.12534602318718807,0.19090864747448263,0.13418540829822778,0.1583282454070171,0.09766973923042817,0.15885022355477504,0.02487919650133555,0.07657241735861732,0.008145376897079679,0.025114722090848512,True
177,0.11115979343862793,0.10244706243805568,0.11558054895917168,0.06284550346454523,0.06889603381449189,0.0380984636582464,0.12769627479879306,0.1275810692496098,0.10830368622005784,0.13739156395840033,True
178,0.0352174469153778,0.07448727161825462,0.08101479874875583,0.17530300646024863,0.14766065242991278,0.0068696491946142225,0.102084089274585,0.13904009774431686,0.1760097707499542,0.06231321686398027,True
179,0.07157832174328423,0.16084339564941624,0.1357870157766828,0.16259012014800922,0.07176842317114772,0.008855533950443677,0.14793529706288566,0.1389199960667839,0.08574921819724907,0.015972678234097513,True
180,0.204035471544939,0.055429560248994564,0.09096011161107928,0.13180954221419883,0.13203287440736433,0.19548912932582727,0.0004918328849985588,0.020456400374975033,0.1293201616307955,0.039974915756827704,True
181,0.17815621674747853,0.04094462390574267,0.1349134373921169,0.03843684827843035,0.07021905516544759,0.1481660109593758,0.02057979974443981,0.16496524448907263,0.17864223220846642,0.024976531109429222,True
182,0.09357988506755902,0.12911495834682957,0.1256786415186783,0.07509792259543759,0.18051469855720895,0.002582290871566515,0.15193374707517102,0.17986562144658172,0.009233642901297865,0.05239859161966963,True
183,0.11328912222260386,0.11855301104195486,0.20299591933783284,0.0022463134120803805,0.01383855479442052,0.20153647697428043,0.07987303644289831,0.14144982699585812,0.04029485727628254,0.08592288150178817,True
184,0.1386873312646501,0.14952584299052996,0.06297495400733732,0.14207098975756308,0.007267967370120118,0.04024957060244663,0.009095114638797133,0.17046156221919403,0.09766142915894775,0.18200523799041382,True
185,0.30213690630018614,0.20094975846063923,0.10559251462297722,0.05709545278374827,0.010015114458621927,0.13930076531410315,0.015184973802701974,0.06355254961931776,0.06069454413603919,0.04547742050166514,True
186,0.1271224895667675,0.0699842157347001,0.11057378902067941,0.13958747705519534,0.1343667534491692,0.0037309018508412356,0.12312495514986724,0.13698202010029462,0.13453426700106322,0.01999313107142209,True
187,0.1660213928048267,0.06586717667331948,0.1392735774944526,0.1456643341738127,0.055915656665684176,0.034010263793203696,0.12645478595863752,0.0965393962603817,0.055057901067211625,0.11519551510846991,True
188,0.07861615195788547,0.11777087618138327,0.29059167074937803,0.06942104126183914,0.046219892625673685,0.0169045181638586,0.05309588173969349,0.012690334589249041,0.13321589430109407,0.18147373842994516,True
189,0.13540743845021438,0.13919660139389806,0.07774619032416763,0.04284845473915361,0.024734044696563113,0.13518590003639114,0.04318695307931626,0.1516009301198128,0.08438250662550915,0.1657109805349737,True
