ID,strat_res0,strat_res1,strat_res2,strat_res3,strat_res4,strat_res5,strat_res6,strat_res7,strat_res8,strat_res9,alive_at_end
0,0.04961058727508315,0.1596793626618064,0.06183272769135541,0.1563183499076003,0.12077949480193813,0.005776854494645084,0.09074514829505613,0.0850885934443283,0.13562768619260535,0.1345411952355819,True
1,0.1610051445878072,0.153817313570005,0.02843530213361892,0.08596678154200103,0.031175102248019566,0.1898919920601352,0.13426747614145423,0.009318768512846127,0.15506734003534978,0.05105477916876297,True
2,0.11190520921140565,0.10078529646391335,0.09133002692077954,0.1515989190977674,0.12168933217999028,0.005388993343560834,0.08703954716449919,0.12532499572099837,0.14386511086837311,0.0610725690287122,True
3,0.11602823094363982,0.12867988488969406,0.017938699279850544,0.16915595102108144,0.07283002413546738,0.13328629510486645,0.030193577573779027,0.13634548018511614,0.12779890832128882,0.06774294854521648,True
4,0.20121279445224466,0.19248875673256735,0.06381764658218364,0.03322715397882294,0.12826093337255126,0.03163547069648519,0.0675758430474072,0.13136690218207311,0.1035793303159236,0.04683516863974105,True
5,0.18237440198204044,0.06947282185151564,0.16912633007451233,0.18847401317192167,0.03071241570655457,0.02713083633504792,0.00812958298008347,0.014017764101631856,0.19147167999739811,0.11909015379929393,True
6,0.09157779891901416,0.09057049688126231,0.0790653969141969,0.16604257162414063,0.1312203468540206,0.0472365551806121,0.07614197591102237,0.16677952446404276,0.06881383101276187,0.08255150223892635,True
7,0.13516177148288613,0.04023770970253379,0.135548457389631,0.09126516443350265,0.10283660968069615,0.018253839077840426,0.15325321136418163,0.10728449641870054,0.08040946665157568,0.13574927379845209,True
8,0.08904694846545784,0.20894595770731955,0.036305616506824234,0.09134096480106947,0.1547248267504747,0.042175193116948416,0.023289843892358473,0.11386795279142416,0.08472207273767417,0.1555806232304489,True
9,0.1163832656298986,0.13169148422184507,0.0227203013274726,0.003520589293837413,0.1010452443770726,0.18466293842962614,0.12216913978573979,0.10817297890500538,0.16048771310980972,0.04914634491969284,True
10,0.13247603601622268,0.18205094566225127,0.15386468170458287,0.0812611158465963,0.013268179749076103,0.036574134036689805,0.06608575177806535,0.11771717894018123,0.08045321275489839,0.13624876351143603,True
11,0.1243313685627227,0.017111042518666353,0.07212379237904588,0.06647855026943174,0.08094463735687603,0.1487935008813578,0.15242985989901717,0.09075817251979154,0.07963276376743549,0.1673963118456555,True
12,0.04252142512413061,0.060312726536754506,0.07876038352656979,0.15050739707400243,0.15655897793583579,0.12283936784279491,0.08287154933338399,0.046018069976267305,0.10824109104342701,0.15136901160683383,True
13,0.02008364874779407,0.08166126211174614,0.05994642670278967,0.1569164521851609,0.11283262675292953,0.17908060864409334,0.13593634426239928,0.11141079800348942,0.03640215099531935,0.10572968159427838,True
14,0.01136419050118656,0.1803022699066205,0.0037041008251633176,0.15483190572548608,0.03491371876394821,0.17109072097183087,0.1207075192336463,0.05225060749401905,0.1000696964986586,0.1707652700794406,True
15,0.15957508232058465,0.12447071013654487,0.052241380411203936,0.009923256709158841,0.008449474015002203,0.12884989211595388,0.2100419699531436,0.03668849521037254,0.08596547586619112,0.18379426326184434,True
16,0.005260483035644492,0.009871523402051007,0.12149097558354044,0.14440556197853754,0.008480279818585656,0.1107681889837916,0.06541820388551726,0.18372247031382116,0.17417200248079814,0.17641031051771275,True
17,0.11438966102250529,0.06058212743441747,0.10327926142195151,0.15953912960334127,0.14198491183084627,0.16899658210344126,0.10345712746728765,0.018945948291570584,0.006618559351395819,0.12220669147324295,True
18,0.04044441023547475,0.047989936724276566,0.07757848308885329,0.1450397017394882,0.15157665489624803,0.07553756742307176,0.10908238781699729,0.10524362940288923,0.17306076292137898,0.07444646575132176,True
19,0.0048151517277729835,0.17256442643446845,0.13838200147232999,0.16041524762419995,0.006584239951165164,0.13729706778025974,0.18334857775408156,0.14712753367356923,0.0194097299746167,0.030056023607536328,True
20,0.15410528085143083,0.06660042411923127,0.05042100828728388,0.1373734662624162,0.09340036805146705,0.21415554025000605,0.12449317446292248,0.01604678148707629,0.09990426745279174,0.04349968877537436,True
21,0.1131210649516216,0.14814520049450947,0.10769648016310694,0.08489282234551068,0.006811268495453525,0.11990631580951107,0.05148942530485998,0.09105785464067016,0.13812109809862225,0.1387584696961343,True
22,0.029242932734826917,0.20633600945853384,0.001364467439460359,0.12014631268608854,0.09859018979891009,0.045682808430917765,0.040707102468563405,0.1956381859094167,0.055090147720208905,0.2072018433530735,True
23,0.14195947954450086,0.012893836946694421,0.050132620244235,0.14173665943053906,0.12705732120422122,0.1274398979519676,0.12107527740232696,0.09937744102663838,0.04724161290543531,0.13108585334344114,True
24,0.05113641573952667,0.05657871443838664,0.13621224577485924,0.17031563962361526,0.16065355687631158,0.0956095374422117,0.16491302697134186,0.04893151441714446,0.08222880250309111,0.033420546213511294,True
25,0.08383028899856139,0.0031457822480697507,0.03104164276247455,0.24374538514945146,0.046050015314827684,0.1958118981045802,0.05481665737005733,0.26003116551575284,0.03342328208459778,0.04810388245162704,True
26,0.06866677822739109,0.08915424406108728,0.22352258096197677,0.07920453640103212,0.12816186186515782,0.00500542115642954,0.044239161187676665,0.21623091012438278,0.1206693695212021,0.025145136493663796,True
27,0.11087130599285461,0.008193931213843349,0.09336330786480751,0.1949668370764302,0.1028269888580807,0.026603633571021634,0.09757919431600141,0.02243661045182734,0.16319078742723334,0.17996740322790009,True
28,0.04407922790893489,0.04140752061393587,0.10743469188315494,0.18997855933638616,0.056163160739683755,0.10126925825886544,0.17996621477841812,0.1611126950415901,0.021821467586135603,0.09676720385289503,True
29,0.00848189736155754,0.02231688040836571,0.1485811547889921,0.09910804221285852,0.09920180277802339,0.13546599815090274,0.06461344339561416,0.11243304034354809,0.1752524356658885,0.13454530489424923,True
30,0.08354824151439644,0.07135832341437959,0.004705034082673576,0.035123817034100384,0.2597179693686187,0.016739574387189447,0.19167925145305634,0.15230707206200375,0.02669277799428984,0.158127938689292,True
31,0.12088308094172001,0.13311267147969977,0.10360974153729192,0.11654107790137895,0.07315532041413658,0.16159987078165214,0.17092144849252838,0.007342625676505894,0.08999583745309514,0.022838325321991364,True
32,0.13058269139083092,0.1178885244445551,0.021601772994181208,0.13195115357293916,0.13515053349796993,0.13808823516761512,0.008680074365278881,0.08364526650547188,0.09468123767185349,0.13773051038930448,True
33,0.19851684793584265,0.11155506896510597,0.12589158050174398,0.17430281554690327,0.045535819361802045,0.047999280229275756,0.13531040698150162,0.048068449963622376,0.09854884081594596,0.01427088969825638,True
34,0.0814024478280549,0.09167973795521982,0.016270551161549348,0.17005816877063534,0.10458795169695553,0.17013195965209937,0.11991517822238468,0.17233951292206046,0.0292126198689051,0.044401871922135475,True
35,0.12224073431733463,0.09650881064473298,0.09554543111171887,0.191880005266093,0.0027115976445525832,0.09746148811232122,0.03824084973526581,0.01530633401798879,0.1370431024557162,0.20306164669427593,True
36,0.07651020824085047,0.03304004890530669,0.24110793219790003,0.21513801958075668,0.03105984826032094,0.056506390647619725,0.05065893429655109,0.02063601378821255,0.1673380194455768,0.10800458463690502,True
37,0.0482552697358979,0.041144301259150855,0.07180313427594591,0.2307531849206141,0.13463287368337415,0.010446581172000084,0.016090438793683996,0.13702520007987595,0.1303334642403443,0.17951555183911252,True
38,0.0018867207498221386,0.16471796149916376,0.047671327085908356,0.0735139468861274,0.07385943853177411,0.09332753945878977,0.131552465192131,0.06062740486449529,0.18614305221243693,0.16670014351935128,True
39,0.18889566197474844,0.02929134265644668,0.12629766103132664,0.05012011229304617,0.19266517896381882,0.07444256349995534,0.05264743803100437,0.11289364596535831,0.04199602564952933,0.13075036993476571,True
40,0.18644463458637248,0.0059713307637911505,0.15193115035329202,0.029133457636744225,0.055613866778100284,0.21820259118598734,0.05696256491513225,0.20042372135432135,0.03184544944556924,0.06347123298068966,True
41,0.13563526258403,0.08315723163729187,0.07913122743963996,0.09160935885710104,0.10566145036177904,0.030736017485393948,0.08979856676867762,0.09344864943473584,0.11598733028249356,0.17483490514885708,True
42,0.0493042112187686,0.12368350490122644,0.16208084961758618,0.08689921959612862,0.05767489502976378,0.17418095191497,0.09792752542556073,0.11753251890951116,0.05287609613675258,0.0778402272497318,True
43,0.010524461394041123,0.14109948476262243,0.07810944292932494,0.1928173407961673,0.17125937134876418,0.044853277803468726,0.10978955375068128,0.10684787385905654,0.0006497181550622953,0.14404947520081124,True
44,0.08037347867239783,0.14069719971396794,0.1435870634296246,0.06553247927245237,0.13886902670114828,0.15012413714165523,0.004289134617036311,0.10010278709216655,0.04545383091777558,0.13097086244177533,True
45,0.17355810755220763,0.046157249676705814,0.03804397115367068,0.015203720275052362,0.05291427486443216,0.07749125223627906,0.2048263809789633,0.10628363687331863,0.1822887691948681,0.10323263719450225,True
46,0.17393597985038467,0.05736956103783881,0.03836745841811888,0.17832505114131145,0.011496949845918342,0.09710741554251809,0.11189021426804985,0.043987029823159586,0.18602098299711167,0.10149935707558859,True
47,0.06525570111306205,0.02221373745448091,0.025768892039519715,0.11055676722347804,0.19766239040466607,0.0351538789733679,0.18555806446345294,0.2043022978288638,0.10566669175190921,0.04786157874719943,True
48,0.11947701155070871,0.0014173109035489967,0.1780771018196655,0.14520376846408417,0.17052620039177915,0.10325007520019364,0.06744948632643544,0.0027513117716045123,0.0672879967719557,0.14455973680002426,True
49,0.05507193941562723,0.10222115243148233,0.1522236908614066,0.11895574626264083,0.04338225523262347,0.0920379349691737,0.15147289598174044,0.016460434459540357,0.19464230724531917,0.07353164314044588,True
50,0.0336333316193777,0.21604488680670195,0.1288929342915042,0.04054355346403892,0.12664229859524168,0.08898553795027982,0.09880290226695806,0.24297027853149308,0.0015807097907138935,0.021903566683690853,True
51,0.14587774048012675,0.10684024160541362,0.156342547554611,0.017323210653841313,0.12518976244427735,0.04146710332957116,0.05807398084396273,0.13269124876220284,0.054173364754541584,0.16202079957145166,True
52,0.23584521481672807,0.08402606761910046,0.044454458443421,0.11053930469395362,0.0007944213972611539,0.18758243252846948,0.10413641045581078,0.15412555576188067,0.03690007814940189,0.041596056133972895,True
53,0.019641195123169572,0.09025782636584792,0.07419941338457679,0.12952457862537967,0.06726481545051681,0.09277529580422433,0.15132588553595505,0.12594609215327054,0.14822961708643437,0.10083528047062484,True
54,0.1464752202092486,0.0576316553048972,0.06983093033728074,0.08235837238628503,0.07584908790425247,0.08981050849148245,0.0761156945403815,0.04030950795456963,0.18651381294972513,0.1751052099218772,True
55,0.013671105576086076,0.10116713671061867,0.07019233019075141,0.1344837896104474,0.10421519038908884,0.08321527414271233,0.11827521607569247,0.1361061198585133,0.11822946855171126,0.12044436889437814,True
56,0.16630389689099526,0.045633661866702355,0.11436201208219299,0.06474569236341883,0.14977956444983265,0.1472213115307913,0.13052445891666384,0.006391402654822737,0.04187369522980098,0.13316430401477916,True
57,0.03041720967857245,0.12546074910236724,0.09033686624199055,0.09503526982808883,0.013917145020282556,0.07640060765699708,0.06336075770394035,0.16456896891137904,0.19463767596292267,0.1458647498934592,True
58,0.07365443264570541,0.14520841430771192,0.08913787975071959,0.13352879744498306,0.11530748535378187,0.1292219352984458,0.10345479582347002,0.12110898427777783,0.02289728159161376,0.06647999350579066,True
59,0.002508271348486362,0.2287483292585755,0.21198696640362497,0.08463489439228532,0.014618379726666958,0.006466465033714757,0.0646089580900933,0.13612855223197798,0.13507279536926234,0.1152263881453125,True
60,0.16619483730203918,0.16358995406943533,0.14720472779593755,0.053159529859222725,0.16150171714823044,0.07244578749587618,0.0859209873917825,0.12551843650242886,0.023749834952765454,0.0007141874822817297,True
61,0.06937072665839429,0.15426944247305377,0.15207795124288329,0.10021888075614949,0.005390308414023076,0.14018109474277493,0.09208103659302601,0.08833649538288785,0.07280434589094636,0.12526971784586097,True
62,0.05002112030339483,0.27315934437582384,0.08612745518979656,0.04226489204366815,0.03520299990428816,0.2055005965099414,0.14635716633989865,0.06388132501378105,0.0293431065331784,0.06814199378622898,True
63,0.1485390282183467,0.08026796112403263,0.03272137556345814,0.12844371490189113,0.18225048577865496,0.14899198308201939,0.026884997886749983,0.0553572898880807,0.034452592046565346,0.16209057151020112,True
64,0.12566264176503222,0.15467954479726043,0.1694689914618162,0.03650253062400407,0.01807362554333885,0.12161572154421696,0.1478587975896773,0.07597474152274365,0.1393574087519971,0.010805996399913217,True
65,0.03734027337223393,0.09603759787544311,0.10054528292979424,0.07225151252551992,0.21460876000939896,0.050605625575289484,0.190347196658906,0.14150459011209052,0.03047124780343576,0.06628791313788804,True
66,0.035780430577748414,0.07729509821274666,0.15591076676628254,0.021439992860931532,0.04042748325079211,0.12055497580515924,0.16364444660927108,0.054369736540876665,0.1160550021896534,0.21452206718653832,True
67,0.09514166301629336,0.08172041190157786,0.08577642347163408,0.13673390164859411,0.11057303734587383,0.09279947575131349,0.032729942929810435,0.13148500398732194,0.12470771405142118,0.10833242589615974,True
68,0.21944027367818134,0.234706029784636,0.10224166683468144,0.04507172592570293,0.049277362508104605,0.13256685583406436,0.047419659228534305,0.03944806825452401,0.006467216858607176,0.12336114109296385,True
69,0.14393992481729054,0.011199443395982918,0.1594634723621528,0.12857994820806057,0.13505536094464773,0.18390414542364136,0.01579041239307413,0.0627365517973413,0.13664718035668916,0.02268356030111936,True
70,0.10291895822195919,0.20766679581570915,0.1113934377412649,0.06501325160025358,0.0329835733878899,0.19052470014744155,0.11268417726423315,0.11643839130377712,0.02693109682253593,0.0334456176949355,True
71,0.1326813669436652,0.014034152209046734,0.12218465268672754,0.05931224162241221,0.06457029537748188,0.15804807024920425,0.14766410766619212,0.05724133376655288,0.15852352972554756,0.08574024975316961,True
72,0.024027194346683413,0.08214189863950104,0.019384085014892766,0.034439744507610434,0.14983339865071713,0.04644294733450112,0.15999749261175994,0.17504142640593842,0.15312094100844933,0.15557087147994644,True
73,0.054494899354471917,0.1373254479526619,0.08298852875844284,0.02455800309127163,0.11619477281228072,0.04729048100517619,0.1397394548502603,0.13852480227025687,0.11231856269381901,0.14656504721135857,True
74,0.06594900989003505,0.1800929987652149,0.0015348636182322016,0.056355825526864765,0.05938645818146728,0.0793387081439007,0.18939643494839448,0.1253674468032626,0.116753171343356,0.12582508277927207,True
75,0.11357581178723151,0.22080062496126096,0.09318645046414169,0.028074610883834162,0.12335907775265761,0.05729638039788087,0.03620448750752897,0.18139619103169707,0.07699172355995255,0.06911464165381463,True
76,0.10763590258659918,0.12688864736335717,0.11028532507572245,0.025554135693248745,0.08878814044791133,0.06537636301375757,0.13234002736259637,0.13535809132161497,0.1619392336631292,0.04583413347206307,True
77,0.030772042414880404,0.05207265732472736,0.13370843604655774,0.11712325958715504,0.06682883921549053,0.1346653828371531,0.09867957910093335,0.04559822638194942,0.18017233185086995,0.14037924524028314,True
78,0.07807044603140974,0.05650885293784389,0.009132729813618963,0.11335554791355767,0.1419481225948843,0.11829344568695886,0.097413440037397,0.13494800623112035,0.11936997459396996,0.13095943415923922,True
79,0.05058102772199725,0.1546391188996664,0.024924510855950533,0.12794985045208232,0.04125962517296725,0.07156491227254491,0.09249546536238713,0.12892836816583306,0.18814263464828707,0.11951448644828416,True
80,0.12938458199217592,0.12453818753005065,0.07002265532150462,0.025394513428717437,0.13492570430054787,0.10164860637125807,0.1216550831461227,0.14117560951848118,0.11220303272171682,0.03905202566942475,True
81,0.16359551631653482,0.2448995941587281,0.1152589581284412,0.1565828887382763,0.16220575122839304,0.0032577006958813687,0.04204012224654763,0.0950465879693729,0.008184212877913745,0.00892866763991086,True
82,0.06240122136898349,0.029908022628867034,0.13668501369058064,0.06852567655969764,0.13813264484018797,0.13160245720635175,0.13797910481757275,0.1288543390074584,0.1624955715092252,0.0034159483710749904,True
83,0.0485417624398134,0.04897389777427521,0.030459749857125507,0.18313562516953333,0.05837708340610282,0.11037931275512365,0.16161258527806702,0.04298482610703671,0.18166843819972148,0.13386671901320094,True
84,0.05942026971925783,0.07012868157239059,0.10590561275955558,0.08491445676781853,0.17239503742165158,0.16472332898494527,0.21930198144843233,0.004866022477634002,0.03531474307040947,0.08302986577790468,True
85,0.14589416601570668,0.10567194441869153,0.11153571875151355,0.09296058469621062,0.10053454078902985,0.13055448546580029,0.06965666241234478,0.11534824458312598,0.018613663726573717,0.109229989141003,True
86,0.09808604243295477,0.002295336738221856,0.19363700559869995,0.17085602159085198,0.08267395909414467,0.1884574791540815,0.09643227202248306,0.007051035927529527,0.014995065403189583,0.14551578203784316,True
87,0.09452785768061127,0.061000677271306016,0.04798147573558594,0.16154125335541686,0.14260832290325176,0.08706113857583725,0.14229881313673304,0.08003976912515529,0.047027186468686526,0.13591350574741604,True
88,0.1415338988913912,0.05532935533266735,0.13164526505589585,0.05835049013033384,0.060895639475963374,0.06936819940591595,0.030232959031910374,0.1870767275327365,0.0825859903334014,0.18298147480978416,True
89,0.012699216592478834,0.15812890333521606,0.09291414145264727,0.12360131605205421,0.07551455105956596,0.15799097247283475,0.17165776651003195,0.04006475635256316,0.10913285899328629,0.058295517179321465,True
90,0.1249315649451287,0.06298879716816763,0.019918152232853384,0.1089473456743622,0.11600153101978095,0.15603504643743135,0.16440350541695092,0.00766938297566491,0.07013043679012985,0.16897423733953004,True
91,0.05026358313371464,0.16337945580690375,0.13225212578671097,0.038953248615548164,0.19488632283990634,0.084962080312084,0.07042282147832196,0.18687902351272206,0.04695370953122448,0.031047628982863666,True
92,0.1887443115401052,0.01299932459070103,0.18938733903824237,0.011296134969082059,0.1671511006654678,0.20379217740069033,0.025432520271622197,0.04339521305280221,0.07065611024560067,0.08714576822568613,True
93,0.0013320373200922122,0.12091995000264474,0.16817385855887684,0.02316805670577072,0.015126367008801326,0.19034998915880605,0.11197066968446967,0.18149973393119262,0.09181412113257972,0.09564521649676609,True
94,0.05553107480479369,0.014639093804993484,0.08695722895510322,0.10884683457930334,0.03224579392291314,0.11792065907188942,0.0802067648411051,0.1546326585175973,0.2278047067907999,0.12121518471150143,True
95,0.16957508803053614,0.1824545769857532,0.03858880143921518,0.02884035342449206,0.04446745205712965,0.08582847897891137,0.10596142805785623,0.17583276322236693,0.060486169266120805,0.10796488853761829,True
96,0.11074386935911729,0.08728881698098238,0.1315325964299426,0.12919658915343704,0.13411811701601958,0.08538839394091981,0.0940879433896502,0.036831914059501515,0.04720293738352141,0.14360882228690813,True
97,0.17189880443149833,0.05835975419073848,0.13543871313804715,0.21528550101243404,0.05695994393116098,0.0787824716172274,0.05124858225028713,0.019801626788584978,0.08058063676519081,0.13164396587483074,True
98,0.12321317727397868,0.12950916455737435,0.0703915971518541,0.07402988865846584,0.1651680446215066,0.21287774051209457,0.019129887685390472,0.04088785009659214,0.030704434420915857,0.13408821502182736,True
99,0.08230228403965131,0.10418627862671756,0.07451504944209528,0.166342776785536,0.14238042964933328,0.0481741093655153,0.028270380702504826,0.11242006235784578,0.06830746620186745,0.1731011628289332,True
100,0.11945949977407115,0.03392436323030618,0.05067198085573013,0.06637699438011369,0.15471121854228878,0.06959463991769228,0.144653692011111,0.0668808275911879,0.1437198103389044,0.1500069733585945,True
101,0.10962148371841245,0.05522645403667163,0.06900903324448873,0.0008354132198226541,0.07871603975612562,0.044698710198585165,0.1270384270547055,0.21342349224182644,0.1638750353879385,0.13755591114142326,True
102,0.12334963836094442,0.17704458779246313,0.18857857400926267,0.0896058649167419,0.010067025685120311,0.00937669682964868,0.16190036700703264,0.013779705854776898,0.01709205714871979,0.2092054823952896,True
103,0.05698354966131766,0.13073130253511595,0.1398451530829098,0.07396258306182875,0.11771410684217387,0.10349354102328436,0.13729132208768016,0.10981810230082206,0.05125641184660939,0.07890392755825804,True
104,0.08448626316403206,0.17045224822655228,0.05903409224257375,0.0792570874356563,0.07181388452674456,0.14760298049683693,0.020463372366658062,0.16067351456401896,0.11345324589184802,0.09276331108507922,True
105,0.0730045887465214,0.20847627064318155,0.06405019001216039,0.009775117325119344,0.09741433068574766,0.09153262127879555,0.032741088352725725,0.05149795043877396,0.2069370919660739,0.16457075055090054,True
106,0.18866439014888217,0.1462743293651569,0.05589050705846969,0.08878079204415391,0.025763613785817877,0.042273230270601134,0.06908745542095049,0.1007204240069586,0.11793743088509642,0.16460782701391274,True
107,0.09313755287871303,0.10861784118283846,0.04244703645914351,0.11921123222953403,0.10230723121934161,0.003939783360145627,0.1583558668109155,0.14805116132191537,0.07896321125951872,0.144969083277934,True
108,0.10093175055561265,0.2075455248472093,0.10366322136926255,0.02059681640562329,0.06919137632916152,0.12843092289056735,0.1004952895109597,0.06032991008539731,0.008742311107295626,0.20007287689891065,True
109,0.06614380427419543,0.1538642961652531,0.14845509782716862,0.1653899704879527,0.06154922718083018,0.11364517135777973,0.09187746922986194,0.0963522509156145,0.039635271172373754,0.06308744138896992,True
110,0.10523651818597263,0.0921588421485089,0.13475387461355948,0.14000201662476072,0.05633691216579778,0.014214978151501695,0.14179655220826537,0.18996257970498673,0.10680308184176351,0.018734644354883204,True
111,0.04510165724245929,0.08813701015720965,0.08314544494800341,0.003912936823985533,0.046775354519814516,0.16860352297303755,0.17708917138855815,0.15142258661966534,0.11284902119335305,0.12296329413391352,True
112,0.11229387687365554,0.10771407500317116,0.0922825288447556,0.14219569119283665,0.04401546095100347,0.00815452693200138,0.07828295816126611,0.1570740727258169,0.14245695978942274,0.11552984952607045,True
113,0.16065092818332627,0.08479417970188154,0.1286497928604749,0.026279707569911864,0.15706279024236505,0.04928522996356653,0.1944346426856569,0.011181076371614621,0.1401919372088047,0.047469715212397685,True
114,0.11739353586255295,0.10399973460804146,0.1264564981454277,0.20975425347368234,0.1459755961906276,0.053911253617386384,0.022033413719116216,0.14657729736239108,0.016662106168869834,0.05723631085190432,True
115,0.1535984313106802,0.026452464111269586,0.0025855190126927155,0.1476791085697818,0.16798224011432641,0.169410316977909,0.05761646006708589,0.09086340575860657,0.015618811772394966,0.1681932423052529,True
116,0.09782368036116089,0.09056606103976926,0.0686603921600141,0.08931982627449521,0.04916120635861747,0.031823399834942714,0.12583562631544312,0.19532401069045613,0.10832553903300135,0.1431602579320998,True
117,0.006400972427026102,0.01745111299561271,0.14279947837436094,0.1511163942640896,0.08128121821013135,0.08774149472754694,0.14858292971652115,0.11002167627192502,0.15647206915341824,0.09813265385936785,True
118,0.11687176293674255,0.04948468953270449,0.07292206413046787,0.15526387228635885,0.12994923109747303,0.15528372813161936,0.009749238599823762,0.09404466424489462,0.11685636489429328,0.09957438414562228,True
119,0.11733921959014519,0.08661713397434609,0.0777306097404708,0.09755575821761424,0.13147910826772252,0.020088675620060392,0.07561834095805121,0.15377717397529117,0.1314727552746711,0.10832122438162727,True
120,0.1448689790122826,0.08605458977281683,0.16279772840760234,0.15431956804371896,0.03315548966584385,0.10618987662206654,0.01931904756120595,0.08877734875974205,0.052967836640790154,0.15154953551393077,True
121,0.03854890610993354,0.08548583282852387,0.10601820310351355,0.07600825831878281,0.13748132632201407,0.11069098439083955,0.06362863311549287,0.07273717076173594,0.18211400466742939,0.12728668038173457,True
122,0.05761723440355533,0.15363828650266084,0.04952110501369694,0.04101182223113522,0.14626076375303262,0.10834915668771224,0.053155367948335745,0.14614783952764282,0.009123919304715398,0.23517450462751285,True
123,0.031043149946867365,0.08610503431774655,0.16456998899379455,0.06726153642033714,0.14150880798434373,0.09595086461583854,0.11156877226397442,0.18776501028722728,0.07632139507179243,0.03790544009807798,True
124,0.0705964621909807,0.12062915066306248,0.06855093527763313,0.13513919909464223,0.12298540458614834,0.02890509823187884,0.1212137153571039,0.12005117234640611,0.06563563440701999,0.14629322784512436,True
125,0.12600728253711227,0.138419757972825,0.0006705043441319372,0.11008534974395835,0.15868352914933254,0.12684361060549182,0.1491342187757457,0.022593302442003898,0.006213885331871463,0.16134855909752704,True
126,0.1063772213875456,0.15301169774643228,0.06585225290756085,0.004622031582611473,0.07224485480644151,0.09185776072047307,0.20373160717960964,0.08607973228755907,0.01564942398189632,0.2005734173998704,True
127,0.10037997099020332,0.04781770798447418,0.04274079425972721,0.08616909178552001,0.05907456310849659,0.09225702393587519,0.20411495356997728,0.18046685527788242,0.10228578317392455,0.08469325591391919,True
128,0.002915989221122589,0.01713111112594545,0.19019078282019247,0.09778036204218524,0.006174728867500963,0.16022915100913868,0.09285149204778295,0.15940826774134306,0.14076022302920344,0.13255789209558522,True
129,0.028054899018114553,0.050858239437840645,0.13527569969831915,0.04673247066678875,0.10810190281968468,0.13412578419565796,0.11228125440299923,0.133128549419807,0.11550289211230154,0.13593830822848657,True
130,0.13924417924839264,0.1494347031883801,0.11229282905064085,0.1477834120096788,0.09544162445375545,0.16984209003653294,0.025624497600714877,0.11720528424967339,0.0028073890068131915,0.04032399115541774,True
131,0.016167247982524863,0.1590476218234087,0.053936662382936394,0.062496743359697855,0.046097778474711346,0.05997654533977816,0.23805546744018707,0.1251969093812175,0.18649726779390727,0.05252775602163084,True
132,0.055225697550060196,0.20218939275458273,0.07304123345466007,0.17770177512646,0.15426434216834095,0.04431345883422483,0.16109783685629878,0.04475240756747408,0.0019756716923803844,0.08543818399551797,True
133,0.1375118687763739,0.06711812153924397,0.13028811061109272,0.1266759787681864,0.07061826821555815,0.12973757545067852,0.08437419053808788,0.09618511739096954,0.09173514189889088,0.0657556268109179,True
134,0.07329424753705965,0.040429179354937075,0.07216702668062606,0.05944171432364095,0.16751250861765826,0.04057358482420862,0.18463520065355998,0.06880590837933657,0.186913462098756,0.10622716753021677,True
135,0.03962228186174645,0.11352669276119162,0.021536525819094626,0.017221061972529993,0.1738969093831113,0.06798594235490182,0.11358527519304024,0.14344186495654349,0.16873377228078898,0.14044967341705153,True
136,0.22355048558342128,0.08385349329227614,0.003324526056726988,0.08160067187942185,0.18935380664162366,0.10354954632978057,0.1634092669052314,0.052758196544491105,0.09018487398648913,0.008415132780538018,True
137,0.130332997392535,0.09616945131500715,0.1087386027349263,0.02642857366378546,0.030516945515183136,0.140291680913287,0.004656029124876824,0.1519587160533287,0.1488840860438377,0.1620229172432327,True
138,0.11717544998596557,0.07211125758397331,0.0777117312081706,0.07204054980719266,0.017057264433203916,0.07298341999875108,0.1235825923777461,0.18417963057189393,0.06841248486226202,0.1947456191708408,True
139,0.01972699304538572,0.11356188672651471,0.11134728549363826,0.01161122017129356,0.09651102700924478,0.15647360480388792,0.16405254788854493,0.1926386124775679,0.010007635737294978,0.12406918664662717,True
140,0.12787794099122757,0.1334908146601893,0.017656196348323376,0.034117618024247634,0.14831279577873432,0.16141207761670753,0.051042609633545476,0.07531077186839673,0.17307473034252846,0.07770444473609958,True
141,0.03618342864085278,0.14270969237684247,0.09765420914791213,0.0613907337022256,0.05794038716524746,0.07530233013546228,0.168512011251523,0.10426465977977657,0.08152678874281014,0.17451575905734745,True
142,0.1020827374477548,0.0740853951759982,0.013257808850440663,0.07505700716134173,0.25205356233474124,0.030353115871972012,0.20010942210806731,0.14677132870455137,0.030389313801120872,0.07584030854401184,True
143,0.044731322097565016,0.15341304224812727,0.09673112257097441,0.10933464306469,0.08131844085345265,0.006362922529981995,0.1051410226204316,0.101112645920096,0.15717624583565046,0.14467859225903063,True
144,0.02310449137014793,0.11637022455404834,0.12918195161644797,0.047455399195149406,0.1461210023559449,0.16545830240478746,0.10496382640062137,0.11646848194614845,0.0037849766736604055,0.14709134348304384,True
145,0.13995228273741067,0.0010281284660777197,0.13771623662523616,0.17604680240803486,0.12209273201557999,0.17151639328514173,0.07950354056918905,0.019137103114715778,0.06454202306400376,0.0884647577146103,True
146,0.15278853328225747,0.17453653315917048,0.05113977046237071,0.01245795610131484,0.03934864191091321,0.10694186059411627,0.16529704662615685,0.11514213003967055,0.0035925843781880644,0.1787549434458415,True
147,0.1185479376744473,0.17911305635117913,0.05450399081838179,0.04206884341362571,0.1599224283227356,0.11623948264218237,0.07429221568908585,0.0035566955974515725,0.18752467493161887,0.06423067455929178,True
148,0.007445892002120474,0.10442514234211803,0.014449106003001023,0.00052811298376522,0.18911496964727598,0.04709557746383848,0.19941414294781182,0.17045520740900305,0.1180692084777884,0.14900264072327746,True
149,0.091641129569126,0.00859100183273342,0.07284473321689588,0.13576912379737832,0.07067037222284701,0.1342703839234065,0.11477015264015772,0.12553441278937852,0.12805947747351615,0.1178492125345605,True
150,0.07235535142385886,0.1576041230696655,0.07363219801945232,0.014327882173374606,0.14680697890249925,0.15685361853557905,0.02642498054561577,0.048764900187133635,0.15605903943583682,0.1471709277069843,True
151,0.011724901445702202,0.010650938878942282,0.03604450477300057,0.13421723715259865,0.07162444153943706,0.19537834825331465,0.18427112230512824,0.20733726356519255,0.04964801177159911,0.09910323031508453,True
152,0.1736014928327802,0.051096320685712106,0.01768787633661414,0.1680241197927162,0.0277791908612525,0.20262565969660887,0.14273433039396322,0.05087971546869976,0.14577602382266164,0.01979527010899136,True
153,0.07311445850832671,0.07696186024670067,0.16303163225005265,0.0724054008647885,0.17089377432119512,0.1082526943992051,0.16145108798061672,0.11694855807012133,0.009858373782811363,0.047082159576181774,True
154,0.144065381302396,0.10447414187858288,0.07409280358157759,0.12134126989205357,0.1292182712224474,0.07004669952281765,0.13382199312209753,0.13191368817605018,0.048703807059458065,0.04232194424251903,True
155,0.11223620259079618,0.13587229232688638,0.09060808935661552,0.0657773948152564,0.12166445986880185,0.13193220432669828,0.1369424372192654,0.02214219059563356,0.12736773086613984,0.05545699803390668,True
156,0.12343311231854676,0.057502664859840236,0.020624886702696302,0.07029460866298819,0.19455831547099728,0.07586545330523634,0.14527880550134906,0.1119767368424697,0.1442833258907095,0.056182090445166574,True
157,0.13567018292957853,0.11428021760305747,0.05518697228382735,0.09563374695487611,0.03908809269181441,0.063867735211428,0.09442078719948016,0.16027735076522936,0.09575369953837164,0.14582121482233704,True
158,0.18443453976818305,0.05253177706765253,0.017059570507941695,0.09400514904780968,0.1337218205725609,0.20173877350049546,0.15279401283552968,0.003116499424322139,0.017069859932786414,0.14352799734271854,True
159,0.16467369992595604,0.10755139724035896,0.046139173010768066,0.04195887619724029,0.19171761274451019,0.06692255457363713,0.13910540455444279,0.027312431841006877,0.10607664293558935,0.1085422069764901,True
160,0.15894025880244736,0.12222920289308181,0.18125042101876002,0.20083490743957322,0.04803003776697787,0.05594250794993556,0.1839000637845886,0.02648164834569425,2.232471513223409e-05,0.022368627283809124,True
161,0.2437539131762261,0.06112242898933099,0.3078208825403292,0.04230075798974309,0.009851184707501844,0.12701871412026272,0.023250937012009715,0.07290063262993048,0.04653349143171538,0.06544705740295054,True
162,0.09183901247809588,0.1396051280180322,0.11658514771002775,0.15629931991568025,0.13808699953827608,0.09761677454031838,0.08749801181936752,0.001213651446006066,0.08256059831030248,0.08869535622389343,True
163,0.05024297790882263,0.13217160427252622,0.12095504717081101,0.10186779759925166,0.10046717200891844,0.1310102193835856,0.08248419147279429,0.09535940519425719,0.14159154221138892,0.043850042777644156,True
164,0.17547993302375872,0.11708410473117595,0.06377143676510562,0.157990699386039,0.09969891629620532,0.1705895062724562,0.11399598282185895,0.062471135824931016,0.01329178248293971,0.025626502395529625,True
165,0.005085820822324145,0.1028304943083415,0.1784180068734768,0.21623897056687752,0.0850747607839787,0.0010728800410631967,0.10943012661322325,0.06818181578460757,0.05840360443791679,0.17526351976819068,True
166,0.13776048712591565,0.02785723604949042,0.052124126245602254,0.15962717951219893,0.15204136687926956,0.024790077495100413,0.11319853074689802,0.07551661119888066,0.09858269948175459,0.15850168526488947,True
167,0.07010791839505412,0.14691032216278857,0.04224933404164206,0.032580520090774404,0.002288751293124109,0.09298041113738215,0.19511347848182015,0.10200974764228404,0.14089957170447676,0.17485994505065364,True
168,0.03387484236903164,0.14546498380648973,0.02752844773029384,0.18203232374374323,0.1843617028644037,0.1875540791867955,0.1137487063392005,0.05534367586766312,0.055512126501296444,0.014579111591082397,True
169,0.05086406896168199,0.1661761603455691,0.158385974984443,0.0713877902018466,0.13452512958409754,0.09214468995509821,0.04998859582255405,0.07755494278229748,0.057808310237064106,0.1411643371253478,True
170,0.023510321189668525,0.07625766442703205,0.06205117970286191,0.21334297127646748,0.1285651537210028,0.07038659678734625,0.2150533537329496,0.08578252993607954,0.08617396503037149,0.038876264196220325,True
171,0.10982033461171783,0.1865085610382311,0.15803571373895622,0.04629654241186883,0.18748441723338066,0.007136855351363675,0.00877109793706234,0.08813248729746904,0.16650118391892552,0.04131280646102476,True
172,0.16313787595515225,0.07084610775841976,0.1997143562306397,0.15454775746963884,0.23527327634864162,0.008018657370284957,0.06983129498673359,0.016835881087291515,0.039437122228109016,0.04235767056508872,True
173,0.028725242268098153,0.04717138432226599,0.1763219415541513,0.21977928544101802,0.16026844299618653,0.1219090668657033,0.07847288151171464,0.10931205642994482,0.027703671307265126,0.030336027303652355,True
174,0.20172643326179346,0.1655177757881979,0.04525613404883239,0.15433750526222967,0.021040033583816457,0.15132659468658244,0.005963187214931008,0.11348178934483022,0.07843883262707685,0.06291171418170946,True
175,0.1575657882061874,0.021035166074018966,0.0869281766622248,0.1286795792638863,0.167849747585255,0.06421762651792447,0.014830565057601627,0.14774056836519817,0.061967928139400226,0.14918485412830304,True
176,0.05485048719898265,0.010907028612918809,0.00448234826395741,0.08831182697033083,0.20677783726729035,0.13204660881476699,0.01482935482801465,0.28512462099386027,0.15712589560518608,0.045543991444692004,True
177,0.15001631278006497,0.15545280470536363,0.08112250370990322,0.1443723773381904,0.08011149147394857,0.09081321761382903,0.046617459569124914,0.013311132686373302,0.09527198265933742,0.1429107174638646,True
178,0.09826252787548252,0.046836708567169025,0.08116458972783784,0.021529033160745628,0.18009345033623456,0.06348800817611702,0.17328601701905633,0.16156628310321616,0.03354055378187798,0.14023282825226288,True
179,0.23015555190725204,0.02724693977989567,0.044226189022657514,0.14029529452351125,0.1323751564911736,0.08979983220780025,0.14360340574183936,0.17197877070167636,0.00019614672344080944,0.02012271290075331,True
180,0.1273077321984851,0.09335595801788064,0.01173793325163257,0.020880941200768013,0.1882878328883347,0.05192921959675837,0.04767518457027059,0.1943566652623798,0.11092384862706675,0.15354468438642332,True
181,0.007630931839791098,0.11289639172709168,0.11479633913062356,0.1634060998353892,0.08508235129211984,0.1349437549782032,0.16179684049799764,0.1142450461395933,0.05914421716877961,0.046058027390410775,True
182,0.1451207279382986,0.14247481446421278,0.11890256759713286,0.13314859732960674,0.04413138880868144,0.1262460684410137,0.030522695028917787,0.12281409986865748,0.06549736730003343,0.07114167322344525,True
183,0.08120768372991835,0.12856194443380953,0.06515565156134738,0.04567933566142547,0.17677927081245107,0.11187599584924544,0.0010251179995359645,0.05952100039565142,0.1766543840335393,0.15353961552307593,True
184,0.11245015893657949,0.07879554075330013,0.11078812187369189,0.13239163387619243,0.14858554272127109,0.12054429387407252,0.044981724418587186,0.031606433484433795,0.05359440536604521,0.1662621446958265,True
185,0.11500495007113229,0.039872507831449536,0.007212465418127279,0.16438783455064615,0.007950725553510308,0.08871332634150363,0.22309493637204858,0.18909968934574714,0.10140041561495196,0.063263148900883,True
186,0.1069267806340333,0.06605602624186965,0.0010669478059575383,0.1046855059629223,0.11667177964318148,0.16536040167901808,0.15850547920198804,0.040960417203685866,0.12674054293381123,0.11302611869353266,True
187,0.03602174557161256,0.10106133755668292,0.15089039495118248,0.15078406074274278,0.1939752070043019,0.05559857024701697,0.09751463742283561,0.17180174714913765,0.011490468031339433,0.03086183132314771,True
188,0.06894338372335047,0.13861162860167528,0.02442934292218092,0.06142151363979628,0.02134838435392349,0.12369905133970523,0.06426823768395831,0.20120441743078507,0.1314169912452225,0.16465704905940254,True
189,0.02102416268008559,0.02227227738396034,0.12189959422525527,0.23570777333046283,0.04280058717327094,0.20544993816959717,0.028438366203237486,0.04467721578491124,0.03447547918557888,0.24325460586364014,True
