ID,strat_res0,strat_res1,strat_res2,strat_res3,strat_res4,strat_res5,strat_res6,strat_res7,strat_res8,strat_res9,alive_at_end
0,0.15489244934388222,0.13483835724945858,0.08823333653653646,0.19032836423893643,0.023314442051420185,0.05209103763114532,0.0826892374580215,0.15113370469188733,0.021427394389234754,0.10105167640947703,True
1,0.020627399948320052,0.0409955913748609,0.1064257191514276,0.18075932055008279,0.06842235655949673,0.17210536781618155,0.002462067871004207,0.11136525886365407,0.12191610783573396,0.1749208100292382,True
2,0.10272980187099136,0.12779310723610326,0.13021885496871596,0.11719648662163665,0.15423251364914412,0.03441810135750158,0.06380864394809295,0.1047531821619296,0.08062897864370087,0.08422032954218368,True
3,0.14291361130487484,0.1376264346823063,0.1319743645560639,0.14246498146950842,0.1038589836788666,0.10024834708828809,0.05909309486200114,0.04750510953373282,0.12068494390139989,0.013630128922958012,True
4,0.08541938170464117,0.09638358320007803,0.14593739565388,0.12175464955212487,0.12346738233782063,0.13055789018430045,0.07069508437045688,0.08868401558716457,0.09889726183142934,0.03820335557810412,True
5,0.07196636317472649,0.15803012044558976,0.06224057658690081,0.09106158593338813,0.03958823935848369,0.13167077658823328,0.11631349015930192,0.03199498327725707,0.17538406013860736,0.12174980433751142,True
6,0.13101504814322681,0.08253656816117004,0.036866916811666095,0.05556768977831098,0.16593445204814605,0.0750224087287715,0.15169850639365962,0.09130058978527489,0.1470216045034442,0.06303621564632968,True
7,0.1446701114111387,0.199005072694773,0.03301457123281425,0.041681157981495943,0.043003577129058584,0.14399166370373903,0.06953320721268981,0.047395886968784336,0.12566565661267182,0.15203909505283464,True
8,0.15682919748844254,0.16921177818792763,0.10479571474115323,0.1990863822839325,0.0015827331877335863,0.21287032197034386,0.03719948324350078,0.027734666615004004,0.030373214250700692,0.06031650803126124,True
9,0.10522499461396756,0.038009526427594705,0.08131496125032894,0.17266272181706152,0.17577214198210556,0.0713339972970951,0.17077974596308296,0.08092546114388398,0.004426812614944594,0.0995496368899351,True
10,0.0384298130420038,0.10197167861748169,0.10411617658637419,0.056226153095487716,0.11694751794606516,0.16523292056218936,0.053789270785577326,0.1598954930056626,0.06482525071798557,0.1385657256411725,True
11,0.03823211329142208,0.1607138722075939,0.01684120892760892,0.1528926463069465,0.10315572454401715,0.17009224307027393,0.08630820834923461,0.018939839480327174,0.13972179925390427,0.11310234456867152,True
12,0.0075993921987447715,0.04809181686157529,0.06776807533326581,0.05944279788149066,0.007576749295552949,0.2787560632507953,0.294454883438566,0.13092267175860534,0.08565442294041951,0.01973312704098423,True
13,0.016282325280165967,0.2004856645810022,0.0245327980872628,0.06555104314480863,0.015285047725332152,0.16003090663481323,0.11358293446078883,0.19884865095255475,0.16729421499287028,0.03810641414040104,True
14,0.008866770162630119,0.12276669999061625,0.1952840015932869,0.028847087972514424,0.15345769256679537,0.08007951241842032,0.0667784228750392,0.2192806692560472,0.03126519378834309,0.09337394937630719,True
15,0.14220006874534294,0.008050786476562736,0.1286328880446693,0.16498125101684494,0.03366927457028483,0.16642696194388754,0.1512759354710129,0.013487297187580603,0.1268844806760422,0.06439105586777212,True
16,0.025576021118911243,0.11735554016886782,0.1004527965025964,0.045865571508280946,0.04081439428402167,0.16396778801339754,0.20362122329971608,0.09762740091225805,0.05297965929676375,0.15173960489518645,True
17,0.09071537615137608,0.09157682323928563,0.14353074276005615,0.05423410526225922,0.13810794788572803,0.1293777605028646,0.09276275542756335,0.016842481970941178,0.12013297188255365,0.12271903491737232,True
18,0.14965203689628873,0.13275498672944877,0.1017424240872462,0.16187820681605086,0.10471501144346408,0.18360687247858612,0.10029689962794738,0.0474451534393436,0.013881535918460565,0.004026872563163673,True
19,0.12873686251166588,0.05187473729694013,0.0878136485260744,0.08098445288855077,0.06310111216420333,0.13851907433285088,0.1400968715481599,0.13093838866942392,0.15752268967463928,0.02041216238749149,True
20,0.04053079548248374,0.1225764175372785,0.062138745090410126,0.03167470346997475,0.1564324661685743,0.1858663311676021,0.017484779478351996,0.06905665048063579,0.2012868459059298,0.11295226521875898,True
21,0.05143645527919003,0.06775353651968158,0.028452526731641527,0.15360449384281477,0.1091627273990711,0.13062084530846133,0.012142393607635112,0.1624557324141896,0.16506845738387738,0.11930283151343775,True
22,0.05827241820111992,0.14218816865655448,0.1139803230785016,0.21621351015306975,0.010855531756888675,0.22986766770514094,0.06191131470352338,0.05922743949015483,0.057345883959693054,0.050137742295353324,True
23,0.04761404803652191,0.16974340963094833,0.015073518179209005,0.08784284991804925,0.08653572065946845,0.00021995063921611817,0.17787863989133346,0.18781313982493045,0.13443873317557187,0.0928399900447512,True
24,0.03948073092488039,0.09915247718191075,0.1735092502175974,0.16640442607935121,0.13948061312917173,0.04635121721164552,0.08697068910371403,0.06240546124311128,0.1297349029833558,0.05651023192526202,True
25,0.11516506494183597,0.21960442997300902,0.12597201150615014,0.005479998315918458,0.04853447036467285,0.06874002871002462,0.09124991749198785,0.18899506664028504,0.07136163724030871,0.06489737481580737,True
26,0.16782730056270548,0.10502431600852193,0.005197807602758517,0.06058529036677395,0.19389760349827703,0.17855620158453367,0.04713896388465066,0.10776093277946273,0.024153230778448942,0.10985835293386718,True
27,0.00995434478757744,0.10614712199978692,0.1215229795737317,0.10342657203077825,0.12421317132525533,0.11298598886597068,0.17767323062746943,0.034899146254602414,0.15392917746611767,0.05524826706871018,True
28,0.14955208349409727,0.09164448146479606,0.031582449228850284,0.14617604464125558,0.07362606419375647,0.03711015990828614,0.16958641216350248,0.06437978985847634,0.12859734363954836,0.10774517140743105,True
29,0.00030813442339191463,0.1357684233984223,0.21346931797668278,0.14205230551771914,0.1463194826613427,0.06821560238302171,0.09485996286231889,0.008829779041948396,0.053571854191775695,0.1366051375433765,True
30,0.2122361214314768,0.04043203680070865,0.030217198617717544,0.15605627394514687,0.07707471110269734,0.015580411531941637,0.024059815075815526,0.17526721519915592,0.1216077889971878,0.14746842729815193,True
31,0.06633065373323448,0.10331101556184769,0.1021921578885894,0.09192312749565154,0.12727826843672982,0.15604725815886378,0.0908998134686301,0.017217032074451237,0.09645756760276085,0.14834310557924102,True
32,0.16846489318196903,0.005948843055151242,0.04909674956884997,0.12199033086648503,0.23686892464286188,0.16430840332837474,0.023275924438095983,0.08830045949890002,0.062264424457176434,0.07948104696213566,True
33,0.16493820424441183,0.06310100041497306,0.1741911796518059,0.1059581730184983,0.003756635866094665,0.1980732439380499,0.10257187301051156,0.08376509696737715,0.027498802093530835,0.07614579079474684,True
34,0.2202784410863082,0.06504782135980385,0.05421859346051424,0.07048258912959252,0.17402172267099295,0.11813596227527277,0.10883604560339218,0.03979859984131846,0.05533535025964755,0.0938448743131573,True
35,0.15898246395668048,0.106707543961581,0.07702019789963713,0.14363497185718882,0.13063679732666114,0.1133670012855543,0.10238310736616021,0.12812396739958345,0.023538061975578662,0.015605886971374923,True
36,0.03546710910688876,0.17580745313723517,0.18896900099732203,0.09002941235100537,0.060886682364059835,0.010191827231493379,0.12241995833429851,0.10608708618579997,0.17009508599534515,0.04004638429655184,True
37,0.25333341345921645,0.07978404133813503,0.14244404191935678,0.042868892716804795,0.16424392924861772,0.0975972763063881,0.05245351972605383,0.08369516060237177,0.05908802383166501,0.02449170085139053,True
38,0.07595257449985712,0.12761356653437764,0.026316330537907755,0.134742967934777,0.09702871600523488,0.09944650544472253,0.08546717538166264,0.1271002313024786,0.13256617856026934,0.09376575379871259,True
39,0.05644373238580726,0.10619601665599895,0.1975618690263076,0.13769861423452592,0.0707732983426791,0.15141178734354233,0.05369854925420968,0.016936388789129387,0.03468589188790458,0.1745938520798952,True
40,0.00636038405749123,0.09907904842872377,0.15357652504968103,0.18479102474246417,0.12155009066245029,0.07229144841900194,0.05316044218113616,0.1461674801000309,0.04782165327912827,0.11520190307989235,True
41,0.11084447444924157,0.0648091259607085,0.0643307280887656,0.04846764475735116,0.04509635916351692,0.1680883590564613,0.13519012891739302,0.08013053439049683,0.11846810849031775,0.16457453672574737,True
42,0.1650192386537757,0.09925479245162634,0.08543342058838282,0.06134131536123811,0.06843958391655801,0.1848515445850692,0.030101117220630778,0.01595627227577804,0.2355210794064275,0.054081635540513505,True
43,0.04745508132022381,0.024722296622113647,0.004093616973478609,0.07804346102661404,0.0849427908131962,0.16620692826113853,0.22018540278600535,0.10731699482234813,0.14313254321933444,0.1239008841555473,True
44,0.14732892554623067,0.061083537633081,0.10263385566341966,0.09309740972152296,0.002420436507364805,0.22117293098847116,0.014873827811138073,0.11862498888586626,0.1235618991369116,0.11520218810599384,True
45,0.10758907677981167,0.17614323874521415,0.11540807550795185,0.09044326933416205,0.005024742151831562,0.20739831971726452,0.006895649021346136,0.04936501580381954,0.07239304874996828,0.1693395641886303,True
46,0.06307734732174362,0.08929643203206299,0.14517351331587888,0.16127861797479684,0.005193342509029323,0.12378212276912355,0.07112086499966964,0.16969403198471697,0.16768159121318965,0.0037021358797884284,True
47,0.08895133257537813,0.19120781232463244,0.01923801293492191,0.04027417618650251,0.1597101890953452,0.02272765829210975,0.14806271107830857,0.006769034886559878,0.2066929074827567,0.11636616514348483,True
48,0.11431742264642077,0.12471534344936001,0.08871109038509309,0.05139742780923076,0.05061366972134221,0.11289654368431032,0.11217464327173973,0.09034775090251722,0.12426864621525127,0.13055746191473447,True
49,0.03206849551826652,0.02604870311704043,0.14549829186735802,0.09119221583662165,0.029659608201758583,0.018616441232837115,0.044262420911261285,0.21449610983586875,0.18758026741630635,0.21057744606268142,True
50,0.08302596130268354,0.16748519582806481,0.12104250810145085,0.0040060347944570465,0.0816998275362319,0.0214084712552078,0.17413914469647512,0.09836660386287628,0.07419708118756749,0.1746291714349851,True
51,0.09901758275406564,0.0438413698450544,0.011698653117942805,0.09990200447162134,0.20406041085872717,0.11845642105893575,0.05482451635169315,0.0843412309864342,0.1290480646087456,0.15480974594677996,True
52,0.038755602170975206,0.15278247771287448,0.06092437651508409,0.07388639814552823,0.16268114340777304,0.16173231190866622,0.03851124591849299,0.014045208636010404,0.14819614242510643,0.14848509315948888,True
53,0.10017467525967508,0.038798996137430646,0.10169793278371797,0.09016381358508455,0.060303816461257556,0.08903302138764486,0.12430419988668155,0.19424133493116597,0.057508945233693494,0.14377326433364837,True
54,0.11059372795703638,0.043579338082639085,0.1640389006602536,0.11041174166648116,0.0642717174752568,0.08799299043826954,0.09704983111345482,0.1430581332078226,0.07379380891201272,0.10520981048677339,True
55,0.20205159858124183,0.10239983670683674,0.005841823278744872,0.03129843703186122,0.10830745465131943,0.1968262845542762,0.027628351520567238,0.019917585487959664,0.20216908325456887,0.10355954493262383,True
56,0.03028511546281004,0.05135704442164805,0.09318331044207032,0.09072779191210335,0.17574086182005022,0.06194704101927819,0.15332127069285492,0.11826339778624056,0.07725259691908927,0.14792156952385507,True
57,0.0808611211542789,0.05753135680184143,0.10367613061835033,0.15161218281767044,0.13649094213760504,0.1325519428932147,0.04772290401784442,0.0944800922985084,0.15235073769596003,0.042722589564726444,True
58,0.18363029241352943,0.10548442464484811,0.003778430174452562,0.17294357693656537,0.09581349275930971,0.04501413094670586,0.13248493083582774,0.19650735626051846,0.060665977769855224,0.0036773872583874614,True
59,0.014853486602584145,0.0951638398036247,0.1478543229503985,0.15559611417954258,0.015407871330618174,0.009611793696957346,0.1273342704564438,0.14936640296918524,0.16452082477265512,0.12029107323799053,True
60,0.14218444576067282,0.1474920118008793,0.008792841919693865,0.04351926305149914,0.0820349501652384,0.15537081598470637,0.05922539043300117,0.11645018797712454,0.039945761206993044,0.20498433170019137,True
61,0.1436239299861663,0.038841158597601184,0.10463122870130967,0.12117639568593856,0.028862770488835215,0.09190310615841447,0.1690095302418602,0.09494015267524068,0.06062704681653015,0.14638468064810373,True
62,0.08080698067862867,0.12701104378098652,0.07040502233941005,0.06136148558974957,0.06756219379417347,0.12238877231985425,0.18752594333378944,0.10713864379441526,0.025012772094687934,0.15078714227430481,True
63,0.06040144962420711,0.1969353279126741,0.05251048647215947,0.07487965866536891,0.18179527186534497,0.013196349221982604,0.004958900619828994,0.10165231967421434,0.16749944103713368,0.14617079490708584,True
64,0.034386991606212586,0.08716779734740107,0.1509924493621095,0.13799419908803268,0.14582903601275887,0.015163097581140065,0.10147246335009862,0.0996345040640794,0.13781129231546743,0.08954816927269979,True
65,0.09296106425655672,0.06711280459194806,0.1329439102427511,0.11905302207717325,0.1104463941255909,0.015598017373465766,0.19552613650226594,0.10009246091024859,0.06470406300005847,0.10156212691994115,True
66,0.11720348675328793,0.10149484367485365,0.1439328797038775,0.06895595523311088,0.11427570342444326,0.10017604934161202,0.06924880682009746,0.04682268727368928,0.1367461818802642,0.10114340589476387,True
67,0.11510114315684943,0.17200090065260884,0.09445808390572503,0.07373360485955482,0.13401313229557155,0.043847771684283735,0.1506331711435243,0.050693779828423415,0.030864545307981488,0.1346538671654773,True
68,0.1181113312802682,0.016202915362648028,0.04503920502285578,0.08894252500023214,0.035036012720674414,0.09501392135547058,0.10893640606765116,0.2915087163846017,0.06002403958968787,0.1411849272159101,True
69,0.04429649764437299,0.004314648553114975,0.12383684981528313,0.10195997587069473,0.18065129560772714,0.16413083570412035,0.11297411028762479,0.12225841174711756,0.11570852090231831,0.029868853867626045,True
70,0.06406667805478547,0.1305785406038731,0.07912829910456888,0.011249672158226807,0.13295115994150508,0.17828305077937887,0.047814766880495824,0.03242451112096084,0.14568282650853856,0.17782049484766657,True
71,0.16319196541138106,0.07777482687114176,0.25496651805553683,0.0744339451382877,0.05118242636714724,0.07760739758169494,0.013331165119796035,0.06955856725492982,0.1137313816189021,0.10422180658118234,True
72,0.023191507807327316,0.20782268835802145,0.04241634633822547,0.07175147666219694,0.19401474102293997,0.11859779430010442,0.09457369082581228,0.0221990610292273,0.06501480207751663,0.16041789157862824,True
73,0.06536342822717991,0.10485345944377135,0.1839498102656453,0.12347228493917609,0.21171181076016735,0.09066555903706267,0.07289031292691917,0.10880110689482493,0.0077839267144432876,0.03050830079080985,True
74,0.19464524997232563,0.1944974114114381,0.15039352679057394,0.08882942706759504,0.05236264437754809,0.06874569125352797,0.03718748563264739,0.06839703006339896,0.017672803592887754,0.12726872983805726,True
75,0.014276693908016582,0.1914801076378548,0.02856218204957081,0.09684231117957477,0.19511450845674283,0.19467579057886583,0.05695756079513031,0.04758611652359064,0.0022916035464872536,0.17221312532416624,True
76,0.1567619833749354,0.047331841569361495,0.12164456740176312,0.08795071765677775,0.1071937418231998,0.08647951881008456,0.04424786638898079,0.14847109372374645,0.03327400684455173,0.16664466240659886,True
77,0.09760010322783792,0.04986497173778884,0.13375284347184038,0.12610211807132837,0.043480427771403034,0.11794353204950406,0.041063299241270015,0.09770124506691183,0.13384019477149814,0.1586512645906174,True
78,0.050133788381585206,0.14541035285537018,0.03951929835335588,0.17975847835095524,0.07498319287244028,0.008102604610704469,0.10732734825592301,0.10148466442376532,0.1216305883822084,0.17164968351369217,True
79,0.22891407642078973,0.18463977540331142,3.638083837020468e-05,0.19066869500321337,0.06726845442521422,0.012699621926907363,0.08872637794454337,0.09455209582276876,0.013328840571285425,0.11916568164359607,True
80,0.08776467713688496,0.08672936554471386,0.18525784279489227,0.03571529538751837,0.10587986079247787,0.15486843352503457,0.07284846473136375,0.18593537034895186,0.0015990925601317917,0.08340159717803072,True
81,0.21376540054342852,0.05320781500412238,0.007902318333184548,0.09573011899017232,0.26510797104590444,0.027713918774212552,0.08884383925628642,0.12868317140446578,0.07216356195856907,0.046881884689653874,True
82,0.15262542504175763,0.1829377587616387,0.15511954744487558,0.20994091443606458,0.04351696292892132,0.036005503813660626,0.02783616810099139,0.008422629563711544,0.11760858805575758,0.06598650185262096,True
83,0.13591856025474575,0.13041200662363298,0.05375569670530554,0.07429942597859697,0.06318735550938505,0.16664677231838593,0.11279254712132074,0.09158259478802137,0.015364012097433507,0.1560410286031722,True
84,0.1725264712454689,0.09879285447136185,0.0992136943688602,0.12947477603436927,0.03308043331048091,0.16121198124979927,0.06502107547453884,0.13600914809214718,0.10297112533139713,0.0016984404215763314,True
85,0.14209911937462236,0.17551907924137147,0.01526697624238878,0.15921165138533733,0.11891584254497818,0.032783730695730234,0.01278893292495639,0.14103826948525813,0.03432152764013867,0.16805487046521836,True
86,0.05322036796718016,0.019600222420995503,0.20269922796277282,0.11118082378021595,0.12250518518924934,0.0998815335666933,0.03199051731281299,0.19296943371145647,0.1470866096940337,0.018866078394589786,True
87,0.06763989095508409,0.09092233237091184,0.125446414729755,0.06369838828888284,0.049392734926473635,0.03803444679444814,0.1596034091542682,0.14078899116848329,0.10046167929676585,0.16401171231492714,True
88,0.044603939051656605,0.06841345083704238,0.050837074837231544,0.010655440701581753,0.14006964618701467,0.1293891303447535,0.061197032726385915,0.2028580531261395,0.14908413146903685,0.14289210071915734,True
89,0.06154940617361557,0.05041448930327787,0.0292999589820882,0.04767342311280064,0.13503364592942438,0.1435974679178149,0.15506980700942485,0.15610380317376554,0.02637911365975543,0.19487888473803258,True
90,0.16726520168598422,0.0499382447902552,0.054701042337483775,0.058325548437079246,0.08180979167557102,0.04606968193103311,0.1665367692129368,0.08496178681776285,0.19217287354146584,0.0982190595704278,True
91,0.17049825341026498,0.020385956920487218,0.036375370640385166,0.10723055548154126,0.2373533310787759,0.06811896432535011,0.09200150913098921,0.06177472495056466,0.13118644488673087,0.0750748891749106,True
92,0.13704776990883683,0.1340718716599208,0.04138135821797321,0.15271579450651204,0.0802535241788492,0.03712286026985243,0.19071326938343902,0.1480621595818989,0.04145541103555479,0.03717598125716279,True
93,0.04315877422418291,0.05427324488229547,0.12152944650477576,0.17613628214990137,0.13549226559313837,0.07741068891437827,0.14224357433432677,0.022913559908388753,0.15268215791282302,0.07416000557578932,True
94,0.04158950314777497,0.13997116203092802,0.05471272503420221,0.07928602165216793,0.06280726117953152,0.12807574160060275,0.13185261996904254,0.14061571776334356,0.12335890793162792,0.09773033969077859,True
95,0.12092842701638154,0.07514255362792278,0.19519444750713918,0.19188791546521108,0.053813770942836174,0.002977880532091191,0.1570539567610916,0.11497641097565871,0.06456402494527863,0.023460612226388948,True
96,0.1576108438885463,0.1692494949555945,0.030500182308183178,0.0377962010803953,0.087279019883571,0.17063237702419767,0.08349038681971585,0.056140661634540845,0.031641629095201004,0.17565920331005433,True
97,0.13627097585560638,0.1500051742639214,0.10835217595533297,0.0667242321600958,0.11186947846313688,0.0079172851714459,0.13890277748046753,0.14960213583580925,0.12342210367354092,0.006933661140643096,True
98,0.026702292538330893,0.06440159667273967,0.1607618357088564,0.01406971602224263,0.18862345329258132,0.12738862306487378,0.14050435206265835,0.05202583024211508,0.10798010531591604,0.11754219507968595,True
99,0.008000158230341758,0.08493610016660956,0.01096818057668848,0.16160917240624265,0.16751299723695595,0.05943612589513009,0.14942392661817244,0.14364838185411957,0.17114552564428812,0.04331943137145125,True
100,0.13639616740747665,0.153713934967748,0.033294848455114906,0.15300466860313347,0.10995027164731709,0.08213786192480213,0.06522436485329794,0.055429551569933955,0.07117272579635635,0.13967560477481958,True
101,0.0686910935220292,0.1586610223700899,0.10080293827649012,0.06312568319073313,0.10543318581335055,0.012780685913265517,0.1505620392625335,0.09272736249832457,0.165621993560082,0.08159399559310147,True
102,0.12427065648662795,0.12936553923162872,0.022753636994431493,0.12208779415190942,0.021572871094905036,0.08235046440529133,0.15320238368657926,0.024455481842908324,0.1602049799460357,0.15973619215968285,True
103,0.16439849621117494,0.06991158171070971,0.0927414845923055,0.18293950121606808,0.09922019641499195,0.07744553763347688,0.028558674908291243,0.13479216023007004,0.02740727850184741,0.12258508858106426,True
104,0.023530239536485423,0.012072895148235126,0.2386537606302345,0.04335640343256303,0.09462121562720022,0.06137896595820724,0.1389873423952058,0.10889334925277916,0.02696843484096381,0.25153739317812573,True
105,0.1755008830167078,0.04875343480419254,0.04790239463278851,0.21905279937476724,0.025397441703853555,0.08798425577583899,0.2524246751530732,0.03639021087068303,0.05604841577067568,0.05054548889741963,True
106,0.03881324510367243,0.15161153912168812,0.11268808090059738,0.01947989891358512,0.04065025846940062,0.13180585836952155,0.07877224198067659,0.18829043490608272,0.13606730684246265,0.10182113539231276,True
107,0.12769863803089063,0.07289854506440087,0.15829772112073306,0.025905794971064666,0.1043351204403025,0.09014655099880686,0.04122048287906155,0.1332788298802955,0.13806060739383774,0.10815770922060657,True
108,0.07945538330461623,0.0334616125665307,0.1633380251210682,0.08519192994535851,0.10504264546919309,0.06648015209087273,0.021902987322806895,0.18282846396179067,0.243214614418734,0.019084185799029006,True
109,0.2223633362666695,0.1523072978612463,0.0030456803705390567,0.05880770149780456,0.08377672325561587,0.018831794332106223,0.08275800880104141,0.07433660323396667,0.16427991988145074,0.13949293449955963,True
110,0.05198988223111871,0.1648870716935324,0.22916612367787229,0.019050666902188897,0.040322640937609455,0.15271508310729529,0.06304067722138046,0.04247669987224918,0.18630681819334272,0.050044336163410405,True
111,0.11935319120922432,0.13007579975388836,0.07095844029262,0.09503463655372779,0.12607111535781157,0.08271012468592583,0.10456942079906481,0.11213601023662743,0.10343196134207813,0.05565929976903187,True
112,0.0136089649280713,0.13251339189846814,0.06129061588395843,0.10564774945099531,0.08848545226905137,0.15258152780730458,0.13134861107384102,0.06702697014766353,0.10133831731296229,0.14615839922768414,True
113,0.09475713537715177,0.026274986305629838,0.1520009006267871,0.10932859658657691,0.22526888704957287,0.02025398747886606,0.0675093195564785,0.15318282799641572,0.08865041974680889,0.06277293927571245,True
114,0.02716416719836759,0.003462252753877887,0.15254417014617974,0.1352838837225794,0.0009767119989275872,0.10805263130637968,0.13296578574912668,0.14290808150941858,0.12441553338642376,0.17222678222871898,True
115,0.10184337772684633,0.09714107768759545,0.08421564830847274,0.1356546921948439,0.11214177189800174,0.12582077697608526,0.16209926263431795,0.08846443546729325,0.031057689018023728,0.06156126808851954,True
116,0.07039654199046623,0.07813592639681088,0.08228315067541435,0.08917766583374455,0.1499136152149479,0.07880892065563064,0.15255799838302628,0.119310803508386,0.029598262712906272,0.14981711462866684,True
117,0.1579126169234809,0.046283580634513016,0.07222461100877364,0.15631775074179338,0.0545518139847885,0.15361748386332832,0.031206436844024577,0.15203939155955581,0.0619062770353734,0.11394003740436846,True
118,0.1127286882662917,0.060401799194004374,0.0642841817599924,0.03887589389555705,0.00872556353669373,0.08033116215879617,0.12143782998922861,0.17539611343503012,0.15974254442579655,0.17807622333860929,True
119,0.17666571493847705,0.0729641732807473,0.10636758220171157,0.16882559529534868,0.16143920451844046,0.017510762628868873,0.07603833551295534,0.0027661198098175525,0.14147489378369993,0.07594761802993304,True
120,0.10722084974700873,0.10712968637624641,0.07314316968922761,0.009691303590168997,0.13819126127928527,0.1233941776782998,0.16684538464703402,0.12647168356921062,0.003983349114155575,0.14392913430936302,True
121,0.12308665107752693,0.08780587914874284,0.11354817179907967,0.03584364197851525,0.15056222204800412,0.10114872642802517,0.10980070669933957,0.13746801648179885,0.11200093074205379,0.028735053596913796,True
122,0.1075904366575463,0.11615696174334066,0.11766004282748549,0.09136623937979095,0.08395901615097667,0.0781691250574447,0.12731409417639,0.015440054234397427,0.15947341640025406,0.10287061337237367,True
123,0.1034812385117236,0.15509506422835528,0.06826720547848633,0.19182054690163963,0.15914468193569264,0.024376904807092002,0.15074580998034823,0.01728622683477609,0.07881123016535033,0.05097109115653588,True
124,0.009243738181136288,0.18558590370701888,0.11694043517914494,0.10897652274619565,0.06646882287534088,0.07512719111101904,0.09456698846863032,0.15940269158238637,0.014785599871116183,0.16890210627801158,True
125,0.06463167435203819,0.13066532298217276,0.05135403341481535,0.08826930850295785,0.08082028583003437,0.00443885519215542,0.22022483177155164,0.05653960680163137,0.1861293475714128,0.1169267335812303,True
126,0.004040628267488271,0.1816479212322615,0.03060230175743359,0.032260926703225556,0.08142849225595267,0.1831406104906005,0.16384489236427724,0.028773283168404218,0.16650497350859852,0.12775597025175794,True
127,0.09469109979409587,0.10592197756525422,0.025513279291936784,0.080414956098833,0.08345811649793809,0.04315260065573435,0.03857709147240174,0.2244599663529411,0.12422592709645189,0.17958498517441296,True
128,0.1273962991717879,0.09154133050293042,0.014329533934465111,0.08117768431554996,0.21342489813964038,0.009482815120837951,0.002418576877676389,0.028469183769511075,0.12612731339139874,0.30563236477620204,True
129,0.1961714172464364,0.1342295262844897,0.0011927562934016362,0.0882706022645053,0.012021852758598472,0.10230060376172613,0.15118568355054174,0.0552111522162498,0.06229602901425258,0.19712037660979823,True
130,0.10298663765796659,0.1852049386280197,0.080437258299537,0.18116369646902278,0.06389141516612461,0.05704927742780105,0.01341370932129509,0.09897063298075989,0.1278660568680603,0.08901637718141288,True
131,0.18169781375322683,0.20081675890126433,0.04027127372674348,0.1309515960215343,0.13806013544333703,0.02764745650672534,0.0010575471372602193,0.14017579790073942,0.030656547644669206,0.10866507296449991,True
132,0.1219110788316059,0.10626468097083278,0.008614278590287282,0.19530593960266318,0.047962608073951,0.11130440448541841,0.16371165222138043,0.04091108923190416,0.10429696274091084,0.09971730525104616,True
133,0.10243936946425737,0.002660345168287764,0.12177344178160322,0.13249110010530743,0.08889690714508153,0.04047807019646419,0.03546651717272666,0.11754666729526743,0.15374431233206998,0.20450326933893437,True
134,0.12561433477126696,0.1065101505304537,0.02892104672813166,0.08838490094074068,0.07740045827312697,0.08761090548489656,0.1492519567928129,0.11809659280098392,0.08887552881823688,0.12933412485934978,True
135,0.005314649621610941,0.22703402221624064,0.10276032855537166,0.10060300915534068,0.010766037869625327,0.008248979420112641,0.2185700024370194,0.16555005730410893,0.16075593129736165,0.00039698212320811595,True
136,0.056210415522658014,0.19891785963694694,0.0025774784996880473,0.10711985037655816,0.12129416293859395,0.07507480698908663,0.1534943886149093,0.03802796641641075,0.03503297946765765,0.21225009153749055,True
137,0.09704751587935856,0.12368110667837032,0.09260464344325696,0.08093336568930991,0.08502571309536668,0.14066267699998905,0.16869389274432117,0.08013501183828727,0.12184671765749495,0.009369355974245118,True
138,0.1564719088130924,0.038300940213637134,0.10097250870813654,0.09630426535666238,0.004398300503262074,0.15697531726773975,0.10412584878997856,0.17063321593121442,0.121621558323059,0.0501961360932177,True
139,0.044740594232401745,0.08838087877951838,0.13927154913026746,0.03826831906864535,0.1743959643681532,0.13522002080181403,0.051691885236397075,0.06472065066105925,0.09381507190474271,0.16949506581700075,True
140,0.08883791695473976,0.11978683921842828,0.1305263180746878,0.1040123372277809,0.08600795088890566,0.033382286381424625,0.09969679008055944,0.1287048924761636,0.09197321609288807,0.11707145260442196,True
141,0.3320934720637896,0.13654442076826315,0.11033849156225063,0.01514895696243435,0.053962711954472775,0.008044581094604562,0.1285977323895127,0.11197656041602279,0.10238261109796347,0.0009104616906860429,True
142,0.18912320584857514,0.17899011376419305,0.12687749574485283,0.03448115451618234,0.02478902173978623,0.01657985272789206,0.15826324800666686,0.0987733092068396,0.029913217385633968,0.14220938105937786,True
143,0.06579812669605253,0.08247653301388652,0.11018671958843487,0.07896382279285263,0.14804156158092124,0.126818602292689,0.10301615154342254,0.10744228396343646,0.05840026691937125,0.11885593160893294,True
144,0.016213617776761367,0.12990544688660002,0.1230270444948942,0.1447716120484035,0.10488162182250438,0.0968015887419856,0.08903335480920828,0.13389713260786235,0.017202402010790173,0.14426617880099024,True
145,0.008242207701536192,0.15458446455728608,0.14537902913568201,0.011325736957143737,0.15196216834659917,0.21164423606683078,0.0006799662498373093,0.0794687295722939,0.13390331722914123,0.10281014418364956,True
146,0.027633841212684203,0.04841906145750023,0.1148630056294797,0.05804445535944808,0.09251608497547986,0.11582843959672831,0.20971138576147227,0.04179513517740279,0.09767117178590008,0.19351741904390451,True
147,0.17424655180905113,0.07183423965835899,0.16461948258227108,0.18692089106241347,0.037571218004016915,0.015921440478075453,0.050725902562012946,0.0348871870748385,0.11380637754380632,0.14946670922515523,True
148,0.11440532725515189,0.16449380725974472,0.048420487884921475,0.06078562013855158,0.14646185174271706,0.09231238050898559,0.12232649988235111,0.14042650289550188,0.001954975895557346,0.10841254653651732,True
149,0.002039173830864924,0.08673192621149083,0.06921796442884795,0.06559129168114775,0.06721475884755151,0.18682851806911407,0.15871711024021773,0.10191375197430522,0.05840499027996866,0.20334051443649134,True
150,0.1763227285931557,0.024898259204643444,0.1676424766873459,0.1438832795383032,0.11966360262836519,0.178507810468685,0.07345407573412657,0.03273033033121882,0.06718695929021759,0.015710477523938577,True
151,0.05208023723263824,0.043974024273298995,0.08570442477217195,0.12187989396545763,0.10747139014377817,0.01919736262246799,0.13826857160109648,0.15051598083044948,0.18230849410764768,0.09859962045099328,True
152,0.24851768306147423,0.07622804441573611,0.05625376136462022,0.09880764691667779,0.09131580902649739,0.1281775180530268,0.07903920288752046,0.01859133069474307,0.12447748096015379,0.07859152261955016,True
153,0.08734406523369116,0.11799519062374961,0.11513922358922052,0.06361182838920268,0.026485082936839884,0.14314989303763387,0.07475066685319337,0.15001115358401096,0.14209899258291245,0.07941390316954539,True
154,0.1366385811771287,0.10977469451506476,0.09654432438967839,0.09818930018604652,0.07828965069908353,0.05118462958808493,0.1591686301585861,0.030478746146531916,0.12360771024572104,0.11612373289407406,True
155,0.0031736135658482667,0.13719103403169106,0.08509629022492676,0.12635034696830838,0.07815102416789203,0.1626431480957934,0.13259828806870647,0.07985245823979305,0.1280163464977809,0.06692745013925963,True
156,0.038119733821217826,0.12958602590767912,0.12971539037343385,0.16257039936647033,0.11458604331665553,0.043093182222591286,0.16123007201555933,0.07613613327810806,0.13746358318946894,0.007499436508815528,True
157,0.006172166585585759,0.03392368395504154,0.05905155583988777,0.2262048709965771,0.1663991823749066,0.015690912057044558,0.2067985875389071,0.07249322255501506,0.12562490503464083,0.08764091306239358,True
158,0.004431258067054776,0.11646662008720862,0.12434531826028909,0.1322053421153841,0.12087744603071661,0.18495800971045026,0.08798808125613483,0.05123066904886193,0.0015073474616070985,0.17598990796229277,True
159,0.0676914758958627,0.1368986069094883,0.1489450854681369,0.09115081133771846,0.15467908218355483,0.12203316167734807,0.04526389511128729,0.05396562954827969,0.03282061868855179,0.14655163317977188,True
160,0.22194195671619169,0.06343876369327943,0.11934530500699432,0.14605949253048772,0.015273337052061365,0.03096807306656461,0.08980912852734856,0.10285983161280485,0.11378836949100156,0.09651574230326597,True
161,0.10202478626397138,0.09797431569367662,0.00460357558066109,0.11270587340996334,0.1392477235646233,0.15414628228741237,0.10909548721295814,0.032747228075137046,0.13388516602845693,0.11356956188313973,True
162,0.174710168830535,0.1545002005567395,0.13407684631336728,0.03148928168862103,0.0409270816399794,0.1022598420981385,0.05506737052579947,0.13932038195825686,0.08290249658544173,0.08474632980312127,True
163,0.13658305596818357,0.13962437318272283,0.10235620630399343,0.023628629404080923,0.040372860919231326,0.16860813036745373,0.10939156207178181,0.10927076405322336,0.01869955766631257,0.15146486006301654,True
164,0.0017778316297492166,0.08975817108040468,0.07260017914079234,0.1055872891625274,0.12774284857308152,0.10934645745394343,0.13239954188415987,0.03475475151972099,0.17057856315598413,0.1554543663996364,True
165,0.1133255910349073,0.062232504834827285,0.0825012340132849,0.12928194334709137,0.06521826464898425,0.06203566059021653,0.17622828134954382,0.12821931041655904,0.05456742512197313,0.12638978464261238,True
166,0.16384551928058042,0.017749068169148723,0.10912655756932339,0.03924961047577868,0.09426202456408986,0.11302812533898195,0.07942625195070467,0.19492848203255994,0.057376220119575896,0.13100814049925635,True
167,0.13852364642168388,0.11761679695142897,0.14695455937836735,0.03487461030022551,0.1408575053513214,0.03877353022922371,0.15493806715550962,0.10948396855287552,0.0020076790812430553,0.11596963657812084,True
168,0.03523381428531848,0.0618577555361832,0.12967420951574957,0.15443923052939698,0.01474306668536441,0.12037253208327627,0.11023421163642552,0.16031153423727884,0.05709629512376488,0.15603735036724192,True
169,0.22861638823601912,0.13888009735685866,0.1069224038785168,0.10021740425068468,0.029185206448133428,0.160732720580831,0.07931108525712406,0.021369812018066984,0.0776692700201481,0.05709561195361709,True
170,0.04552186338015688,0.0763109024473945,0.08636676793331725,0.255416887473389,0.09625808580846916,0.04366101863883411,0.02584097082340578,0.20450576942220583,0.13849683074186528,0.027620903330962128,True
171,0.03981326488657285,0.04396229278381327,0.13380163143098955,0.14274917892879643,0.0641728598210926,0.15359896797932593,0.13262933570771818,0.05154238859021533,0.10420916670736875,0.13352091316410702,True
172,0.09405999567024688,0.07737114739358206,0.12374179131813977,0.0038868874476554014,0.1680071043223929,0.19882875766997016,0.21496899540723582,0.04564703559776228,0.00460762619149019,0.06888065898152455,True
173,0.06417522839893114,0.04041621046147857,0.16078002174177483,0.14873575325411684,0.17024731654561573,0.07823127880182885,0.11184189256179751,0.10809802081228083,0.06733441258414861,0.05013986483802702,True
174,0.08298238850629364,0.03312787086218265,0.166113858916066,0.17102437150696512,0.04263125525214702,0.13247695695071834,0.0623717053234041,0.18138888065605036,0.002806897687719481,0.1250758143384533,True
175,0.1603598901245819,0.15200818153322918,0.16627516901474929,0.1388704137337092,0.04636822170920557,0.03054666800523958,0.08730278976931533,0.04211610748395344,0.07851613112990248,0.09763642749611398,True
176,0.04578701221200029,0.12942852430037602,0.03910681262090938,0.06454443886860332,0.09624989522531754,0.0354619143244972,0.13235707031215083,0.11158427377759342,0.14985907898622886,0.19562097937232326,True
177,0.09440577100735853,0.09540632155310137,0.1469211852968781,0.035921456549688306,0.0878594104814484,0.12209742457092122,0.1525391946889529,0.17592595238552028,0.06124866649088976,0.027674616975241133,True
178,0.21329000588920827,0.17343466688580908,0.19864190095673454,0.10752413160249252,0.011210761416932303,0.021512345260340536,0.020876604374795146,0.09837718562924187,0.10544896375415232,0.04968343423029348,True
179,0.02050371047214966,0.1113873615703905,0.08074771988820151,0.16563136309038123,0.16342304200747543,0.08356868864096459,0.09730348743841621,0.07006614771438287,0.15974883459075676,0.047619644586881206,True
180,0.02935697817927406,0.1067041510048072,0.18537292286091897,0.1615576413279385,0.1812452773939445,0.04242037090671384,0.04553283472036667,0.1258722137071778,0.07804096264244918,0.04389664725640934,True
181,0.034595307105158506,0.1082280119931023,0.07029752542250313,0.07286338606325243,0.08982406755202843,0.1481607156207537,0.11083782696844624,0.1565591044570626,0.05752836713743855,0.15110568768025412,True
182,0.01583745170638406,0.19632462418792954,0.2006522806577589,0.10700881094259017,0.017836197225606122,0.08060538526182989,0.09918694889872859,0.04977148767085225,0.14041104903950324,0.09236576440881722,True
183,0.07789388184092302,0.12088007355176696,0.11313176282163552,0.15299112712088286,0.1459641568190238,0.07719352530894322,0.11620176388793017,0.04645127348063373,0.0771919244467349,0.07210051072152587,True
184,0.09980686005476393,0.11404065767437797,0.07742036036608695,0.08900069342913165,0.0652994146626726,0.0870477162511424,0.11686172255751615,0.11012788478689656,0.11420208306025939,0.12619260715715244,True
185,0.10943459576970611,0.06775054083769512,0.038888922725743305,0.20733728815823468,0.07255306839443759,0.09613704530571701,0.011582261472071743,0.1453391728278811,0.1144810614776236,0.1364960430308898,True
186,0.06502382489836896,0.17106851680091187,0.24835573615970216,0.09699167048445204,0.10112453005450388,0.05508242855726109,0.1262415537547912,0.08669266142649644,0.021625876560564097,0.027793201302948208,True
187,0.1675153240084326,0.09600136468102859,0.185770351130047,0.14263255159609603,0.1093661736009448,0.04689818257378681,0.06394590551174942,0.010811393109231406,0.15184355639069327,0.025215197397990007,True
188,0.15506353074632248,0.05160589718006989,0.1362150614873133,0.011900807398625484,0.09151559035059938,0.1453582119731984,0.020760512992829282,0.13660665926560975,0.14432149042414893,0.10665223818128321,True
189,0.17800497168716592,0.1547955038471921,0.028162732976266147,0.0187878663519052,0.15179562999231896,0.04396731307536734,0.176148744031682,0.07558699819901049,0.06846119756382116,0.10428904227527055,True
