ID,strat_res0,strat_res1,strat_res2,strat_res3,strat_res4,strat_res5,strat_res6,strat_res7,strat_res8,strat_res9,alive_at_end
0,0.07703249644432841,0.05083917649436439,0.038129224021735596,0.04724056786511827,0.10811679260193419,0.16773699813794385,0.14642384834901923,0.17345602938423343,0.13628278114061923,0.05474208556070341,True
1,0.1855595187540166,0.010311164177110232,0.20147597530832229,0.02215442610397601,0.05602158552506341,0.05422828340377969,0.02549126826493913,0.09671810894241574,0.13381259961159414,0.21422706990878268,True
2,0.20630410417142725,0.05240519704154015,0.03216320524286809,0.13907952459595405,0.1026878642046347,0.08508590489958567,0.14444077822064175,0.07243593297005925,0.014788601678246412,0.1506088869750427,True
3,0.14808214033208308,0.1482556719847373,0.034779512277279635,0.1625444894912087,0.17234152950041765,0.040168306756144204,0.0025435623935660253,0.06105910684374675,0.060894133107369616,0.16933154731344713,True
4,0.15144624665342102,0.017644056693921273,0.2070748307227914,0.15691698818211683,0.03146074925989311,0.03784448560931389,0.13449724962420617,0.0909590810464836,0.16025283942192425,0.011903472785928357,True
5,0.0748381691988152,0.16437890202452562,0.16733782373912606,0.05153432085817113,0.16930810471597837,0.03895724794749921,0.14987057465564055,0.07253379300004202,0.06037749329571755,0.05086357056448426,True
6,0.1317086377090757,0.07023789976580908,0.060346745663726616,0.12422523879178207,0.09154421605453572,0.14344863345964992,0.02051909961629493,0.13800356980379225,0.12457699523078306,0.09538896390455072,True
7,0.1761745393827264,0.11782070434749309,0.034770477471220036,0.031680886405331704,0.021965120977991286,0.1827677132458483,0.10380618769096472,0.14396146555838676,0.16185756031116885,0.02519534460886893,True
8,0.2048811062062527,0.20747428008049706,0.03387413953490467,0.0510068671892564,0.009956363300075122,0.2003809750026542,0.003718175143170456,0.08474970281102283,0.14283408898740194,0.06112430174476449,True
9,0.07175532943724636,0.047873604991600156,0.030027532737325086,0.13909842607965506,0.17540860707607822,0.10535685757854991,0.041307898183917585,0.19895132937223875,0.1426443758697424,0.04757603867364648,True
10,0.011612832479412126,0.10795620074162363,0.2310877559173815,0.24066076341084813,0.0468054378343648,0.02800088200954164,0.15528066011556194,0.0901075588403976,0.06886461190144783,0.01962329674942084,True
11,0.17960655925501368,0.2132935026699227,0.09834251708108,0.025523223636458574,0.04404089868452046,0.09007753325583237,0.026652792906712193,0.062023910309563654,0.058049000229484844,0.20239006197141146,True
12,0.05242405987841157,0.04645926006006737,0.11652482995530576,0.002950913435996127,0.14359955470776672,0.19229410890819487,0.10857139211039338,0.15576751236504519,0.10060079176755508,0.08080757681126391,True
13,0.09310870710460209,0.15603979554162295,0.047078163634683166,0.07602703069425508,0.061488116625679975,0.017346487850822802,0.09001871651293643,0.15698533580704047,0.14734450244190359,0.15456314378645322,True
14,0.0981882013431821,0.16231241761179296,0.052645589247308264,0.0572442551004239,0.11129256534217168,0.12052813792814918,0.011259637650403359,0.12513098076805965,0.11476013348231094,0.14663808152619792,True
15,0.08649392458500585,8.602597029647819e-05,0.05331250696532776,0.01766539977781654,0.06088841079153906,0.20412002937973783,0.23130043751624496,0.17383810841908545,0.11515405259383206,0.057141104001113906,True
16,0.12334584371801464,0.0933783208396415,0.12182127257597304,0.08393785620827626,0.12729181329026962,0.11700389044487891,0.11746116055267994,0.032618117056736486,0.021220275096070183,0.1619214502174595,True
17,0.16639701956760833,0.009229586597115853,0.15005926907728898,0.006185932137705644,0.030842858445752255,0.25736313411753114,0.012539639365730519,0.17778583540898638,0.029262313223907738,0.1603344120583732,True
18,0.01826372634757718,0.14423587796082166,0.07605540982951126,0.1801050288532707,0.019421786061076356,0.16771903871028876,0.04745776353111276,0.18581819760141413,0.03257881066882931,0.12834436043609795,True
19,0.11682875440431695,0.15931495647115823,0.09951251162851193,0.11618024365057959,0.00527867666735709,0.1912778169866381,0.07880077236477814,0.03248843051204615,0.1900068324571941,0.010311004857419686,True
20,0.07268674783694293,0.22112213163586011,0.01936262510401867,0.1851957268983689,0.05614932813207135,0.16719345467823926,0.06268035162022921,0.12902857855542968,0.05262611714108137,0.03395493839775849,True
21,0.09177113624093496,0.06918312610102949,0.06650846474464117,0.11454239524917458,0.056894078860693045,0.09783293364008241,0.1556136990084049,0.15495321430969752,0.1708030276616324,0.021897924183709408,True
22,0.03915699811563494,0.10236499621460626,0.06572504867098096,0.16726514245351806,0.19137020469769186,0.030199888301718488,0.19939585001102883,0.0941566111818492,0.024106069345854787,0.08625919100711663,True
23,0.14052202944295802,0.10723814205128049,0.07820816609762618,0.04853600077029723,0.20143538936819333,0.04013836743395791,0.0635260615840622,0.12697099077872198,0.03934373518309507,0.15408111728980778,True
24,0.12573338437714046,0.112630228482433,0.02639775992262704,0.08879162507437974,0.02713857440621467,0.17242010112793077,0.03696646531230813,0.1624137705886092,0.10852716667409319,0.13898092403426357,True
25,0.10032489554665651,0.15427968025668937,0.028175024015413743,0.03625759400852699,0.08961590650286765,0.03087922126793086,0.13184645786137567,0.08475241915335623,0.18085088386401382,0.16301791752316913,True
26,0.1586610579305572,0.038708978517046806,0.03698040646995525,0.02328440704401858,0.15013694869941888,0.105133627192603,0.0468359272036934,0.12917544934671824,0.13112212549944482,0.17996107209654372,True
27,0.03338143913129219,0.1489823491307173,0.07985953019888932,0.13865523099704408,0.15773587349235896,0.15636697674858804,0.09277056411311839,0.1089704330375533,0.03588097434521648,0.04739662880522211,True
28,0.06040239474788602,0.13769629336056471,0.09050713252829909,0.09630844591898675,0.16274625927670694,0.15892982915936693,0.033176787304264314,0.17461054279976923,0.012071118037523053,0.07355119686663288,True
29,0.032289668048911195,0.07886763343624323,0.02986728559547318,0.18742152331583511,0.07152647565546369,0.08028301196354083,0.05687869329745273,0.21095699760939635,0.05145514199302014,0.20045356908466352,True
30,0.16218256146545265,0.01144703528466209,0.14182628948543877,0.15575028078208447,0.11209265276806822,0.10405246585329207,0.04402428032346271,0.13721869616991336,0.019012166918878012,0.11239357094874762,True
31,0.07022007595959169,0.16939359801321624,0.17042454799738188,0.14829585847532367,0.0464541414991434,0.08042827407645506,0.1753380178135534,0.08756721248830211,0.008049514036653167,0.043828759640379494,True
32,0.020328064369311283,0.2561599451241874,0.14272410332153587,0.2307726785838854,0.06515237819355284,0.07885385298339823,0.005890678228902263,0.040167110258092546,0.02013560646923365,0.13981558246790057,True
33,0.03520118554481603,0.17104375308207756,0.10773721244299152,0.19505384245822052,0.010017846468336965,0.1654225722345429,0.1638686456808691,0.0647466297485118,0.008027924924141493,0.07888038741549197,True
34,0.08990667692396008,0.1300366977760054,0.13828044920809307,0.012098886685062678,0.03751455658321738,0.18374427846625302,0.16237081119268865,0.12086102131859307,0.09352217640025828,0.0316644454458683,True
35,0.13925799851229215,0.12210887970490056,0.14959801176361542,0.03458052963954665,0.00419408268143067,0.16695404406606976,0.1855580436085827,0.012377839537151625,0.09125402300378019,0.09411654748263022,True
36,0.16231249738787076,0.022050926203906692,0.07337838867161722,0.037711416298622624,0.0753204362838682,0.16990552841619255,0.0373965276635022,0.15760757064824127,0.04545399553629562,0.21886271288988288,True
37,0.16019009737505485,0.09512710366365142,0.1411450806430772,0.13914643460919734,0.13709931890632945,0.09304820817093223,0.04944545135538185,0.11844009744301635,0.008536058023805231,0.05782214980955407,True
38,0.12188124809018548,0.040398707359201966,0.1774504566372524,0.17464175618252636,0.12448073036639404,0.07924360782421797,0.08897440693591112,0.1604375326828651,0.006731280545044811,0.025760273376400585,True
39,0.11871595083524678,0.1347134200283978,0.04586699456315186,0.06143715742395914,0.17780534172342632,0.016987059077923434,0.026388431926599627,0.1544733567241503,0.16909648674060224,0.09451580095654248,True
40,0.04842795797337804,0.10834679612074505,0.15540890127450133,0.03550311446457918,0.11185026615104206,0.1562709908627351,0.11910875913166258,0.09649500663643928,0.0976907588311611,0.07089744855375625,True
41,0.13167517304504753,0.16947870552996389,0.011772616890154873,0.0547674001204902,0.11557395542856015,0.18304317562809444,0.013539539551247065,0.21695647003437715,0.007228705289054306,0.09596425848301034,True
42,0.06747673796965434,0.05738779135777941,0.1282448320869309,0.18839965142357626,0.07207962332477708,0.19541487210492925,0.005261051145454223,0.19129840666074363,0.03698985025550513,0.05744718367064976,True
43,0.048827736235599814,0.21214566294272008,0.08426299139770109,0.10055537774824222,0.06534871324264642,0.03724345059160256,0.10990994272227257,0.06329711803762936,0.23236229152511118,0.04604671555647473,True
44,0.08034578956929717,0.04701982259210602,0.0594502062317194,0.07536527797498656,0.15854306539182456,0.0842408210418159,0.1791649378510714,0.0880667811994922,0.13514433100523582,0.09265896714245092,True
45,0.05865979050999781,0.03911661450963174,0.03748411496042968,0.139449572187706,0.2760541093302482,0.18021546671392702,0.02457432035777315,0.001805845672249612,0.05949767052763885,0.18314249523039777,True
46,0.1587353815639493,0.0012429294017639824,0.11448848656113234,0.1065251342987051,0.046582533277134526,0.05039315969025249,0.11493380815494618,0.13288574570712072,0.14821482389312826,0.12599799745186716,True
47,0.13222715587039607,0.07255515521874163,0.08440471317351701,0.13295994438269104,0.1353422766916566,0.15137896249705815,0.11285347044978405,0.07730677628333518,0.036535657780431434,0.0644358876523888,True
48,0.058877583120516545,0.10633761015492876,0.12634328152935254,0.11701260012396188,0.14440277211095748,0.05890634093439388,0.07677107098405547,0.06143516312619123,0.13481905779613437,0.11509452011950781,True
49,0.030506548747499328,0.025232943126591162,0.17979440639233024,0.13183910737139995,0.067358675752357,0.1771622380296879,0.15170029011407857,0.04369406843890994,0.005959054532853907,0.1867526674942921,True
50,0.11815289805913035,0.2188142505564024,0.09618060105967575,0.05467849281822525,0.04176593061316403,0.13250775102107304,0.05104842472832361,0.036457953463838046,0.1883178408971746,0.06207585678299289,True
51,0.17287425790470026,0.18993012593577427,0.1503973153979114,0.13543589124376157,0.028502302905039353,0.08276117136534086,0.02210589398358834,0.04603412265616494,0.028605751717819806,0.14335316688989908,True
52,0.10062643428423775,0.01348195898477513,0.08046543653380378,0.04812400479933865,0.194055479109217,0.15915676805119205,0.06467369326705001,0.0754331504331901,0.0834345388798917,0.18054853565730372,True
53,0.060688378807987726,0.17007107888050343,0.08509664113978851,0.04459933489716162,0.034723403782753876,0.03281346793414567,0.1615993088981765,0.06202333339849224,0.21149680766268036,0.13688824459831023,True
54,0.07274502251741788,0.13114444079549675,0.06453218394096748,0.028508375210148963,0.0835993026927159,0.12563061431453906,0.15995699440625416,0.08390015523239264,0.18399210361868681,0.06599080727138044,True
55,0.03480732943276599,0.06759135995593721,0.1280510194468654,0.05265457345400639,0.025557974047471423,0.12700436490367464,0.15683592257226,0.11301636808853838,0.15148178024561137,0.1429993078528691,True
56,0.12865660397298617,0.0008376487213054603,0.15297722491560733,0.04414873894262226,0.034055859708102036,0.1772474988175152,0.1727641719943202,0.1444825437145749,0.13524830307920752,0.009581406133758932,True
57,0.12169209786821278,0.05600248719896893,0.13244910524122866,0.14882944871305182,0.11211193294281328,0.10594129450170998,0.12687085972554693,0.014554126715543039,0.08594448495976738,0.09560416213315709,True
58,0.11066848676079628,0.026387126170598213,0.07389325509331618,0.19134428556608657,0.16437348005521163,0.08838578071800604,0.13957844034443634,0.08191851574825496,0.10173627412912474,0.02171435541416908,True
59,0.13395682735308154,0.006908101277394578,0.20728774711923234,0.12245658270860749,0.24202769338182972,0.09341943295475215,0.03155863898222121,0.03188966087082132,0.10889040279214642,0.021604912559913182,True
60,0.05473566043915315,0.17978136294423055,0.06286965549328502,0.046912420044111926,0.13722333012671437,0.12300488113493559,0.040682089317689844,0.07427254946169587,0.201189931761186,0.07932811927699773,True
61,0.13682511636130787,0.15738687824005873,0.028477581307123738,0.051919459344395354,0.040018228946724216,0.11142754519540073,0.1764408242297375,0.10310310097533147,0.14895196533849103,0.04544930006142928,True
62,0.14490181102601896,0.01122603323756195,0.11603671580933064,0.1464716375404562,0.03731511826255034,0.12852562734160006,0.08717384401758438,0.14818501265654585,0.05575528631946186,0.12440891378888973,True
63,0.06236232126213558,0.11399878352240041,0.05869728206831485,0.03181578155484163,0.07628614231397406,0.0939462965783494,0.18801280891626446,0.19227750868482488,0.020264910460523044,0.16233816463837158,True
64,0.12711178933783124,0.17250747925890056,0.033112704054437496,0.0115424705105156,0.1650195804836022,0.14367476356331205,0.103019273067786,0.03881351317102055,0.03004110683033642,0.17515731972225793,True
65,0.11106422967848595,0.0799418466830098,0.1389741282390413,0.030408696931436413,0.1819702119166787,0.18601414803328264,0.0020404576578705205,0.14982949220933034,0.0020303915783410004,0.11772639707252325,True
66,0.08714783814846998,0.1814335816129571,0.007531243936984682,0.12265012248523041,0.15633465257609028,0.15462991672252416,0.11570022174710895,0.14489030230408706,0.007061897026945259,0.022620223439602016,True
67,0.0036909291764369687,0.11351276429998516,0.018265728060847187,0.05411024408303772,0.15810281679884497,0.04078115870478091,0.17663783274393668,0.12106862587512715,0.14690997490822963,0.16691992534877365,True
68,0.037777107942392245,0.0456283966666501,0.05270941600827543,0.09514226748488387,0.14546367248486858,0.07442861184017381,0.16733433542999604,0.04403257437762873,0.1520793635711879,0.18540425419394332,True
69,0.017554968120205353,0.18227305913018477,0.03935969010312412,0.10703292845583921,0.05721473828461227,0.11567001713500825,0.11420789353436837,0.16073076791498314,0.16047415421223543,0.045481783109439074,True
70,0.0018837129948794762,0.175605241880569,0.06161929093012406,0.05635463625345743,0.11694936124199569,0.1274258419977621,0.180389542445383,0.040038362772171696,0.04786003076858561,0.191873978715072,True
71,0.18858670860369434,0.08143938260073717,0.111355954537145,0.007814046381172968,0.07067021445098268,0.1874366005359417,0.05482227083952804,0.013099367578460154,0.17359155571662985,0.11118389875570815,True
72,0.11943736240572313,0.14047230250635,0.11216265726629063,0.0794132802304983,0.10345818584013629,0.027045619680410013,0.13629153707171923,0.036194043870948864,0.13323210588235043,0.11229290524557316,True
73,0.1852657865882477,0.054072766061990137,0.040288369517918574,0.11552393454147168,0.17126768200211878,0.021386276868146054,0.17395011705404972,0.000517393105927448,0.13055844284861717,0.10716923141151262,True
74,0.01475140333294779,0.22356858195923493,0.1846664269236323,0.030272239237644796,0.09489143705265102,0.166135925749701,0.09692801299994405,0.09513933283340058,0.08766951586472821,0.005977124046115406,True
75,0.16031322773637013,0.20149296373957867,0.053787344820830536,0.024125159123316565,0.017371437323748115,0.17662020574076162,0.07518992105431917,0.13734355434567178,0.028992993223325138,0.12476319289207839,True
76,0.12094848406624038,0.049948124827543766,0.16196653777587766,0.18845105267373502,0.060357310659844295,0.11726781999985159,0.003530290911672749,0.016553147934956144,0.17930179481630962,0.1016754363339688,True
77,0.07718314776831375,0.0818485994724022,0.06709813807419238,0.11337866185540493,0.1482477279420281,0.021870784358616415,0.12780958409294685,0.12535195243595657,0.1339070206893201,0.10330438331081879,True
78,0.16123774450027012,0.01901333675698936,0.12652535883574947,0.09448348761666986,0.2153852258573268,0.03282771029122224,0.0026199251489383985,0.2308570383103982,0.0021420763745568024,0.11490809630787875,True
79,0.05328432865815036,0.018007498757447733,0.14283037317778893,0.1587397715840421,0.14804354712100912,0.16259575299820264,0.019431949000872153,0.1505052087480355,0.09646849653693437,0.050093073417516926,True
80,0.1856158190041369,0.08539819278707561,0.17648423773813884,0.06753892766922774,0.01911171648697245,0.18993675660793347,0.11899844147781,0.019755051516868,0.05820701149016928,0.07895384522166776,True
81,0.10483913269360291,0.13626057540929917,0.0533833241069208,0.0069743340206495094,0.08354697883338087,0.12705165392011147,0.127021240904608,0.13372485835446699,0.10898914453199583,0.11820875722496456,True
82,0.14243617522098082,0.1253693163789189,0.12436978560991344,0.047454692870309886,0.04744258361285603,0.14440310239148382,0.15431749558453647,0.011480772695533317,0.07118158757683186,0.13154448805863547,True
83,0.12548344441030646,0.0643271276400887,0.1750868098180325,0.015415857089903538,0.111948899542055,0.1218665201631722,0.18641613602969995,0.08108849528550849,0.03956324268435938,0.07880346733687382,True
84,0.1369174545210934,0.03729207439098117,0.006586785018939718,0.024839853984302745,0.21391618254026606,0.22659218483946286,0.11402622995711928,0.12697698079883923,0.030198624314624428,0.08265362963437103,True
85,0.02260390186824963,0.10122581449700424,0.15443574132456625,0.015753629904320856,0.13131799381196965,0.08703442347917709,0.1074242049251141,0.17631122000660848,0.001264401285781024,0.20262866889720857,True
86,0.06118702694403985,0.0970326431328716,0.07497540243350788,0.05265168812787258,0.19958166398566088,0.02205135414590764,0.18522231813058374,0.16354268747804218,0.1255347733109279,0.018220442310585658,True
87,0.092081457096318,0.0810106471719291,0.06221090009889197,0.07003822288461019,0.1261472748830258,0.05347145626636557,0.05128713470272738,0.1502678773774142,0.1586465283505043,0.15483850116821354,True
88,0.07117405602885966,0.12617702556006732,0.07986854330893983,0.15498841191885823,0.10310011728560362,0.07653166194281803,0.14452268007205163,0.023343320592708623,0.21461579003649273,0.0056783932536002765,True
89,0.20613849293329867,0.045370133910470185,0.11197764951789542,0.12503357783874983,0.12330537020986529,0.11771277247052545,0.06854679070086053,0.028509547911449884,0.1198592981225614,0.053546366384323196,True
90,0.14425431599420524,0.02524959651630298,0.015524793465886913,0.0419184351324665,0.017470213608023418,0.14767475065260463,0.182206369698836,0.16435245267297402,0.1830221083409427,0.07832696391775763,True
91,0.017940631104973116,0.030480272859925814,0.1640838698587376,0.029250842031414,0.11055755687596835,0.12242772640891468,0.15349911382620435,0.15971981923725195,0.21159564890765578,0.0004445188889543265,True
92,0.20862128443875683,0.024556704065410325,0.010931778184893767,0.13175262571873367,0.08248132375865179,0.21115886764714295,0.07042778407135714,0.0750053908314219,0.16899697580327508,0.016067265480356495,True
93,0.10876979500396447,0.18464253459765154,0.10535410709403432,0.08508028135668923,0.18623392408019046,0.02475804583720645,0.015020858730694179,0.12201775304990857,0.04453788243184526,0.12358481781781544,True
94,0.07643753949395045,0.145815926192765,0.11014396136725493,0.005548418493325111,0.049188954641704766,0.06983413955623605,0.13102094489351307,0.05799101009890882,0.11409092073981562,0.23992818452252618,True
95,0.11939673471846353,0.10761415356892362,0.1119153674806323,0.06128028013082866,0.12029970682551006,0.032194737986851,0.14295727713081027,0.08169051931891375,0.09388273941263232,0.1287684834264343,True
96,0.15279469226888512,0.09139969529842722,0.030987896069068294,0.11603161504009336,0.054411876299460385,0.04159644095746577,0.12009875305894627,0.16513305856058708,0.12239035678941265,0.10515561565765383,True
97,0.16903480423099249,0.037871400960291283,0.06036499895723897,0.18466764788868714,0.16412286398576054,0.03157212036905993,0.14883465986583533,0.13402673286982578,0.0012296508009652643,0.0682751200713434,True
98,0.10477598967592885,0.03186004458132352,0.12038584511084992,0.15632880944037217,0.11920075361315743,0.1649169869184533,0.12030596807687527,0.04107041416347387,0.1212159291882898,0.01993925923127594,True
99,0.10953508616131648,0.13478913425028508,0.24041885803604926,0.013517421845711764,0.028446397548826618,0.14082289559168357,0.09948033675470495,0.07265352804954238,0.08080314018872133,0.07953320157315856,True
100,0.046345172670076935,0.028285909138335962,0.23534371516143024,0.16355506154937682,0.029408323779320535,0.1673351671310122,0.08066367275577885,0.1605428952133584,0.0611930969160938,0.027326985685216257,True
101,0.11163123338870569,0.13930176245132778,0.0378249298976418,0.13989391743266863,0.10646302365207386,0.07942014045869411,0.12640097860213473,0.1591581420893162,0.00233676393228768,0.09756910809514958,True
102,0.01764690001364301,0.2298216027565722,0.07125814167256479,0.01884714039370115,0.18205347840445057,0.027038027708650086,0.019887678765911975,0.22157011814137814,0.037835647658163926,0.17404126448496413,True
103,0.08237149222844675,0.14836892741863653,0.06460362467383465,0.12221637742300537,0.03109627138136933,0.1337484778927836,0.11142824611292786,0.08013932712842134,0.14400853773939912,0.0820187180011754,True
104,0.23456288923009644,0.02373309536875668,0.2563508972648351,0.042739338169472056,0.047737832780776146,0.056339589006348084,0.01998391935551028,0.011878965623653428,0.21613494345655412,0.09053852974399762,True
105,0.16384611099699012,0.08143128279767073,0.16729623043929862,0.06414802991839383,0.05250240475485519,0.0748702995366238,0.1823207083136436,0.056967401596816715,0.021525452321764657,0.13509207932394265,True
106,0.0804334009630789,0.10042472332184425,0.1588482909348523,0.13004906077794803,0.03386076788846842,0.11988521621182092,0.12407919925416502,0.10877604229751367,0.09268780751376612,0.05095549083654231,True
107,0.08475411402717992,0.18973589194769655,0.1665479251717695,0.16733346570767244,0.030823149720572266,0.06321420590291882,0.10275617655463398,0.010577506642902723,0.12435666248854575,0.05990090183610797,True
108,0.11173740446633446,0.054189495000533626,0.09065487339176233,0.023775442908622626,0.002921943180097067,0.07665500699030317,0.17773964947845164,0.13416806417901966,0.14931826475190488,0.17883985565297061,True
109,0.10136509401681028,0.07701964240117497,0.13460988211259217,0.14138832570067394,0.0411671817224144,0.018910510530726392,0.176148309067015,0.14901155536149094,0.015020078115949532,0.1453594209711524,True
110,0.173652280237083,0.02796621579670358,0.08392707172949976,0.07996229177621549,0.06688316215951262,0.11978606481059531,0.026840720472510304,0.18559765353562163,0.09704914021490971,0.13833539926734864,True
111,0.11299965837995608,0.03137706356233901,0.06024330873589117,0.12498196613439452,0.13326634086116382,0.11394938912597552,0.04568288137176923,0.17187914264295354,0.08132303103704971,0.12429721814850749,True
112,0.1518449025182316,0.11252240725182344,0.08374064781063104,0.027422230942221203,0.16142656189772556,0.05995115853472721,0.16212230974505526,0.09388453501296062,0.04129071506723213,0.1057945312193919,True
113,0.17275856651778781,0.14587626011875995,0.07038221075272309,0.0011925374351586019,0.07668828794333289,0.08375973449137959,0.17024991719321336,0.09852064712976845,0.16043728657570444,0.02013455184217181,True
114,0.060854413779792754,0.12286824049947866,0.058003031620122755,0.03403927360438324,0.14711994941089593,0.004093527624695353,0.142554154392578,0.14095483078775967,0.12809133697356473,0.16142124130672897,True
115,0.022201921614814397,0.05563598406240319,0.09485014311051981,0.14839542157502925,0.1458061413331331,0.026440335852440204,0.10996938764486193,0.13430333726527816,0.23152633619419413,0.030870991347325915,True
116,0.16416703996635082,0.11120194741104077,0.05761110084003089,0.08411885022707094,0.1265830600293806,0.015861370578136053,0.021139318363147593,0.17231103799296052,0.1005714269244862,0.14643484766739567,True
117,0.06263946544112972,0.010743794138652688,0.21270914601340307,0.11406828748693663,0.04622108398709275,0.19334919906343773,0.2482221757597323,0.030801640630061206,0.05104350394111807,0.030201703538435827,True
118,0.08601634149238993,0.23180583868662727,0.04117673176248055,0.10173396410451599,0.18328455235786015,0.039789013369406684,0.15429214741571684,0.03578529484995968,0.021693938900456407,0.10442217706058668,True
119,0.030543246571066784,0.25298861115328086,0.024761225839134374,0.17956228875740432,0.01138686488221202,0.11687038453640047,0.09705266148119364,0.20644759544682026,0.07313120483170547,0.007255916500781736,True
120,0.06035239526674811,0.023592997195006682,0.06850729357547815,0.1606605222783419,0.17397877632237022,0.06839176879714637,0.05123170332705566,0.04862530694588286,0.17205384568043647,0.17260539061153368,True
121,0.08622089137959187,0.05519366931943683,0.04767979772973525,0.17660564814791646,0.07963672075482778,0.1531564103649789,0.13368495732334246,0.03436770516266602,0.13832576356648088,0.09512843625102356,True
122,0.13879687492418505,0.1682590846017562,0.1450865014677073,0.12151428155532747,0.06808311106372061,0.0130125625014284,0.12413270665186102,0.13491055810339905,0.037242733221953005,0.04896158590866188,True
123,0.0609797746551105,0.2167086347327758,0.08035350895444393,0.2078992637416717,0.13684063313778624,0.06776269960710003,0.0030312813773800567,0.03850711582846191,0.06013313959136586,0.12778394837390405,True
124,0.043382783429173906,0.0025337203694423675,0.1517395318054484,0.12836693386812012,0.028700193496937514,0.08901483412163344,0.13620773920338033,0.12537163697631123,0.17140122516460454,0.12328140156494817,True
125,0.12800292937909563,0.10601235338945925,0.1377422734666135,0.03208029198923528,0.02904265786566511,0.09031717869834184,0.051725417068796395,0.050029778103387365,0.17790875946803755,0.1971383605713679,True
126,0.20787035397999087,0.014114108036670904,0.012114633947633319,0.014783162521772602,0.20929701179092394,0.18247974915492896,0.0755428103951137,0.14311490263502413,0.11249508101603845,0.02818818652190311,True
127,0.005929653989288159,0.10491862024466986,0.22409190714524926,0.11572004220379381,0.21467733982661322,0.04134374025867837,0.11822337947164499,0.03968270604699742,0.00886227520667373,0.12655033560639115,True
128,0.17833359695320258,0.1622103057062726,0.08077850002709042,0.1298196052111765,0.12312330488277111,0.08631378462543428,0.009678066361025868,0.13664046636817323,0.06414717040557355,0.02895519945927964,True
129,0.11376033878449947,0.018606257224574447,0.0366492584272049,0.09632104982887651,0.14910395103060428,0.1840954676244264,0.1463837522754227,0.18550411725899915,0.06396746211777078,0.0056083454276215534,True
130,0.14357566079835193,0.04246686094529068,0.13046887541678506,0.1324156234396506,0.0024628675285145083,0.1143971039824478,0.1529326521494142,0.12041467497155027,0.08697830843758922,0.0738873723304056,True
131,0.013136802271156073,0.06883028561944089,0.07603718007391545,0.19765343512200018,0.034405025435983234,0.09294685383296102,0.056927302955998994,0.1905369189610583,0.08526688923578757,0.18425930649169822,True
132,0.07709356790867053,0.17386376422448468,0.037541962583264435,0.13891406198907122,0.07600225741615081,0.03926794433899607,0.20103649008409036,0.05010071632285454,0.10205234261958716,0.10412689251283015,True
133,0.10689511638736802,0.14395231532740738,0.09463060749303485,0.056919098848699654,0.10400379235170337,0.12015952152692004,0.14934413378949568,0.0331132857957013,0.10922052726311098,0.0817616012165586,True
134,0.13279880854013787,0.09610561174625691,0.09699058213506792,0.14097265175871507,0.0022295628089668393,0.021686755567630875,0.14544339517556218,0.14989520328180697,0.14803144816290292,0.06584598082295244,True
135,0.018799622681780738,0.16026984191850882,0.09337575983636202,0.11613995891330393,0.06677101249225259,0.02822162868201441,0.10845746346863465,0.1551515263457646,0.06772430975842703,0.18508887590295117,True
136,0.03855086092233113,0.12474205786523741,0.011955981188948339,0.09149783090961933,0.15250108677373383,0.157027788415839,0.13567879380207454,0.10069158364763094,0.07413062326343521,0.11322339321115032,True
137,0.10360867198729141,0.0710158053781876,0.11644089976527153,0.048252911522374896,0.040575015997270696,0.1348967366189649,0.11482432623909594,0.13920209685795992,0.09685166805300786,0.13433186758057525,True
138,0.12105665912720646,0.1803313677829326,0.05004703295235708,0.01465435401998722,0.00523603977813465,0.1287270044169903,0.14958494087078283,0.14325279634839158,0.0003378461074176661,0.20677195859579958,True
139,0.07310573686144041,0.07214571498604846,0.09568689726735545,0.07900504779410247,0.03899444566333939,0.20372600166865798,0.13145804726590088,0.08291559151873965,0.06064617912728609,0.16231633784712918,True
140,0.057641681746913496,0.15391123551456973,0.08167375201473186,0.11467675918175577,0.12603667827932472,0.08547226606079399,0.07074181723160795,0.12094367452814113,0.043060505771140054,0.14584162967102127,True
141,0.049352842459263135,0.14602208499766858,0.012563540982581322,0.07943446503710569,0.18873318135474815,0.11801923419755772,0.14639475266699165,0.03271760456956536,0.19912676956332476,0.027635524171193786,True
142,0.08517630249213255,0.1432716223128188,0.012731298863686619,0.07130781161676074,0.18212385490836552,0.18155535077358675,0.03154204764172701,0.0453656053169274,0.10212807928269459,0.14479802679130008,True
143,0.01786964174391325,0.15950455770258098,0.10228740245568572,0.08230723199604373,0.154280879116696,0.0618048630215422,0.09147070806766865,0.1695357230478512,0.1131613379334746,0.047777654914543666,True
144,0.17826097744342376,0.1623768218738689,0.046000079983638135,0.024251519518467615,0.17788505373667013,0.08441668380522582,0.07006478594312145,0.1162460801163227,0.09993650012053709,0.0405614974587245,True
145,0.17313007503397546,0.10998536444085419,0.0935624935712541,0.07526130944036659,0.15463300405118535,0.10374038524354057,0.19448675723821351,0.010923414839624423,0.04795790712318564,0.03631928901780018,True
146,0.009560197833522558,0.020290530607802344,0.18422765817173986,0.20034404596936758,0.051040988738232804,0.1347397423568601,0.19997232342042934,0.10620594318430601,0.0026806150447291916,0.09093795467301037,True
147,0.10305496975136295,0.14460677122607213,0.11330465611882912,0.1558561182198393,0.05586558388948057,0.13312495455166637,0.07085768641944439,0.1615267048447776,0.04955456592856053,0.012247989049966936,True
148,0.09465910156654708,0.13464131353007716,0.1797380670849237,0.13776190728651955,0.10143508738518561,0.0079054299546694,0.028983157160108214,0.05954905526415448,0.06606691383562159,0.18925996693219302,True
149,0.10093628363531251,0.09367831009901993,0.1764110838823366,0.13238620069893559,0.13865505186366944,0.1297469552300052,0.1514806366150731,0.05894473489763804,0.004932630487625849,0.012828112590383519,True
150,0.12780689866301367,0.02652872152006839,0.027346066522921014,0.22609524516156623,0.06700270126414418,0.056952855056749165,0.05775187122896764,0.07065170464175419,0.1629145704526659,0.17694936548814957,True
151,0.13669160574801284,0.1328818786653158,0.09153450435251718,0.024461359035332864,0.08409603805300712,0.1416568480628005,0.13955214222463452,0.13437119559242125,0.06281915873754106,0.05193526952841687,True
152,0.09807174860583613,0.1760432078168254,0.012686909780541274,0.08714735179328403,0.1907259778695658,0.08173135621402919,0.14993235994607676,0.16865737573054965,0.022565145627282627,0.012438566616009098,True
153,0.12454288613567097,0.029864729367911062,0.020866471412301003,0.08258639896275183,0.1434855548028358,0.0943223239445609,0.09936972247837982,0.15411306407051906,0.0894103410851807,0.16143850773988874,True
154,0.036316047537210745,0.15808066686708427,0.092255763149202,0.03700966810098883,0.22952626676214888,0.16954331408011855,0.1279541271825307,0.04641399385685915,0.015025081673195731,0.08787507079066117,True
155,0.06401018178477086,0.08327410511399734,0.14526085558580507,0.1649947002665608,0.06364484550206188,0.14287311187634213,0.06649185212715253,0.009781928822766206,0.1265035335027404,0.1331648854178027,True
156,0.06166949521994742,0.041800995121349646,0.14281208186256053,0.015827475358336413,0.02999984541499126,0.2130560683706917,0.1798006551035943,0.011561861678441105,0.11442646573665691,0.18904505613343076,True
157,0.06850705011187659,0.024056103739446385,0.02886969464047862,0.06333739144221898,0.06090402135370349,0.10234797975142101,0.1977782302683456,0.1612780400940837,0.1208062892396714,0.17211519935875422,True
158,0.09411853148115965,0.1849324462884969,0.04914473942068297,0.08428110278392384,0.11336761888844459,0.06453857202224565,0.14050256863122734,0.16304808976959187,0.011925761133918094,0.09414056958030909,True
159,0.06832921587205577,0.06205934221103199,0.11347831257732528,0.09386948424484395,0.1519079081758869,0.16661857736594946,0.15535829195046344,0.1488610985645825,0.02224025484022817,0.017277514197632314,True
160,0.14822176837370774,0.06017559750483067,0.14810162802678553,0.07143855782271039,0.14314882106631263,0.05478880286153145,0.13969649885054847,0.039556499310278465,0.0780017968658527,0.11687002931744192,True
161,0.10930304608815805,0.09746713207799275,0.061932770009976434,0.13703825578776094,0.10522180673407651,0.06100921512610959,0.11977429444390512,0.15278320781204616,0.045519795050366775,0.10995047686960761,True
162,0.12402922975936705,0.00435366965596447,0.19712440304730464,0.056689764211284445,0.015922675609168224,0.18681765147502324,0.006929631576790934,0.12210017023414634,0.10272732414923183,0.18330548028171895,True
163,0.04608914466618216,0.1117730720667732,0.040853338585811264,0.16809566653633648,0.10590698155911983,0.1249070199815105,0.09712336939080717,0.18877702871971125,0.012614944874637076,0.10385943361911104,True
164,0.05286889219032944,0.12193861938443967,0.19235486221405246,0.03680660763619049,0.18486487878437166,0.0375495291875161,0.019351193827654815,0.12319135398423517,0.05366620336976336,0.17740785942144688,True
165,0.09925560196996504,0.09879739785332547,0.04084858218449013,0.05330153963998401,0.016917543835557776,0.1463246897434205,0.18104224127271126,0.1317272414054493,0.08648392148038511,0.14530124061471147,True
166,0.09819580076241119,0.020989434817485914,0.015823020082949158,0.20561639964147244,0.08900753582101116,0.11293192995303931,0.017459942034755722,0.0639919447782834,0.2222728246566658,0.1537111674519259,True
167,0.14292974234126565,0.22634901163191823,0.07090954004452987,0.046001388704414656,0.1894799248349151,0.03193426244886903,0.09052585174327085,0.004116385143810867,0.06627075528617557,0.13148313782083018,True
168,0.08625839516190566,0.15444659295309462,0.08638121225252386,0.053456939021168506,0.10126278942931083,0.009133639587513351,0.11230323631403423,0.12209426452710843,0.10029988846698294,0.17436304228635754,True
169,0.04656376235628583,0.15745580786400434,0.12661971480960663,0.03373775856627401,0.10470693519171062,0.24378111335856287,0.03832483023569382,0.03343824460651243,0.00917024138851631,0.20620159162283289,True
170,0.1163005237232632,0.1450854258876333,0.11928917228018404,0.048061505813410496,0.16296880759374896,0.1164045589605569,0.09517356179036984,0.07122343589893089,0.0481238520610769,0.07736915599082542,True
171,0.061052175597341996,0.06975281951883097,0.046954575782378064,0.11957409167957697,0.16394705347234254,0.05722107724040093,0.0896112713502276,0.03538632625926459,0.1758130985415799,0.18068751055805624,True
172,0.17318963638940874,0.11553768527730063,0.0466577577382303,0.132345922907984,0.08715129399297733,0.06682327674631235,0.04146482575350974,0.11414926944937827,0.07407817784547072,0.14860215389942794,True
173,0.03012355426539304,0.10450895061447756,0.1690188596672224,0.0707194298629664,0.20435790472143125,0.0014741027095987035,0.14119722926528075,0.14707707451047022,0.09931035314292067,0.03221254124023906,True
174,0.16244509141217955,0.14194487119978777,0.14034389212940862,0.19797164052725208,0.023110804733196263,0.09462976848130351,0.03446378744622638,0.08571004229369425,0.005835231587309245,0.11354487018964245,True
175,0.024026735574724466,0.06484497946986618,0.03609696139377911,0.11568373190928422,0.019965544024889353,0.12337257455459466,0.17444508368904355,0.09230426149968786,0.19918058038758513,0.1500795474965455,True
176,0.21177241742955275,0.1855067302365497,0.1262961731186061,0.03255838777542117,0.17601331113423138,0.02166803900030779,0.042791901911099134,0.09389445954150066,0.055563075394147246,0.05393550445858405,True
177,0.10437581139978584,0.11916119769909184,0.04231488120835952,0.06033018828513967,0.1715508135314694,0.16512533867266568,0.13981655929542697,0.051339714427667306,0.06440508453340142,0.08158041094699231,True
178,0.022806826884875023,0.0930940381881385,0.05623413261459383,0.14155676592982608,0.19357675159059545,0.01659380422124771,0.06912157568761652,0.2069189537582352,0.13547666211822798,0.06462048900664381,True
179,0.16334075213860286,0.04913340781109751,0.17134969561953337,0.06988773385549474,0.07756528891167477,0.13018618186473283,0.16797351285835505,0.04056223114548671,0.10228288297616976,0.02771831281885238,True
180,0.11161606580501901,0.13948239023150838,0.07569219829767407,0.03863296758604214,0.0621801659810781,0.12565734916445556,0.1433573955542238,0.063256243448632,0.10418520039932841,0.1359400235320385,True
181,0.1418924122174719,0.019481610162944547,0.11799538184140648,0.08514793263814772,0.09619787828987296,0.09290636955131257,0.01841076129464133,0.19847605707186797,0.19579726535406897,0.03369433157826567,True
182,0.12700589308319357,0.046059466558257614,0.18643070957246252,0.0774826953946351,0.057914779166421494,0.15416632206463093,0.1106641598579179,0.10914850655173014,0.12475751567568065,0.0063699520750699744,True
183,0.07806469111644367,0.1363041110184603,0.019209867164967268,0.17328047310114983,0.02985184700378148,0.11222947104833601,0.09608475677995423,0.14210241590987374,0.12904819750303745,0.08382416935399596,True
184,0.04952461990666432,0.03620670981826405,0.10880949833885178,0.08706561710649924,0.3423094100907308,0.005465548743422344,0.24241192649629228,0.06543705958152134,0.001848550918240893,0.06092105899951293,True
185,0.25454850746352736,0.0175704631043831,0.10332384943947943,0.024024258343443895,0.12308286165960355,0.08870029840377107,0.01891946940563607,0.1682910789496136,0.07800563630925969,0.12353357692128222,True
186,0.06981199038043698,0.16398404532688945,0.06717477400250489,0.12227491941258309,0.019716808520648426,0.15251441925614723,0.17322038149416155,0.03381315881121783,0.022461555667609264,0.1750279471278013,True
187,0.12170877414857624,0.10379805977116537,0.08928841183640358,0.17746522246015575,0.020463905293270298,0.07871509016894951,0.10003472679719419,0.05544526481173905,0.13570006976860755,0.11738047494393831,True
188,0.017607588896053048,0.15524014397512492,0.013423729660377939,0.1516440867263785,0.20149244891201293,0.051823767209702755,0.011325050467095765,0.17136110100769197,0.16139204386089342,0.06469003928466867,True
189,0.17956900371820142,0.10881702235246504,0.07231498760281557,0.16888897014095253,0.10031700349652847,0.07001612616442714,0.04186344995806596,0.04933821896370047,0.00699976672446337,0.20187545087838005,True
