ID,strat_res0,strat_res1,strat_res2,strat_res3,strat_res4,strat_res5,strat_res6,strat_res7,strat_res8,strat_res9,alive_at_end
0,0.11103721653913559,0.194017474917689,0.0062783978946045465,0.09164274953666111,0.17248827608740933,0.04232041752085489,0.03267612964951012,0.17816670273009622,0.0826476619002575,0.08872497322378178,True
1,0.03955719290146124,0.12448097296515508,0.17217342650821035,0.1861494791393496,0.030932155118367007,0.12531653647355545,0.009783006586145948,0.1771258517713521,0.0036294581427804996,0.13085192039362284,True
2,0.1439598672360648,0.04158970773337091,0.1180271823603145,0.09302214761634059,0.10342463619254763,0.1347969835500943,0.005738589128588845,0.06702830168678878,0.15031416097145722,0.14209842352443244,True
3,0.2361258298578303,0.1835949149439932,0.07866561948511727,0.04921676192062064,0.11345281427302106,0.04464872933019438,0.050481313156249874,0.16134637808212296,0.07107714117484751,0.011390497776002892,True
4,0.1419459963352167,0.13775651184780632,0.15015478111986813,0.1351952581866611,0.02247822910928614,0.06143877628815399,0.13205833189418184,0.05139649706825857,0.10813377619295486,0.05944184195761238,True
5,0.0794449578009078,0.215360527228344,0.08359109361258123,0.01633248736843175,0.13074518198567392,0.005181398354485876,0.06832173295424993,0.16535068174714326,0.16359462985651077,0.07207730909167133,True
6,0.04162885144312001,0.12341646236936392,0.11143551782887762,0.13437224866857453,0.11858017614195844,0.05429234026403879,0.11985282977766591,0.11594188013034801,0.10544789310664775,0.07503180026940504,True
7,0.092300618039238,0.09501638864388919,0.08946105929662991,0.1434385754636375,0.07679070232415869,0.07345026279531855,0.11158832788038457,0.04277464307019372,0.14471758798307002,0.13046183450347967,True
8,0.16385944832869975,0.09414349911063383,0.09696501262685328,0.11079942218886321,0.035910191858195516,0.10676750640081985,0.026736389124747836,0.14260498964282878,0.13114139866478924,0.09107214205356871,True
9,0.24332170851143575,0.044249575929170795,0.004432854601738652,0.106822253413712,0.01305581170885432,0.18185005645000493,0.08184852231319462,0.0014930604172891694,0.23480236890109685,0.08812378775350307,True
10,0.12219894211147388,0.2150254549641333,0.05139663275793636,0.07483553923547288,0.1847630084166789,0.16368649867850696,0.030194230239309124,0.035922620892599795,0.059378731390996566,0.06259834131289209,True
11,0.10918922454329064,0.12850811095531625,0.11732057535759416,0.0055526949091544925,0.1941980387300094,0.03568235530668714,0.1672566474447812,0.11713970978565783,0.033879057023750235,0.09127358594375856,True
12,0.14867709771672047,0.05188674599799645,0.21358221443489042,0.10677024242317569,0.008848794135976851,0.1606840182276962,0.07135428777588003,0.1638416263991582,0.053129625280351714,0.021225347608153852,True
13,0.11260748089527885,0.03017116572244013,0.1331240347393632,0.04589805975599267,0.09346032851704708,0.02059702801525848,0.16074254434164037,0.1959839365957123,0.02952052956035589,0.17789489185691096,True
14,0.017857738685540477,0.13942283228120403,0.05435353676878811,0.006378509927873644,0.13868308549115657,0.08481002829947118,0.12711545435702004,0.15046292907930373,0.13591412438495581,0.1450017607246865,True
15,0.07255472137923015,0.03764703647383303,0.15586474927895225,0.09874593461052475,0.14773622378235207,0.08405034797029143,0.07236665691979982,0.12843873797034042,0.10223527560455853,0.10036031601011759,True
16,0.14097795568863483,0.020117605139522453,0.14384861623168227,0.03580628300037955,0.18449811186374107,0.08710096137786379,0.062384190858517735,0.11190453953046156,0.05964658621186562,0.15371515009733114,True
17,0.11348417379903972,0.14567738845055425,0.06363404709750352,0.13895026692722723,0.10141289651225885,0.1110170657483584,0.13231078192334791,0.04314393495955789,0.11610197275794906,0.03426747182420316,True
18,0.11508649275610885,0.03926336609549534,0.11069427637683865,0.06265459531779916,0.08132703959978484,0.05777798812922746,0.14040914685279407,0.154757018258208,0.14967697918544548,0.08835309742829807,True
19,0.13036069393882674,0.10983600397954442,0.1559309048664186,0.1382483698100397,0.1454892298199846,0.1773180161386498,0.0011389163822518988,0.014801249305692677,0.07299218952252433,0.05388442623606724,True
20,0.021962369410731368,0.10269357294756115,0.2535693506852463,0.14215102589628423,0.1689272916540089,0.021755226146871687,0.04408857890527093,0.10543399451412985,0.09118264924147168,0.048235940598423885,True
21,0.04778966447300939,0.16456107953835294,0.02084344872211734,0.1445479380023625,0.08970709181704783,0.16580263367776044,0.19431444712918325,0.055797345549681895,0.11223174528721233,0.0044046058032720485,True
22,0.1394593065299953,0.14240822424855903,0.032328258542619545,0.15727150798312542,0.15229100809664045,0.092769752910253,0.10825576405414977,0.11579170589535966,0.040425138808060784,0.018999332931236963,True
23,0.10793512294320487,0.012563971204979896,0.08919696318616402,0.12054778589566807,0.05400957212160101,0.1903413826122118,0.12819380152927162,0.14670350507050633,0.11598020099831341,0.034527694438079015,True
24,0.04589564981308464,0.030774391523390513,0.19217905606856237,0.16886930816935608,0.1344385231022728,0.05833449434349634,0.12443997517064474,0.14450712229781693,0.025911730083012875,0.07464974942836287,True
25,0.16097251642275692,0.11433739971336966,0.0358199041282905,0.11251784605909487,0.15547954571610303,0.0417623245906399,0.09900843075519337,0.015698508949522478,0.08719816760449983,0.17720535606052937,True
26,0.011041012937990103,0.06464765454205558,0.10691079456993235,0.18151087548936037,0.011119423012635085,0.20780490618471037,0.2226788388448594,0.05215501836025062,0.09196629551521078,0.05016518054299539,True
27,0.12818928067807087,0.04365049355647267,0.13285842426641434,0.019060937506353053,0.1427674476718244,0.03697352761000408,0.0907109851067915,0.10806447507241858,0.13965288433252598,0.15807154419912456,True
28,0.08010164962632957,0.13021362853273602,0.021717113929310566,0.12438980081977248,0.1435926077271328,0.05440051592572325,0.07398482865186243,0.16924931893577683,0.07660664915906291,0.1257438866922931,True
29,0.13530161728698537,0.012228668055513049,0.012856251000957266,0.06532560525599021,0.24950187285527312,0.040203245172482756,0.1625158262376639,0.1419855676373949,0.04125706434853752,0.13882428214920212,True
30,0.08554344166784338,0.08789770828383134,0.09221494796821784,0.1213644294002362,0.12792721501761872,0.03520401798273699,0.11034012904107164,0.10629293556711022,0.1393181460063657,0.09389702906496807,True
31,0.07652520469001789,0.005233162439412415,0.13953547122335505,0.16722515977805008,0.10488357354121403,0.03551834032227079,0.20011909261081895,0.10468698048802529,0.1352138598258424,0.03105915508099317,True
32,0.06666072398139486,0.011952354758861874,0.015726554975691726,0.06547171410061628,0.1524410086679254,0.0028051987838408096,0.2882427994745369,0.22339120295857595,0.07457919726145489,0.09872924503710141,True
33,0.06154559595512674,0.1574529100703921,0.12538712172846356,0.13063633721435883,0.025461575645480534,0.15164797709065841,0.02891110870188982,0.018820870272660262,0.17544467151222745,0.1246918318087421,True
34,0.09805724319873166,0.10968204304898686,0.15146341344963135,0.13838695658706684,0.018477377085851523,0.03353726080847386,0.08718689330315656,0.11275300254879925,0.10820230958806308,0.142253500381239,True
35,0.1515061031161028,0.23079053526826557,0.04581471484151478,0.0020585569698801684,0.13119672465180582,0.11374311493125182,0.05889964080175496,0.12089018213090491,0.07880335787897501,0.06629706940954416,True
36,0.197145561930095,0.15763272270960732,0.06329731621294327,0.030745954186551953,0.0758230994107318,0.13170598595185423,0.08365011800780593,0.1381542230635968,0.0434896738402064,0.07835534468660714,True
37,0.12442537603099531,0.11502651188329079,0.10613525677837524,0.009911447775703868,0.11171413833545894,0.08860663417124243,0.14836653842566422,0.10510533566476986,0.09614997127113416,0.0945587896633651,True
38,0.005735187766458682,0.15104508523041882,0.19754233040809588,0.080362081088291,0.05168645708277097,0.10988509891161576,0.12644890527454572,0.0025157470548305824,0.14090254768163307,0.1338765595013394,True
39,0.15195544024754806,0.03546128315621072,0.09857565764585044,0.08116543372330003,0.11536228847475109,0.05614457490828013,0.1548344278792876,0.13674225072343094,0.04075336303228888,0.1290052802090521,True
40,0.04125562546737011,0.15029261353974424,0.0006403539369271145,0.1071425249808111,0.13440102585485056,0.11151131124817903,0.20997318718395241,0.020484808392737933,0.027091246175380734,0.19720730322004676,True
41,0.0335008123774767,0.04942289230466878,0.102997469452414,0.1462550123205008,0.10054335912605106,0.13568209959445843,0.07406608542074293,0.16996420742265936,0.11679676341127249,0.07077129856975557,True
42,0.0044469935397746475,0.1510799151960804,0.11518653840904496,0.09769793390426047,0.0693932348716823,0.15110969531196417,0.06989610615302211,0.14683633548963665,0.021802730396680996,0.1725505167278533,True
43,0.1537517212185435,0.015704686843437704,0.10076417290208232,0.10734422559910736,0.12125123042620804,0.08397673531992253,0.12599494856183563,0.10319907793610497,0.11543373731122017,0.0725794638815378,True
44,0.094325780771753,0.17136766554420632,0.017765566637748628,0.11434101314090729,0.07508299620799676,0.11415312591482973,0.09300353269994542,0.14919425073454703,0.13470073295456872,0.03606533539349708,True
45,0.08890231890767082,0.09185502311309228,0.019142660014879544,0.14054071254918268,0.03972753143169962,0.11835612148568299,0.11619025701970212,0.11017240945663771,0.14186339598940897,0.13324957003204313,True
46,0.18848905119113724,0.07009849981879769,0.13949091041166137,0.056482967160703564,0.008800492208471403,0.05840128026640688,0.017904411772107956,0.03163935133176553,0.23477964354528377,0.19391339229366447,True
47,0.15097924006542188,0.03915247014239791,0.10002088655014442,0.15380082959062266,0.04031289716546343,0.15033932444143658,0.1337520062458614,0.07669353216168198,0.07169982241783394,0.08324899121913558,True
48,0.133225471746213,0.10814070705003537,0.030353298433444732,0.08425441572317612,0.1621501245179243,0.07522513520050755,0.1795561191321765,0.09167209272763845,0.030421285049912865,0.10500135041897116,True
49,0.17533389892485107,0.18599087081976765,0.1871204694204206,0.0622908531276923,0.14871477813665807,0.01248222661029954,0.0802287661492484,0.03537368150530028,0.03489003775607426,0.0775744175496877,True
50,0.13279668633324096,0.15277166695306577,0.13118838652702516,0.061743987406696725,0.0713113618725,0.06711237457619261,0.11032788021285957,0.042119363839666094,0.08802739741001195,0.14260089486874117,True
51,0.08244347769676055,0.02567058624540187,0.16618917179098136,0.05331624330918838,0.16554289350063414,0.08041355341977302,0.1223226147705475,0.014529119252575192,0.14266526707191302,0.14690707294222494,True
52,0.11181140148461043,0.008966047425261645,0.13265108656425514,0.08022870538785602,0.06057970038905749,0.11362307949159794,0.12112334598598727,0.1589239773374354,0.19378818356817135,0.018304472365767138,True
53,0.04870587433539989,0.13464396976344387,0.11967363467425703,0.10387505069571086,0.12348644251104458,0.06571768258310214,0.08931384219490276,0.15837701287489148,0.02742769634411496,0.12877879402313247,True
54,0.021928051681916628,0.17397109008776795,0.0005866838565400466,0.14649866025886785,0.15342998159247534,0.08409942081229387,0.013968412059590825,0.023318072798712886,0.23445370046573943,0.14774592638609502,True
55,0.1605198744393807,0.11344819469311854,0.15483824420956876,0.0330913538352158,0.08070727632661143,0.04761318873278653,0.02280317987456808,0.1036998758479023,0.19096668012562665,0.09231213191522097,True
56,0.03454706535440571,0.09483719936335874,0.1337630109397818,0.08369275847702116,0.06985624435531652,0.09764235004973787,0.1646266136005772,0.10311678548717765,0.13296217283971098,0.08495579953291213,True
57,0.25066370311043645,0.024577167901493953,0.03581500817645324,0.09004310235133882,0.11695327724678012,0.11613023420979947,0.009946688911440295,0.1539851011956882,0.04961872089283662,0.15226699600373292,True
58,0.01757655848331041,0.14393403412439557,0.1269823254991119,0.07125964087536579,0.15791785011502638,0.035088788201967154,0.16327843036712406,0.0947221291613408,0.09890622592965163,0.09033401724270627,True
59,0.03766681696380509,0.12045078135380255,0.022521733086907268,0.03545129290373594,0.07689982448277463,0.10019987137337426,0.15111422767499672,0.1724063941835431,0.10966900349199878,0.17362005448506157,True
60,0.1809296612861116,0.10305796393645447,0.02269851924464349,0.10595516409019541,0.08756863106648924,0.06435948522962381,0.04562246988264825,0.07951369456159432,0.17502988157898725,0.13526452912325226,True
61,0.08183718093037236,0.03301720189186348,0.022533761309130918,0.20242512056811507,0.16756849292197049,0.009691930175230727,0.10806083319068802,0.23439622554329398,0.12708165688403433,0.01338759658530048,True
62,0.10778159307310263,0.07372846045427621,0.10424360254390386,0.03305340581508477,0.02639339918125909,0.0007034594028445544,0.2010387468156983,0.16641086359091842,0.19477864061019992,0.09186782851271245,True
63,0.1442263150475832,0.04710302323790713,0.16681592767093512,0.08960860039937939,0.06336680859892098,0.07940330072588657,0.0992413757281667,0.1772686289225488,0.10032572058242015,0.03264029908625185,True
64,0.11889013884800602,0.21682861687807023,0.0243138624483256,0.042606272288771785,0.1414704664417955,0.008558167124297307,0.09844264867729745,0.00837168121020101,0.21962256495949956,0.12089558112373548,True
65,0.11478404088008191,0.00669367956819244,0.08561762612868107,0.11143348566059953,0.10937607901548539,0.17419823125137518,0.14064423806668125,0.15569015045595216,0.05263560306720953,0.04892686590574159,True
66,0.10089657935458281,0.03252210279591204,0.0015494383001135826,0.15192796489905136,0.18095701819708673,0.013000836794291077,0.11510146763399667,0.1633994217392275,0.17206958948625684,0.06857558079948149,True
67,0.01934780016920301,0.17347567442955672,0.07286907230911746,0.12911683931909243,0.1848100608712817,0.043263715698845795,0.1667481947047019,0.10708522090056709,0.023647679088083337,0.07963574250955052,True
68,0.12606311357648506,0.028712410433006125,0.127354572239485,0.07473510511520928,0.0823505854776593,0.11402348827529492,0.12160010058500088,0.12455384428211419,0.09808610354367478,0.10252067647207053,True
69,0.03384138484655874,0.09948578116890196,0.1742645698770086,0.1650677289062651,0.010875998019132867,0.08673521323241129,0.13013506551957146,0.06420631113488573,0.196258011602645,0.03912993569261944,True
70,0.16708244955721765,0.06323093292318215,0.1320645262540161,0.04164593517434352,0.014434506704231881,0.17543194485945468,0.07655492353927965,0.165104225265295,0.027782499187142543,0.13666805653583683,True
71,0.11016218034293103,0.10577340596264491,0.1224381309759645,0.14953417296921553,0.11442787833867035,0.01625498507576388,0.07492061966110113,0.07741225742523145,0.08811020540684675,0.1409661638416305,True
72,0.14919933400013816,0.12862064782167618,0.05022901103150847,0.14335227734656794,0.009500888667418633,0.09470301330338028,0.09598800779478614,0.07807491772431462,0.1334302244249605,0.1169016778852491,True
73,0.03224461827449539,0.1881341656147933,0.09985551570473673,0.06973260967394983,0.08257924435237186,0.08234581682416489,0.146073122908907,0.11457037190442501,0.09780851145660945,0.08665602328554657,True
74,0.04990551353293408,0.13839782531112052,0.0776848269030036,0.07486521175872386,0.11729721455092132,0.0883331148105517,0.056774399541060436,0.10095064841613087,0.14509915236357895,0.15069209281197465,True
75,0.05134070745629638,0.03847807371796474,0.294211306960489,0.034446609368167264,0.1710627843946504,0.10345403222227689,0.10606824244048814,0.012215581206646658,0.15512364635642897,0.0335990158765916,True
76,0.05784449078579389,0.023454051078807103,0.18783754613489265,0.2404635685187926,0.11663659779712415,0.095697135410324,0.13468973608795481,0.06179287510576361,0.005918633994752822,0.07566536508579429,True
77,0.07499874918108482,0.09460203461463165,0.13749497980891973,0.03735429710754598,0.0499632948051376,0.20380314588246642,0.055746934557685625,0.10902375142318531,0.08431491208904728,0.15269790053029567,True
78,0.13291910315371416,0.009943392712653945,0.13465743785363812,0.13958006414361762,0.103839372169002,0.11626447033688493,0.06672953882549497,0.07639337200520503,0.0850797011849867,0.1345935476148025,True
79,0.028851407802494785,0.07555750347217569,0.04687189959915658,0.21422541260863875,0.08415143984543982,0.03582238059369425,0.15975285492831917,0.1504406431120987,0.08607922154011376,0.11824723649786839,True
80,0.13928508324099498,0.06461368205871815,0.10470133620498419,0.13912231824326715,0.09171583167862059,0.04346185382576635,0.11966374465360778,0.03133939395562232,0.13538898900522298,0.13070776713319554,True
81,0.07652177646234626,0.1116174461681653,0.08241015804328188,0.11699183628738533,0.13670360121299502,0.09649343076407382,0.0896001297723575,0.0632830280426495,0.10867171546591636,0.11770687778082896,True
82,0.05115735491620925,0.15814843447502158,0.045825738619908976,0.18803591407525294,0.012012543277713967,0.11604305006056714,0.084859444371761,0.1260764170432442,0.042718326012008465,0.17512277714831254,True
83,0.17362918264227484,0.01866584466566804,0.009692333300025486,0.09003128346463685,0.15191317473272767,0.043433665031236385,0.16330763711976176,0.1683248033753551,0.17830310818300624,0.0026989674853076196,True
84,0.10374658508775265,0.02298119359564499,0.0670893428997351,0.13905405449664296,0.17191834665905265,0.15856731162293075,0.11504386291111818,0.0976733360404836,0.044962702887398204,0.07896326379924098,True
85,0.09711796823821624,0.08167878527866755,0.169188546597591,0.0960880911628733,0.008229474867948002,0.07575494562238759,0.17278565704314763,0.1531556175237129,0.11230656648956971,0.03369434717588609,True
86,0.03551460485034973,0.0939228509445187,0.09687861125409292,0.16846691747686016,0.012138725433375947,0.051372409724772874,0.17155158332967263,0.06987122581773031,0.1484270798602872,0.15185599130833954,True
87,0.21327934585428787,0.13048563003567548,0.0030365133306095864,0.02466367873026536,0.0366261711889774,0.07076087019229167,0.09525771594425314,0.2229315084130802,0.12104760609971975,0.0819109602108395,True
88,0.1620623155828888,0.1650868720429716,0.05507841245004657,0.05549796200530888,0.15613185968584195,0.06586350883405755,0.16246289412217238,0.16502738790372495,0.007591133057520027,0.005197654315467201,True
89,0.1327033605970619,0.14220519090543954,0.15551221311493513,0.021836060898364613,0.11412904888493014,0.024525858712168648,0.056807513899923834,0.07957878063595121,0.13864310709330543,0.13405886525791955,True
90,0.006899302573030534,0.02416310639628951,0.14483259467202694,0.09206337461293435,0.18002362388274393,0.21787413239492381,0.01482919987087566,0.07550961811549067,0.15591198934887376,0.08789305813281076,True
91,0.027166619153051873,0.19658042611377174,0.12518419883752915,0.15125801413382162,0.07313116442302223,0.18669559056440566,0.03796240955070257,0.009350008640320925,0.0708413809739946,0.1218301876093797,True
92,0.043580949918881055,0.1188477171359887,0.038240256450647936,0.09832594137949599,0.1752291590436191,0.08394493561087674,0.08643473487613719,0.16060973159078543,0.045928834409370456,0.14885773958419732,True
93,0.08273303670437682,0.015295469402152808,0.03218660538055332,0.24518341547414077,0.18801109594683096,0.08803567063616363,0.021189060831314867,0.15571538183344424,0.15943333625285858,0.012216927538164023,True
94,0.1522176195792207,0.09350780620052436,0.014774773798896787,0.13713130309703406,0.1593728406015191,0.1635975056048607,0.08819836905839219,0.09943600879112784,0.05080041587034436,0.04096335739807993,True
95,0.11478928952600728,0.13072744473043982,0.1154390741999007,0.02429069524043212,0.11935989886062626,0.12289038403397165,0.040035922941079945,0.09279998181102239,0.12844744153292206,0.11121986712359781,True
96,0.08333345153242204,0.1634212423379496,0.11725162598543605,0.025834339492720335,0.04595778805350362,0.13706028173139337,0.1307429864206711,0.13973422361435434,0.03305490791380258,0.12360915291774693,True
97,0.16317768007428798,0.05014223294689808,0.19251045692325955,0.12891950839146352,0.11063493569687387,0.1812392383313346,0.01407992248425054,0.06055280317075005,0.087591315219538,0.011151906761343785,True
98,0.17201322761166932,0.10289327373949801,0.045226191788508854,0.09529698155326188,0.006000934898493922,0.022387334220962146,0.16741334985557074,0.1639155115234385,0.14360609477142225,0.08124710003717439,True
99,0.09537983671963703,0.10953678675226772,0.13604670995033072,0.11362458312609847,0.06909771928683821,0.10965985840892767,0.08370137153235281,0.11317325454849717,0.013371206107974074,0.15640867356707608,True
100,0.19340287275773912,0.12029988322454672,0.13693905586589586,0.057182262079815305,0.06389364194252405,0.08408729324831467,0.08377219224830881,0.06997971547108153,0.054685309123549616,0.13575777403822425,True
101,0.09517044171062496,0.02680707434959224,0.08197193860045522,0.10185719237092207,0.11073731650983262,0.16924069842999936,0.09530447138908975,0.13959699487353183,0.14699316722276867,0.03232070454318339,True
102,0.00245072566036748,0.022417322311180352,0.10003819189889494,0.15612145646338416,0.1231690236849635,0.1920730937751515,0.08250388313706193,0.0005513024788141601,0.23308491155490496,0.08759008903527704,True
103,0.03787677029633681,0.15392563964341652,0.07463052222163663,0.11987963778166065,0.11252238037859139,0.025262994136911153,0.16595772583480323,0.08516772262883518,0.12044424898780212,0.10433235809000645,True
104,0.06878701129891517,0.11677959302602077,0.0758887248487678,0.1361205709882507,0.149546009871582,0.06193013775417822,0.130155952510727,0.13280178482134622,0.027137528246274342,0.10085268663393784,True
105,0.15171892634932685,0.03139833858113455,0.17692726029820297,0.12321385186709567,0.05035643230372519,0.0328933596137471,0.14140709856245837,0.13000254035976017,0.08321139965692673,0.0788707924076225,True
106,0.07298496269753214,0.187338123547902,0.1676304763321312,0.0040471476898108535,0.10544895458090205,0.10433190748518337,0.032996333138407545,0.16682986244179854,0.10943076995628338,0.04896146213004911,True
107,0.04772654684266155,0.14801824731737037,0.19831265168141812,0.08500309826253946,0.036711886738722055,0.14909307941105643,0.030044983627203117,0.05241490713073419,0.07609706213642597,0.1765775368518687,True
108,0.14587932822886984,0.10313784393623242,0.006915861203743397,0.13342969026799392,0.14922878354101823,0.02140715183685818,0.10871636157078828,0.057595555093904516,0.1164342893388148,0.15725513498177635,True
109,0.01984635548459527,0.06827822112597592,0.20858381654492653,0.08556063904757144,0.0068602391650226776,0.18806336537363136,0.09129140803184835,0.19451510939570643,0.07698780852838175,0.0600130373023402,True
110,0.0752224316048046,0.00792328622399987,0.07957390460857494,0.18354519533596075,0.21179377702586927,0.04621347379592317,0.10670611305861223,0.08603529851597917,0.12316086796472565,0.07982565186555048,True
111,0.14325491091135334,0.1418926875305536,0.049469555258452785,0.15724501110465133,0.02759279199307554,0.09510144823313746,0.11740991165627827,0.06708712243922448,0.04295328938470601,0.15799327148856712,True
112,0.11059353055096802,0.07310920426972356,0.0670276051863237,0.14429198600544207,0.11451418200654126,0.2059375618094973,0.1561659576425506,0.03010426862374918,0.035226116526330536,0.06302958737887387,True
113,0.14393941400212795,0.12699698096623854,0.028875537179213064,0.026116193398535378,0.13493541505650639,0.16712861498646314,0.1110663663535477,0.04560166717262015,0.11964168929792111,0.09569812158682658,True
114,0.24338613633756223,0.009608375287618683,0.024045761085580028,0.09771040915003834,0.06419683458302554,0.16884512899083048,0.1300014542939796,0.0067338003427088846,0.12715279266727333,0.12831930726138285,True
115,0.19037488545557757,0.156485005592767,0.07160032021573642,0.07055102656330418,0.175596284671073,0.07591838526624106,0.007510661844585807,0.012002330232215083,0.19401974743155634,0.045941352726943496,True
116,0.10742032741976633,0.08325418981067788,0.04068270129749464,0.1040377552640861,0.1676770077376031,0.12783114445170315,0.04981393402350758,0.05548722813373728,0.15552659068337407,0.10826912117804996,True
117,0.04543226124138967,0.11328072794630656,0.019993187557632,0.05913138237903422,0.14633007190534564,0.12352493927024556,0.1464160620231895,0.09075777739769164,0.10704343240117949,0.14809015787798568,True
118,0.09914807626337588,0.06460883839474334,0.10975060143374568,0.1237335440260005,0.05461014079821559,0.03163649409960225,0.019942337033341178,0.12154326196006665,0.20541637072672403,0.16961033526418487,True
119,0.13530047080034824,0.11024276357674904,0.03259632283122262,0.10269098844382167,0.08532463972307651,0.14661923380556635,0.03639576427737094,0.22306372855448686,0.010876183952454795,0.11688990403490296,True
120,0.16638198096149706,0.15315286058369051,0.03167734356498245,0.14444301629681608,0.00897055692664541,0.16345308465120204,0.11558414206505686,0.006409063537320507,0.08965894614599894,0.12026900526679003,True
121,0.16781829405946502,0.12154751840017237,0.03578183757565176,0.09470013543428907,0.09141162474227635,0.03907261670214726,0.10186021230507492,0.12738576339553495,0.12611044555831563,0.09431155182707265,True
122,0.1670530804657443,0.0761374634631768,0.01749687065121439,0.13816082515538222,0.13718236673490736,0.005677516722696549,0.09611587130756061,0.15716979447618132,0.024683909854136064,0.18032230116900042,True
123,0.14107030203035506,0.06369030522078718,0.06132715942926037,0.1411956397948898,0.1551188146484023,0.1332793674707067,0.04114801763262266,0.10423216531600125,0.14443035838144153,0.01450787007553305,True
124,0.17559282401988707,0.128531264221864,0.008729688994413105,0.2518702947984864,0.08358366048185963,0.06072808133674231,0.060778660288093055,0.013744088723313659,0.07741152032898771,0.13902991680635302,True
125,0.16595223451069438,0.16917695580167944,0.11534624928034301,0.009202776664515295,0.12992182118437112,0.015009287199154262,0.23448261646841198,0.027487072735679813,0.047528880230043646,0.08589210592510703,True
126,0.10216045721866554,0.17048852742695964,0.036345142472104505,0.19862163458480925,0.11061760138939808,0.08798043213357727,0.03442251885362329,0.06327400032210774,0.013741754765762528,0.1823479308329921,True
127,0.06845658190769198,0.10159612174077252,0.08491395361023309,0.04737957108153613,0.1622915503078141,0.1309801065352209,0.1316130568117294,0.07736526606117584,0.11644238662851747,0.0789614053153085,True
128,0.15694434761617324,0.0788850749792876,0.1221049962907536,0.05328788336147172,0.007938375824163554,0.019581084274566254,0.1344504131697774,0.23363034175213185,0.015947327456423965,0.17723015527525088,True
129,0.02152683378490296,0.1574873250285561,0.11423480165483432,0.11324450537653633,0.08528499132608598,0.15509558406802873,0.16809510126879462,0.012807057881616377,0.054548221602990714,0.117675578007654,True
130,0.12248790870225065,0.1462426891693153,0.01751123690791218,0.0928764264954835,0.06076237480924041,0.06827669148853296,0.14393910346673966,0.09874968338414064,0.14388446272036973,0.10526942285601498,True
131,0.022246211774888322,0.21621887942518223,0.182142615212589,0.08745823824529217,0.07671635790451833,0.01076680380823421,0.14654769131032575,0.05727119098096401,0.018281538106115887,0.18235047323189005,True
132,0.05064116703232431,0.06210163497976081,0.15696552723472934,0.003564280832180879,0.09420764801954776,0.17369098248033654,0.12583324030492848,0.15902528196325927,0.09265206656212636,0.08131817059080632,True
133,0.08295969027998554,0.11460304946491909,0.044277760678095086,0.1444431391264488,0.119800112716683,0.08856052121141078,0.03384195450558434,0.21099296789578967,0.06274475734951845,0.09777604677156515,True
134,0.16240135607253373,0.11324938256611206,0.13631133673923737,0.01390779189931122,0.013001484144011586,0.12979852025234068,0.08656180069275796,0.12211378703268173,0.1394961472237504,0.08315839337726329,True
135,0.07560322404297314,0.125696446530902,0.13856898574124427,0.1786513195104292,0.12827376091451703,0.07387987388684364,0.008373067106087774,0.06447022602875391,0.19234354748240354,0.014139548755845558,True
136,0.009412890035315709,0.06111158641715826,0.16270726431674376,0.038290723936844295,0.11361023731099068,0.1580920180797856,0.1311434911822579,0.16737293033021575,0.001552834588381237,0.15670602380230658,True
137,0.19614598284243087,0.013115868984203864,0.04068006024617873,0.146262667519862,0.0603852920969496,0.1417829433509316,0.033046208176149706,0.03783838762298666,0.20296753268262158,0.12777505647768544,True
138,0.15504735158002642,0.19359441600489388,0.10047314112211958,0.19576746125285988,0.03117323187880311,0.022585472685271314,0.09568896953523247,0.155562319280476,0.048416151108229714,0.001691485552087696,True
139,0.0328465359548218,0.13548876803266036,0.13240398248595048,0.09267725459954262,0.14004187380179006,0.0973839041166269,0.09737073378046017,0.07216946969460389,0.06545483947967075,0.1341626380538731,True
140,0.0695480051943589,0.045711506410890314,0.12919430968960674,0.14943489853163613,0.15621514027859884,0.14607266445802222,0.0555555691036132,6.794460236049066e-06,0.12396099712136581,0.1243001147516717,True
141,0.13526474543404063,0.12819840046651598,0.1646554755531741,0.02665588900726217,0.007839383680166241,0.10696800921925552,0.14466215245373143,0.14723926149930203,0.12857791889830528,0.00993876378824642,True
142,0.09993178364468788,0.019257969652647634,0.18090004780924493,0.11781791480654316,0.021710040782727053,0.0794186716101858,0.16145338718647392,0.1493148946580163,0.009743281236126158,0.16045200861334696,True
143,0.13902969862792414,0.06443685313253911,0.11046952737870346,0.04431298295955045,0.12137480042336901,0.14830506501981316,0.16550804668339084,0.03586960154219446,0.13462344356190328,0.036069980670612255,True
144,0.17544282570811476,0.169956787221024,0.12082009058985145,0.023281875223011964,0.08098518397240442,0.040956458713704263,0.15013564075402575,0.08370796206441165,0.06837894237782266,0.0863342333756291,True
145,0.041025097663551884,0.11658461837723567,0.1332353949128345,0.07568844942609461,0.14340756052987363,0.07419886502714725,0.08526215379679782,0.09107758488708734,0.07156168436774282,0.16795859101163454,True
146,0.12375153829211002,0.10752532178148363,0.00198436941142996,0.04783187972190424,0.11231345129406009,0.10608824607263624,0.1572931473210437,0.1343931671885712,0.12425331727882505,0.0845655616379357,True
147,0.10075687454639978,0.05606978683304456,0.13040798468992382,0.07990777431033444,0.12434829590301565,0.0352997040123221,0.12947841754474976,0.07990186711700592,0.15724933728978233,0.10657995775342179,True
148,0.10821703248282687,0.18594105554659981,0.04975517039488945,0.15495122647454346,0.06030360274655116,0.04456854041895163,0.08870636634660688,0.029559855199378825,0.18410984647318188,0.09388730391647002,True
149,0.0056538139235678755,0.05040593233767497,0.10553044039841014,0.016000555526855597,0.10467698066254523,0.13960631151519443,0.09673446316154503,0.21468321707254956,0.14213360927675286,0.1245746761249044,True
150,0.0667521476813135,0.13341827158706135,0.16434454598488388,0.08035574205724758,0.04131648807540403,0.14825720583998936,0.12904305316476355,0.08652442505406359,0.04527203982269591,0.1047160807325773,True
151,0.04509433868799639,0.15368236424136264,0.0519522163764551,0.019554961438424195,0.15838406107957365,0.15131518273719374,0.1368278524644792,0.03661142463793686,0.16450327840018025,0.08207431993639787,True
152,0.08125220859882012,0.03753098075076021,0.13690677069534118,0.09681585607011721,0.1267756532713954,0.043676504672928586,0.043541225288038214,0.041937257470805206,0.19491520765789583,0.1966483355238979,True
153,0.07230696855081122,0.1497579471321899,0.09757162704603035,0.14245383615164628,0.07106907922022215,0.002946422856232048,0.0659439733880756,0.12530768501128073,0.1278780940644584,0.14476436657905326,True
154,0.11311327605840327,0.12476510790794881,0.043828016713762505,0.1456796388091154,0.14529055806314947,0.05080140845795563,0.09644333707739745,0.08380601204326943,0.10275229429216062,0.09352035057683743,True
155,0.020006798440050554,0.005007813502693082,0.1929997652180149,0.07045055336317768,0.1533143789913557,0.09316929727253798,0.13931902771456073,0.12161747523837203,0.04707702496984239,0.1570378652893948,True
156,0.20401881046538772,0.058279758269248014,0.10812422549816911,0.06729529450181065,0.11046788562765399,0.03095430384744849,0.09222109189094373,0.005367290912237934,0.1678204982521431,0.1554508407349573,True
157,0.04035431274501556,0.20218987974448116,0.04184270521642793,0.042672629150008266,0.1862118407558137,0.042944431400876934,0.030656144111808507,0.09173690448843623,0.14146583819701836,0.1799253141901134,True
158,0.07963666335151978,0.1598561011471144,0.017339534879509517,0.11727423478374503,0.11955059888890376,0.08078335179911367,0.15740414171777045,0.06597569769577862,0.050904977373662175,0.15127469836288254,True
159,0.11733417059898577,0.10230632952569566,0.06964686126749577,0.14376516209355183,0.16985584169148543,0.09317808687020429,0.023290350620667685,0.12053020815967148,0.08733566275738533,0.07275732641485683,True
160,0.12601816308758731,0.11887747203958855,0.03816677750550682,0.13372216413335303,0.10537148175456898,0.09655952653352987,0.12900149493609153,0.06343156865731418,0.10116949189548578,0.087681859456974,True
161,0.15555758016723295,0.1345727308493265,0.0574551420896453,0.00673857092107068,0.01806023567001207,0.16350699700271035,0.1492736906200406,0.177195610054533,0.0653852097294523,0.07225423289597634,True
162,0.14855099392041388,0.020720371429736175,0.15008381015661684,0.13437097952413105,0.10355043979824524,0.08026052153222192,0.15070089712470483,0.06089284723190962,0.023111466325580268,0.12775767295644005,True
163,0.0061048705950931,0.08959498999235684,0.06739137020861219,0.15999843759779261,0.025100796215611433,0.13377669050761526,0.1401575670461591,0.06653960039906286,0.1494417412677762,0.16189393616992037,True
164,0.08267512076479527,0.07294673329224095,0.10621452957127658,0.15999166738297815,0.09365042376126134,0.17564708844718868,0.09483375942952557,0.0779842687914173,0.12358555931691333,0.012470849242402934,True
165,0.1437362640136857,0.14602468476557445,0.02651443813103884,0.07418480869929066,0.07419461879266022,0.04889852216954474,0.11029465265537221,0.1502190171374682,0.07501257923984955,0.15092041439551535,True
166,0.06780119758174506,0.19183308909443814,0.04838471741719075,0.0026264154766930054,0.15600138696720042,0.16554846017431468,0.07541485641306182,0.1853702938633297,0.07133948230599645,0.03568010070602984,True
167,0.1498313473527376,0.17308353711127838,0.12765581338121443,0.10307878906838563,0.11222709219819803,0.1030082610570775,0.027322081347122787,0.017654980883764475,0.04078280934825121,0.14535528825197003,True
168,0.11500073158384402,0.11368167460614267,0.0028295983942240896,0.09374418688622851,0.10798466532821124,0.1025747664710576,0.06802127967070742,0.09449481096533921,0.1495266690851518,0.15214161700909343,True
169,0.09599619026612173,0.04261715904066078,0.1416028469306372,0.10290528182989724,0.12426885543912626,0.056193363671394735,0.12144829674650993,0.056317683367301294,0.11915063757247726,0.13949968513587357,True
170,0.09995857155499446,0.013525203561743762,0.16245277646855005,0.19664368724870632,0.03289300383058372,0.01820724531852088,0.13328205030718818,0.08829027719887664,0.20952553895187961,0.045221645558956414,True
171,0.15163578880806966,0.12797595055962477,0.04138102724156297,0.16027104508902185,0.11329745189835119,0.04379248283863111,0.10996806486430488,0.09733065756775215,0.0954962106988069,0.0588513204338744,True
172,0.07110163088020968,0.01837774924647343,0.005011596543424647,0.44125778861902787,0.009845688650543983,0.04671511047428918,0.00851243019713215,0.10633954677310732,0.03836396933616123,0.25447448927963046,True
173,0.013590918096157178,0.12865235623647706,0.026334447054152887,0.0028641252405743967,0.204688148165126,0.14840300408022172,0.08307697544449363,0.011577519024629654,0.2142479987469192,0.16656450791124833,True
174,0.09020271287296558,0.06986999520945915,0.17582051673490623,0.13781548650276734,0.17414756572850568,0.028566860882858154,0.03358218704578705,0.052011076753450805,0.21508359074537123,0.022900007523928873,True
175,0.1786563174062963,0.028756715614893322,0.07388139073134581,0.09981191111794616,0.04192044738812642,0.1722164935819414,0.11178528257072391,0.01976408930592419,0.08797182912392308,0.18523552315887937,True
176,0.14991628223201314,0.029164627865294918,0.010584094274690236,0.14786267810282022,0.05386052381086078,0.067930126082438,0.1332113130065163,0.11357203733109669,0.12531866874117648,0.1685796485530932,True
177,0.06225946359468203,0.169701015089541,0.04302436394578912,0.028305063595693042,0.13859929485023778,0.012183933886521277,0.2509251826304302,0.012833093291611157,0.1255708776936965,0.15659771142179796,True
178,0.033808009342651435,0.13470163874127913,0.07398786164559128,0.06244537922987417,0.14369852512866516,0.0119992194157633,0.15456705277989408,0.15903135075238373,0.15622935286535114,0.06953161009854662,True
179,0.15153075339951677,0.10369326358561469,0.10849098571464454,0.12810696158717455,0.013177100963680355,0.09640253471086445,0.10086403440558675,0.13198508808861847,0.10271724331776677,0.06303203422653274,True
180,0.11796677893296421,0.08459439396238821,0.08995612501854698,0.1273214595960017,0.15366556742973475,0.20467289684802192,0.06569000366097483,0.03451215221023838,0.006983018222936798,0.1146376041181921,True
181,0.07180858262974667,0.031502995345446295,0.17415269425594956,0.10209388568359999,0.11816312462041037,0.024235780610599673,0.079367701692433,0.23365611461387661,0.1622246650651809,0.002794455482756943,True
182,0.005577582350466183,0.02259183733591899,0.1500578190387112,0.13550619038288778,0.1489654054313231,0.16407152252782703,0.04329443714910458,0.16964101780996063,0.06278627856879476,0.0975079094050057,True
183,0.08322558826484917,0.009679337261282145,0.1831821354172359,0.003438801306010318,0.06153677008996351,0.18577679879370457,0.028281745150063778,0.14408698534141526,0.1359854518920686,0.16480638648340679,True
184,0.017196843991898345,0.18206217603854463,0.05857290412959961,0.18183691627800028,0.05886930898215014,0.0509556440810619,0.02139608431665166,0.08895874081168754,0.17110842146759558,0.16904295990281035,True
185,0.11679176480758795,0.11077564049221793,0.1402667879306721,0.0499631147132241,0.11287616036386919,0.0663021705039804,0.0556155398077251,0.05425535015758129,0.17598462497348902,0.1171688462496529,True
186,0.06505551189081885,0.15800098897600906,0.1444409960095484,0.10772872861242157,0.1447898000329175,0.01888661539304363,0.056413081343883766,0.1432034353617947,0.15968287396440223,0.0017979684151604833,True
187,0.14159908273110544,0.0009709241170872414,0.1490458505408595,0.08886231739941357,0.10612081929259448,0.14927972319914576,0.14962759319524785,0.0017486121326780969,0.19999316161123354,0.012751915780634586,True
188,0.03916688429918031,0.05060208166311667,0.1715794098592457,0.1185128215598215,0.16402544049275666,0.11500110274653998,0.1215493540499518,0.019079632008767566,0.1552004668246089,0.04528280649601113,True
189,0.06275950094232667,0.14636350932066297,0.06623990831078994,0.07333668084544824,0.07047265327444038,0.07589029538963413,0.14713214880590533,0.16862020723278098,0.10148786175541939,0.08769723412259192,True
