ID,strat_res0,strat_res1,strat_res2,strat_res3,strat_res4,strat_res5,strat_res6,strat_res7,strat_res8,strat_res9,alive_at_end
0,0.035093749179746045,0.297708804414875,0.09873408754145759,0.06436281898108155,0.08062092139331188,0.01399401980560055,0.08383129671184018,0.10269974000795508,0.08708996111441687,0.13586460084971536,True
1,0.18799726377338685,0.09911864943909424,0.14969706977686267,0.14219819175146362,0.06821498881469784,0.010468670802001334,0.013246712433699643,0.0637071561678578,0.025951189133451902,0.23940010790748417,True
2,0.09138913292016881,0.07235206611491575,0.11747964697719646,0.10629344417089742,0.10813305051917431,0.1279559880798673,0.10670976791692856,0.036901956770060966,0.126271668419718,0.10651327811107257,True
3,0.07714816483988093,0.013222632624158457,0.05542648546697221,0.1363133051053808,0.030662462486241687,0.1835437734425864,0.2231775479643548,0.02545674768210702,0.0789062184836377,0.17614266190467995,True
4,0.15575222712875836,0.06616261676037763,0.11414340850043447,0.08903499610035982,0.15919157290060623,0.08549225152108092,0.08602872614379381,0.06598929455196999,0.035346680527846217,0.14285822586477245,True
5,0.03160409585466498,0.04451751507536546,0.0071442426214669615,0.2528590864665739,0.25445878531790517,0.06094725695670636,0.11585434606409253,0.06480900668677596,0.06631080305951934,0.1014948618969293,True
6,0.1459769301848867,0.11337559676752884,0.12209280939361851,0.07796304055712916,0.0541030244131193,0.09426643639381578,0.11911422744908391,0.05103613752160255,0.09358744101823487,0.12848435630098037,True
7,0.16421853467336836,0.1532361510783375,0.11241758182003261,0.031881375894170706,0.048193784871689176,0.03959748059419584,0.03654823780295361,0.1542904420822905,0.06346122478471967,0.19615518639824212,True
8,0.031196756692207592,0.15345438185478238,0.09582722228521083,0.08514478707908475,0.0356659127107132,0.11563336975020753,0.14461153570786467,0.08372845538038308,0.12282614157796731,0.13191143696157864,True
9,0.09701115269817884,0.12601180198962392,0.11779986088079734,0.1491167500075662,0.08748064573348267,0.13560721472406925,0.0032062080466904166,0.05572254548106831,0.10616207866212153,0.12188174177640171,True
10,0.07114082959397997,0.0840263592706689,0.08340431168372898,0.10732623536222712,0.15987757746622475,0.003105407440119058,0.1027110795313552,0.10780728791764016,0.12309061523592373,0.15751029649813214,True
11,0.04291691350097791,0.10352489678352136,0.014036046345855603,0.10537329049499274,0.2837434043809389,0.04728812055131557,0.15724502943139843,0.20072257579589642,0.023314409646681866,0.021835313068421083,True
12,0.1424022494693876,0.06028810348917225,0.16585850280658973,0.1514933399200939,0.09846034388460778,0.03615627981048099,0.01093667524822362,0.11074124660470046,0.1654699425555093,0.058193316211234386,True
13,0.17289152094845694,0.17273844701280563,0.12436847735848433,0.11625060067720118,0.02454507278386548,0.007816601696082826,0.1561101490722829,0.03600165969581423,0.011568263012470817,0.1777092077425357,True
14,0.13803769882606973,0.129931185377762,0.1626379321398411,0.1992670238176155,0.07638782656819984,0.026701906265408863,0.12078657762489389,0.020177760284443073,0.004309430450145195,0.1217626586456209,True
15,0.11279970871044485,0.09660354446303268,0.08536771688299234,0.12582574636223479,0.1354001912855603,0.030917642006245614,0.08616162538789585,0.14537639098347052,0.11578153227478057,0.06576590164334259,True
16,0.0428283562893004,0.11415895717211456,0.26769587057081573,0.0544401172363821,0.028330509708937957,0.017061886828570634,0.08430249239029401,0.09836624192579246,0.011297365757949644,0.2815182021198425,True
17,0.02670315326649273,0.14909242715790239,0.17958113395680975,0.1504344201105958,0.032624429709439164,0.15734302773044986,0.10424764951931668,0.08248034136634932,0.04559365425793881,0.07189976292470553,True
18,0.18884442243291727,0.15928929408872505,0.030339429683215065,0.14531815943725104,0.010824126684689907,0.06451590252068791,0.1644285234760957,0.15616375726797854,0.06965691281867209,0.010619471589767358,True
19,0.08532284589152313,0.11351410820967883,0.09918243751319075,0.08614571906477692,0.037220604379834765,0.16896415139674809,0.12196128772337043,0.06601094458261661,0.03540882868199899,0.1862690725562615,True
20,0.015741099898822688,0.20421731226530693,0.06306410028999265,0.2079245516742294,0.16711374717612845,0.049317510712035086,0.16274551604276835,0.047058466971322016,0.0077876088103013275,0.07503008615909315,True
21,0.007587624370854546,0.06725351014781578,0.10059612897362713,0.1426819909442578,0.029342404021594756,0.17877441693998006,0.09417487951684896,0.1706334656430591,0.18228233357690818,0.026673245865053704,True
22,0.026375449229360904,0.0333691514722646,0.1354403922873522,0.15806661569278505,0.16296956590823927,0.0652907642149628,0.14837522661461075,0.10771722910275044,0.02528813857095247,0.1371074669067215,True
23,0.08728203664558358,0.05866646118677518,0.18808038938868796,0.03343776927550612,0.1791155243522396,0.0869008391440932,0.2196721780944105,0.06251646377195323,0.0598707360053368,0.024457602135413876,True
24,0.09458811976436736,0.08213104959930242,0.1527041801898646,0.11452274373151067,0.006445547773299101,0.02237442389439945,0.17044269591269498,0.12600215886052715,0.0625215064238096,0.16826757385022462,True
25,0.13032012019290393,0.11648548828688263,0.06058075694954206,0.16862760351335518,0.0479799417049275,0.0064501959196225376,0.15307097190289573,0.09500563381291041,0.10353090869653939,0.11794837902042069,True
26,0.15526613568503805,0.06756924135548587,0.07806408596100657,0.11475972462082994,0.11815412634595486,0.050335427915251175,0.08488840737800961,0.0977034447199475,0.13096829707043506,0.10229110894804147,True
27,0.018877922542923482,0.15473203195634047,0.026071025032319128,0.07633315817500143,0.1442874000545423,0.07411676087433974,0.16675915204508757,0.13134143432773568,0.20099844122254126,0.006482673769169021,True
28,0.1061740772472303,0.1533876132297191,0.10329571415826733,0.06634237720003387,0.03703475548107419,0.10940667130402665,0.08195346954288861,0.09686810086171618,0.15430056345407162,0.09123665752097232,True
29,0.0863256617292462,0.05301764351045769,0.15666152833083793,0.10290449307337986,0.08098411457046273,0.14050987970249446,0.06369887032405054,0.1395019251831093,0.16496944789540777,0.011426435680553543,True
30,0.11985741482586319,0.1007814650812779,0.14814332438058345,0.07177403655111807,0.08389445592677407,0.08179616272317723,0.09089479077089468,0.09613648833026506,0.16012783958786433,0.04659402182218196,True
31,0.08923464060570561,0.12207336228364896,0.038955568554457795,0.0905721437090878,0.15424642628039106,0.14878118805895785,0.002935072273645838,0.13078385989791513,0.08185199957652282,0.14056573875966707,True
32,0.07056509550849488,0.030472729597184035,0.15508966695663703,0.14760454468248757,0.16428369632164422,0.017748789657443635,0.18554152794055348,0.15118061941246644,0.05352884156240532,0.023984488360683263,True
33,0.1475422838328459,0.09999404213546878,0.12243338888993498,0.1337905476985859,0.08933662600701947,0.0628233529616599,0.12426974360207446,0.10554932082600332,0.018998337627219936,0.09526235641918751,True
34,0.11092696322778177,0.08725405023337972,0.17097067413371342,0.015823472491263185,0.19505076119109283,0.14116667679565245,4.9176614205517086e-05,0.10769184874506542,0.07400478875654076,0.09706158781130482,True
35,0.0928717272776412,0.08002478423909119,0.1562406098117004,0.15488153896163004,0.07072673442730439,0.06200204325689874,0.0004090722954180637,0.1788536436760301,0.12894073333970135,0.07504911271458457,True
36,0.18806759254422584,0.1500300245926748,0.03681541033405684,0.16172880696019054,0.1444163342369244,0.06626772102906135,0.052596357688269604,0.02699523836020117,0.14317289479845385,0.029909619455941536,True
37,0.005971197353592543,0.22406153279348048,0.19773466771009,0.023096736878876492,0.07979870843513988,0.12825510388821115,0.03416533558794741,0.15707673382867215,0.10425339163884266,0.045586591885147375,True
38,0.04696601050656609,0.03716405739659042,0.17146117758905857,0.06766273259585236,0.17350333270793022,0.15248715525993448,0.060450803040216855,0.04859601912548124,0.14099285517647472,0.10071585660189507,True
39,0.21322908471585167,0.14111190350648425,0.11271940661901939,0.017411204661496017,0.028842793771522587,0.20805024723010085,0.060453273616763524,0.07810914981672042,0.047740675191947766,0.09233226087009352,True
40,0.2140808044395369,0.14489531186765447,0.10046064525520346,0.06688782863469331,0.1452504348279854,0.19019727292215996,0.02770722700143199,0.01291488556195359,0.07193993410144663,0.025665655387933993,True
41,0.06294276443271991,0.1563445990695979,0.016422694368493654,0.020729701913259985,0.1994125198007002,0.17139241216396586,0.06827495507539708,0.024167905890147195,0.17025794218214965,0.11005450510356861,True
42,0.07171205274766271,0.22254719298057477,0.12936897113243417,0.0026597071711261483,0.010268765376595433,0.08701032718552325,0.03683096125799606,0.20241289073736957,0.10105703463078688,0.136132096779931,True
43,0.12964190841516618,0.03991332268833305,0.07853364274489551,0.13585352395076294,0.09333595858593656,0.10753492015204916,0.07702983630896176,0.11891970228766943,0.14175136481305056,0.07748582005317482,True
44,0.14250922662687765,0.0878451873606342,0.08770864563184307,0.13900664076855157,0.14463567480297645,0.0919342119550457,0.12294895741670045,0.040997762905760786,0.014510084440034057,0.12790360809157592,True
45,0.07089987761719713,0.05217419099347847,0.16617701130372833,0.1699491451123137,0.03719342989698246,0.06577899018935854,0.10094162325809083,0.14435316614208846,0.1761437060567308,0.01638885943003129,True
46,0.020695124951914994,0.040151380370202806,0.1713131316210461,0.049995517822879296,0.1627705150660045,0.14098388096582712,0.09381139270925791,0.14384582296642554,0.12986113281962125,0.046572100706820524,True
47,0.050669628122212866,0.12203366432177563,0.12857557981782897,0.04556435791045818,0.07241410948371597,0.1703361514709733,0.13022363724566552,0.17766506057613263,0.05150443820462249,0.05101337284661458,True
48,0.06022236885452054,0.13491641560600046,0.0871261343140439,0.15960322340734182,0.08138995269109173,0.1270069763678305,0.09673568091811463,0.1314802995552147,0.10878816619613772,0.012730782089703904,True
49,0.08674674312512924,0.1795678494941729,0.053731610101532344,0.10658701868427768,0.11714738742033788,0.1540872521358013,0.05039409729051661,0.17787263806606646,0.04495391841981265,0.028911485262352852,True
50,0.04277810103466694,0.09169366713259983,0.08290110476996902,0.013164520958989127,0.13895328509000118,0.09550497982430874,0.11429061070438651,0.12415199760205804,0.15641432772441327,0.14014740515860732,True
51,0.17140250953522046,0.07262334531614355,0.01302059251575445,0.18777348624125592,0.08278222832940045,0.20122053576533774,0.017348338721445585,0.08966750101563999,0.1254006086501485,0.03876085390965349,True
52,0.07641069822760686,0.137774157007443,0.006552858103616604,0.14865178916764382,0.07828923540923777,0.09252303538008239,0.10782719261431009,0.08386493253520796,0.1294410446985326,0.13866505685631897,True
53,0.13946537055113892,0.17157508478070657,0.07896636445137073,0.011255812130377596,0.12467197837332172,0.1495314681398675,0.0034805919804883996,0.11084263303464639,0.12576249077967536,0.0844482057784068,True
54,0.11563654481098846,0.052786478540459536,0.09939767796601269,0.11158938393396536,0.03721723066547594,0.1455033030124437,0.15023487813071856,0.07551696839365683,0.142542217614281,0.06957531693199775,True
55,0.0902407630552876,0.07877902612261306,0.05279744060728647,0.18256140059011575,0.15263236686287013,0.1393692930808274,0.0005372580398501058,0.08122454975562843,0.14206901612542444,0.0797888857600967,True
56,0.13813519706569746,0.11608953165307992,0.13467348145871436,0.08751002116151395,0.1020403570123749,0.047835123867728355,0.041843315252733104,0.08871128819000787,0.056422621837317444,0.18673906250083258,True
57,0.02304498592962085,0.034073244811723614,0.12637180283808283,0.21166229961407612,0.06789418315955772,0.047920366309169064,0.05412132224082627,0.1071236915537826,0.11160090917202715,0.2161871943711339,True
58,0.10249187201450781,0.16581751371538136,0.06123051598306128,0.026723097853731937,0.08753535099109042,0.21941060351408612,0.017170361254391607,0.2260965712677588,0.022356567376252648,0.07116754602973793,True
59,0.01454236894702178,0.035442283299422964,0.0764256067273998,0.17320326805526098,0.07018715028331794,0.1438576540567411,0.15684257845103283,0.17959688745601177,0.08291663362749971,0.0669855690962913,True
60,0.11314460669981702,0.14348346098384526,0.14247644096190598,0.001229729094377216,0.022717003289414606,0.1681643902249984,0.12814412612814668,0.2632237289270042,0.01544754910629517,0.0019689645841953537,True
61,0.10220881510157737,0.13298879578284736,0.18064691867980948,0.10270476415771658,0.07969338448128249,0.08238018201738205,0.023260535912863343,0.054284865249755926,0.08754115041506406,0.15429058820170138,True
62,0.13439730719359075,0.1369236408825832,0.06915661339333594,0.05178525978117955,0.19570662635255184,0.03178371782266545,0.15281689239876747,0.0007897940777616358,0.08285506087091433,0.1437850872266498,True
63,0.15993284728333698,0.15575051697105471,0.024124025254603648,0.08468391345912318,0.04707870379929185,0.059433984229264374,0.08987354171632905,0.173664769351569,0.04849209508335815,0.15696560285206912,True
64,0.13803701770334928,0.14532446554978984,0.05232791699276587,0.062237909462210375,0.10313682122213004,0.07501733099403364,0.11547290720135238,0.15211505127188554,0.14701643593465907,0.009314143667823948,True
65,0.16821229415132763,0.14309330554818797,0.055944351202275214,0.12571529085887806,0.060858231189594166,0.03940959348526871,0.12783585125436658,0.14822987288090572,0.009071861171222124,0.12162934825797386,True
66,0.1294553073343144,0.16557322799679097,0.014358113986261564,0.08647490682502777,0.14446452078625255,0.1292343904637048,0.02212568253965847,0.10146597933881973,0.09042592047852549,0.1164219502506441,True
67,0.12093358825610434,0.15970454617753368,0.034998030636897166,0.1055274874679207,0.12737287550813844,0.05031030008605232,0.006498177480398792,0.14078182435370568,0.08351844976553027,0.17035472026771858,True
68,0.044050700089695215,0.13449297185951906,0.11088664658028985,0.012229463521093935,0.07408735469024239,0.07418794706743402,0.15608249952939263,0.1502736215993069,0.11908918986723993,0.1246196051957861,True
69,0.108650884932943,0.12883751531499635,0.011686409690160387,0.10874765017585981,0.1745116347723016,0.08622426194769334,0.13438288902516934,0.04443719826538041,0.16675855090899008,0.03576300496650575,True
70,0.007053995196730447,0.03349979837109577,0.1592696616224147,0.06717780319194247,0.08556165942217867,0.09333899343570853,0.09470819910191658,0.14833714979313514,0.16338950748366632,0.1476632323812113,True
71,0.1704236660571976,0.18936393461471862,0.005606683606353515,0.1567863126558842,0.004519689725978063,0.04343885109383149,0.10876460334018641,0.13186818760215802,0.07726722818942296,0.11196084311426902,True
72,0.1115365097536229,0.057425971990455855,0.1429767639227717,0.09562080157716601,0.03209777245655539,0.1688554406681172,0.15629368687201678,0.07333669038549973,0.05592027924742053,0.10593608312637384,True
73,0.049354849072476455,0.11951737403091224,0.06752724430012896,0.11619735855443987,0.09264698380136153,0.0535123549311057,0.11085788999377905,0.11679066333130661,0.052662086808928005,0.22093319517556162,True
74,0.04553919365888674,0.16829345614704763,0.12262926239294249,0.04094629535883402,0.023097934351436866,0.08624095232437311,0.20704354194340135,0.10710080262376497,0.016042503473769235,0.18306605772554374,True
75,0.06423809906887501,0.033963831328880555,0.01960014807493265,0.15348893794736398,0.010607489094411327,0.08027053774980449,0.1645175642350298,0.02955443742639409,0.2414312697708159,0.20232768530349224,True
76,0.11926441531779038,0.1891143681282458,0.05960369986684801,0.12611689749089117,0.025154621114411295,0.10978508390028878,0.07628562925307371,0.08063950617184175,0.09991054658750552,0.11412523216910353,True
77,0.09725422540493675,0.20843548359445893,0.13417743782522176,0.05080179291152173,0.10667786186212504,0.08028293125436543,0.06648560789246787,0.0140431432189296,0.09104927340434288,0.15079224263163,True
78,0.09326550466703831,0.13825600561579465,0.14768206617955784,0.05056741240285064,0.12763483923191535,0.10711726641044145,0.0168733584234343,0.10158816858654936,0.1517115152579004,0.06530386322451766,True
79,0.19245678778657047,0.13821928081270837,0.14678579996740618,0.050693823985359716,0.0004780339703102796,0.021751887124148203,0.03777437165875467,0.04994961470414344,0.16105852338774018,0.2008318766028585,True
80,0.07822263717768779,0.07246249050165714,0.08563482034142143,0.12385943983122692,0.18287589078227218,0.0033254576145850916,0.09146816048034948,0.016565829672888117,0.17462919346587363,0.1709560801320382,True
81,0.12641753261534627,0.10507459042836775,0.10212747596713055,0.02757962364864596,0.067147662014489,0.15886986405591205,0.02110690013632989,0.1630602679757074,0.15918946828488267,0.06942661487318832,True
82,0.11188450295464084,0.13378500635158572,0.09788072613733224,0.0787927298547188,0.029433026759300897,0.022163781414221803,0.08472533293344327,0.1603689522210795,0.13381185449765176,0.1471540868760252,True
83,0.09733136979505591,0.06396171617420596,0.09126474666303178,0.06736840242669888,0.08640465260608458,0.15829583075271061,0.02100896903847373,0.13022374950104712,0.1444591018031448,0.13968146123954664,True
84,0.05263501433736403,0.03774141900676308,0.08462375299796542,0.1512666814461452,0.05936376106559203,0.006547209562631021,0.1605361752963713,0.14175751683348528,0.1701721217276578,0.1353563477260249,True
85,0.13954117944840258,0.09960764596319367,0.1413287566376051,0.0014032673528062208,0.18796495568746618,0.055272540439824575,0.11913149822808151,0.030060286909752487,0.07954525383254746,0.1461446155003203,True
86,0.008923496038179973,0.16035248073334563,0.07382408486359888,0.1417642570730697,0.2423560590907522,0.21144643989461556,0.062175866218495836,0.06157088989399758,0.0010038903749880887,0.03658253581895657,True
87,0.09239017489979401,0.15638196704051074,0.17707548983171487,0.12611101755629264,0.08558937493572337,0.086528057977909,0.011348446577306161,0.0804317078483512,0.1502673329389243,0.03387643039347363,True
88,0.017838559059706948,0.16313209986667748,0.1577803484025257,0.1788141866646924,0.009692726876458587,0.09311257767108515,0.03903091770142135,0.0605755848896576,0.13312255875351608,0.1469004401142587,True
89,0.08599627356029312,0.10056160768379456,0.019176571002900086,0.041419089742228916,0.1172430657275327,0.17833853520681361,0.123531948609277,0.03631065046251732,0.16599776080428622,0.13142449720035643,True
90,0.09711871994155546,0.0880161382427092,0.16981295524964934,0.08991229068222906,0.06695417484639563,0.04131693306161261,0.08559889249891117,0.17491173581863775,0.03825446372788069,0.14810369593041905,True
91,0.024124497375548597,0.07636210985629066,0.18117812661416438,0.1383038633154365,0.06299638548850722,0.20456994402193635,0.13382293828716477,0.04599801404695485,0.11923471312032471,0.013409407873672037,True
92,0.08396554902507344,0.16463198614941238,0.16396746824103475,0.15389241877058885,0.010719468835708205,0.10208274373117988,0.08910239185222445,0.02979166256191999,0.04175938628135028,0.16008692455150786,True
93,0.08590750344756574,0.046269972061558945,0.14830420910759615,0.07289420876408273,0.051535033562813984,0.06094319572588286,0.19670916995168788,0.14105058140324364,0.1521407931794233,0.04424533279614488,True
94,0.24239326060338898,0.06733388333060904,0.022290564819959245,0.1374685311862174,0.03829073049511436,0.06171577072926257,0.1549872038591943,0.11778407958841199,0.0962587840480325,0.061477191339809674,True
95,0.10314910193054841,0.03547758883822625,0.17571217265129466,0.1383360139303119,0.0941717557123843,0.03737022003286275,0.02868995590434168,0.08444870799319537,0.2169726912885109,0.0856717917183237,True
96,0.021874275069604023,0.10044693993909626,0.14944236226499613,0.14202287327003146,0.007329207349529471,0.1588117668559726,0.06554031062743455,0.09479417196830897,0.17164523707995866,0.08809285557506796,True
97,0.15605641617441643,0.0688967359889982,0.058150485423171666,0.008035916223965689,0.18968321916931213,0.16860433684259807,0.05458313950492711,0.20000884735459154,0.08033186886810005,0.015649034449919243,True
98,0.1017364811429088,0.04343722606965852,0.068453640929264,0.15776333612622234,0.0937041875601792,0.11213863358541865,0.012361666799739811,0.1909101752806921,0.10926910233208076,0.11022555017383587,True
99,0.13939188547037612,0.07788578450743144,0.01723624702469538,0.10235046553557123,0.07682205278085975,0.13731073659583504,0.11096334138478309,0.13631577874639178,0.034964960483706196,0.16675874747034986,True
100,0.18181644407588912,0.03324871725289608,0.0904734244275853,0.047623525500675834,0.13353523163251918,0.1054170895661195,0.1551091185897406,0.0534462792863076,0.10569221237532943,0.09363795729293721,True
101,0.0019363518673664747,0.049901016581851816,0.14740017661840552,0.047116275189168964,0.14915758549199454,0.1691552943560938,0.15610890532449767,0.058149382452477076,0.19251077077086673,0.028564241347277447,True
102,0.06875186599906533,0.06569523198218537,0.07720082734037571,0.09955645223955538,0.16277847796790998,0.10044828203057059,0.1226924166370449,0.11522905396900628,0.16481467357935173,0.02283271825493466,True
103,0.15477673284067953,0.008365139619594413,0.14230682979158069,0.12833299995703099,0.0075893830046478775,0.16435526135149364,0.16940990084092747,0.11515176377191327,0.08377866833271133,0.02593332048942076,True
104,0.0615764618335134,0.10323937749836658,0.023298673841991226,0.07358676352931688,0.12315494518210067,0.14930905671363473,0.09990864766443493,0.15255236023335828,0.11007339602559628,0.10330031747768714,True
105,0.10323455295135744,0.09949858572132396,0.07619643437273012,0.1690907786959422,0.059519901080071366,0.08536977814291666,0.029710466489924574,0.15199429510246892,0.16521589441964066,0.060169313023623994,True
106,0.04016029399880407,0.16646732988400847,0.0754108341887614,0.05577745386311209,0.03361127535853114,0.0011034995782725657,0.23707332969416878,0.05310897839573482,0.1808173936665243,0.15646961137208235,True
107,0.04670291442834118,0.04016877849049867,0.015425078090308207,0.12360853256376275,0.007002778450221545,0.20795228388121653,0.16656456316373314,0.06454753511686173,0.07527677764274705,0.2527507581723092,True
108,0.09567936506771249,0.1367809470309816,0.07672296129115368,0.1416450186069971,0.04240680243470875,0.152098676400098,0.0934979825116649,0.13522997423985503,0.0690999446596026,0.05683832775722581,True
109,0.13333877513067963,0.12782714564445646,0.06944234771121642,0.13056676727313277,0.048837738010351746,0.16991628542318724,0.047188969508603566,0.11386050424966007,0.0696572765589841,0.08936419048972787,True
110,0.0806794900188749,0.1017583115131481,0.060215213385664726,0.11872307142570172,0.14184215287444174,0.04659900005546858,0.23051070546912783,0.06426949509247233,0.0017024764612175044,0.15370008370388252,True
111,0.022475805904331885,0.16437652113145368,0.20614618556485959,0.022566584007751998,0.040725844922158055,0.10747416579791291,0.1472204365936127,0.16800194741125904,0.0022298044806528467,0.11878270418600735,True
112,0.1565906206263123,0.1080570553136909,0.08930928004246516,0.16959267431251152,0.005767217224175917,0.11640777187514914,0.06572840023707341,0.06803884601827953,0.10726825862183136,0.1132398757285107,True
113,0.06302619679458456,0.03904983977798269,0.04565419083377733,0.2792252449274209,0.06878805573610254,0.05538443050896359,0.08814747081035967,0.0816705897304624,0.13162964797309248,0.14742433290725385,True
114,0.04045540369960766,0.09410760237573713,0.18127174496483042,0.14898478196988757,0.15436425605461015,0.13543686516856873,0.11499739114960185,0.05798985992188507,0.02065296542264841,0.05173912927262293,True
115,0.015202230765507956,0.09168461891317865,0.11065701585309556,0.13068700083598217,0.06420877778979002,0.09825559204225018,0.14440745341678818,0.16884463811773126,0.030371281078512165,0.1456813911871638,True
116,0.005913908766835107,0.13423003493651214,0.1559048984519878,0.1714921116280846,0.1090907568781768,0.0941963604772406,0.09252702633845528,0.13236700788623557,0.011926491184843045,0.09235140345162908,True
117,0.07410498114966796,0.0808010357080504,0.03191120819753465,0.1556794972539559,0.1751045457900598,0.14863057677410715,0.2384321591224818,0.02227052171080125,0.04616888278679651,0.02689659150654458,True
118,0.045592533448903266,0.311157771404847,0.10819576102030043,0.0422097148226082,0.0019453640171340934,0.05242200164046519,0.26091908698878974,0.10276746915874872,0.024066625760380225,0.05072367173782308,True
119,0.08357833139441176,0.1726279466699016,0.06547336486903332,0.033312517915232785,0.13813608124484864,0.0722555184351334,0.1241548680822856,0.005269327024159077,0.13832301190444057,0.16686903246055323,True
120,0.0829626186992163,0.22829370269514887,0.050582399965566835,0.05917423549476104,0.05000202126825645,0.139979751202041,0.20382775103461961,0.053987860215206275,0.025158612045754147,0.10603104737942946,True
121,0.03475153039029574,0.161891841102998,0.11508577670601092,0.11818512284604701,0.16263801020571866,0.04437698362679971,0.06134964561126119,0.16904828122746615,0.034301995558220284,0.09837081272518228,True
122,0.1262302597769965,0.10559940426537265,0.10718328647937043,0.11623407802394281,0.03967477545922284,0.09185851094644057,0.16723536733481442,0.07076692156092185,0.09232147753232912,0.08289591862058882,True
123,0.03153756410047036,0.1059545532157349,0.13826855964915075,0.16766052949420304,0.04447882957408321,0.06389400338351026,0.0758411655396738,0.1465641560269594,0.12575792188729962,0.10004271712891469,True
124,5.427364170617316e-05,0.17959910369533502,0.10071475767717084,0.1630025373028844,0.17528559101120333,0.04688337180189435,0.00204516143865384,0.09268555671050371,0.06795611995123226,0.17177352676941607,True
125,0.004285663287603853,0.04174544354852941,0.16652787415636433,0.11302500125497,0.13005528703192118,0.167196448844214,0.04152531483765851,0.16433049955742268,0.09549797448044296,0.07581049300087311,True
126,0.01062265537474434,0.08768479878159327,0.2169316311895182,0.13807419624796421,0.1328086461192035,0.01947950868302228,0.045245677691803,0.21213994134180597,0.06737992411917172,0.06963302045117341,True
127,0.15804521234044042,0.15115299529444357,0.03885433777392042,0.14654099685643954,0.12137330747301389,0.044333616852378833,0.04742117522741943,0.13254860361635845,0.07848957376620007,0.08124018079938536,True
128,0.0701827433954418,0.033774798179179555,0.035561755959122573,0.05700444744665984,0.12375102735832492,0.16291518493729334,0.1537633017371186,0.11818010340113645,0.029923153336679633,0.21494348424904325,True
129,0.17265236390986533,0.048909816884726044,0.14581666428264534,0.03993257159962119,0.05803717448376201,0.1636839588736773,0.12143402754653285,0.02561418747247339,0.04251721962889217,0.18140201531780417,True
130,0.023137106445879855,0.1854438666357404,0.1653523488187409,0.13603899809310524,0.018765215561587178,0.08137426457895998,0.12887640353008126,0.08862663268036108,0.03574225555990133,0.13664290809564272,True
131,0.10907650562305232,0.1089278587832673,0.15875992273470868,0.06727522904757124,0.10635650176585583,0.18191960040760333,0.0788896269597351,0.03654510315486761,0.1343996805699933,0.01784997095334528,True
132,0.1595482690338521,0.007392710765680991,0.05801682821133024,0.15627327126013263,0.12060271058194484,0.10714475941062135,0.10226785701645726,0.055782195161733376,0.08945736137540844,0.14351403718283856,True
133,0.05635668813309202,0.13910032370777414,0.04156395336551072,0.14893299794156065,0.10453391281033927,0.1520875894283395,0.14959280579076756,0.10292149994674878,0.025196551504493316,0.07971367737137408,True
134,0.16975506220150186,0.07121417324864816,0.10293993720762057,0.0045408325552756985,0.07634679649276367,0.15235446146979864,0.16407543526392568,0.14055719492040555,0.04112624780973078,0.07708985883032939,True
135,0.1572407779885869,0.014812039181608389,0.047930680788932103,0.03824634046783091,0.2383696604804848,0.20865353112231677,0.00037119507538719806,0.12815872440162931,0.05118134400929636,0.11503570648392725,True
136,0.0010469242705214794,0.188577076654709,0.1327201652980471,0.07147374304167581,0.22658467549129627,0.03399874389527064,0.06371892806187561,0.21620760676897757,0.04354604689211657,0.022126089625510114,True
137,0.0774474296136201,0.11510254291953849,0.1421377780777723,0.0402493681198283,0.11163857752370733,0.052806370014375256,0.0907382376359274,0.14852278678908654,0.11841994108549712,0.10293696822064725,True
138,0.1905643317462791,0.09194555487629812,0.026920567509181648,0.15664129442456382,0.11224702670954054,0.18942997523254929,0.024185899002438564,0.1274700541959525,0.07675290917538978,0.003842387127806508,True
139,0.09960635784392746,0.13995826377131593,0.05594691709062234,0.07524325821289797,0.12847424216481176,0.07317640964741222,0.10888396688149932,0.14522904172582202,0.03287964526423346,0.14060189739745735,True
140,0.010969465541398271,0.1372655761773014,0.028388242984454484,0.10542499588018374,0.1495702137087979,0.03230353001762299,0.03250151972060454,0.2146497412346716,0.1923213739449586,0.09660534079000653,True
141,0.0946055266436626,0.03781234140056586,0.07420150259749962,0.03766008711721022,0.18768782152748706,0.06378066986777654,0.1417055130159639,0.16362714769276135,0.1490788106785402,0.049840579458532625,True
142,0.1196716593244137,0.09136025731450127,0.13487451137968018,0.11216905017237742,0.014736355601745901,0.15818648021008405,0.14024340183612016,0.08581657799857413,0.0001451243770956548,0.14279658178540752,True
143,0.17383988357587463,0.10089707342898832,0.07744336627915584,0.07857706568489106,0.16094660412852385,0.04407683927141847,0.09223502062213543,0.09142119270086245,0.034995427068095344,0.1455675272400545,True
144,0.13858689240349684,0.006005134764455971,0.07055276991537113,0.10913491654414893,0.06771695185950283,0.02999455333033381,0.16824300702479159,0.13648654910189534,0.1594728346052532,0.11380639045075046,True
145,0.044696039178250976,0.002472414702526517,0.16959476813615737,0.04463306201857148,0.08767965913478856,0.13675462355808013,0.1652330246108945,0.0651792819922092,0.09544384676943442,0.18831327989908683,True
146,0.16796474055633093,0.11231790481954806,0.013419153286569613,0.09719525276845425,0.14764960573536015,0.021480190811749462,0.1552072319646832,0.17443038955113643,0.02665743030357236,0.0836781002025956,True
147,0.057483296971931074,0.08544535825422492,0.14549431569229754,0.14673539733838897,0.07270014795528455,0.12106277057429105,0.09200712087693795,0.1573671222252834,0.11928219139762636,0.0024222787137342496,True
148,0.019900005802752606,0.15448598998375326,0.13873451602964876,0.05237506426763266,0.14548590349256174,0.05315597945509114,0.12163439425766208,0.057944364574879274,0.15021904980642775,0.10606473232959077,True
149,0.08988668092356386,0.0597359025416477,0.13379405829028432,0.12238473325120461,0.16734905526748065,0.0395984182198523,0.13076875859587062,0.015467444324425473,0.19670700195120425,0.04430794663446638,True
150,0.13646577736649407,0.09922905497761882,0.01731496097498715,0.12434786621086939,0.10666153084062328,0.1298343177425279,0.14277815496887727,0.08395470272561815,0.03348324622845028,0.12593038796393352,True
151,0.05406546194421689,0.17238373725185568,0.15345355933556906,0.04756171466082274,0.018819162345915248,0.1941975705923397,0.062405802434413425,0.0517991289694847,0.15388995003763162,0.09142391242775082,True
152,0.12414178350656081,0.007906467819426624,0.08750072217773648,0.17879873784288586,0.1054188222512528,0.030173213221622305,0.12333391373378967,0.15149569956298994,0.1343085877630271,0.05692205212070827,True
153,0.0901846010091048,0.10382433845591792,0.1076271228291819,0.1258653419926229,0.13441218965348212,0.10050623029999252,0.06904927749790614,0.024701151002948025,0.1488581527946712,0.09497159446417242,True
154,0.1381725143172878,0.0016460252641645218,0.09164050524127175,0.05611845129534042,0.13050748265122758,0.14646932380944522,0.18802282867253065,0.16868554417418574,0.04118154390046535,0.037555780674080844,True
155,0.20941625683139423,0.10359509054663965,0.0747376570047285,0.04014539344318911,0.0505255083801789,0.07591320917196938,0.1900100160625963,0.06085607663816453,0.10384465063014753,0.09095614129099193,True
156,0.14178509158177172,0.0297824125276857,0.16144919005586017,0.0015057383307911672,0.04103215202920751,0.15552539094181858,0.13495516068811253,0.12006411830726992,0.1124899313462361,0.1014108141912467,True
157,0.11748948874341134,0.16166860387222592,0.07117085930205883,0.1138998172574441,0.005687030204785547,0.09487146805263198,0.11069809335272568,0.16683544882236392,0.0635627379468921,0.09411645244546048,True
158,0.00016455182489534233,0.0232023082941331,0.19171538382004838,0.12315802225148732,0.03804026088623631,0.09413869797147942,0.19486563509218557,0.011562680748557007,0.1769501861279642,0.14620227298301328,True
159,0.052263898398331475,0.16259961684619298,0.043369930693639584,0.13889035549576415,0.0624961083588538,0.07323420053611819,0.0689006523026517,0.1182317783756912,0.17667460499499044,0.1033388539977665,True
160,0.09863953481754645,0.008813653341090575,0.08535684466671631,0.15978797391463445,0.1539759080802868,0.1216404566924365,0.03529429733893668,0.18917905251827408,0.09702367633685922,0.050288602293218965,True
161,0.14762405294167244,0.14356482192405928,0.09115655872206581,0.11165294750142923,0.14897513177795416,0.0915588230690592,0.07926358459223747,0.09257477737699463,0.06980113574469045,0.02382816634983729,True
162,0.08152724632314148,0.04012640582043416,0.00792215343010805,0.07623785946308836,0.1456406406614368,0.11908506857944429,0.19967230276936498,0.04611666879832517,0.19138628350989287,0.09228537064476372,True
163,0.059597688679179375,0.11486751152601489,0.1997320612481519,0.04298120116937401,0.10332611231473529,0.10726039840561363,0.050153238646875375,0.10754775334771798,0.023429247049174606,0.19110478761316305,True
164,0.11787343809794582,0.14016194296229043,0.13266688031611126,0.05865749472666107,0.05095072275724543,0.0733959788891066,0.13591675937390196,0.14106872417501265,0.10455533645106077,0.04475272225066408,True
165,0.09629733782183571,0.12216370322983977,0.16014725905203916,0.0770028139945139,0.02868910102077161,0.10293686375773746,0.15709419962237356,0.037071847672431574,0.14343734647653683,0.0751595273519204,True
166,0.32527567870185853,0.09755603019538886,0.061970976261941375,0.04447649365009978,0.0515988374974359,0.1760531561174592,0.037059261433846115,0.14029944787877308,0.0017007022493966133,0.06400941601380049,True
167,0.07473342615103268,0.1412188436833988,0.07537665376646593,0.10190181238606134,0.13400179360455639,0.12298031095477328,0.05473232498610622,0.11235079609808273,0.0076140182185159555,0.17509002015100664,True
168,0.017371563857703307,0.024994374216450586,0.055461238995268634,0.018187771602593012,0.19756125263371427,0.23404162543811097,0.08123040775477852,0.06787192787717232,0.09281220251458418,0.2104676351096242,True
169,0.14394492467109302,0.1391816051782765,0.05502163955581451,0.11137694233273678,0.11142003134210025,0.003300456106907708,0.10198145560045614,0.06310022399089746,0.11921959468236387,0.1514531265393539,True
170,0.18403435451422692,0.008904606481727405,0.0263134706114967,0.01750638741867753,0.18567169207582299,0.16289106066499975,0.03968870436812471,0.20064089197302554,0.12077123310986379,0.0535775987820349,True
171,0.1004145029499399,0.023109840028005254,0.27170179651076487,0.1009618954573793,0.03550272167869291,0.051522109803802896,0.06576758743149023,0.08891068657563829,0.15599169279429786,0.10611716676998843,True
172,0.05886027461970499,0.10500955752798444,0.04593214867808466,0.08764788384147941,0.21376510078067393,0.13252225933339448,0.12003041475914081,0.009652726379052413,0.09177030712200328,0.13480932695848152,True
173,0.12144852517249695,0.10517326992087012,0.13193417870697732,0.11236766647646769,0.14903855960611603,0.023313172357891796,0.04316564153065372,0.10713361165230659,0.14580105804735013,0.060624316528869536,True
174,0.17169726312659653,0.02490617237918928,0.11054315183599113,0.12384632080733673,0.054618604993846485,0.08370066842818866,0.12915495620900136,0.052612581098077475,0.229688161950927,0.01923211917084538,True
175,0.05445349943126268,0.07756098040220352,0.048504145849840946,0.17005862442740868,0.020705494093205937,0.15101841458265733,0.1488268656151009,0.02961186655587981,0.10510484248456302,0.1941552665578772,True
176,0.02470238024853612,0.11290139902790552,0.18805926361746458,0.10776696655582788,0.13037302850569502,0.08322769552867476,0.0741853322658373,0.17873458685381832,0.04415460255713471,0.055894744839105746,True
177,0.00254793241902251,0.16866352395385917,0.08932057359353907,0.12014192798157179,0.12202046120502962,0.06194958500222351,0.027381649919991896,0.1747419245744022,0.08803609511428148,0.14519632623607875,True
178,0.2545673210028966,0.04451522585679945,0.051892499751032925,0.011815985728105468,0.0739700139908608,0.08408204127340395,0.18164604434919832,0.12745615001938196,0.10422912735695807,0.06582559067136247,True
179,0.09185385415572436,0.12939908310965031,0.13951606310984635,0.04653179384056303,0.039041874950601387,0.12096928287541815,0.0603614839118465,0.13410468252322486,0.09959965582480389,0.13862222569832125,True
180,0.1480769940129766,0.10922499171629843,0.10174633252391763,0.10904148213499763,0.0008768443240245463,0.15157318034345646,0.12042695763942378,0.05470566306467376,0.07736605121338318,0.12696150302684814,True
181,0.08585639899238931,0.16641304504729304,0.05349219167634499,0.11974251945694984,0.06703674699063895,0.02389167771590352,0.0666752854408093,0.130409681888935,0.13714524543975626,0.14933720735097977,True
182,0.033824211355523694,0.1430354823872973,0.036847886419786605,0.019982526698354434,0.08211934295166023,0.1876355521930277,0.09954760551434885,0.09964386494298443,0.10355012634484846,0.1938134011921683,True
183,0.09698377383871641,0.0412648914457435,0.16770589383563322,0.05124038909784211,0.0388416884229574,0.053421464093969744,0.1794906562079585,0.028306124803896306,0.16132055554932492,0.18142456270395796,True
184,0.03136681117057211,0.21619133463376833,0.1368238772553779,0.04496786787171757,0.1504984992162068,0.13840775043980758,0.004243278887879453,0.18023895219641084,0.057758372014316973,0.03950325631394231,True
185,0.02414665408958385,0.00011873256699192955,0.19829831377489554,0.1263747107540744,0.06711236289000945,0.12178311212151695,0.15685834054683967,0.09116594833541566,0.03754463117518977,0.17659719374548288,True
186,0.09949683567535321,0.1807965876436565,0.13263473645246748,0.0665300952844112,0.0016903658396982431,0.07081622141375815,0.1310184747391828,0.12587513697023797,0.17949035452088097,0.011651191460353321,True
187,0.061762008415572986,0.055876567688111424,0.05277241469911411,0.15831424477184006,0.08919740453662765,0.09245912375526172,0.16046992631197188,0.13341646913371585,0.031150484673689832,0.16458135601409457,True
188,0.12509773893671255,0.13251367118857743,0.15586342965861238,0.1637021910903362,0.07915575720276079,0.06918816559632893,0.1672463594829498,0.08485409689256639,0.009820357620456492,0.012558232330698893,True
189,0.19753041221134512,0.20772434629288591,0.08604715301280898,0.003661175639396854,0.15708748237909836,0.023112866694227296,0.11933875158485925,0.08824311585122864,0.08348821982060481,0.033766476513544745,True
