ID,strat_res0,strat_res1,strat_res2,strat_res3,strat_res4,strat_res5,strat_res6,strat_res7,strat_res8,strat_res9,alive_at_end
0,0.14266823919030075,0.10566869853429499,0.13774364902132916,0.14447781403228585,0.09448258089997248,0.03421653804434015,0.06688627661034584,0.1206680648869281,0.06728001092513262,0.08590812785506992,True
1,0.004693920518890284,0.07522661999283928,0.11621847327143763,0.1949900829561089,0.16956834854117997,0.059677797106624325,0.11756248813447247,0.13493989971821874,0.0925923928771668,0.034529976883061544,True
2,0.04993637265962903,0.10889795494799587,0.04929834472057779,0.09163263980810449,0.08487362424388502,0.1255942298226607,0.1627982268918805,0.11547760560464365,0.05294229085514847,0.15854871044547444,True
3,0.14442464425214405,0.038395462774109865,0.09890407847641827,0.13203794491849963,0.009681833004626769,0.13736616598658435,0.1448783775904823,0.05053045845548385,0.12289649260086888,0.12088454194078195,True
4,0.11857706499171206,0.0832184769431389,0.1721856509656254,0.002987257225244002,0.12815743604437727,0.007586581558011805,0.14634182820980837,0.12364291103322293,0.12122066603372615,0.09608212699513317,True
5,0.17220150676314466,0.06351106201582009,0.040133898308979954,0.11059181941963603,0.21088981739750318,0.005698148941928733,0.09529266918177404,0.019606127203303264,0.2057341745264836,0.0763407762414264,True
6,0.16120961323215743,0.05627312802226414,0.06879496571692661,0.062489009618493026,0.018400164239291843,0.17439318990375638,0.1544713881845616,0.060011222157984004,0.09519415418998518,0.14876316473457976,True
7,0.05751858861325512,0.15813418179849975,0.0039046912410616082,0.04294028030748335,0.10565103449722664,0.030162043744917384,0.10603002098292756,0.20658771570526946,0.13918805569511153,0.14988338741424767,True
8,0.03394872925115193,0.035365334823993365,0.05868253659089971,0.18718015674921423,0.10662421826452981,0.09596702460066793,0.1485128707157002,0.11808173687474804,0.038099509412567185,0.1775378827165276,True
9,0.023613777312593242,0.04658731995191951,0.03864121734083614,0.01799943464270593,0.13922544981577828,0.0747403142276471,0.22041585764088556,0.1784883277931598,0.021227802646758134,0.23906049862771636,True
10,0.09525092361408315,0.14825672506093454,0.053269885777651266,0.148497772012203,0.019419866258061004,0.13733470337379225,0.13872329439780381,0.07116810144156503,0.04648271683913601,0.14159601122476995,True
11,0.12581393650915834,0.085641752052107,0.052717280548412036,0.04880444752037832,0.10479500328821402,0.13390078652054627,0.1299499859260816,0.14858754604793545,0.030298714294799887,0.1394905472923672,True
12,0.08318542632866337,0.13295402786525878,0.039085714915359414,0.1786255465160777,0.02771682437829621,0.0607524294587008,0.030659672819372298,0.2123015751308462,0.07858685915072496,0.15613192343670024,True
13,0.04291704555750884,0.044966087853449334,0.07426681925177596,0.18536091680626546,0.04765191473338193,0.07146206493094,0.19694495065147818,0.10175477382498792,0.1890657402246629,0.04560968616554949,True
14,0.004383394329851777,0.20009480490491593,0.14772535053070507,0.21762419328256022,0.028362163659676882,0.15618336681347614,0.12049555938378763,0.02559650465889876,0.07895376611219983,0.020580896323927487,True
15,0.006283176615661259,0.1757838821865045,0.227424745875392,0.10379528515343554,0.10617668294569108,0.07642330812291011,0.02995417246382712,0.06294223492995249,0.004317391147609154,0.20689912055901666,True
16,0.19270913676313886,0.10918259700263479,0.025185631478954428,0.17589513897980794,0.09978257186652859,0.01963104170029869,0.04487970854243,0.11176109416842976,0.2017879120135978,0.019185167484179054,True
17,0.0053561812429306025,0.04698123875609315,0.037757898131684425,0.11644050458215646,0.07667742005453877,0.23499376983161097,0.1153690478357184,0.012041336672935455,0.20403696672772562,0.15034563616460606,True
18,0.1331805319465186,0.047019932735236906,0.14371052155409034,0.1995881848201113,0.1115455972447114,0.03941632257238709,0.0236660585346361,0.008968165908042893,0.14880048564738635,0.14410419903687918,True
19,0.02854861738307304,0.07518748822864135,0.17427494640792482,0.17775244807201235,0.12557751175696394,0.025034055854724496,0.12280145465242656,0.01923456902119398,0.06035164470268217,0.19123726392035734,True
20,0.016203681967157046,0.016446249557111128,0.10903923762827311,0.20938540334047354,0.12979304659110072,0.018088693408283462,0.14550715778346954,0.07793183291957795,0.07781048138059721,0.1997942154239564,True
21,0.19413977973109417,0.20277725160495413,0.05986601810388773,0.011406468951048352,0.038005995148019424,0.04670592180803915,0.11918713810649678,0.024347943455545237,0.14493359189128782,0.15862989119962712,True
22,0.06849327438888678,0.0019443629959869232,0.05638989865981745,0.17183841201906844,0.04600483597732168,0.2527619075919202,0.1270834818136254,0.1172473267139982,0.02503554674952878,0.1332009530898461,True
23,0.06344408946959647,0.11721610240298976,0.11887577007940074,0.02084077611826675,0.1626662785408578,0.10773507281148575,0.08471235364729811,0.0846083016268384,0.17619620939310496,0.06370504591016117,True
24,0.14222883239187992,0.0639393414894539,0.09553640661262226,0.05536457576765081,0.0854537105932679,0.07787483414742534,0.1293884190833389,0.02932463674108697,0.15444803328139853,0.16644120989187558,True
25,0.11231712365497164,0.06863782275821931,0.10470450388768118,0.06880700390139705,0.027211277916733664,0.1868168378050088,0.06618876627269901,0.16483155466482302,0.043996379960249,0.1564887291782171,True
26,0.06015155980155137,0.13584106193821957,0.10986180567676684,0.03750721412832701,0.1494173642552351,0.03266092954790295,0.10328816642948677,0.12990952205337106,0.12546772674897563,0.11589464942016377,True
27,0.12213620956324986,0.13284292686175814,0.195832571707605,0.10697483664436537,0.0071198363705494575,0.19356009920806522,0.0354317251624823,0.005350503358243651,0.14867048724244414,0.05208080388123678,True
28,0.0008310610945200012,0.15369563672665978,0.08371982562587021,0.13957926430779669,0.04628426007534309,0.12072680529131684,0.1504657129075502,0.11424543442465297,0.019023023745614386,0.17142897580067584,True
29,0.03579491122744757,0.21945592727791663,0.03562871835103678,0.018744720940271,0.18862289155519263,0.03031503767296937,0.04052541113169582,0.11981887566013555,0.15298144259343052,0.15811206358990398,True
30,0.15337429675958014,0.06688223249377497,0.12375677524561039,0.061810054321268536,0.1546275999761686,0.10569120774195613,0.008099003679453015,0.17941318965397862,0.09544517515569188,0.05090046497251767,True
31,0.03117154060406499,0.18938930806489226,0.15611465595481522,0.08498654113580364,0.16290664634802288,0.09601470802104246,0.08571066632946044,0.030251405375231386,0.05255133325184399,0.11090319491482271,True
32,0.11411517470781732,0.10754390668341401,0.10108566424914034,0.06487048008370909,0.127902349797609,0.13666018737295188,0.15351363937468512,0.007965792702686407,0.05219685497749702,0.13414595005049001,True
33,0.1246724826254297,0.08056158634696153,0.18507864229573587,0.015587001775058871,0.1994573746144219,0.09266759423506438,0.18297605119219712,0.09479536407652991,0.021174665734376843,0.003029237104223834,True
34,0.15233166820532087,0.0451514748554159,0.14628429118910222,0.1917830578165217,0.08802036727688242,0.08094160329875483,0.11914599104767233,0.07440675568268461,0.021163390662162086,0.08077139996548315,True
35,0.13716832012828659,0.06109066887004994,0.11380108333706448,0.10491386263645912,0.13932446975827886,0.15689121936176517,0.03472207926092048,0.06683529825971037,0.09192800321885698,0.09332499516860807,True
36,0.1948309092125004,0.07046275272827664,0.0340457361944492,0.09800932078570855,0.15585195848878627,0.07062759572163475,0.1927601581449929,0.029097499242185194,0.08576757682000159,0.06854649266146447,True
37,0.16560378630332076,0.11035451834821572,0.1487327924262022,0.1144738842761049,0.08761592327862779,0.0243107481314694,0.07405596998938202,0.13683119807395158,0.07370360143768165,0.06431757773504397,True
38,0.15974080842282684,0.0596645553148935,0.14605526252635903,0.08905577046397503,0.1283166452897856,0.0658602709753851,0.037858920493024605,0.06350647578793717,0.1509630328590843,0.09897825786672872,True
39,0.11008007739974472,0.09201454729958346,0.11321863041929618,0.11350398046665942,0.11162777950959195,0.005367040588059655,0.13968314181787775,0.10173207097848702,0.12769244137967525,0.08508029014102468,True
40,0.15270126086278857,0.01772315615352058,0.23959859936896716,0.16721119679198448,0.06313664874529253,0.04253823294705713,0.047319086004911505,0.008496555301472154,0.028135888238355666,0.23313937558565026,True
41,0.004826455223937548,0.07372463843767674,0.16882331499326167,0.07047979033684026,0.12572510014804994,0.17355588487775,0.10606775999036924,0.15587960756783223,0.043387243003581606,0.07753020542070067,True
42,0.14626404351955669,0.09610775790110317,0.14407421596453468,0.039919868647444075,0.05674371917118195,0.0590025409389485,0.193406319601272,0.11107467434847076,0.01984383288181559,0.1335630270256727,True
43,0.023781703713730416,0.11658145122887947,0.1815968364258672,0.10582570622831408,0.06444654300950045,0.19648729695279255,0.07678757606567567,0.1310086720959561,0.0451776555333335,0.058306558745950615,True
44,0.14081980529463625,0.028627866058682953,0.11561512625415551,0.053251516551638255,0.17681362248035895,0.14654805922981998,0.132782117964011,0.0031304405459392512,0.10366346485560596,0.09874798076515177,True
45,0.1552275321249795,0.1362289765181458,0.10813451308295603,0.14715207896031385,0.1456359113786909,0.0031733060797393656,0.08774833387043264,0.004683680252021375,0.09736453792571124,0.11465112980700941,True
46,0.1555808251889276,0.17171045109072613,0.0803827405383575,0.16639476605944598,0.08689497356890888,0.17199054212348236,0.033364845247280506,0.09051778046181035,0.03172078956745745,0.011442286153603308,True
47,0.12431452996944825,0.13368146009491133,0.10822166689937789,0.01694844417218327,0.10685362816385191,0.07253875688180374,0.03593238015755513,0.14292911028014205,0.10639712421085908,0.1521828991698672,True
48,0.018041064411090133,0.13845816926207893,0.07615766970292338,0.09575502918386838,0.14979245926976079,0.012265731866091562,0.09953187156236173,0.1865506327650861,0.15291406259594725,0.07053330938079161,True
49,0.1617929554716497,0.14009282806971543,0.15330350582472096,0.09218015928609398,0.04183000117331958,0.07844897626585723,0.1453691361191686,0.053016357480916904,0.0774759680133332,0.05649011229522454,True
50,0.02627402866422791,0.19074280650625297,0.04542959144629225,0.09049658338227536,0.05587528712313499,0.13571644677922007,0.09417009416689441,0.18029928333931916,0.1274063710997377,0.05358950749264492,True
51,0.14047982862358716,0.1320462559869047,0.11907837672473871,0.03830954822789321,0.09934851148695409,0.15471477239457357,0.018760922267744153,0.11770334424707125,0.12063807024414773,0.05892036979638546,True
52,0.14794145914463813,0.028207425848541808,0.05928198325865546,0.10563041516999223,0.123342211856937,0.18239770658896476,0.16265005057252774,0.11571835704894344,0.020024232940299914,0.05480615757049949,True
53,0.08963706237466089,0.16015008018597227,0.056225949431743284,0.04564629335711431,0.20611680279326197,0.2043774144503739,0.023258020997313743,0.025246279331732742,0.06345263639884868,0.1258894606789782,True
54,0.0036185219795835622,0.134847356217385,0.03214227854159943,0.13905083858522163,0.03335861811179533,0.12468426942882696,0.16640610581665036,0.15976397459070094,0.20397508046361856,0.002152956264618245,True
55,0.16181838019380107,0.1621108424859051,0.14283431356086146,0.025171295470461933,0.1483549879875865,0.1656667655929365,0.0036692458156223177,0.10751329156624045,0.07498890453657511,0.007871972790009488,True
56,0.11747530791170017,0.020719381152280242,0.22175243245929238,0.05973069236498718,0.09105218404754635,0.04462626769539525,0.12293466609298184,0.049115075366287037,0.060362485101369955,0.21223150780815953,True
57,0.03273109072581889,0.02994072673710517,0.11157726870332453,0.09336366456465701,0.025625234063106347,0.23843226319601962,0.016666072211066196,0.2048397633187422,0.028082571778640836,0.21874134470151912,True
58,0.09853447836117667,0.12349800889776182,0.09297579692111976,0.053287348442697974,0.12753827984926383,0.0361447312692906,0.12002661809979655,0.12701889245914075,0.09449307129389893,0.12648277440585323,True
59,0.12086130383424593,0.10212321513713768,0.09175656605126699,0.10762703473951879,0.06145020478525433,0.07128643586898872,0.13334929744723237,0.13672467241803027,0.10618165657714933,0.06863961314117543,True
60,0.20332664406614914,0.029356960439773944,0.07616388033246967,0.21521721732710844,0.11958281945008796,0.11504926490348487,0.053001411350408575,0.028987492615561453,0.10085251932844716,0.0584617901865089,True
61,0.15495527792037217,0.08193687051771767,0.1652654354942042,0.1793900129626098,0.016130088067411542,0.10471469230421487,0.08899394405391267,0.1110476257798087,0.012788038396667225,0.08477801450308096,True
62,0.051445455558548486,0.1904062288517682,0.04395809776786144,0.03926153915282073,0.19566900735179382,0.1166976495229063,0.05319798958109154,0.1374894481484613,0.03270662746817402,0.13916795659657408,True
63,0.08037384125243169,0.0762236255854659,0.16376576708700577,0.13294116297954936,0.01795890226113137,0.020652292293830962,0.14551089986087545,0.09858960083935515,0.08340479820976915,0.1805791096305853,True
64,0.08972599755407287,0.13381220383895265,0.0643999744821377,0.12085215217533195,0.12629411964131707,0.14477585352955263,0.10442459749526137,0.030484351924615398,0.08123248679396816,0.10399826256479018,True
65,0.026854485263074386,0.1471371429581811,0.03750503839768568,0.05226067226259639,0.05778254077186509,0.20643084179914223,0.2172698515826332,0.2254554105832601,0.01199727878899489,0.017306737592566897,True
66,0.13860273287444771,0.07485011545032332,0.13985500244239932,0.005578788408116471,0.16684374345256997,0.09671443986974505,0.09728440900508914,0.14597464360188864,0.0678019058063154,0.06649421908910504,True
67,0.09900447188387307,0.07943295444720788,0.034789667749999434,0.07749404010403423,0.06890739843338063,0.11244036624711957,0.10486692263341,0.08757866334869847,0.17416881329692135,0.16131670185535535,True
68,0.051642418737814146,0.01694734386562561,0.04644202140665929,0.18003890376412554,0.1255032332305782,0.015126114182416777,0.23691329021021848,0.10568115250878597,0.17549743550342248,0.046208086590353456,True
69,0.10657862106626977,0.09570539677933788,0.10170869541089968,0.07377281782598634,0.030171467160643405,0.15102272869819183,0.13001498218162322,0.20774145356121765,0.01175869773443164,0.09152513958139856,True
70,0.08218156997040689,0.20257820981791047,0.23916742172733962,0.06920866372874482,0.12022213354376268,0.07792313114067681,0.057250386124454156,0.00016971289167704018,0.01542840077272367,0.1358703702823038,True
71,0.16622740983108822,0.027645400664063187,0.12959459765760536,0.029389328725295844,0.1521681520790263,0.045776376307813484,0.15492439324783042,0.13496515001939455,0.06671546473460471,0.09259372673327791,True
72,0.033060844607369265,0.13274500327926742,0.11914829556789755,0.11406662912026995,0.09449952047807017,0.04169407104009669,0.16140881360274772,0.10231981330118978,0.10190180709319038,0.09915520190990114,True
73,0.1370506103438308,0.07907068297160073,0.11903834213127577,0.11321469500498264,0.12996187946245696,0.09036492545995453,0.12534338180686536,0.08102780432402823,0.029334851079007462,0.09559282741599746,True
74,0.16143619926346264,0.09122333079713198,0.08354759191261536,0.1170312675041204,0.022010404356359026,0.11342536822678015,0.07099675264927849,0.05082340866192196,0.14403980764228952,0.14546586898604044,True
75,0.14120595916158946,0.10886824110438731,0.053131844696397645,0.08638143286236977,0.16166774299513717,0.07305470394062907,0.07917064922772173,0.124489989363159,0.09219286055134918,0.07983657609725965,True
76,0.3310514520621157,0.030426313082439344,0.0070103940843302326,0.014746367314943233,0.025374751948797784,0.21687351465378804,0.037653873727034055,0.2257427748307965,0.0751857867096681,0.03593477158608693,True
77,0.15419075270675472,0.0838153714472985,0.14922465033956706,0.15460329640273562,0.09736808992444584,0.052371453564606825,0.13896535051868766,0.033890125333542354,0.12801536514031142,0.007555544622050187,True
78,0.06399365028084641,0.011081352433988894,0.14815652325130035,0.17614397744278246,0.05030418220820652,0.11929967334319734,0.17777379569116478,0.03223354865987324,0.18304339900302372,0.037969897685616316,True
79,0.13476237245285852,0.004466917665252353,0.15468206157375589,0.035903610202209245,0.1507106352980797,0.01058000883714177,0.12309905369156526,0.16819450964722021,0.14088046583133268,0.07672036480058446,True
80,0.09516425045875346,0.1644308542302594,0.0952538805333617,0.015221545638819178,0.07968414690772882,0.03602244657317727,0.09373792901941788,0.1376211199719584,0.11217972978767116,0.17068409687885275,True
81,0.06245079721736358,0.14873950765479899,0.08421516474256059,0.003900936914524949,0.14174719275745826,0.15238748765724283,0.0586892850819866,0.15754688371444284,0.04786644461087808,0.14245629964874312,True
82,0.040146595955452655,0.2130544589647724,0.10310201191795164,0.11407963912744319,0.1462256387752452,0.13107850445012542,0.0057223510578925385,0.15437448206831,0.01989354047131766,0.0723227772114894,True
83,0.040924617327204454,0.1979236071991483,0.12906569640922494,0.04371899172743377,0.25830413041550454,0.08797895975038778,0.06154199057606818,0.011310598642079159,0.15947062603675097,0.009760781916198008,True
84,0.05880477455402697,0.14295215155310229,0.14750635350606528,0.03158342083914442,0.05083742304964714,0.1381474820861798,0.09282023436190165,0.14445284565135963,0.10002908914558621,0.09286622525298664,True
85,0.1670631813805969,0.10554158924894333,0.13771210109866241,0.03859247914890295,0.12415141028259874,0.1200121389789487,0.02524483771076025,0.1762176806707527,0.01884336498256882,0.08662121649726516,True
86,0.09985021300829493,0.07578522086344766,0.12315475183220276,0.1022746631520334,0.12345996966109579,0.1218771034902022,0.12400686881613462,0.06716427202355327,0.013057925324514283,0.14936901182852116,True
87,0.09890091992848189,0.08304471123230675,0.07076361426153452,0.15635626881335962,0.15936106331210148,0.02286845738687902,0.13296231707266745,0.11381709700829874,0.09967572612433359,0.0622498248600369,True
88,0.05025458836928397,0.12219523032864493,0.019272407261365244,0.13927803140286843,0.0859901301507712,0.0699350306256616,0.14570597262456464,0.05993626396481877,0.11359949877732993,0.19383284649469135,True
89,0.24445323050728074,0.0971243308703811,0.12172197641033172,0.119363941056915,0.04416722119832625,0.011299885919406163,0.11344533573296524,0.03780966085364966,0.11090234567883799,0.09971207177190616,True
90,0.04469941996985426,0.029578215465972637,0.18176754397489217,0.05082452835502001,0.07765985642190788,0.14927207536173667,0.05459627063957477,0.15935308164276843,0.08050817480947643,0.17174083335879675,True
91,0.017561281163980414,0.13569458648674043,0.1329326684973018,0.09591600487109138,0.07093149606078365,0.17211990358274057,0.1223564227373057,0.060157528243483575,0.10168990235638398,0.09064020600018838,True
92,0.11398833129854434,0.09357268974573318,0.07172205710476935,0.04679764157262754,0.0572945271526855,0.18073630962314347,0.1620322189648204,0.1105029532404348,0.1346501690468815,0.028703102250359946,True
93,0.03820161980358203,0.1344761845098981,0.1694684585632847,0.08417236426584357,0.13572293727083937,0.04097061934901728,0.1137652178364746,0.1550201706858134,0.07046581567145004,0.05773661204379681,True
94,0.037810063099808285,0.04679400404649473,0.10745083613603403,0.1482837036426819,0.11641427429551195,0.08660696962535909,0.08930103708227971,0.10199063736973626,0.14027686282060609,0.1250716118814878,True
95,0.03851864286927111,0.004665705491708414,0.1525406171127629,0.15562790393509107,0.09555105317255784,0.04349610306457814,0.16674368198087527,0.163832563217789,0.09247761280159257,0.08654611635377366,True
96,0.22070949994772596,0.07534777515787358,0.012168070034343125,0.16793356845646198,0.013427410647351026,0.15925254469150965,0.007502831505800405,0.20159581902268556,0.13645035051062837,0.005612130025620344,True
97,0.17098584938935998,0.03207094855955933,0.0839982197964041,0.06306620805040379,0.1063864696240816,0.019755823916751677,0.15039738078040082,0.12627942251082983,0.09873847606840745,0.14832120130380141,True
98,0.15713273051220022,0.09577614912339062,0.06816520847896311,0.16551684649298845,0.1501005168682584,0.05105680410455869,0.09808586110533549,0.03935040757186729,0.16444339062919053,0.010372085113247302,True
99,0.01710597180965049,0.1103594728454045,0.13096367938703338,0.06428864213834484,0.020549183115815692,0.15285060933232952,0.1691855731325847,0.10701759576050371,0.15449366316311397,0.07318560931521921,True
100,0.15949339375079954,0.0723378495781755,0.004093177833274513,0.13369204492568737,0.06654220912043614,0.17945861672075672,0.040140623722467496,0.1970772631613674,0.01791669977264669,0.12924812141438857,True
101,0.09921654017600515,0.13704281029146934,0.06995525279610723,0.06605181931841443,0.0434145341323106,0.13356172796522447,0.20688554374410767,0.1475210023390789,0.07440770726518534,0.021943061972096826,True
102,0.1111356767136465,0.17567625749024166,0.09429300581392212,0.16158789849070093,0.15393869194939414,0.050820077382188286,0.11367216060500918,0.05602418710514027,0.04820966116452944,0.034642383285227625,True
103,0.16246545655148623,0.14281913598461657,0.04664585095649329,0.08215446425810774,0.08676599347246394,0.12285333751051479,0.027846647340713918,0.15636999715680255,0.16366910702161003,0.00841000974719108,True
104,0.08702158140309049,0.13738700282618088,0.07720094000930085,0.10627795672210459,0.1275215203643631,0.1526541293620177,0.04774991606277902,0.045200283713948915,0.10510779966775315,0.11387886986846141,True
105,0.08653253802594586,0.13088031995139607,0.0665935217806828,0.030658487283402314,0.1884731318205228,0.15297831292264588,0.11440315656852533,0.1101746724876138,0.10426975862342858,0.01503610053583653,True
106,0.16557228234034563,0.05156788626782016,0.13033392060910814,0.1299031950436204,0.09541065245129772,0.05520743694518221,0.15980757364741852,0.042375514672599514,0.06094854792328972,0.10887299009931807,True
107,0.0803114455080755,0.083911877888985,0.1555548083638635,0.15790534778816032,0.14652367802306943,0.04219160101842904,0.10559754572692417,0.06535129784789002,0.16111498911810104,0.001537408716501987,True
108,0.12366550781103362,0.09453147519664278,0.15768210092227447,0.06840114277222879,0.12215582907521604,0.06560916721185493,0.06129534077798026,0.16637351445193957,0.0931869592617303,0.047098962519099244,True
109,0.04638197912641957,0.08264693983426974,0.09371389403849201,0.1301423559826562,0.06440485774525911,0.19070538850323757,0.1369491332955852,0.022151427121325444,0.22246412171690444,0.01043990263585078,True
110,0.02905619122383143,0.16842672552489626,0.23326502669581572,0.04676364384240376,0.12011679048535961,0.10835321805176527,0.00465174520260212,0.12421671985911137,0.1562692260826082,0.008880713031606308,True
111,0.10175026140668092,0.16017974949339792,0.06678604780453717,0.21278551307669613,0.067519356371947,0.056347817460567946,0.007344337425327256,0.18759104273018687,0.13168649148695402,0.00800938274370446,True
112,0.04729687077537162,0.12039276695503925,0.06429747787363076,0.09707340656147848,0.11353112768280921,0.10058148351040494,0.13997339527780778,0.1501993261285381,0.04027023526693056,0.12638390996798937,True
113,0.07381708885771834,0.17466608656172972,0.07946803242030052,0.02156601534925095,0.1439650072179715,0.10928808942371616,0.051476032953883165,0.19055595264601105,0.021886227233626813,0.13331146733579186,True
114,0.1736708404226208,0.037341642012999124,0.04718659270647392,0.07009047254630635,0.058771133809113404,0.16587574172887562,0.0729265759747952,0.11765617026765586,0.13478366466444566,0.12169716586671409,True
115,0.1418022594557395,0.1515989252589904,0.07780367829296414,0.09452507758174698,0.1650431421515539,0.04213687879195715,0.021927207248594104,0.11426763104512816,0.022456806763157217,0.16843839341016842,True
116,0.20658915641745046,0.001281294539575484,0.03152837396960484,0.08682850445074518,0.0912526882666219,0.1850055860244314,0.09150009783172416,0.025873152649475803,0.1285453495594078,0.15159579629096293,True
117,0.09721799869032892,0.25678482050733076,0.05110565901537839,0.15942402450797677,0.03053019365712354,0.06723155072395051,0.052749199256229715,0.12640309703972324,0.024309684609453607,0.13424377199250467,True
118,0.03817739857043452,0.09691527476244388,0.08740332040050607,0.14014813870658385,0.005090452658699001,0.010106646232349102,0.2489534383430816,0.16447330784942663,0.08121104654296146,0.12752097593351389,True
119,0.09380232237354612,0.09132232943642324,0.09722529041321494,0.0789299631488261,0.06764721656179899,0.12822016554090845,0.12667597318471013,0.11727261246608114,0.049636371568912645,0.14926775530557812,True
120,0.15770307964076008,0.06641604608599744,0.21035959140933597,0.05537419401301055,0.09362993680044589,0.011691407489562402,0.17119029215864845,0.03199225990863395,0.14154359256205154,0.06009959993155374,True
121,0.05962868426958283,0.10618564495425288,0.14662200381385596,0.08035834484776681,0.007521756327202308,0.1088501885510189,0.12286408771078115,0.11690736283541361,0.16099003756901406,0.09007188912111154,True
122,0.13221673947543416,0.06999168775913703,0.1523856308470411,0.07675804671234766,0.11338840206782472,0.1627939313316869,0.141465208692164,0.01322000246638567,0.03156317410825002,0.10621717653972879,True
123,0.04649712409331278,0.03256574556369218,0.019375321937735824,0.05709211594051181,0.17887713198848046,0.08671887558882395,0.015099014630276474,0.14714535744661134,0.21772730536446583,0.1989020074460894,True
124,0.16105527718935433,0.13025599443221583,0.18362799480172193,0.18606136747382676,0.15313136844671324,0.0535738088548374,0.0633046581080516,0.03535985874726702,0.024358111539735397,0.009271560406276493,True
125,0.09264990087294085,0.15547505262926226,0.10323865581120796,0.14238909255711665,0.11817661786825302,0.004233278212920811,0.14334972740103022,0.13579781846995637,0.01688462252318504,0.08780523365412711,True
126,0.0657179332477269,0.04542984236839566,0.16668246098285314,0.08861457869207452,0.08456086923240322,0.13595778044006862,0.030997945722045384,0.14875445100764537,0.07592799679701438,0.1573561415097728,True
127,0.16632359365682758,0.10818783962751317,0.14225605561674207,0.0307276460373093,0.058739563130178835,0.11893187778056631,0.06931555440602354,0.1630475391528609,0.0869189200714738,0.055551410520504614,True
128,0.1662720710427857,0.012250975494167126,0.08745615284820009,0.07281959207265958,0.139550014342497,0.16411899645924666,0.1497577863904358,0.1476696472963718,0.02416842851094322,0.03593633554269298,True
129,0.13477366910717758,0.00803977626617988,0.00639760908639662,0.042893472440650796,0.11067887279711647,0.16101907824226833,0.19540942878869225,0.10739610651207168,0.08839614406402248,0.14499584269542387,True
130,0.08950882160379561,0.10411885984515953,0.1720312609975939,0.16407816097159886,0.07146373782891416,0.16659597739244886,0.018590091019064184,0.1572406128227249,0.05452616020726302,0.0018463173114368467,True
131,0.219513990743952,0.09486119086458263,0.11254305152465471,0.02959159592683565,0.06433674077047001,0.045887917093390615,0.10479047494714973,0.1857370872876459,0.03676202122227518,0.1059759296190436,True
132,0.1051598764158138,0.02018661651130061,0.14587989955146607,0.1463622301389823,0.14530335570735012,0.11758949339320754,0.095713361303634,0.12871573418844823,0.05221588560495698,0.042873547184840266,True
133,0.1630244513551174,0.1423402285775193,0.15805322896077872,0.15971154267877938,0.047450477817758296,0.007344847681374218,0.11728762247310434,0.08343843088112611,0.08044606282568616,0.04090310674875627,True
134,0.0527400636440491,0.11297746381652218,0.17068331670021664,0.10488798989137936,0.18598857599325397,0.10337877639614149,0.11475514604508716,0.03800950663563892,0.10952275836987274,0.007056402507838389,True
135,0.0596635021376789,0.05929343915134206,0.07216866655143814,0.04675421981349194,0.0031050793167293382,0.13904270353035286,0.15695497293288396,0.02566048802384954,0.22744300443406776,0.20991392410816542,True
136,0.13131806865073484,0.04905102199212285,0.15533488255491334,0.0894663260001037,0.026328505531953622,0.04496600101584209,0.10256066807817231,0.08825357945746569,0.11253461108740534,0.20018633563128627,True
137,0.04247486702290504,0.043900002696513285,0.18662811981217722,0.1477214664604541,0.06699793473983205,0.1088541489683332,0.11938827380998054,0.055313145657250255,0.14614464037472127,0.08257740045783309,True
138,0.025065431593485017,0.04346040621178067,0.1527278038823316,0.02530641740832124,0.07696094345533673,0.1643660407929468,0.17795294913859222,0.04995281649230659,0.19832638491447674,0.08588080611042236,True
139,0.11036078650189506,0.10423801201678519,0.1282831430257747,0.08769337547569991,0.05187753301109843,0.10421375328251684,0.11722830396442999,0.045988087892332816,0.12388670714683976,0.12623029768262733,True
140,0.06769553678524885,0.01608394088065722,0.0329153870290281,0.06616487063191775,0.17954301333386746,0.19913926195894177,0.0921115030628431,0.06809260854108945,0.11522668229514561,0.16302719548126063,True
141,0.1318023489556404,0.015585780601954015,0.004720677471415688,0.019325088372667668,0.12660377583924856,0.16113936051554967,0.12218254222240374,0.12873584952152337,0.15695608250568013,0.1329484939939167,True
142,0.021806861727418046,0.10735915918919406,0.09702019289280489,0.1767656969743803,0.1240748481942079,0.1736368681293316,0.03706764627883273,0.09014006467844508,0.11044065068195696,0.06168801125342837,True
143,0.24588623817107322,0.01082358988321217,0.2255160353793247,0.05072085078293368,0.02909111165697688,0.13680287708732045,0.006510656254076219,0.07646746458590098,0.08820835390720987,0.129972822291972,True
144,0.09359139708568105,0.2188325746892348,0.07583761358053694,0.06553165650332443,0.11350096017073152,0.2315200411602887,0.08894375133480897,0.06202616862117131,0.004497364538637508,0.04571847231558498,True
145,0.04638249610461762,0.23388932370462148,0.013238248342846946,0.1137422530478151,0.23912621951763063,0.011530628101714787,0.1275714452327318,0.03534696608667836,0.09399843917972941,0.0851739806816139,True
146,0.08910963768048268,0.028745648192742168,0.1573122758145617,0.02079031982973925,0.05505775872939556,0.11281897009482103,0.0873506081405244,0.15079393468836672,0.14048010198883815,0.15754074484052846,True
147,0.0884117635829781,0.11350934775796842,0.1263111729280612,0.11282926186566611,0.07030522245638568,0.12141080299563453,0.15876557966355873,0.061952477462023536,0.03865340110990678,0.10785097017781686,True
148,0.0369503220398303,0.21639855878202693,0.12286496446479869,0.053708192901745895,0.08801930640774533,0.07279609902554728,0.15435085652740496,0.024492958660401753,0.08819173600694376,0.14222700518355502,True
149,0.1446863138194073,0.04323138865221361,0.0009775881300963095,0.07452824194444431,0.10565976206985088,0.012345355076914895,0.0660177357256225,0.19260518472262533,0.22147353252666588,0.13847489733215906,True
150,0.21170311324167798,0.14414385610481914,0.2246717411695424,0.006723978905056408,0.03657246479786688,0.10701655266171223,0.025322221586048483,0.02055246956419034,0.1730698610319576,0.05022374093712865,True
151,0.10847859835933064,0.14514495262118804,0.07068967004110749,0.09397648027117328,0.0871679298488901,0.05712337299914585,0.2180754829211772,0.023332448205638772,0.005870566060983196,0.1901404986713654,True
152,0.0831399424179095,0.058615066105210986,0.07973202828268681,0.12039062512770636,0.0313605649679161,0.1883869354654113,0.12199987577886492,0.11644826305501511,0.012399260041702564,0.1875274387575764,True
153,0.07691415359753725,0.12598549612669627,0.07000293824922743,0.09458288516398154,0.08827213360308356,0.07995897714059752,0.1132698828830321,0.07603089639469553,0.11275507971315754,0.16222755712799122,True
154,0.19075031408929374,0.013103995068233903,0.01860516958889949,0.07784985015846883,0.10834653424761825,0.07845905577094651,0.017594591962046248,0.15424477893071173,0.13411563023520431,0.20693007994857684,True
155,0.10586225319739358,0.18102026512421865,0.13509440743804832,0.13687269778470826,0.015671257853385287,0.04879339100020762,0.04468792898440903,0.16822924895014482,0.1319308864035282,0.031837663263956296,True
156,0.14446323461558586,0.15841767781792745,0.046426732167199315,0.004887213744929024,0.16213290879063216,0.13481539906045445,0.1004043606084403,0.06602207406873929,0.013829754973032396,0.1686006441530598,True
157,0.06621089507591081,0.14822467686161309,0.19188282123562192,0.18293196157205022,0.07207239062958652,0.025990948495448682,0.13127852148157274,0.02204382205179935,0.10175913992683733,0.057604822669559186,True
158,0.051016389153357496,0.0056761490142614585,0.1920378994009529,0.028281860057061712,0.15089741468732282,0.009328837645772574,0.19149639251117326,0.17878729157858836,0.04250169048830974,0.1499760754631997,True
159,0.1604924688423687,0.1903788719546805,0.024790390341227063,0.08936749587795995,0.08300613627484671,0.09463091074414985,0.09291052068688102,0.015352087176263653,0.055819783000518874,0.19325133510110362,True
160,0.08776674117349753,0.07774130998714081,0.14762492967707488,0.13009402580105453,0.15714183191463368,0.0590662747407034,0.013633042172575391,0.10753994460850298,0.13915946956750047,0.08023243035731639,True
161,0.04809772355193333,0.08993988037546646,0.026067099476728927,0.02552307210006994,0.17305393757739498,0.08184215407473802,0.154685142289114,0.13166493083363925,0.13988193605379992,0.12924412366711527,True
162,0.21042304068997708,0.1399483923737355,0.0893648384617576,0.16192826736228005,0.12677942359626093,0.0032198477470296153,0.10095810384101726,0.029787359172149565,0.07528998351691432,0.06230074323887795,True
163,0.13870332134008706,0.05984707804737304,0.16596646480618488,0.16688631684872662,0.00469984501200538,0.06460992073882336,0.08708549670008389,0.1218463721036825,0.05297866895588286,0.13737651544715046,True
164,0.007600331457324603,0.19033737231173242,0.15372516450833257,0.01834382604852466,0.1461580399635308,0.14091502830034358,0.051352232215340736,0.15875640657674037,0.08836806857601535,0.04444353004211503,True
165,0.1728631823925292,0.048303685426170716,0.1216790652614715,0.025236889081320595,0.05212487047132989,0.17569844702024764,0.15981605321372763,0.0296236272341545,0.119995133140992,0.09465904675805638,True
166,0.09189441121009655,0.006418177672396239,0.018986920404791906,0.15733303684039485,0.1850292021062631,0.06779997878294297,0.029889728241448546,0.1990267519384073,0.222758790191882,0.02086300261137664,True
167,0.18841094634562652,0.0619243104321739,0.051922149953491654,0.11450310887510153,0.10214757408566263,0.17526368475008286,0.1411817448786897,0.11910860972233048,0.019505113057626113,0.0260327578992145,True
168,0.15932356934585984,0.08641209058022814,0.1709943704979132,0.08095345244054163,0.03799129744010664,0.14713353616989264,0.04792170392619075,0.05320831194312819,0.04514953205999295,0.17091213559614588,True
169,0.04280944279695745,0.024437062742191696,0.1702723789314152,0.06668310396886537,0.17338119302612814,0.13009647201147972,0.0667945519932794,0.08762354481609076,0.17604945304719657,0.061852796666395676,True
170,0.08634043418160395,0.06461327880206628,0.19860696652675766,0.10214807444996946,0.013592237522108015,0.010387164005205615,0.18143816683672565,0.195593788138366,0.043318207674988694,0.10396168186220874,True
171,0.09490803434741629,0.010032508713511563,0.15302574752646808,0.018369729813978386,0.11943510985545941,0.11474863069617038,0.1749482854248622,0.177196570780349,0.03434158281510757,0.1029938000266771,True
172,0.05882516736717103,0.21090990884453403,0.06155709659919584,0.039722120656469406,0.03847010196992767,0.14034453869070157,0.08752339901896927,0.17137507876661384,0.08365356734848879,0.10761902073792866,True
173,0.029733871780306752,0.21144332542818195,0.16784340732496736,0.007701138594079581,0.08118942783693416,0.12777827010587356,0.035875942618584636,0.12685676970515525,0.054049988785794804,0.15752785782012207,True
174,0.09439615958537423,0.14544742193348056,0.06948763048666359,0.19171649548590966,0.05723540500919904,0.02208773303017598,0.10516266131875551,0.14025254944754836,0.16636131503012297,0.00785262867277019,True
175,0.13933703482241347,0.0905136911044464,0.06526328246407624,0.07784848597864102,0.1364798210103097,0.03004482966876729,0.18342524156358866,0.12530198640633133,0.039116913656546834,0.11266871332487909,True
176,0.020343076941023948,0.052258273749116964,0.12398605181061267,0.13003936170410435,0.11535347091728289,0.056589296810727545,0.12367238787551915,0.1297076680301648,0.11753076187080368,0.13051965029064405,True
177,0.16180845376953704,0.12629983346673537,0.013958122752415826,0.13159937078550538,0.020574727312439613,0.07480984090819574,0.11343957212275498,0.13159259256816377,0.12924982156186837,0.09666766475238403,True
178,0.14377543304110052,0.1763282675674733,0.02309298888350373,0.04635793453801412,0.16622241761817635,0.011228882691175938,0.16608166242985167,0.05557582189308201,0.15038852031503536,0.06094807102258694,True
179,0.049334360442424986,0.12363375206528796,0.05069942621675979,0.049655737311015045,0.1257389473030232,0.12342656741894947,0.11369415328514297,0.13878340085743185,0.11429276397518541,0.11074089112477939,True
180,0.20979582767979965,0.19143817026853277,0.09770254866659407,0.027835933197499833,0.1204807810103635,0.0069650512144772145,0.05414688797107887,0.1380478740812344,0.13784610694913627,0.01574081896128344,True
181,0.270887078126011,0.08939958606259679,0.015946075616765563,0.016695697246242286,0.31791158052667307,0.158522312237342,0.004575840041440347,0.09485334821737831,0.018010592098480396,0.013197889827070187,True
182,0.13635621929923147,0.028410458327948883,0.14411507051800912,0.07603898464637719,0.05395272616925476,0.1219956367110828,0.1450842127586292,0.050890675527918386,0.13381425703242442,0.10934175900912378,True
183,0.03338017399770889,0.1503302705728347,0.07778029108123036,0.06861143211155152,0.11766211566455832,0.15156347599943748,0.12001089184869164,0.04808969818870684,0.13279399961797578,0.09977765091730455,True
184,0.08631684252474144,0.06472034709921866,0.11942676824603068,0.18089276536152604,0.07537711538692471,0.20927666417387908,0.07191323984074308,0.06448713051982283,0.0045742984962068335,0.12301482835090678,True
185,0.0732966734046772,0.04473034157527752,0.13550634617834284,0.11269635063317468,0.09160336051756639,0.07497849287352346,0.14286886000578064,0.1468226500224277,0.11807562997018024,0.05942129481904936,True
186,0.0016638216369785738,0.04248863370783338,0.13235864266330713,0.03525879772740486,0.12419355340385158,0.15789862992430112,0.12915050703341902,0.20288138058590258,0.13751048483271922,0.03659554848428262,True
187,0.18841402333516785,0.017957807559425047,0.17669286888947836,0.011317875613201194,0.009478824274944434,0.0840217779924246,0.18589195645604548,0.09065890729602004,0.12594573696567274,0.1096202216176203,True
188,0.038490356972113775,0.12346299728079184,0.16039646163325974,0.06737949617323671,0.16787446942670456,0.030427785972595323,0.08729802482019051,0.03928002569947653,0.17304446631340317,0.11234591570822788,True
189,0.14468912733479858,0.019868905176641246,0.08594628168743582,0.0883246142369082,0.06722259801103098,0.17416495315242675,0.07240480200643971,0.0657899400048949,0.20788580125614986,0.07370297713327409,True
