ID,strat_res0,strat_res1,strat_res2,strat_res3,strat_res4,strat_res5,strat_res6,strat_res7,strat_res8,strat_res9,ancestor,alive_at_end
0,0.022632457627729807,0.018027180654506217,0.24284336082244476,0.0006387556712863803,0.05686971458478682,0.032730763521539405,0.10009209593992509,0.1014655883058386,0.09271991815102928,0.1359013571152885,0,False
1,0.024687516018325077,0.004301994982210561,0.2610166054881718,0.003325562892920164,0.05674973999857893,0.030350298553635014,0.0934117065882978,0.08906121252105224,0.09223003043557126,0.15325495776742945,0,False
2,0.030968547091207693,0.0,0.23802637246222616,0.020324964978628582,0.05585154286953644,0.03781602713708135,0.08864930520846875,0.09939871228952782,0.08364776630425455,0.1478747630124813,1,False
3,0.04667280326723377,0.0075548949616731165,0.2396781705825975,0.020404792923757013,0.046857626214917895,0.02834563342121828,0.08633878451204229,0.09405780221786755,0.08333784239501708,0.14627550894296104,2,False
4,0.046173852864714655,0.0,0.2670842540258266,0.013532322387604349,0.04855594082806913,0.02142357594624169,0.1004655891678419,0.09553522176121795,0.07264125551494018,0.1421583639441713,2,False
5,0.04537107257825997,0.0,0.24812802303205295,0.013846675421421395,0.04399678786322143,0.028118034986442962,0.08680231975598766,0.11495318105054543,0.07084006649843028,0.1538573427053413,3,False
6,0.013768733414071468,0.004885429101904191,0.2543376540683641,0.012465560206465304,0.06741568379211017,0.02161769211099405,0.10976488558370184,0.08957671273154795,0.08823420879556769,0.14525045805477052,1,False
7,0.02705830045943527,0.0,0.24523575332838135,0.016503939706408344,0.07401717583593358,0.044863566629732315,0.07737811797536055,0.10339568630209425,0.07620367375286492,0.13832222380252315,2,False
8,0.058681291571975554,0.02438982133951033,0.23733115548320496,0.006233513352004493,0.0249458521007657,0.04445171251369254,0.07603233145214916,0.08651897354484445,0.09507461051584329,0.14543885398105,3,False
9,0.03793699303419001,0.0005120100685881978,0.21185606495272083,0.015320338724369923,0.06474646353164044,0.0419109015147449,0.0989828244526545,0.07628989487392439,0.0873668457518911,0.1654009391508509,3,False
10,0.06321016785210856,0.034312212851607675,0.26015952565436007,0.0037345421466623463,0.01537302177418858,0.04904548952942689,0.06043886864935806,0.10558963811389509,0.07490816481533508,0.13550861047904345,8,False
11,0.053010040777434465,0.031971275796082894,0.2688126718084485,0.0061392715203981854,0.022472134165928404,0.043014219332992626,0.06392470418942527,0.1089622192120934,0.059862356034735546,0.14487970334735104,10,False
12,0.04385687745659723,0.0,0.23932762519833317,0.0009438628945482277,0.062387047598305545,0.029358538925045398,0.0689672282365495,0.1150544935190598,0.08700688862313238,0.16159988011373466,5,False
13,0.0222234596442207,0.009478780656716194,0.25107007201262604,0.01302069985964517,0.0784200211862796,0.047348867472278434,0.06315307673331207,0.10640800482924356,0.07764978599478863,0.1323139364926725,7,False
14,0.013121202659107654,0.0023693418026342196,0.2504244191288321,0.012576595740164833,0.07528626038662192,0.01915690101654616,0.10273614183957361,0.08667025501426438,0.09719626838232871,0.14876210025794984,6,False
15,0.022434677847772738,0.01012278692603756,0.24694905953552673,0.0,0.07092905627235774,0.014818437962100904,0.11096574995815525,0.0750147575200283,0.10632389441330761,0.15216288234325215,6,False
16,0.04625057024940315,0.007378583304309677,0.2633495636583986,0.01593375007455347,0.04907085002594289,0.026072042560156453,0.09812981790056587,0.08007825427394596,0.07737455830225479,0.1390155062748891,4,False
17,0.03918262010549708,0.0,0.24586526505484002,0.00835759617854544,0.04728740897304301,0.03457623009461279,0.09877389596013415,0.08136480215692492,0.09594879735749307,0.15476889625476617,1,False
18,0.038982345746631265,0.01873276860137293,0.24398621606067755,0.007811779343102515,0.03390803477504586,0.020315469337078593,0.09862950234547044,0.11771873189703427,0.06395384813985355,0.16044522150784235,5,False
19,0.032983533253987056,0.013241643144613494,0.22481643510087237,0.02678711403474638,0.03991226241339039,0.03263499494004659,0.10814856003103342,0.09045988778604347,0.07910381053314254,0.14934877014372366,3,False
20,0.02750141142180517,0.0,0.25584740198999745,0.013644839370141775,0.08631159577344304,0.04482927052106323,0.07145623566734144,0.11389336554817311,0.05344432341014922,0.13853513292580055,7,False
21,0.049156158277145014,0.006944631728743449,0.2338063644874545,0.015793990517663226,0.05718574024150622,0.03558975847152346,0.08984360739547967,0.07035975527361264,0.07606338267740806,0.1649825474457137,17,False
22,0.058519182875843685,0.010254397563004381,0.24868388967773697,0.022849289663815664,0.04118154861857825,0.02986019628162149,0.08194640877299311,0.0948516095254426,0.07072856692333346,0.1399553233124067,4,False
23,0.03367392298280463,7.033967411726417e-07,0.2041418383850749,0.0,0.06898367712020509,0.060809973863555085,0.10938729161941403,0.06897034074413387,0.08946630329194136,0.1694391814004176,9,False
24,0.030332462589075546,0.0,0.23954555138946362,0.023239738411744374,0.04911359406580112,0.025890423082686614,0.0885442695153164,0.11062241491309649,0.07711494730287559,0.1605197142781241,5,False
25,0.04788241646239032,0.0,0.24715519800096486,0.017261610517638748,0.048621508401530594,0.030372009295312197,0.09311145627217557,0.08047704742718813,0.07270756605318224,0.16726573541547948,3,False
26,0.01970633585401744,0.0,0.2644131862917033,0.010406282573278058,0.05927084574310627,0.02409252726176964,0.08551892918173605,0.10071374368178791,0.10132912013269109,0.14446643430082293,1,False
27,0.041523775067393624,0.016698327463023875,0.18901802060470296,0.025668750199100115,0.06400039238894188,0.04368395893475861,0.08359846530907351,0.07672187384576892,0.09960947984979521,0.1503411020187368,9,True
28,0.014341243647960206,0.029306656560776898,0.24824691344137972,0.0,0.0655202302345462,0.0355058280626641,0.10381932723814283,0.08872374122392895,0.0860090014057655,0.13252094635802789,0,False
29,0.005368205492301286,0.0,0.2763907436236287,0.004296771960826325,0.0851585721421162,0.05307034668582991,0.07102470705495398,0.09398536858344941,0.08223779958969694,0.1413815869704321,13,False
30,0.01860737041128963,0.007993851800737221,0.22229765643371055,0.01291033001563329,0.06795047342630123,0.03888049541806709,0.11203026121412163,0.06506851732937954,0.08485185877002036,0.1716719276215362,9,False
31,0.049656815687078595,0.012855796276536647,0.24189604003142676,0.019510963288972116,0.05017826441512548,0.028731436587925634,0.07720225064390486,0.11236074631103117,0.06867070444522087,0.1372520652377872,5,False
32,0.026768214804174927,0.0007990412050021253,0.22307329499880546,0.009822776686004807,0.06283004330049921,0.03149667065883206,0.10664953084225867,0.0715347131933399,0.10086475111825206,0.1713232752724777,9,False
33,0.049304129644213476,0.013922908180053878,0.20741613856791097,0.02187485115425679,0.06045346239684736,0.040741575402368044,0.09542005525986295,0.057383155841798685,0.0933159127489968,0.15404411672357435,9,False
34,0.020906696286891496,0.016859189708596047,0.2339587791216738,0.024627250798121413,0.05692969181564143,0.029592580894038285,0.06774963323457633,0.0960111633734915,0.08732263500286531,0.1656519464198005,3,False
35,0.012471332520571018,0.0,0.2679413475531687,0.01650927429047187,0.061931585425776675,0.00977058874368629,0.12349938080891855,0.08721374846767328,0.08530585784281741,0.1489159394424084,6,False
36,0.040344455290978215,0.0026497617341938178,0.2345884397670413,0.01423264146060267,0.06302235165482983,0.03575300619800146,0.09161272535996134,0.06775271811568868,0.08393430356922453,0.16825514936911126,9,False
37,0.05223276845667327,0.0071644614759425575,0.2470377515722683,0.004483774639185089,0.04355323381203189,0.027464743629852205,0.09640386105116273,0.10492022156621286,0.07171034937475726,0.14946890607461097,5,False
38,0.05558298504716529,0.0,0.2320937818155481,0.01663178278195926,0.05986499514792082,0.025560062160336752,0.07395951788546883,0.11623417213942844,0.08047916244331796,0.14170378588672236,5,False
39,0.03873091622661729,0.03624523207449464,0.2740864371269487,0.015329097919502172,0.03209567063842393,0.059759839081210124,0.05487041375909748,0.09636656314882212,0.056538036491343834,0.13569690811131457,11,True
40,0.016527675760344814,0.0,0.24057446874699973,0.020517046167454,0.07937762650061035,0.029791495023740438,0.07956741514870562,0.11120821581639358,0.08359857729619506,0.14387824119630335,7,False
41,0.06723227228614231,0.010180897385859537,0.23310599509563476,0.02190390518336276,0.012281231773035237,0.06354686308311501,0.06671698586716183,0.0833410060069857,0.08518199849517923,0.1561539187198715,8,False
42,0.032477763657606684,0.01689338459784279,0.23611562642783912,0.0,0.07120302377650206,0.037563513121860785,0.10573419515498261,0.10015216702345832,0.07799427493693754,0.12335882776887662,0,False
43,0.07060111296978676,0.03381397352740541,0.2455552747027534,0.010311447810463873,0.008035812001961525,0.04571230745746766,0.052667377180082124,0.1141492088016736,0.08837796970697148,0.13165724472872767,10,False
44,0.013689419197056706,0.01467066916365908,0.24093366004306518,0.015641199579273405,0.06094698412450892,0.022077926644902216,0.11345234030621863,0.08624839640591529,0.09313645547546906,0.14220769195505945,6,False
45,0.06673309410709367,0.04583314126207025,0.2554608319072487,0.0,0.019292857894660707,0.06664370285581585,0.058810845299091453,0.08604331580990075,0.06307456077851036,0.13973585993233917,10,True
46,0.017843125173060363,0.0,0.26295221581439465,0.01587998441460589,0.06601287426358092,0.03235140007057141,0.12283558239153837,0.09009323547637486,0.07402671789954733,0.12544371331169035,6,False
47,0.03496710132798007,0.0013861307110037285,0.24160112517056337,0.0,0.06591984757175463,0.01583091730905117,0.11060938353427247,0.11279055319962139,0.09281976780033777,0.13378122075281884,0,False
48,0.05491285089780676,0.005937145691299647,0.23811568560331536,0.011488270390810884,0.016386262270517933,0.05310116429013494,0.09501154762353259,0.08255836452196028,0.09468343849536498,0.15052590111705097,8,False
49,0.022190081597768457,0.002104412725018695,0.26526041475243883,0.002851759470936047,0.07505824221513945,0.0162732817168287,0.11373737300668216,0.10751399983781917,0.08305645494693954,0.1228774608960636,6,False
50,0.024209063167473944,0.001101645020491348,0.2552484099706212,0.0,0.04419195283652281,0.030023239167716983,0.1046007535476214,0.09250369885988444,0.10212661188372942,0.15830709028364798,0,False
51,0.016349378959021867,0.013611125023579015,0.2592119248769792,0.0,0.08530011146202628,0.03385181828177788,0.055138186665903303,0.10960693586741804,0.09602561825150732,0.13902823212222304,13,False
52,0.024483719595726736,0.0,0.23134875674684108,0.02470864150646846,0.07172723734659774,0.03701157442444226,0.0892871326651482,0.10086777700243918,0.07971375041661086,0.14226376310884253,2,False
53,0.05692655388365253,0.027253181556022802,0.25200095244232545,0.012385989700623634,0.009879285027718404,0.04595631523389943,0.06379225693735034,0.1151998189410349,0.06291093790329208,0.1565905957622979,10,False
54,0.05289723925981896,0.0008158992704777342,0.2525495488166447,0.0016551051184333417,0.05229231746907933,0.035364678256382794,0.0837191566733221,0.11156733152334207,0.05732921222938304,0.16007676568211918,5,False
55,0.051839657126216514,0.040283461543459805,0.24994343271986666,0.0,0.015212105502447292,0.04045799310918309,0.07153002297276849,0.09291695804683811,0.10381843986978452,0.13743386253870293,8,False
56,0.04046064065831693,0.0012793710138565948,0.22427396643754444,0.0,0.06168554343965008,0.026174524004964773,0.1076250384651594,0.12444917132019521,0.08998494818922063,0.13040056713819495,0,False
57,0.07367575308534172,0.03923178675823884,0.25856406761739403,0.00943310452367084,0.031449551203972276,0.030722060507755257,0.07247507242392857,0.10421932352514476,0.06355962658187828,0.11476050105630595,10,False
58,0.047442834213364156,0.014115563267610053,0.24316607735274592,0.009608301290411557,0.0380655698600764,0.04159846846962352,0.07224061710779406,0.08524461212447032,0.09605909326913767,0.152710793199157,8,False
59,0.07301943653481698,0.03964826386946807,0.2845790653601756,0.0,0.009143761656166392,0.011514317725943076,0.06787971130607671,0.11387103527448983,0.0567700072192135,0.15716558853342527,11,False
60,0.04744722766154905,0.044046488925100144,0.2653298222859934,0.0,0.004360071099339414,0.027117013878814572,0.07679714285439691,0.11063720820792008,0.08143594191071535,0.15270279989911167,10,False
61,0.023110025552690785,0.0,0.20960051554302528,0.02699845052255133,0.08150979737122215,0.037051595596595516,0.08865172456011818,0.06716848496748849,0.09767061259371258,0.1691774700064933,9,False
62,0.04500484908043534,0.010979313553817874,0.2223605226698108,0.009581187108271732,0.04094597373225109,0.07561540262319486,0.08702841052317573,0.09223973437892018,0.08541105640413761,0.12695569284321506,8,False
63,0.05904574357141627,0.040876568663837626,0.20874039562795657,0.0,0.043226733015037586,0.0657740638821383,0.07390848213048819,0.08518848140426195,0.07375899300715391,0.14427037261469997,8,True
64,0.058798838230099716,0.0,0.2408112651804249,0.003695740302649982,0.0318372371308833,0.036600330699003716,0.09173403526088438,0.09668148852879989,0.08695067396690226,0.16011353999623898,3,False
65,0.04111691740653875,0.006383851273489989,0.2357700373364821,0.04515376195612699,0.047367559303406415,0.018190982587422518,0.09132157508372854,0.0837907021837214,0.08581657252655947,0.14361458384468512,3,False
66,0.07069462140136806,0.009209245763158064,0.252578055149902,0.008337040505892415,0.039347870552449794,0.04215222462483323,0.07267748394314072,0.0812376285094672,0.08783842118569575,0.1366183042564718,8,False
67,0.07221480325389147,0.02047401767264364,0.2405441843197542,0.0,0.03979895500021035,0.0391638636446058,0.07503032409208504,0.08190463948535186,0.1069753188101985,0.12440526046340405,8,False
68,0.028691668784102533,0.003670274753660704,0.2299993609966015,0.019121711687201063,0.06669666150160962,0.03352495407865685,0.08494315279327717,0.08543056277398019,0.07729734547064247,0.17237719335450427,9,False
69,0.021643337355236904,0.009125863867262655,0.2596054283823044,0.007951228878597815,0.09866324908394745,0.0449716222165126,0.050225824482932876,0.10177809153825648,0.08661738565276011,0.12302268500096229,13,False
70,0.022258441038112052,0.0,0.2538939769823044,0.0148657805835654,0.07230824782921656,0.030424718235958867,0.1148602371466647,0.09096857534495183,0.07348607595658695,0.13305472567486154,6,False
71,0.05707063887850163,0.05357592373222711,0.270994020078718,0.009533421775746785,0.01774087276231314,0.007640822054566432,0.06092134795913739,0.11937053237585406,0.056024909177211,0.1545527823260295,11,False
72,0.055255167790058186,0.044520306097374625,0.2652529382218657,0.019167778489480133,0.0,0.05692011896293344,0.07093810901242548,0.07457320086451762,0.04220983144346013,0.17770015517945734,11,True
73,0.047633243290667635,0.02476815673630607,0.2726200453334989,0.0,0.03483745598367999,0.03378580684649381,0.07025953625880427,0.12057726077210987,0.05334606163479701,0.14954200157668415,11,False
74,0.04558845039851438,0.023345773373780625,0.2750959837210335,0.0,0.01748461760033558,0.05001930153144847,0.06025203290129995,0.11313631847757645,0.06273772129886258,0.16169240103125299,11,False
75,0.06363716903119174,0.021041914575894233,0.2602425383808894,0.009125219463902892,0.007578926134825494,0.04491602991331597,0.06761120177533084,0.10675047363023844,0.08526697542160036,0.13795702880780408,10,False
76,0.04484984803638112,0.04315165914432588,0.2624728195856499,0.006011478104929865,0.026265378359642544,0.02749753585199747,0.0789168102135367,0.11390959943474478,0.055554645358586355,0.14422211580707098,11,False
77,0.025165286833476345,0.024701092293016223,0.24511753994971433,0.0,0.04969802528180597,0.04338781688250398,0.09352902407552063,0.09435275771857572,0.0940705329593487,0.13243201642484534,0,False
78,0.060765136795773396,0.023363674593265712,0.27787097532840854,0.016960499649455837,0.0005942206153454818,0.046602345325000905,0.05120046265016329,0.10600491182191803,0.075676139121805,0.14887778322380021,10,False
79,0.06214714257474166,0.031137455185379772,0.27616143537924537,0.0012451723305208515,0.011709377838150816,0.0487193910399564,0.06494917879354394,0.0906301133649997,0.07909686531275383,0.1402326200923284,10,False
80,0.05476331370745126,0.03240880586985054,0.2652908082684491,0.003308153198335128,0.02380908060887278,0.05082208085816932,0.060457818446712844,0.10659644222911578,0.06316706057575401,0.14200740826627814,11,False
81,0.07230426517321069,0.03614354473058209,0.2550504721635705,0.004196723536999309,0.017108548778753615,0.05621933509930745,0.06310972222888131,0.09481017797010259,0.07193335338472362,0.1291661175527299,10,False
82,0.06651955514231848,0.041529492614745436,0.25233850115323486,0.0057318048551316236,0.005074547021960373,0.03830624087298192,0.07030785949776541,0.10906671090460592,0.07896837861132257,0.13525126341835947,10,False
83,0.05791042433312036,0.03678187284082173,0.25050781932018357,0.0041315024362521685,0.007247100045600684,0.06122072165521212,0.05986753923418222,0.09869794672031504,0.07972904133055729,0.1466965392304346,10,False
84,0.056088000510707975,0.03950298736169435,0.21862763020740242,0.017817806278600464,0.020795334794581562,0.048742062657491446,0.06795985416689405,0.100577532153031,0.08743639251574309,0.13581874194652757,8,True
85,0.05954581859673486,0.029420362564561115,0.27872354215338646,0.0,0.022370483101077792,0.038655601863490686,0.06667343990571538,0.09263112318714627,0.049841656360547465,0.1710279420490794,11,False
86,0.062043873777595335,0.020804499097639133,0.25597446722431955,0.008360775967884374,0.0373871252459453,0.022578983765257448,0.07386873947726612,0.07723415957222397,0.10937321793589544,0.13377121688053345,8,False
87,0.07146639113186622,0.04231187176960709,0.27570412838525554,0.006647293559350817,0.02263823893611319,0.04623418688559304,0.038700275779926824,0.1005395144868033,0.06559402244575156,0.1324865111724889,10,False
88,0.026992006048069894,0.0022510483967036446,0.2248337674712462,0.02582554004417324,0.06681334622251602,0.03425455920635818,0.09738222929401169,0.06584068232558118,0.09500373050297302,0.16143944117139533,9,False
89,0.05078763147251428,0.001925506539880107,0.2333320498387332,0.0130122655115273,0.07834131418737024,0.05039552656290616,0.08589047609411161,0.09281235558308949,0.06163550890776013,0.1305745801201331,7,False
90,0.06539400661660252,0.038754468463991915,0.248941239817118,0.00457768276315966,0.012558785550320061,0.03955991962651419,0.057558654051873735,0.10951476893039222,0.07967478527492072,0.14568005537449286,10,False
91,0.028633750912044138,0.0,0.2604976345402239,0.017297755503344017,0.06901508542202484,0.04429224233029437,0.06216158389022805,0.10918270124592871,0.06322681466973105,0.15142357003854104,13,False
92,0.06444650399530626,0.017285633555456127,0.27674488904467376,0.01583928520555029,0.026369158986297877,0.03625537548521377,0.05602460171686897,0.11013787827905426,0.05543645133253,0.14518657065816204,11,False
93,0.05937571020348106,0.02168728428227143,0.2717997815246948,0.002812575012747089,0.00757244376597651,0.0563437687585074,0.06449270570191129,0.12321619515331607,0.07402597284047426,0.1255616947001597,10,False
94,0.07430990657347612,0.03085511738021809,0.25304156983159937,0.005116067920588612,0.01041264144761848,0.04328837690960352,0.0936304920168459,0.10303405128427834,0.06931919287034997,0.11857596954909254,10,False
95,0.0064484520469310766,0.005407804758317159,0.2342008205653618,0.020276424615646126,0.07169944313903254,0.024473745263937835,0.059257373396924454,0.100541902841549,0.10288273024159658,0.18257740311492895,34,False
96,0.06530000412679898,0.049950525808493164,0.24535695165095708,0.0,0.01318034109107026,0.06176191757286341,0.04548468135236562,0.10325618022947529,0.07683534981332546,0.14115446331611287,10,False
97,0.06248701622414485,0.027716683316784587,0.280760237434303,0.00987023475525781,0.020668024958856585,0.045733010028438645,0.040867653290275516,0.11641715835949906,0.05861670170456819,0.14166750549488827,11,False
98,0.02569210712537261,0.026285460665190136,0.2265726316632073,0.025185985940603013,0.049008455402309595,0.04701472238482985,0.1002313737094234,0.08771619053200938,0.07027275798874916,0.13608411869641399,19,True
99,0.055170805411755695,0.05076091109258016,0.28189630766903206,0.00023335092414775234,0.030587526629162542,0.02913347300472659,0.06016838058179648,0.11062272704003326,0.06059644628434957,0.1258233733477259,11,False
100,0.06726095956303572,0.04898011752360126,0.26637680207798076,0.0,0.011223431518902934,0.05326392051152536,0.06119871560342958,0.09306248061496254,0.07713858924095629,0.12512496460149175,10,False
101,0.03312015999131477,0.021614222314879295,0.23145551522758342,0.02566543943457124,0.05702858310113052,0.008684330812633895,0.0926038189518311,0.0954303516659509,0.0775893657823594,0.15659510123899215,3,False
102,0.05664525205314709,0.044448543167918936,0.2529266327293973,0.0,0.034767596528416024,0.03264085885366806,0.05447248939403169,0.09913595004175821,0.06592256596466935,0.16235124658854297,11,False
103,0.05310085018201416,0.04059180987959118,0.23995902782229614,0.01715051192295812,0.0,0.06600817030867477,0.05900244541168664,0.11533282958571733,0.0710195739786349,0.13938454579040802,10,False
104,0.06984012107482171,0.03688341836746605,0.23161001867717085,0.018149744869507097,0.0142151708269543,0.04827725337088762,0.05807185822998049,0.10736186079658994,0.07987047812554365,0.13144540953411157,10,False
105,0.07640175496687564,0.03788386055389507,0.25956315998467056,0.0,0.018050917982893582,0.04960060503203387,0.048698784089911955,0.1155106294342341,0.06311194396645274,0.13527519112304462,10,False
106,0.0686902235230288,0.01863694601724474,0.27968609339832506,0.003724060100731368,0.018749873646034153,0.029489776065899847,0.07429168764346335,0.10556845995192461,0.07346624262430149,0.13459347089247123,11,False
107,0.07656576296090753,0.032950805392678584,0.2433255359059314,0.0,0.014465738464765083,0.046789411735119316,0.06442653970484166,0.11563796923950405,0.07112041904485157,0.13766896368501372,10,False
108,0.06250432592663727,0.0359573398333562,0.2501896174021479,0.0,0.029073597085910566,0.0604465218142946,0.06560399133211468,0.0972243799458086,0.08630345832042523,0.11200817162842032,10,False
109,0.04662680917614778,0.023681938635478284,0.24090211273184328,0.007163624787920324,0.03561894246682638,0.03667275898166082,0.07249677593333734,0.12041086719718727,0.060895703652297635,0.15646450932722142,11,False
110,0.023369914583616484,0.003361881548367438,0.24055423401051235,0.019552780798336375,0.0777613290919533,0.04034256247592004,0.05113553379987197,0.11023172045663081,0.0890360557158137,0.14692979515002907,13,False
111,0.03847523041380509,0.026954015918752385,0.2856884882659625,0.0022117748152524486,0.03920947861397578,0.06967655973337067,0.05595819227494518,0.10018245108724387,0.04859830544538915,0.13821094741795098,39,False
112,0.053942031564407,0.018125117475732918,0.23331023220557037,0.021240987557962242,0.0463161434133929,0.04609697967995021,0.07940326961933052,0.08646301711876478,0.08716599960287645,0.12144091388261917,3,False
113,0.05577860639719192,0.026578201567286564,0.25805472823822706,0.005333429297092897,0.0323745437159363,0.0522426038048058,0.07495475854720679,0.10374434026245768,0.049737973399691875,0.1420544542355226,11,False
114,0.04088865721183438,0.049309063195919746,0.2781120019744295,0.025573501419114263,0.008550725783682586,0.036191893343120354,0.07755857416395595,0.09638982975638809,0.05387014748976388,0.13579792006017155,11,False
115,0.07014999251996337,0.03598626871311015,0.26059638137067426,0.008111076451010205,0.022972623437797057,0.032810250988434146,0.0589483321046313,0.10456158814192372,0.07212030640006993,0.1344346949139666,10,False
116,0.06449383229101674,0.03284188579752246,0.24097895722114068,0.01669732446892581,0.01780695749599465,0.038760349255314484,0.08065167683901206,0.07673485038831035,0.09439074051285992,0.13345984748459264,8,False
117,0.060839186381227865,0.028808774831468216,0.2790367270729344,0.0,0.007912284355069904,0.05426514943719334,0.062425843827275056,0.10982267123746069,0.05638019781043743,0.15008763967255026,11,False
118,0.05923220917204723,0.04597637491782439,0.2632021394755176,0.0,0.020370785108966012,0.04208818616376292,0.05377665029385967,0.10850743175182138,0.07051670058445776,0.14032662602970375,10,False
119,0.01970808764123464,0.0006763773961686143,0.22107749998864382,0.03459459690450857,0.028698358452348156,0.03212344859997915,0.10293775828634674,0.10129759414071439,0.09928768519825848,0.16352632118511745,19,False
120,0.05613026037404037,0.04447891189912428,0.2573399583424445,0.0076644969072241775,0.022937516964403434,0.03887939933945212,0.07357914489640775,0.10042678400320483,0.05716944619742405,0.14138164603398723,11,False
121,0.07392577752409576,0.034048667580663515,0.25122762356529904,0.0,0.01883725991403602,0.04469449063528665,0.05624515757556083,0.10657256792180868,0.0882343414858865,0.12879111615014197,10,False
122,0.05059710586367992,0.03398796261254623,0.2701731962419889,0.0,0.03974794447784654,0.01874318299007731,0.07235405945538172,0.10809609134678101,0.06760717372731391,0.14492242770910607,11,False
123,0.0846343669288939,0.01670472215469282,0.2789705304934552,0.0,0.003905420286077611,0.06206234445448572,0.07293182709513608,0.09788829509926782,0.06988021171216882,0.12271507218623372,10,False
124,0.03174208272097746,0.009067852452837548,0.22079661002414946,0.026684691068837314,0.04772547284310473,0.03760074346290324,0.11616442925532551,0.09176518764430058,0.07977900976301483,0.13534773222453506,19,False
125,0.03830108941973006,0.030867578533539487,0.26002114997903897,0.016810180500082796,0.009732837930544276,0.04090734916101026,0.07183257027504143,0.10241217955169393,0.07554113586075074,0.15680797840048952,11,False
126,0.05812497418521151,0.0342154443544936,0.272763892295458,0.0,0.029931943967360805,0.06241629419993883,0.059261275444753576,0.10674713129907834,0.052739937048841626,0.12726337288323292,11,False
127,0.06990648721170835,0.03270586069909714,0.25337121113412203,0.02083697965268668,0.018005506208557308,0.0383068305627217,0.07894581718080469,0.08547869468535226,0.06677649768613476,0.13306426412700964,10,False
128,0.06771295563416532,0.041500354298080085,0.26090519939650586,0.0,0.018795041341432724,0.07463700708833985,0.04186989534196781,0.0998110480756042,0.07100994379650492,0.12643268160597645,10,False
129,0.05771137095570298,0.04146047879957512,0.2626313226182864,0.0210772475393565,0.007127571923479286,0.046034171624238,0.05273085106968526,0.11249900002039767,0.06723751423041965,0.1322512997838163,10,False
130,0.02850521642884755,0.008600231091366754,0.23042503186020413,0.026634623276908197,0.04107946652014185,0.01664772249062355,0.12232731068219845,0.09112658882582832,0.08468687163164956,0.1521052614667392,19,False
131,0.03436432518242301,0.00809892462886576,0.218516589061797,0.01860582913622424,0.028666475035790073,0.05091178079579968,0.12363335152784433,0.08874901729142785,0.08677817441768496,0.1404490431000767,19,False
132,0.018005082003848295,0.0,0.24204869898867,0.05469360561111093,0.06971873351741165,0.0016940328799793457,0.09134884218906507,0.08487214815674231,0.1019812074144934,0.14328920468495607,65,False
133,0.031240881517868004,0.06371218303426571,0.2574214019563581,0.001270010360556748,0.0,0.018603825661304405,0.08252649048926762,0.12089576601744892,0.07918942280870708,0.1576110951717642,60,False
134,0.06840062153638053,0.04537740563017258,0.26670981364354573,0.0,0.0176734329386736,0.053880745618269096,0.04420653348309918,0.10192358919791576,0.06957512897618442,0.13637154912312094,10,False
135,0.038294814738913635,0.021594432934444376,0.2310007417389688,0.04028507482982242,0.02747901526762206,0.044076327950904395,0.09301199828304094,0.08934409682755978,0.07209672253564253,0.13704142503552585,19,False
136,0.07039026155813594,0.016484582940876204,0.26629269207509676,0.0075688996264137364,0.0,0.061727573861875225,0.060356629194068125,0.11009525438281889,0.07659579176189799,0.13896646672569912,10,False
137,0.05597711695807164,0.014908672633073848,0.293978564966509,0.015296102687240359,0.030549317962682166,0.02192936953583618,0.046799108011510125,0.11333111322068085,0.059502017102308874,0.15643238748584584,11,False
138,0.06121447385879539,0.0005874350663130599,0.255969634409364,0.028994441874098293,0.05591532398646492,0.010399197341286182,0.0907776246174128,0.07722135566759057,0.08552483426224923,0.13745406025300413,65,False
139,0.04966754539907827,0.016974621168170743,0.22815861223913925,0.021514852352400235,0.04573516101552668,0.03698865810217649,0.09284429405982135,0.09355849564039714,0.07116593899348429,0.13837053719432682,5,False
140,0.059162000828309885,0.010294686755705032,0.20397218248984378,0.019382349715335985,0.059066519661752186,0.025586695983822683,0.08423374953619496,0.09295973581128367,0.09337863313576904,0.14688194626198972,27,False
141,0.04366140610902397,0.02539973906684835,0.21260710817100326,0.035973879472708845,0.048722753812138225,0.024432491516431933,0.11032864783303589,0.102539793403258,0.05666424666531788,0.13243167185306973,19,False
142,0.029291955739296896,0.017338756850619277,0.23806499067130876,0.06262192315698445,0.05528944715891609,0.0,0.10483699579567367,0.07347588591524068,0.08102381624484424,0.13970506730316676,65,False
143,0.0330463413042759,0.0,0.2508234276610474,0.02898948026260944,0.04619414164146186,0.019274277062989727,0.10983549189737413,0.0863295985557361,0.08647467408779604,0.14421406856105679,65,False
144,0.044954587248778335,0.00443410411599464,0.2545644373923371,0.041459806291430784,0.03414402906200084,0.018432617619413567,0.08848504165288884,0.07590048807462359,0.08212676125284904,0.15835704317166,65,False
145,0.03479719559887874,0.010250124034529443,0.22224448823073198,0.03263792850730997,0.024223615363509306,0.04880880435863539,0.11060509302720005,0.08303520651550045,0.07847481106294103,0.1525625321533469,19,False
146,0.04482679995421771,0.01585767918373889,0.2471683581503257,0.06348993517445647,0.039033351348618725,0.0,0.0836719720089161,0.08427036243045594,0.07362055683868098,0.15084736467326607,65,False
147,0.028758569723618083,0.004888443577261549,0.24998011002060025,0.051202461349812614,0.04881850576408979,0.02646750008475434,0.09358492634425082,0.10051298147224781,0.06803409890301089,0.1272813745466582,65,False
148,0.0434894223150803,0.009543404660185393,0.23748207592527892,0.04520607114879353,0.05539251064916151,0.015608616226689824,0.06360932735230926,0.0892610864469625,0.08629322364689448,0.1525932951170685,65,False
149,0.03845171621623138,0.021907649080530132,0.22377863849404916,0.042090772507169874,0.065284655889382,0.0,0.07931027886014425,0.09704114801200402,0.09139714701846935,0.13993324164713142,65,False
150,0.06248725857828335,0.04017790722254436,0.272465475189565,0.015377692527551194,0.030553287843675232,0.009624667170777283,0.05549443517828889,0.11980284360552215,0.0431443815967696,0.15666439943306942,71,False
151,0.03867928363882898,0.010673534446210452,0.229107660160528,0.048118975322389686,0.05255775824591024,0.030417262818739438,0.07226714482756669,0.08560975390095707,0.08748446375243406,0.13982725988341577,65,False
152,0.04618715230128455,0.0,0.2532101249398935,0.051737510528309855,0.02535043627606166,0.008400729137126686,0.1046176918837378,0.0926856105970752,0.08456269792855567,0.1396372437500206,65,False
153,0.043480312747629736,0.005100121020848626,0.24310526429229593,0.046498355467819566,0.05937840268951483,0.0,0.08216458514886402,0.10494020450776083,0.07337784778916238,0.14659484132804274,65,False
154,0.038298738593907054,0.004800020784929961,0.21803573184486613,0.05052422637494354,0.04210455082237448,0.018310085037476168,0.09914158683446808,0.08544435737123025,0.08698479103788158,0.15464695131163989,65,False
155,0.025139668576380798,0.009196096589408998,0.2515615048473882,0.0435479779078479,0.03668371826709176,0.020013184242379797,0.10066583918327145,0.08158693412228622,0.08001446209681011,0.15381744000695294,65,False
156,0.0468785078020287,0.03309960925894974,0.23136540940517267,0.032497391368513526,0.03596771081972687,0.025783635517584128,0.08206526857070677,0.08161833632857113,0.08981909693856743,0.13444764807547713,65,False
157,0.048921343289136734,0.012930390931543792,0.2310186929222381,0.03745268889348549,0.03621379236519381,0.03039335406033742,0.09428370195182711,0.08839080987886029,0.07442831037262043,0.14167553256551596,65,False
158,0.054406557699621994,0.03878744370165434,0.2549828207702067,0.016900845658651156,0.0,0.05635955618639926,0.08253245747791814,0.06966432908905672,0.042993040168432764,0.19055041251984628,72,False
159,0.028448463313951993,0.014693574615765348,0.20302127804983403,0.018905010476033594,0.04126136371112388,0.05163776238848839,0.12610876617684832,0.0451998731909078,0.11329867661173018,0.15517467457406983,33,False
160,0.03851096364345662,0.047425505317599356,0.26183889991775877,0.00025859784550373555,0.01978292317250603,0.0686406704730292,0.0708608303118356,0.0919301616015635,0.05476271004914379,0.14976299509886645,39,False
161,0.025413104887822634,0.0,0.2447626042197141,0.044610062959565676,0.06652298754172366,0.013150953944620904,0.08930380476258651,0.08104492592013612,0.09664903654588163,0.14251435101689294,65,False
162,0.03715828990792154,0.006266443487322393,0.21797177963046105,0.023644097840878793,0.054274037192005034,0.043282905502813405,0.1050897356721462,0.09717112682401279,0.06921581269697902,0.14245804644005927,19,False
163,0.023828739345643116,0.0031285838456131284,0.24330399362215585,0.056135852097164256,0.04235190528561247,0.01547673239208986,0.09058617401387456,0.09953922657721245,0.09024255264521769,0.13759745853951397,65,False
164,0.032239676330529814,0.0031657798624163884,0.24291680428382278,0.043221907234117674,0.04163177957851208,0.02747481828697622,0.09550792706482827,0.07529952033832348,0.0970400586469389,0.14188711503388318,65,False
165,0.0406666820434382,0.03113568149489252,0.223570667388845,0.05687378104230238,0.02543955075918518,0.007393776224701027,0.09655687666372514,0.08206188028547107,0.08855478282605082,0.14461986175982947,65,False
166,0.06289600963653708,0.040874767868896766,0.2811869354150147,0.01151995655659711,0.024156728790857177,0.04604681220057665,0.026240947774285435,0.08856127220921202,0.0751787927092418,0.1468098838365593,87,False
167,0.05222546086274841,0.0,0.22586735987291676,0.05132886006268036,0.045316043659737966,0.01940169239172237,0.08210939529608564,0.08321623681574042,0.08818427504488702,0.1520659460914336,65,False
168,0.03510529933899774,0.04152452822985249,0.27022809330946357,0.03273940805064145,0.0073179414959064285,0.048551849044115004,0.06815818418142572,0.08068994934783175,0.04491119309141635,0.1746001214259331,72,False
169,0.07262252594023103,0.011065086919653423,0.24551719533861824,0.0365087971327269,0.038273679869387754,0.01690967444905993,0.09458599893587907,0.07315931540317482,0.08298397277949836,0.12617703778618375,65,False
170,0.050136876050552635,0.0,0.2299303000307689,0.031711374811065556,0.05629137853323721,0.01747933501140107,0.0787639315261116,0.08401452176049515,0.09243902209516831,0.16124008554301608,65,False
171,0.0329830856634814,0.002349816391512936,0.25006474298713816,0.03794980776150056,0.04237856072744113,0.025161119967729607,0.08933034262828099,0.08646348489380788,0.08594296019867072,0.14959708773708433,65,False
172,0.03031381642469301,0.025379172804782413,0.25769678367670484,0.049048129047897494,0.03806384013276308,0.016649745679516423,0.08074592590332937,0.0715892650337482,0.0766816429154597,0.15327775899579468,65,False
173,0.030413462697898037,0.05057290713583603,0.26644724161229866,0.02360964394330116,0.02798863985352959,0.04885646930845137,0.040142234409687644,0.10284897519144033,0.052622380499734285,0.15709235595411924,39,True
174,0.04185210960028316,0.016543540744417735,0.23561205398080634,0.04361063873538694,0.03016797547058,0.009647196515849749,0.09089024533448613,0.0931353430897896,0.0970717857166859,0.14083796673914564,65,False
175,0.040645240924960094,0.023325398111255904,0.2152319502919274,0.04769681162171123,0.04527597988140957,0.032447185486079166,0.06964473804600514,0.08072040196981074,0.0761909229912518,0.1614170229401265,65,True
176,0.03799782278120068,0.0143743913793993,0.23403450576678647,0.05293374520175826,0.035406408477554205,0.028033905998399142,0.08619702402304162,0.07505213522359169,0.07528073715767426,0.15733284646633797,65,False
177,0.029238953259030386,0.0,0.23226949729553895,0.04381131116260818,0.037351454878241826,0.02533606899575909,0.1059384179787286,0.09436707451798947,0.09312518172115779,0.14057514282437175,65,False
178,0.06513621579712613,0.04953196951357788,0.2654600248371379,0.02009882131314092,0.0,0.04781381126977479,0.0708964844579288,0.07683540765861466,0.04355163166692628,0.16597011455136593,72,False
179,0.028368989664098638,0.028379420595533087,0.22496718665580448,0.03976131271208046,0.023474323591646636,0.030622891609147995,0.09475669767335833,0.08855678886975271,0.08405782075630955,0.15327623142827707,65,False
180,0.05947719832885816,0.041363270577288495,0.295437396851126,0.0,0.03781315064901198,0.000796417137018605,0.06122687700816714,0.11504556373449544,0.044536179521032504,0.15969034985437758,71,False
181,0.031023180648705604,0.021317978083278614,0.23933600921322368,0.035154257619301806,0.022802228989264012,0.040561376951154235,0.09695356514107481,0.09423578402450224,0.07433399288596962,0.1416000833586671,19,False
182,0.02822150546327868,0.011437471664950957,0.24346605468459867,0.013021741461311218,0.04818915578755563,0.023627988358645508,0.10413616130335096,0.09460864241061764,0.07859713439619997,0.15795107066352032,19,False
183,0.05843803820519861,0.03952174568368656,0.2549870089301573,0.023640107949068085,0.0021824813658028346,0.07328163688985298,0.05849662153867806,0.08890650217063531,0.04484549391724565,0.15775778967305115,72,False
184,0.046359858205196856,0.019080919627904463,0.2505555893296403,0.03463415572745798,0.03694101038202575,0.016216323631396336,0.08275696126810313,0.09059452189559641,0.07988306971659755,0.1417384708490037,65,False
185,0.03159183782871592,0.012004407756086778,0.2466126421030437,0.03747229412027004,0.04443439003015768,0.01675052270735276,0.08757262726447126,0.09629094097258191,0.0789425113029587,0.14871537097276757,65,False
186,0.034045854258011106,0.053081526368009446,0.2850136847396538,0.010676667507395342,0.0,0.05943402947204435,0.078617038244864,0.08003134254004736,0.03271939469163181,0.17828737926121882,72,False
187,0.0475338121632283,0.047976897285616035,0.27582923965235234,0.010720528003694007,0.02324727832728094,0.0,0.05591306696003626,0.12558345410705313,0.05237315872375688,0.1733675517276814,71,False
188,0.032311398948602126,0.011015731995514904,0.24628486586465054,0.04476513906204392,0.03996279636976186,0.009780166931741106,0.09935860291878643,0.0861450479547301,0.08789588094288389,0.1439584507211609,65,False
189,0.05366562465858155,0.032440740352661,0.26261865902225673,0.01183349208255126,0.028304906598745707,0.032333237718764604,0.061079132013605986,0.10948415062119839,0.05766437135549412,0.1521687983147734,11,False
190,0.061408936921070245,0.04419089783756121,0.2894840610300362,0.005827906877604789,0.0212332440414627,0.0,0.07603870682512535,0.12591472632693612,0.041580915347302634,0.14819538933958268,71,False
191,0.03506499138705293,0.04608966288828314,0.2805809047764399,0.01871761947303172,0.01818774871445769,0.025687511260858012,0.07879250961984635,0.09512987049828192,0.06717516812707132,0.1374914684969237,114,False
192,0.06833144176132033,0.050645382718683234,0.27441844410218913,0.01795456030335393,0.007865439226806412,0.008740404492391102,0.04773448724764542,0.11626711148653142,0.05115244094606874,0.16603449088600358,71,False
193,0.05594505828540199,0.05109750325691993,0.263811435961592,0.02860693886565856,0.005829957432363149,0.04905165522536601,0.0779711620167746,0.0785251547801278,0.03528467055694251,0.15527220400007385,72,True
194,0.0416192797181301,0.052289190874125646,0.25759829911072896,0.0,0.011132354950671369,0.0373836240690571,0.06649259966735971,0.1154063150726183,0.06685071457862463,0.15810314207705947,10,False
195,0.0492657903269712,0.04365517427751924,0.26911592712069227,0.03812945356391886,0.016104362139901796,0.049403029353144695,0.05696227005294779,0.06087959385900579,0.051802746776269844,0.1643409826319817,72,True
196,0.04357504445350065,0.05126394091318184,0.2990944687594706,0.00983140214417123,0.007531850242958766,0.036517124256266874,0.07904106630533321,0.1058493309872744,0.05523205824448913,0.11882555716696136,114,False
197,0.058406524541989635,0.04578068535960607,0.2678069582559272,0.03922638819596743,0.01030258214899095,0.026045593930751208,0.06969024073684864,0.09551162331587235,0.05922235610998791,0.12710970478317743,114,False
198,0.051863885705210666,0.061471758144021886,0.25020471919326065,0.025231603452833987,0.0,0.05902640872665169,0.05249883909107716,0.07875437832141798,0.04612072583395343,0.1785193361161389,72,True
199,0.03585422659669141,0.05172215612504541,0.2778962310958036,0.02315022296099781,0.01137504351817326,0.03498730251092628,0.07221915574311569,0.09935950255427134,0.0555038595005511,0.14045103873748943,114,False
200,0.039592615168489706,0.05391311537481249,0.26919353794823936,0.03458806933604578,0.017784703810642254,0.04169214850524135,0.06662128743532297,0.08834427702903255,0.04742441958624354,0.1392326773955536,114,True
201,0.057777161045917,0.04065429105558778,0.2680242882403722,0.014870323422088334,0.004288836070020083,0.05074812280450421,0.07411359271526478,0.07536792999960909,0.04328555133677544,0.17656590183856685,72,False
202,0.06259998550869268,0.04573605794608716,0.22733298472737218,0.009914798560530284,0.023120914041372485,0.04078431909295399,0.07131767911924548,0.0863293752946721,0.08423957724025422,0.14408089179854472,84,False
203,0.04684327576845601,0.05848562218198564,0.25286468493166825,0.017513621996766197,0.0,0.07237872697244624,0.08364267994678722,0.058764611602037185,0.0529662178235667,0.15976909612193954,72,True
204,0.04512439730301502,0.05854741591531227,0.28260378566421496,0.02770151884844393,0.005107308520372138,0.02588351570442119,0.0774741377231671,0.09016553374396052,0.055911131718485545,0.13515063610792244,114,False
205,0.03820722265538661,0.013698122399915474,0.2371590161383641,0.036087568514168604,0.03254311047836314,0.008425530570382016,0.11619648233011252,0.07783872173641909,0.10285117337441815,0.13844372170161787,65,False
206,0.061729457182149255,0.050617663496935986,0.2621997538122801,0.01867736437830602,0.0,0.05811653524870213,0.0705958224477336,0.05650076152974438,0.03517945162989844,0.19433198403057117,72,False
207,0.06341123857058556,0.04359710491710668,0.2892992358267298,0.00939679597156295,0.0030226058245036162,0.0477350417811703,0.05697852481152846,0.06722245918520717,0.04071386418689644,0.18988728066033275,72,False
208,0.07993514019268526,0.06922946951176033,0.2709095918447604,0.0,0.022311497818724827,0.01968535411083243,0.05088754488210754,0.10609002255136717,0.04721282575279638,0.14034124230458,71,False
209,0.04736071745175999,0.0652011860588658,0.286756191550026,0.018185123664788225,0.015072506048689035,0.0031844270728389012,0.05038813359225003,0.12394943924508588,0.05071239121355877,0.14917991530185162,71,False
210,0.02844111610614309,0.03925074172639641,0.29033868233117305,0.009422886559026528,0.025535743387299713,0.027849562598506062,0.08485992966496164,0.12247008852894926,0.05042992645582925,0.12798055303774505,114,False
211,0.06066068431015316,0.02587725992901062,0.27579594924024475,0.025754379330486826,0.0075339453801811255,0.054207840994176,0.046135542850243405,0.08484162921212887,0.03618530826496032,0.19061975971138412,72,False
212,0.03698883645457078,0.07092615221535649,0.2843060854171303,0.02370804152077326,0.009583789133476206,0.03881883123369324,0.07579785665445533,0.09448622521216038,0.032693780087887835,0.1364665220788319,114,True
213,0.037291513440601734,0.05201666389271619,0.27236443928575754,0.01584957936484542,0.0047756406081948125,0.05361404883662045,0.08635452163009648,0.07675870314402909,0.05142024587307926,0.15371802878416674,114,False
214,0.031514002062990314,0.05893987973065391,0.2576547571333465,0.02569858282495823,0.0,0.05958081311390692,0.07039220036017663,0.0741620747917988,0.04925123143488307,0.1780368884908613,72,True
215,0.04249722780277838,0.018107778721211266,0.2349898576004682,0.04904463269029786,0.04216826229626524,0.026418803241109675,0.07508183608208858,0.06298894364753498,0.0956947621036531,0.14837823235598024,65,False
216,0.046125524389940636,0.06715746515218221,0.28687736971648503,0.01102184874485401,0.016876714075607945,0.0,0.05741288526673831,0.11304912029610631,0.061012459162009994,0.15233619532165676,71,False
217,0.03226056473059232,0.05401306765986282,0.26283071198132674,0.03172603277011383,0.014450537435813465,0.040538155998551144,0.08559811683378202,0.0901865122681581,0.0626396050266312,0.1235302038642599,114,False
218,0.04858038060461031,0.05883777621126459,0.2631700155674949,0.035770802560184826,0.003821608635722528,0.042843275415448766,0.06525858452440828,0.0917097110382118,0.049415309611466264,0.14068167240788895,114,True
219,0.05629551888351041,0.05814155407892597,0.2629144053371912,0.010232116496420833,0.01276197983251646,0.023632845474108172,0.05909214088444111,0.10122554863686549,0.06692034209321178,0.15198251355433234,71,False
220,0.060314949219248785,0.06436587304654325,0.25232496613499383,0.015690578171663402,0.02006043566153711,0.011848612091438174,0.0629042676526007,0.10808479240973184,0.053368611278748354,0.15288659060498155,71,False
221,0.03587360955148849,0.02566897467996882,0.27350519769072074,0.020667295190562093,0.04892757705233248,0.07310678248527618,0.050404438576596565,0.08108448428922896,0.052185621787420464,0.13750163555252343,39,True
222,0.041765151876649385,0.04377380897612638,0.2598083437125023,0.014560837056046856,0.0067477273868627044,0.04707188688039578,0.08650693677606944,0.07902411175319357,0.04113298080206638,0.18525957583554825,72,False
223,0.041768236879990504,0.04961850850768687,0.2924798553580696,0.018151344144073933,0.004338527152515358,0.039825444017482045,0.07689062342566462,0.10229932932997503,0.05599582289684718,0.12397234359506701,114,False
224,0.03136922174659685,0.0025778941522094645,0.24530937828364152,0.038150935363356585,0.046278985564209556,0.009335145548899484,0.1035944836503668,0.09834476011837803,0.08945709563560256,0.13969728098046003,65,False
225,0.05962579732981375,0.037583815029812444,0.2654530594245014,0.03169101102746779,0.009216491974507602,0.04702872427792462,0.076274479490645,0.0663820020809184,0.04079286849958138,0.16766394947055316,72,False
226,0.04446461535368351,0.049694211072719825,0.26543843292697367,0.01990353556450975,0.012254303678060572,0.05690041157475677,0.08554692452707398,0.053464167446036555,0.04436776273184168,0.17024285003261458,72,False
227,0.04564295709857383,0.04327061315505802,0.26217267866126903,0.03686388970933362,0.0,0.059602100666458845,0.06816070698300213,0.0680440041878487,0.050881042743313315,0.1689871849724303,72,True
228,0.04385205831267084,0.041101595725515146,0.28776726390752067,0.027679363817860164,0.017452970333257593,0.027908501582326644,0.06867339078513629,0.09115624129729291,0.05287036302999499,0.14448196495258042,114,False
229,0.04571751397776332,0.046590038343827404,0.2650512840004936,0.03719159544631167,0.011548188292658594,0.03917685324828439,0.07338162378801111,0.08650611905607301,0.061182067805861724,0.1315952059353868,114,False
230,0.04292364072599124,0.05101275426392232,0.27929653201342197,0.036537854669371,0.011274525051179358,0.022217661085093567,0.08608641028539649,0.08095421630695677,0.05684454986317984,0.13446839737521948,114,False
231,0.05802896627339184,0.008419330014816987,0.24660672125695265,0.04815361185417728,0.0418468543760077,0.006804397599919474,0.09195808766635803,0.09281271580916003,0.051948973925207746,0.15561155497539716,65,False
232,0.046062611752270055,0.07229376241290042,0.2630906448669229,0.018126572925715706,0.03429089650357943,0.00503620478144252,0.06550702385085863,0.11454579875313875,0.037538647582856056,0.147461133078314,71,False
233,0.05035089467578116,0.05698880542482232,0.25432283565977576,0.019125517292108117,0.0013942240153315831,0.05365360696180682,0.06322849061569298,0.07361793740599129,0.043953435560330725,0.1883957561928588,72,False
234,0.041827263581036785,0.058112383999713725,0.2799519815825591,0.03587057003075775,0.018142175433780702,0.019711846828195344,0.09054815304268109,0.07882604415465809,0.05440162953158788,0.1228296777955022,114,False
235,0.048827859189503976,0.04454781026046323,0.2616157474828303,0.01503415366693543,0.012631431324879304,0.04657192256090097,0.073984158170269,0.07495030491058627,0.036438517104065024,0.19009558556004952,72,False
236,0.050883296376630846,0.04719626385223089,0.301997253942971,0.015931929816612983,0.0,0.05417880350216369,0.07159727593933231,0.059767487275811416,0.02340557318971002,0.1895983549214149,72,False
237,0.054167376548734825,0.05273259022898716,0.2629035464212781,0.016985722694968244,0.0,0.0549545496206681,0.07263459710894452,0.07981283950269598,0.025970875621091082,0.18843464548263908,72,False
238,0.03469249513103782,0.010482815048769698,0.24096820733844634,0.041900719990568644,0.04035326914235835,0.0,0.10254623959867669,0.09109271673504922,0.09108817588043021,0.15212299833566958,65,False
239,0.04198837343101681,0.05078475328216982,0.2770274428354552,0.03603605625539278,4.040464019500385e-05,0.04542809965691759,0.059495495749592224,0.10433686051670207,0.06492646576372145,0.12301162350675411,114,False
240,0.053835937763022895,0.039495998306490684,0.2782632392559581,0.016568187100796165,0.010337265457185243,0.03234628176741485,0.06984645794215853,0.11071052585357181,0.05071075775310336,0.14215616906775716,114,False
241,0.03320712443994558,0.059060393947150666,0.27573117665150315,0.024372318432570785,0.013711123798434689,0.0269927906469464,0.08363314816690356,0.12003627422214205,0.04096737076431116,0.1252952363634488,114,False
242,0.04438207095225463,0.005091244108643707,0.24093899264728955,0.040789186117240354,0.05934319025637938,0.01872756134653774,0.09167231300748382,0.07667092395486216,0.0751674680709832,0.14630700323726198,65,False
243,0.03592817653467889,0.045826343131914506,0.28996419595459566,0.04178189811188249,0.0,0.021551601214542318,0.06618770628410614,0.10877960581912391,0.05073574164397745,0.148150175067114,114,False
244,0.047091659996158865,0.04153336933723369,0.2579124053560824,0.03720264373875602,0.020956160308058157,0.04132550815150247,0.07507682634794169,0.09032985299950509,0.04243145211181666,0.14320137120080564,114,True
245,0.039012074447994455,0.05145700007468691,0.2729883962732435,0.01288621858630864,0.005071180403561588,0.054119675491443385,0.09319406879423824,0.09458384433309161,0.06284241194823215,0.11632225912776678,114,False
246,0.045925884348918485,0.048888490543996604,0.2795553794307518,0.0317372655502366,0.0,0.04570310621525835,0.053142018906122926,0.1180569314751785,0.04165785535154912,0.14154359263599176,114,False
247,0.028638359370202208,0.02029886588196422,0.22361831098600443,0.04935796645700727,0.043589301645305695,0.004215231402354567,0.1018150239685257,0.09273284823233466,0.0995403650563466,0.13495425411809694,65,False
248,0.043634724386133354,0.0,0.2403902024249942,0.05707249944150384,0.055706186402597675,0.0,0.09267785857817969,0.08885626465929827,0.0753619105465432,0.15281165264458046,65,False
249,0.055586826788391525,0.027718876559532087,0.29231269236776297,0.001205354078389786,0.026091989261202105,0.04909193806552623,0.05228331924201646,0.10221783444381048,0.05040834024232013,0.15121779963388798,39,False
250,0.04456282990626,0.0016474841478921786,0.25004940524914265,0.049006089567945985,0.03296605641864704,0.013588075401649795,0.09944540601695318,0.06154123081343658,0.09447006074749131,0.15715930841982953,65,False
251,0.046770563573057235,0.03633087509354272,0.2966403854423792,0.03265719151751118,0.015161243536670397,0.03176538726009296,0.09274873447854097,0.06965659081875154,0.06186117587410099,0.1185523856713752,114,False
252,0.04237976819306322,0.02343600240893934,0.20216869812448,0.019995906588012136,0.038008519368543464,0.05103621259619501,0.09969839348822411,0.09488577085604367,0.07841592943210744,0.14213403221218757,19,False
253,0.052299435505134634,0.03316195112698093,0.27520832173821497,0.022949613079208675,0.006578252380956001,0.06037892814552765,0.07715274313244515,0.06734822061241914,0.034678879569969664,0.1759201960103474,72,False
254,0.03460291695434232,0.009788153545950978,0.23327490878593454,0.045805461303381895,0.033579034148283844,0.035019767602381555,0.08749273090015236,0.09955135777671524,0.07419055974388189,0.14371766814778206,65,False
255,0.03399993205684295,0.043139775921492415,0.2703094279706246,0.029145604642535013,0.0,0.03304394301236736,0.09628238690168318,0.10991429810363755,0.05270016390186069,0.13752399461419637,114,False
256,0.03307748829681807,0.004563045424188382,0.2592742965709722,0.0461202402193327,0.041422707255798955,0.007252751345874568,0.10642863842807766,0.0728340288124278,0.10233212674654232,0.1314587556381349,65,False
257,0.05834531865712043,0.0152612582008203,0.18368114191418197,0.04072480018127363,0.06082244427140112,0.04216005213152944,0.08278561487351002,0.06555095290811182,0.10319586876894878,0.13548948006160158,27,True
258,0.018237446487155137,0.028571072628905052,0.2365259484453495,0.056073845528350354,0.06117283822790904,0.003307120465917629,0.10392194802568745,0.07001736564028402,0.07374276018408542,0.14866469735442048,142,False
259,0.019799071983282495,0.005671948960656104,0.2454996233822083,0.046058622084288396,0.04514289387395551,0.0072976932609877514,0.09508732263607518,0.0981212407195769,0.08966250536584162,0.15276313459405108,65,False
260,0.03330213431169385,0.020094710528545518,0.25200114460930795,0.037125501467083516,0.03351658332889846,0.019593449429933747,0.08435300645158986,0.08440053535996189,0.09831058214854715,0.1364145208675013,65,False
261,0.03412798345634432,0.008868569262782776,0.20790499914602603,0.021967399205119198,0.06874127499526766,0.04301499940383627,0.08803072051589406,0.06939504072108216,0.10551123073809288,0.147619618027242,27,False
262,0.03373504304399862,0.010427881052842949,0.20245973920309193,0.010964792273011299,0.07629559267595333,0.041674840814562145,0.08610938304881544,0.07624911111690778,0.10524353495888829,0.15338966367562448,27,False
263,0.037029634565987186,0.0,0.24008162857050921,0.04271979306176303,0.04542787638494144,0.018917247635232868,0.09758666803927879,0.06728440754600543,0.09860303452275619,0.15562955071386228,65,False
264,0.04169704814577141,0.003269415035527258,0.23217567420517163,0.041191300125647354,0.04207886687417408,0.03700328220735066,0.07972155237213936,0.09112529328560505,0.07666879434958677,0.1531652578128918,65,False
265,0.03616039965092117,0.002057361585191661,0.249125716748928,0.042170106941587654,0.05317588778512213,0.013795123245903918,0.08889175243330968,0.07371799388493269,0.10662761604761073,0.13676105133866304,65,False
266,0.03962171475617347,0.015748731353144002,0.22229462731258845,0.03684389454691223,0.043505510722314525,0.026114790699693254,0.09776875073204319,0.08749937570840384,0.08232740521560149,0.14327977839244202,65,False
267,0.04228182761806248,0.0,0.25107751452174343,0.012706667570781172,0.04576620295546207,0.014503849814101874,0.09181599890279371,0.10022860078893657,0.08472569319565697,0.16577194003394474,65,False
268,0.032365358589364804,0.008027348584667698,0.2503993043846915,0.046033606475126145,0.035871950837373524,0.012001366876582624,0.09350896165081825,0.10205680264537421,0.07013314506999219,0.15267269757287255,65,False
269,0.017060194161918892,0.012737427990560213,0.2290918284707073,0.07717281221841871,0.04937886736723525,0.0010537749778784574,0.1301165251477188,0.06299034753001566,0.08650506224723989,0.13742570429550055,142,False
270,0.032717336488960656,0.02643260079098116,0.24955120443622256,0.05679579162163953,0.0510533055812371,0.001395159694272719,0.11097708744632001,0.07026312456425161,0.06745478941034562,0.13405728041801354,142,False
271,0.040398802758976844,0.0061133032516218384,0.25076814342481335,0.04035940216659074,0.04866240365748257,0.01629581137771427,0.10529991414148382,0.07139771863212947,0.08561548347713754,0.13577649086943447,65,False
272,0.043082065287901476,0.0,0.2442669171129869,0.05748806471735805,0.03484639858508566,0.014560737417306163,0.09933613549943729,0.08105184746775916,0.09133244514427721,0.13681031703491672,65,False
273,0.06161853939665472,0.057584525903313435,0.25685135094865214,0.017620742293461507,0.0,0.017811989057287134,0.0674846188666477,0.11949373471158665,0.057105507197134184,0.15107829006982582,71,False
274,0.02924163801690021,0.024695693776750908,0.22160325762480754,0.06576447052251211,0.06886235328662105,0.0,0.11633484879021205,0.06788332851076927,0.06350640444301134,0.1413443597437021,142,True
275,0.03448613034118116,0.0,0.25306254378044063,0.04354304825881888,0.061190688522567954,0.020413816099381754,0.07620826000135929,0.0733277116940628,0.09154333543460336,0.1494032709591578,65,False
276,0.03262762785237562,0.017520064925308942,0.22398476391940797,0.07096109801205586,0.07788203998136427,0.011597720181281027,0.08116166295591135,0.0623320193517194,0.07529514631142474,0.1418616639196881,142,True
277,0.04558288366855383,0.0538154398548732,0.28898660013609273,0.029627199192233663,0.0026873123376356034,0.033367801212359854,0.08928203405397134,0.08293918397844945,0.04649468919547334,0.13192158131997211,114,False
278,0.0394027617435201,0.009645488611393428,0.22873737430102953,0.037332967454271115,0.05263797937242282,0.015651828502577892,0.10228498735747292,0.08771312563847108,0.08123457762437161,0.1433590304243653,65,False
279,0.039912071177113,0.0007363534454982402,0.24380688181315446,0.0578981528348711,0.03302639296311314,0.023578631018177244,0.09079904080370382,0.0622725364724293,0.09883772057519134,0.1512724309723972,65,False
280,0.0674917297634715,0.01483169630156311,0.240117289436063,0.04637576123517229,0.06181987339741856,0.005932980244897393,0.07512923648398201,0.06987853303418542,0.06904244330641489,0.1476426360971763,65,False
281,0.030787439278973813,0.05003621676273784,0.2559923047343333,0.03469677433246304,0.022019488807739674,0.02865579956000242,0.08102494088652934,0.08402536362026974,0.06907410761670443,0.14125266831880356,114,False
282,0.048624826985039095,0.005254849029490438,0.21789140834445073,0.04149166937854623,0.049440894369026225,0.01572041357400767,0.093533028640158,0.10167437252115404,0.08887236289985362,0.13451225902149352,65,False
283,0.0273917237590351,0.011562273956071475,0.24250564850819933,0.06930985123359275,0.055930914165204605,0.012600346761143418,0.1014691562018552,0.07701958648095293,0.059477317753253225,0.14205309563285423,142,False
284,0.03920874453784025,0.03620173541219854,0.27157218220589824,0.028372357167136982,0.020754990421849053,0.040769686574978134,0.06919939161675495,0.10408525464228874,0.06043935062696225,0.12854128431148115,114,False
285,0.031182554405723692,0.011498691049006823,0.2432608320362428,0.03674687882553997,0.04583838670365527,0.0,0.0841130100536422,0.08927977622818851,0.09766246542600572,0.16682431120575855,65,False
286,0.033247071884824494,0.010533808475802318,0.2339982959330004,0.07856439125671774,0.04401224133577158,0.004450770154082577,0.09403393845345649,0.08112914686237872,0.07142304043145556,0.14929520710712257,146,False
287,0.05664654219043241,0.0,0.2330834786936501,0.043817590546129694,0.04047932786846496,0.024838800277329792,0.08610738661496548,0.08316595769666096,0.08810478032150916,0.14349361069968045,65,False
288,0.030756941253922,0.0,0.2567825940892048,0.033308864948959606,0.056251749802803015,0.009979101072758713,0.09532769572957042,0.09535565553468288,0.08367373075496713,0.14527238875469642,65,False
289,0.04208407104732071,0.06292157800104224,0.2796986871451952,0.020201579125446047,0.00868148128872982,0.022765431902273932,0.09970685839850098,0.08230443915246899,0.05375392922414055,0.1317094094860894,114,False
290,0.04094306677691255,0.00278638946358885,0.2412997048514396,0.06687387154410121,0.06353708580559464,0.0048715858883442735,0.10703652293608615,0.07414275212894618,0.059859814776454905,0.14096689899247358,142,False
291,0.04411397850272453,0.02326629170169173,0.17611394338466085,0.02748196279702775,0.06246875673005045,0.03925479967078663,0.08368345265417716,0.06436314125363433,0.11075914082120343,0.15827867018990074,27,True
292,0.036119726532552396,0.01709951924416112,0.228948406376406,0.06757708860268498,0.0559643463767196,0.0,0.11910528888149291,0.06514509850703364,0.09318962494196248,0.1164736059326549,142,False
293,0.06528235016917458,0.033728238113612516,0.2309604204647477,0.036147269723061246,0.05274639855944961,0.020517425694834352,0.08500088661249121,0.0621796605557932,0.062321915916247465,0.14413371706397787,65,True
294,0.029653300747567245,0.05549038818321259,0.27655051388695795,0.022395991728269553,0.010067537244724813,0.005290774804888573,0.06951606205813896,0.11623992140026139,0.061616150145897365,0.16289819858978702,71,False
295,0.03612085040416197,0.0010075231774510744,0.23607245582156708,0.0528489680533209,0.04804069848445174,0.02303826025397202,0.07572949519802728,0.08467503880028235,0.08585068095631743,0.1572183384705338,65,False
296,0.033323318157035264,0.020749973018331695,0.22830555256358473,0.08209850767332641,0.05093314795795942,0.0,0.11587019614102277,0.08457516240143961,0.053874459714007894,0.13032803857263633,142,True
297,0.026685269618294743,0.04330377335025416,0.2807547633381291,0.031141226685033378,0.0032280419649560635,0.04028031106685358,0.09707882046055688,0.10514015522650326,0.04593292576097305,0.13188147753752394,114,False
298,0.03671108831874794,0.01213202431655007,0.21801698833677363,0.04995869159304957,0.03860666693899796,0.02320303642712606,0.0984673251306961,0.08427400090155572,0.0748860309455676,0.160172788051196,165,False
299,0.031785825069920955,0.011545231546273611,0.25125360901606736,0.06143165967402741,0.05741220114879447,0.005140254634789801,0.09573561146945393,0.0768817136157771,0.07520425934642841,0.13458895079095537,65,False
300,0.03453365554016567,0.058404361087576406,0.27799225606648187,0.01995665331564221,0.018980052252229263,0.03896103116780934,0.06465439713832181,0.10312001790536368,0.05983647780592589,0.12394769061655839,114,False
301,0.036600879929697114,0.019298826226505948,0.21305500048223605,0.05837427374715712,0.03697633575060258,0.016729362550153944,0.08385718492356294,0.08353553645839865,0.0939685728544752,0.1524648263230432,65,False
302,0.030708205116839426,0.0,0.25035224112103577,0.049178498851046554,0.047588409636399015,0.021950788466570843,0.08675097465700315,0.0909730030211429,0.08616000265258975,0.13899258298399125,65,False
303,0.01823718192643363,0.011224940082751437,0.23706127812872757,0.07074116146743827,0.04964975915645554,0.0,0.1041182832489623,0.07169572048539867,0.0919037265152784,0.15029499987229086,142,False
304,0.06783548222666148,0.047769738272048064,0.2584137404552044,0.004819624841004782,0.011480570706764177,0.021398035926222296,0.07139082539764213,0.11494813030010607,0.05053520735546934,0.15728388496685639,71,False
305,0.01639290928600699,0.0021786307067746583,0.244530912975299,0.06307172709469196,0.049558469135976495,0.019468179403686676,0.09915913675735509,0.08761604481986728,0.06788578197850033,0.153599156689116,65,False
306,0.04805751243984131,0.010158809913829692,0.22753084869427176,0.04214288964812641,0.06240741692803755,0.017027489380451646,0.08800494042379323,0.07981176248561955,0.08794065489413874,0.13240007233893436,65,False
307,0.04865743282666638,0.04829815560659721,0.27741512406047597,0.018672420450952774,0.004575336123102111,0.02835147425350713,0.09455550186620272,0.07720715162214671,0.054979722654903654,0.15276626807589141,114,False
308,0.02570645264192674,0.033270212842987965,0.2319320135798962,0.06630136882194482,0.04524465256727353,0.0,0.11432576752261991,0.07167437954792348,0.07273752580079393,0.13896117362917632,142,False
309,0.026077086403841595,0.02149223637308234,0.24404810840486912,0.06340528753484183,0.04239355040454482,0.0,0.09550893758675456,0.07080498361385403,0.09887049581522053,0.14008411815369778,142,False
310,0.038859700263985344,0.0580924713761858,0.26408242156991735,0.026937631969128503,0.026760597356666707,0.04264483928941663,0.06105155453136834,0.1007486167003159,0.044510402852107556,0.13370642621834722,114,True
311,0.033099549174828116,0.030434517672456123,0.277703727852014,0.04340671972398412,0.0018917812701465383,0.038145271944985015,0.08386156466650715,0.10872542429151291,0.05764688534476681,0.12956928115777155,114,False
312,0.014979133801741444,0.03875485258724426,0.23621213375644273,0.020036342785774153,0.048571053065617896,0.04504690463139653,0.11123148562807841,0.09687839831395306,0.06174422854167765,0.12278810355753877,98,False
313,0.03737994524085455,0.05482714801938034,0.28400909717355244,0.010747383766451438,0.014271729874625144,0.04659241938706122,0.02997608369604357,0.10916880146382474,0.052904628885768086,0.1680244665851654,173,False
314,0.030450045770735467,0.004684457011659377,0.23100558190975382,0.052762723784876106,0.0484348756703731,0.03103667320568655,0.08794447103210232,0.08302360368007987,0.08526424758285486,0.1426932077752567,65,False
315,0.04835970823582112,0.055279819544221925,0.26130606378460874,0.03745469674712873,0.007596170630805481,0.042744104757702336,0.06748745134681462,0.09149743287044486,0.060692645186063036,0.12506682826912185,114,True
316,0.05097587639017475,0.017030832677329216,0.21816282417843225,0.056993750072701424,0.0523449628990736,0.011000063478691683,0.09450428539491734,0.08614247232661154,0.0801011710542283,0.12637526506727076,65,False
317,0.046303338964237266,0.060437972358719165,0.26840315170469486,0.028300945408011608,0.012818421225874795,0.034182710052956734,0.07050722792397603,0.10164118473313657,0.04920783252575204,0.12741978049285452,114,False
318,0.030163752366174818,0.04695525256324648,0.29112488076974397,0.03383202040629984,0.01100395232588025,0.04474537391997263,0.06367714269937562,0.07883830455427893,0.06027725545365113,0.14231780449894718,114,False
319,0.04292469580615498,0.01648369683990505,0.23464687095960743,0.05943573365432499,0.03712095590339311,0.0,0.10969203125635671,0.07878395012077895,0.0835682280271922,0.13884814581372396,142,False
320,0.0279427243064004,0.01874864686044446,0.2620400147806025,0.031083185605789584,0.037576567381124734,0.06060063297591144,0.05165198143136531,0.11439451274795283,0.05434026364267696,0.1413618911479085,39,False
321,0.04593141680470578,0.058058775516520535,0.2649435350055003,0.024984410549885632,0.028190029398846687,0.033876056400349595,0.08201603006392223,0.09152022332029601,0.04361639818080964,0.12382022485109084,114,False
322,0.017342367661793267,0.026875140304243192,0.31671406722046197,0.0,0.03574980676053219,0.06810363735361935,0.055355475015940916,0.09096770329095441,0.055378117675684145,0.14658370750494923,39,False
323,0.040354949979114985,0.0,0.24012234044499248,0.05665054835625166,0.048955325588220716,0.02123748246834035,0.08721788605566486,0.07055039666786081,0.09493334827206093,0.14062922844427025,65,False
324,0.04115788533993256,0.0,0.2668841120065457,0.04152555130956089,0.037235106622274465,0.01967733913028244,0.08806337409033772,0.08791544657480622,0.09252380256930849,0.12966031755487478,65,False
325,0.02963472459661253,0.06063045180750499,0.2829424099242836,0.020082638668267858,0.010682709201984912,0.0401497483513442,0.07331793341671584,0.08329201433487089,0.05378858574023211,0.14939075368973678,114,False
326,0.06420465265465564,0.05993166387117458,0.2544285221088869,0.020605199115721062,0.03419401971718119,0.004958466552885485,0.05323214831185542,0.10736143609030348,0.04982504929271939,0.15317156961209705,71,False
327,0.040608564152838214,0.009002344267958517,0.2300952531957864,0.04764798182515487,0.04801664823268518,0.01816868861213449,0.0951103049988151,0.07924879668708038,0.09102637486361895,0.1379901581051374,142,False
328,0.03911333732688756,0.038137536903149735,0.2852654732279441,0.01797410787888584,0.02186845629046044,0.049642716136419865,0.05824172786921439,0.0934959674350003,0.07165948478726117,0.1255876767375704,39,False
329,0.02101218253182662,0.07326833548827882,0.28573208460026767,0.03512097486812812,0.0,0.03324760431556165,0.07997027483473332,0.10011159780226968,0.03393056575362261,0.14664391647246933,212,False
330,0.048348670992794295,0.052634650638740114,0.26858824235357087,0.019762872381243034,0.0,0.02672495039212376,0.09033737736743651,0.11237279430966597,0.05833036847754401,0.12843922464052762,114,False
331,0.04845864680550191,0.05519075363625238,0.2833909182097298,0.012757843960361325,0.007554301430141808,0.03843627496781268,0.06568844295063972,0.1090667912563201,0.05501600383917896,0.12872712698805724,114,False
332,0.04114978340293791,0.05282039157375888,0.2800259966116449,0.030433418951900843,0.02712675365216861,0.04109550699402318,0.07765908421769693,0.08585125454695001,0.042269583376474025,0.11955375308824583,114,True
333,0.02484848810563332,0.01593981054675013,0.2370228226622067,0.05665685808292991,0.061668545124272466,0.0049409193290485655,0.11057970510562752,0.06451205312113334,0.09603052019449441,0.12759830673682032,142,False
334,0.047671373627300555,0.04506444419154823,0.2824019121424165,0.0218865017583466,0.00992735797420201,0.035112122510023575,0.08496913833002978,0.10224347653308984,0.04078709378983706,0.13346459740332572,114,False
335,0.040784658843881376,0.0,0.26745620233469647,0.045267470910589136,0.036646427390275425,0.004603215901753654,0.08969322444492965,0.0905485334632601,0.08299038533307965,0.15095076368129143,65,False
336,0.04697202454586678,0.032388564587328424,0.23268416482719453,0.0401831199467299,0.06564844283396364,0.0,0.08694513986974071,0.08287547187855639,0.06783423857817265,0.142970942562551,142,False
337,0.022816702643921348,0.012909757879447559,0.23047828850533716,0.054742992392890794,0.07098779541473695,0.003854715235361961,0.11145130826179343,0.06859144239604716,0.0805250249454479,0.1445402747016805,142,False
338,0.034382339428572134,0.05572222261290785,0.27529779417365535,0.027077282242428984,0.006475825941228885,0.05037235433505508,0.07605118170522088,0.08872983558460239,0.04551008285396448,0.14267642992197443,114,False
339,0.028243397145763367,0.046398036104872996,0.27952945160363724,0.0322953616151205,0.0012665967122835547,0.03839300477557151,0.10038860707437848,0.08351933616891857,0.0524451889018834,0.14332201790933097,114,False
340,0.013780845364523689,0.04891975693153465,0.2888994342026886,0.034441055456962064,0.009050729740090534,0.041336491587195136,0.0672540642873576,0.10212143894884333,0.053398341909714306,0.1470007201263358,114,False
341,0.03947539754134565,0.04062503686840309,0.28618052965844776,0.04145102057879182,0.02122603483744952,0.03415982733490756,0.09349525980699624,0.09765844119901512,0.0267796517181912,0.12051074601236958,114,False
342,0.043521063399051096,0.033807927570143934,0.2207266940509838,0.07045069825870845,0.006802330601444249,0.018238621585530232,0.0918668726227298,0.08569191457452753,0.0744355490350331,0.15180885029494723,165,False
343,0.025943329646223673,0.032774696880036196,0.220572270524813,0.04007340478599048,0.045993932673636634,0.021454519675527577,0.07439300612259468,0.09088666545218112,0.08031226766452346,0.16282394612858483,175,False
344,0.029850363390214327,0.04118810845543474,0.2835542915710465,0.006991905854325737,0.032431186179786235,0.05069605818024702,0.06581187408912272,0.0845309902327559,0.06761514689890949,0.14022552382598785,39,False
345,0.019205454055702047,0.04073726709280553,0.2617139261079219,0.005147532617754451,0.024365737914101238,0.03392601644261586,0.10132720027890714,0.10199777497959993,0.0722194114653668,0.14420412950974387,114,False
346,0.011099281335486152,0.031885791980154045,0.23678840024243047,0.04144634896591511,0.05015352807457472,0.04817981949501582,0.0965340538481578,0.0941546729300748,0.05177526571629461,0.13361136999008022,98,True
347,0.05845956452438378,0.06746297948524388,0.24748296963390826,0.0344171811846276,0.029379571914616456,0.004050637998163026,0.0487714335367253,0.11271430213132078,0.04726386906038046,0.15068590626471412,232,False
348,0.018355435817972502,0.07157793261593248,0.30607433232458603,0.020431773559034534,0.0,0.02093318417184791,0.08305530925448312,0.10142101930025738,0.039272911403336254,0.15395581441272208,114,False
349,0.0397267562760399,0.017031257862503642,0.1880702295697923,0.01852091219021113,0.06946960309575637,0.04534288409037502,0.0709155547230024,0.08384306800248267,0.1071653499295869,0.15189036245464962,27,False
350,0.03239060375396899,0.05036071283075242,0.29679572403885285,0.014680123809648395,0.008925641973012951,0.028520735258770028,0.08081930755865287,0.10192563185198766,0.05346036054859283,0.13985887464290597,114,False
351,0.034924268316179494,0.036183032777856096,0.2673242356910451,0.0,0.03658209750588798,0.07094562313630443,0.07001018691080615,0.10529799068045062,0.05184582879819265,0.13000410132080809,39,False
352,0.0332354466498009,0.0455264448569348,0.2937254659255619,0.021645095410498097,0.005790292952720476,0.03820755136895286,0.08778337735177343,0.07174331367315391,0.061214935538441345,0.1474822768992253,114,False
353,0.032193740784635404,0.0,0.23897250671668707,0.059775755810598644,0.039819458053044814,0.019774794777499972,0.10290082525362935,0.08156282849836041,0.07593778251709905,0.15167139631829282,65,False
354,0.026368419195598146,0.04483941683608409,0.29378150573927975,0.014493140419775981,0.019493751040250914,0.04380032646842138,0.0865096552564402,0.07939042186671176,0.057435204929156096,0.13844540975837374,114,False
355,0.04603058589989513,0.02403250486513853,0.18415980115865965,0.03160314664812913,0.062261450653884096,0.03975650851386518,0.09071747667485533,0.07017254746713834,0.08649586464984402,0.15367014562233142,27,True
356,0.017759365897315093,0.020821037396341367,0.22530483055721232,0.05009548548214233,0.0677684187318721,0.0,0.1113165138304339,0.07771545775767982,0.0829688974792267,0.1483732693600216,142,False
357,0.03157100090801431,0.05222843894102635,0.29225161618204476,0.03232460436813767,0.012137223965714117,0.042451947386146695,0.07617051987892523,0.09038607660738752,0.0526999306673489,0.11956323618080009,114,False
358,0.059234621126700665,0.053146508018664024,0.2967853696594727,0.009962629670589427,0.0,0.03333881966464632,0.07418614329066402,0.08249058266980887,0.04424931760648287,0.15785097888248478,114,False
359,0.0418455250765781,0.06861184657112361,0.2892081451662414,0.034934607259482,0.0013787447392777682,0.021653937182302255,0.06009983493549635,0.09512272108048957,0.06023817995600709,0.13269148572230954,239,False
360,0.032024258872788536,0.03042718145337749,0.22131993649559392,0.0543521053690351,0.022690342893720076,0.005013537132105501,0.10673102345532967,0.08082148911043029,0.10279759484931901,0.14278512780869412,165,False
361,0.04123662739605583,0.0,0.23785196059825817,0.050388200789158746,0.06342362222159062,0.0,0.10363791457805167,0.08008629294455738,0.088492926585658,0.1408259048372157,142,False
362,0.038265494723000205,0.04860453131716943,0.28779805487666527,0.023651862535709955,0.005307000087624786,0.028854601868724145,0.08011748549082795,0.08780622366938207,0.060198359576669476,0.14501384457197752,114,False
363,0.032609822374035306,0.05001907290530972,0.2861689207044198,0.03582341804264949,0.012396593988427239,0.041331505440579897,0.07972865050675734,0.06554082903944024,0.05899036866043837,0.13889228419157493,200,False
364,0.047750539722787845,0.027380925043175307,0.2748529299831893,0.015539649353778889,0.03496313100300949,0.06217498955557868,0.061447269892152726,0.10047810256641763,0.05322025181390874,0.12125170542486305,39,False
365,0.04229056765526691,0.06335366518127186,0.26913879773596056,0.02595097096865746,0.011339435183628874,0.03487900667119382,0.057046744272938654,0.11387846004385244,0.05772567548652412,0.12457969293058853,114,False
366,0.032590682159923806,0.03760077832110086,0.2546743208794938,0.015063956483258934,0.016625486594890382,0.06540947563107002,0.04529402384244283,0.11500022526393236,0.059082829774623945,0.16088330928027822,173,False
367,0.03763206347219028,0.013292902542584016,0.23538858673395838,0.05248540489728632,0.04595667569631909,0.0011780105474453908,0.10611097265560038,0.06707307294058983,0.09618748296867492,0.1466607382349546,142,False
368,0.029399938273980207,0.017681429774612827,0.22793877078823108,0.054183702960620576,0.06122308694253831,0.007917822926617604,0.11188760873787099,0.06796214926378442,0.08260304180733415,0.13679483077031485,142,False
369,0.0406632674152962,0.024621991062971055,0.2719077199608686,0.018249314289937268,0.024686533737328,0.06987934326807053,0.05359492758024589,0.10121434055568689,0.05743640750031158,0.13863750999466945,39,False
370,0.04927003302473352,0.058129414300543115,0.2511281371217056,0.02206998852823431,0.02053622380350911,0.04665061006019176,0.08121375127543895,0.09027503869604026,0.03975033720068685,0.13756311333723098,114,True
371,0.0394452600756993,0.0666136145952272,0.28080274218098394,0.0249966666879092,0.0013268322720386,0.01409288913538812,0.06687277427154607,0.10522393537026745,0.06804683468470021,0.14012639153921683,114,False
372,0.040542766296693566,0.028306615382458405,0.2763758769054328,0.03766089449876792,0.00020732684508670648,0.04266945479478182,0.08680740856965785,0.10325634697331001,0.050526226867732886,0.13928111135076807,114,False
373,0.018519639597108232,0.048270704989571714,0.2779698159766686,0.006821055450701646,0.015273170146764046,0.03739117139005597,0.09230832264700183,0.09744515848595325,0.06057842806384458,0.1528308970275159,217,False
374,0.043372371745773,0.06516054743103375,0.2776365981620217,0.004799050756852187,0.023384499977498724,0.03654345877813966,0.043490649353204444,0.10730936542570588,0.057324772514006944,0.14544320601381705,173,False
375,0.040320417363421894,0.02470570824964743,0.2197950003304079,0.058987747120198664,0.04444589077535857,0.03425579748383636,0.06209948414980069,0.07779898529258465,0.08152684247139612,0.1476200092035288,175,True
376,0.04894449502694869,0.07235689195613082,0.24047928348839534,0.033888560487321216,0.026483972085965292,0.04139139543667698,0.09486694507574416,0.07266987992281358,0.060539668326858004,0.09941925717399805,217,True
377,0.03125909725565315,0.05475443100533836,0.26169208426655843,0.022439778914368068,0.009611865429428051,0.026439488573679636,0.034777195706333905,0.11723040936852547,0.08062459879363076,0.16688218086076584,173,False
378,0.02795421936304429,0.045662596168706236,0.30060101402439726,0.0010906043132589411,0.033029150153409285,0.06613948204427351,0.05537880813084409,0.09370585515907992,0.050648792443467865,0.13280651031837165,39,False
379,0.03676781329526489,0.03770128549768741,0.2918307846022652,0.026446178010775617,0.01502232366660728,0.03425039721290615,0.07044928677719695,0.10049053566301096,0.0462406038047946,0.1454429617455739,114,False
380,0.022786567269838385,0.011513589736110762,0.19441856546427244,0.027799509786592957,0.0804046473730761,0.03999420360300859,0.08158605756531437,0.09204366208361461,0.08971419811426548,0.15381396288562216,27,False
381,0.052500551000654073,0.04067735889171288,0.28599371259737055,0.026862716499368944,0.015351953775353313,0.0456344785352027,0.0294912103667571,0.09688994975792842,0.05072285070721858,0.1604574862702163,173,False
382,0.036453117134836274,0.016311731987559336,0.22265408947332863,0.06644914759214585,0.05897798788176295,0.00737857498677293,0.09463255520794578,0.06399084881205358,0.08433885975876025,0.14544194051724488,142,False
383,0.0406165983366423,0.021277455006616475,0.2932851687332279,0.030285298120918704,0.009602518124598856,0.05189378744871719,0.03764136843032595,0.10040701528437067,0.04277031884759383,0.1821711523834428,173,False
384,0.03922988812367775,0.019156610568651363,0.239019494841859,0.0672915233576659,0.04873173021231875,0.0,0.09813556137448279,0.0755044071090002,0.06950371184246316,0.14435091569275696,142,False
385,0.04332950095851799,0.026081696771745273,0.1876065755100085,0.03075100834777714,0.0665251919439054,0.033395078501237206,0.07622077629058481,0.06829951786643047,0.09586421374453395,0.16217234621310753,27,False
386,0.033364832851939856,0.025197266991045967,0.20882481579993462,0.006272741156130853,0.04785190933498298,0.05689155772957304,0.1023384469227771,0.07802668136746485,0.09175337953451482,0.14482110259658823,27,False
387,0.03285428884069912,0.0014330236306369837,0.22316949101444977,0.07310833538391398,0.05649661643305826,0.015331015155353385,0.11146706275314502,0.0657902548936185,0.06788538534098351,0.15259752255425757,142,False
388,0.03429908368645804,0.0,0.25900121841972684,0.05703282384580838,0.042194101720271555,0.004875311449224048,0.10603027666757707,0.0765637536483532,0.09454140738674463,0.13227522162677574,142,False
389,0.039771518656388886,0.05519639738182558,0.2721822600450131,0.01334094318128551,0.014362166870904212,0.033796404269105455,0.0800813507624654,0.10475233936248916,0.06841583444951468,0.11934832929266842,114,False
390,0.021103118986963345,0.03467583424245677,0.26767150488389013,0.026398338215223464,0.03340191802852307,0.04907908058468599,0.04265451525282713,0.11237631898176603,0.05642467444367879,0.1582492769463806,173,False
391,0.014930782033400728,0.02911098873139033,0.2585899357802346,0.05110955419085401,0.07132740135073061,0.0,0.08405538267546532,0.08185525879374521,0.06183776281875701,0.1520668752139315,142,False
392,0.029455586863275804,0.00933418247828668,0.23064212352310332,0.07175808039520437,0.060141875203207,0.0,0.11393115899120913,0.06380018050390718,0.08909070572123926,0.13417495814504318,142,False
393,0.04378308713429492,0.055353297441133154,0.29298807285714185,0.01453757190831034,0.0,0.020883338922442887,0.08025610916408808,0.09037768631264088,0.06819743836682587,0.14380348195672205,114,False
394,0.031011980872907675,0.023708829691075652,0.21985960793007667,0.06553267534652117,0.04558310267232204,0.0,0.10861177871476103,0.08740267501073111,0.08078461453222964,0.13656964720628462,142,False
395,0.027335421891608053,0.05457184700422825,0.2667007674869489,0.030068947479312567,0.01391166642697154,0.04644114387403604,0.09514231594288307,0.07863507666790283,0.05926128979292484,0.12681852049621095,114,False
396,0.04507072604649261,0.055916183406952084,0.24234631672811538,0.0005833507509449325,0.028876640163381203,0.05908984623351603,0.059424371849725044,0.0962069264913383,0.06219100769614636,0.15005984399874198,39,False
397,0.04725074331490503,0.03392014116810249,0.26401044135289464,0.01945699819159193,0.03677374462073083,0.06621200768410256,0.05506754701551435,0.09145920025740831,0.061040721459356025,0.12086941145403217,39,True
398,0.04975708749149092,0.08876585180067054,0.25604245184323904,0.016629115431235488,0.03366905259679449,0.007151511913931954,0.04925671638371597,0.11525633958465366,0.04066462807849139,0.14571714420527623,232,False
399,0.02005034448774038,0.043164084136737106,0.24225897933737917,0.04558574779515731,0.05521526268089224,0.005890190627745526,0.0898028085861698,0.060938766619732625,0.075969118569576,0.16095617216747266,258,False
400,0.03814049709638142,0.02894861241709224,0.22967326754914727,0.07702452710948096,0.04095327533320446,0.0,0.10643912348587077,0.07426339944080264,0.07853803723834532,0.12430487946059167,142,False
401,0.038810978618542644,0.08278080607638248,0.28062696336423587,0.01047037065251147,0.03304840276381662,0.0,0.05627696770987805,0.12850281684911372,0.034769652959929336,0.14600265400064646,232,False
402,0.05483048163790576,0.05524854934920669,0.28398237900321527,0.013953835285413432,0.009822487371731565,0.04239753709357976,0.07204607968526588,0.08010632929398004,0.048811993788132314,0.14219053640517898,114,False
403,0.028936376026022746,0.028155179759451626,0.2183117311041388,0.06235516584777255,0.07277869184541794,0.008880793296197708,0.09792386546894001,0.061836707583875904,0.0730066793389452,0.1424893616494682,142,True
404,0.058787846463434365,0.07177964564078873,0.2658092718832834,0.009679521480276992,0.030282274673323766,0.0,0.05926392769301656,0.10899542570726978,0.03502193337489166,0.1701307568123664,232,False
405,0.05236278080483312,0.007790318243639364,0.18883097543014965,0.03226385086766913,0.07793187060002728,0.05168315510144115,0.0648019182939199,0.06889989862624486,0.11070970896579176,0.13521130542076873,27,True
406,0.028333595673949705,0.008588423194225828,0.17701093198596377,0.0488251474637189,0.08454664417179195,0.04722932051593922,0.07593501022463783,0.06972555688902067,0.11407727893068571,0.13585684939185616,27,True
407,0.025502425637720254,0.014881743823835392,0.23206265112721292,0.07264945894740096,0.053735906438967335,0.002650244057527389,0.1095075698931987,0.07468526503869731,0.07482350861628677,0.13994804955640894,142,False
408,0.033745021288439626,0.0085629984757845,0.23505667155835053,0.07027658062093732,0.05559295440345209,0.0,0.12369700100194553,0.058893228038430764,0.08324871988552561,0.13410557957772878,142,False
409,0.05202442321425541,0.022598655453999982,0.2864376637391472,0.0071753926535503545,0.026604348950013616,0.059018536776411286,0.0711759633537343,0.09542788514611657,0.053589316699008564,0.12958155546372171,39,False
410,0.05178944651492374,0.04275538100051032,0.26067396593766756,0.0188964028932998,0.03731156739022787,0.06098274369060665,0.04766181244248724,0.10004198159081219,0.05840817601493599,0.11684107872693412,39,True
411,0.043185513865291084,0.06372934380450311,0.2811460448805065,0.024268479325616543,0.02394668917611478,0.037116905786860915,0.03484320338378635,0.09990833815810307,0.036686842639534784,0.15853657765757473,173,False
412,0.02361665279323959,0.0013406412072747074,0.23790787115002412,0.07750055858659433,0.07620938361011838,0.002402724480161151,0.08804520545117483,0.06910314980682326,0.06170737621878101,0.1684483137251501,276,False
413,0.025410690941837358,0.0570081574444359,0.26348269874921426,0.029017578344543958,0.014556029932363443,0.04820280261212609,0.04233823834414911,0.10181565041947772,0.05654872892431202,0.1636114420646507,173,False
414,0.04453749828642583,0.010115958628395984,0.22890535183818128,0.04390380967629662,0.03833398919339981,0.029100950744153253,0.05850638761240653,0.09717025816690247,0.07479427643262772,0.1728476823248224,175,False
415,0.029048406375833388,0.018340080516458745,0.22072799490792652,0.063873910300354,0.04506725469067088,0.0055119174987836314,0.10792540053253712,0.07160745056243127,0.08449981031259911,0.1519787289124524,142,False
416,0.04147384574357525,0.043191819516568544,0.2571962110690724,0.027527367033896036,0.0364959499288224,0.04729945104221119,0.03907007667840782,0.09853931723337206,0.05746832355384044,0.14885054599635808,173,True
417,0.05096948786256896,0.012503281606508881,0.22713345483466169,0.06626409034483183,0.04096259997529543,0.0,0.10212882663588549,0.077728676105155,0.08692148452351176,0.13563080747094783,142,False
418,0.03538231492991855,0.04839333234325983,0.2682425230956929,0.025447559177995707,0.034890429141553936,0.05334147459843343,0.03041010313345732,0.11017865713552914,0.06450426662628023,0.12755279356229432,39,True
419,0.04384220385791125,0.05088410214774666,0.2778089831735173,0.009807921375480309,0.01455318817841853,0.03622131105802395,0.06701991134346187,0.09838198324762576,0.061989205770589896,0.1430464424713531,114,False
420,0.030585518429813628,0.03350060040981949,0.3024369938760792,0.0,0.04344266841521134,0.043932958570821766,0.06709707685075178,0.09395121864607997,0.05759769856388405,0.13570071671581838,39,False
421,0.04386768582645612,0.015030901740622929,0.19773109189535232,0.0482150065825237,0.05101588402496924,0.0451559534391477,0.07528256917062921,0.06709429976903417,0.11775494399965854,0.12856940003268852,27,True
422,0.04344145487418906,0.0,0.20234134230044776,0.030448552754794227,0.05928523719454165,0.03946338697923532,0.08730314769477973,0.08927539762169796,0.09583277824513194,0.149302365178971,27,False
423,0.04163351345999493,0.020273433420256292,0.20399522744334017,0.03657518711276895,0.04165972185373516,0.0400262073258226,0.0735773919802684,0.09544525377370588,0.07189653288668606,0.16774838823054047,175,False
424,0.02936377158811303,0.04418370417090685,0.25148201049835944,0.030509311051914366,0.03477672315498381,0.048976926920362325,0.04059547493676518,0.11057285529242962,0.05682228264359554,0.15023073761105377,173,False
425,0.04971567975668019,0.0,0.2235192297045856,0.05994542917723315,0.0806685227578262,0.012882440030200221,0.09589308000435319,0.07593397368823722,0.06685391484092099,0.13326562195975525,142,False
426,0.03486436561046711,0.028155224323797762,0.2279359862294029,0.04514315287592883,0.06113285727139121,0.009437438665084208,0.11328115182036703,0.060843714820196966,0.09768967791668486,0.11672661291710255,142,False
427,0.033503853239338806,0.014653789702099287,0.2325529407468713,0.05946368800825552,0.05412970901484534,0.0055340123277553815,0.10511984480779103,0.06827104924525056,0.08015917895386587,0.14580041239152924,142,False
428,0.026159284812900307,0.020503025786847828,0.2187464905773329,0.07827745906091611,0.05157639136556572,0.004863823620645632,0.10488664787034718,0.058735906823617234,0.10109638941462604,0.1325748059988242,142,False
429,0.029562681025621627,0.02784079465695816,0.23489372160635227,0.06723603664899158,0.06069434444474735,0.004098081786492652,0.10149986420658601,0.06600057831989425,0.0673005004342904,0.1384965445693901,142,False
430,0.023492416940339947,0.058399274562268566,0.27278122336339566,0.04478068182376061,0.009361612896044116,0.056346522056661776,0.07013349407043334,0.09831591540350351,0.03003842465723895,0.1381090548489952,200,True
431,0.03225190914738244,0.0597920834357484,0.26346883406962995,0.012509089212696202,0.02889016852252258,0.051747765554616715,0.049453926047597324,0.09738652183686072,0.043449384369123975,0.16251155838580936,173,False
432,0.024094749176894664,0.020994088298022625,0.23322269522954764,0.06950644055860578,0.05276948210959747,0.011745601770176322,0.10367162926993895,0.07378460654098838,0.08478770292098005,0.1216368138033993,142,False
433,0.04179292752595908,0.00625962828194948,0.22056581002590456,0.061446818975424526,0.06840044786221386,0.0,0.10254528480282006,0.06970130858221531,0.09487618834871242,0.13520430615438203,142,False
434,0.03176816758882828,0.06228285707596059,0.2783128489151928,0.01797301992342007,0.026491037883675916,0.03477068468727121,0.08408201587659886,0.08238155187957762,0.057124148611000264,0.12468530753896105,200,False
435,0.025551415360465065,0.031966904227813994,0.2111235021211194,0.05069469034135088,0.061019767701015006,0.008156854446310976,0.07459261874963329,0.10489347230520434,0.08953115242650149,0.13695021605825192,149,False
436,0.024356653319130627,0.007066428010162021,0.22990964804073222,0.06695840290146401,0.09516831692902927,0.01694549885840545,0.0831850368046774,0.05988762014227772,0.06697070580368818,0.14818059706352232,276,True
437,0.03374675644324585,0.022882594334289606,0.2297978480947971,0.05930913475620429,0.06453048476460473,0.0003439141633271197,0.10689258354291868,0.07864439769845961,0.07172368626946052,0.1308010526984253,142,False
438,0.025470579103692277,0.01589585953299207,0.22302265286987888,0.007258144382661806,0.05574859104153654,0.05125378983830092,0.09088929039197234,0.09709186767762473,0.07980449237570547,0.1523699492052566,98,False
439,0.02009108076615181,0.041309236920176164,0.3040957096636082,0.0022112532062202738,0.03917790822466097,0.06710825235817183,0.054765233990386866,0.08187408719953228,0.04549076564787254,0.15286153897021273,39,False
440,0.047310081347103405,0.04354922067929383,0.2692627245019895,0.031000012964810638,0.014085694715613998,0.05649763603168502,0.06699287373359966,0.07980383575089145,0.05165436811791366,0.13820510573341724,200,True
441,0.04772015160804229,0.00780098008125652,0.2033898819934702,0.021815888758956545,0.06394875597855654,0.04603625326403505,0.08998945397274273,0.0770498276668812,0.09933734519872894,0.13609768666884542,27,False
442,0.021942208099171218,0.017043514918799033,0.24222473575397366,0.060163751500521084,0.059719302743092215,0.0,0.12348584728005287,0.0816229907262083,0.07222388957304732,0.12442739582689313,142,False
443,0.04788062675691113,0.010230984099305162,0.2145213102004871,0.04661360399177743,0.04106712985600312,0.022266667454971155,0.06974197435299469,0.07879879041137874,0.09996200760486197,0.1652311100362307,175,False
444,0.044835454399772726,0.08125698381848674,0.26549090220543586,0.014033738405233647,0.03897957422573437,0.0,0.0606065700461471,0.10660653658703137,0.03422329205721935,0.16196680681609668,232,False
445,0.03062858842325083,0.06027308853730834,0.25190402265651174,0.03064065663390268,0.04451798365975027,0.05446327415971895,0.03507783964459755,0.07974985566070421,0.06329856141558683,0.14458828748034672,173,True
446,0.03267750065670925,0.005175565441222797,0.22810251990307712,0.07008568233372181,0.08796375069808539,0.011468266370275402,0.08329948841720496,0.06769407219859035,0.058797583210248944,0.15411054921550016,276,True
447,0.032316198746152255,0.014544539810792716,0.24539284549509432,0.06860423446893561,0.07694770811156247,0.0036702584784132474,0.10148437162616386,0.05077285394194508,0.06676244894158259,0.1403421745758219,142,False
448,0.0405320167878997,0.022350257104014577,0.2403943737855556,0.0454218867549608,0.05531933682855594,0.0014431856884502955,0.10339803736852976,0.06667408843284892,0.07867419724957508,0.14611267614560058,142,False
449,0.03267012743310637,0.018790288935409096,0.1957133723728732,0.0350711508190208,0.06228178077504382,0.032221415600951,0.09076598631136693,0.08056405441738905,0.1021139964140281,0.1411540094090841,27,False
450,0.017186074769916685,0.04425910033831285,0.2738241329877215,0.027939780187028536,0.029058146346246056,0.058000026983412466,0.04187568890118514,0.09701794066450369,0.054219681715270904,0.1589172536071147,173,False
451,0.051563843775380855,0.02379166096614386,0.1838451312420245,0.018131059190986218,0.08230902691065314,0.030181496657756154,0.08039589689155943,0.07412873324539343,0.10743306048076812,0.13855610671362303,27,False
452,0.04271220614995823,0.0778303843976785,0.26052919389706697,0.007913305095292065,0.03284786953995934,0.010480015241701767,0.05905096659148892,0.10497114716238166,0.042248588765324176,0.1667920490791616,232,False
453,0.05435242504280644,0.03031362036357315,0.2693651741666468,0.01049732477345129,0.03288836357019529,0.047320904900253445,0.052582682280618055,0.09642369830371869,0.0656816145169444,0.14094828772304127,39,False
454,0.0227185576890974,0.04328929385887982,0.26225648147180003,0.041379099370386016,0.0378627123628162,0.06822249494159734,0.037731804063300824,0.09333223510630594,0.03746518179672056,0.15465142740886945,173,True
455,0.020598274262990268,0.05393862418965389,0.2619336745510737,0.021526197236295605,0.03635095566700569,0.058413410044851725,0.04988310541807996,0.10237230249206503,0.03736034551761095,0.15824623653759284,173,False
456,0.049749096191628504,0.03125517342133877,0.2706821927492208,0.030571055686325302,0.04701246793557901,0.033210979615692665,0.057471171640524926,0.08437820185008038,0.06722414732514174,0.12487610271036313,39,False
457,0.04943597840361581,0.08337546204358809,0.260048420340756,0.033203581309346225,0.023984858229868726,0.0019099416282883689,0.05919686579487849,0.11845137106578646,0.034233088412477776,0.1401552885368287,232,False
458,0.02783858206146857,0.05068030197877341,0.2523440567786235,0.025293382399900016,0.021676061840075537,0.04444416308833496,0.048642227702092485,0.11327945391722226,0.06301011989272558,0.15203256924794598,173,False
459,0.047961357859263386,0.017333653986499605,0.19908069004937629,0.06423787840887528,0.04442836767922727,0.03480316372273983,0.08610038312841413,0.07604305709804375,0.06561689416612848,0.15484813845612982,175,True
460,0.031587741207874886,0.09170194089032396,0.26869221133745713,0.015917790785527543,0.02943068172390512,0.010090651028431239,0.06977123201112992,0.11385718242748959,0.033813130130564695,0.14014431713457184,232,False
461,0.03514803597830916,0.0509385709637084,0.27693100793942366,0.03086218247383401,0.024401053379058135,0.05067719429886671,0.06889286258413674,0.07107807874274502,0.044099645614447666,0.14617849087837542,39,True
462,0.030739762146891562,0.05456731989114803,0.276194061977929,0.0265230566640161,0.025288341806180788,0.07062393842241152,0.01439094347462723,0.08161105973073429,0.05314008804457214,0.17146207136680863,173,True
463,0.027646902282682094,0.012310886298078274,0.23156653792150111,0.04283867861453869,0.08953916339693703,0.008771438702544269,0.09142236632893536,0.0640628655507835,0.08447883184982424,0.1468333029224716,276,False
464,0.02769674333778764,0.05223616855211495,0.2750431335659747,0.024475338344507356,0.02407800464052355,0.03007981286901199,0.05090630937054597,0.09519016396903782,0.07084845259468112,0.15135229250958895,173,False
465,0.03881369376087968,0.03752125676890859,0.2794869765505803,0.007316323727500671,0.021145530418721258,0.0607867334359694,0.03981705288012325,0.11746009986162034,0.05010066123718625,0.15350659215591292,173,False
466,0.05855757556139014,0.0,0.18476999565713742,0.03076824847768086,0.061768742935940944,0.0435247723452817,0.0780231189163966,0.0815954908486179,0.09555025647119697,0.16017870339310983,27,False
467,0.04531443270756815,0.046371633486280935,0.2848798220899128,0.0016404203759040263,0.032266444169193616,0.060074004651665895,0.03907678371527184,0.09515728444698489,0.0539027650644335,0.14640094348568541,39,False
468,0.03732074140983122,0.051778785217254465,0.25771999632225284,0.05103585475188657,0.02443083130767303,0.03533298337845486,0.06347601824590506,0.09560191754721371,0.0477255711878921,0.1311337199186512,200,True
469,0.024043842987517702,0.03901475262980853,0.2790061441671155,0.03341669243118025,0.038510799052830426,0.05250662169660278,0.019128534934221224,0.10765075869483084,0.04820369310493905,0.16273544539631632,173,False
470,0.009094930781746955,0.04244132996597962,0.23448107588454398,0.035741318702015086,0.04172730365862225,0.05143000616304589,0.10159517175842454,0.09544885516178032,0.05287893095394566,0.13087213973103987,346,False
471,0.05908702320599531,0.03917934181390114,0.22331940243890105,0.038835077077145015,0.036135777984718925,0.020827352995912148,0.08285406280428162,0.08585517226254252,0.08494273306116422,0.12012152281711816,156,False
472,0.026167277181219306,0.03325812761657605,0.275333799394014,0.0,0.03522177351955861,0.06616945146518974,0.0508481041874003,0.1034584445092416,0.06782038261853372,0.14809351290095962,39,False
473,0.03987272910181763,0.0033461883690755786,0.24723074794990405,0.07079117618253893,0.05253016668447767,0.009134963734855138,0.09920427574149367,0.0645465187038784,0.08504701782430289,0.12929848558672058,142,False
474,0.03299804824893115,0.04191161658367025,0.2681607622272959,0.019555817719222934,0.019679691464259255,0.04746650520500462,0.05348325662057729,0.10148063540714125,0.050753193785694324,0.16725782756031696,173,False
475,0.05165624420049315,0.07096334990670895,0.27276804445968394,0.017091628995055425,0.019952518396967968,0.0436334134274675,0.06194868959331914,0.12285755785405736,0.028885452092440454,0.11082319439029052,212,False
476,0.040705803063475696,0.04120110828502724,0.16502385008439774,0.03426710988899601,0.05312390468832354,0.05286427966625954,0.08265666697509369,0.07648955574113767,0.08224434434858727,0.15697419771078433,355,True
477,0.024607161497277725,0.04661455628008699,0.2835498558577318,0.03013866451838239,0.024627724035592474,0.052725316379871434,0.0437456274439158,0.08950938658993306,0.055019011716948056,0.15142240367636406,173,False
478,0.05156584073752091,0.05455653461782741,0.2504020803562331,0.045897626824508195,0.022229310008913067,0.05581557628112847,0.0641635659307839,0.08801219814839288,0.035018820750444456,0.12597172824994313,200,True
479,0.018894031620318236,0.018907083830102773,0.21834880421689368,0.05939821122884063,0.07912678234240311,0.014521790299638997,0.06766140100801425,0.0707103199597829,0.09858062376379366,0.15025261591956282,276,False
480,0.01463266018846063,0.06712178944099813,0.2719605774974033,0.014876041424909243,0.047795112193572874,0.028670359529353547,0.04384969522833596,0.09970864200843396,0.05791741587216323,0.15715599775491462,173,False
481,0.055819218436953935,0.0787270025542098,0.26120997610009244,0.020516505910141952,0.0354610204393267,0.009338563718985154,0.05561974439183524,0.103277947430855,0.037624216253564206,0.14372572520932128,232,False
482,0.01823317454291597,0.07001193509918638,0.24275783294204528,0.017341934752544447,0.04726571394755021,0.025322813787966338,0.0602897214297347,0.10673791576841618,0.057063972606724876,0.15404048819210386,173,False
483,0.0463220671864862,0.056414940337530466,0.24815912476452884,0.04034752313277456,0.027302230988821945,0.023548524794453945,0.061138210598593465,0.09824188085904101,0.05222164553728645,0.14201299940731998,310,False
484,0.0406023082099652,0.03665821042426601,0.2729106434017786,0.01673790718041706,0.03869501942354302,0.057768284518770564,0.055366558883372385,0.09347473498866778,0.05689665160215864,0.12915603126285904,39,False
485,0.04032163134344001,0.07208462174321767,0.27262364407110684,0.014742273196779032,0.010542777983729202,0.03744119826933157,0.07849296678393423,0.09295953606924522,0.03696358615881779,0.1474461883271812,212,False
486,0.04312575293326551,0.06224970483426643,0.28305246110662896,0.0376443622166909,0.019542777641647417,0.04722690646627022,0.06769752063873774,0.08153579052247525,0.03823350970668878,0.11786360320352808,212,True
487,0.032740485079773916,0.06335577048253348,0.24647537504456168,0.0423679074658782,0.04473086173650096,0.0,0.06920515123429644,0.10675232149342069,0.034514269481573996,0.163085276800918,232,False
488,0.03908929507058272,0.05536049989982928,0.2547866627554787,0.018795392293052906,0.01782430077924139,0.058124189675936494,0.04643194026701831,0.1049365054431694,0.04461044177894018,0.16032396434304422,173,False
489,0.026968576306197797,0.03974579353338727,0.29651415073246046,0.004117591470010038,0.02346801867619994,0.0459341106476245,0.05658858454867459,0.1253917062540541,0.040597806106239046,0.15071711414732233,39,False
490,0.03183069811418554,0.05243906024448993,0.2710045873699541,0.027258847935180915,0.03413229863394967,0.07314135273203332,0.05705471266187155,0.0934379464210828,0.039475348072023846,0.11697541253244427,39,True
491,0.06229836352797678,0.06467804835469847,0.25407045066254347,0.034047522797276276,0.0,0.05030092296170818,0.043766724085437796,0.07468396488599202,0.04112806467762942,0.17893333543060816,198,True
492,0.04067052621248874,0.045700303626908065,0.2595204595509928,0.02535719474412144,0.03120714542567453,0.049363187036087344,0.04264224320994908,0.08865637894303698,0.060079084982592026,0.15457101494235642,173,False
493,0.05126331076295994,0.06885367407299021,0.23518581193045038,0.0043878653590580866,0.035566848175505254,0.06326923582768286,0.040159813851214685,0.1026005387985253,0.05177349230242123,0.1439966920459611,173,True
494,0.03517643473404132,0.04664541217098897,0.29081825613328566,0.044498768877665816,0.016722344186238133,0.023459704962128167,0.06770923554559814,0.07922385590538082,0.05983893896352074,0.1380969400761843,200,False
495,0.05071793081648657,0.04564885068734029,0.20148614135990495,0.011246363947257745,0.054112495805400965,0.0372349372249874,0.07345285431074652,0.0703866333301054,0.10774928896991304,0.13909731107147025,27,False
496,0.050071195793365816,0.07160739013147886,0.23702826159818197,0.0325703927295653,0.03357210624917243,0.03518813468535993,0.0977213219049346,0.07074258765981765,0.056088354863612855,0.10629753362329597,376,True
497,0.042911802973206736,0.055728344099280555,0.24631886796461164,0.019974423687521607,0.014815158069926702,0.05608974669949545,0.04294146388659421,0.11414535408466153,0.06119184330610384,0.1441634359318605,173,False
498,0.039150701119680865,0.06343593595397687,0.2971570060613158,0.018300752156827145,0.024500779088500776,0.03226903888578689,0.06792591722693431,0.1019662910139559,0.03140447900935401,0.12789793972517446,212,False
499,0.015037414212927005,0.01040291191366075,0.29799808963970875,0.005569789537033278,0.03170723693597807,0.0731434062824795,0.07235038872532304,0.09426259789489597,0.07707877862236341,0.1324789259889248,39,False
