ID,strat_res0,strat_res1,strat_res2,strat_res3,strat_res4,strat_res5,strat_res6,strat_res7,strat_res8,strat_res9,ancestor,alive_at_end
0,0.02815258241958017,0.022424064479273895,0.3020735901975259,0.000794550109301049,0.07074040978495386,0.04071389562956423,0.1245048605346673,0.1262133518381777,0.11533458631047534,0.16904810869648051,0,False
1,0.03006547799368019,0.008715951791363922,0.3187543349214183,0.003455046293917309,0.07030803540650257,0.038173238766285936,0.11732951492098327,0.11335500380841314,0.1143378607644875,0.18550553533294792,0,False
2,0.03680682613702494,0.0015550678596432908,0.2981913611752068,0.020986816101040424,0.06997867235404426,0.04611601895965308,0.11330761476482408,0.12469373776825755,0.10648550775391641,0.1818783771263892,1,False
3,0.05274462275507871,0.009141714393771927,0.300743034905947,0.021187499541133126,0.06113722535476414,0.0367402986602147,0.11129164145656781,0.11968926154921626,0.10646945130170084,0.1808552500816055,2,False
4,0.06863608717715859,0.0,0.33118461914449054,0.014370327030980143,0.05384316144403944,0.02020921979431657,0.12358962265350674,0.1162331150916753,0.09607490304068822,0.17585894462314433,3,False
5,0.06662034674314582,0.0,0.33553142384060547,0.0075060427286887214,0.050190766309169355,0.019388429211755806,0.12265409767711069,0.13508753223971878,0.08231294767388123,0.1807084135759242,4,False
6,0.056017836089291353,0.0005478347352213505,0.3292994352155106,0.016672018505648097,0.060772419508759924,0.010560523024263744,0.13917769973765406,0.13591290858198424,0.07819653553014731,0.17284278907151937,5,False
7,0.061400015063881284,0.0,0.34094975324510424,0.004430595177816978,0.06938395470510224,0.027728973008682718,0.11067301922085374,0.13857162793969638,0.07572596882109618,0.1711360928177662,5,False
8,0.06808066906073838,0.01745209973597663,0.32694974396401183,0.0025267962589712797,0.03884107015774322,0.02681450001715728,0.1287668199211702,0.1283336824264791,0.09010841438969819,0.172126204068054,6,False
9,0.052208912589055446,0.0,0.3103680308173376,0.0,0.08652550760788505,0.04098389439435263,0.1222898866908023,0.1197181926856353,0.0791801979012136,0.18872537731371797,7,False
10,0.055999839353775324,0.009258668885258288,0.33141555263039996,0.0,0.0775692452380729,0.04502467803670765,0.10665190167865858,0.13811089735726462,0.05803556926673063,0.17793364755313204,9,False
11,0.04538555836173417,0.006296570833243802,0.3399024616586367,0.0023047574594771618,0.085663210944567,0.038690171206259394,0.11062317876250799,0.1414813467453977,0.04236547947440011,0.18728726455377603,10,False
12,0.043368055161721555,0.0,0.3294505326428181,0.0,0.10383484288109522,0.03971988905194956,0.09228080622607955,0.1405786227848531,0.05719341019628144,0.1935738410552014,11,False
13,0.03845532963880819,0.009467876966281857,0.33472588408774023,0.0,0.10805182676590322,0.04216722378271826,0.0779353116267767,0.143349257297808,0.05861118335862552,0.18723610647533814,12,False
14,0.03712328346576437,0.0068243171177843134,0.32986658023989224,0.0005752959938289006,0.11512726641506492,0.03918749613493262,0.07252825241821959,0.1393106039802723,0.06909227932819206,0.19036462490604864,13,False
15,0.04515600036592029,0.011891265954292376,0.31794224959549494,0.0,0.11698898039428189,0.03194123809047125,0.07264544813671828,0.12301158597662853,0.08592186860651387,0.1945013628796785,14,False
16,0.03734770644218377,0.014282143028157545,0.32774273068162924,0.0029613532467025255,0.11631184546111673,0.04407320583164672,0.07044704790097485,0.12450968275810881,0.07415074686338821,0.1881735377860916,14,False
17,0.05304486752075578,0.0010599098937803001,0.3207470655713364,0.005338560306929514,0.0971171783240477,0.04649168478397128,0.08583053556160707,0.13467369962219702,0.06564047180233984,0.19005602661303528,13,False
18,0.03894233730917321,0.030245893591116107,0.312153661247105,0.0,0.10423220824501198,0.024078241993823277,0.08544018851298599,0.12597019611214433,0.07872801316711545,0.20020925982152463,15,False
19,0.03161497461307313,0.017606306487231473,0.30353155891137323,0.006623763624159777,0.10976864101696356,0.03634510147017089,0.09499634980945444,0.11961117994604234,0.08200408738553404,0.19789803673599735,15,False
20,0.05339423011375681,0.0,0.33087500743004955,0.002489161480279415,0.10925396442120536,0.04639974517287559,0.07980308567203405,0.14496151119329598,0.042841617353211583,0.1899816771632918,17,False
21,0.06374539824385388,0.0070117424819017594,0.320492921076707,0.010118403554092374,0.11928023068472896,0.04767616895499819,0.07187103485391712,0.13420053655416483,0.024055227539350132,0.2015483360562856,20,False
22,0.06650623529099778,0.01151936128210349,0.3054785829897197,0.01580748032785128,0.0876489724347752,0.054077990030075046,0.07047140509476742,0.1339552305838943,0.06608447485082322,0.18845026711499263,17,False
23,0.05998787242812264,0.0068448998139041635,0.31330893641912655,0.0,0.12464124111404444,0.06532363972156377,0.07803751916120345,0.12818409314344684,0.020508248042881597,0.20316355015570653,21,False
24,0.0242961971290518,0.009087216427064303,0.31069841263669606,0.009380748271551304,0.11246315787925756,0.02223641166300221,0.08893845571593367,0.12427993407874532,0.08685088809989905,0.21176857809879865,18,False
25,0.053097834652372826,0.0,0.3259282694438545,0.0004541385741694027,0.10104626935046068,0.048860096117972915,0.08937020862955868,0.12142983128673061,0.05116618303674502,0.20864716890813548,17,False
26,0.04036783906292324,0.000476583603801377,0.32315087171908297,0.007132149296473992,0.12008589998113174,0.025835727300945546,0.06519876822493495,0.1353981436766037,0.09561489767457187,0.18673911945953062,15,False
27,0.06964870961037274,0.027552054538359825,0.28251321403447727,0.026774744886659943,0.08731751152137979,0.05631433152864961,0.05866848778976693,0.13331242992594114,0.08193425664390999,0.17596425952048278,22,False
28,0.028687875509571838,0.018335521837248906,0.3348868266492555,0.0,0.12322148940299837,0.041984989055535236,0.07692004352908818,0.126344800914617,0.06294213601070105,0.18667631709098387,14,False
29,0.007418095611524158,0.0,0.33124268758413355,0.00023342048516023962,0.11892812434904536,0.02424558343828751,0.09638255699986549,0.11004928773885506,0.08936477093492046,0.22213547285820814,24,False
30,0.04669429584920461,0.018817128969168803,0.3146831541885771,0.01341606585658728,0.0905792752171074,0.05090809881894798,0.08427831011666732,0.12181891195261631,0.06413900611354796,0.19466575291757518,22,False
31,0.043672564721132776,0.04326532054108782,0.3082319991055683,0.005821706517978946,0.11096438018931173,0.0249483351137029,0.0765443024587949,0.12442241568206563,0.07719886208952928,0.1849301135808277,18,False
32,0.05269550757699947,0.007385935822497475,0.33114756035525533,0.004450339258122127,0.1175546649442606,0.03704278697834037,0.07811512167802337,0.12960167179381493,0.03565792013633586,0.20634849145635045,21,False
33,0.07522030085579622,0.020470276828139417,0.3165049509501242,0.017084180668978943,0.11461978971224165,0.046935525575022743,0.0701987195753143,0.11481086618849182,0.03265620035091821,0.1914991892949726,21,False
34,0.027271692681834464,0.010408181756256466,0.31490689687563717,0.009649079830581522,0.107029474502025,0.047689655680239564,0.06730882586169251,0.13654612317243478,0.0697849633639477,0.2094051062753508,17,False
35,0.03095915704567024,0.006063986776479458,0.3168476712668051,0.010276186944560523,0.10552250745146034,0.0250320461266462,0.10702184896122251,0.11774497395905893,0.07806245872282326,0.20246916274527338,19,False
36,0.06607154340578705,0.00914730320688219,0.3427253059367835,0.00899264031796653,0.11743841400808375,0.04143499662398893,0.06426008992911934,0.12553635062008664,0.020376804238697758,0.20401655171260427,21,False
37,0.04528872877804755,0.0373399309736797,0.30862700943309357,0.0,0.10335952003089573,0.023153990691706497,0.09409074054380727,0.11490233981536974,0.07889097289388272,0.19434676683951732,18,False
38,0.05036076368894279,0.028302256320339603,0.29702696190193095,0.003688078394000441,0.11834719744850246,0.022124339752248333,0.0738758828890324,0.12866238693593302,0.0893323936969655,0.18827973897210445,18,False
39,0.04589620518871009,0.01161828668985758,0.3199592620192314,0.009355120986013672,0.13343359980868374,0.08224035386137106,0.06920553492466547,0.11603581021528175,0.01796461648814768,0.19429120981803766,23,False
40,0.02105789637013836,0.017869989782735938,0.29828934129807466,0.010225060825493255,0.11534028785301029,0.020817221808515817,0.09695295859266562,0.1268933830837937,0.08884448212641655,0.20370937825915583,19,False
41,0.07182593302381528,0.0,0.3137196019910607,0.02560428427244239,0.10522395173577581,0.06634849679657301,0.06221726377841006,0.12986063750270288,0.014649002331576755,0.21055082856764312,21,False
42,0.04678874005762256,0.006386592049253918,0.3226034957511879,0.0,0.1279501947311848,0.04424635888952903,0.08073399582445832,0.1377308044405077,0.05639654244266922,0.1771632758135865,14,False
43,0.07481402761270413,0.012828615347510803,0.29216233779057565,0.021867468398784073,0.07637913576614788,0.051175707257610066,0.06295862965831406,0.14270375969035679,0.08142906276029147,0.18368125571770513,22,False
44,0.031049615067872564,0.02711677368798843,0.29175261684979464,0.01025210888737294,0.10256169640497871,0.036561536034875525,0.1009067010393454,0.1163871596610514,0.08850469218446197,0.1949071001822584,19,False
45,0.07036212553339966,0.023233466443644966,0.30210084842692947,0.00851828745164226,0.0917661402551627,0.07201118824259083,0.06914691835098137,0.11487239426789479,0.054548662035899184,0.19343996899185475,22,False
46,0.035370831121956936,0.0,0.3166542962880852,0.010689749900957111,0.10820621839319601,0.04726007389644265,0.11179775997277233,0.12110503931117053,0.0699299812741,0.17898604984131922,19,False
47,0.04881796316037771,0.0,0.3241131664559948,0.0,0.1231821447784936,0.02199720560903666,0.08052011461843445,0.14851055576212602,0.06706948234912156,0.18578936726641526,14,False
48,0.027193893748538592,0.0,0.30301501593323793,0.011792396211596402,0.10178806496666092,0.0445139237318025,0.1133943604938425,0.11528392140183258,0.0807674451134389,0.20225097839904957,19,False
49,0.03987002004117598,0.014822723491579436,0.31226980255433545,0.0,0.11682711137260368,0.03088069487158758,0.09798922928168459,0.1366751374710735,0.07611643047664418,0.17454885043931545,19,False
50,0.03845827809507984,0.0,0.3372518804577222,0.0,0.10320421123574279,0.03574744738570827,0.07260279810423793,0.12876664891078035,0.07429321482923777,0.20967552098149084,14,False
51,0.06387698488150426,0.03169161886124043,0.28965322938195903,0.00952334306179792,0.09386264122703575,0.042704149077266246,0.050399788898007794,0.13613731398705256,0.09991213003768457,0.1822388005864515,27,False
52,0.030939122288398895,0.010920918968674982,0.31947680905321457,0.009288573188666454,0.12913497402701224,0.04364955841721121,0.07461483055274473,0.1263845963863435,0.07283856011118085,0.1827520570065526,16,False
53,0.060513148534009194,0.005358953990901051,0.29764844157210985,0.024168228179685013,0.0799709443316754,0.051149442597725824,0.07395280178966585,0.1434771817096648,0.05479683757376659,0.2089640197207963,22,False
54,0.03771421770413133,0.018999986328849448,0.3052161438482725,0.0,0.11932526809546717,0.0432242719126971,0.09066350053624654,0.11434917614039357,0.06782439002090979,0.20268304541303261,19,False
55,0.04585234238823774,0.015153411128949981,0.3412618510547852,0.0,0.10014481110063596,0.04191824218551534,0.07444153001309521,0.15076100006849175,0.049780445410945874,0.1806863666493429,20,False
56,0.06228961847784291,0.0,0.2967218828606327,0.0,0.12012455761894483,0.025305874039485313,0.08043629496890704,0.14500921195667424,0.08301330031569554,0.1870992597618175,15,False
57,0.07707302577354672,0.01602417171548897,0.3048826666482128,0.02174143262390848,0.105121688315248,0.03586660020454726,0.08273679868713507,0.13318060186247666,0.05460050323527061,0.1687725109341654,22,False
58,0.055252088720064624,0.0014365402515229189,0.31087128163732136,0.019076007107455255,0.10002806199754859,0.05117530967364264,0.06688128927686536,0.13222202739936814,0.06761567119789204,0.19544172273831903,22,False
59,0.08896145130189838,0.03368258955914654,0.2911235933137152,0.018642983445962154,0.07935148857911646,0.02563160264073473,0.06017644428842901,0.13699615954430197,0.07909355368266792,0.18634013364402763,27,False
60,0.006577238833367959,0.017393492262320877,0.3144713558705163,0.0,0.10485221038051691,0.0,0.10538583772945966,0.12866003314396846,0.09282280340370339,0.2298370283761464,24,False
61,0.0511203296537912,0.004239541490017095,0.3034239176528205,0.02788000149682929,0.10492052782588845,0.049393770270742536,0.06239430340102249,0.1240172304974611,0.07854895763814343,0.19406142007328378,22,False
62,0.052830667806433106,0.0,0.29092046328431603,0.019264816779541595,0.10441937049881163,0.08519440855534606,0.08118271836015731,0.14011245449962878,0.055815672137491446,0.1702594280782739,22,False
63,0.06779459187152756,0.028892359717026084,0.27960802619788017,0.002605837174500326,0.10583781727421088,0.0764172570348708,0.06971112175964779,0.1334701934735825,0.04644580694814505,0.18921698854860872,22,False
64,0.042456960106868356,0.005143160648574627,0.300835955604844,0.0,0.09486265777714564,0.04399845301803837,0.09875460941595848,0.12069676987498988,0.08395659446695368,0.20929483908662697,19,False
65,0.060816270281009756,0.01031024323347483,0.30173606555345617,0.040923501953108676,0.08765460974423782,0.04353339423392938,0.07632463074276635,0.12342504206804135,0.06942684095323383,0.18584940123674182,22,False
66,0.08159986015328913,0.012343292746583407,0.2974684654290248,0.028647916315388804,0.10103295763683401,0.053916089224752106,0.055581552948571394,0.12756347139440624,0.07493096086435419,0.16691543328679592,27,False
67,0.0834960473372703,0.023724688951218365,0.28668369344189537,0.016246463686298954,0.10177125469537125,0.05113658157061512,0.05828474721609462,0.12870497221483115,0.0945984375280689,0.15535311335833585,27,False
68,0.05989605081151874,0.030218634009565284,0.29999801845398505,0.030417753488168588,0.08903810500799499,0.04775618641966483,0.045618797880266515,0.14163698737654068,0.0721852824216084,0.18323418413068698,27,False
69,0.07097120136102658,0.027911276523819084,0.2886980459975193,0.022232402517718325,0.10652444392759715,0.053694709458798125,0.044791487996489354,0.12844377899983644,0.08982689398398151,0.16690575923321413,27,False
70,0.07819292625184704,0.021732870139955195,0.28274252860089777,0.02921330521367723,0.09240074285113539,0.06519937026594115,0.06407366531560037,0.13494259243151227,0.06738212731740448,0.16411987161202912,27,False
71,0.07345665309415485,0.04850145037509746,0.28213238695738835,0.030499216193862907,0.08375265451434147,0.021138109865151335,0.05491522086959592,0.14297423285322836,0.07796849730281297,0.1846615779743664,27,False
72,0.07273285190874544,0.03947989152717186,0.2781655293638556,0.04117597178803938,0.05717008550302818,0.0708050853782506,0.06482201377855511,0.10019362150865405,0.06560392701481008,0.20985102222888977,27,False
73,0.06429137056788521,0.020413545104084014,0.28677183732529093,0.015544011812316287,0.0994774609613747,0.04709347375966481,0.06515624857063375,0.14505080294573217,0.07542542290940422,0.18077582604361378,27,False
74,0.06204206769304485,0.0185781216559232,0.2859801896399917,0.019951112816978884,0.08340511641401298,0.06301922758769546,0.05421711288298051,0.1366951716768916,0.08453876929658045,0.19157311033590035,27,False
75,0.06995240526085207,0.014263072016162276,0.28210185283247025,0.03209278550352538,0.07933187106833804,0.0520910715431772,0.06573121145167293,0.13422437440700005,0.09213182884197842,0.1780795270748234,27,False
76,0.06145476661167617,0.038862113500318395,0.27664000941527084,0.026496334221407892,0.09065361975586166,0.04075235785539345,0.0738753180279518,0.1383162427114864,0.07757313621643555,0.175376101684198,27,False
77,0.06922252233851167,0.018491342818998547,0.31040780689918007,0.007886400813410036,0.0809725631174088,0.06518058575645501,0.06504880691607974,0.1278444570352146,0.06857465245176612,0.18637086185297547,22,False
78,0.0661683137226734,0.015535697877080153,0.2949760229974154,0.041252162125955394,0.07774108291937029,0.05324616917365531,0.04803590711308645,0.1331173355326867,0.08134083749524913,0.1885864710428278,27,False
79,0.06830594110197677,0.024247658399322403,0.29727862904165664,0.024255632296951726,0.08352664174799138,0.055766591837764834,0.0628953961524651,0.1179256364694785,0.08576814907001111,0.18002972388238164,27,False
80,0.07138277635977278,0.028190824747808884,0.27989536076718524,0.023649913859083598,0.08778752014209591,0.06413627801177484,0.055532484163224476,0.13102904194609544,0.08517388790060877,0.17322191210235008,27,False
81,0.07941063157392746,0.030123652096551597,0.279774467956384,0.02635247843895894,0.08634279885192017,0.06391527906507713,0.06222324514246345,0.12262338243433188,0.07959856771331653,0.1696354967270687,27,False
82,0.07348119637039759,0.03573644675412339,0.27679957300591496,0.02748101694909886,0.0728132449357578,0.04566471866889868,0.06959992379538119,0.13662719456010364,0.08665215050577013,0.17514453445455375,27,False
83,0.06457684352890825,0.03053348180739016,0.2740332482762693,0.026424076127577897,0.07681355858119536,0.0687148294117866,0.058617797190416564,0.12624249864472092,0.08713105343764167,0.18691261299409326,27,False
84,0.06769628931794015,0.0434488621629358,0.266130655236226,0.03732031081659289,0.07915807546325641,0.06099179848716422,0.05360504493842389,0.14654450506235556,0.07749738549449761,0.1676070730206075,27,False
85,0.07640091401770642,0.0243374210921895,0.28952401145755524,0.014884815896807502,0.09086962105928494,0.05224855727662363,0.0602032161041426,0.1172245253338854,0.07259129553431301,0.20171562222749162,27,False
86,0.07270025745190513,0.023847485988452963,0.2998713697130582,0.02941312643063948,0.10118905407824362,0.03455676194027954,0.055252043551831956,0.1246018578460833,0.09474247666626667,0.16382556633323908,27,False
87,0.07744351623396352,0.034845493845401525,0.2961759696809277,0.030563781685614574,0.09729989290566836,0.053331642685229004,0.03646470334805288,0.12837770476717672,0.07224234841400308,0.17325494643396264,27,False
88,0.05833112015710374,0.028906444035729433,0.2951916234714351,0.03719718317481533,0.08927264085092883,0.04855965637406356,0.0579661119718285,0.12224900530895792,0.08995613417013938,0.1723700804849981,27,False
89,0.09294478069483814,0.0288529964263962,0.2723327842921158,0.023187100620486158,0.09220184784184932,0.06213878127408966,0.0685755965135806,0.12306078331873498,0.06791781568081955,0.16878751333708963,27,False
90,0.07207219856160214,0.03239232338675727,0.27225942411178505,0.027087880026428705,0.08283780467098191,0.046892072547982035,0.05617923395133671,0.13722886073957663,0.08701267416900857,0.186037527834541,27,False
91,0.07884419935957702,0.016166278842949876,0.2891558116552924,0.03168707925820219,0.07721460937092449,0.05303863532830315,0.05616960939340224,0.13588486435818037,0.0665999956581106,0.19523891677505772,27,False
92,0.08105162512860487,0.012639113844538648,0.28888202673891705,0.036873181705376235,0.09262724631477277,0.04963344610048161,0.05025453296314399,0.1343303568667263,0.07767020464570358,0.17603826569173495,27,False
93,0.06566439606950128,0.015084963313935535,0.29363357931962364,0.02531528391603321,0.0778385678849239,0.06344336669873268,0.06276400707873031,0.15029296242744894,0.0808885881364184,0.16507428515465206,27,False
94,0.08071751598322255,0.024006323857459304,0.2752933737474732,0.028335689528949222,0.082923565692462,0.050567465143246185,0.09174173471818442,0.13086496073216813,0.0763246244299573,0.1592247461668777,27,False
95,0.05700280128689956,0.01641848066451124,0.280010206024836,0.0221043714832083,0.10186509021919765,0.05177077113579127,0.04863075754779325,0.13732012682420616,0.09522442255663265,0.18965297225692385,27,False
96,0.07218672556754208,0.04361866318634733,0.26940806727540756,0.01823269641961957,0.0846985981646543,0.06944603168200031,0.04407222971048853,0.13155935983891,0.08439281437631212,0.18238481377871804,27,False
97,0.07897101461678159,0.023389693299790855,0.2945981118358426,0.030235822087900027,0.0846533611338632,0.05890461998762816,0.035730257299229795,0.14056983539683954,0.08045540472948264,0.17249187961264173,27,False
98,0.06145596036257811,0.040452324241261786,0.28523529182808993,0.025496626467624885,0.09545061619701893,0.0705016218842488,0.05369555387205287,0.13025421076594929,0.07390830905555766,0.1635494853256177,27,False
99,0.07171416663305398,0.046015451526828795,0.29424753706383244,0.021117092906073668,0.0960526249954242,0.042437838907305576,0.054525246974697815,0.13467286554978433,0.08260957883608586,0.15660759660691329,27,False
100,0.07473969551241551,0.043419674648555784,0.29297151116275855,0.013038192267443644,0.08060396844730845,0.06127266413767449,0.060669449060384274,0.1214977382734447,0.0853714612774023,0.16641564521261215,27,False
101,0.05595673327283784,0.04147666126764628,0.2743473271204303,0.03202750561635382,0.0972406916003386,0.036424417213352364,0.06534844111678373,0.13451937778378048,0.076342782533318,0.18631606247515872,27,False
102,0.07443992392268353,0.04075313312250683,0.2711533340126184,0.00460470981371829,0.1008955035229874,0.04664603403227626,0.050104990770473604,0.1254592811499203,0.0893682026027761,0.1965748870500393,27,False
103,0.06006747561665175,0.03439274198875931,0.2647899292358968,0.04007884126404378,0.06508880515636689,0.07394335830253163,0.05793909190132901,0.14401747759428613,0.07877330833755562,0.18090897060257924,27,False
104,0.07697341250075816,0.03060133893906074,0.25625673813222544,0.041136703436486156,0.08552820788947973,0.05599550792779268,0.05695710900194689,0.1359576193367604,0.08769478773492506,0.1728985751005647,27,False
105,0.08356411117700906,0.031899556892344715,0.28435579842788344,0.018084824591229884,0.08721616270492853,0.05720994945383543,0.04763585992771349,0.143574151365212,0.0706644122500595,0.17579517320978405,27,False
106,0.08500315100793712,0.014259222112995396,0.2928460536923683,0.02405498831119576,0.08262963903545896,0.04256053357959619,0.0690212010939719,0.12943580266007995,0.09512758342975496,0.1650618250766414,27,False
107,0.08415245549321539,0.027056546114285054,0.26925423693924494,0.014508509922227906,0.08386823321379007,0.05462982960503646,0.06390266424080031,0.1443927447342179,0.07917222475161749,0.17906255498556448,27,False
108,0.06979369181839275,0.02940676260205946,0.27585752199434105,0.012658764612442709,0.10325801003254009,0.06856605386387925,0.0644985274174481,0.1267442354383345,0.09445447860085199,0.15476195361970999,27,False
109,0.06650741346407921,0.03126015769100224,0.25068137970672605,0.04235904639321133,0.07051991752518934,0.06463932140520517,0.07351435280482493,0.11179891911301147,0.0667592534256916,0.2219602384710587,72,False
110,0.07356328923013306,0.03317446632565679,0.2674979579010016,0.04753240535115199,0.05665118092247262,0.06365432504352479,0.05279795882079608,0.1040650438868908,0.07707294539383609,0.22399042712453626,72,False
111,0.07314401648033159,0.029874674279059963,0.2852932360909548,0.029003629131682022,0.06460007130549333,0.0800119435659572,0.06538071359641705,0.10253143608389471,0.057220762445735825,0.21293951702047353,72,False
112,0.07707908253071724,0.037850659123229664,0.27834253137365006,0.02774543686200997,0.08636427506562593,0.07398224002434753,0.05360181579162825,0.12591154677481595,0.08704520702032105,0.15207720543365427,27,False
113,0.07249169433098372,0.022526065965919967,0.27379903783278703,0.025464524775062683,0.09578088440021099,0.06567375449617456,0.0705402263460329,0.12841013434370094,0.07168191383963037,0.17363176366949676,27,False
114,0.06034145841315902,0.05701490267106627,0.2896372232127013,0.059712080534528617,0.042210081117235156,0.06341181334048673,0.07911666499155495,0.08875995396939093,0.05990626063336676,0.19988956111651016,72,False
115,0.0770179676851594,0.029714755314183786,0.28458706866693256,0.030606376299777544,0.09319544136407107,0.04016641359442039,0.05773030110652256,0.13244111025006897,0.07957704755613469,0.17496351816272893,27,False
116,0.07584519825536055,0.036290834260868744,0.28743741634489783,0.03667158618330251,0.07805067517196931,0.050655284313217024,0.06493792165140527,0.12271484066814999,0.08291122806370471,0.1644850150871241,27,False
117,0.08108396323202871,0.03656422818081355,0.29076914751931615,0.021578964489119355,0.04268382927220931,0.08252339229827817,0.06385529467724467,0.10198840419172221,0.0626032510674758,0.21634952507179211,72,False
118,0.06626022868638584,0.03980852837991868,0.2882469145930244,0.014322350510077965,0.09171882817779581,0.04974501471734617,0.05262873930055289,0.13712753646478346,0.07825189761896668,0.18188996155114823,27,False
119,0.060660777569523795,0.027930255322462436,0.272549419246047,0.04892632831840527,0.046117232797315305,0.07121227702504276,0.0560670324853381,0.10959497771201797,0.08347744309777834,0.22346425642606907,72,False
120,0.07572090594507055,0.052359973060963294,0.2708508978978936,0.04078250648014557,0.056016083650227685,0.06574840555334244,0.0757697581784279,0.09401064111857833,0.06361945809907568,0.2051213700162749,72,False
121,0.0810287091350483,0.028152106508465852,0.27581203485138084,0.02153773317311208,0.086920353786945,0.052171448292500276,0.05536261826137251,0.13419589375986998,0.0960911798728059,0.16872792235849932,27,False
122,0.07085337175655582,0.04164098873078334,0.27879801140399524,0.029034275227607594,0.07558071746141248,0.047495142185417685,0.07299648427757617,0.09856992350856415,0.07329332492715665,0.21173776052093074,72,False
123,0.09356377912284206,0.021705206801628324,0.29522489179863615,0.03675861370104305,0.04504499729967704,0.08316176301632136,0.07686197623250653,0.09205611550686899,0.06034767409932023,0.19527498242115646,72,False
124,0.07045624218102997,0.03450976804495701,0.27445109907087795,0.04084333797687009,0.06485669094569439,0.07484451396370138,0.07540003771546916,0.10204424413430604,0.0674919605723668,0.1951021053947271,72,False
125,0.05789995265629967,0.03836973652141535,0.26992009648737053,0.0514985708941361,0.044068553625187565,0.06849089757256045,0.072899529962443,0.09399739873012303,0.08140766088702808,0.2214476026634364,72,False
126,0.07831711471995227,0.04202492438018493,0.2848180668297617,0.027469600507304175,0.06472442441229398,0.09067149333759819,0.06075228299487011,0.09911022978865457,0.05898023391481236,0.1931316291145678,72,False
127,0.07994454891393285,0.03810668998483897,0.27342982450443776,0.05804496402399533,0.059495214125039,0.06016380950748962,0.08398224499218421,0.08090346613855334,0.05817038758663621,0.20775885022289264,72,False
128,0.07764024990662396,0.0469253827940927,0.2807320538003348,0.03291542132893485,0.060155751555097794,0.09668475688134014,0.04652432031255228,0.09528374994083422,0.06240033491372914,0.20073797856646008,72,False
129,0.06730695451815183,0.046667569922528455,0.28077292925344144,0.05880830724955384,0.049248198217258884,0.06796159706811727,0.057147168991256984,0.10705955679552459,0.05786024575222155,0.20716747223194515,72,False
130,0.0691750913632739,0.035592206049576885,0.2822618967092933,0.04112341504031522,0.058326541603960044,0.05585514943866084,0.07580396995172331,0.0998825622129427,0.06952500238974132,0.21245416524051253,72,False
131,0.07361381269511855,0.03397892579744872,0.2715294970322679,0.0328257231049195,0.04573397342046305,0.08863667079159247,0.0811643301868096,0.0985162992036464,0.07363915779167812,0.20036160997605573,72,False
132,0.03698802302046225,0.05041147338565265,0.2932234593774591,0.06863706066058581,0.06384187437348636,0.046774254327306294,0.07821615582582664,0.08893511980115745,0.07506848996442043,0.1979040892636431,114,False
133,0.05704067876968875,0.05853972709709083,0.26873133197542376,0.043650186745139624,0.05217513871288874,0.0634419275995512,0.06958798245229468,0.10925013107628184,0.0623050367204011,0.2152778588512395,72,False
134,0.0785595835362956,0.050966589528052116,0.2871867381782963,0.02809730096682131,0.05965561861683802,0.07614906255031223,0.04899996474356468,0.09746537233642052,0.060908091843035715,0.21201167770036347,72,False
135,0.07837312005003422,0.04804039922192548,0.2852518306866732,0.05486076225594818,0.04490749631052311,0.08258105704034598,0.04967232402046276,0.09936340180702934,0.058703283744151305,0.19824632486290636,72,False
136,0.07972451141295563,0.021693544851536982,0.2830619108458851,0.046048934097550336,0.036410010874760174,0.08371179787235057,0.06446823116522138,0.10381456143320558,0.06651469068753114,0.2145518067590031,72,False
137,0.07554965098535855,0.022466589309613032,0.2988109190503896,0.05146574336227559,0.06611303063980693,0.05045589163885985,0.046953362006999365,0.10232981874493283,0.06448102450681062,0.22137396975495371,72,False
138,0.08014805310597416,0.052905742810429014,0.30773166931358903,0.04359761542816996,0.049730985217177594,0.056976163246889866,0.07677725001615335,0.08117757211183092,0.057440136343636324,0.19351481240614973,114,False
139,0.07699720770716402,0.05502908041166114,0.2625393125879848,0.048103642853215285,0.0594432911433625,0.07860439380181397,0.07423711666568922,0.08185107994712856,0.06797018159489439,0.1952246932870862,72,False
140,0.090755412838197,0.0339040640160166,0.2936355491464272,0.0352471598116916,0.0509538953752008,0.0534715159313988,0.06323233346785859,0.1159141543236882,0.05632807803976991,0.20655783704975134,72,False
141,0.08364072443152397,0.05176879392830432,0.2672109801839197,0.05056989470701827,0.06626329384173568,0.06271597445737181,0.0677215207477885,0.1128940827780572,0.04352543811691949,0.19368929680736088,72,False
142,0.048813413814069076,0.06922629041638027,0.2915265320548351,0.07708424372525632,0.04955130275402231,0.044156597050465096,0.09146427222112953,0.0779990050510122,0.053757266389079794,0.1964210765237502,114,False
143,0.053035459115260766,0.029348669078156888,0.3093338965799022,0.044189454178146646,0.04170181695848085,0.06536958219350791,0.09921284343340432,0.09272598974866993,0.06160468246266631,0.20347760625180425,114,False
144,0.06414045537783383,0.05631238189648254,0.3068008716573361,0.05590103969741428,0.028449958452671474,0.06459607758744908,0.07491933839196194,0.08009878999419748,0.05457910308053345,0.21420198386411984,114,False
145,0.07488987600575198,0.03675505962374932,0.2755018673824753,0.04708799443856978,0.04160182064399745,0.087260158811999,0.06643674331040765,0.0926184733347138,0.06457409780276366,0.21327390864557205,72,False
146,0.06416699285137277,0.06803697094551778,0.2998803345805992,0.07777632844397818,0.03322352341044754,0.04535628446299269,0.07002915809860977,0.08838504997952742,0.04592332319705664,0.20722203402989808,114,False
147,0.04770799948921653,0.054527438788059886,0.3037160044380889,0.06566353657210319,0.04394827845363664,0.070885726302234,0.08197693958019517,0.10576254563108853,0.04289777956858074,0.18291375117679648,114,False
148,0.06272124957561816,0.06020248419621663,0.29135994435230683,0.05976887431974086,0.05022743250599939,0.06085388372021855,0.05139211247893533,0.09422565374436115,0.060360892939689076,0.20888747216691414,114,False
149,0.05730814800253341,0.07038843386119786,0.278340852534326,0.05656333789724247,0.06135076213110439,0.04030306829597447,0.06888230544542497,0.10321120759348051,0.06811390063759101,0.1955379836011249,114,False
150,0.06582032772853592,0.04366428557660673,0.29140429271299106,0.06584421552593019,0.05517917626356369,0.06571032373349693,0.07382943994147158,0.08910802496097651,0.04707767244268318,0.20236224111374418,114,False
151,0.05787606063747946,0.060277224557354445,0.28416032172414424,0.06285328045587389,0.04806625910761894,0.07493903944521602,0.061092993932144936,0.09136301159304806,0.06307247164102553,0.19629933690609436,114,False
152,0.06576063282574929,0.04715548331224377,0.30606843971597736,0.06629109819328294,0.019493685668401255,0.056051014052098655,0.09004182698312865,0.09644925777897492,0.055826096564873424,0.1968624649052698,114,False
153,0.0630357287243857,0.05932783569113358,0.29487888463301404,0.060969194916133965,0.05236261667150728,0.04765770081520348,0.06701550049126535,0.10766107263980688,0.043734247769541705,0.2033572176480081,114,False
154,0.057166909989682865,0.05353159411713916,0.2720118928850527,0.0650279462873191,0.037566610197109294,0.061974675297964445,0.08839781263624844,0.09107714281603664,0.06294118402425192,0.2103042317491955,114,False
155,0.04443581130489721,0.06048670584969351,0.30413310218892414,0.05795804184943093,0.03114827569833847,0.06572561869168683,0.08745203505821492,0.0859543929450761,0.05306675456883104,0.20963926184490683,114,False
156,0.06604392221873238,0.08189968468904477,0.286921063246855,0.04695526764943287,0.031726064395962095,0.06929907929498269,0.07197107406513034,0.08786079854976246,0.06682498796256715,0.19049805792753016,114,False
157,0.0681259494602617,0.06226924870641713,0.28583472984221564,0.052000249627671614,0.03158933908105384,0.07466161491656431,0.08343199205892937,0.0941650130730529,0.05004606376321903,0.19787579947061448,114,False
158,0.05991217513630453,0.05143280516308636,0.2813231949320119,0.05692436410871935,0.036615463311344645,0.06326519787287206,0.09133938066395927,0.08425978127533144,0.0607923013728371,0.2141353361635334,114,False
159,0.03932086986881012,0.05742855464325667,0.2840402943194196,0.05641089127167199,0.023027789921848688,0.07398948079577782,0.10954851798528503,0.07621401891850849,0.0797946595313079,0.20022492274411366,114,False
160,0.05981312515434233,0.06787089793403271,0.2765405518651929,0.044219434984080874,0.029748290583650715,0.0720740778166008,0.09468700732700354,0.08414950238377113,0.05795224078673044,0.21294487116459462,114,False
161,0.04518885668792544,0.04160909587292958,0.2999594613652031,0.0595544047512396,0.06112685361574969,0.0597260811163481,0.07661844451787668,0.08606447280547777,0.06983379295838785,0.2003185363088622,114,False
162,0.06402655217500232,0.048794105847964155,0.2827612938324994,0.05579664362422475,0.056975177567486796,0.07352173597155622,0.07783315665904737,0.09636596183788403,0.05118980932400266,0.19273556316033225,114,False
163,0.04300819950138774,0.053985448781884625,0.2960248132285623,0.07043993734089578,0.03692486795748917,0.0608259661326278,0.07779905253793858,0.10395726327960862,0.06368599562375807,0.1933484556158473,114,False
164,0.0517446237931219,0.05538322176035461,0.29598701148781537,0.05779748682151187,0.03587752677069616,0.07385686545506029,0.08192201818084523,0.0796466346171923,0.06929454412165892,0.19849006699174357,114,False
165,0.05990948565344347,0.08151529424402408,0.27792126550358925,0.07154875393051022,0.02042049851202326,0.05230954040514705,0.0848228936791058,0.08731797403296634,0.06318514038415636,0.2010491536550342,114,False
166,0.051807277402961774,0.0554972663243962,0.294979799626992,0.06432994611555536,0.04362934614887317,0.06313080228714747,0.0664586678713219,0.07681425212022798,0.06949819728804793,0.21385444481447616,114,False
167,0.0713692659606959,0.04965198654708921,0.2795947661798357,0.06583884241222783,0.04024470710053421,0.06432017812037215,0.0700810226807922,0.08824039445596082,0.06255512844587892,0.20810370809661297,114,False
168,0.04034131403369165,0.0541358787546753,0.2959024738418331,0.07308984112673515,0.04917590236928438,0.055255673680417915,0.07664323998153443,0.09519759488192728,0.06269493361326127,0.1975631477166395,114,False
169,0.09191022632338156,0.0615614082223191,0.2996315744580086,0.05108405793199463,0.03319575565704936,0.06202191224924338,0.0825760545630705,0.07823576211686276,0.0572907169013204,0.18249253157674997,114,False
170,0.06929944346322989,0.050855588795064154,0.28291928847291103,0.046272040300245725,0.05060118856600143,0.06334564435503834,0.06572724829462306,0.08840807426458368,0.06535186462878206,0.21721961885952065,114,False
171,0.05244948287210127,0.05477095374520191,0.3024587396696487,0.05251428693922321,0.036457272690279895,0.0716661000509185,0.07546740034672667,0.09043189481256926,0.057927592739863164,0.2058562761334673,114,False
172,0.049791924489003464,0.07708236762273159,0.31099178428531654,0.06360474070688861,0.03249534014457879,0.06287283366722805,0.06763762811749385,0.0761507055964868,0.04955689185934108,0.20981578351093125,114,False
173,0.05206053550660433,0.07132774783885115,0.28145207596541066,0.06815856094254023,0.038087965036981884,0.05241232582152856,0.06441538712403622,0.09496380790737244,0.05588426118236971,0.22123733267430482,114,False
174,0.060785363551470004,0.06583345152103531,0.2893881418616625,0.05802138781092254,0.0253422767882473,0.053638772314737695,0.07958994736571197,0.09853366248147694,0.0724944341373926,0.19637256216734328,114,False
175,0.059858314412000235,0.07254448547811831,0.27073962891597186,0.06252565286767098,0.04104879933348118,0.07659861525164892,0.05902243725952104,0.08684553589174979,0.05245767720788218,0.21835885338195546,114,False
176,0.05728106111989066,0.06488731957075804,0.2884720980833189,0.06761339231212553,0.030378292682081472,0.07319759087687641,0.07430591115841986,0.08024413541392941,0.04969384164724591,0.21392635713535366,114,False
177,0.048573508543879367,0.05147404337468944,0.2850815174398437,0.05825642583035179,0.03175459153114399,0.07120964052319634,0.0925345844443156,0.0985775046641732,0.06586467904509072,0.19667350460331587,114,False
178,0.07010259919615366,0.062180785426060585,0.2894596132190648,0.06171481787841906,0.042421859762871585,0.0542959435027266,0.07901969786769601,0.09111360486880989,0.06157454667530315,0.18811653160289474,114,False
179,0.04763892311399093,0.07896014260054458,0.27949492460758196,0.054421018897169514,0.018418634603128915,0.07581811423796105,0.08293640692731195,0.09383556440102651,0.05853469145833662,0.209941579152948,114,False
180,0.0616848903709629,0.04414519455706669,0.3089691648602574,0.0498967789250874,0.06318901311825974,0.06049206743357653,0.07937588020105936,0.07976780943591817,0.04772269632888064,0.20475650476893123,114,False
181,0.05816878208082655,0.06466716524869467,0.3041476501471466,0.06781719635105597,0.02514236950129919,0.07111619969197111,0.06853381566651784,0.09283546441709836,0.05557167692196949,0.19199967997342016,114,False
182,0.056693322953350334,0.05779109337304591,0.30674586572529783,0.047782985553980736,0.049495977436649866,0.05585011341815171,0.07074837089646384,0.0905585526829149,0.05628875309069907,0.20804496486944576,114,False
183,0.05328783215929833,0.06373546299826882,0.2843405531294031,0.07923490566681334,0.049442138387086824,0.062357911468100956,0.0790480145940111,0.09367570232561491,0.056609107577453716,0.17826837169394896,142,False
184,0.06567476668292489,0.0703389046805847,0.30422045049396845,0.04926269391853625,0.03157286097330657,0.06200021394806256,0.07007111007739956,0.09529033524058825,0.05331346076807229,0.19825520321655646,114,False
185,0.05051880353927067,0.06166095607098359,0.30006966019014375,0.0518415713154923,0.039498525791671776,0.06111713714020366,0.07584504875721024,0.10141942169394112,0.05375890241150732,0.2042699730895756,114,False
186,0.039283577966642357,0.06594047012784607,0.31015446083615805,0.052362792195350526,0.03238778637175057,0.06612300208717119,0.08704507150364235,0.0946367358094292,0.050921224190123376,0.20114487891188632,114,False
187,0.05092489256338244,0.05154022547812537,0.29516303508808217,0.061991970889818726,0.04826823761100764,0.04685196352850326,0.07455910245043929,0.09444455636907845,0.05639299666497102,0.21986301935659164,114,False
188,0.051788453263674795,0.06320778390639749,0.29897593318232574,0.059269209920423456,0.0341494168176039,0.056395903422373925,0.0855436200537319,0.0902387208987137,0.06005551622166777,0.20037544231308727,114,False
