ID,strat_res0,strat_res1,strat_res2,strat_res3,strat_res4,strat_res5,strat_res6,strat_res7,strat_res8,strat_res9,ancestor,alive_at_end
0,0.0998275983530636,0.09986622122580385,0.19039164881593326,0.011818173259990617,0.11018822030196682,0.28538796982759684,0.027773709764731983,0.052829721689574456,0.04887852955615721,0.07303820720518138,0,False
1,0.08854156175245215,0.11160640702136847,0.17544559680163654,0.010276799736454923,0.10347904825999323,0.27840418578992115,0.0381151905020431,0.05730783040334371,0.05729255512385066,0.07953082460893617,0,False
2,0.09190091028946067,0.11707742792484371,0.19637849859471496,0.006033718551007232,0.1158435119547099,0.2628328667547391,0.03747339878738864,0.058538120056918955,0.04855757269793051,0.06536397438828627,1,False
3,0.08544809714230978,0.12097130834696034,0.19089964721010372,0.01505116834161481,0.12372803408095916,0.25585477234513443,0.039753972395072404,0.04253629314550029,0.055554031419288184,0.07020267557305684,2,False
4,0.08246352312354094,0.1380996636935929,0.19129310177298606,0.011621890644550142,0.13094228745755335,0.26496400200861525,0.04414936336812014,0.03556486342476005,0.03258175941921836,0.06831954508706287,3,False
5,0.07282259379599332,0.1494860039431888,0.19624217531954066,0.016541744779871043,0.11988745204128733,0.2515914581692806,0.04489883256746267,0.042335170503900545,0.044892326498137625,0.061302242381337434,4,False
6,0.06090779124350166,0.17413458729265577,0.20789624827343486,0.003521763421000618,0.12272498420903064,0.242745916454546,0.042428752880087114,0.04947821734736093,0.03384402732606412,0.06231771155231836,5,False
7,0.04873395351240846,0.16773087882415383,0.1902408828479015,0.0,0.1312050018525184,0.2457567393897365,0.047164558640747756,0.06164542896000802,0.04756004144160172,0.059962514530923695,6,False
8,0.05497363197414595,0.16461590766005701,0.2055781203404395,0.0021717698958485187,0.11715669398122515,0.22533908627505694,0.04020175219836702,0.08084770040621692,0.05747471094794702,0.05164062632069616,7,False
9,0.0479509411301752,0.16860073411338872,0.19675589812351335,0.009713192825837732,0.11866597582155972,0.21024751668940891,0.05232592608662864,0.07584677732895496,0.05856248382905509,0.06133055405147753,8,False
10,0.05115997609380366,0.16400213009376619,0.1983194557882846,0.006338133259629325,0.10498816698573012,0.19824504254611755,0.059797904223209505,0.07815715414690652,0.06178316387144427,0.07720887299110823,9,False
11,0.05509426338850193,0.1538404690583459,0.18625658404494055,0.016515824006676443,0.10444503172683617,0.1982530526581973,0.07015251807791942,0.0851215101502084,0.04859793830004776,0.08172280858832605,10,False
12,0.05367160953281737,0.17646456996708865,0.19915596842675723,0.007577399747809259,0.11643926554836011,0.21811811991663635,0.042325849913649634,0.08202166711431168,0.05008622105886276,0.05413932877370693,8,False
13,0.05898418608673293,0.18221778323574273,0.19209861958423258,0.015725858080801753,0.10140620210467856,0.21616228801328327,0.03705774123455592,0.09073824218596217,0.059037848827555375,0.046571230646454756,12,False
14,0.05590038159098743,0.19180127457375432,0.19977037815215293,0.0,0.13056014604017827,0.22009035465266896,0.01667677917158183,0.08585366397321978,0.031389758942162976,0.06795726290329354,12,False
15,0.048227278793693824,0.17908196304988294,0.1990211307185085,0.010972875060433387,0.10849155373025131,0.23019683192011423,0.02386648316324414,0.08898823638650846,0.07137298008798364,0.03978066708937953,12,False
16,0.04816807339294938,0.17497249721070063,0.19683608689304274,0.02497946461146508,0.08709515112032117,0.20240832744910112,0.06662867207492144,0.08128384467996046,0.032051399638178865,0.08557648292935924,11,False
17,0.06402312711823094,0.16772955628604577,0.18381227770192068,0.0,0.11903877507492358,0.2352986740659646,0.035576697459537815,0.0610166543137877,0.05053900082899659,0.08296523715059223,9,False
18,0.04371594436111894,0.1721987492357312,0.20114784164573912,0.024732140262932172,0.11990714374707648,0.21302719407749401,0.026916974072647076,0.08415943107607327,0.06389557467555988,0.050299006845627936,12,False
19,0.05239699322168611,0.16452118931751397,0.20723208619270295,0.032075753037035484,0.11076505885261531,0.2159836027070875,0.0186008797473469,0.08463687765295576,0.0675869116257314,0.04620064764532461,18,False
20,0.058708540663818254,0.19130827385235397,0.18483649955573034,0.016782197516274074,0.11880273775216323,0.22620318634917772,0.04259980072127388,0.07408841000576093,0.04425540084576595,0.042414952737681685,12,False
21,0.034266706631895044,0.17777110128628687,0.19465350457415467,0.022235553716962907,0.11675074323989702,0.238417451763379,0.05719085678690523,0.0643972958306591,0.0493162991082804,0.04500048706157981,12,False
22,0.037181477914791775,0.15155406943994187,0.2047378959072292,0.040052848709052576,0.11228725927556181,0.2129114041077753,0.021094107101334088,0.09155691523069429,0.08233859411304617,0.046285428200572735,19,False
23,0.06396748357911097,0.18701643505919247,0.1824718460243423,0.0,0.11906163681413699,0.22524661558768358,0.03682508957681592,0.08748809427565833,0.03463224064126609,0.06329055844179325,12,False
24,0.0333323495944343,0.18588813690239459,0.19485236825628277,0.024700617931260892,0.11095930988014491,0.2309651556054337,0.010736753543151232,0.0982524749331452,0.06953823450784247,0.04077459884590987,15,False
25,0.05797328833861504,0.15128368905207704,0.18921660695520254,0.014041505716643437,0.10524995138116029,0.19643901126797716,0.07291334985611868,0.0755330359704414,0.06304583345576438,0.07430372800600012,10,False
26,0.04449466348263676,0.13829301749383693,0.2095267162482493,0.038130235492032725,0.10855588350950436,0.2428487501080637,0.0,0.09447162657751235,0.06534707724879414,0.058332029839369796,22,False
27,0.07132917649785084,0.15213748142592604,0.18636150941202473,0.020794951990837675,0.09954956965308241,0.18983909308789446,0.07447310658163542,0.07212362774921521,0.044747593132169555,0.08864389046936369,11,False
28,0.023358145339236948,0.17771593339618053,0.21598862866030127,0.0017392032255622728,0.11246310202469333,0.252880013715435,0.06487918859355063,0.07179790094936252,0.04740105766944457,0.03177682642623279,21,False
29,0.04327305182897065,0.17790913891849547,0.18831595401519194,0.020960911329123425,0.1211949996454834,0.23458047142809962,0.03398366751393458,0.08038769690510221,0.04866806298769887,0.05072604542789992,12,False
30,0.05624208749318579,0.16981929903554305,0.18510856204154613,0.014218268237378128,0.12015712173086865,0.20471131321862798,0.033087901947289396,0.08857137024351734,0.07358974801772801,0.05449432803431555,9,False
31,0.03858102731221686,0.19105981188863763,0.2173929242865321,0.007657157430819682,0.11828002975259222,0.2081732590431837,0.03672987229400558,0.07531068152532781,0.031116446707399742,0.0756987897592847,12,False
32,0.0625232413937782,0.19414318070932687,0.18620495889757105,0.009460974654555738,0.10636453397750203,0.21284905158168194,0.034760853306533245,0.07939409427386329,0.06271670325273969,0.05158240795244797,13,False
33,0.06187357571531148,0.1645936306948629,0.22221018749445673,0.005783652270097306,0.112037093414138,0.183433318184495,0.054195550602938805,0.06386330516210748,0.05728463873886459,0.07472504772272777,10,False
34,0.04528638687352177,0.1607136978110885,0.1961327306035901,0.0,0.11010837271162674,0.2235412562177362,0.03542188176129797,0.09297999974783276,0.07107003614320238,0.06474563813010362,8,False
35,0.0537261012091411,0.16447374113475172,0.19080144058125947,0.004159663859140519,0.11222173220222863,0.2508270394275728,0.039283416270124924,0.06981355840385706,0.03993564549428427,0.07475766141763958,17,False
36,0.03143514958997027,0.16086565880160206,0.2123746362712128,0.02090756100498901,0.12572180256598228,0.222209589814071,0.021282407682944787,0.08571973492675336,0.06888009476680637,0.050603364575668164,19,False
37,0.04701937435795624,0.20104974565106173,0.18830776271941063,0.010346185427390027,0.10163618708793781,0.2215739390973865,0.023668134219647214,0.08991348962110905,0.08352163969830136,0.03296354211979936,15,False
38,0.03668451364876841,0.1709530210067813,0.21260911207873318,0.0,0.110158862689792,0.22890513222424475,0.03333463335961062,0.08970264802112377,0.07997649467418527,0.03767558229676078,15,False
39,0.04446064181240356,0.15943452471322742,0.20118461379700814,0.0,0.09537671852231117,0.20835738249695923,0.06113139364635058,0.07597188720938902,0.0570011519560166,0.09708168584633416,10,False
40,0.04459589254539537,0.15367553283151297,0.18318068219420122,0.020045567608989023,0.0923199516763481,0.21279880581749294,0.05893534357403713,0.09698669719469297,0.046617166370160994,0.09084436018716932,11,False
41,0.033589521269298324,0.16089003810955407,0.1912735443315137,0.005963488392637111,0.14235643846402704,0.21413002341051565,0.04647792911080775,0.06786702841675307,0.06621398230982871,0.07123800618506458,9,False
42,0.04784933485358715,0.1599310239028642,0.19155756137240718,0.02500899143482036,0.13400699049271755,0.22098374891883937,0.012995535320665589,0.08035867680742106,0.07365588534789819,0.05365225154877934,18,False
43,0.05986853305837622,0.14303893964693984,0.1804928169910847,0.02668260382010271,0.10569268869964574,0.19275730243113873,0.08644408425611994,0.07537026694182325,0.04505845482218053,0.08459430933258834,11,False
44,0.03518158892190544,0.19800402571024986,0.20158507879790008,0.009252422080952845,0.09408773797956725,0.20170062168520383,0.06747088010522616,0.08509169855710282,0.01788111084986148,0.08974483531203026,16,False
45,0.04588880001769471,0.16021558987686702,0.196727596471368,0.03280769674950127,0.0899484087677981,0.1910006024389896,0.06550959141758475,0.08387724653073446,0.040969346400349375,0.09305512132911274,11,False
46,0.057311213244267724,0.15311940837836016,0.2044971005149853,0.0015262942945105848,0.11726954364487914,0.18922704822426542,0.06938456960709438,0.08143448065699888,0.04869875188751531,0.07753158954712315,11,False
47,0.0511105624211977,0.18308019925496058,0.19023990563479432,0.03513829196421626,0.08698127840842347,0.20538070425305394,0.06316462854739406,0.08071586226901332,0.020609949420803648,0.08357861782614279,16,False
48,0.056944745807736626,0.15352716045182468,0.19086367870547707,0.007700873847852348,0.07872205166023734,0.19328940765862507,0.07544063031927438,0.10959654174478922,0.03873183078904398,0.0951830790151393,11,False
49,0.054382633561387776,0.16692829693300837,0.18457919975940779,0.017484147782290224,0.10826058400106194,0.19454316912882993,0.09102912469172701,0.08329361839716741,0.03715088982530387,0.06234833591981566,11,False
50,0.05680329116537316,0.15213645713844223,0.1762959812478045,0.03368191511688046,0.0967729370145059,0.1992810234460745,0.06377709685832582,0.07433519780713385,0.07124831669619719,0.07566778350926223,11,False
51,0.06098919633961829,0.17663523357785774,0.18685101938326634,0.00355425428811011,0.12075531858546049,0.23770422229239194,0.03068735889865474,0.043285309137604665,0.04242210056623741,0.09711598693079826,17,False
52,0.05803346224135199,0.14867791179414452,0.1978183243584423,0.008712732366536724,0.10493219696241295,0.20446616011322957,0.05639208127882772,0.07525620688233761,0.062122236180495345,0.08358868782222123,11,False
53,0.057450570155529374,0.17270316193839474,0.19052708678498664,0.013017785832571975,0.10560233071299624,0.20801205386066157,0.06547479399692556,0.08675070882877312,0.03000295356962102,0.07045855431953975,11,False
54,0.0659298568748685,0.16445863201822697,0.17271575261583327,0.026522500774842826,0.1100862155966691,0.18345778001814564,0.06686836875413235,0.07694800791858175,0.049798479500658285,0.08321440592804118,11,False
55,0.06207426037993366,0.15461593338065358,0.17941970268457755,0.00551022090564423,0.12669819664279974,0.18718496442628638,0.06749504724332164,0.0837490783734922,0.054184774312067065,0.07906782165122397,11,False
56,0.06495626325786588,0.1456979761223638,0.1793624077887814,0.019068663955744806,0.11050764770366063,0.18966952966943573,0.07445208741434221,0.09243376518290414,0.0462263236043905,0.0776253353005109,11,False
57,0.08184255498257993,0.15084986228832784,0.1650045100337096,0.02977517902708572,0.09388443164934152,0.18644227873681396,0.08218638115309483,0.08382285321312043,0.05057442700962903,0.0756175219062972,11,False
58,0.06454770272430206,0.1718487692926287,0.1897321654025022,0.013322972750441768,0.09151112001650938,0.1865877155807653,0.08379290231120295,0.08748447017117063,0.04359825923319325,0.06757392251728367,11,False
59,0.03452079435228684,0.17011099782400158,0.198486387130603,0.00047731939460488265,0.10651866817227561,0.205054241563453,0.060926698130008776,0.08733153529998722,0.05003970419433854,0.08653365393844062,10,False
60,0.049898701444189696,0.15568689514670303,0.2010177084962451,0.013748260140100662,0.09547819841849094,0.21504622353672653,0.06538000346090247,0.08527606151280029,0.04937125680463857,0.06909669103920275,11,False
61,0.07116629432719715,0.16841372928210163,0.19697848274196736,0.02010183555223065,0.0874085604016994,0.18812565044867097,0.06933855505957454,0.07242161450676558,0.06472369419051142,0.06132158348928131,11,False
62,0.0484299122539148,0.1484738501061193,0.19034489549735203,0.019819330079779523,0.09694031085593312,0.18148707718105386,0.08067143441322301,0.07832511375629252,0.0661430105011184,0.08936506535521345,11,False
63,0.051309695802756974,0.17068012339837238,0.18799425616169982,0.010841310728657223,0.11685479170935818,0.1970694193720778,0.06789205396975725,0.07620575454921144,0.029785572134001948,0.09136702217410704,11,False
64,0.0416575290630489,0.1694967647574963,0.18119241278974613,0.020182734288910778,0.11398508682546035,0.19788245305975055,0.05694788442573814,0.07714899177674119,0.052992433645685545,0.08851370936742214,11,False
65,0.07078768089175168,0.15199023663383487,0.18148690649730911,0.014787266918756207,0.10694088836118515,0.20252695271392543,0.07176568156278493,0.08801398513082545,0.039593271922268886,0.07210712936735826,11,False
66,0.06979298202727079,0.15637599633497162,0.18557740923477778,0.004734407200495515,0.10610177537002086,0.1985480940261814,0.06650351497570701,0.08433323486337746,0.039201387814123384,0.08883119815307416,11,False
67,0.04057094841209916,0.17082393802275922,0.21040124104083324,0.011437489691836847,0.10768103171328174,0.20232671146040612,0.06519312426833816,0.0797691861454047,0.033676685571690027,0.07811964367335084,11,False
68,0.07118813257717468,0.15133969520151103,0.17349418780739484,0.03137542364064323,0.1047305277457071,0.18387137941140172,0.0599029160916807,0.08025212992326083,0.03436184775725991,0.10948375984396584,11,False
69,0.053726666660187834,0.15638275606445617,0.1716362646705545,0.010564686388599507,0.10463355183221267,0.19854866460917198,0.07481774024094559,0.0987133665031482,0.04297997082560641,0.08799633220511709,11,False
70,0.05547250604648501,0.14989584231633094,0.1923193972913039,0.03249721706507055,0.09865159748697619,0.20664979390862376,0.06318581558068773,0.08241631454531738,0.04920495439185098,0.06970656136735358,11,False
71,0.06611866453800236,0.16752224445440084,0.1729608744177999,0.01444061556261062,0.09095358854409616,0.19594433195117747,0.07689933254246617,0.0834778047507831,0.03753958205317968,0.0941429611854837,11,False
72,0.05292244337970315,0.1484723875936197,0.1999979849319275,0.01633963839642595,0.09783517965386537,0.19900391925290728,0.08083532121803322,0.08613870494560796,0.040189451895852796,0.07826496873205709,11,False
73,0.039157206502924424,0.15124197155189753,0.2020107577561304,0.03125743212266086,0.10586356622786466,0.18933227859700116,0.07352945319407582,0.0979432337277988,0.03661312513536954,0.07305097518427667,11,False
74,0.058094210960372344,0.16554439398346757,0.2034415252924472,0.02154373807469825,0.09062984622011176,0.20986042141892605,0.062642329970522,0.0860667833919044,0.032451578720433666,0.06972517196711678,11,False
75,0.07906440858989386,0.13751669974414454,0.1803210935859016,0.0039523240643218405,0.10801511762787072,0.2004515093342028,0.07112258703771851,0.08574142370003286,0.0443651183967011,0.08944971791921233,11,False
76,0.0527279156579099,0.15428911914535606,0.1917997366136617,0.03325023960278026,0.09664250745379753,0.21257376402095512,0.0803748728513794,0.08059953335258284,0.02819728311061714,0.06954502819096023,11,False
77,0.06556349457095284,0.15315283338151564,0.1808228509190317,0.015494872514641392,0.11195098544992302,0.16647049580968615,0.07926758573250497,0.08233509892399304,0.04534480541206758,0.09959697728568362,11,False
78,0.05958677132865325,0.16288657703698597,0.17827975424144857,0.009199260468778841,0.09834780917463491,0.19425038615403026,0.06197053807827195,0.09142532164879534,0.055653336489171326,0.08840024537922948,11,False
79,0.07199665002578778,0.15852099937945333,0.18154987535331368,0.01438063365019608,0.09743190042827707,0.18492965189070873,0.0641667378219921,0.08585412693313783,0.041671770232853934,0.09949765428427952,11,False
80,0.03933269609570072,0.14582393351637302,0.19035660404921725,0.028370325091904184,0.1061757682550276,0.19624615480771151,0.08293319907011669,0.08803521469641772,0.034194464041159535,0.08853164037637185,11,False
81,0.053965979588619054,0.14502365488934787,0.189207243846753,0.022136868108105487,0.10443091322782519,0.20006342486911105,0.06354875766100611,0.09605326708890762,0.05527730007883091,0.07029259064149379,11,False
82,0.0485331758129653,0.1331176828683906,0.16821443012297282,0.03499988990693351,0.1104126902318091,0.19033318089587398,0.1284932137422378,0.06803182731493071,0.038168682854193565,0.0796952262496926,43,False
83,0.058855588142167056,0.16483612498835115,0.2091737556381568,0.01917453867787063,0.07852655177278758,0.2030336655523878,0.05581245423810819,0.07739664300877536,0.0402909137636548,0.09289976421774067,11,False
84,0.08579108976540144,0.1559556610618361,0.16535755600846921,0.028830239708537982,0.08633629666938296,0.18351951380419496,0.08092603418301432,0.09510556225401173,0.04453375438889089,0.07364429215626053,57,False
85,0.0669021884216331,0.15631635935528124,0.17371742929069917,0.00613727706288605,0.10271554596369215,0.1949987387809357,0.07983122581589243,0.09594707343886918,0.035963499588775955,0.08747066228133485,11,False
86,0.06582030201745984,0.14732428622521318,0.20056678891365648,0.01560168781068031,0.09103258942514195,0.1786982527152488,0.07146922396744493,0.08246741971164932,0.07073303608076238,0.07628641313274288,11,False
87,0.052871855689734286,0.17289755522360353,0.1682565104774496,0.028607072411065346,0.10289400324883193,0.194397985563309,0.05410528412642419,0.08880495096028089,0.06660397213147523,0.07056081016782599,11,False
88,0.024539276317931326,0.1651018406583005,0.20255349025150104,0.010569542495622107,0.11831380958877034,0.18865002392255475,0.06542282365539329,0.08245120832088985,0.051149106095103626,0.09124887869393303,11,False
89,0.06375104197397678,0.14016859904441983,0.1693547209516908,0.022761001238042256,0.11047924438925824,0.19830795886955838,0.10361732814231141,0.09592689489728466,0.027470822875977616,0.06816238761748007,43,False
90,0.05462721189583926,0.16334636498222968,0.18803734344080716,0.018335460085326875,0.09917137568693449,0.19707756841740806,0.06928742315443599,0.07623634867318062,0.04371339711474834,0.09016750654908944,11,False
91,0.07044796826959036,0.15610223017089686,0.15487869704174412,0.032425978604166336,0.08571637151114606,0.21218347398088117,0.07780103848314292,0.07410639836244796,0.04341815013183509,0.09291969344414909,57,False
92,0.08202437569126557,0.14314602593442233,0.17068980792268892,0.03935914397315078,0.08340265829901175,0.18691064843781147,0.0812915182949467,0.07181619308336117,0.05937956808424817,0.08198006027909309,57,False
93,0.03833065674110685,0.16459304886683734,0.18093386912233517,0.023202495509986862,0.10857492152197262,0.20614464878938898,0.0797037555768489,0.07898422751558595,0.0534843245239686,0.06604805183196864,11,False
94,0.06629277235429011,0.1678999434071477,0.1718121192072643,0.030019386402398148,0.10143674961096183,0.17565230023346198,0.07937952889248817,0.07700570996894696,0.061416483252413875,0.06908500667062695,57,False
95,0.05539978222371396,0.15241548696235657,0.19855790939482987,0.026429595234861464,0.0974861590573812,0.19218074195363605,0.06040490668191885,0.07459557183035771,0.06097762663571677,0.08155222002522756,11,False
96,0.03224585761030927,0.1528653392401543,0.19057187430588865,0.024606741629001744,0.1148832194159037,0.2081543857218716,0.05903766056954508,0.08220097779141441,0.054348472837651846,0.08108547087825943,11,False
97,0.08673669555444624,0.1407827795394364,0.15312110961620712,0.0240522654705952,0.10901965365680576,0.19098297740011913,0.07163215256246526,0.10308272710361759,0.03769323003338661,0.08289640906292059,57,False
98,0.08871054623777118,0.15013399340671618,0.1616450124787622,0.015961857743032885,0.09126034364926554,0.18626940002380568,0.08509869051916003,0.09110871338166683,0.056567639510208545,0.07324380304961087,57,False
99,0.06526479382831608,0.1324849589963109,0.18033873620263857,0.025668836431744158,0.11057829575928245,0.19161488126245776,0.08496345235577357,0.07876123645844679,0.03991378039747151,0.09041102830755827,43,False
100,0.07634862040716586,0.1431200600559715,0.17986198155943003,0.03437752512094109,0.10224811307096496,0.2047483195007611,0.08312722328089793,0.062044303346207065,0.04841212149303563,0.06571173216462477,43,False
101,0.08951878499280821,0.1759953201057109,0.1526392159712795,0.034408635752608156,0.082156888488149,0.16234372515093975,0.10076740698096727,0.0785936272722323,0.050683601397171325,0.07289279388813363,57,False
102,0.09109842531296117,0.16406990346945163,0.15868893807432072,0.021078938034076167,0.09808709616471815,0.16480416458184696,0.08649078031391785,0.09021175906452039,0.0542332693424788,0.07123672564170826,57,False
103,0.08040566469899522,0.16023744699333983,0.1626377489686912,0.013661891713420424,0.10560287635069716,0.18745203861645945,0.085938765188709,0.08382789989998624,0.057493000109572936,0.06274266746012847,57,False
104,0.06001270379215529,0.15386216536646202,0.16879659878053355,0.036550811903462044,0.09050956266395287,0.19383659716243928,0.08812898221385983,0.1049310641143952,0.04595704364671009,0.057414470356029694,57,False
105,0.07759713278499045,0.1466357673188305,0.15694806493865016,0.04824743945489179,0.09758970393452392,0.1913713844761954,0.08139505708281805,0.08639971096100099,0.04054017762897026,0.07327556141912848,57,False
106,0.08146399215615008,0.1518447886720173,0.18004812860900052,0.008437852641681938,0.0928657195973065,0.19821700406437298,0.07679290242411242,0.10316253144534906,0.03674653298212491,0.0704205474078843,57,False
107,0.08812383522640758,0.13885942334255194,0.1733434495887829,0.03495834579375733,0.0925896400213673,0.18140031395378312,0.06727536966875287,0.08029962778245552,0.05382219001713402,0.08932780460500735,57,False
108,0.07511784862347286,0.15689835496923293,0.1592897391758026,0.04958284530146933,0.09031458070190451,0.184986519020743,0.08461060286189685,0.07365201360136032,0.0411677414279987,0.08437975431611877,57,False
109,0.07498038281941324,0.16586136923381223,0.16558007919451778,0.0249692609425099,0.0961180334517034,0.18743827067369967,0.07377671993605095,0.08183820481083429,0.03965701155069827,0.08978066738676033,57,False
110,0.09367403648376789,0.15767614095947166,0.16515452303695885,0.002663291735531644,0.07798293422068366,0.1963228616728916,0.07906175854445337,0.07569140102442104,0.07936017041312586,0.07241288190869456,57,False
111,0.07550110231060153,0.15766172890032448,0.17338463332845333,0.01622669097914569,0.07913418589972948,0.18650199007411017,0.0911515137891598,0.09688446129483859,0.05346718156911727,0.07008651185451967,57,False
112,0.07826944785015157,0.14337620855823383,0.16660728181756101,0.048798692933266906,0.10112190976540386,0.1863464835933512,0.07489785606255635,0.06130678375420002,0.04916705036156149,0.09010828530371387,57,False
113,0.08360479441569747,0.15530879186846613,0.17539021877024336,0.020786773958835738,0.07958504701249508,0.17860628591956898,0.09464259901745398,0.07595635217175446,0.056732047307465956,0.07938708955801899,57,False
114,0.08041405680024508,0.13900005331628412,0.1844447383353726,0.010423154802709871,0.09455287545091082,0.18906893081646786,0.09418330800262996,0.1001208894259756,0.05637965070006928,0.051412342349334665,57,False
115,0.07749380395102846,0.16256406732158524,0.17521968642190897,0.02242628098622623,0.0917551331896898,0.19602015805463702,0.06939798559110931,0.07739138074104725,0.043211424914725835,0.08452007882804186,57,False
116,0.06685200912244037,0.13046015368038258,0.19706815862557003,0.02395399745167756,0.10292558122666716,0.18835977818961658,0.08008173486723079,0.09251312547107993,0.050970744964835536,0.06681471640049952,57,False
117,0.07712119876996704,0.14520414212209384,0.162391201332469,0.046737226380463716,0.07718096307999413,0.18677191681988636,0.0795856717882696,0.10001718026100437,0.05382462619993005,0.07116587324592188,57,False
118,0.07795560430237725,0.14535113060936147,0.17325093009572187,0.027876686859845113,0.09949278528994375,0.19807866336422011,0.07304707535638522,0.0805012382724354,0.049734378966303464,0.07471150688340647,57,False
119,0.07661921469020097,0.15651150981112585,0.16926490679613007,0.025705586750875913,0.10511564026709058,0.17261940024716405,0.0835305151811991,0.08087894108329025,0.05203119654245335,0.07772308863046996,57,False
120,0.08970899420922863,0.13854307789450743,0.16407591991442408,0.011210962953099594,0.12227473805849268,0.18901570814908594,0.09628508684213595,0.06496685212424219,0.04099804727769054,0.0829206125770929,57,False
121,0.07885878949429206,0.163647639718636,0.15990778467541536,0.028351862118480085,0.08884360269134475,0.18592980940630785,0.07648253355309967,0.0826558134269469,0.059751091994555756,0.07557107292092162,57,False
122,0.07985671842447256,0.1180377764236049,0.17792417888105957,0.03325381100682114,0.082626380491411,0.18652974918847123,0.10579181548617439,0.07261044184017366,0.04779993188965868,0.0955691963681528,92,False
123,0.09086577229557947,0.14479119175231014,0.16573756683845645,0.018365393902419248,0.09812955193543584,0.19368945103898672,0.08830293130869502,0.0991271891289368,0.03937174861681762,0.06161920318236271,57,False
124,0.07664277895908932,0.1708298761940795,0.1684601672775851,0.029466711800241796,0.09652952435639356,0.18123451272666827,0.07906327268419105,0.08268846967625781,0.05550405614646631,0.05958063017902728,57,False
125,0.059689988768305044,0.15462156522985435,0.17823636283518549,0.020388877910032868,0.1007248721907379,0.18085411850405364,0.08532378296671551,0.0781027940031924,0.054089398420804284,0.08796823917111843,43,False
126,0.07440165074243911,0.14478215700916916,0.16122074726701482,0.028993521536029083,0.09387232863771469,0.20154777828330317,0.08825399957750528,0.08051877775943315,0.04853838912218986,0.07787065006520151,57,False
127,0.081892299752308,0.1593181352754735,0.18048908755183232,0.01633472867191529,0.08562539399753065,0.18504222309318707,0.07894559740708383,0.07659801108050467,0.06187590427540014,0.07387861889476453,57,False
128,0.06480216323018531,0.15536177430926382,0.16472156588546769,0.022875396968108995,0.1091325439740986,0.19655566696770654,0.07211710687991235,0.09260626051874557,0.04720289130834556,0.07462462995816554,43,False
129,0.0820258072762371,0.1507355084544986,0.1629476236117167,0.03675659812416269,0.107032636618289,0.18196914233108566,0.08237166535019412,0.08445544776228857,0.056210756278439,0.055494814193088576,57,False
130,0.07363118704370308,0.15249907391835774,0.17245194622124405,0.02266469176832323,0.0858762248945234,0.19223528748516508,0.07421922505032906,0.08032255100206577,0.06947276279141529,0.07662704982487331,57,False
131,0.07614698471739063,0.15002485510357294,0.1826200616478366,0.013963381438605841,0.08658143969912162,0.18903595673288312,0.07552692997542305,0.08815220860330863,0.0684463729456176,0.0695018091362399,57,False
132,0.101223735664313,0.13481524195143,0.16833353897856326,0.028304680476320804,0.10681548880326423,0.19095559955982405,0.06866242157912675,0.08679219725951866,0.042142908842409905,0.0719541868852293,57,False
133,0.09231146741381696,0.14019402316104798,0.17052661319418544,0.04162721467624165,0.09597144312713857,0.16873598187400993,0.09405981652805243,0.06812971956013673,0.05104961252419331,0.07739410794117707,57,False
134,0.08356487479386158,0.14693463472563786,0.16911424999047756,0.03036640088145863,0.09583454953765225,0.19336266256331489,0.08302033111832614,0.07370255068428767,0.05579857322345807,0.06830117248152533,57,False
135,0.0940542516703187,0.15238433747586705,0.15909646308084352,0.025484230630833875,0.08990850058017379,0.20307885815435697,0.079134234374415,0.07623600146761365,0.04497042422073386,0.0756526983448437,57,False
136,0.07597838215611752,0.13842061101148714,0.16716910401160665,0.025000095032104288,0.10382672896238496,0.19083972626484347,0.09758339274654088,0.07858066430982795,0.040470729119045354,0.08213056638604176,57,False
137,0.08451389316616377,0.13761006426334052,0.17941546404857617,0.03513878395448955,0.09074563276259531,0.17493838071721152,0.07604020817016105,0.0911304363313668,0.06356693412224916,0.06690020246384623,57,False
138,0.07089160158314105,0.14977530969719485,0.1610264796921823,0.03669801390790987,0.09540461149595313,0.18464910215562239,0.08424619319230267,0.08492360376694708,0.06126053104163929,0.0711245534671074,57,False
139,0.0735767296014474,0.16346745773418453,0.15662520365346072,0.04392445300025154,0.10811175531479664,0.18407661588573246,0.08680991591251812,0.07793862092520809,0.042948439146942054,0.06252080882545848,57,False
140,0.08415767232219812,0.1543496988965649,0.1554944432191739,0.03601330644829198,0.0913939309773236,0.17372404644184555,0.08269550849315603,0.0742816236049782,0.07223732887750245,0.07565244071896542,92,False
141,0.07698632538373658,0.15612562635692206,0.16082206269393265,0.024760784792399505,0.0868297567868777,0.19140327025093512,0.08543153655476916,0.08290214493956094,0.05677944225534261,0.07795904998552372,57,False
142,0.08820645185282401,0.1383128584058153,0.1513097772461995,0.043629275939658235,0.09898108518565989,0.17871207075758533,0.08239612269842296,0.0870964087081638,0.05408073505047149,0.07727521415519957,57,False
143,0.09165624754874388,0.1470074513312892,0.16685585985233856,0.031217707999148903,0.09485338125848584,0.17935230125665275,0.07438967371341051,0.08578751031273756,0.035534727105243434,0.09334513962194929,57,False
144,0.08892764325712119,0.14791653368148833,0.1729976085309492,0.02638891396180033,0.0655791363804835,0.20757012426157337,0.08725694340244745,0.057276570996152874,0.07487915555089694,0.07120736997708674,92,False
145,0.07348535001853998,0.15236847677732854,0.15429019250259857,0.029016213362297302,0.09670181678080814,0.19042959068435372,0.10401982285942225,0.07750287142610271,0.048885801790816474,0.07329986379773228,57,False
146,0.09022097144008902,0.16843898472458954,0.1660679636405837,0.01824891823802523,0.09453624524649752,0.20019540168516656,0.08329624712353911,0.06886758354687686,0.05720588307880854,0.05292180127582395,57,False
147,0.07218199339774398,0.15801928923582437,0.1670024636046693,0.03158535075454822,0.09969600227613899,0.1915381046761414,0.08360496171602831,0.08532665329065575,0.04226304610181393,0.0687821349464357,57,False
148,0.07875598432357017,0.14371801121983666,0.15719982455829123,0.022634226495439187,0.08524980318940253,0.18106166272370403,0.09085869687137266,0.09147145748492781,0.05755725811884908,0.0914930750146066,92,False
149,0.08811885269345343,0.15419839969125487,0.16277456916053082,0.03815420649409411,0.09326030836934272,0.18397480237543823,0.07899294468322413,0.07613283997371324,0.03209462574775723,0.09229845081119117,57,False
150,0.08605727670846297,0.15716433390535722,0.15293928996458325,0.013399446892678366,0.08884293762823284,0.18679153843836677,0.08414581573504344,0.08982290840237958,0.06366710809844085,0.0771693442264547,57,False
151,0.09813763260962283,0.16871201365860497,0.15299232609000737,0.04453414783928549,0.08076820142936143,0.16254880630767793,0.0942775579018945,0.07695745520239185,0.048365434987554856,0.07270642397359876,101,False
152,0.07938120268043732,0.17056068084530995,0.150500174105504,0.04661450151332828,0.08753245398541133,0.16262938302090074,0.10141940795811674,0.08037246390420805,0.04923966243224452,0.07175006955453903,101,False
153,0.06232025989179128,0.15589956884268383,0.1638690658997708,0.050255206323381256,0.05265484193823108,0.2003997342421234,0.09527529164831702,0.10799938733282319,0.036418108287765365,0.0749085355931128,117,False
154,0.08181676397950338,0.1561952865641169,0.16997292005618564,0.03198282599381087,0.09126889817784894,0.19827024607922655,0.07021932380218422,0.07101024282901733,0.06380894492311683,0.06545454759498938,57,False
155,0.08321380769013183,0.13504996963038135,0.17853762349902155,0.03180574387702231,0.09256585015818151,0.20128217244593496,0.09493840936969399,0.04390731294746915,0.07080890851396351,0.06789020186819981,92,False
156,0.08759412771852176,0.14933000437332303,0.16996992172464534,0.0422146359817728,0.08718544330923328,0.1801761076167056,0.08178874920444489,0.07373274713106746,0.05320362426040838,0.07480463867987745,92,False
157,0.0968629258653086,0.1446798937082189,0.1708089468853784,0.023573274634240828,0.07675181217878091,0.19127925258706413,0.08104258319045526,0.0839250489869175,0.047547926539044376,0.08352833542459108,92,False
158,0.07083247511929823,0.1514706082257415,0.170526174094985,0.053876051513197215,0.06600440473124078,0.20638891716888594,0.07285336994523553,0.07139048484583732,0.06182439589147497,0.07483311846410358,92,False
159,0.05987529825214925,0.14264971506435925,0.1687809324946956,0.05769152741353286,0.10281103115770256,0.18644045943053394,0.06789465826258574,0.06510843608903369,0.06126796563857382,0.08747997619683327,112,False
160,0.0788030200689675,0.1327383181459226,0.17533137858167366,0.02173813900978416,0.09144322923778046,0.18895577080877016,0.0746098698009248,0.0931904957241774,0.050677221343940024,0.09251255727805925,57,False
161,0.06762373277924846,0.15484834008555076,0.16452708083590703,0.04250442371922861,0.08874000956332184,0.18588015874369382,0.07932421189305311,0.06254476925437062,0.05550669773763448,0.09850057538799124,92,False
162,0.062393864168764725,0.15533155671405782,0.16027292825409295,0.057016720092854876,0.05511905590538632,0.21238679854385603,0.08320534780609787,0.07604392262896692,0.07037040384530913,0.06785940204061347,158,False
163,0.08942497145918768,0.12789766847338976,0.17326080421248644,0.06411510045210296,0.09298537719507367,0.19464145113509593,0.07242076933586596,0.06819825204125056,0.04341961233509437,0.07363599336045258,92,False
164,0.09444836052552785,0.14401264962905497,0.1634701006874172,0.020932051629063947,0.10230783063626953,0.19232295525587098,0.0794371347465653,0.0813069206182712,0.05373149594050792,0.06803050033145111,57,False
165,0.10011977918732679,0.1359606403240699,0.17044594732662413,0.02065850877810383,0.08312774041106614,0.20219550216266638,0.07195381425381625,0.08806920205269583,0.050462954574028586,0.07700591092960216,57,False
166,0.07334786528382724,0.15838037249823209,0.1676082871802195,0.029316316931553784,0.08413279353821622,0.19761499093937285,0.07386194433690092,0.07791553342856922,0.06149419549192506,0.07632770037118315,92,False
167,0.09448299483744949,0.14860340489501236,0.16860999421751297,0.0281463192690751,0.08409980666586521,0.19062852824133797,0.07607263283382448,0.06816544588244891,0.04914580657042239,0.09204506658705101,92,False
168,0.061792652675091306,0.15252718091532255,0.19465297489499336,0.026888248989629125,0.07614860126006702,0.1784386900331216,0.08347165247509857,0.06596963987483422,0.06311077582378159,0.0969995830580606,92,False
169,0.1015379697267558,0.1271160258010905,0.1780800680242274,0.050509949751606525,0.07906476243712864,0.16775667282637172,0.09223336416029641,0.07342036068337562,0.042156620087318866,0.08812420650182852,92,False
170,0.07295927735803034,0.1388221477410906,0.17061965646803365,0.03829415019535531,0.08912510394442112,0.1837318505928152,0.08716589303009153,0.0766898374363078,0.04924068234373643,0.093351400890118,92,False
171,0.09620512252257019,0.14283952752657228,0.1643605543368893,0.03983677570486516,0.07930318704362123,0.17935583481829717,0.09163697484550498,0.07321378392255226,0.05748548200659312,0.07576275727253436,92,False
172,0.08985847466318266,0.12831925053827242,0.17219864181142586,0.049215248732995875,0.11290183461857353,0.17608181423903785,0.08989128662036798,0.05896735924368357,0.0392444023349932,0.08332168719746713,112,False
173,0.07765603154041777,0.15618391631620976,0.16363794778129936,0.03578361383468637,0.08886967152987454,0.18172789633046582,0.09164734758657929,0.07024510388015046,0.05951658987004347,0.07473188133027323,92,False
174,0.1045630354913451,0.1433878815036111,0.16721245483440736,0.06028336782942114,0.08369689242176824,0.166220360780311,0.07608049627074853,0.0812521816605259,0.0533138189327381,0.06398951027512367,92,False
175,0.08609580948823622,0.13941397194929978,0.15282807498367212,0.03249404469181885,0.10202526850894444,0.18137505274441773,0.10452347611739195,0.04768365016822173,0.05939001403473449,0.09417063731326279,92,False
176,0.07197084857385137,0.1637600716498225,0.18584477730462734,0.032153381658049575,0.091659576735611,0.1797988243501514,0.06795594993613345,0.06516349013525996,0.06959367355565498,0.07209940610083838,92,False
177,0.07266867212497187,0.13716334046929926,0.15876317156191183,0.021760373768171797,0.0935776948210117,0.194095032107992,0.08126789342957969,0.08728135263889585,0.060901987083529646,0.09252048199463635,92,False
178,0.07188878322965378,0.1400383196408195,0.18417999775621446,0.04491283751720799,0.08010287144471716,0.20322928182844677,0.07728564862750484,0.06582347101816538,0.04170719009311718,0.09083159884415287,92,False
179,0.07759025815834651,0.15437599832481994,0.1763759579841756,0.04332757911647806,0.08111886911050405,0.1687693443114891,0.08094937422239046,0.07052789418532975,0.06656455527205091,0.08040016931441571,92,False
180,0.08141118767291955,0.14630172434754612,0.18852876494552884,0.03001242330824568,0.08189495577422354,0.17147074161574535,0.08619942185572628,0.06629330272490054,0.06993891665185983,0.07794856110330425,92,False
181,0.06851884485222103,0.14230810452022097,0.18228960635184266,0.04829386300597435,0.08308868118006128,0.17985711420340936,0.08121271346165762,0.10237492078381764,0.04633582005809461,0.06572033158270048,117,False
182,0.08671939017074382,0.13520979083107545,0.17888736967903135,0.05670567443624814,0.10156612526641144,0.1960428168135214,0.07014418146635892,0.04275643280804702,0.042947001180480206,0.08902121734808224,112,False
183,0.0999746193253078,0.12686382299462026,0.16220555278049095,0.031247460411936972,0.10068344058287147,0.18213520604403088,0.08476149358682647,0.07255466451038506,0.06306254655996539,0.07651119320356459,92,False
184,0.07042537090641719,0.1319453555310403,0.16224222752577563,0.060392375571594215,0.1072954293798564,0.17058995802668012,0.07940353797773995,0.0688020851499851,0.061513431379834796,0.0873902285510764,159,False
185,0.08536955210259276,0.15300004441554563,0.1608405288635578,0.055103731194597744,0.08985981843250543,0.16506365681628266,0.08439509794329689,0.0599353839359107,0.04797295935492373,0.09845922694078674,92,False
186,0.09082805726551348,0.13655564136474793,0.1781633091340298,0.031590961974757165,0.1046282636995578,0.18425006065577157,0.07496153344471111,0.07549721401594171,0.05185585924857231,0.07166909919639697,92,False
