ID,strat_res0,strat_res1,strat_res2,strat_res3,strat_res4,strat_res5,strat_res6,strat_res7,strat_res8,strat_res9,ancestor,alive_at_end
0,0.0694169424084384,0.00604842331290781,0.1014807108128978,0.22208401128363792,0.020809238046935706,0.05102107765080513,0.21268325948328032,0.2562205236082029,0.036088559971959706,0.024147253420934277,0,False
1,0.07849622727084447,0.007905157140598671,0.08787263958171915,0.22434325221879464,0.01653331804038337,0.06689052246549207,0.20709804605272206,0.24110233278608084,0.040562660575960974,0.02919584386740379,0,False
2,0.05315229761050966,0.003021391273489324,0.10591776615626027,0.22479988788685004,0.015571584658977344,0.05056666791545916,0.2110327688916725,0.2616040369961801,0.030804655745898815,0.04352894286470284,0,False
3,0.04466285660047277,0.0,0.1181808517160033,0.23080160413797748,0.018391054747465687,0.0576352310456303,0.21557152627246137,0.25563047220122587,0.02201006089268533,0.03711634238607796,2,False
4,0.057186308455369914,0.0,0.11298602880843954,0.23365497694027282,0.008538837075007107,0.05341032205184547,0.2142535899281971,0.2453516448889419,0.03571276143615875,0.0389055304157673,3,False
5,0.06508872373354752,0.011323268581789276,0.10542274120386846,0.21059285061175376,0.0,0.06390941965377153,0.21442213804794485,0.23900988146295019,0.03650643414032995,0.05372454256404442,4,False
6,0.06333465585512031,0.02078532326900394,0.10431912353782036,0.19285398001508028,0.017166440093540805,0.05757226927392278,0.21263245132230207,0.23085174217488463,0.04597968997038436,0.05450432448794044,5,False
7,0.0637621414495511,0.009584498489881448,0.09336139078492822,0.20535240104817107,0.005675049019855407,0.06805877173021586,0.20696702169508582,0.24365206219771307,0.03583685759872964,0.06774980598586819,5,False
8,0.05068043511490113,0.017489669736430066,0.10545806239798909,0.2064938435292656,0.02592092677000862,0.06212921307079888,0.20445171890514763,0.2281783192260359,0.04866507878620634,0.050532732463216594,6,False
9,0.047636456963974436,0.008119433451757202,0.12803469120355848,0.19892263567094712,0.0,0.06527052705450352,0.22749387800685203,0.230655180044599,0.047219202807587596,0.04664799479622051,5,False
10,0.056535814685927666,0.015099890651698334,0.12787906085735545,0.19329507666629847,0.0,0.06836614249792632,0.2349106987404533,0.22082933934009022,0.04065171268376414,0.04243226387648618,9,False
11,0.07125367778473601,0.0124257779104364,0.11221624748269864,0.1957820961650973,0.0,0.05096541380087442,0.23154280538500502,0.22744547432715426,0.04832075246834181,0.050047754675656225,6,False
12,0.06868679559599002,0.006443664513913953,0.11610106834898597,0.19847300862152242,0.0,0.06581044652450356,0.22210628954469522,0.2112572517436837,0.05847731910111994,0.05264415600558518,11,False
13,0.07440218206397069,0.01053008493381734,0.09826307482210027,0.20492726307101045,0.0015484409336181187,0.061672977163529895,0.21331830528901796,0.216291546822929,0.06422733540936644,0.05481878949063994,12,False
14,0.0687757995966906,0.0,0.10600762427774457,0.21840395657873643,0.0057122008354953836,0.05035014465714813,0.2252957896066246,0.21377009325333962,0.06294518707014099,0.04873920412407963,12,False
15,0.08051462782237197,0.012996482457221415,0.0965183832904749,0.21588696998509685,0.0,0.05537333100499248,0.20872228178477784,0.21170859177922627,0.0775810244058744,0.040698307469963925,13,False
16,0.06093993892940944,0.0025240608671934484,0.10621258674607362,0.1890562888181144,0.0,0.049219016442141016,0.2484513524458985,0.2334654684615616,0.052726012292291326,0.057405274997316506,11,False
17,0.080910176667781,0.02289815836628932,0.10675089248402872,0.19497236702678467,0.007552314553567975,0.05396009485981052,0.21650995183180177,0.21659180633516847,0.04738114081095881,0.052473097063808746,12,False
18,0.07771083469166273,0.010122121654209287,0.10096851356580269,0.1869265186900688,0.011691932419658123,0.05553166316612094,0.23902127840853163,0.22326900059612162,0.042062837944400716,0.05269529886342358,17,False
19,0.10718126784014634,0.02115930811042153,0.09606669433375974,0.18340384528322645,0.012044849997484503,0.03253490993270648,0.24176857987597475,0.22130377335787946,0.03990391948988668,0.04463285177851408,18,False
20,0.10085685228215999,0.019026301462892546,0.09748328060820494,0.17873196181674048,0.004932705770867611,0.03782539736169958,0.2346889355961128,0.2225834808152796,0.057474130628876144,0.04639695365716616,19,False
21,0.08644219843977972,0.008936192854183107,0.07465142542411794,0.20451440488019917,0.0,0.06589330928520387,0.22232455770261278,0.22167491179527088,0.05297473307137927,0.0625882665472532,13,False
22,0.08547623971567275,0.02682952234661426,0.1097414587194287,0.18558070781811567,0.0015516635165965633,0.042365734782174556,0.22517060175070186,0.2063284472872295,0.06482542548357864,0.052130198579887564,20,False
23,0.05964343276033914,0.006877782822031135,0.10392934847685319,0.23067685563824128,0.004958776447346105,0.0626982306993674,0.20972547932288635,0.19626476573342372,0.07323808665246201,0.05198724144704957,14,False
24,0.07144744915381122,0.009835746906088613,0.10816809872671876,0.2117887680593182,0.002937758072681229,0.04383046643997569,0.2224929888210347,0.22672907890429245,0.04931775210800077,0.053451892808078404,14,False
25,0.07519602457333653,0.0,0.11627365264174555,0.20089957374157627,0.018998630644330192,0.04310542706533557,0.22743311941565025,0.21754745467915285,0.04210312204312617,0.058442995195746666,24,False
26,0.08169252742752071,0.013979993918501056,0.11081811932023823,0.1962644712310002,0.0,0.04741619531138605,0.22269368468965026,0.21630131694833926,0.08211683710428297,0.028716854049081055,15,False
27,0.07347306963195806,0.029180056165970556,0.10842307270245807,0.19077153014541204,0.013690365343534731,0.04782946688102829,0.23602910599265178,0.20455997530279083,0.04235633218538106,0.053687025648814585,17,False
28,0.08447570348766897,0.0,0.119489983180993,0.19458605605669715,0.006690927576888786,0.07908490169412663,0.2173667150575717,0.2004709340751707,0.05660255052221684,0.041232228348666314,12,False
29,0.08308939354607525,0.006851268343091352,0.11250922510071552,0.17401237322383079,0.030795665620007424,0.041434423558672585,0.2344573150883539,0.20901256083108044,0.046839804241511566,0.06099797044666112,20,False
30,0.08157202226217888,0.0021063839844441745,0.10665054043383639,0.21215215617899488,0.0,0.06456930007805642,0.22532741047938296,0.21233577697598632,0.04937154089436458,0.045914868712755415,17,False
31,0.10867313821723497,0.017898059812686617,0.09597555429489697,0.20266075005492956,0.0023915412571776187,0.024441821323985632,0.24104754395426134,0.2194075007672928,0.0559602193845222,0.03154387093301235,19,False
32,0.05258475362140552,0.0,0.11938362777248716,0.19025309818339647,0.00740394014340675,0.03533556153811781,0.24228589854367857,0.23245568607074465,0.0486136376582002,0.07168379646856284,16,False
33,0.11667268122796237,0.0018786897824992193,0.11162397089710753,0.1966802701494644,0.006129461639379728,0.03563615027594305,0.228193520372553,0.23144247523664935,0.033320518436131305,0.03842226198231003,19,False
34,0.08203718190977659,0.0020894958191458985,0.09320887058699169,0.20494871908886364,0.0,0.06906006909696236,0.2208956516591601,0.20155114913877525,0.0736585494723621,0.052550313227962275,13,False
35,0.07308267198357643,0.0032493376547110286,0.07581943066654334,0.21002793942432776,0.0047794832715553634,0.06724125515617803,0.2092693500598245,0.2265746436633607,0.06339451645931247,0.06656137166061034,13,False
36,0.11204912843882728,0.02837357529422674,0.1045204302246409,0.1851705826943955,0.03167732145503447,0.027602409104527204,0.23069087097020696,0.22519168148228375,0.02338865004343825,0.03133535029241898,19,False
37,0.0916704940929405,0.009409932761961268,0.10879710849484253,0.19736683702630142,0.0,0.06103160827172964,0.20201139093511639,0.2127237217236389,0.08610447360932108,0.030884433084148306,15,False
38,0.06992431175919417,0.028794875842945197,0.08551702926243065,0.20420008394623482,0.011627443302304752,0.054596226555749916,0.20414333015289232,0.23110213047394032,0.06672562929721983,0.04336893940708797,13,False
39,0.08689011637579253,0.025749066626168746,0.09386321015468461,0.21080083436986463,0.0,0.03389587727260041,0.21525236322184746,0.22833770078071244,0.04226762848849595,0.0629432027098333,17,False
40,0.08419905536714241,0.004921879962077306,0.09501847675781744,0.21893196397332634,0.0,0.06495973219678106,0.20618833189783956,0.21795307422141746,0.06947057797307597,0.03835690765052232,15,False
41,0.05625665650965723,0.010883722575598609,0.11842736713468553,0.17513563946253716,0.0,0.06986758516650098,0.24019526516378564,0.22198992106019494,0.06743306296566898,0.03981077996137123,11,False
42,0.10586580188016131,0.02649111280409275,0.10559456896184423,0.1777067547292078,0.01034657303854122,0.04461842628681279,0.22772721559183232,0.204946371591154,0.04249021050895082,0.05421296460740287,19,False
43,0.10807633239635567,0.026915787374172405,0.09538844120759557,0.18881513311629525,0.001621502243640394,0.017624045004639446,0.24842588448915007,0.24601663524463485,0.020850703548603994,0.046265535374912306,19,False
44,0.08203799756317183,0.005438265642286092,0.1005270925661039,0.21954424904564293,0.016573903074475697,0.050547995443671605,0.2123580651389284,0.20835674188075223,0.06206150619411708,0.042554183450850255,14,False
45,0.07364561949150138,0.025346668678482218,0.10123272922392869,0.18289140356069417,0.02363525719270249,0.050470254825117085,0.2202074256872727,0.21811599247465713,0.04619103861726607,0.05826361024837817,18,False
46,0.07634908381265226,0.01264670312978617,0.09793085899644367,0.2011356594091052,0.0,0.04802980275207389,0.21162221228643446,0.22284711827874815,0.07952644570433895,0.04991211563041728,13,False
47,0.08303110147335668,0.030966527969820846,0.11420715841960688,0.18949456386278013,0.0,0.061976078102633454,0.2204604219408086,0.20329062217024813,0.051323936226516625,0.04524958983422869,17,False
48,0.0682816316011394,0.01420939628624867,0.08176846641878607,0.1725246198939403,0.01804955208241564,0.059816937943854384,0.24454579795588027,0.24541052427891258,0.05029533974013718,0.045097733798685494,18,False
49,0.06778769104776108,0.0071260743941893405,0.1001232846529924,0.20496087053145362,0.00098528969940545,0.0710873200964356,0.2304662668060944,0.2076483399636461,0.05498821404179626,0.05482664876622568,13,False
50,0.08771412970258693,0.00917794854456994,0.09300779793336206,0.18596613521749472,0.014984805916770825,0.06101591006259827,0.23885579001085092,0.2239102250326106,0.028693433346557315,0.05667382423259846,18,False
51,0.09940878177811387,0.016019614007156097,0.0946614695576211,0.17796875444375215,0.0,0.04755854420997403,0.20706948178573556,0.24060260868437128,0.04959972132082136,0.06711102421245456,20,False
52,0.08022259840997961,0.03530100547682657,0.10188202191351621,0.2002390958516222,0.005794458654515254,0.055724032362286326,0.21540116632065193,0.211792013714789,0.04172679914157601,0.05191680815423704,17,False
53,0.0995054563826106,0.02127871500209497,0.09697619110233931,0.16776629470253757,0.008111885166663002,0.04536345596729705,0.23864401562166432,0.2325060871531943,0.04249582840702811,0.04735207049457068,20,False
54,0.0475566252871634,0.00026986532434266887,0.11789546425781611,0.19736680604153825,0.0,0.051953413510267436,0.22634944268269583,0.23699229064731486,0.07777853205708044,0.04383756019178103,12,False
55,0.0974950851849936,0.022406402035112297,0.12260877150296096,0.1744316969894033,0.01497101209721805,0.043081988920334297,0.22955723199483177,0.19503411534211978,0.053159832000912975,0.04725386393211283,22,False
56,0.07852517766111479,0.013723693690047336,0.10121827663036934,0.21362345044842143,0.0,0.057720247250101935,0.20774236847980787,0.21984791011110863,0.04983740391773184,0.05776147181129684,17,False
57,0.06938922772809727,0.019162002942095902,0.12294539697246672,0.19573973203137388,0.014763951114336486,0.05270589698166262,0.2370075080338068,0.20953690927814614,0.034112854616235734,0.04463652030177846,17,False
58,0.084965218731326,0.02651850665889564,0.10610553755953567,0.20774754017664426,0.005069821060991393,0.04135289988842148,0.20747558516571404,0.20909349256833448,0.06291798339825659,0.04875341479188054,17,False
59,0.08684020174579074,0.02356229754486099,0.10132104332420448,0.18985626416343884,0.004070844474814256,0.07835324775571244,0.20594322826592484,0.2185901390820975,0.03943161436532839,0.05203111927782743,17,False
60,0.08795290367030241,0.02082635961720399,0.11621361848178247,0.19151406198839815,0.018015180475294133,0.05359196431569355,0.2067201384370294,0.2086594081640008,0.04594081999389014,0.05056554485640498,17,False
61,0.06076349323846797,0.031187240731246936,0.11154297885789571,0.18939526850261212,0.015273435066804238,0.06702716751313761,0.22045393400784102,0.22554842073831027,0.03515785115974941,0.043650210183934605,17,False
62,0.08314450283494654,0.020382812378353612,0.11174484407478315,0.19367482471101624,0.012687431947382269,0.06538864231159433,0.1987225345822539,0.24642443002512696,0.031883059130068926,0.03594691800447403,17,False
63,0.09470365015133617,0.016428309608581333,0.08382673996328209,0.16700187312357256,0.014530626729244453,0.039479317009254174,0.2262128623151794,0.2241882258744274,0.059983511012638824,0.07364488421248368,20,False
64,0.06753583945099541,0.0,0.13134724374444104,0.19978575821688302,0.0010314796220085144,0.06909442334103977,0.23592519733464887,0.19142817593634753,0.060518448080887514,0.043333434272748377,12,False
65,0.08659631562270546,0.03673039281808989,0.10293555632576791,0.19165141461378024,0.02507057907070329,0.018848498942319866,0.24910054936641762,0.21471407660632394,0.05487225061305414,0.019480366020837577,19,False
66,0.10578112272860003,0.01584140965597222,0.10137392891280571,0.18148441659291148,0.0060316531170867315,0.03409550614914699,0.26769464650985997,0.2144333970665758,0.031488285889860836,0.041775633377180196,19,False
67,0.059799920766128487,0.0007410380658475459,0.11135732812807504,0.19715184026114288,0.00023972231156519456,0.0758920514633087,0.22859874103340844,0.22496203292501593,0.058774000805979304,0.04248332423952836,12,False
68,0.08613217659512637,0.02301894124499256,0.0997874720960321,0.19501412803545504,0.0,0.051669408096084224,0.22936431363534565,0.2292828308964201,0.03947080951850188,0.046259919882042144,17,False
69,0.08084229197127762,0.022660191872961224,0.09482546829276077,0.18920416369828866,0.014767704222444947,0.04092098712782553,0.2270169377799182,0.23843462512104233,0.04202512124211143,0.049302508671369295,17,False
70,0.0663474981565376,0.027827377879986723,0.11250811323476159,0.17546322127413994,0.027632641439243932,0.05193885740031725,0.21846080320970018,0.2208320827988846,0.050890015033298514,0.04809938957312965,45,False
71,0.07159014173842769,0.028865693592573384,0.11614974415908855,0.19051939054040296,0.0,0.05199869195340377,0.22133124188370037,0.2335765581509074,0.0315604029757314,0.05440813500576438,17,False
72,0.0712698120220487,0.029279645593591027,0.1074383324828304,0.18622853614540233,0.014795392426846977,0.05432566465794482,0.22258840021047865,0.21949297028922352,0.03499183216057137,0.059589414011062075,45,False
73,0.08279283284186884,0.015105214252945118,0.11374327534514914,0.19800288107910224,0.0015795255667239209,0.06473608615505337,0.20210146652596994,0.21137384802429499,0.06334915524850684,0.04721571496038568,17,False
74,0.0654711557032975,0.03123526251980908,0.10023175453029771,0.19230845077297157,0.030024318481466465,0.05005733481895211,0.2028471416596056,0.22768741483726695,0.04936729217881059,0.05076987449752239,45,False
75,0.09563959402348417,0.03253925721334502,0.11345260065117013,0.1742090347095986,0.0013984923986344222,0.028652380414291006,0.20916952081731124,0.21922102906546842,0.06951291882873036,0.05620517187796657,22,False
76,0.08170832626068315,0.04103780519638473,0.10476369485473588,0.1683798108666087,0.004843605444074934,0.06986788432121817,0.20496800756790778,0.2046300756392428,0.05596201674586781,0.06383877310327592,17,False
77,0.0817373682152843,0.016142598425405587,0.11941842275233704,0.1810898486908774,0.004908270412813879,0.05301668673328067,0.1923875910482678,0.22635736079976335,0.05640918204729508,0.06853267087467485,13,False
78,0.034033636225129005,0.03128199937439,0.11185912127831933,0.20563696635712725,0.013734726790320296,0.07142162508883929,0.20740037191139493,0.22016123956225475,0.05239800497223942,0.05207230843998571,8,False
79,0.08294798757627853,0.012120595948680358,0.09455316120967869,0.19310160125648532,0.012618105396032399,0.04004417630175202,0.21979503283613444,0.23223623467222054,0.06416246362916256,0.0484206411735751,45,False
80,0.0734816156815159,0.03095138671684797,0.09579228538484963,0.19531424172774023,0.027540651970160826,0.04947983165794881,0.2166187548951357,0.23062138595948387,0.03580355252440835,0.04439629348190867,45,False
81,0.07313436896769807,0.020477298202706534,0.11320506049077901,0.19543203573118204,0.0120258271837946,0.036072613987315844,0.22500063922714678,0.2010351013218302,0.055794847123975394,0.06782220776357159,45,False
82,0.07678450779451017,0.0357696066679797,0.10825883696970401,0.1944453012193639,0.010181204124734954,0.04607728544749051,0.21976814693594088,0.2175327830725734,0.04783274284430461,0.04334958492339775,45,False
83,0.06811181183171013,0.03722900454194576,0.10730178647697747,0.20127603774087408,0.0063455707340188,0.07415741623133124,0.21364624184577688,0.19445945397581638,0.06418684480322481,0.033285831818324424,47,False
84,0.07557913683724261,0.03611124558811133,0.09946105516445362,0.1771903501401732,0.032960893975126734,0.06740215579667753,0.22054204027606678,0.21899299212911466,0.023147168076068727,0.048612962016964745,45,False
85,0.06224852898940694,0.025995842791352548,0.10533663079029507,0.1848404932742746,0.02251753698835547,0.03639968583797793,0.23458060087539617,0.22488917338353173,0.04277522972859776,0.060416277340811834,45,False
86,0.09977063792163839,0.03524876617371126,0.0912596825807156,0.1546182221686174,0.014935827848031458,0.02637711517462848,0.21358621004333134,0.23680076449523743,0.05065136495052527,0.0767514086435635,63,False
87,0.08483783944901321,0.02046244740273,0.09607500148220943,0.18128328330825644,0.011440362831317635,0.051835929534455344,0.2117077830819472,0.22409213757376126,0.0431493193748801,0.07511589596142926,45,False
88,0.10286576202652749,0.025980277506481676,0.11810464200668354,0.1954358387521772,0.0041455718115360335,0.0636075660188641,0.21848773297936486,0.1825593223426018,0.04222415555358525,0.046589131002178104,47,False
89,0.08521841040033033,0.01564322055227745,0.11200127373790875,0.1786967019443845,0.024609119989210938,0.03661495592095361,0.2202059920375951,0.2191149136326533,0.04371513337549772,0.06418027840918832,45,False
90,0.08687347097726675,0.024057134272948553,0.09379678082792103,0.1880822892395233,0.026122166428625613,0.07299641925930368,0.22184969119956147,0.19059859091477224,0.059778212249398915,0.035845244630678466,47,False
91,0.06920801136653018,0.021470403868339857,0.1150076213068298,0.17935970890459618,0.004583270873999326,0.06520947171081795,0.2400313715767934,0.20975411294087767,0.05396035603605416,0.041415671415161434,45,False
92,0.06696117981656893,0.03088562852029387,0.10794192416857448,0.17476029253965872,0.04368831533611703,0.04167514203369522,0.2157720396135095,0.215777478230435,0.045341618323097604,0.057196381418049794,45,False
93,0.07719924464619381,0.039989290779895326,0.11087504269391109,0.1819245471243598,0.0043615220477045006,0.05958826346376365,0.21506092491148493,0.2128357638379785,0.041286416100121855,0.05687898439458656,45,False
94,0.05519520578985558,0.0345060491875677,0.11233479766464574,0.19093480671419424,0.004576539562276809,0.05022523029200363,0.23058958264090565,0.21303620011358515,0.05662635317025173,0.05197523486471374,45,False
95,0.1148274764772913,0.03492774904895179,0.11036637963996447,0.18106345323554304,0.0028740773488822283,0.04707302241479339,0.22961797984069884,0.21192237221997742,0.02952164808104889,0.03780584169284854,42,False
96,0.075387182893483,0.025853508895734473,0.08718851182156488,0.18214584288386965,0.03170039624484574,0.05615272628811075,0.21851418913256662,0.21649923920872155,0.051776147502610816,0.054782255128492705,45,False
97,0.08018860166259327,0.025493073655319644,0.09754324827473211,0.16417311208020166,0.04758420662937218,0.04355248261904694,0.20544910011808384,0.219407927021749,0.06327494695138422,0.05333330098751716,45,False
98,0.06975189418821556,0.02414347633863938,0.12063502420391843,0.18514508753236825,0.009722898458805874,0.03579337037986861,0.21179839384492655,0.23168978979162108,0.036045180037011536,0.07527488522462476,45,False
99,0.08037126926225341,0.020352835097739382,0.10790189814455396,0.18639121654636778,0.008091753020148456,0.04394275994328991,0.20549594914640207,0.2306491459547452,0.051853636337989076,0.06494953654651069,45,False
100,0.06730402560733428,0.010452693591842683,0.10072596067770061,0.17539603992812267,0.04262110994516158,0.04367797976169488,0.21439032373663106,0.2066017544403053,0.06305194541747818,0.07577816689372875,45,False
101,0.05515168873881356,0.03468420289373099,0.09910169279965737,0.1869195124612467,0.0010435562385632318,0.04478322839274651,0.23379457133903123,0.22762164850139188,0.05244335251638652,0.06445654611843205,45,False
102,0.06518987724161195,0.02836586459895545,0.09245872846328027,0.17175026356932624,0.038254084091406015,0.03574765049061531,0.23206819940053613,0.22792497960179048,0.04100741659259713,0.06723293594988097,45,False
103,0.06690692196044981,0.012580413571354218,0.09435723558313398,0.17669806242929334,0.02800262915629984,0.047639199109895385,0.22555072642525925,0.2309636846104107,0.05432723333224204,0.06297389382166155,45,False
104,0.09493539510528916,0.01325323427235518,0.09505142363471776,0.19238032570937336,0.013369955806339555,0.056296511593658685,0.22399592414872616,0.2307628763224875,0.03924413831419971,0.04071021509285294,45,False
105,0.08705521562119498,0.015975383586743004,0.10566349106480999,0.1635021535840488,0.028543468323505444,0.042405050482011514,0.22406242929542947,0.23271035576080532,0.04810299367545573,0.05197945860599578,45,False
106,0.03918273176233733,0.02486037244310996,0.10900254935527559,0.1958266432293225,0.04613541802590639,0.06783075467694488,0.18977531658725103,0.21556536374735719,0.056260253233726416,0.05556059693876862,8,False
107,0.07525162743816204,0.027635110404209805,0.08775791681716934,0.18074979965151017,0.03559085373411511,0.043982419682617256,0.23089811812994837,0.23271033413973433,0.03901399629503194,0.04640982370750172,45,False
108,0.05997857972583279,0.020461435591880614,0.0994666098458576,0.18723721197127113,0.034256332913393056,0.045674861442758924,0.2318401911344718,0.22307929676247065,0.03752854986954341,0.060476930742519884,45,False
109,0.07282678268323883,0.021203490312679454,0.1036309683599314,0.18090046331732262,0.03107498168416766,0.034682942791350306,0.2227756928529025,0.21890368146390873,0.05103429359941643,0.06296670293508198,45,False
110,0.071835510391834,0.031110801825968124,0.09530055452004624,0.18162071817203168,0.011419354134772996,0.046581523607774046,0.23400334941493023,0.2146894284887412,0.04543279719668923,0.06800596224721236,45,False
111,0.06834885444107842,0.022273670978674432,0.10417675232698982,0.17173013733673667,0.033663365568379025,0.03615457233505379,0.23275102375435722,0.22797577400535385,0.04555152456182608,0.05737432469155058,45,False
112,0.0874456138726622,0.03715693897070557,0.10478529821755185,0.17384888672463292,0.0,0.07971913634544237,0.18583774012804533,0.21306086571626123,0.04011726872445633,0.07802825130024224,76,False
113,0.07865818542859508,0.03774127185731543,0.10385988469884234,0.1755820297827759,0.007613478818696315,0.07354442553797566,0.21494305942977232,0.20135666369583408,0.05438972652364147,0.05231127422655146,76,False
114,0.07725441471169502,0.052208265539311474,0.08591994691562788,0.18382895169304111,0.030227632745614703,0.04757098927864143,0.21623118400072355,0.21904173740924293,0.03489760035071055,0.05281927735539145,45,False
115,0.08429869105130997,0.036210079145825025,0.09098780508031329,0.17846086735494635,0.0,0.08026473499164428,0.19408114020257253,0.20559706341495762,0.06196690274336138,0.0681327160150697,76,False
116,0.07674841400735703,0.009839343298535766,0.10914535626490617,0.18293373379790515,0.012063321166864907,0.06140986569779982,0.2112617870889547,0.2215249780969416,0.06023816325525107,0.054835037325483824,45,False
117,0.06064034899735583,0.01485772208286765,0.09213684734878615,0.1751906011273939,0.05514520111551366,0.045787153772834106,0.21775438131147265,0.22245987592235947,0.053620304585070916,0.06240756373634554,45,False
118,0.08554580400981808,0.04548537794924649,0.11308480143544648,0.17426480721598908,0.011686327462072509,0.0468410225874562,0.2001575782575087,0.20635619813232337,0.05014532944811013,0.06643275350202896,76,False
119,0.06554211566222881,0.03720176549924427,0.11257736772159281,0.19111754720269253,0.022888947557775673,0.04621323237397798,0.21563300095641144,0.21210724650685914,0.04182461209542743,0.05489416442378983,45,False
120,0.07829621537034899,0.04523649848554785,0.11736648618769946,0.16930929749730514,0.0193778970428757,0.0767185066022594,0.1869093535023481,0.1976503628747024,0.049036352642281844,0.06009902979463116,76,False
121,0.09736397929925572,0.03435876505660155,0.10525372949638034,0.16095919933624192,0.0,0.08999060480467876,0.21702847059193667,0.21569502768276572,0.027021268538167244,0.05232895519397209,76,False
122,0.08492092847972962,0.03923368622308087,0.09060081555335692,0.17698990251926777,0.0,0.07879348298558436,0.2146109877374186,0.20786519525579783,0.047657412707519525,0.059327588538244526,76,False
123,0.08732073383614514,0.04247400923372827,0.1031401727985795,0.18149865942044158,0.02382069141546432,0.08224198209097167,0.20198251543908358,0.19760591609278735,0.03411621086053406,0.045799108812264545,76,False
124,0.09631874712789733,0.04175637061684375,0.10662550622614703,0.1713611922681141,0.0,0.06383485622446558,0.20392510380011195,0.19479474352183035,0.057193153902117884,0.06419032631247203,76,False
125,0.07618388158267418,0.02963422447924318,0.09043130943041978,0.16542971334837617,0.0557751195440595,0.05355119283211839,0.20984046669344042,0.2119267193861705,0.05408481214193599,0.0531425605615618,97,False
126,0.08469834179001658,0.01832805669486967,0.09108501958809938,0.16318144839183465,0.04379175141178175,0.04154436907678851,0.21494638263663055,0.22643675423912382,0.07149170866823575,0.044496167502619415,97,False
127,0.04509296097610958,0.043417015865550884,0.10733748726749698,0.1695782040517715,0.04955536464657702,0.07134928570472648,0.18127193253406293,0.2060589148921841,0.06462019822829658,0.06171863583322401,106,False
128,0.0429672848589637,0.03094646889146393,0.11396281803813892,0.20611860091412834,0.03456525522769938,0.05167628308838556,0.19276296672103313,0.22013577405248413,0.05927369379689432,0.0475908544108086,106,False
129,0.061838576713575136,0.03544786360257737,0.11742253014886925,0.17063202679112374,0.052116236277585624,0.04758876131474027,0.19820664815396677,0.2038606746151639,0.05234453950797337,0.06054214287442463,92,False
130,0.09209474778529321,0.05079122020227809,0.11105949190597211,0.15181709394257367,0.0009895116282907818,0.07859488645600685,0.18224347335495275,0.2114346177454111,0.06490293854592045,0.05607201843330092,76,False
131,0.07418533413971122,0.017482820788865348,0.10108566707097111,0.16454481309274513,0.059164665656430304,0.041840143993197465,0.22584651329420447,0.21388029669890124,0.04173544208550069,0.060234303179473106,92,False
132,0.08186503744607043,0.013449058094307038,0.11106104049232642,0.15799254292949905,0.04384967048006422,0.03858338650097932,0.21420523655864365,0.21358607922543665,0.05589284272219661,0.06951510555047655,97,False
133,0.024825368651461486,0.028559767678405415,0.11455890041121533,0.18322870250831402,0.06683903159474565,0.08858663706825705,0.1955447959984989,0.20017713127377348,0.04891922446225182,0.04876044035307694,106,False
134,0.08981225961705018,0.008100454544671646,0.09143313670694142,0.1756108985800433,0.03693655841421989,0.03254005653317281,0.2191577305990788,0.21296435771842734,0.0683828501763086,0.06506169711008591,97,False
135,0.0656271083529806,0.03787943921230429,0.11566290586534894,0.16030545877469587,0.04315638025617808,0.03985188132110931,0.21697558123033847,0.21411920232011178,0.047843084676219456,0.05857895799071336,92,False
136,0.047123466969930396,0.012690576088487544,0.12283723761807978,0.1910395193600454,0.033382864141645326,0.07227645000052269,0.18956950568673125,0.2036352882533488,0.065002106719397,0.062442985161811834,106,False
137,0.08417670367438358,0.03780708358888974,0.07517356504875626,0.15850721215490093,0.04604002007953381,0.048744406329163215,0.20281077073477013,0.22625720756057263,0.060568575211949305,0.05991445561708048,97,False
138,0.07884390060196117,0.03264124589857785,0.11099885334949937,0.15391122297533663,0.04797812113729732,0.03931614239693781,0.21248204320807298,0.2231596550428492,0.05177734306798432,0.04889147232148322,97,False
139,0.070076500513424,0.025286685016875712,0.08782254685069263,0.16340925784158009,0.041288182360798856,0.049299231684400285,0.20566007063241623,0.22876315331671004,0.07302221714399483,0.05537215463910727,97,False
140,0.08379866679887912,0.028659428600482015,0.09638984799167472,0.15660162938809613,0.04254326320922867,0.05465024149144726,0.20978622531011035,0.2117408553888843,0.05639394425657021,0.05943589756462741,97,False
141,0.07237768343728862,0.027546091822650547,0.11266269199846828,0.16675502234854728,0.04981296634987684,0.03785068600066201,0.21413913024307674,0.21274551066985495,0.06270326204843255,0.04340695508114228,97,False
142,0.11806997459475908,0.012161860738193333,0.1043397702020581,0.16536734746294104,0.030265448076364904,0.04666681939806216,0.19737060368870699,0.21111353438102654,0.06408690165813402,0.0505577397997538,97,False
143,0.025953118170837418,0.0492895793638461,0.1108719085734757,0.1898262455793195,0.055151408447802544,0.0648373114541791,0.186679254856636,0.19379346900301306,0.05662924027013002,0.06696846428076052,106,False
144,0.07076342439166848,0.02067984201739099,0.09265205718472333,0.16598928538801733,0.04939657786293134,0.047786184774396584,0.20220680483842932,0.22585160728335052,0.05555649925860536,0.06911771700048673,97,False
145,0.07083899023505082,0.02677102031274247,0.10818005697589304,0.17885514913735368,0.03929998835281644,0.028179216768148524,0.21304447238144036,0.23666104283021175,0.040192818591095324,0.057977244415247625,92,False
146,0.03899298014027793,0.03146284988957571,0.13119461934855822,0.18690806720786865,0.03931087447181333,0.058590584313144525,0.196945809154817,0.21085773403050856,0.06911648503078521,0.03661999641265087,106,False
147,0.08878096402127439,0.018929731633832728,0.10523383653764609,0.1714956789738131,0.03395159361040261,0.03505632984614545,0.19952042022371833,0.22502936783796057,0.044945630628352336,0.07705644668685456,97,False
148,0.09753852841715033,0.009905650927124053,0.1107319912819424,0.14010500337981657,0.04277051793258579,0.04822927710644441,0.2141189859035416,0.20121721354099964,0.08324112298335888,0.052141708527036285,97,False
149,0.01766531270827885,0.030400919721303068,0.13586786795106878,0.19505995165317713,0.026773186667353635,0.05858156409175819,0.2133924916121917,0.2091144018785336,0.0658440051820295,0.04730029853430552,106,False
150,0.07522144368590802,0.02081810943891299,0.11197852251854264,0.16619736032938168,0.037403432579128364,0.02206339243388071,0.2407054985672998,0.2159858208569397,0.04203569405607716,0.0675907255339288,92,False
151,0.09235272155689317,0.033799705199829375,0.09539415339491049,0.15584842584320566,0.0570110222017321,0.03801381722651939,0.19265329517829116,0.2248871770690516,0.0545951934481511,0.05544448888141594,97,False
152,0.07589849097071474,0.022556439766123863,0.0839905806404436,0.17022806116159228,0.05969037880187691,0.050407654230891025,0.20107980162241498,0.21968433939508317,0.06686759987905536,0.049596653531804195,125,False
153,0.05573910870934493,0.02897857263055621,0.1177075303013978,0.20224185051264906,0.034147874799569905,0.04139055490856813,0.2272198036691777,0.21242082237511398,0.031395892879082364,0.04875798921453985,92,False
154,0.07109848907285521,0.03965704266651539,0.08842572013298776,0.16065579853378312,0.055881199969753305,0.047891494141330454,0.20338122363594216,0.22380351375442528,0.05978328298568515,0.04942223510672201,97,False
155,0.05464012864557662,0.022346384240916645,0.1144675508269174,0.20554540702195892,0.04635183790294994,0.07013755305277833,0.17733063500813664,0.20643870058945007,0.06141335783712308,0.04132844487419234,106,False
156,0.04979439567309555,0.04997811377747789,0.11536854316911187,0.16927311560676303,0.042341688397692034,0.057416147970158746,0.20191375839890108,0.21241367639241623,0.045569976700439094,0.05593058391394451,127,False
157,0.07334389376514198,0.032192030764450645,0.0957682891079232,0.17146321930955621,0.04360730108602464,0.03469673373132033,0.20835170115553148,0.21808243056359122,0.06985356180775494,0.052640838708705236,97,False
158,0.027675407438759847,0.026649591266988428,0.10228345192460389,0.20288515681921213,0.04566585900868962,0.05692454819055487,0.19364764107421512,0.21072460429712664,0.05866567132423945,0.07487806865560993,106,False
159,0.02919367429119181,0.0332622368954882,0.11635134525703947,0.18430225635325193,0.07704023994189178,0.08135394984888603,0.1847719946780339,0.20396523550246953,0.055104079026104806,0.034654988205642535,133,False
160,0.038113706160643794,0.03842741211500818,0.11565141620702302,0.17427579274745061,0.061496686810671136,0.0746980719685966,0.16789060805118952,0.19737326227293764,0.07243770502829598,0.05963533863818341,127,False
161,0.036751017443544275,0.05418616658344903,0.11766332239761164,0.16178550419709792,0.058362502771104996,0.07282993258483092,0.17852563464990417,0.18269276338043788,0.07564018164943734,0.06156297434258182,127,False
162,0.06783263298415602,0.03323783527749133,0.10224806510813322,0.14160688361998655,0.03484581669705434,0.036315629410149555,0.23502223548479484,0.2282161644062194,0.06941790382097149,0.051256833191043315,97,False
163,0.03786922281098494,0.05961386750390054,0.08884386437354679,0.19879252779108653,0.05510296622122526,0.05767811734627007,0.17825989310324838,0.21220285484275084,0.04281578201155335,0.0688209039954333,127,False
164,0.04830371835886271,0.05097957364448976,0.09856726508813476,0.16794727489772876,0.038322113894555684,0.06974403814079536,0.18638060431687148,0.2100517918426526,0.08072021804605578,0.048983401769853135,127,False
165,0.07663185277375242,0.03952189473491705,0.06126395483504063,0.1543516509264155,0.058188757152409315,0.046704633778930145,0.21155945389753672,0.2299743612163622,0.07141483721259284,0.050388603472043096,97,False
166,0.020552626360756745,0.023578256405868636,0.12261250345972573,0.17922095512151678,0.07060287711800083,0.08653944019372292,0.19630287161030915,0.19477660190467813,0.05274675992682541,0.053067107898595735,133,False
167,0.032310175445412405,0.03649973989103103,0.09380419264027673,0.18364244530298168,0.05080417170761772,0.09132645588898075,0.18051532143458807,0.20553797237059443,0.06826392575391149,0.05729559956460568,127,False
168,0.03615892473530825,0.03944918836280662,0.10591409841427518,0.17679048826138336,0.04224366777023916,0.08119475816176908,0.17367508725429862,0.215773373575237,0.06601519514215712,0.0627852183225256,127,False
169,0.045052102252631385,0.04952848658092437,0.11042614143415527,0.16010673404291237,0.05228682349802201,0.06461716428813075,0.1815966126907199,0.19164608353145193,0.06285758671702568,0.08188226496402641,127,False
170,0.02886279035136704,0.01716512898309678,0.10266062649505428,0.19064268157704098,0.051053136164466856,0.057202080769241576,0.21194802452285347,0.22439140073883426,0.06284454535330043,0.053229585044744225,106,False
171,0.022119834314639167,0.06245668566240395,0.10368626453069986,0.19038378293887434,0.05382039917056611,0.07361607488750532,0.1793068120245168,0.18056608677699365,0.05292173535025594,0.08112232434354477,143,False
172,0.06505076356583048,0.036438389334075845,0.09190852364880196,0.1647253255498006,0.040009061572913826,0.042893359700586935,0.22114094350711208,0.21013138515116653,0.07009128501576879,0.05761096295394295,97,False
173,0.061070066302182625,0.04533311994390764,0.11167988499272004,0.15445168058432412,0.04638034821036743,0.06140118050953888,0.17323185615290396,0.2093514702370674,0.0659203925824257,0.07118000048456219,127,False
174,0.0471945148678627,0.043794277860200015,0.10256808655033345,0.171841378855458,0.039706402381601114,0.07182250539487617,0.18871225909966674,0.2009367064544069,0.08134571747150356,0.052078151064091326,127,False
175,0.056744531048038456,0.06155930414632977,0.11934645391857086,0.1523436588623583,0.04213895739082706,0.08470433707275431,0.17313022263214403,0.21685583255654448,0.04016804578673326,0.053008656585699566,127,False
176,0.04548342481614334,0.05112661829798274,0.08752522864521595,0.16744063807437598,0.05836743623121597,0.07633437791708347,0.1855927055184178,0.19684918156346573,0.06976771287379627,0.061512676062302624,127,False
177,0.03960041955818055,0.04365741282923539,0.09864782247957396,0.17957884569944457,0.03860997675327989,0.06188908500845352,0.2027029991038963,0.21037831721376582,0.05839000552499689,0.06654511582917323,127,False
178,0.033217043207029,0.04798015035191312,0.1094504606163801,0.17061451801640737,0.04707636205181671,0.0734522247913539,0.18390829240451853,0.20975657578483436,0.07249997311333568,0.05204439966241119,127,False
179,0.056902724281090576,0.045860282914881596,0.11595749977079146,0.15341325223663443,0.046506885651042044,0.0720042084286069,0.19000575067856026,0.21119519989118202,0.06161745551736482,0.04653674062984575,127,False
180,0.04154069063845307,0.03785117820228252,0.11579696065042651,0.17836004034767863,0.05266105304523478,0.07414467989496329,0.16996497663736826,0.216024063104541,0.06428063423216415,0.04937572324688787,127,False
181,0.046220742303492456,0.03855678693708226,0.10650117194218499,0.16336264273530268,0.06896111732932488,0.049668334308778546,0.17954430591997692,0.20970760820382103,0.06222593261232408,0.07525135770771242,127,False
182,0.04237889451519668,0.04198218798255387,0.11432224640835568,0.183192055961718,0.061120061228094935,0.07358461875048392,0.1935751259585754,0.18009273931260028,0.05251621408754317,0.057235855794878,127,False
183,0.028872614737914578,0.058337447585116206,0.12081424645930985,0.18765280446352678,0.055036170532321176,0.05142278901926336,0.18478005935483008,0.19625542501012214,0.04594133479627461,0.07088710804132127,143,False
184,0.03255639135704229,0.04613290115474173,0.10257616668869789,0.18809859368282147,0.05506922107897906,0.052932483560940866,0.1762309923697688,0.2065963177605725,0.07610592209055135,0.06370101025588408,127,False
185,0.04653996778620407,0.03576613817557465,0.10290157837470197,0.17448367403753556,0.05309207572877174,0.058883861065351574,0.1926485527361491,0.21303109244442953,0.06207275551430815,0.06058030413697373,127,False
186,0.05964467211376902,0.03998469726291564,0.10501650469569204,0.13800576883375554,0.053979940150774425,0.05927760670696147,0.17071186235790073,0.22477711930814234,0.07001726937132335,0.07858455919876538,127,False
187,0.033668757858052,0.046879736887755014,0.11189901250452533,0.16408233245075102,0.041805645993580505,0.08218383878153573,0.1973635637601017,0.1938803559691046,0.06393259410064304,0.06430416169395119,127,False
