ID,strat_res0,strat_res1,strat_res2,strat_res3,strat_res4,strat_res5,strat_res6,strat_res7,strat_res8,strat_res9,ancestor,alive_at_end
0,0.3842291661232831,0.07100215615718752,0.013722903147325457,0.1002137912302983,0.005739074044590027,0.062387697423694245,0.23843360836825458,0.05232512843535721,0.055049080948364075,0.01689739412164547,0,False
1,0.3847550979646734,0.06502268475505232,0.008362922033845139,0.09988362345647478,0.018333637628584778,0.07691777828927697,0.22277994093836442,0.06604003791791332,0.043609053108076334,0.014295223907738625,0,False
2,0.3778989831672358,0.06817793906837487,0.007145671650999347,0.10242965337766821,0.014407432065088287,0.07528430532913545,0.21707924840868278,0.07404146849194493,0.057649714716035805,0.0058855837248344145,1,False
3,0.4176075392950228,0.07396947069894752,0.0,0.11232977348755485,0.003925086620717164,0.06519067376569097,0.2190660829652858,0.044089552605050486,0.05754695275194938,0.006274867809781135,1,False
4,0.3814626905088854,0.05181832724164579,0.011570749091596609,0.09849915530392163,0.017639986878797614,0.07083134453533911,0.22217469938894252,0.07954979959703311,0.04167488341861799,0.024778364035220185,1,False
5,0.37727727606595524,0.052405604442284634,0.009590120083938017,0.10425568809541429,0.018724676669728685,0.07718489301806289,0.21792566563150148,0.07221451316255638,0.04655792239142929,0.02386364043912898,4,False
6,0.38842175911275273,0.04840110052470667,0.009323190034639748,0.10644129198676254,0.027054192816822847,0.07114151454702335,0.20815331807764972,0.07320342392293372,0.056362421378543505,0.011497787598165271,5,False
7,0.3755336677895872,0.052917571033613775,0.0,0.11178507352134792,0.029200589517638112,0.0708262332234366,0.22287752688282153,0.07218435639246215,0.05539236239894856,0.009282619240144244,6,False
8,0.35172196323468224,0.05975141252861792,0.014433963573148275,0.10871759175013437,0.04532360229024902,0.06446520314928376,0.21892495820536517,0.0743385981046962,0.05990891967942168,0.002413787484401266,7,False
9,0.34263430125003935,0.06163067458478663,0.02011800830203609,0.11168373351196821,0.0364143819545777,0.06497750830062125,0.1961797132828721,0.07911844958443205,0.06824144198957677,0.01900178723908987,8,False
10,0.328808542195927,0.06376968583155963,0.02012270495366243,0.12495006736967176,0.06340627212440253,0.05607393195829457,0.20813277002776187,0.08160030338453998,0.03677340199419175,0.0163623201599887,8,False
11,0.3387753899262359,0.06387978849654052,0.02396255522909923,0.09723155781088642,0.042608986896168065,0.06227768317925169,0.1756543388587934,0.07745848907773822,0.08805463994406143,0.03009657058122509,9,False
12,0.33338579542442465,0.06318071541700267,0.027432387248041833,0.10942320649203709,0.04139543519127907,0.06302563971610171,0.16825223685700183,0.08844613516172697,0.07349694891501436,0.03196149957736975,11,False
13,0.3128851974647309,0.06980800137954339,0.01627243053549783,0.1011979656154453,0.04025590638016126,0.08092240404432481,0.17297174925697364,0.07681699150318239,0.08411302339088109,0.044756330429259326,11,False
14,0.3190813576905012,0.06914023559163054,0.029310209482333927,0.09644035693321401,0.03862698814097322,0.054428123267911174,0.1648573292019889,0.10686011579071224,0.08883745463282613,0.03241782926790859,11,False
15,0.3177969780299599,0.06424217106634347,0.026898418572315747,0.07896744748689287,0.04116722291744545,0.05956693602642749,0.1647670734837643,0.11172258036882042,0.0881508846904996,0.04672028735753081,14,False
16,0.2901218730308743,0.08985140814948453,0.03331585059598936,0.09640706103938668,0.04137670033491097,0.0911863064468694,0.15880735674383784,0.06833320353209783,0.0813621596869988,0.04923808043955014,13,False
17,0.35094417945846074,0.061347703556590395,0.03280048831899801,0.10666584350781991,0.03516155457991553,0.06213834508643901,0.16965237455732596,0.08808325472819582,0.07370876956521065,0.019497486641043945,12,False
18,0.3157579240985075,0.09877391916902029,0.02410106668606544,0.09893797366624399,0.02542859450002611,0.09989282870719371,0.1510603967325266,0.06764625719228717,0.0670535600451923,0.05134747920293678,16,False
19,0.3674711323975577,0.05374210819165729,0.02429540996371438,0.10034349149542295,0.03519869670316395,0.05284783228258751,0.17165042979574166,0.08683148924679351,0.0812122503804485,0.026407159542912617,17,False
20,0.3233322584837855,0.0690260870060041,0.007831455956373199,0.09749595294197388,0.037691108980085236,0.08195996728161921,0.17319256191930668,0.07889646240617028,0.07620745041233923,0.054366694612342774,13,False
21,0.332208210219894,0.051507991863059016,0.03151976927882362,0.06564896148258019,0.04519066758481409,0.06266429179732314,0.175152785833368,0.12213627953094093,0.08396644138173276,0.030004601027464172,15,False
22,0.31739841334804564,0.07177505393308461,0.019162763387515658,0.08652381709143299,0.047032091028422256,0.06091513099811239,0.16460603607643998,0.10050784252355399,0.09449207842026389,0.03758677319312858,15,False
23,0.29341817046381563,0.080406759441573,0.018074504044949386,0.0987233641175034,0.05504105569745989,0.08699965360413721,0.1665485672910829,0.06018715380736935,0.07976419087169029,0.06083658066041893,16,False
24,0.31255664011331175,0.09344053004937718,0.029926671799381514,0.09991572229210176,0.02202528315583626,0.09828026098431426,0.15834188614746425,0.05736447215017581,0.0775641729872713,0.05058436032076587,18,False
25,0.32739210342688935,0.05321695492740251,0.037929325942341025,0.07677929543049124,0.03812573533430389,0.05802018490835071,0.1768668672026724,0.11340287481498794,0.0864763512922286,0.031790306720332326,15,False
26,0.35263010750534707,0.06902418930985635,0.036522712397809916,0.10961293972810011,0.030850862245286707,0.0638393744207737,0.17254268936254388,0.08957233753631434,0.051856098282470904,0.023548689211496998,17,False
27,0.36066384300380105,0.04530343799487289,0.031310984520399064,0.09412114730162445,0.035486360564042536,0.06328208471729518,0.1684198085163649,0.08998456359580814,0.07946870377946456,0.03195906600632733,19,False
28,0.34957189035992886,0.05240219648389401,0.02103470021253299,0.06559234937571168,0.05326939296837204,0.05346747916715013,0.157605497883122,0.12452635486693416,0.0938623711674139,0.028667767514940233,21,False
29,0.28019103448291705,0.08862671913612113,0.0443114616132253,0.10020872929137216,0.05307155116285542,0.09466711732188623,0.14173705460321942,0.07187263500107709,0.08048101937864832,0.04483267800867776,16,False
30,0.32413544238960856,0.08234502683472737,0.017098383004208795,0.07127357149531138,0.03929661683060581,0.08845960071123106,0.14972072053119634,0.10206157817844667,0.08922131551790284,0.0363877445067612,15,False
31,0.3219249859783264,0.07895392456428865,0.010247555704030895,0.08543306595077792,0.02921490166557512,0.056773996503274145,0.1710785784710968,0.10550176024816778,0.09416873929833373,0.046702491616128675,15,False
32,0.35574533378602324,0.06410806208507425,0.021642759529836183,0.08976828617361216,0.03863438411397926,0.060971821511615204,0.19854872503942325,0.06896262118483698,0.07050845304150369,0.03110955353409584,11,False
33,0.3033396895768653,0.09350402109782742,0.027430166348655274,0.08850017905455398,0.04727802341154617,0.08402493580267653,0.16069492225677368,0.05888075464993159,0.07909806954010848,0.05724923826106144,16,False
34,0.3147096287873757,0.06783077160171448,0.0,0.09730409080055084,0.048474696900127304,0.0630455226924841,0.1939304590528605,0.10327939680837579,0.08388180308837916,0.0275436302681321,22,False
35,0.2799133632130405,0.07779994048983187,0.03061227064355056,0.09304554601130997,0.05413552636700529,0.09402374701241288,0.16513992967949934,0.06730852097477365,0.07987272796449933,0.058148427644076676,16,False
36,0.30175582221798447,0.12437059214096007,0.009289240711159493,0.10487558689963522,0.021454421399078976,0.0724710015784514,0.16551810354337215,0.06723823642760283,0.0641436958998417,0.06888329918191372,18,False
37,0.3062359833345062,0.07800033533531012,0.0062202438766035435,0.11290319446462697,0.040429581306927635,0.09200648114064694,0.1667709000066396,0.06611215799933076,0.08260420816743622,0.04871691436797191,13,False
38,0.30594502590596945,0.050991449012232015,0.04335404308765506,0.09318725372711957,0.04888039483516744,0.04414419693119169,0.16393143038009514,0.10647274625976748,0.09255693463821968,0.05053652522258268,15,False
39,0.29642142250668674,0.08274933656813686,0.04400597889211946,0.09093761149206923,0.046629196086456645,0.0895982255725577,0.15990399791545992,0.048452337716030594,0.07736559946775892,0.06393629378272402,16,False
40,0.29043067174338727,0.05640461264138784,0.020184297122541283,0.07920545514818914,0.042124074995454286,0.0669783726744363,0.17139017566128834,0.12641058083037363,0.08993386683878556,0.056937892344156325,15,False
41,0.29986747066021174,0.08689921814325116,0.028179071472449326,0.11256510235281858,0.020275998005351625,0.10072645631248572,0.16067406012928392,0.07356003197516969,0.0843148335876623,0.03293775736131601,16,False
42,0.31143949703231083,0.06656089496625527,0.009955463311926715,0.10416189370459582,0.04364165498277443,0.08460008218372574,0.15681424899152174,0.07032948388616019,0.08548383300598457,0.06701294793474473,20,False
43,0.29600439977318727,0.1017351915654612,0.023931111426398175,0.0885769054787079,0.029991662553174012,0.10500019677027184,0.14140680345111017,0.07687631323791583,0.08130416895734266,0.055173246786431,18,False
44,0.3030320226013347,0.060977750215775735,0.025669878485531816,0.0862083837817565,0.03584332133543188,0.06234360495780359,0.1713191043378392,0.11508444534449142,0.09652646657684703,0.04299502236318802,15,False
45,0.3106713573388699,0.08035998546790984,0.044227115675591414,0.08943740943719518,0.040772185119186594,0.08538933869821598,0.16371510143138945,0.06336463105735712,0.07565741266180487,0.04640546311247961,16,False
46,0.28945662304308445,0.09304280671413531,0.027233837823518226,0.0997187034623709,0.031241382614316162,0.08257763575371688,0.16553554324238798,0.08402256192270528,0.0691819679603672,0.05798893746339762,16,False
47,0.2826340986363024,0.09591588757783773,0.02207232675672134,0.0886550778211292,0.02917459735811567,0.10103596483755702,0.1746953529715498,0.05516345202176614,0.08669878831517752,0.06395445370384303,16,False
48,0.28639092198638716,0.09380408957001776,0.04184512512650552,0.09140350662997654,0.04255884154378377,0.09396836623555677,0.1632231141574595,0.06282836618674754,0.08156617833298331,0.042411490230582174,16,False
49,0.27949850095633577,0.08298626649617703,0.03632070019138995,0.08621027270318538,0.060328437165207804,0.10143426170072273,0.16318904738056406,0.06421821645737712,0.08654055788434419,0.039273739064696,16,False
50,0.3261007726046549,0.0629841988475875,0.009535675747459758,0.07178242723215536,0.03936728219484417,0.060337017318511224,0.1676233691376544,0.10735629322037071,0.11326536201220674,0.04164760168455518,22,False
51,0.30418871465859854,0.09515316113491083,0.02794077108073111,0.10000326298121112,0.0436168523266736,0.08472799671145707,0.16410278960336855,0.05899048072317013,0.07956236148557148,0.041713609294307605,16,False
52,0.31112487795921273,0.062112700521604676,0.03427604088584621,0.06703903310993502,0.04963758767717813,0.0660659996902598,0.16303371636614825,0.12365646719891073,0.08576492677705606,0.03728864981384845,15,False
53,0.3249661855442466,0.10215277404549973,0.02898864498188339,0.07943981457152119,0.036908141036601276,0.10383604777316967,0.15073220055165013,0.06017282653157291,0.06966655167441663,0.04313681328943844,18,False
54,0.2861722925433288,0.07357805905827025,0.022982432770530494,0.08997989417037693,0.056276195795491,0.1133133174657513,0.16573888033654874,0.053038257184733394,0.09477340872074237,0.04414726195422663,16,False
55,0.2887529584346328,0.09638379965814659,0.027233806110883628,0.09018451800766347,0.05632902839461226,0.08827309037269299,0.1454134883200186,0.0713188651446198,0.08476480301823437,0.051345642538495606,16,False
56,0.3427757490900258,0.06260631293732838,0.0330515881656005,0.06097197336632105,0.05214678858687346,0.05494757218319511,0.17883788714875343,0.11655759406702428,0.0810965582196271,0.017007976235251018,21,False
57,0.2850734018707532,0.08263712698278286,0.03872675432089306,0.10661317716863322,0.035113110714478576,0.08770964535341377,0.16169839681404527,0.06967503640335966,0.08450835566909366,0.04824499470254667,16,False
58,0.2947148629126752,0.07687810128711328,0.037354570675263696,0.09346581749846013,0.05742862658727451,0.08666392979158259,0.15256387674205793,0.06447144850103964,0.07718260892178343,0.059276157082749685,16,False
59,0.26283298630419144,0.10249907455277427,0.03981169111783281,0.09237198751512068,0.037566517890992406,0.11056407529275625,0.16143804395167025,0.05235149676955871,0.10072547608642246,0.03983865051868064,16,False
60,0.3217499256215393,0.08830244381814975,0.02457142943091677,0.09980581232758094,0.01517301454790392,0.10050381813113887,0.14073260498311568,0.06581753719655532,0.06497373041781083,0.0783696835252886,18,False
61,0.2959714209389233,0.09261189661883518,0.01711751608757174,0.09913521998632914,0.0468183085204196,0.09344897570412355,0.1566176147944587,0.06460367665530115,0.08475813310819005,0.04891723758584746,16,False
62,0.2847315667126118,0.07120646946060447,0.04547672846758488,0.08969217496723914,0.0588390329477465,0.07799686208048183,0.1626742720193643,0.06951109961960518,0.08779863707255753,0.05207315665220442,16,False
63,0.26605396914052487,0.07356014886018007,0.031922754301281796,0.0925801117117742,0.045616672590858255,0.10308036203723508,0.15006488526860853,0.08988953622369225,0.09141209533115216,0.055819464534692644,16,False
64,0.28891362332627313,0.10167589582363754,0.04559512626981954,0.08609221073671328,0.047506465675855994,0.08314265558990468,0.1580287349076602,0.0732990211162966,0.08015206958349913,0.03559419697034001,16,False
65,0.31013973151297114,0.1034964858181127,0.0200479449320016,0.09926575187794542,0.023894150443055616,0.11345829075315014,0.1452393234364653,0.06736551570966674,0.059834369015553675,0.05725843650107755,18,False
66,0.3153881677829858,0.0793905922780354,0.018796346164289674,0.10907151555614417,0.033177172506430166,0.10477133358105589,0.15168979030318144,0.06460048989748066,0.07469909331504783,0.04841549861534893,18,False
67,0.28676786083558653,0.08213649083432946,0.028662165384102024,0.09823436420327983,0.061740718174848885,0.08940522058455924,0.14435424195268104,0.0770925674176035,0.07619594089200084,0.05541042972100859,16,False
68,0.2970376403169606,0.08529760495487644,0.02082769632966067,0.09100541261755617,0.03425781498978933,0.09649761044617962,0.1701676849005642,0.06632957635419934,0.08171677078339075,0.05686218830682282,16,False
69,0.28198680201859716,0.08725101859212574,0.0321710196270014,0.10009481352969204,0.05270707659594585,0.08804156123872364,0.15192963522572348,0.08406466931359792,0.07877405396552459,0.0429793498930681,16,False
70,0.30044809776201853,0.08210642967720881,0.035491112871097276,0.1137648082891114,0.04055567364246461,0.06264286013867106,0.15643507758151592,0.08279260855539598,0.08451603983265567,0.041247291649860594,16,False
71,0.2829196892089168,0.09069054859557722,0.03738623567962489,0.10255414422709017,0.03740995428425268,0.08867774239661662,0.15732103357643348,0.08003350260341367,0.07082751144134436,0.05217963798673015,16,False
72,0.2857834157847446,0.08754275774696298,0.03470567950058583,0.09685744140229333,0.04277755574201666,0.08687556743214954,0.14432473159008083,0.0755323653436003,0.09274258598626788,0.052857899471297994,16,False
73,0.2708316884558096,0.10088333811878716,0.041350775556292886,0.10124965113483593,0.037864880124380614,0.0862641064309101,0.15652477184921934,0.08810679943363815,0.0634437905332322,0.05348019836289407,16,False
74,0.30641939585151334,0.10437446651477816,0.015792435485084518,0.11049920199314707,0.023445536700725026,0.09086003630907127,0.17043129729041973,0.05513612124738484,0.07056806859003671,0.052473440017839316,16,False
75,0.2929744191454143,0.08150797375486887,0.027033542947312028,0.10054162061714692,0.041322349324860085,0.09979705461641561,0.15411902985952397,0.07876271460329008,0.07706864472017552,0.04687265041099269,16,False
76,0.2947899839767439,0.08531110926101686,0.028231112975656798,0.09852926676537876,0.04501359324957758,0.08250174324721789,0.17309518229606533,0.05804577672127274,0.08225251038035888,0.0522297211267114,16,False
77,0.28368891265833557,0.08426362818419268,0.05509213288419517,0.08521871357766782,0.03454566078492187,0.07398114906233777,0.1675903656105105,0.08377896480044648,0.07586221468256489,0.055978257754827176,16,False
78,0.2999932315722263,0.102025088713854,0.035881617367055245,0.09240563727950205,0.02709657104588364,0.09275721141566176,0.17912451236490962,0.06218713191942238,0.07051718290573256,0.03801181541575246,16,False
79,0.29635785508623413,0.09350587673397107,0.025924065573207068,0.09443901429790194,0.031023746834175032,0.09403432955609098,0.16112902332077184,0.09460697241368732,0.06698390460208191,0.041995211581878654,16,False
80,0.2975192031525394,0.08826853007672503,0.03538173995281647,0.08093013498191938,0.04257224631008949,0.09366403988491746,0.1613670347881756,0.07036474945460051,0.0783888001629448,0.051543521235271894,16,False
81,0.29927742358269277,0.09475250281282177,0.03522179002430495,0.097679741329784,0.021311937830704415,0.09600224813492193,0.16449838712529763,0.05957193213369381,0.07226922511412172,0.05941481191165702,16,False
82,0.28962967374903076,0.09207283093896838,0.03301303040588191,0.08373309997639224,0.03552191063830824,0.09920314893156829,0.16909142012638947,0.07463906895494297,0.08352669176249027,0.0395691245160276,16,False
83,0.29282440582825786,0.09490960427804201,0.028562400510734175,0.09607630733990886,0.04821164023358919,0.09784703515428808,0.14646468591585887,0.07560388886883491,0.0806250930598854,0.03887493881060045,16,False
84,0.2778389149181788,0.09521047342997367,0.04173267912231769,0.09855222111688697,0.04875238543225381,0.08597347392862835,0.16898810800272118,0.07545028241749482,0.06588127466402265,0.04162018696752212,16,False
85,0.28336412701454117,0.0979909129156471,0.05924862701660006,0.08814550667004993,0.03748739084342877,0.08631949004200748,0.1641696937446118,0.05227325901848061,0.08383151228000255,0.04716948045463063,16,False
86,0.2705973982851381,0.09083130979413466,0.03769371079838806,0.08210160761404584,0.040960653547847385,0.09740669076672298,0.15954693014523783,0.0739530719843581,0.09238364000359452,0.05452498706053249,16,False
87,0.3102252702550311,0.09605151382566567,0.028165898607603688,0.07595116277972333,0.06377252347545619,0.10196082777700005,0.15974802456082327,0.053259019749243436,0.06426548009881788,0.04660027887063528,16,False
88,0.2739181899100257,0.09481918315789092,0.031211998811083705,0.0997278977468519,0.05385319785512393,0.11316262059775542,0.14333505811774222,0.05809520739690969,0.07609836642732955,0.05577827997928705,16,False
89,0.2968383327928033,0.07559487089958598,0.041523267691539016,0.09839624881753127,0.03796868861664173,0.10369983351129708,0.15630663385373608,0.05399121916064392,0.08706349564463965,0.048617409011581875,16,False
90,0.2981404503513654,0.09217872165488245,0.03563742427959639,0.07965865237059808,0.03897859121294263,0.08602216255562409,0.15949394285525373,0.08095128601548525,0.08418890549925506,0.04474986320499698,16,False
91,0.2905006432888831,0.0814641922413335,0.04111914770131696,0.09136016966119635,0.057676386707422554,0.07977652868372842,0.17333629596002006,0.056355744146347496,0.06621810398287468,0.062192787626876814,39,False
92,0.2948334294387239,0.09615020541037303,0.019957357860831998,0.10724468800815823,0.04943359761871546,0.07503991130654161,0.1610590520354168,0.0464712352200968,0.08447391719283405,0.06533660590830812,23,False
93,0.2862035177359531,0.07794712296580511,0.060040941924571246,0.10580137837109488,0.04478070572693133,0.09100214583495582,0.1464922021020109,0.06331925222794403,0.06816797425517869,0.05624475885555492,16,False
94,0.2947363050275019,0.09109535432036342,0.01803567522397732,0.09156567112374345,0.03948349824484648,0.09242387648164668,0.17333457779126205,0.0695818087373298,0.07347506784344184,0.05626816520588713,16,False
95,0.2733228298170379,0.08832967949331151,0.03333801778765548,0.11087462914175707,0.041396587459550556,0.0915795674596247,0.1545971484434824,0.08005587279248448,0.07581323513826244,0.050692432466833366,16,False
96,0.2906880682624919,0.06537182180937952,0.04951640272091925,0.09909862970902852,0.03975057979849655,0.09064157100400096,0.15953685207583246,0.048146160233114264,0.0887130929251467,0.06853682146158997,39,False
97,0.3137180154633124,0.06597683591937141,0.03059918948881105,0.08501373980784219,0.04155944257597431,0.0925407432875137,0.17869588837539951,0.04913101168576873,0.0768839630896926,0.06588117030631413,39,False
98,0.28982022282877673,0.07286337850815705,0.04756984765124311,0.0953896903692748,0.03956631939468016,0.07838673805247055,0.16164824396110597,0.07412007764442854,0.0915539195162165,0.04908156207364645,16,False
99,0.2901847044214595,0.09942722959990508,0.02868654812483215,0.07700275345803557,0.05522864910198553,0.09961176987642417,0.1507238904226694,0.08996233027240022,0.08205135933929016,0.027120765382998388,16,False
100,0.28810397210976113,0.10245158501357597,0.03835529308797126,0.10496198393168647,0.04706742488377926,0.07127710857818834,0.14102882532027908,0.06001868161475432,0.0889249155973306,0.05781020986267362,16,False
101,0.2930435174776696,0.07434587447916062,0.04061330775845071,0.08500659956400224,0.06034814521564196,0.06620942383022843,0.1594016265169427,0.07308093276128945,0.09056907187529396,0.057381500521320496,62,False
102,0.3032070823558749,0.08658741576893288,0.03594292808418777,0.08258590652032227,0.05173213390313661,0.08836484106054242,0.149685829412888,0.0505618288072013,0.07647556459491757,0.07485646949199638,39,False
103,0.30287554193567445,0.08652165106365084,0.03552264320356435,0.0910304654478293,0.038122488828995355,0.10575523582694435,0.16058180115733625,0.05919305821718356,0.0696990086602147,0.05069810565860681,35,False
104,0.3044514938268381,0.08520463085046173,0.0407790683451008,0.0568741396761822,0.05348083207294703,0.10576362115207723,0.15994622585118687,0.03692955304265662,0.09594481331940449,0.06062562186314489,39,False
105,0.262218525924981,0.08474963191491419,0.03232286141918405,0.08234459521461979,0.045100409064005385,0.11182211552189646,0.14119481987637464,0.08833565583160449,0.0840018902515804,0.06790949498083973,63,False
106,0.3088646936691599,0.08785458964216725,0.030663867991107506,0.08539686445411634,0.041889723237595496,0.08808624523426577,0.15764023892145757,0.06177458713130666,0.08425183810299597,0.053577351615827544,16,False
107,0.29805672314812326,0.08373331432418857,0.043349841399712576,0.1003375449294972,0.05266029187163942,0.08208331317563385,0.16383680618941124,0.038315761500597796,0.07420255652933078,0.06342384693186542,39,False
108,0.3035764952436789,0.07151032018720205,0.0486595586090519,0.09328873158982752,0.0640945936159294,0.08958210692256609,0.16303860538113138,0.05788283892448404,0.053405352689790894,0.05496139683633792,39,False
109,0.29478612879949123,0.0902119214347651,0.04256782212576168,0.11732688509811946,0.04458368260122114,0.10473745809594776,0.14524939125385575,0.037649290254690014,0.07137261137961706,0.0515148089565307,39,False
110,0.2754183235054249,0.1006875202205467,0.04608933449732967,0.09559050107072661,0.05230900427968551,0.08499527558896172,0.13948875012101544,0.06933848630124709,0.09232738204700731,0.04375542236805507,16,False
111,0.2870499034561336,0.07402207075795667,0.04124448491499522,0.09462349234100836,0.03519491473947623,0.08832858945907233,0.16504461890104433,0.07258849552021657,0.08208929439508178,0.05981413551501486,16,False
112,0.27060610141225,0.08577060803245481,0.0269749069940091,0.0919694532175442,0.05245698474212634,0.0962011204614409,0.15673306426816835,0.06987839247491845,0.0841292871115271,0.06528008128556065,16,False
113,0.2899005384812175,0.07322591120744315,0.03800166415909974,0.10859665408047928,0.05242290465524165,0.0903325036720588,0.15503180458886864,0.040570658796600205,0.08563563714296317,0.06628172321602781,39,False
114,0.27154085716964427,0.06552703165312199,0.05932703434389973,0.09637882930616841,0.06287535932879337,0.09095879526083496,0.16953895604394043,0.04602505543997203,0.0836150839186221,0.05421299753500269,62,False
115,0.29087945422197614,0.06582047759091182,0.0490687598638186,0.09714617269595692,0.04034998945582759,0.10013745337662243,0.1399117892004737,0.07127651245730321,0.09036241579148238,0.05504697534562712,16,False
116,0.29165072460287084,0.10249081273236141,0.039690839928401216,0.08251274556272714,0.05568033205030861,0.07544338675163405,0.16945500935523397,0.07430037941281485,0.0657405196715977,0.043035249932050275,16,False
117,0.3028457412228587,0.07803870378362696,0.03148017736825076,0.07545844536107943,0.051789221268649856,0.10447127411734017,0.15388124166503833,0.050912722425405406,0.08293912016246316,0.06818335262528735,39,False
118,0.2783488530737266,0.07666762877906805,0.024108073469758507,0.094928774643575,0.06291558649321041,0.08330535231791791,0.1475351988533485,0.07125647415933198,0.09281438875859135,0.06811966945147162,62,False
119,0.28731294034788346,0.0906185312288524,0.027392208898113432,0.09930919979390129,0.05183014636364715,0.07838742335902832,0.15164783224477849,0.06982865182335217,0.09293977342757466,0.05073329251286854,16,False
120,0.26106392044659,0.07854352336708854,0.02983233736088441,0.10806850743773205,0.035214107441015656,0.11326391798892534,0.15217608831238458,0.0906404443544807,0.07412548815112355,0.057071665139775185,63,False
121,0.27474517432790807,0.06292171283068954,0.04606179149105929,0.09574696109826017,0.06124600432930016,0.06902888675132983,0.16666989283233613,0.07721371016365423,0.09172610079199893,0.0546397653834636,62,False
122,0.28477309002967055,0.07104746681586842,0.062171977370514865,0.0790784026556906,0.05080744509267937,0.10640004488130145,0.15373961778887815,0.05339183787938037,0.08323424785194017,0.055355869634076064,39,False
123,0.29575776887938227,0.08248380625929576,0.03692920661319178,0.07910854011742267,0.03978798090994132,0.09795329556525023,0.16562301910428368,0.045632465696758176,0.07429067888349489,0.08243323797097932,39,False
124,0.3136402294407366,0.08149173539895191,0.035307901527944274,0.0835551350805783,0.05497718570011031,0.08019334163200284,0.1600660063237152,0.05613152961921977,0.07520764403119526,0.05942929124554561,39,False
125,0.3015138986644949,0.08148711244323033,0.04431037406799519,0.0904493256937078,0.050615770490608704,0.0874562076634472,0.16749976739463443,0.05264234337006713,0.07394197413478398,0.0500832260770303,39,False
126,0.28635947998613576,0.06843841973183157,0.045756266659709055,0.07748330564664245,0.056398965222511935,0.08518540381465586,0.1817394276507335,0.08117935120708894,0.08134125513738152,0.03611812494330944,62,False
127,0.28395567051726867,0.06531355019257638,0.03166013929429449,0.08842970906066046,0.0710714378287905,0.06685254099504832,0.173056232387245,0.07419655580525729,0.09764509463529703,0.04781906928356207,62,False
128,0.29371480580946685,0.06198870164016999,0.021776519026428846,0.09153031037168308,0.05752187878734825,0.09275287043434759,0.1789044619043209,0.05844235797773866,0.08622917404983185,0.05713891999866391,62,False
129,0.3061401335827263,0.06375344482038026,0.0387340256894912,0.07087369609275557,0.05716042371421463,0.09520128134437561,0.18232268868879625,0.05771802150386666,0.06950626657740926,0.05859001798598437,39,False
130,0.2810074292457631,0.08889306657966041,0.0446020741189123,0.10823405210375446,0.04215241358404536,0.10351548430652042,0.14762468367246873,0.057254221202281616,0.07750022072305261,0.04921635446354099,16,False
131,0.30263739249408794,0.07785083175278822,0.04349216503499241,0.08497558728481128,0.07635051278045298,0.06866472946073243,0.1596360856944047,0.07547222385721722,0.08851454308187481,0.022405928558638048,62,False
132,0.2835431393848125,0.07502915437673542,0.034596577413145424,0.09054648817985263,0.07065780136692076,0.08856639946721692,0.15304385592910164,0.041505492676520074,0.08527347480008712,0.07723761640560739,58,False
133,0.29478641666457056,0.06853636767075963,0.039872227901216105,0.10718503384393369,0.05058747130231932,0.07139731694873028,0.16512776409202615,0.0694943130234482,0.07056907457199638,0.06244401398099989,58,False
134,0.2781966554699739,0.06927395685247327,0.04817611555214723,0.09017385468889212,0.04832560525443609,0.07599296607419304,0.15684186768549543,0.07177894301444306,0.0978014783502864,0.06343855705765936,62,False
135,0.2900306630271135,0.06986556256818441,0.05396953156906667,0.09264407590523563,0.04378266590700164,0.08191170261407162,0.16982605893691755,0.07702261904229751,0.06689149769034121,0.054055622739770215,62,False
136,0.26547504672149363,0.08042555907585051,0.050111501078264974,0.07664367570569565,0.0763755615013569,0.08464611220520277,0.16302375239757233,0.07682909246685861,0.07764119312228879,0.048828505725415965,62,False
137,0.30964015246246535,0.04416666025661163,0.07072755973162397,0.09087449706124029,0.061809750275844705,0.03815907149226352,0.15246673234954922,0.10532974211912209,0.09917721890227486,0.02764861534900441,38,False
138,0.2946873821452937,0.04842196962694579,0.0454780660158877,0.10540389485026909,0.0628982351708347,0.02884142937303514,0.15424171523515068,0.12256740691894705,0.09389130714714534,0.043568593516490804,38,False
139,0.31267813074047623,0.04354681577325374,0.052259478261107405,0.11176057713907599,0.04264658032262679,0.04504598070371007,0.1537467207656555,0.10519379400822085,0.09398610100844186,0.03913582127743155,38,False
140,0.29775638540071414,0.05946314421498231,0.05127057374145138,0.08379787280926854,0.061964330882072996,0.08339904728642525,0.16327547242210913,0.056935091367744765,0.09505889615783178,0.047079185717399746,62,False
141,0.2844743411317275,0.0692655695868528,0.04605614900012101,0.10700456263512209,0.03950959870429527,0.09270485128464628,0.15458292264212295,0.05209928062707743,0.08058137595975219,0.07372134842828244,39,False
142,0.28038712649976477,0.07067743725574532,0.04690822906474119,0.10521244390919422,0.0718400826855907,0.08284960017318424,0.14778706264007221,0.07362019332064582,0.07340983830958692,0.047307986141474606,62,False
143,0.30024964110194424,0.05259731919462855,0.04491062016590664,0.10859935826296281,0.056409998833533224,0.026929714366423246,0.17089725647631537,0.11960419183852714,0.07217593809328729,0.04762596166647165,38,False
144,0.2814965874499713,0.06986203718019839,0.051543269420130634,0.09436150204127557,0.057266009540116423,0.07972360327797805,0.16819799487942472,0.06960701869834063,0.07445105769516058,0.05349091981740381,62,False
145,0.30084677000683074,0.07055040886531434,0.04930282988552133,0.07903094420007538,0.04388987445834267,0.06857429373886956,0.1596583059595681,0.08160486360237573,0.08848435237762818,0.058057356905474054,62,False
146,0.2811685696374823,0.06696725051510323,0.045421159065806016,0.08786945660329919,0.05130548800961565,0.0854058948269398,0.1681611725303365,0.0799236969131454,0.09827014008250615,0.03550717181576581,62,False
147,0.2944658558452352,0.06664976486139804,0.02835522380297512,0.0792928578914024,0.05748771504161109,0.07683694199523121,0.16411425657785442,0.06535854173981795,0.10807854296509646,0.05936029927937811,62,False
148,0.3049895880012202,0.08640142075103592,0.05440031823546473,0.13689051632626742,0.02277571241076825,0.09212357167157932,0.15152667818398047,0.05787426697889895,0.05397022007557731,0.03904770736520735,93,False
149,0.28327502416143246,0.04736898291111697,0.06711476523631275,0.09881871223845898,0.05960978795836584,0.08148808173187481,0.17031807333066395,0.06515683282012218,0.09196900851826824,0.0348807310933837,62,False
150,0.30747126540433595,0.05890915057589402,0.041485342671998916,0.09085358677682379,0.041339507382029725,0.05695723443923133,0.16323903827699537,0.09482216819490895,0.10026610977102418,0.04465659650675777,38,False
151,0.2865521009916224,0.08493795760876878,0.03524010353040691,0.09468197978722818,0.04057969204407359,0.09726303785429,0.1610254917306252,0.06835087971293445,0.08168750892708142,0.049681247812968884,62,False
152,0.2987259766749338,0.06782846732173618,0.037939068098960735,0.09859144713597551,0.04454851664918944,0.08914096632441029,0.1808777603103053,0.043289449123997334,0.07378051828006388,0.06527783008042745,39,False
153,0.2785100468307975,0.07183746890118928,0.06262783321834185,0.08971566734746783,0.051198151683821476,0.07540092445180126,0.15420966113388704,0.06719634996609135,0.08351572409594114,0.06578817237066126,62,False
154,0.2819382448444234,0.07381076521922743,0.0669253859357254,0.0994035896824863,0.05268716807815913,0.09295859575277657,0.14740317564330346,0.0640380640523193,0.06310752458211466,0.05772748620946432,93,False
155,0.3013140338539938,0.06673445989846351,0.048157609193598364,0.09585228367623011,0.05080105595917971,0.08495956996989922,0.16596225716575685,0.05615927288559758,0.09280594233614872,0.03725351506113224,62,False
156,0.287468337204102,0.05877284217397521,0.03540761564494912,0.08809941927701159,0.06557713611885203,0.08807068543321671,0.1570368030520773,0.07314657130971547,0.09089620698209064,0.05552438280400974,62,False
157,0.2742347242748626,0.07339096704330571,0.043797394957905585,0.10110006722272571,0.06355809411235708,0.07511350450572517,0.16250173329980871,0.06051804897348503,0.09281853916719275,0.05296692644263144,62,False
158,0.2952566838494928,0.05388853545691718,0.04648777414592647,0.07767377211969313,0.07879198087144662,0.07220676005145038,0.1612789936482137,0.07543091826911494,0.07719545411749597,0.061789127470248846,62,False
159,0.2829102146643995,0.06984468145966985,0.036149475524500874,0.0951465427006611,0.06569483002316583,0.0726515104990719,0.16574918112540576,0.06459216105048435,0.09950844942533482,0.047752953527306026,62,False
160,0.2878925046123662,0.07540942963891156,0.04247851958883048,0.0939710282461265,0.05222253020867932,0.07995771718361736,0.16761621890090558,0.06661676484797517,0.0784955561526967,0.055339730619891,62,False
161,0.28096433894830003,0.0787778204269156,0.07077377709507794,0.1047401162779251,0.017869213730620653,0.10201229263421624,0.15981889536621052,0.05416603660613151,0.06750059468061151,0.06337691423399085,93,False
162,0.2850064094855797,0.08787621711333088,0.048320368625353605,0.08956727260354645,0.05836635841396806,0.05898392101395694,0.1605232988581984,0.06977684902086335,0.0951770379298063,0.04640226693539611,62,False
163,0.2747641111117395,0.08305272257443681,0.04332739031226238,0.09474130094478438,0.062242055722655086,0.08107989382504405,0.16127354130524618,0.06057031153511525,0.0803736765111139,0.0585749961576026,62,False
164,0.2701440056064366,0.0658291708785382,0.048999906718707215,0.08927588067456499,0.07135592414516734,0.0971956165377425,0.15017369422632004,0.05263813430282586,0.08949500798025295,0.06489265892944415,62,False
165,0.2676029032353872,0.06302508945527738,0.04918031827363459,0.09512425445460769,0.0631281989630524,0.07003437680496423,0.1809449717255305,0.06933890783079663,0.1016303734112997,0.039990605845449737,62,False
166,0.2713821515806074,0.07201083425703442,0.07810657162063273,0.09542125127802227,0.06647491519968463,0.09658541763705762,0.16880707399837258,0.04013385231388467,0.061255558162501354,0.04982237395220235,114,False
167,0.2795143108909166,0.07286513354078379,0.057234733237036345,0.1112945935786555,0.04290699972625911,0.09999762892587258,0.14005802335404688,0.06518006597209011,0.07125141963505409,0.05969709113928497,93,False
168,0.2758963282953445,0.07677295551578199,0.04140277572368793,0.08058718571893927,0.05317948372957695,0.08978107821457115,0.16888157782924845,0.06254526660708884,0.09386868277816232,0.05708466558759863,62,False
169,0.2873077377843004,0.04372206774654611,0.06515233847702565,0.11197897152090085,0.06034779553625286,0.035010229319024415,0.15724114133993058,0.10400609666292582,0.10441945696832469,0.03081416464476852,137,False
170,0.2714337056684986,0.09995126776551733,0.06385501617096684,0.11121453912212985,0.0399475892624201,0.09393479625118735,0.14739467972659392,0.06624315355045411,0.06048029875265829,0.04554495372957354,93,False
171,0.272593243464617,0.06688793401586784,0.05499558700843585,0.10280975986535125,0.058529725415142946,0.0910311926381505,0.17207998056946977,0.05528866709672875,0.0788153376008046,0.04696857232543145,114,False
172,0.2904113902093403,0.06912188534408413,0.04254520153885056,0.08697085439619145,0.06823267492020661,0.07816020267411847,0.15677784804393974,0.06787609579172127,0.08558440733422681,0.054319439747320654,62,False
173,0.2615039437590187,0.0743401366212923,0.03848543618849659,0.10468192672353055,0.07921205421861116,0.08231574293065773,0.15426638751181485,0.07371618212842883,0.07867877098091544,0.05279941893723372,62,False
174,0.26779205903536135,0.05860996421962847,0.0464016780731177,0.10222479748415841,0.04880849098546368,0.0767523713895292,0.19906221527955337,0.04589865457997136,0.080724918492082,0.07372485046113438,114,False
175,0.29154138439802274,0.06593300167642599,0.04618550691211482,0.09155881959848164,0.04651271973813725,0.06714281639302927,0.18219623391420348,0.054922519567012724,0.1070081000605501,0.04699889774202201,62,False
176,0.3091134344276621,0.04510939824243412,0.04005929280108224,0.09060548687749417,0.06317360781859262,0.024801527533483646,0.16726709791263097,0.10584673490490744,0.10680646936493847,0.04721695011677414,38,False
177,0.27922360054504364,0.0617234667236837,0.033416647827210204,0.09010712967390194,0.05680173158686383,0.06929881567685779,0.1854892524003216,0.08430849393598688,0.07962427497745572,0.0600065866526747,62,False
178,0.30365469275449675,0.053916771227483264,0.044840260636991196,0.0850772150713973,0.05462677224725495,0.085339342291353,0.16480751478038,0.07660135857593722,0.08377988604814615,0.047356186366560096,62,False
179,0.2695922679481951,0.08150691091472487,0.050808343370530674,0.0952824178575695,0.06413751127388995,0.09955255736183506,0.17268893078013908,0.033347433688593255,0.08543359468226247,0.04765003212226005,114,False
180,0.28328721303967414,0.08691454136711531,0.02066263036005347,0.09041731480229512,0.06657700926777348,0.0610514880777804,0.15091079432762045,0.08311089632366936,0.08835033343849903,0.06871777899551917,62,False
181,0.26387738874097766,0.07402695110348216,0.057965609817996804,0.0688838152186643,0.07102069920067566,0.07976960718550055,0.1663396235902376,0.05968014380093581,0.09827680098059795,0.060159360360931495,62,False
182,0.27706843681504206,0.05995436456302531,0.04907969874760452,0.09403084808718352,0.055140921171960115,0.10798339687500548,0.1777152518286702,0.044852063121012274,0.08297567468548288,0.051199344105013714,114,False
183,0.2999364489230083,0.06700347267432126,0.038750091874056716,0.09868127406527243,0.04741883572241401,0.10223577959823076,0.1562056267491156,0.04569767770278822,0.08332037210982986,0.06075042058096289,122,False
184,0.27201040078402994,0.07267457144316797,0.05412004824688059,0.09307429206223465,0.0659598592942734,0.08792260745807978,0.17207224868478344,0.04360344360550125,0.07419464215156632,0.06436788626948267,114,False
185,0.3077704614662782,0.06961033845312076,0.07033350643029225,0.10398966212540124,0.038027328952074925,0.09853683840402948,0.14742455377904312,0.04587583828667957,0.07129516339903726,0.04713630870404313,114,False
186,0.2962084685492533,0.05699947547952725,0.06843645447321606,0.10692683601731583,0.04974269944412568,0.0868193197756159,0.12047769873619102,0.07780691797800254,0.07462520962353701,0.0619569199232156,154,False
