ID,strat_res0,strat_res1,strat_res2,strat_res3,strat_res4,strat_res5,strat_res6,strat_res7,strat_res8,strat_res9,ancestor,alive_at_end
0,0.02687598081678883,0.000664525504846893,0.003182974050752418,0.17465110429496283,0.0043991898482393325,0.1850538778761924,0.07605123958775817,0.25441623874018765,0.11563913808179446,0.15906573119847695,0,False
1,0.030168026239690816,0.0,0.0,0.17905553447821532,0.0030167534391240956,0.16955137808440984,0.09631398177835954,0.2603020820144463,0.1058033580472964,0.15578888591845766,0,False
2,0.015606480659518182,0.00959750354774373,0.0050687860007608805,0.16980193903945812,0.011140664924733859,0.18648792966412123,0.07782489521760902,0.24545802722953658,0.1068554939807221,0.1721582797357962,0,False
3,0.043003328826126834,0.0,0.0,0.16692551668365727,0.0008324653748693955,0.16983849044909724,0.11173078668814071,0.25337978067195277,0.10861892551099663,0.1456707057951591,1,False
4,0.042497940951445975,0.0,0.0,0.1679696715064134,0.005171363053394536,0.15651471487573343,0.11048530949824316,0.26225483762295754,0.10747593025827361,0.14763023223353824,3,False
5,0.03143518091281187,0.0,0.010445770002985565,0.18614889811066582,0.0,0.14475252266298683,0.1155029047401464,0.25760872825877423,0.10435092119412627,0.14975507411750305,4,False
6,0.036004630197884156,0.011748260426736606,0.021355149327392388,0.1675446828082475,0.005530384522276594,0.15954754140102742,0.11918596750626483,0.24665752709923253,0.09725636907428326,0.1351694876366548,5,False
7,0.04459871505089652,0.0,0.033207715035302246,0.16840637030605915,0.0069020365614556895,0.15196908088790512,0.12036306870145545,0.23676971719904136,0.1099838101964348,0.12779948606144956,6,False
8,0.04477731401996803,0.015233979118581941,0.027117311998974436,0.16953180505013365,0.01683681723491926,0.15860059300318793,0.11859348820018427,0.23188423761062407,0.09370090229205642,0.12372355147137004,6,False
9,0.036576696953290765,0.00951695408090302,0.02188496702983198,0.15528347143792176,0.008396414535771753,0.17732914999713867,0.11426130830885692,0.25574655037864186,0.10006071097239844,0.12094377630524486,6,False
10,0.05131201181590136,0.022112801490042213,0.02390266783038856,0.14405140762412752,0.010482108505823987,0.16477713149600098,0.09627808655392862,0.2542968348599367,0.1199133616606674,0.11287358816318259,9,False
11,0.03643607860012962,0.04029974123319483,0.03277989856329128,0.1299434045406259,0.001492051481134646,0.16370494242445083,0.10272562218370537,0.24623463380595567,0.11205339871613063,0.13433022845138132,10,False
12,0.06007507749771122,0.018682636501883815,0.008819322491227608,0.14891150798019032,0.00042646203509355465,0.1690052681126148,0.08955714083934378,0.2636403292241246,0.13232190600436944,0.10856034931344094,10,False
13,0.04999848265670618,0.009707708163487662,0.01858708905107957,0.15129138666995523,0.004113362165786955,0.1785686245837954,0.10671790175846015,0.24647630953186148,0.11948702624726808,0.11505210917159928,10,False
14,0.061314938217246616,0.02306334819213413,0.0033335105301649094,0.14096949543408718,0.0,0.17651285943586503,0.08972164914422427,0.25984279905495533,0.12220794740892488,0.12303345258239752,12,False
15,0.07327919523718081,0.018692219061144894,0.0031769887731700076,0.15397073175045048,0.0,0.18350024495397257,0.08953548611188802,0.2545197912347949,0.11784714737443368,0.10547819550296453,14,False
16,0.07970337193370486,0.0232795507832046,0.0,0.1623948510050046,0.008117259903563446,0.18479836528242716,0.0978170114971076,0.2409738397117539,0.10753209700096827,0.0953836528822655,15,False
17,0.0474154295341303,0.016967162591599815,0.02200879967502183,0.151781651391761,0.0,0.17946661208794198,0.10398142962528541,0.25725766348759443,0.10466906070762252,0.11645219089904277,13,False
18,0.05333358298413765,0.01388239410112076,0.02096383737632578,0.15580970097993627,0.0,0.18481632124830671,0.08260399770653792,0.24696703169532058,0.11607545934118746,0.12554767456712687,14,False
19,0.048226857994955,0.013040592685782627,0.02371552299915545,0.15653192857814496,0.0,0.20016770273421078,0.08565904513733864,0.23730348578282742,0.11536990893121783,0.11998495515636741,18,False
20,0.05476864064600604,0.04173502320610039,0.014233606036139275,0.16868334825079037,0.000685682395331783,0.18340405596416548,0.09106793404731306,0.23192252903934138,0.11939380146995927,0.09410537894485291,16,False
21,0.06745185944682529,0.010719880183465013,0.01605962632347825,0.16256178457490206,0.0010878471878392581,0.20789827396572552,0.07033114256631574,0.24839698375557862,0.09877223218175708,0.11672036981411327,19,False
22,0.057075489310622264,0.029357796102690164,0.0,0.15761496641699713,0.0021657384609886903,0.1846908344472884,0.09411453708475281,0.2601272034986215,0.11228544348267781,0.10256799119536124,15,False
23,0.06657275597436556,0.01874623206164688,0.004165597489275343,0.1691754828434061,0.007326788114293909,0.18795120221618344,0.09510719002300552,0.24417821437120227,0.09174584040911506,0.11503069649750591,22,False
24,0.044822342561721545,0.02633251048783207,0.022703758708622256,0.1577482667860424,0.0,0.19336111040341905,0.09125632043349814,0.22181573456897308,0.134066027924185,0.10789392812570649,19,False
25,0.042873781453727035,0.03792513573267834,0.019460241426843092,0.16305284976678958,0.0,0.2071855425797933,0.08003711523376787,0.21837577420759607,0.14626051273605703,0.08482904686274764,24,False
26,0.05461155695744576,0.03197653960627059,0.0065113762146098535,0.1510392918557331,0.0,0.19828341135896665,0.09090655538701951,0.2664741605724321,0.10894929346817891,0.09124781457934357,22,False
27,0.042237309244537086,0.014090182643338734,0.027566318405215066,0.14873665082845464,0.002180391321172187,0.1994694067226616,0.07486314996694553,0.23896749347278573,0.1216855157158236,0.13020358167906587,19,False
28,0.06560070901964302,0.019487379924373674,0.0,0.1351324675267582,0.0,0.17365610634965248,0.09089724596845873,0.26580261690382,0.13655243371890557,0.1128710405883883,14,False
29,0.06767835340435172,0.0,0.026888428244531536,0.15144012924172906,0.0,0.1759816562353478,0.08253178841931874,0.26405565085716426,0.1080913821791978,0.12333261141835915,17,False
30,0.08590431672582985,0.019922209364581087,0.017004148800399067,0.1562445993580859,0.003532010343496922,0.17202426509597293,0.08890814725722661,0.2551007487273041,0.12002889260413226,0.08133066172297124,15,False
31,0.04701992888666279,0.00840638234799786,0.020823174037306026,0.16326060497666994,0.0,0.2113154321212644,0.07712738226158948,0.23802127254408387,0.11388681623529182,0.12013900658913378,19,False
32,0.059014758548495375,0.0446133764215434,0.005065841856489329,0.15516821094619296,0.010462250281674721,0.17468998820166873,0.11547400491109308,0.2274811594183466,0.11189463125404749,0.09613577816044831,20,False
33,0.04877129454609734,0.028114871348433202,0.030361448175668382,0.173563087669828,0.00547915868109439,0.19571966008134023,0.08968849902375815,0.21174193798392385,0.11252056431711503,0.1040394781727414,24,False
34,0.09709268773210088,0.02556521971581862,0.0007105704144646633,0.17938290667873233,0.00225451896134527,0.17545410026443137,0.10601523564407493,0.22510734275638813,0.088312311949656,0.1001051058829878,16,False
35,0.05836408291839041,0.031667568819388786,0.008292138613456968,0.16865687265959736,0.026981411633265635,0.17049586772130235,0.09112024438262731,0.23743465414217133,0.09064669611327403,0.11634046299652574,23,False
36,0.05093576476923758,0.009607671420338743,0.011563045963297517,0.15351378994504053,0.006574079107214667,0.18817893482261427,0.08089406566335554,0.2581333747417548,0.09972213195783507,0.1408771416093113,18,False
37,0.03591973671740723,0.0029606068085019067,0.02593533154463112,0.15359462115761557,2.3159607959562074e-05,0.17591610105208877,0.126733259430991,0.2601234184016274,0.11349943189481977,0.10529433338435773,17,False
38,0.04617418124963993,0.03526497710669754,0.03909051634308665,0.15897729936048544,0.013227594377935945,0.17525848232339755,0.09018559075295443,0.22751326230560923,0.11249248291369854,0.10181561326649488,20,False
39,0.059257494423156615,0.031759556228542596,0.034908883207756855,0.16671160023730558,0.0,0.16557925224223585,0.07688197805384897,0.21663456724364188,0.13612375531999457,0.11214291304351716,20,False
40,0.043519014252648834,0.021607277768414923,0.009615488342905298,0.1727263346275565,0.021300200231519288,0.1645880810083973,0.10745607748335809,0.24417642333341325,0.12022695559664709,0.09478414735513936,20,False
41,0.07523313384425169,0.008875258386972599,0.004096135254808044,0.1607939630125402,0.008142091519074086,0.18199777810441262,0.10044355233104452,0.2448761056456068,0.12490175424781556,0.09064022765347375,16,False
42,0.0717964452173615,0.019688099011799715,0.003642347849988861,0.17242763833598826,0.0,0.19582252822764787,0.09252386313561592,0.22884233341243376,0.1222421060934043,0.09301463871575978,16,False
43,0.05692661773467809,0.033390131507167124,0.004510303091100528,0.14246655418271972,0.012115080074096674,0.16480332754886354,0.09589072006678351,0.24307030360054013,0.12215639796156248,0.12467056423248828,14,False
44,0.05033946967276324,0.04498654275560444,0.004158566020634635,0.16553818260612294,0.0,0.1755405184264695,0.09810442042037389,0.2352406263540213,0.1197708813274291,0.106320792416581,20,False
45,0.058599807638046904,0.027677149227968132,0.017950610515996238,0.12476847370900893,0.0009106386276211142,0.1615280086035077,0.09973278817187878,0.25513211784657763,0.1311403244704898,0.12256008118890474,17,False
46,0.061710000917770826,0.012244188739690446,0.02021949846320288,0.1761202829881364,0.0,0.21239772473155952,0.06085182607651949,0.26134626291558904,0.07719852850993175,0.11791168665759966,21,False
47,0.07004162581271837,0.027064025516075983,0.028564807415499105,0.1601315194862324,0.0,0.18533593527680248,0.09956153297567963,0.21533823754485384,0.13221860942524835,0.08174370654688982,20,False
48,0.06558413827716059,0.024505169150199634,0.0,0.15986813062998292,0.0,0.2068031027632164,0.09418062092430125,0.24109908534362587,0.10091767964553479,0.10704207326597856,23,False
49,0.08689277143660183,0.024063923632880513,0.008284183253411324,0.1698092402231234,0.017251241649810806,0.1829772684787172,0.09687953659900199,0.23433731082500844,0.09136006775827388,0.08814445614317065,16,False
50,0.056929310890443494,0.05173052463377395,0.009406973347001581,0.15407200170417049,0.010359709372372877,0.17956496571189123,0.11892717667522909,0.21842698676709602,0.11022478703858357,0.09035756385943777,32,False
51,0.050680141448995616,0.013670085242436777,0.027043698123388187,0.15444268215718804,0.012353804936502127,0.17784156190886932,0.10630251126393234,0.2561033503350888,0.10032748002520442,0.10123468455839456,17,False
52,0.04374883541542571,0.02394515194711503,0.015110778164526256,0.15759950468375744,0.006140518978204823,0.18060055604284472,0.08857480605890404,0.25335433529649953,0.11086387822265174,0.12006163519007079,18,False
53,0.04009737236481493,0.035235380330386715,0.035376042444531734,0.16913452949072694,0.0,0.17196529150898396,0.09304354856906805,0.22962953939606698,0.12028660541107612,0.10523169048434443,38,False
54,0.061435418619090354,2.4190911837911106e-05,0.027351902501187204,0.15379045789768175,0.0038071076197298374,0.18057672575296493,0.08189357604849178,0.24756726983244426,0.1224801956263427,0.12107315519022925,18,False
55,0.05491744394423353,0.03086353444428753,0.003535398449210046,0.1744578338024746,0.0,0.2217738228717308,0.07940187588087766,0.21205620708883288,0.1342735982309161,0.08872028528743693,25,False
56,0.07000026747908832,0.0402535823685251,0.02557981433236532,0.16616547501585022,0.009466747792063832,0.16791892713193388,0.06975104788796532,0.2148831518734828,0.1276479566375721,0.108333029481153,39,False
57,0.04787536973564091,0.02817418801782974,0.008303910673102448,0.1680317769009052,0.0,0.1823643333031171,0.106195514517373,0.23284035138143938,0.11529753017593526,0.11091702529465702,16,False
58,0.05736286226362588,0.016252655357069705,0.03208155829503236,0.15608279584435986,0.009091432614610642,0.19210371017172345,0.09437353124126165,0.2254827840219752,0.09390850338035839,0.12326016680998293,18,False
59,0.04463817661081479,0.009071084885676529,0.024580800737891265,0.1471117197349112,0.016715053201555752,0.16570093441483694,0.07422986401321255,0.28024544879175795,0.12192736713671175,0.11577955047263128,17,False
60,0.059576819422077654,0.009579172143290746,0.019597993317269052,0.13915260755553974,0.001679496770268219,0.17867842906627943,0.098057712448929,0.27445056709754095,0.11232183413648922,0.10690536804231596,15,False
61,0.052367606497278334,0.0061370936752285846,0.030220066905065058,0.15884760825578342,0.002571164294229799,0.19997574652110872,0.08413733236578809,0.24416460041225907,0.11165030433731264,0.10992847673594637,19,False
62,0.03732572485240319,0.00788758515122937,0.02543713735733807,0.14722992446066074,0.00588241984817317,0.1825415474188157,0.10572855180058902,0.2484148424340115,0.10294867694100811,0.13660358973577122,17,False
63,0.07265390521373034,0.019738325256625222,0.015224392225209573,0.16555535861608814,0.010108148176955645,0.19417468919334027,0.0880347934113643,0.2383909834123995,0.10703661954191981,0.08908278495236725,16,False
64,0.05794871350430465,0.04986032166866109,0.009419919209640706,0.1615322732469406,0.0,0.1993669380042006,0.08126503016289749,0.230120428203717,0.12567517558075042,0.08481120041888739,20,False
65,0.0687971189401811,0.0329377156534107,0.0054134050619159355,0.16441215261803344,0.006767979884011138,0.17774325952570721,0.09387853640894604,0.23777310631020215,0.10854816073716032,0.1037285648604321,20,False
66,0.041568455249719354,0.04861431059500292,0.010304263867470355,0.16583927097276344,0.001739520801748414,0.18497389666218367,0.10008225767044683,0.2274471184577068,0.11563127171705073,0.10379963400590754,20,False
67,0.04810363386113831,0.01055539059512835,0.009750041606640641,0.15304407541655862,0.00397991971160634,0.1929639176244093,0.0613491659208567,0.2532432895212024,0.11947833057231383,0.14753223517014563,18,False
68,0.04849188770610893,0.03614176533160353,0.05299719239315126,0.16547944519576382,0.0024858301362398736,0.18333532695415436,0.0906859615734168,0.21644816765579286,0.12495559486061138,0.07897882819315723,38,False
69,0.05077711625934478,0.03022184285852776,0.03811436109093591,0.15446223160435035,0.00022075821077606228,0.18049669751708647,0.08357969096984523,0.23794092757924903,0.1114415474514065,0.112744826458478,38,False
70,0.07404802219375155,0.027940285480373257,0.002665998754429776,0.16078329405094707,0.021687561974160337,0.17476473346548016,0.08305402559642287,0.23665845836696053,0.11382645719212281,0.10457116292535171,16,False
71,0.06120739827349745,0.04715151118496204,0.009227175276609836,0.15179895790476855,0.018910097337089343,0.19444832781923607,0.09226204866914132,0.2540908649056219,0.08077021226036034,0.09013340636871314,26,False
72,0.06310555279810522,0.05894256543126549,0.021536753981433458,0.16769796324072236,0.022793834521856855,0.18482940099564876,0.07224603219142463,0.2159679044056645,0.11257414017410407,0.08030585225977478,20,False
73,0.05765662776404949,0.0319596683584967,0.013957407553377384,0.16960035387205516,0.025345159450313307,0.17076590730585126,0.08699542470481615,0.2096939556801981,0.13330854829946762,0.10071694701137475,20,False
74,0.07015429057430335,0.044789317314529314,0.0,0.15657120517878995,0.004517548307057684,0.190944399909628,0.11169593187432833,0.2318498816876395,0.09315372687575599,0.09632369827796795,16,False
75,0.05598834453220413,0.033535587337997975,0.019921750491313114,0.1487537744160322,0.020394166646390047,0.17354286055819618,0.1171407375396082,0.22976334920475908,0.10416264520448876,0.09679678406901027,32,False
76,0.08302987325286003,0.015079559971314278,0.0,0.1460219357300157,0.03565800381196377,0.1955671641288168,0.11106806002545912,0.21694736946030463,0.09828859185664829,0.09833944176261732,16,False
77,0.03889473397960142,0.03635029901030529,0.04201823372328626,0.16677133469728855,0.0044068619159059845,0.16705175455688223,0.10158707539524625,0.22564543561453257,0.1166503346115026,0.10062393649544876,38,False
78,0.04295186668614619,0.010055086625772211,0.03124500232952407,0.1694724341183391,0.01835689354813421,0.1779766597757999,0.09021200738833737,0.22131749654602317,0.11915188607762163,0.11926066690430223,38,False
79,0.06799561209634367,0.05340525084808969,0.0,0.1604028228283456,0.015427101205757595,0.17570877158961778,0.11348715539232834,0.20465703012943792,0.11528164977375602,0.09363460613632346,32,False
80,0.06821821773033852,0.03653964744816006,0.03071690982336959,0.16398973734469402,0.008001732182075347,0.1524330690753246,0.08216796907661132,0.22213303478435498,0.12126493917667637,0.11453474335839521,39,False
81,0.04484332770394426,0.04019950898881348,0.050143885271512124,0.13918062177756244,0.03139948910576451,0.16816596047255855,0.08902900137346932,0.21314799747495589,0.11217412679875408,0.11171608103266524,38,False
82,0.05859292927235722,0.05572174871103972,0.016673834462565262,0.14508695326861457,0.005314652043796429,0.161563196658559,0.11801424568395227,0.23011780532149015,0.12039561149234715,0.08851902308527831,32,False
83,0.04880259080495045,0.04835249175787141,0.032491513601648384,0.15478793316880818,0.008028224584801699,0.18855593874458185,0.0901188047357809,0.2179095164621318,0.10961656989395936,0.10133641624546595,38,False
84,0.06468872845817653,0.028075453977141177,0.025237723147258737,0.16070601804881385,0.0,0.17972895212891177,0.07677155623803045,0.23066385644807968,0.13146061939953663,0.1026670921540511,39,False
85,0.04548884815199123,0.029470893632764554,0.024304632534561145,0.16031658129212523,0.028573214551548248,0.1922066527221353,0.09493047133259049,0.20991155557606037,0.10782020909800415,0.10697694110821931,38,False
86,0.051129030355819415,0.0538899641355828,0.04347834479132555,0.15807581947998164,0.02528182713425227,0.17064308047180762,0.09037310017931248,0.21054815565142082,0.10362487280301742,0.09295580499748,38,False
87,0.060753737852405044,0.03815393124556609,0.010690466211665611,0.16646461362767231,0.0,0.15797080221419538,0.11222682075325122,0.22539448019100664,0.11530722179665433,0.1130379261075834,32,False
88,0.04541411457642515,0.03454858202374447,0.04238504835687453,0.16014733743512163,0.0,0.17212846570740534,0.09673234269764144,0.2142743150122185,0.12631116836234096,0.10805862582822798,38,False
89,0.052281179115165326,0.037724416151862776,0.04158411207504089,0.16455082231336254,0.003683451140152822,0.16147017522635773,0.07886475668492818,0.2146778318965111,0.11964495389074598,0.12551830150587281,39,False
90,0.05337609239625862,0.04103332405299869,0.008288052440054953,0.1465959405421231,0.013192966127762655,0.1492531678893968,0.1013077818343832,0.2411438381847591,0.1331796918013373,0.11262914473092558,43,False
91,0.05156447122940473,0.022643704800030962,0.03444904488624339,0.16346014974204848,0.01267252649027579,0.18376661378690243,0.09404320567532645,0.2257652991214831,0.1273687419383818,0.08426624232990289,38,False
92,0.06358740967426799,0.03262569551181203,0.012416588790302729,0.13447443835468184,0.00718522655572877,0.17158468226967757,0.09509345894538013,0.2366605907459585,0.11896241810959476,0.12740949104259572,43,False
93,0.05977409754208927,0.03512938040924816,0.04626658063875909,0.14564263888231685,0.019876061308985955,0.18323019136277363,0.08336524176777198,0.22860006609692402,0.10700284184337415,0.09111290014775689,38,False
94,0.02963056554801362,0.023272091659565033,0.03705456706535314,0.17654840991414705,0.010879003430580656,0.17696475274840068,0.08592370344786378,0.23564497509117732,0.11392432805641287,0.11015760303848589,38,False
95,0.045109603856737665,0.03818760069425966,0.03459869149596988,0.1721637211227753,0.0002173255627320761,0.1818617089411364,0.08196600386493971,0.23576387231405763,0.1081865826462875,0.10194488950110431,38,False
96,0.03882055597402572,0.0266367577365471,0.03710756037145272,0.1670829955820827,0.009390495491356319,0.1759764892946944,0.11164377416824474,0.21048927836559903,0.11704407027335767,0.10580802274263959,38,False
97,0.043080871106951094,0.026539614094361945,0.039493943909589595,0.1574669509577354,0.0006050440246787328,0.1808157473669952,0.0940080799464938,0.2396951691821053,0.11801445112631571,0.1002801282847731,38,False
98,0.04222156823399284,0.04392597066018273,0.04565768712204519,0.15538986064264423,0.004041091672263756,0.1775178519412088,0.07972625168218564,0.24261963948091522,0.1164583206950548,0.09244175786950669,38,False
99,0.043051154370853106,0.049391167481165614,0.03626237723105448,0.15836441135690427,0.013612764747992239,0.17450618202698842,0.09305891978386334,0.22106794904019852,0.0939763848821706,0.11670868907880945,38,False
100,0.04112226099890201,0.02971321631463077,0.039392113547112424,0.16475001272227244,0.01054241193186737,0.17590285027085836,0.07827858112434766,0.2308470759117991,0.12480979291978284,0.10464168425842701,38,False
101,0.06062485288586647,0.05458057652115066,0.006757145195821517,0.15444485618053364,0.0,0.16708398613837824,0.11921340055869332,0.2230428465753065,0.11688667916074706,0.09736565678350259,82,False
102,0.03597188759862802,0.04427276695030021,0.02535657295028333,0.17007032001953218,0.030056633348527297,0.1593544168979682,0.0819900623929274,0.24648036656841826,0.10903108051146236,0.09741589276195273,38,False
103,0.043355892224893465,0.04280028364362365,0.017299065431026252,0.15468933336805205,0.006676396029386147,0.19540397987702118,0.10111038220493758,0.22422908422255297,0.10854678657578574,0.10588879642272093,38,False
104,0.0417985184966876,0.0376010998958217,0.03398753839633724,0.16756853289320994,0.027603606129217684,0.17691135487285567,0.080138616181046,0.2307897743279595,0.11328147372610889,0.0903194850807557,38,False
105,0.0518698569452141,0.04597324905000752,0.028173639832517656,0.1505218638577708,0.011957750663135544,0.16190801628118603,0.08782921435586585,0.2302306452532439,0.10098083384662965,0.13055492991442896,38,False
106,0.044999963865590985,0.05580965213380099,0.04085272432094906,0.14122195738505872,0.015843662677936177,0.1836434711571868,0.06669922721994483,0.24785476737474305,0.11896434236211417,0.08411023150267528,38,False
107,0.037253271805529585,0.0333859802568842,0.04857827180632166,0.15364368369645312,0.014423293501654893,0.19941239140313313,0.10506704395454829,0.20963832401077895,0.11149589824236843,0.0871018413223278,38,False
108,0.05377353782250751,0.04672086552435925,0.04294782141307217,0.14056099443461595,0.0074472416506086965,0.16680356083142023,0.10143761940964993,0.23369297133056374,0.11642342204188512,0.09019196554131734,38,False
109,0.042335963408181576,0.05025968876980308,0.047700425839605785,0.1508806754937341,0.019460389971144326,0.16385056026793907,0.08897013618125062,0.2260339038985245,0.11367129057001889,0.09683696559979812,38,False
110,0.05424193644476384,0.025828183942495208,0.04462470047905739,0.14965296850627555,0.00780395971478973,0.18930235175362198,0.08052795164294779,0.2428643776172042,0.10979569942500658,0.09535787047383776,38,False
111,0.04543371384392015,0.051018542263096225,0.03329247158131677,0.12612799040727213,0.041030983739949296,0.15559763296052384,0.09669246342688818,0.2059374378231329,0.1265159347322738,0.11835282922162671,81,False
112,0.04311932855155145,0.041483965415577424,0.05661912801929712,0.13491411536752165,0.051875104899121484,0.1568537379299888,0.07041874610321204,0.21832470927277095,0.1094633663930168,0.1169277980479422,81,False
113,0.05574882964145988,0.04929995316972895,0.032469920278537345,0.145966496864763,0.03711147552634433,0.16914413173981696,0.09626158888737398,0.20040586361196058,0.11087159095576743,0.10272014932424754,81,False
114,0.03667467756854439,0.03692654879963648,0.05349890350219772,0.13726412796893336,0.002120220047054633,0.17475135218551396,0.08969486064610974,0.2365776784524924,0.12462931634144207,0.10786231448807525,38,False
115,0.037433928687344104,0.03853822097490804,0.044300788288356735,0.14893328523957985,0.026450304064564948,0.1748563503989192,0.09924977685622886,0.20692719820213157,0.12632199511006034,0.09698815217790621,81,False
116,0.033254645626820366,0.043030474221714556,0.04500278937791502,0.12850443259414437,0.046017260390222206,0.1809169526421306,0.08836925378593218,0.21111013136322,0.1031057866242475,0.12068827337365319,81,False
117,0.04301344028765839,0.04314799035363221,0.048908813465937236,0.12263950069752401,0.03666560175811909,0.16978147626869755,0.09172755112010579,0.20429503695224333,0.10886429967034048,0.13095628942574208,81,False
118,0.053666720883551386,0.021633226408873538,0.031571825831603686,0.1469713814678458,0.04172210423152187,0.1700229549895457,0.08526018223088765,0.22456403334103678,0.10893718417127057,0.11565038644386283,81,False
119,0.05458651567231866,0.04676564384316231,0.04411281034255955,0.161564254273104,0.021421469787297556,0.16758176071089398,0.09323155462499688,0.211726899368209,0.09972219031172395,0.09928690106573404,86,False
120,0.05199856841104468,0.04882805128427651,0.03756839005292498,0.1437398977944447,0.02357712080293926,0.14781193888088853,0.0988877376869818,0.22442644936906403,0.10537315638391945,0.117788689333516,81,False
121,0.049552808934221725,0.05358446467285146,0.030928909887467028,0.15830536381257956,0.033597141212353444,0.15666000891600773,0.0845376969052879,0.21269491710289662,0.11522390622787876,0.10491478232845568,86,False
122,0.050330853164146545,0.03415718221901208,0.04037647280188587,0.139147435641269,0.02546112117783971,0.1648122562456637,0.08552181202427464,0.216591282534504,0.12844281651561795,0.11515876767578656,81,False
123,0.05199456064935118,0.029077527776716034,0.055220226562756575,0.1455729085914492,0.04409460734723609,0.16910057835847786,0.0762449973503619,0.195784953128709,0.111501334129215,0.12140830610572713,81,False
124,0.03938711601630335,0.03615491536076095,0.05487266284812291,0.14779060132695684,0.02718739163036742,0.16674771290985277,0.08047178806380091,0.2040916529359161,0.12005687889980494,0.12323928000811386,81,False
125,0.03648826192993404,0.03499595337282141,0.04784686479907346,0.14569176417771448,0.03670107897776834,0.17007106539870018,0.09151235099686691,0.19679114229428935,0.11241761375077802,0.12748390430205378,81,False
126,0.033757014861032955,0.040602354797318434,0.048086899817508764,0.13962347453699178,0.030873640679253217,0.18259812203121026,0.08602879106228427,0.22842037504027857,0.10188418649248747,0.10812514068163419,81,False
127,0.06331576459803692,0.03782286747475763,0.05487654343380938,0.15242606088070618,0.032463256130762036,0.15820136395749035,0.08042122210082896,0.20988822344077035,0.0977939502848686,0.11279074769796961,81,False
128,0.05143613563488441,0.03379995179068884,0.06317561172607483,0.14414916294527455,0.024871013513967304,0.17307049921003712,0.08302499449795085,0.20646116568952805,0.10284266920176317,0.11716879578983085,81,False
129,0.06216886256315498,0.04501399842328194,0.04510230039268944,0.13263536631253972,0.007293243368671822,0.1560759503210336,0.09855453686858569,0.21989390168725623,0.1135763396036964,0.11968550045909021,81,False
130,0.025312263494663687,0.048794355136942344,0.05405087624307965,0.15255533004830635,0.03436556960176411,0.1593472560799451,0.09449601659804356,0.2239189672963857,0.09691126046899155,0.11024810503187796,81,False
131,0.05147093452536519,0.04068254952726485,0.04144323260086111,0.15737979918035863,0.041508482376528454,0.16638340980739255,0.08716597833462401,0.2116503940183461,0.09632529571491952,0.10598992391433965,81,False
132,0.07117042391086047,0.0464813278697929,0.05305464044763378,0.14869781194860007,0.03970606211496414,0.1755031891205709,0.06581353679702608,0.19933501552415422,0.09812495719105084,0.1021130350753465,81,False
133,0.06246391420745774,0.054817707635628536,0.03839350857513553,0.14846208419462845,0.015223467153334426,0.18295843213800214,0.09129119052105188,0.1933616546055761,0.11701495186665886,0.09601308910252622,86,False
134,0.04781548277275093,0.06697334154220427,0.040702012343912054,0.15312410014323175,0.015799115769304064,0.16833761383528026,0.09502939572832933,0.21337762895705356,0.10064001670343546,0.09820129220449841,86,False
135,0.04378805006016518,0.03132427497258053,0.04343636823638904,0.14672685238898295,0.04210977003870854,0.1715504687886712,0.06519686796117427,0.22055511560755406,0.11260988642597203,0.12270234551980214,112,False
136,0.06019840789855292,0.06832292026577994,0.03134818956179031,0.16163383376055387,0.03820249902147251,0.17075416785079406,0.0964534210165078,0.20787964846243548,0.08884965717777576,0.07635725498433725,86,False
137,0.05501526782626383,0.04523001537021026,0.040911797767479434,0.1530273354531942,0.027678422820384015,0.17539946955971944,0.08424829639886852,0.2280511062548222,0.08842378059232801,0.10201450795673009,86,False
138,0.04123194099866737,0.07411401728832241,0.062125890307285665,0.14888774119146972,0.02835652938844855,0.16344784777765906,0.09708373140995177,0.18877034747427504,0.09861296220205856,0.09736899196186188,86,False
139,0.059912745893823664,0.019573179319509082,0.040422558347393264,0.14802925600014588,0.023936443185655524,0.17338166859727552,0.09413750541830049,0.20719531924781237,0.12130926303997336,0.11210206095011088,81,False
140,0.05007697435431875,0.03837349896417973,0.05545941692008937,0.14281126548801423,0.0526151712387066,0.16208614080970202,0.07669493788928286,0.21610320396479848,0.10252860933329754,0.10325078103761029,81,False
141,0.04192579121056844,0.04943613761306295,0.04828243300381795,0.1632646841345575,0.01180854959561963,0.18042629933246304,0.09542098541862558,0.2168095346439635,0.10794241357454032,0.08468317147278112,86,False
142,0.05806462542259543,0.049405856003541165,0.03360252340980281,0.16216807820130527,0.005703601138340463,0.17202770280676508,0.08725677783882815,0.21853326132855727,0.11353517030899116,0.09970240354127317,86,False
143,0.042984913597530545,0.035964098212177345,0.05928604888518886,0.1389828602743569,0.0560279063764556,0.14339701376849967,0.05756830236139786,0.22982481194345633,0.12218807640556131,0.11377596817537554,112,False
144,0.05875999573336959,0.06534233862397566,0.03213817699186091,0.1649639500160525,0.022281832077281856,0.16704808423042325,0.11328052692742878,0.18362229180598846,0.10736546136851217,0.0851973422251069,86,False
145,0.04491160924676546,0.04476604767022565,0.06359249959297623,0.14352799327516483,0.043711155750209035,0.16383580037524634,0.06848182102241507,0.20629537185501776,0.10317890382928627,0.11769879738269329,112,False
146,0.04342365694374944,0.03135299226543154,0.04934358640540903,0.12280545611597728,0.04017162898408975,0.16280987526115887,0.07685942859908365,0.22793240265552553,0.12464568997634345,0.12065528279323147,112,False
147,0.02178458675351124,0.04466863775897339,0.0727080562866525,0.13074371325140666,0.07091655694882196,0.14814749798629184,0.08542232571037127,0.22002692824159034,0.10538416023385756,0.10019753682852317,112,False
148,0.03341233372633208,0.0396502077790387,0.06424942510103744,0.15026453735607787,0.07051033388036834,0.15728176178043812,0.056655089971688055,0.22525502323564012,0.10214920789604484,0.10057207927333442,112,False
149,0.04543114143247095,0.039906637757078506,0.0472400265227432,0.1344689076273859,0.05430979783186526,0.1495170137816696,0.0537650416886704,0.23830778656633417,0.12289711892232241,0.11415652786945955,112,False
150,0.05203665006311425,0.03290011844704552,0.0496397222334487,0.12921337431965846,0.0570190525293921,0.1663547505722196,0.06525000968418129,0.22491614279715982,0.11880830359584953,0.10386187575793081,112,False
151,0.04508967046887655,0.023373018503580985,0.06183081981155704,0.11616212701374395,0.07053679288362913,0.15312093464675047,0.0806005233387501,0.20977455121030253,0.10971154404447024,0.12980001807833882,112,False
152,0.03733818728438975,0.03747307403170474,0.06623671616655144,0.1405291426907039,0.04706589124020882,0.16976791051757625,0.08806283807072599,0.21009509710820523,0.08060923746524169,0.12282190542469214,112,False
153,0.05488890432196161,0.053619707737467354,0.059433118656159266,0.13105049426541618,0.04526077909455162,0.1703209218300503,0.04681053274036188,0.23205748251892386,0.09437753682062201,0.11218052201448583,112,False
154,0.050498571116137446,0.04256181417417161,0.0644358924101347,0.1414290508722679,0.03120593082018272,0.15764453687054278,0.08321863579581196,0.20449942906818547,0.10512514608164929,0.11938099279091612,112,False
155,0.052220040621978596,0.04243043119672415,0.04330396016336113,0.14009455385152514,0.05570550430653224,0.1579428410324459,0.05263938465828877,0.23375252643260552,0.1051968187639088,0.11671393897262974,112,False
156,0.04013513166152262,0.04368718904650899,0.06795990897520304,0.14461222216889327,0.03547777773162296,0.15296299223246923,0.061856056421681835,0.21999003071265927,0.10845802820092533,0.12486066284851341,112,False
157,0.05161775415963762,0.05398405856704967,0.059309516415755326,0.14763642257784917,0.05224176600142886,0.15579365687153507,0.040804461766180924,0.21507377687339868,0.11873442296975596,0.10480416379740877,112,False
158,0.04620233029777476,0.04691004904820477,0.04571045695771934,0.12856377038871758,0.054937618381429854,0.15126157694389344,0.07769620316974246,0.21898431577663738,0.10854921736698105,0.12118446166889932,112,False
159,0.032349548820788526,0.05291896100714177,0.05535866914447228,0.1336457477867251,0.03718392186709272,0.14646957800739943,0.08192059986146831,0.24214380091189472,0.1047162362423593,0.113292936350658,112,False
160,0.05139812457478939,0.04474292922012688,0.06012355348957606,0.13264931959895487,0.05321448937080166,0.15050013342733493,0.07162461400345795,0.21941840226128184,0.10536585321836935,0.11096258083530708,112,False
161,0.05436029661238906,0.019283078007108538,0.05776274112429383,0.12274889938855423,0.05192026289961213,0.16169662164810972,0.0800691292257849,0.22852806712601254,0.10732522343540278,0.11630568053273233,112,False
162,0.056023031616287015,0.04542315341308717,0.05447143620621317,0.13104518433570284,0.05412428068490726,0.1643169693690501,0.046052241913472264,0.22099946391548303,0.10886052499648603,0.11868371354931102,112,False
163,0.0426141816812635,0.0560764049326676,0.05160188702284347,0.13647945280467044,0.04293969622316552,0.15388539614583885,0.07644822773063849,0.23751751008089736,0.09437972684230979,0.10805751653570497,112,False
164,0.024469453210980822,0.04406913173173622,0.05534267250233829,0.14023620519630972,0.059992010024448414,0.14893858327939774,0.07081421601460804,0.2280779799978319,0.10107473452029371,0.12698501352205518,112,False
165,0.028839300894570243,0.046190818053811374,0.051769237032771295,0.1380136476149521,0.04724411366494406,0.16211284851164864,0.07418188274202718,0.20833469311852937,0.12585925768981657,0.11745420067692909,112,False
166,0.04633610665578098,0.0497741828158035,0.0653371877651364,0.1222929351444306,0.05030077744153495,0.1531509340153898,0.07619710623917803,0.22327676570554325,0.09051678712205127,0.12281721709515124,112,False
167,0.04996956824067446,0.043639049341082016,0.05946008161958212,0.1356294073303463,0.04390455971125042,0.16919662693196758,0.06853596031478862,0.1993874902808386,0.10861161408243905,0.12166564214703066,112,False
168,0.026531131496110517,0.024117601296811144,0.042704665079313926,0.13051905150267495,0.054941714176538696,0.16608132646328552,0.06883606879973649,0.22334245274950476,0.1192159753097928,0.14371001312623122,112,False
169,0.05094601791470681,0.05170142900500536,0.046312499457024654,0.13830230299018448,0.0573838879603537,0.1471515754840148,0.06434472909755444,0.21015443446962478,0.11609175301861979,0.1176113706029111,112,False
170,0.03537794243807317,0.04292916664302851,0.04920623982054861,0.13069443533860195,0.05367591033491246,0.16019517924146534,0.061769849528995044,0.23874810939564364,0.11125672565530988,0.1161464416034213,112,False
171,0.03317992448851582,0.01418634992338871,0.06241086536790406,0.15066535879124285,0.06995503571734484,0.1536228123429556,0.07066709619909357,0.21621541989374696,0.1253814474573897,0.10371568981841778,112,False
172,0.05025780470832371,0.03816922790015096,0.05200270576997915,0.13515697395270004,0.05913052847426952,0.1504270457555343,0.07990961209742198,0.20931647146511956,0.1128393162790838,0.11279031359741679,112,False
173,0.04315213252916375,0.04339159324423604,0.047087254798997565,0.14680074559534328,0.04984778713845726,0.1645227220940217,0.062430679041699653,0.22515112680891047,0.09733213662192944,0.12028382212724088,112,False
174,0.040134679559093556,0.04862192825193744,0.05139900125928918,0.14002346729042103,0.05907704931736791,0.14834467885807548,0.07979388397445095,0.21126915474968297,0.11108313639019768,0.11025302034948369,112,False
175,0.04756826163679147,0.04000890411935164,0.06862933425954003,0.12432050506253325,0.06608359591216405,0.14005340125260007,0.098070821324772,0.1948748320365707,0.11438666800828909,0.10600367638738759,112,False
176,0.034547008505630014,0.04816261401374856,0.07024145569842184,0.1330156592624167,0.03877113977677148,0.1670761914238141,0.060459667655847565,0.22088405582909285,0.09127474911373966,0.13556745872051723,112,False
177,0.03403625987652648,0.035247105641401516,0.07969000562911506,0.14585837007810182,0.05642604857008432,0.14547100993435758,0.08429741498215727,0.20200292314362392,0.10363694449057398,0.11333391765405808,112,False
178,0.05348799381975147,0.030696721739191267,0.051797529347916364,0.1331463399989934,0.05791070962223302,0.1468856997857103,0.07329669209950389,0.217319445967548,0.11958874815443508,0.11587011946471722,112,False
179,0.04466628584103699,0.037142442729387146,0.051737968724062444,0.13444978946178485,0.06102300398048538,0.15145332144738885,0.06894338393112344,0.2119079335373933,0.12777316451532025,0.11090270583201738,112,False
180,0.0299957382494184,0.03737940595215136,0.04662544002422111,0.12959218370507475,0.06724934005619781,0.15871959015363998,0.07478152577526467,0.23591450322575516,0.10685579925208982,0.11288647360618698,112,False
181,0.048609415698742164,0.03569223793261518,0.05705761407114441,0.13914424081659277,0.03156112116275021,0.15852402314178457,0.07000221262851436,0.2362978701700152,0.10270556867987041,0.12040569569797063,112,False
182,0.03534540447473334,0.06014883042283595,0.06450521124250859,0.1344362301020485,0.02708967834843383,0.1563539770211884,0.07770158924941623,0.22336493342400965,0.10641888144014026,0.11463526427468529,112,False
183,0.021554004921110474,0.03434126862308222,0.0818031809700613,0.1235774876530006,0.07248016949927977,0.1372797421350187,0.08911130067769132,0.22284676071691872,0.11536131763878074,0.10164476716505609,147,False
184,0.05147375499471452,0.043886889324594364,0.0479396226820194,0.1384384203417795,0.05860790180350393,0.14793737623276268,0.07351631960788477,0.217768840041191,0.11394491481433239,0.10648596015721735,112,False
185,0.04458123316002447,0.051674370214670376,0.07211119270604412,0.1196568611543596,0.0572436791128708,0.13462822513866415,0.0802405121527476,0.20726568539023588,0.1121127308104928,0.12048551015989027,112,False
186,0.05593430058633815,0.05140201293169314,0.05670676391598308,0.1273621389418001,0.05504789920063817,0.1530330022901577,0.06541402002519839,0.2216123665941497,0.1113421968834764,0.10214529863056519,112,False
187,0.04173541598181339,0.050287780740330766,0.04684574434968809,0.13507625832221123,0.046060244722751595,0.15122128102862323,0.07437706272924138,0.23461586468125106,0.10596970824917944,0.11381063919490979,112,False
188,0.05209845417755797,0.046878850541036694,0.05871102661680847,0.12004806629143061,0.03483991356545922,0.16423428058022857,0.0757626636052878,0.2360012481253933,0.10339350508299265,0.10803199141380482,112,False
