ID,strat_res0,strat_res1,strat_res2,strat_res3,strat_res4,strat_res5,strat_res6,strat_res7,strat_res8,strat_res9,ancestor,alive_at_end
0,0.06492201750755694,0.0459555459705491,0.013794687344882695,0.061867899727070685,0.09936763316056087,0.05919621110289016,0.09703330980675605,0.21848423876386805,0.3176605508250905,0.021717905790774965,0,False
1,0.0684655923661359,0.045561539312314825,0.02010811695081989,0.06727417581579605,0.10130407249438492,0.04922950305011143,0.09679852972986479,0.21511478756113525,0.30762390419247687,0.028519778526960072,0,False
2,0.0669928184193189,0.05211434188343073,0.01765632729263835,0.0747501973461513,0.07854559199036104,0.05551117526642024,0.10344940558453901,0.21138391001449264,0.3079660467330374,0.03163018546961036,1,False
3,0.06200119273404673,0.06050324403717936,0.030839275339524037,0.07043281473095397,0.09162870074031303,0.0534486531317708,0.10406983508278198,0.1950161067243043,0.2980432114633772,0.034016966015748516,2,False
4,0.06523728515698805,0.056330426171336316,0.009121794337246384,0.0711318179633622,0.11680298877074283,0.06369550753131592,0.09622205084087732,0.19650223302392236,0.2929767562626372,0.03197913994157152,3,False
5,0.06483792721251483,0.06340588047257978,0.035137609282470936,0.06385686546024255,0.09320714648368933,0.05213426999952028,0.10381634254838937,0.2057880293433438,0.3093444215723028,0.008471507624946343,3,False
6,0.06973397675632141,0.049607007819032295,0.0375911997088622,0.053094661317307223,0.09249521508895106,0.06402747101029464,0.11599863021743194,0.21654389485559075,0.3009079432262085,0.0,5,False
7,0.04950921677418303,0.048575904417422565,0.04576645077449234,0.04844624389615027,0.09021203184516209,0.08051761452190649,0.10876776032238046,0.22159163661262896,0.3066131408356738,0.0,6,False
8,0.05998236024966261,0.04921921894458367,0.054411829676665344,0.04935058546614438,0.06687142303267476,0.07262414396418991,0.11736001948051375,0.2323773337188204,0.2978030854667452,0.0,7,False
9,0.03556767392557772,0.055261520189218975,0.03915283827828149,0.04628777633236685,0.08221373986374386,0.08412890822025038,0.11090319543161303,0.21957018614912327,0.31458209309000845,0.012332068519816086,7,False
10,0.051431136561624784,0.06282002391153574,0.02763086408565394,0.04392377243827365,0.0862505013916616,0.08183161049265297,0.11927919371400629,0.21110014159983204,0.29146522976299516,0.024267526041763833,9,False
11,0.04943299015205374,0.05536926980737147,0.04615500294792032,0.03108282179061435,0.08006547637994214,0.07393670172888969,0.11438182217778353,0.21790397619779242,0.30403394182402516,0.02763799699360726,10,False
12,0.04213597015943852,0.06758306423637991,0.044622817088068485,0.027318800216121084,0.09294413132216493,0.07372267367562503,0.11604307404038987,0.2125900397402201,0.2938387786492383,0.029200650872353757,11,False
13,0.04555733220550531,0.06435087495482096,0.06034695794164725,0.035070187140574506,0.06933258992278013,0.0868671104342139,0.12243221548789103,0.20525355215469948,0.280602647329216,0.030186532428651356,12,False
14,0.04521201343057893,0.05155127043934412,0.03664695562752857,0.030050150772032224,0.08326206150733895,0.06963134663939524,0.11174457673160343,0.22479632546101758,0.31655727378321474,0.03054802560794617,11,False
15,0.049419375723637644,0.05488182646703293,0.06582431325421254,0.042318418613377706,0.08038827248232859,0.07722337100725556,0.1234261312557035,0.2159359607505503,0.2668603890366201,0.02372194140928098,13,False
16,0.06899383820448964,0.05774225008915116,0.05254638545448304,0.03259698316968938,0.054593718270282136,0.09740937417270809,0.1428395409940786,0.1834240245296065,0.2712779288503302,0.03857595626518117,13,False
17,0.03994782425813843,0.06030986737631391,0.06851201225013921,0.04662253897851336,0.07974279958203531,0.0693110394478484,0.1336921237261511,0.20776053996903265,0.27541912028295706,0.01868213412887073,15,False
18,0.06184680639862342,0.056177605862281835,0.04526323032474205,0.030245943868410646,0.07469654052400161,0.06992820593380374,0.10364041128788413,0.21440869600031343,0.3244977788217238,0.019294780978215253,14,False
19,0.03533023267651567,0.06586183192538479,0.07035827733567031,0.021196523284550687,0.0697256365144255,0.07862711813525144,0.11825824886419715,0.2096294633963368,0.290967878314707,0.04004478955296062,13,False
20,0.036253409901791996,0.06226373911439599,0.04768559944813536,0.05366681953979299,0.07589787431278959,0.07826783242412029,0.1334426499436968,0.20778378101495235,0.2826687614562994,0.02206953284402524,13,False
21,0.04183279557766733,0.06085464137166294,0.04634050740861991,0.036617974418510495,0.09138599531948141,0.07144088185382422,0.12572760473543437,0.2163491326391147,0.2975309037224197,0.011919562953265062,12,False
22,0.04042550495848018,0.08137304677079076,0.05760828704835433,0.03268576975296527,0.06923147499754106,0.07120881251980406,0.11908945356635221,0.21248821778797056,0.2886326991748255,0.02725673342291599,13,False
23,0.05254808860195556,0.054198598123969065,0.05321662924223425,0.04104459185362419,0.04681049632772984,0.0975541360731883,0.13520522537063248,0.18887539726231795,0.28759347449777495,0.04295336264657334,13,False
24,0.0602303674933554,0.04370287509583152,0.0668159974168188,0.04526533927848069,0.08820889431026264,0.07396748827869856,0.11085182945717126,0.2288326485697464,0.26683319961933205,0.015291360480302696,15,False
25,0.039663751072733636,0.05939397010982047,0.04208145012360755,0.03983430138809112,0.08659160011733162,0.08531464917648227,0.13920402942050028,0.20712840163736454,0.2783675465405879,0.022420300413480587,13,False
26,0.038587461017507346,0.05035094810680709,0.05368174407956564,0.031677039365334746,0.09057742306003393,0.094883402269618,0.11605759787866012,0.2020451667025564,0.29220283439812145,0.02993638312179524,13,False
27,0.06265989450908425,0.04844870538271812,0.04354734293234483,0.02780347331909048,0.07748992589475791,0.08725038947994523,0.11231675529846974,0.2193426454428171,0.2945324799197837,0.026608387820988462,11,False
28,0.05237089207842896,0.07876453898599009,0.04426555386497071,0.03413107883703626,0.08150365072093987,0.07785534741351433,0.12404292900951386,0.19506440182123652,0.28722682237568053,0.02477478489268898,13,False
29,0.038904523927563606,0.05428762924484066,0.07098581629531804,0.04381025613965322,0.061245409948865834,0.09095670050184274,0.12581899396128232,0.20766053312256666,0.28523825829153937,0.02109187856652755,13,False
30,0.02449242716812182,0.05466751050409845,0.0785362798959015,0.03573718694038841,0.081258469010116,0.08259752062732977,0.1047793166242821,0.21231150287117448,0.2910040513802357,0.03461573497835179,13,False
31,0.03967305433212727,0.05090280081383656,0.0475345838274061,0.018107696506413938,0.09895483309026198,0.08512541993029299,0.10534623037250078,0.2304194514169444,0.29803718817361113,0.025898741536604823,12,False
32,0.043346262767806225,0.07580526664182811,0.06469734789447507,0.037297520961152075,0.0720405608350572,0.08320455264018699,0.11930775540850493,0.19156709015868217,0.279895633981505,0.03283800871080223,13,False
33,0.0479462990785291,0.05551850905917848,0.01432828299120433,0.05894453956626117,0.07679539302482613,0.10067606840846612,0.11752914907795156,0.21305015358530974,0.2861396789879829,0.029071926220290506,10,False
34,0.03533568196322275,0.0639570680837229,0.060007845263902244,0.04180415400050869,0.06546756854699927,0.08983982491341054,0.1152049255674871,0.21214211699219823,0.2834329076433295,0.03280790702521866,13,False
35,0.022984818034618514,0.05186514994054537,0.030722660517344996,0.03143973943693508,0.09384493045190992,0.07853486691396798,0.11971299038217582,0.23542235702864772,0.3024592568455284,0.03301323044832623,12,False
36,0.043922565686269226,0.05079208464244182,0.07016404633321585,0.03394425110053228,0.06822068233966003,0.05858198681162171,0.13520624857109215,0.22298161285761328,0.29142367240211536,0.024762849255438247,15,False
37,0.04386587870292759,0.044867176399681866,0.08291185199861396,0.03689609291999998,0.07252713995927491,0.09468825539454502,0.12573726491572274,0.21382371757915974,0.2725450621846368,0.01213755994543757,15,False
38,0.04759318855619194,0.0708577392416615,0.05859666717737435,0.0383026991768057,0.07072423649427216,0.10148417646292497,0.11748166826298465,0.19561367326731463,0.26384100685337847,0.03550494450709162,13,False
39,0.06095953300589002,0.05120416420811485,0.06839794406594558,0.03391150661521105,0.050147414150548304,0.0890689226776242,0.14950035843715936,0.16839455208815468,0.292906630702165,0.03550897404918694,16,False
40,0.038823281949724224,0.0654682806864338,0.052510585311354614,0.0334892369280791,0.07284717074988016,0.0750065234212099,0.14832547551704328,0.21259315856239544,0.2635479188578089,0.03738836801607051,13,False
41,0.07487939682387473,0.041530542534750976,0.05831926185718795,0.025857819646296423,0.06343621546017285,0.07747232914723762,0.1480116848722928,0.19020848169845256,0.28823904428049946,0.03204522367923466,16,False
42,0.0359257753065074,0.07040810305118578,0.06767818361388211,0.018205411737517146,0.07066859446825613,0.09392310766554424,0.14126088754073368,0.19729645745656427,0.2848810284103404,0.019752450749468693,13,False
43,0.08050637215169301,0.05284643499161007,0.05809000698074818,0.02436049236608003,0.04348006408947016,0.09284508422790376,0.14653762701263648,0.18992299494914347,0.2678858989268455,0.043525024303869383,16,False
44,0.048738158342044424,0.06174042242829332,0.059817100591524425,0.046828594857049696,0.05846135848618349,0.07860114003431133,0.11542141448296907,0.21303302759197532,0.2846710221430519,0.03268776104259707,13,False
45,0.06887483714103661,0.06252273122239388,0.06287678748487799,0.021861874010444038,0.057384494355132376,0.08948774035577646,0.15248909179992803,0.18821735926613065,0.26172050624540494,0.03456457811887504,16,False
46,0.04304624836590188,0.062093454154934155,0.07437757734281068,0.029178134832306492,0.096032605642933,0.06652414596048489,0.14200420645339915,0.22081089431053824,0.24804544182182553,0.01788729111486596,15,False
47,0.04107804625373164,0.06411632744109237,0.05067887873659544,0.022992457143176444,0.09384490047441671,0.07894131577106986,0.12798098912550085,0.22209153253157773,0.28555174336892986,0.012723809153909115,13,False
48,0.037598108109529314,0.074627616569422,0.03597141626630438,0.03026841072138035,0.07390676053081774,0.07311981505134713,0.12283612372762463,0.21180529964425523,0.31606018623233234,0.023806263146986806,13,False
49,0.03980413524706407,0.05096225444663502,0.0542772136996703,0.029897007663780045,0.07510881621059222,0.09982638914824944,0.12348642496385599,0.21278794489728828,0.2850631097331363,0.02878670398972843,13,False
50,0.046231981344290775,0.05667413377213695,0.06727429313971027,0.0446905991687209,0.06587058281425039,0.09848133196013527,0.11483537683680065,0.20033413639360922,0.27172996593769466,0.03387759863265093,13,False
51,0.05152908835491788,0.0732965781999244,0.05872111623834819,0.036385671931452784,0.07749017471102183,0.08345933800142412,0.11886507257848258,0.20411926104219716,0.28446750906346635,0.011666189878764624,13,False
52,0.05234892271921295,0.048181385719410476,0.06222678937861571,0.05190736669164621,0.07699042904789306,0.06952574656768579,0.11999394539090753,0.22226141797658747,0.2656305862890618,0.03093341021897912,15,False
53,0.05517795082669208,0.05065775866763611,0.05441900028634734,0.05625494227708166,0.08958983141555606,0.07231107900823773,0.12402751637850355,0.22149660457448783,0.25855751220631623,0.017507804359141597,15,False
54,0.03426082062633491,0.07023199440102905,0.05723827146669172,0.03008195709631442,0.07916964294660019,0.06323677014262707,0.13040584940394673,0.19305233250714854,0.28204818895715983,0.06027417245214751,13,False
55,0.06411040244950687,0.06498091726736373,0.0689954684447541,0.039453739640647745,0.051543961721340875,0.08015139653266687,0.10672799280524,0.20938296977619264,0.27755296221206255,0.03710018915022473,13,False
56,0.04492158935265855,0.04657762890619195,0.05979558832071434,0.04012882198813467,0.061529148233939374,0.07491741137630888,0.11924787199609284,0.21185228082590685,0.3001382149093421,0.04089144409071032,13,False
57,0.0729828930278261,0.07074596203715013,0.06210925071097779,0.033047790788596425,0.06557228217106882,0.09730962124397774,0.11416191046326664,0.1681612980808789,0.27158927506293484,0.0443197164133226,16,False
58,0.03854082040013432,0.06983493362273054,0.058108147856598784,0.03572565654167543,0.06296214916202302,0.0868226962598299,0.1142623592858233,0.21693802294774148,0.28639273881862315,0.030412475104820133,13,False
59,0.03512524831898219,0.05967702163745529,0.055267981763435635,0.05069060296557843,0.07051945564811066,0.08014361758730279,0.10454656791219798,0.2246031200997062,0.2825060222974182,0.036920361769812636,13,False
60,0.06449492226976498,0.05499926288003538,0.040682521699409085,0.03338851220616036,0.04950323062364155,0.09814252285631427,0.14514825005275248,0.19397224887828432,0.2879195209810006,0.03174900755263701,16,False
61,0.04332260726301895,0.06415841221283698,0.06391444009940975,0.01844239978627356,0.0917229123867197,0.08966934919491862,0.10475287299358745,0.2235085101989542,0.27794708258816925,0.022561413276111584,13,False
62,0.02934318876175714,0.06413181974551936,0.06292330799452257,0.039086034710929904,0.06689173403309218,0.11734480500119027,0.11288081390638735,0.19768802418165307,0.26717035079117496,0.04253992087377315,13,False
63,0.07623292060922301,0.059172448619025875,0.046877174391722155,0.050272229045547026,0.034773788127629886,0.09820459276822682,0.13563479745317933,0.1795692514009951,0.27996771199578196,0.0392950855886687,16,False
64,0.08480134372469741,0.05104139958359744,0.051255930021107586,0.02759921919174553,0.04971700300342022,0.09285598535488303,0.13660485645734363,0.1881699146335654,0.2778864196829908,0.040067928346648886,16,False
65,0.08663419338800189,0.06340679829516886,0.04119297576004146,0.02168694968850343,0.03827984035616981,0.10510921919897956,0.14034366750932958,0.18307570012655738,0.2821705178940277,0.03810013778322035,16,False
66,0.054461810096671205,0.05473268094745533,0.03389010567962598,0.039751584214554034,0.046430743463399024,0.09769234482552326,0.13744715926437262,0.18679992987665772,0.2847708873649069,0.06402275426683393,16,False
67,0.0757692145503219,0.06564434968837936,0.07048866546881918,0.024787796633193613,0.05878457076316096,0.09790362062371966,0.1301403651278353,0.17655814973445755,0.25984633806769974,0.04007692934241265,16,False
68,0.07014151805055187,0.04882310865985669,0.058737734824838995,0.02605818873827708,0.06184788198093061,0.10628395849226599,0.1454324807562353,0.19061782441984618,0.26743572194179993,0.02462158213539734,16,False
69,0.048832648775730694,0.0633436504332658,0.07141019252938954,0.019716068807881088,0.07184354645019529,0.07710572536732806,0.11936699109828829,0.20357138196051214,0.28625036333539694,0.038559431242012186,13,False
70,0.07693268383994942,0.062267127147417424,0.0482400497565054,0.0187456409381149,0.05925798947219195,0.11130723716002693,0.13169922807383536,0.18561305243384063,0.27865049783613244,0.02728649334198551,16,False
71,0.06654559453882715,0.037658543154208676,0.02989830504907086,0.03163526230660364,0.06304402164479506,0.10813026266936325,0.16047993478769143,0.1852888322950298,0.28207823960351625,0.03524100395089378,16,False
72,0.028372442877688992,0.05589136646155963,0.05340257940910473,0.0261634619279023,0.0832377609828083,0.08585174852038775,0.14497414370885203,0.21826520414271672,0.27810210991562184,0.0257391820533576,13,False
73,0.04423529798715754,0.05875148615410043,0.05624780342956881,0.03722293573289877,0.06236623491701729,0.08619297751995812,0.14538069766925776,0.1847630865877543,0.2755492618640441,0.049290218138243,16,False
74,0.04591996652318098,0.0578880015936704,0.057531031851502136,0.0213069011209568,0.1013648963831601,0.09377541207820124,0.11604322793403014,0.22001744467094428,0.2804695874704563,0.005683530373897702,15,False
75,0.05361158515034287,0.05237000694921207,0.06809220848571039,0.05195359174088554,0.07946947046342365,0.06676194890519113,0.12018259917330337,0.22739213520819554,0.2653403450215337,0.014826108902201743,15,False
76,0.07592499317770626,0.06365317614883743,0.053486217606058775,0.04813993717383156,0.04013920256102783,0.09238331327524804,0.12572889008806387,0.1819085033427743,0.2788059719568385,0.03982979466961346,16,False
77,0.06485141775580786,0.048451064982618704,0.06143886982427541,0.04373311197011222,0.09159671612568365,0.06616090077662663,0.11417497628090856,0.23304869305988407,0.27203763982153567,0.0045066094025471995,15,False
78,0.05325477669913223,0.0714731833492639,0.06550536389073096,0.021136094506792567,0.08028852374116625,0.06699105125702551,0.1220518182068871,0.21750313275064073,0.28061921567764986,0.02117683992071105,13,False
79,0.036774250814057656,0.046664325728989445,0.0791668913467155,0.047221793477275724,0.0530279177129355,0.09326761122190887,0.12280218512877815,0.21540959521336395,0.28494093404509724,0.02072449531087798,13,False
80,0.0640495721588938,0.06627985630290861,0.0567073846093054,0.023736084680439102,0.056828603766379715,0.08942604189172801,0.1411294468785531,0.1945947234019825,0.26774091157381524,0.03950737473599445,16,False
81,0.041058858462107814,0.04219660630727826,0.08477779119717799,0.03682694020909641,0.09286646638135522,0.0856635339245759,0.12932493856118346,0.21249946045793164,0.25725927008544197,0.017526134413851296,15,False
82,0.07709454516284125,0.07832842610572999,0.06382624924255101,0.017300730592475666,0.05605158641681821,0.09843895853046433,0.12051109247530703,0.1713480641009311,0.27535465909184426,0.04174568828103714,57,False
83,0.06575904259432754,0.04330307816363195,0.06106907571481964,0.024315237314999676,0.07258234620562831,0.09478600063848622,0.1475172416586304,0.1836148521388837,0.27721976919510904,0.029833356375483504,16,False
84,0.07303869474257893,0.06208905811263787,0.04806162918322651,0.03556531984010833,0.05734987939509771,0.09735443272472757,0.1296186381283461,0.18643568519392997,0.2608682105237538,0.04961845215559322,16,False
85,0.08467649180702926,0.0590427163769287,0.053266275389389314,0.037640588226941274,0.05676763576405272,0.09466247410313906,0.15611239279543468,0.16734048132188464,0.2439096965664436,0.046581247648756714,16,False
86,0.07992691999577389,0.06202327086302596,0.04647779879377445,0.009823759242100126,0.05184888860131197,0.10709204436319013,0.13421489748056445,0.19199030040977125,0.26936007348331487,0.04724204676717288,16,False
87,0.06057670566202276,0.051159799901033844,0.06455297056139206,0.033155509589473706,0.05367662351171049,0.11291713551330658,0.13301367582497398,0.18939220221125275,0.2651250477805798,0.03643032944425409,16,False
88,0.08078697455513681,0.05098798860538572,0.05953852350270733,0.020538842238970522,0.055749997014753284,0.10061964848180095,0.1538447821742062,0.18201540199820374,0.2632138578079252,0.03270398362091027,16,False
89,0.07877626708006777,0.0621763186857101,0.05643992686898617,0.034141743002091586,0.051899131460175114,0.10744348730520785,0.09659531324496094,0.16373803350792904,0.2998739261303684,0.048915852714503126,57,False
90,0.06837466470449201,0.05849158280606323,0.034813699892594155,0.03548738931945361,0.05749371384584711,0.1086829342298023,0.14602665448495059,0.18682375347062075,0.2712664641934232,0.032539143052752885,16,False
91,0.08239323616281952,0.04368415658831734,0.05795396399358446,0.03070880290321102,0.044352165090189924,0.09064633409298081,0.153276664717638,0.18329637241188435,0.27002144817830065,0.043666855861073925,16,False
92,0.04080927312914295,0.04750723822456073,0.05978379837592449,0.04242218878383116,0.059608637628060665,0.10429023012943735,0.11992120603767467,0.20064404731596786,0.29407227701110256,0.030941103364297614,13,False
93,0.05250728562039643,0.05773235376011335,0.06441746767579819,0.032169752577589535,0.06919838714802921,0.09497620100290224,0.12927350150738243,0.19739757267861593,0.2844914832537088,0.01783599477546391,32,False
94,0.08163019894163771,0.04566827500602116,0.05810209464484331,0.02356205829015537,0.07195243449991398,0.10384493771211288,0.13877498260990606,0.18367015995362915,0.26090895122206353,0.03188590711971676,16,False
95,0.05542344816768168,0.04870775328431985,0.049073399583992074,0.03646461166130386,0.05897799387774453,0.09950077769175389,0.12887151361153823,0.1933210215225193,0.28456441439575686,0.045095066203389676,16,False
96,0.08438081579928271,0.03785253217654267,0.055630960802422476,0.012238911479419953,0.06497157123785603,0.10915364261846362,0.14334050795952083,0.17970146368987577,0.2811652428174484,0.03156435141916748,16,False
97,0.06501963020705698,0.07133652658572084,0.06450890048029832,0.04346902947517425,0.05960429452114041,0.08942980955244348,0.13032434282581798,0.17266855982814636,0.2664056088799859,0.037233297644215714,16,False
98,0.048969652517851445,0.05885877111423631,0.03921915012535105,0.04739290625854414,0.06244544460237847,0.1018655304336987,0.1534182685104697,0.1810788205929842,0.26489968489864063,0.04185177094584526,16,False
99,0.029878432504725664,0.06991820304954381,0.06411926611315129,0.01768791193749455,0.06377363717397197,0.06332930361299871,0.1283955032250306,0.19608832002423796,0.3039875671901414,0.06282185516870398,54,False
100,0.07115447222002856,0.06782100952362348,0.0787747468296128,0.0351627964165629,0.06540802905554002,0.09798289239263039,0.1198378533507187,0.15031871546464856,0.2651939994753103,0.048345485271324214,57,False
101,0.0668151778274801,0.059106457450531044,0.06927980489731114,0.05402425653487832,0.050807168685163905,0.10190564289450053,0.13790581647437886,0.18035461770934355,0.2578182414876554,0.021982816038757024,16,False
102,0.05023115067598068,0.04393395247295263,0.05901956445447097,0.031589255992674196,0.057504939193876316,0.10292018821862149,0.13774975351042595,0.17608013243467313,0.2882873905601644,0.052683672486160286,16,False
103,0.06862681264384324,0.07749768046345933,0.046558392695158164,0.03549588166855871,0.03903059635753291,0.10995213380196148,0.12565388071833747,0.18099661568137926,0.27597868378261287,0.04020932218715656,16,False
104,0.054173886482629524,0.05994229989587924,0.05851056026368804,0.026229282161555668,0.06308865238699077,0.09717785198845805,0.13546752440934953,0.18221788427563806,0.2710637653482686,0.05212829278754251,16,False
105,0.055131914346394785,0.053135643844615055,0.05876273190014763,0.040867298455732816,0.055726453581889025,0.09007010023110115,0.15708688990153613,0.19003318413633535,0.2659078777184377,0.033277905883810355,16,False
106,0.06907701917793103,0.03884749765971916,0.056640389018863514,0.035396539458306155,0.06588378966073823,0.09642560159425773,0.1462822045232725,0.18037088036734517,0.262437939906238,0.0486381386333287,16,False
107,0.06918735032260453,0.07539682010801758,0.07010985879775308,0.02733395370833938,0.057287496539628224,0.1094910209675699,0.11670401951287696,0.17463913203091525,0.26145172899170643,0.03839861902058866,57,False
108,0.08594091733051007,0.07806347512835506,0.06409242879288708,0.020414118556775274,0.0644395666629604,0.10468774393759762,0.10340085568723976,0.15963082972044632,0.27754758445101346,0.041782479732214835,57,False
109,0.058126402604163616,0.05964942121663775,0.06198065708394667,0.0327436486133248,0.055238795648870666,0.0977292814286953,0.15663558898825902,0.17945750222219903,0.24993037662927822,0.04850832556462493,16,False
110,0.06908639104487255,0.05785882153036385,0.06161215413647103,0.019302345012759653,0.06846200285591035,0.10587393299189214,0.1346484148281153,0.1547357893122617,0.2788218194087214,0.049598328878632025,57,False
111,0.038872563207779376,0.07640416993767547,0.03527461838441088,0.03452126524332493,0.07175316716623988,0.06734148292680071,0.12972244584477063,0.1945098874984719,0.2904762717589141,0.06112412803161213,54,False
112,0.06835801441523177,0.07361592300935312,0.04762786822166328,0.03319790719103359,0.06889351126193966,0.08710929448060384,0.12064373723221795,0.18188837236852304,0.28475602699582486,0.0339093448236089,57,False
113,0.07565736219546236,0.06948389682358276,0.0626704056806662,0.023271054127227787,0.057003135061162745,0.10167416472960839,0.11997345839964217,0.16576174039080294,0.2720839449702951,0.05242083762154961,57,False
114,0.08541324323596891,0.042756193119561844,0.050690612063020106,0.024163849764041397,0.06072647704506209,0.09128606349719451,0.12950257453287944,0.200683015297229,0.2644438000299622,0.0503341714150806,16,False
115,0.059889160265421036,0.06082910279187967,0.06913080925504361,0.021066137589320057,0.053997141714497855,0.08872995409990395,0.1424971791881852,0.19839836147938372,0.2749876583721438,0.030474495244221203,16,False
116,0.07066610894072263,0.06465348383385298,0.060375574875150814,0.03229359153550782,0.07491201222387664,0.102040330978668,0.11469578305297076,0.16004644243674843,0.27523803615037234,0.045078635972129535,57,False
117,0.07630354408148454,0.08430746312201623,0.07249613697629166,0.007430132474769743,0.07272261750271031,0.09540224205723681,0.10086876126431323,0.1725141346118827,0.28249573625768687,0.03545923165160782,57,False
118,0.07181763147774595,0.06659733101051699,0.06194252684729475,0.03870622084810654,0.06954153276455051,0.09807440930163544,0.11152873116212848,0.16224748100043734,0.26893906452176514,0.050605071065818956,57,False
119,0.06867923138047734,0.052229904036421096,0.08214802974561064,0.03245085330196092,0.06044178207762477,0.09374500097052171,0.11002430137106649,0.16842257938507618,0.2762162702078312,0.05564204752340967,57,False
120,0.0688748736403055,0.07923960524997511,0.06714817605928106,0.04728025287391251,0.06978825979742839,0.09271087695198187,0.11013630629721059,0.1668872188861317,0.2602170856127418,0.03771734463103156,57,False
121,0.07812445123830314,0.06770639463208292,0.07128270717678384,0.024252663009570505,0.07357538886415296,0.10192329006754207,0.09627699817074432,0.16743623871136967,0.2760972215152661,0.04332464661418444,57,False
122,0.084230183854418,0.057234275571818545,0.053659529645983764,0.03665435949830062,0.05005125395255962,0.10408367604932375,0.12375564965872304,0.17624110094290255,0.27731839449947127,0.03677157632649875,57,False
123,0.08181827202049588,0.07232334076769521,0.06060527063423814,0.030981649004661018,0.08594934346462432,0.0896979358870828,0.10316224116358605,0.16393688885123409,0.2671004219277541,0.044424636278628485,57,False
124,0.07193801348019055,0.06652239945789513,0.062296340951854524,0.015830095631087514,0.08081463657703454,0.09190175214511287,0.1314808568633948,0.15050361600696657,0.27037608172367017,0.0583362071627934,57,False
125,0.07387514977374213,0.07583018585636682,0.06462778374263764,0.030108278083222292,0.07039001298365552,0.09143722597017692,0.11025473179729893,0.16216002662958287,0.2791410571508148,0.04217554801250208,57,False
126,0.06385563232726615,0.06852719157164075,0.068323033350464,0.004179973957747169,0.07322463586721216,0.11050721108748195,0.12664653898390318,0.16518675796274504,0.27009990182602256,0.04944912306551707,57,False
127,0.06912572647934001,0.05664281118090687,0.05212981783367082,0.04329138714213712,0.06852107927835596,0.07130374461794418,0.12737746885069773,0.1890572101172077,0.2732564879399111,0.04929426655982856,57,False
128,0.0776090946280655,0.08459584525261261,0.05835502198434149,0.022866902089117336,0.07305599320731689,0.10150013723269015,0.10653725198899225,0.14475161468745312,0.2759014260030782,0.054826712926332295,57,False
129,0.08866218847901784,0.08056362459806019,0.05282443615672562,0.045673307093281386,0.07076889047790799,0.08940333150281105,0.09382723698183768,0.15833725510297994,0.2793162097078221,0.04062351989955629,57,False
130,0.06086242827860534,0.06398443032999539,0.07377800915186146,0.03820992859065041,0.07980956922214938,0.09686465235415422,0.12001018018263493,0.14879509866666402,0.27662066009653186,0.041065043126752944,57,False
131,0.06754828859167152,0.07506526124997324,0.06563294984075355,0.02925991206199527,0.06697608987416158,0.08707527933697518,0.11242248947084331,0.18774803820536037,0.266180249716803,0.04209144165146304,57,False
132,0.08056420855046738,0.07680962789862816,0.06216342802720411,0.05598270663981219,0.062022369250900475,0.0931235918945684,0.10272102595424332,0.17223563999720487,0.2650443314789475,0.02933307030802367,57,False
133,0.059563978646280685,0.07964099059361016,0.06350490309783033,0.04995217842358573,0.05874383621597382,0.09459530126819381,0.11297946794803498,0.16297216573214943,0.2669294251789028,0.05111775289543821,57,False
134,0.058804624575840264,0.08521004144913104,0.07282700704376809,0.029410898478943494,0.0750820517253442,0.09980678896661009,0.09931599037917035,0.159339195507139,0.2691646218561248,0.0510387800179286,57,False
135,0.08822724129147026,0.05449380907533016,0.05989106104547523,0.022510972306854844,0.06792736863610949,0.08310834963031945,0.10570295228105063,0.16343066270502393,0.2787579481611709,0.07594963486719501,57,False
136,0.07392506165131862,0.07099422378522142,0.06946274772683639,0.04420723527246031,0.06129103124957976,0.09278891397662002,0.10413939927505539,0.16946064862872778,0.2821024425879615,0.031628295846218804,57,False
137,0.06847077883965405,0.07476764578050718,0.043769779492712706,0.05229023696053156,0.07477974964421878,0.09858524709321934,0.10912364628457222,0.16802047200858627,0.26666321325049364,0.043529230645504347,57,False
138,0.06126929792968372,0.07013611676100467,0.06947304833609814,0.03794644804686465,0.07427206841045686,0.10087936132160388,0.11641784530077619,0.16193190054040385,0.2701044266286844,0.03756948672442367,57,False
139,0.06751063063308235,0.08353460107502331,0.041422057450869625,0.032567154812327304,0.08249553750144585,0.09868166044629616,0.11539792782660765,0.16872002896811292,0.2586930198696375,0.05097738141659729,57,False
140,0.05948992350402284,0.08255509120733816,0.09412710625926146,0.025534659422479344,0.0728746106984666,0.09905134124622458,0.11522737726327999,0.15214425867772208,0.2614967504601009,0.037498881261104025,100,False
141,0.08143077474248961,0.06611344487693414,0.06044867657269871,0.019734419085134645,0.06705118926041989,0.10350088627887451,0.1326787950383246,0.17989698809226717,0.2544285216125298,0.03471630444032692,57,False
142,0.07472511760337419,0.08575046136154163,0.05675647423980409,0.013780521101906517,0.0696018071251415,0.10727259396096141,0.12133320605913842,0.15426085413971266,0.2799631873214583,0.03655577708696131,57,False
143,0.07135543870736769,0.06842893353095537,0.06336668550054168,0.026191655013734993,0.0728124386370836,0.1019716848502558,0.11619563589336325,0.15801408365320396,0.2562510763697325,0.06541236784376117,57,False
144,0.07627607172599941,0.07374771202902146,0.05665853346625625,0.04135928240758299,0.06896778265715994,0.09108505375548578,0.12566656035519236,0.17313591344188628,0.2597347907180991,0.03336829944331656,57,False
145,0.06930497278324771,0.06327350253844298,0.0759790280470293,0.04268862724057567,0.06276919269234264,0.10962142968921483,0.09602636702591799,0.16059363104279004,0.2632979581085029,0.05644529083193575,57,False
146,0.08299095831302324,0.049703937880235,0.07431682480867466,0.030548684159444298,0.056124194581714214,0.08389887522198496,0.11276330786633197,0.17220893823105923,0.30057689958279504,0.03686737935473739,57,False
147,0.06604123250028074,0.07052821724031981,0.061007345115242854,0.01926109505536526,0.07216676851017134,0.08570414513493706,0.11781885430465801,0.1698357869035302,0.27550691451783965,0.06212964071765512,57,False
148,0.07339666339099843,0.07282511452748373,0.07224710125627144,0.025455066760704848,0.07446719144927555,0.11028779684370339,0.10383019665822213,0.1820190968829946,0.24292494103303916,0.04254683119730658,57,False
149,0.07611958762589761,0.05828486457923826,0.08458244491448876,0.02983314960248665,0.06653370681715633,0.11562103242114961,0.13239296935882278,0.14011422686916752,0.2551280145520896,0.041390003259503,100,False
150,0.058119582213075775,0.07084460860698633,0.07083440310612032,0.027987941670888163,0.07221404904084636,0.10082800190970873,0.11786042383227432,0.17596329106769504,0.2610972613722844,0.044250437180120616,57,False
151,0.06794719463326117,0.06208893303010214,0.05668941264104734,0.0319950445071848,0.05147762817909884,0.09141325634545039,0.11510269762871582,0.18938898564812087,0.28708725473229324,0.04680959265472535,57,False
152,0.07381498668286302,0.08785429583259408,0.06997050312998421,0.027634926781823877,0.048934696469508814,0.10462373904076334,0.11551810180433049,0.17224164245951337,0.25592482771288905,0.043482280085729824,57,False
153,0.08454098687779175,0.06747659229708262,0.08122410186790101,0.030761563012725333,0.06644927370089015,0.10135724399219322,0.10300377432882862,0.1685287530819627,0.26570010313250947,0.0309576077081152,57,False
154,0.06840485126709561,0.06920542012575448,0.06504134236638137,0.02945489425734829,0.07112892521391892,0.09341150656706688,0.11100698933737026,0.17464333922497619,0.2709808083961658,0.04672192324392213,57,False
155,0.07499330728993522,0.07635149763892597,0.05631730338081023,0.0503391659293116,0.061810306319126096,0.0833234487924922,0.12538157728521745,0.15787996892660167,0.2771709245657645,0.03643249987181507,57,False
156,0.0677340309653258,0.078613114363461,0.045332575237907576,0.02290167405665214,0.06337308588273335,0.11358471597025362,0.11978148358349071,0.1838313362076983,0.2631322174191706,0.041715766313307,57,False
157,0.08504810000201149,0.06480350367716045,0.055823813819081816,0.031408607287482265,0.06323221766438018,0.11890351555766689,0.10748168476997054,0.16536965192635056,0.2757614887537294,0.03216741654216627,57,False
158,0.0704199586320493,0.07339914841439034,0.06401293004979293,0.023606000233446254,0.07848982224213902,0.09445058256733563,0.09322245333807677,0.18078386392628473,0.2702714738558414,0.05134376674064358,123,False
159,0.0696771771491341,0.08585535508768707,0.06333147673337101,0.04133975174183095,0.0785878756905261,0.1083047333096554,0.11144464886546815,0.15782061563513608,0.24070042895399346,0.042937936833197854,57,False
160,0.07273780763820559,0.06769066310890236,0.07245928121001996,0.0159877700700987,0.057189962585799045,0.09576340278292256,0.12520922402838,0.17075829290643332,0.27995451529614324,0.042249080373095216,57,False
161,0.06473123569966097,0.07882418712869266,0.06801104426640665,0.05219951962485804,0.05615534288482027,0.08518974110272903,0.11024423214110306,0.16851523269420093,0.2650037516431911,0.05112571281433733,57,False
162,0.06542319819626628,0.08096716955185122,0.064974668237432,0.04511986592221597,0.06190306879325381,0.10176711469705069,0.10910026010916078,0.15739204646966978,0.263196654491519,0.050155953531580345,57,False
163,0.06255174168547796,0.07714864163485226,0.05504583293038249,0.0354633800201502,0.07248879732702329,0.11668880887997883,0.12037778795606814,0.1485846049022872,0.26297618193306055,0.04867422273071906,57,False
164,0.08773511280485642,0.058911011305505245,0.08742594675746297,0.032876017750897296,0.07605663617236716,0.08247753537798523,0.12139293537119174,0.14003534313973137,0.2703342156236732,0.04275524569632936,100,False
165,0.07465814951197075,0.06804807096554295,0.048670596353897776,0.024849876602456182,0.06355078916647534,0.11564549638958643,0.11567285199835149,0.1606229831258972,0.290926204527412,0.03735498135840984,57,False
166,0.06352775473802925,0.06383226229346356,0.0722325652919627,0.04654532559569874,0.06594656065878263,0.11041583292063892,0.11594370583483755,0.15281524880298386,0.2675943920266818,0.04114635183692102,57,False
167,0.07491139048751942,0.05839761418720895,0.08652244451223982,0.04222415224747695,0.07160659973594558,0.09429292866950717,0.11428603928763831,0.14832469729623018,0.2682208549880381,0.04121327858819549,100,False
168,0.09792536865825324,0.05720602912983415,0.04445003371818482,0.036596210763184124,0.06506419484526407,0.10272427658490316,0.09435536707365628,0.16823878240030005,0.2789458571206362,0.05449387970578403,57,False
169,0.07841748428643117,0.06943463714848487,0.07082943676251938,0.029459631094747342,0.05554376705117127,0.08895503069827741,0.11632471929704641,0.17403951277568575,0.2640234683095136,0.052972312576122824,57,False
170,0.07214839670172454,0.08232143835529947,0.06839197280509461,0.0553987118845087,0.051606575307301235,0.09977748276448599,0.10749287257446984,0.1574759015973707,0.2567870639575194,0.04859958405222554,133,False
171,0.07459955419253719,0.06944112481521503,0.07208005771172807,0.028064133722426107,0.06284401564782369,0.11377065640239054,0.11780813891101756,0.1482758199134834,0.2720935613654779,0.04102293731790038,57,False
172,0.09049192353584067,0.06964131315057559,0.04452913326725033,0.033429145459228725,0.07540327646842228,0.08989969653446582,0.12415734277198254,0.17421946868243096,0.25417980564201603,0.044048894487787024,57,False
173,0.06993948319758762,0.06974109673107622,0.06889433940584934,0.035668702282168264,0.06180935413783221,0.08965900424534996,0.10753297262643342,0.18056320132469322,0.2708773487989094,0.04531449725010033,57,False
174,0.053235077207116344,0.09375940302881147,0.06197199260505662,0.030077200854748878,0.05874403294150781,0.10489754998469063,0.11965353248965983,0.16052169958951884,0.2691950199762237,0.047944491322665955,57,False
175,0.06789610468795858,0.0766330722560113,0.06844195297310166,0.035964543552283616,0.059115624136753614,0.08228053382632226,0.11512070784242665,0.17153242657708448,0.27751121743703894,0.04550381671101884,57,False
176,0.07038739844849294,0.07521464121949106,0.0543920799451612,0.04390156314862118,0.060817294797115305,0.10169728407477656,0.10901005722083959,0.16810051823843825,0.2570167995805714,0.059462363326492476,57,False
177,0.06818774210862663,0.05918240685057867,0.08552213200604605,0.034659616568028156,0.07420571467546098,0.09500734625975875,0.1273021498198163,0.15647001484657821,0.2617058864767995,0.037756990388306766,100,False
178,0.05285477717327419,0.0762584938484288,0.07665049509775888,0.038954626423231345,0.06286334268436909,0.11222287036377614,0.1225041860193401,0.13300494982974104,0.27567864785051105,0.049007610709569466,100,False
179,0.07122219270929403,0.060721782450034574,0.06661295143336271,0.030264138193280835,0.07586758055619637,0.08700454894696702,0.11715694254804773,0.1640381090089074,0.2845392474588286,0.04257250669508073,100,False
180,0.07596023480472237,0.05919165831444972,0.09422637354430617,0.03351244277655162,0.07009181209031856,0.08046624823297047,0.12539757437952126,0.14775281043652388,0.2712972630932068,0.042103582327429064,100,False
181,0.06720699543930099,0.0869135642265276,0.07279487766180806,0.04359168230664702,0.06221270265876594,0.10399634908578007,0.10826812389496447,0.15898006348723498,0.2621749527432289,0.03386068849574205,133,False
182,0.07485491164846239,0.06737386642740739,0.05756814972386957,0.05631071145414299,0.06659440827261182,0.08867794919714767,0.10711372605177213,0.16163025065653752,0.2686042867089536,0.051271739859094695,133,False
183,0.07590897746076163,0.0599437020475585,0.07679206199687015,0.049076001221739544,0.05119265472140637,0.12195109792599801,0.10084095184149987,0.15593986059480097,0.25114324209416833,0.057211450095196625,145,False
184,0.06459014632188242,0.0669633141108575,0.10002387888469189,0.03262092812997984,0.06748690328327213,0.09321454657871145,0.11502801105273194,0.162104468595666,0.25782854059160765,0.04013926245059924,100,False
185,0.07321420914895982,0.06557232059482858,0.08171652786278438,0.03534830979212859,0.07077525150296526,0.09702574969116468,0.1245044890264273,0.14463627053569947,0.26311868908124314,0.044088182763798826,100,False
186,0.036883387626924904,0.08561660495040647,0.07343390188415032,0.06431034575094614,0.07190251588377425,0.09052235752502283,0.11797620000115282,0.15561201100917466,0.2581210097366503,0.04562166563179735,133,False
