ID,strat_res0,strat_res1,strat_res2,strat_res3,strat_res4,strat_res5,strat_res6,strat_res7,strat_res8,strat_res9,ancestor,alive_at_end
0,0.16001779448373718,0.32066763000822757,0.04212867679042247,0.010056175028459551,0.00020318697732912562,0.17418443241211676,0.07732130063994994,0.0495444153134803,0.040320054421400464,0.12555633392487664,0,False
1,0.1639939399279524,0.3198731449334474,0.04323214896778973,0.014494301836121276,0.007373277690427671,0.1674704120856637,0.07475941815413024,0.04028059324157616,0.05461530538401903,0.11390745777887243,0,False
2,0.17189643114195277,0.3167280284682346,0.052493361287734915,0.017804350477486314,0.0,0.1425782492068155,0.08213905420288733,0.04287364976142523,0.05873417338397943,0.11475270206948382,1,False
3,0.16809459107656824,0.3200807005532329,0.03894689693770208,0.023793431860820582,0.006574108315744874,0.1487533254989905,0.07890407337097004,0.0421191905393506,0.060605221402248076,0.11212846044437223,2,False
4,0.16533214980637226,0.30223045257721876,0.07233268241427383,0.021142014178581935,0.007321013003280007,0.14047529802710898,0.06363104493879056,0.043409315771570284,0.05632897098265732,0.12779705830014595,2,False
5,0.15945100666858955,0.30185168677912877,0.06782043624331892,0.012993965706023996,0.009020562747627832,0.14092070950906246,0.07444021297861006,0.04480018884340201,0.057972141802955894,0.13072908872128056,4,False
6,0.17436526507976596,0.32575783174801026,0.07091858512444729,0.026321851189716933,0.0,0.13306729692311345,0.06066819118575538,0.041993780473317324,0.05344404743588717,0.11346315083998625,4,False
7,0.17623951705276672,0.32851676559507625,0.0715925274212677,0.00029857771960405783,0.004948024165102197,0.1410381476138181,0.07268227071910757,0.029250234493580086,0.054954937202704925,0.12047899801697252,6,False
8,0.1690842853422727,0.3153655666360085,0.07549348374717288,0.012994905196902353,0.016594632149339802,0.12758332616453977,0.0673334298752707,0.03827404758224218,0.06622280320754956,0.11105352009870167,7,False
9,0.15414897641267183,0.325318440676351,0.07002462846986016,0.029803326451315698,0.013795816021864582,0.12880560615748776,0.047989993644556875,0.04789708251391464,0.06642305749338473,0.11579307215859277,8,False
10,0.17756811056029936,0.3089061666186395,0.05419523483650678,0.003190829313720889,0.01794065916625451,0.1359549729916449,0.07126668947739473,0.04403312793732832,0.061883471425820895,0.12506073767239,8,False
11,0.1728268867355696,0.3252260252249861,0.03839888467761048,0.0,0.030054674616535607,0.14893889003571215,0.06755602842644587,0.026396496108075186,0.06796561518987572,0.1226364989851892,10,False
12,0.17484774287590976,0.31602756412163346,0.03829464707929913,0.007495118613305024,0.01124007030440259,0.13690547142403406,0.07202440474677445,0.035699544693433664,0.0648679065876756,0.14259752955353217,10,False
13,0.15891722323818627,0.31790865063749685,0.05363860430668052,0.0,0.0387326080156406,0.14949806074076524,0.07603929608745785,0.02085740622332767,0.07368191116081205,0.11072623958963299,11,False
14,0.1683838851165409,0.33110029694823834,0.03774569278391477,0.0,0.00627265586453547,0.14034424224159994,0.07946390315722227,0.04386015787054601,0.0577605585464884,0.1350686074709138,12,False
15,0.15632822779488806,0.3059566182224168,0.040640951078228654,0.017952536024829952,0.04107584294275692,0.14633285660195955,0.08609873527765255,0.03770408433413923,0.06633818615651815,0.10157196156661008,13,False
16,0.15778579212627264,0.30503605924244975,0.0424087730552767,0.0,0.04413744481109594,0.16253103840014274,0.08716732581869607,0.025825171214053862,0.05822362568817917,0.116884769643833,13,False
17,0.16864925137951026,0.3055354150746524,0.03496109274888333,0.002253639321634072,0.044702979060071715,0.167386597981228,0.09603031929198802,0.0011401854698658864,0.060246396411890245,0.11909412326027598,16,False
18,0.15693505493355153,0.30205926949433964,0.037103338412384994,0.0,0.027617847761621392,0.18034052230239334,0.09894277338780326,0.0,0.05893957859852841,0.13806161510937748,17,False
19,0.1571598629757,0.3136753737876121,0.05273594991526534,0.019837075822937186,0.043344373932613235,0.14988835511494206,0.06081646731531805,0.03866562487555599,0.06997526348868427,0.09390165277137175,15,False
20,0.15622484780006374,0.30545367903409876,0.05154963757873772,0.0,0.047470535439147706,0.1510486068448554,0.08557182160759363,0.013503460053845054,0.06588206029379406,0.12329535134786386,16,False
21,0.1931619023995973,0.31859644900899503,0.051251285294463975,0.0,0.026180941148583933,0.13200616046904126,0.08115326843650827,0.02932576761935144,0.05713780285123096,0.11118642277222784,10,False
22,0.14752734315077023,0.3152739874483998,0.04424930386223691,0.0,0.02877483022526984,0.16118448253395587,0.10029093843929267,0.013855777509703838,0.058173163053143566,0.13067017377722723,16,False
23,0.16362034444044127,0.29368701457380597,0.04473023343807529,0.0,0.012523603747077639,0.205943538083696,0.0847671895400082,0.001872899947499855,0.06387787937586595,0.12897729685352988,18,False
24,0.17905988263848516,0.31999117615129996,0.019611998384392464,0.0,0.0360833190982289,0.14249643423821717,0.07293089171063188,0.02278852841163755,0.06820977448171055,0.1388279948853964,11,False
25,0.14293141507177073,0.2968893133575339,0.05904958062535705,0.021570310988188835,0.03880882146302943,0.14495782597094048,0.0751939770256531,0.031962356135060925,0.08440867272660482,0.10422772663586075,13,False
26,0.17743042422920574,0.31544317427138935,0.03833146403420898,0.00174472594651239,0.026877986907231994,0.14714430794125352,0.06909675332194734,0.031996148508391296,0.07199240051640596,0.11994261432345352,11,False
27,0.2016742927151082,0.3225079378703648,0.041475912450890544,0.0,0.003981616028344433,0.1457578322627265,0.059152867902290754,0.04016450893900005,0.07228925467281011,0.11299577715846458,10,False
28,0.16052838285133172,0.3353947977589949,0.04745976005982066,0.002893898617105082,0.01383503395702818,0.12627201114047784,0.07416285340032011,0.020867709353671438,0.07651551134517275,0.14207004151607733,12,False
29,0.14364140136787454,0.30193948989214875,0.039844409675465965,0.01984173267192647,0.02993362322018262,0.15236608903960705,0.08891982561252759,0.04060304263052295,0.08309400907711177,0.09981637681263236,15,False
30,0.17895289464920527,0.29204145628089984,0.028834049756587477,0.0,0.03960855852033342,0.1638012467793529,0.10947978228260621,0.002307893797081025,0.06742116906752468,0.11755294886640909,18,False
31,0.15239889419972527,0.3011960234107528,0.05503227725020697,0.009052981425247198,0.040069111801715726,0.1461727675216197,0.08261501072405886,0.042262488752628655,0.07429311629012256,0.09690732862392216,15,False
32,0.1605583476295635,0.3176774229393757,0.04130625999207557,0.0004652915954301092,0.05229460096029807,0.16285904336576443,0.0735679878499222,0.020580086811747056,0.0516900461085427,0.11900091274728067,16,False
33,0.19331345837218555,0.3013287970575997,0.055664005810728515,0.005279898434748192,0.001573951640782406,0.151934921766705,0.0651782251508207,0.022312395013062376,0.04796607240021971,0.15544827435314781,10,False
34,0.1912920761689443,0.3083401312744059,0.04590581768642103,0.007633703400795729,0.009874923038462071,0.12834656280509402,0.0564860324036229,0.022635006539675925,0.08138764924631364,0.1480980974362644,12,False
35,0.1564585885033953,0.2890170408854299,0.06146066684210313,0.019081464289669385,0.04281801916386196,0.15353252063616873,0.08534788853121648,0.04181055337829011,0.06334111345201177,0.08713214431785307,15,False
36,0.16627444321911325,0.2792280913904826,0.04376061332896402,0.015893293495832315,0.055978834229923786,0.1613936749987624,0.07444271802450517,0.025551700268311234,0.04953621633677602,0.12794041470732936,16,False
37,0.16204154241236587,0.30010408928482635,0.038098315541045535,0.009790882236529214,0.045428699594720186,0.15975245935253488,0.07369868372108186,0.026258434072802064,0.07108964679001518,0.11373724699407904,16,False
38,0.16864550158613728,0.28799042602054187,0.03152546885027797,0.0,0.031872132047995126,0.1733381821642457,0.11103002915758027,0.0,0.05112126336938183,0.14447699680384002,18,False
39,0.1506077516168661,0.2976732864573835,0.026634219639301356,0.01900175668095208,0.049782153797160465,0.16661823524195482,0.10675092223718032,0.03988238482281415,0.054287675743369235,0.08876161376301797,15,False
40,0.1624194867387327,0.2984914088254809,0.033192324238410245,0.00974193288912207,0.05972933313486472,0.12260637896025704,0.09698044347043247,0.046382014741734756,0.07059289969696028,0.09986377730400484,15,False
41,0.14779492750917533,0.3042036741895814,0.059432612228506786,0.010894491761495624,0.03424176173099729,0.15593967461047453,0.07688064816884999,0.023318815640429987,0.08179526300216461,0.10549813115832447,13,False
42,0.15786314481079144,0.32629473356192773,0.04124109251575424,0.0,0.03475958513800974,0.1563774790756477,0.09563858295890346,0.033883612359850636,0.03486902468488149,0.11907274489423361,16,False
43,0.18066344574486773,0.3185907522374595,0.026738840610131508,0.009584206919685218,0.009532000007346792,0.13955557853411465,0.05961995830272179,0.02471270235511216,0.0729673264582413,0.15803518883031925,12,False
44,0.16839944973716056,0.3115129735855855,0.02597259749011398,0.0,0.0449557835311986,0.160066412241773,0.09134069692757783,0.028945255418832593,0.07319069781542849,0.09561613325232941,15,False
45,0.16546237360296523,0.31016963674983766,0.04088386720619535,0.017027804730243942,0.03523919949967494,0.1333495836754529,0.09261035746706468,0.030943337342804494,0.06279496950720959,0.11151887021855107,15,False
46,0.16504428775548605,0.3029657815043261,0.03460535358756835,0.01541797622027373,0.02880999071515886,0.14695465497033705,0.07449225151974095,0.05414978158086047,0.08016571479574275,0.09739420735050563,15,False
47,0.1564451211602858,0.3112065873281603,0.061479202352424635,0.0,0.028392501907453325,0.14734525328665327,0.0898412747037891,0.030882549787807138,0.06832737838440309,0.10608013108902327,13,False
48,0.15772886546010495,0.30942173582391724,0.03639689685198559,0.00375006857564785,0.03179958245998462,0.14594432791766404,0.08180090774464974,0.0651371297561979,0.07063133767475288,0.09738914773509517,15,False
49,0.15444312460885412,0.33179411208686693,0.030315606659051218,0.0,0.03352259896407499,0.16379743533376753,0.09318322853314477,0.042494825549330914,0.03192278968783306,0.11852627857707654,42,False
50,0.1674779221622445,0.2949584216313088,0.03832758904084352,0.018936282674028256,0.03913607870256928,0.16788801151446095,0.08784338455299825,0.02975877702014164,0.05067404667323729,0.10499948602816765,15,False
51,0.15586956469769428,0.30429198672063246,0.05887479544759709,0.006537637782559143,0.03901937379061296,0.15771835661306827,0.07153087772510633,0.01913801609702115,0.08944461187086966,0.09757477925483864,41,False
52,0.16009789661913165,0.31081708010403375,0.07009936204486561,0.020311882869356646,0.0420625345607887,0.13885777884157718,0.057608683517809595,0.023505023638789646,0.0813832416468422,0.09525651615680496,19,False
53,0.15599465864017725,0.2992925022327593,0.05374580967642753,0.02169917945036235,0.048016980819032294,0.1414099901814638,0.07671628578408413,0.048709130043120163,0.07020971719540553,0.08420574597716779,15,False
54,0.15632349173986207,0.2965121921480006,0.07504490142015263,0.020628435377441655,0.04658066496979606,0.1310892615213165,0.08143264448649327,0.0527817494209395,0.03725570676050128,0.10235095215549647,15,False
55,0.1365686115787881,0.2997871110178579,0.04985083396791559,0.025207367064471763,0.03547211000784478,0.1398415656432868,0.0881288904217808,0.04452090295587387,0.08574516537132312,0.09487744197085722,15,False
56,0.1616773061197283,0.31991553640963516,0.04271958230129058,0.006576244379357148,0.05894536588853053,0.14910037786973482,0.07593713665903468,0.04400352453403862,0.05312752779877579,0.08799739803987429,15,False
57,0.15076312647320184,0.3175005720545857,0.03017044760721765,0.02344984226027994,0.0345890380177155,0.168118779094518,0.08588978965239226,0.03153535443437878,0.056717948468860094,0.10126510193685008,15,False
58,0.15376035339802696,0.2999816065823735,0.056961500901798634,0.01040636874152448,0.04728288155183835,0.1392593395038728,0.08824464052821804,0.02045495360523672,0.07764068665434223,0.10600766853276838,15,False
59,0.15803129781029623,0.2963528528399118,0.04963240895343949,0.017429824033630956,0.03300723048300067,0.14903388461749525,0.08793829543400093,0.03217921019995051,0.0744820260410431,0.10191296958723113,15,False
60,0.16397867776317235,0.29781233649973854,0.045519659262656574,0.0077164949788035096,0.030337952727244665,0.14323517594673404,0.07802160031016928,0.04771796242071701,0.0701405029041056,0.11551963718665845,15,False
61,0.16508597835031064,0.32986825609726445,0.031846588607751566,0.009610022691639446,0.02954107566798297,0.1564537304546103,0.0870914504796391,0.030161738344727258,0.06033764151330111,0.10000351779277325,15,False
62,0.16093652290459548,0.284257057878023,0.02659442216961939,0.019761955541518227,0.03866843718793974,0.15690782776319118,0.09128572728206687,0.05727076416701955,0.06623671196868675,0.09808057313733985,15,False
63,0.1643006983337328,0.3193311020840191,0.03182283482486587,0.01347997750012599,0.03289766021137303,0.14444234975677214,0.09530119024808067,0.025843966914754067,0.06628656067131278,0.1062936594549636,15,False
64,0.1669160582828495,0.31499216098086336,0.04276207067077828,0.010248870787416415,0.02140568354687567,0.1691315660256517,0.06412351629315931,0.03416066879907138,0.06146355061670232,0.11479585399663211,11,False
65,0.15099449301490864,0.3054180553609682,0.03725700852204961,0.030268523048832173,0.032578497696526494,0.14860320584539227,0.08851535561093787,0.023966625631942514,0.07205024344304388,0.11034799182539846,15,False
66,0.14100267844059933,0.26543647519670016,0.07534338275779665,0.014559672823004906,0.05061461366198313,0.1596567274442048,0.09471221040611982,0.049785536852850976,0.06339632403382627,0.08549237838291406,35,False
67,0.1659721557630684,0.31792727324670295,0.035938648800939596,0.0,0.033570050847772745,0.15319853896016325,0.09418394558883103,0.017624589372102085,0.0702404819327885,0.11134431548763142,15,False
68,0.15421694650256795,0.3202793788794327,0.07658603069094222,0.0,0.036380468584013344,0.15039571192990295,0.07546523734864792,0.0113940499559144,0.08165651040575164,0.09362566570282686,41,False
69,0.14719968779153597,0.3196859887902852,0.037154967069499716,0.019358998604270015,0.04840811148793665,0.15847389366865713,0.0855993770915182,0.02533500565242099,0.07234673452877652,0.08643723531509957,15,False
70,0.17835935830884778,0.29249719981719197,0.03474740207065672,0.02563077409560336,0.02796309011120897,0.15584497560026275,0.095702728727207,0.024643685650029036,0.06785576441857762,0.09675502120041489,15,False
71,0.1563477048598852,0.3057879274247646,0.05774079563114182,0.0015389779663756292,0.0460398419072575,0.14727350386954507,0.08511803341609249,0.02209743938962472,0.08177332762034964,0.09628244791496332,25,False
72,0.15540219938652916,0.3185532135747924,0.042116229025453256,0.019204926255611408,0.02163886079123193,0.14773436774289422,0.07646256865626005,0.04790263982929223,0.0688272689613338,0.10215772577660152,15,False
73,0.15415314431466898,0.30173087424948447,0.04707190836844404,0.01682772683681907,0.05443148039277493,0.1472736890773007,0.08767044007411737,0.032517443749530965,0.0626987773491229,0.09562451558773646,15,False
74,0.1444060554554932,0.30051075233793695,0.041487121126905765,0.027296267679694813,0.05195453943452562,0.136831260947923,0.07730185470343827,0.03176237649395441,0.0734711626847013,0.11497860913542661,15,False
75,0.1533602668066028,0.31336016365671077,0.051078216055950976,0.014749797286843851,0.031242155966732826,0.15120980903710007,0.08435133951130602,0.052692519423683866,0.050287593151333944,0.0976681391037349,15,False
76,0.15415109628928758,0.32458197476338957,0.028610382039747233,0.02415032991630953,0.06095210601491328,0.1367975206399384,0.07254439433992114,0.033328175851647844,0.062430425402792415,0.10245359474205301,15,False
77,0.1589821441188152,0.3205762927568472,0.033270677787076666,0.013413032448310934,0.03346602212387291,0.1380739370727627,0.08938491113747628,0.041214485826845317,0.06290884741583898,0.10870964931215382,15,False
78,0.17977250279892665,0.28249481380016034,0.026874102484736723,0.016697633618155613,0.05985063377705017,0.14455307308523982,0.075434753014183,0.04627055424665439,0.06458988726082934,0.10346204591406392,15,False
79,0.14806451505053125,0.3006631218858632,0.047945878751622435,0.023752508454318418,0.047977102798948984,0.15189751431628176,0.06861986175412663,0.03609156319603951,0.05715882429099319,0.1178291095012746,15,False
80,0.1608511772876804,0.2964551648081235,0.06152234650376321,0.011818117823216793,0.059395956348291555,0.13898304567376463,0.0871593074787,0.04764338781624728,0.050613553849314666,0.0855579424108979,35,False
81,0.1575873518283108,0.3013183570672803,0.03561019619800362,0.018791828905111795,0.0336141957530032,0.13785693586907966,0.08726652727238386,0.026434096116206784,0.08408087876797568,0.11743963222264434,15,False
82,0.15862504131056546,0.3012851653529151,0.041598925785980484,0.025847036518650095,0.023935278402946517,0.1330720747803781,0.10007549303428771,0.034104302579480564,0.08497397187883952,0.09648271035595635,15,False
83,0.13912674101794453,0.2869970727181201,0.06516417143010605,0.04235229812178212,0.04095247351041342,0.13743164068062297,0.07208889753751098,0.040085734846226746,0.08238154196525725,0.09341942817201579,25,False
84,0.1489467346503164,0.2930019928243599,0.05924416890679479,0.016176902468733614,0.05202514219316686,0.1507317849004354,0.09405253447261208,0.03297396278825149,0.065391917594784,0.08745485920054549,35,False
85,0.1671099276150143,0.3127070791617008,0.028026998845962783,0.00026001151428092247,0.05145315498985567,0.1728572818296344,0.07876811098683562,0.024710668084934724,0.0690717234304705,0.09503504354131014,15,False
86,0.1384385258464251,0.3082546066844209,0.05795834111794831,0.02434665651286783,0.032449626097276696,0.14244380080499405,0.06519175565920414,0.047217261178794774,0.08758699420625723,0.09611243189181098,55,False
87,0.17333351962849955,0.29604836848326455,0.03392834014301894,0.017342867051135125,0.0530938665206609,0.12014112894272189,0.09777949981286554,0.0428752905805634,0.07284913200935239,0.09260798682791765,40,False
88,0.15324921969663133,0.32003093282699085,0.04654522119406768,0.017079509160471986,0.016856971825961964,0.15465056033180763,0.08780554456508323,0.03696901673608848,0.06082194493944246,0.10599107872345438,15,False
89,0.16007207034598767,0.29458403919198517,0.04040970271732117,0.02696831030390031,0.04026141143774648,0.13779823798170113,0.08590198157847048,0.0317345595293399,0.07927131279287652,0.10299837412067113,15,False
90,0.18438600472727334,0.3108387727176995,0.02937049111931134,0.0,0.06756454874532979,0.0944824954071224,0.09224916462943698,0.053007825433619975,0.07085682742406313,0.09724386979614343,40,False
91,0.13130149977653285,0.2872893546835328,0.07914908487406472,0.0344459454385461,0.03933757591055313,0.15146040310532663,0.08620080487321856,0.03039333987998834,0.0719917848658257,0.0884302065924113,35,False
92,0.1518050594024976,0.26363026669522055,0.08613750365940234,0.010544488678847693,0.038870361566546524,0.16594464852159113,0.10604485360971662,0.059497316438472184,0.047160051175357855,0.07036545025234757,66,False
93,0.15935784713673176,0.3333133588312148,0.03984658803296019,0.00931652644141781,0.02970309123750578,0.14409832715992552,0.07366688568267492,0.0462211097474794,0.0622061752678531,0.10227009046223681,15,False
94,0.1564271712697783,0.28354498457473765,0.03152960994893835,0.02767706822717414,0.04352105210235871,0.1566542258687726,0.07800073891456358,0.060938698904835366,0.0709464535511025,0.0907599966377388,35,False
95,0.15457896103211563,0.2987889610548857,0.030533010101695863,0.02263605237605283,0.0579055047688006,0.14257764340261048,0.09234672540559129,0.03008399855592315,0.06890275549911466,0.10164638780320973,15,False
96,0.16332937149302112,0.31598553079007496,0.06247223953974181,0.007018486607427792,0.03220302696641777,0.14888014868042085,0.06104171972894373,0.04418779514334556,0.07121137804082142,0.09367030300978516,19,False
97,0.1434984696805479,0.29887068322868227,0.08175081949566736,0.007218744984466246,0.045659636717482265,0.1374888389477764,0.09445850634338078,0.059537881779317674,0.035937646446339386,0.09557877237633984,54,False
98,0.15401566390844962,0.3024075998226679,0.06106013810106189,0.02715847543924103,0.04087495260617773,0.14973605398506667,0.08791727487990293,0.030404979733691943,0.07179129149471952,0.07463357002902085,35,False
99,0.1667604441263721,0.2844133240533053,0.049792262891056524,0.02524211063786396,0.0522572388621231,0.1281944747006119,0.09218441837727138,0.04327957895437514,0.06756096416373196,0.09031518323328841,53,False
100,0.16520888590611155,0.3313481268476289,0.0545715843650605,0.005530602243391803,0.043421146730304304,0.16278949011065236,0.039536313420647604,0.04439442652097994,0.06357596540153436,0.08962345845368876,19,False
101,0.13798970720860243,0.29930498308871095,0.044879984744813486,0.016693379553125165,0.04388601334706786,0.14576320188778655,0.0978228981987644,0.04308905018848814,0.0713093999263739,0.09926138185626703,15,False
102,0.15044945813298555,0.28420579764752807,0.0559414502181395,0.019335346047949228,0.023987090495551377,0.13973004750294912,0.11260670292240513,0.03605575074532973,0.07772998834009347,0.09995836794706879,15,False
103,0.15146187343431872,0.29810710152743614,0.07052021748027466,0.03567607814996093,0.04805698706456472,0.16330184599925698,0.06327623468215399,0.01847727111442954,0.05732140716131366,0.0938009833862908,35,False
104,0.16952499774030366,0.3084215471044911,0.03431637733006458,0.022361021590170862,0.05657590279468343,0.12894067302875092,0.09697274988771207,0.03680652804365679,0.0561811997196507,0.08989900276051588,40,False
105,0.15034475240623027,0.2957512900170234,0.05139227228061222,0.017374136094427745,0.04645641640797904,0.15720691059292222,0.0838937213291481,0.028577360592542716,0.07939781746279433,0.08960532281632011,35,False
106,0.15114621963478758,0.31961314620493275,0.051919206951107584,0.02337127549822989,0.05522196795449469,0.12805398954329408,0.06262892152486838,0.05483088994466437,0.07565609124454614,0.07755829149907453,53,False
107,0.13262866009638327,0.29780977495206684,0.05308202339308484,0.01575224237233601,0.05247273179093149,0.14128153572222318,0.08442334010279355,0.031899682461185505,0.08860551337530763,0.10204449573368778,25,False
108,0.13623375516293207,0.28666153943140704,0.06817403158675509,0.015592100873269375,0.04988617262790239,0.16617330689846985,0.09494931007784262,0.03853441986344175,0.06257435153004452,0.08122101194793534,66,False
109,0.15004816014213898,0.28578888081494497,0.060892139388094735,0.0221174311244776,0.05145494211608756,0.17329986092060246,0.0834714418234042,0.042167446073115344,0.06119108815451558,0.0695686094426186,35,False
110,0.1464972378896828,0.2625171797970067,0.08437834061699999,0.011304323018516532,0.045439574526378514,0.16158556023578072,0.08841675735732035,0.04379620888585805,0.07877780891181888,0.0772870087606375,66,False
111,0.15538497700912277,0.2652807289040697,0.06458564723849941,0.016996383216042625,0.052169323408843435,0.16493172912202608,0.0909322853539496,0.03723803603102141,0.07811592382291413,0.07436496589351078,66,False
112,0.14913561176623152,0.2995831595458277,0.03755572398129731,0.035449904649992925,0.05694859545551494,0.143355886161837,0.08825529273175697,0.04787781333392891,0.060706739644940326,0.08113127272867239,53,False
113,0.13953043245490884,0.2712225486202549,0.06950085447244682,0.02443205789889027,0.05347426892350289,0.1696860197971138,0.08268655529790594,0.05954430184991753,0.06121878013692713,0.06870418054813177,66,False
114,0.13418327807630162,0.25702685435284633,0.08976463649970808,0.0,0.04587371411971518,0.16378971876944787,0.10100051900923067,0.053798616116984124,0.08249396840362003,0.072068694652146,66,False
115,0.1440479685387621,0.3070685063168479,0.06071638150855464,0.016434274841005965,0.030984256859895788,0.15415807822265246,0.0919295242628316,0.011933340280950184,0.08197782437541454,0.10074984479308487,25,False
116,0.14685384958302833,0.29566674419651334,0.06868921303518537,0.02252291657595901,0.02604793090843871,0.13680636124545867,0.08706208227311914,0.04135520570170739,0.0652185171194787,0.10977717936111145,35,False
117,0.13766032234863798,0.2778736621881368,0.07265758269991668,0.02239368823618829,0.032509043008608116,0.13937072320800178,0.08460957933577132,0.04286685495701011,0.09417461807929443,0.0958839259384345,83,False
118,0.14573653979686238,0.29010517518242523,0.05397646783069515,0.012554185989782259,0.046019930050266146,0.15165453611600646,0.09252236562888054,0.05011159144786985,0.068926553736265,0.08839265422094689,35,False
119,0.16754533001362618,0.2876359985337441,0.07453954598721904,0.045735436386085834,0.04156396454199899,0.1321064753481085,0.044826853518702206,0.027684693280484278,0.08913781071031895,0.08922389167971195,83,False
120,0.1518390524003299,0.28285010390476417,0.08380203714490211,0.03881079804808864,0.05129104241150928,0.15150106862741933,0.06441236598638075,0.03788939381153852,0.06198650800533216,0.07561762965973498,83,False
121,0.16338205151492588,0.29066571556229603,0.09044071724915803,0.025748700113697967,0.036931002465796926,0.12617575752485694,0.0768377378237123,0.0630745887486426,0.022160906427548893,0.10458282256936444,54,False
122,0.12566331961934582,0.3019717295406521,0.06755907036710157,0.03052078856942652,0.04989567097096153,0.16477724712181369,0.08321248757990167,0.024099125878527968,0.06559396110551365,0.08670659924675554,91,False
123,0.1307416510422366,0.2785103311646227,0.062325562555212356,0.041128541843247574,0.052393492228138265,0.1282084227673995,0.07319663838693041,0.05785749073536533,0.08063015090671391,0.09500771837013333,83,False
124,0.12181742421394992,0.29271905306405976,0.06741556339531414,0.04138002317023458,0.03444460384663814,0.1377525076520644,0.07916863662917559,0.03873839248835796,0.09682216767034901,0.08974162786985665,83,False
125,0.12175081507479467,0.271484219758147,0.06609948797920759,0.05582930207337705,0.053290457356946375,0.13261769582240654,0.07680291561317987,0.030689661456117026,0.08215956036183857,0.1092758845039853,83,False
126,0.15407449548936836,0.25320415963329296,0.08076772244519212,0.01758742109162484,0.03766942321670311,0.15966322647917827,0.08605256172813909,0.07965579472188328,0.06858729804591725,0.06273789714870073,66,False
127,0.1589496889996312,0.2806006497086514,0.06938361264879847,0.03399863631662201,0.0341512020737163,0.12380076874932928,0.06406372881831394,0.043427763987337616,0.0887562862122963,0.1028676624853034,83,False
128,0.1493090933512527,0.2725432383226719,0.06299718446830206,0.03740783647206316,0.037589509010090644,0.14161626083115703,0.06806132085745967,0.04589021075024309,0.0871269821944213,0.09745836374233866,83,False
129,0.1343077633163966,0.26284180479687,0.061156815636013925,0.008567325184686267,0.04355016367098198,0.16975456995625757,0.11207852468103095,0.04485375856364312,0.07506385703640307,0.08782541715771652,66,False
130,0.15951463979204392,0.28100843426366645,0.08207372400978881,0.03386478335296816,0.030942766669128763,0.13400405149506867,0.07422558028286781,0.042201604188146266,0.0699852119454571,0.09217920400086421,83,False
131,0.13993609695154308,0.25984128084680147,0.07460155819558588,0.01130347142781032,0.05215814708523707,0.1602843466197426,0.10389697765772829,0.039310638997187494,0.07438637237821202,0.08428110984015173,66,False
132,0.14066905867011048,0.2714921617307137,0.07138438283047245,0.054287779862690635,0.033825769114088314,0.13455850401022584,0.07853410228227546,0.04573613801024968,0.0767364214333047,0.09277568205586875,83,False
133,0.14612687748949627,0.2796914731699381,0.07411614298454984,0.040915709822997734,0.04001933647060931,0.141937257067111,0.06784073040757081,0.025715306536287636,0.07196569809238886,0.11167146795905053,83,False
134,0.17187566079866226,0.28296878429907013,0.07796101165638279,0.0,0.042873109284212986,0.16550097043236836,0.10740003650350974,0.04334634057150039,0.03816168274289663,0.06991240371139677,66,False
135,0.13657764916051546,0.28129466369515355,0.06747011771161393,0.04658698813109986,0.03906970082300922,0.1482402520059925,0.08269131365608344,0.04481109993173683,0.07365425017915073,0.07960396470564439,83,False
136,0.14543495222158065,0.27945601390025476,0.05558288826079033,0.03516432367159089,0.050485452469649514,0.14982324994829826,0.07409568038438889,0.0378452822321797,0.08186426946832784,0.09024788744293916,83,False
137,0.13898164232770882,0.2918583428642212,0.056231505255371156,0.029002748755707203,0.04189819835593221,0.1345303809570662,0.0648042435032958,0.03278950693923529,0.09581279175676538,0.11409063928469658,83,False
138,0.14880988329733913,0.2716489019999335,0.06343288460115562,0.0362218933852612,0.03989255127493845,0.15296165972976933,0.06817318069893526,0.041252582009521005,0.0843778286109942,0.09322863439215233,83,False
139,0.14572442926839102,0.2929571906459002,0.051620240496156655,0.053288860924920085,0.053199364951615556,0.14720584215580618,0.07696085486265095,0.014812146429807545,0.07679083515591384,0.08744023510883797,83,False
140,0.12013868891754004,0.2788759642183185,0.07041598310155896,0.06128277075581149,0.047218766784579036,0.1276351149486193,0.07137378484597887,0.039541528260239066,0.08037550692876291,0.10314189123859185,83,False
141,0.1212045397750796,0.29976194906193243,0.06700781602268341,0.046102388578886544,0.04808317919711058,0.1350352836191712,0.059299877747798824,0.04155369672881612,0.08355055424324341,0.09840071502527785,83,False
142,0.13549726443014662,0.2779124105739913,0.06733451333871761,0.0366061425546676,0.037475034154798886,0.14707331819547775,0.06467148853555309,0.04804990435956667,0.07794437348535645,0.10743555037172405,83,False
143,0.13851690642223463,0.2994515816376253,0.06934223701468623,0.04122009498605053,0.03312837957743702,0.14094458368932575,0.06596572089263815,0.04351160428453412,0.07683957461051946,0.09107931688494887,83,False
144,0.1457003569836912,0.29080812071705003,0.07035653375745017,0.03992329727160527,0.04340357639392375,0.1457872204302574,0.057475002958050976,0.033372851555555076,0.0793733573332292,0.09379968259918693,83,False
145,0.14011339762688105,0.28958121654618346,0.0489542792135789,0.04272384257410828,0.041594392153300117,0.1391253476990024,0.06417942581330953,0.03738612348210658,0.1083252277952224,0.08801674709630726,83,False
146,0.15503112777311473,0.26578858859665566,0.07631444372368007,0.04127358057820498,0.02464793488332833,0.13822222471782492,0.07787493487483065,0.03890722123841479,0.07703045847535821,0.10490948513858762,83,False
147,0.1541775812672017,0.27362445622937337,0.07440982462409437,0.05373444460631217,0.017957586703530422,0.14311568808997727,0.083757013347815,0.030326798546742587,0.06654944623543681,0.10234716034951642,83,False
148,0.11954342575832365,0.2808656447518371,0.060959530571206524,0.04790955811435315,0.06645675231867225,0.12842103783918185,0.08097775571493036,0.047745474386089094,0.0806056508750513,0.08651516967035472,83,False
149,0.14135097378543807,0.282420669795064,0.07528345097690617,0.01639745972290567,0.04254184206338008,0.13976005891853868,0.06257874094180663,0.041140744683965585,0.08907694921136025,0.10944910990063494,83,False
150,0.1429971640375721,0.29831938111050527,0.05361511926536485,0.039733524400926146,0.0453853712173667,0.14723626033049478,0.060370221530050915,0.04559487659182255,0.08032114481661938,0.08642693669927748,83,False
151,0.15355516553794776,0.2734332545320345,0.05509427835069069,0.0412532967929627,0.0457131552247586,0.11875547811063923,0.08249061773639287,0.03689963624182806,0.08851580442860886,0.10428931304413681,83,False
152,0.13850525765677882,0.28008960354651186,0.05899564851474913,0.05068950673470861,0.050760828244776485,0.12561777558371903,0.07610350051704581,0.04767840264807166,0.080128547904993,0.09143092864864559,83,False
153,0.14315278267089643,0.2909157296774853,0.06539962171344146,0.04607798344893723,0.03545909270685226,0.1389387949321922,0.06231509368480806,0.04907230197690104,0.07576627621234118,0.09290232297614476,83,False
154,0.14169973699680335,0.2975194846814558,0.061193706395774906,0.03672670614546086,0.03621037201809731,0.13742513500920833,0.06121088152886249,0.03648345878367826,0.08175173316079462,0.10977878527986411,83,False
155,0.1319839260313674,0.2861808564972512,0.07640262110125377,0.03729616048561812,0.041525017615819136,0.130013247939114,0.06836864122701856,0.03915961164509539,0.0830472405606284,0.10602267689683396,83,False
156,0.1405170029780793,0.29531100320055365,0.05411520065891629,0.03479828261339747,0.043002496803217875,0.14084139664977582,0.07504349694315808,0.03384800013701951,0.09794420349915801,0.08457891651672399,83,False
157,0.1333128735555737,0.2938400661824261,0.06814163289826035,0.04676385890732733,0.03591752401088192,0.13675003338330582,0.07708960348692086,0.04679388485207066,0.06854878201252304,0.09284174071071004,83,False
158,0.14710051316326234,0.3111599209788649,0.05540434644322222,0.045650834745088194,0.03612200936396909,0.14164467637405262,0.06251924007836517,0.05028086545045938,0.07011847870339079,0.07999911469932534,83,False
159,0.15735511127709662,0.28472661343674455,0.060937236952805854,0.030804931686602782,0.040488651054055996,0.13790569346400916,0.06598274296260709,0.03607551586034694,0.07089269406045061,0.11483080924528034,83,False
160,0.1529185458618368,0.2777416054203145,0.06818927350713333,0.06615245375716074,0.05754398920428112,0.1314068083416007,0.06066959165127366,0.015098529253548728,0.0779995002371382,0.09227970276571232,83,False
161,0.14549974648249833,0.2930351074379782,0.05781246985509471,0.023562525871382634,0.054036788733501866,0.12664575356629393,0.06905765733912464,0.05582260288897881,0.07798295816191127,0.09654438966323552,123,False
162,0.12894674862652764,0.2989152700036406,0.0633226445215344,0.04477056359879491,0.04912093419567525,0.14286825819881732,0.0749321446970552,0.05535535956365761,0.06622906214619291,0.07553901444810411,83,False
163,0.13470770497455462,0.30311007654613287,0.06673053728408464,0.03386032339868885,0.04795304538387553,0.13656185667986145,0.04985014357725651,0.05356883550236941,0.0951541844361445,0.07850329221703155,83,False
164,0.1347815197022817,0.27690043850041784,0.08130069766008893,0.04279430895821498,0.05196920978907815,0.14179840866847637,0.07037776388594105,0.03998813680678105,0.07035247100342205,0.08973704502529765,83,False
165,0.1358450802910454,0.28709693152582005,0.0672886468553945,0.047923957956300285,0.047705526348212776,0.13468081258430548,0.06035977966949973,0.037281394752176816,0.08663240412816138,0.0951854658890835,83,False
166,0.13653860646481025,0.2877922502040426,0.0467573106823458,0.022754888423610297,0.03930826453223436,0.15440718930323852,0.0742700993773773,0.06269454426339174,0.06978710309522283,0.10568974365372634,123,False
167,0.1455606784605565,0.29994117380818625,0.06819859396491096,0.05140490420405356,0.042160411669338746,0.13370237879323435,0.07751736343415752,0.03014876711996303,0.08608606002999894,0.06527966851560012,83,False
168,0.1295774105371805,0.2518865089383364,0.07525338518620149,0.04574056335063446,0.06533612781351532,0.14002559577840346,0.08040099978511715,0.029264304737769135,0.07356476315913724,0.10895034071370496,83,False
169,0.1333439938759104,0.27823340193670665,0.0721325033634013,0.048384528737702444,0.04680511544538101,0.12767796130960457,0.08463827609866173,0.060569059281558896,0.07327053185500117,0.07494462809607193,123,False
170,0.13663642690332725,0.25034077011340816,0.052420523606688696,0.05409094689738507,0.08309327775444843,0.1352254764424445,0.08625678694037482,0.04931360052016306,0.07210989422472805,0.08051229659703196,148,False
171,0.13552458631744577,0.27599434129582656,0.04659172846681797,0.06043497372586333,0.0496907660430751,0.12357868473228861,0.07660787786077161,0.04794246490890848,0.07339334631789267,0.11024123033111,125,False
172,0.12356893416239918,0.2693941786856915,0.0514480792627059,0.06836875249209191,0.04806537267054065,0.1161036189396526,0.08029972187773037,0.04566663512378845,0.0832746789972885,0.11381002778811102,125,False
173,0.1412919132033796,0.2924299255859776,0.07071556331723598,0.022648489697619595,0.05587921390972746,0.12338460752442215,0.07112896576588827,0.04671619819246309,0.09155954560171306,0.08424557720157311,83,False
174,0.13838603832181726,0.2565679371721488,0.06322665403280114,0.06552802493374381,0.042520998328995196,0.14167561614865953,0.05995371031131579,0.05899191511737622,0.06925976261533325,0.10388934301780896,123,False
175,0.13477819109526076,0.2730283075690895,0.05557970684506925,0.057296199725645584,0.07073502273813456,0.12650051041385954,0.09332982322732009,0.035152555477309055,0.07979597925422884,0.07380370365408281,148,False
176,0.14889180322138612,0.2857743064187409,0.06432158033825673,0.04835490447002275,0.030890908690844914,0.12388030259510983,0.07530605282796086,0.033827132379388,0.0872810596809873,0.1014719493773024,83,False
177,0.14841694492491106,0.2850702060637682,0.08114577053892262,0.03840983290977428,0.03714731179987889,0.1478658873598293,0.06917871350668281,0.048302508399078806,0.06993573586765024,0.07452708862950383,83,False
178,0.10932765156139716,0.27959929934281536,0.06944200016957827,0.06388762524656445,0.055492879540254135,0.13152609688148387,0.07559296460641152,0.03157889371684345,0.06445001341762224,0.11910257551702952,125,False
179,0.13432300427773752,0.28046715581072784,0.07364687448582137,0.04222228362442382,0.034631008673625854,0.12631836826720522,0.07512933552512602,0.05047837034205329,0.08262544342428885,0.10015815556899031,83,False
180,0.1279695123298402,0.2735693103361705,0.06166638881413271,0.0496911257480373,0.06193412426630831,0.12906447963736836,0.0916806072339122,0.012406859285807073,0.06786983896381017,0.12414775338461309,125,False
181,0.13537648074141076,0.25680675465567054,0.04286911810014946,0.07061937504969022,0.04386586428923455,0.13425476694806945,0.08315229575433536,0.038720856434380634,0.07908970011829586,0.11524478790876312,125,False
182,0.09515764386492928,0.29264430763752397,0.0803940522189349,0.06911308197292416,0.04626691736411961,0.124825249026504,0.06005556097822752,0.04617558781570758,0.07843089376240178,0.10693670535872705,140,False
183,0.1306366896308658,0.2946987892120947,0.04115839880738237,0.02017283009121841,0.05024294978066588,0.13545386631120873,0.07393361334029716,0.05686551470487002,0.08875175423683289,0.10808559388456403,123,False
184,0.12214275470294648,0.27154368792899686,0.06152522910172606,0.03750635541248697,0.06443698466253278,0.13513088622902356,0.07981311664645341,0.047370977528496755,0.0894443427094059,0.0910856650779311,123,False
185,0.1395336993502077,0.2903472237868509,0.06748730805148227,0.0396125633109898,0.030558236183077216,0.15007865653080874,0.07068588636557092,0.03238858887677089,0.07764898045054235,0.10165885709369923,83,False
186,0.1316338148940867,0.2641835701249336,0.06511511576943951,0.05393607451613907,0.06582801043703458,0.11670709953083569,0.07082968918692295,0.058229447992265544,0.07536441935692226,0.09817275819142002,123,False
187,0.11716770572031349,0.275363981289318,0.04466674310762593,0.05305189818364503,0.06425992371613232,0.14162631690266272,0.07379529084141792,0.02386022741123008,0.08104246353680021,0.1251654492908543,125,False
188,0.12758757065347778,0.279307975199164,0.06315804196704568,0.045360584319471986,0.05187069884125549,0.11512797687507285,0.0730621835859334,0.06541961057631766,0.08158974332109901,0.09751561466116203,123,False
