ID,strat_res0,strat_res1,strat_res2,strat_res3,strat_res4,strat_res5,strat_res6,strat_res7,strat_res8,strat_res9,ancestor,alive_at_end
0,0.08225446769128543,0.15064899226079467,0.11588523352266425,0.0841157808550751,0.02009544053584197,0.07805567205477384,0.0075940874995426315,0.09495449104809091,0.15552545786967145,0.21087037666225966,0,False
1,0.06250409949858128,0.16047261053081657,0.11626991266333911,0.07648023365391644,0.01518819344852081,0.09193632606908671,0.00617185484694035,0.09358137249655021,0.1695090256181018,0.20788637117414674,0,False
2,0.0519334011606232,0.16254752939221107,0.11165549035485599,0.0696682377965933,0.033495833475635235,0.09554567346395389,0.016990107481758075,0.09172588211472098,0.16508704341501215,0.20135080134463604,1,False
3,0.06758931207528061,0.16602014847609797,0.11396943505267254,0.07457352641546332,0.017760057921014063,0.08315048750384203,0.01099077877412218,0.0786427716127947,0.16497120413725871,0.22233227803145392,1,False
4,0.06402063446469894,0.1604019412413057,0.09463182549937471,0.08431148500981582,0.012802898995518862,0.0992914331075368,0.015435964462816927,0.06982271829236059,0.16832620101635876,0.2309548979102128,3,False
5,0.06352277869880771,0.15906738640337684,0.08795641179255605,0.07506492514169434,0.02496279094928543,0.10089102338836797,0.0015105695393223737,0.08957949234986783,0.16799274149127633,0.22945188024544516,4,False
6,0.06625932771535066,0.14958749083047562,0.08990125188396543,0.08170379920744868,0.02527599601591717,0.0839243418041145,0.00585766868512208,0.0819297735283887,0.1748607810844467,0.24069956924477048,4,False
7,0.056249570082116084,0.16189242205150245,0.07277175580596429,0.08587051634144721,0.017018160189577317,0.0842596644642792,0.00446497200672386,0.08660919219104612,0.18036829033312293,0.2504954565342206,6,False
8,0.06371097674107559,0.16002616665408884,0.07773931612082315,0.08542185627183976,0.010659550741891363,0.08691363498419194,0.012141002539702277,0.07536230044290468,0.16842274879903663,0.2596024467044457,7,False
9,0.06948546633373237,0.13259781458691097,0.06648820776021828,0.08339737049733838,0.013667107934593525,0.08890053934626767,0.015772982271973674,0.09178143515581287,0.1709839418997444,0.2669251342134078,8,False
10,0.07136862475658819,0.14599056679309852,0.06043507258431837,0.09707167265520204,0.013841857805021892,0.08160306412222812,0.020323221046287646,0.07603693106783029,0.17290030440568166,0.2604286847637432,8,False
11,0.06487447899186088,0.12584624659674892,0.06573619835115452,0.09018430938036236,0.0074668588697070475,0.09616434778405049,0.007676090639267121,0.09669895859861383,0.17089877207587525,0.27445373871235956,9,False
12,0.06848277328270103,0.13303392303094863,0.0648116223411532,0.07514192276969171,0.018921476488452608,0.0877422473445722,0.0053908663756571515,0.09454680424602105,0.17149688460605986,0.28043147951474257,11,False
13,0.05934311461661163,0.13112371990676164,0.07742713270344344,0.07418422663041964,0.027728602850294593,0.0858502342192495,0.0,0.10700852366737444,0.17802531798696863,0.2593091274188765,12,False
14,0.06837235576921341,0.09681193632500053,0.05885549493098325,0.10106384956879386,0.0,0.1060983493566477,0.003770725140504268,0.09550725383207737,0.18321025074735348,0.2863097843294262,11,False
15,0.05351524741199157,0.14512838934394864,0.060237431459493576,0.09114072900459934,0.014625550301448641,0.08483526489736372,0.008320033003584434,0.08972449921897727,0.16442635998133526,0.2880464953772576,12,False
16,0.06748600387789778,0.12775649082218327,0.05606238537759305,0.07911524380322034,0.025389957962499158,0.09234813839055542,0.010976828953454101,0.10449477214590318,0.16743410870051606,0.26893606996617764,12,False
17,0.07152772326990721,0.10844726024080627,0.054776151367274255,0.08492440503745097,0.03430803754332813,0.09460361026977147,0.006772789925713141,0.12257300443874762,0.16203789956868897,0.26002911833831205,16,False
18,0.05940664787844223,0.10826904086022063,0.09362089854664822,0.09661241334189695,0.010352004313483104,0.10023346817906172,0.0,0.09860622736981622,0.16620703199918554,0.26669226751124536,11,False
19,0.07021094785805855,0.13288935663161358,0.04177318420009287,0.07806019024564124,0.018788957051287154,0.08469668049220935,0.023733945656015956,0.11500501063097081,0.1670547407210354,0.26778698651307514,16,False
20,0.05177476117630776,0.14089722028792367,0.05601100807665921,0.09414737795057877,0.01592276683139141,0.09545255391533959,0.008180334451018074,0.09210276043200946,0.1615116240154136,0.2839995928633585,15,False
21,0.06623768296245065,0.11416785581009958,0.0853401916152322,0.1161055535769307,0.009227148702347027,0.10465313249610737,0.0,0.08338605611318148,0.17501874360554615,0.24586363511810502,18,False
22,0.06137595181183634,0.11020625833154413,0.09456427772974273,0.11072360468686042,0.02109315624719399,0.09221348010498394,0.0,0.08792645586338749,0.18710119034469233,0.23479562487975864,21,False
23,0.06615269493285104,0.13551027163698665,0.06798772160355933,0.08300539048037965,0.007528194289975977,0.08295262130412502,0.01179252922263597,0.09634046098107535,0.16925942247839348,0.2794706930700176,12,False
24,0.06471833190296995,0.116449765883531,0.0559387982698487,0.07908700336277248,0.03284414456135831,0.10200959094496102,0.009407497516591439,0.11167420402065961,0.16032151002441564,0.26754915351289194,17,False
25,0.05145925655894489,0.11562932540877496,0.09834464857156855,0.11411246815396756,0.021558824041873086,0.10413398494001935,0.0,0.07650399279616305,0.1645563182385355,0.2537011812901532,18,False
26,0.06482058152430621,0.1353062178470396,0.05727755340300361,0.101615020315266,0.002522112145881163,0.10713061204319757,0.015034090189966522,0.09139210995722263,0.1505290713154177,0.274372631258699,20,False
27,0.06047329822231627,0.127159251366521,0.07411451175466642,0.08330923395517281,0.012255078688045994,0.09228204823120906,0.0018042706392107225,0.09288230235154143,0.1790076554055349,0.2767123493857813,12,False
28,0.051996307926986805,0.14466097366793373,0.06444570295922411,0.08381964317133801,0.013610837903201002,0.09005937495397576,0.023574507192352444,0.07698009974595753,0.16848273018299995,0.28236982229603075,20,False
29,0.07177254392213264,0.11042007075583334,0.04847007851111055,0.08057600808399681,0.04016330059025469,0.09852717573713655,0.014714076176596657,0.11801193897613788,0.16864498398553832,0.2486998232612625,17,False
30,0.06633330298428965,0.11329363489670816,0.07623644075695042,0.11039400531661338,0.009307368823605184,0.10925508393620635,0.0,0.08929809158453568,0.18470906455057093,0.24117300715052017,21,False
31,0.08081555575115736,0.12209885683142847,0.07954420303083912,0.09779382401385123,0.015508200661562718,0.1049971394968462,0.0,0.08323027038697244,0.1778927527322898,0.23811919709505264,21,False
32,0.06501783002855338,0.11376122372896012,0.0989371509474511,0.10906885684832196,0.0,0.09471763066715995,0.0036418305875004554,0.08350935618473276,0.1699891778646208,0.2613569431426996,18,False
33,0.06952904189500489,0.09490904989903907,0.0494111803170706,0.08680173292701551,0.026108174546099965,0.10168028999985765,0.0,0.13172223392030424,0.1742686628883123,0.2655696336072957,17,False
34,0.0815947661108383,0.12027634501125108,0.04124117062389005,0.06832880655765139,0.029499088768614755,0.09958065338126988,0.008067919402247704,0.13221783731231485,0.16502090937096675,0.25417250346095527,17,False
35,0.07433801523428152,0.11734053485924303,0.10357121406903255,0.11722357151510546,0.01890677072599548,0.09212257990082255,0.005476235855213648,0.07503723176718127,0.1800836606445503,0.21590018542857423,22,False
36,0.07416853362404444,0.11475390161235016,0.09064138227780075,0.11253378070967084,0.010362167762384371,0.09957456715525896,0.0058922506256501835,0.09311204337822708,0.1799516536384306,0.2190097192161825,21,False
37,0.05835062762322648,0.1414085174647969,0.062243091174061446,0.09795774670141648,0.02450278574400062,0.07702043447136278,0.0,0.08010293860924593,0.17237432842000208,0.2860395297918874,15,False
38,0.04903455856873809,0.12212620072093616,0.08709450908595028,0.10730976818639211,0.024917442460171167,0.0926179516323599,0.0022741989885936725,0.09898931052713546,0.1581659713183643,0.25747008851135894,18,False
39,0.06982182596985033,0.10720338229750075,0.0503153394545068,0.10101754576745221,0.03370101725460632,0.09692308297436932,0.0,0.12600750602750085,0.16646536097938758,0.2485449392748259,17,False
40,0.07015308560725797,0.11133046699461753,0.05356242934719137,0.09509977076545487,0.03819257954038229,0.0864587955121517,0.004098940375478193,0.12750110548394938,0.15735600385671383,0.25624682251680286,17,False
41,0.07707699854092886,0.12766100437428185,0.08389431622669326,0.0741506751127171,0.027582016088523852,0.09789863322672684,0.00995658965717151,0.09843538938025112,0.15892430268531163,0.24442007470739402,16,False
42,0.06844240254336169,0.11871420362645933,0.06998324069875086,0.06098557209208161,0.033046761914070154,0.09914268182591891,0.0009290005531644586,0.10606492456572361,0.16924155803896496,0.2734496541415045,16,False
43,0.0697672547486418,0.14027350665574245,0.06389069508343682,0.09609638201223682,0.01931798164611508,0.07210402108576894,0.008488738267555826,0.07078470630185699,0.17644416418952583,0.28283255000911944,15,False
44,0.07880635413260631,0.1042770581486376,0.04173979496143053,0.08854944636712452,0.03487361247628072,0.08527743379733664,0.0,0.10904938887049559,0.162950695681024,0.29447621556506404,24,False
45,0.07671157207252492,0.13326795191336502,0.054279394085641766,0.09079076818515273,0.017385382386937417,0.08672864932155835,0.0045659952758575215,0.09434636768885667,0.17137372469631007,0.2705501943737954,16,False
46,0.059484989980746895,0.13471574995759786,0.05674753521711842,0.07941049870765304,0.02338226849456227,0.09558956515711871,0.0021419723685654497,0.11135020136980206,0.16602769801904219,0.2711495207277932,16,False
47,0.07390470212381486,0.09988413544852232,0.06528498715164878,0.09017155521492609,0.027854114448896204,0.08497487104912212,0.01150859756622136,0.1378581425353476,0.15920811503987878,0.24935077942162204,17,False
48,0.06155187839812877,0.1020998626614888,0.07701973081028282,0.11184152653402371,0.007354242882971387,0.10643079856634843,0.013328903792094173,0.09049549552432112,0.1798122107266141,0.25006535010372677,22,False
49,0.06659494526632956,0.11640459962334501,0.06892644809015243,0.11729984064342162,0.025577203906899274,0.10486848123009437,0.0,0.07350037480104887,0.17597437419153392,0.25085373224717483,21,False
50,0.057696955836422086,0.09431506517420812,0.08502913742823313,0.12777906335202344,0.01738768045424882,0.09928724418938888,0.0,0.09746125062174703,0.19531500148374675,0.2257286014599818,22,False
51,0.06542044362547292,0.11855641289284431,0.04170197559161414,0.07420262526450344,0.03838676184129808,0.10084166225087399,0.02027906454717258,0.1270919816001691,0.1610671243580986,0.2524519480279528,17,False
52,0.06166938464231407,0.11070321589209035,0.05133109087651954,0.07199562839464806,0.049517486102026796,0.081072257407888,0.0026583058730555147,0.142008595230791,0.1758529468044308,0.25319108877623586,17,False
53,0.07383528982989966,0.10634873699908988,0.05355958107135102,0.08210642210902785,0.04597435772833367,0.10118035046518142,0.0,0.10741779942048889,0.14903703312891564,0.2805404292477118,17,False
54,0.07036795211700012,0.1066857555996212,0.0721954945552153,0.08160319993348002,0.030174142953287467,0.10193058976639413,0.0058967397199433174,0.12897917569309095,0.1540605525602721,0.2481063971016954,17,False
55,0.06573894760796438,0.09276569204302816,0.05256814254650737,0.10436537275961093,0.04826539515946688,0.08869985224321292,0.0164253419707301,0.12106120583686715,0.15696624349075725,0.2531438063418548,17,False
56,0.056789166771888236,0.1041048976338443,0.07062458693743298,0.09450346198027121,0.047360278520841625,0.0978383185302347,0.011672348418073797,0.11385272977473841,0.1489992409600884,0.25425497047258644,17,False
57,0.059179187591549186,0.11795962802537738,0.09184269007387112,0.10143932980352656,0.01726387894165153,0.08530922543274214,0.0,0.09141014088768996,0.19197133210519157,0.24362458713840052,22,False
58,0.07306181418113701,0.1114083413852861,0.04931513771159574,0.09839320552356766,0.02435071403684218,0.09483137857195756,0.027322792940919546,0.1078243532745842,0.15562973913247366,0.25786252324163633,19,False
59,0.08119533481778084,0.11094409145343617,0.04688557990605193,0.08460799144223927,0.032570446387096455,0.0815083442204684,0.00306488905409404,0.1300905343666434,0.16588598009846184,0.26324680825372765,17,False
60,0.06187895426861628,0.1017352451414568,0.07700932410712891,0.10763266984377817,0.0022902248673963886,0.10154601177983232,0.0,0.0934709620111813,0.176210274850663,0.27822633312994677,18,False
61,0.08893315350850492,0.12301319474952392,0.10104991967983214,0.11127455004667032,0.015128629609410974,0.08395422136205949,0.007948063848251478,0.0699479530472568,0.18040101043435217,0.21834930371413794,35,False
62,0.07116002634956652,0.0954418349683653,0.05136988417761036,0.08288099354813062,0.04597041404009375,0.10425173643243504,0.009277168059495357,0.12507128968514047,0.14541343003678386,0.26916322270237886,17,False
63,0.07569166890544249,0.1438878944213605,0.05088082125804214,0.07185678040430367,0.016794282540447382,0.07168590440519551,0.015622771452757716,0.12174575643472978,0.17349629200372205,0.2583378281739988,19,False
64,0.07563550366915818,0.10069714263048843,0.061454576882626476,0.09218155375022785,0.016445177299362,0.09189620890772687,0.013463324396807757,0.11350333414384099,0.15696503645154686,0.2777581418682146,17,False
65,0.06704594096364494,0.12066618809213102,0.07818770210344421,0.10644556154709978,0.02691996670862914,0.09240831190783293,0.0,0.07074149391947512,0.19882884305348136,0.2387559917042615,22,False
66,0.059689289631096876,0.13437745663270811,0.10150898770124545,0.12122804219770139,0.01403622796302446,0.09525627073612795,0.0,0.06891694417120117,0.18849086676529703,0.2164959142015976,35,False
67,0.06483053802782245,0.11687034142030321,0.04456734338970951,0.09590218070928497,0.029164935030277207,0.08328113279862,0.0,0.12419177899398601,0.16118279788064652,0.28000895174935014,17,False
68,0.06771858749740693,0.11243329729638368,0.0526133040818023,0.08332308963348177,0.034521542238994174,0.10063679251305654,0.020749687235132267,0.11168797020988898,0.16705541628637097,0.24926031300748244,29,False
69,0.07624881024767562,0.08772272647408728,0.09705705687537684,0.12260786841859066,0.011330263036380829,0.08747823540999833,0.0,0.10695041646137107,0.1706801825048606,0.23992444057165882,22,False
70,0.05758137332118511,0.11553077973589129,0.05837615746324407,0.08400819829248873,0.02942528590067966,0.08457294054987943,0.022563092374684502,0.13477995508197244,0.15677739436906832,0.25638482291090636,17,False
71,0.07268755188269875,0.11175391667713452,0.0937201408198945,0.1285404070812788,0.03381315675784225,0.09756023249178537,0.013029526052057124,0.05809318870446358,0.17978113454762723,0.2110207449852179,35,False
72,0.06279087883493553,0.10774577223427607,0.08950612959765779,0.11802573365609426,0.010849213844435284,0.0766743150246262,0.0008418271114244655,0.09396902321565408,0.1834759832336865,0.25612112324720987,22,False
73,0.06180583988893773,0.10753225770682218,0.05197096407286249,0.09233931009614416,0.0587548136692351,0.0932114306397702,0.018510088318754232,0.11849056818316563,0.1553782976894428,0.24200642973486539,17,False
74,0.04283906934341533,0.09748951215624119,0.0931505050830426,0.12063053833153838,0.020305826848052266,0.1108697691029387,0.0,0.0905045897356907,0.19217614852927023,0.23203404086981053,22,False
75,0.08753968612270867,0.10301024776448045,0.05447137782181238,0.08580878231551797,0.023003602327404355,0.09858994429601649,0.0055296578817141525,0.12018545810709376,0.16310809235921458,0.2587531510040372,17,False
76,0.08471099606185188,0.10652753850176198,0.11887906696065703,0.09977852329207372,0.01716355808921183,0.10580524917805104,0.0,0.06101872261231791,0.19045639484990376,0.21565995045417075,35,False
77,0.06617573091637315,0.1001322387571902,0.05237197773964986,0.09063222647575353,0.04537754435476724,0.09038460137901477,0.0,0.11419056343724966,0.15750762318022274,0.28322749375977885,17,False
78,0.05718398584023024,0.13379575916781017,0.09524788098288373,0.12116687398462594,0.02785476901339745,0.07544327072562687,0.0,0.07580180293380272,0.19677729670538893,0.21672836064623388,35,False
79,0.05874888147777929,0.10194646793755727,0.06700152466189536,0.0999394235263439,0.02725271134510224,0.08267907480407331,0.010745943894984058,0.1308233715833447,0.169042699070465,0.2518199016984548,17,False
80,0.07403653490413,0.11267893778870755,0.047361876928282344,0.07205672113684347,0.029229822458197566,0.09397384689308858,0.0,0.12597563758587138,0.16471219073118284,0.2799744315736963,17,False
81,0.058495140838952964,0.10030133148291247,0.12980874757302965,0.10320337701260503,0.019110018366761943,0.07136504472161734,0.0,0.09052234903162056,0.19356193515115294,0.2336320558213471,22,False
82,0.05010415896825583,0.1108945377623871,0.0974028314871445,0.11995586434832736,0.01172521616481181,0.09643058944453685,0.010586264503800893,0.08886951406800947,0.17884104601168363,0.23518997724104254,36,False
83,0.07749821556332674,0.09966976701683748,0.11609566560605257,0.11212746596863307,0.008653408994752412,0.10279478985564229,0.0,0.10107626626914479,0.1824400330632215,0.19964438766238918,35,False
84,0.07051533316535048,0.10906651934328382,0.04514617776769338,0.07464506121151553,0.03997673150162264,0.0961652503720587,0.014236185807018723,0.1403977350766921,0.14907856842151046,0.26077243733325434,17,False
85,0.0590165913639904,0.12234900332103057,0.07841293261373512,0.1178617639307792,0.02163744108546952,0.08625851455842147,0.008053010331240932,0.09275632394957169,0.18998174536910198,0.22367267347665915,35,False
86,0.07954180387680675,0.10423150667535575,0.06729045347634195,0.08502151772918429,0.024611399385257027,0.09948896745029402,0.0,0.12389448416429073,0.14886188600925082,0.26705798123321867,17,False
87,0.08358281505025618,0.1012706982946219,0.05908528087958253,0.08591894234723792,0.029206476267998743,0.09492122361503896,0.015072639336092307,0.11591931042669147,0.15833961467194665,0.2566829991105332,17,False
88,0.060355721334254486,0.10992953496006048,0.05428085888432682,0.06711640485664035,0.05065148086914005,0.09705645937757829,0.023731639066297737,0.11867375210862309,0.16613156346321376,0.252072585079865,17,False
89,0.062465449818314214,0.13009046504012542,0.06024975570607227,0.07435600957086591,0.03232170902870898,0.08900695744366141,0.010343003942925913,0.1168478883436779,0.172820950912609,0.25149781019303896,16,False
90,0.07621588240495686,0.11373776509672867,0.08684774732628127,0.1267548826021448,0.05913644277222713,0.08349006380234593,0.0,0.052189314835148694,0.18911093040839919,0.2125169707517675,71,False
91,0.07656883524527777,0.12285980741344792,0.11034401235077401,0.1102584734782302,0.0019397054604833772,0.09993122100480863,0.024746853529065194,0.07569496740187671,0.16748911417173573,0.2101670099443004,35,False
92,0.07838761206278705,0.11870105728260699,0.09443438721385954,0.10491450827883642,0.03250187793917438,0.109329799120621,0.008888069214947366,0.08311464262097748,0.1676400139177259,0.2020880323484639,35,False
93,0.055517085152581774,0.08706246575203141,0.07606998540815155,0.09696194325362947,0.048593551178563975,0.10823197327881304,0.016126472930421323,0.1105275420808858,0.14402124619254086,0.2568877347723807,56,False
94,0.0788611972133865,0.1170746870452725,0.05009258030794194,0.09927403582640736,0.028088188323454985,0.08511461372515065,0.0,0.10735290846763096,0.16913404853590727,0.2650077405548478,17,False
95,0.07410427495443116,0.11457558578237412,0.05992231047111143,0.07664999948468816,0.04030752518209512,0.09154975082420098,0.01599455912125572,0.11499522754978492,0.16469490040912707,0.2472058662209313,29,False
96,0.07454354490571492,0.12116895977108241,0.10669007085890275,0.10905722874250852,0.0248142105469987,0.08072182380845397,0.010513799821925454,0.08379760501548314,0.17733829121851824,0.21135446531041183,35,False
97,0.05842523256979286,0.09443423274309898,0.06045652231137847,0.08775864680041251,0.03497001654909653,0.10455622481043206,0.03007432184537955,0.11359252305256211,0.1699488828029378,0.2457833965149091,17,False
98,0.07209615047657929,0.10908502010205312,0.13274792332238464,0.11811451707874285,0.029374615804291238,0.08296819880409538,0.001910944389700996,0.06962289536406827,0.1754315182046142,0.2086482164534699,35,False
99,0.0832641838061018,0.12088698735276386,0.09946026524883868,0.11125905579540249,0.01676549751643281,0.0877322258559042,0.028861448088043792,0.06316043427460322,0.1812154435099038,0.2073944585520054,35,False
100,0.06985227206964753,0.10088478070327989,0.07738891572494655,0.1398147853588944,0.0364197188253699,0.10721414004889433,0.010442519934818846,0.07460054442487118,0.17172276777068524,0.2116595551385921,71,False
101,0.06583174774894968,0.11055774362948252,0.11059034490007089,0.12369436429096885,0.02323815872284255,0.0750039995378329,0.007997382687791982,0.07838271350888804,0.185151235228894,0.2195523097442786,35,False
102,0.09690354373978556,0.10878338296909605,0.10545739366486079,0.12315915567483142,0.030283917128775175,0.0971447665323556,0.0010995752468599997,0.07905888154202137,0.166056309757788,0.19205307374362596,35,False
103,0.06725003566111702,0.12763311812893807,0.10202043390164019,0.12665625069530848,0.03285672451916149,0.0800408495295276,0.0,0.0769828375170475,0.16792877025884856,0.21863097978841106,35,False
104,0.062056767120039366,0.1159450411619581,0.1085530571596348,0.10687960226601854,0.0271823209618256,0.10448165820540663,0.026456859048739186,0.06489667834961195,0.1804807121475112,0.2030673035792546,35,False
105,0.06647651503875086,0.10295044418149944,0.044555910025077486,0.08435708521983129,0.05040247628343079,0.0988329842258841,0.009571312785255933,0.12047477009628084,0.1838038578491569,0.23857464429483238,29,False
106,0.0596729012341872,0.10253878295230458,0.036175342940053264,0.09544478712912664,0.07306731927041593,0.09267736594099261,0.017982122180578916,0.10902365181302345,0.16604951370946752,0.24736821282984975,73,False
107,0.0550484195343608,0.10228303354656305,0.11076438901613304,0.10495727061643584,0.03654674961015575,0.10356420048245348,0.014392373312444208,0.07777269452807571,0.17166068429665238,0.22301018505672582,35,False
108,0.07366904642815678,0.11231876872518687,0.10316223913987997,0.11288030402648504,0.006983826910732246,0.09473030139668927,0.007394313303917669,0.089784846799825,0.17850251787981472,0.2205738353893124,35,False
109,0.06539534668681049,0.11760972907672668,0.11124971654452281,0.12343189508242719,0.010660771268865603,0.10424848023094596,0.009066325310217102,0.06733965800254887,0.18270410854785993,0.2082939692490755,35,False
110,0.06626873394727138,0.11112714668948477,0.04750891239702649,0.08112819291931007,0.00787017250658691,0.10453435790818084,0.01849874712836222,0.12863468022603547,0.1847161360153623,0.24971292026237965,29,False
111,0.05670817491934703,0.11376767953589015,0.06898555638870746,0.10050132140875101,0.06302699837361969,0.0848622227518544,0.03302084316093984,0.09981125021839582,0.1425602868809073,0.23675566636158735,73,False
112,0.07822262219432986,0.12034379723075717,0.10503749524982457,0.12534383766055965,0.02019078101891703,0.07934142018524815,0.0,0.07453578021144337,0.1777353972122671,0.21924886903665303,35,False
113,0.06148134729537025,0.10327343175268627,0.04720572223170306,0.0995653337945167,0.047966358724326454,0.10142292028561084,0.021460449150401947,0.12630092944466645,0.15267219537293408,0.238651311947784,55,False
114,0.06611930401875923,0.09499763698133366,0.04125668496224652,0.11420442851673417,0.03708916393507055,0.08931019464671282,0.01847149483925518,0.12288268580763773,0.16273475223603526,0.2529336540562149,55,False
115,0.07791610030182074,0.12672295220254787,0.1110045649971499,0.10444942448527844,0.019622695264619208,0.08379303546340713,0.005674353964428459,0.0744037353923217,0.17819688544996384,0.21821625247846266,35,False
116,0.06667154143338506,0.11633580908895508,0.0453361144321826,0.09337458138090704,0.06651347877730955,0.07841248776690429,0.02300772270137819,0.12578649230861721,0.14336723086287922,0.24119454124748163,73,False
117,0.07550948494501161,0.11350678522385406,0.09267167170742052,0.11145319209718639,0.015965746200923746,0.0953237393729105,0.010421331431184476,0.07558445469270368,0.1952863812403169,0.21427721308848804,35,False
118,0.0658297721711847,0.101725361542128,0.057286857424629,0.10064570695029056,0.05268582363093282,0.08098116859770725,0.0,0.1288863561566968,0.1655740314901734,0.24638492203625745,55,False
119,0.054932121623276695,0.10089948081384947,0.05489402024920844,0.09369574276929325,0.06877697797936584,0.08075970479259345,0.027946087841734298,0.12441956084734211,0.1372233457645946,0.25645295731874185,73,False
120,0.0537500942938374,0.09874569400995015,0.03603033483694569,0.10150700499750356,0.05485095245429563,0.09975995261611388,0.02029951801446134,0.13197407267329306,0.1542536298954077,0.2488287462081916,73,False
121,0.04914747707772896,0.12529370067950948,0.0482726928762898,0.09480880465215724,0.03781594294536284,0.10664240051427526,0.033293541449935966,0.11873524383948154,0.1549104087916242,0.23107978717363467,73,False
122,0.048551523350192395,0.11162054372064614,0.059687145841249456,0.087907663664666,0.05641371984905185,0.09655707754199129,0.007901012637035451,0.13020297256439514,0.1496170806190582,0.25154126021171413,73,False
123,0.05645557033189927,0.11269857324270602,0.051669384563384546,0.09946327269114263,0.06377915568995399,0.07445303023800097,0.01653580511855033,0.11815597364500978,0.16116351468447573,0.24562571979487674,73,False
124,0.08147141270559886,0.11733942945923868,0.10220432523630442,0.12498500836050785,0.00950747844194301,0.102544746335874,0.0183882920824671,0.05816662477826276,0.18134731503214702,0.2040453675676564,71,False
125,0.08563476528648185,0.108947164453033,0.09863771040283897,0.12495868319638752,0.04199839588361141,0.09448962963084909,0.01686229158712837,0.06481118112794658,0.16269561649657002,0.20096456193515322,71,False
126,0.033656079577716984,0.10614608868676001,0.05698152250767529,0.09298687081590398,0.053667623018907935,0.10079834763058405,0.031275136704116545,0.12655200129778185,0.15813316040421999,0.23980316935633336,73,False
127,0.067516386047274,0.10585021109413607,0.062204232548530025,0.07932034097060386,0.0473986601924431,0.09427887764647438,0.0238083435257479,0.11286909491295552,0.16669394671342466,0.24005990634841065,73,False
128,0.04789241126075808,0.11110144542301653,0.04516480167493401,0.09457279485318687,0.04337845111068018,0.0904549152142402,0.011455330372734369,0.14289165792203437,0.15834277116829198,0.2547454210001233,73,False
129,0.05748672686868101,0.11209826477593335,0.04602240202433584,0.09621708336233845,0.0541234291922542,0.08953676126150181,0.016203062099816073,0.10544189271883644,0.17743418331340463,0.24543619438289813,73,False
130,0.049889749774290164,0.104977363571055,0.05878340186869752,0.10264620225698327,0.04952780388539336,0.10178464687210573,0.014426668465811747,0.1214485228130859,0.15269803730827897,0.24381760318429838,73,False
131,0.0777254506181002,0.09285327119858891,0.07754963562282743,0.08126142457319842,0.03628558764194727,0.08668312514626061,0.01805206992529105,0.11348654523300868,0.1753512862837643,0.240751603757013,73,False
132,0.06198474255008266,0.09827648164165709,0.040005937162490804,0.08949507933027136,0.06782221117667438,0.0916763658102754,0.022617851351270757,0.1323719183913151,0.16362193265789118,0.23212747992807123,73,False
133,0.07442682475871096,0.08075628152154585,0.05145529904134777,0.12857437137863412,0.03798410286062282,0.08632167469930088,0.006634157443223414,0.13006041328264556,0.1516145556469844,0.2521723193669843,55,False
134,0.054165290479090085,0.11595269447749615,0.09093378686621109,0.09382682868702853,0.07142931100437437,0.07680384445236657,0.043655598821017834,0.10234959003503961,0.12494773330269321,0.22593532187468246,111,False
135,0.06333007461579443,0.11130782510805809,0.06931997381722553,0.09068425682769152,0.06164401535943251,0.08335457081223642,0.010799605575487614,0.12386054063863405,0.14581307138701094,0.23988606585842887,73,False
136,0.039730411511141484,0.09998005948479521,0.05414409706341413,0.107057439366211,0.05877096242869144,0.09221643543741845,0.022484830970148882,0.11651044963343804,0.14813180314734872,0.2609735109573925,73,False
137,0.0474456646861816,0.10476676660126161,0.06762008722067958,0.0986201821771303,0.08011785342554038,0.084868768647525,0.04989562755158313,0.08336408001395283,0.15218458681906444,0.23111638285708108,111,False
138,0.06046802758829455,0.101559523497219,0.057009058236369356,0.10854476485331646,0.06898620131060491,0.10895032682698436,0.013701594982339506,0.11970417414320067,0.14441163966437226,0.216664688897299,73,False
139,0.06089880904506772,0.12287048772154727,0.032752703162473036,0.094329097250013,0.05821660484990608,0.10604192428892714,0.011892434195902515,0.11575778903324298,0.15564767279685704,0.24159247765606318,73,False
140,0.07094147087087477,0.11182086496340633,0.06899003312933047,0.10133378043819337,0.05641349912488299,0.09280764670689574,0.022556314416633177,0.09234645737338189,0.13733436687308961,0.24545556610331173,111,False
141,0.057783318374306905,0.11835509892642566,0.04814412480109116,0.09729339637951699,0.04247617603469556,0.10496656837995792,0.02073763922760814,0.11791590041110715,0.140725249055476,0.2516025284098145,73,False
142,0.060841454271150855,0.11626737861352708,0.08807603287449658,0.08939757434869267,0.05331770572730584,0.10098149322677345,0.026218359442977374,0.09312253024285991,0.13297629061694966,0.23880118063526656,111,False
143,0.05756920340094599,0.09967394710313461,0.05112956559307082,0.1002176865291692,0.05146849184243159,0.11163577942059058,0.024848986367301783,0.10967838948558763,0.15206643453617086,0.24171151572159705,73,False
144,0.04581273053191338,0.10997282456698652,0.042684477876383325,0.1135059052427397,0.06747023186705473,0.0829362630407061,0.006175429798180132,0.1210536763363905,0.17359733045534428,0.23679113028430132,73,False
145,0.0538253506421027,0.12498151891885678,0.050236355938148305,0.08485818575415707,0.054091695779155465,0.09965653586278063,0.020481672277578186,0.1135017485183549,0.15341727995218007,0.24494965635668584,73,False
146,0.0611622084576143,0.11641112508415372,0.05895197998092925,0.10572021636453686,0.07516385908259435,0.07630718703217167,0.042282341653075144,0.10909993770064312,0.13599825866118853,0.218902885983093,111,False
147,0.05595764012390299,0.11324091763923053,0.06822734451641664,0.0957058478802886,0.07228410774681325,0.0739972398548967,0.03586740303052229,0.1031186045480491,0.14848781000332648,0.23311308465655345,111,False
148,0.05797123472919008,0.1038038782161628,0.06836204684334918,0.10435284032092115,0.05871519318400419,0.0865495792493667,0.01057339126450939,0.10925669960809853,0.16712639187439698,0.23328874471000097,111,False
149,0.06345111147503178,0.12088607683037364,0.08238712927945663,0.09281603019366144,0.05643149916405365,0.08889090956408226,0.04381403577262804,0.08998299727095194,0.12752261115777283,0.23381759929198787,111,False
150,0.0648264422840404,0.11653679460811742,0.06439732179379129,0.12008198555540217,0.07462185255786519,0.07790205114409378,0.019516550332673997,0.07569800774037029,0.13777279326227565,0.2486462007213697,111,False
151,0.05510640783095072,0.09858340266942991,0.07996257501719199,0.11098890175426555,0.0422212293263677,0.08211392758121303,0.02940941874278812,0.0952503750799898,0.16631571469778997,0.2400480473000132,111,False
152,0.0626630793932889,0.11581849704025712,0.06454462044623538,0.08249456015875574,0.06367185754033437,0.106747704743668,0.03245881749313913,0.10599888855930689,0.13292353904584933,0.2326784355791651,111,False
153,0.06289346130869096,0.10876515306492708,0.06624727034007365,0.09027583393430615,0.0591931236859755,0.09909010157418562,0.0425054394418021,0.10600861000072812,0.14456161059326478,0.22045939605604611,111,False
154,0.05268311024280733,0.10978684758808585,0.0802905497381372,0.0901050094780199,0.05459573403230091,0.0858063072208372,0.019540976390260114,0.10843271032292917,0.15914245068375266,0.2396163043028696,111,False
155,0.04821691890516782,0.12727169580195988,0.042025615436488334,0.10013224978440578,0.051472452766179295,0.09454469423656132,0.01637624870270978,0.13403211997726414,0.15449664903247862,0.23143135535678522,73,False
156,0.06232917352180812,0.09800309291572983,0.06983019975872636,0.10583187571527615,0.05462888253359188,0.09515668765257143,0.03236282444233039,0.10590545628044999,0.14542440567202994,0.23052740150748594,111,False
157,0.0563045695525491,0.11054502186730163,0.05472829856026168,0.10577653154306842,0.06813022458348376,0.08476609316340174,0.04292782589225396,0.09488623251012189,0.15290016434193335,0.22903503798562452,111,False
158,0.06356418297112654,0.10024085273193985,0.0752689270384765,0.09801367684283303,0.05809011236658004,0.09388406482262182,0.044667361737710264,0.10528325777745745,0.13205742479919957,0.22893013891205496,111,False
159,0.06128231468022385,0.09723903940112616,0.10756725847513054,0.10526476363533478,0.07190805012487299,0.049358813779615894,0.05431822486981614,0.1192578081549812,0.1228254969191421,0.21097822995975637,134,False
160,0.0590269999659179,0.09923955350939295,0.07041085838869049,0.10291358329957431,0.07142535645371483,0.07733273818682442,0.05737908006465452,0.08056371752743689,0.1438788125819576,0.23782930002183608,111,False
161,0.06530031427828295,0.11273176211904724,0.08358833021586544,0.1106678939960276,0.06944392965515131,0.0634681530105645,0.039638564247888544,0.08954234465939985,0.1287323355133948,0.23688637230437776,111,False
162,0.06408340693841186,0.10690101727472989,0.06516755916422015,0.11576031245163018,0.06706774664828824,0.08918920301358332,0.02902181520329926,0.08106504411088569,0.15686177344391827,0.224882121751033,111,False
163,0.05353234534194431,0.11372785261546794,0.06806300670255205,0.10740641803315269,0.050055960804722965,0.07888127490688543,0.040068688021988354,0.11034295949051727,0.14376837751661023,0.23415311656615886,111,False
164,0.04019457984852183,0.11745091987944678,0.092729749830299,0.09313115760764754,0.07189308066285377,0.07579279557670981,0.056724654242007504,0.11311458315357102,0.10474361313371743,0.23422486606522525,134,False
165,0.0626230726764306,0.107618579077415,0.07070641714015226,0.09637994784719536,0.06305730847825036,0.08297751462547456,0.028699582935239158,0.09421765048889866,0.14818175940849537,0.24553816732244874,111,False
166,0.04401336182924886,0.1361214546053794,0.09162088023053656,0.08908764084290478,0.07001838154258647,0.0649016897534906,0.04440505277826627,0.10008164407825242,0.14964952091402264,0.21010037342531188,134,False
167,0.05020329188495378,0.12237661495103545,0.07684153187887957,0.10246255775195048,0.060496234108415446,0.08879687304919921,0.01909196536808217,0.10109863723307883,0.1379908890419969,0.2406414047324082,111,False
168,0.06687181233701846,0.09394640449382834,0.07697217883158734,0.08377108673163629,0.0694269455500327,0.1012273317408145,0.03903918094153234,0.09858962518219083,0.1329822427174899,0.2371731914738692,111,False
169,0.06984100995054701,0.12126262246551835,0.06493787928099885,0.0932114992440087,0.06870231936991533,0.07383991030159216,0.023559185070503367,0.10491854792823464,0.13859215934867009,0.24113486704001147,111,False
170,0.04376093986434117,0.1040269402603922,0.06976866354896404,0.10332661770038387,0.07677387207869246,0.09112833042986136,0.049913826610437646,0.09027756026452427,0.15194557861908364,0.2190776706233193,137,False
171,0.06472105977003752,0.11872785513847024,0.07203020005204512,0.09832509029716612,0.059051065303529056,0.08043305590394516,0.03774263916018611,0.09489282731334776,0.13492086410485202,0.23915534295642096,111,False
172,0.04434985822949263,0.09160352378559079,0.078947607272005,0.1067072862740782,0.06851974322080522,0.08167110524760338,0.052590200665180394,0.09473911249586643,0.15012786494793917,0.23074369786143872,137,False
173,0.04728062097517528,0.10402291543948136,0.07030787964494263,0.10637534991243731,0.08943466570436383,0.104291847886016,0.029321944421399543,0.0820152287737373,0.14423917321406773,0.22271037402837915,137,False
174,0.046599489788944924,0.12391686186548413,0.0537891755125713,0.10692824074111162,0.08438082028502344,0.07145786238834168,0.033940902268620704,0.08368535268988826,0.16627295482844562,0.22902833963156835,137,False
175,0.05807902145637277,0.11804947477298697,0.11152259514243812,0.07088276844352975,0.05780903837619438,0.06681170644119354,0.042688954084025725,0.08240748758419747,0.1571566354885827,0.23459231821047863,134,False
176,0.06087372861093986,0.10664637449564295,0.08667995805319312,0.08337547336490364,0.07048192086125597,0.07803711325043991,0.05148290204983962,0.11108250318098846,0.12918053002590124,0.22215949610689514,134,False
177,0.04693967067319348,0.11818428891770591,0.09661798506843484,0.08945390307178953,0.07793961068696971,0.08040517626667745,0.0497012889532758,0.11052525072637545,0.10824251165977392,0.22199031397580385,134,False
178,0.053541674422677564,0.10149450425558353,0.07363537168001084,0.08778956958883574,0.09523390668657537,0.08439739037788721,0.054991627406069256,0.09564755282039133,0.14018730985387842,0.21308109290809066,137,False
179,0.04039316838939852,0.09095360773065883,0.060168439208679994,0.10426274624301293,0.08013314684529921,0.09231051904033442,0.05835855087757051,0.09807859466598341,0.1534088398333255,0.22193238716573666,137,False
180,0.06862348439407466,0.10527528943059417,0.09487841387739485,0.08304373398180831,0.08157839945386194,0.0824941502398827,0.037245716940049835,0.09614552007736307,0.12287274473334792,0.22784254687162256,134,False
181,0.03870959893116547,0.09853903798250861,0.050808009540586604,0.10432775347825499,0.08238692982999878,0.08470957995803965,0.04512946341117308,0.09604131007112202,0.1581566592049489,0.24119165759220204,137,False
182,0.060798249848061744,0.11179312730888223,0.08846894543230971,0.10943441393197954,0.07529417758863217,0.07109492488941757,0.03909781708285581,0.1039534112711994,0.1258003027078721,0.21426462993878975,134,False
183,0.0616815584180188,0.0979426662252271,0.048128398292139156,0.08982412140936202,0.07425072638589318,0.10318349013525499,0.056950517914464226,0.07960909069764618,0.15229822687921965,0.23613120364277462,137,False
184,0.0443824915917569,0.10526839861901213,0.061193454306824734,0.11125458664107184,0.07427756043527665,0.08210440231399758,0.06499913189856409,0.07556681603489361,0.12685964149601983,0.2540935166625827,137,False
185,0.030291186520015567,0.10322045170525904,0.06826385288467003,0.10657385552499907,0.08041074577038992,0.08329913150700767,0.0444401567984209,0.08051344221685004,0.17023303875073312,0.23275413832165465,137,False
186,0.04099163384216485,0.1137539629991796,0.05684559562134962,0.10232584497552877,0.07083462664798876,0.08330656343718179,0.051537600386069034,0.09043490705668247,0.16532945109525535,0.22463981393859983,137,False
187,0.060107264511499586,0.09351647854406334,0.06918181745767549,0.0929223654705953,0.07051187800964577,0.08168661010838796,0.05472739801067819,0.09165362446284565,0.15101425322305664,0.2346783102015522,137,False
188,0.059585576293530396,0.10328802888587728,0.0697343419663933,0.09135293292284434,0.06491130757453839,0.09187659959306561,0.047211798673851044,0.09808783417554043,0.13144523378555648,0.24250634612880262,137,False
