ID,strat_res0,strat_res1,strat_res2,strat_res3,strat_res4,strat_res5,strat_res6,strat_res7,strat_res8,strat_res9,ancestor,alive_at_end
0,0.11230519431142745,0.010180369713813753,0.0718431321488082,0.2395954869040585,0.03886903769533578,0.016680187737520582,0.020428493556357213,0.1823617853150727,0.2198223530841506,0.08791395953345521,0,False
1,0.10307675872178929,0.005657108704245448,0.07457235413114746,0.23680679390467615,0.04179203118105145,0.021035442874229912,0.0182827200883433,0.19580229505990132,0.21790583713913458,0.0850686581954811,0,False
2,0.1063192858195437,0.004931537661049613,0.08517256275593185,0.23379060638518562,0.05206010545010053,0.025766689124808357,0.0046189852340382505,0.18465946915849457,0.20646264867698122,0.09621810973386621,1,False
3,0.10335578551544,0.010708134018037285,0.0755848087157372,0.24801612869466064,0.017284588504168537,0.02157795786304755,0.023790110160403555,0.18048901685975272,0.21901221805690282,0.1001812516118497,1,False
4,0.11294127521175867,0.008600499713393765,0.06847800476241488,0.23235419466317483,0.0325511854598353,0.019568406359289657,0.036036779924451916,0.17258461285525584,0.22341399294510597,0.09347104810531923,3,False
5,0.111541040718169,0.016632317428566374,0.06723300706546254,0.2259954621368927,0.04283728428943422,0.014693178272817261,0.03756162275101972,0.16327214259623515,0.2173136373516407,0.1029203073897622,4,False
6,0.1076846231212058,0.027873572468490742,0.07791923582197592,0.2172925953027908,0.04130625269512507,0.027060961681650966,0.03663323049892761,0.1502100965626689,0.19962463869454747,0.1143947931526166,5,False
7,0.11609596867065562,0.01734078792493664,0.03986617986137279,0.22271765784099348,0.046202849168827,0.02736131987313514,0.04250665740711235,0.173044616382031,0.21834439220162877,0.0965195706693073,5,False
8,0.11180978893127773,0.015394973491940207,0.044744545673553154,0.21799891148726652,0.03206925691523332,0.024623176247505922,0.06125880064062553,0.17691450431414868,0.22841713051522491,0.08676891178322399,7,False
9,0.12934020465783272,0.019799101564960814,0.028827085215627126,0.204508942661591,0.04209161380978329,0.0234472897921283,0.06066427395971769,0.18615790722188977,0.21526472622935935,0.08989885488710989,8,False
10,0.11744797129596292,0.015607616684539713,0.021045219324441436,0.19720700649252823,0.05447704776181534,0.017399130465523993,0.049398076902892614,0.208874058098647,0.21247693430320594,0.10606693867044285,9,False
11,0.11346604160204489,0.024201681444101748,0.017033993554992532,0.19527139592471487,0.044306856845184296,0.021142553847315743,0.05199929188475079,0.23257419798882883,0.19464358303900228,0.10536040386906399,10,False
12,0.129593431237736,0.03973712569018144,0.002747510845954687,0.18007856849263695,0.029550886924015668,0.02901860823225017,0.060692205004607494,0.22961487346802334,0.19715968583606486,0.10180710426852937,11,False
13,0.12296756256477494,0.041652101050923034,0.006086823044577464,0.17024739693294025,0.05167708749570083,0.03751311604664565,0.06867713832137602,0.2213051404522959,0.19037617490504682,0.08949745918571904,12,False
14,0.11695826038052383,0.053394859728554164,0.0,0.17056543101406668,0.055805939160030904,0.05109446498452014,0.0717544527837906,0.2080426381672286,0.19284887631922393,0.07953507746206118,13,False
15,0.11549036263250673,0.05696260357430601,0.0004618225884254623,0.1844152586206178,0.058698158310424034,0.05492699893391743,0.0627755711038689,0.20967803782122613,0.1888471828438445,0.06774400357086303,14,False
16,0.1099706621248182,0.05404570557811246,0.0040184257944575336,0.17796690591841244,0.053454087018605316,0.06137268057017658,0.06803865505841317,0.2179834911851175,0.17930378633889146,0.07384560041299537,14,False
17,0.1021273276585978,0.059210474010664614,0.007778207837354266,0.1779176397021993,0.038848895454983115,0.059820918299966254,0.06652036617465629,0.24171451211065864,0.18923159285394459,0.05683006589697507,16,False
18,0.11860293281490632,0.04411242630796115,0.008897484274318057,0.1663072702282969,0.03594689081608153,0.07989598049202219,0.06275022202594242,0.247837412027734,0.1872837828461062,0.048365598166631364,17,False
19,0.10516859567001417,0.054471630550318166,0.020606502110581428,0.17108247617605823,0.023533446179457962,0.06610394199784804,0.055933098489465524,0.2516814168334555,0.20335396408993894,0.048064927902862015,17,False
20,0.11127156242132204,0.04337049250276469,0.0,0.18501462066500443,0.06017466398282405,0.051321039113738254,0.06659260717052719,0.24139451405991594,0.1777889160734688,0.06307158401043465,16,False
21,0.10477085510993142,0.0515830487982806,0.0,0.17487570353571008,0.06794685366135356,0.04676605445657852,0.05744230054714516,0.26734442167114547,0.17302492586086518,0.05624583635899013,20,False
22,0.08977380298002048,0.05822960996646666,0.02818783921460459,0.17780788745966503,0.023119572481747352,0.06364461077660519,0.05852643818951884,0.26031942071171754,0.20276561418779782,0.03762520403185645,19,False
23,0.11036759382473939,0.057557514325598365,0.006952691881933807,0.18755158382861895,0.06443770428442856,0.0496316196984617,0.05313062987031893,0.2033962765977891,0.19864742189394816,0.06832696379416303,15,False
24,0.09858062765743097,0.046524081130545035,0.02392323565606353,0.18772341437665446,0.05090662027808886,0.05492331583766696,0.06471522630536565,0.23492134348775964,0.1830786990178126,0.0547034362526124,17,False
25,0.11799126823106439,0.05544607970778974,0.011872896936347656,0.1688123121256279,0.042367678680065454,0.029734897768466557,0.07917286997154578,0.20537930459913167,0.20810033766251917,0.08112235431744155,14,False
26,0.1058777577359586,0.06770279389731253,0.0,0.16706019975710115,0.0649670396422939,0.0317046601585928,0.07867711418283961,0.18672176710453,0.20137853815624288,0.09591012936512847,14,False
27,0.11137492922590055,0.05153246337577538,0.0042379842714920565,0.16159272580576384,0.058410001038076594,0.054025798950236056,0.079712795823197,0.2175893108182376,0.18416399989276372,0.07735999079855713,14,False
28,0.11961730825089756,0.05548950741296188,0.0030925335714106794,0.17527918851662333,0.06406682055435486,0.03736384097631798,0.0703743935609487,0.21316470084076447,0.19310217184831352,0.06844953446740715,15,False
29,0.11007593993204556,0.056805111023891325,0.00842046225627856,0.16904416996515628,0.028474970867167396,0.046594835751287964,0.06876909636160965,0.2536604120266861,0.19898946568038825,0.059165536135488854,17,False
30,0.10957588898940618,0.03859672579888892,0.007413947872554653,0.1726516682496265,0.03825998048783933,0.07128086955971875,0.04588895646823503,0.2631811493905586,0.20331835442587315,0.04983245875729888,19,False
31,0.12424032086053366,0.050495852843422825,0.0036487455326198555,0.17551085997603613,0.044280131353614374,0.06413322751344382,0.0659070586770618,0.20569861922381694,0.2016625709062504,0.06442261311320015,15,False
32,0.11646918714886083,0.05534458441090147,0.0,0.17712392937096372,0.04497331253419126,0.0747674295503333,0.05430647738128943,0.23432908652520906,0.17915979037148927,0.06352620270676171,16,False
33,0.09174758770897684,0.06513493723788993,0.0030994729177773656,0.1757605053389879,0.05902018429498747,0.05684106862307256,0.06730299134259023,0.2296929732189855,0.17800598710874607,0.07339429220798599,16,False
34,0.09793933625548137,0.059571483330991104,0.0,0.19120811542690042,0.06113743784957348,0.06178070989790573,0.046615427782376616,0.21912521014128614,0.19997017319052063,0.06265210612496458,16,False
35,0.1047203895400485,0.04419719540493984,0.0,0.1690712502696827,0.03600878909537056,0.08112818455645256,0.07008990989729859,0.2610367648225208,0.18852096228854595,0.04522655412514056,18,False
36,0.10039413338596191,0.06260460065939079,0.0,0.18118341829080803,0.026128131374767858,0.05558679555482278,0.06468324079763814,0.26128096376113497,0.1823436201213135,0.06579509605416216,17,False
37,0.1275203024366479,0.04455386910425431,0.0031699139071622493,0.17803973938579384,0.0581666921329906,0.023805489811831563,0.06664386555354822,0.2055555770620883,0.19263359366956115,0.09991095693612187,13,False
38,0.10883406852581289,0.05480023194491357,0.0024576317868693367,0.16754132813727335,0.06606349111677225,0.04906116215317152,0.07459392220354598,0.21519355360960185,0.18221758663908513,0.0792370238829542,16,False
39,0.09574971243653839,0.058517002546866745,0.00018214853523497267,0.18724079928550957,0.06133496710851394,0.06060191969643565,0.05789954571152227,0.22630422005060158,0.17493678523747475,0.07723289939130203,15,False
40,0.12264024252315638,0.03634425417634355,0.020926322629053026,0.17649325947111677,0.056213703309549196,0.029478199084212786,0.06700970849562228,0.21344813154143522,0.18269536090313093,0.09475081786637983,37,False
41,0.11352982341744901,0.05770758464326779,0.002480937613061088,0.15850166093670134,0.06234503486984512,0.06408441774072907,0.0786226991517208,0.23141140095212115,0.16809839340062327,0.06321804727448138,20,False
42,0.09430407080246642,0.05244981086636309,0.008572333576100481,0.1705200753685641,0.027007434648245322,0.06694829876659508,0.07891208199988628,0.2233835502973669,0.18580538510746347,0.09209695856694887,16,False
43,0.11204512853622658,0.04873656604199397,0.011517495511898516,0.17152214563511967,0.05643911239342819,0.0672987561715249,0.06017488509197721,0.2215359705964099,0.1728891202840117,0.07784081973740932,16,False
44,0.11328535048124926,0.033598156899378236,0.02134080867433556,0.19549670540500755,0.04234477437729541,0.01889532970347877,0.06520960530172161,0.20946859258639436,0.1966473922298113,0.10371328434132807,40,False
45,0.10274743380723986,0.04873573064838024,0.000721549625168773,0.1708119897261906,0.06321783318259634,0.042625769747798574,0.05098257134899004,0.25301593212605045,0.1926390003476712,0.07450218943991384,20,False
46,0.12211797208902325,0.054880939706589416,0.0,0.15400358488389282,0.04996780788989259,0.0709535314184687,0.08766646521375009,0.2195624464870528,0.19358377878213642,0.04726347352919383,16,False
47,0.12038150631556148,0.040678112842689046,0.0,0.1648408214621804,0.05532813690940482,0.062229137788772045,0.06849461891858628,0.21061018951763213,0.19592220086095793,0.08151527538421578,14,False
48,0.10288706114911975,0.03240252732505625,0.0,0.1782115052125389,0.06181085003194356,0.0667864525116133,0.06970143688187606,0.22139317081847584,0.19207234793048275,0.07473464813889356,16,False
49,0.10222480745157994,0.047771027942219706,0.003325594889500969,0.18948066582748943,0.07119569174244472,0.06822620494468018,0.05824875911156213,0.20128796985794611,0.19058230771115603,0.06765697052142086,15,False
50,0.10903391059848286,0.048005476119907485,0.0,0.16153162961437972,0.060597418650667374,0.06832171437915481,0.06288507441951142,0.21007360893559002,0.18246279749983446,0.09708836978247183,16,False
51,0.11939339336892166,0.06663370218845659,0.0,0.17130810295907728,0.06228956346102379,0.047225709927393764,0.07544604483830224,0.20515273516586086,0.20165772780698882,0.05089302028397504,15,False
52,0.11327257981218404,0.08074609801015221,0.0,0.1822139945307644,0.04637162012649065,0.05484169618085759,0.046745024916723055,0.2119143677220781,0.17385184576449336,0.09004277293625647,16,False
53,0.10918422646244293,0.05425562337390398,0.0,0.18226471127942515,0.062306530167470675,0.046264296666671256,0.07448506174862238,0.21720308797703758,0.17790014469989887,0.07613631762452706,14,False
54,0.09447282173670395,0.059988880636308244,0.01385461753533338,0.17869944122172943,0.042884901504571346,0.06611183025996543,0.05792755112136909,0.2230176589696493,0.18259110823262284,0.08045118878174712,16,False
55,0.1286401483495814,0.04703458432556918,0.0,0.18778331877622903,0.050011459971540106,0.04606591363426402,0.07194568530895455,0.193176690429312,0.1977681234158024,0.0775740757887474,14,False
56,0.09177553503398056,0.054737321987469334,0.0016462194485700387,0.1790196286186739,0.03897045042469771,0.060278705701425184,0.08652756828323739,0.2192454436048147,0.17342293320700097,0.0943761936901302,42,False
57,0.12919136464575706,0.04772273941461761,0.004464860897316202,0.18223255102206054,0.055603459647169826,0.06371745739276213,0.059738177302400566,0.22010815431122302,0.1674949877891851,0.0697262475775079,16,False
58,0.10008338181102881,0.04389231033343682,0.01342661204406622,0.17792165970420945,0.05315085479559646,0.06580564628298634,0.06974390688992346,0.20841374256337422,0.1835724028851316,0.08398948269024653,16,False
59,0.1025786529193387,0.056500333656818,0.01203417206757367,0.18266237008295483,0.03689928495982423,0.06275074654584692,0.06999778344588424,0.2229328825875726,0.1741435849150293,0.07950018881915752,16,False
60,0.12151191848445553,0.05166216316306508,0.015741241491613066,0.16988372416903919,0.049665358123978404,0.07308333011542092,0.07608377683238206,0.2154695311736613,0.1756552023989291,0.05124375404745529,16,False
61,0.11464501340646402,0.0723246344457136,0.004471456156184418,0.1738480993916196,0.05515350227996033,0.06120222033905889,0.0588531119139395,0.2104794414159117,0.17681460693079346,0.07220791372035443,16,False
62,0.1246976797156135,0.0543289361879549,0.002674934348071429,0.1633450090416795,0.060735509800790836,0.05870224999528855,0.07742333992605095,0.1947874307672439,0.1858926060878346,0.07741230412947185,14,False
63,0.11272183268670692,0.07096632620776026,0.0,0.1736467577009307,0.06081372139867845,0.06405230085928026,0.07565075119012611,0.20474913683461377,0.1792576889749292,0.05814148414697446,16,False
64,0.11904870612769444,0.03445077801378597,0.0,0.1729815870323037,0.06464792513931013,0.05871502384139156,0.07231785229434737,0.2348123624488623,0.171822932523104,0.07120283257920056,16,False
65,0.10188695119950957,0.06632565381252682,0.0,0.19052004195002867,0.06161799968324201,0.0448444908608738,0.05829955159450265,0.22123966634670372,0.17969845933371076,0.075567185218902,15,False
66,0.11231928490978549,0.06244167186492294,0.004646565528582218,0.18513858021269472,0.04486180412850354,0.05280144826522675,0.04915503423409451,0.21850160051859963,0.19143213601630502,0.07870187432128511,16,False
67,0.11172494384394381,0.03545483510008647,0.0,0.1788681315257699,0.04750528905331438,0.06261801690970305,0.07891678864149282,0.20387921298338083,0.193268446464491,0.0877643354778177,14,False
68,0.1310466343833256,0.06104872377611345,0.007787353526650684,0.18851613980823578,0.05165108835964906,0.04410575931057235,0.07164250610316396,0.19719802808066714,0.19680391978928458,0.05019984686233742,15,False
69,0.11874059898795122,0.0442778326607357,0.00779163347385375,0.1663873526588541,0.05024153075864258,0.06224467264204136,0.08610411454908605,0.21583069473009722,0.16892412384246752,0.07945744569627057,14,False
70,0.12061552169275344,0.05430470724681343,0.0009252850351702894,0.19269316694437422,0.05232887500992705,0.048717218495945264,0.05925334478457171,0.19561330129826637,0.20740644812303022,0.06814213136914794,15,False
71,0.11923429378935839,0.0670178450936465,0.0015212487803221986,0.15759377419931356,0.053991396860636066,0.04065785137275395,0.08569131743483732,0.19904538040586672,0.19428070361832192,0.08096618844494341,14,False
72,0.110007861584068,0.0466404846245141,0.0,0.18177947920225498,0.061930126024198506,0.05274270799659216,0.07794392582439623,0.2015330524481065,0.19212044581181337,0.0753019164840562,14,False
73,0.08895789185881699,0.06053225991552166,0.008241717217620207,0.1871242762025587,0.060439654189615055,0.05913196052961299,0.06571649328129378,0.20869380311994892,0.18271502307651444,0.07844692060849721,16,False
74,0.08003847231295359,0.0647889871560307,0.0,0.1933708818781539,0.048635205879089934,0.08167199014430761,0.06643923513601097,0.22755196282585313,0.16306134186514806,0.07444192280245213,39,False
75,0.11714256464605867,0.04565287555325039,0.004518760564444432,0.16295397492054242,0.034964096892210715,0.019969358529977554,0.08417033355132651,0.24500179400714556,0.2006339509522688,0.08499229038277492,13,False
76,0.11553546472559796,0.05821203752387016,0.0,0.1653593971082915,0.044969416878970415,0.06953620018904491,0.07190497210444666,0.2270415034173598,0.17151724045992253,0.07592376759249615,16,False
77,0.10705489497344474,0.05840686280185066,0.014094256103572263,0.17598073092084712,0.04355455294781627,0.05822946049827142,0.07013064908014373,0.2209555025205549,0.16697317966394642,0.08461991048955235,16,False
78,0.1236051625823687,0.073378732569592,0.0,0.14036588366851915,0.056656118715508755,0.04553217521483057,0.06560004246065279,0.17558401922896397,0.21524456352146204,0.104033302038102,26,False
79,0.11328339132137324,0.054833981577214023,0.0,0.18066066684623122,0.04153477260990167,0.06762157468155269,0.058000891109448456,0.2331055753771201,0.16742669118738557,0.08353245528977302,16,False
80,0.12370011505521414,0.07134775874137482,0.004490534120420671,0.15943681729425294,0.05751884297529167,0.061369678310041934,0.07373586798837442,0.2309971716340672,0.1570028708044221,0.060400343076539985,41,False
81,0.10572874097466198,0.05740562476544652,0.009010593009672496,0.16385277527183023,0.05829900037440114,0.06906046367372984,0.06625057173036623,0.21060422824085595,0.17795656475702676,0.08183143720200897,38,False
82,0.11690471455802569,0.05965052176416929,0.013700795419044651,0.1680990831505778,0.06447225006697577,0.057696587151449874,0.06330129746005404,0.20281575502551338,0.17594881653851227,0.07741017886567716,16,False
83,0.11371556402734893,0.05944479846765033,0.0,0.18146784403298838,0.04712540203163655,0.05913799934588104,0.06641640108025476,0.21165735182342876,0.1891725034403073,0.07186213575050399,16,False
84,0.12782488533632422,0.06075402975643634,0.0,0.18137798327919505,0.06012397037502089,0.06794461966192322,0.06074258610792634,0.21024991195997839,0.16656297424543556,0.06441903927776003,16,False
85,0.10637895037957491,0.05883304700698556,0.010521466513096446,0.17038438317854238,0.06714881526348884,0.06212117334706118,0.074010129904822,0.21458382194817535,0.1763723460722105,0.05964586638604298,16,False
86,0.11423149069438349,0.061630959540183966,0.0041895362552242955,0.15099129796004268,0.0661017904703447,0.07517928387039836,0.06827654862034116,0.21162283197381943,0.1787890718850977,0.06898718873016428,16,False
87,0.1062452064703199,0.04172641128278191,0.007274987966053195,0.16889807219633382,0.0642373841281204,0.04602472159947545,0.08356458630150992,0.21115645329467983,0.1869003946414104,0.08397178211931522,16,False
88,0.12595070954343351,0.06025143005827148,0.0,0.15771424379424862,0.05408377980421373,0.03809276614067518,0.08974103288754388,0.17877116591105907,0.20647357087013962,0.08892130099041487,26,False
89,0.11867558649832384,0.050326864633634456,0.0,0.16435831703130802,0.05329015208296136,0.06142930849503364,0.07592022768025569,0.21432671390782113,0.1749593086719167,0.0867135209987451,14,False
90,0.11638467151315524,0.07491892454674436,0.0,0.1704187153847797,0.0557621109559742,0.07976182549448592,0.07020831241200305,0.19764507578725557,0.1855432136487989,0.0493571502568032,63,False
91,0.06963424628178454,0.06945540172558957,0.0,0.19184289716490616,0.037525740771019916,0.07632584654392696,0.07596959525831212,0.22847029245066128,0.17278409265693603,0.07799188714686342,74,False
92,0.11236947971188577,0.018849472728709408,0.0,0.1940775012420744,0.07065538310365849,0.05992933032423328,0.07685705411833203,0.2138956857143717,0.18455350793821837,0.06881258511851665,16,False
93,0.1173523759848535,0.058962339366810855,0.03735708930798487,0.16195181130107067,0.05424331416483743,0.05384679680425205,0.0862487277427591,0.23189134455432062,0.15888394440687717,0.039262256366233705,41,False
94,0.1298510747251403,0.049845560983524655,0.005049319372187,0.15612554336989606,0.045799028317186,0.052890741790168574,0.07690232491928559,0.20818446082872605,0.20670084604127217,0.06865109965261358,14,False
95,0.09978643304548987,0.052685095949786376,0.0031989921287829135,0.17270379242370573,0.06322808936630538,0.04769842281775925,0.06574491583559207,0.2343212216425144,0.17183582338433995,0.08879721340572397,16,False
96,0.09751590906840236,0.06543396745452187,0.00017467139805652182,0.1708738196982654,0.06179214430846214,0.050792020261692654,0.06333610192343646,0.22079393924298207,0.18518402837488515,0.08410339826929537,16,False
97,0.10876375479541733,0.047502420392892285,0.0,0.17217699846451545,0.05773856062604556,0.055848754829929105,0.09106159271386749,0.22830697428019145,0.1629877444069786,0.07561319949016265,16,False
98,0.1045994756503897,0.04699910025573146,0.0,0.16364937050574507,0.05529729347945443,0.04621057280482203,0.06996474551885051,0.2239084801987653,0.19842807901720677,0.09094288256903488,16,False
99,0.12618589437401223,0.052164261867686294,0.0,0.17574547649333372,0.06404256290441857,0.04846095182463166,0.06333134327480759,0.20839238042062475,0.18578980742953383,0.07588732141095135,14,False
100,0.10963936396049828,0.06578015138043798,0.012527533349354693,0.15730055517545657,0.08322003799402347,0.021836898285007796,0.06703533535327766,0.18197455187178857,0.204835078078862,0.09585049455129295,26,False
101,0.09894770672028265,0.06546992368864728,0.013553573960041533,0.15634163262856765,0.05416393943165824,0.07219458832552775,0.07874733380563652,0.23266989353810988,0.16401565148924982,0.06389575641227854,41,False
102,0.1139963465006785,0.05231393209242768,0.0,0.1622847888997225,0.07479078149801296,0.05249774332251646,0.08171909245220119,0.22804947384134344,0.1717151056949811,0.06263273569811616,41,False
103,0.10913039383589834,0.056590469093774576,0.0,0.16046316532098467,0.06503544622933344,0.025531279407048076,0.08524303546250929,0.17559661675765426,0.21565424930578608,0.10675534458701148,26,False
104,0.12595065879828077,0.03990604988923583,0.0,0.18318012769571154,0.042439817941939545,0.054580326093370025,0.060941983913431474,0.22811076328407096,0.1948891241249191,0.07000114825904087,16,False
105,0.1144790833157682,0.05914837305864127,0.010998847385183178,0.17280150466031927,0.03357672789855268,0.0828367781704757,0.053356379616971386,0.20907712611889065,0.1775201352241753,0.08620504455102236,16,False
106,0.11458320548384489,0.0554282267763886,0.0,0.16205431123629502,0.07238308930657218,0.05378828678289647,0.07581981392035221,0.23144157534569998,0.16139909041117428,0.0731024007367763,38,False
107,0.10457287789789836,0.06081408725169739,0.021027017649963196,0.1738296715029029,0.09042122191534893,0.02763067174089093,0.08863061795369447,0.18159871795881125,0.17961403713900195,0.07186107898979066,26,False
108,0.10030933351466097,0.060324566460255906,0.0,0.17997648817095493,0.0717901596008767,0.022875662974357117,0.08371155824230218,0.19244166705115684,0.20249176472783426,0.08607879925760108,26,False
109,0.11419103433203999,0.06000894505629386,0.0,0.18250497116402303,0.05706793728807534,0.05312573342029055,0.07358428185617481,0.21889605451689162,0.17676444186285498,0.06385660050335579,16,False
110,0.10246514966582705,0.032501322649428295,0.013639648665083815,0.1491138193900986,0.07353143032152992,0.058153601805071405,0.09303586407292538,0.21931181150576362,0.1761295151093877,0.0821178368148841,41,False
111,0.09289306172935093,0.043736534469807464,0.009345238218574442,0.19079839826302708,0.04979269246300334,0.07115318606006925,0.05745605650837291,0.2096146733913718,0.18896740850551647,0.08624275039090631,58,False
112,0.13849913613339673,0.05426281257296374,0.003280941994499782,0.16908224077199907,0.05437223808013533,0.06343249601435985,0.08908933156475651,0.22456433752332194,0.16052614045224148,0.04289032489232559,41,False
113,0.11303937391989989,0.05330911480108695,0.01249815690213538,0.1594355555951247,0.054638908871916046,0.0680438826055576,0.07017285778029299,0.20600859538068592,0.18628491364633845,0.07656864049696219,16,False
114,0.10120759221235615,0.07178991323330124,0.0,0.14790802303069733,0.06994461219542768,0.020673445364947758,0.09248891170679976,0.19446510265891018,0.19868763612918056,0.1028347634683792,26,False
115,0.11977814036815372,0.050769860797341,0.005171178860000674,0.17937260069851052,0.06497644502560296,0.060904811894123737,0.07059827359572499,0.19714062511915825,0.18176603864659083,0.06952202499479344,16,False
116,0.12973995156638987,0.05734898065622708,0.004632723051354966,0.15165646198910204,0.05168684554000407,0.059204462236291375,0.062013499271379176,0.2370971609654177,0.18013715232365657,0.0664827624001772,41,False
117,0.10535668879975096,0.04584633968007667,0.0,0.17162451146607097,0.06154041805487074,0.06009010292905422,0.07537941944319888,0.21756802365943564,0.18683842083541227,0.07575607513212974,43,False
118,0.11173280293173841,0.04866833254157416,0.008806419680719615,0.17591052328281512,0.043484172811242824,0.06029578523894564,0.05382156518693475,0.22809856708988285,0.18403750722571208,0.0851443240104345,16,False
119,0.11021086234104127,0.06231811204670572,0.0,0.17355092598486363,0.07012923159081441,0.01570244007644645,0.09193417158516778,0.17923444335071942,0.19960213140227584,0.09731768162196547,26,False
120,0.12440622287765578,0.062166806290059086,0.006199286788701399,0.1612387418779012,0.05222854730724782,0.05955239126104134,0.06028288238000358,0.22261694777269553,0.17499084097366313,0.07631733247103115,16,False
121,0.10202583731676784,0.05505304671601309,0.0004388955246556371,0.18592486898800642,0.07732369037889314,0.06289700214628739,0.059550960591173895,0.1901688374826736,0.18982172478390333,0.07679513607162557,16,False
122,0.10591411920942843,0.06018843548882022,0.0,0.1713052542957952,0.06237744219687128,0.019842204036264056,0.09430175962878208,0.19997226735399148,0.19660697453559825,0.08949154325444891,26,False
123,0.10705456796005748,0.04867345514690861,0.002620735267466518,0.16664582798978878,0.07500912026693715,0.05522606200850036,0.07267289003229876,0.20326515592339556,0.17361390956139003,0.0952182758432567,81,False
124,0.12035026947806819,0.05811364664614385,0.03367374584447186,0.17406922077757456,0.04775199734185884,0.05492409848716024,0.09522751373014644,0.23188391434349914,0.15586911048962226,0.02813648286145466,93,False
125,0.1163573747897655,0.05299591703739118,0.0037267613040332034,0.1644959426321908,0.052937998216139294,0.06758372068057386,0.08224944642793484,0.20952421954179357,0.18905384382250578,0.061074775547672086,16,False
126,0.12624826876599293,0.04744302314450087,0.030405613649900187,0.1703439783304614,0.04550831788089808,0.06255565746993608,0.08999551376390122,0.22455214562649092,0.16539776809680656,0.03754971327111172,93,False
127,0.11173887838058906,0.05022937994691303,0.016350313367010018,0.16710972038806174,0.05733274110352398,0.06632121350972091,0.05625737822309596,0.20431898969303466,0.17139895330042826,0.09894243208762246,43,False
128,0.1334530563712139,0.0625139507651369,0.009686498510762899,0.1721226549924898,0.05776254589141657,0.06291870896345682,0.06596849770605395,0.2201627074348962,0.17595163787480533,0.03945974148976782,60,False
129,0.1132495169230261,0.05669886004776091,0.034757510457470844,0.1569568021860245,0.056111346792514574,0.05735594960291384,0.07473161985566767,0.24948112629131525,0.15939779724904515,0.04125947059426118,93,False
130,0.11125897103530667,0.06507390418811326,0.014124155152008539,0.17021860836582303,0.05784952669248819,0.026331927973169057,0.07406871243749782,0.18851456156451868,0.20169774713063968,0.09086188546043499,26,False
131,0.12368197985891123,0.07031034057022242,0.02082084951158532,0.1670432439930768,0.05342180751265294,0.05184763886300105,0.09034298840340145,0.2292460493296325,0.1717541659459612,0.02153093601155496,93,False
132,0.11019804707830158,0.0521382166392229,0.03489264279335622,0.14851724343461822,0.055698310929327324,0.05835161463780426,0.08877161557320783,0.2481533552596211,0.16922920762803934,0.03404974602650116,93,False
133,0.11091371276941671,0.059905752010275926,0.0473145896716152,0.15290854848567895,0.0568103035040198,0.06458358038415594,0.08586049249339422,0.23635831432597013,0.15977198768447692,0.02557271867099623,93,False
134,0.12307945378765739,0.05057962898451492,0.032498889776227016,0.17247013678981635,0.04388049580202818,0.05002317974855145,0.08543027181482224,0.23693014285122396,0.16495600344543693,0.04015179699972148,93,False
135,0.11218070773167876,0.058052930279411476,0.031511662505358064,0.17200124172574344,0.03817574196538082,0.06414994397620506,0.09088371413041035,0.22471921821375845,0.16400772596212226,0.04431711350993138,93,False
136,0.12221075891437412,0.0634223947655765,0.03460043633954621,0.1433468180915319,0.06044031935036087,0.07290802503538733,0.064911516754327,0.2340354299260863,0.171690830379103,0.03243347044370696,93,False
137,0.1020354015724871,0.05862063944911841,0.044208437136689475,0.1534323154745617,0.0626123417488444,0.06349986989035265,0.08994085157244576,0.22446851261639364,0.15117179179786866,0.050009838741238266,93,False
138,0.116235530051829,0.07123318625848157,0.021248865908892793,0.16117727641448967,0.04459584641683329,0.05548991490831974,0.09056119376330293,0.22186111602426578,0.15808922124649213,0.059507849007093015,93,False
139,0.12817856942595496,0.045384844283061075,0.023232966747332436,0.14085072015996367,0.0643703299133933,0.05119419510210137,0.1017553431865858,0.22955548364865494,0.16555705224894934,0.04992049528400305,93,False
140,0.10631824161471869,0.055746230830462234,0.027310246378980364,0.1633017953256624,0.06553276518501036,0.043396877361096736,0.0853823457482841,0.25433795730484476,0.17722944652597084,0.021444093724969474,93,False
141,0.12477332575600836,0.06459203668909806,0.046799197343411,0.1403109263608478,0.066753705437236,0.05057850285900076,0.07427215448465845,0.23275607611897675,0.15337237288566458,0.045791702065098285,93,False
142,0.12665237312182792,0.06024782917514561,0.029711644630070554,0.15322946276076932,0.06830499019744628,0.03777241980606203,0.10381194304492393,0.23866781280554342,0.14742278212369622,0.03417874233451475,93,False
143,0.10120781563185376,0.07545885962255267,0.02174640905588025,0.1616870285777022,0.03293016082267714,0.07545588942718687,0.0831221517722261,0.2313483168572868,0.16475050419459647,0.05229286403803773,93,False
144,0.12662050991946974,0.06533027868772008,0.04753112219725671,0.15010204486305603,0.05391332188192556,0.04983893013778693,0.08538528859832424,0.23754223693771306,0.1593794510126087,0.024356815764139075,93,False
145,0.12670448414038146,0.06956920022094115,0.04429867659607876,0.1565472404081207,0.03609842357763571,0.05687000836525671,0.07122157087960027,0.24007259037491405,0.1684692243988747,0.03014858103819639,93,False
146,0.13474832415360202,0.06406526436172577,0.04202675110915032,0.14954150019128604,0.041747667980768476,0.046713122324310706,0.0864634872803184,0.2332985491761614,0.16299290393319552,0.03840242948948142,93,False
147,0.1081536432051791,0.07463566380107027,0.0449741772998361,0.16263500702711847,0.07069952473483046,0.07003351017877857,0.07572140013851267,0.20912782276002453,0.1604356099756257,0.023583640879023947,93,False
148,0.12516680086875404,0.05028168378664115,0.036815987581262824,0.17511514684372753,0.051512195702861266,0.044822871729502715,0.07452491217126324,0.2399881160108295,0.15441969096750252,0.04735259433765521,93,False
149,0.1301571604906011,0.05197901407500171,0.032434564522129845,0.1631930972925616,0.05241612311961815,0.04112923958751625,0.09184275543792408,0.22985423036972708,0.15113524353895802,0.05585857156596222,93,False
150,0.12921418574725596,0.04985670819272216,0.04543507486079909,0.15496857122444546,0.06224474366818971,0.056716469572746404,0.0883778866641904,0.22218759395642276,0.15873965541804377,0.03225911069518415,93,False
151,0.10787481486647586,0.055527093042831,0.036358840387813694,0.15187954192870795,0.06682960418802415,0.07046882176817948,0.09343661947204182,0.2435317823334761,0.14646773530963125,0.027625146702818845,93,False
152,0.10946849242834093,0.04267963891191068,0.03690249614144311,0.15639620985232489,0.059985133786025234,0.0611292057025841,0.10022680020190004,0.22199926172438642,0.16049191442474395,0.050720846826340524,93,False
153,0.11014806403656323,0.04349080044147427,0.021626361481461416,0.17152311381452642,0.06904644903323022,0.06373513758352509,0.0907290970562032,0.24946010297658655,0.15253411785056184,0.02770675572586785,93,False
154,0.1295163145271784,0.05428831855661244,0.033392869864453736,0.1460028591381546,0.060230605397191286,0.05383449426317085,0.08850826487023601,0.2331626200865322,0.1660174292915709,0.03504622400489968,93,False
155,0.11215410498572724,0.04688466128521184,0.0402778944857862,0.16782735269758817,0.054098852144720065,0.05849757509759941,0.08016058098999145,0.241320381564307,0.16600115814495964,0.03277743860410905,93,False
156,0.11524226054912687,0.06837950770671178,0.05915997228276849,0.156776040144496,0.05415246519446984,0.04102886900950688,0.09139201726780391,0.2119228484958328,0.1607964231677458,0.04114959618153771,93,False
157,0.11964664201675289,0.05785716941458856,0.045914013320541805,0.1552300286012416,0.06670663041337933,0.050838966005427366,0.07857365693276917,0.2430599833066731,0.14759347275424448,0.034579437234381574,93,False
158,0.11661411451449694,0.06921271750262967,0.06426727981920698,0.14022945488936406,0.059517376978649256,0.03356633262310508,0.06759853876630999,0.251097088094287,0.15174537708038233,0.046151719731568765,141,False
159,0.10926979623891647,0.05992532445263257,0.042239950599591916,0.14969129563586833,0.06993159474201346,0.0698992253845344,0.08281244413655663,0.21340419163949223,0.14653976953919687,0.05628640763119712,137,False
160,0.09797102958000291,0.06281048177090189,0.05492163968560234,0.15034707375742148,0.05828057663228533,0.059477557013898195,0.08520711520203637,0.22319106888893434,0.16125586595941802,0.046537591509499085,137,False
161,0.12885894577521909,0.06772794051962837,0.02364637498171758,0.14827480128954595,0.042130090386827086,0.05329095570235164,0.08982329469373067,0.23896153225111472,0.17213197079205592,0.035154093607808974,93,False
162,0.11629214385263463,0.0574875992925062,0.03613986430872064,0.17142448327383247,0.04409595302121972,0.05423322776169177,0.09663599345623108,0.22404276343844517,0.15561735842162658,0.0440306131730917,93,False
163,0.11024043290699043,0.055060520458942386,0.035429170782239484,0.1611871174196985,0.04951001442486406,0.05917729315555791,0.08470479524875296,0.24084575908725042,0.1525229288237353,0.05132196769196852,93,False
164,0.11719070048376914,0.06776555758980397,0.037185784270519176,0.15345643355436647,0.04961287477809613,0.05645075767501918,0.07932869820517408,0.2372274258932116,0.15600871040409228,0.04577305714594814,93,False
165,0.11437990673026709,0.053577685390715814,0.03895940944394743,0.1723551545242273,0.054096451924184163,0.04173240677141695,0.0795088197037858,0.22724998756852605,0.1695072786340296,0.04863289930889974,93,False
166,0.12782396762031292,0.06181357145885326,0.04770804488919665,0.15696732576306358,0.05567922326062482,0.06127800832914338,0.06942994626338221,0.23141843053703945,0.15251827851686758,0.035363203361516035,93,False
167,0.1255632077295987,0.06288797384209932,0.025053517771453603,0.17080809088658144,0.05296575546428089,0.05195195636231467,0.09121784952961035,0.23827069138609772,0.15615779956735065,0.025123157460612614,93,False
168,0.10747968455540244,0.05242314255672263,0.041129959988786165,0.16307395004407577,0.06151869828869476,0.04862368744630748,0.09600919566282255,0.2315070876077332,0.1579908037735654,0.04024379007588966,93,False
169,0.11827184527913435,0.05968737210585828,0.04970431362369382,0.17229672013888447,0.04685313632069808,0.052399775379762904,0.0904023562099809,0.24459521019130134,0.12820037794269923,0.03758889280798652,93,False
170,0.11156601768496019,0.06545931262986981,0.034630418646256225,0.1708715583883175,0.056305282845367545,0.04503404444741068,0.08632909425078798,0.24653403699445334,0.14421364220715321,0.0390565919054235,93,False
171,0.10515230369351852,0.047634804941882054,0.05101770556166058,0.14903068095023006,0.04405929509917972,0.058802797766009114,0.09618018472170566,0.24151804699617557,0.16396650730385992,0.04263767296577881,93,False
172,0.10889796233569606,0.07176830809863531,0.05274203530826784,0.14218988160430637,0.057126865242238124,0.06313008321033407,0.07301347598741548,0.2299781070260314,0.1402719647582646,0.0608813164288107,137,False
173,0.10703855048782367,0.051967487140030966,0.04798729862197371,0.16732543949306786,0.05338348911817746,0.05634892862664682,0.09377137941457495,0.23666511955639422,0.15713148578598585,0.02838082175532456,93,False
174,0.12376294105612595,0.044926733515181484,0.04539064144098069,0.17081116052964068,0.044492737293760465,0.04925517786104581,0.08106844146501058,0.23380984931211837,0.1592297737598095,0.04725254376632651,93,False
175,0.12573841444071987,0.05168756428874633,0.036435257818285,0.1642057691349801,0.04536714170666498,0.04722689464698376,0.08180700511503111,0.23183102147439685,0.16788110335328005,0.04781982802091204,93,False
176,0.13326706853227627,0.05003471780011796,0.03891391831735313,0.15243076962572794,0.03614003001133676,0.06771800680002936,0.0892441365471971,0.24180354555723166,0.1673233260435733,0.023124480765156462,93,False
177,0.11335142552392916,0.081650161546795,0.06059671660489425,0.13763133603365293,0.06435989930731671,0.027473398738705038,0.07422511147328935,0.23710433453415636,0.14986986437784716,0.053737751859414117,141,False
178,0.11910387571633815,0.06091650488695109,0.048120284299140045,0.1621916893046687,0.07994800376626081,0.0722953738042248,0.07906278889430622,0.21786435936053614,0.14655575351314293,0.013941366454431234,147,False
179,0.12715980575863856,0.04538114637997311,0.05634146725515919,0.16222179934086636,0.06203802725204791,0.062344918650955254,0.09439093960556695,0.2085352500773647,0.15595179796540784,0.025634847714020196,137,False
180,0.11626884869951983,0.07376557132586506,0.0374600913613939,0.16879966236019095,0.06056522592691874,0.0451239307905679,0.09470586064458761,0.21467235849822225,0.15694120586810617,0.03169724452462742,93,False
181,0.09992623581892471,0.04761984385742285,0.039590113416816265,0.15374689278446155,0.07301984542618312,0.06425931898912221,0.08073397690818054,0.23656753105594072,0.15331661285963802,0.05121962888330991,137,False
182,0.1312132891147453,0.0788815214999841,0.053276200146714234,0.13943352792517855,0.08351599672605012,0.03771433961948345,0.07325706837282818,0.23543371702406227,0.13018925472454712,0.03708508484640666,141,False
183,0.12923259278594343,0.07217325087501085,0.06382827206421007,0.1419298501299304,0.08220952529149193,0.05346262998053895,0.0655387558261991,0.21874857146082732,0.13970721972874448,0.03316933185710351,141,False
184,0.14583000652071473,0.06344371474368703,0.04497460618030669,0.1382162023952175,0.05611071877908186,0.0366130048595646,0.08027829042115153,0.2306844998276289,0.1618129836067444,0.04203597266590274,141,False
185,0.10487603527763227,0.06541667793727844,0.04982888701445449,0.15733618340522051,0.046491932567704,0.06767600226333625,0.07536334774531117,0.22926350445538932,0.15600772822149125,0.04773970111218231,137,False
186,0.14721740321357732,0.05181423511305047,0.04425523206671098,0.15559603020435642,0.07208951591153395,0.055020955283027494,0.07366444669138496,0.22018904954892662,0.15420575385879964,0.025947378108632076,141,False
187,0.11974353752862632,0.058967523442637504,0.03390427978929147,0.14885854670445406,0.060515687386315326,0.04812442280617753,0.09703662509579078,0.22051059770589457,0.1644428128578809,0.047895966682931515,137,False
188,0.12345518789428682,0.06568711466069313,0.042560321893332115,0.13274060136995192,0.04714764790686754,0.06278814078437156,0.0696028390240949,0.24862437082507044,0.16916203254360998,0.03823174309772142,141,False
189,0.13551974588514207,0.0662517165656027,0.03703558375067708,0.1344455857024258,0.06463236836196383,0.03412191249355303,0.08116885966587213,0.25013271745436155,0.15746636808800596,0.03922514203239584,141,False
