ID,strat_res0,strat_res1,strat_res2,strat_res3,strat_res4,strat_res5,strat_res6,strat_res7,strat_res8,strat_res9,ancestor,alive_at_end
0,0.37634402203456274,0.11354396469757377,0.055248560019638675,0.026974310230842662,0.2108608165011809,0.04610453897405417,0.08802370590207872,0.05848244345870294,0.007530478564953225,0.01688715961641192,0,False
1,0.36993953789856726,0.10064977766393358,0.05476636960644311,0.018912417392499645,0.2062078228139478,0.04407430261996807,0.09824924754667377,0.06584279764196088,0.016854837192859625,0.024502889623146278,0,False
2,0.3590523580717943,0.11691214099890444,0.03684236894168346,0.026470415380984155,0.19299078390834087,0.028267593929318394,0.11839816242434308,0.07064739422200447,0.014681669205241861,0.035737112917384975,1,False
3,0.3734647280482146,0.10164474807983494,0.05022095282643156,0.02578338386629007,0.21050424886733635,0.04069266613280699,0.10184919026338796,0.068804426103966,0.011987167237881938,0.015048488573849578,1,False
4,0.3530630363170344,0.11186532907506506,0.03768702095205643,0.026266056594684818,0.18798705999688872,0.022786139955204295,0.13572559222829716,0.08447557351349493,0.019827417594658604,0.020316773772615603,2,False
5,0.37181110905290016,0.1034550206169892,0.06388862410403322,0.025166338450014827,0.2098700322905916,0.03154064336575431,0.10746050268879367,0.06405425280769254,0.009536205930873813,0.01321727069235654,3,False
6,0.3744397062884913,0.10605407483144828,0.05995286161878042,0.005539002534921337,0.2115320452633935,0.032600452664138,0.10226593065168928,0.07596994876920117,0.005571215264994876,0.02607476211294178,1,False
7,0.3753018176416588,0.11235813371126264,0.047628124467996004,0.0,0.20727860552913463,0.025467681914907836,0.108454313527131,0.08339781812289242,0.013728695877914499,0.026384809207102136,6,False
8,0.341181966454799,0.11802373510971244,0.04002038656948407,0.03359810645474773,0.181512521027215,0.027642514002442217,0.13147020114573235,0.06702842909013629,0.0304836324023497,0.02903850774338117,4,False
9,0.37456952964065626,0.09487397770349036,0.06716079479788403,0.02236104325568058,0.21562528095652073,0.02440643653143966,0.10425681624151893,0.05915953987905141,0.023227719680386293,0.014358861313371878,5,False
10,0.32673991814310555,0.13195772041072482,0.05140322216006025,0.03216273923708208,0.1748108400778924,0.0236765969935667,0.1250777257528691,0.07116045842453092,0.04290669120272938,0.020104087597438994,8,False
11,0.31347958912671997,0.1284417763846582,0.05527061299028248,0.04908225728840476,0.17792641406316836,0.021841868827263352,0.12869635542638702,0.07487036602601169,0.0495082889133832,0.0008824709537209576,10,False
12,0.31235334706930734,0.1393016205095562,0.04634483440849606,0.040349114106272475,0.17451152892494531,0.023816330153777574,0.1305878668570498,0.08301432947235013,0.04972102849824517,0.0,11,False
13,0.3007317746129346,0.1365191842707951,0.07000188919771985,0.049822799852007806,0.16328762846747813,0.02046158004148673,0.135929915418296,0.06553325523485938,0.05033356594113963,0.0073784069632826625,11,False
14,0.3043592763374734,0.1433673954449986,0.05464675783905108,0.03384470239914681,0.1669720957984671,0.017296970766187424,0.1339980421922841,0.08518974752253773,0.054425721803636425,0.005899289896217337,12,False
15,0.3001570402298044,0.1408230808416579,0.06612970855041077,0.027494461218172266,0.17536410374196854,0.0,0.13761661606974723,0.09324180284766301,0.04601116040594814,0.013162026094627553,14,False
16,0.2997752536613935,0.14493221718645352,0.058384435193495766,0.034456224283838634,0.17525330387030183,0.0,0.1383018690652057,0.09439983419790743,0.0544968625414037,0.0,15,False
17,0.29236085089014396,0.13289194463585183,0.07012650809248015,0.02395646118039128,0.18379687528029573,0.004437993975196582,0.13307606070904626,0.08966366154830935,0.049436351754592045,0.020253291933692935,15,False
18,0.2948469400964378,0.13750846011970722,0.07433180942281807,0.008706596381807546,0.19193756866860448,0.01484811152299424,0.11637936301743491,0.08986545658225854,0.0549831168952072,0.01659257729273,17,False
19,0.31159470730858413,0.1317593059022904,0.0655700413828362,0.019132962540540137,0.1824667601588603,0.004308676740197832,0.12793420066003086,0.09138409025019505,0.048936275142288356,0.016912979914176708,17,False
20,0.29780165370028644,0.14565919168233138,0.06076711700905925,0.037602730797897506,0.17523126374360862,0.022818428207836527,0.11704656057452201,0.08069681689850887,0.061631689048287815,0.0007445483376616261,14,False
21,0.30490573359290996,0.1416376058052716,0.06351992822443892,0.010645004114327065,0.1904289903138118,0.0,0.12586453775318013,0.09470136501779028,0.06829683517827027,0.0,16,False
22,0.30113535384880835,0.13588890854584654,0.04992711762121892,0.02529559586797033,0.1860488654380872,0.0,0.13634244221685599,0.09922068701839484,0.05269871432532307,0.013442315117494854,15,False
23,0.3021013687330733,0.1362552844016748,0.07701773032641844,0.022589390174508003,0.1756536278380891,0.0,0.13880207817389179,0.08607097903934684,0.04538277697699571,0.016126764336001975,15,False
24,0.3384638928989923,0.13143981208324837,0.03992800555454827,0.021358060749265367,0.1862635536070156,0.01665495169638247,0.15379963504119973,0.07684258504218822,0.03524950332715962,0.0,14,False
25,0.29417438516919286,0.1295403577414119,0.05283144069769186,0.03712959404941351,0.18576441989664252,0.012712024658835915,0.13794226242230323,0.08940802328154684,0.048866507528759616,0.01163098455420194,15,False
26,0.29698298754012076,0.13019325723685612,0.06402686191521295,0.024572807528840467,0.1788540061480081,0.0,0.14064222298737805,0.08241037300787457,0.061818751538500916,0.02049873209720816,17,False
27,0.2899701650973843,0.14267691497691912,0.035367990727853675,0.03483905937527325,0.1652701610891499,0.0,0.15633684349998123,0.10290122389806536,0.0641767909787663,0.00846085035660694,16,False
28,0.29581752798373906,0.1236434305783967,0.07600108943840922,0.023981056335616893,0.1943697837530592,0.0,0.1273063802730486,0.09466638386849864,0.04845365146161104,0.015760696307620586,19,False
29,0.2936749637691502,0.12670814988092133,0.08667718987787286,0.011941687728500665,0.18926832226424523,0.014802609668838727,0.14121730424722262,0.09499040043868512,0.0386214556688173,0.002097916455745889,15,False
30,0.30599114205052297,0.11558183936334372,0.07384391201348887,0.03994433948153011,0.18566836411177515,0.0,0.13586639955965213,0.09207022234062567,0.039172384452675166,0.011861396626386227,15,False
31,0.2864261702164748,0.14414780263842006,0.05010719219727288,0.02799319350288658,0.17521610028899304,0.010156090386076606,0.13629646266401665,0.09937122753750224,0.07028576056835699,0.0,16,False
32,0.29913395388864705,0.14479334960069104,0.06335939051128725,0.037111567416542285,0.1784745120059705,0.0,0.12363797425604288,0.0861507991989934,0.055766735434341734,0.011571717687483964,16,False
33,0.30721947247174825,0.14622063813825625,0.05157142026060359,0.03829718297975458,0.17952391944249033,0.004241542443626317,0.13993839049784718,0.09263852611218809,0.04034890765348544,0.0,16,False
34,0.27831230026524634,0.14583827779207062,0.059158697693669896,0.03872655054534511,0.1641641163876716,0.0,0.14334440635501852,0.10580281897878716,0.05964831841544161,0.005004513566749179,16,False
35,0.3216231753273611,0.1294939356932743,0.07419547260555613,0.03278687288378484,0.1654235606469805,0.015583815374067526,0.13015406781138153,0.05052297634626726,0.074969334355424,0.005246788955902911,13,False
36,0.2917154565387792,0.14041304721809406,0.05647907611193843,0.03256422370159815,0.16850349408494938,0.023519617295096648,0.11865854151110634,0.08740864154699113,0.055044933602504224,0.025692968388942285,14,False
37,0.31156280785361484,0.14112699818489183,0.09688036867521263,0.009268342525344446,0.18392160351404077,0.0,0.13085663170289397,0.08253612564085867,0.03393945169923576,0.009907670203907013,23,False
38,0.30328740940776117,0.13192660978108264,0.06993628908776928,0.03959993197278806,0.16479899450908225,0.04720652371653022,0.1291098062481598,0.07511273748190307,0.039021697794923524,0.0,11,False
39,0.2858462048066046,0.13167874687983966,0.0808934796065042,0.01795378733929716,0.16962592437302726,0.02522041200312336,0.12614893836704313,0.10322962281311644,0.04012732140907771,0.01927556240236662,17,False
40,0.3062681747158416,0.1355426237180056,0.057919403441807196,0.0490727257125642,0.15315096377035523,0.004057325994040667,0.14155746394387336,0.07013207047461056,0.05922130169884107,0.023077946530060515,13,False
41,0.29994118333283176,0.14578305075712394,0.06853072627189591,0.005918434102951524,0.20321074395682032,0.0,0.10920230630121919,0.10315738116724331,0.04640485038326884,0.017851323726645184,17,False
42,0.3105302873767051,0.12766925653624636,0.06211880159960791,0.043940932123182834,0.16760621952690868,0.0064888052220575185,0.15238622531147197,0.06815252594651744,0.05146990360782404,0.00963704274947811,13,False
43,0.2871785328219069,0.1267608456775904,0.06790862011988168,0.028062423140578958,0.19973807498888702,0.0,0.12182277432626758,0.0928465029631217,0.04714362886701215,0.02853859709475348,17,False
44,0.315746815737271,0.12647263038592477,0.06310889619791829,0.04249846343458249,0.16667152741706526,0.0,0.14012436331332354,0.08201759694954187,0.05302736553293365,0.010332341031439115,13,False
45,0.30641396496764134,0.15266959775149383,0.054852508974560045,0.03589060379859454,0.15663402750884642,0.012605562162034378,0.14386181011756408,0.09589281322613612,0.04117911149312915,0.0,14,False
46,0.31036712992764637,0.13013588904492637,0.0638283553906749,0.024889055460432706,0.188842762682527,0.0,0.14072850539840145,0.09920453844881648,0.04200376364657475,0.0,22,False
47,0.28938643058513214,0.129364024208793,0.06444309695002436,0.008104873526323393,0.19817130965706795,0.027147738136682874,0.11820146946009812,0.10424213014085122,0.060233234153112256,0.0007056931819143922,18,False
48,0.294725634736764,0.16241319374107197,0.06751241529998055,0.018789105404185096,0.16919363360180048,0.01657172645587377,0.12497965625833252,0.11396902613834897,0.03184560836364262,0.0,18,False
49,0.3035819343433173,0.13788046222608152,0.07062994292952904,0.00455657953738617,0.18328789183814725,0.0,0.11380689757396092,0.10455166540048759,0.059847672543165996,0.021856953607924026,18,False
50,0.3132329824579344,0.1451382634138754,0.08753846942173173,0.03237248310632688,0.15568760459726633,0.004202454453059698,0.13817980810160158,0.06459854572364469,0.05713233401431998,0.0019170547102393752,13,False
51,0.2966002366974754,0.16464843121300857,0.035721983580488545,0.027212234399226293,0.15223434463319804,0.02670583430908178,0.1224668185114876,0.1060072853466736,0.04135978923326709,0.027043042076093256,36,False
52,0.29129213938703713,0.14975171739204216,0.05519513601146585,0.020829253971974965,0.20044281489388333,0.0005624548446235044,0.14248323284162992,0.07768068783825159,0.04459889033453449,0.017163672484557014,17,False
53,0.28562763952076325,0.12613598079818858,0.07748135886582642,0.05157213345440194,0.17369587925412966,0.005709574987950059,0.13842025844947212,0.07238894325726197,0.051067680756944976,0.01790055065506101,17,False
54,0.2914067136260962,0.13319277513008168,0.06903938097297692,0.0018409329441319662,0.19349126954577117,0.02607715505874042,0.10550466232014853,0.09672362340926485,0.050554137597000205,0.032169349395788194,18,False
55,0.3188802615591355,0.13613492464007954,0.07745376111944839,0.04104422886891083,0.17238860581727303,0.005275863383614661,0.13846712275288148,0.04937363109341723,0.05322673933540518,0.007754861429834133,13,False
56,0.2880120684131397,0.13834544237344995,0.06260328753730413,0.03129059740785905,0.1776977629157162,0.03262218546619813,0.13647774089158674,0.08271048127713548,0.04448737489839073,0.005753058819219888,13,False
57,0.3017749926024895,0.16013730233389312,0.06450474763267182,0.05942743517705356,0.14113924081388873,0.02940436488263023,0.13312532754497028,0.05288931359888963,0.052638420733020004,0.004958854680493053,13,False
58,0.2927363435906791,0.14903238956604756,0.061551998791958704,0.035825081389676695,0.16325794452407222,0.018866739230932964,0.1317947704832305,0.06387992678462354,0.07360463938391028,0.009450166254868563,13,False
59,0.3129793484169248,0.1579646663463633,0.0420652124913194,0.029339126349290038,0.17624567808412914,0.012046801139618629,0.13974005871819356,0.08417986093594104,0.0453626937960059,7.655372221413639e-05,12,False
60,0.2997500817536441,0.14291365547340015,0.06761305915984159,0.05086237233535537,0.15332959893023823,0.02030401048996444,0.11608660823741625,0.06425447009588081,0.057631438096913574,0.02725470542734559,13,False
61,0.29121127772449235,0.13599106858679705,0.07750346952264359,0.0324121798715155,0.16457961260466497,0.011410707210739546,0.13073979655348522,0.07601061969131782,0.047608091699326734,0.032533176535017166,19,False
62,0.30039227156098924,0.13775925724112753,0.08509090420001815,0.023708990340272115,0.16883472960315446,0.0,0.13133824441336922,0.09609026094470495,0.04151321594994661,0.015272125746417632,23,False
63,0.3276880793533026,0.15453524737429356,0.05338199506396602,0.02086900563999406,0.16082033342880211,0.01069030174281885,0.12509063851190558,0.07699134344820148,0.06993305543671578,0.0,14,False
64,0.31638037975435185,0.12071479190590234,0.06597150671436534,0.05350159429663396,0.16416459451875534,0.0327023931216931,0.13565091822177025,0.07405921867232673,0.03685460279420116,0.0,13,False
65,0.3009415554941978,0.13759159210608896,0.0639569554717391,0.04958066842924998,0.17765720636269539,0.013078251515378284,0.1364303072514247,0.0657551326182307,0.05500833075099513,0.0,13,False
66,0.3177678603022937,0.1257199428513818,0.06268253745667975,0.05993016163791042,0.16918395650784002,0.016645017563358625,0.13602990159444092,0.07662618138958764,0.03407908942436371,0.0013353512721431646,11,False
67,0.31305207850867445,0.13985850551772536,0.08052689011576016,0.049405208753987497,0.16869832786157052,0.01135122061722993,0.11428412980826924,0.07100420721287093,0.05181943160391197,0.0,13,False
68,0.30025257491576196,0.1435709651617253,0.0683406814567389,0.02470844227989656,0.17168749499046285,0.0031001878618076998,0.1409001214864454,0.095797282500962,0.04121958008071644,0.010422669265483046,15,False
69,0.2976188456848913,0.12847981645089654,0.06127829736201412,0.054601263614388475,0.1617607441750386,0.014511195252488757,0.15615540531722436,0.0695872097842329,0.03995895109762608,0.016048271261198906,13,False
70,0.3007951071768903,0.13095861851140686,0.04869419120872531,0.03675333935393569,0.1670471734686473,0.0167680985327999,0.16218730837870166,0.07909519520121057,0.05531337655232974,0.0023875916153527467,14,False
71,0.28108737615365453,0.1453080383301137,0.07114939483508755,0.049941489250660144,0.16848010102367567,0.009391978568912862,0.15387820427432022,0.06312978981005846,0.047869543977363455,0.009764083776153697,13,False
72,0.2901323856863363,0.12757479863323878,0.07310265206422857,0.03864453568603058,0.18191869930555332,0.040721385939115784,0.13212562198080716,0.07767324990019395,0.03810667080449563,0.0,38,False
73,0.3034060786117381,0.14264938520691506,0.06020891849217105,0.0346563686222426,0.15864868712649488,0.02439385505728868,0.1338435712134767,0.07461751604656477,0.06103733809129133,0.006538281531816832,13,False
74,0.29899874854671354,0.15006165189593754,0.061302841163138416,0.03658566794437913,0.17857892344377954,0.03796418171993194,0.11490579268432466,0.07081549666745096,0.05078669593434427,0.0,20,False
75,0.31379201401082696,0.1520056285513622,0.08522077628438075,0.031052594703831076,0.16023345719547494,0.0040603798206129684,0.13066612775926142,0.06180079891829784,0.044782642673856746,0.016385580082095067,13,False
76,0.2929128132793797,0.1506100269746324,0.08178579637792262,0.03814942858563936,0.1497347530841844,0.027417629489524246,0.1415119326354205,0.06784456385195305,0.04966152773532509,0.0003715279860185216,13,False
77,0.29268089534828645,0.12708352833082018,0.09213120890394788,0.011388068334363288,0.17093374778749276,0.025594908339548677,0.12856610399361645,0.09485860843943063,0.045109170697012896,0.011653759825480845,39,False
78,0.28854931664644073,0.14664964889922671,0.07354510768879736,0.05609671330836613,0.1488512970792266,0.01535246939551267,0.14044049199996111,0.06031023737634658,0.05760176463295454,0.01260295297316752,13,False
79,0.26621246630532647,0.1461790359179388,0.051335007993383405,0.01822416033172249,0.17432530473582478,0.03355402106282071,0.12762963558625878,0.07579451598132751,0.06151818224921537,0.04522766983618176,36,False
80,0.3143241514295468,0.1319224517863959,0.0817193484728512,0.0037081274936179172,0.1656451708679695,4.192686880408622e-05,0.12265863209758074,0.10836852418560237,0.04536548750368862,0.02624617929394279,39,False
81,0.28769011844807535,0.1419301865175736,0.07601368470854149,0.053154366934075596,0.17018828375686723,0.022280530169803997,0.12301039772753482,0.06564889046397687,0.04131080306733552,0.018772738206215507,13,False
82,0.2843867863794072,0.12838078627146302,0.07467675009625187,0.047986518367243367,0.17107355837728225,0.01565424713836546,0.13076874613448142,0.07271915932489151,0.05618122973521993,0.018172218175394054,13,False
83,0.29187690122025367,0.13233711333225426,0.07877926339105468,0.043421149959851836,0.15650118589253528,0.021059239298804017,0.146582196036996,0.07296808423211225,0.0484926659269699,0.007982200709168243,13,False
84,0.28895357596735294,0.1445971577555432,0.062116963763285765,0.05273785273800723,0.1824461961672545,0.007808063246733962,0.130475881517115,0.08240813464344622,0.03793637954607914,0.01051979465518206,36,False
85,0.2807087786316641,0.1259725562599189,0.05580209209100173,0.03587576868396355,0.18058821818229182,0.017007316514302213,0.11835653925230916,0.08658010210255579,0.07224685447788927,0.026861773804103282,36,False
86,0.2926883085997036,0.1514058872838006,0.07300602879603382,0.04574283491816302,0.16658319692891105,0.02976633495315709,0.13018984990322233,0.05705099110730897,0.0505871642861435,0.002979403223556013,13,False
87,0.3056535506003365,0.13421347373554288,0.04831012245627,0.05200884255320437,0.15710476442476237,0.021090129382110363,0.14510194843321197,0.05693489270919335,0.0565447337443299,0.023037541961038143,40,False
88,0.293508892262145,0.15014803501475807,0.05717451550864868,0.04069218051064407,0.14788681235128878,0.03272703629593419,0.09895689689059875,0.08230981997405502,0.056851477544894245,0.03974433364703309,36,False
89,0.263031391692316,0.11341540208406678,0.08890544748972143,0.04046875885156932,0.16793168774661796,0.02428065778610324,0.12492162059263469,0.11320422279172385,0.04445760212316315,0.01938320884208352,39,False
90,0.2698369034250007,0.12712490075621416,0.05556016766251043,0.03821778910604681,0.1861912275398348,0.02682921078846765,0.10783665412271402,0.09033535838810496,0.0545147979880617,0.043552990223044825,36,False
91,0.2912838785184381,0.1302405672653165,0.050935988028643055,0.028407334369033057,0.16239490037530743,0.028010346534343603,0.1185162532129914,0.09320243503059626,0.05401460931561185,0.042993687349718805,36,False
92,0.29349451048265623,0.13159240248528503,0.06720339936198212,0.051092788817739265,0.16234078530187915,0.022563088045845323,0.13435870915018977,0.057356990498054254,0.06418198561844889,0.015815340237919938,13,False
93,0.2843071968029051,0.14851089053398342,0.07240912633522188,0.04750411386411557,0.1563964669822472,0.017410872219917422,0.14598664509194648,0.07089404185140499,0.042592725463203696,0.013987920855054127,13,False
94,0.30725661225389117,0.13937713818946873,0.07414498646727777,0.04141135949714606,0.15337055350274373,0.007135861482745111,0.1134277495016045,0.08114421682690168,0.05825346768797337,0.024478054590248023,60,False
95,0.29913797116049967,0.12992123788833798,0.08012970786716545,0.06444648074902315,0.14440170890186596,0.026422294085077198,0.10641509726691466,0.0617128420120024,0.05324831324019651,0.03416434682891708,60,False
96,0.3083311729690801,0.12397106946546425,0.07977414923249367,0.043628159056608114,0.1407575851611553,0.016441523256650378,0.13886107375342527,0.07995995999289464,0.057581643964615056,0.010693663147613231,13,False
97,0.3242771749995525,0.17470461376487542,0.06731198113556022,0.018230729386101114,0.16878552981633627,0.005794008419845075,0.1069901346866256,0.09031923292113983,0.017554093801950436,0.026032501068013577,36,False
98,0.3035346276668999,0.14885535400581695,0.06350083465590231,0.05730035815529443,0.15393880842163052,0.0199852357322104,0.10123719378078323,0.060564805722357326,0.048288403364725674,0.04279437849437938,60,False
99,0.2827616497326812,0.13826937535750292,0.06575490877464578,0.0663013920215042,0.15934272614692963,0.025685470298872342,0.13226672301110365,0.07141348323570619,0.05177364783111477,0.006430623589939209,13,False
100,0.27703090064894925,0.15723543325216546,0.07529421475946656,0.04958508385302676,0.1629602242398989,0.01749683971845857,0.10854764791446952,0.06404329569223129,0.0497779196429408,0.03802844027839301,60,False
101,0.2983330597287031,0.12058157109501794,0.06149782575094867,0.010285484863879922,0.16347410911252416,0.03427276752866201,0.12498654635378786,0.08791671472244632,0.07065014653147285,0.028001774312557008,36,False
102,0.29916943678316954,0.1431427226976339,0.06893280648083568,0.02168022155882357,0.17432363039607998,0.019937594545865467,0.12566743581295842,0.07439274011322744,0.052548162912500126,0.020205248698905928,36,False
103,0.3003026601274385,0.14081461292823272,0.07720123721395593,0.05278917275479403,0.16241357514106577,0.006759227149083071,0.12253270959425928,0.06331472094457488,0.06224841729213423,0.011623666854461576,13,False
104,0.27897908302041696,0.14103779516691972,0.08175239448100041,0.03432365164720461,0.1769212480081495,0.012374892074661206,0.10796480470359038,0.07827410329257298,0.058042880174220164,0.030329147431264122,36,False
105,0.2781858294757354,0.14376376467161603,0.06998550432818651,0.049192829634143245,0.1418648092651456,0.035164345524510726,0.1065884575327962,0.06881796425233226,0.0616045421012198,0.0448319532143142,60,False
106,0.29855364087962794,0.14510284452266695,0.051332100126323735,0.024140407171953378,0.1724697140958056,0.02371816034637342,0.13041934725019771,0.07378647453552736,0.0647001313641134,0.01577717970741036,36,False
107,0.3064958111959538,0.14109175767107576,0.07603315255451526,0.03997772841765556,0.16940150943590446,0.009283421685358487,0.1288438527540012,0.06737036476097061,0.05646309796831092,0.005039303556253794,13,False
108,0.29559290790298876,0.14469709517060036,0.06470379803704576,0.06603631047318863,0.1515502145703579,0.019359055863612362,0.10852717345270586,0.059539059737087625,0.05252536691544954,0.03746901787696312,60,False
109,0.3252500502885859,0.14338808536314798,0.0760043477335922,0.039516168018997946,0.1604949721241529,0.025348001959895124,0.1127154300559582,0.04661254662734479,0.05610334758476321,0.014567050243561759,60,False
110,0.2956404339545997,0.14302028748277038,0.06847772461781224,0.054090997371177424,0.14958927533665345,0.021376760108383373,0.11817173343518449,0.07473301136156313,0.05627407959982265,0.01862569673203328,60,False
111,0.30879918150698027,0.1444809960552407,0.052752289478490845,0.05059976322676159,0.15329333463027706,0.01461582315127552,0.11900313983068422,0.053981840613175465,0.07670180148035677,0.02577183002675757,60,False
112,0.30183747379084797,0.1541871641701856,0.05075461800825377,0.039636458463816186,0.15573744884777066,0.022867708663364853,0.10263348672696497,0.06882179089054141,0.0671119937043545,0.03641185673390016,60,False
113,0.2911509370793279,0.1466072346435265,0.06655663666818053,0.04488230759775439,0.15342822648940208,0.005019789853601441,0.11693246720352356,0.0640628228998574,0.07594228722730915,0.035417290337517136,60,False
114,0.30179589159623077,0.13634140104819722,0.061513711611506997,0.05286029243124006,0.1488601727345278,0.03382907450503241,0.11083301142761573,0.07555689850649033,0.05011515097976282,0.028294395159395802,60,False
115,0.29240066769523665,0.1560695446175632,0.0700484698404069,0.036304114060425566,0.14294185205561813,0.022204529624647047,0.12580214875821358,0.06500081947025034,0.07445248096446094,0.01477537291317781,60,False
116,0.3171169855035535,0.13745332796904544,0.06707402506962809,0.05416743711668138,0.14346092349834882,0.012377193111710894,0.12382981963103445,0.06322430917419103,0.06003042258014993,0.021265556345656394,60,False
117,0.3009071767957943,0.1384443148149538,0.05786834482727632,0.0518827325650611,0.15845225514838002,0.04431833357786507,0.12905831169074097,0.049326389819878275,0.0527177605826868,0.017024380177363418,60,False
118,0.3026557086915264,0.13830196406657505,0.06923134929254247,0.054503425940843266,0.16080919342311153,0.012721780187552796,0.1095273011679453,0.06296430690173405,0.053871133061720505,0.03541383726644855,60,False
119,0.289462255747031,0.12623685875648102,0.07000984406437649,0.025005137242669336,0.1809133614712446,0.019426603807066227,0.11041689447601241,0.08448036984747245,0.044670205696672655,0.049378468890973685,36,False
120,0.28291774898810174,0.15260279161168075,0.059782757117719285,0.050819114996475935,0.1401132488356763,0.01448209308923932,0.11903150561187778,0.08052985673208937,0.06257601253836914,0.037144870478770464,60,False
121,0.3193996465587945,0.1369763084055722,0.06909402587203979,0.06437099787469135,0.14279136902318693,0.021433119343187423,0.11883953070116643,0.043867297661393335,0.06544159355913218,0.017786111000835898,60,False
122,0.32205949049523214,0.16623879431076105,0.05579120240609548,0.043965122260995415,0.14926110688865385,0.03573639624961798,0.11042146538221417,0.04689669850468399,0.036673713209662666,0.03295601029208337,60,False
123,0.29134208324625765,0.1532434127067997,0.06279007188371095,0.06213050745686264,0.13983045489165746,0.02225124234025798,0.12340984553467352,0.06975659802490426,0.05711460958678004,0.018131174328095724,60,False
124,0.3167725932947351,0.1538597753164939,0.07464201409926596,0.03143680682987539,0.14946908815064905,0.019686768932999192,0.1230111898978465,0.04526818301724832,0.0509685289520861,0.0348850515088005,60,False
125,0.2999417729634601,0.13597661507164385,0.055700426730610986,0.059476014690896674,0.14858335475359571,0.009139533760975479,0.11815074405180753,0.06687378944136703,0.08894227079989886,0.01721547773574364,60,False
126,0.28998341728980465,0.15657067963507124,0.0659545070819394,0.05915811702755965,0.14509730126027684,0.011252864089038419,0.12623764062969808,0.06363759359863248,0.060231818369599566,0.021876061018379654,60,False
127,0.30742427177357684,0.16252753129334052,0.04685500334597978,0.05122199225394491,0.15141776454862277,0.01881048513433211,0.123742588186275,0.07315398354456579,0.0467374008075027,0.018108979111859685,60,False
128,0.3084754140077828,0.14271948835231046,0.05745551177616582,0.052728004217826856,0.16761223909227166,0.006349144890405754,0.11968417452250218,0.06322489443126812,0.056066669353460545,0.025684459356005704,60,False
129,0.2690181657120114,0.14495189367749403,0.07220292757580436,0.03683038094534305,0.1337077860381579,0.03866045524676221,0.1148656096609895,0.0600607374376725,0.07225191904757729,0.057450124658187635,105,False
130,0.27302920908390754,0.13527467000820922,0.05845314672917575,0.02273518746881804,0.17755131816753653,0.02351417005252748,0.12474572538231352,0.07731028526412573,0.06861724356816493,0.038769044275221244,79,False
131,0.2702608890779172,0.13582865339514794,0.08372517795529029,0.04699082455315098,0.15525229163419038,0.030387894240052993,0.10352417990125304,0.0689564984490608,0.06279312410271264,0.04228046669122372,105,False
132,0.281718802559724,0.15796463796656446,0.06632901646262508,0.04005114446879694,0.1431877625682617,0.030558622318168062,0.09236902181108657,0.061612421284634504,0.07901170352074455,0.04719686703939412,105,False
133,0.300964270222794,0.13781130278931733,0.06629867906980766,0.04293927273118995,0.14396800641051452,0.026037044443394008,0.11157075883773014,0.059159616818533704,0.0762430971945734,0.03500795148214528,105,False
134,0.2813726676915518,0.14002807297988812,0.07334430403618233,0.04866927207715856,0.1456032026774377,0.022525592177233992,0.10779384072642018,0.0840870176543235,0.06110017713770353,0.035475852842100405,105,False
135,0.30038935333285605,0.1405625167969858,0.0630230729748648,0.034210374776484996,0.1327159445823963,0.056822358533949374,0.11192738688920692,0.0672832786248183,0.05861207574696876,0.03445363774146871,105,False
136,0.27590093515365405,0.15228121307176962,0.06910112920174143,0.06458383529808205,0.12655573013295496,0.03273460397213815,0.11673446456699157,0.07172957673357531,0.06877429152951614,0.021604220339576725,105,False
137,0.2873467475952956,0.14150566163730738,0.08231077150596701,0.03404157789527543,0.14995430647223518,0.05117241017087086,0.10589388511813294,0.05755891914450245,0.04501723089527882,0.04519848956513443,105,False
138,0.2801984626749355,0.14250581222172137,0.0788926416890694,0.044368947429204005,0.14185108055752335,0.04322930370424029,0.12508282074257537,0.05252114015792963,0.053319737659733524,0.03803005316306746,105,False
139,0.30600945337448104,0.160003184146711,0.07336583114543145,0.040165375728811875,0.15135346355479526,0.036557112743351536,0.08571934844844159,0.057109177742665135,0.05983613719784226,0.029880915917468942,105,False
140,0.30139729866824483,0.1452512700646074,0.06390034954013445,0.054420338015492835,0.1365557994882487,0.04582558745251024,0.09802691227810865,0.05697506565169448,0.05839727701016817,0.039250101830790356,105,False
141,0.27355040529022745,0.14539999689169295,0.06680463280519407,0.046638835424712886,0.14351925531569762,0.044247208711063274,0.1206066099544778,0.06756959196934627,0.06040228982309075,0.0312611738144969,105,False
142,0.2863835655495938,0.14101242948774576,0.07287355628537122,0.058987353355182556,0.12830695803640157,0.022765424467830277,0.12241507221407151,0.0728260480698572,0.05849889208463165,0.0359307004493144,105,False
143,0.25867693765437627,0.14678307082429665,0.06961562148529368,0.05097597331312106,0.13724747450133065,0.0473921991695203,0.1076997703889067,0.0704574451053231,0.06057433210988793,0.05057717544794368,105,False
144,0.2834456644388231,0.14611596817262085,0.07126107497562642,0.039795512839522595,0.14591724221893074,0.0333098159357482,0.11463619700777661,0.0785255241848657,0.05204202691366168,0.03495097331242424,105,False
145,0.257709239269495,0.12717740630393645,0.06965250131107897,0.052862098228762484,0.14987428732350463,0.03398333028079303,0.09836951439807275,0.07294389380853035,0.08986407028338242,0.04756365879244388,105,False
146,0.29136472884032416,0.13342712593869935,0.05769663722686901,0.06285108709582292,0.13281698244621687,0.04000797132518518,0.10845265271542548,0.07293361841383665,0.07314960069451734,0.02729959530310302,105,False
147,0.2699729027469971,0.14406056727055097,0.07411653322889654,0.038435170630985845,0.1346223357615048,0.06371817045134993,0.1076055740433169,0.06964391251470022,0.05698502201960143,0.04083981133209631,105,False
148,0.27455324368014766,0.14588137786421818,0.0854253607575331,0.04642047898229396,0.13632842832894687,0.030154952748017563,0.10392513111262018,0.07780526958765531,0.06406889198359411,0.03543686495497318,105,False
149,0.25786255259581453,0.14596561997859112,0.07757308352942532,0.030342596783113178,0.1545430082845891,0.036341970812388366,0.10403471204890202,0.06609725485048365,0.049355682363621776,0.07788351875307095,105,False
150,0.2843033453686008,0.14263433377153206,0.06782544755471136,0.059781200514199,0.1439287750670553,0.03239539274432678,0.08362929187825512,0.07951078061048521,0.05048100072717484,0.05551043176365955,105,False
151,0.27070852797512146,0.15338545706848958,0.053025674600070384,0.04847806665151819,0.1674337437160527,0.04367737363351827,0.10095408773980545,0.05829718905023726,0.053547271607202955,0.05049260795798392,105,False
152,0.269451541380486,0.1463219540108634,0.06444070058601901,0.016279204237351803,0.1587705006129461,0.036226771011682916,0.11389408219730804,0.08612362225792997,0.07158170655442388,0.03690991715098877,105,False
153,0.27462229436826247,0.13092076358350357,0.06688024523029744,0.046350126235191,0.1468638950539602,0.050834889195418294,0.11111216751430648,0.06287057060528897,0.06782426377793598,0.0417207844358355,105,False
154,0.30566925232458186,0.14517667453858984,0.053134745616378466,0.04285084437658327,0.14357898203572558,0.032421962238235895,0.10912511916672604,0.08398704555106942,0.059219037785549315,0.024836336366560303,105,False
155,0.2835326588699073,0.15159541599347776,0.06635247035487962,0.04777642577742801,0.1364882892812535,0.029886829969802485,0.11408345809390942,0.07465910479843961,0.06236441236384386,0.03326093449705833,105,False
156,0.277995400405106,0.14763031799764328,0.06118454358847475,0.05175350536380751,0.13540319399620604,0.026713165548321437,0.10531191125331997,0.08338767651483095,0.06535357741783075,0.045266707914459255,105,False
157,0.27134556015017475,0.15893731070166894,0.06620789774597081,0.0482510192894714,0.14367762657474412,0.03223712873154693,0.10461326457065845,0.0453246230258579,0.07229358992795962,0.057111979281947195,105,False
158,0.2799479397704252,0.15922513399260188,0.07456562733503941,0.047563759410823046,0.1247262438665051,0.029833171704993926,0.11734222451276341,0.0615427274329166,0.051910221593319476,0.053342950380611896,105,False
159,0.27707856509790313,0.14802659976987026,0.07309349454835824,0.03746486335906893,0.14165956431906632,0.04328028049166378,0.1137446924749783,0.04997010221448973,0.07519041723831961,0.040491420486281536,105,False
160,0.2781316179500651,0.14287551870490986,0.0708969850776893,0.05053788781864307,0.13260394576474716,0.022103485013873513,0.10688441550022734,0.08615089050891334,0.05537180625630806,0.05444344740462331,105,False
161,0.276379983746497,0.14005493328548885,0.07130435610382133,0.046650632365442174,0.13874106656215382,0.03451774258104059,0.12448366883749912,0.0742469482080145,0.05678124974841513,0.036839418561627486,105,False
162,0.2761238785815378,0.14526530036498952,0.06833649406092694,0.05136924670996771,0.15375843928268404,0.03672204591193132,0.10870835626691205,0.07139758373434457,0.05702646874754136,0.03129218633916471,105,False
163,0.28162309490549986,0.1425556116474073,0.06958818721473378,0.04889281153433595,0.1434525827121193,0.04697258435256309,0.11065475940681398,0.059411366786403616,0.06809703543503416,0.028751966005088926,105,False
164,0.28666605275054197,0.1327130088919156,0.060571979089115484,0.06112442736555985,0.13869404222444795,0.03415417590638335,0.10090115707344234,0.06905322749203252,0.06584952739202597,0.05027240181453493,105,False
165,0.2622172050387529,0.13044736620985842,0.07567606373720884,0.04747304280209989,0.15890029111170834,0.04330155418666111,0.12416947703643605,0.051384204642907105,0.06562732164124788,0.04080347359311944,105,False
166,0.2706697471462674,0.13824917363372038,0.07397674036355581,0.0410713844730187,0.15147388862267572,0.03741339178791286,0.10350624272156841,0.07371400341274581,0.042931843386496644,0.06699358445203825,105,False
167,0.27905435506805887,0.15124104105211691,0.07330582031539884,0.040898889947974214,0.13264367851118636,0.0393167697268481,0.11870927708853735,0.0726643780752557,0.06592600934639282,0.026239780868230648,105,False
168,0.26244363718188757,0.1445826910579932,0.07334585470654059,0.03514978877201415,0.1574574980756698,0.042908782640925514,0.09596604246264327,0.05617203214322438,0.05632980694281345,0.07564386601628793,149,False
169,0.28809778863748603,0.138019389134666,0.05816481532201835,0.049214484465512826,0.1407063077093049,0.03954655564381858,0.10567598966667319,0.07933728605732976,0.06543311916996937,0.0358042641932209,105,False
170,0.2845026404661616,0.14545364615502274,0.05357506859721804,0.03773474214276693,0.13243571436969306,0.026594765392326237,0.10879445012932194,0.07347685499508692,0.07731503632147368,0.060117081430928886,105,False
171,0.2927828954668788,0.13862994371301923,0.06200403727899005,0.05524771427097367,0.15071016330538464,0.022307385383318303,0.09575533683104567,0.0581783210987648,0.07018711129992194,0.05419709135170282,105,False
172,0.2836388090656362,0.13945422311386127,0.0662107250163327,0.05778982316681626,0.15705712001841846,0.03260999891240032,0.10237680547919908,0.05569267227091866,0.06316643535743308,0.04200338759898406,105,False
173,0.2691794930057819,0.13785210786104163,0.07675278283133974,0.06157655273958156,0.13529167740636627,0.031100662520306584,0.11246159351416364,0.06331968196841814,0.06400843765276104,0.0484570105002395,105,False
174,0.2612824191032003,0.14897265451772787,0.07475242857581563,0.049573266514386045,0.13381615652123166,0.031693706856880485,0.1065426039527095,0.0723911465755385,0.05825411023749175,0.06272150714501822,105,False
175,0.27763810973225533,0.14452890290635295,0.06975109357054539,0.038592344969034284,0.14706919491137846,0.033657224909985864,0.10779551096399835,0.0796990948975622,0.06657883041402757,0.03468969272485954,105,False
176,0.28842192608720363,0.14492488841431042,0.07103709128157618,0.04720795170961,0.15797720865827766,0.032653801556321006,0.09568580709335901,0.079197611177554,0.04722625432122234,0.035667459700565646,105,False
177,0.2660861224995844,0.14532531849363203,0.078801905242494,0.05971998351169446,0.1232134197063052,0.049276345220091514,0.10672209569730542,0.08328280362180286,0.039314646867929834,0.04825735913916017,105,False
178,0.29016853451461183,0.15341640985440264,0.06913752028726905,0.036841676700689725,0.1599280169372195,0.02055466895058193,0.09099496612681092,0.07685817694007423,0.0643450046602339,0.037755025028106314,105,False
179,0.28182943669844573,0.1349060517451452,0.06236017367724452,0.058925753580098675,0.138815075405836,0.038325554571688875,0.11084578892814276,0.06236975539018078,0.060045180765685435,0.05157722923753197,105,False
180,0.2900634043912676,0.14706188225343067,0.07294635966168464,0.050925675753439266,0.14185531797742493,0.02760822713002221,0.10825548804384091,0.06189375778298141,0.04843879609812777,0.05095109090778044,105,False
181,0.27786348238978414,0.14783421660405457,0.060651459262873526,0.04939865436251211,0.138468986479697,0.03983349041810916,0.10983437854350689,0.07034909043942415,0.05736541163553511,0.04840082986450343,105,False
182,0.27612681210131995,0.1467546234579362,0.07799112868740096,0.05475934093798873,0.13380189177374288,0.04710827971541778,0.09558562966074972,0.07210848998034644,0.04373014096939624,0.052033662715701014,143,False
183,0.26123695129094493,0.14770584246954652,0.0734281445795492,0.05750170953115837,0.1315518394694303,0.032935240964994006,0.12496902119072076,0.06317561420192781,0.05593747758547959,0.05155815871624844,105,False
184,0.2711790941720526,0.13877586021404503,0.0712262900328245,0.0423998342561017,0.14000987514687177,0.034471598769673616,0.11104431725644477,0.08539484075351747,0.0656258922407518,0.03987239715771682,105,False
185,0.27714346454537786,0.15665268896073165,0.08909196417449401,0.0383685808502994,0.14527352883420408,0.023313182003397038,0.11741523051214978,0.07342571766618002,0.05208796293658105,0.02722767951658516,105,False
186,0.2605962683119413,0.13651145520875524,0.09080360309166322,0.03291344673902126,0.12756870891124167,0.06594979750958854,0.11351714605806561,0.06748813869531806,0.061454439158990216,0.043196996315414855,147,False
187,0.25640394513393067,0.14187549550695527,0.08087908442413588,0.02871054725779032,0.15299398508997386,0.026401565659056585,0.11512548011879017,0.06687069453039562,0.051047599980449256,0.07969160229852214,149,False
188,0.26245839219910094,0.1431640412463905,0.07682270532197714,0.03986874425493646,0.13731962478564735,0.054430809039920675,0.09614580976724978,0.07862424715645794,0.05500273177967239,0.056162894448646895,143,False
