ID,strat_res0,strat_res1,strat_res2,strat_res3,strat_res4,strat_res5,strat_res6,strat_res7,strat_res8,strat_res9,ancestor,alive_at_end
0,0.06385895301248025,0.05108693052615201,0.0054294100550948245,0.15664885441013807,0.15115627396097778,0.040932795823628895,0.04064604464144406,0.23295888229117495,0.17609384682411405,0.08118800845479511,0,False
1,0.07356197398434533,0.04533253929275097,0.0,0.15093212892110608,0.14485260502255337,0.025904815859556462,0.05236988920869981,0.2508083068449616,0.18758260475699934,0.0686551361090271,0,False
2,0.07736013332323785,0.04147875448518549,0.0,0.1539053619875662,0.1481569826735405,0.03800002819895227,0.05994654211299691,0.2110887062863748,0.19969329169190755,0.0703701992402384,1,False
3,0.062087900370298314,0.04946161055947467,0.012089188664897223,0.16545975381604436,0.12348412895217697,0.04784230739501634,0.040265341546788354,0.21991115217009174,0.19038672452949967,0.08901189199571237,0,False
4,0.05088722914435848,0.0581822335732792,0.004567676220926767,0.1539959493180733,0.1344382109131382,0.0667199823895715,0.034552918773431536,0.2127957086671015,0.20309975213706485,0.08076033886305461,3,False
5,0.05196317298237791,0.04269387729686,0.0,0.1631048291392779,0.12953052916737984,0.06697579000718851,0.035853813901611666,0.21348472250142514,0.1970106932278759,0.09938257177600313,4,False
6,0.06950373982490242,0.03991448702400421,0.015136973549517629,0.14807728421723487,0.15440683212449102,0.001827558778342014,0.06349141416578702,0.25465620140714457,0.17612572811343147,0.07685978079514476,1,False
7,0.08203053023584615,0.040747058068640346,0.016612010086462767,0.14087646795316458,0.14521364084257646,0.0,0.059363465638407255,0.25353400112211666,0.17250774140665437,0.08911508464613142,6,False
8,0.06633465157228045,0.05391085865671863,0.021139031391558556,0.14934387622129722,0.12314839180896621,0.04694780250290579,0.04638212887883106,0.21379508505237274,0.18961248113522017,0.08938569277984912,3,False
9,0.07140191098960678,0.045625346405506015,0.014582911999356421,0.13427133795532864,0.156647754761242,0.0,0.045497355466408554,0.25248845882152343,0.18852396433876656,0.09096095926226151,7,False
10,0.07371328791825578,0.039149282643194075,0.032443316758857296,0.13826600320272023,0.14504874379468596,0.0,0.052988169278356576,0.24961925271868507,0.1807229630069362,0.08804898067830895,9,False
11,0.09027380753315833,0.04033419661312682,0.035440761631951784,0.1135337546387642,0.14804560120685542,0.010130644326625367,0.05793630842214248,0.25735200607724285,0.16745774741837385,0.07949517213175905,10,False
12,0.05205268685204447,0.03663634039448176,0.04236990162294693,0.14309364077738077,0.15446584137035907,0.0170750726565838,0.04455652669634934,0.2478031555097393,0.16637222723006626,0.0955746068900483,10,False
13,0.049575295152908566,0.04346606921655926,0.016020395573689908,0.14759137305666578,0.1520177341236385,0.0,0.03952685109893355,0.2586366131492453,0.1981775414788619,0.09498812714949721,9,False
14,0.0783201665255204,0.05521047951482017,0.019087992050116014,0.10638667855765846,0.17216850399449557,0.0,0.04750057049712896,0.2467766730969217,0.1838279868534101,0.09072094890992866,9,False
15,0.05356458247217899,0.036285398211436386,0.04476651990261483,0.13809890706741354,0.15390714807056669,0.028394271735547923,0.05624812013373269,0.23860614266325392,0.16472621544530827,0.08540269429794688,12,False
16,0.04189622286046222,0.04864107489674486,0.03823552875557902,0.13409141759870222,0.1503270007463169,0.03124878328715034,0.0606801838472539,0.23734966045463574,0.17493574597021616,0.08259438158293873,15,False
17,0.0451462439521886,0.030074511572218826,0.03113272783405886,0.1398930573320987,0.1610125373963062,0.03376498127201037,0.04841903216209398,0.25156724815226833,0.17429686789362508,0.08469279243313114,16,False
18,0.07855609843497338,0.04561222901060324,0.02213796139960774,0.11081109684093303,0.18711512640981007,0.0,0.029740572603507907,0.2511049167362926,0.17737518095163124,0.09754681761264077,14,False
19,0.0951915476498914,0.030178466608699602,0.02745087656821324,0.1048150272878372,0.19580743608237516,0.0,0.029700419157771135,0.2564707826077216,0.15335196589604175,0.10703347814144908,18,False
20,0.06651984622932385,0.053927006756335584,0.02757487862133346,0.10578872275901094,0.15580003137517318,0.0,0.05471004138934285,0.2573415228825244,0.16872858072554803,0.10960936926140757,14,False
21,0.04864344538285147,0.03611968211819876,0.04074166514427586,0.1333183105438353,0.13412204012930523,0.05370129107147291,0.04519406138869712,0.24040250548169637,0.15896510662142718,0.10879189211823996,17,False
22,0.0791308820027625,0.03923848760035982,0.028415594675033743,0.10334687821856138,0.1983882300869306,0.0,0.020626134965180325,0.26461255830657676,0.1521772122657649,0.11406402187882993,19,False
23,0.07967490806612447,0.05612315735634111,0.022405860604186242,0.10045311672313006,0.20568639610718134,0.0,0.016817160854671623,0.24484561478250977,0.15905114103286924,0.11494264447298601,22,False
24,0.10588516767836449,0.061969815961513845,0.028498036233187196,0.12609494841372806,0.1598042582932657,0.0,0.04011557274225101,0.22886704174677158,0.1657929470344568,0.0829722118964615,18,False
25,0.08345187567145808,0.05331667990059906,0.01192241819659924,0.10396899614822806,0.20220297281006608,0.014938957728490005,0.021932872278214083,0.23752087802300184,0.14748496947726397,0.12325937976607967,22,False
26,0.0773177350853002,0.05196277665733554,0.011371693990009061,0.10070573630788923,0.18974022100091228,0.02407973428457832,0.026899737499586403,0.22987391365433057,0.157588919352436,0.13045953216762232,25,False
27,0.07351875416132264,0.047638014411957315,0.025742626376964815,0.11444351085232583,0.1843634835070905,0.0018170588149347227,0.013374874286002559,0.26918666165567434,0.1546455909536076,0.11526942498011976,22,False
28,0.07874796464829024,0.04230364492384997,0.007569481822860666,0.10488040281287508,0.20625898770725257,0.00806282431566182,0.0374603776468599,0.23243849892065827,0.1500904052949625,0.13218741190672895,25,False
29,0.12013147819046434,0.06556891239930539,0.026280492143241067,0.13391944736059186,0.14756707474068279,0.0,0.04791766989744571,0.2183684498084406,0.16162741830936148,0.07861905715046669,24,False
30,0.09137220715371812,0.016936781785425688,0.030633940943391256,0.10492692052109788,0.19218192375406187,0.003969720950036026,0.0480440562003217,0.24145837123586772,0.160220582590152,0.11025549486592773,19,False
31,0.05552839108421155,0.047121261149600274,0.026421925689198603,0.11101834551971608,0.1472890670839141,0.015235851320422713,0.054468868504192906,0.2623692096848388,0.16075381517302423,0.11979326479088076,20,False
32,0.041434462244005016,0.043584514939441765,0.043456088999549024,0.12824168403437933,0.13157965072380756,0.061901509429779865,0.04900376769668267,0.24534733068637524,0.1623337206730184,0.09311727057296118,21,False
33,0.07284238310483754,0.04350006293775578,0.02843671759841175,0.09489508205171328,0.1938212584161857,0.0,0.03517508110480125,0.26473747960687855,0.13972778984454673,0.1268641453348693,22,False
34,0.0876112963587893,0.04327904360124585,0.03195443266316082,0.10965754474737902,0.1983438940596932,0.010951498772005457,0.02483464945058931,0.2304030844188581,0.15191677387311378,0.11104778205516519,23,False
35,0.1251467610475617,0.06011980909828636,0.027418570462365524,0.12027047206541984,0.16951539292814002,0.0007880653671435759,0.02971322078172395,0.22662198828629637,0.16137677284796903,0.07902894711509356,24,False
36,0.08236900962855002,0.03089172088204549,0.03046994885226863,0.10436018022517934,0.16842246142652267,0.0,0.04206132256560489,0.255829309949776,0.183092157598301,0.10250388887175206,18,False
37,0.08669464264485005,0.03410252653924355,0.023694876169129374,0.09871725409118819,0.19749205836871486,0.01734558246370471,0.03969257823613068,0.22704755593403156,0.14093127468527455,0.13428165086773258,28,False
38,0.06745481080110612,0.07138998662744261,0.017114377235863,0.09808761039681867,0.20330059652455415,0.0,0.021652920116867234,0.24188553250961387,0.16959406424981,0.10952010153792441,23,False
39,0.0777550122117141,0.045465858026725356,0.011277839991877472,0.11951215362611388,0.18752020766560043,0.0,0.02287296947309097,0.2494377094830054,0.19411393381065026,0.09204431571122217,18,False
40,0.09178337420755438,0.021461998457676948,0.023765329840285385,0.10993456972169112,0.18877932359295208,0.003342161954670881,0.03778789013800593,0.25798104431140817,0.13224061894941055,0.1329236888263445,33,False
41,0.11018098632310228,0.056256337653015895,0.03661397338984976,0.12402173142497963,0.15784696311704838,0.00893640912525264,0.03520280782555669,0.22303639556906427,0.16663546406456173,0.08126893150756864,24,False
42,0.043816753415512485,0.03754743575927524,0.02730030245374693,0.12753028610590145,0.1329925510594852,0.05528168852644421,0.060709482042880424,0.24435421778916655,0.1698958394135871,0.10057144343400043,21,False
43,0.09663448124291647,0.012101442126636004,0.035332854317551725,0.10668217010376499,0.19190969096291796,0.008594497013277686,0.035419271388431,0.2585862414212294,0.15452052926346996,0.10021882215980482,19,False
44,0.04342523298212716,0.05298947060751986,0.05567811726953088,0.1213709113611958,0.13910896416509644,0.06628797626085053,0.04126332178858774,0.2316346552485019,0.1498311698176715,0.09841018049891805,21,False
45,0.11277472012261021,0.0699914812771649,0.024431599665401215,0.1336386325223278,0.15691246907861053,0.008608391462865246,0.031274000154113836,0.2204650043476953,0.15946869908105282,0.08243500228815814,24,False
46,0.10946069819512622,0.06487961248862008,0.026742916643059413,0.12361419515820818,0.1617925287295144,0.0,0.030946087660374263,0.218090246100844,0.15896130455037835,0.10551241047387508,24,False
47,0.053625228171754274,0.018985725812863428,0.04359355677489402,0.13514540963212268,0.14476084336731707,0.05477612168672358,0.03703110389027328,0.2579920844705209,0.15815717032526172,0.09593275586826913,21,False
48,0.09582534483843505,0.05727339197952,0.043673227311183824,0.13797029947743025,0.16494142028833966,0.0,0.028243068829334972,0.22998280817065114,0.16562838848265501,0.07646205062245008,24,False
49,0.03584774345020418,0.040482964312327,0.032999105155018936,0.15933689469794526,0.15523388895864346,0.01461959649708202,0.03929078729324617,0.2580978653334147,0.17517307920743133,0.0889180750946868,17,False
50,0.041101166407709014,0.03715544086000993,0.03448069135136174,0.12504197742644024,0.14601039668533902,0.05436821918130474,0.04091358179458844,0.2331999410484564,0.16867988965008945,0.11904869559470103,21,False
51,0.044310633541350675,0.03308558110483514,0.014144508698220537,0.141034424545479,0.14406930243665733,0.03377353762160153,0.04545213304487157,0.25563434578930866,0.17175133001169338,0.1167442032059822,21,False
52,0.07001765781551349,0.055487540292106306,0.036851729670621516,0.1098428678139868,0.15541545929154318,0.0,0.046927450340924486,0.25192197572802216,0.17670239944614635,0.0968329196011357,20,False
53,0.03481493002994339,0.06147833534968541,0.02452112450408793,0.11863570310695852,0.1331813207091403,0.053075710687245634,0.05089486550127898,0.25301847438088015,0.1643482316025444,0.10603130412823542,21,False
54,0.048867580262790304,0.024212780155793905,0.0513245177126208,0.13948115018059654,0.1297377732200494,0.05005920476336901,0.04360852505341146,0.24119135701590652,0.16201175613744165,0.10950535549802036,21,False
55,0.06561029899501632,0.035958433373865964,0.03220390401760853,0.1230498828155677,0.15532403999714836,0.0,0.0717114665817002,0.25300648058165504,0.1544940598605372,0.10864143377690072,20,False
56,0.04916952264778364,0.04312506028535481,0.05753915527209495,0.135625607620612,0.13390046255476423,0.03813106535836073,0.0423995173150901,0.256695786046222,0.14939627529026567,0.09401754760945193,21,False
57,0.05559312907028905,0.038145135068005646,0.04496801109804186,0.14063301625072477,0.12876929028115122,0.03135460877004073,0.04220798850052024,0.24855708557742776,0.17127856230860208,0.09849317307519652,21,False
58,0.02637842331360217,0.0488521617545597,0.04774328573678898,0.12458745968530037,0.12712911852742229,0.06521809134398406,0.052270160642277026,0.24507858828942114,0.16327972595736828,0.09946298474927613,21,False
59,0.06114879648193272,0.03226889969516821,0.04654541089003675,0.12150157690053132,0.1498045329052044,0.026270718885820603,0.06754810088945296,0.25214514739732113,0.15233716591728103,0.09042965003725097,15,False
60,0.05719636667485496,0.019023484746939084,0.038339905822632116,0.13004346603513678,0.140512430471636,0.06294921515522191,0.03971685222788998,0.2532075538526824,0.1561463394313925,0.10286438558161425,21,False
61,0.051048151647618265,0.03334692645537517,0.04882474987852924,0.13121513090405582,0.13884525954871704,0.057370896569082994,0.034508065717071074,0.22004730965830868,0.16691649384719448,0.11787701577404715,21,False
62,0.0757137403095563,0.044719306939289855,0.029885046610432998,0.10426936386766433,0.13901908974827445,0.013701635264703318,0.037297809685954954,0.2748926373813378,0.17204501805601805,0.10845635213676794,20,False
63,0.034983947377204096,0.032354595562496646,0.044629974963322744,0.12032537279805586,0.1458853082209366,0.057590658225084426,0.029252840719664584,0.25953883407082984,0.1727550131357695,0.1026834549266357,21,False
64,0.05393041159626946,0.04164133427877836,0.037372166014370344,0.12638164096839455,0.12799510683219043,0.03878590661767284,0.032866207827944784,0.24257356153832732,0.18159299821190827,0.11686066611414364,21,False
65,0.05469236616434832,0.0477690928596174,0.027622355530640887,0.14813063059822515,0.11878724222008057,0.04952204699361607,0.03440597518294965,0.23841707267406753,0.1718828994743314,0.10877031830212308,21,False
66,0.051602194493523844,0.05455074908351281,0.02365175261287121,0.1282878860407939,0.12229471658446102,0.05039547301529851,0.039485457210438946,0.26206325891601706,0.16677934577489104,0.10088916626819172,21,False
67,0.04497691637417533,0.022190775103462408,0.04640868004979735,0.13202563240667226,0.14213653272420043,0.05017120438798,0.041644438782200185,0.2488259952650737,0.15182276178012302,0.11979706312631527,21,False
68,0.038593531890962596,0.04617199373960445,0.036499237733120624,0.14640818239374764,0.14034359886835157,0.025015192329130808,0.05616582665579082,0.24428802249117465,0.17545166254776037,0.09106275135035641,16,False
69,0.046222431929923466,0.03639861616301229,0.04183550657302971,0.13885663832038353,0.143476742780137,0.0357108925819984,0.04744501754795078,0.23180873790291961,0.1721176449955335,0.10612777120511172,21,False
70,0.029584060542535442,0.0333417473604089,0.05853427914291731,0.14291690293561138,0.13425087677156056,0.06482876552128468,0.03742140819341543,0.24071273033899657,0.14320714202239104,0.11520208717087863,21,False
71,0.04466126768707746,0.04036363986421934,0.06451240771784245,0.11862508151603722,0.1303770181371524,0.04621305812466401,0.04549068965539877,0.23664620868300149,0.16511023725496857,0.10800039135963836,21,False
72,0.040917038274225076,0.03676898466570903,0.06401228241400897,0.1136057838825299,0.14492860427719287,0.05207714875267164,0.06948206618885741,0.24900381651973394,0.1456872210262802,0.08351705399879099,32,False
73,0.0478783731577778,0.0465787688263225,0.06498788699797928,0.11470358222812559,0.14346569745651722,0.05833215042514394,0.048859140038898276,0.23030010331359987,0.14805557493063728,0.09683872262499826,21,False
74,0.06563309015662325,0.03429371195268766,0.03769620734034408,0.15127015332823987,0.10857793667736478,0.05242111386285516,0.04423039409829683,0.2357523078155135,0.15689043614255527,0.1132346486255196,21,False
75,0.04618015912125188,0.03951015506346846,0.04115892269844232,0.12478973813644505,0.1351407685007475,0.05448622109696188,0.05111157521846622,0.23678514295931713,0.1705685093901072,0.10026880781479225,21,False
76,0.03834341987340789,0.046850690459687434,0.05540794956440021,0.12153460482221752,0.15410808332871417,0.0773506346190441,0.024912955870872944,0.24807378206787847,0.13741703841308706,0.09600084098069023,44,False
77,0.04949600877781339,0.031041328318794432,0.027338697771440646,0.11755291004713567,0.14745370874152636,0.07354190887251791,0.0429699011000931,0.24214492264862145,0.16185182470186066,0.10660878902019634,21,False
78,0.04371367855311928,0.06335683613871719,0.057241947163435114,0.12054190195028015,0.12982860463187887,0.06293665842120383,0.03777003749412594,0.2509775841216595,0.14063412557261604,0.09299862595296426,44,False
79,0.050198309252266496,0.03969500224294602,0.05462397246693539,0.12436790117671732,0.12278549855105246,0.06546399753363721,0.039058233660607136,0.23416269161644415,0.17872085657766487,0.09092353692172885,32,False
80,0.04180351667627834,0.043060930541941954,0.028033535376512507,0.12970646270058284,0.12104586516277949,0.07270975639400781,0.06811234721405049,0.24632899243208567,0.15952654771198174,0.08967204578977925,32,False
81,0.029432077178980595,0.02425791303994053,0.03989826099614562,0.1287643804779531,0.13634243439844912,0.030401281702918802,0.0460700858927315,0.259346895557785,0.17757923464805117,0.1279074361070446,21,False
82,0.07113073758629505,0.034308546803269425,0.057695332975905386,0.13896772727487458,0.1307462561846191,0.04416194173117866,0.02868942720497476,0.238867226643658,0.14370301118215664,0.11172979241306835,21,False
83,0.04192310912998383,0.03241734955503374,0.054963528982014905,0.12033405381851471,0.13858044159543084,0.05871913268614414,0.044930136448467266,0.23506277180877178,0.16303524935402336,0.11003422662161538,44,False
84,0.05571044422063327,0.05597406479805398,0.06075884148178223,0.13177686933488958,0.13030561476408467,0.05948528591897257,0.04161657355936649,0.22656068303732874,0.14738971937704995,0.09042190350783852,44,False
85,0.03281374104039505,0.05087575065178918,0.05942855116960134,0.12477275830375609,0.1290108515517705,0.06748784847109708,0.034001946900064806,0.25077479421068716,0.14453185246898695,0.1063019052318518,44,False
86,0.049296108068455025,0.034677876509164936,0.0369679379782553,0.13405203671247096,0.1394672182412046,0.07340768763880536,0.04855874764385149,0.22792617081957844,0.1654647812204529,0.09018143516776092,32,False
87,0.04192531691462397,0.04289503618342645,0.03492216346469034,0.13087347007964756,0.1439915218562225,0.06957410130192496,0.04350588685006023,0.24536295348633322,0.15739408837055352,0.08955546149251724,32,False
88,0.04588628633365753,0.03861323518016419,0.0664928649918972,0.1348826934120913,0.14262048547035375,0.06494628024941883,0.019724432855060575,0.2313020141681693,0.1642675808284917,0.09126412651069565,44,False
89,0.04890338350897519,0.05839364157267984,0.06607232365181019,0.12834294783269048,0.13272930166316724,0.05879769300404254,0.03292544045580597,0.22899775970512165,0.15651784147057432,0.08831966713513252,44,False
90,0.048768774441146585,0.019369994756973073,0.0414909891020479,0.142130894430956,0.13935561420250978,0.06823704150105057,0.047002118341070896,0.24828364381818832,0.14964769817062082,0.09571323123543597,21,False
91,0.0424645172455972,0.04695766430868956,0.04987283838313482,0.12571450838588583,0.12539244070119118,0.05514107212746738,0.05603028853232517,0.24362223573817032,0.15953891635957151,0.09526551821796694,44,False
92,0.031658198251354845,0.0339166898539512,0.051501101966788435,0.1337419831163925,0.13573113942902595,0.0819990085898604,0.016125178250412237,0.2588060025562147,0.1459393564400963,0.11058134154590336,44,False
93,0.02975791513696544,0.03247400875714912,0.046024936900755785,0.13368288229990372,0.14177803739753875,0.08317731046722956,0.0422038478171987,0.22085318900252857,0.14870425504629933,0.12134361717443105,44,False
94,0.056134712136620475,0.05711341509253796,0.05473160882071423,0.1144490730231183,0.13882054354033896,0.07129166453014438,0.02583555489105919,0.22825443484710228,0.15209088461899856,0.10127810849936568,44,False
95,0.021280603831961183,0.05195981746490127,0.050954627183684535,0.11514963582442655,0.15540754495106573,0.06869271726429602,0.0323754261813062,0.23969802395098977,0.15439635748074745,0.11008524586662129,44,False
96,0.03495850283031773,0.05616051861267496,0.06854289836228918,0.11958218487706967,0.13302971176099238,0.055876318154406295,0.051611180367044325,0.22614723240665224,0.14869104591025528,0.10540040671829803,44,False
97,0.051691962278909515,0.05743829201303705,0.06429260068397447,0.11847998253806127,0.12723282665915953,0.07583273269916964,0.0404949443743106,0.2263652928971951,0.15304313760288918,0.08512822825329351,44,False
98,0.05911589731353715,0.043243617737853214,0.06908485035609453,0.12919896721088683,0.1259495967158544,0.06757445685799227,0.05096110965507676,0.21139534326065143,0.13548894407620338,0.10798721681584995,44,False
99,0.044430164709830314,0.035090388916367066,0.05186576430001403,0.1320950441479098,0.1440804609573895,0.05422455655242585,0.04590271581960445,0.2390728925025094,0.14408017161036182,0.10915784048358783,44,False
100,0.05531231634859203,0.0494048403128012,0.04445045263944695,0.10505182302950344,0.1476510728194066,0.07387452389995929,0.032658490929180856,0.23174653214200736,0.15024309808656086,0.10960684979254152,44,False
101,0.05894041429115163,0.05212892693026803,0.04617211088101594,0.11887478940665785,0.13015273122819954,0.07507914751482223,0.043109678350858584,0.2314955337512879,0.14219328550035895,0.10185338214537935,44,False
102,0.03620508375020154,0.05515820190235322,0.04362512921391025,0.09851645730858814,0.16475659460162578,0.061820189112866665,0.045374332946643,0.2526515653186957,0.15129337781318578,0.09059906803192998,44,False
103,0.05456309675408903,0.04653274710027773,0.04837650385214877,0.1168603039196661,0.15497398764809578,0.077054377418035,0.02534871473512719,0.22418833906069788,0.14975937111978785,0.10234255839207468,44,False
104,0.03597581808827606,0.047382435464655495,0.0653426295961604,0.12833904979368785,0.13247527406992543,0.07266348491984213,0.054457527129730315,0.20920334976482236,0.14731766267534074,0.10684276849755922,44,False
105,0.05546536780743583,0.0527007580600373,0.051396536857279844,0.125620339005476,0.13470813905816553,0.0771178905337574,0.03525804612744888,0.22186907318222027,0.15283948452128296,0.09302436484689598,44,False
106,0.04487393062764848,0.03728340145343558,0.06150942671003263,0.12157254889187212,0.15713420128026578,0.07102093444161367,0.040260228097371724,0.2290633826657274,0.15001856776327116,0.0872633780687614,44,False
107,0.044548293027170886,0.052483674169256055,0.051460878636217684,0.13575026019189332,0.10581102988858106,0.06553860990288907,0.03045456558903674,0.24845548018625307,0.1690477777167961,0.09644943069190605,44,False
108,0.04920804584845175,0.06581973970698868,0.05782475640975431,0.10359633133084792,0.1362380747686281,0.0571130743497222,0.026035367866457576,0.2378056212585129,0.16014016429211875,0.10621882416851794,44,False
109,0.04458182456790551,0.05589570217903876,0.052921563557485105,0.1289240807919776,0.1491020857819034,0.05215362112801668,0.01476005371378197,0.25057800115857315,0.16299513893644527,0.08808792818487259,44,False
110,0.03611272221483819,0.04772361955250093,0.05460291540076728,0.13085280078951916,0.15046936415915144,0.04711845329111621,0.0384216523460165,0.23523241109027418,0.15583804201481943,0.10362801914099665,44,False
111,0.052649463319226486,0.04501215135767459,0.05214837632742417,0.1252035046229951,0.11547384983724279,0.08741911289307462,0.053395229443911084,0.22820095860047265,0.14302058930901654,0.09747676428896204,44,False
112,0.06441521889648441,0.06371284994091048,0.06799026858310057,0.1207513999297212,0.11713116918443604,0.06872872888182663,0.03685534158262628,0.2183360079649577,0.13827521570497917,0.10380379933095743,44,False
113,0.04455240199961791,0.05898820498218132,0.055535662999450036,0.11445287104532997,0.13303011507892276,0.0644712487420988,0.05364884504247004,0.22802852405949298,0.1465977122607724,0.10069441378966378,44,False
114,0.05013692475486958,0.05800719362400143,0.06710476518273763,0.10852959796235623,0.12113976544434553,0.07208268400969665,0.034346937774848964,0.2342505413891319,0.15067103685996766,0.10373055299804441,44,False
115,0.0351032805990021,0.048715083376573716,0.06500363491537489,0.12369914707074463,0.14627889673484312,0.07359425861979375,0.050332581517952606,0.2317194569315275,0.1489809766511948,0.0765726835829929,44,False
116,0.04699655174364016,0.042581431201115676,0.06315810598117232,0.11719029277815744,0.14247386235207285,0.06858605755500623,0.047467483870815494,0.23368224099124546,0.1487475040359286,0.08911646949084572,44,False
117,0.056599093292305426,0.0597976532879593,0.05069689791814819,0.11689706160749297,0.13397343866259248,0.06931644400070774,0.04486476607684861,0.23778831281519502,0.13251885011700373,0.09754748222174649,44,False
118,0.03907160900401089,0.04644912662782878,0.061237138445393184,0.13280344970781308,0.1314492680983738,0.07725370347875346,0.03643400087562577,0.2331106842586541,0.1507795182362009,0.09141150126734605,44,False
119,0.03424230499511155,0.0693119585711177,0.048751657269038136,0.12063736965005697,0.12558321442344006,0.058929399131679515,0.030535719256037697,0.24171186770054784,0.15880197121087997,0.11149453779209058,44,False
120,0.03463084066095581,0.06262088360291672,0.05270007334791667,0.13905574993220232,0.1367065855350337,0.06475855553538026,0.03435368836257175,0.23524278987207586,0.14862148911495257,0.09130934403599443,44,False
121,0.049727582320648604,0.0671191675865257,0.04400445982243091,0.12372605363088703,0.14445530099726092,0.05400339243269903,0.035735378851632915,0.21872029870941845,0.16861481292129263,0.0938935527272037,44,False
122,0.04885733608199789,0.05301699959239156,0.06093390730394392,0.11407655123587122,0.13934762052013935,0.051660444790765425,0.05114388680859185,0.22141999946089244,0.15040933125908207,0.1091339229463243,44,False
123,0.03897616809500273,0.05630505854783717,0.06772401519909552,0.13675056524750887,0.132741908290982,0.05933749621240752,0.026116639489956364,0.24265620700957438,0.1556429101334213,0.08374903177421426,44,False
124,0.04423212474038007,0.05592067484170048,0.04961199041542339,0.1073900366666452,0.1307061584119878,0.0685181463642832,0.05154616659876943,0.23256744317374525,0.14698773666003184,0.11251952212703344,44,False
125,0.0456881133954948,0.025189670362593886,0.054384065074047694,0.11609103449758518,0.12892713267452344,0.06742230977074833,0.041554450451523735,0.2559702018251839,0.1535688139599674,0.11120420798833165,44,False
126,0.042549125574377476,0.049823541400223006,0.06715115455872565,0.11858971174816951,0.12881842499375992,0.08600385586626652,0.03748176027062698,0.22708580836273115,0.14572548789366466,0.09677112933145515,44,False
127,0.04033381580906998,0.058793384949511744,0.05849857338760039,0.129973945048923,0.153291525379095,0.060289909585081874,0.030597624502422822,0.23639288177396342,0.14199560255950983,0.08983273700482192,44,False
128,0.05303235378568464,0.051924181974811814,0.06518114848448296,0.10293812367216071,0.1461870918775617,0.07804009664259305,0.04858789057306399,0.2238429183938652,0.13373697589695446,0.09652921869882149,44,False
129,0.057881982752452134,0.051521015365329784,0.07276561662458124,0.11360370780078502,0.13465830260468817,0.050347845496436894,0.04223121203011022,0.23347715964004725,0.14165926913388047,0.1018538885516889,44,False
130,0.057505508007832704,0.05465745266567912,0.05135438023377245,0.10561586414408677,0.1277446500570058,0.07995272467040482,0.04124391070955645,0.22878218686022597,0.16510236008483464,0.08804096256660135,97,False
131,0.04213314079101021,0.03960502090597539,0.06460556547947267,0.13978461115997515,0.13133184196598932,0.06387472182681977,0.05351010864512396,0.22418074817710526,0.14233744221855554,0.0986367988299729,98,False
132,0.044315196571390957,0.05004252435933427,0.055020524158194736,0.1414153730073774,0.1315814247359686,0.05509599078892331,0.033586570321987017,0.22914149279757184,0.15606027115796872,0.10374063210128322,44,False
133,0.032847897154904146,0.0546905569401332,0.040890572262755866,0.11779790874094344,0.134323192144074,0.08477022206609176,0.058135071844188174,0.23128464412862562,0.1489965486671965,0.09626338605108718,44,False
134,0.02817380143118931,0.05289142853067653,0.03872258506182006,0.13181048923480754,0.14246305845743182,0.05894052129275213,0.04310954756409179,0.24794782962041073,0.15702695772776568,0.09891378107905442,44,False
135,0.04549943815723449,0.04900107774342703,0.04880247544876471,0.13318990379877504,0.13269252623211272,0.0651593042494722,0.03529449778400964,0.23015964798547084,0.15621315637957156,0.10398797222116163,44,False
136,0.018294313564609494,0.042717559096778934,0.05628646759498796,0.1034372839472855,0.15853338696618668,0.06677072991431193,0.058351315250508615,0.24540350645596418,0.14259045791021804,0.10761497929914864,44,False
137,0.059575567579636224,0.05834219227558797,0.04736178741209235,0.11047163208639486,0.1348422011415152,0.06804666471506314,0.04948377807063498,0.22115183727891827,0.15647176732780488,0.09425257211235213,44,False
138,0.07188273227510669,0.06745891120139023,0.04023596226277548,0.12597696320288032,0.11893566853617513,0.07275891675927779,0.04171435486708582,0.2261014061637569,0.15208604691502298,0.08284903781652866,97,False
139,0.06362925679060655,0.0447515866816311,0.07367232827225537,0.12223987441023576,0.12632542127383337,0.07565057229948659,0.04900055274967786,0.20587368334902814,0.13157598708688548,0.10728073708635985,98,False
140,0.06923940444568286,0.04512321499515228,0.07547082956596052,0.13076941688302934,0.12438557384926867,0.05156674220696394,0.04944600394234464,0.20684956002434102,0.1406054557605321,0.1065437983267246,98,False
141,0.058213374031618255,0.041777757838529946,0.05210374145867309,0.11830113051731427,0.13343309857863137,0.07850120809004772,0.04462864724362197,0.23248689173914508,0.1568214288807833,0.08373272162163495,97,False
142,0.03874669331876154,0.03763105353644675,0.04333767538349766,0.11387863493303611,0.1277947157851844,0.07709085376345597,0.06194969818602828,0.2463380579981255,0.15200547394767033,0.10122714314779348,44,False
143,0.07589018827803266,0.06318801083155873,0.06628146412175326,0.1084459064418128,0.12248083105069722,0.048370280343302666,0.03333300322973608,0.22401075841702484,0.134725156169937,0.1232744011161447,112,False
144,0.06633029338165855,0.05318559996194778,0.05763724141932657,0.114139502073359,0.13190857195683844,0.077738070604871,0.0394202863541467,0.21279252873420162,0.13570886946930735,0.11113903604434291,98,False
145,0.03287865538123555,0.05991605027753944,0.06451609909090522,0.11698108747797975,0.151420210850403,0.055338756708581814,0.0439528853543206,0.2343362087546371,0.14600506411725206,0.09465498198714553,44,False
146,0.04858923713856535,0.034341411471268166,0.0698718838787083,0.12284027797181611,0.14057183424353645,0.06316988717679793,0.05365042512744344,0.22164957954693637,0.12288950552998754,0.1224259579149403,98,False
147,0.05377773129056289,0.05283091152711272,0.08977584391235029,0.12188330630196409,0.12251793475174629,0.06893697151654828,0.04479593886016569,0.20881517825664245,0.1460086221238464,0.09065756145906098,98,False
148,0.057516500056489596,0.04653295659325985,0.047527540027116164,0.11979454089380014,0.13117198454752166,0.09140448181528821,0.04043148134248413,0.227619470786537,0.14995721849464336,0.08804382544285981,44,False
149,0.037116654206529105,0.07234905201185021,0.052560422126870836,0.10803406369965723,0.12767733355958674,0.04781339654550843,0.03843069101151193,0.2559302427775625,0.15469085945827288,0.10539728460264997,44,False
150,0.053387141444965674,0.06824366467755592,0.05042299281054115,0.13011592294850924,0.13170334686062463,0.06405550329448102,0.02829877355000365,0.23657542921137661,0.15697835719033196,0.0802188680116101,97,False
151,0.035688894810715195,0.05638296047303703,0.06038295465121344,0.13415786121008083,0.13365596045528538,0.07486966409825455,0.036891899336427995,0.2420595543728099,0.14431551772034806,0.08159473287182775,97,False
152,0.0388213241962497,0.07010074099755587,0.056717742533031947,0.1102227908175883,0.13853453482119826,0.06891650361949725,0.030493942903107217,0.2447466306305656,0.14928704889036215,0.09215874059084371,44,False
153,0.04918763725074133,0.057374948136481294,0.05692877578335659,0.11993781497173465,0.12600946658605888,0.09513888324149267,0.03592638066709296,0.21802306318538084,0.14593331859762065,0.0955397115800402,44,False
154,0.08496025681500621,0.047499569347791176,0.07349894278713993,0.11661030652669252,0.1363118113862921,0.04974312143367472,0.04116983636723802,0.21309754405931844,0.12185935634582207,0.11524925493102486,98,False
155,0.04705968196101333,0.07192335042215067,0.06438530936196171,0.11210947723478562,0.12958645485803674,0.07262057258023588,0.033806485383803125,0.2249359781286027,0.15810605794085542,0.08546663212855478,97,False
156,0.03530553388777239,0.0387451447611932,0.06286809395728225,0.1200030526733367,0.14627721405042807,0.07187033050144634,0.05141456739159581,0.2282545931729126,0.13873591097335788,0.10652555863067473,44,False
157,0.05255961647555804,0.0592893992200128,0.0553843979975017,0.10580763134961403,0.13123301564966774,0.08163222253783065,0.052449785570357774,0.22313185359807128,0.17088876876299683,0.06762330883838906,97,False
158,0.05938491898087693,0.03819269039363142,0.0755285547334375,0.12767740096289096,0.1220570056788811,0.07643814285712949,0.029725455063507298,0.2103286170060425,0.14082553192616054,0.11984168239744225,98,False
159,0.035958736324759814,0.06176354654628327,0.06311757630985596,0.12889706887770014,0.13572815373823532,0.07604689943072428,0.04517082458671521,0.20251735948673966,0.16589447087920847,0.0849053638197779,97,False
160,0.028241617196443233,0.05042396708883534,0.06183553839821469,0.11746311776558474,0.1381654448529317,0.08136240524768559,0.046750917408256806,0.23269174555384095,0.15110985105045144,0.09195539543775551,97,False
161,0.06486090297235884,0.037462159337561585,0.0684599098562311,0.11521477401646602,0.13481024188191318,0.07801227411809457,0.05191228678842364,0.20070576001816465,0.1447701184166449,0.10379157259414157,98,False
162,0.05979522236500876,0.04302650315597653,0.08217896124144726,0.12124501688904729,0.11108569502363849,0.05355078296111274,0.07290732055110435,0.20937871845268624,0.14812861539299715,0.09870316396698109,98,False
163,0.05830218826109684,0.04422748580661443,0.08225930919857534,0.13826253469083694,0.13770618238084698,0.048795848739667066,0.03515304578369608,0.22280043262907145,0.1176547999095068,0.1148381726000879,98,False
164,0.04977545891864917,0.039046043577776725,0.06638804425810012,0.14502888561738106,0.1412366207422108,0.07915711923860015,0.053817697832917476,0.20628517307402236,0.11451991827396504,0.10474503846637699,98,False
165,0.06711804951327865,0.051367505322502734,0.06078967936300609,0.12065281050433865,0.1451247425196101,0.035316928978270754,0.03727083861239816,0.23570644740274826,0.13748201448948366,0.10917098329436288,98,False
166,0.04520168798749295,0.05564174007283874,0.08240745371238947,0.11833334646308824,0.1309858754632372,0.07395275694328003,0.04197535311333725,0.21087623842316042,0.1488301047874218,0.09179544303375384,97,False
167,0.061672206135211925,0.05312532898842537,0.06601635063081406,0.12354284352662209,0.12084043365121458,0.09254923294585143,0.03269211584267394,0.22976069920480485,0.15514809188171474,0.06465269719266696,97,False
168,0.051870057634395915,0.0399402375150789,0.05956215685156492,0.14362571329493778,0.14324123255872165,0.04313797789777895,0.05114667456364166,0.22476384795817506,0.13716415121479086,0.10554795051091434,98,False
169,0.04018334522491004,0.032559621051454914,0.05692828525929534,0.1137444469994183,0.13914619551540114,0.05037695074354877,0.08295827143977962,0.24934094788013403,0.15737168186983605,0.07739025401622202,72,False
170,0.0615085079755153,0.051112968513663745,0.05471600356848128,0.11962057127581728,0.12817682823684073,0.07252699631739491,0.04212746505088447,0.212975741158632,0.17603108185426314,0.08120383604850717,97,False
171,0.07250146700151279,0.03728714696773482,0.06466334143060491,0.12342155408887823,0.12878651879925102,0.05295775162580721,0.051073863955158304,0.23221840725366413,0.13180073324468627,0.10528921563270231,98,False
172,0.04611137575773098,0.034594855098218885,0.07856654602387507,0.14828830453178482,0.11592814849734165,0.0691193069253935,0.04382346739847382,0.20981366956601177,0.15599470909827529,0.09775961710289421,98,False
173,0.07746727633400029,0.05758386488539075,0.0683994159060555,0.1342888068099759,0.13062971033029158,0.044470258460094746,0.04830988470978926,0.209396250458855,0.13508500592740455,0.09436952617814244,98,False
174,0.05237007672955674,0.04927179272838035,0.06861458580049462,0.14340298303690968,0.11927628513866373,0.06346453094626427,0.04319112348056293,0.21847530541612137,0.13431751428424105,0.10761580243880531,98,False
175,0.07147151184270917,0.043344528054821974,0.07750498165845446,0.12585401023118176,0.12249727106606187,0.0586996198107394,0.059735200400786614,0.19910079121689625,0.13571851208015123,0.10607357363819737,98,False
176,0.10804463701967415,0.06656985237398867,0.036629524581721154,0.11447515753864272,0.14176461045741537,0.015616733342121245,0.06832084615811887,0.21194582563128694,0.15662406511230795,0.08000874778472288,29,False
177,0.07432881835217274,0.06618563020993862,0.07405395367127103,0.12416884478390046,0.10327318929583275,0.05420075658358014,0.03406747846497929,0.22650761075428594,0.14116154831812025,0.1020521695659189,112,False
178,0.05584914373940769,0.05397886019376977,0.07879057131527951,0.1157978060474526,0.12129258681599245,0.06411119499719645,0.037261704869198276,0.22587244689023875,0.14352483237006325,0.10352085276140127,98,False
179,0.049470531269635507,0.04489157080680368,0.06470170973370297,0.1312364414756371,0.14790413872924665,0.0763595760139441,0.06828017080829289,0.20032134806516969,0.12099946427272751,0.0958350488248398,98,False
180,0.07094966613021095,0.05790374641344278,0.06541677960066071,0.12061155659282696,0.12829272129942715,0.06693487969767416,0.0383359869438215,0.19944209882874328,0.1523972015454902,0.0997153629477025,112,False
181,0.0747655394043929,0.03064653501116185,0.06322275176017755,0.13474705534668052,0.13810160652403045,0.05884672272637684,0.047371051476972036,0.20073353158074142,0.14562898155264267,0.10593622461682371,98,False
182,0.04907860850033772,0.056332204531577015,0.075625652039519,0.11463180124244404,0.1242431146856494,0.0760171810183898,0.054705617196951745,0.2091103760601316,0.12608487346697636,0.11417057125802321,98,False
183,0.057174250941064444,0.05709043853080575,0.06100135389202686,0.1314443183868447,0.12077594592391315,0.06196062639355158,0.05923151377179511,0.20422168140885102,0.1394884220875176,0.10761144866362973,98,False
184,0.05857108685555308,0.0522061419218458,0.06996159029748089,0.13594923179655938,0.11842245019736707,0.062449338664726683,0.041917775131594476,0.2069507028978302,0.13816315318568995,0.11540852905135252,98,False
185,0.0558010573424936,0.02903766228801143,0.06869120369163986,0.13567353578895708,0.1305037211948259,0.06335867716543116,0.05516730086876048,0.21645620955024886,0.13113615201022766,0.11417448009940406,98,False
186,0.060156606592642436,0.05483168875098171,0.06851321795323716,0.10696768551463998,0.12076598974350575,0.06951894251584048,0.04730677065058054,0.22029222397409065,0.1379457714099664,0.11370110289451497,98,False
187,0.05408855502646617,0.055351696104126984,0.06892543308124062,0.14135818550376575,0.1165883362377406,0.07826426663052759,0.05988813551436785,0.20223083126145572,0.13206482735238717,0.09123973328792163,98,False
