ID,strat_res0,strat_res1,strat_res2,strat_res3,strat_res4,strat_res5,strat_res6,strat_res7,strat_res8,strat_res9,ancestor,alive_at_end
0,0.05327968185182419,0.302759131830423,0.057791624810197596,0.3528251242079734,0.06734808728817039,0.004558085659739192,0.08833968883217765,0.03678451335071833,0.02289134369979143,0.013422718468984792,0,False
1,0.05312640132600099,0.3008782506469632,0.05974126734137462,0.3387240701712176,0.06693490932857958,0.004297131470057882,0.09154411062828238,0.04886422173431536,0.026910416642742005,0.008979220710466418,0,False
2,0.05689341797645734,0.2972671057405923,0.07277240133730402,0.3205891764137388,0.062220939407198826,0.0,0.0791721099878528,0.05431625935389931,0.03252013026185137,0.024248459521105332,1,False
3,0.06237807393365745,0.28338792732493545,0.07496897520426335,0.3229869411660156,0.04394553653066331,0.0020678731083057372,0.07251389197836491,0.07585667995362304,0.042867749922279465,0.019026350877891462,2,False
4,0.05259802119933423,0.3032081288540815,0.07214579064699178,0.31879103007017656,0.04614012569229476,0.0,0.0807578739511595,0.05073030655327702,0.03883378318081066,0.036794939851874015,2,False
5,0.055381833172953414,0.2923301689231237,0.0686253876930544,0.32422673437730104,0.06767590777979829,0.0,0.08313937950294667,0.04886732683590112,0.03927952331573112,0.020473738399190252,4,False
6,0.058011960721145124,0.27766544244427893,0.07241644508286546,0.3188094729055609,0.06986209952159937,0.009102819140870567,0.06755393775852878,0.06173394912902001,0.05166101381232112,0.013182859483809596,5,False
7,0.047391741471839034,0.2564238415592022,0.06708081506096678,0.2999963523768822,0.07462031918948196,0.01936177750017322,0.0800408287208336,0.06332456289744434,0.06337945842258604,0.028380302800590576,6,False
8,0.04437394271299778,0.26691716491858825,0.07191125945967765,0.30097111756438144,0.0807935155838437,0.03119347359884744,0.06665246358110821,0.057155211119901995,0.06573655204040733,0.014295299420246085,7,False
9,0.05300988631840877,0.252875242731951,0.08116208663099632,0.28063690735743035,0.07337703867692462,0.017334467748641558,0.07207019258061415,0.06456500692617138,0.06448348016988041,0.04048569085898149,8,False
10,0.039421702565861055,0.26925830805719214,0.06879928887204739,0.3049508143681257,0.08165551106870032,0.029066222653140975,0.08749906493359855,0.04215503099821758,0.06850853462100352,0.008685521862112768,8,False
11,0.04707847130755447,0.2444612722237999,0.08008161951963536,0.2610235436068215,0.0737586858294547,0.028369690686456436,0.060504994429835264,0.08282405949424701,0.06882052719839948,0.053077135703795755,9,False
12,0.042340181047409865,0.24155174045797856,0.05926050937367861,0.2814128406843817,0.06916816388608735,0.016305272819479837,0.0580288142289949,0.09715462031566555,0.07612290085140913,0.05865495633491464,11,False
13,0.035120112978271924,0.2788731827518105,0.08004669560573985,0.30811219157916,0.07506792513414952,0.012897679271729212,0.09266707009543884,0.042032319627661595,0.06332222399380735,0.011860598962231298,10,False
14,0.03555319378125275,0.2907316252015242,0.06124902788694862,0.30207030270880386,0.07192361964168954,0.004591426331711172,0.10407058398077261,0.037896565689549876,0.0770618710262219,0.014851783751525518,13,False
15,0.04131681086107444,0.24379140710376807,0.06707764708120247,0.2795982787778357,0.07375377208853309,0.0008499058712077013,0.06326691671440218,0.09294434987562455,0.08241926095817945,0.05498165066817235,12,False
16,0.043389852791845554,0.2436353053166151,0.08621443432904663,0.2625375577444632,0.08075204185819887,0.03276773269302841,0.060711212797451224,0.07379684742717363,0.05546940797416081,0.06072560706801669,11,False
17,0.05973599189113634,0.23014665824903208,0.08688062079899123,0.2595932583221135,0.07870925301278081,0.03427994698662146,0.05491803845009349,0.08406369242299859,0.06441745850289365,0.047255081363338794,11,False
18,0.04014013955988014,0.25329506439082033,0.06350973425637513,0.2720430761779341,0.07815607264919072,0.0,0.04624460830362951,0.10008996280225162,0.08762543688137729,0.058895904978541185,15,False
19,0.07208433001763578,0.23661240356069874,0.07863549016027317,0.25096989997401253,0.07543701260061686,0.0183530475794264,0.060263001764455246,0.0903054406596228,0.05555976188062023,0.06177961180263816,17,False
20,0.03993923344698446,0.2507218275463304,0.06483373719547791,0.29042297954984997,0.06967604462116907,0.01597926564482094,0.08005064504577968,0.06474188345898535,0.06029744560215534,0.06333693788844677,9,False
21,0.0496045883554505,0.24980135916237925,0.0721285392449913,0.2636539752143394,0.0750200256006745,0.04806747299119877,0.07257626190146699,0.07239549151196487,0.0377380513003078,0.05901423471722669,16,False
22,0.03983983638290112,0.24339368154694058,0.048403424975872904,0.27965041145913916,0.07132633214090564,0.0168002145820286,0.07294518263563424,0.09909527140563298,0.07940479863282075,0.04914084623812415,12,False
23,0.0404105315356217,0.22961267206793337,0.0813751341066832,0.2739361972944738,0.05671976990203689,0.03166471485645016,0.06830484548836611,0.08806176855172283,0.07687540316568345,0.053038963031028535,17,False
24,0.041245603618954914,0.2412309709524363,0.08349848607401497,0.27160183347287575,0.06595393255231395,0.03036367586907138,0.06549914682699115,0.07297000126758786,0.06716728709513936,0.0604690622706145,11,False
25,0.05738229173669941,0.24912618304261702,0.06821009941430431,0.287378868550879,0.07140937392807131,0.028028520119754225,0.06812030459289826,0.05449665676757741,0.06957213973229047,0.04627556211490857,20,False
26,0.06306633511020228,0.254754961984619,0.07337371438349514,0.2642297243867308,0.0733932429834445,0.04159469334310008,0.0808389004830552,0.08309495794312015,0.02468669794150777,0.04096677144072512,21,False
27,0.034699426706109135,0.2545923619333717,0.07867027694892305,0.27412026907600995,0.05954148560395719,0.011505909609789868,0.05827364416981925,0.11266308602611354,0.06691438073003207,0.04901915919587423,12,False
28,0.0478388528918411,0.2447677533270829,0.06710791152699608,0.28477785004943784,0.08505167764568464,0.008907787770289671,0.08339210742785509,0.0666495572281128,0.05714829495331619,0.05435820717938373,20,False
29,0.03853261282678452,0.22946770347133447,0.0890885088337881,0.28134163584573824,0.0649080647528976,0.026068452954248245,0.052759224607929874,0.09097257167140291,0.07355686407826158,0.05330436095761438,23,False
30,0.033367559761138005,0.2698522937338304,0.06510598854915944,0.3077990951102301,0.08722840074755749,0.023008802564750717,0.0922853691222646,0.04946194082169871,0.07189054958937051,0.0,13,False
31,0.034750375963886485,0.2657343468422889,0.07567648116049724,0.2995237159410166,0.09884741905350787,0.025205679528369683,0.07205029114215186,0.022342276541035044,0.0928402728764752,0.013029140950771035,10,False
32,0.03209448324446851,0.26777077013931283,0.07870535030804482,0.3051762130850493,0.07769201310925987,0.01937497311167029,0.06415178787146028,0.06637274014118759,0.06743571488210211,0.021225954107444437,7,False
33,0.03439904204676759,0.24808427554702903,0.07641142727135121,0.2844959029765001,0.05238729383631991,0.0028441447143436912,0.06888465981298651,0.11695010333169208,0.06100978118452645,0.054533369278483415,27,False
34,0.04915766348557101,0.27137244627926377,0.060325810135167364,0.2749166447465108,0.08403162544797713,0.04125206730445528,0.07110452477318467,0.07784217332230932,0.01622176495228235,0.05377527955327831,21,False
35,0.0508012491361165,0.2561725654871048,0.046829784045396367,0.3007767029332054,0.08739292962799934,0.03830163534427291,0.08307140697465006,0.05083427825850901,0.08027841488643842,0.005541033306307202,10,False
36,0.04357091297420486,0.2886030773883879,0.0688674495861888,0.2989487017720055,0.08202513940100226,0.004401773888631387,0.08864252499954692,0.03048852498775336,0.08785279500035521,0.0065991000019236965,14,False
37,0.03519066808580331,0.2532305917149496,0.07664221356225234,0.2910529015635519,0.06521628605439492,0.020482677754746426,0.06492014355594491,0.06655940364101028,0.06259342267331343,0.06411169139403275,20,False
38,0.022828968566985245,0.2552768372465864,0.0781274076754171,0.2739580221419259,0.03998124628215055,0.03211769435631209,0.06714420172015688,0.08530466223266779,0.07240811542662355,0.0728528443511746,24,False
39,0.04044764551266836,0.2272940106263708,0.07721431150952045,0.25227768887792795,0.0704345734296055,0.06784060776043163,0.07998415580650547,0.07474883549662237,0.0460272718189138,0.0637308991614337,21,False
40,0.051243778395128003,0.24866990419921872,0.08171103493659729,0.26317950966053677,0.07461833599550571,0.03818023638531171,0.05861207493389146,0.0700599693767987,0.02843292054261891,0.08529223557439283,21,False
41,0.03617052066221321,0.2501882466618583,0.06906975134793787,0.26968730174554195,0.07823089569364074,0.0,0.04546202730430146,0.09868916967902387,0.09273259389577253,0.05976949300971014,18,False
42,0.035493952449686374,0.2514248254848436,0.09789948210566418,0.28005556550640043,0.06395085185396107,0.039756812908524945,0.07255736330274368,0.05067543425543057,0.061170983162199113,0.04701472897054596,9,False
43,0.04597057009888131,0.243583224811361,0.08004902097945715,0.27115180476649003,0.05853585228736848,0.036882814166801996,0.05735713850802697,0.070302454052832,0.07157344265184554,0.0645936776769356,24,False
44,0.028032216287001522,0.25577722880928444,0.07047452944802608,0.28590204139354136,0.06703527857447106,0.025750247446930347,0.0946211250696311,0.05069639302315114,0.09464222054081455,0.027068719407148285,7,False
45,0.0332324162934329,0.2505012043560646,0.10385729811916203,0.25709361608897524,0.0943338623600601,0.010072018637185863,0.07635554632079007,0.0672667870815027,0.03701822774432831,0.0702690229984982,16,False
46,0.06554516670207854,0.21929244586339294,0.09464318349957837,0.25274253274379965,0.07940770369123823,0.03204738209911244,0.05153605203683751,0.08922186318860319,0.06368270217950622,0.051880967995853046,17,False
47,0.06979902502451614,0.23661125306460815,0.08306175698691413,0.2635639229308826,0.051641675200116456,0.02097845493270538,0.060308662543880856,0.08221762049250238,0.05746353492661588,0.07435409389725793,19,False
48,0.0663046924307223,0.23394988825340518,0.07967697894889056,0.29379905626894215,0.0801555321421229,0.020573024373435157,0.04176651937703352,0.0862450995656602,0.06497747338936712,0.032551735250420925,17,False
49,0.045621958905778415,0.24468177598005897,0.10036938494788641,0.2488881403513368,0.0854707827794782,0.031117532289846612,0.05502241567992541,0.049181006825810246,0.06521049596560767,0.0744365062742713,16,False
50,0.0700514337543701,0.21950890643348525,0.07079866448874797,0.24312598781350137,0.08848531271922742,0.01658829025640504,0.057424881186851885,0.09110566335814684,0.06790133511274923,0.07500952487651488,19,False
51,0.048548088976434166,0.2566049669587806,0.09189238710970472,0.2528142267652903,0.07469704778703166,0.03192219743842491,0.05251578280686571,0.07510268726513353,0.05598332481611362,0.05991929007622073,16,False
52,0.040774940919087045,0.25434025740786453,0.08542370790622178,0.2699032203528372,0.08182771169434146,0.01982679578228569,0.07019902789585951,0.07697686567871219,0.055907182851661553,0.044820289511129104,16,False
53,0.09304199693418044,0.23876972325658036,0.084875475697964,0.24834531462722448,0.07621157904898901,0.0,0.049545372409773934,0.09747963098190827,0.05398458321957506,0.0577463238238043,19,False
54,0.021477484939706443,0.2791925435079764,0.07706687476475153,0.2978989894082631,0.07704667471370681,0.0,0.11545174718072335,0.020942960789257156,0.09590543122594039,0.015017293469674734,14,False
55,0.05554394735386094,0.24173709250230024,0.07382960233771971,0.25733752497546264,0.06959867886026862,0.0350967354267878,0.0728998994282519,0.07433667053656534,0.0523295779793096,0.06729027059947319,11,False
56,0.0671975424725819,0.2202158592537244,0.06794195564239074,0.2624085880063805,0.07878292955280852,0.04648983695926095,0.04277821557298302,0.08975233270413935,0.06406563648052044,0.060367103355210346,17,False
57,0.02495246496237635,0.2505435149004154,0.06221624883262855,0.25452088711461485,0.0898490702745123,0.00411315742362222,0.05107876354809017,0.09818267548755993,0.096596570857685,0.06794664659849517,18,False
58,0.04776878953612894,0.2371378291934172,0.08796687339631644,0.25889935622819626,0.0815024901106363,0.03556160096608993,0.06591817103097411,0.06909721232235999,0.061128862073949394,0.05501881514193123,16,False
59,0.06618414788995486,0.23165449323284978,0.08288471801030559,0.25493126984103875,0.0853838594336898,0.01408754085476558,0.06572138225772074,0.09119444791548123,0.05871853942237564,0.04923960114181817,19,False
60,0.04777914514846499,0.24415377686059536,0.07167444053539297,0.25529015641531355,0.090413161688525,0.03729562288496716,0.0697559725139545,0.06522809235060437,0.05578563811046155,0.06262399349172064,16,False
61,0.0537715885497974,0.23828396538134985,0.08208289053674687,0.2789173535438097,0.07381309817098508,0.0247067198597555,0.04653750257366433,0.07461746115769148,0.06063819234344815,0.06663122788275151,17,False
62,0.05289550099338274,0.21805984850161572,0.09257434986065584,0.23986261906130163,0.08024431718320552,0.03351078108279598,0.07323002869185428,0.08230145734058202,0.07303073722335085,0.05429036006125523,17,False
63,0.05336287023747277,0.22374844257467433,0.07526799447417935,0.2619186160607433,0.08261467489630761,0.025519746777649413,0.06085758624522588,0.09445487429061404,0.06634344321181992,0.05591175123131344,11,False
64,0.0600939279293432,0.24544031155427307,0.08713816739375708,0.24260698295057917,0.06795806984364125,0.03015284015338204,0.06079472927230349,0.0915670186786861,0.056082188495826434,0.058165763728208225,17,False
65,0.07770974623542272,0.24459705112941268,0.05626039310997404,0.2487051205029363,0.06780353478593105,0.025061070316740073,0.0550577812057085,0.1036729581023976,0.049882535187819425,0.07124980942365773,19,False
66,0.06015519852709267,0.22620476839931303,0.10575368640959511,0.25585020065670677,0.08058100492471999,0.03496588021438493,0.04507026166311893,0.0910563236939019,0.05906895023789429,0.04129372527327249,17,False
67,0.06765283075141575,0.23235801892122698,0.07811303927105996,0.26694057742760147,0.07811538631270487,0.022858758046398087,0.044730263522894685,0.10436116410204331,0.04653904117695263,0.058330920467702295,19,False
68,0.0374707305438565,0.26135087924094536,0.0875139111415042,0.2693202861100877,0.06984748092061906,0.03878171689712481,0.05583968847849189,0.06949173600142826,0.05947503270374233,0.050908537962200046,16,False
69,0.06338694050134508,0.2375471193868533,0.061333526012394224,0.24769814384691835,0.053588492263329665,0.025083478134586983,0.06251343854677577,0.1062847347490218,0.07449716968169379,0.06806695687708089,19,False
70,0.06175437249689112,0.22347185841265574,0.09640111336829428,0.2589253004218613,0.07523394720230508,0.02165728063705356,0.059223369578622016,0.08667711570990103,0.06640554453693133,0.050250097635484416,46,False
71,0.06953191450841902,0.22441778104905016,0.09048484708196833,0.2546774774958274,0.06817743031683,0.015117847278290528,0.055774538989350725,0.09245636111079328,0.05435690644288101,0.07500489572658942,19,False
72,0.06696087217759714,0.23269957963209872,0.09256227594866095,0.2478900924665457,0.08426943548501174,0.02938662424958143,0.0483088231389616,0.077154524684197,0.05906824197060186,0.0616995302467438,17,False
73,0.04826738385265156,0.2316736388510783,0.07310036052527237,0.2689982850979441,0.07174027412661874,0.02497970908042301,0.07309086937096117,0.09319414725227487,0.06239387611190995,0.05256145573086601,23,False
74,0.05350739761894025,0.2644427573044127,0.06046078874632249,0.2716906485216985,0.0858439989793902,0.024474555826113124,0.06617266924577302,0.07005080274412408,0.05797906238845167,0.04537731862477404,11,False
75,0.029843054474491575,0.2597629188399452,0.07543590267711876,0.29285382433427254,0.07232797869517964,0.01233362063508149,0.06867822246235088,0.06783048734770543,0.061378792272255935,0.059555198261598455,24,False
76,0.06632703105046411,0.2485520530006326,0.10413509677504386,0.26523982870441787,0.08299300714369727,0.0,0.05574570424361699,0.07731358984727468,0.04670916516553661,0.05298452406931604,19,False
77,0.04551485243202862,0.2357203458635233,0.08032367353043551,0.261886074775548,0.07015795688759385,0.051410739877527395,0.06772702401443367,0.06715332107314302,0.04449004675033115,0.0756159647954355,21,False
78,0.0635114347302603,0.25368978410160375,0.07711448198372145,0.2679332714363541,0.06433328762017924,0.034464598982437956,0.053274911850373724,0.08491690478712885,0.058728327296761966,0.04203299721117859,17,False
79,0.06218037751325879,0.22097827974059028,0.06702428764185069,0.2552510208445727,0.08968282347434631,0.009727265445006546,0.07957177142120711,0.0855768105230274,0.06518997880323293,0.06481738459290728,19,False
80,0.03538017370640737,0.23646198599062207,0.09141908026416856,0.2525616027430563,0.07755104094416444,0.028454723473070577,0.0591343262225706,0.08227328528380896,0.08064933847370673,0.056114442898424655,17,False
81,0.0556178679423386,0.22284126950861485,0.10344563446059805,0.2782399807974612,0.06627332582183516,0.03313733220628953,0.045542066436039606,0.08285293651720248,0.07162422502831112,0.040425361281309365,17,False
82,0.07171140083777555,0.24214265774235025,0.07389349352785124,0.2764311086599967,0.05343202736101798,0.011875823825850623,0.0612912624643791,0.10325541235735605,0.051399440125548715,0.054567373097873746,19,False
83,0.06721305165978275,0.2404237758853588,0.08618225687751026,0.26107210432405376,0.07391341769879982,0.013140154611925681,0.05812346126905947,0.09518278780693,0.0512640769411825,0.0534849129253972,19,False
84,0.07774450547596727,0.24206210202441195,0.07939611209789085,0.2641906147546229,0.06619544808325283,0.028942132625858128,0.052875855013061565,0.06914593998022722,0.05480179214133671,0.06464549780337062,19,False
85,0.06341916007820943,0.22750080169991366,0.07840144698028399,0.23588526531826987,0.09025423561867764,0.015214751023570984,0.06883219452786982,0.09934412228080165,0.06122463201133452,0.05992339046106849,19,False
86,0.07195148978534328,0.2511550200129088,0.0958260452340609,0.26030109446478045,0.09124197678494919,0.01855905913097823,0.032990888115657056,0.06600792985088615,0.07175605580634659,0.04021044081408928,17,False
87,0.052249433134261815,0.22604752811572773,0.09371713593409775,0.2641477210593282,0.08280734764031653,0.028510214978757466,0.06435258570358744,0.08147536294165852,0.058744225610046025,0.047948444882218624,17,False
88,0.0809813312743498,0.2201814828852053,0.07637226047732137,0.26593955970599265,0.08076430819764689,0.023015411292058103,0.04798572060578748,0.0813062601846959,0.06597216313538708,0.05748150224155534,19,False
89,0.0709338658383913,0.25460242234051444,0.08659121321084047,0.2550469591550102,0.05146261463156042,0.014460303311480292,0.07274344670048964,0.08814002697762323,0.06786835460505206,0.03815079322903805,17,False
90,0.0682175808167881,0.21410639991028904,0.10584489075534928,0.25690723798644755,0.07900460991648653,0.04234960941232992,0.04339282615230993,0.08127735049648416,0.07257953254153732,0.036319962011978235,17,False
91,0.05194579430099261,0.2299967186315198,0.072328740340593,0.2741805844335097,0.06675526062738094,0.03790118295037001,0.09460767611653983,0.058297856665552004,0.06078319054535122,0.05320299538819107,24,False
92,0.06228917569705633,0.2209259223836958,0.07871324642079863,0.28423835500960065,0.08001996294921943,0.037922730683805105,0.032254499964866144,0.08121764003230865,0.059328054193946426,0.0630904126647029,17,False
93,0.039444598850481565,0.25018001990486916,0.094934880109939,0.27764037329176444,0.08224484660642913,0.019543045552122433,0.07153008086545468,0.05092388540812361,0.05296573718193524,0.060592532228880794,49,False
94,0.07835033749122977,0.22485565935698154,0.08056820239317494,0.2560355822915759,0.07860159554525464,0.01430653288837352,0.058121380146118146,0.1064243700078718,0.048592301079355145,0.054144038800064555,19,False
95,0.07211731031793028,0.23795758684829646,0.07702887773434663,0.2368049375955463,0.08085868995730396,0.03912114879169835,0.052929920559180506,0.08453404618013818,0.06076587492595501,0.057881607089604256,19,False
96,0.05934464752365104,0.2207199904345261,0.07772513360449743,0.2636165485278852,0.09156893900084188,0.04859811190367067,0.03809306701104237,0.09340391596775555,0.054138029526593925,0.052791616499535766,17,False
97,0.06030587662297565,0.23645846972340454,0.09432205399524042,0.26586426664196294,0.07446002124554524,0.02830309782835962,0.03537592862695317,0.09619808862208121,0.0588719387133471,0.049840257980129934,17,False
98,0.043639511269475524,0.2523323989357845,0.09356083385458464,0.2716148157698526,0.08090977958614647,0.03535649242857394,0.058835430789731136,0.04908162093561121,0.05316153003991105,0.061507586390328946,16,False
99,0.06704508817918098,0.21328504346513733,0.09467965615026491,0.2592812993094302,0.06695549123916793,0.04244982810743839,0.03846400812986873,0.1005335563020565,0.07683827860698687,0.04046775051046809,17,False
100,0.06365208914658113,0.24755416158724572,0.07931402796281371,0.2745376445314407,0.07826727145163828,0.027838796444620954,0.055298022858355556,0.06957885598612622,0.055938253681089095,0.04802087635008865,17,False
101,0.08653978398665996,0.22700904597921653,0.07802055183091768,0.2516409991750833,0.06898496963658195,0.009339516088503395,0.05387446177669902,0.09574755052024338,0.05912056608698954,0.06972255491910531,19,False
102,0.026985829757444173,0.22199764795856333,0.08599032943893219,0.2525732010420245,0.07180371026982067,0.07402790229170253,0.08795694255393625,0.07853726905421347,0.037858004797983666,0.06226916283537928,39,False
103,0.05482441490898096,0.2424194595057321,0.08778264840895393,0.27324495449330993,0.05323248319082008,0.010439660697798517,0.06954065219100292,0.08290301410555324,0.08007700295892686,0.045535709538921366,23,False
104,0.06960635820343422,0.21095953464752254,0.10671686703605378,0.2787431488331271,0.07768391200691342,0.03887197813498178,0.05376742010607228,0.07129381842291267,0.05165609479097096,0.040700867818011216,17,False
105,0.07974622047086723,0.22066686215770656,0.07559226127797869,0.26495823756376047,0.07217690850182415,0.025376366067736068,0.06281128113740721,0.09032810032203525,0.04587468342936495,0.0624690790713194,19,False
106,0.07015366392226986,0.24625969101796982,0.07898034422542702,0.23885082493053506,0.07782868265986463,0.01327709535710932,0.07325808374754397,0.07786016658234897,0.06676626620735616,0.056765181349575214,19,False
107,0.07825554800290592,0.23206239609973853,0.08749299968237054,0.2548807416879184,0.08796461468614183,0.0351678845449568,0.06715476643662045,0.07371886363144678,0.0567696461243288,0.026532539103571867,17,False
108,0.05006560588111903,0.2182223823199855,0.08485568919828683,0.2720992312202149,0.07175317329901508,0.0563593740844762,0.08914412847767807,0.06500750834966341,0.043602688961992805,0.048890218207568045,39,False
109,0.055380044191932314,0.2048956358021037,0.08287216747785522,0.25452192099269183,0.08449359911901456,0.06501565460806284,0.07654061681900265,0.07283137295524002,0.04220112803274331,0.06124786000135338,39,False
110,0.019988629512360728,0.22450076738950983,0.08215530146550355,0.24772159643959388,0.07965538352415309,0.0730917650812237,0.0851325809691745,0.0807698465030744,0.04351009795381096,0.06347403116159532,39,False
111,0.03989970156196827,0.21308514815420249,0.07783941693996457,0.24969927319455767,0.06710791994052968,0.06892309769474263,0.08720740064590633,0.07277473711227486,0.049676913711460366,0.0737863910443931,39,False
112,0.032243231596460226,0.22839953717121023,0.08052403494815354,0.24935400275273034,0.05910452657111798,0.0746936211719528,0.08005505534421999,0.07038264948640288,0.06816715235105629,0.057076188606695936,39,False
113,0.03261085596345362,0.21859414463760388,0.09619026114193611,0.244198904411311,0.0887824767739532,0.04885699693854084,0.07566564545041513,0.07208498529632126,0.0697989036553113,0.05321682573115373,39,False
114,0.04362610603180646,0.2356712543440692,0.08432960173873744,0.24609911379312974,0.0853584045105625,0.05965209405093185,0.09626590436571608,0.06085908174627688,0.03794928788887208,0.05018915152989779,39,False
115,0.03273630801306694,0.2163870859774853,0.07748708744391138,0.24570710130925782,0.081275504665578,0.07211560080776183,0.07264670438882438,0.08012946822943848,0.05108853890439985,0.07042660026027604,39,False
116,0.03278571073102197,0.2230646648723104,0.06853881051492301,0.27008488725524904,0.06539409090642702,0.06484722831151016,0.0794908128797974,0.08078773967142786,0.06817028381086025,0.04683577104647294,39,False
117,0.035510327224709634,0.21358918143685382,0.08746975172616413,0.24270819208605052,0.06899520463740191,0.06759022031314887,0.10652301435748417,0.07156958430798155,0.0342181882847619,0.07182633562544342,39,False
118,0.04866321340556823,0.22110638840306107,0.09237832481120188,0.24739452333688883,0.0830755683921924,0.04971189907152215,0.04557977606843612,0.08917794300449795,0.0614098876532334,0.06150247585339799,17,False
119,0.0470471485327939,0.22320834311708065,0.0709629967177741,0.25838755469580615,0.08798875646815801,0.06929440697605284,0.066548704730863,0.07862690394945396,0.038138413121428384,0.059796771690589036,39,False
120,0.036315009714335156,0.22594659261654437,0.0838274311421418,0.2527047971458276,0.06289803932684639,0.06647933162357292,0.07034433640524014,0.07838757729349201,0.04546590773506678,0.07763097699693283,39,False
121,0.03125144804845025,0.22651469743693467,0.09128357405072492,0.22499837140065798,0.07321393963042079,0.07316929559343611,0.07098999744002236,0.07058357065731968,0.07225200042007796,0.06574310532195539,39,False
122,0.03519230658288846,0.23061721998366436,0.09942070702391217,0.23890584776920953,0.07120722059304359,0.06835841635863568,0.09208312542423937,0.06589941059528259,0.03031821632026309,0.06799752934886097,39,False
123,0.035067395134702424,0.21981148638090492,0.07218361882601056,0.2467131561018041,0.06799376876884115,0.07882317414440362,0.07885958825176378,0.08041361138182737,0.042536908871067085,0.07759729213867489,39,False
124,0.03431524808200011,0.23870585295376975,0.09304538385480275,0.23926147262120542,0.0717900824934219,0.07230883895826783,0.07274700833393652,0.07127881160445222,0.0538965826094438,0.05265071848869969,39,False
125,0.03811464278065904,0.22855276888849171,0.07889996170247766,0.24714789305035378,0.07003164297224032,0.05429193047337969,0.10169669932312145,0.08376339480930893,0.043436386058938126,0.05406467994102936,39,False
126,0.02611508458644034,0.21227021264741683,0.08455267363968919,0.2625555439995403,0.0794134617842302,0.07473559087851407,0.07502779730433627,0.08032134131414616,0.04050083894759222,0.06450745489809455,39,False
127,0.04169640498512866,0.22606900549717326,0.09284990516639875,0.24325973007566165,0.07365564982995235,0.0788711464924942,0.07636271488180642,0.06176721054620649,0.04835163159235523,0.057116600932822933,39,False
128,0.03842233932549738,0.24000812572958605,0.06263329163256234,0.2552023085274369,0.07250423967113015,0.05826096633346201,0.08692369476788493,0.06900373598642445,0.0573272915934915,0.0597140064325243,39,False
129,0.03236535977325235,0.24891909161483125,0.08418212437770882,0.25831855800592307,0.06038073598103179,0.07224281515631235,0.07381296034520991,0.06078913566778797,0.05711333599583468,0.05187588308210789,39,False
130,0.039470512323742886,0.23170525913422957,0.08108234572737935,0.2606929185106521,0.07455468962439833,0.0722487997034534,0.08476716196630238,0.06370451254556811,0.03982085363963434,0.05195294682463958,39,False
131,0.035404590229382,0.23854425789961473,0.08475670602619267,0.23890436921467423,0.06734969714664017,0.08377150560164312,0.06562374949505977,0.06877327903106396,0.05111801974837987,0.0657538256073493,39,False
132,0.044020013527563844,0.2301336447225063,0.08786276578682384,0.2556105138247793,0.05179455631491995,0.07523808441373227,0.08357100880557904,0.061067443778448,0.03738070428523619,0.0733212645404113,39,False
133,0.034605976839857555,0.23375125764742435,0.0916881065791858,0.2528742962798107,0.05257697863586623,0.06909759851013392,0.07196693460892258,0.09559329336581883,0.053426509913391436,0.04441904761958861,39,False
134,0.018517720104000285,0.2253192257138325,0.0741171876891554,0.26497620198475336,0.07543798648959504,0.07111893131782869,0.07834317400998565,0.07793834290431256,0.04199133505296327,0.07223989473357322,39,False
135,0.04415711909797095,0.21667369115659488,0.09186721744554119,0.23938009656724704,0.06585610519185915,0.06855549806574336,0.08825278133642708,0.06780374481284215,0.05214081200257808,0.065312934323196,39,False
136,0.03753985086402967,0.23198585767151428,0.07376320566314874,0.2699445963930862,0.05573731209012992,0.06061731493640966,0.08509524717566501,0.05971426729854167,0.051251372568584294,0.07435097533889072,39,False
137,0.040305304803979966,0.23006931841516048,0.07933229216569128,0.2533352816231457,0.07163274258399623,0.06775006695305837,0.06498553595021907,0.09667306153627894,0.04170602029457684,0.05421037567389312,39,False
138,0.02945967990503394,0.23443462882287663,0.08301288506894644,0.2710054012518804,0.07337230021751183,0.044397477940467875,0.09052997043376654,0.0897315826766118,0.030016604367578394,0.05403946931532625,39,False
139,0.025423665904124718,0.23388996864255132,0.08580807025110788,0.24669912502762845,0.06710218759000712,0.06973720705788146,0.09735173744924394,0.07363989893070919,0.039135113178886335,0.06121302596785951,39,False
140,0.040841045257259845,0.24609668977217095,0.07853766689985656,0.24596878850830317,0.05424181855880399,0.06521455593161417,0.07145466112054383,0.07814934047062083,0.04713533988380393,0.07236009359702274,39,False
141,0.03503165792998302,0.22134212864005437,0.08111975685059361,0.27114302275284585,0.06696612724988699,0.07008699468663054,0.06800403056920785,0.08539945011219877,0.03446433409021358,0.06644249711838537,39,False
142,0.037016578085734664,0.25044649642673306,0.0952668755600853,0.2343387320452865,0.05655682386923589,0.07450001082520233,0.07138367634044199,0.0751073426468051,0.04403765682785484,0.06134580737262034,39,False
143,0.034628464180969654,0.22014332509671627,0.09630054766129183,0.253199584015261,0.06607339088404944,0.0682870365580189,0.06868957847971037,0.09763067426904383,0.03687970166902456,0.058167697185914066,39,False
144,0.046675756641494606,0.22285825119086747,0.07383289684419218,0.26531385381255584,0.060272667092894555,0.07680863226996132,0.060656556546536754,0.0725631443642089,0.05512549455923357,0.06589274667805478,39,False
145,0.03068104229879373,0.23842965400041916,0.08364366559028356,0.25092506541401244,0.07161640026999606,0.06179095088602042,0.0755478960867809,0.08296489615816481,0.046185959617094256,0.05821446967843481,39,False
146,0.06270020881814613,0.2157092913849627,0.059595781541168034,0.2591995770254748,0.053093222176868286,0.06756997936967764,0.09936340165472435,0.07760010077109056,0.052343713346206903,0.052824723911680575,39,False
147,0.04762584820933949,0.23017646965365443,0.07109988205531792,0.24463448414705466,0.09139452569048345,0.0719939854496508,0.06178105314376229,0.07298897644678434,0.049714155406063255,0.058590619797889196,39,False
148,0.05396691273383086,0.2145999526624167,0.08272894219368353,0.24675121509832135,0.06315615432801786,0.0727458652292395,0.08362858045317431,0.08082670494371709,0.048173428805540285,0.05342224355205853,39,False
149,0.04511525083223946,0.22652148480763695,0.08064834162621275,0.2596054664956255,0.06470302764532038,0.06730739350628724,0.08040946399282253,0.07515372878708583,0.03019518958800347,0.07034065271876608,39,False
150,0.04138425474652907,0.22339496937925607,0.08185486920524151,0.24463147633828017,0.0708864794574216,0.06023705450969015,0.08131021888783037,0.07304148401931637,0.05756524892205006,0.06569394453438468,39,False
151,0.04065434778662456,0.23229326731421612,0.07851940933895975,0.2588682702891852,0.06162456089027031,0.08252643914856686,0.08085226707016775,0.07086681688076782,0.02864032588698884,0.06515429539425283,39,False
152,0.051219816060250375,0.23524250739256333,0.08102638589232558,0.24715175947881207,0.05009477142470287,0.0651768474190751,0.08028535127562382,0.054866491722465154,0.0659734249037272,0.06896264443045447,39,False
153,0.039546950934169996,0.22116193539140613,0.07236929952364257,0.23858442905539806,0.08656006144982505,0.06905389351335663,0.07865187431751545,0.0797127611865509,0.055347227245551286,0.05901156738258395,39,False
154,0.03412807588806652,0.21799865944443256,0.07463691180312941,0.24678323037366912,0.07492166352877812,0.0763500573481694,0.0875759504395119,0.0691618801812538,0.043435610962898406,0.07500796003009064,39,False
155,0.032565111042996246,0.23372674539125954,0.06681075375227676,0.2595321288340045,0.07494106458349883,0.07365252525380825,0.08870088166138856,0.07681985974135783,0.026427833043589262,0.06682309669582015,39,False
156,0.007527867798426903,0.21539791794632215,0.09976865316179064,0.26069525780903524,0.07637016003442273,0.053978747240661394,0.06258120398328273,0.09167968787150656,0.056871175282028036,0.07512932887252362,39,False
157,0.040515720494627386,0.19759185446099198,0.06727925999546304,0.26082214614332494,0.07283389956683219,0.08160507257321319,0.08828657746837477,0.0721304815549605,0.04413067866476881,0.07480430907744318,39,False
158,0.04124660844288816,0.2185795330833875,0.073664097920009,0.24553555437144003,0.07094061973508513,0.07339005099788946,0.08414556019696873,0.08743957774404294,0.03699961107744708,0.06805878643084197,39,False
159,0.02857202655667944,0.2282943616083825,0.06977683612032613,0.2363222482081511,0.07023805789898595,0.08838871613199403,0.07503447845704295,0.09597241697815968,0.036842525843862335,0.07055833219641586,39,False
160,0.04039498654567609,0.2311287752723037,0.0824858208451193,0.24935614030262493,0.06415580361020597,0.06828220638696791,0.09017999144986037,0.0686530639883751,0.03623412963823464,0.0691290819606319,39,False
161,0.046506234763157524,0.2220631363836496,0.06850978657380968,0.2578897576872152,0.06082715153267474,0.06520304561874266,0.07972886880424081,0.07436826138008665,0.05383727298199832,0.07106648427442493,39,False
162,0.049692185305274646,0.21740450615635853,0.0773921628834589,0.2694377624573477,0.0726841401255856,0.06955858163712059,0.07905176830673097,0.06887894790027949,0.041745490465422426,0.05415445476242109,39,False
163,0.04692884236290086,0.22962502360688922,0.08561022874425002,0.248662630457335,0.06217345585593782,0.06683768862159296,0.07535446251296693,0.07548444861873836,0.05937479598017896,0.04994842323920998,39,False
164,0.03407027174623731,0.22276642247011008,0.07356921585676639,0.26236323206848206,0.07752919588595276,0.06377333082890962,0.0851319038383344,0.06980589488490738,0.04533900352971322,0.06565152889058669,39,False
165,0.03396183828887853,0.2372305498487755,0.05751361827005838,0.2619228216242744,0.06634218049958203,0.07453539120822468,0.0890545555320091,0.0549342733839589,0.06214261736013265,0.06236215398410582,39,False
166,0.05555611512709782,0.2275529355316043,0.07500976916632755,0.24646613721927724,0.07497822698631217,0.06942615960801225,0.08677873762729527,0.060765093898999,0.0461597753891969,0.057307049445877424,39,False
167,0.051696460079361906,0.21692172364924953,0.08525801073327088,0.23884714758026157,0.08038518744112341,0.0569851091747382,0.08560199156563403,0.071686353761235,0.04865105458025552,0.06396696143486995,39,False
168,0.026973331306096165,0.21828004583423227,0.079632441138021,0.26889688488821506,0.07241930068231578,0.05479047233788717,0.08706977490276196,0.06979417412923236,0.05956203769064858,0.0625815370905897,39,False
169,0.02608939471053125,0.2245096835168888,0.07568429266502409,0.25599716262184785,0.08234869642018958,0.077836671074015,0.08011679330334819,0.08217939716034169,0.02256852373397662,0.07266938479383689,39,False
170,0.05203023390766253,0.24835790751666714,0.07089599633245217,0.24579063040411409,0.0692837526605126,0.05320118469323104,0.09043946149132177,0.06474930042721397,0.05793029596821168,0.04732123659861314,39,False
171,0.045084748688044844,0.20441053111362442,0.06905419110281993,0.26097001766987543,0.07474664548192528,0.05859774236156218,0.09854399807261034,0.0855631080506854,0.04415981688105521,0.05886920057779688,39,False
172,0.048322480495097464,0.22203046233648235,0.0815708573675924,0.2620527798063047,0.06052671341116852,0.07345178524990356,0.07541518535868637,0.0745279160144019,0.04912832387841871,0.05297349608194392,39,False
173,0.043246442965012864,0.2268251600556159,0.07881984241716967,0.26215301272938724,0.0606788510891574,0.06612623747388598,0.08559606646337438,0.07744381197860911,0.030727752055012245,0.06838282277277512,39,False
174,0.034618374798629926,0.22007391061078024,0.08366641884364702,0.2394270649536697,0.0856078509109865,0.06112196787676236,0.07647197715317176,0.07486987095364461,0.057323700728632174,0.06681886317007568,39,False
175,0.03631056280904436,0.23835472680197395,0.08969154627423818,0.24605755218819073,0.06693996199595524,0.08697347488573219,0.07045963525810228,0.07012272288074359,0.03906659832256616,0.05602321858345347,39,False
176,0.030344357321047212,0.21597483118186006,0.0799519478162932,0.2528892408653561,0.06255897203160138,0.09415662558429425,0.07683413943752457,0.08131259339925685,0.02813534350978828,0.07784194885297815,39,False
177,0.033123612286920935,0.24216761257766728,0.08247209279452007,0.26002314900938117,0.07564212990363034,0.06214553595053526,0.07797750239986849,0.07009936718377321,0.0436878538837899,0.05266114400991334,39,False
178,0.03446836663870966,0.22561430802027657,0.058101956475563134,0.27525902325344515,0.06617950835572134,0.08558009741546628,0.07181464153495037,0.0783879808900646,0.03464850422469801,0.06994561319110493,39,False
179,0.02617333631047356,0.22207923064779383,0.0650645667094498,0.25587497159975026,0.07681818103776375,0.07284378647681226,0.08957699464809515,0.08300744765517072,0.027739643818399603,0.08082184109629102,39,False
180,0.03304741161573725,0.2264561045432842,0.06837145319713837,0.24986456881650598,0.08472163093387197,0.07791781210748361,0.07672418032290262,0.07988850573404525,0.048174514707872734,0.05483381802115814,39,False
181,0.04495070816838787,0.22194999992477762,0.10064786484319199,0.22620668524499996,0.06974254266792844,0.07296968494439465,0.057965174245241675,0.0660675175465057,0.07504395030036856,0.06445587211420344,121,False
182,0.045236259850542075,0.21770405134025972,0.08878753359582228,0.27403849622620036,0.0658620187672342,0.0436801362882892,0.0758001459212569,0.06845717437790125,0.04194909747029522,0.07848508616219865,39,False
183,0.05078076891813105,0.2113643880157015,0.06656936047198926,0.24952460920441918,0.08041440036456235,0.060716860917846546,0.09847953863009336,0.07191886912980494,0.039986408036870424,0.07024479631058148,39,False
184,0.04116090230800472,0.22260719623346734,0.0714777301856202,0.26441412978083406,0.07708542116199806,0.07156919437671802,0.05523044182265271,0.07697445834051606,0.02941708946258787,0.09006343632760089,39,False
185,0.041102021811381555,0.2351377080431627,0.08019412859590114,0.25336309793967526,0.08224873177808757,0.08477235159956299,0.0576598850520792,0.06701810196923572,0.036110202931289984,0.06239377027962396,39,False
186,0.04220008761899301,0.23264644187506345,0.08420462137987311,0.2579474589689467,0.04700562837232318,0.05863667158135553,0.08208625681121938,0.07782231752822741,0.050933447382561885,0.06651706848143632,39,False
187,0.03019478099629242,0.24408040380526774,0.08279651241638009,0.2317597556656061,0.07161711698899804,0.07158899471502295,0.0932166979951427,0.08163202876490244,0.03993027257283588,0.053183436079551595,39,False
