ID,strat_res0,strat_res1,strat_res2,strat_res3,strat_res4,strat_res5,strat_res6,strat_res7,strat_res8,strat_res9,ancestor,alive_at_end
0,0.12308590863156607,0.22514340935430235,0.09480821150506055,0.0409949675262467,0.153601496275837,0.018518103342109765,0.03766398019427222,0.02528969270848062,0.1557786799535508,0.1251155505085741,0,False
1,0.13344037236698955,0.20450806901085447,0.10949721711018846,0.05210241495868891,0.16855324291572032,0.018190118020987994,0.040851497901325154,0.0007780470356680096,0.14442351853345578,0.12765550214612145,0,False
2,0.12895233045814683,0.1877097854777843,0.10214274816155051,0.04613027435989985,0.1821851915705022,0.009876511923524156,0.03948969393358651,0.01124747789148052,0.15824774920280638,0.13401823702071883,1,False
3,0.1128068503810306,0.18004037018214072,0.11139472772740537,0.049618724866710935,0.18992182108070485,0.009223770788111076,0.034145058781609505,0.0230909877926831,0.16444281778736858,0.12531487061223529,2,False
4,0.1248904811673363,0.17039871645202215,0.09986147550174392,0.05866908524428633,0.18108092609247822,0.005289537772658422,0.04077225739570157,0.03673428381842491,0.15609398404366623,0.12620925251168216,3,False
5,0.1314229361078898,0.1580670698848699,0.08897651420256113,0.06108367637990033,0.1850214080682661,0.018520117726656165,0.04019377854283902,0.04711082725747339,0.1483475518295599,0.12125611999998423,4,False
6,0.12441166632146612,0.16055109814428992,0.07252841306175987,0.05921760531291705,0.18731808875591988,0.03199663851959149,0.04381698689313558,0.04790870688438474,0.14671680121158198,0.1255339948949534,5,False
7,0.12108468408512069,0.16254959253965673,0.0640122275301429,0.04797906281739023,0.1827834129521771,0.02233892745817406,0.05323003803017379,0.06857918773978343,0.15238138245792224,0.12506148438945897,6,False
8,0.12548288477962768,0.15441408314992236,0.0699638585293047,0.05286719613671235,0.1772201749426998,0.02952088066260446,0.03600425410934684,0.05999823062262219,0.1552956329019839,0.13923280416517575,7,False
9,0.11975680365560648,0.15671477340105314,0.06044425398176689,0.053410799850370776,0.1919781599930491,0.02000980501110502,0.05306243258430081,0.057768697075015085,0.1742266466182112,0.11262762782952157,7,False
10,0.1342333550002831,0.15051300911071316,0.05621657191042301,0.042501840610474934,0.18674100664611415,0.02540075368911256,0.015965846749891793,0.08029238412904668,0.1699982963749087,0.1381369357790318,8,False
11,0.12526358373133276,0.146666027187059,0.07253009818840138,0.04690141928183217,0.18528830811038646,0.019888767285462062,0.029804710569680367,0.06030971511312131,0.1724386262601442,0.14090874427258027,8,False
12,0.13343188771265127,0.15701790921964526,0.0678063711685044,0.059839482077824475,0.18662722908382406,0.008099574382227078,0.02694235232981486,0.0681199483103329,0.1671909724983499,0.12492427321682571,11,False
13,0.11164502114528595,0.17503790389863427,0.0795063834113429,0.031432101943898394,0.1710244924672053,0.02488698396033222,0.03901789661981949,0.05999200767070221,0.17083286384561103,0.1366243450371681,8,False
14,0.09898747208035162,0.15944280246439502,0.059329189460616986,0.038503769808389675,0.18921837402824634,0.030773664637422427,0.0379965214590471,0.0777981426207478,0.15013820616393034,0.15781185727685262,8,False
15,0.09216252606482478,0.18648669987213534,0.06505818028951214,0.03924234605865975,0.16277156246093613,0.024800815289280808,0.05468823768914401,0.06738650063504792,0.1517756742717776,0.15562745736868153,13,False
16,0.09958612834201686,0.15529854084266875,0.06882158957032097,0.06429706103098601,0.17453071259006667,0.04342363406528635,0.03375292449895754,0.0836994264344492,0.1364264002851858,0.14016358234006182,14,False
17,0.11132354190852967,0.17595981131752744,0.0841206767343803,0.02909578054577324,0.1693632609921231,0.029635970430321627,0.037107863541282364,0.05586058586296005,0.17750363061433821,0.13002887805276409,13,False
18,0.10138608505269475,0.16321253172711966,0.0667956381567846,0.07433518892972518,0.18475143380672848,0.031646486910747354,0.018992175718753668,0.08378922991521981,0.1353937923496401,0.13969743743258642,16,False
19,0.09867071210926986,0.19254487023703643,0.06409702386994537,0.03680578309240218,0.16534761835995085,0.019838574418389952,0.06905149622510931,0.06539551943843189,0.13050199251603622,0.15774640973342802,15,False
20,0.07091060630258132,0.17558346038352748,0.07370955455300401,0.052933796968530386,0.1579613767104166,0.02464459823759188,0.05781746676205398,0.08449097198742331,0.15975815651968106,0.14219001157519004,15,False
21,0.10197975553956165,0.1881363516061205,0.07339523492454104,0.02906932394506456,0.16594158201896392,0.02589556913380058,0.05906018835997153,0.06595089551248257,0.1402075353101257,0.150363563649368,19,False
22,0.07296729421881559,0.17049298925345166,0.09815203186850831,0.03455867256324115,0.16421608478150837,0.024333616030090797,0.05935287785902472,0.09192368702929321,0.16187736327059216,0.12212538312547407,20,False
23,0.09925668932710824,0.16453638384788777,0.052360107706442935,0.04236642370069232,0.17608227483617112,0.03042558715809033,0.0408687382124611,0.09056678550632286,0.14928373180734314,0.15425327789748028,14,False
24,0.08321185277753418,0.16671553830585914,0.0734049340888438,0.05778417754721656,0.16160225008817158,0.022679831297024812,0.06816683762014907,0.08197348512839137,0.14806741984247612,0.1363936733043334,20,False
25,0.07362247419558474,0.16450731518971723,0.11451662484844032,0.03632633728403636,0.16103652793925424,0.01407615477253337,0.06332123323875923,0.09826831745368649,0.14672514465139813,0.12759987042659002,22,False
26,0.11134981168419839,0.14737286740771605,0.05725292360302942,0.04439566671925726,0.19174602926015075,0.028008234536232256,0.03482679553053341,0.08095032713675032,0.1565836419247203,0.14751370219741197,14,False
27,0.09078900282495413,0.1774680655343968,0.06042644963699866,0.041805788412773943,0.15477459874468633,0.0270398195135478,0.06629504787468093,0.07992206682516399,0.15122987003273333,0.150249290600064,15,False
28,0.10992340144461539,0.15699808262143422,0.058077108151234555,0.08570751658975831,0.17432978820344303,0.021596163035729265,0.029213897783909204,0.06971794679309484,0.1458483774667336,0.14858771791004768,18,False
29,0.07843051553674962,0.19870536917417936,0.07120384392963863,0.04654493141919232,0.16002551600036016,0.011725682850852466,0.055409260180320566,0.05287441832329449,0.16456004777647076,0.1605204148089417,21,False
30,0.08927118743774454,0.17254047700872854,0.09953573472076943,0.03421454756158251,0.15404455604215847,0.013534458484815763,0.058805778366897106,0.08878384618953208,0.1744619927317872,0.1148074214559844,22,False
31,0.09051191062489183,0.15717176747798836,0.0840234470153139,0.052219310681835523,0.1871555806339876,0.012922126661438068,0.04673112925498114,0.06589471752286809,0.14945085237962577,0.1539191577470698,14,False
32,0.0640780020716932,0.1693262790954106,0.06452023929648365,0.05374973535872172,0.15292803113169084,0.03183339055393155,0.045840061802303066,0.10222827078882524,0.16031097421013052,0.15518501569080959,20,False
33,0.09619173939020174,0.18472435828707237,0.06116542023848938,0.049459607102591334,0.16035075479820676,0.03185397492365818,0.06633631048803817,0.0614399039991225,0.12571984648501794,0.16275808428760172,19,False
34,0.09280944166996687,0.16631546998863106,0.05501506741278304,0.07561657370263179,0.19243891628207033,0.04437286701349654,0.012606814950682915,0.08010516506664052,0.1418985510914462,0.13882113282165065,18,False
35,0.10402807809787032,0.1437039724550713,0.07777240284932382,0.05215917565523412,0.18760184339046213,0.038476541824373135,0.035427918114045345,0.09259369625858137,0.13440558899821908,0.13383078235681933,16,False
36,0.08844067534417964,0.16760704766894696,0.06883923614469362,0.08486983937114675,0.19471955596700644,0.03165522910592165,0.023943260739113084,0.08484945383223952,0.11652750776644345,0.13854819406030885,18,False
37,0.10433932951060648,0.16262256084980264,0.06492204230733453,0.07411208376465611,0.16509549093366058,0.045199786608576556,0.04198517984062001,0.07170605073765247,0.129982844731073,0.14003463071601768,16,False
38,0.08504364314221277,0.1775898012866849,0.04981426420057822,0.04569725572400155,0.1744406127561685,0.02211817162576104,0.06650770244468547,0.06649747273093816,0.1562004587570535,0.15609061733191584,15,False
39,0.10502817769873889,0.18526566746297785,0.07310050233395818,0.023319976394586696,0.16947090487605412,0.02592158604293207,0.046861446680343186,0.05928618275239335,0.16850091643312248,0.14324463932489306,13,False
40,0.08147885134683222,0.16054502413542296,0.06322183660815299,0.07602378361518193,0.15538227434493634,0.03394468353876038,0.0416724173181002,0.0871258963696279,0.15036262361476543,0.15024260910821974,16,False
41,0.0700257855789706,0.17807680166943798,0.10633937833410656,0.039761497477422546,0.1579554335033407,0.016859940980853094,0.05739249541864212,0.08706306942878228,0.15930012250310818,0.12722547510533597,22,False
42,0.06671814806060174,0.18283148364243992,0.08984038787145017,0.026332841602318646,0.1667523153660736,0.02135493505028679,0.047468975876714094,0.10487013555797162,0.1629348274247755,0.13089594954736797,22,False
43,0.08657345724932908,0.15152583572229672,0.07442560215485886,0.06532560882499316,0.1918728259360299,0.041660608072434276,0.0235479960156851,0.09036996283310221,0.13979510128320383,0.13490300190806703,16,False
44,0.10783482485278847,0.18389289057289032,0.0678546336799708,0.03317904209065167,0.16180963355566944,0.03232603560138351,0.06750204721464358,0.06917444938830614,0.1440743600450177,0.1323520829986782,21,False
45,0.07681876008381083,0.16380315006322402,0.08953388575600932,0.03485650970470409,0.16328162917683092,0.023921522104227193,0.060848777614020695,0.08929339079896825,0.16639860313663354,0.13124377156157113,22,False
46,0.07871098752568834,0.17709773413392194,0.10066337184828877,0.021842542762253853,0.1529215247813199,0.023028061193603216,0.06906099524177221,0.0780340870290738,0.1736462811191971,0.12499441436488093,22,False
47,0.1080096233289516,0.1393422229078108,0.07538154111526882,0.06689312933814445,0.1768523220565276,0.0681872413853373,0.021186091329089874,0.08235199379885781,0.12209497761704853,0.1397008571229632,16,False
48,0.10025839812029147,0.15191157152126653,0.07199122039707574,0.05820502036589235,0.16123018956821214,0.036373871330252855,0.04335285297273277,0.09713683646803757,0.13631873463906743,0.14322130461717122,16,False
49,0.06406450143917808,0.1665229058807802,0.08249380673196521,0.05471072265871224,0.16914761684430496,0.03573804088609681,0.06346675613318435,0.08768213150605564,0.141128983614617,0.13504453430510538,20,False
50,0.11076759340146888,0.1849039395105526,0.07787882631759283,0.018542880359350002,0.15953557345711475,0.017271929128498863,0.054003393792469,0.0617081757100954,0.1766833792937323,0.13870430902912553,46,False
51,0.0829612017507563,0.1700478680941193,0.07073855818227996,0.043228482540674386,0.16682462996740502,0.03895229735047486,0.04008775753295032,0.09017465079076255,0.1656240952810121,0.13136045850956526,20,False
52,0.06947900183964387,0.1679236620628417,0.07312797787493099,0.050704626191774495,0.15471573903465305,0.029486787837814856,0.05647762987520791,0.08702014226671977,0.16735503667452922,0.14370939634188423,20,False
53,0.10818144169707272,0.20114141974348546,0.0737416203774047,0.03370297667679166,0.13854065942953067,0.034071951741671644,0.0544143389818109,0.07674916412491846,0.13672924454222096,0.14272718268509282,21,False
54,0.08863705155837162,0.16264549545890478,0.05993565832203954,0.0928961396793599,0.17924158483983088,0.04051614336904979,0.017131696515041265,0.0786409728855354,0.14279035045766433,0.13756490691420253,18,False
55,0.09987863530592361,0.15930143389111012,0.0640829545886922,0.055763178787254855,0.1600477590794746,0.055064035645040074,0.04249795889613027,0.07381548027301528,0.13762208222460745,0.15192648130875153,16,False
56,0.09119525579343155,0.17576785090434544,0.06611683809884203,0.05631351787619996,0.15488170767359216,0.027273043529279322,0.06894258343418613,0.08319835624204958,0.13803521470779398,0.13827563174027982,24,False
57,0.09074949980344994,0.13946082071166346,0.08242209071435479,0.05472426971606653,0.18042863705845597,0.05361641332821903,0.039100350946481274,0.08220476778122945,0.1376502615457876,0.13964288839429187,16,False
58,0.08028775902794508,0.14290742449482363,0.0692132895478359,0.07798529485551439,0.17786316418536116,0.05291629463039818,0.03418941692762341,0.08332367958038842,0.1430504628740034,0.13826321387610632,16,False
59,0.10404137972662657,0.1576706716319851,0.08027985358638229,0.06102857995755047,0.179958781720126,0.026001211050697658,0.03176186343624348,0.06990439093181713,0.12912628065174245,0.16022698730682886,16,False
60,0.08928535824410867,0.15204721099384955,0.07487826532646685,0.06290382558204387,0.18273452685939554,0.04200747064241533,0.03178176474905964,0.07895532825561069,0.14248039997974388,0.142925849367306,16,False
61,0.067794894135463,0.17104417138519004,0.08428233087303391,0.04991977652986711,0.16928314567013944,0.03197684759582536,0.05863343943412762,0.0728195533371861,0.16021721671205755,0.13402862432710982,20,False
62,0.08527822772769283,0.16094381343790598,0.05504427421018088,0.07309131709098894,0.18074144144810228,0.05190876943813871,0.02334232224503845,0.08402077241494289,0.14347082665736727,0.14215823532964186,16,False
63,0.0985099323093536,0.14967628110009082,0.06397140971056034,0.05854087239868654,0.1779250319028851,0.04503590398433045,0.04190971959206592,0.06813456612552829,0.13609791440758653,0.1601983684689124,16,False
64,0.0954643744154984,0.15487268244165703,0.0677424770597742,0.06890416721569248,0.16666279274750503,0.04711940771707559,0.034722833375091605,0.08587385319505235,0.1371298586154439,0.14150755321720954,16,False
65,0.10629704412481865,0.14997096528030415,0.07997360360425573,0.07305123397591481,0.18189429942939714,0.030279550976201695,0.02786890415134603,0.07101499382581476,0.14811436565150551,0.13153503898044164,16,False
66,0.10143282780843062,0.14820975769822758,0.07156573724988916,0.06063110416752338,0.18916960514202907,0.030582865965586778,0.041788451916605636,0.08910933603289556,0.13852143668723124,0.1289888773315809,16,False
67,0.10093175021505327,0.1689245838045636,0.07452578259274538,0.05783208712811275,0.16136446473312904,0.044573659420026134,0.0398637136977007,0.08303901878650699,0.1301686903609561,0.13877624926120594,16,False
68,0.09745033828582066,0.15843432881545064,0.05351087432984111,0.0728638152677615,0.16755532866007125,0.041805177126892815,0.03473448851394115,0.09776836830132743,0.12742669563327783,0.14845058506561556,37,False
69,0.09764074370912612,0.1551607856422057,0.06332672114632172,0.06665948299340949,0.1773978936779116,0.05015803069048302,0.03640372458978436,0.09749005639564166,0.12945290653383765,0.12630965462127877,16,False
70,0.1002702797766656,0.16102536080341595,0.08105002680045861,0.06528611517353584,0.16591689718849875,0.04754388697392865,0.030589750362818517,0.07993445009580796,0.1244027751811438,0.14398045764372636,16,False
71,0.11814858930742779,0.12529628065484993,0.06946650196502613,0.06958614410688656,0.1857706860791471,0.09545785145291975,0.015726264378468472,0.07960917478978498,0.11067105119588128,0.130267456069608,47,False
72,0.10824046575184078,0.15614798081043865,0.0911791203582629,0.07189162299887362,0.17238924147213394,0.035926951962670414,0.024058630358997028,0.08917047524388318,0.11892948728990863,0.13206602375299079,16,False
73,0.0648439817503093,0.18880979813651605,0.0742250840507878,0.04893142098733371,0.15905201771003008,0.008918470648849857,0.061981080534146415,0.08162294934531468,0.17157656546458475,0.14003863137212727,20,False
74,0.09553886859711569,0.14679681996381713,0.07689387306867738,0.0745332970504851,0.19687382523456773,0.017881064425238454,0.0316140082822041,0.08479016357155596,0.14978230666341033,0.12529577314292817,16,False
75,0.08857587672289961,0.15727993497934556,0.058257707485254884,0.06052660660150871,0.17636674704928276,0.05116548312085019,0.03303406959271645,0.09007360544536279,0.15042920078305033,0.13429076821972868,16,False
76,0.08916528564007932,0.1812988136930606,0.07131397729690439,0.08479669371056278,0.18377256340944223,0.0360030384228088,0.029036128244817026,0.08233518057376774,0.11060447174556141,0.1316738472629957,36,False
77,0.09844218496074673,0.15986505925975594,0.05125241343220701,0.08318394172196875,0.16800799150976525,0.04454007833561409,0.03627459179872748,0.08604458051408338,0.13604470401779403,0.13634445444933738,37,False
78,0.08912865285387042,0.1717456628195192,0.0691100118857464,0.033560197775735975,0.18058048537931914,0.00771374673168605,0.07004488979111338,0.0914615048507003,0.15273086709198613,0.13392398082032317,24,False
79,0.10216876979195236,0.15051694134889007,0.060711958792929385,0.0724515554232644,0.16708057232432788,0.038724315379467925,0.04673513237911795,0.07636083667327037,0.13807256803179285,0.14717734985498682,37,False
80,0.10663486013763365,0.16155787349853257,0.07272209380052345,0.06771058202026146,0.16418164033994026,0.034547787774252374,0.030195966592884056,0.0759030448526963,0.1418079803436585,0.14473817063961752,16,False
81,0.0735191331043147,0.15618666958019056,0.06962778741486839,0.06998858362390778,0.17134689936804443,0.04555136330810357,0.030188358856818216,0.09903657439769811,0.1370899175091814,0.14746471283687285,16,False
82,0.11103688937920839,0.15301714619533946,0.06732595620027124,0.05692739532750807,0.19983853430899665,0.04122569978029141,0.025697492849241395,0.06872587310153201,0.14226474890120652,0.13394026395640496,16,False
83,0.1035566941176488,0.15646432963926354,0.06632307335468289,0.060570526562156536,0.17624962403982009,0.0702418893617561,0.03347386585475882,0.07005043007535634,0.11391688600409766,0.1491526809904591,47,False
84,0.12906483512318584,0.1488234244097568,0.06817457879853846,0.06934624152898679,0.16681844063420742,0.06460132729894631,0.013430908043163542,0.08297741678707594,0.11218360353561263,0.14457922384052635,47,False
85,0.0766716344233312,0.15688295251100612,0.11833195381805625,0.028786541261634605,0.16656304376218128,0.02743403910155085,0.05066744757508586,0.10744065851430767,0.15699681612283778,0.11022491291000834,22,False
86,0.12084837387136932,0.1416169353545798,0.07138154508732496,0.06877739625747328,0.19670729797426345,0.06213164244032634,0.018069531148489755,0.06809371859432535,0.12295909990782337,0.12941445936402443,47,False
87,0.10332718882397433,0.1361930598457672,0.06706456583947315,0.06982051005198776,0.1940196063750718,0.05515818379458337,0.020981722080155005,0.10142930517447551,0.11519445765212392,0.1368114003623879,47,False
88,0.084207141692534,0.1524701998545481,0.06721244836458237,0.06458415035754281,0.1863722881670981,0.032116331173423086,0.03882138305943316,0.0843664701001559,0.13854750587574757,0.15130208135493486,16,False
89,0.09744488254036007,0.16419347472218793,0.06963479640198282,0.06275134363557634,0.175939644647587,0.032935851611350535,0.036536786543529404,0.08455432420778118,0.13363513737679328,0.14237375831285143,16,False
90,0.1001531252339194,0.14547073737824084,0.07823585823271895,0.06705898981082054,0.17315474005793224,0.041006200408089284,0.031161981312396617,0.08032195189455721,0.1413911078400884,0.1420453078312364,16,False
91,0.08088326369860784,0.1434883010116126,0.08394469406943253,0.06457640173229759,0.1820606061778197,0.04894582199102087,0.033036272929110815,0.08318894971250128,0.13286308303435335,0.14701260564324353,16,False
92,0.09691864817304095,0.15040858155435038,0.07953138695800145,0.07091675056517693,0.17459216515964612,0.07311556819402926,0.015810971840228002,0.0760045594066885,0.12038903917024592,0.1423123289785924,47,False
93,0.09334388439816518,0.15483220112060625,0.06655036042298554,0.06779327497365029,0.18224161000368808,0.05353651317303828,0.025864475547861362,0.07677478612844249,0.12501064715643467,0.1540522470751278,16,False
94,0.096625938383707,0.15703199213471372,0.05047803825463296,0.06872541616111667,0.19642388328643468,0.036859495574600706,0.027463977489250307,0.07560673852817064,0.15009931960934952,0.14068520057802383,16,False
95,0.11799647793312866,0.1578462777693966,0.05880208830659991,0.06222773591160565,0.16324285317331882,0.05680623687567687,0.03612881348664795,0.07754656173578331,0.13121236512552065,0.1381905896823215,37,False
96,0.08165282966599584,0.14067479719384154,0.08671611207023125,0.05048106970722267,0.19145171319891696,0.07700631802632682,0.019908986266237636,0.07973873495893137,0.11235994047855061,0.1600094984337454,47,False
97,0.11423162759748452,0.1448539395463584,0.06909527736277331,0.06939900714095568,0.184264830375802,0.04067981899876763,0.029696288121577243,0.09342347923659398,0.12601043076386612,0.12834530085582102,16,False
98,0.09288206206113714,0.1640157678425203,0.06055728321701054,0.07654153818646921,0.17580257344542893,0.05416792233884052,0.03470409673843074,0.0800843884999835,0.13065431810872857,0.13059004956145062,16,False
99,0.1078450949792491,0.15029028066174285,0.07057750349741958,0.06821814297439832,0.18534728656690166,0.06904267080243136,0.024130034493284155,0.061374823246269576,0.11021029275174891,0.15296387002655448,47,False
100,0.1200177447470973,0.16590623084611134,0.06732147597323061,0.04754856922601243,0.1722922055004228,0.04557138794457076,0.047754630011285555,0.08795920388914114,0.12750414154341255,0.1181244103187154,16,False
101,0.1248349110301121,0.13455183602868384,0.0940136543174391,0.06897625133503475,0.17099532886770763,0.06329059673103128,0.023534198443894618,0.08085832030771195,0.10561610453633082,0.13332879840205383,47,False
102,0.09061573674402,0.13550174406603277,0.08720723060234849,0.06957866538195144,0.1704233225858921,0.07252022075852585,0.01692871024515946,0.09416070568855602,0.12092496974105131,0.14213869418646258,47,False
103,0.10431207857844735,0.14103746314139604,0.06570945974409612,0.06467614207681234,0.19647200876080442,0.06651978512739251,0.007017625327727672,0.08983831613255819,0.11944168015707234,0.14497544095369283,47,False
104,0.12144734132681938,0.12511493879174435,0.06198301732483229,0.0875372151557355,0.19086107011094358,0.08766460096777554,0.010334068339358236,0.09140519963383303,0.09552268258946778,0.12812986575949034,71,False
105,0.11875448383901221,0.14740098114250544,0.0648941023429856,0.06354368405588678,0.17126538693347945,0.06989082300458041,0.012033451219049427,0.09539467224265688,0.12780963891371738,0.12901277630612634,47,False
106,0.09704214294812465,0.15131132092507305,0.07395896927054853,0.08023009345497173,0.17105549324254715,0.0504859405504943,0.04018435260083953,0.06760869005316722,0.12538625303047501,0.14273674392375893,37,False
107,0.11693954727640724,0.1174198751258122,0.06930122680954591,0.053253130568499805,0.18208090777023028,0.10474160099529085,0.02903434082496901,0.09155216728118297,0.11780131280855345,0.11787589053950837,71,False
108,0.09437529901831734,0.1661152035172957,0.07496114013778096,0.07583898659888978,0.16512884688728313,0.03623470509734072,0.0482849903090367,0.06220770637521143,0.129591817732331,0.14726130432651333,37,False
109,0.09625508099090134,0.15786242418517538,0.06990770834083482,0.07923560139508816,0.1610511037542435,0.07515188204547743,0.0024767340316096324,0.06348251003275089,0.1265891442884737,0.16798781093544518,47,False
110,0.09775224248113422,0.15444538601975852,0.07381673539520577,0.06129911359043154,0.1730088506739202,0.05886674876664539,0.028624259046249503,0.10278703079881821,0.12096433998683591,0.12843529324100078,47,False
111,0.08440403567719647,0.15032666808668424,0.061319221222138204,0.06559091585496307,0.18076920946791536,0.07250552882825245,0.017261075883271353,0.09800607740124426,0.12372592542951145,0.1460913421488232,47,False
112,0.12349472321461524,0.11126622466441546,0.07104273420526142,0.06686227138696083,0.1696390944066384,0.10960371106862417,0.030681064046146338,0.07852277827332715,0.10238049075199278,0.13650690798201814,71,False
113,0.10303337147387559,0.12796099681538237,0.053582724114590516,0.06984831451947346,0.18225322166453298,0.09081084843000707,0.025339602999921617,0.1073526367378013,0.10907407733027889,0.13074420591413624,71,False
114,0.0999373852345624,0.1152079201115385,0.08145441753027341,0.0844665368941519,0.19259950198569004,0.04923617783313779,0.01918952428744175,0.07022870774002461,0.13684332236509017,0.15083650601808954,47,False
115,0.1166166319775346,0.12084806379686144,0.07555809153108918,0.07346281994207968,0.19019222842232716,0.05238280341713896,0.019764769460211457,0.09336224530881435,0.1274547762687802,0.1303575698751629,47,False
116,0.09952186756174955,0.13952980640219567,0.07028395463076899,0.057737306181968664,0.17761630153502486,0.07888308718915232,0.03553484570557875,0.08916380275848391,0.11401791213990838,0.13771111589516896,47,False
117,0.10113705577770293,0.17539112438747514,0.047272071068523436,0.07069587504747928,0.1822927465194564,0.061229455377770386,0.05166765946916185,0.05658339221942849,0.12235707726635528,0.1313735428666469,37,False
118,0.11234542535573261,0.11060399658804887,0.07467789409548815,0.07558936419072658,0.19384606960283277,0.10835391333081144,0.014244541801753576,0.09146487816106123,0.1101625950630322,0.10871132181051268,71,False
119,0.11547187875467188,0.12917448363346,0.06030285307562886,0.07622965596945104,0.19466294859180563,0.10374812251316795,0.00914014059479011,0.0749826534689305,0.09291881140330252,0.1433684519947916,71,False
120,0.1329423798205437,0.1305286305840226,0.06227575548483735,0.05881044883178373,0.20048414765957664,0.10396704876367734,0.0,0.06846005703423018,0.0994325651241976,0.14309896669713082,71,False
121,0.10291369410316496,0.12379131019999422,0.06948760669258003,0.06902439451159809,0.18598838772198625,0.11109973236730038,0.03224911024046622,0.0742678488905106,0.11892014037105131,0.11225777490134821,71,False
122,0.10148643375771883,0.12714955616192183,0.07741405509013169,0.07171467158592344,0.16070564542987253,0.10213729767430547,0.022505174214157826,0.10558009890038465,0.10229072777573421,0.12901633940984958,71,False
123,0.1100493798641921,0.13756195734647467,0.050698590702034335,0.0782807967051605,0.1899580484157605,0.08622642519831887,0.033444524768416015,0.08592210880978976,0.11120354771832792,0.11665462047152544,71,False
124,0.11981751238465842,0.1374676352972819,0.07598568534920197,0.05644031074626863,0.1872373986790499,0.1015041401972058,0.029374794207618005,0.07688971565139288,0.0988872042228042,0.11639560326451831,71,False
125,0.11324466432209365,0.12721824969777162,0.06950040668591997,0.06630403938721359,0.1808475338095139,0.09486894995415585,0.03240038534549311,0.06854846464794931,0.11365950995646927,0.1334077961934198,71,False
126,0.10961287495357845,0.13298409096918384,0.05936727344498211,0.0735789566931126,0.18633346888702582,0.10307270581616686,0.023089425208887102,0.07025572226304003,0.11613306558829803,0.12557241617572518,71,False
127,0.14380783107375814,0.10394370653441468,0.08984053628791987,0.057180622157860454,0.19564021955547514,0.09068779715473692,0.0,0.08571425774997925,0.11954812652789987,0.11363690295795568,71,False
128,0.07952035299421192,0.13046505438085498,0.0892187978782209,0.058830788237334876,0.1879928703574268,0.07887935136132986,0.024766319053492747,0.09199023272974342,0.11771767743831059,0.1406185555690739,47,False
129,0.1286977376200395,0.1290061948496383,0.07644311305807344,0.07552775199895649,0.16218131375946307,0.0871035028439395,0.020133270663995076,0.08027560192404984,0.10066685912562215,0.13996465415622278,71,False
130,0.11037008098037371,0.1214855239583623,0.061848508610494506,0.07940488221188506,0.19885842105324886,0.09508638146321122,0.025143461240220846,0.06835294447756912,0.10490598075345328,0.13454381525118117,71,False
131,0.1102972982241148,0.12410180137504434,0.0660056838563059,0.06985676686354154,0.17900649051728748,0.09119949408780519,0.025300717882448406,0.08896207049263628,0.12533685723023846,0.11993281947057748,71,False
132,0.13488156533784657,0.12197814896277266,0.0682103768156554,0.06017291381894255,0.18309685921051172,0.0898084874507873,0.01130802439616456,0.06839904583553277,0.12546179328682994,0.13668278488495675,71,False
133,0.11835084605393019,0.11748087385559297,0.07813286301225829,0.06624075335694922,0.20400358346314298,0.08791621347584991,0.014127087981975265,0.07468451816254165,0.09910091891604128,0.13996234172171837,71,False
134,0.11009277643927497,0.12148643799427981,0.06793569477188291,0.07273596006527477,0.19793675152766588,0.09559316067953352,0.019802145936674252,0.08687559871115345,0.10257870403000878,0.12496276984425159,71,False
135,0.13700085994602887,0.1329736557568234,0.06908589927784677,0.0678006703496907,0.17889083047854504,0.09080793558935799,0.0002014424125419214,0.07600530771878697,0.11545110060073127,0.13178229786964687,71,False
136,0.13587582206947166,0.13064202470176828,0.0627897018209318,0.06381594310224505,0.1823068947111141,0.08186559579414161,0.013602450546790046,0.08800364571286268,0.12306943349028031,0.11802848805039451,71,False
137,0.11248904511094275,0.12033994232985716,0.06643915108961262,0.06424398961654247,0.18524118289728037,0.10597747877442877,0.0265885519245691,0.07988000388571817,0.10229110060426459,0.13650955376678392,71,False
138,0.09433821125209743,0.12514849299351175,0.06512874780938442,0.06126561870709913,0.20101921407972656,0.1147350895827576,0.017531297714324306,0.08028685001481452,0.11619262415602391,0.1243538536902604,71,False
139,0.11966820926721343,0.12444185255040227,0.05182370425919753,0.08365628327396507,0.1844047149874278,0.08783304310581179,0.023818367955513817,0.10038945641015166,0.09533039861853979,0.12863396957177683,71,False
140,0.1384863760354014,0.12959975046133657,0.0781207040222128,0.06721806823122879,0.17338819726427962,0.09295799069100445,0.02733191740282351,0.0803712236803056,0.09622193560868644,0.11630383660272084,71,False
141,0.12382428119877047,0.09812504475667251,0.07788815870979239,0.07183596414015303,0.17752768925001683,0.11226181152104651,0.02967049408030654,0.08245333367752425,0.09616165820146665,0.13025156446425082,112,False
142,0.1141204707422008,0.11371075684509939,0.08825880258051166,0.05901082198244316,0.19555453423454808,0.09517230256099403,0.016576094666452663,0.07808936993440796,0.10354248855273243,0.13596435790060993,71,False
143,0.1215609551646177,0.1195065623563908,0.06811069850019631,0.0659247721945523,0.1866021067668569,0.0956577383493186,0.0065876899707848135,0.08042380014673929,0.11891092240883638,0.13671475414170695,71,False
144,0.11500851929102501,0.12321231974877954,0.05466729637551351,0.07577267173337342,0.17682449331961803,0.10501024814635718,0.014289677800869064,0.09251854631009672,0.11483484500947673,0.12786138226489074,71,False
145,0.11147226901133109,0.09983471326231116,0.09933240822322777,0.07179316238113512,0.16166222916227746,0.09589602639000566,0.024331892803565708,0.08446262288662895,0.10137494735449865,0.14983972852501826,112,False
146,0.11976749554567874,0.12464517504336985,0.07775414204231236,0.06716684338149054,0.16824780388701097,0.0940899570670612,0.024750162512976456,0.09500378523412674,0.09269451543472437,0.13588011985124876,112,False
147,0.13070588252911988,0.10411168116281933,0.06993876757133959,0.06509478783557507,0.16728274666989668,0.1156903784994899,0.036183899578787426,0.07538436725507011,0.10896994571112463,0.12663754318677733,112,False
148,0.12283672335804725,0.10029495951761618,0.06413342200830087,0.0648702112044721,0.16537749123423132,0.11078925860362372,0.024868669087851104,0.08649396748925582,0.10729662757551615,0.15303866992108542,141,False
149,0.12740463914620684,0.1213857623572086,0.08162885969517795,0.0728220379486387,0.1716947244696647,0.09907346111673151,0.015573050974030311,0.0845834923712886,0.10660542073892092,0.11922855118213205,71,False
150,0.12335080214057371,0.14083583560653165,0.06289946715268516,0.0845902005189019,0.18873492669601416,0.08525301949904725,0.022191732221309268,0.07616829531287768,0.0976843036498453,0.11829141720221378,71,False
151,0.12189496584607099,0.09951262660445584,0.06902450086671541,0.07572676160641854,0.1571977116442255,0.1042429345438407,0.024740869180844408,0.08571088368617637,0.12299894721891336,0.13894979880233893,112,False
152,0.1319614146790702,0.10865664266300873,0.0495114485905549,0.05537004221573505,0.17843741881542388,0.10876377358521128,0.04308041039839954,0.0870085217285933,0.09701391677319042,0.14019641055081267,112,False
153,0.12131470162067089,0.11210833704247511,0.07773740033584635,0.0710866618829152,0.19277999527935363,0.07321079884821839,0.014510661624554846,0.0809375927544184,0.1109785589445072,0.14533529166704007,71,False
154,0.1294476450846395,0.09775821360724239,0.07062333831483779,0.07258581675074045,0.16139859597842865,0.11150633775258945,0.036431961647180044,0.08805216428028044,0.10686339658504175,0.12533252999901953,112,False
155,0.1257592155148433,0.11109554107727851,0.06748656309050588,0.0683656533074237,0.16538585136143455,0.0910349185088664,0.03950429270077816,0.0787191035566202,0.10917569589350751,0.14347316498874202,112,False
156,0.12468917015195519,0.1191950988051959,0.0652919427189526,0.07530154019513036,0.17149184793079886,0.08581914982704628,0.01840677356489293,0.1033833553206537,0.10024708109689844,0.13617404038847578,112,False
157,0.13127072160741396,0.1217887583140474,0.06885571718335193,0.06217955248074405,0.17986661565946618,0.11580864506273682,0.03776142858270059,0.06165606155224107,0.08948763098755552,0.13132486856974246,112,False
158,0.13583140522944598,0.1282045470533198,0.059467519509192504,0.06982379524721273,0.16760406053320556,0.09884910141852397,0.04388715786780917,0.07728587054237353,0.09504932213073702,0.12399722046817972,112,False
159,0.11525549377234695,0.12078868952586831,0.056968306105558184,0.07424090538123328,0.20122983727581487,0.09585074915252093,0.02912217770037365,0.08445552005480128,0.12336838601214392,0.09871993501933861,121,False
160,0.11842949728731932,0.10992229701663164,0.08370245182254131,0.06708666856600722,0.17815540528976154,0.11011635873551161,0.026494784619960254,0.06683792594173331,0.11262542173500957,0.12662918898552436,112,False
161,0.13087525717417392,0.13327418712314798,0.0663557455000306,0.0738519660252092,0.17317906391610152,0.09373543127779307,0.012474766218192159,0.07576559126833725,0.1136600020146041,0.12682798948241014,71,False
162,0.13495189597167334,0.1030756389982947,0.0809897663014784,0.06021015539697422,0.15900114204772545,0.11287633276535486,0.03662968303158114,0.07857463191144967,0.10028639687189475,0.13340435670357345,112,False
163,0.13941259286719018,0.12297654342332791,0.05805764586253769,0.07323763650662482,0.17541543498202167,0.09225718470013321,0.021584940106399896,0.07850862451053527,0.09815570423411336,0.14039369280711608,112,False
164,0.11326808035780762,0.13126594234447492,0.08564414468422782,0.07359888331021168,0.18866938828649854,0.09239929121325144,0.0013974698490095343,0.08777145361721944,0.0979782901692523,0.12800705616804672,71,False
165,0.1333063832635753,0.10586341434846433,0.056233421521554895,0.07897127605239626,0.16793041650161597,0.10131949051423784,0.0328511907638803,0.07374890169156237,0.10336454980889646,0.14641095553381617,112,False
166,0.11219938073533485,0.12565278200233682,0.059821349939440924,0.05591050582319075,0.1789942813227235,0.11265912062679986,0.02637627898669905,0.08534490894790693,0.1197415036856271,0.12329988792994036,121,False
167,0.11662094317996517,0.0996927750294181,0.06865962828771396,0.07749864843750139,0.1764004117660311,0.11944554162201097,0.03419752647289225,0.07334814695884923,0.10442316234338304,0.1297132159022348,112,False
168,0.12608704067271614,0.11858577124712272,0.08142342573829536,0.07184793824325994,0.15131376458381143,0.11462204984368662,0.01643229350082762,0.07638592687264951,0.10417907550457607,0.1391227137930544,112,False
169,0.13208426239436014,0.11089544008037927,0.06412678233995756,0.0674064901271552,0.15730928975752512,0.11102392019984349,0.022928254450999937,0.08771406443369688,0.10728311968959069,0.13922837652649178,112,False
170,0.1409593987688535,0.1108768413258565,0.06936917580882254,0.06212029399947412,0.17161620497604332,0.10152685605660323,0.033469605142423704,0.06828408266379564,0.10342709969746952,0.1383504415606579,112,False
171,0.12845540094028762,0.1099300879165614,0.07502092707332837,0.08423786940026984,0.17067452082796736,0.0961422406529135,0.017890044663413724,0.08148913326508807,0.09753972275273766,0.13862005250743253,112,False
172,0.11143027886532998,0.1048407645851294,0.08577589414947796,0.060540391508047145,0.16990804444409305,0.10682669675417478,0.03515594961543059,0.09044796803124612,0.11384350362811178,0.12123050841895926,112,False
173,0.12740566018235797,0.09800839139640208,0.07670038902943097,0.06199814490446127,0.17683535768262315,0.10970097452413514,0.02982505251492668,0.07652119620342156,0.10908102890157738,0.13392380466066384,112,False
174,0.11331159482734093,0.12075926068578208,0.08211138475229487,0.05251550306573814,0.15673696131909043,0.10987751891771821,0.04192508716677355,0.06859054424452986,0.10858877440124631,0.14558337061948576,112,False
175,0.1288901911985923,0.11440646100445055,0.06158999161486484,0.06382267081317494,0.16679832697402094,0.12760252468577,0.026411411104072753,0.08209147058155634,0.10716136087014912,0.12122559115334815,112,False
176,0.1305441242872518,0.1000939905670013,0.07733867200804029,0.06400754125163322,0.1705608192184897,0.11375656996518049,0.03655762167739772,0.073686188613099,0.1047869441561963,0.12866752825571015,112,False
177,0.11890983809447817,0.10469641832056989,0.06745275833289607,0.06715302457051907,0.1728118114083642,0.11384518506465591,0.025807533730032705,0.08910552452952182,0.11222910804311838,0.12798879790584378,112,False
178,0.10599274807313554,0.12512341229507726,0.07084828755737241,0.06797277925144052,0.1813352338325822,0.1104906534661234,0.038619700124398464,0.06437383609057214,0.13036541185605563,0.10487793745324236,121,False
179,0.1305323776352944,0.12364651391371316,0.07935362426587726,0.06658747186782893,0.1596022514124235,0.10057905857556458,0.04235163622345043,0.0960671565153371,0.08065707467100813,0.12062283491950247,112,False
180,0.09607365787272398,0.12500957278694386,0.06209472279658412,0.08738704751928958,0.19618446597323613,0.11060892386930739,0.038109123775815,0.0632947398312975,0.10740578252312052,0.11383196305168201,121,False
181,0.0912370080434319,0.10498535064770918,0.06933946035087431,0.08032958866604843,0.19041323409042807,0.10756853953882044,0.015830124185083193,0.1044212745120789,0.12463362965358896,0.11124179031193657,121,False
182,0.1386288260903426,0.10585054254733213,0.07649666867720692,0.05576251967830688,0.17728741338423498,0.11043275050203072,0.02189897011214659,0.07713752488639082,0.08803141163456837,0.14847337248744005,112,False
183,0.12095725485502729,0.1162272094827233,0.06272484658382928,0.07535557315600479,0.17545255599820908,0.10893479766239454,0.0206507787262287,0.07726829953158162,0.10273529556539325,0.1396933884386081,112,False
184,0.1205528970222096,0.11814933317863016,0.08151625726775967,0.055634074263503544,0.17191484680006294,0.10975825762798581,0.032082361245235294,0.06557511290257294,0.10807922899054272,0.1367376307014974,112,False
185,0.11741193754985153,0.1090300117400152,0.0705358657327248,0.055952209483341,0.15704561919256946,0.0913636110962935,0.06258845974704287,0.08472674522205592,0.10254389268858359,0.14880164754752215,112,False
186,0.10298778711505732,0.12046637394622084,0.06640166753323506,0.058364271377378846,0.1942617265995985,0.11900173944258878,0.02886557806496713,0.061916700894148115,0.13170425174021125,0.11602990328659417,121,False
