ID,strat_res0,strat_res1,strat_res2,strat_res3,strat_res4,strat_res5,strat_res6,strat_res7,strat_res8,strat_res9,ancestor,alive_at_end
0,0.10850323790391975,0.1345219889302851,0.06506190024381205,0.14944094779808534,0.039515779406255294,0.3432794879800145,0.0037185083089821174,0.04795520726533875,0.04871331121891083,0.0592896309443963,0,False
1,0.09778719180406972,0.1322496121184573,0.08476110007256071,0.15904392823800426,0.03738493996974882,0.34184990208135146,0.0004903387047830869,0.0418676971571404,0.04062452945300466,0.06394076040087952,0,False
2,0.09984556951324645,0.12196786788511714,0.07620089381836231,0.14743756515688508,0.04630797980142838,0.3256714122100565,0.01816035531729593,0.04817604820812803,0.05775075392777789,0.05848155416170228,0,False
3,0.10206716803027696,0.12343159726309935,0.06533065614550812,0.1687702939766712,0.017755945266166306,0.3502546520843572,0.0,0.06752917231733722,0.05464148395520867,0.050219030961375,1,False
4,0.08581541074192064,0.1270019496860644,0.07551416765651814,0.1520025532531145,0.04457670320987796,0.33851212838134387,0.01926468555926539,0.05572812408487049,0.0478173095214927,0.05376696790553182,2,False
5,0.08612987016427368,0.13692887042196675,0.08579179688031503,0.14437041980471083,0.06384334777561058,0.31054665006630466,0.01088094441353263,0.057662825224347736,0.0491169527191156,0.054728322529822356,4,False
6,0.08385047545505231,0.1429170985665492,0.07281870656756502,0.15958506472002718,0.052332617614571794,0.3126747233080684,0.02701595101921304,0.05014552171521146,0.04482627340315847,0.053833567630583265,5,False
7,0.10034687950492895,0.13576128928696984,0.07672445133020647,0.13181417805472287,0.0518813386795425,0.3012500367803587,0.034475265053296844,0.045713015059726386,0.05874193778667951,0.06329160846356777,6,False
8,0.08680368062437371,0.15921130289714294,0.06289762315012365,0.16754463412097487,0.05364241485892294,0.31736736461080517,0.02110929640258704,0.03931479706283646,0.03080887082840704,0.061300015443826225,6,False
9,0.08423942096989763,0.15322339430699985,0.0535228070620162,0.16735425262439735,0.05462340497082256,0.3321236610286011,0.03824835227138229,0.038552036229355685,0.029001412711835473,0.049111257824691945,8,False
10,0.07013869376984092,0.15545388524846734,0.04542470930242598,0.1734391150836063,0.05396376403280432,0.34291931105882995,0.02728228203238898,0.04070708748728325,0.033741672157122454,0.056929479827230685,9,False
11,0.08983845574120422,0.1494232325301587,0.05428183010061236,0.15682430276659465,0.0628092878539423,0.32371039797724505,0.028516546778559318,0.03886740958336758,0.04084446575619462,0.05488407091212119,9,False
12,0.09810067417211445,0.14050692752270316,0.061867926752910925,0.16896897077677944,0.07009183132738014,0.3150871652593545,0.02144426889048858,0.042802995049589086,0.037942683478997846,0.04318655676968199,11,False
13,0.07914044251916037,0.1451425591617387,0.0418681470255271,0.17177501366210413,0.050648239427658164,0.30621625907403005,0.05773660536145903,0.06342953326813522,0.026343602097594485,0.0576995984025928,9,False
14,0.08408718708878404,0.15953894885045877,0.05180700573685815,0.16654167234637288,0.07403193888608366,0.3258823901607414,0.015251056932575554,0.04057035974987064,0.046482276830992236,0.03580716341726283,12,False
15,0.08912530068607145,0.1239510999683041,0.05490978224921472,0.16322402388420104,0.09416565384359267,0.31951643227534643,0.017988637906035804,0.05381835176207996,0.03980947800774423,0.04349123941740955,12,False
16,0.07804281928899966,0.13883908661107153,0.0504238749408222,0.18636271810457664,0.06314906096782201,0.3358882039314785,0.028431641345515363,0.034907095432076075,0.026818956636092153,0.05713654274154592,11,False
17,0.10741577865600659,0.12482779814223265,0.08342881518912917,0.1593169507566999,0.07266208496393742,0.3044657039563945,0.00989415747985391,0.045186769963823356,0.02743261633438843,0.06536932455753428,12,False
18,0.10677708713295785,0.11903151956625023,0.07579153671182791,0.1679859161911085,0.07518547804544808,0.32891062366678997,0.0,0.05068836095906634,0.019775604967133688,0.055853872759417444,17,False
19,0.10016467471420125,0.1294398799848762,0.08338825733503338,0.15324229726925848,0.062093568174535985,0.296973321654506,0.03765488804257713,0.03695901027908887,0.05435712475008741,0.045726977795835254,12,False
20,0.07466176512873365,0.13361813904012623,0.06383161456426134,0.1985680248552598,0.07382567885623462,0.3082794915661539,0.023826148872315597,0.03954741013138042,0.03113506532649111,0.052706661659043356,16,False
21,0.09741309309888727,0.13715844934031693,0.06716105709886129,0.17307499470891435,0.07625532962096558,0.32939408835753875,0.01394547373818559,0.0413958063273943,0.03932469795786765,0.024877009751068147,12,False
22,0.08727927120027762,0.1257801937477741,0.046370297613336206,0.17121211119251892,0.04810456301711687,0.29980584420688555,0.0474226282699234,0.0686199400857208,0.040661946390530924,0.06474320427591553,13,False
23,0.07645786508919897,0.15234803897907237,0.05457032813845523,0.17615738365217953,0.06094642332368733,0.32474762539929475,0.016691452799773358,0.04153813986064276,0.051400411571499646,0.04514233118619609,14,False
24,0.07077528627932259,0.14187574448611323,0.04109087500684324,0.162823443985542,0.06565624329440058,0.3097564552019865,0.05835764734743202,0.06191168396371759,0.04101378071698993,0.04673883971765233,13,False
25,0.0659862336405461,0.1596429113538027,0.06363510131221309,0.17560552061575485,0.05487012381308284,0.35279659860906587,0.01161537594541796,0.0319503501446376,0.029532477794648473,0.05436530677083061,10,False
26,0.10362523851817432,0.1598111306144546,0.06787497689489876,0.15642212736895336,0.06021592085073902,0.3260542104349434,0.021709639745828232,0.02452268460900675,0.03513215800047552,0.04463191296252598,11,False
27,0.09898322260393544,0.14738096566622125,0.06144670463768276,0.1714850128115111,0.07084911943967027,0.3272561251681377,0.0,0.04056724773977938,0.04551690124139155,0.03651470069167058,12,False
28,0.10197915136511564,0.12045809580356567,0.0800572065242997,0.15458102540674945,0.07575356272892492,0.29536381272629186,0.01324121664859082,0.05849568456006569,0.03133009968170011,0.06874014455469607,17,False
29,0.0752627680776107,0.15395772099498334,0.0632278466634556,0.15425145519222472,0.05264619961668368,0.3200647769163242,0.035684538918701776,0.04447564594407693,0.04700415739083844,0.0534248902851006,11,False
30,0.09113542816413003,0.16836625306367908,0.04052891887170719,0.16033417881641432,0.08384410256406563,0.32960203481086736,0.0025453955860242974,0.04313422317121677,0.04732692527812365,0.03318253967377156,14,False
31,0.08757782853000179,0.15413783001975256,0.06548774145040917,0.1675155215647465,0.06664664842806742,0.3404238645945622,0.008560971761757932,0.019921986797494184,0.06311458500343071,0.026613021849777544,14,False
32,0.08153783294353824,0.1584119605974617,0.05367151549063149,0.14504005271705192,0.07729536984402295,0.32543628933783253,0.028357955984340242,0.03365895011821717,0.05376904006850148,0.04282103289840229,11,False
33,0.11895901296121747,0.13355032209459283,0.09478806273457693,0.1513054804348438,0.07514401040303254,0.30615628118762445,0.0,0.03841028045418358,0.024779417751189182,0.05690713197873933,17,False
34,0.09387468453236344,0.11894678702877391,0.07532449424941337,0.16223717267438215,0.07699462773392382,0.3135073383099057,0.006633504038218177,0.06883760837559479,0.027657579436387112,0.05598620362103749,18,False
35,0.09042437990878242,0.12868021017949569,0.04579976029355871,0.16033393961304024,0.09735838310623732,0.29675376259212516,0.018690134257712068,0.06892007058340865,0.04420675341088738,0.04883260605475239,15,False
36,0.09688051190371325,0.12140992231325844,0.10590641550784616,0.14515165281993406,0.08390812381090472,0.2889064569902581,0.0,0.06085154729879696,0.026291458249377654,0.07069391110591072,17,False
37,0.07922246711450442,0.127265324638308,0.04720576341280921,0.17203729003262935,0.08264664265669724,0.3321280112088267,0.035306637283976004,0.03640150466812596,0.03685046368555658,0.05093589529856654,16,False
38,0.08684464425908489,0.13853470581964875,0.062406042255759464,0.15852514714392144,0.0812231439590819,0.3190762046599146,0.02564918800858562,0.051045482201867026,0.03183534426094626,0.044860097431190016,12,False
39,0.1029553439439842,0.11285824920479492,0.08981510159964631,0.1904030719619344,0.044183182161850916,0.30143631522414727,0.004887765691636571,0.04259175208721586,0.03928217960867897,0.07158703851611072,17,False
40,0.13072848974850204,0.13992868350987975,0.09673703289292067,0.14854723415614596,0.06903001644588168,0.3011577713266355,0.0010287047201603331,0.031562132889158004,0.003606524814283983,0.07767340949643205,17,False
41,0.07396684941939112,0.13467213424395164,0.04548117987987346,0.17066771301232914,0.05174078960086726,0.3110384551799249,0.056018076037516996,0.0557131558995593,0.038988808652999654,0.061712838073586504,13,False
42,0.10458655785097772,0.14585126763251807,0.05650604884837687,0.16489527821151484,0.08436061817354107,0.31599724840021143,0.034381459992190805,0.024907266866200494,0.026424015685312295,0.042090238339156344,12,False
43,0.07840484884479283,0.13789215979866232,0.06288932559116328,0.2016592018364387,0.07168890592882861,0.3210704324108944,0.014372074103494854,0.03429786266163313,0.018255919181380264,0.05946926964271166,20,False
44,0.09069949619509748,0.14360001392402802,0.09235901137214869,0.15124788649565565,0.05318323285975843,0.30892714083724504,0.034723407834136404,0.04518416678563249,0.038882728657458156,0.04119291503883957,19,False
45,0.0710778496089006,0.13596661753620404,0.053382583214278266,0.1743925266221957,0.056703399750016016,0.3143794005676884,0.05147189134579188,0.05117990610603143,0.03290044154474405,0.05854538370414963,13,False
46,0.07427121239188587,0.1597846186773309,0.02942543496182221,0.17798924991122636,0.04725716889176136,0.32211717783761407,0.058116339583043526,0.05775298046780016,0.024412845837103223,0.04887297144041244,13,False
47,0.09302616400420698,0.16045869460990927,0.06742635171981572,0.13272502458935403,0.06608836352852064,0.3151107574015359,0.028113291536229535,0.0466553486711017,0.03340529857429454,0.0569907053650316,11,False
48,0.07968032856972615,0.12328028482521125,0.04902274985075686,0.1878304757850406,0.04383515779003494,0.32584213662557465,0.053984282979273775,0.06288179302986006,0.02009750614200243,0.05354528440251917,13,False
49,0.09943357707644043,0.12828250600741722,0.07566328994694548,0.16854378584548158,0.06894952131725313,0.32366396188415403,0.02190445174068961,0.046510215916864286,0.007281826898158572,0.05976686336659573,18,False
50,0.09557574024946677,0.12319552637597808,0.08673230226576943,0.1572988885083023,0.06193735011965748,0.3025386423349886,0.045932673769790926,0.025830501554969538,0.06354283231713556,0.03741554250394123,19,False
51,0.11512463978973234,0.11893963816084752,0.08139066718919695,0.17322975010145772,0.07988294635302878,0.2985727941759463,0.004508084985352723,0.035516135191732835,0.02772820484377162,0.06510713920893327,17,False
52,0.10013510930158216,0.13310775336225739,0.06345650881082131,0.1688380522184478,0.08266069741207573,0.28877470551039003,0.020380636740166,0.04814134870787407,0.018367950911684097,0.07613723702470152,28,False
53,0.07410062424703084,0.152832454320506,0.04350315219055014,0.1924899871841833,0.053157529614402156,0.3220715235780896,0.04906808191062901,0.044219449987371214,0.012874098681401415,0.05568309828583643,13,False
54,0.1011440100123871,0.14037715229960343,0.04231765097403434,0.17081907584384515,0.03254983832779628,0.335782435955344,0.04073391986559606,0.0712002671990467,0.016749885953083344,0.04832576356926354,13,False
55,0.09520266830756752,0.13177176176230126,0.08825835168603108,0.15530918313363706,0.0711073544330644,0.28417053787542196,0.03326094303156118,0.04596512305408713,0.05941517325858681,0.035538903457741626,19,False
56,0.1026937867868203,0.12702683058668437,0.07444755031604343,0.14582003334909116,0.06684226900351652,0.29908090040243673,0.03499682274654893,0.045135934072148866,0.07257408909191174,0.031381783644797774,19,False
57,0.07558989845241093,0.15088179718598171,0.0612640400694417,0.1597786590514636,0.05156080495234858,0.3326973363699429,0.026645458124217168,0.04161353506697874,0.04804952635957948,0.05191894436763529,11,False
58,0.1068714497974076,0.13856478568323857,0.08196612084928288,0.1473853931710161,0.059179655762359604,0.29115810709928125,0.03059568517350798,0.045728988838913354,0.053837353423977184,0.0447124602010156,19,False
59,0.10045593981862436,0.14263817515387547,0.0916397093135106,0.14333335751904108,0.0626839759904971,0.2981163700238421,0.04013731691283134,0.02324820133621106,0.043994982132441005,0.0537519717991259,19,False
60,0.09810499603363466,0.1257749119006531,0.07928822403744443,0.1783343869647161,0.06524242286394188,0.30587360037626693,0.02467135526638001,0.023118918362338897,0.05469765587196155,0.04489352832266237,19,False
61,0.08336672767830047,0.1332275710757078,0.061151065745589525,0.17794398939045955,0.045843588125069286,0.2924439654259885,0.05417971514424569,0.07569647504938469,0.011949331220752374,0.06419757114450216,13,False
62,0.10313499362340367,0.13309115067350855,0.08152799771407059,0.15747185077582687,0.0636857662590744,0.30508913749959454,0.018626630609461552,0.0337685783327843,0.04297669453313696,0.06062719997913871,19,False
63,0.08659845941076967,0.1583524911882793,0.04971137090428835,0.14883206889178274,0.06791955837395831,0.33905513407220866,0.01964186559730747,0.04151568151258196,0.03831608033763378,0.050057289711189626,11,False
64,0.08510521128556525,0.14890981128280292,0.08000291142962679,0.14738017911920723,0.06753796231258247,0.2875546516052832,0.029952968644037917,0.045027937361661406,0.05992053276703161,0.048607834192201285,19,False
65,0.10510065663568828,0.1267512051059273,0.07616414867310745,0.14503857670930553,0.05881038947146795,0.29420459982897473,0.05538839052641293,0.037347046963840926,0.050019736060071714,0.051175250025203206,19,False
66,0.08273735035041234,0.14221701879287557,0.06878355773096004,0.16914328521971284,0.06119955381352621,0.28266374792355553,0.04448637597243912,0.04607902583952907,0.06052290546659052,0.042167178890398824,19,False
67,0.07739219692384308,0.14125893202151543,0.08981006135216849,0.1685096440501176,0.07614425714310617,0.3012831952565051,0.04218099784045286,0.028735465293148264,0.039201565245923144,0.03548368487321979,19,False
68,0.06995130837735537,0.14288503897613147,0.04465789865962133,0.17704295713572052,0.0542442357343397,0.32798096528185205,0.039932080923251505,0.06386793652911259,0.008603314635812737,0.07083426374680267,13,False
69,0.09493873120426538,0.13155375368903044,0.05561467614333746,0.16049750140385308,0.052765184457155126,0.30013561290284163,0.05301121324251136,0.05606795353358297,0.032385928376332786,0.0630294450470897,22,False
70,0.10942615710092371,0.12234510285038544,0.07397526615609402,0.14309776311188738,0.05316950491369026,0.2770304890516574,0.05249947239488326,0.06592620480642426,0.04429581758358069,0.05823422203047353,19,False
71,0.09327188696795811,0.1293964413828772,0.05149549818788467,0.1731806780975267,0.09531839653626428,0.30809478923426775,0.01966886105585443,0.06122166323923025,0.04443942096670951,0.023912364331427027,15,False
72,0.08677891959127404,0.13797841267369473,0.05110090548703569,0.161876917574235,0.06152608690511035,0.34104715813546005,0.031142888523337155,0.03924590999642768,0.033719733281407434,0.05558306783201786,11,False
73,0.0953292140510803,0.10878452528462519,0.08379427031002923,0.13622885497911172,0.06794591291711893,0.29780519797708854,0.05150221843551859,0.05654117823701813,0.05372855078599431,0.04834007702241501,19,False
74,0.1056934337727374,0.11521477998943545,0.08593600553309569,0.14833827742380945,0.06320248398745484,0.2969830361553292,0.025418175553236885,0.05111710412981852,0.048658679680015984,0.05943802377506654,19,False
75,0.11532267863501498,0.12197980757791621,0.08918295305539622,0.15160231145688233,0.05877373732127096,0.28677636297772174,0.02734535349141414,0.05654878816050662,0.054883462662124134,0.037584544661752636,19,False
76,0.09414756132746677,0.13675841202448377,0.08178495006358526,0.15662662148298923,0.060774611181001255,0.2953158952861404,0.0405931796308379,0.04074620932568407,0.04215076298317455,0.05110179669463686,19,False
77,0.0648474346093623,0.1601510315002281,0.041397563121421274,0.1834557671866927,0.04604784291448818,0.3225722015231159,0.06331237620572457,0.05294589857585978,0.01704003892791194,0.04822984543519525,13,False
78,0.1008287858036043,0.12879908901936382,0.093248415585544,0.15234730661084964,0.06231404711165897,0.2845742251965862,0.046081958487069793,0.03733438507935912,0.03932772212681217,0.05514406497915199,19,False
79,0.08960229375489744,0.14109502836470872,0.024691517794960954,0.1693436871004769,0.06909840473054615,0.30141852457682566,0.052541112322216345,0.06388817255182537,0.022180957089502084,0.06614030171404041,13,False
80,0.09955468891808793,0.13217639113073443,0.0930457867472057,0.15930994441992222,0.0555240230062771,0.2930865719585235,0.0482311963046868,0.03551894680687095,0.05072811770638462,0.03282433300130675,19,False
81,0.10272106581390142,0.13642362823982984,0.06660701244566702,0.168921744891203,0.04796940396475199,0.2874275521292197,0.048830020939827676,0.039245411814658474,0.05857975903252999,0.043274400728410746,19,False
82,0.08431144277105025,0.13384673420074644,0.10490248342222384,0.15025190108223796,0.07565772580563875,0.3110882294151928,0.03627266396177172,0.02456639389501941,0.0404885904274132,0.03861383501870557,19,False
83,0.10064698367882066,0.12069478791408934,0.09723211265268991,0.16558165325100105,0.044843291912905286,0.2857324145186151,0.041990144856612836,0.03911953270730531,0.06376505712169724,0.04039402138626317,19,False
84,0.0960506831667168,0.14385734604930767,0.08632900404796286,0.15180143793512274,0.05599123475546265,0.300748703999942,0.0351470051971567,0.027160381312318738,0.07067702333263631,0.032237180203373614,19,False
85,0.09416656867169665,0.1133773311843526,0.08119933935582013,0.16359990599815108,0.09354068421450108,0.29215953328909894,0.004910079196732775,0.07062568642868734,0.03397345352477941,0.05244741813618001,28,False
86,0.1052108405180548,0.1348702191917009,0.0852498505797029,0.1505922662402658,0.06678551426307788,0.29281330631191577,0.05339379367650123,0.026285814958454615,0.05006170464667539,0.03473668961365071,19,False
87,0.08021428062979193,0.10916287840591271,0.04060330776280117,0.1729085489224029,0.06636587385752103,0.3035615514939221,0.05311247312087202,0.05017399418313757,0.046044993443236946,0.07785209818040162,22,False
88,0.1036876152232205,0.13176375970356646,0.09556811377034868,0.16868947473769355,0.05519696369539575,0.2868234916293166,0.036147026865394456,0.03190100792165441,0.06557880439217585,0.024643742061233785,19,False
89,0.11826950944897743,0.1214415552865379,0.07622622330829551,0.1433981713447105,0.062281819601833474,0.2884327298237751,0.04255648560336662,0.029920220227385216,0.05368302971286526,0.06379025564225299,19,False
90,0.09487586297837593,0.1197113254513659,0.04691962344530012,0.15882256892744231,0.06849920338329275,0.284167686258396,0.03837273844898645,0.06434688805511167,0.05013537150994337,0.07414873154178539,22,False
91,0.10469994198155258,0.13306438778998259,0.09317563933562677,0.14651180813349618,0.04803403492426939,0.2870715485283371,0.03288485486467053,0.0503201974386633,0.06827735751524043,0.035960229488161154,19,False
92,0.07894926268193528,0.11314315534809427,0.060271946239482246,0.16887496479504074,0.038741481206798885,0.2835621201945838,0.05295560205312962,0.08680496541488707,0.046904583540135145,0.06979191852591284,22,False
93,0.09675248404991033,0.13170879717582937,0.09289477129370753,0.1601935124642369,0.06595262991393482,0.2761998171852992,0.04268968988187063,0.029226319509568718,0.06884559166867064,0.03553638685697173,19,False
94,0.0910028939921842,0.12553363668043105,0.07530640638313546,0.12663989751054247,0.0826006698603397,0.2900900803559956,0.03894279805912759,0.06302492859535402,0.04574509342660462,0.061113595136285316,73,False
95,0.12015385619574653,0.13663044767460758,0.09036144058975185,0.15681349636560324,0.04573856573267999,0.31521316002642397,0.037526259624952256,0.027150327721477192,0.03736981456845905,0.03304263150029844,19,False
96,0.10245246508492385,0.1356656917804789,0.08749189418294248,0.1622350946929127,0.05519043880769222,0.27922346243780605,0.04236742519555179,0.034960654315803294,0.05679263521480759,0.04362023828708112,19,False
97,0.10252210833222647,0.12477222121501033,0.08531848078963147,0.1498743716321595,0.05730770413215907,0.3055968332915454,0.045752153675747906,0.0241039547760058,0.05890314254541608,0.04584902961009789,19,False
98,0.09874638340624449,0.1432777896903401,0.06679410177987297,0.16539632426584058,0.07327920945970909,0.29574850136767955,0.038609263367718985,0.03669990909803698,0.05225783501253737,0.029190682552019898,19,False
99,0.08552252876962134,0.11934767441289176,0.04045367555661384,0.1640183151659614,0.06190510196563499,0.28843762304973647,0.05461034966951963,0.07353103957717348,0.045438355994969114,0.06673533583787798,22,False
100,0.09844007948423036,0.13648432407699126,0.069289472809943,0.15205446352375582,0.07392416761053149,0.3062812845981852,0.03489662945581694,0.04149165318846459,0.06570178397993112,0.021436141272150225,19,False
101,0.09065842443313452,0.13193061210308898,0.03690507420775469,0.1690363568954149,0.05519654825931781,0.2936536679333979,0.04887567885953718,0.07944238232031929,0.03568293287238525,0.05861832211564949,22,False
102,0.10608759069074729,0.1306534901797987,0.06951306849203327,0.13919171133888936,0.05655542881876517,0.2594767347164632,0.04608899201604393,0.07630131574484252,0.052395852131629984,0.06373581587078654,70,False
103,0.09454795450451234,0.13440275872750762,0.07129009233306605,0.15772830196392063,0.06032942587330692,0.2808781358064729,0.04201169157632759,0.040754710417641754,0.06040991841334879,0.05764701038389545,19,False
104,0.10513064538300741,0.11708663573151568,0.08571660069124237,0.13786078742302865,0.07251350107889683,0.28632390328824553,0.05915179466626469,0.04117711557624831,0.04173988832557884,0.05329912783597166,73,False
105,0.09666631935106405,0.13217302044545978,0.0877692363260337,0.1612577290480936,0.06355162751945644,0.2852478749419103,0.04160392688456268,0.03624158481919496,0.05326697377307459,0.04222170689114988,19,False
106,0.07824042359674152,0.12973849550018685,0.03159731857944566,0.15498903349014106,0.05246507704578587,0.30000470642861343,0.06394850828338267,0.08089449007194284,0.05123882570348306,0.05688312130027723,22,False
107,0.09930868414674628,0.13932152385157429,0.08626757072040833,0.15186409573144027,0.05807314702798266,0.2850768076377367,0.03192321238806364,0.03558901574524426,0.0706429554394188,0.041932987311384756,19,False
108,0.11191939556904183,0.10638758620197633,0.08672881511642011,0.1309995400977764,0.05818653921840594,0.300799544762273,0.05701848090623529,0.0468697647078723,0.05313153279069436,0.04795880062930434,73,False
109,0.10203614958324758,0.11634725636892589,0.03620748248366178,0.173885662917159,0.048574203388042185,0.3026275006584056,0.05287964225763233,0.048183124754861285,0.05161726392780538,0.06764171366025895,22,False
110,0.0952172106178386,0.11982640498515469,0.03406194266772147,0.18835002790613312,0.048390325858521585,0.30538998507459386,0.05524982884681849,0.07109159562144118,0.029281454463772782,0.05314122395800415,22,False
111,0.11199883505339343,0.10819566496783994,0.0816632802853258,0.1482718798733511,0.05730780614907962,0.29277880946722407,0.046534763688184426,0.07397396290790997,0.029428198716559096,0.049846798891132554,70,False
112,0.08356631979570148,0.1225119810048945,0.0488150276771616,0.16301873597238267,0.04980173865630316,0.28829668522818785,0.06165678568017228,0.07836485785973299,0.03519234838278313,0.06877551974268041,22,False
113,0.09717180893645626,0.11575270225468264,0.07410121956681394,0.1243676219994304,0.09181280431665889,0.2917968171083529,0.04026608684630036,0.05135821339606149,0.047502266511140215,0.06587045906410284,94,False
114,0.09482777885981361,0.10406699724784549,0.07037143619406311,0.13478773245971495,0.06910914355444422,0.29141996765888944,0.06764716841285524,0.06106750476302907,0.05366190151219443,0.053040369337150235,73,False
115,0.09651551168281322,0.1327420070532682,0.05331374884235463,0.18746343351102493,0.03902902719047421,0.2846111885397199,0.050986878040838596,0.06927921360226647,0.042467202656905616,0.04359178888033432,22,False
116,0.09800911736721775,0.11031110633553896,0.0840368275524376,0.1524551347366632,0.08659309598331391,0.28315406803439497,0.05213622628891919,0.047857349604481125,0.04555610412626296,0.039890969970770324,73,False
117,0.09504825867603163,0.09979459547004749,0.08099581912130858,0.1419931990228289,0.07096238724883891,0.2960750999862362,0.05289896013271295,0.06585313576880611,0.043937768819623836,0.05244077575356522,73,False
118,0.11098631361396118,0.12155525942251771,0.08095466842284837,0.14158032391494474,0.03189097872854894,0.2772961761254966,0.055671598009117966,0.08393029519412061,0.038980361907650064,0.05715402466079375,70,False
119,0.09330173798682541,0.10354103355536946,0.10153474976526063,0.1265410962460997,0.0659549288649166,0.29827090720434796,0.04089410061745928,0.07014650645521481,0.05491847154982491,0.04489646775468132,73,False
120,0.07594048546784248,0.13264963796562165,0.059187099887750436,0.17373638299209093,0.05772128686852757,0.28749822528592367,0.042670694076316545,0.06587815786759381,0.03621654129364393,0.06850148829468908,22,False
121,0.09511096861531707,0.12262378436024648,0.08994971047669592,0.1420640801530211,0.052473454083434505,0.29028060976128317,0.05941642118335786,0.05350799782132964,0.04205381027347541,0.05251916327183884,73,False
122,0.07196629191399664,0.12530816302391048,0.058039858548905844,0.1625994507125969,0.06229678895043951,0.31200205716117446,0.04917308097444689,0.07427724259409715,0.029210087529739113,0.055126978590692995,22,False
123,0.0917474847502052,0.09987606961082424,0.0733701206448225,0.13964660214960867,0.08696047777248231,0.3145497773172468,0.05463892777287853,0.051188174837667376,0.04358925362876275,0.04443311151550172,73,False
124,0.11003167292655971,0.1463795820523632,0.07815375192705563,0.14038503675780417,0.06309577795680002,0.27132983090344065,0.04496192160734936,0.049515600866521764,0.05048865816320945,0.045658166838896,70,False
125,0.09491539621996674,0.1087867122005455,0.09422358875260084,0.12565259108948407,0.07602755019012289,0.30385304434952976,0.035452748750113186,0.06419298312455245,0.046362935828538565,0.050532449494546015,73,False
126,0.1092522855866717,0.13183865980150772,0.07485331293676407,0.15048896802708178,0.058472508963615326,0.2766513393899535,0.06385811160133006,0.05324916029361948,0.04245358918993207,0.038882064209524295,70,False
127,0.08744752537052014,0.11046866519893728,0.0725995890445828,0.13255745032229865,0.08688463431374005,0.2941784340993987,0.03207647222415066,0.06367710748092867,0.06520458841774775,0.05490553352769528,73,False
128,0.08452946876471304,0.10082137862927258,0.07354631073242278,0.16341798608744185,0.06888970503547465,0.2917900742419422,0.056310965872649874,0.05851940471758318,0.057959617188702094,0.04421508872979768,73,False
129,0.08398824749993233,0.11872749739057634,0.04078725022141814,0.1700519063207285,0.04754923854772005,0.29544316162103534,0.04550606565818303,0.0847145805155708,0.03358297716564045,0.07964907505919498,22,False
130,0.10101751292263088,0.09441836418754436,0.08816387268297071,0.12488720840616373,0.0651763193682124,0.30371610926033904,0.05852823890739705,0.05446836855227893,0.06362893395923168,0.04599507175323123,73,False
131,0.07939087878424896,0.10974466337422377,0.07245423009398978,0.17126126050078425,0.03583783822745882,0.26945213042364824,0.06853478279467212,0.07658721374719363,0.04291256191056444,0.07382444014321607,92,False
132,0.09983564650682972,0.11272339119109867,0.09582275803869911,0.1247097268824107,0.0654522464877434,0.29914515699572974,0.05305464618701848,0.05162688935693941,0.056786767933388896,0.04084277042014194,73,False
133,0.12547219033317755,0.13905936200572022,0.07462604985564658,0.14539075572344914,0.039466392855430805,0.2639530683873833,0.04217333805702067,0.05392628960967198,0.04925509162107352,0.06667746155142615,70,False
134,0.0989437324741233,0.10525342582346427,0.08669257911880744,0.13536129710430983,0.0668203689690386,0.28509489412172606,0.0556575208550913,0.07082481269172955,0.04785211202755105,0.04749925681415857,73,False
135,0.11012870546812727,0.12136184122329684,0.0689310978515927,0.1511438677578671,0.06108917746172847,0.2776390436377867,0.040475536493118,0.05882316403335556,0.038477831344269006,0.0719297347288584,70,False
136,0.1042331676930146,0.12310474102465933,0.04525759790765607,0.15810367465179484,0.04916040538382657,0.29705213838091066,0.04659429740630456,0.06894515192550388,0.0465256736707247,0.061023151955604926,70,False
137,0.07048196068813503,0.11601874011505435,0.051582652367877097,0.16834591250624567,0.024715398382237436,0.28059005464110204,0.0670518684004528,0.09903122892679062,0.0445650003084307,0.07761718366367433,92,False
138,0.11118957136894794,0.11329621390866505,0.07638538181147829,0.1488090128626773,0.06652237064061362,0.27754426403361504,0.050670213256557566,0.0748549228648655,0.045100608966008565,0.03562744028657119,70,False
139,0.09325006988336539,0.09521306610049084,0.0772868940366856,0.13697293030012894,0.0866868622729741,0.30137525925960923,0.03680240490757531,0.06649333980013111,0.04290435273612996,0.0630148207029094,73,False
140,0.10777309800391377,0.11925202459647141,0.06835815149095667,0.14623888091677012,0.05493687524537457,0.2891122111039819,0.03467987543589231,0.05865909766714609,0.04804903331549034,0.07294075222400295,70,False
141,0.0976475959658424,0.11534650368420256,0.0760387948082249,0.1393275709672896,0.05660550047947675,0.269549778649816,0.058563256767054726,0.06883878626881158,0.05639314882312247,0.06168906358615893,70,False
142,0.08354203523005999,0.1172599997927088,0.0576825256381025,0.1622895458951605,0.04606457363573914,0.3093252201042766,0.05376731986303984,0.06865695352423719,0.03692435563385133,0.06448747068282415,92,False
143,0.08222039784867065,0.10496938433410281,0.054467432879496104,0.1722714430273578,0.052376282190842595,0.2732594563528851,0.05707845692721968,0.0919940808705528,0.04401212605296307,0.06735093951590931,92,False
144,0.11251231295051468,0.1116159695505426,0.09081067114557118,0.16522570708188106,0.031869484700864134,0.28075111192884944,0.06349473418689167,0.06200043184846589,0.0377368714141175,0.04398270519230184,70,False
145,0.09109548497160172,0.09436095897977806,0.07555083636163872,0.1335822036285607,0.08522768967394231,0.2916025981523774,0.04817503641381194,0.055346675334022585,0.07190024351733403,0.0531582729669326,73,False
146,0.07697923444594125,0.11227239623048037,0.06969699233849,0.1585663788079408,0.03897532520704963,0.2733850443796232,0.0660896518243401,0.0821336055590404,0.055335263587586954,0.06656610761950726,92,False
147,0.07991212984896971,0.11251796674665288,0.04439315624775611,0.16567538641445337,0.055719068141493015,0.2727440301304491,0.08014650040494727,0.06517706879052429,0.048333917884477134,0.07538077539027706,92,False
148,0.08153065856812951,0.1140962958623995,0.07580100092112554,0.13607006062355886,0.0717033156185896,0.28075783341355615,0.05691210784435163,0.06334209817143426,0.05477376491043451,0.0650128640664205,73,False
149,0.0801975274878235,0.1143054890645387,0.07606431791289317,0.16587139916114527,0.054207731608344085,0.27312891477984147,0.045628646935873096,0.0669798265248922,0.04874926280270342,0.0748668837219451,92,False
150,0.09718253562994467,0.1139273050347864,0.08793284655309833,0.1355417595854107,0.06094287318081823,0.29220184947743194,0.05381125350727038,0.05773866641824436,0.047428083447986547,0.053292827165008494,73,False
151,0.0761786204320873,0.09925096576613154,0.07226961223603659,0.15334833378754226,0.08412376711036203,0.3042178654353541,0.04103572195687978,0.07185941295186726,0.045538460439807533,0.0521772398839315,73,False
152,0.0690164127422457,0.12221756353129747,0.07243522519898134,0.15919588575755633,0.04181483421954024,0.28724291878381286,0.05486986233545966,0.09116215433965338,0.03843637013301283,0.06360877295844017,92,False
153,0.0773598909573362,0.11075759420464895,0.06730175683350176,0.1498489443935371,0.028423672203981457,0.28713412492758394,0.056830432520163114,0.0917540274351896,0.05569030082025235,0.07489925570380551,92,False
154,0.08283181827027666,0.11789002415019921,0.058905059495259524,0.1730786174188629,0.033149802912676905,0.2875304947385142,0.0562497745791738,0.07820979767554519,0.04292987222907332,0.0692247385304183,92,False
155,0.08989752453925415,0.10141791493064282,0.06410348798216813,0.16658562049986286,0.04437747405150831,0.2726374156678062,0.0553950270649107,0.08370253841812957,0.04845479495790863,0.07342820188780859,92,False
156,0.08613767048946461,0.1088236043561916,0.06052482167279367,0.18199262230646052,0.03612774991174293,0.2881938846471359,0.046506515945441994,0.07426908325703564,0.04401765799881348,0.07340638941491956,92,False
157,0.08602515252962845,0.10819458524990469,0.05546035771974364,0.1721683023681775,0.03302173645118044,0.27143447562608136,0.04786983362173026,0.09595610204398787,0.0531535987336007,0.07671585565596492,92,False
158,0.07160448845196617,0.12944455506683233,0.04126529896042862,0.17872397798402526,0.02358886603217187,0.27417925524477527,0.06253269826829654,0.07381764917953561,0.08477911830129507,0.060064092510673295,92,False
159,0.09939445741533481,0.11297529712385944,0.07931633531453919,0.13792352893826973,0.0596018414534006,0.3016072542659214,0.062160326374009076,0.054858189456133334,0.05128171409652699,0.04088105556200559,73,False
160,0.08001566734998526,0.10489453421246873,0.05607844789089438,0.17409651024051584,0.03987921411403274,0.27421366784102513,0.055944948867735725,0.10667805308471463,0.05313512845916772,0.055063827939459964,92,False
161,0.06166480804277271,0.10688491108434732,0.05944880681795352,0.17453123579671587,0.03173790614420054,0.28662162305129013,0.033923409085416065,0.10059254734440723,0.05127355888612972,0.09332119374676692,92,False
162,0.0902772070046379,0.1029095222612942,0.08173978200633185,0.14159463732829272,0.05919734544147218,0.3004165866540133,0.04648259429808004,0.07990689012518269,0.052767346352161085,0.04470808852853407,73,False
163,0.08342745525694166,0.12067059704682798,0.05976064983189336,0.16560567372910628,0.050310968692965446,0.2902605170752243,0.03798456758363742,0.07449024322360014,0.05771391097872288,0.05977541658108051,92,False
164,0.09650915661891088,0.10347849675929048,0.0687350598635144,0.14607894578371464,0.05786077460332103,0.28313268516558726,0.08826477929178825,0.055105033623852655,0.040879396386836846,0.05995567190318366,114,False
165,0.08487790578581315,0.11708244739633893,0.047651511769540876,0.1704730061316799,0.040605273415402786,0.2811430239379732,0.05305890109237758,0.0761235016975173,0.05977592139618825,0.06920850737716808,92,False
166,0.07062962087657436,0.10123654165017328,0.06851393462947028,0.15140562747659175,0.04563411765143538,0.2750954274529302,0.07075199892515721,0.09049362991567068,0.046712959047005516,0.07952614237499124,92,False
167,0.08155099401922195,0.12305501659836506,0.053644640322419404,0.17450963134161432,0.03151740625265655,0.2789728109362026,0.05034828916349782,0.08902451313929904,0.03898835756654862,0.07838834066017471,92,False
168,0.06994343421478169,0.13228139342448852,0.03404291647907636,0.1472526403581228,0.05855721861612584,0.30888702255533573,0.06735586173558018,0.08122516383810838,0.03988171042325812,0.06057263835512234,106,False
169,0.0787803606746869,0.11106681929899959,0.06097872019695779,0.1515014540543555,0.043008743788088985,0.2840749572950834,0.05055575712590303,0.08897231081453408,0.05364577595971419,0.0774151007916765,92,False
170,0.08159809764640624,0.12255819106027126,0.06452354492501104,0.1827375534776987,0.02850204878485649,0.2724193922533975,0.04402106788127427,0.0850268713243244,0.046600048434898664,0.07201318421186133,92,False
171,0.09265537962620676,0.13328012125325314,0.05017822328782628,0.1466221423968387,0.045537968316515395,0.2794341386967813,0.04333340182399857,0.09422411575594788,0.05616129251613862,0.058573216326493385,92,False
172,0.08938324247728104,0.11447353432736032,0.04870020499421217,0.17277590433355902,0.03432820275639227,0.2943851657922808,0.059272168864522856,0.07171836815704749,0.05066954872965996,0.0642936595676839,92,False
173,0.0841906846695165,0.10662682556563524,0.044962965449059075,0.15831579546256652,0.034512359488068294,0.3060902957182011,0.056155256268262364,0.0878566728521664,0.051074405601316514,0.070214738925208,92,False
174,0.10113838523419233,0.10427263890669075,0.07274140835014921,0.11585136340261123,0.07251215265940102,0.30440790659202405,0.05961766149579424,0.07762914999233228,0.045367487327316894,0.04646184603948788,73,False
175,0.09017407349835,0.11814863816986591,0.06728145236465045,0.17095313306158974,0.0224625751691486,0.2976348645594644,0.053297929901520553,0.0808641306429185,0.05055595426169549,0.04862724837079639,92,False
176,0.07865338222765625,0.1085692458671881,0.059172800325517104,0.19323024346394208,0.048999789805616326,0.277898309671123,0.038235773643526025,0.09894755459312841,0.045928846572117495,0.05036405383018515,92,False
177,0.07647957125361975,0.11751116215507523,0.07480660950944375,0.1671410433056254,0.034997844983780745,0.2725949276705335,0.047481338293255945,0.0916613630477556,0.05660603326858085,0.06072010651232925,92,False
178,0.10765183470375947,0.10818692165130538,0.04226052828293577,0.13575526134336285,0.0679257288727457,0.30243894015949463,0.06104704239104995,0.05598473072683634,0.07689808222259363,0.041850929645916204,114,False
179,0.08068050603409288,0.11794984431179636,0.05223587949526146,0.1756797742430078,0.03389772961859736,0.2979720224388044,0.04446192988270361,0.07442322778486421,0.05056812071980728,0.07213096547106465,92,False
180,0.07946669142440184,0.13189608815585707,0.031421355206949074,0.16318142175674274,0.05392788880357283,0.3057081697229039,0.050942248036201954,0.08412126656027996,0.04029594108365782,0.05903892924943277,106,False
181,0.0738009849040109,0.12083697218299225,0.05464710291187595,0.16868699367835993,0.033778530995666786,0.2994709945521479,0.0660278614599053,0.0871737590070613,0.030950558342196635,0.06462624196578302,92,False
182,0.07386073135705327,0.10396532330712946,0.056970698281884835,0.15918690946727346,0.06920932860010862,0.2716926088270566,0.053513653283380105,0.09266437090251309,0.05390461471678083,0.06503176125681986,92,False
183,0.08328093542387331,0.08721584861310687,0.06693854070442236,0.19141910298820275,0.014551833680713165,0.2835867349860989,0.04990918502526122,0.09416089736805706,0.054197439249428186,0.07473948196083624,92,False
184,0.0785901657657069,0.12182278289027665,0.04565656429815071,0.14192787125827033,0.051051163979585076,0.2911212469253685,0.06479249283302001,0.08512175698053658,0.051270359640920006,0.06864559542816517,92,False
185,0.0931460020384394,0.10343899735430305,0.07836247907453509,0.12884405255309975,0.06768455034457463,0.28147871448086464,0.07295552504793383,0.06405705323292787,0.06339232881946298,0.046640297053858706,114,False
186,0.0878418539207165,0.1300656273044926,0.02346082396471351,0.1444935183129378,0.054663660213976256,0.2849339763638225,0.07693275917953916,0.08400552457567241,0.04108780403314979,0.07251445213097948,106,False
