ID,strat_res0,strat_res1,strat_res2,strat_res3,strat_res4,strat_res5,strat_res6,strat_res7,strat_res8,strat_res9,ancestor,alive_at_end
0,0.04997895939674424,0.25845955802195236,0.1407268399574734,0.16326336025435229,0.019612818455817985,0.05082794391424077,0.04091830060268487,0.03536829023599689,0.1836923418349632,0.057151587325774106,0,False
1,0.037877799837350075,0.26545352048291254,0.14157554291570554,0.18242962135968194,0.009685513007050001,0.03906135485964078,0.04310466966388044,0.025707163381314166,0.1859933683831374,0.06911144610932703,0,False
2,0.04072348595619695,0.2871482148707224,0.13429504355388183,0.17584799543412527,0.004443746751484032,0.03168139142847549,0.04741461991895911,0.027067555939488536,0.18947934434722705,0.06189860179943928,1,False
3,0.03603271438643601,0.29667447758479426,0.15909998458717411,0.15957138048534972,0.027006306114760504,0.020662193333941727,0.0395747143868558,0.024922874825313992,0.18581678113805486,0.05063857315731912,2,False
4,0.041284518656916645,0.25550679731796994,0.1449975901947918,0.1614292796553108,0.019196467653449824,0.050481018211329345,0.05464538593332299,0.0372346883572351,0.17609296622080947,0.05913128779886403,0,False
5,0.02195267582993879,0.2581561292486936,0.12577745761363548,0.18690535332110025,0.0007081159733314103,0.06222777651909424,0.056248472045382386,0.014180152092491658,0.19764610598875468,0.0761977613675774,1,False
6,0.04941867103527499,0.2598908110754776,0.14820033623287526,0.16338110117932253,0.0,0.049633367762175334,0.047350527784105444,0.0520619335579266,0.1641213455265106,0.06594190584633165,4,False
7,0.025093096183036866,0.2520270918029056,0.12923910392243187,0.17912707707398495,0.0,0.05719991030380515,0.06109072158887963,0.013431184131348908,0.19632197605269855,0.0864698389409085,5,False
8,0.02285809605586884,0.2594208547845996,0.10979934640347114,0.1753530249514598,0.0,0.07060076235709437,0.06884415447956338,0.015500923872985687,0.20886805328063138,0.06875478381432583,7,False
9,0.02612945263426213,0.25010036234109706,0.12327250674104495,0.15035375791137712,0.012240618203346841,0.062209299875527056,0.07391900971936745,0.012335467632714151,0.20293464190300528,0.08650488303825801,8,False
10,0.03434826925163115,0.2518558544114264,0.12561415692138242,0.1386494649196787,0.021168414294468602,0.07366504129269753,0.07318016537338742,0.00625513716285706,0.2035068044012968,0.07175669197117411,9,False
11,0.03486595303107903,0.24555694350497595,0.11635292720186742,0.15002419944408374,0.0,0.06315877371607287,0.09189483049920645,0.0,0.212413013963348,0.08573335863936653,9,False
12,0.04709150092895884,0.23937189070336462,0.1194823996623243,0.14066030388345196,0.0,0.05892355012286165,0.09442646098869845,0.0,0.206104115826197,0.09393977788414318,11,False
13,0.039896628831425744,0.2510252017274208,0.10671208415938808,0.14535747629645207,0.005659773045931159,0.05387649661951426,0.08212586858822882,0.013422718615072174,0.21190618460453958,0.09001756751202716,11,False
14,0.03409891045907926,0.253711312810591,0.12092144753219423,0.14332118393721463,0.0038234004549718022,0.03881736638745294,0.09318759678144531,0.0160972979105073,0.20801926748499386,0.08800221624154968,13,False
15,0.04788509083452354,0.23506892878027966,0.12477591494086043,0.12526239009669923,0.006750096024352752,0.051676910836115954,0.09339850002489235,0.008783699626424765,0.2090497331341476,0.09734873570170365,12,False
16,0.04391106180541975,0.24792779655185446,0.11847609227710229,0.1357666617097646,0.0,0.05602980045017663,0.10321445031593697,0.013504157692347956,0.19645133350980465,0.08471864568759258,12,False
17,0.04713291233569451,0.25035204195499766,0.10226620523360594,0.1589198940251065,0.009382246879830736,0.07686171403186823,0.07068753299143068,0.006015279364807808,0.2040454846159139,0.0743366885667441,13,False
18,0.04191097289600314,0.23457774720029956,0.1297667840920979,0.1175872685657063,0.01087259963406523,0.049399222983148874,0.09173114054247707,0.01638578353501916,0.20750732218546333,0.10026115836571961,15,False
19,0.06510791311879065,0.2190433315651558,0.12050723462334531,0.13011258641384862,1.0604534157706483e-06,0.042011065769483324,0.08132027650888576,0.004641200118132609,0.21459558369612164,0.12265974773282043,15,False
20,0.04511300995773823,0.24136122405477584,0.10429056180710286,0.15998866515953292,0.016113131222553617,0.08954925321338733,0.0676063926641534,0.00892990021671001,0.186100173385066,0.0809476883189798,17,False
21,0.048564032655244053,0.24992271643247463,0.10825978948076702,0.16315896833169383,0.0,0.07602559450648204,0.07538055493438482,0.0,0.1978019401185044,0.08088640354044946,17,False
22,0.07362290554115179,0.22806407449057992,0.1136301072195242,0.13039921184777642,0.0,0.05677346569861001,0.0678822296046141,0.0038980412531437847,0.2061981732537185,0.11953179109088131,19,False
23,0.037596117478302465,0.24897225179389845,0.1141977256338115,0.14664670439710165,0.0,0.043829240136675426,0.08406044035617923,0.006428154857184167,0.23513392797554455,0.08313543737130262,13,False
24,0.056314937681600265,0.24725815277989624,0.11138409199290765,0.13930268119290595,0.0,0.06434495589875598,0.10551784413060408,0.001172281217721491,0.192179313611506,0.08252574149410231,15,False
25,0.05288698833632234,0.24287443587571442,0.11283132118400603,0.1466090631170417,0.0012399191075569715,0.07091742517173703,0.09636383906744761,0.0,0.190319527008063,0.08595748113211085,24,False
26,0.06543170114833692,0.23227145207818334,0.13714247386878012,0.12702401986752795,0.0,0.053462354337327114,0.10925317935240962,0.0,0.2016141831331473,0.07380063621428777,15,False
27,0.06737251704266226,0.23661860051334838,0.102651800848847,0.16567897878481294,0.0104073042566865,0.07103307288357391,0.06191253616948966,0.0034285052018125477,0.20769043351207792,0.07320625078668892,17,False
28,0.03145507558584529,0.24890006635138506,0.11887057136887441,0.14572677581039975,0.0027423292074561273,0.0364767593293249,0.08576787606068959,0.004763143483299757,0.2410797279185922,0.08421767488413294,23,False
29,0.049394911559857264,0.2431496691515795,0.14599438872326037,0.11764188507866012,0.0006189026575261031,0.04297167086953934,0.09689149765106504,0.01214581780735417,0.1972015968260392,0.09398965967511887,18,False
30,0.03878441784555436,0.2544825669230871,0.10624846056780377,0.15814439693639676,0.002248925186558452,0.07296688670963636,0.0651445007717041,0.013877678201767128,0.20903853780433834,0.07906362905315366,17,False
31,0.039293594385534376,0.23170729483537061,0.12949650309040395,0.12525891384842405,0.010924291051083453,0.04916638606123416,0.1181279071957655,0.021518175348471853,0.19888197909080765,0.07562495509290432,16,False
32,0.06767871258475716,0.2298125792024612,0.11009498429863514,0.14340604661629805,0.009840774022625091,0.05613729744809955,0.08704034616986482,0.018209870642905693,0.18743108922561894,0.09034829978873432,16,False
33,0.03953685483005434,0.2545887116964085,0.11549409781185825,0.14895729774168873,0.003928577349109858,0.027897393137229873,0.10317155818588071,0.023109386611650844,0.2076929521507797,0.07562317048533916,14,False
34,0.06005771800428784,0.2454636409212284,0.08244409165985385,0.147715632396441,0.01968690024519832,0.09334529735585805,0.07984107747266773,0.012607329882819507,0.17543191443804063,0.08340639762360473,20,False
35,0.06529777756814695,0.23033930474102937,0.12477577036185285,0.10833593966313389,0.0,0.02899360411902047,0.0852037635873074,0.0015125944446407666,0.21777918155591863,0.1377620639589497,19,False
36,0.03875489874261404,0.24083801654999687,0.1088142162694917,0.1676018689468266,0.0,0.08382499748600174,0.07785189220907061,0.000242102799348345,0.20210644662581592,0.07996556037083417,21,False
37,0.023583970258148634,0.24753664476282478,0.12969822691827104,0.12000719477162562,0.010607216985832604,0.041422166923800983,0.1067770194457881,0.0164442457575448,0.20928650217119624,0.09463681200496717,15,False
38,0.06396359278621322,0.25947649606354745,0.11471988149502549,0.15533223022436465,0.0,0.06722127011658585,0.06243366948846666,0.011216474901822867,0.2032550787136921,0.06238130621028172,17,False
39,0.040554981428026216,0.24475771581983352,0.1213559304365806,0.13163637225583066,0.017834996114837902,0.03880560916433069,0.09303255083849157,0.02288063094506897,0.20070951960992464,0.0884316933870753,14,False
40,0.0326892207133,0.25479539683874064,0.11325073349888162,0.1376860805500799,0.013412217359952834,0.05255041234611013,0.06796361124335436,0.01620187912743055,0.20700328129713327,0.10444716702501672,13,False
41,0.04240359173849504,0.26992279104696837,0.10150803314294564,0.1423265545119096,0.0,0.07942267321210529,0.06638456871053373,0.007214837792611928,0.21682209131245103,0.07399485853197926,17,False
42,0.04303851113860289,0.25213231464037855,0.09845583229829184,0.15565137960552877,0.021887342016278358,0.06566680461048724,0.07196344867351914,0.004634534493837853,0.21034745767674326,0.07622237484633215,17,False
43,0.04791036843233182,0.22357242764741223,0.10071118698760642,0.17209914139361954,0.002495796577374868,0.09974621444067978,0.07791268587815543,0.004137692827916891,0.1914723434907823,0.07994214232412081,20,False
44,0.04461204922060939,0.23368448032156133,0.12040667101204937,0.1615204463428443,0.008150412894525682,0.09223816059872848,0.06144533474148678,0.011647634494778606,0.17502519762919505,0.09126961274422098,20,False
45,0.06226761801922869,0.220718173786603,0.11741754430301939,0.12854542774712174,0.0019810649343616287,0.057739180446559915,0.08522276307846677,0.0164526394131505,0.21682200002345176,0.09283358824803666,15,False
46,0.042385695768910214,0.24687149178703954,0.11793176195241854,0.1508603275243559,0.007968939691936612,0.07779829185870096,0.0700846539909685,0.00873412105587612,0.20224136343940666,0.07512335293038687,17,False
47,0.043811809096772014,0.24951985558631276,0.11805454590227038,0.13875756307003517,0.017878884964574435,0.04814563565874285,0.0850851089112663,0.02068101376200493,0.1966842174463569,0.08138136560166438,16,False
48,0.04226896854811485,0.23546559169739445,0.11861855757452729,0.1291244170700643,0.013529381129687457,0.06174890089979907,0.09907633860697355,0.030257336955797222,0.18853880495660535,0.08137170256103635,16,False
49,0.06725957952407755,0.22570044451734594,0.10522740528653829,0.14445097270981797,0.0,0.04707933571000635,0.06980488906432998,0.024233828553180105,0.20573792063898036,0.11050562399572361,19,False
50,0.07110750826522598,0.2235675041456493,0.10767847434622448,0.14679076482085215,0.012954665770589133,0.05371620209611489,0.06090843923443052,0.012417729978315388,0.1960659884070105,0.11479272293558752,22,False
51,0.04827052762710776,0.23539386156193967,0.13438484315728466,0.13701524996064568,0.0,0.04857257201035631,0.08973384058965979,0.0,0.21597362492113584,0.0906554801718703,12,False
52,0.07837300157845195,0.2242183652555871,0.09861159576592411,0.15340513128366356,4.1172208118896375e-05,0.04681017633253762,0.06663421577268805,0.02087748051713188,0.19364363319487868,0.11738522809101823,50,False
53,0.029256484843714736,0.24628360788320053,0.15171195098173146,0.13052916344851906,0.0,0.03617378113062797,0.09240009710191326,0.007093544024861551,0.205837136755732,0.1007142338296994,18,False
54,0.077513891722269,0.20528485231962287,0.118214128839071,0.13296080094189464,0.010527073404628263,0.04416468586374232,0.07291303709471987,0.0,0.2026694495901237,0.13575208022392826,19,False
55,0.06295186116945152,0.269126794980301,0.10984757454752646,0.14344834732203862,0.0,0.08277818997824632,0.07451372300791957,0.00010202268609321221,0.17845227828493931,0.07877920802348404,21,False
56,0.04057478450577349,0.23644986475410765,0.137003419207427,0.12182553826436612,0.012195214403132083,0.04150257337405916,0.06141059271382091,0.025714318736932522,0.21590309360226168,0.10742060043811945,18,False
57,0.041601527385133466,0.24637237797029882,0.12348787816125927,0.11927311048630859,0.018710646536458736,0.0600604625776231,0.08869980581776932,0.0036449052003459013,0.20798563487196328,0.09016365099283949,18,False
58,0.07322210243928862,0.24704312457355956,0.10663945758033953,0.1242605690509316,0.0,0.046692421086565426,0.06255459208103833,0.015364020439224545,0.22552919368552918,0.09869451906352308,22,False
59,0.04222140717203479,0.21073273389665953,0.11129739819241914,0.12485493324407225,0.03366691543099863,0.04585059634351373,0.0906374297253488,0.01929782363624843,0.21352890720989082,0.10791185514881392,18,False
60,0.0458096558426065,0.2478634228540328,0.09697142950531681,0.1537875506371841,0.012333338484220129,0.07687719469647979,0.06976798447844602,0.011922947721284488,0.20350665839014798,0.08115981739028146,20,False
61,0.1028608321626278,0.22404952788131655,0.10515450032602244,0.12668235724614527,0.014751074321824747,0.048765358820580126,0.047307311048436954,0.011100554037035689,0.2162385686570514,0.10308991549895906,22,False
62,0.034123962909227305,0.2426689227276995,0.12962506503536303,0.11217253833099221,0.009190891037520191,0.059499751996524956,0.08115499607545582,0.02135220183333833,0.2096740957242526,0.10053757432962608,18,False
63,0.03513324497292696,0.25490010039700667,0.10155216233251117,0.15798766075445744,0.004835906022620751,0.0895148497622424,0.06281006376057365,0.006374196900432541,0.20068817859989596,0.08620363649733258,20,False
64,0.04095846286397325,0.25112002717532333,0.09321205062224076,0.1282102877643549,0.007864541438760449,0.07275946141169526,0.12518934148375432,0.0,0.20508267851159923,0.0756031487282984,24,False
65,0.05035716066612923,0.23456163101128924,0.09334055701205546,0.16268412767882906,0.008539262337164857,0.09025983799336253,0.055087513377721914,0.009629285908873957,0.2016184871482172,0.09392213686635668,20,False
66,0.04638801315831887,0.24384958730036335,0.09438454163789929,0.16278374493085476,0.019121259611256356,0.08669506794559932,0.06587870329592857,0.01886672305831249,0.1853099207736238,0.07672243828784331,20,False
67,0.04491428316939621,0.2589232915418391,0.1337634798641297,0.12633225314098975,0.007577561830348581,0.051661170631130585,0.10811925832862813,0.005661517612343343,0.18359838897612185,0.07944879490507269,16,False
68,0.0680023267359579,0.23018881027597893,0.13669866555252216,0.13199818117843057,0.00030672167962095053,0.05635142823905458,0.10757251183402708,0.0070967451885706415,0.19386985807506293,0.0679147512407744,26,False
69,0.0797923484398334,0.2094272526307394,0.11140740097914108,0.12528847865919165,0.013120193504303913,0.06393991208331447,0.06588796544729728,0.01476596936357122,0.1938214531361184,0.12254902575648931,22,False
70,0.058213413835799845,0.24092585093153793,0.09945543433131726,0.16658597170184392,0.0,0.08942769058690697,0.07624229440330217,0.01353541407863383,0.18148098121514358,0.07413294891551461,20,False
71,0.06281294488737237,0.22635981070707076,0.11253426863905125,0.14537475498733024,0.02331575186557965,0.08786259991733467,0.054278844968511944,0.01564711989987985,0.1917546828428494,0.08005922128501985,20,False
72,0.05780331784871438,0.2515938616900303,0.10177767145134398,0.15769562084681402,0.020927853592488294,0.07838751346294195,0.0644774609655089,0.007008098314063349,0.18829788988231058,0.07203071194578416,20,False
73,0.04711203412357999,0.24543484432823173,0.12536435961532136,0.12284604276042288,0.008006918734095007,0.03343731327827843,0.09789932604004403,0.006289150930272681,0.22520351743425046,0.0884064927555033,18,False
74,0.05973767035723727,0.24157570851719753,0.10810904400076535,0.16352203242138266,0.008735494787548183,0.10223269824705138,0.060128441816513556,0.027693738861025878,0.17703548103484013,0.05122968995643812,20,False
75,0.07952011773703929,0.22842789946366918,0.10618422685578749,0.13055944525647636,0.0,0.06265936904377196,0.05842802988251623,0.014744203615595974,0.2098506881204702,0.1096260200246732,22,False
76,0.0382288645133401,0.2151803793653105,0.13447165262939473,0.12353225596565247,0.009078029090949902,0.049237433751072535,0.09603517383278717,0.025644183393746776,0.21280299802510433,0.09578902943264139,15,False
77,0.03899416452384206,0.2549853778836162,0.11136755573786881,0.1526992502519238,0.0,0.07507093513234354,0.07837528025101928,0.006197550231101357,0.1941172246069336,0.0881926613813514,20,False
78,0.04899280508428686,0.23378067290167612,0.10164049117167201,0.16655453044246318,0.01888477892062728,0.09385834132941304,0.06505665657092122,0.02012509455432021,0.18050141577577541,0.07060521324884483,20,False
79,0.03516258798862699,0.24188913591942734,0.10175974661800317,0.16805367753643147,0.013331136801122767,0.10627236004792336,0.05362943500897851,0.0,0.18600237364698066,0.09389954643250557,20,False
80,0.04907568502388136,0.20067406961184653,0.12614455853753026,0.12390871009462719,0.014966182403252056,0.05721316492641673,0.07398367689140367,0.011962586574970444,0.21354698541068015,0.12852438052539156,19,False
81,0.031177362784925316,0.25722384276982463,0.10011077901370949,0.16655312156615792,0.010166164299784862,0.10225886464370508,0.06648455381035527,0.007153616186550077,0.18188842724147888,0.07698326768350838,20,False
82,0.03334925274772267,0.24472425041398457,0.14266675365071915,0.11922817060762023,0.026454852472244668,0.0390943825885657,0.10319090759458992,0.010598806387535083,0.1980914654361148,0.08260115810090306,18,False
83,0.04762916340992191,0.22734978573116987,0.10284620932800807,0.17325679944288164,0.000991355055149253,0.08951303496401124,0.07501633276520589,0.009410301375682273,0.20063290073073012,0.07335411719723994,20,False
84,0.03186634959721418,0.23443872755301864,0.11385696601941309,0.12142270277511523,0.01987083573890695,0.059820243340307395,0.10447771682952606,0.04076629475176658,0.18884974258168483,0.08463042081304717,48,False
85,0.02524248049739052,0.2282038626237983,0.11453567197380177,0.1344585466678962,0.021454724249585687,0.06678863735752383,0.0997555565724638,0.041822516746516346,0.19277163071130957,0.074966372599714,48,False
86,0.029300865565309715,0.25908443231316386,0.10133643300957401,0.15798331469398405,0.022494694628113966,0.09291083933815604,0.060891845312204006,0.006509607807046905,0.1864585630377916,0.08302940429465583,20,False
87,0.0413671110094001,0.23809141790984448,0.1057120666715345,0.16076875765098134,0.00846628015011586,0.09325553335720596,0.06563957360093822,0.007608443402407762,0.1889255967561333,0.09016521949143858,20,False
88,0.04464134319490158,0.2514979406924941,0.10060221689637157,0.13569597599667094,0.003576080855650264,0.052641822835017574,0.10268001231889946,0.029529707924807854,0.20371439760133253,0.0754205016838541,48,False
89,0.028941916933906537,0.22928409018938015,0.11506257309529236,0.14116986446492916,0.014830412071308067,0.05657326781127479,0.09713518948849027,0.03836762682952457,0.19239325057008974,0.08624180854580435,48,False
90,0.048823007140632334,0.24120059111262063,0.13179523653705266,0.13180166892798711,0.0059683390418493396,0.053807527371586096,0.10632709312200775,0.03250607978969531,0.17144861375571674,0.07632184320085197,48,False
91,0.019883270162882126,0.2333452668674327,0.1111387144092475,0.12230096746201728,0.0009649589888027819,0.07308919825696328,0.10729513741142419,0.040957748574297674,0.19534946511337567,0.09567527275355682,48,False
92,0.04041491852493282,0.23227397402588784,0.11976035756879176,0.12664071373641236,0.014823044107917228,0.05903389226958189,0.09311119907101104,0.04723963750570781,0.17216376890400603,0.09453849428575124,48,False
93,0.05784391146584765,0.23344208874113875,0.11423868788997672,0.1172713557008374,0.025386392532534476,0.06626177340527462,0.08994146467028902,0.0298959281132386,0.17978919669828627,0.08592920078257647,48,False
94,0.07067135480691691,0.19899417870904654,0.11454624112923792,0.1345053979923977,0.030209967888140263,0.04562399944967968,0.0635593763089369,0.019999086622206383,0.20279924434086327,0.11909115275257444,69,False
95,0.039387485085368344,0.23560118372773847,0.12134877124199513,0.12001447528196076,0.020924541482732095,0.06327846748194504,0.1034857193261029,0.020606646728052833,0.19261815254370127,0.08273455710040317,48,False
96,0.04546700266013104,0.2322469638067678,0.10923732756505083,0.1531901462824998,0.010115143559669628,0.08289109357868879,0.06591609489703923,0.0063355992079982965,0.19504637997734806,0.09955424846480658,20,False
97,0.05118501154047412,0.23576725110416855,0.10659128649185175,0.1456081235911498,0.011900363373306489,0.05982718628420486,0.09184020005790412,0.03235695300011629,0.19934075960749195,0.06558286494933226,48,False
98,0.02957151158429056,0.23463405586073868,0.10973599862614727,0.12300002055432095,0.021200207697798526,0.05460522317262071,0.11189667346349533,0.054347923322972044,0.18213187818207507,0.0788765075355408,48,False
99,0.03575086071084352,0.24159338166564087,0.12259455442506287,0.14660550481522114,0.011595009049020647,0.05959168729301909,0.0756390879151422,0.04121819607561791,0.18174832424420306,0.08366339380622863,48,False
100,0.08318204975782799,0.21004140815688366,0.11894095013270072,0.12780532364446162,0.0012416714379643113,0.07052584308515478,0.050959918074310565,0.0,0.20700839036287544,0.13029444534782092,69,False
101,0.0347352789079664,0.1980242935940238,0.11493688734337225,0.12071145998718073,0.04919837356027717,0.047492623930632846,0.0859704791948213,0.035924965280847404,0.21486006462506335,0.09814557357581466,59,False
102,0.03684968940619258,0.24428033471655608,0.12491002253001393,0.11924446261814106,0.018144230313842942,0.063308727340325,0.10429216667808879,0.03044689234524658,0.18741074640966038,0.07111272764193277,48,False
103,0.046510522118979325,0.23678994260160127,0.11934741887580004,0.122281918688967,0.012284971775730383,0.07368752553662924,0.11183853829971595,0.01676697506004976,0.17994443105865143,0.0805477559838757,48,False
104,0.05401912813614475,0.2305014086206233,0.12827181767880166,0.12499053444403466,0.008317073475764736,0.06638271159196493,0.11207549088787037,0.041058729607296826,0.16792209043154263,0.06646101512595608,48,False
105,0.05979359358940377,0.2182253478129038,0.11509582627428357,0.14385028904307098,0.024380032943101017,0.07112102690497878,0.11829498017310726,0.011767825770325965,0.17006288357494143,0.06740819391388336,48,False
106,0.05893583239151366,0.23616087219545726,0.08687234854763876,0.16454927330576583,0.011073489577196961,0.09037971921672677,0.07797814978571509,0.004517570994270886,0.18083825672180018,0.0886944872639146,20,False
107,0.05554005803732247,0.218365743757485,0.13137569428938015,0.11572956168307359,0.0,0.0706233788272764,0.09603774696254178,0.03899295969005869,0.18759631783596858,0.0857385389168933,48,False
108,0.03904186592649315,0.23412062545178333,0.12381813705233055,0.13446348048532072,0.01950321578432987,0.07416491448173523,0.1015788902770357,0.025527055821209427,0.172421727264999,0.075360087454763,48,False
109,0.05698939274593972,0.22650238246117066,0.12767043886820761,0.15673668235743318,0.001015646395333474,0.08436253380150013,0.04527784546561235,0.011946471072790923,0.19865186181594943,0.09084674501606249,71,False
110,0.03564261300482989,0.2464493570365255,0.10297730129802636,0.11213194140933883,0.023481722851022693,0.07232973452045102,0.09788656973988982,0.03557727218112205,0.20003428371043613,0.07348920424835773,48,False
111,0.035718012113613154,0.23417911638619543,0.12361078449772292,0.13808524884636805,0.02239855535685567,0.0559725621202413,0.09275371947488781,0.018106589831737987,0.20010987804714653,0.07906553332523117,48,False
112,0.03233079474045672,0.22682932452382493,0.12399123854084658,0.12372258450072904,0.029236196837259726,0.04993193588630516,0.11189272953189976,0.02695906903922962,0.1904603231479532,0.08464580325149522,48,False
113,0.048885722071197554,0.22061596517724913,0.11632902306682519,0.14287449438964622,0.01531496988667947,0.048744177554909805,0.0954515149322102,0.03228820338412336,0.18456280027420321,0.09493312926295576,48,False
114,0.05269090808380261,0.21333621088663232,0.09574849439362364,0.12364210618919633,0.03010239745074802,0.02036742515248538,0.1095582608721278,0.022185386654873362,0.2346890114736961,0.09767979884281433,59,False
115,0.038178540631493806,0.23446478511587987,0.12559606452528355,0.13510334328099907,0.008028750340660426,0.0556393278163123,0.11786533016032809,0.02659648990881259,0.15980926854477462,0.09871809967545563,48,False
116,0.0765012959016748,0.2144162832965368,0.12014563533360037,0.1270892280294918,0.01577369587553214,0.07833699871938399,0.04024456404855329,0.002487089338012029,0.1976664427637554,0.12733876669345928,69,False
117,0.04315949133763848,0.25735830741415755,0.11618010812613751,0.1280969970152074,0.006277322291930518,0.04680869317595786,0.09713233452859694,0.026808970998712073,0.19234246989161016,0.08583530522005148,48,False
118,0.07016698385020546,0.22110996007417516,0.1099621777753602,0.13821971056920276,0.014577658275769392,0.05363238627333447,0.07252226965145707,0.012151623193496911,0.19616140292613263,0.11149582741086601,69,False
119,0.07993809534903905,0.2122541634317822,0.09849473259568514,0.11928716688310044,0.01764683900889664,0.062249951388807345,0.07233999397634057,0.02347238687538691,0.17675429823603206,0.13756237225492976,69,False
120,0.03788367817216843,0.23034382116629407,0.10562913767857919,0.13947649528528624,0.017013007809400887,0.07083147169989945,0.09205489436688613,0.026807587685746495,0.19807642181742738,0.08188348431831165,48,False
121,0.043863613150729515,0.22892018260482896,0.1128008024020079,0.11920737175411406,0.01746982269045036,0.07827176304594319,0.09290780670545183,0.04417011123882476,0.19924035553984576,0.06314817086780365,48,False
122,0.07867351456816817,0.20345866271725913,0.09410055351509763,0.11082844741485036,0.024268252267208884,0.05953113447535675,0.07554490300348023,0.005649627478995641,0.20097871090067698,0.14696619365890629,69,False
123,0.07388201396533056,0.2022321359170981,0.11977743387509522,0.11551486888242925,0.028016993812300793,0.07568425418883844,0.05573885646322887,0.037662932634147855,0.19559246161713478,0.09589804864439619,69,False
124,0.06908016354060811,0.2182207769619833,0.11906797196129267,0.12304995060224344,0.014669505100809159,0.06205353913047761,0.06203664666439813,0.012565343185590468,0.18598762708766153,0.1332684757649355,69,False
125,0.04246389549183096,0.19925836470738723,0.13022175024656552,0.10640669882808279,0.03229841838387271,0.04914193238343165,0.09934539605317799,0.03371237278031072,0.21185100935017492,0.09530016177516552,101,False
126,0.04744362476806715,0.20028306891413913,0.11173173546988842,0.11369019978258299,0.0480994708840559,0.05009988032074959,0.06866743714418298,0.04043726725303695,0.22109400054795322,0.09845331491534366,101,False
127,0.11621490329801357,0.23930767926322774,0.10260052370576868,0.13404514324588387,0.0030193726203084836,0.04943402369026082,0.034369807433296234,0.00660993135298587,0.2290850383092085,0.08531357708104631,61,False
128,0.051665123250942885,0.22528461434154393,0.12426092173436121,0.11450329422207818,0.02237367502487378,0.07138742932366061,0.08865010154532145,0.02608925636194212,0.17956132060188376,0.09622426359339192,93,False
129,0.07087713637883254,0.19809345444585705,0.10310239783438652,0.13241232886710813,0.020569899297345783,0.061979936131668883,0.06202026467584166,0.010762540206877775,0.20476761622325731,0.13541442593882433,69,False
130,0.04517887475604465,0.2264184340828059,0.12327998577796469,0.14719546404680867,0.016624395494163884,0.08390549926861603,0.049590175246929345,0.02447617265676465,0.20176398650772018,0.08156701216218196,71,False
131,0.04892658588744987,0.23938875312063201,0.11775837474323196,0.13822648862476056,0.024641290453394672,0.04888964842527856,0.07569816172022421,0.029917239119109866,0.19200817622050612,0.08454528168541207,48,False
132,0.034743890729983566,0.18633796805477748,0.11525089885758551,0.12368828119726727,0.0573290481738361,0.04858336678432932,0.08737071460619937,0.047323460697697044,0.21191667735352146,0.08745569354480279,101,False
133,0.05481258129780636,0.2167646600417585,0.11973379317374379,0.1503228278569024,0.015189224568274876,0.09243684137888042,0.061124152225392046,0.020410342915820317,0.20032890398729483,0.06887667255412623,71,False
134,0.04195482545943516,0.19118502002224208,0.12310840837309253,0.11222524814191635,0.053069093065503926,0.05176957581638502,0.0719141577747182,0.043326363553845684,0.22146267688876037,0.08998463090410072,101,False
135,0.04383984295332259,0.19397288618670205,0.10251687297834537,0.12395096368027006,0.061888390074934053,0.057715190658393214,0.08720119775026275,0.018103510017944444,0.21543594084708154,0.09537520485274388,101,False
136,0.061283117528947655,0.2297159834379098,0.12756762179741432,0.1343570102016823,0.044218136455109476,0.08901963918970304,0.059269770203988006,0.0032753585297967502,0.17102836499608923,0.0802649976593592,71,False
137,0.06634704086346127,0.23453191292356854,0.1217544312315741,0.14025127545196095,0.006015152578085086,0.11309950768664924,0.04860648779931873,0.011560334456459383,0.1853871358748145,0.07244672113410813,71,False
138,0.03479020664311697,0.19680153985860216,0.10992904360080032,0.10717630835038927,0.05854710941120691,0.04457194033727611,0.07722608694792656,0.039028646279598574,0.2145458544357163,0.11738326413536693,101,False
139,0.038276963387598506,0.1910596005112296,0.12332308577898,0.09922585177351957,0.03966897014309092,0.046879754372400564,0.09221471580078297,0.042386692845116196,0.22010156940981768,0.10686279597746397,101,False
140,0.036668024747094255,0.20369415012884587,0.1017278805219237,0.1260155276295042,0.05661938470373973,0.05934803535864229,0.0760072814525874,0.043744923764977496,0.19938888794787993,0.09678590374480517,101,False
141,0.041359782982431946,0.20828063309909434,0.10827016289406448,0.12410992928132497,0.06271076277805267,0.04041526187876894,0.08711982699023015,0.035915784289407296,0.19162786204520674,0.10018999376141859,101,False
142,0.03030221449002128,0.19453877504339073,0.11072981317163504,0.13179072922382437,0.053913763854462136,0.050056701414940445,0.08799210239593686,0.024352981382564767,0.21167058383281043,0.10465233519041392,101,False
143,0.021924026660480773,0.1997137925772143,0.11260663369527064,0.12092987364111873,0.054299104344813734,0.0642866140000757,0.08722531806758066,0.04909347199349459,0.20115719839178955,0.08876396662816136,101,False
144,0.056759218433923155,0.20397514447388967,0.1155522593008201,0.11325425880095011,0.05225423350661103,0.021093302220854274,0.08412830431948928,0.04310300246873712,0.22559417332956147,0.08428610314516374,101,False
145,0.037840527013521454,0.20077929979242545,0.12138371556158424,0.10998861078485166,0.05404735460056796,0.05283665717983313,0.07460073003617987,0.03363887177934338,0.2173246961810119,0.09755953707068088,101,False
146,0.03242971633455995,0.19373402395656858,0.11413246214687586,0.12560565205945712,0.062303027271414624,0.04998059923490923,0.07081605244904259,0.03491732430418353,0.20958267947883436,0.10649846276415428,101,False
147,0.04626395764149776,0.20030646526944645,0.10856689970261067,0.14877197003816148,0.05516357270943199,0.02633854524566333,0.08290846902035609,0.026478427279187585,0.213534825952834,0.09166686714081067,101,False
148,0.03677036823953246,0.18604247782583783,0.10470106815089829,0.1283323362130792,0.06308161061923458,0.040019459668928864,0.0745818710148922,0.025690228694734155,0.2324937346737807,0.10828684489908166,101,False
149,0.021604357268825522,0.19214036190901415,0.1144374834032084,0.12439663109897109,0.053211246413042756,0.05802639195271454,0.07232721246087423,0.041249374535565944,0.22250015146583302,0.10010678949195038,101,False
150,0.04686826278073955,0.18248797229533711,0.10611743681288553,0.11100945059573272,0.043078359933340776,0.06107788394360767,0.09316601133175696,0.02918497512253601,0.22961300000879628,0.09739664717526735,101,False
151,0.04385974955440505,0.18982516757028545,0.1206219609479374,0.12649932062644875,0.04705314751613374,0.04279459213708081,0.08086917152643294,0.03606011872910715,0.21242965467126393,0.09998711672090496,101,False
152,0.03731008450608734,0.20656416221857996,0.10912784241076459,0.12348242975444662,0.05566001689588777,0.057712613882186944,0.07558479746293431,0.04174757192507996,0.21432009658354725,0.0784903843604852,101,False
153,0.03503677638724491,0.20264258086631404,0.10540805918555668,0.12856967460668983,0.04916803457829348,0.03672259355125152,0.0904342455426295,0.03496128993245307,0.21879778602077832,0.09825895932878864,101,False
154,0.038534085767149916,0.17882795117088723,0.1269175077693157,0.1338169030066352,0.041326951299525544,0.046839142966212104,0.08141235824331593,0.03215657234803914,0.21484419128729265,0.10532433614162642,101,False
155,0.03200158898015862,0.1933212106660669,0.1208354977074452,0.10025640399557577,0.04983270298218126,0.03133994666635399,0.09580705916674769,0.05394317877905144,0.21887838198834722,0.10378402906807203,101,False
156,0.08009605618227454,0.19890570735987426,0.10795340571542827,0.10916177290453292,0.03371425905076053,0.08850904911330244,0.055568090207805815,0.04181959306759005,0.18754448070326654,0.09672758569516461,123,False
157,0.051631207585868324,0.1868970391395622,0.11777137713371867,0.12164173791703958,0.04306470296892489,0.05634657873847699,0.07309321502681194,0.06000693210697463,0.19493498984419874,0.09461221953842398,101,False
158,0.05578997394753095,0.1864031989603935,0.11157524312054645,0.11725889451261559,0.06347426872971748,0.04574920788885692,0.07172684130167621,0.04454402753481118,0.2026581559424737,0.10082018806137814,101,False
159,0.042251879334454664,0.20746920533691143,0.11995836689177723,0.10385803689704026,0.04598847489739367,0.057728488135209234,0.08465195134682517,0.04702423541887084,0.20633561947616308,0.08473374226535442,101,False
160,0.02045606508819935,0.18949935133306853,0.11699008256440202,0.11097284447076049,0.06547106807342178,0.04737888567796205,0.10182022125305776,0.02882636745912121,0.21017175748927147,0.10841335659073542,101,False
161,0.03272969622033892,0.19127121944343506,0.1208268074425472,0.10593917587490229,0.04969180554501384,0.057081516617059264,0.08061581846965979,0.0326353907575562,0.20842061026874104,0.12078795936074636,101,False
162,0.04520843033244113,0.20018557732570788,0.10296155013911978,0.10131145997557045,0.06352318373381083,0.055181739928946684,0.07348993394999437,0.03987161461366277,0.2196362678149502,0.09863024218579591,101,False
163,0.04471675490920445,0.19210935419295583,0.11789653715143912,0.11096888866801269,0.037548522922267194,0.04409074442461426,0.08288908626298482,0.03601081924510609,0.23795191658171833,0.09581737564169714,101,False
164,0.02461553346307395,0.19386384977618215,0.1230955740853896,0.12217893919116225,0.0494434609561203,0.04002338401702387,0.08850182322904093,0.022002850292443542,0.2226876896808871,0.11358689530867627,101,False
165,0.024080930416516974,0.21222633971325022,0.11300186280398686,0.13776259179762668,0.05286741841894216,0.06280005882376827,0.06841314217225938,0.03629756533519164,0.20441953521389677,0.08813055530456107,132,False
166,0.045387855592087384,0.20596111447944446,0.10844214998451568,0.11988306261683794,0.048829963728927846,0.06201011493758658,0.07746690728548483,0.032956394105227854,0.2049335924109278,0.09412884485895956,101,False
167,0.048162997847078524,0.19787246733702538,0.12436999575295316,0.0990378247599966,0.030070246988351618,0.03775150884710348,0.07140088883208927,0.05848720248352912,0.21433241079069204,0.11851445636118078,101,False
168,0.036652712969928815,0.1620373507720587,0.1271013824717428,0.1284900930106161,0.06354044595391242,0.05445575552222538,0.09361599373806476,0.06498174222253361,0.19309076561829422,0.07603375772062325,132,False
169,0.021245876359651233,0.19692159742868437,0.1224707627923057,0.12051300721613227,0.051518096176490585,0.046471688754432236,0.07644419784800878,0.025469613270327682,0.23294275180879062,0.10600240834517642,101,False
170,0.056909824157456365,0.1972487551794394,0.10566793892333755,0.1314471527600833,0.05194766631141149,0.040876272437325036,0.07182754578746176,0.042397696473266404,0.21521827089157075,0.08645887707864805,132,False
171,0.023376375733222807,0.19114947831481738,0.13060237642043204,0.10615980736395865,0.03509113079354189,0.05340194948858266,0.0907188184198016,0.03290245365186471,0.24045746117288286,0.09614014864089539,101,False
172,0.07600868507901459,0.20478336029521826,0.11430563805848794,0.10663439483024593,0.03826252591669855,0.0800265384154977,0.055845208063935295,0.0294431526276493,0.19717285209015906,0.09751764462309345,123,False
173,0.055298033062049584,0.1928081148309655,0.11429358085713998,0.12346570232050194,0.052862737456157105,0.046262007563967526,0.09233656554576644,0.02780444703721834,0.19490355944108206,0.09996525188515165,101,False
174,0.041141609952320995,0.1884968412084788,0.10545217540580168,0.1400835023654176,0.06875807514317765,0.046471417044008416,0.08695494364740251,0.04052940117129454,0.20858976390648065,0.07352227015561713,132,False
175,0.04426868173109975,0.2238643066204851,0.10949062481097697,0.11039973034911477,0.04196168397411224,0.05142874206980662,0.08716881275584433,0.04283547566031333,0.21105736036991293,0.07752458165833401,101,False
176,0.03701125811987729,0.18648126290681663,0.10769331739359167,0.12386133121502145,0.07446775461590258,0.05333561339754571,0.07478083453475018,0.04376504259044984,0.22372002342247488,0.07488356180356971,132,False
177,0.03645773964010095,0.18423366134690686,0.13057114762276067,0.1182241599526658,0.05137733103136185,0.05377859001697497,0.08051906645385455,0.053800912184137364,0.20817715344168053,0.08286023830955638,132,False
178,0.035566813503301695,0.18148861577810513,0.12521995968543465,0.12258069084276021,0.06169388179248118,0.04305178680898292,0.07603044268644184,0.05299505877190464,0.21232395244623445,0.08904879768435323,132,False
179,0.04374427859740239,0.191812888141635,0.12685748135684735,0.11986562795463652,0.07130191508486465,0.02934414277293167,0.0754678947195849,0.03864321238455884,0.2145981188488576,0.08836444013868108,132,False
180,0.0376461799639568,0.1829570672274917,0.1196788342275859,0.11709901636876494,0.049100461873587145,0.051318353825404,0.09673581078867458,0.042770508642373445,0.21101926260904355,0.09167450447311778,132,False
181,0.027357507965735245,0.20006247148022455,0.11669678360398793,0.12515931898185143,0.054777495421578955,0.0535733132578617,0.07650126977501569,0.018204433234736254,0.22653025153560266,0.10113715474340562,126,False
182,0.041407502842038584,0.19313153274799566,0.09890136727285712,0.13365333275211122,0.05352040838182087,0.050610447977593384,0.08268935982227829,0.03884758611967713,0.20476245486956957,0.10247600721405813,132,False
183,0.03098170701718599,0.19164692269789663,0.11050916586678869,0.1339606596309278,0.06409629553747274,0.054304264515871566,0.07140573571445913,0.05740372919875616,0.20536209009980538,0.08032942972083588,132,False
184,0.01612972398838988,0.18955416253320478,0.131313589146281,0.12018466089968408,0.049267987733974686,0.04213112928347242,0.08192627827192249,0.052025207401157625,0.22745003491645385,0.0900172258254592,132,False
185,0.0368811552240548,0.19180893287287656,0.11430810188745123,0.12316158595847826,0.05279529747466452,0.03139382018169603,0.09197558524818523,0.04396752241651833,0.21659434818205311,0.09711365055402191,132,False
186,0.03206259298945111,0.20090263957080243,0.11252841798731773,0.12704379720323913,0.042413008720944764,0.04891708652503535,0.08905999908960271,0.048409077326956346,0.22137690489976236,0.07728647568688815,132,False
187,0.030672998129392698,0.17594091520877414,0.10530975580696965,0.12128141827405362,0.08211535009851459,0.05073577829363998,0.10213620927369887,0.04107253949826089,0.19370098647930575,0.09703404893738989,132,False
