ID,strat_res0,strat_res1,strat_res2,strat_res3,strat_res4,strat_res5,strat_res6,strat_res7,strat_res8,strat_res9,ancestor,alive_at_end,DIST_TO_GEN,DIFF_MAX_MIN,DIST_TO_GAMMA,SKEWNESS
0,0.48906050353311464,0.44502088478597807,0.029721630211715463,0.347459403785345,0.27734457003078483,0.15384090506309467,0.4014398188256583,0.3997795438792797,0.11191299422907414,0.08411693462270234,0,False,0.5169751993479664,0.45933887332139917,0.5169751993479664,-0.2405154340812357
1,0.48448050652142693,0.4343556720456589,0.03284718741790809,0.3439608932841607,0.2874393118219032,0.1472771550017205,0.39467928273842523,0.42012635100331863,0.10192331204348262,0.10123037191552814,0,False,0.5116735135843422,0.45163331910351884,0.5116735135843422,-0.2556726005427434
2,0.46966694396578756,0.45927508327728933,0.029195108533397914,0.3268652649717484,0.2837651925856055,0.17298709851110752,0.4090668397300872,0.4070840477709268,0.10476917848247594,0.0794304788383872,0,False,0.5155001199336059,0.44047183543238966,0.5155001199336059,-0.28071635744049717
3,0.47143331187624193,0.4413045447799202,0.033382141359445866,0.3712249932538441,0.25836377907518204,0.15126104943778967,0.40108057426959093,0.41407801191123705,0.11413743874679602,0.0953584757031571,0,False,0.5096272917302059,0.4380511705167961,0.5096272917302059,-0.2606435932598677
4,0.47490529066416237,0.45457791177839346,0.039512348676835285,0.33872055382391614,0.2890724396025404,0.14078363136128416,0.40645299484389696,0.4085615569467167,0.10174225171814537,0.07529988663757366,0,False,0.5230976230740079,0.4353929419873271,0.5230976230740079,-0.24441114022283808
5,0.4855121387148802,0.4430353519463744,0.029287892493282425,0.3507955062070946,0.2891767909016307,0.17008399297975496,0.3891384815699159,0.40375897753841633,0.09408217831404224,0.09071419482440488,0,False,0.5133607487737076,0.45622424622159774,0.5133607487737076,-0.2981239357389433
6,0.50386198676613,0.4191729991213746,0.030132485074708903,0.3625644715759706,0.28510944340651817,0.1437519528315763,0.3977783837128653,0.3981989165124858,0.10977958054019456,0.08522052432809515,0,False,0.5194931662399339,0.47372950169142114,0.5194931662399339,-0.23232904145426947
7,0.4918013175137976,0.433298108048255,0.025400140466399507,0.3593227216037476,0.2693366221118153,0.15458751721284644,0.39456254103071325,0.41001397395088846,0.1215823798773795,0.07492248695927588,0,False,0.519945211710465,0.4664011770473981,0.519945211710465,-0.26200386648138335
8,0.5071067671539924,0.4389781434156692,0.022778896926673304,0.34333837225305186,0.2814774106201521,0.15778813134437336,0.3965235682459362,0.38977170796058663,0.10481812963915296,0.0864546610586135,0,False,0.5234560328915249,0.4843278702273191,0.5234560328915249,-0.20770312055811826
9,0.49675486676885044,0.43607407954854094,0.011380350746898945,0.3442616911423361,0.2756631550917871,0.16488429649811892,0.40300749554749676,0.40333121175320197,0.09614013020176494,0.08317052562193275,0,False,0.5320651561688232,0.4853745160219515,0.5320651561688232,-0.2785133335299651
10,0.49401909743271216,0.4496924168519422,0.03288302184577939,0.3356261228624873,0.26593202352038264,0.16024444110022193,0.39932860384628555,0.4051785003743746,0.11299392813190945,0.08483497673079494,0,False,0.5163411356824723,0.46113607558693276,0.5163411356824723,-0.17987252165437148
11,0.4942593687984402,0.4408487890537217,0.03099365515785309,0.3324462977875292,0.2777915500715819,0.1532035344584673,0.40834040277678746,0.4040306808585163,0.11967757159001843,0.07024250105048935,0,False,0.5217626392611842,0.4632657136405871,0.5217626392611842,-0.2192799025280513
12,0.49262549516143433,0.4521996755200985,0.02838724402714397,0.3313771349389751,0.2710040669296703,0.16392623648834467,0.40334070574525466,0.3991926141093368,0.1102352753143525,0.08782729926872485,0,False,0.516719108490217,0.46423825113429035,0.516719108490217,-0.19839929536968434
13,0.48755379380937547,0.4545446314218776,0.014474023564650211,0.34690112532013173,0.2854469045485037,0.1545282850457644,0.3991219612480633,0.3879316758989041,0.11688236742629964,0.07950376691826307,0,False,0.5247516180750598,0.47307977024472525,0.5247516180750598,-0.28772573755670544
14,0.49354106822712784,0.4466930145673064,0.01740301474178258,0.35661467326116747,0.2585233736951598,0.14970857208365762,0.39815109134179394,0.4030869879530853,0.10071075916792697,0.09493479285666752,0,False,0.5292646570399675,0.47613805348534527,0.5292646570399675,-0.2197437545492562
15,0.4895364378839869,0.44377440081901104,0.042082874433751014,0.3469992271509914,0.2617678183245978,0.14178418228148823,0.4074997127655036,0.41172601751696974,0.09952612132200753,0.08446302097479105,0,False,0.5233811022237466,0.44745356345023585,0.5233811022237466,-0.16845163393831059
16,0.48407626986153757,0.44730278587813704,0.031814025561084425,0.3492760528084792,0.26699273522299316,0.1466962450180422,0.3998316734028429,0.40984546861484145,0.11254348783940338,0.09630611919904702,0,False,0.5139152405305013,0.45226224430045314,0.5139152405305013,-0.21527817054966938
17,0.4894639761038271,0.4433565556658594,0.03383342837778365,0.3498171431089364,0.27550884504873546,0.1419287847887662,0.4006455191911015,0.41140000047633185,0.10089298836795592,0.06594054111615881,0,False,0.533181357406178,0.45563054772604344,0.533181357406178,-0.2286126133792265
18,0.49533199950438966,0.4493292870767155,0.03097756354288825,0.34652809380738714,0.26753591433551915,0.15969122833645702,0.3891911041353182,0.40985824974501545,0.10251792398065185,0.06832198602874538,0,False,0.5293148418602842,0.4643544359615014,0.5293148418602842,-0.2064269943807237
19,0.4882628229223479,0.44980597935692057,0.022639611024826384,0.3558647119757348,0.2696967679692489,0.15963561210671529,0.40162145064245586,0.39311013218426716,0.11497333860635943,0.06962500938322311,0,False,0.5257468709357656,0.46562321189752154,0.5257468709357656,-0.2645682130492967
20,0.48738153400666756,0.4333085389847326,0.05221995633214549,0.34754100813594047,0.27380406938127394,0.16858918592166483,0.3984405942363782,0.4136423120167019,0.11310652432092014,0.07177978049111206,0,False,0.5045202494677808,0.43516157767452207,0.5045202494677808,-0.22960568043731264
21,0.49796271399030595,0.44986567467945326,0.032495617417715394,0.3578831282480504,0.27706654168030287,0.1500758296959272,0.37360291955682834,0.4020230531014232,0.10662366840370929,0.09305270021227856,0,False,0.5163909158722647,0.46546709657259056,0.5163909158722647,-0.1903095468060166
22,0.4821034019895097,0.44198701421544534,0.044604428948520555,0.33627746002114806,0.284868687653424,0.16464141185810435,0.40756145148801914,0.40861921475240126,0.09731283648918843,0.0796803150187251,0,False,0.5120836084025318,0.4374989730409891,0.5120836084025318,-0.24663213661954658
23,0.4832338650160223,0.4283656749804634,0.02864286308087091,0.3473362667120148,0.2896951726376054,0.14727068999056125,0.4058316570784931,0.41247955649408713,0.11760479641031871,0.08510833502145554,0,False,0.5133709914818276,0.45459100193515134,0.5133709914818276,-0.29468213311523567
24,0.49108598026312833,0.4403602034266363,0.055693784015647514,0.3330631130339395,0.2848144484716374,0.14362682866905216,0.3948985434435668,0.41280503090250753,0.11492418915126235,0.09785835686917663,1,False,0.4986462775454239,0.4353921962474808,0.4986462775454239,-0.15535413407930662
25,0.4836998320962964,0.4489776908596001,0.03532697350574014,0.34632452789850676,0.2838085250611995,0.15348612845473922,0.39247006030215914,0.40635460410844365,0.1263988991091601,0.06345129726050214,0,False,0.5166072297238931,0.44837285859055626,0.5166072297238931,-0.2708627063711076
26,0.48044705840569646,0.44860434920687425,0.03853331511109047,0.3642630302366631,0.2708566250093638,0.1645630269195485,0.40535429384461513,0.3879323607215707,0.1104486870578631,0.07940753569323925,0,False,0.5103800560917128,0.441913743294606,0.5103800560917128,-0.2579761647599267
27,0.4813946487961224,0.4452515231194666,0.057589732785797314,0.3520456105057506,0.27298760839215236,0.17459969250349086,0.39449105414398433,0.4038873348093498,0.1089097073245582,0.08450326470032657,20,False,0.49448798363514335,0.4238049160103251,0.49448798363514335,-0.2222490913848258
28,0.4979360991569127,0.44445296934239426,0.03518167257573095,0.33440221362052797,0.2665559845192488,0.1471793089223192,0.4098544131337282,0.40349688748072504,0.10722968618801974,0.08035037653867293,15,False,0.5249016039777449,0.46275442658118177,0.5249016039777449,-0.15732181896395503
29,0.48542001469065593,0.43832495248439607,0.050525421387161526,0.35132133004490756,0.2864950729804951,0.1698678285786874,0.3936200907126574,0.4007342495447728,0.1140331120680604,0.08244015386621255,0,False,0.49632503645819287,0.4348945933034944,0.49632503645819287,-0.2559991875850409
30,0.4866147673566845,0.43972819062027485,0.03889090137025065,0.35153577782528617,0.27399116241551125,0.18821602586010602,0.37712685538309393,0.4179277703421106,0.11924551897370715,0.056134407644926616,20,False,0.5109985951831468,0.4477238659864339,0.5109985951831468,-0.30029852593061473
31,0.48793967940553945,0.4177404788832715,0.04763213132025033,0.341686843935383,0.2785064146430145,0.15831670816885993,0.4053709123999816,0.42328396464816975,0.11688534896479404,0.09274676855687666,20,False,0.4980251800000679,0.4403075480852891,0.4980251800000679,-0.21441879446258472
32,0.4724554011496224,0.44239149721748733,0.0516217131919911,0.34749620281261007,0.2643567669266953,0.1504409781290028,0.40625654288301455,0.42703491994723497,0.10772103850895343,0.07831496105321788,20,False,0.5118156535057362,0.4208336879576313,0.5118156535057362,-0.20693601917246143
33,0.47855649970646674,0.44767058858077163,0.04072024861749865,0.33605639128828396,0.26352772790711343,0.14933632014296105,0.3899946403607607,0.43757379592016,0.1268779005075725,0.06760056229227657,20,False,0.5180643949889202,0.43783625108896806,0.5180643949889202,-0.19396337183915938
34,0.47899657863976286,0.4324885330374524,0.05111659295736853,0.3418113388090982,0.2794367416490811,0.1745515265041312,0.41486908643534814,0.40862083515381425,0.11286875739553089,0.06073070757521678,20,False,0.5072224999774688,0.4278799856823943,0.5072224999774688,-0.2830656798504924
35,0.483763199167592,0.43994508395055987,0.07318838403793686,0.3546996526437721,0.27251701381221205,0.1692885408313744,0.3947182522574582,0.4051691753331771,0.11870073177968012,0.06538005193369177,20,False,0.4933932759616588,0.4183831472339002,0.4933932759616588,-0.21589982779735842
36,0.4777098907109037,0.44065093928792093,0.040195487136855446,0.34863233946500094,0.2804060449921096,0.175712516246433,0.408862899021361,0.4045274422993383,0.0980869199636227,0.06726827367730266,20,False,0.515532314567122,0.43751440357404825,0.515532314567122,-0.30304969033392937
37,0.48562073434102837,0.4272027310835105,0.06774480459348022,0.3544053704929716,0.2750269494121932,0.154225266426058,0.3977485574114687,0.41923382975051765,0.11753482479946453,0.06540026048269354,20,False,0.5017990238837091,0.42022047385833483,0.5017990238837091,-0.2145714661055292
38,0.4841371261545128,0.43692611790036484,0.046837245788055544,0.34604135547021275,0.2835517427688469,0.1653426565902557,0.3984792049864494,0.4149416807219606,0.1043033582810234,0.05645540377520738,20,False,0.5186127240670065,0.4372998803664573,0.5186127240670065,-0.2762108201094054
39,0.4768022898139044,0.4287166516544226,0.07609942251956663,0.33797751362549255,0.28034879671027785,0.15737294834754123,0.41626326192227747,0.4187971416000289,0.10722888407879588,0.07290961452610259,20,False,0.49649429627787617,0.4038926752878018,0.49649429627787617,-0.20703246824226681
40,0.4773329181548046,0.44149881855644924,0.044594852183868515,0.3586030242004073,0.26584498257258476,0.16415348679989186,0.3966319933981866,0.4137699282926318,0.11874515997350608,0.08002763210964532,20,False,0.5036487034133094,0.4327380659709361,0.5036487034133094,-0.24820201105218168
41,0.49196186533001535,0.43967704108707534,0.06858462408160917,0.3553894818619644,0.2603086792025619,0.16440406702515364,0.40075985042424195,0.3941342731847679,0.13270844670839407,0.0728077438333363,35,False,0.491231195742438,0.42337724124840614,0.491231195742438,-0.15665782360908642
42,0.49075566476547616,0.4356344124818947,0.06944672662295766,0.35518809562480586,0.27310781339040313,0.16451594014307325,0.38541649615119156,0.411643147920305,0.12042703122144764,0.06517749741952743,35,False,0.497260366773961,0.4255781673459487,0.497260366773961,-0.1962117186489929
43,0.489255545188231,0.44293173726782686,0.057963195079164226,0.3615550730347604,0.27041347408822936,0.16645562620403914,0.38455090448115925,0.40170265035979996,0.1338634692898442,0.04862012428401256,35,False,0.5060858612977551,0.4406354209042184,0.5060858612977551,-0.251526024577173
44,0.4936931371871539,0.4497784539290245,0.06786361309127455,0.35297990122670997,0.27511107364086157,0.16624860824624552,0.38070771806544274,0.3976268380662104,0.12195121786894013,0.059362251938534574,35,False,0.5010551754991993,0.43433088524861935,0.5010551754991993,-0.18298424224678875
45,0.48678177363956826,0.4394410666208352,0.08127047962716419,0.3626263500886515,0.2768442180302432,0.16120270083913005,0.3921902248815995,0.3978796545012508,0.10949855778279854,0.07135779741680781,35,False,0.49228789319649413,0.41542397622276045,0.49228789319649413,-0.19425347891583342
46,0.48223038457011336,0.4360617147774689,0.06798292212443777,0.3573601217696737,0.2828313437360577,0.18698055366349928,0.3812742878315161,0.40466476826960335,0.13102476706862437,0.06107093824004046,35,False,0.48426427879979783,0.4211594463300729,0.48426427879979783,-0.29139029852965675
47,0.4797206413003922,0.43079267531960186,0.08109381189267376,0.36582332976614645,0.25994525174756633,0.17863354121030378,0.3979830666325596,0.40665299158118673,0.1291798030532571,0.06290300403274102,35,False,0.4834497421972085,0.4168176372676512,0.4834497421972085,-0.23248573210501447
48,0.4738601523357995,0.435780078856126,0.06129455561759683,0.35401516531256083,0.2662410496580173,0.17075580037943133,0.41351035957414434,0.4118244582130681,0.11052402197942758,0.06017406336990833,35,False,0.5056683479800639,0.41368608896589115,0.5056683479800639,-0.2593189949494084
49,0.47755473137346854,0.4276048885761995,0.06284387544800375,0.3797374829721592,0.279990062191686,0.15779107469213513,0.38953170025196326,0.41219575541335446,0.11119433820814839,0.06040450184442162,35,False,0.5051247968955134,0.4171502295290469,0.5051247968955134,-0.28820919622097196
50,0.47459072087710036,0.43371932757386367,0.05982019396625263,0.3545227467401234,0.2806276415927297,0.16207434599531365,0.40745669326270206,0.40880810554529057,0.1223492573296213,0.06520757099437793,35,False,0.49861702507989736,0.4147705269108477,0.49861702507989736,-0.27855600866233715
51,0.4805401782924582,0.4499465883230742,0.08034659597988268,0.35266853520422187,0.2748515243573152,0.17584676588856463,0.38597843127263975,0.3958495181029234,0.12836151744815363,0.08473616953714508,35,False,0.4726021923092671,0.4001935823125755,0.4726021923092671,-0.1740776434486588
52,0.477320988626199,0.4282005690546911,0.06876376135289404,0.33121861244337925,0.29336579225101106,0.15513480257202844,0.3967169474621852,0.4345218466330792,0.1138681013242841,0.07130856356267973,39,False,0.49782783595483215,0.40855722727330496,0.49782783595483215,-0.22177782933478865
53,0.4835243074254677,0.4462903987391427,0.08832314813045058,0.3525376873923194,0.2629620363386291,0.16942965429867007,0.3962113019552187,0.4021719094406119,0.11938841030704832,0.06411436054000774,35,False,0.48850888732117687,0.41940994688545996,0.48850888732117687,-0.16888347081147237
54,0.4956063381373533,0.4331741102044266,0.08244374190910723,0.3515973614828366,0.2770189636812254,0.15493042984823321,0.40310332277240435,0.3924557052487168,0.11566763811298753,0.07537344634539513,35,False,0.49082225692431813,0.42023289179195816,0.49082225692431813,-0.14398444414228284
55,0.4806794029933815,0.4335321004966021,0.07828909546956582,0.37445649307551776,0.27432765556999644,0.16359665021009395,0.3830011907899426,0.40963745231342275,0.11944935156647818,0.06220894675671662,35,False,0.49223295789535626,0.4184704562366649,0.49223295789535626,-0.24229333196249117
56,0.48659809197093007,0.44824151207148655,0.0699058311070847,0.3683579979520327,0.2735355456809032,0.1554322202786384,0.3876550313077596,0.39163238335198847,0.12565005723252126,0.0575000012669925,35,False,0.5015687359666425,0.42909809070393756,0.5015687359666425,-0.2122754374913326
57,0.4760841025908311,0.44303066815855263,0.075978258182364,0.3689622426195387,0.2688592311199214,0.17831031136924272,0.39098981821264245,0.3971174619806282,0.12299578091218535,0.073340235607225,35,False,0.4815228318824006,0.4027438669836061,0.4815228318824006,-0.2353816223690492
58,0.49703146715062363,0.4268572511853578,0.09406353631166883,0.36485455812140116,0.26661579248416795,0.17846445298289956,0.3917146963732316,0.3959484252318451,0.10009770659323218,0.07494770765765288,35,False,0.4848426330755798,0.4220837594929707,0.4848426330755798,-0.15649872077904192
59,0.4739676839321532,0.410209466990938,0.08825061421142945,0.34356789234147633,0.28899401519562684,0.16049423080296313,0.41671244954337483,0.42503420673189496,0.11728753049587252,0.06261081357038857,39,False,0.4870984564649546,0.41135687036176466,0.4870984564649546,-0.2527711430070178
60,0.47861874788167275,0.4381342927075957,0.09272548480487457,0.3549892688730616,0.2786108370579267,0.18001211938033368,0.40615315406547664,0.3919956983022297,0.11306773554402537,0.05397548208868212,35,False,0.4863487485026614,0.4246432657929906,0.4863487485026614,-0.2628969806909295
61,0.4873071280298559,0.4396715079666391,0.07427715743482531,0.3445163045890896,0.2779015671321971,0.15115039511513498,0.4027190382933935,0.4064620780311352,0.11615955283146225,0.06363441251377289,35,False,0.5020158794816136,0.423672715516083,0.5020158794816136,-0.1858972317404796
62,0.49680020653256846,0.4350244151210948,0.07434211965481306,0.3423109684890938,0.2925771719466674,0.17624959019530198,0.3922923755790913,0.39403469114274686,0.09853499097966023,0.07555563074916777,35,False,0.49316757112433995,0.4224580868777554,0.49316757112433995,-0.19752873726035858
63,0.4901826281969354,0.4496405557900565,0.06524213260021534,0.3508612038871926,0.2567302395978812,0.1729713877966348,0.3906604410964125,0.407017690297764,0.11159946902405819,0.06017725885796473,35,False,0.5074766112040006,0.4300053693389707,0.5074766112040006,-0.17014364067126417
64,0.4861117159877324,0.4333917779194094,0.08333596603227399,0.3529250192985387,0.25810309478474147,0.14121519876061073,0.4130001052282012,0.4063019951881328,0.13261783828863533,0.06759574533013059,35,False,0.4951664940331672,0.4185159706576018,0.4951664940331672,-0.14262200218643525
65,0.48935158604964996,0.4366306810498078,0.09206757105872955,0.3636879130425162,0.2706171065783197,0.1689428605801977,0.38801808807913135,0.3958120627606454,0.12753602540145234,0.06226849821807725,35,False,0.4820057535982362,0.4270830878315727,0.4820057535982362,-0.18768303088128874
66,0.4872024928399614,0.43060083365885854,0.0744873510257792,0.3525069795298288,0.2784535496977952,0.19408526827975392,0.3923836095276634,0.39909872698497595,0.1100573653376608,0.08273047605424864,35,False,0.4776069239112261,0.41271514181418223,0.4776069239112261,-0.23309896039408037
67,0.4798711398414041,0.44545326072714736,0.06807198900586742,0.3573695713348629,0.265870054752783,0.16848068034542946,0.4029707686273512,0.4032740888532978,0.10682801464406347,0.05871962164651967,35,False,0.5063373693595657,0.42115151819488444,0.5063373693595657,-0.22729022673320068
68,0.48401226063770186,0.4360186416448024,0.059672650561846,0.3411827241107615,0.2545129375862651,0.17589750846222002,0.39573300465230093,0.42940181046962544,0.12116604226349,0.06530616164154411,35,False,0.5025795895937575,0.42433961007585586,0.5025795895937575,-0.18589976656542306
69,0.4772282192184348,0.42626084008935006,0.08649887032183011,0.3268135291488266,0.28500600075143595,0.16304158298224672,0.42211745806490736,0.41969687797744537,0.09451646554302626,0.07206127458375605,39,False,0.4960325723445767,0.4051669446346787,0.4960325723445767,-0.1981570656383322
70,0.4935243328678025,0.427727670948637,0.09088102230321071,0.3793070072024638,0.26549172726933973,0.18260096408097076,0.392685590698547,0.38820600520257087,0.08894510240394139,0.06858228819066717,58,False,0.4930203571347602,0.42494204467713537,0.4930203571347602,-0.2051781959243599
71,0.4917098931544445,0.44392628762331426,0.08722440319921475,0.3472166810443102,0.28049229698877076,0.17102891947019705,0.3968608594599539,0.3898941706450269,0.1012981565742015,0.07265789329015687,45,False,0.4902172233112743,0.41905199986428765,0.4902172233112743,-0.16623960493910706
72,0.49170598763542467,0.4264377213194316,0.10408528752425493,0.3618342122612138,0.27048713152286236,0.1890616207343964,0.38116462113313226,0.4069413758549792,0.08734512548265724,0.08481650683440425,58,False,0.47609961348094454,0.4068894808010204,0.47609961348094454,-0.18107287280420017
73,0.49331636213465463,0.44342912050723265,0.08842553133215768,0.3710428855778514,0.2738795621851713,0.14662987174915537,0.3856063117062775,0.3871804812348307,0.11783747578963968,0.07430159593007828,45,False,0.4906430234446017,0.41901476620457634,0.4906430234446017,-0.13556576535723722
74,0.4829921182015709,0.45012695341861614,0.08651213994464362,0.3527018167655803,0.25794549165422315,0.16330258742305456,0.4003660952105006,0.3980430243900242,0.12726616675622432,0.06395208573146693,45,False,0.4896370087521772,0.41904003247010396,0.4896370087521772,-0.15050578173956544
75,0.47339247527057,0.4330887797489902,0.06156676702334455,0.34019137428591506,0.277726898756802,0.14463751642752812,0.4122480991906423,0.4249724551216565,0.10789143149740232,0.09257510427813555,39,False,0.49917843002674245,0.4118257082472254,0.49917843002674245,-0.19796951632897636
76,0.5083783585857349,0.416371864177073,0.11339357589076127,0.3676975830548152,0.26326475459036425,0.1640574598227863,0.3826461382136338,0.4047008440136509,0.09298696002132932,0.07110347040425939,58,False,0.4887368284609529,0.4372748881814755,0.4887368284609529,-0.09384998260180055
77,0.46929205167725896,0.44627578805497925,0.08383842926627613,0.3653792163338282,0.27750729033541643,0.1731926162305615,0.38739579142816366,0.4042040665095196,0.12792286618955956,0.05696817074971271,60,False,0.4839412692901239,0.41232388092754624,0.4839412692901239,-0.2785551592856227
78,0.48288560959638127,0.4415235468853816,0.08572666306681048,0.35760741463020634,0.2686901241823036,0.18560655243636834,0.39921518838298187,0.39444557166579336,0.10142169713893923,0.06896165889855005,53,False,0.48777632628770895,0.4139239506978312,0.48777632628770895,-0.21639300435190262
79,0.4999321884493231,0.43251286707417025,0.0986736724981128,0.35793171533144685,0.2618844059233681,0.20205526080303915,0.3849090467905136,0.38870817057022117,0.0867043777540586,0.09472267156392228,58,False,0.4733319387898478,0.4132278106952645,0.4733319387898478,-0.13244508016690518
80,0.49799489394233376,0.42637876470670677,0.10281062009046527,0.36853383182115124,0.259325528758722,0.17818085209721826,0.3914443620743363,0.3954148563795597,0.09820857278191435,0.07476870254983627,58,False,0.4832319614857981,0.4232261913924975,0.4832319614857981,-0.13495378604440084
81,0.5026107952744175,0.42427580960712197,0.08693611096219873,0.3549567069457045,0.258272456871914,0.20240202163457596,0.38527940215872225,0.3998426930680356,0.10249169520722848,0.08561594364554447,58,False,0.47689331119919726,0.41699485162887306,0.47689331119919726,-0.1298683755778052
82,0.48447645320546684,0.4537174349313747,0.07165342770935924,0.3447131834217905,0.269473977256008,0.16014310044193708,0.39443703700362215,0.40417353725508665,0.11104217310173167,0.07702231741184506,53,False,0.4975529301315958,0.4128230254961076,0.4975529301315958,-0.14896648010565833
83,0.504137698947105,0.4194917290594052,0.07137413191733395,0.35518865210572276,0.28344132538301264,0.17426837805529913,0.38715731137373816,0.4034906042520359,0.0890373152710231,0.08536437754734656,58,False,0.49621715875272765,0.4327635670297711,0.49621715875272765,-0.17592857732421038
84,0.4993976037687881,0.4239055754442617,0.09095458353013848,0.3680430821961541,0.2654065857086646,0.1827386199223083,0.3894131167974681,0.3970143896755412,0.09476365778241101,0.07141735721358175,58,False,0.48973639844524464,0.4279802465552064,0.48973639844524464,-0.1691331130832315
85,0.4840775057196847,0.40340748823354244,0.0952487749490357,0.35356297800855796,0.28394888897216747,0.14419631705478525,0.42239923431001947,0.4146221223368999,0.12057082083933073,0.05062379510005787,59,False,0.49640422698167985,0.43345371061962684,0.49640422698167985,-0.23371557563702555
86,0.49423481897704835,0.4280430129274241,0.09500235343629047,0.38374276926286266,0.25057246591489757,0.17494081054899377,0.3869687880616663,0.3967037535787751,0.10292328650622488,0.0715849206321729,58,False,0.48866178584790293,0.42264989834487543,0.48866178584790293,-0.14397948524827767
87,0.49597207218340555,0.4156937078490607,0.09300253357770978,0.37160510011179115,0.2733117805363789,0.17230017129852515,0.3836047385373695,0.4027166631854848,0.11911595101466949,0.0810063501008425,58,False,0.4731350176455476,0.41496572208256305,0.4731350176455476,-0.15670012377070935
88,0.48497114086234233,0.4310191736790394,0.09715804047555773,0.3738194064572156,0.2706935398377532,0.1738709180622941,0.38964899625197785,0.3975564999935451,0.10379234100110357,0.0754213584015971,58,False,0.48002098829906964,0.40954978246074525,0.48002098829906964,-0.19953371141046783
89,0.4854976985335974,0.43531838325147426,0.10907684768634722,0.3729768382430071,0.2758889844437759,0.1832237870289578,0.3769745967731527,0.393042570979263,0.11089631017323928,0.07214167075970446,58,False,0.4686297487588012,0.41335602777389296,0.4686297487588012,-0.2009612926794874
90,0.4845680115648759,0.4098863126729374,0.08967116624326803,0.3687100529548548,0.28204777952182786,0.1680657206094517,0.4106473808409012,0.39450746838245593,0.11195301711638052,0.09274213296226452,58,False,0.47013794235132134,0.39489684532160785,0.47013794235132134,-0.20550869033672647
91,0.5047271845897392,0.4222381314677394,0.0970194271804675,0.3526477628804034,0.2610486617329897,0.20380746596488827,0.40191866297198503,0.3866513397911495,0.09430065432648099,0.05981508978738315,58,False,0.48901279204550036,0.44491209480235605,0.48901279204550036,-0.17415078001305231
92,0.4990715210564398,0.4231482909134329,0.0913656849971222,0.37699751702651046,0.27619669029467586,0.18238057322948426,0.3898973248299842,0.3859952532110227,0.08499987298243838,0.06011490238706584,58,False,0.49798810945528904,0.43895661866937397,0.49798810945528904,-0.2249078207342854
93,0.5062128858718467,0.4282701101554849,0.06814809977166852,0.37348169833063466,0.25522421544563706,0.18643352666633226,0.38242366394784655,0.3957245920474928,0.09109098985966982,0.07183484173525966,58,False,0.5051271677866541,0.4380647861001781,0.5051271677866541,-0.15667145441631508
94,0.4801041911890119,0.4431146261269637,0.08264718358000284,0.3678371321933349,0.2645833292345196,0.18828979647924154,0.38046975448082304,0.4127625213605933,0.07682447064163954,0.06726933157201372,58,False,0.5019508711549989,0.4128348596169982,0.5019508711549989,-0.24630380256676299
95,0.49242084609477094,0.43180958562109895,0.09138912140299332,0.36541720395506805,0.264651786660734,0.17236513228249634,0.39997821499718605,0.39191094208164784,0.10665580470060783,0.06691756838393602,58,False,0.48943822582193974,0.4255032777108349,0.48943822582193974,-0.17174477844583796
96,0.4948536986143816,0.42060007968672075,0.08666187102409449,0.3795888355482661,0.27267305237697786,0.16290273714452422,0.3943860484460826,0.3918191266757558,0.10673745398131874,0.07262274706224951,58,False,0.4898712825908855,0.4222309515521321,0.4898712825908855,-0.18241462677569947
97,0.48932694137207416,0.41709012757961744,0.1125643560462019,0.35983623204797416,0.2727606100806341,0.16738407246709994,0.39669749638127194,0.4168852507810791,0.08546705374498584,0.05966163272520931,76,False,0.49319859685350764,0.42966530864686486,0.49319859685350764,-0.21428707952753362
98,0.508941584741907,0.4139994570639307,0.08562495289662451,0.38076677019621996,0.26713880004312973,0.17487667339330545,0.37143065937946285,0.40771489173061826,0.08153429176609917,0.06695482986008514,58,False,0.5050405875833434,0.4419867548818218,0.5050405875833434,-0.15357148103692012
99,0.5093901568258289,0.408568015022297,0.12186876120183697,0.3662780430334488,0.27114946615836766,0.16179497790599962,0.3872374487901759,0.4001179792313969,0.10098340927228545,0.06810073122110136,76,False,0.4816404513545607,0.4412894256047275,0.4816404513545607,-0.10124479396249145
100,0.5002261546192347,0.4199054729453437,0.09598065903505253,0.36632974151766146,0.2611866996100356,0.18332155939136582,0.3852617131269896,0.4047074295366013,0.10332435949028353,0.072989869280556,58,False,0.48311895055504994,0.4272362853386787,0.48311895055504994,-0.1424114030130123
101,0.5039643060477063,0.41026939764224923,0.1066361169329214,0.38242349002350695,0.2689944912956039,0.1682032590765579,0.3780116416235683,0.40636687740195493,0.09051218884620679,0.05665989003148803,76,False,0.4967966563767537,0.44730441601621823,0.4967966563767537,-0.1726885056047335
102,0.5061886605128996,0.4273009125176622,0.0848412635777736,0.35893187654195224,0.2691363903231407,0.1780606586362023,0.3745245030412709,0.4069357718364871,0.10165899370212475,0.06940437015926317,58,False,0.4936410495162456,0.4367842903536364,0.4936410495162456,-0.12934702178171223
103,0.4913159650675807,0.4396645137715316,0.11843900278113172,0.3663635938230249,0.25789760028248765,0.15135218047792348,0.3909769817254585,0.39446886866083153,0.11077670117059664,0.08303515321964541,58,False,0.47582656638553145,0.4082808118479353,0.47582656638553145,-0.07984530116750976
104,0.4876277648910172,0.4382306910116955,0.1024010001168861,0.3666514444470015,0.2752548000960798,0.1736627942674915,0.398659307858365,0.3798398502120925,0.10280354884207694,0.0745230268325471,58,False,0.4788978965876835,0.41310473805847014,0.4788978965876835,-0.17876883717030553
105,0.5102392153091541,0.4327790127608728,0.09292676488836803,0.35892493484246485,0.2369240140150743,0.17407502266150657,0.39550213916343896,0.3936862489252358,0.10203168559511784,0.08148254609091597,58,False,0.49262260442264866,0.4287566692182381,0.49262260442264866,-0.018502819048370537
106,0.5023273024549164,0.42141779199745083,0.0861031061942084,0.36296376974717354,0.27162023991123374,0.18351489248673422,0.40292274473263445,0.3840790119509712,0.10049106161539699,0.05916699374171941,58,False,0.49516109246924256,0.443160308713197,0.49516109246924256,-0.19071044157694161
107,0.48939984067375747,0.42870709876396956,0.10464630132177173,0.34961525496609236,0.26892797828888626,0.1798474991879976,0.39832108896829255,0.40264747220511216,0.11055356839022093,0.07643425794733343,58,False,0.47261923027844993,0.41296558272642403,0.47261923027844993,-0.1535346992639714
108,0.5140785742745247,0.4107678169006842,0.10232706887622044,0.36326438582789106,0.26143586199474517,0.17642919980888874,0.39468283263170284,0.39134309557463365,0.09449215523024641,0.08504399052540529,76,False,0.4827055381943443,0.42903458374911946,0.4827055381943443,-0.05793724222361345
109,0.4964203861555165,0.4337016118433927,0.08979050020338404,0.37099998135212836,0.2511638810289282,0.1475991534984458,0.3871644210491277,0.40954538243719457,0.10053159023497614,0.08465977155366645,76,False,0.49709254338130193,0.41176061460185004,0.49709254338130193,-0.08592584552062459
110,0.5009940784943042,0.4095258210049416,0.096978887515894,0.3749907624501145,0.25210381000435184,0.17633045025539232,0.38702938389006203,0.41462770743044236,0.0888593790580924,0.08377309222666854,76,False,0.48834044966145745,0.4172209862676357,0.48834044966145745,-0.1172794089760548
111,0.4887582243188916,0.44611792851979803,0.09661728899298545,0.36687607021972307,0.25532598261249884,0.18700928395585611,0.3863643897493669,0.3876772219366231,0.10587363238309411,0.08495360374944785,58,False,0.47497309337616705,0.4038046205694438,0.47497309337616705,-0.12418466652605703
112,0.48168503810641555,0.4310675261029758,0.10242421496975791,0.3589608254157888,0.26922922944618644,0.1785364113982855,0.4110373878605032,0.3903886861279671,0.1108779102054053,0.06934059689630837,58,False,0.47631992168118464,0.41234444121010716,0.47631992168118464,-0.20150259654224048
113,0.5020512761185828,0.40700744142815676,0.10692224822860807,0.3726185270860701,0.2625860302834267,0.17806435244464794,0.38621988364217075,0.4085656975298576,0.08741764892903787,0.08729613336971807,76,False,0.4794951104873617,0.4147551427488647,0.4794951104873617,-0.12456998995663353
114,0.5145434040338198,0.41315684372268446,0.13018660877517169,0.3592344508590075,0.2635892771992951,0.16199300154079,0.3787366855917087,0.40447496909105074,0.09453436015775994,0.08276050733755091,76,False,0.4765440793330196,0.4317828966962689,0.4765440793330196,-0.02335078848657744
115,0.5106264453795751,0.41053881969495126,0.10209616047394737,0.3681112937104683,0.27009130066397097,0.17598169973116073,0.3896831981523471,0.3982532530188484,0.08401537317677538,0.05790388186284316,58,False,0.49980486632992316,0.45272256351673196,0.49980486632992316,-0.15861027679548367
116,0.4915284064184031,0.4254879011757337,0.12921932296105867,0.3665983529213089,0.2559187229042578,0.16183535188609804,0.39328009579458034,0.4077328033100514,0.097012921485082,0.06523827415207777,76,False,0.48271394235663245,0.42629013226632534,0.48271394235663245,-0.14549786418601568
117,0.505829844478214,0.40492751936957877,0.10658747122132141,0.3736697175523895,0.2600658404093955,0.1469925993864763,0.3962044516758761,0.40689505042308977,0.10943028863454517,0.07363642017261707,76,False,0.48897087168155096,0.43219342430559693,0.48897087168155096,-0.08311648366551322
118,0.4987345565911835,0.42053173266011434,0.10190407845641532,0.3586509655478703,0.27203941325919756,0.19448646265952335,0.38667575386595937,0.3991927110918207,0.0938548494510331,0.07674522191552043,58,False,0.4768057009813277,0.4219893346756631,0.4768057009813277,-0.17630933212752145
119,0.5112637940899589,0.40194881621362594,0.12447705065966558,0.3649808337485875,0.26037276755093985,0.17711308303451895,0.3848413606118938,0.4072274028776068,0.0926386295044244,0.08160250253405973,76,False,0.47437843598154444,0.42966129155589916,0.47437843598154444,-0.06318488398529919
120,0.5169705430880328,0.4211585868080478,0.12335357102352008,0.3614389037080217,0.2516722645573069,0.15775252999265726,0.3781554570987293,0.4091787795737232,0.08454642437151169,0.06091803519251182,76,False,0.5011673248822094,0.456052507895521,0.5011673248822094,-0.04768844950452076
121,0.4977466619921688,0.42011706459754417,0.12086615945966012,0.36309408392217973,0.2590478382085833,0.1718500869049624,0.39423125319416646,0.40133878470693624,0.09965070476346295,0.07902133454365283,76,False,0.4740465246195462,0.418725327448516,0.4740465246195462,-0.10769979062025566
122,0.49289974508427264,0.4212399962474577,0.1096128202014284,0.3570156966679357,0.26398293887011404,0.17138120221819017,0.39137762435135165,0.4165116961935095,0.10053879305742218,0.06562418403987208,76,False,0.4851105575329539,0.42727556104440056,0.4851105575329539,-0.15692509684350228
123,0.5137527803401793,0.4278807909559087,0.10963971184189698,0.3729309190931921,0.26118788837559276,0.1593349220138441,0.36412740190776116,0.4030520308939694,0.08802511730722445,0.07404671824703023,76,False,0.4955623981448585,0.4397060620931491,0.4955623981448585,-0.04919198786409131
124,0.49748729924774127,0.4272852168448737,0.10203412750205934,0.3586966684127473,0.2751592795817077,0.17003958066920755,0.3872733136988566,0.40250043977497474,0.0998662236001085,0.06536737087366008,76,False,0.4880190603930122,0.4321199283740812,0.4880190603930122,-0.16612528192679787
125,0.48869843045487543,0.4336396738444149,0.11848679542793228,0.34926288123160765,0.25064766282402356,0.16991160584264373,0.3949934838451399,0.41826738140737907,0.09607905476938335,0.07220770296865801,76,False,0.48379854566649516,0.4164907274862174,0.48379854566649516,-0.11010956166210731
126,0.5111704346159415,0.4298549038827227,0.11371955055162611,0.3622945400322634,0.26809873041622195,0.15356267205613233,0.3753859321846978,0.3940937835223899,0.11129039052888975,0.07530999701648308,76,False,0.48210510986592103,0.43586043759945836,0.48210510986592103,-0.03757951947725421
127,0.50620014105659,0.4042803392517919,0.12156734792252605,0.3817733762728741,0.26590671460961834,0.1495048108227143,0.3776997258569484,0.4096628705608581,0.08992389149648859,0.09035578317392376,76,False,0.4807295842731829,0.41627624956010134,0.4807295842731829,-0.07474669384112735
128,0.5049486058335039,0.41703378353782405,0.11519445468382704,0.3702292974765161,0.2617342120575878,0.18351026731754683,0.38649551133984744,0.3948997425295004,0.09757474622435434,0.061188232089529435,76,False,0.4833969289833978,0.4437603737439744,0.4833969289833978,-0.1467231217014625
129,0.48628285530635174,0.4311894516547009,0.0994618132530197,0.37372688104265034,0.27523156157893314,0.184566730491808,0.3783155837992763,0.39961484168098077,0.08150244795843242,0.09362459801484364,72,False,0.47634054306252893,0.4047804073479193,0.47634054306252893,-0.21040322178629148
130,0.4908601181948403,0.426906971920704,0.10915456794362206,0.35154850204152505,0.2710332238640855,0.19392662419646503,0.4009517075233541,0.3956386155765906,0.08908270636389803,0.0707902127124654,58,False,0.4787400387687107,0.42006990548237494,0.4787400387687107,-0.20559224540820323
131,0.511443308579945,0.42014729293309944,0.11975590955094965,0.3584676340877245,0.2563681778671583,0.15049584494045912,0.3924748961865117,0.4037238007641695,0.08886538847025256,0.07590336694536824,76,False,0.49321664752514105,0.43553994163457677,0.49321664752514105,-0.044706186845225426
132,0.49992715511393315,0.404311840493624,0.11806707002393407,0.37063047829192747,0.25046400008826947,0.17822680461214743,0.38990439045707104,0.42076445551162306,0.08831521296826057,0.0627155799591554,76,False,0.48956046540175663,0.43721157515477777,0.48956046540175663,-0.14310175348112997
133,0.5063124693447516,0.43764570212837617,0.09222622809236965,0.33960881290131817,0.2570410379205505,0.2094380053530015,0.3839084512988634,0.38946652068640364,0.07915252145940205,0.11403830591967265,79,False,0.4727947054085058,0.42715994788534956,0.4727947054085058,-0.079778756892956
134,0.48039618336295853,0.4281708821912052,0.1051144679360192,0.36713511519747977,0.27453206047502493,0.21353733894579432,0.37686352298943454,0.4070697354318348,0.07461411750008476,0.0760707573630395,72,False,0.47634889671178415,0.4057820658628738,0.47634889671178415,-0.30635206050611774
135,0.4990174116199022,0.4386187990821043,0.08071808524137235,0.3525193015656777,0.2521435535460578,0.1966497121802008,0.39135603806152053,0.39591882479395585,0.09659809631506201,0.07949822180425113,79,False,0.4897470705161362,0.41951918981565106,0.4897470705161362,-0.13240484006183417
136,0.5082119168141895,0.42239976318017014,0.10635187504173964,0.35949081255391024,0.2562219860217989,0.1759881981572965,0.3964051390169655,0.3885127409970437,0.10874238686576648,0.07892451563901176,58,False,0.47784344917971905,0.4292874011751778,0.47784344917971905,-0.05547312478262081
137,0.4896211225834922,0.44048262648802516,0.1030767043302091,0.3645356800475544,0.26207869928256017,0.18295309963367454,0.37297045541287627,0.40690271459443716,0.0884603442297075,0.0898668433813336,72,False,0.4780426330981756,0.4011607783537847,0.4780426330981756,-0.13587899800467979
138,0.48625758905567595,0.43006073515315074,0.1077385905014478,0.3644254016300541,0.26862216327997795,0.16071916326020658,0.38944956918069124,0.41257419025585246,0.0863498348091923,0.08279253899161994,76,False,0.48588886312498536,0.40346505006405603,0.48588886312498536,-0.16514647134971744
139,0.47828072375283887,0.429430049088439,0.10185983288800339,0.3713417918066261,0.2669478542228997,0.18294854266326,0.3875992693341531,0.40920715688861753,0.08613937938080293,0.09344635184996843,72,False,0.47388841350688315,0.39214134437203596,0.47388841350688315,-0.2116774576602875
140,0.4986065536162368,0.4479704587338918,0.0991072490968588,0.3560032672775531,0.2723455247239209,0.1799818361028577,0.3673797798845619,0.39579018269289434,0.06952291547085675,0.10553031002072354,72,False,0.4837701737952946,0.42908363814538003,0.4837701737952946,-0.11592953176836049
141,0.487063423439475,0.4144322440068604,0.09426392151152986,0.37190308163003283,0.25632221555066825,0.20409837093247046,0.3935284243635041,0.40662332211880486,0.07688316927168885,0.10169639058444428,79,False,0.47414618207783593,0.41018025416778614,0.47414618207783593,-0.22113144459370274
142,0.5009427254695857,0.43116650333777884,0.1173741800705779,0.3594472298191739,0.26244597950761567,0.20075075294453495,0.38193330558239796,0.3843181122475569,0.08397917980447929,0.10182387786708992,79,False,0.462418173968784,0.41696354566510646,0.462418173968784,-0.10400306037444496
143,0.49618273540149216,0.41292159392783734,0.07802182751266536,0.3558497119035296,0.2647830447112585,0.17791404725032262,0.4055968214673536,0.4082327046951177,0.09606346702982654,0.09180221068628804,79,False,0.48694310190537254,0.4181609078888268,0.48694310190537254,-0.1556474793999665
144,0.4946306007942684,0.443829422159364,0.10566860896826434,0.34845683766414187,0.25784299764467117,0.20364648398054325,0.39282582025618745,0.38571453348730345,0.08901034757334333,0.08247678398782445,79,False,0.47595157488593526,0.412153816806444,0.47595157488593526,-0.13162453190621026
145,0.5061306140660784,0.44478116674504153,0.08906845514918417,0.35598287671890533,0.25610431356371244,0.17990645239160674,0.37905965953852,0.38851895622903915,0.10690002264324584,0.08560342444273775,79,False,0.48388921672049706,0.4205271896233407,0.48388921672049706,-0.045588538329646315
146,0.5062024310119394,0.4395947074421744,0.0927482312099059,0.3432546980677499,0.2679463647063597,0.18841503608733193,0.3888246112130697,0.39157982499240945,0.09109155194230424,0.06306410424164367,79,False,0.4963636872398403,0.44313832677029574,0.4963636872398403,-0.12898686892709355
147,0.5035741386763001,0.40755719396882073,0.10492537060828003,0.3568338521563423,0.2737611349541306,0.210691967527598,0.3969491131106305,0.38846583370767185,0.08132951434620225,0.08686444960591357,79,False,0.4713782957089949,0.4222446243300978,0.4713782957089949,-0.18936778503092377
148,0.5149489621518539,0.41458192091922275,0.10636605947381242,0.3643004394760711,0.2568337390184628,0.17618468009051402,0.38972515820269094,0.3932936070160567,0.09602097534156329,0.07829846395078348,79,False,0.4848697574540984,0.43665049820107044,0.4848697574540984,-0.050114647725854125
149,0.510539985412177,0.42087398080574656,0.0943909627005249,0.36605140506054,0.2565792726504804,0.21047346614367904,0.36778653165152836,0.3904754067061303,0.10761678507927863,0.09929440542129699,79,False,0.4624863118627294,0.41614902271165216,0.4624863118627294,-0.0625240407826711
150,0.5035060691847222,0.4293033645143726,0.10816079051995064,0.36357677237657526,0.26609803201905086,0.21064151939562428,0.3752025249192652,0.3792194707371751,0.09013919143462334,0.10200983105048829,79,False,0.4598976391372078,0.41336687775009884,0.4598976391372078,-0.11086979886000321
151,0.49401217347941045,0.42197208599781555,0.09278438608898303,0.36072897072848065,0.2569499715647129,0.19980977805218905,0.40040289682024377,0.3924227250803127,0.06392949005171966,0.12167542289187423,79,False,0.4755624265426295,0.4300826834276908,0.4755624265426295,-0.1936596363875226
152,0.5187541480846719,0.44530818562988644,0.08070293555802849,0.3433673874922131,0.23729610283388547,0.19652453456495061,0.36388981437500434,0.40033939120008055,0.07256782070056034,0.12367611004304226,133,False,0.49014182800975126,0.44618632738411157,0.49014182800975126,0.020417250693159326
153,0.4932862205335604,0.44139888376927056,0.100179895302218,0.3792925778117121,0.2662712008008001,0.1911000449573946,0.37561019435413745,0.38344203614696376,0.07143608842850319,0.08545964870788417,79,False,0.4868725533804428,0.42185013210505723,0.4868725533804428,-0.18695671289178736
154,0.4921548423656756,0.43847550915000255,0.10144884065601975,0.34820162756611767,0.2716239410285264,0.19323779014310913,0.387747503966634,0.39773794962627285,0.07675843864008434,0.0918189964796432,79,False,0.47919415106223334,0.4153964037255912,0.47919415106223334,-0.17221019446516345
155,0.501260477170003,0.44829005360549185,0.08066843952974176,0.3387114574577505,0.24835008267471873,0.19343799932484512,0.3883091177047698,0.3934056289708183,0.08184324822040497,0.12326724257150341,133,False,0.48028947621006346,0.4205920376402612,0.48028947621006346,-0.05703599063983975
156,0.5012844221589041,0.4236464222108254,0.10043282933652933,0.35283048516187177,0.27178083830499333,0.20461165120489563,0.38847573178065525,0.3834042647120284,0.09969611648085881,0.10525797204424871,79,False,0.4574410275095269,0.4015883056780453,0.4574410275095269,-0.11541518675897738
157,0.5110242996076487,0.4374698847754542,0.0952660309710265,0.344960166932001,0.267588326312084,0.191685424642198,0.3793734739616228,0.3914039095475215,0.0900054279010341,0.07636810258957247,79,False,0.4883846919762793,0.43465619701807623,0.4883846919762793,-0.08559205004204605
158,0.5037623096033046,0.4341931089045837,0.10464011209743858,0.3557577605950738,0.26915579896253955,0.20218742425497538,0.3689015463267139,0.3948138009056974,0.0816344599609315,0.0907285531492081,79,False,0.474839087288156,0.4221278496423731,0.474839087288156,-0.12604893315471905
159,0.4856581313873845,0.42476139983711375,0.11824563893555734,0.358288214221583,0.2730590454528911,0.1962059016679337,0.38547058841926446,0.39522683292814775,0.09462809959659664,0.12065304662302488,79,False,0.4428456759800195,0.3910300317907879,0.4428456759800195,-0.1510296091053655
160,0.5015329115263153,0.42629508315980175,0.10612519096437102,0.35876130889153873,0.2627762962337572,0.19194308547059852,0.38103215995885875,0.3928308228212887,0.10413303111923299,0.1025974046512501,79,False,0.45978091811578886,0.3989355068750652,0.45978091811578886,-0.07079540425091878
161,0.4845007939991383,0.4418804817801378,0.07709192101463111,0.357206436622058,0.27066956933940395,0.21882376203422513,0.36609595035194215,0.4024032130106001,0.08889834366214787,0.10704044552221706,133,False,0.46891764181799644,0.40740887298450723,0.46891764181799644,-0.23440624817608222
162,0.5025026661482571,0.45555298218898466,0.09251083566794704,0.33197969751480216,0.23783825281339568,0.21335062828141246,0.37813099598045286,0.394427789584821,0.08789277010194795,0.1132553804950635,133,False,0.47372753456998146,0.41460989604630916,0.47372753456998146,-0.005804307740754874
163,0.5033465649826011,0.449162226418245,0.08218017663642413,0.3430138671643136,0.253781728723418,0.20988537038387892,0.371672806179059,0.3864632653430243,0.09467842484010691,0.12477125631479619,133,False,0.4659784128132945,0.421166388346177,0.4659784128132945,-0.047046869234290495
164,0.49628277603999504,0.4362152532918723,0.10341342283682957,0.3476326119244247,0.2682642979300626,0.2217197283594206,0.3816600743025875,0.3817765359710009,0.07932956138777042,0.11419546213831368,133,False,0.45808417957450287,0.4169532146522246,0.45808417957450287,-0.16157840303379806
165,0.5013022859512585,0.4166029310964298,0.10441159704548929,0.33605558192839446,0.26558597621029584,0.20339931545103218,0.40401498525545376,0.3894838844651701,0.08660676379928813,0.13026569682280853,133,False,0.45305913977890944,0.41469552215197036,0.45305913977890944,-0.08194730700823523
166,0.5174467822634146,0.4267332924106983,0.10328979400825536,0.3456192884796244,0.2613804621256515,0.20657397315437098,0.3690095721725797,0.3870254923624883,0.08454734231415527,0.12620795936282544,133,False,0.4599138714765498,0.4328994399492593,0.4599138714765498,0.0026293685442826823
167,0.4895857113596306,0.41552245628496337,0.10687496196246911,0.346405234503988,0.262964312267781,0.1944585606650584,0.4063041989761359,0.40982561279323143,0.0695358385458532,0.10671619547893267,133,False,0.4732258971573478,0.42004987281377737,0.4732258971573478,-0.1803210253629929
168,0.5118023042452096,0.44771400246134085,0.09327206556375925,0.33326535023364995,0.2586531359257176,0.20385384550504695,0.382402240915183,0.3780312433403025,0.09336760008395854,0.10738092425213473,133,False,0.4721892394701867,0.41853023868145034,0.4721892394701867,0.004586387084874662
169,0.5041961237754667,0.4390826646999464,0.09599587373306089,0.3282711470327912,0.26092250246845333,0.2125865109139348,0.39135993743291,0.38876721202614617,0.07198061158683526,0.11514424625807983,133,False,0.47314988086685433,0.43221551218863147,0.47314988086685433,-0.0955882484783674
170,0.5099506348739795,0.42622175831251724,0.08590949127508708,0.3433331805106753,0.2533230959781269,0.21147398669870807,0.39081469295770194,0.38613787627804375,0.07807196599612995,0.127277631943171,133,False,0.47032941930690353,0.43187866887784954,0.47032941930690353,-0.08387315681758374
171,0.5058529891814454,0.4410538870292478,0.07047129505178364,0.3518312487382468,0.2646330397067759,0.21184037367612138,0.3847933961942858,0.3704397981832306,0.08288406839979384,0.11732191102536996,133,False,0.4779277044216521,0.43538169412966177,0.4779277044216521,-0.13492762616552018
172,0.5025553026312962,0.4363155515375907,0.09316050679580004,0.3322054496258883,0.25611625430682267,0.20403804072539666,0.39920203976661,0.39692314746823376,0.07611613139540299,0.08998105191814453,133,False,0.48743296088379306,0.42643917123589326,0.48743296088379306,-0.11130391682598009
173,0.5184331275705345,0.4294349259248336,0.09796037222483368,0.3389773139472217,0.2532864212531839,0.2069335723595482,0.37336864420369587,0.3911264079108312,0.08336718505152567,0.1264961232298618,133,False,0.4656875916607807,0.4350659425190088,0.4656875916607807,0.01732561803293116
174,0.49529032949991114,0.44017925497269383,0.08218413977115852,0.34838301936354515,0.25763472279555727,0.21834155342636513,0.3889232416730142,0.3892832511369001,0.07510120410364456,0.1015536274842409,133,False,0.4807300163195083,0.42018912539626657,0.4807300163195083,-0.18678574667628364
175,0.5137420911377346,0.4474951372069656,0.08353240313575598,0.3411339149624686,0.24479082209535463,0.20582762892485065,0.37432357197375504,0.3876377740283082,0.07986465772205611,0.11584494941719188,133,False,0.48249063288391547,0.4338774334156785,0.48249063288391547,-0.011275426439249414
176,0.49508697797633233,0.42965553555841746,0.09057347555947252,0.342796224675764,0.2630452291713752,0.2004870496689738,0.3820943340693858,0.40654860832229583,0.10564077007120734,0.11290051303090413,133,False,0.4592293850128845,0.4045135024168598,0.4592293850128845,-0.0990527776607445
177,0.5175523358323297,0.4205139235762923,0.09704596175607924,0.32089328507890363,0.25740115117985296,0.20711346603072361,0.3927702672674962,0.3962776080886385,0.08527519035723054,0.1232460003359561,133,False,0.4665660749928264,0.4322771454750992,0.4665660749928264,0.01523245998284993
178,0.49490215535178467,0.4509829635344887,0.09498231572099623,0.3370364167861269,0.25521201026517765,0.20960864032403567,0.3805439438596888,0.39535961528535984,0.08052915061724931,0.11132933890920174,133,False,0.4716908238799699,0.41437300473453537,0.4716908238799699,-0.09473410756915873
179,0.5220335590854518,0.4376518802294993,0.09290626894317537,0.34343521356197915,0.24772449662644583,0.1965826792539902,0.3764163826373052,0.39051694889444394,0.06729276665163798,0.10309801768289026,133,False,0.4932085732536367,0.4547407924338138,0.4932085732536367,-0.006643773480512021
180,0.5029018192413223,0.43032600860507575,0.10057846319714683,0.3591299319126974,0.26717338314172034,0.19517350178882986,0.3774925870721089,0.3970173652240509,0.08032919723795942,0.08227039135941493,79,False,0.4836691241631135,0.4225726220033629,0.4836691241631135,-0.148033968227896
181,0.5151174949511342,0.42662889806554555,0.08381869801364333,0.3418794387124087,0.2621416863337125,0.19275917021345293,0.3845769888733277,0.3993840095711988,0.08164246635230915,0.09374285988938143,79,False,0.4906156224387229,0.4334750285988251,0.4906156224387229,-0.07011092018802453
182,0.5121521648339924,0.44818014002446466,0.07270647804867658,0.3385762291321798,0.24031943277427112,0.20367694746377601,0.37910008751377994,0.3892110176939184,0.078090276234978,0.12797153852729118,133,False,0.48524116419776997,0.4394456867853158,0.48524116419776997,-0.026905545216392893
183,0.5129328967805675,0.44107476327973344,0.07932781029237297,0.3408653913519861,0.26130901480020563,0.20495817361787486,0.3679905756414785,0.39112390136778075,0.07786726787014314,0.12297253577286059,133,False,0.47839043141633636,0.4350656289104244,0.47839043141633636,-0.05880070767967568
184,0.5019311473051492,0.3991732768965142,0.09752496000218011,0.38624963497786835,0.26063501539909334,0.14986101339430252,0.39763470769533477,0.3998223065003507,0.12495874919286834,0.0777885525380079,90,False,0.481581110573499,0.42414259476714133,0.481581110573499,-0.10361760452796412
185,0.5143259568477537,0.43921516054966897,0.09586640537318493,0.3422071384364844,0.25624057524056515,0.20020099285717974,0.3689839496422348,0.39242684367795466,0.07421899242466921,0.12192886479473813,133,False,0.474945626873636,0.4401069644230845,0.474945626873636,-0.019776589973700246
186,0.51099352724765,0.4428038174820642,0.0869156889568312,0.34819945239447325,0.2628566747829454,0.22132966201669707,0.3684712407434542,0.37953591561149264,0.07724622353214335,0.10073332313211658,133,False,0.4792732774829385,0.4337473037155067,0.4792732774829385,-0.10443961741000335
187,0.5108448354961821,0.42664872471866755,0.0908195128378017,0.34897156540485424,0.2656230828979129,0.2174354322693899,0.36829124211503816,0.3894179395730021,0.07547810236580013,0.127136062462911,133,False,0.46481595063358516,0.435366733130382,0.46481595063358516,-0.10678026072532727
188,0.4895335661007114,0.41947289503416474,0.07352694426268971,0.38102878245282756,0.27097703390703887,0.16360667642483748,0.40034003711737726,0.3884591255605757,0.11652441795512962,0.09414859742043169,90,False,0.4802405346982579,0.41600662183802173,0.4802405346982579,-0.18692285012707033
189,0.49287117349430815,0.41335982566979357,0.10490604209614471,0.37733528175760656,0.2626272932039158,0.16459149542140172,0.40871063374949124,0.38086478912752403,0.11456723707286572,0.10739176544301733,90,False,0.4603320201709396,0.38796513139816347,0.4603320201709396,-0.08849074329411923
190,0.48891452825929627,0.41670879465157196,0.14085734510066075,0.35498496919497086,0.2582585229878294,0.21211166464678055,0.3903549820390539,0.3921600017185424,0.09354899032058642,0.12187915727547771,159,False,0.43010745569077197,0.3953655379387099,0.43010745569077197,-0.11635118871141627
191,0.48612055130384085,0.39410373223736456,0.08017089114531584,0.3769603816802106,0.2909925646044709,0.1751939997443864,0.4082353216457438,0.3939739119131923,0.11657740843760482,0.09492698892394444,90,False,0.46713061848274673,0.405949660158525,0.46713061848274673,-0.24641382482110394
192,0.48204331546267115,0.40243212435081815,0.08740434022294126,0.36917516408501505,0.28898783091393454,0.17972926147081597,0.408200799112255,0.4028481785598257,0.10009467508976815,0.08368238554124174,90,False,0.47562215303312927,0.3983609299214294,0.47562215303312927,-0.2693440388793931
193,0.4757980651134431,0.40573404726313633,0.11414468078277909,0.3646466711085605,0.2831381141955901,0.16753156502144514,0.4075338020614627,0.4024267859881317,0.12584868622515982,0.1043879998249025,90,False,0.44356380320897026,0.3714100652885406,0.44356380320897026,-0.1820593150817228
194,0.4878285025015997,0.4010595546124797,0.09946582387583905,0.3752777109427762,0.2719649396666928,0.17236169058522646,0.40926506963507325,0.39572707009490377,0.11250230195550126,0.1000985283980074,90,False,0.4614807876886014,0.3883626786257607,0.4614807876886014,-0.16043804405087295
195,0.49369297032537324,0.40881586609883874,0.08324618528150086,0.35143127685441855,0.28313257732967717,0.15960523550247455,0.42566207491321745,0.3902172902752403,0.10671802458123399,0.09065654414808633,90,False,0.48315535109180197,0.4104467850438724,0.48315535109180197,-0.15331502554024073
196,0.4873809449838213,0.4371183753637145,0.1320188024253334,0.3638779476174402,0.25090255288539387,0.1618116514674938,0.40558559397055793,0.385954891078663,0.10178261519255889,0.0927122488967306,103,False,0.4658494977645522,0.39466869608709065,0.4658494977645522,-0.07126852842970366
197,0.48833435070892145,0.4136070956264069,0.0798437680423269,0.35765619743891003,0.29197351161995044,0.17522484490550827,0.40667159337746517,0.3943921943215171,0.09683456650146584,0.09954672607498405,90,False,0.47596326034692804,0.40849058266659455,0.47596326034692804,-0.2287033022430342
198,0.4891558043098723,0.4295236139351941,0.11394261786763403,0.3713104542120697,0.2607871369845195,0.15686889223940445,0.3939219735877171,0.3983498190131253,0.10522526334419605,0.08851245567953364,103,False,0.4736233666718852,0.4006433486303387,0.4736233666718852,-0.11182644505976193
199,0.47800678472188973,0.41798624580088234,0.07603110679923737,0.3627092942016174,0.28342303202153013,0.1693805254645707,0.40733973911506227,0.40281197648290745,0.11489227447597611,0.09516557727553165,90,False,0.4735241893315671,0.4019756779226524,0.4735241893315671,-0.24159232110132675
200,0.47925872297198013,0.41544150198328095,0.09786520070220414,0.36370632134950914,0.29187972584701993,0.1598568788099229,0.3971059402874596,0.40563986085263937,0.11294574766502154,0.10058820350288936,90,False,0.46234550347770587,0.38139352226977596,0.46234550347770587,-0.21071369283913757
201,0.46845607115577376,0.41044855267599695,0.09066424417172249,0.36667552373700824,0.2901922702633215,0.1838493511502139,0.42184017277963204,0.3954962965984992,0.10270134476096603,0.0805220111268537,90,False,0.471449891077984,0.38793406002892006,0.471449891077984,-0.30844613244815017
202,0.4814474697791692,0.397986587756421,0.07803700760144965,0.35908029398638225,0.2949478260823954,0.1770640689022291,0.4059474301974553,0.4126254618365131,0.10940800757508787,0.09704366623480895,90,False,0.4696070893937224,0.40341046217771953,0.4696070893937224,-0.2610165531485126
203,0.4861007605174237,0.4487532952942379,0.13237606936299415,0.3531461157159921,0.25312910196757615,0.1572203785583611,0.38238582583767394,0.4081787445573131,0.10501427612416965,0.08626431826011438,103,False,0.4702927266072023,0.3998364422573093,0.4702927266072023,-0.05394712142730363
204,0.48962735882995756,0.4508450821412285,0.11096146722141154,0.3661590381711747,0.25232326016777035,0.1620663489420836,0.38985354510557396,0.38291074135817377,0.12092370970104843,0.08635611051962543,103,False,0.4706571802192655,0.4032712483103321,0.4706571802192655,-0.05013456894470059
205,0.4882302371472399,0.3957651267691058,0.10188141477837162,0.3536878478325658,0.29167758511966957,0.1728138610362785,0.42232348574108475,0.39797508208399934,0.09855300903576564,0.09017677750469243,90,False,0.4699459458652879,0.39805345964254746,0.4699459458652879,-0.19705132978181272
206,0.4877042282358605,0.4119684943049471,0.09634556231933661,0.3702489961969699,0.28084418771570063,0.15734673333040305,0.40280510414152887,0.3925591069500169,0.12815025967875204,0.0982405883861181,90,False,0.4610268844757412,0.3913586659165239,0.4610268844757412,-0.16018178553342935
207,0.49825280427869384,0.39995489670019296,0.11304557694519808,0.37290235649163384,0.28468531102808964,0.17772234075327079,0.3999498852402181,0.38053444644782936,0.1196844611446432,0.09068104044167236,90,False,0.45327957810313607,0.4075717638370215,0.45327957810313607,-0.13733063136943088
208,0.47444591074712167,0.4265617070827178,0.09817185800203705,0.3637963657912217,0.2755144063500724,0.16241678030774348,0.4119090036737082,0.39100834909479015,0.1223600388108113,0.10556867082846796,90,False,0.4572112120677681,0.37627405274508463,0.4572112120677681,-0.17001440015974564
209,0.4781754454543519,0.4074850764832356,0.07389718414430127,0.3768466794805066,0.2833294582947366,0.17849105022071063,0.40822083550823685,0.40235378915880377,0.10898362307803008,0.07269836936863062,90,False,0.4849170353877209,0.4054770760857213,0.4849170353877209,-0.3016703988743417
210,0.4908192173740536,0.4012457238087214,0.09577537933172743,0.36241907243398785,0.2927756018884305,0.16368242099935912,0.41764979120308077,0.3800564680275656,0.11789038790050672,0.11088714571692705,90,False,0.45620852929672334,0.3950438380423262,0.45620852929672334,-0.15252011413906053
211,0.4873411725251424,0.4153480424713634,0.09373960314830668,0.3694318733042287,0.2757456145665339,0.1716310331025413,0.40633514728076314,0.3915923706194165,0.11130580780548248,0.0915581126650512,90,False,0.46931005995527925,0.3957830598600912,0.46931005995527925,-0.18122376887039643
212,0.49423695879985474,0.4451565921042896,0.1112156615148859,0.36138066182883777,0.258249155196372,0.14855871732654954,0.3910242415909664,0.38707377656203684,0.11718272424808304,0.09685223499219724,103,False,0.47139295003108145,0.3973847238076575,0.47139295003108145,-0.02981310543439713
213,0.49571955058742734,0.40384985037354243,0.06991678045852937,0.35626164969275165,0.2805859418517835,0.16578593442679962,0.41315638098495644,0.40282280907450846,0.10479598695028253,0.09589916542083195,90,False,0.4860162296547811,0.425802770128898,0.4860162296547811,-0.1802648201937185
214,0.48841422065983825,0.422498429141693,0.08504165785319151,0.3707683090940548,0.2558475044944029,0.17513593459648194,0.41253324410350223,0.3871883915032808,0.10249412061350612,0.10729067956896568,90,False,0.4738807129175571,0.40337256280664674,0.4738807129175571,-0.1355369880969933
215,0.5040283161967362,0.4446703467543971,0.11374101915464979,0.3612942414998282,0.26027319480829575,0.15412255311365314,0.38411883676964687,0.37990194394677446,0.11835202666442701,0.08589134708783308,103,False,0.47442670633462847,0.4181369691089031,0.47442670633462847,-0.006548478581103771
216,0.5086185424164166,0.4294557397229981,0.11730194539857473,0.35209147483350456,0.27015336535995926,0.19072341959799963,0.3825766274230195,0.3724096792048868,0.1155567006569025,0.10668333142256065,160,False,0.4475522196117175,0.40193521099385593,0.4475522196117175,0.011572311364173946
217,0.4856127281239877,0.4518511242710108,0.10772013302142393,0.3657236510240848,0.2577032763965519,0.15457699481537415,0.3980955861276526,0.3811341963199859,0.1121140917368392,0.08964071031632098,103,False,0.47590502682891345,0.3959720178076667,0.47590502682891345,-0.07273579748413553
218,0.47858722058147823,0.4330198599042421,0.11546571959030826,0.36583166218584057,0.25193614441396983,0.19076584300713276,0.3881745609552344,0.4018348103033609,0.09329516751476717,0.12475902861159703,159,False,0.4488932684136503,0.38529205306671105,0.4488932684136503,-0.12646459038308452
219,0.48687653645303214,0.408634961190686,0.07918253396711253,0.3734698402275551,0.2821051844033992,0.17199028864476196,0.4115679638213974,0.3891947697327314,0.10201939034547317,0.09892625235945142,90,False,0.4760410729313233,0.4076940024859196,0.4760410729313233,-0.22040761590033087
220,0.4844154807225968,0.42991237867022586,0.12367089513474186,0.34274117966109907,0.2662198296052572,0.21605924919931366,0.3842061371479279,0.4026767252865305,0.09947073426314648,0.10265991154975884,159,False,0.44296303954329114,0.3849447464594503,0.44296303954329114,-0.15464864008952542
221,0.46741358638191094,0.4035794958700102,0.11556710835487907,0.371516724854692,0.288604996112698,0.14985633662998826,0.4072867498708911,0.4106490966697269,0.1182368873293165,0.11411744935762683,193,False,0.4466627472604407,0.3532961370242841,0.4466627472604407,-0.20821270521787588
222,0.49864430201949544,0.4411375091903189,0.11492928513892396,0.3675725237180741,0.2462318399167559,0.15006820304267018,0.3897539887542739,0.3947486726990206,0.10590633833323908,0.07957282120125295,103,False,0.48616492386551796,0.4190714808182425,0.48616492386551796,-0.041263829641651435
223,0.47828460321839505,0.42066337126097614,0.08227198219101668,0.353060601069992,0.28591478309115687,0.18603534632720212,0.4189809765480902,0.3894186311993112,0.10902835077495113,0.08619846716643005,90,False,0.4721126187208012,0.3960126210273784,0.4721126187208012,-0.2522612536496263
224,0.4723794971606105,0.4270470388760824,0.11465631409431647,0.3537897529600736,0.29883258018370895,0.1936707607380629,0.37638329176409674,0.4037940477733727,0.09033669539243319,0.1284179472398386,159,False,0.437738374258049,0.3820428017681773,0.437738374258049,-0.25105233190630527
225,0.4605018981290368,0.41186361269890215,0.10473577523496923,0.37020652716384983,0.27751320246970707,0.16047836711377955,0.40336207496099613,0.41343386816240335,0.13873080841350235,0.12100521916531326,193,False,0.43591160654841793,0.35576612289406756,0.43591160654841793,-0.20106327946838043
226,0.48895664829996544,0.44787201403160115,0.11396611007406357,0.37579846549925683,0.25772540799642574,0.151953291398868,0.38551728474034713,0.38395910744180023,0.11425426490940988,0.08663079965344168,103,False,0.4742669960535675,0.40232584864652376,0.4742669960535675,-0.07138203072365194
227,0.49727100910140465,0.38671703693967086,0.12196879536899818,0.36600974492567445,0.2840635610335466,0.1629139552088031,0.4150345042289683,0.3878361217596265,0.11901063984502105,0.10131566254168277,193,False,0.449969090220239,0.39595534655972187,0.449969090220239,-0.09057693540453561
228,0.4774952244433485,0.4173247745263606,0.11669140727766251,0.36317558494199176,0.2692426627831838,0.2145673454450296,0.3981152606207415,0.3887248752442929,0.09478394654278792,0.12331832824432579,159,False,0.4347434927151378,0.3827112779005606,0.4347434927151378,-0.21913525668032846
229,0.5117676451627005,0.40067100025579544,0.07351564551404874,0.3966570153267757,0.24645318013060935,0.1503867002282517,0.3995531666404588,0.3967694684279857,0.1081060864620179,0.052002782561522846,184,False,0.5193032421092487,0.4597648626011776,0.5193032421092487,-0.11935600696754563
230,0.4763863547287281,0.42288623893375926,0.12495131410699306,0.35487169155956977,0.27216777789614,0.1934661367611493,0.39870054306989045,0.3893097644882478,0.09635753442614381,0.14616116437791118,159,False,0.4260596704437175,0.3800288203025843,0.4260596704437175,-0.15561961593620788
231,0.4957119788093478,0.41626430347966903,0.09909718421331729,0.36431066269130263,0.29048826356670016,0.20411442776963212,0.37166048429104104,0.39271962840161895,0.08441360041010043,0.11366241199556035,159,False,0.45673382824970155,0.4112983783992474,0.45673382824970155,-0.213081579794383
232,0.4993772039848481,0.4296492616079318,0.1024190545437443,0.36537360715943007,0.273060458704689,0.18463849691039502,0.3843601368844156,0.3835598902929886,0.10304635172243327,0.08895808607249618,160,False,0.4690311727382389,0.4104191179123519,0.4690311727382389,-0.12275889271451954
233,0.4711171383766529,0.4282751796396188,0.12577614347722824,0.36092887489724684,0.2582584823552341,0.20726461017686515,0.3940920487303484,0.39551946205302846,0.11032830459260794,0.12234024914218732,159,False,0.4270664285669348,0.36078883378404497,0.4270664285669348,-0.15142526268614537
234,0.4874135099364101,0.42978269416862647,0.119108984454256,0.3698562199885459,0.2582307187078231,0.18983974336040593,0.3757550103949257,0.40171390180344757,0.07851068853428765,0.12362154054214805,159,False,0.45577037504642803,0.4089028214021224,0.45577037504642803,-0.1382284040545558
235,0.4883385864811274,0.43895785613646926,0.11544910176287111,0.3463437749700362,0.2731935013232707,0.1621137448243703,0.38731163544018443,0.3985260035085709,0.10407167605419645,0.12238942898999847,159,False,0.45378007759087047,0.38426691042693095,0.45378007759087047,-0.0587714156420131
236,0.48266949569803314,0.4273609112553167,0.12657751588847777,0.3519328303748228,0.26506034754313523,0.1996377054498066,0.3982115448349927,0.3926283312067149,0.0854962257339206,0.11984564252304665,159,False,0.44482379628410657,0.3971732699641125,0.44482379628410657,-0.15687574784827615
237,0.4850592497578181,0.4029923037392565,0.12871199594751329,0.35248881243841307,0.2791248068559954,0.15157851199910902,0.40628316510273577,0.41389944154380276,0.12449939847326065,0.09345600717792797,193,False,0.4528045311275083,0.39160324257989015,0.4528045311275083,-0.121388360685542
238,0.4870999137440404,0.41567540410075554,0.11550694154494662,0.35555201637666056,0.27861907624521287,0.18711339221623494,0.39021529993684845,0.39332346561814596,0.1014686047169747,0.14241251599968252,159,False,0.4321555799408374,0.38563130902706566,0.4321555799408374,-0.12592546253639575
239,0.46189652892219274,0.41181330558483575,0.10993282079992082,0.3660140259024983,0.2837285679012289,0.17170053950254577,0.4033386683620373,0.40435382662334446,0.13755235345636463,0.12618312769702372,193,False,0.42512698868877646,0.3519637081222719,0.42512698868877646,-0.20611392845777904
240,0.4875076073244632,0.43058148677749425,0.10426438895101738,0.35141047852718726,0.286942900691899,0.18436365224287002,0.39255577869469405,0.38595622288047254,0.09408591676609215,0.11972860642694454,159,False,0.4532907962107862,0.39342169055837106,0.4532907962107862,-0.1613460069543415
241,0.48416991703558937,0.41786832872197976,0.11356936489158667,0.37364551907264243,0.2806045324867414,0.19474743303752223,0.376837821307333,0.3923556521514106,0.09754435757096554,0.12777522201253186,159,False,0.4378754507587555,0.38662555946462385,0.4378754507587555,-0.18229712294064193
242,0.4702680454883815,0.43958185194866234,0.11267982565467885,0.3562076681670637,0.28209479038937335,0.19216065306788876,0.37404526555891515,0.4004536483538508,0.11665444289460634,0.12510269099037924,159,False,0.43049700518436224,0.3575882198337027,0.43049700518436224,-0.15836393223446976
243,0.47994129952199155,0.39568651541026584,0.11605215734917407,0.3750526152366202,0.28760102132058574,0.16065586128065326,0.40313191251010494,0.4044061987057836,0.11249217516854665,0.1082455910236415,193,False,0.44917825182956533,0.37169570849835004,0.44917825182956533,-0.18639140373047733
244,0.47349492362415896,0.43755494702010533,0.11827802585817501,0.3610160806738296,0.28339503271305294,0.20839497309255825,0.386392207673227,0.38444580194794015,0.08414934880779827,0.11002767227812588,159,False,0.446435724117354,0.3893455748163607,0.446435724117354,-0.2579346133658605
245,0.4907832342403519,0.4287460907038964,0.11513125513335341,0.36043798687006173,0.2840186450424529,0.18880336861273264,0.36190867108929065,0.4017594752769962,0.07438448116478572,0.13380187761499374,159,False,0.45162876047334755,0.4163987530755662,0.45162876047334755,-0.16894676745990905
246,0.48312309411895793,0.4331389668638321,0.12146938419543456,0.3730342188470035,0.2641581406217199,0.1953783089203599,0.35785394153923034,0.4066649195357818,0.09485816055279207,0.12119114593267376,159,False,0.4437919778345832,0.38826493356616587,0.4437919778345832,-0.1167708493962933
247,0.47615464146392755,0.4201696541493256,0.11503094841267572,0.3624463601217577,0.2834611959757851,0.19330309744865587,0.38789623302790893,0.3979526794668433,0.09666030436027291,0.12745729421180527,159,False,0.4368528969741137,0.37949433710365466,0.4368528969741137,-0.21282774897252876
248,0.4954878802777764,0.41962920119478586,0.1287283698425804,0.3563715089576556,0.2630078492746071,0.19910222295014843,0.37452857191891537,0.40289214699105586,0.0989852458259433,0.11672537109696901,159,False,0.44051056565939634,0.3965026344518331,0.44051056565939634,-0.06989915154459507
249,0.4915139458887391,0.41679636835735884,0.12890317270992507,0.35192036449219527,0.27309865556097673,0.19394098416267241,0.3932185703730036,0.39312257732715394,0.10905681511969384,0.10476298306277376,159,False,0.43988121572373456,0.3867509628259653,0.43988121572373456,-0.10839228017226582
250,0.4810476005553425,0.4004315715908654,0.11960762867252152,0.35876439125101534,0.28423882719018884,0.17199020105809157,0.41442075260084044,0.3945064182403923,0.12498207706223345,0.10889056551641584,193,False,0.43804738013351807,0.37215703503892666,0.43804738013351807,-0.14687594799373777
251,0.4716797342638771,0.40351116865502173,0.11698718520140444,0.3666358293471382,0.2901962595012452,0.16932481512737255,0.4147871039239737,0.39784473470590176,0.12747641446126293,0.08441184388357947,193,False,0.4494669867154855,0.38726789038029763,0.4494669867154855,-0.24646048418252073
252,0.4931759115687714,0.3925565782480008,0.12269531684604436,0.3614569949981475,0.2895535533127447,0.13835983599546187,0.41333790484411137,0.3938047089176355,0.1297319242400102,0.1059533111663998,193,False,0.4510325337226048,0.38722260040237155,0.4510325337226048,-0.09962101891049062
253,0.4663847850339135,0.4118061792132918,0.12236310632830175,0.37305465893105844,0.2929522300573847,0.149473374031653,0.4065121576380027,0.39640976009838436,0.12616182301811515,0.11083978651243571,193,False,0.4401518506634076,0.3555449985214778,0.4401518506634076,-0.21526894930430435
254,0.46062935613022,0.4128199460453046,0.11059609195246226,0.3794885725433621,0.2906934187173145,0.14639892521812836,0.3976888120375334,0.40711170395177354,0.12970628827070343,0.12042364904854728,225,False,0.4404399251039305,0.3500332641777577,0.4404399251039305,-0.2305977872371788
255,0.47595662837561836,0.4044873229379685,0.11036321263835198,0.36482366373763864,0.28486958496451803,0.1709672098570796,0.39878414434408194,0.4041753155522255,0.13895277516403343,0.11182186131985412,193,False,0.43345971265476996,0.3655934157372664,0.43345971265476996,-0.17772105673731983
256,0.4641844404382629,0.40540107871673703,0.09834287733115721,0.37826186377596843,0.2724566851427205,0.15652159787256176,0.3863097111837268,0.4226781741895669,0.14773964582626342,0.13776327813242942,225,False,0.43019538280880215,0.3658415631071057,0.43019538280880215,-0.1762800006328829
257,0.4861651617043217,0.3909299773403024,0.11491635760834504,0.3692636708696763,0.2864536842516841,0.15614143480481685,0.40119701734365815,0.4084809144692354,0.12484996537358042,0.10684887244364598,193,False,0.44778092779608,0.37931628926067573,0.44778092779608,-0.14305303745733286
258,0.46963008717925847,0.39719884416377227,0.11554681813685283,0.3731426116745641,0.28559252477362057,0.16347576992542381,0.40999416261853205,0.40732171509591675,0.13520510056284105,0.09230467937575323,193,False,0.4448296519769308,0.3773254078035052,0.4448296519769308,-0.2284600656523867
259,0.485284548558117,0.40723073704155827,0.15164064069197689,0.3549245007966844,0.25191512744810207,0.21146691530559386,0.3919515859549048,0.40571290509513347,0.09535973866236645,0.11913762632760183,190,False,0.4265301191912805,0.3899248098957505,0.4265301191912805,-0.11851359665814772
260,0.46710427041590535,0.4230311397963879,0.08915679248131847,0.3614796284093839,0.27704089474302246,0.1580228576723523,0.4028237990198349,0.4066739097207074,0.1510793353156096,0.10974184047388084,225,False,0.44713964447409876,0.3779474779345869,0.44713964447409876,-0.2071130405107476
261,0.4694924268224686,0.408197269075397,0.11016028724085263,0.36764768451732294,0.2828550979056821,0.1605152785605668,0.4095150123405387,0.406847532857127,0.13108953404752596,0.09730187324091602,193,False,0.448927095676316,0.3721905535815526,0.448927095676316,-0.21107817523034808
262,0.4973301709139833,0.38846463204598175,0.1102657286500221,0.3501315577356356,0.2830879261365438,0.17531930925643038,0.40742124754072134,0.40154368168990373,0.12744022334882224,0.1125222031804632,193,False,0.4418950838298918,0.3870644422639612,0.4418950838298918,-0.0711649226851505
263,0.45139523535693404,0.415743574360742,0.09498152765353342,0.3727498019989636,0.2698952384626903,0.14808166943289522,0.4046753706877876,0.4297781062179668,0.12921517750119219,0.12448356317207596,225,False,0.45077078259944037,0.35641370770340064,0.45077078259944037,-0.20190627320944546
264,0.48043307214703795,0.40274780717827185,0.12097101749232389,0.3609342147653492,0.28614638457813224,0.16200736019012207,0.40319310179243295,0.4066963914035034,0.12962815635012728,0.09578383654755733,193,False,0.4454483917853067,0.3846492355994806,0.4454483917853067,-0.17072445629508629
265,0.46393624156753765,0.42419103906145716,0.12401192288029583,0.3737128980301028,0.2603806864800688,0.17950674081980528,0.3922410223676798,0.4100435800423254,0.1277763246572142,0.10699776059883725,193,False,0.4352096401449153,0.3569384809687004,0.4352096401449153,-0.15988550898972387
266,0.47872831742367544,0.39880154422141206,0.1243182899542483,0.3699057080270539,0.2892838296660525,0.16891058179567428,0.3961569996645511,0.40628101243015735,0.11416286156641098,0.11062345691956078,193,False,0.4392782513390792,0.3681048605041147,0.4392782513390792,-0.18497922705679073
267,0.47246677183779995,0.39381783270347265,0.12470300286783266,0.3616535958620371,0.277064805055538,0.17489084496424176,0.42069856725343824,0.40666352712542314,0.11940481513358388,0.10661505201739131,193,False,0.4386974904550546,0.36585171982040865,0.4386974904550546,-0.16658964172717716
268,0.4799039199062147,0.4306279595970576,0.13378996205405758,0.3615009227079251,0.2640041710935704,0.20684050779724514,0.39474959559210193,0.38016546559575765,0.0978035627598622,0.11519269788446569,159,False,0.4339139466956333,0.38210035714635254,0.4339139466956333,-0.15104595736245685
269,0.4603799811367664,0.399108130331085,0.10428629258220022,0.3841952832419117,0.28806027352548125,0.14184504941714532,0.40525039218383085,0.4092694735868778,0.14175787403314752,0.12392703632746667,225,False,0.4386247007627956,0.3560936885545662,0.4386247007627956,-0.23365158314181544
270,0.46253954261060765,0.4160035058316138,0.10602712766738431,0.37399589574097125,0.2763124012460431,0.1532251648611528,0.39472886936789703,0.41080542501811707,0.13476572744686513,0.13900827228892024,225,False,0.4318442554172786,0.35651241494322333,0.4318442554172786,-0.17963959499247767
271,0.4608118824022596,0.42403513600495196,0.11937327268461884,0.3716103919753967,0.265080830394467,0.1560688011327658,0.40308325697686787,0.4108252338251268,0.13387071802393347,0.108176612713522,225,False,0.44231748570831836,0.3526352696887376,0.44231748570831836,-0.1601906306287976
272,0.45320078068222025,0.4140757710897363,0.09129885036904259,0.380988230773346,0.27175657584478735,0.17953806027065025,0.4053765236581012,0.4077416193988832,0.13249669287252025,0.12425182804697907,225,False,0.43671351077510745,0.36190193031317763,0.43671351077510745,-0.2587502328320487
273,0.46822449593197135,0.4106203552277693,0.10801870184524434,0.36210303159652035,0.28043375101402696,0.21437475459535366,0.40231909974236696,0.3910279925594329,0.10613584999567649,0.13690181916125438,230,False,0.42240616552112437,0.36208864593629486,0.42240616552112437,-0.2669636689002917
274,0.4729261394772821,0.4031621125992427,0.1277322460197196,0.37353202562167415,0.29073179868044463,0.16352906561606298,0.3921435233865324,0.404719634326138,0.13126576283910693,0.10902988958679287,193,False,0.43084701824862276,0.36389624989048924,0.43084701824862276,-0.19308744893890847
275,0.4713782065157913,0.4250424580885562,0.13911757372984612,0.35404642040139844,0.2660264625716371,0.20805941734881292,0.4100683802131914,0.37898255239323286,0.08533587575942785,0.13897505181785744,230,False,0.42474103111623435,0.38604233075636346,0.42474103111623435,-0.1941260474894196
276,0.47009160964117624,0.40331217482054316,0.09743250622552119,0.3737521909317712,0.2708191224111912,0.16296048449345532,0.403485750406444,0.41521085975208755,0.1354037821054182,0.11719754722401877,225,False,0.4446492506859924,0.37265910341565506,0.4446492506859924,-0.1797740571148065
277,0.4702873392444531,0.42177992026489824,0.10852993665365157,0.3608425174512458,0.26981116628280283,0.193757589122134,0.41245425667615265,0.3832108845765318,0.0929124248914509,0.15166926009045947,230,False,0.43342062459920305,0.3773749143530022,0.43342062459920305,-0.206022525550963
278,0.45412548189686897,0.41447122891392235,0.12309607265782013,0.36477645566433653,0.2741582210480103,0.18831786353317667,0.4070959877411294,0.4060695035586829,0.10602088451294461,0.14588619051016088,230,False,0.4195079629303559,0.34810459738392435,0.4195079629303559,-0.2272275466526005
279,0.479121850857287,0.41318182885946897,0.13592787195371456,0.3493656414700254,0.27297035038806505,0.20047385715650543,0.3947672990358337,0.3978551456242613,0.08979328074261632,0.14931490337318168,230,False,0.42044605168257837,0.38932857011467065,0.42044605168257837,-0.16568583344552337
280,0.46976606433539053,0.4127459785216443,0.1265890437824127,0.3678031285089232,0.2644762167115087,0.17717558069118503,0.4038579633088152,0.39997016327733864,0.10515230718844619,0.14894101288752176,230,False,0.42515399345466365,0.36461375714694433,0.42515399345466365,-0.14568886329337505
281,0.4796580129372115,0.4211678525880547,0.10480174828635852,0.3630409799798811,0.2950503586046747,0.14263343957683758,0.39194347673489993,0.39554889880093813,0.1303045091453573,0.12372054551814729,239,False,0.4459248551665737,0.374856264650853,0.4459248551665737,-0.16261006437952605
282,0.46242583071357596,0.42830507837688997,0.08763446626524365,0.3665248234705724,0.27639258181456017,0.15693629793129787,0.4020717360080317,0.4096648010941486,0.13357584741002887,0.11111060693682359,225,False,0.45520867904700446,0.3747913644483323,0.45520867904700446,-0.21535374415497008
283,0.4784331177423585,0.4232366834715067,0.12743989353688595,0.3596000468171804,0.2744901031536396,0.20497653767885446,0.4038793918744373,0.3746739812342966,0.07776093704898558,0.1396897455867423,230,False,0.4342041422564142,0.40067218069337296,0.4342041422564142,-0.21978026548785243
284,0.4797404909350264,0.4174088055317808,0.14197029141408052,0.35673577187849786,0.2514435995768503,0.21416706979003758,0.3837594226863241,0.40315763218872064,0.11508125955105968,0.1267299928863575,190,False,0.4148259915517867,0.3646592313839667,0.4148259915517867,-0.08346427930220371
285,0.4816649618617794,0.4442194827320006,0.12847245458831008,0.34755751569500565,0.2671277240499808,0.19963704013866232,0.39129018460591863,0.37515106900076495,0.1006923932166349,0.13479264604377472,230,False,0.42949934690280905,0.3809725686451445,0.42949934690280905,-0.07007646196092446
286,0.46219555165805415,0.4403081118944484,0.12997689628452408,0.3601919567474076,0.28167346175696567,0.18318703761488503,0.38947126729207604,0.3876227663450231,0.07824247160817,0.15783918444885361,230,False,0.4294233322191128,0.38395308004988415,0.4294233322191128,-0.24463393103484055
287,0.47074865751752837,0.43279624925954974,0.139798059467173,0.33974405832682303,0.26596478909002963,0.19286869005673102,0.4170776724814019,0.3885943804503631,0.07524921128424351,0.1324996740910495,230,False,0.4405944951384925,0.39549944623328487,0.4405944951384925,-0.17497592998397546
288,0.47596148073414696,0.42326161692093334,0.12399454030707587,0.3643851167983313,0.25834878530903016,0.1879164000695344,0.4024974036231342,0.38157832756600385,0.1037659481550657,0.16040228444458457,230,False,0.4209422554469046,0.3721955325790813,0.4209422554469046,-0.10743835171538602
289,0.48210185603219047,0.41556728692868034,0.146790646727626,0.3466498783690629,0.2725621831905796,0.19479761276481722,0.4066235803935683,0.3812296158121563,0.11357207516393772,0.13173599469831035,230,False,0.413729559207146,0.3685297808682527,0.413729559207146,-0.07086505661722643
290,0.4767144489357783,0.4222089298483013,0.13309134890588056,0.3717022719971951,0.2618830395972331,0.1891750624378169,0.3961376354976047,0.39765204049764885,0.08568286191867128,0.10882744367831479,159,False,0.44931218052783223,0.39103158701710705,0.44931218052783223,-0.19222135421731157
291,0.48306920679918547,0.4105171984853806,0.135428333759988,0.3725601785198272,0.25978705513241507,0.1984108927380262,0.396355000226472,0.3838100802379811,0.10956354307194531,0.13307900190347433,230,False,0.4205900878693528,0.37350566372724014,0.4205900878693528,-0.09738450294955406
292,0.4763313745843802,0.4146411412562898,0.10906952466841677,0.36019562663352767,0.27369700404087205,0.2047979678579535,0.39434337835186917,0.4030680158989089,0.08578886405120384,0.13176335818952725,230,False,0.4417737163349584,0.39054251053317635,0.4417737163349584,-0.2396208915946382
293,0.48073673578969217,0.43071125126661475,0.11898858142360741,0.3679621984456277,0.2706034313929352,0.20659488170735654,0.3859852395654573,0.3745084221581021,0.08712170830206008,0.14521201459915573,230,False,0.43110216783378325,0.3936150274876321,0.43110216783378325,-0.18138951012230986
294,0.4762466611921239,0.43221828988393285,0.12743476251295233,0.36972656724121544,0.2743651780379549,0.19689034052662135,0.3793516791088706,0.3777095508042555,0.09302492335105976,0.15547096090275894,230,False,0.42069652169792837,0.3832217378410641,0.42069652169792837,-0.16501084278080375
295,0.48115523800827353,0.43577624154198313,0.12534431131494034,0.3314047015632227,0.2735906709239936,0.1837593338849473,0.4109634766032654,0.3826886222809748,0.10240122190279424,0.136387362569633,230,False,0.43472038256137263,0.3787540161054793,0.43472038256137263,-0.05894975521805396
296,0.45801298358084874,0.4031343616953599,0.11898423794779006,0.3845993034142366,0.2859224061717285,0.1640215132610911,0.3977747271366601,0.40456778233085405,0.13085732910657322,0.1339954343698575,239,False,0.42112388429610226,0.3390287456330587,0.42112388429610226,-0.2210783003629456
297,0.4671917001014288,0.4328478792400467,0.11958877013855128,0.3667090435789813,0.26859296625382456,0.20552062309144464,0.40095866757402326,0.372909892259403,0.09900671621504667,0.14691750565403044,230,False,0.4223433411161694,0.3681849838863821,0.4223433411161694,-0.19094065353581552
298,0.478860923063539,0.43525626961283065,0.1277181328126891,0.33477026629095175,0.2677487642154371,0.20475385933468238,0.37617092290086357,0.40811223732843427,0.09065171474308084,0.1515575961582742,230,False,0.4258056339787462,0.38820920832045813,0.4258056339787462,-0.10592103360826437
299,0.4806165903438849,0.4125444961477686,0.1413663259764127,0.3396014093829353,0.26832106369145253,0.18501601177292767,0.41715222496734417,0.37761876039308034,0.11312240542304582,0.1669295449340104,230,False,0.40550138346102443,0.3674941849208391,0.40550138346102443,-0.020379981566612818
300,0.4741457361182345,0.42476651101143575,0.11304375745558051,0.359111684791323,0.2710549341489914,0.20481146958940763,0.40531552062775855,0.3854274736614621,0.08668934036994143,0.13134143649381982,230,False,0.44033142446532064,0.3874563957482931,0.44033142446532064,-0.22179873475222972
301,0.4630533153783975,0.4089926627076418,0.11500413379600873,0.35866112534525807,0.26482747387548755,0.17569276105220025,0.4144467459198061,0.4121138866222084,0.13688714948917902,0.12287915076700809,239,False,0.4280590446393107,0.3480491815823888,0.4280590446393107,-0.14089045661354088
302,0.4839615954598836,0.3849151490031297,0.1466205129798328,0.3505115418550582,0.26509943017998583,0.20551046221243233,0.4115391512298675,0.3949819707579239,0.12584800587610778,0.13978690076475653,289,False,0.4004114592448045,0.3581135895837758,0.4004114592448045,-0.028434295757757435
303,0.45757883325891097,0.411974433625363,0.1174113324247321,0.3578269140738424,0.28111011918740164,0.17219410973235413,0.4203311909929089,0.40143431614396285,0.12476843932215673,0.13040115677656772,239,False,0.4262286205452521,0.34016750083417885,0.4262286205452521,-0.18814074127142863
304,0.47214470429644123,0.4050112521238047,0.10866506541594861,0.3642539360886007,0.2880237737696152,0.15682867214420412,0.40313508979820906,0.40453375957277843,0.1493450822983514,0.11195487452380368,239,False,0.43441109423579094,0.3634796388804926,0.43441109423579094,-0.1907773690594708
305,0.45481786075567626,0.41304333125240394,0.09850647087670322,0.35953144470621107,0.293844827133255,0.16885872950870526,0.4236794531077565,0.3895327661909137,0.1340897848085496,0.13961145093482352,239,False,0.4258684338061699,0.35631138987897304,0.4258684338061699,-0.24296673316001127
306,0.4579950003631277,0.40594894679393023,0.10505392953852465,0.38202046616804514,0.27885332210269637,0.17089326001180002,0.4014792823469777,0.40582508956772895,0.1491091524400487,0.11572911981641362,225,False,0.42780102252111263,0.352941070824603,0.42780102252111263,-0.23987413254261994
307,0.4566217442081669,0.41377177353307437,0.11529845116534909,0.3642734283139424,0.2705263926761274,0.15481400262405903,0.3907885338628196,0.43535833966055365,0.1356644684053265,0.12841855039548522,225,False,0.433216001412612,0.34132329304281783,0.433216001412612,-0.14019160628764363
308,0.44794300968595974,0.41264760910215,0.11133354040223448,0.3662988692974204,0.2750720066608173,0.1796242341386268,0.4220329602225596,0.401830747947103,0.1297373350440735,0.1347515193091299,239,False,0.4215728770674358,0.33660946928372526,0.4215728770674358,-0.21570777562663626
309,0.4581036748672044,0.40746610952520884,0.10508038618879106,0.352343374020191,0.30063411626905295,0.13387089239136885,0.402727548906476,0.4268791629538107,0.14421909391212956,0.12412863782503923,225,False,0.44051442164157856,0.3530232886784133,0.44051442164157856,-0.2226608086523613
310,0.474483326347973,0.4104618498300222,0.1027844182411316,0.36596448288885053,0.26067863129237256,0.16213280338298508,0.41143273488972587,0.40399641654368995,0.13319859632916178,0.13198387308408568,225,False,0.4393181804495152,0.3716989081068414,0.4393181804495152,-0.1132414933279075
311,0.4499972933942144,0.40936989900686566,0.10965886458178893,0.36510062860774584,0.2962390250293827,0.185676662942767,0.3967511003038784,0.41591478057477305,0.12393919890370894,0.12885781972444457,239,False,0.42139773310133366,0.3403384288124255,0.42139773310133366,-0.28911508097493727
312,0.45949161296263463,0.42308209091913845,0.11692178517733293,0.36303675628109644,0.2849521769789354,0.1919554452179344,0.4034951691004512,0.39495532701074215,0.09280562062566262,0.13764821301129715,230,False,0.4311610425934444,0.366685992336972,0.4311610425934444,-0.27204799969645793
313,0.4582862701354029,0.4186145906036433,0.09197037792934398,0.3687620469128729,0.27824854007810684,0.1491925123970024,0.40131559488740737,0.41475519222214624,0.14824619311150752,0.12473113372867833,225,False,0.4414685335640754,0.3663158922060589,0.4414685335640754,-0.21919378959100777
314,0.4676474749248336,0.4200591477156825,0.13729228794233905,0.34388134014027616,0.2916132574851267,0.19007518061008247,0.39638033697434166,0.3979279533693109,0.097514666412581,0.14701224162805837,230,False,0.4154281252624668,0.3701328085122526,0.4154281252624668,-0.20482129650577252
315,0.4584147741469153,0.39352311516833116,0.11454343492842183,0.3778777194293364,0.2972356248542636,0.15156778083779207,0.40165942930781506,0.4221144488172466,0.13351455100697754,0.10210207682690509,239,False,0.4425913498774261,0.3563126973200102,0.4425913498774261,-0.2613490855182211
316,0.46423611244928104,0.41846430312158767,0.12828763195396764,0.3682981096587702,0.2766876482983233,0.17996511736482076,0.38682082620029357,0.4051363635419699,0.15087027463319347,0.10862818334662441,239,False,0.41695483050294835,0.3556079291026566,0.41695483050294835,-0.18086293839305373
317,0.4580485840054305,0.3948840132501011,0.11034345805449994,0.37562685382160677,0.29211553467365375,0.16842285618397482,0.4042869683465584,0.41316798929666726,0.1354920756664427,0.1215537408606757,239,False,0.4270356383879653,0.3477051259509306,0.4270356383879653,-0.24864267758424974
318,0.4662404334454226,0.4028978434331005,0.12122623955302012,0.37049704537905925,0.27694283517570223,0.1828572332969803,0.40228389216526633,0.3983974044545202,0.14773736544521512,0.12576196381335905,239,False,0.4112675536991943,0.3450141938924025,0.4112675536991943,-0.17107660053930535
319,0.4664550474279583,0.40253983282973593,0.1229182808924329,0.3636968648417441,0.26385011878963627,0.1608239475337485,0.4198559353111274,0.4137600010558099,0.13117027361657557,0.1132865640098095,225,False,0.4384248936553415,0.35316848341814877,0.4384248936553415,-0.1279710725496732
320,0.4514758873284792,0.4126763940144151,0.1004107016937154,0.37268042518802735,0.26828011819238523,0.16116152174331494,0.4059272532058514,0.4216041866390602,0.13212584436320385,0.1377068876556531,225,False,0.4342996969593919,0.3510651856347638,0.4342996969593919,-0.19847975575177665
321,0.46410142547504696,0.41386745701951955,0.10525326624045384,0.37630344339767124,0.28073409362326224,0.17165996944278739,0.40397781985621417,0.3980037780922827,0.12550060387086892,0.12250224083648585,239,False,0.4358588316898216,0.3588481592345931,0.4358588316898216,-0.21848353906361379
322,0.4615793741272002,0.4148116457818496,0.09231861633541244,0.38337182658255636,0.2687195939108106,0.15162085520004237,0.4018199169725303,0.408974066320941,0.13527401109286033,0.13100343890728158,225,False,0.44477204309084295,0.36926075779178774,0.44477204309084295,-0.20077965261352268
323,0.4649928063030869,0.4156432633627726,0.09076580919418364,0.3681585336535907,0.2747965113514766,0.1498345751876373,0.4021114212650691,0.4231097452236675,0.12673778336813288,0.11181140266612793,225,False,0.45982592640120096,0.3742269971089033,0.45982592640120096,-0.19901599820945073
324,0.4688543374183878,0.40176801049314514,0.10945804552357002,0.3622142642045709,0.27255082077903936,0.18299100213518732,0.41706538967136403,0.39982146798481044,0.14032007979217317,0.11965664218646754,239,False,0.42647396637556395,0.35939629189481775,0.42647396637556395,-0.1671172343998136
325,0.4593158989365836,0.4233957669031616,0.1062699958842692,0.3571151953143093,0.27412698413074627,0.17989032145614872,0.41045325927548293,0.40331360621418394,0.13016599258817257,0.12392455360785634,239,False,0.431434250044815,0.35304590305231437,0.431434250044815,-0.18892905023415005
326,0.4737539208523593,0.42665991599005726,0.1190779381093231,0.36690957532439983,0.27739344202012833,0.17766643198920282,0.3940884825512446,0.3881028334232093,0.09366310525220528,0.1466340524829564,230,False,0.43437215614819547,0.380090815600154,0.43437215614819547,-0.18200367703978132
327,0.46647941998191056,0.39408874884369527,0.10637257841565195,0.3645896626869665,0.2946170982497337,0.16351524222684571,0.4012115796990961,0.4124939951163235,0.1285895206781683,0.1471614747468,239,False,0.42318442583926674,0.3601068415662586,0.42318442583926674,-0.21255653061318747
328,0.49419316770525934,0.4190524308833335,0.1402063806410703,0.3672094179940252,0.23935522843728993,0.2190007074689426,0.39314362288650156,0.3807116564386239,0.07964869535951957,0.12069864886993728,190,False,0.4421145262101225,0.41454447234573977,0.4421145262101225,-0.11376387807322282
329,0.45358178193996407,0.4072193392996194,0.10070991250041897,0.39028461336616843,0.27934996972714554,0.15802561017389305,0.4050027770047552,0.4059043685198752,0.1378614118931211,0.12317279397128011,225,False,0.4364327233631355,0.35287186943954507,0.4364327233631355,-0.24536306553288828
330,0.463223548427809,0.41228593496040256,0.12627191347941785,0.35590886324056054,0.283459242454604,0.17846439458640517,0.4148919593292608,0.3937803806560277,0.1093937558226603,0.1465077976154762,230,False,0.41937987127228565,0.3538297926051487,0.41937987127228565,-0.1874323726699155
331,0.4572083573971911,0.4202687620629471,0.10127544406557801,0.3615788233492497,0.2751500420011264,0.16580198231037166,0.41630935492328325,0.4039451752185148,0.13650014639685945,0.12257001263906879,225,False,0.43679810203837155,0.35593291333161314,0.43679810203837155,-0.1964185302579922
332,0.4850306274238986,0.4009313973718989,0.15482068236561997,0.3585801425423131,0.25673201171554677,0.22203530466609453,0.380991403139822,0.40814739667621136,0.10996480211674915,0.11139181301200803,284,False,0.416020157328323,0.37506582530714944,0.416020157328323,-0.12692218938913544
333,0.4835306476546835,0.3905921709843972,0.14208795685146913,0.34564781032720443,0.2689115570262407,0.21024802663042264,0.42416650927501326,0.3771606928011082,0.13396498040618282,0.13169199867063688,302,False,0.40102097972399636,0.3518386489840466,0.40102097972399636,-0.02310595959866321
334,0.49708269406465294,0.4122312259052593,0.14512647609676127,0.3487015611877159,0.25416393413484417,0.22172344944805278,0.378593780342155,0.4044634733988911,0.09325636265973611,0.10458701810851573,259,False,0.4372887671357661,0.40382633140491686,0.4372887671357661,-0.10142159714973639
335,0.4930740958551791,0.40732808791673686,0.14096076472538657,0.3611187927997388,0.2674073710841527,0.1929303364134781,0.3991557431822101,0.37841934647638986,0.10727312353798726,0.1338738067370689,289,False,0.4213705700666878,0.3858009723171918,0.4213705700666878,-0.04628104830112121
336,0.49661401976728775,0.4173240318500008,0.1314694336573354,0.3572571642078108,0.2737916204037306,0.21048101268259586,0.37099408302454684,0.38764329218440424,0.10827159780550603,0.12412693437651531,190,False,0.42404001575955236,0.3883424219617817,0.42404001575955236,-0.06697410801033171
337,0.48938403619407733,0.41406733938818885,0.1287755228871217,0.3400134951886718,0.27671378480492986,0.18680011863611934,0.3933770753199862,0.3966457153144213,0.103689104315393,0.1502318578839089,289,False,0.42275174480231353,0.3856949318786843,0.42275174480231353,-0.06224500869101475
338,0.4683729351310622,0.4286398373011863,0.14051283374250714,0.34935915610332,0.27680463865967486,0.21043943990405073,0.4098241971548656,0.36993179990241715,0.11194487643329692,0.1298321098672084,289,False,0.4106368960361992,0.3564280586977653,0.4106368960361992,-0.15077096260691455
339,0.48609462987452423,0.40126817913761625,0.15007399657366025,0.35480552020421824,0.27826300818586563,0.1795000565015449,0.4137447599168891,0.3764203716798619,0.13142637121646703,0.12035868049140128,289,False,0.41348119541996103,0.3657359493831229,0.41348119541996103,-0.04726239756181995
340,0.4741996838499648,0.41238298861722494,0.1587215930445535,0.3703799822964659,0.25633410894785014,0.2010305776324407,0.38704715563742464,0.40377607096971363,0.08644873179409106,0.1275405315744765,259,False,0.4241233567425212,0.38775095205587373,0.4241233567425212,-0.1894061736537942
341,0.49113313056612085,0.4272784523053052,0.1299395595336442,0.34934351247380163,0.25667541529509935,0.2206585066473897,0.3825387370774305,0.3873041711511356,0.09726513320792346,0.13008779938944223,190,False,0.42830570602872775,0.3938679973581974,0.42830570602872775,-0.08268097717565136
342,0.4867157816758164,0.40083349402428675,0.16849515363853282,0.356935029942272,0.2610172234467894,0.1949317657022966,0.40040732182775024,0.3807050198665915,0.13818346282001234,0.12712842482666253,302,False,0.39518232641976025,0.3595873568491539,0.39518232641976025,0.011452620204500882
343,0.48136967311783013,0.3875134117600171,0.1362248155174288,0.35694588682886097,0.2596058270001819,0.20394186308789894,0.40998912578384766,0.3983281674507223,0.12950843489801517,0.140116776776179,302,False,0.404521378843258,0.35186123821981496,0.404521378843258,-0.0443383275259724
344,0.49228842733206857,0.41810435375974114,0.14567844694535267,0.35154133535682497,0.24331056338787985,0.20760986178554117,0.39707895698092344,0.39424015057926903,0.08226434816170089,0.12598028005274114,259,False,0.4386124891091762,0.41002407917036765,0.4386124891091762,-0.08459561394011178
345,0.4864088076514163,0.4291317337119109,0.1481845419661368,0.3456752604267754,0.26243899405362353,0.2045845916210827,0.3911975252394969,0.37316527576349867,0.12231166311719756,0.14080245864121668,289,False,0.4042423054971349,0.36409714453421876,0.4042423054971349,0.020430872858961027
346,0.44944295782115196,0.41398150300057107,0.13425884810682484,0.3671248354794559,0.27884784961182246,0.18348452378304445,0.40337638400510534,0.3993908891160021,0.1552363541797635,0.12675823790040439,239,False,0.39793369941107576,0.32268471992074754,0.39793369941107576,-0.19877274806193876
347,0.472261388351729,0.4077614432200895,0.1345746629995821,0.3561577986724085,0.2656776565136271,0.23320525732871175,0.38581886422338135,0.4074075885331523,0.10088113013042316,0.1255293519492845,284,False,0.4155261158143989,0.3713802582213058,0.4155261158143989,-0.23221881989911491
348,0.48728787980255917,0.37573814011968487,0.149034107644118,0.3535836466191805,0.26362469940044403,0.20261667824634816,0.41268700279818826,0.39485270474797746,0.10858845336276268,0.15992697862621513,302,False,0.4010699139813646,0.3786994264397965,0.4010699139813646,-0.028424613248104705
349,0.48135606486274346,0.42258511596185383,0.14684537871531048,0.3548218772117819,0.24225759223154067,0.2182588086598165,0.3838168811651766,0.397149252861114,0.11351926572088082,0.1341671689814128,284,False,0.41131741433370633,0.3678367991418626,0.41131741433370633,-0.044434790246965485
350,0.4834607191310372,0.3731752363046933,0.15335186710039583,0.36439338578284575,0.2610204265474565,0.20227849799759443,0.41106904270930705,0.3985587668305049,0.11534766618328676,0.14327056539381916,302,False,0.40265483429893145,0.36811305294775043,0.40265483429893145,-0.04475640438181221
351,0.4511252669087311,0.4203898791252864,0.11007968958854214,0.3805966623772424,0.2655700543892759,0.16030254242322606,0.4067751795365199,0.4118257986637267,0.12922381631234744,0.12164414035604781,225,False,0.43901870963472117,0.341045577320189,0.43901870963472117,-0.19407161834613282
352,0.4688864722600928,0.4233128711264093,0.13951008182079477,0.3606317970714051,0.25706376405867615,0.20412869897841646,0.38769300920414396,0.4082667550498341,0.09831222779910644,0.13049950936099464,284,False,0.4237923569054412,0.37057424446098636,0.4237923569054412,-0.15988614251236402
353,0.46658989762163755,0.39803657865016573,0.11248662494687398,0.37723771893651536,0.2757511937203657,0.1611438242895034,0.400602285297712,0.41389276209336484,0.15016943601756186,0.11203968116621207,274,False,0.4314500610396834,0.3545502164554255,0.4314500610396834,-0.18620524944365233
354,0.4670195865193935,0.42987126835536577,0.12625862238327298,0.3631495515118047,0.24912314242589015,0.21718727733115917,0.38594904432630567,0.406922158918432,0.10711653405994556,0.1184721415757444,284,False,0.42915768783634706,0.359903052459448,0.42915768783634706,-0.169363528689466
355,0.4925500452201935,0.38175518085467186,0.12928479165422688,0.3600611421278551,0.2573509517617383,0.19356871280428517,0.3948396522771249,0.4126096212948292,0.13837311327682714,0.12770404613019964,302,False,0.4164215562442081,0.3648459990899939,0.4164215562442081,0.009471428297138079
356,0.49492521386695215,0.37446737695879506,0.1434061528769004,0.344934577944159,0.27003080637121213,0.2017396752232135,0.41220337636242643,0.3951302069466602,0.1280671698653421,0.13864267617012926,302,False,0.4045188379174036,0.36685804400161004,0.4045188379174036,0.03827247227325177
357,0.4745469532389619,0.3903555822561168,0.13017477569938538,0.37696868500882064,0.2754536501948876,0.18700196575168995,0.4028058439209819,0.39147434406511256,0.11792451498244567,0.15205754527417792,302,False,0.40824105677334643,0.35662243825651624,0.40824105677334643,-0.14129074557321442
358,0.4619410191606132,0.41183210076466986,0.09983626987151036,0.3650682763647361,0.2892171089490006,0.1854110788705455,0.40460492615400073,0.3965232528435675,0.13736136722278205,0.12623352411716338,239,False,0.4239984498341694,0.36210474928910286,0.4239984498341694,-0.25347373753178576
359,0.4731610203580681,0.37228626791125563,0.13835186506850136,0.3434165717092372,0.2715161778211388,0.2112189333879043,0.4262926281756423,0.4162869958123411,0.11359715451341523,0.11910646234748566,302,False,0.4185901894727972,0.3595638658446529,0.4185901894727972,-0.12689760385099483
360,0.47631905134803215,0.4019221041111757,0.08522783794398105,0.3601084936400725,0.2872515177800365,0.15659091467195144,0.40285347594351545,0.4177334150125669,0.13701896165322228,0.10971051919635585,225,False,0.4551432199979626,0.3910912134040511,0.4551432199979626,-0.2074795133721926
361,0.4886353298331557,0.3815762384049689,0.14618328431362532,0.3427662013328562,0.2691801259303089,0.22254277162164499,0.3992854774000532,0.396469137807978,0.1287495928256389,0.14697113522125738,302,False,0.3895352326585334,0.3598857370075168,0.3895352326585334,-0.008356657796100418
362,0.4550719618155616,0.41016848385078836,0.1273392577756663,0.3647384482698482,0.2925069939466904,0.1946028203979513,0.3854311246451585,0.4169843538826784,0.12774934740458105,0.115057828949959,316,False,0.41524026676450454,0.34001413286560256,0.41524026676450454,-0.2639666369703955
363,0.4707826432841426,0.40186625569428785,0.11111489101295124,0.36394171975216766,0.283264212153509,0.1710376997726688,0.4115961483959767,0.39227295374452087,0.15460415426183874,0.12402704614848244,239,False,0.4191385601717495,0.35966775227119135,0.4191385601717495,-0.1689585363054707
364,0.47388456317083477,0.3877517608999012,0.14896298631711996,0.3541221519375902,0.24661488849001129,0.22412131996261328,0.4082823794696674,0.40551064245872653,0.12076631443452157,0.14395266027574313,302,False,0.39628747603723086,0.3531182487363132,0.39628747603723086,-0.07395610856713493
365,0.48628439713339955,0.3910114793484515,0.13897805962184512,0.33834116637074557,0.26335440250003017,0.21700769096211608,0.4048464573771844,0.3984710225231286,0.13896252909015333,0.13568193917946103,302,False,0.3971089571293921,0.3506024579539385,0.3971089571293921,-0.004052089862760555
366,0.4723178785889645,0.4004702540610369,0.0975462403968419,0.3768023502401115,0.27870336679152824,0.15989811235616838,0.3995257180140646,0.4034392054688397,0.1554879711864877,0.12345299903933861,225,False,0.43167421453036503,0.3747716381921226,0.43167421453036503,-0.19151396875667026
367,0.4761872489449116,0.3918882890078732,0.1586769641282455,0.35685942518924085,0.27397737090035157,0.1997744095851272,0.4013922129844318,0.3955527538713679,0.12797653159540895,0.13495609552702095,302,False,0.39366813490708485,0.34821071734950265,0.39366813490708485,-0.09034813925348316
368,0.4853504875983821,0.37670199294813084,0.12611571800054924,0.34665258503944424,0.28902063451443766,0.18638629740835333,0.4192701079853141,0.39321357057968953,0.13208978425937226,0.14259206841595284,302,False,0.4093013713832214,0.35923476959783285,0.4093013713832214,-0.057196954892366494
369,0.44829268154654944,0.4052936032113155,0.09696749098670357,0.3692192970539758,0.29332822615019855,0.17023389084694002,0.4127698390190532,0.4060129315297881,0.13946306606776732,0.1390998563009483,239,False,0.4220159235199057,0.3513251905598459,0.4220159235199057,-0.2865474862835038
370,0.46474328030326406,0.40895878340828556,0.12631811921613445,0.378277563002459,0.2855946469972832,0.18084511362643702,0.3782361095598674,0.41183019132486226,0.14757688558835386,0.09487549333267727,316,False,0.42457438436478745,0.3698677869705868,0.42457438436478745,-0.24294269776541755
371,0.4690548834868916,0.3812874366548886,0.1256954683290308,0.3710288295705046,0.2685490830362552,0.2073540050684014,0.42023818131291135,0.39777524063511543,0.1142860587838085,0.13470262079843212,302,False,0.4149955937281742,0.35476882470308313,0.4149955937281742,-0.17881853230664257
372,0.45726692134127783,0.41447382658895837,0.10258793758460796,0.3706491258998487,0.2905763572745277,0.15539973757495668,0.407935963117834,0.39353747678443496,0.1529058171547788,0.13403718830155284,239,False,0.42299679944702157,0.35467898375666984,0.42299679944702157,-0.23616915357707866
373,0.45801305549114824,0.41628451411948925,0.10660561077979515,0.3527002681812467,0.28990403252535607,0.17005951572245395,0.39996278809818364,0.41642975734883536,0.1420662350782368,0.12098608225205519,239,False,0.4277239247454428,0.3514074447113531,0.4277239247454428,-0.21548763135746002
374,0.461218692630803,0.4161544545006684,0.12145847237822173,0.3510765472662755,0.282298806394442,0.17274284725613342,0.4198498520650511,0.3939787046673683,0.12908289557311517,0.13563799506214375,239,False,0.41989872167999037,0.3397602202525813,0.41989872167999037,-0.15403846241695857
375,0.4726580938575557,0.39935500571719934,0.10317364403295476,0.3657894983231513,0.269169503927651,0.16141177054808745,0.4098648887615855,0.4094159357104272,0.14168929952679182,0.13590685502691072,239,False,0.43109480985927784,0.36948444982460094,0.43109480985927784,-0.13254303717181407
376,0.46207383636124055,0.4035571344424249,0.11495793146921594,0.36583419442760795,0.28051366636358954,0.1818293695806574,0.4023212761056055,0.41268577641180293,0.1367974863012433,0.11808504136345765,239,False,0.4235307186052943,0.3471159048920246,0.4235307186052943,-0.20887183024725312
377,0.4698600014427717,0.4241821411084308,0.11932905985432558,0.37316884452757443,0.28084306854155044,0.1696260124599442,0.3868065067818109,0.39296242939920345,0.14615095993849533,0.11296910288744358,316,False,0.4255846802347682,0.3568908985553281,0.4255846802347682,-0.16595848044699998
378,0.46988398407487214,0.4181503254358318,0.09926092032986535,0.3496070657411887,0.2932586775822353,0.1587189755029851,0.417177201765264,0.39222355830738226,0.12491809543638085,0.13269695939804294,239,False,0.4401964622938878,0.3706230637450068,0.4401964622938878,-0.1842573881040935
379,0.46871356327899466,0.4266171723184397,0.13205135810400656,0.3494262070084194,0.2671939542824546,0.1876421039275824,0.39335417368454434,0.39530596559487857,0.1664165762132163,0.11609561128647329,316,False,0.4050895316470188,0.3526179519925214,0.4050895316470188,-0.09402098725925721
380,0.4739438759407997,0.4048130267820516,0.12236559643947535,0.3807403351848832,0.2765478002457102,0.1679718477520778,0.39191353158445313,0.40560364387899894,0.13060733996261684,0.108189818837364,274,False,0.4352833121092574,0.36575405710343567,0.4352833121092574,-0.17023878345099822
381,0.47613750706890073,0.4216868891371106,0.13532622719111612,0.3570487131014133,0.2616861978296192,0.17598212355674941,0.4129112321678297,0.3795923382014425,0.15458548332279404,0.10837064236738894,316,False,0.42002817088127065,0.36776686470151176,0.42002817088127065,-0.06641415868309385
382,0.46093990742465063,0.4209979111011799,0.10523569484123554,0.35317107918714374,0.28239831109782515,0.1572874383113147,0.4002634689912976,0.41463642584327215,0.15203421968178585,0.12146620677434557,225,False,0.4310976209281947,0.3557042125834151,0.4310976209281947,-0.1813705800025451
383,0.46525611625226004,0.3990405896523261,0.10754243744330763,0.3732155629606912,0.29184067933798363,0.164151260749541,0.3900571393599615,0.40886423999147636,0.14682244328098926,0.1430389273235477,239,False,0.41510409735822423,0.35771367880895244,0.41510409735822423,-0.20927383048450957
384,0.46934380264886233,0.41308527039962295,0.11078115929277432,0.35778113033939873,0.26931576114349015,0.16297349616209264,0.4061857075919106,0.4094294714701771,0.13954898076841216,0.13271236930822197,239,False,0.4290929709257418,0.358562643356088,0.4290929709257418,-0.12099239982372237
385,0.49215965909215975,0.3741085393893546,0.1682519266362215,0.35525528144166924,0.2719399143292383,0.18944235709212004,0.40990826959966853,0.39021555826419324,0.11920068598353437,0.1377140018540795,302,False,0.40086809434823895,0.37295897310862536,0.40086809434823895,0.008944111722624831
386,0.44591035494479925,0.41793243262534335,0.15151164147584062,0.35634090925575956,0.30421492463897715,0.15199763113464806,0.40500114390861736,0.4062758382542122,0.14584420261908956,0.10273899456023591,316,False,0.4166714613899747,0.3431713603845633,0.4166714613899747,-0.2751239360183772
387,0.49836976161572455,0.3855029783590139,0.14981470623175702,0.33906402531709867,0.2488571523474037,0.1847284326953346,0.40626050428881416,0.4061610706932365,0.13596107132121027,0.14509263657694974,302,False,0.4074280845223094,0.3624086902945143,0.4074280845223094,0.14741909143517368
388,0.46249448209621036,0.4208651771260136,0.09568788302148185,0.377539084699185,0.280461513183303,0.15656114892397835,0.41000663779521274,0.39255127205518026,0.12632394228373817,0.1262920778543612,225,False,0.445276648337069,0.3668065990747285,0.445276648337069,-0.21718893671870212
389,0.48420021170389027,0.39469090255292216,0.1435825815158355,0.3403251613426906,0.25796638342795136,0.19829166725195455,0.41008854326699595,0.40268464367618984,0.12763069638100005,0.14439079873580893,302,False,0.40428084024755484,0.3565695153228902,0.40428084024755484,0.016280828919683975
390,0.4996228941509118,0.38901830276129606,0.14040086865790305,0.3425823888455284,0.27424847108547973,0.1894209641884753,0.4046534461465234,0.3861395293389168,0.13833141143335165,0.13744225746723263,302,False,0.40583525232990486,0.36218063668367917,0.40583525232990486,0.07326862564767812
391,0.49063717478383984,0.39007013883988756,0.14909432109151616,0.3470643856256019,0.27540846124425045,0.21635915072250075,0.4054978634787395,0.38446702854525727,0.1186916771146243,0.12427958395220877,302,False,0.40606174117121585,0.37194549766921553,0.40606174117121585,-0.07186948259027165
392,0.4798744359854092,0.4073157021237589,0.12558717184508109,0.38715921936261194,0.2570825062051681,0.18947121866585975,0.3956463269972625,0.3742028855557934,0.1492985589617162,0.13155003834812562,318,False,0.40945986561462194,0.3542872641403281,0.40945986561462194,-0.0565406300393962
393,0.462422982812497,0.4071682405622694,0.12808527255698213,0.3820562866075305,0.2939719631943265,0.17161722520636288,0.39935464840439994,0.38683726509530164,0.1495859942053032,0.10310676020041366,316,False,0.41936565874422865,0.35931622261208335,0.41936565874422865,-0.25418184349621253
394,0.472829577394786,0.3746127040068184,0.150522283130252,0.3301949575503075,0.2635817408129704,0.21994422955270887,0.43874176125552966,0.3964566982653414,0.1376016819596652,0.13399469122414978,302,False,0.392671584439009,0.3388348861706362,0.392671584439009,0.002984714454210792
395,0.46821188414097137,0.4231272284892852,0.1135053008697252,0.36805236491486093,0.28536596553772536,0.18658953567805212,0.37742083024114487,0.3974272401106824,0.16022108790974882,0.10526111822732723,316,False,0.4186291096605038,0.36295076591364417,0.4186291096605038,-0.2157641075000165
396,0.461983811299625,0.43193121089731507,0.12084521319865643,0.3766254243097883,0.2747833040009628,0.18091602669971432,0.3654765890828171,0.4135579355384322,0.14371831313135486,0.10030643918540429,316,False,0.42983878417786053,0.36167737211422074,0.42983878417786053,-0.18281585868061706
397,0.4762025203120993,0.3869081397393322,0.14764920567625892,0.3487437245771886,0.257399899651746,0.2059960349534686,0.403423195175332,0.41000858232823006,0.12907201588154207,0.15461179015123722,302,False,0.39143363555159416,0.34713050443055726,0.39143363555159416,-0.019223789951753716
398,0.461448857514793,0.41493621242360645,0.12423276963098673,0.3771882307100527,0.27841149310163443,0.1871480125627524,0.38056130466935967,0.40332801447738986,0.1603237776066159,0.10698926789278558,316,False,0.41147842364642256,0.3544595896220074,0.41147842364642256,-0.22053165649571027
399,0.4803617722874753,0.40707998090364744,0.11533145245172728,0.35980650283009447,0.281282428269693,0.1796895044202519,0.3957738408658203,0.3981355043806794,0.13611974029200527,0.1252632202902297,239,False,0.42339015088153026,0.365030319835748,0.42339015088153026,-0.1274662437390165
400,0.4875653283748199,0.38471652253039645,0.14560941864466917,0.33526809500399607,0.2668716595498277,0.20550255119726912,0.41360915164098355,0.39711169855849743,0.13565063358414464,0.141574512073296,302,False,0.3966783681448797,0.3519146947906753,0.3966783681448797,0.03745828176781804
401,0.47848317951364483,0.3827857100151111,0.1526738049199188,0.3511041790901927,0.2505173347065936,0.2151569610255148,0.412984490233656,0.4082140999832401,0.11864609038945256,0.13274872360141532,302,False,0.4047006755237492,0.35983708912419227,0.4047006755237492,-0.054901121869820976
402,0.4847120155261291,0.3939533161103093,0.1242121672522147,0.36324584789230885,0.2557639165178138,0.2043045590657828,0.4060400312821616,0.39005998561596655,0.1338386712925174,0.14281181695680917,302,False,0.4081027908731413,0.36049984827391435,0.4081027908731413,-0.0417430156624133
403,0.4995948442055134,0.37912958484502296,0.14816771612102966,0.3285641517428236,0.2519062594974684,0.20106700711905065,0.4226736764032075,0.3921584923865584,0.13551773543886494,0.1485482891456783,302,False,0.4015525827463163,0.36407710876664845,0.4015525827463163,0.17899044036097397
404,0.490426663839183,0.3875199328169891,0.13626754436925936,0.35642826917257125,0.27007055667669544,0.2143755660589962,0.4036237403639732,0.3873694129783684,0.12253556032999144,0.12970310714293823,302,False,0.40858445720030334,0.3678911035091915,0.40858445720030334,-0.0671890152443687
405,0.5011923320757706,0.37384033004533196,0.14251370070806244,0.35250130722337886,0.257491525510511,0.21390722706229867,0.40691048553499526,0.3939333027899481,0.11445512891014699,0.13625187374115968,302,False,0.412683787056938,0.38673720316562366,0.412683787056938,0.033561310369185214
406,0.48595892443181093,0.3748207646394617,0.1436130998105768,0.3658658501035404,0.26687286058696164,0.2089436918823943,0.40442127787717785,0.3896210440092481,0.144841657554832,0.1328606475137308,302,False,0.3932031464386671,0.35309827691808016,0.3932031464386671,-0.02335782374346863
407,0.4496804862746886,0.42316672068128774,0.12783303751868258,0.3573530456787457,0.28132934662657777,0.1671009240435614,0.4110382363664673,0.4100648646230568,0.13252079873397546,0.11374794457155796,239,False,0.4271146214758992,0.33593254170313064,0.4271146214758992,-0.20094606305611745
408,0.4665321377749282,0.4020872499679676,0.15414084212208579,0.3565957314669803,0.2574411293685975,0.20727967643183337,0.410148258342758,0.39351773015445046,0.12529819593424615,0.14742950146299172,302,False,0.39106560299044485,0.341233941840682,0.39106560299044485,-0.08832632427237928
409,0.4652941692861691,0.4139247722574582,0.13920176221354186,0.3722413597600179,0.2743657921730386,0.1596511776897411,0.38186487810284153,0.4142973674315767,0.1601552789032176,0.10172986197917501,316,False,0.42048035442799864,0.36356430730699413,0.42048035442799864,-0.166962415982042
410,0.4590099356739467,0.4120637326117737,0.13789465179265784,0.35095153710227683,0.29159395986037745,0.1888933479861208,0.4000555641671202,0.4011139744547096,0.1339613715336213,0.13319603786759707,346,False,0.400443527836738,0.3258138978063496,0.400443527836738,-0.18833587797504808
411,0.47102843239952896,0.3886763592551545,0.140662821272243,0.357778931659451,0.25846637452830346,0.19515728548752517,0.4159985708485171,0.40336859325222535,0.130807793289376,0.1466566255017708,302,False,0.400548010875502,0.340220639110153,0.400548010875502,-0.05769664981372696
412,0.4817550046581752,0.3946401987065331,0.1609618126880643,0.3456268257060985,0.26470107064093423,0.19808721238539245,0.4260453295169705,0.3760241307201232,0.12644502842991062,0.1363902703619536,302,False,0.39890638359043146,0.3553099762282646,0.39890638359043146,0.0058324298760310984
413,0.4770886509186455,0.38856787553000754,0.14019866504496908,0.3563585440458739,0.2763273949213464,0.20283610795697857,0.4112248259313013,0.39903435913940233,0.10479937993466618,0.13393223857597164,302,False,0.4146935521855696,0.37228927098397935,0.4146935521855696,-0.15885910392271574
414,0.4694027833241518,0.391984384984125,0.1458952190297182,0.3512820789591042,0.2785601988883631,0.19954593741402032,0.41902233668811406,0.39213984718281714,0.12077013205986159,0.1413208628247983,302,False,0.39950294953308024,0.3486326512642902,0.39950294953308024,-0.12785116186443676
415,0.48285565749669945,0.39053816910134437,0.1361366210353457,0.3462627697912124,0.27087589021383823,0.2034794307451287,0.41181151741974653,0.3956396935082256,0.1326297935121974,0.1319525878737149,302,False,0.40558458608669445,0.35090306962298456,0.40558458608669445,-0.05339904269840906
416,0.4917118564472624,0.4058040515321741,0.14034583801808898,0.34248978132798436,0.2636636736235007,0.20631500081908258,0.38819856878309383,0.39226041811423895,0.13430895028862389,0.14783993547928592,302,False,0.39710980893590825,0.3574029061586385,0.39710980893590825,0.04644457485729327
417,0.4818828993785459,0.381677221725462,0.13184088086570003,0.3553625576578368,0.26124389209474835,0.21823946679771078,0.4043559048539294,0.405310284608298,0.13925637961099674,0.12408668165066032,302,False,0.40474630924914534,0.35779621772788556,0.40474630924914534,-0.08142710325512091
418,0.4858748470431968,0.39321710176404506,0.14694437631807,0.35500007878484907,0.25721077415234206,0.20806493299350626,0.4111915047853435,0.3911467388804927,0.11216268931142401,0.13260899563223166,302,False,0.41235812651794784,0.3737121577317728,0.41235812651794784,-0.057690201592579426
419,0.4717989772035816,0.37377752505759465,0.14677836499062571,0.3671337456892935,0.2564073869953276,0.2097879952789915,0.427604717698733,0.3826026947312816,0.13624611985057375,0.15432316210200953,302,False,0.38619133546035317,0.3355528573530079,0.38619133546035317,-0.021294735203728533
420,0.4677041727766706,0.41112834447926727,0.10420947357187389,0.3693032049587895,0.27836150164979917,0.16244552389575115,0.39347125481293804,0.41635595662952163,0.14475562022031,0.10946252853488937,239,False,0.43926026846077443,0.3634946992047967,0.43926026846077443,-0.19378888176880008
421,0.4742618913502776,0.3828575934657179,0.16958702936297948,0.33916863542573106,0.2665084341748104,0.20473897329334706,0.4195829070978307,0.4022576409271802,0.12443326472006706,0.135687663773829,302,False,0.39218510232249815,0.3498286266302105,0.39218510232249815,-0.04432820404588672
422,0.4964446081258286,0.39005355485881604,0.14005153219331368,0.3525365981558647,0.26451441396347436,0.20834335940010962,0.39745217679910994,0.38703753181919515,0.13148597956212907,0.13811159761137887,302,False,0.40257222315366975,0.36495862856369954,0.40257222315366975,0.03046637483760973
423,0.47632815578861837,0.37104754648308536,0.14404371500038227,0.3685533214144404,0.2732164168334842,0.21019844407705812,0.410931116157775,0.39077270589162516,0.13660524138538996,0.14069749644157517,302,False,0.38950692812596094,0.33972291440322844,0.38950692812596094,-0.08490110094728467
424,0.48149068663708733,0.40106268753049024,0.15493090615678004,0.3358061471552665,0.2711247101848208,0.20671941829855675,0.3995293743605627,0.3984596077822441,0.11625998191298366,0.14964757072172766,302,False,0.39543957896371223,0.3652307047241037,0.39543957896371223,-0.04234347374541248
425,0.4737846489309332,0.3832403908333335,0.15571797805623303,0.36789763725556707,0.2572675850728874,0.20500924064847734,0.4097501092597377,0.3942528727894348,0.13308198742267124,0.14071764240918036,302,False,0.39086368450343434,0.34070266150826195,0.39086368450343434,-0.055468248581438215
426,0.48115399048743085,0.38064406588598804,0.13753680428094892,0.3672883202678424,0.2699595027782966,0.19622170707300118,0.39861415195928795,0.4091415357443905,0.13110746186124453,0.1221619964255227,302,False,0.4120455080585005,0.3589919940619082,0.4120455080585005,-0.09448373034191494
427,0.49052143936424186,0.3835720804778001,0.1419826360152786,0.3541339238559681,0.2603698462966292,0.19850484647283897,0.41111028453363213,0.3908840382901749,0.13383550052416782,0.14064388387997462,302,False,0.4029435020689712,0.35668593884007405,0.4029435020689712,0.03136223192421713
428,0.48330421766662235,0.3800854544567236,0.13792980597427892,0.36444288318650825,0.2753945131423176,0.20677075121965202,0.40031645212681255,0.4005341189143966,0.11447632463130637,0.13314233521621457,302,False,0.41007046360302046,0.368827893035316,0.41007046360302046,-0.12351160929555673
429,0.47264826252174946,0.38974148586490404,0.14523698856010175,0.34307067176468914,0.2731035791360246,0.21080733931295795,0.42276334312527747,0.39835951156281146,0.11141296869717528,0.1306010408758277,302,False,0.40902936723599326,0.3612352938245742,0.40902936723599326,-0.13584479541023625
430,0.4832160759416828,0.36757969739680807,0.13470841274747777,0.344295337832132,0.2712946064888038,0.1863433817974067,0.4237862322585911,0.41632221837271266,0.12043622898454982,0.13767094475948458,302,False,0.4182734873738382,0.362779846957133,0.4182734873738382,-0.016686296469416183
431,0.4875096492005465,0.3832921119384677,0.14900546310822255,0.3610961345632548,0.26760821685862846,0.21444349400158855,0.3976089948863879,0.3910522287006856,0.11595942382228389,0.1441073773964823,302,False,0.3981079242735254,0.37155022537826266,0.3981079242735254,-0.06326095051172843
432,0.48644932499758714,0.37953455113310636,0.16138683523102432,0.3586392094483452,0.27050966818606764,0.19204273344602377,0.4135330029940545,0.3874847222310304,0.12801868351844126,0.13059156043509232,302,False,0.4008727502061137,0.3584306414791459,0.4008727502061137,-0.019836145660084275
433,0.47081898940808986,0.37583718927806636,0.1678123317257402,0.3636350791366171,0.24935738411413455,0.20891150525015914,0.4083236479745578,0.4102446807802557,0.13188764725592442,0.13578683209282608,302,False,0.3893273606109731,0.33893134215216547,0.3893273606109731,-0.046826714108771594
434,0.46893744628382616,0.39422432045707306,0.15453633369134437,0.34673215079263936,0.26826207191550777,0.2085284128714648,0.410316650174312,0.4014538754854011,0.13346420756334923,0.13339375305008758,302,False,0.39156762718797633,0.33554369323373856,0.39156762718797633,-0.09413018343154454
435,0.4858888307526621,0.3816655514395703,0.1509923974595933,0.34176963787106895,0.26377150437057695,0.1992382827546094,0.4172648673261704,0.39300416017660034,0.1455712623245166,0.14004902664604427,302,False,0.39207906660288894,0.34583980410661785,0.39207906660288894,0.058818519966327774
436,0.48057118765402856,0.3878694625058419,0.15162266656599255,0.3533961082963059,0.265426744745707,0.21274519789490934,0.4021820844724441,0.39950009852756324,0.12263900485549112,0.13648227693346926,302,False,0.39751035021533315,0.35793218279853745,0.39751035021533315,-0.07354415123050767
437,0.46061124507433465,0.3909846834711105,0.15942494103806246,0.3630281334732001,0.2643777071050909,0.1924462250596296,0.3963783725317206,0.4186888310927704,0.14273130699059608,0.1343243151563592,302,False,0.38901820117967784,0.3262869299179755,0.38901820117967784,-0.09600000533115129
438,0.4823162831892265,0.38299740641110097,0.13543137100638564,0.34652951983733654,0.25584784857014997,0.20930058923105593,0.40842441311776684,0.41332700155548496,0.1273139056240217,0.13833374498079531,302,False,0.40742052152813024,0.3550023775652048,0.40742052152813024,-0.024216699024757666
439,0.4934916993738639,0.37405817951487924,0.1313989641419103,0.35832203832045456,0.26295163680811706,0.22035686400222565,0.4061574581543024,0.3956401128369371,0.1296809344040971,0.12195579036087892,302,False,0.4119041631494482,0.37153590901298494,0.4119041631494482,-0.047861436562854666
440,0.4451998288514772,0.4079203260378237,0.10735280762782637,0.3788059528014923,0.2853211674896922,0.17139461979018847,0.40351816966304366,0.4141269235893731,0.13876906779319687,0.12653214704445367,239,False,0.4233176483344318,0.33784702122365085,0.4233176483344318,-0.2675921894675229
441,0.451766824969541,0.40681212928340776,0.11440264679643228,0.3521905250080715,0.29310369938535585,0.18451211752383131,0.4102968315082421,0.40404473145178915,0.15664550156562834,0.13113560766794863,346,False,0.40345162210425284,0.3373641781731087,0.40345162210425284,-0.23747048654877032
442,0.4751908737952801,0.37854536575548703,0.1544396587463485,0.34585129278807,0.25571275809305405,0.2095788997022564,0.42455971565348366,0.4098388909934929,0.1152357975272743,0.1289256646273337,302,False,0.4089259680531514,0.35995507626800577,0.4089259680531514,-0.06368932266642285
443,0.481790818117146,0.37739998306699385,0.14843117068904202,0.36240584961866207,0.2575964479180678,0.21039044857383557,0.4071184189524395,0.38978854498089466,0.13706233945846572,0.15808344477366915,302,False,0.3832265932865734,0.3447284786586803,0.3832265932865734,0.0124828538742758
444,0.4973481139625294,0.37931451246825093,0.13283009463624523,0.33955350449416843,0.2647039202281669,0.20323823980200653,0.4129230770695989,0.39718335439736,0.12525883100417257,0.14318215978280424,302,False,0.41073392862854574,0.37208928295835686,0.41073392862854574,0.05001615350814475
445,0.4723359092729378,0.38536368420345496,0.14738911811612235,0.35463542194361314,0.2673306853324407,0.2025255495930448,0.40957992390110853,0.405033111097028,0.13996762871928523,0.1304722931388967,302,False,0.3957575388453966,0.3418636161340411,0.3957575388453966,-0.08014396722481483
446,0.4419848663381997,0.4203012075641599,0.14067013463442474,0.36973991422861074,0.2758564272918535,0.17829792950870935,0.4008941663674732,0.4073764773575215,0.13668472731538803,0.1351266818136602,346,False,0.4018637065253685,0.3068581845245395,0.4018637065253685,-0.19401649448923997
447,0.49150166583870014,0.38538549961658186,0.15068625253906412,0.3509792916619457,0.2503445583570541,0.19594675294976202,0.41034502497414993,0.3942654249922141,0.12709900162868287,0.1515300970513591,302,False,0.40095692883927536,0.36440266421001727,0.40095692883927536,0.07438484331980778
448,0.44161771431935776,0.42207694305031174,0.12396631438237878,0.37119021915344375,0.27008345202978173,0.18588002674775247,0.39791829565458237,0.4033737207358499,0.1521063697799202,0.1483000030994343,346,False,0.3942526875201172,0.317651399936979,0.3942526875201172,-0.18718774206784342
449,0.4523156617843131,0.41629994721476604,0.13908571785990992,0.3610697926372411,0.266401771570358,0.1924452193105888,0.4022052980558409,0.3946701607091815,0.1727883408572165,0.13036161006976296,346,False,0.38522157248745054,0.32195405171455016,0.38522157248745054,-0.14114221451303624
450,0.46135190248768504,0.4035559806757123,0.15202359639652302,0.34573765796294487,0.27350388930559116,0.1804057514047643,0.4172078789997259,0.39284552583012317,0.0995032732673916,0.18976236475260058,299,False,0.394745857750371,0.3618486292202934,0.394745857750371,-0.17905001318150907
451,0.4805828076599133,0.4021624876669501,0.13887783666764017,0.33805066403683276,0.2658513972070124,0.1846054183664516,0.4245650103183383,0.3894447830981194,0.10122744506271433,0.16375098452213108,299,False,0.4156450533215606,0.37935536259719893,0.4156450533215606,-0.05419671340253029
452,0.4458440477849647,0.4195902238941229,0.1363839181522244,0.351309955728731,0.27842561902079427,0.17111238702101775,0.40938549935028457,0.4074306286091472,0.1466815582881386,0.14572547091849128,346,False,0.397944089037662,0.30946012963274033,0.397944089037662,-0.14437675188948834
453,0.4514986151541434,0.4197924883806428,0.13262511362610213,0.3755685147873909,0.2619339347890086,0.1828957745082667,0.39469825692926347,0.3935815653631486,0.16918502857263676,0.14108561270475053,346,False,0.38912455790202444,0.3188735015280413,0.38912455790202444,-0.1301110158967162
454,0.4643557505894492,0.40749824937689383,0.149588931493294,0.3401185489049452,0.25588596855648005,0.20206465560231415,0.4355269775094674,0.3748652211290276,0.11474460471504172,0.17487045921234787,299,False,0.3918339257963007,0.3496111458744075,0.3918339257963007,-0.03435970719461446
455,0.46403247026117017,0.418327292463732,0.11949880432127906,0.35140965800189133,0.2816012735246448,0.18899586237267552,0.3933374081199074,0.4059411835164619,0.13961253853085248,0.13377030945282092,346,False,0.4099702444063305,0.3445336659398911,0.4099702444063305,-0.1599857185648701
456,0.459428643836279,0.40733079305728115,0.14759175276605,0.37163653085728954,0.26499032109027626,0.19079290450019512,0.40578638479602164,0.3813236673891441,0.15694383997378183,0.14760219753137796,346,False,0.38044427107343715,0.31183689107022905,0.38044427107343715,-0.085328850352894
457,0.4325857694887838,0.4170339658004503,0.1481479383005367,0.3678945939682058,0.2880021872928072,0.18937644679178353,0.39900917534092084,0.40307028896348746,0.15370522208598722,0.13247643518014462,346,False,0.3822065140174402,0.3001093343086392,0.3822065140174402,-0.2466693773944176
458,0.4551823768426049,0.42218080844727873,0.12634944192554623,0.3745382463019031,0.2729632391582915,0.17964192666551118,0.39895720148134534,0.39271924923549884,0.1465058888914622,0.12918941447051738,346,False,0.4086560888544217,0.3288329349170587,0.4086560888544217,-0.1735066785951666
459,0.4453425509095523,0.42444024402790276,0.12549065351715405,0.3621471369303884,0.27415793308133996,0.1796904720534961,0.4145592531022491,0.3985847200370433,0.1499117161101209,0.11818682103704352,346,False,0.41305580717868046,0.3271557298725088,0.41305580717868046,-0.19800997790136493
460,0.4380582429445216,0.4091885423824826,0.13367632414613292,0.36448518754726666,0.2859925017669589,0.18178826735858192,0.41732721826959185,0.39768869913771343,0.1612101421159508,0.12963486153416853,346,False,0.39221255373891145,0.3084233814103531,0.39221255373891145,-0.23255506515569455
461,0.4681293027013205,0.3869108466415638,0.14404573546598765,0.36768229600795915,0.2563510853025207,0.1898471360073132,0.41243715454353774,0.4067691553170238,0.1233242999871573,0.15060962413234005,397,False,0.40251308216569265,0.34480500271416326,0.40251308216569265,-0.08056582978520657
462,0.44140206777795404,0.41152586606200203,0.1439866753961036,0.3809411273521324,0.2776238821946611,0.18078796827995688,0.38919377499643576,0.4109970892003225,0.16316892076971928,0.11484146877948852,346,False,0.3958889474217672,0.3265605989984655,0.3958889474217672,-0.23875398298273104
463,0.45888401598288237,0.4083249966596289,0.13160075205944005,0.35422911507252347,0.30752039712135565,0.1936563662472531,0.40039409850712254,0.39184400165440314,0.1393084567051191,0.12067952757392843,346,False,0.4022497369249633,0.33820448840895395,0.4022497369249633,-0.263533296873942
464,0.44686436724732903,0.4129256382328868,0.12296322883059965,0.36213284696355064,0.2642322938539903,0.17661499133045686,0.42009851498159784,0.40188165118053454,0.1795643514840495,0.1108961659978009,346,False,0.40869767459094125,0.33596820124952814,0.40869767459094125,-0.20172732366967192
465,0.461666029127389,0.4099519508376822,0.12321414495998807,0.3616569762363822,0.28151115041392755,0.16615160480379615,0.41862940158879575,0.3863573385239382,0.14140541156342457,0.14646992409330248,346,False,0.4095943264181881,0.33845188416740096,0.4095943264181881,-0.1430465840613418
466,0.44718101556346224,0.4301325251219966,0.1298788267202334,0.3716358903127166,0.2641006489034207,0.1741930620896888,0.39968432766474576,0.39787978623392756,0.1659555675016997,0.11976599459979742,346,False,0.406965772454304,0.3274150209636648,0.406965772454304,-0.16497350027940058
467,0.4886816443100101,0.3733727498840259,0.15380607848826341,0.3507912582535327,0.2670221607164337,0.19506986102367796,0.41051055823294214,0.39152341782149175,0.14451192198092705,0.15174299917965,302,False,0.38572270886386273,0.34416972232908305,0.38572270886386273,0.08061543183821067
468,0.4993855944315065,0.39334866208950814,0.144344766197072,0.33011207709893375,0.23402882749272255,0.17174835580525982,0.4315552609822754,0.40304903205326387,0.12547642813059431,0.13183957590659676,387,False,0.43368810082842346,0.3739091663009122,0.43368810082842346,0.15760676857822983
469,0.4854161907737302,0.39530902909021015,0.13951481661076867,0.35970511713091663,0.27340258873766904,0.19537123940500217,0.4042855783764987,0.38356496528213485,0.13596835701439358,0.13143262764994632,302,False,0.4041878103589588,0.3539835631237839,0.4041878103589588,-0.048794075061718636
470,0.4497633221355702,0.4006618194731683,0.11826457115455741,0.3617669851855675,0.2807869146763549,0.18379068281189553,0.4115847792500114,0.4084011727963885,0.16382956660823347,0.12910158104640856,346,False,0.4010611590017509,0.3314987509810128,0.4010611590017509,-0.21922755295770935
471,0.5077904208739146,0.37109233917074547,0.14026907083207563,0.3488611945680989,0.2397443269815712,0.18583672085162078,0.4107760790021422,0.40346556062843203,0.13502975685199986,0.14592021417224169,387,False,0.41589844113315416,0.3727606640219147,0.41589844113315416,0.1960832371164289
472,0.462939093818377,0.4100269238172935,0.127794960314022,0.3658601263005826,0.27708500820252063,0.17135022286841511,0.3965227077646634,0.3997314278881729,0.1690415680322463,0.12511038596464072,346,False,0.4030188782317198,0.3378287078537363,0.4030188782317198,-0.1573074881898985
473,0.44874818310991593,0.41318009833780256,0.11695778373683312,0.37412667339681893,0.2921634793294264,0.1847165084390914,0.39290430113119074,0.40542303169616417,0.14095204500055664,0.12715578224669408,346,False,0.41012364677914454,0.3317903993730828,0.41012364677914454,-0.2729692306673735
474,0.4565240382183659,0.40713622670251176,0.13117638483380947,0.36768322014358196,0.2818539921984494,0.1773698628757621,0.41434793439369194,0.391035347753582,0.15288206917581496,0.12066556651622859,346,False,0.4067582519431798,0.33585847170213734,0.4067582519431798,-0.19314213025377006
475,0.4515084732202606,0.414462369662835,0.14546697278591983,0.36845509281601224,0.2743743338638729,0.16631631696165897,0.3954178145825539,0.4020047121319499,0.1691988382614795,0.13381917368119123,346,False,0.3906176519777731,0.3176892995390694,0.3906176519777731,-0.1475948845961673
476,0.46451626954658337,0.42007970831433167,0.12745842471266539,0.36882003625989473,0.278096341520103,0.18757217703527748,0.38069309253972,0.4027555007173085,0.14287739530523788,0.1241359492361236,346,False,0.4096013033550884,0.3403803203104598,0.4096013033550884,-0.1622633897725968
477,0.44266402908066266,0.42277916066378235,0.13697303714548886,0.36964532804916533,0.28351544040929044,0.16878935426567876,0.39752716104632946,0.3975642590057047,0.1538477806023012,0.1458831132948744,346,False,0.39210072772109383,0.3056909919351738,0.39210072772109383,-0.18742332212740592
478,0.4929159025379487,0.3905256032615913,0.14745079566401237,0.3373508772169934,0.2851933018040989,0.19552120294606415,0.4066387419497371,0.39051575811412753,0.11210244211843058,0.13779685485203144,302,False,0.4103675405619367,0.38081346041951813,0.4103675405619367,-0.03609266967321779
479,0.4627190632821443,0.39948930052332354,0.13353999406278946,0.37100972312898384,0.2807429573316914,0.18586407569696256,0.3928977448191265,0.395387870423858,0.1663127307320259,0.13818838402811956,346,False,0.386444146900042,0.3291790692193548,0.386444146900042,-0.1529019591294607
480,0.4397279704450399,0.4113970670785314,0.14837630708186042,0.3604602769741992,0.2779422422516274,0.19155478707885545,0.3931026771396056,0.42921888227194344,0.13865805956372237,0.11625350657995405,346,False,0.4020531134784353,0.3234744638650859,0.4020531134784353,-0.2166464365925543
481,0.48540511539348524,0.4129754587823063,0.1379192052135807,0.33785978857247806,0.26250310791485415,0.18869335268768192,0.40773658348926833,0.3858996240860659,0.10011846038165587,0.17594825939593348,299,False,0.41110089730680405,0.38528665501182935,0.41110089730680405,-0.04164202476486322
482,0.4391417284765721,0.418027283946803,0.11935856191560454,0.3689317905777384,0.2783006505323507,0.1759674584410259,0.41712763408701176,0.40017937841358153,0.1410521616910085,0.14000032472845003,346,False,0.40876504465462016,0.3197831665609676,0.40876504465462016,-0.21897867621613856
483,0.4549697040890094,0.4126580981714285,0.1308994057443842,0.3602246394183827,0.2899506330282659,0.17916975898674525,0.40733660374007963,0.38713604583615707,0.16187295824425507,0.13283811062566978,346,False,0.39381699072568244,0.3240702983446252,0.39381699072568244,-0.1904610051041376
484,0.48721276051852974,0.4153834390946125,0.14124602785776716,0.3475439905565452,0.2584924871970438,0.1735037045820225,0.4111178148305282,0.3750085342289357,0.09489412176708491,0.18375800541410947,299,False,0.41637323426966183,0.39231863875144485,0.41637323426966183,-0.039865019427308974
485,0.448139634084376,0.4167367534984528,0.1363493311430776,0.37398044768855676,0.2728989007928692,0.1870528195082786,0.3949192994285131,0.4024404907731306,0.1555639332457566,0.12436448427153284,346,False,0.39750139097240766,0.32377514981284317,0.39750139097240766,-0.19692863546491082
486,0.4849727154106992,0.3882073747927145,0.15347024117562974,0.34062422106734425,0.2884506411807475,0.19541128428874138,0.4070672565828858,0.39018401349078374,0.12564366636390248,0.13926785512624446,302,False,0.396822076689165,0.35932904904679674,0.396822076689165,-0.048482659906937994
487,0.4674471666775616,0.4274050809655426,0.14249788709877184,0.34386092390673484,0.2617724868370806,0.18471652172285213,0.4208435232002076,0.3746247948391659,0.11024491333121743,0.16739200460844442,299,False,0.4066566594147837,0.35720225334634415,0.4066566594147837,-0.0537319615688404
488,0.4798547272645727,0.41050556218819073,0.13432180551394293,0.35029967185744665,0.2766975084072795,0.19004674825455367,0.39926599776615984,0.38062958933700514,0.10884397397030333,0.17791544899980208,299,False,0.40072225551325236,0.37101075329426936,0.40072225551325236,-0.10245511974579363
489,0.4775485883932794,0.41635227344027026,0.1420858378106795,0.3414713219531453,0.26608242514375186,0.17608876407172694,0.4208677044358527,0.37544275685089984,0.11560167699808178,0.16896548542690004,299,False,0.40688869092595725,0.36194691139519763,0.40688869092595725,-0.012685127999001292
490,0.47796296770687224,0.4112945088257655,0.1445468344415257,0.3381774366074499,0.2741045593017738,0.17172116779682595,0.42975481534183235,0.3790827862367467,0.09725561243548819,0.15702668356978486,299,False,0.4218311819014222,0.38070735527138405,0.4218311819014222,-0.06959950563424676
491,0.4909135260918233,0.418189358938665,0.13683110289031175,0.32633761363972574,0.27674828666915635,0.1827999538560298,0.41915569621677123,0.3710661083540601,0.1106470970850901,0.15255428325314332,299,False,0.4185834281425449,0.38026642900673324,0.4185834281425449,0.02734023791882573
492,0.48560981028895905,0.4034920186650981,0.14427428314527627,0.334678369075318,0.2677400928318774,0.1749599088893119,0.41777638718309484,0.3847574070358381,0.12039238887566686,0.17084260954638408,299,False,0.40375510704654,0.36521742141329216,0.40375510704654,0.0340473415219821
493,0.48514472158435423,0.3720420668501294,0.16049460896824425,0.340835569661146,0.2591610193879342,0.22882403741165083,0.39100671221179883,0.4095766716618894,0.13245829636517328,0.16304147095379865,397,False,0.3727542455230727,0.3526864252191809,0.3727542455230727,0.05758768995390583
494,0.48305431451958164,0.41488739667026336,0.12984608332596706,0.3429716610295391,0.2701055202288141,0.16523770145581634,0.4181870017777636,0.3753770486540736,0.11921383224815123,0.1725592267363457,299,False,0.41387547812508324,0.3638404822714304,0.41387547812508324,-0.012291185013216941
495,0.45414791839702495,0.41181538540387647,0.1269939291335243,0.37768258491622214,0.26115155880300644,0.1821836026247178,0.41388130360826125,0.3937937337418857,0.16518059828777476,0.10168231696031739,346,False,0.4161057760760175,0.3524656014367076,0.4161057760760175,-0.20784788351327615
496,0.4797630088958864,0.4139481382031994,0.13902296439317982,0.35073912991574474,0.27334593042273336,0.18611608822646972,0.42086466723806965,0.3718996834082917,0.10562428899373213,0.14205260730140323,299,False,0.4199911632555249,0.3741387199021543,0.4199911632555249,-0.08016391148598914
497,0.4953253545294158,0.3749114437078915,0.13623601856657327,0.3541212072631969,0.26429294644024093,0.20941193432594032,0.4130323886476843,0.39362575864440574,0.10626652768471483,0.13999440605252483,302,False,0.4170887347484687,0.38905882684470094,0.4170887347484687,-0.033616251446651854
498,0.47741653211859336,0.3631245177041294,0.18275447349785598,0.35246040383643035,0.2709570077676352,0.19936098870824176,0.41415530952551793,0.3948839627224045,0.1333331893910652,0.15552587550675578,302,False,0.3715756417162842,0.34408334272752816,0.3715756417162842,0.02033009097604147
499,0.44532483253342975,0.41324255252086173,0.15376172390921555,0.37591388937546294,0.259452341293177,0.1753061514339409,0.4072006358874406,0.40375563137276926,0.15625424103819827,0.12111294993649571,346,False,0.3983923069876311,0.324211882596934,0.3983923069876311,-0.15490843345175506
500,0.4496032961907492,0.42051892523817325,0.12689425011978336,0.3766886872419929,0.2660813021944734,0.19683257374020646,0.40188474309097094,0.39522570168620397,0.1326210848866696,0.1348288401623373,346,False,0.4063656434409776,0.32270904607096584,0.4063656434409776,-0.19916836477596414
501,0.4640112293646903,0.3885376904055102,0.10319592718975866,0.3901611336854961,0.25539254087371766,0.14118317648244516,0.3866942583729785,0.43434798911590256,0.1472322728493295,0.16072002364009633,256,False,0.42885774524488496,0.36081530217493163,0.42885774524488496,-0.11645529140379689
502,0.4459435462168281,0.41927921035992816,0.15084187114410164,0.3654363044023014,0.26680877788501667,0.16965885733996855,0.3982285876997985,0.40756232902697925,0.17055383573318736,0.12365117009181499,346,False,0.3930867793311927,0.3222923761250131,0.3930867793311927,-0.14955097735657485
503,0.4843076299370559,0.4053200469626492,0.13257909623180728,0.35141306727997185,0.2684987873981762,0.1961320104417714,0.4105326938310792,0.37117742141522425,0.12147244944895877,0.1687267829959944,299,False,0.3993159373071686,0.36283518048809715,0.3993159373071686,-0.024248496201852408
504,0.481182855720164,0.3853982681969757,0.1336164236123307,0.33637693242636635,0.2734220200814681,0.2260363402210513,0.4057169353191012,0.40544313373188745,0.13968947132913445,0.12071827551373517,365,False,0.40133761357713044,0.36046458020642885,0.40133761357713044,-0.10157783003392885
505,0.454979893657556,0.4151120540423904,0.13580934842994055,0.37966201483726086,0.28080366869220014,0.16008135704797147,0.3922357285826986,0.4064754343892437,0.14444235189774215,0.11694603259203767,346,False,0.41759648247702863,0.3380338610655183,0.41759648247702863,-0.20009642208392578
506,0.4362776989828017,0.41766872161988206,0.11199458409747297,0.38219091617801904,0.2825990127389296,0.17309098990683966,0.42585559669486345,0.38739384851988373,0.12829536022865137,0.13745017178233748,346,False,0.42041230153349196,0.32428311488532874,0.42041230153349196,-0.2549288435791224
507,0.4502789628218636,0.41807584976178824,0.13445174354652975,0.37873615829313884,0.2849894252481039,0.17565355178572428,0.38978456871356876,0.3971027677669572,0.15720119744156788,0.12056165698110653,346,False,0.40193975355419376,0.32971730584075704,0.40193975355419376,-0.2238598052384548
508,0.44903088208485564,0.4224541635344551,0.14277425518152786,0.35937232844154743,0.2682564387319099,0.19740986815696682,0.38943942417464344,0.4102910780007955,0.1616694456811108,0.11532463670921485,346,False,0.3946459492385305,0.3337062453756408,0.3946459492385305,-0.17835410862141227
509,0.44735128960149245,0.39697959885783035,0.14841422129511236,0.38226850615188246,0.27838278732551064,0.1943880960267704,0.3996367645028729,0.40964963343293465,0.14423298991792205,0.10256120442726943,346,False,0.4042702791157234,0.34479008517422305,0.4042702791157234,-0.28046036027707943
510,0.4525809877697458,0.42316116128736336,0.13362051975991512,0.3604257107183505,0.28217770151924504,0.17912969782182447,0.419361777998205,0.38217530343516154,0.1457096002201583,0.11609776037994506,346,False,0.4115765665641692,0.33648322738980074,0.4115765665641692,-0.1850556539864275
511,0.43864627786954935,0.4271890980135024,0.12149536907116244,0.35652419040849775,0.2768330987370241,0.1748066039136435,0.4220820723591798,0.3918810930944017,0.17237699847905588,0.12081591175309597,346,False,0.40521907477252195,0.3178303661164534,0.40521907477252195,-0.20332620462391315
512,0.4587311788517522,0.40623584633820503,0.14014975043513508,0.36836298814235735,0.27700698642277916,0.18524613325725692,0.3980725225157099,0.4032234653722173,0.1449065794814347,0.12691369397887006,346,False,0.4003526776762225,0.3318174848728821,0.4003526776762225,-0.17075206799791584
513,0.4654577847039254,0.4130350713232608,0.1375108375303031,0.3597357896151668,0.26969219751612944,0.18535414197410666,0.40749547899715655,0.3902817901918767,0.15877748231362854,0.11729979689147499,346,False,0.40366338545455566,0.34815798781245044,0.40366338545455566,-0.12710015539181124
514,0.4603982680599924,0.40720521845662594,0.12751106235107448,0.36662937011353797,0.2764055440579116,0.2042896775573668,0.3976864032019759,0.3943882664793027,0.15613155062185066,0.12382746265268145,346,False,0.39588576607719556,0.33657080540731094,0.39588576607719556,-0.20342076471453355
515,0.48462634263393284,0.4106745846817371,0.15643099307591898,0.3436479065690993,0.25950765054700575,0.17161108639172773,0.41458732053603914,0.3778484200082209,0.10704343149838508,0.17610848217451464,299,False,0.40565936068760844,0.37758291113554776,0.40565936068760844,0.007478667177811749
516,0.4469364031994799,0.40732571435426523,0.13479823966315355,0.3644105986272923,0.2837970062111775,0.18222433435961016,0.40181716893253,0.4077685735854041,0.15235959398886834,0.13665951343467225,346,False,0.39298004628120475,0.3121381635363264,0.39298004628120475,-0.20229465433567068
517,0.44974572513800537,0.41040764096557747,0.1382285502375772,0.38357967488812983,0.28897881220771626,0.15821473546837722,0.3947610483830093,0.4034444773600043,0.14925973438941956,0.11675185438374375,346,False,0.4123963046522018,0.3329938707542616,0.4123963046522018,-0.2395342098096285
518,0.4617926952475177,0.4015339711179062,0.14259857498442913,0.3317425434866185,0.26186246668729257,0.20793720168650862,0.4030927052499436,0.4312155125810344,0.10982701825206159,0.15108989161623967,397,False,0.4051864008214561,0.3519656769954561,0.4051864008214561,-0.09851723080942422
519,0.4413813955126316,0.4235098027321632,0.12490795724546275,0.3740660675876336,0.26008275940240955,0.19766730542689345,0.4004453438474732,0.38265472251361526,0.1800489840516834,0.15614204391879405,453,False,0.37417574662176034,0.3164734382671689,0.37417574662176034,-0.15965549013031308
520,0.4568950994117654,0.4227228478239885,0.0971557475284895,0.3761965739080065,0.26197119732598195,0.1671314472712496,0.3974488206636978,0.4049842661284002,0.15297353037200911,0.14017349897451378,372,False,0.42427870825364244,0.35973935188327594,0.42427870825364244,-0.18120545483309844
521,0.46288334029739436,0.36741633402438634,0.13142065447618867,0.37588795454549767,0.2464132613915748,0.21619460227326256,0.42724796523614716,0.3942176042565917,0.14374388298172974,0.1615885495053177,419,False,0.3857378761952734,0.3314626858212057,0.3857378761952734,-0.062091397514782876
522,0.4396311870834321,0.42724447759209844,0.12018393441203058,0.3623780956210553,0.28529001339927884,0.17445296637954133,0.40022990561848154,0.4028771088643019,0.15193889080467132,0.1449859147393158,346,False,0.40006557460371395,0.3194472526714015,0.40006557460371395,-0.2150339230401017
523,0.45432010372040066,0.4097020555323762,0.14072015288608067,0.3562822249939785,0.2553180847278584,0.18445661027935578,0.4126362478246536,0.39973197166360913,0.1739782551000641,0.13951330714913157,449,False,0.3860289060380675,0.3148067965712691,0.3860289060380675,-0.07262986471211073
524,0.45480552524135326,0.40151957101549574,0.1439912913993273,0.3853976085072279,0.26809754416782633,0.170398268957214,0.409530830689993,0.3890927635418091,0.15415787608423068,0.13741894236988936,346,False,0.3959357681453123,0.31738658287146393,0.3959357681453123,-0.13676671423754114
525,0.4366204671120876,0.4160935776913328,0.13891105943519166,0.3685576954901744,0.2663384200364951,0.20763010167057888,0.41159938874457613,0.39254192272718264,0.16795905547869988,0.12384574932787665,346,False,0.383201860799185,0.31277471778421095,0.383201860799185,-0.2245397121896757
526,0.49001839746248627,0.39296258172349086,0.14839668128175973,0.34508805346416466,0.266201324545544,0.2183755025995759,0.398983847802684,0.3846789107247283,0.13602555754571738,0.14189822782381062,361,False,0.3893161531784907,0.3539928399167689,0.3893161531784907,0.01985270776084547
527,0.48681743686967965,0.3843857517413917,0.14789351083188035,0.35334935574789,0.2665245290612483,0.2001768517413906,0.4139372761431855,0.3974641795062789,0.11612433515691963,0.12089383322867014,302,False,0.4168239901526013,0.37069310171276004,0.4168239901526013,-0.06730964402290132
528,0.48356491984856687,0.37266741526352676,0.1515383876155572,0.35270179024114584,0.26088417313307927,0.21204193160759713,0.4226242381933745,0.3781243968933701,0.1507049529442786,0.1503260074124415,419,False,0.37898588573547776,0.33323891243612536,0.37898588573547776,0.07557744894224565
529,0.4676473097704913,0.3932383310100474,0.16150478871365376,0.3449167373867099,0.24100357955374194,0.2005412815273682,0.3976819493283575,0.42468691589732255,0.13612642372699146,0.1621061770411041,397,False,0.3837328913610109,0.33152088604349983,0.3837328913610109,0.043551485980073586
530,0.44309340176593537,0.41104520062871286,0.1335012273954068,0.3669956379015674,0.2747526238012008,0.18586154648314887,0.408020026147236,0.4004417521693062,0.16600122367048906,0.1333335695624593,346,False,0.38897719007102954,0.3097598322034761,0.38897719007102954,-0.1968119514154535
531,0.4781347182393743,0.36932236529532925,0.14233140003601033,0.3608254556955096,0.2720042338494262,0.18988889675466106,0.4337741796032999,0.3816826227922896,0.1285588855004779,0.1553119376505768,419,False,0.3979874853760519,0.3495758327388964,0.3979874853760519,-0.010391826457597777
532,0.44721029877439183,0.4068092052846644,0.1533155397768912,0.37150618086226306,0.2857248331268153,0.19002180629020454,0.4098228247941944,0.38919780710258156,0.14179078429893766,0.12532137723005302,346,False,0.3908632275018476,0.3218889215443388,0.3908632275018476,-0.2310775685813623
533,0.45503906417089873,0.4120276237571821,0.13724865039161402,0.3643245474685224,0.2579537402458066,0.19441362923385264,0.40560674693981674,0.3961178153074892,0.1685170524408733,0.13206882428454433,453,False,0.3887564178063208,0.3229702398863544,0.3887564178063208,-0.11879664273601837
534,0.49042719402177243,0.38090668522827814,0.1445564210329769,0.35720844291611453,0.25812484691307186,0.20724467448769432,0.41798439687476135,0.3748870466058347,0.12901877536303794,0.15627201964116838,419,False,0.39415847501469764,0.3614084186587345,0.39415847501469764,0.053944942221494874
535,0.479952018344631,0.3812285379729497,0.1578646918415111,0.3431121456068313,0.27167266637136417,0.2150612883946023,0.40599097179879523,0.4026295069970895,0.1271046956784159,0.13605685708246573,302,False,0.39090147543778175,0.3528473226662151,0.39090147543778175,-0.05751156622981064
536,0.47993233246204964,0.4301905711191304,0.13274656303749352,0.3377064964467548,0.26997872771070064,0.1821075316561837,0.4098582657302807,0.37045320228974704,0.10473567810885687,0.1751944610763808,299,False,0.41275533831109584,0.37519665435319277,0.41275533831109584,-0.04094489073896645
537,0.4523405657378151,0.40932905372573003,0.14235327114516153,0.3654210067411245,0.27262789076605987,0.18592475964669689,0.40183479501606006,0.4028588889365252,0.15619547340538345,0.1303199007221534,346,False,0.3920870635982011,0.32202066501566173,0.3920870635982011,-0.16014914437771718
538,0.4405574361182726,0.4312292024479848,0.14581500129603572,0.3675237432281295,0.2676164312519387,0.19418393068135748,0.38367265971075365,0.40167318952322795,0.17137001533850538,0.12796525949763854,453,False,0.3819542091582105,0.31259217662063404,0.3819542091582105,-0.1590391043857326
539,0.4826447255884325,0.36667092699978376,0.16205860503793107,0.3646990396723955,0.2495936167793889,0.20343230542200977,0.40028829624590073,0.40401922302793236,0.12495651884491324,0.17487154838414545,397,False,0.380604020196558,0.3576882067435193,0.380604020196558,0.04440577618847665
540,0.4731797038811074,0.3775289955627554,0.1492754254921313,0.36209824528096607,0.2814420300097041,0.2050470930682088,0.4231385881536254,0.37281662889114847,0.13319647775823362,0.15212100963260655,419,False,0.3834107838188518,0.3399832261228738,0.3834107838188518,-0.07215278881987826
541,0.45214523390799416,0.39845795936449374,0.14560390741257942,0.36833116148891526,0.2619903551261606,0.17555562489419277,0.42087833849612455,0.38574803012830655,0.1663954287366846,0.1638332042568584,456,False,0.3758345605981922,0.30654132649541477,0.3758345605981922,-0.06573625584919038
542,0.47506170731442926,0.3706369624871856,0.15442194101388398,0.38112012174516363,0.24645223884444956,0.21517238200399447,0.40904684226560745,0.39959670910754375,0.10702963683583264,0.14951883142019154,443,False,0.40097758908774367,0.36803207047859665,0.40097758908774367,-0.10158282086571047
543,0.45329991232698863,0.41526996490768836,0.1262616959704815,0.3796542366401608,0.2427980877760057,0.18957481961202632,0.39603555947147606,0.39767618702345353,0.16865152527507826,0.15384185299885295,453,False,0.38896285508784806,0.3270382163565071,0.38896285508784806,-0.09078369268568022
544,0.47711750110349743,0.41002426711532525,0.1423629359123934,0.34243993080911816,0.258252670407131,0.1733088954307059,0.42366506458205644,0.38192676617321447,0.11665673954457517,0.17608897531447262,299,False,0.40584833312056695,0.36046076155892226,0.40584833312056695,-0.001389878781253937
545,0.4581854049698297,0.3923868807413987,0.16351472842858142,0.36696205210533783,0.2586389167212447,0.18535510816856404,0.42287691257980714,0.38145757828774685,0.15554298204185973,0.15786533672931297,456,False,0.3725839200300788,0.30264242292796995,0.3725839200300788,-0.01997678530132576
546,0.4625924497400926,0.40640127108932556,0.1466203259444329,0.3696389575956414,0.2722714457063745,0.18056262771194326,0.40493491092012807,0.3778892169643222,0.1711190001842293,0.1411626582027425,453,False,0.3806388663865485,0.3214297915373501,0.3806388663865485,-0.0870485382289605
547,0.4695794043615205,0.39371312340636205,0.13523628235249333,0.35213203915191155,0.2568026221934762,0.2193787505355385,0.4125076104352886,0.40073855380856455,0.12453093886270669,0.1478608789831218,397,False,0.3974742544921467,0.34504846549881385,0.3974742544921467,-0.10929545868496805
548,0.45629040513095226,0.38527149225076107,0.1346728804881586,0.3379815284296279,0.2802161378763294,0.20944144458695274,0.42136451485683424,0.4048102859190699,0.15487321413421287,0.15233091638280796,397,False,0.37725085152223703,0.3216175246427937,0.37725085152223703,-0.1127132563459435
549,0.46317313546709216,0.3700976234471555,0.1373782190842019,0.3593226081073477,0.27393764940052745,0.20815032699100403,0.4258711087795509,0.39752680233242565,0.1388662795006539,0.15318905343028635,419,False,0.38532886007174355,0.32579491638289027,0.38532886007174355,-0.1046669675191012
550,0.492631601825324,0.3830929135056695,0.1776786521351472,0.32542831587146526,0.2575296145333738,0.17244818831464145,0.4125948939350976,0.40914343525085733,0.13095883990877263,0.1491228937289772,387,False,0.3989440643993532,0.3616727619165514,0.3989440643993532,0.14583110329749568
551,0.49934781105474274,0.3880936994917372,0.1496791461429849,0.3491612896561355,0.250548235023625,0.20399349148798798,0.3884390111229263,0.4078243236387581,0.11486592202419356,0.1446724024348685,387,False,0.4098942357467486,0.3844818890305492,0.4098942357467486,0.06834819279055225
552,0.46901903971367676,0.38019849455543053,0.16197620889185252,0.359289490161161,0.25561538885847557,0.2066033994911399,0.4044223098045301,0.4055217213996093,0.13683333788437704,0.15934927010476632,397,False,0.37592759374219825,0.33218570182929974,0.37592759374219825,-0.021431017805404743
553,0.46684219286955614,0.42885628587725727,0.16253046266947524,0.37492860395363314,0.2520404052279252,0.1832152380266595,0.39201336135393683,0.37413579544520825,0.15218858692920398,0.13132943099158562,456,False,0.39299355119896007,0.3355127618779705,0.39299355119896007,-0.01858422678576319
554,0.4619876759453498,0.3941964140552515,0.1476881410607882,0.36962971268695916,0.2576106345443355,0.1939978463227279,0.4197038001534679,0.3837947448659273,0.13951257811853177,0.16070723069645676,443,False,0.3842473639336949,0.32247509782681805,0.3842473639336949,-0.0608202269179244
555,0.5020604571298687,0.3910917076358973,0.15324884969702623,0.33616390700656007,0.256996285913969,0.1715918068474814,0.395464928360389,0.4100294872330538,0.13605291342409395,0.14132680896410868,387,False,0.41189381851099954,0.3660075437057747,0.41189381851099954,0.153078337091731
556,0.48096035381283353,0.3692546547112107,0.13348917735586802,0.3579314759707599,0.25637242717813324,0.20796164854986796,0.4368035983803551,0.3785092439168753,0.13818547593584846,0.15574694327540267,419,False,0.3952924825490383,0.3474711764569655,0.3952924825490383,0.038921171379296876
557,0.49293643187155284,0.3492288355849447,0.1521827045165928,0.35630900575045676,0.2785099481333349,0.20595123368758683,0.393993586355351,0.4059012085207147,0.14250146341582315,0.15703536317279154,443,False,0.3795098904805398,0.3504349684557297,0.3795098904805398,0.09614166747812526
558,0.4627169844155804,0.3706183401587996,0.14393110399948494,0.3724976221873944,0.24963689456137286,0.20664362106103001,0.4348565132974109,0.39352827807262325,0.14599339841611897,0.13698710379076334,419,False,0.39353271129391604,0.32572988062481706,0.39353271129391604,-0.047068996364367954
559,0.4673832014152116,0.42223157723103644,0.13681159578147575,0.32924931103436267,0.26478159065004353,0.19199981762328527,0.406962895921721,0.39507470805261485,0.17886719649354058,0.12442426761339224,449,False,0.3932302133200497,0.34295893380181935,0.3932302133200497,-0.035533957946344376
560,0.4774003094569361,0.36786258427878393,0.18474786505163873,0.34504575063371207,0.26488108216305295,0.18681266824579393,0.4205815547757266,0.390732084570381,0.13504606781226464,0.1752681165523705,498,False,0.3678069745639173,0.3423542416446715,0.3678069745639173,0.08406931236709987
561,0.44867895597898577,0.41271297015043623,0.1476820953544661,0.36688307315977947,0.26022326665424333,0.19268617883736167,0.4167331105828715,0.3753928863016812,0.15626304277287814,0.16761101685149607,456,False,0.37081374010572,0.3009968606245197,0.37081374010572,-0.06882342505784647
562,0.4644680526668742,0.4014426607733236,0.1450557464933143,0.3843877246346421,0.2680533007127941,0.19141767594034237,0.3971833802062101,0.37778717954313645,0.15459646429042848,0.1464478396113432,456,False,0.38258856852202044,0.31941230617355987,0.38258856852202044,-0.09318813366671157
563,0.4851158243967728,0.366167479858519,0.17612414741074553,0.34366080334090143,0.2682332718254688,0.19820343589245148,0.4141092583036864,0.39800133959929385,0.1338851730128174,0.1497032957476957,498,False,0.3806295903235424,0.3512306513839554,0.3806295903235424,0.0702769691507991
564,0.46592783470405486,0.37650183641196183,0.12997875994228814,0.37090806184981917,0.24839145174577068,0.20358743061452686,0.4402008321216618,0.39224096699680927,0.12743320698588687,0.14026840487646206,419,False,0.41080861964154913,0.33849462771816796,0.41080861964154913,-0.0673776612127733
565,0.43281771472456526,0.4240369765592811,0.14247070270455844,0.37166082597356853,0.28448363278613303,0.19270770037479049,0.4119439060358343,0.37748413338155923,0.14831749470842107,0.1489109486242618,456,False,0.3792729602956404,0.2903470120200068,0.3792729602956404,-0.2095526217522118
566,0.4691703976420523,0.3621840046928643,0.19342349389920996,0.3579643100764653,0.27747757046677796,0.19691598218422754,0.4064909069950837,0.39247897905370355,0.15060771912504495,0.1594483984235771,498,False,0.35218544030495874,0.31856267851700737,0.35218544030495874,0.006081522831063662
567,0.445590290846097,0.4256521869994521,0.15238075387138672,0.37022401590305193,0.2663293539894515,0.1854075767014402,0.40022744716306174,0.36559599006036847,0.16710605400040165,0.18141010808461652,561,False,0.35774269027702077,0.2932095369747103,0.35774269027702077,-0.0498139009079688
568,0.46008435137962145,0.383670688978474,0.14406285434118454,0.3652405542344781,0.26840380802109215,0.20300812437853544,0.40018125767469515,0.4190098304918881,0.11944697771167403,0.15404435505603278,397,False,0.3937392187962341,0.34063737366794744,0.3937392187962341,-0.1541381938723842
569,0.43678314564841125,0.42192878565202374,0.1389022197571504,0.35107112107781085,0.2954186883597557,0.18690317096366546,0.3957653451856969,0.41078098311208905,0.1577343954365544,0.12726140034864292,346,False,0.38938099040873464,0.30952174529976834,0.38938099040873464,-0.23722917806570532
570,0.45926712330216773,0.40526715587237866,0.1593771340569383,0.3748687479358038,0.2809571830454973,0.18880175609801628,0.3921295418992813,0.3806112154979101,0.165702404541408,0.13503254834078732,456,False,0.3732378031727602,0.3242345749613804,0.3732378031727602,-0.1370258763066218
571,0.47350071691780005,0.35937028567857543,0.1829738053211058,0.3555174586116427,0.27198878543158606,0.2222730743670301,0.4112026798339455,0.3927292992660563,0.13763134000894406,0.14535625508335473,498,False,0.36420791182361684,0.335869376908856,0.36420791182361684,-0.03841754456630536
572,0.46001992588094703,0.4108260828998627,0.10840805521862751,0.37004242942642634,0.2694146625418641,0.18424360083349056,0.3898377048347369,0.39897863115802024,0.1793584903033597,0.14513123121322302,453,False,0.3944549595787271,0.3516118706623195,0.3944549595787271,-0.18306751976891003
573,0.48607028567675414,0.36392863506514755,0.18031650377184513,0.3738189890121208,0.25554102371559706,0.2005522251695136,0.4103973302313337,0.37923579143794184,0.1365904971965745,0.15037227127418318,498,False,0.3776105104235311,0.34947978848017963,0.3776105104235311,0.0778188034552895
574,0.46507599491053214,0.4102028341632513,0.12335721799723114,0.37192009248369023,0.2678694914850511,0.2097894616767651,0.40778724665591204,0.378809656788151,0.13531053803519297,0.13429287532737885,456,False,0.40383958067929104,0.341718776913301,0.40383958067929104,-0.17278113152656366
575,0.4772716992688591,0.36170067826953084,0.19860817013130014,0.3553374071286613,0.2628338239411459,0.1924894229737533,0.41707456986843044,0.39433688289283314,0.12891767202686513,0.15319311049411224,498,False,0.3734507200927608,0.34835402724199394,0.3734507200927608,0.020138237306803326
576,0.45824159400529707,0.41601843806946676,0.12670921608510138,0.37667546735529395,0.255113452366934,0.1848080606949348,0.39076453891335977,0.39359085251206527,0.16965343526039434,0.1528849323383419,453,False,0.38782612422384954,0.3315323779201957,0.38782612422384954,-0.09494054869718976
577,0.46929705592665866,0.41702352094508827,0.13083184617494692,0.37853071758589313,0.25272574326085423,0.1922580062481107,0.39361259055943715,0.38478418254461705,0.14537511308209447,0.14315053540652325,456,False,0.40134655213630793,0.33846520975171174,0.40134655213630793,-0.06728243076059577
578,0.48316977055332966,0.388863113613489,0.14977695903343938,0.3590367541640506,0.2612174499438403,0.22604358619492337,0.40114651124578266,0.3820990523050445,0.12883972541994973,0.14540901030512413,443,False,0.38689387832521227,0.35433004513337996,0.38689387832521227,-0.04802649320138999
579,0.44918680503196284,0.4198976208833584,0.14506932387729132,0.36573052613267215,0.26479553491448465,0.18861169104399697,0.3984558462817328,0.4056870808381578,0.16515404786140186,0.10391006619653764,502,False,0.4022050690790386,0.3452767388354252,0.4022050690790386,-0.20303345993389524
580,0.4583197009610186,0.40954556292525857,0.15219901220009616,0.3583223558397185,0.2624006742860856,0.20013996943110332,0.422362220441157,0.3676318006845115,0.1614717523573916,0.14876088000701582,456,False,0.37396647838680247,0.3095588209540028,0.37396647838680247,-0.029352969071645415
581,0.48140681745918307,0.3542754851699355,0.1938127977706941,0.3537279954111862,0.2725915353443837,0.20375057408138147,0.41541470341174946,0.39264797404819307,0.12461030192399006,0.14818733121895647,498,False,0.3745819215795615,0.356796515535193,0.3745819215795615,0.00268086194113444
582,0.4676003684026307,0.3834770160265556,0.1639005628626057,0.3883949290527646,0.2508347185116499,0.19288721570310174,0.40544752767376646,0.38119833367209555,0.1512006312064446,0.15458404208591295,456,False,0.37534109004560506,0.3163997371961861,0.37534109004560506,-0.006141344602303607
583,0.4651270965544552,0.3987020130460697,0.14926141328798317,0.37367825909210783,0.25904454983726394,0.20222786058553155,0.3884814342388488,0.3935877966340964,0.16085173493395666,0.15190929067304607,456,False,0.3725113046469334,0.315865683266472,0.3725113046469334,-0.05326622597102027
584,0.43516293460167516,0.42589318891799977,0.12933831097263687,0.35259309634531194,0.27417450848590535,0.1660339054275169,0.4096332561528432,0.4080059157750887,0.1895262161383674,0.12357420602175948,502,False,0.39631470887626447,0.3115887285799157,0.39631470887626447,-0.20098415464506883
585,0.4581349580596592,0.41627728350921195,0.1607684361888152,0.35097781132481304,0.2665512927865887,0.20881999862858036,0.3984308567885293,0.3834304363321671,0.16119622371229111,0.1462464225929983,456,False,0.36568960844242565,0.3118885354666609,0.36568960844242565,-0.05668139080340145
586,0.4408203936348512,0.4181961874291991,0.15007748584782232,0.36784376938197955,0.27489266961853875,0.19061890259726885,0.4008799947570023,0.385679859038139,0.18684705566914295,0.1291895778694073,449,False,0.37066080327005113,0.31163081576544394,0.37066080327005113,-0.19602764069053424
587,0.4675100519082449,0.37655516625089275,0.17953012529450485,0.355104558773544,0.2649059183731279,0.19838795539021126,0.41743301713132114,0.3967558841919647,0.12231980557033298,0.1585863420487731,498,False,0.3773882941969556,0.34519024633791195,0.3773882941969556,-0.06201702070924387
588,0.4595917116266887,0.39877384040846336,0.12745340284208168,0.3780641220460596,0.24152764490929585,0.2098242624289359,0.4123199669643774,0.3994717357970555,0.1587253360612346,0.1159183031716942,453,False,0.4059834356491696,0.3436734084549945,0.4059834356491696,-0.1522842041389267
589,0.46846255684926374,0.37415578991513465,0.18540742666124907,0.34848007315132495,0.2815360609684769,0.20662452935531658,0.42246421859361094,0.37371993794063524,0.1446221825409125,0.15401808014782223,498,False,0.35812516812066797,0.3238403743083512,0.35812516812066797,-0.011839677442187125
590,0.4636604999023998,0.36913304850511053,0.1735350182681941,0.34346016815019376,0.2698587899086248,0.21936584012020222,0.4212452251881045,0.40672507159963356,0.12306052012568551,0.14737228414047593,498,False,0.37711365163473065,0.3405999797767143,0.37711365163473065,-0.09579458597938298
591,0.4619697336653056,0.4095923877656686,0.14014710343347464,0.3740113574366163,0.2532830200887876,0.20024385978976936,0.40280783069697956,0.3750466692276989,0.16768453273044073,0.15495221274259238,456,False,0.37516128752736033,0.32182263023183094,0.37516128752736033,-0.045735208805454244
592,0.4832045559973323,0.360552807435325,0.17821583253119394,0.35215795273300665,0.2779516461614218,0.20230856953432777,0.41125483837364196,0.39138542231586365,0.12541737491902077,0.15655810342007817,498,False,0.3757774590831454,0.35778718107831153,0.3757774590831454,0.009421302385878967
593,0.4582102684498509,0.40108139358460254,0.16824001910880892,0.38055589215764646,0.25092713644928527,0.15355686096645008,0.39707034823256737,0.4073008684291338,0.17449428341698517,0.12449226221472467,475,False,0.3947206129891414,0.33371800623512626,0.3947206129891414,-0.09585938734707258
594,0.4729529400288897,0.35963793705772373,0.188241140952304,0.3557803980193513,0.26539401363931936,0.21541227403773291,0.40877130037460896,0.3975779389711118,0.13095665502076118,0.16066543698840077,498,False,0.3617281064418428,0.3419962850081285,0.3617281064418428,-0.009015721606869172
595,0.4564494011031415,0.40228367104106444,0.1463585739401663,0.377543025699363,0.26622054195244954,0.19265467366160083,0.42312754034067307,0.3698022890931814,0.1502696484384148,0.13964744154496966,456,False,0.38791024720868394,0.31680195955817186,0.38791024720868394,-0.10338256267147167
596,0.44166914425000936,0.4163080432531318,0.1456072028167485,0.3617185393223407,0.2834271304681376,0.16677173029730172,0.4128973924408862,0.3921389365681891,0.15849308748026392,0.1485032376431869,456,False,0.3853111020090373,0.29606194143326087,0.3853111020090373,-0.16482367744096743
597,0.4644841086295163,0.41881259092210693,0.12116789601695996,0.3734848145546838,0.26406202358851777,0.17651172951489122,0.3992482062454878,0.3884958918286215,0.15863811008710546,0.1352722429017401,453,False,0.40714447553945154,0.3433162126125563,0.40714447553945154,-0.11724475070737608
598,0.45084885767387817,0.40626129446743964,0.14852158436282736,0.3698638298690742,0.2490337836405441,0.20622820541276018,0.42126310275286977,0.38408675139525855,0.16118069216136063,0.1315933376683225,456,False,0.3842040225947313,0.3192555200055557,0.3842040225947313,-0.10466449898438332
599,0.4730281956966311,0.3627610375346132,0.17883896975341612,0.3471930579590367,0.27596464892967604,0.19618341020669836,0.41207529386819214,0.39244942477037115,0.15049302132006495,0.17608859401161536,498,False,0.35315931206398676,0.3225351743765662,0.35315931206398676,0.07509282022568174
600,0.4787562323676013,0.3575094920061147,0.1601514607933929,0.3546968350938867,0.29466987521964183,0.2076181304805505,0.41650548097293527,0.3927390159918131,0.1253917165270285,0.1346909108749552,498,False,0.3892348651380321,0.3533645158405728,0.3892348651380321,-0.10351005632763483
601,0.47200492403964395,0.3587579628257872,0.18879342828298687,0.35935515451920164,0.285393266456403,0.18947037464668617,0.41835238597409197,0.3894766572562029,0.13159596551368236,0.14949370289242134,498,False,0.3726620626483214,0.3404089585259616,0.3726620626483214,-0.055955363283428775
602,0.49706384020235933,0.35903659227378176,0.17554557126538323,0.3465281986582622,0.2850251526922577,0.1925174059399551,0.39650735316639635,0.3944120977175941,0.13934296422178852,0.1504143917291845,498,False,0.37797042711624457,0.3577208759805708,0.37797042711624457,0.12207615988648321
603,0.45229033774415656,0.4078453343582586,0.15145890053404315,0.3663599698683329,0.2517494902757877,0.18478007393286994,0.41555162852291494,0.3930800326596517,0.14720302214909117,0.15984657707385824,456,False,0.38314579965350515,0.3050873155950654,0.38314579965350515,-0.05965270161158031
604,0.4523232674108767,0.4194147280543511,0.14180032535569015,0.35769090767392053,0.26460660792416096,0.20434961371757518,0.39988592602654305,0.39543646669449534,0.14964727436757924,0.14490116842537773,449,False,0.38323581900737397,0.31052294205518655,0.38323581900737397,-0.12273043413193384
605,0.4575616561904526,0.4102127995857008,0.15276244096179148,0.3531230796490811,0.26547479938122714,0.19198090969963796,0.4138664642088006,0.3907508859597232,0.14664650810691301,0.14669722178793462,456,False,0.38404322138067615,0.3109151480835396,0.38404322138067615,-0.0737461491577937
606,0.4508378611270324,0.39642366692602604,0.1401262425650037,0.38762279987826803,0.2616883646533658,0.20671334621948576,0.40688142758382145,0.38209072625216667,0.15670819922611437,0.14964028143856686,456,False,0.3760081251630843,0.31071161856202867,0.3760081251630843,-0.149760700413022
607,0.4828799843903832,0.397858483555487,0.157195068477787,0.3600518005724013,0.26327104409843427,0.18978295990147456,0.4027995667549662,0.382505102997929,0.14541939553997568,0.13839905766516747,456,False,0.3913145732466397,0.34448092672521574,0.3913145732466397,0.015643995075968302
608,0.46639637993462485,0.4068381641928773,0.15769436698649608,0.38255437544095844,0.26994688574600173,0.17268178850163607,0.39546831504602725,0.38333688918227565,0.1418588096933797,0.1399469881303402,456,False,0.3940842888684394,0.32644939180428467,0.3940842888684394,-0.09457573224518796
609,0.4817525423117216,0.3629315206692673,0.17740546993500003,0.3543622821598248,0.26269500429068116,0.20794347301472765,0.42718239350796916,0.38718735109296554,0.12826865822006478,0.13434666873666964,498,False,0.3881396140481722,0.3534838840916568,0.3881396140481722,0.01056938703195765
610,0.46219777260574185,0.41562406897930376,0.15303756995413764,0.366382034043917,0.280590218060307,0.1950148641174793,0.4051518534440065,0.3571968992362026,0.15500668837203294,0.15312468541919216,456,False,0.37212467661873533,0.3091602026516042,0.37212467661873533,-0.06331907988591183
611,0.46422857721393174,0.376491728940293,0.1983199236274361,0.3564968300140466,0.2632833859754685,0.19608462944740057,0.4059198894724479,0.39866330956928053,0.14319647446529615,0.15604191622203042,498,False,0.3587993213180906,0.3210321027486356,0.3587993213180906,-0.02661755650806048
612,0.49790868021899465,0.37459195557939484,0.1635608673402947,0.33521697907716413,0.2543244362394148,0.20903466686952887,0.4269751017878842,0.37187408367715247,0.13092532992607855,0.16287820018515287,467,False,0.3855114204879032,0.36698335029291607,0.3855114204879032,0.20469156414398335
613,0.47159526277692215,0.3706063678962915,0.16518664626071086,0.3629505215903047,0.24157313867603006,0.1983857972118387,0.42286279159161594,0.3927853165118042,0.14322477615754559,0.1729393859855878,443,False,0.37315714076245693,0.32837048661937657,0.37315714076245693,0.07916062547374382
614,0.43669210600334657,0.42432561814923875,0.1343824622673136,0.3604310654715238,0.28871556049291947,0.17502649477607665,0.4090002706539368,0.37387236753946634,0.1743088028127725,0.17274923770524367,567,False,0.3668376853323269,0.302309643736033,0.3668376853323269,-0.1740402289140681
615,0.4473381278828104,0.425574487783645,0.14236735737667325,0.38173461093223454,0.2713131161039185,0.20087971509393024,0.3761502074772552,0.38228752616529077,0.1774928612271671,0.14030418069460843,453,False,0.3703225515448087,0.307033947188202,0.3703225515448087,-0.15038794009181508
616,0.4569432759297253,0.4312304515711936,0.15939400952434016,0.36440684696740283,0.2578269546639159,0.1972355129920821,0.3961679621158097,0.37050803775109953,0.15823857833370628,0.1496764703505217,456,False,0.37356530197935406,0.3072668055792036,0.37356530197935406,-0.014609132243530415
617,0.4805223104165888,0.3532913844585285,0.19177604455904643,0.3507198927842448,0.28806477617293735,0.2022092119730342,0.4060319919772792,0.3913616543216854,0.1375374471798426,0.15391120609124728,498,False,0.3616967340490527,0.34298486323674626,0.3616967340490527,0.0168438157853258
618,0.4600364207374417,0.42371448331934874,0.14518088214848385,0.3697621467109885,0.26990347399498826,0.1969815015479571,0.38570573865340757,0.3770594032710372,0.16754051448458504,0.14271952526924453,456,False,0.37611645368923,0.3173168954681972,0.37611645368923,-0.0826843070265576
619,0.45285493259876364,0.4353638935564733,0.14385887622173224,0.35995204832697775,0.25708410871688925,0.18032394859935305,0.4087742441000578,0.3583252318085283,0.16919554049517072,0.17997329284887978,567,False,0.3700971093988187,0.3089960563770314,0.3700971093988187,0.02664403919054164
620,0.4666932913103666,0.4076995873251688,0.13481145842373096,0.367581377430459,0.2725291101766996,0.18773913047954593,0.40474931165876094,0.37878947258914053,0.15096713315278648,0.15190647732366908,456,False,0.3886354774209544,0.33188183288663564,0.3886354774209544,-0.09012273887074879
621,0.4716901023497352,0.4000147198862179,0.15274742242311953,0.3645579378581001,0.2686392917305352,0.16805182085812143,0.4221217523034005,0.3700392730185761,0.14178349751038824,0.1601109772691681,456,False,0.39164226365164856,0.329906604839347,0.39164226365164856,-0.011102232692973835
622,0.4565698959683762,0.37138423268993753,0.17516625152789447,0.3656656355763655,0.28109173041338553,0.20424111197905387,0.4070700325303795,0.39988177280019643,0.13153819601019592,0.1599449147299499,498,False,0.36419916510616174,0.32503169995818026,0.36419916510616174,-0.14884312588447463
623,0.4680027900636133,0.3992775112575658,0.12690396759218908,0.359401978396719,0.2537518833843229,0.18368996431486875,0.4037603074410073,0.4003764169992588,0.18152764736304916,0.14787998244606756,456,False,0.3877344137848514,0.3410988224714242,0.3877344137848514,-0.04803460209438187
624,0.447536053389284,0.4185626217743387,0.1462405030785521,0.36694771374238183,0.2670443597153462,0.19202423400944765,0.39109877033691587,0.3896713541204795,0.18151381427659674,0.1501486914749437,519,False,0.3657290420902505,0.30129555031073185,0.3657290420902505,-0.11238540483539627
625,0.451004656031151,0.42525735580592045,0.1170909825814715,0.3757513561265716,0.2921962722610858,0.1773544280497441,0.39258200334071175,0.3827044238324721,0.15791038352959164,0.13601232470547536,453,False,0.4011299153573646,0.3339136734496795,0.4011299153573646,-0.23260708587846748
626,0.4580831709064834,0.4096158839654757,0.12724109211660464,0.38453048283046337,0.2697287981535683,0.2020013095098567,0.4027667668745511,0.37293746255255233,0.15433377175956708,0.1401433630618058,456,False,0.390327719456494,0.3308420787898787,0.390327719456494,-0.16673290559933837
627,0.47612832820301115,0.3539027464136167,0.17712103446183824,0.3612963848526744,0.2645216515490633,0.18474828121221612,0.42696592641102143,0.39424689300021243,0.138013899186613,0.15895200449479707,498,False,0.37838552580210416,0.33811442901639815,0.37838552580210416,0.06613044537461041
628,0.44624415549803415,0.43251363701326606,0.11184834229272117,0.3632012335057862,0.28686718570067415,0.20269731944896172,0.3798937139350083,0.3751113190096476,0.18941372781789378,0.15839393429568738,519,False,0.36968807290571953,0.334395813205313,0.36968807290571953,-0.23479112863771012
629,0.4426864919157509,0.42938070588327476,0.14394103417694037,0.36570129488626874,0.25597314838741275,0.19665333090380138,0.39947778937721534,0.3717381839401897,0.16494122917331325,0.18982161350094118,567,False,0.35739685809060906,0.2987454577388105,0.35739685809060906,-0.05262187399923447
630,0.4835426257997559,0.35807740601229926,0.16602454021229415,0.34758321000230064,0.27059705726137595,0.2040432295983374,0.4012977331640087,0.4150168663232099,0.13504936529618597,0.15236553588106932,498,False,0.3803024958858764,0.3484932605035699,0.3803024958858764,0.05821633753919651
631,0.4391704539639715,0.4162087949961925,0.14396663192023818,0.39180505317079806,0.27054905092625425,0.18750909282655723,0.3976755972777357,0.3902097670533627,0.15801644826973335,0.12620131056652123,453,False,0.39038434612339057,0.31296914339745024,0.39038434612339057,-0.21312863457273853
632,0.46763141178801737,0.3853978140576579,0.17060811713998006,0.3530145710169354,0.2682468299323796,0.173965986516505,0.4260419782194287,0.38196291161588836,0.166221932699067,0.14766611136462127,545,False,0.3743014117140182,0.3199653004233961,0.3743014117140182,0.023433482234882428
633,0.45141877315642404,0.42194104450184294,0.1609154015494757,0.371193582980883,0.27803385316441553,0.186863547627783,0.40026928494353264,0.3464954257306574,0.17118342694480304,0.18085698378855228,567,False,0.34947270327569213,0.29050337160694834,0.34947270327569213,-0.011812798269208892
634,0.4383603476540854,0.42765295029916645,0.14914490815545642,0.37334407789696705,0.2738939677136105,0.18434745881488282,0.4007519939171166,0.3789891904658144,0.1392727182548367,0.1751839241642728,567,False,0.3741460347566059,0.2990876293992487,0.3741460347566059,-0.15558678341722867
635,0.4662249091398097,0.40203570165605534,0.16087637196461613,0.36988687886301536,0.2810841742726903,0.1765986320998933,0.40103140359502126,0.36952621270388936,0.1548267776911322,0.16358969698294876,456,False,0.3701187760501397,0.31139813144867745,0.3701187760501397,-0.051057197469813305
636,0.44284344587322527,0.4219085058901635,0.17111852906041064,0.37067494816135726,0.25996760540639013,0.18598282368602137,0.3997788876207687,0.36115387762372586,0.18272969855191767,0.18271079692412523,567,False,0.34058441921476235,0.27172491681281463,0.34058441921476235,0.010137293190792682
637,0.46247476064960863,0.4053489856988097,0.1516164389581755,0.3434301837374618,0.2654074653406593,0.17807452710111196,0.41462596379571187,0.3849193333125282,0.16307417213977263,0.1790391895634422,541,False,0.3681224276198654,0.3108583216914331,0.3681224276198654,0.01931317650134255
638,0.47014487935102206,0.4131862164549693,0.14259416011870854,0.38117772855580306,0.25374016910706376,0.2017375487491199,0.4092251919546049,0.3635650095568666,0.14973833273660678,0.12435004429362974,456,False,0.399870457250519,0.34579483505739234,0.399870457250519,-0.06935625881798443
639,0.4710613462798831,0.3593997990093979,0.18934285211138077,0.3789153947538017,0.27815950064700334,0.2009480443045201,0.41604703711106655,0.3728676331390851,0.13016466837508214,0.15061316792050317,498,False,0.368544464190747,0.34089667790480094,0.368544464190747,-0.06675903904746765
640,0.441195388780371,0.42580465311933413,0.1520755403512328,0.37887323640182025,0.26687462388100963,0.1897903085199027,0.3965390457017083,0.37278909805528093,0.15158501933431762,0.17586857736663752,567,False,0.3652034969359268,0.2896103694460534,0.3652034969359268,-0.10778196870365674
641,0.453590126583107,0.42055556986575,0.14531538069321434,0.37026341739713886,0.2667114110167252,0.1888912523494257,0.3933511621882775,0.3574706524427045,0.1826955897376154,0.19098294936896837,567,False,0.34887843309041733,0.3082747458898927,0.34887843309041733,-0.020860753888977887
642,0.476057033281051,0.3680714224468568,0.17319346348254652,0.34434768624852263,0.2709820902281742,0.18876994208964554,0.40839275109497497,0.40556156109281594,0.1413409819763459,0.1703359850232483,498,False,0.368944547960831,0.33471605130470505,0.368944547960831,0.06182521708755756
643,0.4409258112345963,0.4388843724639954,0.15308893193910994,0.37299064723574415,0.2568936002939636,0.1915743370847416,0.39412532319088717,0.3635454439911451,0.16209156096169453,0.18422244630584378,567,False,0.3591377677503458,0.28783687929548635,0.3591377677503458,-0.015524378816985476
644,0.4378537740966578,0.4233684857225786,0.15619655629934706,0.3749061406822055,0.28308929645602554,0.19072019744155524,0.40584891653521704,0.35687893192763914,0.1599233425351526,0.17299157554901878,567,False,0.356100567679753,0.2816572177973108,0.356100567679753,-0.12069314352306368
645,0.4429861099397188,0.4341598892083799,0.14803613759865994,0.38512374173713076,0.2562074632311517,0.18122810807295503,0.4018511053193547,0.3514284135759985,0.16993614763323098,0.1807846126192916,567,False,0.3649035686313045,0.2949499723410589,0.3649035686313045,-0.012274243080041334
646,0.4370033498486135,0.43204306560890315,0.1411819833907638,0.3781769239117008,0.27686675443562886,0.18803516631208325,0.4010172815283794,0.34344884123043007,0.17563575439449072,0.194382136876038,567,False,0.35071926272950077,0.29582136645784973,0.35071926272950077,-0.08260628647674663
647,0.4738696643886896,0.41112677223289595,0.13876918299766847,0.36441857838547276,0.25476236610889635,0.18996680962274595,0.40590653363272666,0.378266783846143,0.1592382180746295,0.142023223653423,456,False,0.39277802754210456,0.3351004813910211,0.39277802754210456,-0.009569260003144165
648,0.43613804800070033,0.44294505889524993,0.16109421457818712,0.36984253724572735,0.2647094295071343,0.18351456581148626,0.3840748816683017,0.36277236407075225,0.1868891050460861,0.18181009646772014,567,False,0.34526782769351183,0.2818508443170628,0.34526782769351183,0.01268551081991907
649,0.44865735266696233,0.4276019561212074,0.14863000988435335,0.3775727764646721,0.25814085703417533,0.18615246059250087,0.3957273719758376,0.36147998757732486,0.17229940707646682,0.18156708118499007,567,False,0.3595893787864939,0.300027342782609,0.3595893787864939,-0.020162372234581324
650,0.4527649920289311,0.43344080652533074,0.15762016147391905,0.37840505913319517,0.25212057445704733,0.17612210552236437,0.3992879621254847,0.3527476353967488,0.16396175835904173,0.18376456636783947,567,False,0.36620644512234735,0.29514483055501206,0.36620644512234735,0.04017405394745052
651,0.44096289561285906,0.4157101696911703,0.1517284324373832,0.3944599471673981,0.27668808468206213,0.18021360362976033,0.3824580179808804,0.3656016657563747,0.16254100640549182,0.19678689223519738,567,False,0.3512963357935855,0.28923446317547585,0.3512963357935855,-0.13353442529626308
652,0.44063895853781393,0.41804216325358207,0.15448712929574504,0.3692307894479492,0.2867092733925987,0.176895836453495,0.3965444687192787,0.3720282500648531,0.17244564288472128,0.17887434219191345,567,False,0.35242322155811684,0.2861518292420689,0.35242322155811684,-0.1381369006898065
653,0.4497748192247483,0.4292531236924148,0.16535267644971843,0.3667306090331486,0.2556207896528408,0.17601187651640676,0.39984640080571154,0.36752881706583806,0.16412874512189443,0.18274717840992152,567,False,0.3603222603489597,0.2856460741028539,0.3603222603489597,0.015679509451573426
654,0.45547852667324257,0.4254625477924558,0.14429388873156318,0.36341910706791586,0.259759872933197,0.19190420535016026,0.3896657096126764,0.36815157117119784,0.17588997201424983,0.18976858533991808,567,False,0.3543050907225748,0.3111846379416794,0.3543050907225748,-0.0006442744581477249
655,0.43615128790824687,0.4278144532305402,0.1696299920554074,0.3691469035058258,0.2565990187530001,0.18318776732101763,0.41271986662833715,0.36003671823284383,0.1769223346700278,0.17617214104003673,567,False,0.35018758134388295,0.26652129585283946,0.35018758134388295,0.00589747446483485
656,0.44758712543898377,0.4357622967159538,0.1572989795023698,0.3693768096777715,0.2601490503317339,0.18933183755072247,0.3982554584677624,0.35450486330144904,0.16444248154155053,0.18370704473090566,567,False,0.3573073705301956,0.290288145936614,0.3573073705301956,0.0208370207895631
657,0.481249106438774,0.3587255202074121,0.18564127222419305,0.3421555180766215,0.2668966068746145,0.19585733900280908,0.42788907192003467,0.39131141481857945,0.14071872280294256,0.1502427436346362,498,False,0.3743608406526351,0.34053038363583144,0.3743608406526351,0.10798905888003481
658,0.44244678204647603,0.4298316604149921,0.1465916917679996,0.36955212863115444,0.2674534886213039,0.18650470873151323,0.3965712178436044,0.3757421555710462,0.16538073521699598,0.17120346976508682,567,False,0.36530518462170747,0.29585509027847645,0.36530518462170747,-0.08464840553740807
659,0.4412193566888743,0.4368020185138527,0.13556111664413703,0.3782532495104423,0.26142951630953587,0.1750211449173715,0.4031288183357594,0.3613518098209375,0.16131810449511005,0.18705036796727278,567,False,0.3739820591130383,0.3056582400447373,0.3739820591130383,-0.07525422090460708
660,0.4899035002124816,0.35383343771873005,0.20020614759825944,0.3644312145513627,0.2778587553644059,0.19779090853257492,0.3983121160820615,0.38723104894684307,0.13297248647681953,0.1389064666576727,498,False,0.37371935081155316,0.35693101373566205,0.37371935081155316,0.025992872729747138
661,0.44351231298984206,0.4117881117431154,0.15210787071904536,0.3753425591471614,0.25218719766121883,0.1993056263610715,0.39889071021484324,0.3755723596346355,0.16799372978642776,0.194928534554166,567,False,0.3472416906069584,0.2914044422707967,0.3472416906069584,-0.061010220379938786
662,0.4296597055183223,0.4285747931986412,0.16740469679724143,0.36747862348174526,0.27252136747849653,0.18337646070944533,0.3998198927107025,0.36816421505689834,0.1802691619892323,0.18126964491663708,567,False,0.34089119844560717,0.2622550087210809,0.34089119844560717,-0.06706949293688717
663,0.47259877230405767,0.40718385109584326,0.15888193858451885,0.3635877038126126,0.254181986565102,0.18415220651284409,0.40766894521957636,0.3836350745478318,0.14980537146750217,0.1381311585173408,456,False,0.39158556639943826,0.33446761378671686,0.39158556639943826,-0.004985144137267561
664,0.4782889442164717,0.3704340555650765,0.17563973665330504,0.36930178600957586,0.26244248675277393,0.18415637443786453,0.40782417692051315,0.3912567143122839,0.12968770233411084,0.16665612819599415,498,False,0.37856018995080964,0.34860124188236086,0.37856018995080964,0.01384731461770225
665,0.4425360122480444,0.42400510315546275,0.13879708114048636,0.3749616863822408,0.26953211330816185,0.1897866291637377,0.4089186875447238,0.3704522432017713,0.14440032675474104,0.17479507366311534,567,False,0.37646868406805184,0.303738931107558,0.37646868406805184,-0.13968959839739023
666,0.44769728821789934,0.43089788185232397,0.14458276283627006,0.37298834209722886,0.2737662194466728,0.1803278343532897,0.3951517856134655,0.35977443655043373,0.16487472351997706,0.18340488218844853,567,False,0.3634060958982641,0.3031145253816293,0.3634060958982641,-0.06785692153738616
667,0.440081674098134,0.41246335245028837,0.13749038243824546,0.3578892158690188,0.27552984911594713,0.18901662806921177,0.41072323897641216,0.3860767108374766,0.1588056264067185,0.18601556602821173,567,False,0.3628608796236167,0.3025912916598885,0.3628608796236167,-0.15302314743260625
668,0.4389461394176659,0.42730217445933255,0.15378302697733795,0.365557519037409,0.2759858305697002,0.1865728414190851,0.39928001961436155,0.36123845693539863,0.1934165170760312,0.17074047423203703,567,False,0.34615263693712883,0.285163112440328,0.34615263693712883,-0.07441081561346138
669,0.45145596002083327,0.41886306098091103,0.15572443674869996,0.3756656924354176,0.2550275836889232,0.18879944150543548,0.3923552899169495,0.3697398504036218,0.15563483473541692,0.19952370734648614,567,False,0.3552001748198712,0.2958211252854164,0.3552001748198712,-0.03635436878030013
670,0.44723388018816285,0.42570280433306085,0.14049923031610095,0.36731026016572815,0.26185369603620745,0.19013455850329938,0.413079143599518,0.36795610451301264,0.16488446201601728,0.16177345223396514,567,False,0.3745801689293985,0.3067346498720619,0.3745801689293985,-0.0664481227953096
671,0.448814032776247,0.42922271178477933,0.13104608326997338,0.3784764567842124,0.27378557706841017,0.17376602779281394,0.3873947682123413,0.36539340524067887,0.1730009412109958,0.18774124766223144,567,False,0.36758064192050416,0.31776794950627363,0.36758064192050416,-0.11278783217742078
672,0.49064107963482256,0.3586528010756337,0.17457280770630462,0.35164933015934713,0.262916462978035,0.1747170879842274,0.42579725681890074,0.3873528758575607,0.1496832165663432,0.15200274883553339,498,False,0.3849406016523807,0.34095786306847936,0.3849406016523807,0.1658123952915288
673,0.4367067511261055,0.4332405242000635,0.16351887611479482,0.3755195639451212,0.2549100838103657,0.1803368786604496,0.4111643221781947,0.354225282276511,0.17443880143840138,0.1771310516080135,567,False,0.356619759096725,0.2731878750113107,0.356619759096725,0.011841018771744649
674,0.4772148200986235,0.37310424143896986,0.18905252254398008,0.35942276740538387,0.25066746578057886,0.16593032687208276,0.42415114571436313,0.3836118087731638,0.13040218601259898,0.18357467786783424,560,False,0.37735214587856103,0.3468126340860245,0.37735214587856103,0.06666215267282861
675,0.43860492103258253,0.42299292393304316,0.16315259832784362,0.36369688072372536,0.2813077149034288,0.18872161929644768,0.40508764238417017,0.3592292420513849,0.16457048961652507,0.18663747130579048,567,False,0.34507433516208985,0.2754523227047389,0.34507433516208985,-0.07989737430982967
676,0.463830520084948,0.3608406067385598,0.18455764020232332,0.3513137700354839,0.2785293225146337,0.2069257136035176,0.40998685367617904,0.41032224849877613,0.1283144386171247,0.15445847397887227,498,False,0.36720334992094583,0.3355160814678233,0.36720334992094583,-0.0857653761311682
677,0.44914025575202177,0.414773998928607,0.16099672246743424,0.3791544089090824,0.2563048965546362,0.19188156550781374,0.4077097323334958,0.3598108398453278,0.18007289434496904,0.1610263992899656,567,False,0.3569037753804509,0.2881435332845875,0.3569037753804509,-0.01775896606996821
678,0.446529991411495,0.4215099209331924,0.1439637277887602,0.37554255008818815,0.27343049145469517,0.18529085750547736,0.3982687147066852,0.3699909175347867,0.1716521799875805,0.16465095468979266,567,False,0.365692560512265,0.3025662636227348,0.365692560512265,-0.10893318023965333
679,0.4711906501719097,0.36500271156116904,0.19392034554958054,0.34824086640632945,0.2590124495477165,0.20209710288584945,0.40031403393519693,0.41000490791515776,0.1458489475526757,0.16827844928063468,566,False,0.3542011153014664,0.325341702619234,0.3542011153014664,0.08066569863941231
680,0.46938780268727975,0.368580728420409,0.1803022648782269,0.37056630654641765,0.2924693679466438,0.20095309235999545,0.39727664100104704,0.387408775261176,0.12316620889954652,0.15808340486128228,498,False,0.36796469970996126,0.3462215937877332,0.36796469970996126,-0.15202501411110472
681,0.4529334842869134,0.3561833867764481,0.1999650676426414,0.3699741759907426,0.2693344924616242,0.1970994329028883,0.4117427867621119,0.40300395071738354,0.1593636784197934,0.14962416447446902,566,False,0.34942447389283243,0.30330931981244436,0.34942447389283243,-0.05739444662629775
682,0.4847840909597288,0.35561771809015885,0.17224204896785464,0.3687952110239558,0.2851537844501792,0.18906815066493052,0.41802477636171326,0.37765465536544207,0.13528417793429293,0.14182448685937077,498,False,0.384559704073882,0.34949991302543587,0.384559704073882,0.0069835107357679605
683,0.46590392905118344,0.36204937264350406,0.18621652295132066,0.346147748467537,0.297429066231162,0.19218578600247269,0.4054454574223886,0.40086114669020334,0.14986439587542297,0.15628334099327665,566,False,0.3555588581546045,0.3160395331757605,0.3555588581546045,-0.05207990677865466
684,0.46428957228186013,0.3555293362274868,0.19548807459548603,0.36658969952434883,0.28823164659125733,0.18860583818631307,0.40382635977797243,0.4010916377406309,0.13666256292679052,0.1554154365826933,566,False,0.36143063830336697,0.3276270093550696,0.36143063830336697,-0.09794906218372612
685,0.4407846512391547,0.42205800555594214,0.15368134566779634,0.3807828610207945,0.2626451842206752,0.19359527932347984,0.4093229322680424,0.35464250222601496,0.17425827800286683,0.16975938335143764,567,False,0.3563196609309023,0.2871033055713584,0.3563196609309023,-0.04886350377183217
686,0.4618214232203124,0.3595285506720609,0.18782432769556615,0.35650615772146077,0.2907201130204194,0.196622895055112,0.4050290505172582,0.3926960718152923,0.1655582566121198,0.16198319619585694,566,False,0.34112165953507223,0.29983822702445545,0.34112165953507223,-0.025305982042356494
687,0.4362621632383447,0.4049020079468401,0.13292479627265238,0.3659418359167525,0.2492395677918047,0.20197277969261745,0.4237707365660866,0.3902675620804246,0.1708189714268494,0.1736789166187732,541,False,0.36660024507240346,0.30333736696569236,0.36660024507240346,-0.10792853328758241
688,0.471071678128105,0.3633356851379561,0.169724370607676,0.3620812431041171,0.26113835890891807,0.20129656917790995,0.4175312708322995,0.40159969734439205,0.13166060834292617,0.1565462209997322,498,False,0.37831151241926336,0.3394110697851789,0.37831151241926336,-0.009432192248794309
689,0.4472897899769483,0.41647267488232265,0.15503681135561811,0.3584573700941443,0.26709973924849023,0.20021347495007116,0.4030010941784105,0.3729146355127034,0.17359600334923034,0.17582880845590665,567,False,0.3488032921408706,0.29225297862133015,0.3488032921408706,-0.04526456608864182
690,0.47758174416187055,0.35979384695997757,0.1783292894156473,0.3479812119083199,0.2768944540098564,0.1925026767024429,0.42684899996947734,0.3885193820573544,0.13865474714347692,0.15320401076590162,498,False,0.3746791226703832,0.3389269970183936,0.3746791226703832,0.050212406351497166
691,0.45727195147721805,0.4200893978318394,0.1478676307701724,0.37808486935615404,0.2727055139537304,0.17766653497261334,0.3910842958671349,0.36720309495250386,0.16091432350260587,0.17321114756568246,567,False,0.36976146522123127,0.30940432070704565,0.36976146522123127,-0.06305275175448478
692,0.4200472672862694,0.43560309860545127,0.1610329059139077,0.3706044077117541,0.27824956977730214,0.18860282947394663,0.40886408016607395,0.36699195851770633,0.15714550211557468,0.17603839654890457,567,False,0.35485265448526054,0.27845759648987656,0.35485265448526054,-0.12173065904961144
693,0.48654286260745483,0.36666342185700185,0.20656326143368545,0.3333431002367992,0.2791951095336289,0.20038777618137052,0.4003397086231361,0.3872984236722695,0.1407699675927425,0.1638739435734106,566,False,0.35324712332649943,0.3457728950147123,0.35324712332649943,0.12472746281944648
694,0.45800071490240996,0.4057056784177279,0.15333070314476727,0.3666924434528925,0.2491623747121239,0.16621407414046838,0.4231590734083362,0.3848324962934881,0.1622548708307866,0.15642663744394164,541,False,0.3867490707520454,0.3046700117576427,0.3867490707520454,-0.009844207460438186
695,0.4694456086832836,0.3540965706162864,0.193569520596919,0.35891127332799894,0.27656435636721804,0.20541787885126137,0.4220378375176271,0.3734982764394503,0.15421948100898944,0.166928375217271,566,False,0.3444435699749409,0.31522612767429414,0.3444435699749409,0.07657469625225152
696,0.43782834254196384,0.4281464788485474,0.1580650628342423,0.37103301096075647,0.2691677038114084,0.17585919153755372,0.399316288740819,0.38175005697517056,0.1620027236394112,0.16594481269665204,567,False,0.3671739957792515,0.2797632797077215,0.3671739957792515,-0.09903148349325877
697,0.42958218917627905,0.43538124908899234,0.1675900133208499,0.3651558323952286,0.2889734377796968,0.1957265119907293,0.40237782150285956,0.3555661938646533,0.161571879911384,0.16799374724654034,567,False,0.3487956092143919,0.27380936917760834,0.3487956092143919,-0.10795886849520865
698,0.4447637019432093,0.4249294837475685,0.15216952356740865,0.35726901314978216,0.2837328399132768,0.19921537905937345,0.38686172465350344,0.36697608395832365,0.16823199359304705,0.19492802787044758,567,False,0.34039063307343775,0.29259417837580065,0.34039063307343775,-0.08675666358514472
699,0.4319136285514797,0.4244210914193609,0.15007484795964215,0.37445291649881984,0.27105094055368495,0.1854792457491884,0.40847318597069177,0.36088720769625965,0.1727626626260229,0.1891345739231784,567,False,0.34994384476911816,0.28183878059183753,0.34994384476911816,-0.09769587959430087
700,0.45459027429115884,0.42283966459501227,0.14618082632687115,0.3528525610694163,0.2660568937552705,0.17646043939403155,0.4066958388158818,0.3684434705979134,0.16742964804431343,0.19383290731901934,567,False,0.36173467249966423,0.3084094479642877,0.36173467249966423,-0.013704623036281189
701,0.4513133680936857,0.42969668860827176,0.1504738620338149,0.35582594484691943,0.26405266083621365,0.19232279142804168,0.4006920674399315,0.37233384191754026,0.14849328339662407,0.18567113841363048,567,False,0.36565335045930736,0.3028200846970617,0.36565335045930736,-0.039145743844688004
702,0.4459702285631176,0.44326751974160067,0.142934695964768,0.36476558671710163,0.265835593393166,0.1763654580669682,0.397589038783319,0.3713909441522239,0.1554233842881277,0.1708863878648952,567,False,0.3796106536198091,0.3030355325983496,0.3796106536198091,-0.04545392960948108
703,0.44674643360175353,0.4291035253918386,0.1505356474878252,0.3703547334257406,0.26636742212178954,0.18895511326880304,0.3966019821895164,0.35554308330603585,0.1784401016011883,0.18510444134025275,567,False,0.3507542215786996,0.29621078611392837,0.3507542215786996,-0.015693112806379795
704,0.4366057022874929,0.42827242113645714,0.1504207526329565,0.3785974417335308,0.27322915831467764,0.18527532844604444,0.40389342143590296,0.3697557726658627,0.15755360153669704,0.1623030602726654,567,False,0.3699257165104562,0.2861849496545364,0.3699257165104562,-0.1267918122279939
705,0.44821777925887357,0.42482864372690593,0.15381849107614423,0.35516638844600457,0.261681802309875,0.20487888933500964,0.40698976856851243,0.3607736684537584,0.16156330147704048,0.19095658469451832,567,False,0.3497404489416127,0.2943992881827293,0.3497404489416127,-0.00593013566992293
706,0.4525639575744094,0.4148088283458945,0.15225490810125294,0.3704161572208385,0.2729794902055416,0.18053520605608248,0.38971778408492286,0.37896792536062235,0.15844137563625196,0.1871329521047168,567,False,0.35959876718428074,0.3003090494731565,0.35959876718428074,-0.085732056154728
707,0.45426893564218035,0.43219859845034614,0.15150975635103825,0.3704889554920707,0.24698664082261987,0.19327710309729595,0.3986089116021704,0.3568027779475033,0.16943214175633547,0.18265775770696022,567,False,0.3609916674550203,0.3027591792911421,0.3609916674550203,0.05446030068984326
708,0.45093514842389476,0.4375117393814983,0.15788102653869504,0.3533651103548185,0.2495615336032538,0.18215579171549603,0.4040780955468895,0.36495470098170857,0.16218350686173444,0.19290263757912676,567,False,0.3616063464979991,0.29305412188519975,0.3616063464979991,0.06662583236612095
709,0.47126354544741883,0.3713014511095231,0.19527676410204822,0.37870919948716164,0.26240966507240016,0.19256819606130487,0.404278382978939,0.3828680679620043,0.13698340850593843,0.1541345700654926,566,False,0.3665882433751156,0.3342801369414804,0.3665882433751156,-0.027506125931723628
710,0.44342439098038366,0.43204986387191535,0.15783970339682615,0.3718698998812529,0.26306502823371297,0.17669657772980446,0.40126343716837737,0.36474981799301714,0.16208228418506182,0.180988391793641,567,False,0.3629156474914898,0.2855846875835575,0.3629156474914898,-0.03427965740639395
711,0.44988587674171615,0.4186795152405695,0.15591994523688743,0.3768886295145226,0.26070938906773794,0.18636160441727048,0.402006902690129,0.37087645801126273,0.15702456546113577,0.17157636440211765,567,False,0.3664709077595572,0.29396593150482875,0.3664709077595572,-0.05598284210614011
712,0.44997427965960235,0.4120515609757203,0.163442818924597,0.3566922526108829,0.25866488878770333,0.1938756551785254,0.40147618250666633,0.3691926976804369,0.19478278971374738,0.18404276117206514,636,False,0.33560214907226915,0.28653146073500535,0.33560214907226915,0.03326394391027515
713,0.42927345740258055,0.4337804319378978,0.14686287587332567,0.36594261430700403,0.27094229891446237,0.1924438817241406,0.3925263559509509,0.3772188365752475,0.16243387096333506,0.1971699880514748,567,False,0.34999416490094193,0.28691755606457214,0.34999416490094193,-0.1225872982526728
714,0.4396569540833414,0.4178170730035297,0.1606736623285624,0.35932891753904783,0.2760052862402962,0.19997088898878848,0.41081593006612965,0.373357265611712,0.1553188779486086,0.16953098531873853,567,False,0.3554796277735221,0.2843380761347328,0.3554796277735221,-0.11097567565091809
715,0.45198075013550587,0.4133706774617545,0.14652037906766932,0.3708212455507398,0.25124454184686756,0.18300039606395488,0.4128614810597722,0.38056283937489604,0.15668226650698922,0.17151236756191823,567,False,0.3761560901710056,0.3054603710678365,0.3761560901710056,-0.04434607804414688
716,0.4517205544455585,0.4285310436981765,0.16223727802508386,0.3605412140444266,0.26035300812992007,0.2095371500300828,0.39235004323130107,0.36083656040613266,0.16294282141539324,0.1833503067561178,567,False,0.34653887100437003,0.2894832764204746,0.34653887100437003,0.0222793937215205
717,0.45065915737904316,0.4173660053842857,0.15977131161426475,0.37642914222034596,0.25544578499392606,0.18817206588090904,0.39156422717720174,0.37202301164621576,0.15901942074636982,0.19445835921740282,567,False,0.3533089666160392,0.29163973663267334,0.3533089666160392,-0.028928612407100592
718,0.44608310511277394,0.4246184009166777,0.15424290669887833,0.36099185460065286,0.27521285698920894,0.18533038725561352,0.4007241309587824,0.3618136513445479,0.1739748558060206,0.18643341064257285,567,False,0.3492425767425774,0.29184019841389564,0.3492425767425774,-0.04272704867326387
719,0.44446515445380935,0.413836750408575,0.14886950437712712,0.37632573474867337,0.25992861751181934,0.18525575938582425,0.4053360176277029,0.3578084709814743,0.17680773057505264,0.20478998327381973,567,False,0.3456034101263965,0.2955956500766822,0.3456034101263965,-0.05122459285247844
720,0.4412667373467047,0.42170535989694896,0.19083694999768555,0.37032910178824446,0.2720968169123403,0.16338847511200674,0.395207888973333,0.35274443662841454,0.2005734310714441,0.17973810092963094,636,False,0.3321056290871632,0.2778782622346979,0.3321056290871632,-0.024032297838074097
721,0.4718590318443085,0.3583353828514303,0.2156872713162674,0.3452937433001142,0.27443932554846456,0.200969146070151,0.39908252119595916,0.39367627407248423,0.15471400400909627,0.17119055956945503,566,False,0.3346100059251104,0.31714502783521226,0.3346100059251104,0.08906394060095282
722,0.4432815095910963,0.42024483159118753,0.16283344411877992,0.3760781045548003,0.2526738116858549,0.1769732280772228,0.39433680022073636,0.37080710702673225,0.19296557874700287,0.18316003316077778,636,False,0.345666790675387,0.2804480654723164,0.345666790675387,-0.0121938111823622
723,0.4482244721291172,0.42654479034910814,0.1666674676944538,0.3645554763125784,0.2527593560180664,0.18592666655315676,0.39461962394812794,0.36546534424896,0.1770863403385713,0.19331443178593652,636,False,0.3440073965186879,0.28155700443466336,0.3440073965186879,0.048577593879939394
724,0.45694914145651894,0.4279707895771043,0.1549098145729848,0.3685431648548388,0.2567256121689879,0.18876537092381948,0.39634601420083027,0.36052897101418846,0.1610446070227385,0.18349468060560034,567,False,0.3618258903996399,0.30203932688353413,0.3618258903996399,0.026941873795517827
725,0.4365044602823445,0.4318861345915139,0.15777904381642358,0.3560251026945609,0.2747401266441894,0.19684615393656732,0.3980326206405884,0.3727038290291661,0.14807224383920323,0.1944121300594316,567,False,0.35143031917850054,0.2884322164431413,0.35143031917850054,-0.10408447336795043
726,0.4579060554966689,0.41646057889627053,0.1792831174189294,0.35840874002849515,0.27363146796628035,0.1870004212738055,0.3823961441256886,0.3563153359836551,0.18455434082089506,0.19797044529794064,636,False,0.3263043508852148,0.2786229380777395,0.3263043508852148,0.0923661645447882
727,0.46106563592001387,0.41506033262768915,0.15162009535225568,0.37988268241112877,0.2723421877232371,0.18853984632483628,0.38144623654844534,0.3622533046527359,0.16280807138651598,0.18679185436922743,567,False,0.356071234798477,0.3094455405677582,0.356071234798477,-0.02665056227199079
728,0.43615017224430314,0.42632349530907376,0.1681714979294849,0.36643544400271305,0.2767821076045592,0.19441826341541196,0.3838647579929141,0.3673889619742734,0.19002178746607587,0.18061793792595848,648,False,0.32992066109325,0.26797867431481825,0.32992066109325,-0.05129552913764376
729,0.46287201072781403,0.37063931094424535,0.1897648498347036,0.3471268284033219,0.27990886044056745,0.1918412674607864,0.42081904788578534,0.3896682690211023,0.14078601392358714,0.167228869880284,566,False,0.35709544806837873,0.3220859968042269,0.35709544806837873,-0.023283911826161935
730,0.4457009231883217,0.42223376930513956,0.1641065061040572,0.38211993945248285,0.2585230449915928,0.18057097806572994,0.3881810634725002,0.3635987295419896,0.1992506399591652,0.1676105696426546,636,False,0.34699831501511474,0.2815944170842645,0.34699831501511474,-0.021280169233296408
731,0.4375619836688647,0.4493763032558381,0.1537050292767329,0.3777430849994363,0.2459907615316042,0.17727663088110704,0.3925597732121396,0.36008277027380525,0.17450202612195884,0.18475167523322897,567,False,0.36333309653957885,0.2956712739791052,0.36333309653957885,0.045352263734575606
732,0.45290840888946565,0.4315499356403683,0.16659820970109435,0.35660146038465196,0.2578258337614358,0.19271077036556017,0.3974009746640326,0.3672838423176027,0.16713508999489565,0.17131364748074268,567,False,0.35649910896463016,0.2863101991883713,0.35649910896463016,0.045978203450825074
733,0.45737875168468406,0.4412488374728139,0.15997760879799064,0.3576968182334846,0.254895214475968,0.18068899097415103,0.37701789917130174,0.3635508508638175,0.19377543183580287,0.18188890725017595,648,False,0.35042334707284656,0.2974011428866934,0.35042334707284656,0.12589290796144648
734,0.44119648415269813,0.425530176583007,0.155402961458712,0.3617306837880458,0.2864412746209458,0.1844151981304722,0.39188430496042714,0.371435708481965,0.1748054318926908,0.1764036876815436,567,False,0.34940520480527415,0.28579352269398617,0.34940520480527415,-0.10677783828028206
735,0.43381894806969207,0.43796992863240897,0.1542458030112554,0.36788183537874236,0.26777472445796485,0.1893768566007617,0.3929472448555127,0.36754466971656263,0.1785450534482188,0.17864152624533303,567,False,0.34985682169281923,0.28372412562115357,0.34985682169281923,-0.04616457741134351
736,0.4271163933881406,0.4328465009772705,0.18218644716115787,0.37170898317274303,0.26473144144833655,0.19444343662503158,0.39133064313699145,0.36202306844669274,0.17158443563429807,0.1931927647582685,636,False,0.3289706801622691,0.26126206534297247,0.3289706801622691,-0.01586506148888207
737,0.46722140649917154,0.3564165918029524,0.20046798294834983,0.36062202702658935,0.27427220742763825,0.19620681303351478,0.40815490786587055,0.3843968431005741,0.1675091435573886,0.16823400253321322,566,False,0.3362554121462744,0.29971226294178294,0.3362554121462744,0.07761664886120785
738,0.4544956030942404,0.4266744578129099,0.1728545206103368,0.3645529292486578,0.2668356666728995,0.1841029429655496,0.38461579377368954,0.3550092273106779,0.17399795897160045,0.1981762187027902,636,False,0.3383055329999704,0.2816410824839036,0.3383055329999704,0.068790891414169
739,0.434368027250088,0.4155850926576836,0.1772284244862174,0.3752933809517332,0.26108353180135924,0.1937141348174468,0.40340990423607187,0.34964521539671495,0.18772549503866684,0.20108815443107061,636,False,0.32121091955619224,0.2571396027638706,0.32121091955619224,0.01859054505327091
740,0.46632560696336756,0.36890772680128636,0.20147148162054185,0.3698866982675965,0.2740587500483485,0.18723634181345825,0.39848493691703524,0.3816808676129649,0.16658042317129376,0.16326474428252447,566,False,0.34148528999276656,0.3030608626808431,0.34148528999276656,0.017868107456640803
741,0.42893016973654224,0.42524480829532796,0.18011515785700713,0.3720874015118753,0.24850456805973614,0.1844619763725904,0.38842743524663886,0.37034768601768214,0.201355860135137,0.1998425719870627,636,False,0.32103733315488636,0.24881501187953511,0.32103733315488636,0.020751670413291703
742,0.4741205710365241,0.35946028667520136,0.1915689269965988,0.3654178378357657,0.28082632875513125,0.20045240769119305,0.39517056227530206,0.38326916291219315,0.15458895665964908,0.1725449845790837,566,False,0.34192723456518737,0.31953161437687505,0.34192723456518737,0.05531141059249287
743,0.4614611064022743,0.35529779608503925,0.1925577355394532,0.3707327623120753,0.28480528973929203,0.19958807110197208,0.4064792627496024,0.3859837176635682,0.1663392456709167,0.15319544255809975,566,False,0.3428320060761519,0.30826566384417453,0.3428320060761519,-0.04149534101400908
744,0.4377655455125999,0.41735926675163443,0.18579915501126762,0.35559309774404824,0.2772411760103433,0.19311345409068037,0.3860156342415499,0.3693539740043647,0.18920304959344947,0.1944764629945457,636,False,0.31446581864235423,0.2519663905013323,0.31446581864235423,-0.00699670586782939
745,0.46332023425916424,0.361547054975951,0.19841235031622945,0.3644285264598333,0.28428324632831736,0.19144259942154335,0.40516462360064226,0.3929938674464432,0.15458034915365565,0.14992533635073493,566,False,0.35224251907838466,0.31339489790842934,0.35224251907838466,-0.06651942559806401
746,0.4446992195937004,0.42334772794983994,0.18323825907279304,0.3575502854084912,0.2431562974919941,0.18621651465432862,0.4058929592386234,0.3776126399972577,0.17468262970673942,0.1730457813478056,636,False,0.34922740608935005,0.27165343824589483,0.34922740608935005,0.05287741568587587
747,0.4895782143078277,0.3661310671334518,0.18034739507896105,0.34280440816608365,0.27436120774918593,0.1837654950879569,0.41106520362240073,0.39572418873380116,0.1398752757958004,0.1484587859488174,566,False,0.38153640022491925,0.34970293851202733,0.38153640022491925,0.10009379684576944
748,0.4291095748983906,0.44216452098757353,0.17272460909848383,0.3658898297870128,0.26017189754669057,0.17065718431573282,0.3952522050296896,0.37595656216818435,0.1555725068437947,0.19509641986752396,662,False,0.35537333421347944,0.28659201414377883,0.35537333421347944,-0.041120157671924486
749,0.45079259672077227,0.4059515427643786,0.19467695120024284,0.37000702386326195,0.27202833297833645,0.16388906632349073,0.3956350971340405,0.3629868648264317,0.18953089984578034,0.17921347748342054,720,False,0.33511561729502254,0.28690353039728156,0.33511561729502254,-0.024506327916497907
750,0.445165721852178,0.4255900185411544,0.16903707734613574,0.3819183380046409,0.24883649145886372,0.18669539831322032,0.40489114371236323,0.3461785668649456,0.18235155266841932,0.18017260440248065,636,False,0.3479622960887067,0.27612864450604224,0.3479622960887067,0.06394662287977315
751,0.44450168523185385,0.4048699927675792,0.17398342204977726,0.3778153546997634,0.2826061256219559,0.1849317642127036,0.3977687821201536,0.3649130948265446,0.18041510134391137,0.16579115819402776,636,False,0.3417640024700761,0.27871052703782606,0.3417640024700761,-0.1026687611919121
752,0.4790413434939671,0.36867901306536704,0.1880973479732061,0.35585753692004374,0.2789458456665822,0.18011771053377681,0.4033158799228542,0.3875202922306967,0.13989896766966872,0.1729722698734229,566,False,0.3625522749423066,0.3391423758242984,0.3625522749423066,0.038221484139816915
753,0.4331568464331449,0.413423305214036,0.17333408647039267,0.3814732213824969,0.26514890966159804,0.19595494095720123,0.3983524800759741,0.3638205742686411,0.1787563437589111,0.1848879949357402,636,False,0.3317041291019106,0.2598227599627522,0.3317041291019106,-0.060097763101239945
754,0.4293961674423285,0.442142945957308,0.16522547812240132,0.37082156130272537,0.25273869996093185,0.17813145328342384,0.40056531067913387,0.3738214349645953,0.17896347859615583,0.16580058094518935,636,False,0.3597846868686132,0.27691746783490667,0.3597846868686132,-0.012422413221659786
755,0.46927145100228485,0.3680085911734663,0.1702149972994411,0.36923093923418876,0.2726308780264479,0.1760106748947688,0.41876959705911476,0.3867860445419707,0.138339911934991,0.17214135489555926,566,False,0.3737545851681601,0.33093153906729383,0.3737545851681601,-0.017454739751505112
756,0.4797269434931503,0.3690086890913269,0.19824610294581144,0.3728366975499401,0.27492730994650644,0.1975776699326148,0.3931049935193271,0.3844116436767671,0.13004862426076375,0.14679057490870656,566,False,0.36926468506427573,0.34967831923238657,0.36926468506427573,-0.04796670489440837
757,0.44764257705662847,0.4215747567693759,0.17216351786837547,0.3481054477610127,0.26307026120209615,0.1692594950915365,0.41502242884819357,0.3642280342900012,0.18991025595709798,0.17957406906385134,636,False,0.3482221784765784,0.278383081965092,0.3482221784765784,0.04626420117197083
758,0.44337072573764175,0.4142397648098498,0.15726140315839388,0.37642904061097093,0.25649183509015344,0.18484717589058666,0.39996721659483686,0.3777359818464572,0.17093700619147853,0.18320370888723983,567,False,0.35368882349639585,0.28610932257924787,0.35368882349639585,-0.0547422168046989
759,0.4532328077295995,0.42073133899973336,0.17764890689284632,0.3726718423876563,0.25327918369081726,0.18756030011494929,0.39756161395312434,0.35610519012720876,0.17963693638165493,0.17509124148503202,636,False,0.345515889712737,0.2781415662445675,0.345515889712737,0.06843924546933451
760,0.47346871239351285,0.34822080089489343,0.18646312451576033,0.3647988986960167,0.2846641364597035,0.1784153287638679,0.4127852851036014,0.39432915044017425,0.14612187304687477,0.16315160594556113,566,False,0.3643162411017582,0.3273468393466381,0.3643162411017582,0.01957758434726447
761,0.4721639184238598,0.35306480822008307,0.208878937941416,0.361326293308282,0.28518290534572766,0.19206311933576375,0.41055771080074827,0.38463755904477287,0.13606312797709522,0.1580663865358753,566,False,0.3558984395058665,0.33610079044676455,0.3558984395058665,-0.038684880100862594
762,0.47691888246191866,0.3589634560298974,0.19412726879713676,0.37505285381078846,0.278141870264339,0.19192494592572878,0.392532090553374,0.38572974863134507,0.15716489184664634,0.15354415638110458,566,False,0.35403171232548375,0.3233747260808141,0.35403171232548375,0.03375448171304138
763,0.4423127005767595,0.42584767349722397,0.16849915461037845,0.3593196183768222,0.2550505310881907,0.18440768967304597,0.3939204664266956,0.3764733997708151,0.185273272457348,0.18767517448992407,636,False,0.34066745084140904,0.273813545966381,0.34066745084140904,0.02386689708907565
764,0.4500686606215782,0.4427366754334434,0.16319450605603777,0.36858846188136174,0.25787373668993097,0.1639217912392454,0.37090058753553795,0.37846448701424634,0.17681609251706962,0.1830212388162066,648,False,0.36155654260135395,0.28687415456554044,0.36155654260135395,0.042587308001621464
765,0.47641796247751156,0.3671586340141409,0.17329011429698193,0.35699800069277215,0.2849424365102167,0.19346736404466397,0.40489504897991097,0.3949867196926672,0.1255102728528258,0.16252469103976303,566,False,0.37477964474452385,0.35090768962468577,0.37477964474452385,-0.055158241851965176
766,0.44365020556325585,0.416579749457422,0.19219373682042712,0.3658540651268229,0.2690513028571746,0.17486333711470856,0.3845647297247056,0.36469155466109987,0.2071076290985035,0.1791615370179855,636,False,0.32260930536665844,0.26878686844854727,0.32260930536665844,-0.003370513397420382
767,0.4352073938954622,0.4078516928501495,0.15271687582588375,0.39132299505050966,0.2659514001374068,0.17675400023543095,0.4036849818926006,0.3656791856912165,0.18081674985004306,0.1909076687999739,636,False,0.34791137139041395,0.2824905180695785,0.34791137139041395,-0.11065061851311662
768,0.4536912102206656,0.41492610258214174,0.1451811402387649,0.3742345002690836,0.2655609306843009,0.1818535034180116,0.38234348333209306,0.369655325027849,0.18337252800424347,0.20204257790346045,636,False,0.3461176444263724,0.30851006998190067,0.3461176444263724,-0.04990310560845249
769,0.43885285562900844,0.4331603851741138,0.16839257831725257,0.37055362756950805,0.2552602355538845,0.18853551486102732,0.40331423169540537,0.3473932280780584,0.185137017691018,0.18918412339256607,636,False,0.33973409118708636,0.27046027731175587,0.33973409118708636,0.0647874657894173
770,0.43015392139205927,0.4134184966745302,0.1824072412317099,0.3809340323755997,0.2706934003411687,0.17805794425055732,0.3976308769358204,0.3683120346479053,0.17476008477779892,0.19074828165133315,636,False,0.33283894334426856,0.25539383661426035,0.33283894334426856,-0.09263355389481255
771,0.4549998198129878,0.40897024394345743,0.17408265328119935,0.36049680219223923,0.2471916549913987,0.18986296447535178,0.40259495254357885,0.36126032981655953,0.20080936875983293,0.1881169984438167,636,False,0.3316306324269197,0.28091716653178844,0.3316306324269197,0.11423784687910589
772,0.4406958149286492,0.40794113010570815,0.1716639843849889,0.36969450335132553,0.2728998066701349,0.1952234496017494,0.41000642859770203,0.3542316461873479,0.18549347033000269,0.1806904142095707,636,False,0.33148293203824086,0.2690318305436603,0.33148293203824086,-0.026211194503154324
773,0.4327920772444405,0.41366522486167356,0.1600454758509564,0.3782865493512796,0.2814874897541994,0.18739317468540773,0.39310856249633397,0.36913013822748747,0.1855998984849714,0.18239161130359077,636,False,0.33588064851081134,0.2727466013934841,0.33588064851081134,-0.13867601018824288
774,0.4468754293146275,0.42324823089359553,0.18067862075238517,0.35751982645021957,0.2639814392713976,0.18697909042169703,0.4039712331751336,0.35316127844895695,0.17499994504535674,0.19367521340891336,636,False,0.3347583032614131,0.2718754842692708,0.3347583032614131,0.06758860111074762
775,0.4355889720999921,0.4301499129750129,0.14979349913579268,0.36887746388148973,0.2636435278734034,0.20111673775603386,0.39008144880517814,0.366605092788605,0.19417950855028687,0.18027828408600363,636,False,0.3392397974781178,0.2857954729641994,0.3392397974781178,-0.059624645355208256
776,0.4277327899360739,0.4274392518310391,0.16399995545825602,0.38040381317669697,0.27336195341861963,0.18994947915641494,0.39397352246528133,0.36591279185923276,0.1850889097134335,0.16901043038960253,636,False,0.3424328662311951,0.26373283447781787,0.3424328662311951,-0.10277727887686354
777,0.44136382368350435,0.4224064097463406,0.1744094961472201,0.3780088222047323,0.246495504053481,0.1882596926903676,0.3995440498466491,0.3631978875772216,0.18595815370639715,0.17644014421039753,636,False,0.3431606338246425,0.26695432753628423,0.3431606338246425,0.028518803647311113
778,0.47904318535559437,0.35892796274547695,0.18764581009535974,0.35072004158529224,0.272350631224037,0.2089928355289693,0.3967716919625001,0.39396059234477016,0.16454497326713674,0.16097267714222252,566,False,0.3451394875198268,0.31807050821337185,0.3451394875198268,0.12872536371869678
779,0.4719232002735882,0.354035233380163,0.20735618402800285,0.360966149436443,0.27415878493244306,0.21405702308205635,0.40812129377954964,0.3843378285651555,0.13686071054090343,0.1570399280334212,566,False,0.3497576109977538,0.33506248973268477,0.3497576109977538,-0.025037756902398886
780,0.475545654320789,0.371813899246042,0.19531100484311162,0.3417726837343615,0.29015193768590214,0.2001666094367867,0.41362332442643657,0.377314316729491,0.1459677795356654,0.147119134604434,566,False,0.35874671883575476,0.32957787478512357,0.35874671883575476,-0.004127647562290092
781,0.46249187430061095,0.36440729712454334,0.18556041710477628,0.36278624307167445,0.2718901426507267,0.19877712250236765,0.40034341290769465,0.4044227471729745,0.15169090131834986,0.16426421130876456,566,False,0.3517608299856835,0.31080097298226106,0.3517608299856835,-0.01502971191118333
782,0.4464686319779306,0.45323439770944557,0.1559643607273727,0.3707464435871718,0.2567852967858237,0.16558807401651002,0.38553304403067956,0.3686168090509762,0.16957261548302346,0.16382760257342957,648,False,0.3780175206436314,0.2972700369820729,0.3780175206436314,0.03199333553465294
783,0.4498356835251964,0.41480675851942655,0.1839812340809846,0.37532606898479143,0.24234864898666952,0.1975010195451983,0.3981331908747224,0.35749279913568033,0.19123079980010946,0.17390968941174317,636,False,0.3352533226364894,0.2759259941134532,0.3352533226364894,0.08556757989023318
784,0.45719139112501034,0.42443876622938775,0.2028747967970409,0.36977311471255947,0.2712915277606594,0.15722482760850076,0.39632380991948823,0.3300268259174012,0.19440015436924088,0.1756046652539484,720,False,0.3403236368966342,0.2999665635165096,0.3403236368966342,0.0817505874497602
785,0.45004293809332513,0.43896109112002213,0.17518696234310613,0.36562600818802127,0.2641939669782306,0.1679231155492825,0.4007239282205316,0.34112452237536833,0.19082492064080628,0.17042676738463522,636,False,0.35319641041048844,0.28211982254404266,0.35319641041048844,0.08323110954258243
786,0.4400297842571588,0.43055785026554777,0.15954879800920244,0.3659744439806606,0.25810307084017486,0.19965381775762908,0.4052400664636996,0.3591977099694478,0.17921863908163393,0.17251070957125056,636,False,0.34869041191614697,0.28048098624795637,0.34869041191614697,0.00024871833748940896
787,0.4338884674696337,0.40947826303255475,0.1599345180318126,0.3682713008767407,0.25350974164055445,0.18342791037018713,0.39086671522096156,0.39329307788032913,0.19602928647010848,0.19765840749525068,741,False,0.33355892925295705,0.27395394943782114,0.33355892925295705,-0.06249105074153645
788,0.4554303402924793,0.36420870382812043,0.23340087365994777,0.348825993677618,0.27916918833011956,0.16922865715399435,0.4033178952166019,0.39717671252246695,0.16095758599110602,0.17573815559314931,721,False,0.3325178548523342,0.2944727543013733,0.3325178548523342,-0.062365660188399286
789,0.44037741848939116,0.41998923612458094,0.17356993365835946,0.37264418942384897,0.24203040653030128,0.19464355216082044,0.3968137309517135,0.3783927086144655,0.17996326235096685,0.17661475634603035,636,False,0.34412207619723173,0.26680748483103167,0.34412207619723173,0.012880498365643233
790,0.4441237144922297,0.4260976163322992,0.15565409046836443,0.37774872284536415,0.26613485723404995,0.194992642773741,0.40172417657716997,0.3375254503995615,0.18651619521723012,0.18795937414106306,636,False,0.3409484494810929,0.2884696240238653,0.3409484494810929,0.022826340085568487
791,0.4370611776913951,0.41966987403318723,0.17313677686894793,0.3539590116139905,0.2827777285570201,0.1828971710142309,0.3993947028627202,0.36676745856252835,0.1909039414690768,0.1835700608490858,636,False,0.32995566577014235,0.26392440082244717,0.32995566577014235,-0.05340763742702831
792,0.44343996478365455,0.4243107985453838,0.15967661134481573,0.3661781255566182,0.264700507142458,0.18173625618013475,0.40983579123063124,0.36197454633652226,0.1852621354560839,0.16532051272895668,668,False,0.35551573563673267,0.28376335343883885,0.35551573563673267,-0.027098379496371082
793,0.47109878009063,0.35905497947444537,0.1952502465555585,0.35947118084763113,0.2719858841604431,0.18760619085775468,0.4140947993834766,0.39188316960478425,0.1486947355395365,0.15960520846115375,566,False,0.35878300713502753,0.3224040445510935,0.35878300713502753,0.03466007076883214
794,0.4494707725122679,0.43027513209335605,0.18812239420136503,0.35963672568275024,0.2757002487027898,0.16787765526254583,0.39906814946444724,0.337651218410888,0.20491110548798425,0.169307108724155,720,False,0.3376457188673924,0.2815931172497221,0.3376457188673924,0.05824216338405386
795,0.4464298422652258,0.4032658181352918,0.1932693867013427,0.35403606186311115,0.26203836749888754,0.19336867354697668,0.40326799083906567,0.36212678383746055,0.18764024248740296,0.20089100617970762,636,False,0.3140498701163178,0.25878959977782284,0.3140498701163178,0.08572105881990856
796,0.4488325508440382,0.4256387307229929,0.1716447384056584,0.36626977319310033,0.2745769059217366,0.17640033739898345,0.39142626280546433,0.3588751604380206,0.17533662129446306,0.1857610351333842,636,False,0.34437660076109755,0.27718781243837987,0.34437660076109755,-0.0035312669279176064
797,0.43820325809831284,0.43141028172779605,0.18560501357024897,0.3821464332170209,0.2634230800258805,0.19728065671355952,0.3920271064595989,0.3428999730518326,0.17265675906791578,0.17885910419975698,636,False,0.33530446811192705,0.26554649903039707,0.33530446811192705,0.037048548432237934
798,0.4485373786843013,0.43318539123351,0.14818295944796125,0.342253244547468,0.25509170280994437,0.207968647891606,0.39964485051102794,0.3650820634759653,0.1815176755558458,0.19441410023831557,636,False,0.3433503853760665,0.3003544192363401,0.3433503853760665,0.05801694934425968
799,0.4377647111767205,0.42974266989127646,0.18657639537279558,0.38683649850872825,0.2755748670890614,0.1558745016016516,0.3910184711220566,0.3452529632519572,0.18757022402620596,0.1780844111073026,720,False,0.3448046146959965,0.28189020957506894,0.3448046146959965,-0.04890456313498365
800,0.4584771215359935,0.4227814245602079,0.1637884010317774,0.3614632462792745,0.26943359890630214,0.17692755111559266,0.39072848575569846,0.3532027726099717,0.182417766813563,0.19742660656226307,668,False,0.3426414359677156,0.29468872050421613,0.3426414359677156,0.06184838694064766
801,0.4382180106764355,0.4268504631972579,0.152657530328281,0.3734153250686414,0.2480414033485605,0.18933996362354555,0.40548552716466607,0.3580312955819335,0.1910113524099267,0.19119600654663696,636,False,0.3448493996068948,0.2855604803481545,0.3448493996068948,0.005873040571054586
802,0.4380880723037705,0.4153216283677051,0.16670565307252647,0.3703900347391713,0.2549953173214032,0.1852231282786685,0.40563183709932304,0.37708590893949856,0.18160305360620405,0.1776692858689017,636,False,0.34625227276836223,0.27138241923124407,0.34625227276836223,-0.03378979092058279
803,0.4479368807275862,0.41908862214337966,0.17358670560016987,0.3753527618290082,0.2457168484459222,0.1973577407000348,0.4089860419589886,0.3495304942595,0.18310751316145044,0.17435274521802233,636,False,0.34414306471898604,0.27435017512741633,0.34414306471898604,0.07601109808297199
804,0.4505593818269048,0.42588079448531335,0.18677863157171604,0.3700441379072122,0.24825822587190402,0.17904127400226238,0.3939139294013913,0.3661848891773171,0.17241493687621212,0.17643264811062012,636,False,0.34916715321030983,0.2781444449506927,0.34916715321030983,0.057928624903082426
805,0.44102585920288606,0.4213311836798838,0.1699245687195277,0.3748148141888645,0.26241234018322934,0.1865740339422696,0.4050424435513806,0.3576983187053537,0.18654425902412103,0.16774798330774407,636,False,0.34588504168855777,0.27327787589514196,0.34588504168855777,-0.0180002253913794
806,0.4471943042152628,0.4036732163147542,0.1912067381134288,0.3667839411003687,0.2749221417716361,0.1597858592358867,0.3893194327433305,0.3711153515037754,0.21843795201847757,0.1668821260500726,720,False,0.33073759483689064,0.2874084449793761,0.33073759483689064,-0.10234143799705067
807,0.43105634770530643,0.43665818728512407,0.1593912607550156,0.3672341334229429,0.2638439704889527,0.1801459298318828,0.39538554604647835,0.36869414309913023,0.1818743954836365,0.18932505411296532,636,False,0.34543386912269886,0.2772669265301084,0.34543386912269886,-0.032087595820289486
808,0.4548229857707888,0.43320590497433964,0.1761073358156301,0.3497392689472949,0.26398792134005694,0.15832435168054582,0.39791236434076527,0.35116643499680084,0.20540838826104948,0.1831294674756348,720,False,0.34525489295030304,0.29649863409024296,0.34525489295030304,0.09007276261650651
809,0.4425279293793541,0.4208875994604051,0.18115537824072975,0.37063196550522226,0.2574283200548747,0.19608797939273373,0.40687500136297683,0.35267911547819986,0.17675629971334533,0.17591158311581112,636,False,0.33865508306989456,0.26661634626354297,0.33865508306989456,0.03609802981430619
810,0.4386567901478498,0.41909198934615377,0.19013950251864464,0.37556102126462515,0.2612461098765853,0.17132959223000394,0.39313808628059455,0.36594191953244537,0.19494521088891487,0.17511418020358058,720,False,0.3346883023681421,0.26732719791784587,0.3346883023681421,-0.026729118389019438
811,0.46792444231886554,0.34762552446181766,0.20150027844463025,0.35666771302976813,0.2838612608297773,0.18596890309050618,0.4036791310535546,0.41184080687310015,0.149463053690924,0.1493935992700626,681,False,0.3595054267798722,0.31853084304880297,0.3595054267798722,-0.012887315592758212
812,0.4320279244249675,0.42746043713533344,0.19013619305920487,0.3803341957997213,0.26807088955810116,0.15624435568425743,0.4124686234187246,0.3377173172081674,0.19489736521653805,0.17714666146509087,720,False,0.3427733981793168,0.2757835687407101,0.3427733981793168,-0.01691946678216327
813,0.46517392875996877,0.37653105753931365,0.1950099185220755,0.3687162484864471,0.2795651588851325,0.1930741290382836,0.4036458564435307,0.37358469524182747,0.15426352626736792,0.16164777649157822,566,False,0.34762098146334075,0.3109104024926008,0.34762098146334075,-0.030720815501082015
814,0.43820083974101903,0.4305319257403582,0.18345237568372122,0.3640890489791289,0.2659934882226761,0.16235556420610933,0.394459946510763,0.3540813779821468,0.20265376675990776,0.1930129255140614,720,False,0.3312055792333626,0.2758452755349097,0.3312055792333626,0.011628210673386017
815,0.44367860927313996,0.4111939842778768,0.19494936084719505,0.3761279684842962,0.2697729211292625,0.14781233268024488,0.40548180524782484,0.34350985132498846,0.2034496811954417,0.1901554553685366,720,False,0.33377285135126405,0.2958662765928951,0.33377285135126405,-0.04718895995514433
816,0.4517070187088465,0.41533781439902123,0.1698752035526848,0.3810890309202433,0.27588189526967893,0.17831732522885219,0.3926909430514737,0.34418665469061466,0.17884820079353814,0.19184274118765524,636,False,0.33974057901652305,0.28183181515616174,0.33974057901652305,0.005925173291979763
817,0.4248359177311959,0.42755279203667096,0.17758095021453804,0.3737804355561314,0.27160780283530617,0.17561645509904877,0.4101738778338901,0.3675248462777486,0.16792661046612342,0.17128291826541434,636,False,0.3506368879751229,0.2596261815705475,0.3506368879751229,-0.09136082889746969
818,0.42694553673059055,0.4047478208059289,0.17359683360395187,0.379672909352122,0.278243382349461,0.19492988999429278,0.3969406551347223,0.36810303258318855,0.17471344568335345,0.20150874733551583,636,False,0.320953971674135,0.2533487031266387,0.320953971674135,-0.13755737554806308
819,0.448481853827231,0.41596608760970455,0.18014673968516895,0.36668602952893337,0.24432301964427083,0.19284525008763273,0.40382967009834153,0.3589570832826339,0.1867863454209536,0.18768055663758212,636,False,0.334179369450842,0.268335114142062,0.334179369450842,0.09717519589062049
820,0.44191038215166445,0.4197433618124669,0.18053053737562838,0.38632995952537214,0.2637317769179203,0.153645911905521,0.38647194037302673,0.34979903665261713,0.21166111905863777,0.1923713579185332,720,False,0.3337127654899587,0.28826447024614343,0.3337127654899587,-0.040758213133967026
821,0.453321613836096,0.41478803742356385,0.1639660690380705,0.3683442926654279,0.25878404176284037,0.1944086446037195,0.39917917663011515,0.3524261906279524,0.1950182077787373,0.18314958661086195,636,False,0.3363645463389411,0.2893555447980255,0.3363645463389411,0.06032983875018161
822,0.4273527705627695,0.43544926439384685,0.18066364729262793,0.34650737495790745,0.27244546100546885,0.16924535992193288,0.40328658851691646,0.3512165749393674,0.2133417075486999,0.2016642581885861,720,False,0.31920452522667164,0.266203904471914,0.31920452522667164,0.03533461211154237
823,0.4666895331496359,0.37303603819295805,0.18094954091960588,0.34533020771089423,0.29954062700483153,0.20402780621261893,0.3910202699685494,0.3984993732239232,0.1509850188726117,0.15875230485485864,566,False,0.3497807704757376,0.3157045142770242,0.3497807704757376,-0.07022279171539224
824,0.4393283634342376,0.4012825125671243,0.17931582585423647,0.39910377472653724,0.2584399553852765,0.18930154937915483,0.40090655871905595,0.3574304367549896,0.18985398309495624,0.16544345804691643,636,False,0.3391540553361468,0.27388490538732113,0.3391540553361468,-0.0369462804119538
825,0.4746621007938944,0.3588942947783712,0.21128378751096744,0.34674017691179654,0.2662910701919855,0.19839477559924473,0.39873881887530166,0.38661868706517083,0.16201207929848402,0.18982938745596178,721,False,0.32675126307239255,0.31265002149541044,0.32675126307239255,0.1904132494562746
826,0.43964494836435386,0.42549021470729814,0.2017060959762037,0.3846414610710013,0.24552999334061634,0.16140820507283504,0.3982862821670073,0.3384174668633632,0.210918438575862,0.1818061477801456,720,False,0.33214185294303933,0.2782367432915188,0.33214185294303933,0.06100657226894206
827,0.4437587482322847,0.4174298149005377,0.17951360123301405,0.3703895677169671,0.28039402270419245,0.16079831862896082,0.39462917414047544,0.3602290670806375,0.19002428220849188,0.1825750727088414,720,False,0.33977330245187987,0.2829604296033239,0.33977330245187987,-0.07160478160455538
828,0.43529187915073136,0.4200563464025548,0.17802404640896047,0.3576158294689012,0.26085079742524364,0.15520674526519074,0.39747566878927704,0.38031885303492374,0.2062173908308564,0.19288540996727488,720,False,0.33584038382814035,0.2800851338855406,0.33584038382814035,-0.061361246503571956
829,0.4359311235756631,0.41666340553112613,0.19541029674349988,0.37457061242990064,0.27653477942595694,0.17396811436914658,0.3863110262496333,0.35690988628020276,0.21840383055495508,0.16373709427854705,720,False,0.32190049295790923,0.27219402929711606,0.32190049295790923,-0.0986496778045904
830,0.4371500640245815,0.4219020988042693,0.2087846693417879,0.3630479772232309,0.26221550318531395,0.17324425569112079,0.3916760535716502,0.366000909466173,0.20091987506555814,0.1702863280514099,720,False,0.32504099689447585,0.2668637359731716,0.32504099689447585,-0.017898919047030445
831,0.45048446332434927,0.41126509706699227,0.1955608723375873,0.36148179277012876,0.2686796636837225,0.1582710663174211,0.4013033305710915,0.3582574791944896,0.199053680150006,0.18099166479745019,720,False,0.33451373692843395,0.29221339700692817,0.33451373692843395,0.0002200543306861424
832,0.4510401363875512,0.4153581353583849,0.19252744705852584,0.3656589503548188,0.266922756003623,0.14874519941568004,0.38250093447507694,0.3609769009483651,0.2183758525169023,0.18866620268820403,720,False,0.32934689569354997,0.30229493697187115,0.32934689569354997,-0.03473058003346991
833,0.4375653995319148,0.4245662034740909,0.15081277791069744,0.3687274421324034,0.2465725720368653,0.19792755818455388,0.4101290521944746,0.3630113146692437,0.17984900895537687,0.1930636366941975,636,False,0.34669854043739623,0.2867526216212174,0.34669854043739623,-0.00710584583461217
834,0.44570625496112765,0.4169117640676484,0.15969826517290825,0.36853985460647937,0.2860606928832193,0.19286101057161026,0.396651440808844,0.3692012738232179,0.15892402539349645,0.16816799217064024,636,False,0.3552600707963531,0.2867822295676312,0.3552600707963531,-0.12972342639129697
835,0.4369990733478845,0.39790491081087237,0.19522116973176612,0.3746559317029805,0.25964191288460664,0.2013390545213848,0.4048740586145972,0.372956400586995,0.18327306098266605,0.1663288514126523,636,False,0.32701319195354783,0.2706702219352322,0.32701319195354783,-0.053066078555928355
836,0.42941356090352734,0.44432549306686603,0.1890548214911291,0.3673312898835695,0.2532035240114803,0.16219832630698575,0.40732279256316534,0.34990139127629216,0.1954875364389321,0.1747177963927732,720,False,0.3460306267214683,0.28212716675988025,0.3460306267214683,0.0558054134375286
837,0.43123728438618814,0.43189508914868874,0.16944262511277622,0.3678441528471033,0.25494858603762965,0.2020764391996369,0.4074549974594873,0.3598690198130126,0.17969831277372886,0.17271500729165007,636,False,0.3421477481412022,0.2624524640359125,0.3421477481412022,0.004050671154532865
838,0.45371538916687315,0.4298452164714959,0.2065973972573357,0.35712229568576653,0.27171637305311963,0.1649351162723436,0.39460722977488333,0.3384450614544734,0.18645575051877253,0.18192736078002772,720,False,0.3344966446132074,0.28878027289452957,0.3344966446132074,0.10218609048671445
839,0.42753249818416145,0.4100844057495037,0.18076923917486085,0.38427905975081655,0.27771860237945256,0.1818333284396732,0.3950598352350023,0.3705688640802461,0.17447487884353916,0.18620635954368275,636,False,0.3314958839453743,0.2530576193406223,0.3314958839453743,-0.13118265922754582
840,0.4478341990506838,0.40970493004038794,0.19431111357864686,0.3610331923770495,0.27035132666612377,0.16135900428986677,0.4054596275954971,0.3581292751453438,0.2107658249175262,0.16517184151171665,720,False,0.3356733319251752,0.286475194760817,0.3356733319251752,-0.037611532340390406
841,0.445183637160413,0.4132369970763918,0.19207176998832587,0.3719229021197654,0.2643992090984292,0.176839996256384,0.38791123358205604,0.3498632127931326,0.20966243632742237,0.19445165837453424,720,False,0.3148454692478458,0.26834364090402896,0.3148454692478458,0.055313361245891965
842,0.4780150263209637,0.37042088660110895,0.21292147214269,0.3259959002056876,0.2738821254954927,0.20667256982364318,0.39323374736385697,0.39929696526400654,0.1534108517127917,0.16537960995582648,721,False,0.3402499666367265,0.32460417460817204,0.3402499666367265,0.14101809427206174
843,0.45276727867661065,0.41948076367091036,0.16816943202584064,0.38408993160141,0.24163682395506123,0.20306206705790147,0.40594734131195115,0.3485522574470167,0.16927088948970495,0.16933556908449748,636,False,0.355625032721322,0.28459784665077004,0.355625032721322,0.06024692088574243
844,0.43083190928834686,0.4029834334764224,0.1691510937891889,0.3863132615705853,0.2621170440016336,0.17663134992205506,0.40696572875511855,0.36641804128639266,0.20007049426751589,0.18526392826963914,636,False,0.33319032024758827,0.26168081549915795,0.33319032024758827,-0.08036406593731187
845,0.44626725415511326,0.4079713288428395,0.1436950037999807,0.38369010637871204,0.2668992203382747,0.1952191116952691,0.3887599770600606,0.36539205936507657,0.18738362001519904,0.19348019953478446,636,False,0.3406876860930553,0.3025722503551326,0.3406876860930553,-0.09623477149790709
846,0.4206741741589589,0.42321145796660725,0.17432301952829668,0.3767584244548433,0.23736100018286227,0.19490660734125145,0.39898237259841884,0.37275533307863834,0.20798463660348712,0.1893936758904512,741,False,0.3239466356225816,0.24888843843831057,0.3239466356225816,0.0026476155146991517
847,0.4309849374585885,0.4209161868723049,0.19481334051434698,0.38128169829872366,0.26682620356718634,0.15338538881262004,0.41102885326163396,0.3409382278012131,0.20864040118604182,0.17411451807538292,720,False,0.3367930733344188,0.2775995486459685,0.3367930733344188,-0.05692503480575437
848,0.45904945085449816,0.3492718306480403,0.21800539312494024,0.3463029771565416,0.28153595643601226,0.19945535823213145,0.41182358458176627,0.39418710395128886,0.15891525247362132,0.17478431469964292,721,False,0.3268808794297135,0.30013419838087685,0.3268808794297135,0.037874352268569396
849,0.455922321732731,0.41282796154763685,0.17007736491853595,0.35538286565677774,0.25648231639532243,0.19264252730631148,0.41391472564091386,0.3529363118298405,0.18806313612918507,0.17981410962030117,636,False,0.34133147473077385,0.2858449568141951,0.34133147473077385,0.11006137551913335
850,0.44460024363784234,0.4030094447089656,0.19104889283626497,0.3786258612783977,0.27026495636246245,0.1707295948695145,0.38140974408264794,0.36008439240377965,0.219085506702033,0.18636637456092425,720,False,0.31516474502554087,0.27387064876832784,0.31516474502554087,-0.03354400100376306
851,0.4865698118399414,0.3459583913175269,0.20946875472277854,0.3469875261855933,0.2761683704538903,0.20305338874792514,0.3985415277910708,0.39460369611923035,0.15967493477278466,0.14745151226304481,721,False,0.3500995878827961,0.3391182995768966,0.3500995878827961,0.1504090189898636
852,0.435759019479165,0.43352003130907096,0.1759815207942445,0.36624542633196416,0.263266799439141,0.19884359346547612,0.39535730795866986,0.35668763215407734,0.17918171142014086,0.18050350545501798,636,False,0.3345161592537,0.2597774986849205,0.3345161592537,0.024935735823495397
853,0.45050715637294425,0.43287901349112223,0.18253633382718312,0.376656125445111,0.26309611650657033,0.15443342421094797,0.39087152824555743,0.3411607563701987,0.18439341617129115,0.19552063188201968,720,False,0.3468539871095162,0.2960737321619963,0.3468539871095162,0.05302050961132837
854,0.4290996653318201,0.41886536920564893,0.18574685329940435,0.37428474626969993,0.26127073408685997,0.19197790778810941,0.38779768770716333,0.3692615076899423,0.1978407983575113,0.1866395246868555,636,False,0.31760375511092415,0.24335281203241574,0.31760375511092415,-0.020070098035400413
855,0.46034938822571186,0.36184955598041196,0.20414851229770895,0.35021614021568376,0.28439388213509825,0.20685070241920875,0.38954796326931773,0.40092627457590485,0.1757816328775859,0.1604980080224123,721,False,0.32568797816744044,0.2998513802032996,0.32568797816744044,0.008643560816631887
856,0.44938499073678423,0.4301783070905697,0.16910893147119693,0.37664391239261086,0.26324534849964526,0.18892598226664503,0.3873118975218212,0.3369697311808853,0.17324786242409482,0.20970507612535927,636,False,0.33510600472509977,0.2802760592655873,0.33510600472509977,0.0802100950649324
857,0.42574976933714953,0.43535123458013936,0.16799828322735116,0.3662857288772003,0.25269958994291924,0.19111468619190597,0.40789659453742705,0.3594395361835341,0.19595440043587029,0.18017028894819803,636,False,0.3370461568152144,0.2673529513527882,0.3370461568152144,0.02616399324110092
858,0.4432035097447835,0.4229268189393384,0.1711491942948843,0.36956593686020817,0.2546421703868501,0.1868863891479388,0.4047683933030681,0.3589461490312691,0.17707740753628776,0.18715547175337413,636,False,0.34294174363931207,0.2720543154498992,0.34294174363931207,0.031367440822662136
859,0.44930070172190106,0.41595552162022925,0.17263323436502784,0.36728135168202675,0.2508368732309129,0.18564759870975936,0.3976082272535763,0.3695023782990739,0.19131296319342608,0.1783337625126811,636,False,0.34100801528623514,0.2766674673568732,0.34100801528623514,0.04185601168753019
860,0.4385984033412246,0.42955692540442725,0.1747781162326825,0.36880723290644285,0.2652831235200103,0.17563508686914478,0.40024978314345167,0.3559860727001698,0.18493394387209122,0.18492368058918265,636,False,0.3406928028795229,0.2638202871085421,0.3406928028795229,0.008720467672282834
861,0.4344944585315116,0.4241668483434505,0.18441600624360432,0.3749146810649678,0.2692617574881724,0.1946682687778561,0.40196069868746437,0.347219051830357,0.17318552139508467,0.18493902199412698,636,False,0.33082817441163503,0.2613089371364269,0.33082817441163503,-0.0029804445887466058
862,0.43825664357870037,0.4144658956031697,0.17973930741591593,0.3751010677657332,0.260152373038102,0.19718222291402204,0.4021602257445227,0.35922944930363404,0.1816189794047731,0.18115717414187102,636,False,0.3309839206170588,0.25851733616278444,0.3309839206170588,-0.004016661256139676
863,0.4317362641297288,0.4172274995379135,0.176452751807153,0.36408747073408887,0.26691146201037624,0.16636080514604862,0.3895174169705876,0.38444877665501886,0.19131905250483955,0.20195159323732975,741,False,0.3300752620961472,0.2653754589836802,0.3300752620961472,-0.08015816498726425
864,0.4409736280962268,0.41930084584618416,0.16949802704352393,0.36708648464298715,0.26020755275886454,0.1818929931110691,0.39803147188534044,0.3741582576145353,0.18461821529389505,0.18151203924481873,636,False,0.34205715894832583,0.27147560105270285,0.34205715894832583,-0.020264973281817925
865,0.4433844586367865,0.4204825892629961,0.18725071448126188,0.37286575045431625,0.2597842016380093,0.19239326163525525,0.39377975268703613,0.357279802609686,0.17814819644856433,0.1831987625780849,636,False,0.33145732428215285,0.26523626218822216,0.33145732428215285,0.03390459939968559
866,0.4508695945563445,0.4240133426010287,0.16827247767447934,0.36999732677078845,0.25900373536897797,0.14850023076570332,0.4005995763420002,0.3563108081317929,0.20475908518206273,0.18225448265157976,720,False,0.35360226440825654,0.30236936379064117,0.35360226440825654,-0.014219429119496703
867,0.4330371505095945,0.44000403934519267,0.18357971623678881,0.36295683395479444,0.23860162858513284,0.19793980955972162,0.4108597793360588,0.3506004553838394,0.1725391831486595,0.18928545486994777,636,False,0.34008737969226116,0.26746485619653315,0.34008737969226116,0.12295012623573026
868,0.44377145071855506,0.4374070590610593,0.1874693328556134,0.3632700516522983,0.28289943636812603,0.17781884578528312,0.37678614803379995,0.3510122906648481,0.2005094498874062,0.1661294102981638,720,False,0.3328796418220094,0.27764204042039126,0.3328796418220094,0.01960118575504433
869,0.43905065742326244,0.4218287853779901,0.19222551217031755,0.36635478562896595,0.2557060000010447,0.1802042624984508,0.39698882631210364,0.3653534161807767,0.1799049409559822,0.1918862949488537,636,False,0.3305631332934992,0.25914571646728024,0.3305631332934992,0.028287050012488418
870,0.4380990819431981,0.41787142209410955,0.20023509515813434,0.352398137889848,0.2637447279159395,0.20227182935993232,0.40985936756806834,0.3542328755397521,0.17519378313624318,0.18585064076897914,795,False,0.3206042966373885,0.2629052988069549,0.3206042966373885,0.0594647711762504
871,0.455240459728722,0.4117414073401403,0.19460458335637737,0.3564170609681245,0.23746346396098733,0.19375945452366566,0.39950933585947335,0.3531982130523662,0.19132406795035312,0.20839352927114685,636,False,0.31873006684970223,0.2639163917783689,0.31873006684970223,0.20898220761977454
872,0.440182743381453,0.4285811379790983,0.18532680131807583,0.3765307562901261,0.25786683376024966,0.19421703319789188,0.3833470673370792,0.3681357391173358,0.18139062779751833,0.16382585460361146,636,False,0.3400868739944158,0.2763568887778416,0.3400868739944158,-0.004185959217159166
873,0.4487462474596563,0.4194198599496388,0.1665791776941975,0.37876772306348677,0.2564621694308708,0.18597434564927853,0.4039572512356275,0.3482178350867209,0.18074206749188443,0.18448863907106952,636,False,0.3456659971855847,0.2821670697654588,0.3456659971855847,0.044437867548879975
874,0.4270965743586218,0.4216800579214749,0.17397672296824948,0.3766078367628907,0.26543218864500856,0.18834936173060624,0.402731977799207,0.36470894591613096,0.1733886814583417,0.19098182429773725,636,False,0.334886878126388,0.2537078929002801,0.334886878126388,-0.06339925181602603
875,0.4334245559761238,0.4363757534060813,0.15835246661542654,0.36040055702112705,0.26248096533700993,0.17768970588091262,0.39371843533898515,0.3742720466992868,0.18326166828627308,0.1939247066833745,636,False,0.3451665519515747,0.2780232867906548,0.3451665519515747,-0.022803829761771442
876,0.43736659682935297,0.444464389036709,0.16621314544679916,0.3663844123956427,0.2551465826092388,0.17330003111192105,0.3935662464585623,0.36026786214305123,0.19002073222076077,0.18267358476646176,648,False,0.3492624759107846,0.2782512435899098,0.3492624759107846,0.05157487646049619
877,0.4209181487806302,0.434302173747553,0.18434163900080208,0.37537480094152736,0.24729561610371392,0.17172614252701182,0.3840276420380058,0.36703420031049505,0.19016759197543615,0.224324354446747,741,False,0.32084551768474684,0.2625760312205412,0.32084551768474684,-0.004095397407219978
878,0.4475357982319138,0.42761051243188986,0.2078690194844873,0.3547834378648279,0.25659246321214924,0.17673195730758814,0.3940512796775987,0.3653224449228443,0.18663901092532809,0.16472779007757088,720,False,0.33779253725338293,0.2828080081543429,0.33779253725338293,0.0506823060030795
879,0.4345329735394812,0.4247275489542143,0.18691580410789277,0.3721354445690449,0.25035100696022033,0.1798339589963419,0.404331349968471,0.3597425497526956,0.1925893018347545,0.17988950995261468,636,False,0.3347968978593705,0.2546990145431393,0.3347968978593705,0.03259372516895527
880,0.462691125140815,0.3499578801741123,0.21834881892382493,0.3560251028400066,0.2567625781389903,0.20884897006238615,0.4116820851313765,0.390334450053138,0.16516171520854417,0.17421221577882953,721,False,0.3262090782486983,0.29752940993227084,0.3262090782486983,0.12353360545545101
881,0.4381633541685569,0.43565798109730164,0.19056696790973718,0.3443026197927008,0.26773843488872295,0.18903361376940558,0.3806185091887709,0.3753735409254579,0.1807204460471517,0.19365364515208802,744,False,0.3244553967706875,0.2574429081214052,0.3244553967706875,0.07896718448919877
882,0.4342945129948442,0.40678521259382544,0.18399336262411597,0.3714018044682928,0.2554023846787827,0.2009649519834719,0.39991179191340903,0.3703890268102514,0.17580930026841812,0.2011902988876362,795,False,0.32022364977250956,0.25848521272642605,0.32022364977250956,-0.0185002590618871
883,0.44383462018692726,0.41611516161704454,0.15924941722651229,0.36063464531783324,0.27438019456221124,0.19003752124250595,0.4061032701456658,0.36337737486240823,0.1791541751271727,0.1843456704320838,636,False,0.34210103679167597,0.284585202960415,0.34210103679167597,-0.044777619740184404
884,0.44189660882955706,0.42352077887991363,0.18022223480559776,0.3798366989070263,0.2498271461767015,0.18754326699774357,0.3754397944572425,0.357850390504978,0.2004580753956509,0.20449964304615734,741,False,0.3192821542772766,0.2616743740239593,0.3192821542772766,0.08582466348946102
885,0.4247423648248348,0.42507018333313235,0.17498403522292452,0.38221432431761554,0.2441955733237737,0.1895908893456414,0.3829429304688281,0.3790060099814226,0.19691998234107347,0.19379771430689433,741,False,0.3267523963712315,0.2500861481102078,0.3267523963712315,-0.005145956625473278
886,0.46049260821088683,0.4122689950268507,0.17432221767190617,0.36674606151652744,0.259508760270052,0.18205125533433136,0.40045300225141905,0.35325255423738194,0.1892357614669864,0.17788288444829178,636,False,0.3430407084640039,0.28617039053898063,0.3430407084640039,0.09266529098150104
887,0.4839391994256047,0.33488685062538137,0.22705631272252233,0.34005614494973163,0.27753898393045906,0.22073953339850666,0.3992611001975573,0.3916670195543094,0.15124799989618615,0.15817278734358592,721,False,0.3352532856805832,0.33269119952941856,0.3352532856805832,0.16021108876828477
888,0.44624158446463286,0.43050174291721577,0.20087605253035665,0.35791013236585245,0.273156178666639,0.17040840321803616,0.3782685295907203,0.3606731682175987,0.2006779974083777,0.17317231615835255,720,False,0.3282759225681035,0.2758331812465967,0.3282759225681035,0.03455808920156194
889,0.422987830864149,0.4338650642619971,0.18791200385161994,0.3570993870073726,0.25419617284321655,0.1708082178817682,0.3923729942828636,0.3752637574392379,0.20698459900274527,0.1964644687033163,741,False,0.3223772543653004,0.2630568463802289,0.3223772543653004,0.017086463264941124
890,0.42477095579614277,0.43259134753332695,0.17550700815949946,0.37024512904403056,0.24282820456817192,0.17832494758813405,0.393005298161088,0.36463776344032034,0.21358863992741037,0.20186852596629257,741,False,0.32295222647420335,0.25708433937382746,0.32295222647420335,0.03091443266504597
891,0.44015375147965013,0.4207400573893702,0.19873991103205654,0.3661692282646134,0.26294331955616523,0.17761022508743804,0.39431476423263856,0.35676560285805264,0.1968407678257171,0.18294350301088255,720,False,0.32309582965030387,0.2625435263922121,0.32309582965030387,0.033009588673114966
892,0.43786422605376424,0.4335468358332379,0.17991984807692288,0.3761264285850493,0.24168758475091742,0.20003128889489455,0.36514431493281585,0.36869192297089093,0.20581636521901364,0.1908400705454141,741,False,0.32069115807378107,0.25794437797684133,0.32069115807378107,0.11690879619710975
893,0.4373472510605288,0.42451287215843014,0.19096429176895363,0.37462713177630186,0.2736199726665677,0.16935386462291444,0.37995747429618715,0.355635636138109,0.20249796437015638,0.19053850089711621,720,False,0.32129596920868647,0.2679933864376144,0.32129596920868647,-0.015778888692258984
894,0.4217831152286737,0.43242362371689663,0.1794981825405786,0.37794870711386164,0.25444639180628636,0.18279114176662284,0.3769712409651433,0.3692424135789225,0.19334954307490781,0.21460918082851194,741,False,0.3173260951859884,0.25292544117631804,0.3173260951859884,0.0011648398303741325
895,0.42395374715173356,0.403013392834931,0.16567573093854873,0.37045311844276063,0.26776633409590334,0.19724433146128006,0.4122152110940084,0.36779586129343583,0.18323070928195656,0.20925262256683877,739,False,0.31977063765653574,0.2582780162131848,0.31977063765653574,-0.09866401906868368
896,0.46561742890013597,0.42044143108637466,0.19405612240296724,0.35513446867168913,0.2783594051463807,0.16515512692754292,0.38998982990853653,0.3354782495633811,0.20016880790690944,0.18216941028805442,720,False,0.33335732195262213,0.30046230197259305,0.33335732195262213,0.14616080766846024
897,0.4439882101550244,0.427687372541903,0.1892640133544226,0.3362040095109165,0.27753963236477663,0.16648817789898693,0.3790644778674421,0.38171112144967995,0.19759413165265843,0.19473242527413065,744,False,0.3259679660980972,0.2775000322560375,0.3259679660980972,0.03860772654323891
898,0.4110620726881859,0.420542976511522,0.19587440532942088,0.3686885758616063,0.24704868621378587,0.1913629660627345,0.39946410408353694,0.36904083826183953,0.2199952135042733,0.1950899428693562,741,False,0.3018970439494049,0.2291800104487875,0.3018970439494049,0.006607329761352582
899,0.444992157050205,0.4219931524858552,0.18313762146018914,0.35878427210932473,0.3051516893930441,0.15339144609260233,0.3916573286165974,0.3411618098795779,0.20512838522066995,0.1820088729575977,720,False,0.3325629020900676,0.29160071095760265,0.3325629020900676,-0.09897007419346626
900,0.43762581583282467,0.41682187250083563,0.186730006988637,0.36633930791928415,0.2702345735314534,0.1885220074530935,0.39628346827687283,0.35762032669542126,0.18518590476621083,0.19461914407261532,636,False,0.32038183060845277,0.25243991106661384,0.32038183060845277,0.003397302594004056
901,0.4231144148422075,0.417379177437168,0.17416749766218068,0.3802701610194728,0.25080916732811437,0.18986641343411098,0.38162971822744407,0.3843687596847907,0.1964466336185149,0.20224426594774744,741,False,0.3200719680801262,0.24894691718002684,0.3200719680801262,-0.04230398184370576
902,0.4482249525089956,0.3994989846922269,0.20123198572804396,0.35571590530953817,0.2637632649222564,0.20124724392527704,0.39286259787863953,0.3755912685049093,0.1852806756051652,0.18071129504321887,744,False,0.3162633670545386,0.2675136574657767,0.3162633670545386,0.04250697960325785
903,0.4432105695775797,0.43499440127865885,0.18765431191189258,0.3691526224155336,0.2756023767415359,0.16376088373313882,0.38181416984695143,0.356414467973924,0.1940389703567651,0.1720979664456824,720,False,0.3407035959815738,0.27944968584444085,0.3407035959815738,-0.00686524339354435
904,0.4834779805020519,0.36021757077624456,0.20284578948966955,0.32899173074880966,0.27477175558690764,0.2039005571713994,0.3970359281757843,0.40264466135910215,0.14214474620260814,0.17340713802903013,721,False,0.34923144138430057,0.34133323429944373,0.34923144138430057,0.15827451003644363
905,0.4452607481535476,0.41141303765995973,0.1927191260394709,0.3362987352158899,0.2698389096695573,0.17980916724991272,0.4125921350607946,0.36721913617424523,0.18437508005175432,0.19499735874746013,795,False,0.32572548004098667,0.26545158090363485,0.32572548004098667,0.07848514878411364
906,0.4380794886999275,0.41539226883130087,0.18269530724408997,0.3711895844149149,0.24335240725417556,0.17400341509391445,0.38956201487911735,0.3695749075720739,0.22142838803546466,0.19365963016630106,741,False,0.32141164172579173,0.26407607360601304,0.32141164172579173,0.015673088013836073
907,0.4582996835573474,0.4102988640456921,0.18259919390504967,0.36313663388591855,0.26317099192470245,0.19221847130647698,0.39004794186397057,0.34903049908729966,0.1737183781104851,0.2146180069063712,726,False,0.32317653272775687,0.28458130544686233,0.32317653272775687,0.1085775792194173
908,0.43692951730595186,0.4207207722489359,0.1787832775279228,0.36220232928829443,0.2459787108790789,0.183675313513738,0.40312272871192406,0.3655133448439126,0.20013397413126394,0.19628791805596443,741,False,0.32686475777811247,0.2581462397780291,0.32686475777811247,0.05909201181619894
909,0.43253125951977134,0.40942503278871806,0.18917323616040854,0.38883375809484344,0.2582833504911513,0.20037581769612509,0.4014662687608261,0.3402905996853889,0.18733174010492534,0.19845113215749008,739,False,0.3142229929382073,0.245199519414846,0.3142229929382073,0.04656939887559848
910,0.4771384527165105,0.36018327841842473,0.2241888168711182,0.34427204991309207,0.2560934057902782,0.203071207136868,0.4001654975852956,0.3976684396978227,0.1476760076690698,0.164074582546668,721,False,0.34458808289589005,0.3294624450474407,0.34458808289589005,0.11539850189469954
911,0.4226126994749115,0.4106443623973897,0.1910642242846551,0.3784777911526501,0.29768127189049526,0.18224367818383005,0.38141903748333444,0.3697511574458302,0.18062028683329842,0.19071379394574797,744,False,0.31516144225650056,0.24199241264161306,0.31516144225650056,-0.18956583699595866
912,0.4398680572976268,0.4134889957878234,0.20541394671815716,0.37299570721301545,0.241666932139755,0.18376984682857408,0.37374395676600863,0.3672123165977166,0.21112482346952902,0.2072314429990531,741,False,0.3036243600300148,0.2560982104690527,0.3036243600300148,0.10128137454248767
913,0.43107017053948815,0.41260667030005066,0.17964019516458868,0.37409247415940156,0.24308887555799788,0.17717445807223256,0.41073903875106965,0.37007732828464024,0.2083893096275564,0.17929189471012644,636,False,0.3337364249407546,0.2538957124672556,0.3337364249407546,-0.0074468187763752835
914,0.45146720092828163,0.42979766468534847,0.17121750713570943,0.3627350209248284,0.27383270204926297,0.18272325290465732,0.36722154229461745,0.36966744829585,0.18700941188751152,0.1889678922698927,726,False,0.3351837502324012,0.2802496937925722,0.3351837502324012,0.04943365959498834
915,0.4449191652156282,0.4211264297880397,0.19578894822339846,0.34929655088715106,0.26715096229311514,0.1978311515303452,0.4022633142055296,0.3500601790554332,0.1923779059168394,0.18023349044746453,744,False,0.3193282461624356,0.2646856747681636,0.3193282461624356,0.10845708833021159
916,0.4374644870558082,0.42544941218769394,0.17323664512489223,0.3719190429768928,0.24207637390073833,0.17858796989709988,0.3962295994698385,0.36620477196875023,0.19959460678772958,0.194541612851363,741,False,0.3345558848926454,0.264227841930916,0.3345558848926454,0.04166658799721983
917,0.46576002225871144,0.3547660888097082,0.21107486950445628,0.3594089063076915,0.28220867653002496,0.1875448702273642,0.40317363815729884,0.3942159029649485,0.1575188354526371,0.16093197877167967,721,False,0.3426812906832522,0.3082411868060744,0.3426812906832522,-0.004856456132130362
918,0.4691365122011562,0.3704548104556977,0.2154559486675777,0.34379721719307693,0.28338201232099525,0.1897480336103864,0.4048994574603894,0.38873801955451404,0.13577957325939377,0.16807671398657867,721,False,0.34920387638510025,0.33335693894176244,0.34920387638510025,-0.04292080981885909
919,0.4309111827892506,0.40747210530509714,0.18917981940092857,0.3730131395623552,0.2636991150325748,0.18205352025289662,0.3915244671295709,0.36627038313346655,0.2154445460856299,0.19186393023535925,741,False,0.3088738255657873,0.248857662536354,0.3088738255657873,-0.04041144392470482
920,0.44407201496978627,0.411583255886903,0.17716845256795885,0.3511797120329375,0.2700925173406074,0.17643784939003546,0.3946517432200731,0.3821068053851024,0.2067917766581027,0.17344938052041384,744,False,0.33244233446897986,0.2706226344493724,0.33244233446897986,-0.030412482041582603
921,0.44165593682402743,0.4295764618203427,0.18989600323108544,0.3497232347987365,0.27225632624497625,0.1857649102687076,0.379164181884397,0.37088274548816125,0.18874446516537785,0.19094814477694474,744,False,0.32173124273638043,0.2558910265553198,0.32173124273638043,0.0602528575763556
922,0.4297149620021288,0.435754168918962,0.15885190749026978,0.3918589032897964,0.23974237593276052,0.17952944754203495,0.3934772832128448,0.3685551477103342,0.19187013465080777,0.1717480127063326,636,False,0.35669937196916857,0.27690226142869223,0.35669937196916857,-0.010100825399537102
923,0.47234523203247897,0.36844845713204194,0.2133753731362891,0.3407014897318913,0.2800967333008594,0.2026377566406518,0.3991358683648325,0.385168450561586,0.15775116855103147,0.1657205868981714,721,False,0.3344834790175394,0.3145940634814475,0.3344834790175394,0.07277063444768986
924,0.44125445436139965,0.4012497633121475,0.19672686455702298,0.34333450119295456,0.27042431588877885,0.18678245372961771,0.4154639194009654,0.36383740172832313,0.1888938628074477,0.19755324529958637,795,False,0.31486783672827556,0.25447200063178194,0.31486783672827556,0.06883079512078223
925,0.4310900624060793,0.43648490798600587,0.17979794876861432,0.36059021863198565,0.2832984544236067,0.20760721230348173,0.36479228623959126,0.36035548108452004,0.19465466640345278,0.19264210900339485,744,False,0.3089954932429094,0.25668695921739154,0.3089954932429094,0.03381823481379661
926,0.45243271443584987,0.41488186631316964,0.17877802220320269,0.3750166601011399,0.2614205832274106,0.1875967069646238,0.38710218855223344,0.34781058781554525,0.19881855670777884,0.19156258942598547,741,False,0.324853427482154,0.27365469223264716,0.324853427482154,0.09355692751171056
927,0.462489164942099,0.36451314557576914,0.20444666134868164,0.3622552044312623,0.266607006422257,0.20879221798753733,0.3917399102619563,0.3898594431290155,0.16293939933280316,0.1831212489855309,721,False,0.323543517854033,0.29954976560929586,0.323543517854033,0.0641499276973531
928,0.4439902933236358,0.4317323783461677,0.17700470217352876,0.3627336602528029,0.24098547028870182,0.16918016221949622,0.4008100935481483,0.3509665002914118,0.20769990712684078,0.19977990147600175,741,False,0.3349540125266984,0.2748101311041396,0.3349540125266984,0.11161251850952057
929,0.47026121316565156,0.37306749650141835,0.21420305581539903,0.343373283302959,0.27895825025825843,0.2016273623406738,0.3922648072964999,0.3898781280924237,0.14366260022552688,0.1757839540340533,721,False,0.33665183198582466,0.3265986129401247,0.33665183198582466,0.01511746249401222
930,0.45202233439436074,0.42473704853926214,0.19540986470689048,0.3777277236060083,0.26661909542296797,0.17007377108163835,0.3840952004609705,0.3357119614661118,0.20905963551178458,0.1745353702219073,720,False,0.33009546413239,0.2819485633127224,0.33009546413239,0.08483123808546553
931,0.4695555406189227,0.369152943381885,0.22445229411584688,0.3406485806644476,0.26828397401686827,0.21104007180436946,0.40109257587060176,0.38842846145476384,0.15058986479777647,0.16087254811208052,721,False,0.3356766106285183,0.3189656758211462,0.3356766106285183,0.033467808268914455
932,0.4440871268328139,0.41627849539246875,0.1786355250609635,0.3458832938300232,0.2723316903969556,0.20371217471132982,0.3669381498345821,0.38563867328915824,0.20430138811881335,0.19284679215128658,744,False,0.3096702428331645,0.26545160177185045,0.3096702428331645,0.06296162363850545
933,0.4430145826166702,0.4276546582998437,0.18223562753938857,0.3701977192245047,0.2497532669234428,0.16829168184974702,0.38425070355334134,0.3657688536052588,0.20493973897825277,0.1909420304164455,741,False,0.3329030221196364,0.2747229007669232,0.3329030221196364,0.04786816224200368
934,0.45024466515657374,0.40512997323270045,0.19383263193422828,0.3526881292781178,0.26281395724566736,0.18391170286152814,0.4138939719981658,0.3597569143519214,0.17497137418291592,0.19221475155102208,795,False,0.3306065708843245,0.2752732909736578,0.3306065708843245,0.0765416884891563
935,0.4472558263131732,0.407409174910208,0.20065656862481468,0.37965320290985594,0.275904884566982,0.16459752172025466,0.3933161289063086,0.3416697649153134,0.19922292303284952,0.1877204010081361,720,False,0.3229144507798825,0.2826583045929185,0.3229144507798825,-0.0016476548829803066
936,0.42845702590433343,0.4381884782128792,0.17013383444116223,0.3696753805279683,0.23371062153778158,0.19270758958819403,0.3903755066244761,0.3613461394209128,0.2115846544304472,0.19829528885707193,741,False,0.32577296477721673,0.26805464377171695,0.32577296477721673,0.08777627144690633
937,0.4123310229998921,0.43453011098669336,0.19060239118125594,0.3713701230109489,0.23857428464579414,0.1941187742381228,0.39649758048505535,0.3693969476123187,0.2120321993934321,0.18357503290805527,741,False,0.3173610450249357,0.2509550780786381,0.3173610450249357,0.045397293142377
938,0.4267548887217897,0.4456646382269923,0.16783006258840766,0.3854957925980263,0.2586424858900812,0.1934755403290657,0.3716127471952707,0.3531111960855882,0.18576804251607681,0.20215667848121407,741,False,0.3295968689931284,0.27783457563858466,0.3295968689931284,0.06051671396188758
939,0.41630988400376895,0.42928913418187437,0.18640730872784356,0.3870610003415664,0.23788388628132204,0.20087469324929147,0.3943285664868363,0.3439074163801211,0.21396172718123121,0.20333883346297305,741,False,0.30689126459907295,0.2428818254540308,0.30689126459907295,0.09820349647960357
940,0.43244762345081583,0.44767385369558615,0.17601935948669215,0.3693298269438929,0.2565083856208338,0.18216312737501367,0.353160867231728,0.3746256522803253,0.1862220310512927,0.2155556969707066,741,False,0.32651770363771293,0.271654494208894,0.32651770363771293,0.10539924019290996
941,0.4562469860532604,0.40355747556676524,0.16966752647934538,0.34944069392855504,0.25999394631736505,0.1793038318582028,0.40041851696647884,0.3649682565421457,0.19214398161301552,0.2188180536261671,795,False,0.32569068815216307,0.28657945957391506,0.32569068815216307,0.0763263240732123
942,0.42399307665261393,0.4279204554308236,0.16924845509781433,0.36422023376921775,0.249719248622087,0.17065277464169626,0.3857130011286043,0.3785158288538903,0.21388325430472985,0.2157212680863281,741,False,0.32077130594622155,0.25867200033300924,0.32077130594622155,-0.044096493180279445
943,0.4431183037452976,0.4252192833622203,0.17696798155729443,0.3659841214702832,0.23045085808652385,0.1997594789239692,0.3860724553674002,0.37123101416378695,0.20361777187804306,0.1903592266482383,741,False,0.3274132246051502,0.26615032218800316,0.3274132246051502,0.10993963011475831
944,0.47077149473916247,0.36905694382871757,0.21800771617193682,0.3489057171831422,0.2693682341416092,0.18938048620083076,0.3951903996621877,0.38226463436621233,0.1752367726828649,0.17741128731972866,721,False,0.32468477232031473,0.2955347220562976,0.32468477232031473,0.14409151722020133
945,0.4319059955830991,0.4267434837689789,0.15637153334956944,0.35371245993082284,0.2788189339878826,0.18734739634192646,0.3930655816912203,0.3769103982251721,0.18355427423155313,0.19669629643755934,744,False,0.3347242505095639,0.2755344622335297,0.3347242505095639,-0.08874267782180119
946,0.4438584400559235,0.4062775700336423,0.1860883700728455,0.35640062020163693,0.276346082988173,0.19918174792088877,0.390186091542915,0.3628049231317259,0.19291707879091913,0.19785806494328012,744,False,0.3083750523929759,0.257770069983078,0.3083750523929759,0.02607406079677736
947,0.43717997487557303,0.42136189386762224,0.1865472824243924,0.35773342003638375,0.2700352581511994,0.15498423090741745,0.41662895587062637,0.3640832833010223,0.19202980836457426,0.16912661454911682,720,False,0.3489842763095913,0.2821957439681556,0.3489842763095913,-0.05108768208463948
948,0.4454854653597388,0.41151236479153,0.18361357088000851,0.3503715180912272,0.2787128061345175,0.18391526989674725,0.39768742689280834,0.3669655680214145,0.170122538710117,0.20605770811205476,795,False,0.3258023588196638,0.2753629266496218,0.3258023588196638,-0.01939696032211058
949,0.4666216665406546,0.3654657941778031,0.19929778320290478,0.33032486849283926,0.28578697227865546,0.19340305890563403,0.4039361538949154,0.4047584216117021,0.16360048264339297,0.1643988976179122,721,False,0.3417662062066417,0.3030211838972616,0.3417662062066417,0.06901009883912072
950,0.4280719222217082,0.43129825060014637,0.18113304031896407,0.3747896673076311,0.23206906196934515,0.19688123623539314,0.38425615164120747,0.37987367752641477,0.18467275196610572,0.19692810475834174,741,False,0.33011284242247085,0.2501652102811823,0.33011284242247085,0.05331261203231203
951,0.45438315834800536,0.4010485189049173,0.20333171387260623,0.3667076335466084,0.2719851906109388,0.18394878075831259,0.3953423034891919,0.3407019689322304,0.19152201158553014,0.20002652121104667,795,False,0.3113562183678574,0.2704343775896928,0.3113562183678574,0.11896780042055606
952,0.4439228707674277,0.38830871901607716,0.19555114260660394,0.3691579144329315,0.2712455085276231,0.19415491562555193,0.3999298947316871,0.36315588516164987,0.18954656687049257,0.19648596027318355,744,False,0.308846008361515,0.2543763038969351,0.308846008361515,0.01643948886817852
953,0.4527685578297307,0.40737104718189,0.19174769110663964,0.36627714309366055,0.2909087466601477,0.19212470616172353,0.3820308974662331,0.3348068054385673,0.2033329095643449,0.19286280891165145,841,False,0.30599465845306945,0.26102086672309105,0.30599465845306945,0.08683828735187131
954,0.47422854530664665,0.3527595108398693,0.21269188527416794,0.3456698741404224,0.2735239738612393,0.20892092954370536,0.3961490720946112,0.3903110830928705,0.16474231188897007,0.17624510508748545,721,False,0.3250268345746499,0.30948623341767656,0.3250268345746499,0.16981685912880118
955,0.42569526774907984,0.4162184339023362,0.17614364378426223,0.380611919461728,0.25064436505716753,0.1912287079513839,0.3844109337563137,0.370341311719253,0.20036878717933773,0.21258084885818088,741,False,0.3121206525049233,0.24955162396481761,0.3121206525049233,-0.021794254140927772
956,0.44759400203996863,0.4044347612017551,0.16702121771632344,0.3752090710164371,0.2620677598286067,0.17494649391345904,0.3859018212550274,0.36805766218490443,0.2050598552285813,0.20418670399302546,741,False,0.32576827739619,0.2805727843236452,0.32576827739619,-0.022272670370875543
957,0.43438117352873945,0.42830169483581954,0.18911646833822673,0.3719392478680334,0.2374483406087723,0.1715346812906406,0.39099358310424265,0.35802721585096764,0.2037803679285548,0.21301418395982433,741,False,0.3218053966909934,0.26284649223809886,0.3218053966909934,0.07337358102405077
958,0.41198440748945975,0.43977708422451317,0.18391994779057377,0.36016107160956784,0.2587232311688839,0.17684085312923564,0.3867627057000349,0.3801934381052456,0.20284888846106167,0.19957933096333805,741,False,0.31958278697433595,0.26293623109527753,0.31958278697433595,0.007890030241156802
959,0.4485258855913733,0.43329936891622844,0.17349326361252565,0.3669082577114413,0.23485298536163485,0.1708792177572318,0.39032283551165303,0.36616829351239194,0.19221558198647953,0.1965222834868113,741,False,0.3458190544446086,0.2776466678341415,0.3458190544446086,0.10348641056238925
960,0.4224070721434974,0.42656818232993343,0.17349585909848927,0.38068837227603397,0.24722275885177347,0.18107730998397625,0.39321243638591574,0.37560709849503976,0.19351207686201288,0.19374127121297824,741,False,0.33244335259522095,0.25307232323144413,0.33244335259522095,-0.02444407137660423
961,0.43277973165741357,0.4269323300009114,0.1849210101714047,0.34293952136312733,0.2900101053546662,0.19741570006449616,0.37635719683094354,0.3719375960996801,0.19839018510122763,0.19028240530278406,744,False,0.30832706483813904,0.24785872148600888,0.30832706483813904,-0.0032964355518948943
962,0.40431110965012557,0.4226062147249505,0.16658379356466352,0.3723575613362279,0.2689198629756933,0.1954769990489078,0.41615052009604464,0.34546284219424045,0.19500299889315373,0.22462201578694205,739,False,0.30881064052873486,0.256022421160287,0.30881064052873486,-0.0575297607189642
963,0.43605852048610766,0.4216114213898978,0.17586726048512943,0.3706198764236339,0.2487266379165985,0.17184282763393313,0.38292042735256754,0.3869264478655863,0.20054293417108277,0.18935652602438116,741,False,0.33534104580012475,0.2642156928521745,0.33534104580012475,-0.008839381407751937
964,0.436671639920256,0.41591591278930573,0.1789467050452046,0.3435306957109943,0.2927564091711868,0.19030090798692115,0.3857232933735237,0.38128587641908296,0.1842639994438012,0.19042378907508678,744,False,0.3205428731992551,0.2577249348750514,0.3205428731992551,-0.07044085155525062
965,0.43787145885480544,0.4194443081599202,0.1794748902461534,0.36031487046106847,0.24768780602630083,0.18869670880431758,0.40033727815480785,0.3581549562692473,0.20568317846080184,0.20613306313713128,741,False,0.31659281389975175,0.258396568608652,0.31659281389975175,0.08603683585675337
966,0.4239253861221949,0.4132862086854794,0.18526254470571216,0.37543372635373345,0.25091466466023993,0.1814056497640924,0.40267542057781974,0.3703717999722736,0.20162664925273582,0.19587453741576413,741,False,0.31959700691986453,0.24251973635810248,0.31959700691986453,-0.021927445611535937
967,0.41574776597605906,0.4327523249777533,0.1754249908774953,0.37824320583047855,0.24044838712555064,0.17428946248186872,0.4075501565855361,0.3613132906293028,0.19911051208706243,0.20385216796894315,741,False,0.3313000837973176,0.25846286249588457,0.3313000837973176,0.016967855611632665
968,0.44580587135994615,0.4144310205310916,0.17347659152937853,0.370057839570983,0.26919484642289454,0.19080944780655315,0.40002233689124955,0.33857047225932146,0.1902414715886669,0.20676885385138932,739,False,0.3209771265255068,0.27232927983056765,0.3209771265255068,0.06246065386186468
969,0.44703637892505593,0.3964229718000206,0.2039444368496464,0.36400195317022555,0.2532175078806916,0.18078268341706089,0.40371949730928275,0.3605988978531741,0.2040699944071509,0.19351874052518955,795,False,0.3130626411662779,0.26625369550799505,0.3130626411662779,0.08789719189816578
970,0.44259711004006425,0.4175069754063992,0.18852602489789597,0.36103153330783644,0.28500358229883016,0.21664571072463532,0.3823202518602679,0.3532877778700624,0.1939449245978594,0.16477810811540156,744,False,0.314746072801984,0.2778190019246627,0.314746072801984,-0.042218845378784106
971,0.4637765459675835,0.3482360719490299,0.2309085037526109,0.35978950445918045,0.28455255448636957,0.20360556076802436,0.3836230052405549,0.38478288802467553,0.15617369644768528,0.19706761228247882,721,False,0.3077622885780744,0.30760284951989825,0.3077622885780744,0.03612412336246698
972,0.42962216167295875,0.4241501519785052,0.17529096622252807,0.365520162675035,0.2428558586059732,0.1932227593377,0.40013739274002275,0.36861764992299,0.21153509206992277,0.18476886033358672,741,False,0.3245606969147789,0.2543311954504307,0.3245606969147789,0.030330626984311923
973,0.4395383337761965,0.4190639662316996,0.17567448014084483,0.3724803705832749,0.25528232968680414,0.17878046124645197,0.3911870393962657,0.36947190899257426,0.2037841887616085,0.1827347471487457,741,False,0.33200036937355454,0.2638638536353517,0.33200036937355454,-0.003258743543102009
974,0.4338382530271228,0.4271703899995827,0.17306180185091133,0.37394704106623544,0.263529304098025,0.16771365824173157,0.38650446667838045,0.3709889381444766,0.19741490217337568,0.18962159019652475,741,False,0.3359840614892305,0.26612459478539124,0.3359840614892305,-0.045028444479229296
975,0.4297348431679317,0.4195372090636884,0.18322959395868238,0.35568127123895626,0.29833004500447313,0.20101651669792078,0.3699528005687398,0.37037352073272584,0.18471533637389495,0.20411862538238515,744,False,0.3034433579335048,0.24650524920924932,0.3034433579335048,-0.0932606351327511
976,0.4710324872776747,0.36637139632095256,0.2245046109463526,0.36664373963322994,0.2653456598705255,0.19349230984423663,0.3905579280629992,0.38861864172276944,0.1470304076149877,0.16138452815156973,721,False,0.3441748976353733,0.324002079662687,0.3441748976353733,-0.0028901601681231123
977,0.4626588812238906,0.37056688007690824,0.22259065239240416,0.3381671404623465,0.2744719024631555,0.20486806334323618,0.39732554155697564,0.40544699258642314,0.14376962063022355,0.1565024964239803,721,False,0.3428986508885559,0.31888926059366707,0.3428986508885559,-0.04818087342643247
978,0.47562564744310853,0.35988888909572675,0.18907561030944675,0.3548510451601822,0.2693555967856878,0.20560368212323546,0.39407936568251956,0.3905048970084971,0.18028384831410707,0.16574432631284813,721,False,0.3348314098089005,0.3098813211302604,0.3348314098089005,0.15538061993692495
979,0.4639925910717715,0.363045182413523,0.2173549269525499,0.32243750745376976,0.28347879633399825,0.19576358499055746,0.40384866937760494,0.4056366428112813,0.1693323099056101,0.16342608839081021,721,False,0.33169688691242927,0.3005665026809613,0.33169688691242927,0.09279304183166295
980,0.42604720625399783,0.4242717546479033,0.1877735794874211,0.37658782460327084,0.2397459222928776,0.19584644220245814,0.3739372982882011,0.3791786312805581,0.19781673423853455,0.20695172254202515,741,False,0.31220888978737565,0.23827362676657673,0.31220888978737565,0.05169620646362929
981,0.42523396874666064,0.4270624031666987,0.186309520894833,0.3611224453983595,0.2688590577402072,0.20176862129219536,0.391096882162274,0.3586068199199988,0.189788019374553,0.202736856993216,744,False,0.30769173979335185,0.2407528822718657,0.30769173979335185,0.019448147609135328
982,0.4368961312709055,0.3915074360490139,0.19328293512379474,0.35426429699241135,0.2784693764439289,0.19416630182076433,0.40509400544517365,0.3563694553309994,0.1988148430266658,0.21704557755729154,795,False,0.2936771253841471,0.24361319614711074,0.2936771253841471,0.024124368877602772
983,0.46471795287245976,0.3649717380538654,0.21379318018718194,0.34138557021953897,0.2667957517590558,0.21513932453259543,0.39549819543186837,0.3996426981821639,0.16148195476139346,0.17001997124025162,721,False,0.3267694969950234,0.3032359981110663,0.3267694969950234,0.08245913928923897
984,0.47378065625076254,0.3712300904528065,0.21153191379243974,0.34443738392428147,0.2641378613536561,0.21174494980075076,0.39402857706102984,0.3933816041842645,0.16782719165928103,0.1468296353926236,721,False,0.34052801361106005,0.326951020858139,0.34052801361106005,0.07208027981599105
985,0.4441895457357112,0.4230235284443272,0.170658343165556,0.36719646375450904,0.2812840081538884,0.19041677729961484,0.37725683658939707,0.3639036364464346,0.18087585361661684,0.19221169226032853,744,False,0.32911236815373024,0.2735312025701552,0.32911236815373024,-0.028478875664934056
986,0.4793045713448127,0.343029769546402,0.2160558701012107,0.34898381272769646,0.2834297194706502,0.18604962001783165,0.39546570986570223,0.38708396723114846,0.1522694731441681,0.1994188550141996,721,False,0.3290406011374246,0.3270350982006446,0.3290406011374246,0.15976281053315686
987,0.4425662139775316,0.4411455264701458,0.16310488419253605,0.3779919109873043,0.25411421299508624,0.1927320537067232,0.3755130624541231,0.3592852057663709,0.1931214218173777,0.17587837333944806,741,False,0.34374172685081017,0.27946132978499555,0.34374172685081017,0.06162326425551349
988,0.4150704287361755,0.4192900375768942,0.1568034475805301,0.3532958628248761,0.282445020536227,0.16824379426596228,0.40439575953737167,0.38812332930060073,0.20309514079954707,0.19749092760156087,741,False,0.33175651534902617,0.2624865899963641,0.33175651534902617,-0.1760831607335062
989,0.46404728574489645,0.35550124765315866,0.21765317882846763,0.36753112399075505,0.2782197954180102,0.18158890424418675,0.41199686888112913,0.38826825072655785,0.15169095266244567,0.1481295441058182,721,False,0.35356068381370315,0.31591774163907826,0.35356068381370315,-0.06426712022834605
990,0.4454615001909796,0.40002628660755474,0.1960594510796977,0.34801001513965185,0.25368204878038764,0.20442126228857904,0.401200861363438,0.3627177522206922,0.19736132301586984,0.2106473777879935,795,False,0.30040795894375677,0.2494020491112819,0.30040795894375677,0.15229039707260308
991,0.435900146554203,0.3948870460734206,0.19205264971331124,0.35898819154963746,0.2629283638946312,0.185092319935005,0.4097140457942632,0.3662986985472848,0.20470665745241756,0.20239293026274416,795,False,0.3073045985119595,0.250807826619198,0.3073045985119595,0.02701674163877701
992,0.4310140062959482,0.42327954157267406,0.1808829680733566,0.37185783225462204,0.24725036959408647,0.19210411171778632,0.39227554100442036,0.3663804893101654,0.21112444363792307,0.18259088638929477,741,False,0.3215859584727484,0.25013103822259164,0.3215859584727484,0.02294317246103879
993,0.430628654633632,0.4345896118231456,0.18007549601925724,0.35546190540473105,0.2664609384450397,0.1958385364530954,0.38968182845279853,0.36700997995922024,0.17614958670278227,0.1999484604958141,744,False,0.3244399137793188,0.25844002512036335,0.3244399137793188,0.022140524708794924
994,0.4815682201670706,0.363449431543014,0.21001833242742854,0.3314208626288069,0.27091500047475015,0.21197475066922547,0.4003558522617932,0.3924247009050498,0.15206025809338644,0.16222380552598722,721,False,0.34285895300854813,0.32950796207368416,0.34285895300854813,0.15486945872154298
995,0.47766197210504,0.36429301863587915,0.19995035834458907,0.3439304677725733,0.2649280546882722,0.19815086434237822,0.39624338222384786,0.4036327678430384,0.1454288809193221,0.17416341945045655,721,False,0.35018514047965127,0.3322330911857179,0.35018514047965127,0.11929009026238939
996,0.4789316928647535,0.3400620927769878,0.23441535855410991,0.3524677925369261,0.25844327309793236,0.21224497317159544,0.4103367334569462,0.3817832129207957,0.14887128994302645,0.1663127476058422,721,False,0.3359098666474262,0.33006040292172706,0.3359098666474262,0.15364845614624537
997,0.4424400236889001,0.4200434619597215,0.17546408679182238,0.3765288114764289,0.27491191340113225,0.15705086376641328,0.38889595185099557,0.36174270996543295,0.19587058786156392,0.18586030552381894,720,False,0.3406404974671121,0.2853891599224868,0.3406404974671121,-0.07556414131266867
998,0.42885211833836995,0.4160824193640842,0.16716114724630743,0.36743584137950697,0.28381604129504984,0.1899697013954847,0.37855100372030354,0.37789008509388644,0.1923133513382088,0.20070649599931956,744,False,0.31761031574832643,0.2616909710920625,0.31761031574832643,-0.12437377204885718
999,0.44549360813278244,0.4152296058283638,0.20725011731014367,0.36296525064137164,0.25505042719989635,0.2013845414391209,0.3923805050575247,0.3424595110335405,0.1813898819178463,0.2113615731490463,795,False,0.305235471614471,0.26410372621493616,0.305235471614471,0.15068847749659667
1000,0.4253835414440424,0.4317748243161319,0.1878342371064957,0.3698395527451004,0.25105598281369135,0.1898161401356797,0.38544132774833423,0.3718561302929531,0.19478438652393462,0.19160928678514613,741,False,0.3209607144886285,0.2439405872096362,0.3209607144886285,0.036405638514020254
1001,0.42489347339239447,0.4064589816245862,0.1908747951601412,0.37054610443149244,0.2703038487158907,0.16644970005026782,0.42179777813991426,0.3383447857331825,0.21984838881046656,0.1975486840550033,720,False,0.3133115566204873,0.25844377334212665,0.3133115566204873,-0.016696265846315547
1002,0.43250456395335335,0.4375926194190468,0.17660863420302952,0.3598253358106963,0.2399855429530472,0.17940798546135958,0.3925226070203841,0.3671088561019083,0.19313049169942953,0.2118136857589497,741,False,0.3296081424381327,0.2609839852160173,0.3296081424381327,0.08578136658718627
1003,0.44618682283848576,0.4018141118233248,0.20050207954285548,0.3617674768482743,0.25448800861644594,0.1830430101415392,0.4066879934207348,0.3633847946369288,0.20311320446649453,0.17725250512463808,795,False,0.32209706753928946,0.2689343177138477,0.32209706753928946,0.058307721044538297
1004,0.45588073971636656,0.40612833063793097,0.18998720109028286,0.3534668406003215,0.2724648374797826,0.1980268149168915,0.387323322337502,0.3708192000530764,0.1768852963353798,0.18420704634617216,744,False,0.3250780665073549,0.27899544338098675,0.3250780665073549,0.05387351319066001
1005,0.4250652730282417,0.4230928663724198,0.1921913489911363,0.35534145119827215,0.2582819043434301,0.1773534123398293,0.42074374083271165,0.36999735205067846,0.17877852336246103,0.18181861058081783,795,False,0.33704205592632147,0.24771186068841242,0.33704205592632147,0.0067165735055949825
1006,0.44322103015311104,0.4148541887020054,0.194778013428311,0.380828362328286,0.2470925257194873,0.18564753493501618,0.3979917322030971,0.3491045271254043,0.18417612376322087,0.19690212456418488,739,False,0.325654864163095,0.2590449063898902,0.325654864163095,0.08474402914006153
1007,0.4582098493089157,0.3487487789434227,0.22265889009241024,0.3470586263401623,0.2779203288132715,0.20024821015545746,0.41204813079232083,0.39695904155908085,0.15806206100766795,0.16943594363176168,721,False,0.3287920807854697,0.3001477883012477,0.3287920807854697,0.02419619319274488
1008,0.4163650316721212,0.42502844441556864,0.1603108512856083,0.38907580482009835,0.24322678484964372,0.1866385851292382,0.39771994429051694,0.3741095199827589,0.21754305427792373,0.17162206467101748,741,False,0.3380018246384026,0.26471759312996035,0.3380018246384026,-0.08657051237643174
1009,0.4304156581032189,0.4063853760998516,0.1837087755865235,0.364653962289603,0.2601458124623079,0.1890803406967604,0.4060586547209312,0.3626554689044917,0.21031691579494957,0.19699953467321182,898,False,0.3099078918807828,0.24670688251669542,0.3099078918807828,0.0030910595096292175
1010,0.45474149040652656,0.40760204136460454,0.20190072824877497,0.372409024814684,0.2662600766040093,0.15512036021872064,0.4069945026781821,0.3453249695704241,0.20215503875287896,0.16401552636149144,720,False,0.34275513472148267,0.2996211301878059,0.34275513472148267,-0.0022275067399394745
1011,0.43178105746375384,0.4207637697088719,0.20088927122227757,0.3528185737689739,0.28923373471174363,0.17806490176939724,0.3845018210699057,0.3674117807082421,0.19735301867662083,0.18585203711494014,744,False,0.31168900494551194,0.25371615569435657,0.31168900494551194,-0.06377559435471025
1012,0.42178189071276023,0.4164030328689526,0.18427154791120917,0.38173411916858063,0.26211423506008347,0.18992842035561947,0.3748301635579815,0.38365573332909725,0.20113281945807615,0.19002933564332325,741,False,0.31450555543867864,0.23751034280155106,0.31450555543867864,-0.0589054002455048
1013,0.4423606220309171,0.40640759649274055,0.18295351403624147,0.38858911236669574,0.25174860214357475,0.18420546635847893,0.38146408118011027,0.3674446604945188,0.21537926339249508,0.17449583280888945,766,False,0.3252150804111233,0.2678647892220276,0.3252150804111233,-0.007455382678228377
1014,0.4389391569632586,0.4130872174351946,0.1647517364271798,0.34797071127736706,0.27629781725586144,0.20040790935843442,0.40023842713552893,0.36811571488612654,0.19750859981583432,0.19300564151432273,744,False,0.32004556507690257,0.2741874205360788,0.32004556507690257,-0.026676931900436778
1015,0.4467064483975423,0.3967057050944957,0.19807542224660318,0.34441463772361797,0.28174157164724306,0.1963767283793389,0.4048938767428333,0.3582586862683874,0.19067470891157962,0.19655864762643566,795,False,0.3058136289101056,0.2560317394859627,0.3058136289101056,0.07003223257790749
1016,0.43906840356114285,0.39858296855199327,0.18653912760344485,0.3592895977803712,0.26151474923145923,0.17536691559295173,0.41061552409567253,0.3625108306643641,0.1996509462606502,0.21317003190887843,795,False,0.3140751211181733,0.26370148796819115,0.3140751211181733,0.019221840204162215
1017,0.42499551526465945,0.42122716058935966,0.19431931316091872,0.36620240976666196,0.22551594410140482,0.2019087862665309,0.3829273791794257,0.3747650229791151,0.20483601073351004,0.2223009228904834,898,False,0.3010277722279745,0.23067620210374074,0.3010277722279745,0.09102191286193803
1018,0.4340067258152264,0.42079561132151555,0.18406576680250808,0.3465527780161183,0.24606480187762997,0.18633090264072463,0.3879033866679748,0.3830123082281869,0.21620684308702776,0.20349502288263294,741,False,0.3119281660191809,0.24994095901271834,0.3119281660191809,0.07821711334003177
1019,0.4648294246916331,0.36179148979179954,0.23407404567946585,0.34880441728053896,0.26847871640155896,0.19675720347324224,0.40507435960452615,0.39212491348096207,0.15048601841402393,0.15905313225803547,721,False,0.3381574359563756,0.31434340627760915,0.3381574359563756,-0.017310349161656483
1020,0.4169246670893512,0.43402734496499495,0.18216585398224291,0.3714899934560905,0.23328415117824514,0.18705343986165737,0.40044826286686924,0.3744279533408688,0.18166936388845642,0.2088911831389503,741,False,0.3297214369850569,0.2523579810765385,0.3297214369850569,0.0343836738976926
1021,0.4541683596753274,0.40130495468674887,0.18668447609425776,0.36393649506812503,0.2634017835004447,0.20001826480618695,0.40472987727773296,0.35786882584331314,0.1741725170819287,0.18380513260233447,795,False,0.3300009150812107,0.2799958425933987,0.3300009150812107,0.06071879757887589
1022,0.41912282842804705,0.415980289853035,0.18614959938819478,0.3679723034806574,0.23982392306050954,0.1884246860371108,0.4127616255335514,0.3591304054935679,0.2220609399570772,0.1989068087447008,898,False,0.3099967444903154,0.23297322903985226,0.3099967444903154,0.042440356760275515
1023,0.43927510671334613,0.430197709115717,0.18729910830986302,0.37433256305101514,0.24456898391113777,0.18741369236492914,0.374861921589483,0.36857797622959904,0.20242066271543496,0.18568332846260016,741,False,0.3256209828464177,0.25359177825074597,0.3256209828464177,0.08772097162338059
1024,0.4354550556775506,0.4165834684278811,0.18499223688513955,0.3543608738138239,0.28619226675556775,0.20875836474602372,0.3771859150496398,0.35954153429410446,0.19876764080058276,0.20126941867468862,744,False,0.29668062987614546,0.25046281879241106,0.29668062987614546,0.0031774984266293035
1025,0.43110306636099466,0.42032604120712447,0.1847695417729735,0.3774660825730246,0.24983866191515183,0.1709580008369072,0.40704215542980887,0.35749596160288855,0.1775176020688921,0.2102630858138459,741,False,0.3331581303314735,0.26014506552408745,0.3331581303314735,-0.0063651226739190065
1026,0.43286403935522305,0.4214040350024675,0.19753712968548984,0.37008892430848017,0.2654425491636239,0.1910289859484978,0.38246269237849223,0.35550804221484616,0.19721512546008854,0.20137360300311985,741,False,0.30527680073154523,0.24183505340672526,0.30527680073154523,0.04739284065746333
1027,0.4638447841521848,0.40066592056826056,0.17525940656714029,0.34348517130203965,0.2641709342585381,0.19663403985010047,0.3944172959737331,0.3686529401198901,0.19005896187105087,0.19893034728460066,795,False,0.3241719553302506,0.2885853775850445,0.3241719553302506,0.15265226717282687
1028,0.4329265163285898,0.416273840660748,0.19525437207057214,0.3583947560273723,0.2841446365770067,0.1969601048011801,0.36763583048710474,0.37845998398925446,0.18529440274252587,0.201161909105521,744,False,0.30363443441631643,0.24763211358606393,0.30363443441631643,-0.03548699778159765
1029,0.4451530126346534,0.386428582851248,0.17883877221669683,0.3459248154331941,0.25595644952753716,0.20747219094839375,0.42579432777870824,0.3634121135085652,0.1797078458269758,0.2159675058444615,795,False,0.31573554352333194,0.2663142404179566,0.31573554352333194,0.11387280604651141
1030,0.44746378883190646,0.39266609858673057,0.21092768812303275,0.3684722450598681,0.26656015709339914,0.177032777288104,0.3795466367042846,0.3626497989065637,0.21537407528944894,0.20242472116121743,912,False,0.2966686790059921,0.27043101154380245,0.2966686790059921,0.050052497700264716
1031,0.43697171090120634,0.4030233109107757,0.1891059820690445,0.3542562991079121,0.28407205571428945,0.19647158834642303,0.38630027128637623,0.36954712502348297,0.19626363671974398,0.20435001015424126,744,False,0.29959197341147575,0.24786572883216185,0.29959197341147575,-0.029261529649020443
1032,0.43404289649453887,0.43035134707066725,0.18312945783477233,0.3640359005841211,0.2445185959901267,0.18161355480791577,0.38970022902322876,0.3776922840625383,0.19159834544306706,0.190644863144901,741,False,0.33263826115495376,0.2524293416866231,0.33263826115495376,0.050767101623514235
1033,0.438963452265818,0.4166893457026642,0.18151652388101056,0.34833418052475335,0.2919553235501449,0.2099494383477435,0.389187696149663,0.35875754021767187,0.18332729117937296,0.19051645122869929,744,False,0.3111535901353163,0.2574469283848074,0.3111535901353163,-0.03327767419713996
1034,0.4378618677764478,0.41139689243708755,0.19088518623772627,0.3413325501873251,0.2724980699315283,0.199359409570751,0.4099204886001427,0.3659437553158959,0.17960403555444515,0.19462244624118918,795,False,0.31696597966779966,0.25825783222200266,0.31696597966779966,0.040716130127837306
1035,0.43862757029962945,0.42714919788262284,0.167476621114511,0.368222681604453,0.25903401189276537,0.17930317053768882,0.3762224598510319,0.3756827606018453,0.20341886619404922,0.1954602213694177,741,False,0.32951483766141393,0.27115094918511845,0.32951483766141393,0.001497742587227408
1036,0.45332228342560216,0.4058012313754671,0.1832082724318097,0.3419717015350484,0.2731654180470548,0.18607965066159662,0.4190374265327065,0.34721376721448577,0.18648991090627615,0.1978411442807209,795,False,0.3261064363870466,0.27011401099379245,0.3261064363870466,0.13705288129460047
1037,0.43909815635012034,0.39482011251734356,0.19440882319350078,0.374195488159767,0.25240757753508036,0.18524229547889895,0.40344062334326136,0.3650501409117807,0.19460370603246896,0.20389211944263086,741,False,0.3132181788654425,0.25385586087122136,0.3132181788654425,0.03469819367254483
1038,0.42740978737743923,0.41404767138090104,0.18205460097347942,0.3746578750733215,0.25205753419194205,0.1583897304091033,0.3992862770449689,0.36760266523050006,0.2010098819391805,0.22087658994959963,741,False,0.3229279484196123,0.2690200569683359,0.3229279484196123,-0.08354940559573681
1039,0.4140625478643278,0.41474565097059396,0.19514853662876122,0.3627931468734868,0.25541140002624685,0.19833333423482197,0.4073457414692666,0.3611631544988728,0.21114096784043743,0.20326202891090164,898,False,0.29636097515594806,0.21959711434183274,0.29636097515594806,0.030637779653554128
1040,0.40669829016724096,0.41404893993036607,0.19503532002075422,0.37243531447416467,0.25467741008933464,0.20934399395684058,0.3956989861982486,0.3707253702130631,0.21500493084281508,0.19361182167998897,898,False,0.292198183066009,0.2204371182503771,0.292198183066009,-0.029249284949944977
1041,0.4356587554232082,0.3949701313941975,0.18707795819185485,0.3714050992727639,0.2700281553497522,0.2099886002912429,0.41086341196423737,0.3539948457348544,0.1791376841414881,0.1950341329391548,795,False,0.3122072095637755,0.2565210712817201,0.3122072095637755,-0.014537243341402054
1042,0.46626958300668236,0.36479993879486894,0.22690563661026983,0.3482944900800296,0.26272921133627475,0.19658832987257707,0.38930768603106825,0.39216551990742116,0.1650270494541076,0.19093625764189892,721,False,0.31736579270121557,0.3012425335525748,0.31736579270121557,0.13201959844685907
1043,0.4273284035782699,0.40531151470553495,0.19670465353829011,0.37534419235036726,0.24696835755814758,0.19187732299400342,0.37416900281711735,0.3879620375703692,0.21296851481473228,0.1996351116561626,898,False,0.3017929807218302,0.23545108058426648,0.3017929807218302,0.010619185322888533
1044,0.43289167140194657,0.4341683192949306,0.20013855491338914,0.3749009409216114,0.24465181333094005,0.18491832231174146,0.37820191120161045,0.35480312446162743,0.20695722261851893,0.1941493863852101,741,False,0.3146061183494152,0.24924999698318914,0.3146061183494152,0.12213088990142343
1045,0.4287598861407818,0.4076127134492345,0.1960013050095824,0.36834994445016433,0.269153529379379,0.19127228339168076,0.38012683453063345,0.36559461655770265,0.20390298087714134,0.21715817820454475,744,False,0.2914918248529334,0.23748760274910105,0.2914918248529334,-0.014955623827764719
1046,0.4827914587011076,0.33306270626751333,0.25038106246573544,0.3343288684604038,0.2726220633770005,0.22446007472907736,0.4024275201674492,0.3840053680209677,0.14812127752334553,0.15956852218412845,887,False,0.3283887860143638,0.3346701811777621,0.3283887860143638,0.1394610639183584
1047,0.457830250901022,0.3729153817536418,0.20971759979856183,0.34895909640893635,0.28874678370612183,0.2073964755859287,0.3958177070306367,0.3924078386107513,0.15451430169616734,0.1570140603982024,721,False,0.3345417312330461,0.3033159492048546,0.3345417312330461,-0.09924030742930087
1048,0.45462867053096545,0.40106200794002145,0.18328165008106198,0.3549926634680854,0.25656601925739986,0.19349577442051655,0.3972338103338857,0.3681002536671111,0.19080949998737207,0.19970624497491102,795,False,0.320486274726542,0.27134702044990344,0.320486274726542,0.1117879907664344
1049,0.4701895419745535,0.3585576961194543,0.21935993249784225,0.3482527213295959,0.28468082399686495,0.18082810799528617,0.3921534402560022,0.39884027580660164,0.15006984438940027,0.17843378204390023,721,False,0.3382580006981037,0.32011969758515324,0.3382580006981037,0.022759520452570892
1050,0.4327686186341931,0.4167411500263106,0.16885889298971166,0.38039914563926547,0.25381084073321175,0.1821362170496441,0.39570171016286854,0.36367744770816074,0.20565773134051488,0.1925916004478993,741,False,0.3278351591206737,0.26390972564448145,0.3278351591206737,-0.02705432792243989
1051,0.4959673568984012,0.3455912204715415,0.22158345366268237,0.34141208229830095,0.2736533399412061,0.2212503029636801,0.4008768949999242,0.37060666229087197,0.15202233701611664,0.15466554656535705,887,False,0.3417337295965984,0.34394501988228454,0.3417337295965984,0.24874586506897306
1052,0.48551429425760473,0.36083873386166965,0.2106170137962324,0.3590004264892767,0.2740257728933808,0.1942058308915847,0.39139207622530575,0.37159680655605914,0.15630836583372953,0.179778105814888,721,False,0.3364664737283085,0.3292059284238752,0.3364664737283085,0.19294521850929638
1053,0.47595308782628776,0.3519125018674926,0.21218499834733462,0.3514078309888118,0.2656854313075827,0.200019242351618,0.40060947870887853,0.3938559017436581,0.1709168676800137,0.1603024169087797,721,False,0.33687005567299483,0.3156506709175081,0.33687005567299483,0.15789927453612831
1054,0.5004228550598034,0.3483133886615764,0.21076853337430743,0.3508620379208796,0.27029168200252845,0.1817434660584419,0.4075459914236245,0.37742248646026716,0.14568709673260438,0.15771089283163814,721,False,0.36574606267697773,0.35473575832719906,0.36574606267697773,0.23940743296602343
1055,0.49549392440061607,0.3134770333490192,0.2422556969001163,0.32627130697690415,0.2819252220116481,0.23144066170318142,0.4136468226917558,0.3745281821310649,0.15466610671652445,0.1507775301947888,887,False,0.3353319859354326,0.3447163942058273,0.3353319859354326,0.3082013862284086
1056,0.41822448259428524,0.4115570077013549,0.2017323965954988,0.35209445080448937,0.2604852607376104,0.1823476215353427,0.40789084920294055,0.37370820604461863,0.22756357239671438,0.17922465147265723,898,False,0.3053768780058239,0.238999831121628,0.3053768780058239,-0.04743506540210174
1057,0.4856676772823619,0.36612845649248105,0.21250687584897182,0.35056384181735756,0.2701859903850773,0.19826101767138068,0.38570147927523085,0.3923540293418859,0.1495299861845561,0.1569976062366186,984,False,0.3506239421418965,0.3361376910978058,0.3506239421418965,0.11883388468853708
1058,0.473843973087663,0.3559923224987238,0.2199213733712746,0.3565100611087558,0.2622038949417204,0.20560905555584164,0.4066740724996416,0.3732668012119473,0.1717031575462091,0.1675012676436546,721,False,0.32698267639153294,0.30634270544400843,0.32698267639153294,0.1767439329486045
1059,0.41652607040804285,0.41401795338415603,0.1898069944696193,0.37469941825282693,0.23918262142175872,0.19553649308143872,0.3829371573404223,0.38589166396204594,0.23218195651288503,0.18375055788527367,898,False,0.3056849100111455,0.23277551252276918,0.3056849100111455,-0.04056956302475485
1060,0.4339996629014811,0.41132354599280385,0.20361354853358177,0.3642290495809729,0.2746166138079226,0.19803600486171716,0.37929719185442146,0.38221853422828406,0.18676479597349424,0.16989689501577687,744,False,0.31639565585878343,0.26410276788570425,0.31639565585878343,-0.07846027803511574
1061,0.4361167538272782,0.4030863234966891,0.19667041051714398,0.3583804560728548,0.26101189788595724,0.17917481110199046,0.40471100948726046,0.38137526093821955,0.16794363940940035,0.20623726755288452,795,False,0.32554641129756967,0.26817311441787783,0.32554641129756967,-0.043733691618860114
1062,0.47497434765166685,0.36715299182477296,0.21498613994798993,0.34884857807355574,0.2670659094739171,0.2243311256599481,0.3938518861698605,0.37484342210043264,0.15331742489865846,0.1757893421719523,721,False,0.32510575199953856,0.3216569227530084,0.32510575199953856,0.11541592376910174
1063,0.4347085974697736,0.4066929186056191,0.1844564891464649,0.33970686359703073,0.2615032631722694,0.1915319201833055,0.4093138879379639,0.36989568773128284,0.19492032954927446,0.2208649113082387,795,False,0.3066516818502913,0.2502521083233087,0.3066516818502913,0.06242622524678004
1064,0.4821174923043013,0.3388920674435089,0.2397113528721477,0.33698156255800665,0.2658243351817696,0.2310752712635896,0.40584462156473816,0.37696838091531976,0.16173840281768567,0.15704807501180923,887,False,0.32409218914934074,0.32506941729249206,0.32409218914934074,0.20145361333663603
1065,0.4752870705109553,0.3482534512697408,0.2161181582320639,0.35864912704792845,0.28105875472637865,0.21091004897357113,0.37527815370122647,0.3916316960424981,0.1595365018337835,0.1853306069156018,721,False,0.31833097974282226,0.3157505686771718,0.31833097974282226,0.15122588007378854
1066,0.4395680334669429,0.4282116785678699,0.1954678018324798,0.35205117655477547,0.26531087961902367,0.19679426530731606,0.37327753647208667,0.3732546116020915,0.17786744713304878,0.2045903493732683,744,False,0.3139898444413954,0.26170058633389415,0.3139898444413954,0.0749351882951602
1067,0.41861881127111095,0.4215523987551559,0.1756556735611294,0.3761928029160234,0.22794856725618368,0.19042642951744918,0.40267619748129907,0.36781619274686417,0.2313943018736321,0.18834265676265385,898,False,0.319747918396528,0.24589672519402647,0.319747918396528,-0.005270224693892183
1068,0.4364988581249828,0.4126609106312937,0.19560274506187092,0.35617932473195363,0.2548691625792216,0.19435325716341403,0.3909548055795106,0.3652505673010978,0.20206471453664313,0.2103338062845924,795,False,0.30126961735951946,0.24214560096156876,0.30126961735951946,0.08688764813047745
1069,0.4484988834852149,0.4047066099673265,0.1973349784394342,0.3626144076212098,0.2617809573401441,0.18246069423716504,0.39188732956011435,0.3640733010927731,0.19475799381848208,0.1968606376834132,795,False,0.3154147046900972,0.26603818924804984,0.3154147046900972,0.06671602263823702
1070,0.4227071999160384,0.4290868549262157,0.19770771760432496,0.37375344745082684,0.2318302951379353,0.17997211790662077,0.3998486730504051,0.3594238913518671,0.2130336837274699,0.1945251104671594,898,False,0.31849442813062423,0.2491147370195949,0.31849442813062423,0.07257243074137998
1071,0.42182935367257796,0.41835272633406834,0.1991306996246465,0.37275348796701324,0.23782175765876265,0.20129534109247954,0.39292005085760867,0.37574342343340267,0.19609931815821435,0.19323447534406282,898,False,0.31117046943397136,0.22859487832851513,0.31117046943397136,0.033668128300398455
1072,0.4415698789126783,0.4163047426397334,0.1917934285199962,0.3505450261411109,0.2673456640163053,0.17933404324468424,0.4112808295139649,0.34991051858751365,0.18653474560866076,0.20499015224885822,795,False,0.3207501759884383,0.262235835667994,0.3207501759884383,0.07996488935755017
1073,0.42867972959364004,0.42018459150371845,0.18963469848734157,0.36486617835865187,0.25574571961323306,0.181726284886239,0.3894979053696766,0.37723516654799083,0.20026830895416067,0.19503141044376562,741,False,0.317518913561947,0.24695344470740105,0.317518913561947,-0.00016883040834386314
1074,0.41282294206101594,0.4178139768896144,0.18018276727306873,0.3625318871063584,0.24014268213856885,0.1894330754180611,0.3966679403867206,0.3762995683625973,0.23156625434541983,0.2121092934162835,898,False,0.3004263705556639,0.23763120961654569,0.3004263705556639,-0.020075754001660357
1075,0.4493638075579311,0.4134004475822563,0.18281518652879244,0.34424813390092235,0.24837163663754874,0.19834451743463236,0.4083842182966926,0.36284750396588933,0.18188959712582417,0.20662827580692233,795,False,0.32400264059264017,0.26747421043210695,0.32400264059264017,0.14379841681257766
1076,0.43900466412836264,0.41526826554748203,0.2000316671676418,0.3595935789781823,0.2551271474873044,0.20250323905955542,0.39318951689204684,0.36181093517630725,0.1958188901754011,0.188571876533654,744,False,0.30939800888924107,0.25043278759470866,0.30939800888924107,0.08376399666995517
1077,0.4770061133093842,0.3554555285455216,0.21389690861033162,0.3482914273943186,0.278191867710106,0.1861313821464797,0.397233226163551,0.3907220909771545,0.14988844356337366,0.18465532389552486,721,False,0.3381587533550941,0.32711766974601053,0.3381587533550941,0.10839489176163004
1078,0.4452910772123664,0.42312386871546104,0.17505080102964288,0.3594727339312028,0.28994201533100705,0.18744620036833123,0.37869837221867475,0.3626565353209903,0.18040835872179373,0.19009674637325624,744,False,0.327986223604661,0.2702402761827235,0.327986223604661,-0.032429940015450236
1079,0.4088804804668965,0.42377317179256097,0.18630638608573197,0.3697452156322505,0.25916401690242685,0.18816652770194242,0.4100300908525603,0.35389771753979066,0.20472444413736907,0.20966272884462042,898,False,0.3058711717810416,0.237466785706829,0.3058711717810416,0.011270906394514986
1080,0.4728596315451443,0.35605482029079705,0.243688185572386,0.35173799656552035,0.2536855763718081,0.17923845989326692,0.4000763786476359,0.39132491911849204,0.17104342390927366,0.16610307849548117,880,False,0.3340754188415881,0.30675655304966315,0.3340754188415881,0.11767923626933324
1081,0.4042242693380866,0.4207088778088993,0.21360616203196517,0.37783187478059305,0.25372574994793756,0.17782282869137458,0.388568502544072,0.3709302963077755,0.22936825966824936,0.1844992767753287,898,False,0.29861495865130977,0.24288604911752473,0.29861495865130977,-0.08793620607779246
1082,0.44659289022297616,0.4196342089511259,0.18646983627086267,0.35432125710604173,0.27370423502038094,0.2064909789541896,0.38452214080320907,0.3537880094770478,0.19323913765668213,0.19034242461075102,744,False,0.31124720235089587,0.2601230539521135,0.31124720235089587,0.08895111310787812
1083,0.4463341794007829,0.3861081993265466,0.1926466053050289,0.35570953047624343,0.25488423905198854,0.20730452085423537,0.3971101113798143,0.37995540188677035,0.19388750651431072,0.20116714755442197,795,False,0.3050878869919585,0.25368757409575404,0.3050878869919585,0.09220929388548343
1084,0.4159712893052868,0.41991555955453935,0.18770143013571006,0.37609172365774457,0.2649273782988919,0.18565450391462485,0.3933004262080206,0.35181625971249175,0.22911390652894498,0.1958438133418809,898,False,0.2996190988091208,0.2342610556399145,0.2996190988091208,-0.04328034711392323
1085,0.44143023144921617,0.4293064145541134,0.1795722807759138,0.34834412670201437,0.27205480459754444,0.18285052605933008,0.38197651146156353,0.3741168791502441,0.1927593025005211,0.1917595987057676,744,False,0.3260677723088754,0.26185795067330236,0.3260677723088754,0.04115596849958534
1086,0.4855554894953712,0.34944235131258594,0.2262677731449436,0.3224191793355203,0.2676152518911463,0.21801589830927917,0.4073572020011802,0.3866666664115385,0.1443985889043556,0.17754962401735558,887,False,0.3345714781427626,0.34115690059101555,0.3345714781427626,0.24034306374158945
1087,0.4332931929496182,0.41925200193619516,0.1781498374817236,0.37427235934909253,0.24484355404833374,0.17896514261961508,0.3902399805244963,0.38125863598385024,0.18892764925763814,0.1983725521603117,741,False,0.3324029529632614,0.2551433554678946,0.3324029529632614,-0.0025828078103048062
1088,0.4035781729175116,0.4310864672405493,0.20061575388874708,0.3684974780965136,0.23985545137988187,0.18845893552684068,0.3878719021982339,0.37329208505568295,0.2188831080670947,0.21095788162811363,898,False,0.2966907973237632,0.2426275317137086,0.2966907973237632,0.04959721829345378
1089,0.4178079068812738,0.4328191328610686,0.1909114795135743,0.3612395288946657,0.2507528327036297,0.15925126074639118,0.3951390792317816,0.3855236788390519,0.21559734947442144,0.17798707197557312,898,False,0.3329215846261035,0.2735678721146774,0.3329215846261035,-0.054038448940092014
1090,0.4132957940867179,0.41949077423972414,0.19999772047501088,0.38231199189147297,0.25291882131324533,0.1868717185769007,0.38356494570441163,0.3702843741760469,0.21832114990184928,0.1904385737547764,898,False,0.3026021279642134,0.23261905566282343,0.3026021279642134,-0.03267574608567166
1091,0.44632831972592557,0.39283023164197123,0.19068648854610515,0.3571208602603372,0.2716435722723326,0.20627897007133722,0.39764754147165954,0.3772280147421006,0.17552222779953802,0.18709611360105716,795,False,0.31800421334169876,0.27080609192638755,0.31800421334169876,-0.00963048099273239
1092,0.45472333566880846,0.40430414133089077,0.1836496156850673,0.3530671837335009,0.267511398865169,0.17456329141722535,0.4041380605992927,0.3673730978376738,0.1870739632544507,0.18989288488354672,795,False,0.3336164848391164,0.28016004425158314,0.3336164848391164,0.05375203103503156
1093,0.44776653602241473,0.4143587536284831,0.18810401869448712,0.35262493341820644,0.26137965260275486,0.1865578073775111,0.3974028996277509,0.3573036717022189,0.20341277120988252,0.1949092475198924,795,False,0.3165710650293257,0.26120872864490363,0.3165710650293257,0.10901459624601469
1094,0.40107524625278174,0.40338608637834444,0.21636171925359274,0.3782652055072056,0.24821651513309134,0.1931996408269427,0.40358901983995454,0.3735604405343459,0.2195536237683867,0.19221997795743914,898,False,0.2898652001457162,0.2113690418825154,0.2898652001457162,-0.049994767568440936
1095,0.4169415714853223,0.42385865081888063,0.19445931894756693,0.352258259504065,0.2656065625948016,0.19244693678701602,0.3942218476920613,0.37113121192499676,0.2179615471091534,0.19069377212157693,898,False,0.30041659010312116,0.2331648786973037,0.30041659010312116,0.00023497150990537245
1096,0.4148938418759435,0.4302913513793513,0.19134250882124648,0.3625300121309338,0.2425701185072184,0.18648753199062293,0.4113980171251908,0.37239490154589483,0.2009636728126154,0.18094733090343337,741,False,0.3264083791345805,0.24934402047591794,0.3264083791345805,0.037439106842048216
1097,0.41379332700146215,0.3973770452530496,0.19751252995685198,0.3702537634708433,0.26291893525048315,0.17928178872679565,0.3971188522358322,0.3732238258287471,0.23318027699854071,0.20524800303521135,898,False,0.2893401180368077,0.2345115382746665,0.2893401180368077,-0.11492667852294636
1098,0.41718381725169607,0.4260083962911088,0.19209741406511446,0.3573683214190682,0.24097435407228857,0.18332860024382203,0.410714543443924,0.36374568467724644,0.22768170707970917,0.18800702440089453,898,False,0.31326782750146354,0.2426797960472868,0.31326782750146354,0.04782176618007311
1099,0.43642735595808335,0.41510972872271334,0.18405376584422636,0.36105540016659304,0.2935410416564115,0.17886093007323645,0.37831968401023774,0.3607860658255225,0.1925484414213672,0.2108398421542656,744,False,0.3087611380103731,0.2575664258848469,0.3087611380103731,-0.08074016414767099
1100,0.40936889375205165,0.4214182482678983,0.19971495774815304,0.36379549669261896,0.2384233730848077,0.19750887120632976,0.4162361566314539,0.3654455388966611,0.2019219340912429,0.1978879344492285,898,False,0.3085776021960688,0.22390937706156855,0.3085776021960688,0.07342808465985776
1101,0.44010979192858773,0.40568436746775843,0.20605614367254538,0.3522981871897579,0.25197961487690007,0.1951725136440128,0.40159450864660856,0.3657829391056602,0.1895217572939365,0.2063263851260152,795,False,0.3056897490723896,0.25058803463465124,0.3056897490723896,0.10164177468203851
1102,0.40599319725226746,0.44089941994646453,0.1911497219552427,0.3847859374168606,0.23630738692766384,0.18469858045936838,0.3883941523520954,0.36115639586482634,0.20777046074857813,0.20438082219982678,898,False,0.31485247745818096,0.25620083948709615,0.31485247745818096,0.07692637194943143
1103,0.43190891553350347,0.425622515231073,0.19687091966261974,0.3616961961405053,0.23044070042979475,0.18492335745219088,0.3917870907367948,0.37787528908538526,0.2078918094963174,0.1895057738665187,741,False,0.32181953665309043,0.2469855580813126,0.32181953665309043,0.08367520188762301
1104,0.413690962416397,0.42599208139019,0.21037343300003325,0.3675959597468339,0.24798555459815333,0.19248011883437086,0.3901172196629382,0.35909669116188386,0.22186080753045123,0.1977302082094885,898,False,0.29258465525948524,0.23351196255581916,0.29258465525948524,0.06022023355379075
1105,0.4174943120204562,0.42530342134922905,0.1893125857554752,0.35127595306011183,0.24920050885216666,0.2141972999774236,0.39086596675695406,0.37123497962762736,0.2258155007588807,0.18977833784375198,898,False,0.2952145146805076,0.23599083559375386,0.2952145146805076,0.051746751917864556
1106,0.44710414380214175,0.4530093768316835,0.186193242118594,0.35620853232210814,0.2774391951562652,0.1902621343011644,0.3615475565906987,0.3438547383100941,0.18568134795127664,0.19163893319995898,925,False,0.3272599051980106,0.26732802888040685,0.3272599051980106,0.21262101772754285
1107,0.4022552050918686,0.415324455464547,0.20851441797000342,0.3698136598479375,0.2548420312110703,0.1864505940116518,0.39508276088477806,0.3645747332735091,0.23557486726277121,0.20309360921343036,898,False,0.28313349727882803,0.2288738614528952,0.28313349727882803,-0.04510663945006749
1108,0.3958069596425555,0.41931755141337573,0.19204052061631516,0.38019392239724487,0.242332096466448,0.20257387322769238,0.40286478250288593,0.3653491196997654,0.22151189990581213,0.2036519296499619,898,False,0.2939652437925501,0.22727703079706058,0.2939652437925501,0.008848089893798552
1109,0.4441375803403172,0.4152689254985369,0.2205236892803934,0.3652470220207504,0.2481366397235412,0.1990959468975866,0.3566065185875457,0.3706312203247572,0.2010626624843402,0.20514519674537707,912,False,0.293736296586536,0.24504163344273058,0.293736296586536,0.18221726384018921
1110,0.4065041405033315,0.41342570032182413,0.21633255188355663,0.3705265600151309,0.2605835516621378,0.1800172536840108,0.3914170416692642,0.3772314235541322,0.2139719457202247,0.19529216416455886,898,False,0.29433111168729437,0.23340844663781332,0.29433111168729437,-0.0850429366357564
1111,0.4110411668319026,0.42325531659047677,0.1902954921045756,0.37901125731719854,0.2325016926017055,0.17201817891244445,0.40131470090315396,0.3782590407294694,0.22170042904056583,0.1873670900359184,898,False,0.323542576968982,0.25123713767803235,0.323542576968982,-0.03225047130985347
1112,0.4137377420563034,0.4197804600972566,0.20859588861795275,0.3708429625197737,0.25394103071103735,0.19996508921424574,0.3715271995942013,0.3792444711677091,0.2242065533265813,0.18700055356259396,898,False,0.2905032745393424,0.23277990653466266,0.2905032745393424,-0.0073831953135579465
1113,0.42405423801010084,0.41778542317405215,0.2029090583623207,0.35481311325805415,0.26626211416444073,0.19089097671265545,0.3931821503629431,0.3701102112679689,0.17784157603201398,0.21916349070857133,795,False,0.30310699056615525,0.24621266197808686,0.30310699056615525,-0.02792777451185136
1114,0.4218833895600363,0.40975048722801405,0.20170075588697345,0.36908146115393997,0.25070736079615785,0.19153837504797688,0.39046391248585693,0.37275644657897306,0.2201830436320162,0.19437974673416375,898,False,0.2973851924662672,0.2303450145120594,0.2973851924662672,-0.003979831709849094
1115,0.4506858292358924,0.4033228758238391,0.2034788459802439,0.3449635089920209,0.2677901619431898,0.19180150763090983,0.39869322689432607,0.3589383568426642,0.20050709256882043,0.1931682203361379,795,False,0.3069044785072626,0.25888432160498254,0.3069044785072626,0.13574588876229846
1116,0.49829521693179707,0.31777086853516534,0.23127096931016983,0.326755394047423,0.2891113594002243,0.22888579245060736,0.3970477252084232,0.38327570357008817,0.15389463238288975,0.1620598657038974,887,False,0.33164804455490965,0.3444005845489073,0.33164804455490965,0.3491929450620319
1117,0.4480877601165653,0.4021429521527452,0.19592224122678617,0.35713559901461434,0.2720189676001036,0.17391686168692846,0.3902505068813185,0.3794387240144672,0.18029101371476028,0.19634560864540476,795,False,0.3247270890386466,0.2741708984296368,0.3247270890386466,-0.012489750997091585
1118,0.4183205504925528,0.4325322801446,0.20048259177939554,0.38728373796424415,0.25273692185917535,0.18133297470248264,0.378550160404645,0.370228734212457,0.19272484977181736,0.18295292751570688,741,False,0.32316962029182583,0.2511993054421173,0.32316962029182583,-0.003794688969927715
1119,0.40261165120375797,0.41188843738186476,0.21784797701739758,0.3716823310075487,0.2639909461703637,0.187073026592854,0.4005229129537397,0.35806693770023407,0.22534708783633955,0.19633363079845978,898,False,0.2833137003425793,0.22481541078901077,0.2833137003425793,-0.05869173340988402
1120,0.4196563051482665,0.44041868185991057,0.1825969789059267,0.3879724979979194,0.23330911277563937,0.16584054949334123,0.39447616503618715,0.3733881142949811,0.1837570878735032,0.18794315184966973,741,False,0.34930316092025965,0.27457813236656936,0.34930316092025965,0.016736485224870402
1121,0.41377257738025086,0.4230221657965207,0.20414906214130285,0.3643434326048396,0.2450552187332717,0.1878787957649705,0.39636390976135816,0.35971831912160807,0.2309626145625413,0.20056339514581692,898,False,0.2937641901568584,0.2351433700315502,0.2937641901568584,0.04372593845031706
1122,0.41306922827035963,0.41233537421587874,0.19670428294202727,0.38111302657386525,0.25973965543777827,0.1844498989153417,0.4139138400680271,0.3400131166080767,0.22106247138842666,0.19525619410348938,898,False,0.30243359698092653,0.22946394115268542,0.30243359698092653,0.016042218553002054
1123,0.4539708913832061,0.41324999741183566,0.18721211665436088,0.36501796326555114,0.25606177657439283,0.19673774421488402,0.39989435055681344,0.3411976466769222,0.18888854849488568,0.19637921582563722,871,False,0.3217333652345819,0.26675877472884524,0.3217333652345819,0.16177148099685862
1124,0.40577435823393826,0.4238733658464625,0.18175682583315403,0.3596375963336034,0.24255741860460983,0.18193333034466125,0.39970244292879836,0.3837167189814634,0.22412158407498378,0.21009262177528,898,False,0.3070933539750352,0.24211654001330848,0.3070933539750352,-0.01902746693179306
1125,0.4082105082870526,0.41355280851117027,0.19368134013568425,0.3578859420108534,0.2510593869383249,0.18848805315622694,0.4108042577322403,0.3677846333952744,0.23425927666182225,0.19819637005649995,898,False,0.29580980005310603,0.22506475535494333,0.29580980005310603,-0.009309345727623304
1126,0.4538716523369697,0.41114619757327414,0.18634203027160012,0.3528050298919144,0.2368276410302327,0.1835190811782919,0.4004071301962469,0.3600730762315063,0.19945371811583032,0.21502959224641077,871,False,0.3208821415593324,0.2703525711586778,0.3208821415593324,0.17439329134843182
1127,0.39586718919982283,0.4306553117040869,0.20541161181394596,0.37103550077680997,0.2442009780413723,0.180860685913648,0.4042149331029996,0.36827142134733654,0.22422983070930286,0.19059544491224248,898,False,0.30484372579975494,0.24979462579043887,0.30484372579975494,0.006380245134678978
1128,0.40795012605190717,0.4171662417543967,0.19473357426209723,0.3597497247708868,0.26279597103843644,0.1877810604398267,0.4084425918358474,0.36366728773169194,0.22430557588005728,0.19619455792806836,898,False,0.29702158512764937,0.22938518131457,0.29702158512764937,-0.023712012688344903
1129,0.493316648686099,0.33346059984423276,0.22138219432328843,0.3496798128424944,0.2796389912996096,0.22089739347655168,0.3943998567533549,0.38801300104901315,0.14795442145927773,0.1384456365813269,887,False,0.35126227091933027,0.3548710121047721,0.35126227091933027,0.12371364189921999
1130,0.44513595194133554,0.40314282826756315,0.20152086015088572,0.3366712666662112,0.2561137058330627,0.2078522439358642,0.4014444959954548,0.3584075132564075,0.21027731859179963,0.2067478661765703,990,False,0.29216173835510895,0.24361509179044982,0.29216173835510895,0.2185376704202046
1131,0.44446362470223305,0.38050820762864906,0.19614515203045002,0.3602159112236975,0.2582495965651342,0.19122795294471803,0.40731281031143846,0.37403838394155403,0.1910060978497654,0.2094860741083553,795,False,0.3076205957623543,0.25345752685246764,0.3076205957623543,0.07074079009611235
1132,0.43017834189779797,0.42019380737187423,0.18115470148810991,0.38767350126108663,0.23816430145026404,0.20621656493013563,0.4058983205878011,0.32812532255127713,0.2022676546340417,0.2066315676601795,939,False,0.31387873470219985,0.24902364040968805,0.31387873470219985,0.1449431000323179
1133,0.4266852018060499,0.3828967677785078,0.17730420050593892,0.35477764300892156,0.2750910123467569,0.19728336931611046,0.4253784293406682,0.36309935957351114,0.20942084349181744,0.2068453834291529,982,False,0.30125486038038085,0.24938100130011098,0.30125486038038085,-0.0011779476178007773
1134,0.39890404377793703,0.420566514265442,0.1899037549067242,0.37350235875044335,0.25618781059145146,0.17610439510110795,0.398524809734477,0.37520331800767176,0.2362656962948933,0.1906985513402264,898,False,0.30430554848599894,0.24446211916433405,0.30430554848599894,-0.1125692142888425
1135,0.4533315322107724,0.40865305676247304,0.1857012398239599,0.3539853353156868,0.2535785574093675,0.1865690501738529,0.4044942359741719,0.3474702729510987,0.20411744604762086,0.20634298739906903,795,False,0.31614781900283695,0.26763029238681246,0.31614781900283695,0.17418587750987466
1136,0.41297068659773556,0.4432287450626333,0.18066358348997874,0.4008470396759434,0.23145260986871377,0.19336067405133955,0.3777480107706234,0.3564080303227326,0.202140599801631,0.19531022823269323,939,False,0.32610701679193166,0.2625651615726546,0.32610701679193166,0.1034251631434438
1137,0.42854933434369885,0.41014792948327633,0.17988406404147667,0.3739660297094274,0.25830905461443393,0.20221018170486424,0.3936067527391796,0.3731110293091109,0.1907215558289723,0.19439630389674845,795,False,0.3154884432580633,0.24866527030222219,0.3154884432580633,-0.035934144545274806
1138,0.417956613429678,0.42307881394252483,0.19343926318199597,0.3583273307684625,0.26768398781399594,0.1858728395639989,0.3769149006163015,0.38711920847972786,0.2111097802296435,0.19442857032487135,744,False,0.30423273952637275,0.23720597437852595,0.30423273952637275,-0.03049707519155489
1139,0.40805727350532806,0.41335281878154456,0.19623675294955964,0.37678016001834985,0.2437207202954571,0.18090120709229981,0.40260408125182506,0.36693275714824203,0.2190905384408858,0.21284069578200454,898,False,0.2994283059733081,0.23245161168924475,0.2994283059733081,-0.023893315093743026
1140,0.39646213094094324,0.42491503838635064,0.21417830442133137,0.37363626727090854,0.26566979548374803,0.19394588526375156,0.38646422351669024,0.3726032166304903,0.2124523339568059,0.18780146066897582,898,False,0.29127869723269656,0.23711357771737482,0.29127869723269656,-0.058718387636861165
1141,0.40171932269217164,0.43623612468817746,0.18307865204572657,0.36582303178118764,0.2450831670044816,0.17879113381426356,0.39966264904147286,0.37332734739429035,0.22565998690754735,0.19727479959277144,898,False,0.31372542760157807,0.2574449908739139,0.31372542760157807,0.0024112943646161476
1142,0.4148404969504508,0.407317010048676,0.19536034396613855,0.3723246624687964,0.2538922914727559,0.18242136303533474,0.4129371688179847,0.3646506687610271,0.21715102005809175,0.19190692182757663,898,False,0.30746827712906744,0.23241913391511604,0.30746827712906744,-0.02886721047664984
1143,0.4097640558368012,0.41555942375605287,0.19173365485834093,0.36333109453788065,0.2292445619796601,0.2020700779036359,0.4250736192247798,0.35083855207174436,0.22541360080567957,0.2065443216799229,898,False,0.300423659836982,0.2333399643664389,0.300423659836982,0.12822102085339993
1144,0.4434837906949391,0.41077229769036244,0.203893614476241,0.35464216556161754,0.2569022904011169,0.1961418529580637,0.39891314283534157,0.3574776094676691,0.18643782310772558,0.20271448701266734,990,False,0.308928220575796,0.25704596758721354,0.308928220575796,0.11113439318357458
1145,0.4061526615823914,0.4098291566810683,0.18127927391953277,0.37459210997148956,0.23467837261785449,0.1920923254434384,0.41895868237491046,0.3656187470736813,0.2287705670382348,0.20096227421349755,898,False,0.3073322566064563,0.2376794084553777,0.3073322566064563,0.0003689235023400629
1146,0.4439940519171691,0.4129499824534022,0.2195611819463766,0.35561741217580367,0.24789090111080503,0.1641771285354818,0.3734730027278294,0.38106620903939403,0.21153028551910913,0.19956980702483093,912,False,0.3105098867470387,0.2798169233816873,0.3105098867470387,0.04904910397370006
1147,0.42801608447740813,0.41418417165585253,0.1643725805566296,0.3893845834505643,0.251510567677511,0.2305296190849574,0.3995198712955979,0.3356346655734648,0.2029483929190301,0.1917256552957102,939,False,0.31254389368888685,0.2636435039207785,0.31254389368888685,-0.0024982026873536086
1148,0.42163273662022155,0.4319454322362847,0.19046341078520987,0.36731130808123535,0.22089028608247557,0.20065932216712892,0.3856048048300602,0.3678562595415218,0.20301794150114805,0.2239928821784898,1017,False,0.30687896756798516,0.2414820214510748,0.30687896756798516,0.11180648514286703
1149,0.41445913361098574,0.4307843833298811,0.17514392110959945,0.39926282627584914,0.22437489403242025,0.20038515873475493,0.39927493775335177,0.3397789655437855,0.222030908900698,0.19466893263607865,939,False,0.32020250159139835,0.2556404622202817,0.32020250159139835,0.08800415411495963
1150,0.44320522487004044,0.3978288652972357,0.19154061211976556,0.3293882628997112,0.25417215727770376,0.20030048704815043,0.41148323788276503,0.36703386325554205,0.20679571477953312,0.22044577252473863,990,False,0.297651743860446,0.25166461275027485,0.297651743860446,0.1958910951593279
1151,0.4201521293738823,0.4257124564678637,0.1997343041084873,0.3630200760825062,0.22855187611713929,0.20944578154275492,0.3770576707251697,0.37471404064836694,0.19564923568107498,0.23151351255815406,1017,False,0.2940637344403748,0.23006322078678873,0.2940637344403748,0.09520072027943506
1152,0.40193819172248035,0.42369019153425735,0.18932873864702535,0.3660922393459045,0.2612412293184442,0.19368596820936845,0.39777913253313774,0.36983512980157074,0.21025407792752784,0.20997414047740864,898,False,0.2959204632813313,0.234361452887232,0.2959204632813313,-0.02457109295744804
1153,0.4447418561935568,0.39715376368276495,0.16950317892537595,0.34875770951534824,0.2648012868981333,0.2299058240724984,0.40772360553858655,0.3638090039751294,0.16587665523555106,0.2121869402335299,1029,False,0.315931580199278,0.2788652009580057,0.315931580199278,-0.03152221907683611
1154,0.43037489727127365,0.4189694871530743,0.19850312390355143,0.36808401489035747,0.23904888339537192,0.18332129412094475,0.4032279414389745,0.3493122402288427,0.2267133482909139,0.19388363175194054,898,False,0.3088670135597277,0.2470536031503289,0.3088670135597277,0.08799319057580603
1155,0.4020452563388532,0.41603541495569063,0.19077583370158396,0.369133846104551,0.235964160133308,0.20663893941335257,0.3999980622864772,0.386944580618723,0.21297093422042596,0.19788637400904996,1040,False,0.3016627175986758,0.22525958125410667,0.3016627175986758,0.0026123970723480414
1156,0.3936992981320911,0.4110175939579905,0.1849774329884795,0.39816345900677713,0.25402213056121725,0.21264419957427302,0.4092548162894909,0.3553172429831136,0.19667783509731596,0.20284918595044468,1040,False,0.3014217336013698,0.226040160969511,0.3014217336013698,-0.027133111580634566
1157,0.42070333264362464,0.41301468914796763,0.19353023897241695,0.3692826458861319,0.24153109877265289,0.18535099000182403,0.4050577372272404,0.3783475350500204,0.2095882668291057,0.18645593574269553,898,False,0.31752640636504814,0.2353523426418006,0.31752640636504814,-0.0031693163373514026
1158,0.4371010921114263,0.4079342951006351,0.20962872453006573,0.37019171893746905,0.25972579543539925,0.19027384933006486,0.39612531186155897,0.36000898989603153,0.16718076595680206,0.20835874033755716,795,False,0.3138533454195957,0.26992032615462425,0.3138533454195957,-0.017722906337397693
1159,0.4181866833496836,0.4320763616282332,0.19401478167823433,0.3779833254170895,0.23528489789815227,0.20376915329316725,0.397137402367439,0.32904960044992765,0.22894326925663477,0.2064682985884199,939,False,0.29688627590221117,0.23806157994999888,0.29688627590221117,0.1848896078125264
1160,0.4398288089322325,0.38950958476866115,0.18516283557692131,0.3558887823125684,0.24478976109254963,0.20563032589507363,0.40847261439770666,0.3682451514192077,0.21139164441726963,0.21105484477319755,795,False,0.3000008557906079,0.25466597335531116,0.3000008557906079,0.11066743843556452
1161,0.3976920682345071,0.4308643527721895,0.18170903640040734,0.3870959703273465,0.2474117136671827,0.1992386621378936,0.39679666266774827,0.3747066361461217,0.2126195413312528,0.1713684324430297,898,False,0.3208546184037585,0.2594959203291598,0.3208546184037585,-0.05267761828470437
1162,0.40619442385625687,0.42237665070564195,0.18588986224175544,0.3918237862412222,0.2414087535885406,0.19194451524378925,0.40232770106456117,0.34730723807906155,0.20877120126241347,0.21754755855721294,939,False,0.3045855426200785,0.23648678846388652,0.3045855426200785,0.03979535664358164
1163,0.4098042927102752,0.4307400240832399,0.19416306578115475,0.3720127311268603,0.24216127242271052,0.1766896917696755,0.41560681434737384,0.3540916966847383,0.20391600545009742,0.2021823063083806,898,False,0.31901139093108216,0.25405033231356444,0.31901139093108216,0.06215786049338594
1164,0.44179580199566243,0.42249166616957995,0.1872602197428597,0.36591562177549397,0.251971217708107,0.18717918218356833,0.3797624201713423,0.355448560179412,0.20937041904643452,0.21078885483550455,741,False,0.3083084165132919,0.2546166198120941,0.3083084165132919,0.11745053130927291
1165,0.4097696229067869,0.42232172915939514,0.19971111817858966,0.3571199409254215,0.24067224830465414,0.19685680401408168,0.41708990280594277,0.3602098727570747,0.2299881731480365,0.18173771941719585,898,False,0.3047044574463497,0.2405840097421993,0.3047044574463497,0.05900672677470194
1166,0.4354077941657592,0.41972541933834556,0.18974589583044282,0.3764650332500364,0.22404701036444613,0.20967585207347839,0.3625472914854475,0.3741742182403769,0.19788916227598227,0.2274932271409479,1017,False,0.30294152995195583,0.24566189833531638,0.30294152995195583,0.12229447154279187
1167,0.425096599156405,0.405773199338337,0.18183486473598398,0.3705526701736888,0.2795565922016857,0.20553668626995641,0.38323734784685215,0.3659823546957843,0.20212623729499454,0.20543030568866436,981,False,0.2945195815769017,0.24326173442042104,0.2945195815769017,-0.08622126524399315
1168,0.4256812849080976,0.4355533477728199,0.18301955065798248,0.37975723069263195,0.23857024798585166,0.2003791538885991,0.38781477035430734,0.34647987885773884,0.21946151629738803,0.18893778474822207,939,False,0.31473324539428965,0.2525337971148374,0.31473324539428965,0.11033293582919292
1169,0.41617022216500926,0.4196946806610474,0.21129342970349915,0.3688275434402211,0.24518816607053934,0.1852753633578332,0.3925752068448149,0.3623486486553255,0.2289169128285841,0.19421911526150482,898,False,0.29518192439927643,0.23441931730321422,0.29518192439927643,0.01538476503217926
1170,0.4310284552208716,0.4221316066670979,0.19066609959267236,0.33921062658501283,0.27924297315858765,0.19207026923056067,0.4057765472509128,0.3691356968042202,0.1895545783372501,0.18134947812749264,744,False,0.32020026070240537,0.24967897709337894,0.32020026070240537,0.005912435043010428
1171,0.4493428010495664,0.3979147596329172,0.19436519396633695,0.3544855747209646,0.270504394643491,0.18217949525430727,0.4026261782144134,0.36798668419855646,0.1951527168510683,0.1853332724107614,795,False,0.32047199048288366,0.26716330579525915,0.32047199048288366,0.03903378503525946
1172,0.4551453339492417,0.3996901145738476,0.19129158077806452,0.3584282194615319,0.26663912611936785,0.18097240864289846,0.3888260451228733,0.3740534833654616,0.18111907830514493,0.2006838840955965,795,False,0.323459576648675,0.2741729253063433,0.323459576648675,0.05303429292603143
1173,0.45349849590583374,0.39593275389661503,0.1946596756517419,0.35511399860932363,0.2650406084923228,0.19688706149973514,0.39343771766941005,0.3690693841226555,0.176788699396633,0.20568737423069947,990,False,0.31426971165208495,0.27670979650920074,0.31426971165208495,0.07753997921719312
1174,0.4569564039575669,0.3860364087887846,0.18955412876669864,0.33781753357329847,0.24854797282710261,0.19796330152805347,0.43189464969444064,0.3650119178846997,0.1826174213774989,0.19502283835005552,1029,False,0.32872213598291156,0.27433898258006806,0.32872213598291156,0.22850490651061356
1175,0.46819577238697946,0.40561392498445004,0.18369187047681465,0.3397744192946774,0.2659029925634303,0.19324023507370375,0.39816935507997825,0.3561407903351655,0.18107357734323182,0.20216769056552272,990,False,0.3262617254740662,0.28712219504374764,0.3262617254740662,0.20928998556379524
1176,0.42251800902437076,0.40708830384918565,0.1681561198345231,0.35696067247475416,0.28845526796345405,0.19112742590586207,0.39403192992627983,0.3782257838586107,0.20387515254861258,0.20110476084609608,744,False,0.3087599393057333,0.25436188918984765,0.3087599393057333,-0.1584423547526261
1177,0.4121668079099288,0.41204012216150354,0.19476846653493443,0.3697452967832054,0.2512401920289366,0.18085199070847063,0.3973410362023766,0.36606804774398777,0.23451263888915985,0.2073261948587745,898,False,0.2935150944628164,0.2313148172014582,0.2935150944628164,-0.05225387713520376
1178,0.4186003638586695,0.42092259424603357,0.19475034718278084,0.39804134059929397,0.24621125654490286,0.189162818967352,0.407039855138679,0.3325935979697728,0.19261355080256584,0.20354561776913369,939,False,0.3169094653203582,0.23175977527868158,0.3169094653203582,0.08797028030729352
1179,0.41477055257776674,0.4223235064036049,0.19254835165269535,0.3959876138127815,0.23706948486769294,0.1876845912591861,0.3913580677523965,0.3499349974568716,0.21527479502729452,0.20576895579837298,939,False,0.3075516051287722,0.23463891514441879,0.3075516051287722,0.05471505102701527
1180,0.41551164660031464,0.42607656390148335,0.1896434657811808,0.3806821969725765,0.23378456635814424,0.20711810332194044,0.38808313700957214,0.35414486111303123,0.22183598624852524,0.2052652263737745,939,False,0.2977032070244754,0.23643309812030255,0.2977032070244754,0.08428132013438365
1181,0.48893605283308345,0.34257168334395594,0.21422918420170786,0.3204139864527573,0.2680279808181202,0.22476362580754314,0.4127544706270651,0.3856158585093621,0.15310175306250803,0.1736756626521671,887,False,0.33570166524033457,0.33583429977057544,0.33570166524033457,0.32473100194075905
1182,0.4560100141074886,0.390608868640232,0.20037289059810123,0.3506311817017908,0.2683204431746182,0.17438682377663836,0.4156694562881727,0.3584610889007843,0.18860130617865603,0.19270581603467296,795,False,0.3245150622997187,0.28162319033085026,0.3245150622997187,0.10600619980975827
1183,0.4095194078862644,0.43163384136435484,0.19856642238445277,0.37800849408060444,0.24981281941676986,0.2010278539894804,0.3951761222384147,0.3510174093743921,0.21644317974402993,0.1860735169343267,898,False,0.3028286018941751,0.24556032443002815,0.3028286018941751,0.05565468043866969
1184,0.44151066118576643,0.4019346229090473,0.1922782755855609,0.3575607768696562,0.23103651496649222,0.1934164051143098,0.38764643395439363,0.3780019690392405,0.2089398232156654,0.22604729030178827,1017,False,0.3016843414673109,0.24923238560020552,0.3016843414673109,0.11210211468153965
1185,0.48017148940421356,0.3564127922035059,0.20594404182498116,0.3665337838168418,0.25577161750823607,0.19678375692827135,0.39954331229477913,0.37987909874227854,0.16416652577540863,0.1749534101275467,825,False,0.3393838977336953,0.3160049636288049,0.3393838977336953,0.200952382228317
1186,0.445674093567644,0.3985371975503762,0.19278792241424142,0.3781730155083758,0.2291294993176885,0.18761979234848455,0.3820053306586783,0.3919992518497622,0.21125935587807648,0.17446253556838887,1043,False,0.3285052143859285,0.2712115579992551,0.3285052143859285,0.04785636022429128
1187,0.4914848110885337,0.3249708930890482,0.2393600525613676,0.33417105222569365,0.28919015204275306,0.22049540226823375,0.4072995906550358,0.36819301042576985,0.14123560986827283,0.17383140906467992,1116,False,0.32986548789559056,0.3502492012202609,0.32986548789559056,0.23979305504372717
1188,0.45857947927440446,0.3322382989382019,0.22785645488708914,0.3594924997984616,0.24419411447099704,0.21670635327661927,0.41246117993745773,0.41207843653476156,0.16873656479607133,0.15222303458336942,880,False,0.33525282871927337,0.30635644469103507,0.33525282871927337,0.09888094160936638
1189,0.43130999346473337,0.3962166295096983,0.2007101715906786,0.3642516528061461,0.27017460165078555,0.19166876950787845,0.3909216473894417,0.3741478846649242,0.18965070747387996,0.2133429986228204,795,False,0.29743827327846467,0.2416592859908534,0.29743827327846467,-0.040257207046180854
1190,0.42279704573390314,0.40056615108492216,0.19524477314605443,0.36498382701799253,0.24865468370924312,0.1826858356841466,0.40960979991844426,0.36213263180080074,0.22942456060502212,0.2066314951670549,898,False,0.2970811021343272,0.24011121004975655,0.2970811021343272,0.0068453804169252876
1191,0.39936680771189564,0.42127213169913785,0.19332731925594202,0.38516465532236716,0.23564475946021995,0.20002527203663262,0.4012510495148135,0.35659657503449893,0.2220248251124609,0.21050314184757468,939,False,0.29446623541365574,0.22794481244319584,0.29446623541365574,0.04404883252392255
1192,0.4336766360320104,0.4058695709864398,0.1934491981863676,0.3624070012017944,0.21711870766541452,0.20542241251869503,0.3647828499261079,0.3884882164896937,0.22923885895991752,0.22924672891039152,1017,False,0.28956753996437345,0.2402274378456428,0.28956753996437345,0.11446628139191371
1193,0.4147163976361918,0.42867505872132383,0.20301776779641428,0.35675236481316763,0.230231148553678,0.19135634163698761,0.38672779975474725,0.3744917362973131,0.2068173239467081,0.23143044598640064,1017,False,0.2954955450585791,0.23731871708433622,0.2954955450585791,0.09048900767800053
1194,0.4604056026141334,0.3576677229308324,0.20939475902984028,0.3544968938658956,0.26073623438138654,0.20081936624164476,0.40090548088340017,0.4027764330565194,0.16807581903914098,0.17626946937690163,983,False,0.32860166813034264,0.2923297835749924,0.32860166813034264,0.0980167118594286
1195,0.4485282280783625,0.4067650848654901,0.18811790617753735,0.348344325249233,0.25649719134784227,0.20005582990252505,0.403990536182741,0.35018246549469023,0.21472285502935212,0.19717331870427277,990,False,0.3058432965508762,0.26041032190082514,0.3058432965508762,0.1731583658260168
1196,0.4478095412802513,0.3973587646782249,0.19202421021588975,0.34415520405468303,0.2698242930400954,0.20785569315244054,0.39574356713908904,0.3673885179322223,0.17738318920774762,0.21724478576118544,990,False,0.3033412074375966,0.27042635207250365,0.3033412074375966,0.06818786351822452
1197,0.49694866973176743,0.3407604562033149,0.224085961163249,0.35068702627830367,0.2598173572382046,0.20864514710932405,0.38920031012997597,0.3870938513456019,0.1656948973089655,0.15465198371172978,887,False,0.3417740146492115,0.34229668602003765,0.3417740146492115,0.3154607480046986
1198,0.419569956963103,0.41108643083189456,0.1941045709529361,0.3752456452010655,0.2449933562471127,0.19313295980913353,0.39272234720867655,0.36993673840741204,0.22115608639844256,0.1979065111388297,898,False,0.3001270569191964,0.22643699715396948,0.3001270569191964,-0.0010896457206225293
1199,0.4113288926252788,0.4347575115702096,0.1762495376934612,0.39007422029210437,0.22574711760930566,0.2041209412224772,0.40224507293237194,0.3414923947560324,0.2029316493025571,0.21528149696059465,939,False,0.3161627015188303,0.2585079738767484,0.3161627015188303,0.1067171467474212
1200,0.43093606910628657,0.4039256179300157,0.18136828489573484,0.380131453260846,0.25213577056574427,0.21606894983253808,0.4127824542633734,0.3347924228056207,0.19669492908739958,0.20572158144902486,739,False,0.30565734327188876,0.24956778421055173,0.30565734327188876,0.08830741049158725
1201,0.429804062312884,0.41990405712640005,0.1896184314628928,0.3423469902516489,0.2890004253501426,0.2273955087403609,0.38640192007498186,0.33870679032490963,0.21380662521719024,0.20204076236955562,1024,False,0.27919789436573883,0.24018563084999117,0.27919789436573883,0.0860912795293583
1202,0.41565246895795216,0.41499439438136576,0.21074700605722305,0.3717032358605693,0.24230259640064578,0.18956619291081447,0.39204996083634497,0.3744033818940501,0.21589682801063664,0.19312350282182272,898,False,0.29951007656149653,0.22608627604713769,0.29951007656149653,0.00356135201690869
1203,0.4381598424171706,0.4011946104992309,0.18141115336154987,0.3693122595192943,0.28803811744956553,0.18913339085351016,0.39167506789173084,0.3765347376594041,0.1811418671289316,0.17612423247610232,744,False,0.3274665498599899,0.2620356099410683,0.3274665498599899,-0.1289414479716602
1204,0.44777268225220374,0.39591494523253884,0.18855740673685942,0.35984619244724086,0.25328111095160544,0.17786823332923468,0.41753062334712415,0.36137732789337906,0.196334040332024,0.19607887133100402,795,False,0.3256885861445534,0.26990444892296905,0.3256885861445534,0.09071350597926854
1205,0.44173928857335476,0.39343399644148164,0.17678674340713862,0.35476628020347667,0.2669938907597837,0.1909065886721787,0.4097848773051352,0.36775121007845374,0.2011246146360837,0.20400160064253697,990,False,0.31308685400356784,0.26495254516621614,0.31308685400356784,0.02490374096008219
1206,0.4541408050817975,0.41135098026804573,0.18991720210538557,0.34316934698866614,0.23698795836131598,0.20463085010414392,0.39540471798566895,0.35243531288041247,0.19128021685150373,0.2356523211687095,990,False,0.30523061258802964,0.2642236029764119,0.30523061258802964,0.23554318076419792
1207,0.43867149604056316,0.4022071556709668,0.19449076007645558,0.344769371339577,0.2661559408714879,0.2058648592209359,0.41422191867023234,0.3516305773239741,0.19220426200694718,0.2090896531315754,795,False,0.3007045409853112,0.24646723403361598,0.3007045409853112,0.12681728297722003
1208,0.4266980988805794,0.4289374009171871,0.19129784957994544,0.39770790637124476,0.2153786706589208,0.20024209917251562,0.39608067577118233,0.3436871497207854,0.20592604752032045,0.18783989660421663,939,False,0.326431137529134,0.24109750431297045,0.326431137529134,0.12875904671454744
1209,0.4425195918501309,0.3888212319105713,0.2078555466960174,0.35486734975211115,0.26106660438167123,0.1931602249283468,0.4104002613877336,0.3598092521003887,0.19499157245347037,0.20610741384571377,795,False,0.300396199614266,0.2493593669217841,0.300396199614266,0.10808620981532793
1210,0.4603491857528112,0.35468302875778923,0.2123068374066565,0.3457227178295611,0.2724446442787209,0.2047394690399672,0.40247419755345565,0.3870006266649879,0.1719872216858567,0.2005025733433672,825,False,0.30807597141305226,0.28836196406695447,0.30807597141305226,0.15085131668956578
1211,0.41673111613776775,0.4241236494402572,0.18264985722161675,0.39744280577085533,0.24137431575970883,0.2075151784641226,0.3896376754935737,0.34219886817385586,0.21501749055607478,0.19661723789119284,939,False,0.30694716549819573,0.24147379221864046,0.30694716549819573,0.07108196338025138
1212,0.41221905492025057,0.42143588170789564,0.19069284623890564,0.37860117104294144,0.2301448852085589,0.19153202647477227,0.40216887858014455,0.36287042629305094,0.19505870956836396,0.22726812653731654,1017,False,0.3083001670486083,0.23074303546899,0.3083001670486083,0.027496889749986313
1213,0.4330342700233205,0.4051889329164465,0.1924624747700776,0.35693612795116286,0.2580100338333276,0.20536578183853862,0.37798417487022595,0.38398013573508544,0.19529321693103915,0.21601282928670332,990,False,0.29544032707635487,0.2405717952532429,0.29544032707635487,0.03640337550753658
1214,0.4016799009925152,0.4147529653227994,0.2030815888652767,0.3774391898403497,0.23935024371181612,0.20089560458051314,0.40660191134712365,0.3799753965864304,0.21865225362850846,0.16663719178968675,898,False,0.31128669428823835,0.24811577353311268,0.31128669428823835,-0.06766214859244016
1215,0.4083204574242435,0.42879212564351576,0.20482702455289153,0.38567381283714147,0.22715976821505257,0.20138933550805066,0.40605156402817516,0.3483294088213405,0.20976374238832582,0.19063581790220976,898,False,0.30937421799331977,0.238156307741306,0.30937421799331977,0.10306872489321339
1216,0.45939117479286506,0.39462091680016875,0.19893166093276146,0.3740821565774427,0.26089579232224236,0.17276123790020964,0.3939603087813906,0.34934844976735513,0.1813241274543714,0.21373406779405216,795,False,0.3213009558800645,0.2866299368926554,0.3213009558800645,0.09594112169517902
1217,0.4066572019951233,0.4216559437752046,0.17995105509271803,0.38759792339638993,0.23566380331509917,0.19904232166862046,0.40429323148712415,0.3504945655809854,0.22670466170670303,0.2034008788538906,939,False,0.3047205896355651,0.24170488868248657,0.3047205896355651,0.028533154220719073
1218,0.4030518935957125,0.4250011241786719,0.18600273559728242,0.3821301784525884,0.2629329791018231,0.19474330186878702,0.407737200131065,0.3561088455195529,0.20481253919747647,0.18502083401409722,898,False,0.3128316755651618,0.2399802901645747,0.3128316755651618,-0.03410521048353151
1219,0.48623436860702884,0.3671773093240399,0.21111830729088335,0.34354079632605544,0.2639676388501806,0.21567338826571694,0.39453278376661677,0.3635891233548305,0.16008568631241585,0.19102676271227756,1062,False,0.3233648386246998,0.326148682294613,0.3233648386246998,0.3067922729338071
1220,0.41418840917230426,0.40898728408096835,0.19866217469796932,0.372796996120288,0.25068819457954505,0.19113405350668114,0.38593929220737194,0.3842995796873963,0.21837549040004087,0.1975680815795174,898,False,0.2971782149547562,0.22305435566562312,0.2971782149547562,-0.03739141483761862
1221,0.4346009823949084,0.4214469511781242,0.18429429337239037,0.34059688101109203,0.2919413752941832,0.19760867732232454,0.3837888120236792,0.36342742908717673,0.2006707139295337,0.1990296251359162,1024,False,0.3026962947789674,0.25030668902251807,0.3026962947789674,0.00563216063107377
1222,0.4760105641966415,0.32949686722460636,0.23760383897346082,0.33077111120081815,0.28577118082760716,0.22774483944010865,0.3912656178224346,0.40109911407763027,0.15208135642374415,0.1683738201256118,887,False,0.3201489221191107,0.32392920777289735,0.3201489221191107,0.13718518077687245
1223,0.4243893514393033,0.43268669691097167,0.20290493375679566,0.36160829241075154,0.22573547048259138,0.2004381787249678,0.37673995629888624,0.3698499778769335,0.20679926288411987,0.21937417659442526,1017,False,0.29941849236308643,0.23224851818600387,0.29941849236308643,0.15926382465224914
1224,0.41349987958022727,0.422349926419044,0.19550234076961204,0.3764683268912506,0.25391475605983604,0.19472400242880014,0.38483440553937287,0.36279587081031,0.21427260967934605,0.2065612924843423,898,False,0.29473794283830146,0.22762592399024387,0.29473794283830146,0.016924208779406882
1225,0.40876272524442625,0.42446232744140516,0.18814839947261586,0.35915055867106566,0.26108887469479913,0.20261962138683062,0.38738001228523133,0.37263745109505764,0.22740344163817525,0.19621274782739298,898,False,0.2915635385368408,0.2363139279687893,0.2915635385368408,-0.016574918254681718
1226,0.4096361373291224,0.4287894101184662,0.19871281094449478,0.37332672990405946,0.24098472241112304,0.17977632837368873,0.3853490641882616,0.38095116186901246,0.21809299679118452,0.19468651556141064,898,False,0.3100248291144426,0.2490130817447775,0.3100248291144426,0.0013842373404835096
1227,0.409267922133616,0.425701888970285,0.19798337468696797,0.3651901069421555,0.2396114912840882,0.1914066839395165,0.38599243223415636,0.3826120772507379,0.22973618290919018,0.19106381192874797,898,False,0.30148176068087884,0.23463807704153702,0.30148176068087884,0.009994626568412206
1228,0.45119293000990807,0.4269536767143028,0.2074907277526831,0.36129121716140494,0.23689338440157587,0.1934721807961449,0.3530518445069062,0.358177743034259,0.19921859960390162,0.23318842357559816,912,False,0.29899105248528385,0.2577207492137632,0.29899105248528385,0.2839092598807292
1229,0.44987956518427913,0.4054650267527094,0.18076083790111833,0.34284061779726344,0.2527116930796754,0.18211635364522924,0.3955998170529459,0.37340669932808734,0.19676111797821377,0.22653043325791186,990,False,0.3143135877828699,0.2691187272831608,0.3143135877828699,0.09731422270829689
1230,0.39651994820287473,0.419192979153076,0.18596105380674935,0.3788697116913267,0.24195924884119088,0.19520450763521946,0.38986934691897496,0.3809425215367026,0.2286730226723975,0.20704990547008387,898,False,0.29546786856189766,0.23323192534632667,0.29546786856189766,-0.041669755320493176
1231,0.4413834586511046,0.40701717673170734,0.19854162486192622,0.3724946583786679,0.25331978676904765,0.1990263895687427,0.3923905232484141,0.3553938904117928,0.1817800207963281,0.21034514208721974,999,False,0.3086070464545707,0.2596034378547765,0.3086070464545707,0.06836193449870377
1232,0.4203400169337797,0.41651538733220733,0.18649075333234555,0.3626221370785937,0.23278025335396066,0.2142869119037603,0.37704748414963846,0.38342287121161756,0.2033459064455807,0.23004912257387042,1017,False,0.29260863981665,0.23384926360143415,0.29260863981665,0.04491888694430234
1233,0.4502252476513094,0.4084094025830805,0.19792556624317872,0.3373214303192162,0.24297428268565865,0.19283346797377196,0.4040525363384136,0.3517823999200832,0.21049172295966087,0.22360989751528546,990,False,0.3003678754465652,0.25739177967753746,0.3003678754465652,0.26058802982343726
1234,0.47257686993539416,0.33610582262157956,0.22198854101168702,0.33092359390988607,0.279431262935946,0.214884957363263,0.40320680418039984,0.4046940767693477,0.16524039141728894,0.16431632719516948,887,False,0.32684467193711386,0.3082605427402247,0.32684467193711386,0.1817453789541704
1235,0.4757362353174915,0.33876447226694917,0.22008071492497608,0.33806554984811443,0.28606337239530094,0.2210805944631412,0.40065702805508346,0.3916358695071837,0.16466090930977292,0.15640659805772136,887,False,0.32705484888776254,0.31932963725977015,0.32705484888776254,0.12275138555645747
1236,0.4037022756392433,0.43242440495542445,0.19673004297087016,0.3813146938259549,0.21955157498131958,0.19875118264587935,0.4054995858382606,0.33483708954086827,0.22732559075916411,0.22361207383910275,939,False,0.2959958178963212,0.2356943619845543,0.2959958178963212,0.16315710171857795
1237,0.41537524740175524,0.43001422603814254,0.1716764807746351,0.4015497932465443,0.24356642459746752,0.19940237003627326,0.394964758483788,0.3396031072208664,0.19858986947603,0.20490203327257217,939,False,0.32071539043290204,0.25833774526350745,0.32071539043290204,0.05865293998115663
1238,0.4862870990483115,0.34075096676654526,0.2400310563667417,0.3533348395204202,0.24981015799475056,0.21944157585791574,0.3985716571013568,0.38211863749999425,0.14077320852488576,0.17234379491950205,1046,False,0.3362920235147732,0.34551389052342574,0.3362920235147732,0.1810391696368632
1239,0.4424178531657177,0.4039624563966766,0.19005596354830107,0.332656984262622,0.24846091696277364,0.19992812526130027,0.42222646560845006,0.3575449141314831,0.19534282020538166,0.21982353092300974,990,False,0.3078608239495629,0.2523618896174166,0.3078608239495629,0.2117100428490516
1240,0.4051933701848925,0.4189321653561464,0.2082909957132007,0.37914402698397004,0.25560259601219615,0.16760767638353388,0.39377008037572697,0.3782891501014336,0.20395078562577965,0.20000085245717208,898,False,0.30953910673608137,0.2513244889726125,0.30953910673608137,-0.0946105657711716
1241,0.41361663757385947,0.4109796775652481,0.19818541764522737,0.36149043996486835,0.2423448863158332,0.19238699812172416,0.4044945443472596,0.37806650525754515,0.22292622793932515,0.19512601292478451,898,False,0.3003769362822535,0.2212296394521353,0.3003769362822535,0.008458321402779296
1242,0.48174938701178605,0.324908468519071,0.26138087507820446,0.32407585553191265,0.26282471488849485,0.24656529114010062,0.39874266281852144,0.3859949862831596,0.15608337922566484,0.1636635505966603,1046,False,0.3143970729961463,0.3256660077861212,0.3143970729961463,0.21073724641254837
1243,0.4528788559657774,0.39456531288454716,0.1891599019973455,0.3429080915073245,0.2544609100321623,0.20762029760809683,0.40332785596970844,0.3621486445511787,0.19286713371218345,0.21673083262795148,990,False,0.3034662061452412,0.2637189539684319,0.3034662061452412,0.18613306957385264
1244,0.4511583058225121,0.39792736256498745,0.1860275443170454,0.34396472800792616,0.2636504329287447,0.20658453485252176,0.40569012630899604,0.35784019152981195,0.19258541840126042,0.20803862715370777,990,False,0.3067832350248509,0.26513076150546666,0.3067832350248509,0.15074246973743757
1245,0.4322278213075432,0.4201732621748297,0.1883689669322875,0.3511400427643138,0.23877060176351628,0.21209148734977026,0.368019886237014,0.38347370405950415,0.2016412371846964,0.2295805669656947,1017,False,0.29413201966489755,0.24385885437525573,0.29413201966489755,0.1262962069948433
1246,0.4335038701041961,0.4197533541228752,0.2019472694674419,0.3789240119301858,0.22633267226129533,0.18642939948825674,0.3831998815106626,0.3557123118736955,0.20582864041976837,0.2231461025713892,912,False,0.3054296704287728,0.24707447061593937,0.3054296704287728,0.11411867573482462
1247,0.39382145744999636,0.43250892307386596,0.1941379155519404,0.36807705443455163,0.26034000556395315,0.20589959605817126,0.4018946783701122,0.3531182467547284,0.20352408550815398,0.21648325253501846,898,False,0.28945281238696197,0.23837100752192555,0.28945281238696197,0.060594283150542196
1248,0.4532450907795507,0.40170027098993777,0.20122922451245473,0.34050733384447285,0.25382310275580855,0.20725725152584326,0.39792361537511145,0.3618618795709826,0.20653547252521234,0.19349799481494154,990,False,0.3025128980583455,0.2597470959646092,0.3025128980583455,0.21554813303268966
1249,0.4954377059516379,0.3221188475897363,0.21197970492365403,0.3323762222176955,0.28887051517024104,0.23050307200116577,0.4007641672964451,0.39027147015408964,0.13439143028934644,0.16676013815253793,887,False,0.345558068441051,0.3610462756622914,0.345558068441051,0.21533139839270457
1250,0.39433847463391536,0.41120405903005425,0.22530000151241597,0.3871904177491245,0.24737749341623597,0.1613125812175877,0.40191204457470325,0.37826940339929954,0.21675585145805287,0.18950032614959236,1094,False,0.307099130599196,0.24989147781246654,0.307099130599196,-0.148178282900107
1251,0.39734877544759384,0.4133840846851641,0.20277547395667378,0.3741119736155046,0.23922343143766966,0.21046646682405784,0.405145259481802,0.3754694551022873,0.2246073626114424,0.18181706024902153,1040,False,0.29535322405072983,0.23156702443614255,0.29535322405072983,-0.02773775058004709
1252,0.4297403137155632,0.4225779721418189,0.19299441304693057,0.3480911950946546,0.2295478258107267,0.19831313480859764,0.3849658675946659,0.3737185534463723,0.2117074939369898,0.23158616861616596,1017,False,0.2965354600140919,0.23674590066863263,0.2965354600140919,0.13622735725296298
1253,0.4301975223170492,0.4154637693552672,0.1784534563585931,0.36898300301507453,0.23800542343243072,0.19842831682060955,0.38263400102557116,0.38114294358557077,0.19054915731435812,0.2243162354944492,1017,False,0.31219196131188537,0.2517440659584561,0.31219196131188537,0.014510727192928041
1254,0.4294100019096665,0.4170800140168784,0.20193321721858856,0.35506887129071196,0.23089833174437918,0.20524573459277665,0.38732331073622406,0.38245969518292966,0.19165017495743325,0.21525793453561967,1017,False,0.3038208706261646,0.23775982695223324,0.3038208706261646,0.0996474282216078
1255,0.4050682812383197,0.4307555277889469,0.2016530194851621,0.3707964308307362,0.24239237713864653,0.18955908394725038,0.39325182515227536,0.3709193977455969,0.23098372215398447,0.1787373523304443,898,False,0.30611275355391177,0.2520181754585026,0.30611275355391177,-0.009626496990440003
1256,0.4107315398403236,0.41882032281391696,0.20286179643532434,0.3694511418181652,0.25492849912884674,0.19940126793383028,0.4063418718673244,0.35696503765204346,0.20165060214647065,0.20072857078259765,898,False,0.29798467325867606,0.21941905488008667,0.29798467325867606,0.03398520259135233
1257,0.4105424443773343,0.4061358969438888,0.18594441507247905,0.3894932589113123,0.24658082229257794,0.18826847225111934,0.3982801129000265,0.3698703539270289,0.2176371164068082,0.2029385357549847,898,False,0.3044819747130281,0.22459802930485523,0.3044819747130281,-0.051868106804624746
1258,0.48972953841403843,0.3202677375576838,0.23748803468869664,0.3493626543066527,0.27225506631787255,0.24990191137347775,0.38302374716130727,0.3889891310161475,0.14964299904637662,0.14883607121366532,887,False,0.3305694378325243,0.3408934672003731,0.3305694378325243,0.14344610025919088
1259,0.432078440430074,0.41260305266361,0.22424730698871378,0.37805196699140975,0.24182909401972505,0.18656445436637245,0.357925951003423,0.3777706067730011,0.20208786522975686,0.21191523882564678,912,False,0.2945763538553785,0.24551398606370153,0.2945763538553785,0.07884040404484215
1260,0.4405970780574388,0.41660370487906023,0.20972454279989633,0.3759574283447541,0.23323655523863016,0.19181989290198498,0.3715796948683322,0.3617202507805683,0.21322194962944838,0.2035102573055399,912,False,0.3021048181244335,0.24877718515545383,0.3021048181244335,0.1510356756372715
1261,0.44775534120545546,0.40682032522181444,0.1916854196611009,0.37357639001166437,0.24048976878769326,0.2067535973240478,0.36741400939377755,0.3636326119922905,0.2080389377702226,0.21592926803446982,1017,False,0.29775640304005346,0.2560699215443546,0.29775640304005346,0.17159108104969578
1262,0.430437470138476,0.44042034581790074,0.1883475717716481,0.36893627343291957,0.21944220050050794,0.20627141092589252,0.3707289490937562,0.3813471518476386,0.18756553165182882,0.2010361030646481,1017,False,0.3257161848571051,0.2528548141660719,0.3257161848571051,0.14106288977113077
1263,0.44979310036552433,0.41425442618293135,0.18839732672178686,0.36315181950791614,0.23790520685631344,0.2005351714080421,0.37726690265953466,0.3585972126928745,0.21418373144559238,0.21235924866419362,1017,False,0.30369921381606657,0.26139577364373745,0.30369921381606657,0.19461352567589776
1264,0.4367650185451622,0.4089887770757907,0.19685222475490288,0.36954316430195966,0.2499372968876775,0.19292080836509223,0.3768864811907663,0.35690380378738057,0.2040147441538916,0.2364713487038907,1045,False,0.2900220443721551,0.24384421018006996,0.2900220443721551,0.08138691887561934
1265,0.4047522441884126,0.4382882902089318,0.18349464414545782,0.3897120635235057,0.2571116831257317,0.2027299128623276,0.37382983847319584,0.3533974633224373,0.21434137383374752,0.20185797899235108,939,False,0.3004841469954958,0.254793646063474,0.3004841469954958,0.057154008957553126
1266,0.40874273463017774,0.4419917513128424,0.18442159575609127,0.37353215355977654,0.237435564857505,0.2060386053190521,0.39283145824882365,0.34696252874228917,0.22492035919884765,0.19979689854930277,939,False,0.3034601483008661,0.2575701555567511,0.3034601483008661,0.132296402014444
1267,0.43505646212547777,0.4245279206244719,0.1955448191070362,0.3709873228347834,0.22160551756983984,0.1765700622196088,0.37222754520853085,0.3749755109238878,0.22550300654265654,0.21055871374842586,912,False,0.31281626039236415,0.25848639990586897,0.31281626039236415,0.08941024375368892
1268,0.3993357707514721,0.41068750568671125,0.20348666167920532,0.3754886800895515,0.24575397890047462,0.2128042918429176,0.39830881158533304,0.3610119461807059,0.23377961066465106,0.20038717201461945,1040,False,0.2769018372429715,0.2103003336720918,0.2769018372429715,0.00301983963212043
1269,0.4118748106684256,0.4203313913193814,0.1975635862765951,0.3748498320168952,0.24411532454421314,0.20078724552689894,0.3899995390861294,0.3691052680136789,0.21519428573280902,0.19895267026178615,898,False,0.2970351680445574,0.22276780504278632,0.2970351680445574,0.02421179928874663
1270,0.391165051096587,0.4340909959665601,0.1978338397767991,0.3668505686262909,0.2539338083031434,0.19930585342158322,0.39453507297611107,0.37068336825089054,0.2165465169248537,0.20168208312410765,898,False,0.29290426801982133,0.23625715618976098,0.29290426801982133,0.04284151559002247
1271,0.4238801117210042,0.42482926376455904,0.16482744240352787,0.37140686451102467,0.2306196974338924,0.18825264519647147,0.4071287841125148,0.3715915381615051,0.20997369017951342,0.1954150220420984,898,False,0.3320696716062166,0.26000182136103117,0.3320696716062166,0.01306817388053516
1272,0.4146540838746368,0.41835684323450073,0.21255408353445532,0.37389686131528976,0.2393156188698461,0.17822080416846897,0.3731401138205446,0.3693449232667977,0.22745199212068132,0.22725139171896488,912,False,0.28462576533170186,0.24013603906603176,0.28462576533170186,0.0023457604039322367
1273,0.4099252053473738,0.40356125575387153,0.19276440375770723,0.3698044937985574,0.23931354193495036,0.19417968867426622,0.4081056063306239,0.38141473278719873,0.2226513456820449,0.19649028219958364,898,False,0.3018543305089688,0.21716080158966658,0.3018543305089688,-0.016619493187655574
1274,0.3982477922921947,0.42095218402072526,0.16850665178184973,0.3732355071531994,0.24820150575587546,0.2031511481259306,0.40179338920125823,0.38465274349339096,0.22227992910125385,0.18660202356750255,898,False,0.31274953997689914,0.25244553223887556,0.31274953997689914,-0.08840122407160583
1275,0.43178150669444165,0.4174667982614163,0.1928836799420835,0.3643236149207161,0.2236786474067999,0.20554310864616906,0.3847760392447095,0.3735500134384486,0.19930531677461752,0.22305932713099688,1017,False,0.303778436647132,0.23889782675235816,0.303778436647132,0.10351028382218608
1276,0.42919100459608817,0.427638534690729,0.1908420467273245,0.35943401633130484,0.22143336894460308,0.1917768712018481,0.37500914920591083,0.37557464748570146,0.2064526487581712,0.23913361770085365,1017,False,0.3036557288686747,0.23834895786876367,0.3036557288686747,0.10491628077354098
1277,0.4130332660950776,0.42061710188860046,0.20017735811996323,0.3606686162851672,0.25347093743178517,0.19833897213537136,0.39604435794587933,0.36804542671116314,0.22968709047981573,0.1835248106213699,898,False,0.2961459658542126,0.23709229126723055,0.2961459658542126,-0.008690480236957721
1278,0.4494821487847452,0.4166657853669037,0.22316811890497376,0.3835360280563278,0.22745930264116518,0.20359439869155943,0.3551746799116245,0.35723984788801083,0.19433881104109058,0.20670311544047787,1109,False,0.3027417401558298,0.2551433377436546,0.3027417401558298,0.23467159899642975
1279,0.46978841293417156,0.33864360029058715,0.25401990727013046,0.33853905162827896,0.2463062286501403,0.24334972318107098,0.4002404920264393,0.3946242152596085,0.14780185313243588,0.16683105144951857,1046,False,0.3202217847344714,0.3219865598017357,0.3202217847344714,0.06397440785772388
1280,0.4386775243654366,0.4290485428326553,0.1993472282571264,0.37441291766816337,0.2542438866457526,0.1910340469483276,0.3688000237071283,0.3509954612607269,0.19614289001298343,0.21151302932527039,912,False,0.30601094753816865,0.24764347741710901,0.30601094753816865,0.1456274298108955
1281,0.4293058980106461,0.4238868035747167,0.17167951596313302,0.35583839944718515,0.28734186868309086,0.2029054071124401,0.37881196826731994,0.37323424146625833,0.18405276695024603,0.19876599282764795,744,False,0.31456430570452426,0.2576263820475131,0.31456430570452426,-0.08447766269785265
1282,0.40132964157958506,0.4244238525640055,0.225003364449694,0.37927223393241627,0.23284595946422124,0.19974885430362144,0.38552506855386376,0.38246194219968566,0.19726225369461783,0.1907590433946501,898,False,0.30141227080926064,0.2336648091693554,0.30141227080926064,0.004894980003158032
1283,0.43620545862236504,0.42066802924523805,0.2056349727875151,0.3787811376184752,0.24509568946735408,0.19722942727745899,0.3690644111664919,0.3500993972267916,0.20237264441011088,0.21976841464747887,912,False,0.29474205012231863,0.23897603134490605,0.29474205012231863,0.15958106126146535
1284,0.4100288352551097,0.42967365361721055,0.2017559872688673,0.36705261744597595,0.21020197851711486,0.21408012849979355,0.3757182360719602,0.3806622539234688,0.20849460257603755,0.22862783360811492,1017,False,0.29326144145385336,0.22791766634834326,0.29326144145385336,0.10330520094321806
1285,0.4214390000001759,0.42175464719753103,0.1829304204880119,0.3713531972722915,0.2169044304929113,0.21484190824700133,0.39488793943329875,0.3491457984064184,0.2165251098347666,0.23498612093378318,1017,False,0.2949040239185392,0.23882422670951914,0.2949040239185392,0.09785846937671544
1286,0.4448108857949649,0.3982315769505951,0.21269724957507424,0.3437556757758858,0.2600233574118836,0.2112202390902508,0.3903153016976443,0.36337755047763554,0.20440638118376664,0.20432674566150114,990,False,0.2857587079833482,0.24048414013346378,0.2857587079833482,0.17985688176178014
1287,0.4301913749232151,0.42182646083096015,0.17761584973915306,0.3693844788419664,0.21538746114158525,0.22996457961336988,0.3730503662971909,0.3671612355661451,0.2052345377478242,0.23159210720861473,1017,False,0.2984853598691243,0.252575525184062,0.2984853598691243,0.07709504336495888
1288,0.4452467367289883,0.4222885931414871,0.20539275566324333,0.3530830489495029,0.23781547411619808,0.20242987509632557,0.3566882292334307,0.3524009549318481,0.20765260142949502,0.2539828363270464,1228,False,0.28150399476814103,0.24281686163266272,0.28150399476814103,0.2780735049138152
1289,0.3986266008830361,0.42559668168050335,0.18863487700515294,0.36954466736539926,0.24880587217305272,0.20693918633525665,0.40215266243875936,0.36288418882071716,0.21043079482378257,0.2130655132308258,939,False,0.2928460850725084,0.2369618046753504,0.2928460850725084,0.03436733465383508
1290,0.4305351234339836,0.41429536430092007,0.20007451745979188,0.37532309183586215,0.23895871516209616,0.1932713803874993,0.3798134322676347,0.366354309315077,0.2199251700523864,0.20200426993116868,898,False,0.2993877816595849,0.2372637430464843,0.2993877816595849,0.0736414969420907
1291,0.4784062052959057,0.3152497507135882,0.25644637959743144,0.3406192887787267,0.27549822582374245,0.22155472409131322,0.40567175231235186,0.3912563987759155,0.14683314562122501,0.16050536082365835,1046,False,0.32812645558354814,0.3315730596746807,0.32812645558354814,0.11626130018420344
1292,0.39109843481678624,0.4184735397308146,0.19070586002686413,0.374170776641424,0.24452162917057033,0.20662783501305296,0.4093153367701848,0.3688281868016736,0.22914779636553353,0.19230584359217642,898,False,0.2944461506920495,0.22776767970395045,0.2944461506920495,-0.011693950137335188
1293,0.44199108421928934,0.4114577224667989,0.21791464073851927,0.3842002277392297,0.24118316555273156,0.197790540640047,0.35135962553651423,0.3705680462181277,0.20537564051871718,0.20001495964988802,1109,False,0.29801119958134675,0.24420054357924234,0.29801119958134675,0.15982050376818052
1294,0.3964492735892712,0.42147870846821667,0.19831340589535584,0.3732061499261901,0.20509967516278285,0.20249959044190438,0.4143898693192915,0.38311052984872157,0.20152116508384102,0.21070655363505564,1017,False,0.31360575154008835,0.22316530257286082,0.31360575154008835,0.05781368553980132
1295,0.408526807164635,0.4174920994431564,0.19586774241251473,0.38591522921988897,0.2470696643085814,0.20829313817469589,0.3878286023918062,0.36233676877237636,0.22779925939793386,0.18300422458715732,898,False,0.2955841938073162,0.2344878748559991,0.2955841938073162,-0.028725022885937625
1296,0.4403332287338175,0.4058548052769502,0.20087808406987592,0.359364013999272,0.24267923752443343,0.20853358931845511,0.3940575151339274,0.3695351087748654,0.19392166901304428,0.20017846968679495,990,False,0.30485118005132866,0.24641155972077325,0.30485118005132866,0.10885075708232027
1297,0.45203196307523896,0.4239549906212218,0.18527066772865486,0.35499849367579983,0.222850888539973,0.20788121795872525,0.37157476875345946,0.36443264361568134,0.207846905003413,0.22050783143357858,1017,False,0.30895760120965926,0.2667612953465841,0.30895760120965926,0.24600708233871885
1298,0.4155781107737367,0.4186185650406766,0.19664513494293182,0.3553056525213435,0.22263660769390065,0.22322383319612746,0.38761962367209524,0.37679484121739587,0.2066927643431004,0.22978414303629247,1017,False,0.2860525729933346,0.2219734300977448,0.2860525729933346,0.08891365445018387
1299,0.4462020395745611,0.3984255592558058,0.2273454877058691,0.37019958100065387,0.25144640032633103,0.19978898035737017,0.3559728105830674,0.3745585708807564,0.20429904125057924,0.20380706807680848,1109,False,0.2869948178520942,0.24641305921719095,0.2869948178520942,0.158363075092967
1300,0.4156167660002753,0.4183415435918574,0.19232787562676432,0.37590828219333555,0.2145603299476795,0.2061227097199455,0.3829832973585697,0.38132081764914383,0.20191273998295373,0.2293093437145076,1017,False,0.30165191589862117,0.22601366796509306,0.30165191589862117,0.037070082191855695
1301,0.42538929404260695,0.4362712102931899,0.1990934182304201,0.36879101808535925,0.21116926696857247,0.19416088179898927,0.3845283447177052,0.3648224764760769,0.19791842509132976,0.225047279083808,1017,False,0.3131852923462563,0.2421103284942006,0.3131852923462563,0.13919671643761874
1302,0.4534542394322303,0.39021663169106213,0.20238772377593275,0.3357227277606182,0.2485057313498808,0.20686122164666407,0.4011257950358784,0.3761275993040228,0.19162311887889977,0.2116594784016213,990,False,0.3024051772536165,0.2618311205533305,0.3024051772536165,0.21868549623238231
1303,0.39626820207289476,0.4246681626452245,0.18328292040259234,0.3854843752549688,0.23048678714730406,0.19545427139644983,0.4024306215420965,0.3755126864715121,0.22920456466182842,0.1833471696269017,898,False,0.31424556949764043,0.24138524224263216,0.31424556949764043,-0.028661510881725586
1304,0.46641017733769896,0.36462713264378194,0.2604600599182626,0.34016275226232034,0.2761724808754035,0.20355103815280595,0.40750183354351527,0.3688646817241065,0.1478747610525152,0.15578303094187296,1046,False,0.3287362079720523,0.3185354162851838,0.3287362079720523,-0.0780419002641168
1305,0.43859313101684805,0.40590993031747624,0.20291198844655878,0.3825941234134588,0.244174899627203,0.16103898070996497,0.38195565098927603,0.3737650586153574,0.2095598963566961,0.20065126993662016,912,False,0.3192224340365225,0.2775541503068831,0.3192224340365225,-0.019395723471435374
1306,0.40781026013704574,0.4344642323442519,0.18990275534924886,0.398382385485697,0.23928708226164863,0.18478630478526115,0.40891109585549207,0.33772061898572764,0.20069995494090215,0.19290355646632534,939,False,0.3253905495224135,0.24967792755899076,0.3253905495224135,0.09581548948364044
1307,0.4134377606764855,0.4167322879734636,0.20138907809956585,0.36186241451315415,0.2543506233046802,0.16904608612463118,0.3974663538956483,0.3796404811223526,0.22110309610470594,0.19909207691316555,898,False,0.3061094055281459,0.24768620184883244,0.3061094055281459,-0.06609060355546897
1308,0.49880427473796585,0.3163839634315153,0.24684655470759492,0.33062931402668677,0.30651630936306556,0.2375495556734549,0.3823291641637595,0.3686856996324997,0.15169176589546196,0.15921479922221946,1116,False,0.32169291706410696,0.3471125088425039,0.32169291706410696,0.277364999213116
1309,0.451067317403476,0.4115125923461863,0.20181814787837937,0.3574049693488028,0.24260255373606437,0.21157180032098555,0.38752344175547987,0.3565475060442593,0.1989019587204567,0.19556489371337565,990,False,0.30570115670028436,0.25550242369010034,0.30570115670028436,0.20098834748124386
1310,0.42399866135993763,0.4260258103097377,0.17658492910313014,0.3636939227008548,0.23412633705912186,0.20725967215303087,0.38235881472057676,0.3731600099457762,0.2058940662776905,0.22284726017543502,1017,False,0.30421384687951725,0.24944088120660754,0.30421384687951725,0.05908240703824076
1311,0.39915418153338816,0.42457067702002843,0.20639912297461327,0.38190671425408007,0.24884462819184544,0.19594507990897383,0.39635514925619614,0.363466980770988,0.211693025640929,0.1939706997047909,1040,False,0.29753266515400134,0.23059997731523754,0.29753266515400134,0.009870355628896916
1312,0.42588891617693425,0.4196386797170237,0.18789457238373092,0.37534939445776844,0.26431851641976717,0.17526194465545403,0.3818353967362985,0.3703790744703806,0.19157384945358483,0.21463917430046542,1017,False,0.313601115666812,0.2506269715214802,0.313601115666812,-0.057426445111699725
1313,0.412799502886811,0.41929130263967074,0.2193481252120955,0.36752729543810964,0.2605277546940266,0.19845169954927364,0.37916658721889346,0.3547027077061275,0.2298191635241715,0.2023499774175426,1104,False,0.2735240505546497,0.2208396030903971,0.2735240505546497,0.04163873416017792
1314,0.4600333936581159,0.3384976051361387,0.2281542268707826,0.3602105620582437,0.29462580417802964,0.21134620016675462,0.39595889000043305,0.38055896152173774,0.1601175086799802,0.18238663497070348,971,False,0.3084049970148819,0.2999158849781357,0.3084049970148819,0.0022905054754668894
1315,0.41138063076445275,0.42086045907698116,0.21569703937359666,0.37974152370414443,0.23104244516671707,0.19456824622809338,0.38602898315127904,0.367387703292146,0.20766031414348834,0.21109545863310586,898,False,0.2941586526736965,0.22629221284888779,0.2941586526736965,0.054966636504437894
1316,0.4342231521586422,0.4130092429882683,0.19602189675879908,0.3828130580032751,0.22904193886252708,0.2034177719973444,0.4048028235152173,0.34159932415692695,0.19583579778527604,0.20774290443263702,939,False,0.31185337698459215,0.23838735437336617,0.31185337698459215,0.14272180739655732
1317,0.4534482572927835,0.40544694020419386,0.21951461266430883,0.35885046178601854,0.24209266943881697,0.18225566317006417,0.367420868634959,0.37287908074004367,0.20960181855860346,0.20794548391667575,912,False,0.30054690130535205,0.27119259412271934,0.30054690130535205,0.18595646651597417
1318,0.402998058887574,0.42171456069416496,0.20067007180328264,0.38442386525538735,0.2258026495254874,0.2083316500812378,0.3958213261121115,0.3694817869581715,0.21217236623584923,0.1977419249541515,898,False,0.30085986115950025,0.22397263574001347,0.30085986115950025,0.04256243742705794
1319,0.4587846374562749,0.3491705504704145,0.2271157369708725,0.3560798988770789,0.2939447391092495,0.1996941289817723,0.3854429287929311,0.3905117119110438,0.15952611703550065,0.19085765754033654,971,False,0.30918501091377854,0.2992585204207743,0.30918501091377854,-0.015299493410178158
1320,0.42670679228984254,0.42039824237441,0.19665606344424882,0.3527111608730086,0.261333900679095,0.18507179280232913,0.3853749230656277,0.3647775030886418,0.22144728068442696,0.21200360511858513,898,False,0.29306173704726524,0.2416349994875134,0.29306173704726524,0.047185604517036454
1321,0.44388705824929164,0.3962184238021649,0.21044481158784814,0.3477115488546864,0.2628562543175097,0.1927435062106836,0.3891359065673955,0.3716403859300203,0.20137130204408743,0.2108262295966866,990,False,0.29267932885140197,0.25114355203860805,0.29267932885140197,0.10928595636778196
1322,0.42521648028852077,0.4176201775068051,0.20929498385506193,0.37100159071469835,0.21969322574821037,0.19276163310228456,0.3817637216635164,0.3796612212228238,0.20736943865349433,0.21219645343015378,1017,False,0.3035588416069133,0.2324548471862362,0.3035588416069133,0.0810249181553268
1323,0.48382118881524994,0.3365465916743339,0.25640248530805704,0.34571252655875684,0.2572626732762253,0.21705331612931322,0.40301288317473083,0.38531125224432117,0.13926418143710148,0.1543346394941728,1046,False,0.3407212325962871,0.3445570073781484,0.3407212325962871,0.08067857928635427
1324,0.41104209217718796,0.41507932175765716,0.21152719736870756,0.37729146533157576,0.2473981072611607,0.17775366910142573,0.38544010815206237,0.3737980455051763,0.21680492521941577,0.20872309004638698,898,False,0.29480809083160525,0.23732565265623143,0.29480809083160525,-0.03855024498156438
1325,0.43788653907923314,0.4109120371713624,0.20385255162833216,0.352396577987308,0.2256244179164895,0.187676491994953,0.3815330986876733,0.391890423381068,0.2009741418537433,0.21909451609933084,1017,False,0.30845522704584133,0.25021004708428013,0.30845522704584133,0.11919680689869307
1326,0.44242604328895146,0.40704708215895913,0.2025131846991536,0.35781263586115325,0.2521107229343284,0.20255908218425311,0.39489415942304656,0.3603414331547677,0.19789249043747936,0.19997903641844525,990,False,0.3025185074216991,0.2445335528514721,0.3025185074216991,0.12410700410175984
1327,0.4337401602111948,0.4248365408689827,0.193855494535176,0.35435396273464337,0.2272470138710088,0.17757632849001787,0.37942760066186193,0.3826248717337665,0.20282588250608996,0.23142322768958054,1017,False,0.3124579899763154,0.25616383172117696,0.3124579899763154,0.0869251680108696
1328,0.41837106653842265,0.4326742514475503,0.19706092227566466,0.36544641198587485,0.22875891189794786,0.20345053153328724,0.3856183935716559,0.36169610704188726,0.20477383436190164,0.2240398504576651,1017,False,0.2979744527841371,0.23561332917188563,0.2979744527841371,0.13374469211969292
1329,0.4426604419337719,0.4101209246042793,0.19752340698486595,0.37781738871646214,0.22319796768123928,0.2143659683462151,0.3540319908698768,0.35744757821554085,0.19631160736617792,0.25821563613598525,1166,False,0.28738310163064207,0.246348834567594,0.28738310163064207,0.15375145699517992
1330,0.4157930361886323,0.43078357502333287,0.1952245594185179,0.35828931148334997,0.22081611364308829,0.19309247954347689,0.3987369524289037,0.37488071510572846,0.2050457352941851,0.2178138658816218,1017,False,0.3098509031354117,0.23769109547985598,0.3098509031354117,0.10402336440521924
1331,0.4784388817515085,0.33894907439278094,0.24493415966214818,0.3357782514012521,0.2642180060173067,0.23626988770320226,0.4073463894723008,0.3772846840052001,0.1677637897157658,0.14634161142099505,1064,False,0.32299441125938383,0.33209727033051345,0.32299441125938383,0.13369065126024426
1332,0.39087010477903616,0.4120971574781787,0.206176855468511,0.37767794921048536,0.26841993432568567,0.19305463375400636,0.40416075616997826,0.3648803850131047,0.22539425666513538,0.18878937747548577,898,False,0.2875717537453643,0.22330778000269294,0.2875717537453643,-0.0986952544762725
1333,0.4805830232652172,0.34083857205329876,0.2596929084979642,0.32931160053411906,0.2627503907631293,0.22504540235201326,0.40584608051492604,0.38178831202986585,0.14409003968010595,0.16144346318926417,1046,False,0.32875367225938745,0.33649298358511126,0.32875367225938745,0.10981406109005713
1334,0.4238378700357021,0.4359961094710624,0.18548534273696962,0.36790551153392625,0.22561468824889566,0.20157545158972023,0.37145933672116754,0.3735131309167386,0.20393176607225494,0.22336665240643314,1017,False,0.3075876488617761,0.2505107667340928,0.3075876488617761,0.12485064455045314
1335,0.4482387847285336,0.40713849398398355,0.18352580144898997,0.36277033894750205,0.22539448541724713,0.1800418977398813,0.39721570607619433,0.37338232228889473,0.21636725906810053,0.20201231253955312,912,False,0.32420355950793545,0.2681968869886523,0.32420355950793545,0.10552286630970893
1336,0.4303466381258529,0.4076507023419969,0.1827913664383039,0.3690881129756537,0.22722349635425101,0.1987980631577142,0.39179938457561336,0.37172509408505017,0.22420365341722887,0.21419427725042303,1017,False,0.3022623818580215,0.24755527168754898,0.3022623818580215,0.05030198801476668
1337,0.47198342781667885,0.3405077740317334,0.24614265853078662,0.3362976397623733,0.2619843062817818,0.24934084990118469,0.38962576013640143,0.38661109135183624,0.16594684641568447,0.167279490408109,1064,False,0.30445246130695663,0.3060365814009944,0.30445246130695663,0.14533641561322624
1338,0.4289311416632187,0.41539587741810347,0.18111409242244828,0.3758206248164166,0.22999753420057045,0.2050319509227102,0.37070019128619086,0.3806341509721774,0.20955017616870827,0.21970810760721163,1017,False,0.30324102816019605,0.24781704924077044,0.30324102816019605,0.05582151177175568
1339,0.4275731661840422,0.40652707626134105,0.19238385061040542,0.3633019275510554,0.22613503129708978,0.2122596283982651,0.3861631403661286,0.3812448823610036,0.20560044887481763,0.22357260381997243,1017,False,0.29491133329932456,0.23518931557363676,0.29491133329932456,0.07103546040028794
1340,0.4287249299639844,0.4163024649117956,0.18961916030316922,0.3708247661237618,0.21793515195290158,0.22178291881582435,0.3745575595358635,0.37792735354405943,0.20134793470458984,0.22152635216523386,1017,False,0.29939494518056214,0.2391057696608152,0.29939494518056214,0.08520096291283587
1341,0.4265247151766279,0.4190136906531009,0.20668165049722867,0.3549989021836365,0.21485862464890787,0.19455845077741485,0.38661823970292375,0.3855006824011269,0.21163135338485148,0.2165021493929429,1017,False,0.3032362192936778,0.23196626439921303,0.3032362192936778,0.1146046404367191
1342,0.4483224962468587,0.3293784059225318,0.2543989197763406,0.3521607980754981,0.27670925684537007,0.23160263879453308,0.41308676071671785,0.39008245062504915,0.14293557057028322,0.16833717464226855,1046,False,0.31336410474400883,0.3053869256765755,0.31336410474400883,-0.14907804812248712
1343,0.4114745483869945,0.4371606692661641,0.20093994646201502,0.4011989040880531,0.24077803203909864,0.19274539103587862,0.3822017918162834,0.3409664189702768,0.20031905626685992,0.2016257504289415,939,False,0.310936771022826,0.24441527823028547,0.310936771022826,0.12990333651501537
1344,0.45163931747007907,0.39976122799040575,0.2090941441543242,0.3436789095101014,0.2501662229129763,0.20148253967668225,0.39636546313358906,0.3575027314675735,0.19113749460769094,0.22305079119157067,990,False,0.29585654987643273,0.2605018228623881,0.29585654987643273,0.21820379280277266
1345,0.4285147476592123,0.4207559458285511,0.20458122639587703,0.36735804826275714,0.2256929675488157,0.20296500758402944,0.3724773721814495,0.3663877229094451,0.20897274172722766,0.23184705798410027,1017,False,0.289728403797512,0.2255497400751829,0.289728403797512,0.13847576233770845
1346,0.49080098770910546,0.31695362342288674,0.255049591681843,0.33160758579475036,0.2916271899242108,0.2397509422018969,0.3972204070413223,0.36867518811976036,0.16070463292445938,0.14691000153421474,1055,False,0.32105455561149127,0.3438909861748907,0.32105455561149127,0.19392843158221287
1347,0.4061520588781175,0.41360354234560265,0.21018062402490484,0.3694653642991654,0.26249425413736854,0.1862043978983931,0.40552275593618353,0.359933030065899,0.2214587751821016,0.1915000590718761,1119,False,0.29302548156670777,0.22739914444720954,0.29302548156670777,-0.04519340917381711
1348,0.41458674343338625,0.4471047499804847,0.17989846879079793,0.38302887750922243,0.23116058772202092,0.19616537319512756,0.4023960621919026,0.3375620848776074,0.20487705608110335,0.1984418392256012,939,False,0.3250467285206234,0.2672062811896868,0.3250467285206234,0.1645895988612137
1349,0.42301938004656797,0.4207275257716534,0.19052142205689324,0.38152742739435236,0.21552196911366756,0.20798597754952558,0.3756733534097609,0.3750368336718345,0.2164785972994822,0.20934994353235578,1017,False,0.3043251082345253,0.23249795798967474,0.3043251082345253,0.07819976291533784
1350,0.42629010885904706,0.42665104395117953,0.17961101970492685,0.3675841094287158,0.24724106247201041,0.19391125609257956,0.38863070832515556,0.3633950660808901,0.20601201369324632,0.21120360881737185,1017,False,0.30979614067181843,0.24704002424625268,0.30979614067181843,0.05146253049247741
1351,0.41166346273088344,0.4176507556122994,0.20333830218283452,0.3568706359950073,0.23855453076218308,0.1933794488475858,0.41109670670994913,0.3668195689265596,0.22639746742571415,0.1956556586532659,898,False,0.2984661982633243,0.22427130676471363,0.2984661982633243,0.06306743308762361
1352,0.4395355347313905,0.41391644561116303,0.18335671919917132,0.35662497002016785,0.256054751653369,0.1928061382673176,0.40391842538234346,0.34193678005603995,0.1994002561694209,0.2282784991341556,990,False,0.3043395615411436,0.2561788155322192,0.3043395615411436,0.11743882796703628
1353,0.4286604807796049,0.4080722025332995,0.19647807227238628,0.3774173973911211,0.23544009408801525,0.20896631063757015,0.38135054727596457,0.3655890059612916,0.21000156302680273,0.2153986315027674,1017,False,0.29209651310762874,0.2321824085072186,0.29209651310762874,0.08131601594035966
1354,0.44827573969258105,0.3929972375441689,0.19518632086256188,0.34867278928094875,0.25174150660675354,0.20593297321504456,0.3966198464874217,0.3518772151134114,0.21150722711068537,0.23084466374458013,990,False,0.28521532972072666,0.2530894188300192,0.28521532972072666,0.21605397164579745
1355,0.446581954148944,0.3890539681648535,0.2135808791891814,0.3413251945909076,0.2594167879340378,0.19960664116795834,0.4077162994637499,0.3561223867692552,0.19401080736539428,0.2219145737088082,990,False,0.289972074713502,0.25257114678354975,0.289972074713502,0.19649531417722751
1356,0.4332581710615216,0.3881636787882634,0.19867118792426725,0.3630118706523729,0.2875384124540474,0.19925575302290138,0.38414431134262084,0.3647202428456837,0.2037718778118516,0.21418818155448313,982,False,0.28179301731852113,0.23458698313725435,0.28179301731852113,-0.04784735356801512
1357,0.5017499264639479,0.3388510921616229,0.24092053483048825,0.3323691573194699,0.2638565581006102,0.22493453397230626,0.40389973479412394,0.3730970482310409,0.143457855874542,0.14758929632732812,1064,False,0.3480633172273944,0.35829207058940593,0.3480633172273944,0.2603615855558745
1358,0.42706436010518856,0.43982026165404675,0.19294026277007373,0.3585072467320094,0.1989967133323403,0.20794984795765883,0.39095379169119465,0.3720126848575428,0.19779053496637547,0.21264653058949481,1017,False,0.3216626056612028,0.24687999888397302,0.3216626056612028,0.16162722716572925
1359,0.40190424720040463,0.40775019259533724,0.2124483924990142,0.36300619444223947,0.2437157491141185,0.210488431611152,0.4142836440240308,0.3516609362444446,0.2375797847374274,0.19965391990010875,1268,False,0.27524429964358643,0.21462972412392203,0.27524429964358643,0.07798637035228742
1360,0.40087512609887266,0.4033819354358824,0.20381342586990328,0.36723580011080725,0.2503164641695251,0.22301011132023557,0.413414503375419,0.35286814438390274,0.22123757681738587,0.20836198234767817,1268,False,0.2729095118590101,0.20960107750551574,0.2729095118590101,0.06412716196394311
1361,0.42052898074015277,0.4080501646505523,0.18755382736974846,0.36867998468607216,0.2095058732090584,0.20848537645575452,0.38561333505190415,0.3854622727142355,0.20806744179548894,0.2400402860374878,1017,False,0.29787121525236115,0.2329751533704043,0.29787121525236115,0.013775353422573225
1362,0.4054074764727363,0.4241081663977589,0.18926804778465572,0.37039290303804123,0.2593926019250368,0.21896832399680258,0.39011396283256805,0.36510610534422766,0.21098916573149815,0.1937118881781199,1040,False,0.2920051952496095,0.23484011861310317,0.2920051952496095,-0.01727582911182097
1363,0.49367240819610736,0.33594312118424063,0.23099432082720844,0.32153413381936446,0.27380327709808266,0.22576641644302797,0.4055435302432394,0.39091773917761585,0.13961791030307197,0.15483246850384338,887,False,0.34633317490104354,0.3540544978930354,0.34633317490104354,0.21388219768291283
1364,0.42670581564734933,0.41002936038809273,0.16690853004359993,0.3676792771695442,0.26073061491754757,0.1872371005246146,0.4017928187681421,0.3712265747404383,0.219277751509634,0.19074591887847264,898,False,0.3180525158524857,0.2597972856037494,0.3180525158524857,-0.07977807838427593
1365,0.4180400313453208,0.3992887073163557,0.20424080675673847,0.363557217231175,0.26287241236970044,0.20731068519722237,0.3857508185573198,0.39111374861358134,0.20911395150783493,0.18531317974574574,1040,False,0.29293190501506877,0.23272685159957507,0.29293190501506877,-0.05978554093128616
1366,0.43668317205359686,0.4373479298552863,0.18971934136239513,0.3730686285962844,0.21439789410335594,0.19263089582375365,0.37145515563089826,0.3720186063594885,0.19382037260876514,0.2141138327721118,1017,False,0.3250136627711043,0.24762858849289118,0.3250136627711043,0.15719647773231563
1367,0.417551932600407,0.4156411538310099,0.20007499310584106,0.37307185430634354,0.23270763790699006,0.20974137834030282,0.3809553548552521,0.36485652476011243,0.1979175810038126,0.2410752538734677,1017,False,0.2852839022654965,0.21963435159659442,0.2852839022654965,0.042361025554193354
1368,0.40203842271672713,0.4114875186720568,0.21542381232746421,0.3703114845921671,0.2750900961943078,0.20759564570685146,0.3909510594156316,0.37344328315397124,0.21658505247862855,0.1659002694668583,1040,False,0.2905199355859921,0.2455872492051985,0.2905199355859921,-0.1850383569706399
1369,0.3980655443977629,0.43141998152086203,0.21314258501171304,0.3728213331505588,0.24022689417468873,0.20223562529914152,0.40110839803310677,0.355368490358965,0.20612809239475471,0.20669640465733546,898,False,0.29227071488512485,0.2291843562217205,0.29227071488512485,0.10503280222231615
1370,0.3987781415588256,0.41079920513035956,0.18970314068079874,0.3720433016312046,0.2694670324672041,0.2143927179430832,0.39568648587982186,0.35950494181389137,0.23688463362936188,0.19316795791847782,1040,False,0.2776054228257226,0.22109606444956081,0.2776054228257226,-0.10845658323276537
1371,0.423133204828205,0.4155034382406727,0.2138594388994202,0.3685594767882874,0.22340869203466024,0.20783729359226213,0.3807586546319103,0.3697290590793067,0.2110318150380202,0.21777119827413874,1017,False,0.2874938209391287,0.21529591123594286,0.2874938209391287,0.11347108861459358
1372,0.4317680800142624,0.40974668354111077,0.18548647041146318,0.3722833608390668,0.22015733789953504,0.21656211576144352,0.3516908943909364,0.3865627933930619,0.22960508397955823,0.2268913231215289,1192,False,0.2884142434122558,0.24628160960279924,0.2884142434122558,0.11149822786035868
1373,0.4821253349670007,0.3227416041326175,0.25125618479951267,0.34427633448281064,0.2672658011192624,0.24328303554578107,0.4013306891064094,0.38390781398548235,0.136390797376972,0.15513068155842363,1242,False,0.33227604798055205,0.3457345375900287,0.33227604798055205,0.04407998605473209
1374,0.4436587125023704,0.4096337312945543,0.20146723333708935,0.3658795381993442,0.22894939908898856,0.1914428295954516,0.37886673703955936,0.3841163680432344,0.20116063877484297,0.2007264179230536,1017,False,0.3144851358392575,0.25221588290691876,0.3144851358392575,0.11827909707563822
1375,0.4770269777349897,0.32078490908309476,0.27429023415854653,0.3135872931045374,0.2534861925197082,0.2411691957724478,0.3961092619560662,0.3954393502823642,0.15942562255063975,0.18671099216100362,1242,False,0.3020433944165307,0.31760135518434995,0.3020433944165307,0.3213387507303381
1376,0.417953702347109,0.4359396046130891,0.18677898710877966,0.3605129152517683,0.22702219137763116,0.21128325769323386,0.38699612569054936,0.3648296852006644,0.19461766095491365,0.23128550952746044,1017,False,0.3028906526617241,0.24916061750430946,0.3028906526617241,0.11311101036574962
1377,0.44021875817544315,0.42059960992677065,0.18532700672389732,0.37843085355168626,0.24162275841082556,0.19860471962617024,0.3692544538588319,0.3627661643358788,0.19272222659577154,0.22097966511286513,1017,False,0.30980000025368193,0.25489175145154586,0.30980000025368193,0.10459186293648248
1378,0.47696121280733783,0.3428379194550378,0.2542712376632656,0.3382889530842451,0.2656699040564528,0.21493163498434323,0.40506976675045986,0.3829823160103626,0.15088501174207322,0.15992973976313615,1046,False,0.32833218327316893,0.3260762010652646,0.32833218327316893,0.09375959631305425
1379,0.4279665629320029,0.4099549088323452,0.1886518713547519,0.36185811518011096,0.22053616897890108,0.21063257128914753,0.3899841810249235,0.38748647008618264,0.19290312048167893,0.22316686109772593,1017,False,0.3071195410169705,0.23931469157725102,0.3071195410169705,0.056177274997887335
1380,0.43668855361616354,0.41987758259220376,0.19780473084643496,0.35473953075550185,0.22294196098882169,0.2035490376203181,0.3909794512555427,0.3722758466869563,0.19719279193473208,0.2157881214154216,1017,False,0.3084584954502181,0.23949576168143147,0.3084584954502181,0.15040767312885459
1381,0.4383946214550981,0.42208280730909276,0.17804807442945422,0.3680023552305697,0.21839777780567662,0.19346020274648795,0.38447869178128397,0.36845446188259573,0.19610640959116205,0.23529702759509408,1017,False,0.31766584344971605,0.26034654702564386,0.31766584344971605,0.08136116008124684
1382,0.48414827026625273,0.3368191890317443,0.25470308714010664,0.3304587010628191,0.2613120857041807,0.23992067340746548,0.4018549086811413,0.3836641275158961,0.1414443765712974,0.15342324755623293,1046,False,0.33223760664525515,0.34270389369495535,0.33223760664525515,0.09135055715432774
1383,0.4071219771807945,0.4149933875898119,0.1952549244903119,0.3900384392000343,0.2471981953793875,0.20591196847284407,0.3693927393896813,0.3731588146096386,0.22448126190111017,0.20537939045393708,1295,False,0.2860173917277283,0.21973846309950001,0.2860173917277283,0.001041505168928239
1384,0.41179398921449756,0.4096547904005641,0.1874695933260347,0.38439596145719324,0.2295485640676836,0.19354531524980695,0.4055527901732011,0.3773362996196514,0.21770019701997717,0.18788853826434404,898,False,0.3155046776747334,0.22432439588846287,0.3155046776747334,-0.016684218995617128
1385,0.4598329427881993,0.39498712996950247,0.2140421715533507,0.3691801318550005,0.2393326630175831,0.1816074430775877,0.37607515267616165,0.36552357857804446,0.20859108450765668,0.2040077853029255,912,False,0.3070791221929149,0.2782254997106116,0.3070791221929149,0.19631429466885225
1386,0.43036845527594897,0.390455658677471,0.20391864662824294,0.3582048160162906,0.22130061336735182,0.21776927491663764,0.35656621292702584,0.3992505986998936,0.23817779856772317,0.2297112961562435,1192,False,0.27150580991857326,0.22644980864770603,0.27150580991857326,0.1549549105469091
1387,0.40758727694725894,0.4195253500123959,0.19716491258420285,0.37477878529967623,0.24150121216853285,0.19218836731442449,0.3862515477072301,0.37867326670678786,0.2236645097811878,0.20166614423973964,898,False,0.2967929555289903,0.2273369826979714,0.2967929555289903,-0.004653834119044407
1388,0.42444968533037164,0.41567256685590664,0.21079070102871875,0.3805333796775797,0.23483194773125393,0.18028731150179744,0.3755208408962277,0.36341973107760905,0.2028551359407102,0.23649702254382435,1017,False,0.2948077683230957,0.2441623738285742,0.2948077683230957,0.026299924020114114
1389,0.49008163327724086,0.30882509117279094,0.22387559684123814,0.3223416721407502,0.2919595752159851,0.22077674620099821,0.43011469432051047,0.38569750774996653,0.14457460252233978,0.14756971455573561,1055,False,0.35249501604936734,0.3455070307549011,0.35249501604936734,0.24342580488490645
1390,0.3841243161252307,0.4161787327022044,0.19696522642202263,0.36736732681322853,0.24464758504311604,0.19928756830902877,0.4099821978996823,0.3681609318982249,0.23791630139396663,0.21375149681013125,898,False,0.2799262329493769,0.21921350628018177,0.2799262329493769,0.011488932045955344
1391,0.4045014150212517,0.4357832902997432,0.17813754025526865,0.36872244539091176,0.23341611481556293,0.21509464914663304,0.3849362700342562,0.3770108469019523,0.21481471584570144,0.2038995845937301,1017,False,0.3038317095765038,0.25764575004447454,0.3038317095765038,0.05186234673255011
1392,0.4308482698904753,0.4223690339245584,0.19174005139202965,0.3590866528204789,0.21411916445663903,0.20057251053504976,0.37888727018499013,0.3806250278954419,0.21080785842977645,0.22653789717849881,1017,False,0.3045834185456595,0.23910821849844566,0.3045834185456595,0.12081229748386299
1393,0.43764180818513515,0.41299879698134856,0.20697759864317772,0.37618583184662385,0.22317956171773604,0.19493306048649894,0.36957705345220593,0.37403309158132503,0.19678502345613058,0.22477949787756304,1017,False,0.3030245886745069,0.2427087476986362,0.3030245886745069,0.11609473855361976
1394,0.41514073939686774,0.4277415205418035,0.17366644740172263,0.38210823838957425,0.22751702125070217,0.19686451949926795,0.38672099557822665,0.37301543123768377,0.21277868547168888,0.20985846170528558,1017,False,0.31497700918199506,0.2540750731400808,0.31497700918199506,0.019777390791059737
1395,0.41042380592008043,0.4184547080720366,0.19745147480040978,0.3783755400708704,0.2294419658134832,0.1908972224768104,0.40857391407396215,0.3708946856928704,0.20684406871467423,0.19474978171118734,898,False,0.3142783672569522,0.2275574855952262,0.3142783672569522,0.030978324902742684
1396,0.44643949123826493,0.4223748054511546,0.20823908990910522,0.34266704745752397,0.24250859063787678,0.18945344988567744,0.3765675441086875,0.3422925513299378,0.2218690811195247,0.24209679689745212,1288,False,0.284268086561278,0.2569860413525875,0.284268086561278,0.29799926178974295
1397,0.4063060879001945,0.39505877076534107,0.20975310087037977,0.3942239674675126,0.26098370436223683,0.21127469272174826,0.3848223773617803,0.3799093551256668,0.20681456714885538,0.17746519541421474,1040,False,0.2929208283268854,0.22884089248597977,0.2929208283268854,-0.12253497404857842
1398,0.48459893015424416,0.30866378584548787,0.27754762178473424,0.3241550232823919,0.2761802442293672,0.24419191079593922,0.37936976258547356,0.3902976007272976,0.15933152540234424,0.17388501153888053,1242,True,0.30184295308877823,0.3252674047518999,0.30184295308877823,0.29173576412172647
1399,0.4301069729105696,0.43303617755896656,0.18394961668611912,0.32990764657155136,0.2894934410405466,0.23253934670603374,0.3990220769411259,0.32570947416490725,0.1966216502644655,0.2072794998585211,1201,False,0.2917806550919319,0.24908656087284745,0.2917806550919319,0.17257128347914447
1400,0.4303909596338753,0.4169246655532853,0.1999897727749184,0.3508954753299899,0.2912430968631588,0.21519395563626464,0.36950809151490505,0.3609823916814881,0.1978550681522486,0.20172202777995904,1024,False,0.2840487903868588,0.2325358914816267,0.2840487903868588,0.010198016080691947
1401,0.410495917638117,0.411761828015191,0.18119010899075566,0.3619587738807454,0.21756036858129138,0.20389521527261514,0.3782201182073317,0.38172025668642406,0.23300253313451116,0.2571857764142179,1192,False,0.2814929955958357,0.23057171902443535,0.2814929955958357,-0.062263851651444824
1402,0.43368251982776634,0.4309607138826246,0.19350639539775275,0.3500235248303363,0.2280029271769363,0.1880809623841967,0.3848074237264439,0.3739584563639733,0.21552970834341117,0.21094222730124837,1017,False,0.31085097337809914,0.24560155744356965,0.31085097337809914,0.15726623547891339
1403,0.4045316141484186,0.4165374713753378,0.2208288571538652,0.36960917670630755,0.25498566973124626,0.20438236353731362,0.38698840431699644,0.35774700255049946,0.225168544459266,0.20552547730230514,1268,False,0.2708280179541052,0.2121551078380242,0.2708280179541052,0.03645982449916884
1404,0.4072280141391812,0.42261342293352216,0.19991273214413138,0.36342254091595566,0.2439091684266158,0.18726772580277476,0.4001450807408086,0.3711027240800803,0.22177627637988193,0.20480058042391724,898,False,0.2976686696390179,0.2353456971307474,0.2976686696390179,0.02432312914061696
1405,0.4179262359011322,0.43468559566097753,0.19682743056175017,0.37171936099632735,0.23296469224060168,0.21395415908915097,0.3866537203600679,0.34476634499076714,0.23120560290299377,0.1939068863312975,1105,False,0.29507398206591406,0.24077870932968004,0.29507398206591406,0.15194620248108823
1406,0.44070882674376877,0.3873968765316065,0.1934607310161138,0.36312338412692813,0.20707135451810904,0.2040213667176513,0.3502572808733288,0.4029521018051655,0.24780673560163366,0.23548193611354803,1192,False,0.2867357034205438,0.24724809572765497,0.2867357034205438,0.1372304423431137
1407,0.42000957842615216,0.39980806083912007,0.21530167916552445,0.3777995764555062,0.22539800597529241,0.2206916673834288,0.36829483216114384,0.3793573685463011,0.2103803635491463,0.22657464225444113,1017,False,0.2739495681153189,0.20962921487700586,0.2739495681153189,0.07697297472096903
1408,0.4318501764850533,0.4088005705782462,0.183920397796169,0.35954354796239985,0.22653668111556896,0.20971677173262324,0.3955336518650294,0.38144002508503483,0.18819822326222188,0.22500514880200292,1017,False,0.3097806275164465,0.2479297786888843,0.3097806275164465,0.05117420292771461
1409,0.4326693944354294,0.4023482307948423,0.17892939228995683,0.3749997235345855,0.22454213061983916,0.19881231090536516,0.3718143256547442,0.3875643782189865,0.22689386394969097,0.21998683438710412,1192,False,0.3014874116284338,0.25374000214547254,0.3014874116284338,0.03298491290021246
1410,0.41683273608665056,0.4449662895575108,0.18045469904142383,0.38877905493843745,0.22681634779677998,0.1866735376431755,0.37571356682929663,0.3624942970379245,0.18970106355359834,0.22293600166172628,1017,False,0.32490490086735946,0.26451159051608697,0.32490490086735946,0.09179324656005886
1411,0.4925975379569429,0.3116685799598117,0.2609234542731758,0.33801824642949185,0.27903445318278275,0.2354154064815438,0.3922323829111584,0.37245873595840717,0.16105429028732637,0.16149954076633896,1242,False,0.3154880498021498,0.3315432476696165,0.3154880498021498,0.3156945104152699
1412,0.42087043386501183,0.4329005380790447,0.19932857201006074,0.3686017710111253,0.23385617287969362,0.19237138998681483,0.3715646854512789,0.37207660843669527,0.19482456370212903,0.23175993375831677,1017,False,0.30191287310038983,0.2405291480922299,0.30191287310038983,0.09228527418803913
1413,0.45701020813725096,0.405317326578759,0.21556872753079687,0.31727925111045235,0.2701752770922751,0.19448792828219608,0.39233171641853154,0.3587783643020803,0.21667414051924774,0.19826630271079188,1130,False,0.29369986234987844,0.2625222798550549,0.29369986234987844,0.29731126722313705
1414,0.47366978070907534,0.3300990633249989,0.2607499491546763,0.3283011024055989,0.2835353713078247,0.24536544085792342,0.3949327287318589,0.3870721960575975,0.13808386314538873,0.15949605830367736,1242,False,0.3190731876077592,0.3355859175636866,0.3190731876077592,-0.05781444785332856
1415,0.4173071610477484,0.41647474071505886,0.18925761508265695,0.3620844169454688,0.2234567108328481,0.2143630880932052,0.3639431559027139,0.38781164797042933,0.2350684366708191,0.22690494424132168,1192,False,0.2818511075095838,0.22804954596509144,0.2818511075095838,0.07184158340217542
1416,0.4445013602725969,0.41254767897584943,0.19889516293200082,0.3454060697609762,0.25838437027997607,0.21831907700633166,0.3915268587847074,0.3456318392541554,0.20947137177872602,0.20566892614396287,1130,False,0.2888540483795717,0.24560619734059608,0.2888540483795717,0.2284031553263264
1417,0.4129652741266729,0.41124022627543294,0.22449437306248032,0.37152808071714394,0.2614689615261264,0.18932979606556521,0.3708697434604652,0.3683252006175094,0.24017537058500876,0.1918502076635473,1107,False,0.2755247846915694,0.22363547806110767,0.2755247846915694,-0.0752628474511499
1418,0.45129115441242823,0.42152072207558855,0.19986724257221802,0.36272589442204517,0.22521529928470585,0.1988448271389597,0.3864623523126125,0.35330557666056,0.18505792292825404,0.220122634609636,1017,False,0.31597781797968966,0.2662332314841742,0.31597781797968966,0.20835765116077815
1419,0.3872793930268364,0.4143051601024757,0.19330333022466933,0.37630141681594315,0.25148228368262954,0.20598887766620846,0.39940296132961867,0.3763620384532109,0.23305511957764205,0.19554134416614935,1040,False,0.28591695424654007,0.22100182987780637,0.28591695424654007,-0.060104267268946895
1420,0.45692016041543315,0.409126298289413,0.19585876066055702,0.373433990105508,0.2396980850103433,0.1767313338179544,0.381512016105566,0.36082593678971336,0.2048513518905012,0.19906293523695956,912,False,0.3223121416847006,0.2801888265974788,0.3223121416847006,0.14850040624941888
1421,0.48619832096128673,0.33099633352970076,0.24499498903056602,0.334287253186949,0.26360227462836633,0.22340872517288993,0.41225924054523944,0.37778811775738785,0.14386708456332561,0.17177080241989695,1064,False,0.33087899640938856,0.34233123639796115,0.33087899640938856,0.23508500988808906
1422,0.4119971277259754,0.4303810015270008,0.18150541881894394,0.367535955969867,0.25852284937431175,0.17753503937787957,0.3934270382923963,0.36172395581180716,0.22077325756609698,0.2104305693080364,898,False,0.30640682723855733,0.25284596214912125,0.30640682723855733,-0.025436714464211654
1423,0.42591961728047073,0.406787337605696,0.19739761625351712,0.3469028274454526,0.2370252325121498,0.19398070898975042,0.4110792753881547,0.36137783340089297,0.23826077460627912,0.20892910002281473,1125,False,0.2917867016851197,0.2319389082907203,0.2917867016851197,0.11153212365263941
1424,0.48183448780517873,0.34221060674531867,0.23837240404163473,0.3361009916520536,0.2731669300705258,0.23006931755880772,0.39793797984474855,0.37993206604258334,0.17012168403618746,0.14746418832616623,1064,False,0.3231060814416774,0.33437029947901253,0.3231060814416774,0.1543398253717543
1425,0.38866275908586934,0.42732891187162453,0.19788814626862494,0.3753819142262635,0.25299491288227177,0.19810093226298592,0.3888441201625611,0.3725651559471725,0.2207745031273389,0.21038923229750406,1040,False,0.2860179561874208,0.22944076560299959,0.2860179561874208,0.006211216538595834
1426,0.47877343010221435,0.32129645819552943,0.2719765631669819,0.3313335216973343,0.27565427159387335,0.24708310623291652,0.3921376225164265,0.38100586530822117,0.15598469938660395,0.15325627360144456,1242,False,0.3118595613297363,0.3255171565007698,0.3118595613297363,0.06340459283455391
1427,0.44175096217254833,0.4125766910318406,0.237125264403461,0.3640637940083444,0.2484709267755808,0.20543333950533202,0.35600728730866166,0.36178552497611816,0.20275609297155367,0.20781019691402916,1109,False,0.28060503070976084,0.23899486920099466,0.28060503070976084,0.19932476392170434
1428,0.41463322171724126,0.42667949161115354,0.2044979217576109,0.36856581351096307,0.22158592900086613,0.18789586466114963,0.40185035327239277,0.3712373600890137,0.19635002616075528,0.2147192291863363,1017,False,0.3123525882431118,0.2387836269500039,0.3123525882431118,0.07087051775981162
1429,0.43609774116618527,0.4307503969474417,0.1828017589309303,0.3482420111041013,0.22051943481582925,0.20063936753896355,0.38594272050961675,0.3772758015504866,0.20817690788776735,0.21464495905502906,1017,False,0.3152990800050752,0.25329598223525496,0.3152990800050752,0.16495733925998438
1430,0.4150595779647694,0.4262815967231388,0.19112782966305825,0.36314167708252976,0.22512359315820735,0.19945375007811103,0.39725249905088483,0.3621453680766452,0.2266779385690365,0.21634160038402653,1017,False,0.29721452549778404,0.23515376706008057,0.29721452549778404,0.09692301560235482
1431,0.44699002463287285,0.4021313292350194,0.18573943589135525,0.3721884492750645,0.20511162588742204,0.19573297271803994,0.35540187054610517,0.3980785036595623,0.2320471277292572,0.21555023143860477,1192,False,0.31138285787848907,0.26125058874151763,0.31138285787848907,0.13924393181659048
1432,0.43962104215851755,0.3990592099318967,0.18678474513769572,0.3700727810057839,0.22228109198345744,0.20902571869329523,0.355612230704671,0.3899112088946212,0.2385908639983371,0.21708440119452035,1192,False,0.2913713569659751,0.25283629702082183,0.2913713569659751,0.11933722608643313
1433,0.4969862460445779,0.3299215919747522,0.23722403750250068,0.31561292145918746,0.26261399246061007,0.26353881188420053,0.3880841928638382,0.38254698619436744,0.1549523282428858,0.16996787461127433,1242,False,0.3189310057585378,0.3420339178016921,0.3189310057585378,0.39394556972592526
1434,0.41778147532263615,0.4310233922691619,0.17893557900050666,0.3491758229217045,0.29311773333908603,0.2436918695039831,0.3989586645019685,0.32433564005036364,0.19363249599531568,0.19640997351226908,1201,False,0.29243372490373293,0.25208781326865526,0.29243372490373293,0.0058347289801121876
1435,0.406522494525434,0.39301781600469854,0.19465444989571346,0.3716740437267688,0.2579025854826115,0.2151851860042301,0.38419664412086957,0.388505389028778,0.22899447596041808,0.20110726379344682,1040,False,0.2760830317917371,0.21186804462972053,0.2760830317917371,-0.08153237400231689
1436,0.4243022077624591,0.40053654204674005,0.18916455900269327,0.37286517696205945,0.22510260943155364,0.22398083583349027,0.35017168653875674,0.390899357998974,0.2337616889344425,0.23199310217128782,1192,False,0.2749152027673379,0.2351376487597658,0.2749152027673379,0.0784621737106327
1437,0.4316431777915569,0.4188610068504357,0.19133284201813225,0.3561908765575631,0.24166518434679055,0.21582835327135155,0.38487423777456525,0.3703041278573671,0.1942785000528232,0.21628228321788331,1017,False,0.29864197009894533,0.24031033577342467,0.29864197009894533,0.10110283086036519
1438,0.43797029750558464,0.4095102479413489,0.1817707980163535,0.36639394320581703,0.21797143014152376,0.20464613978814045,0.3625940212723881,0.39315909510714114,0.22086418307286776,0.2213078356587374,1192,False,0.3039658187848255,0.25619949948923115,0.3039658187848255,0.10969703107315079
1439,0.4279236267830172,0.41217006946882967,0.18621980869236487,0.3697907289808258,0.2097162923853248,0.2085050178821874,0.35827693012962036,0.38449639426229976,0.23897394682020287,0.2341165397591539,1192,False,0.2890328341505181,0.24170381809065233,0.2890328341505181,0.06679742415973144
1440,0.4273987076968959,0.42553804855186783,0.19930880987440378,0.36976144121421717,0.21686303247637934,0.19261225670533605,0.39329644140962583,0.365499901126296,0.19936447424993223,0.21829491602323844,1017,False,0.31243071765899016,0.23478645099155987,0.31243071765899016,0.10890397313038606
1441,0.4083061949504638,0.42406139826186384,0.21306037541151515,0.3683995172128399,0.25584526514772477,0.17950564573305983,0.39874945693167724,0.3587424742544668,0.21322765682318015,0.20372199536558908,1107,False,0.2961331065973901,0.24455575252880402,0.2961331065973901,0.0028670477356900685
1442,0.4168768126802118,0.4119780865832921,0.1982394248772079,0.3702412729112499,0.2497915254268323,0.20212513587253142,0.4078581957846548,0.3496944789345198,0.23215626559253558,0.18528050257850656,898,False,0.295468451518688,0.23159631010170526,0.295468451518688,0.024577815297023502
1443,0.4244347435167275,0.4086418849156706,0.20766871823146651,0.3663873402949915,0.21283707943292646,0.19408693654169967,0.3566995097479948,0.3911275383628151,0.24492869314679522,0.22874934134031494,1192,False,0.2830938994585404,0.23034780697502782,0.2830938994585404,0.07431754502206495
1444,0.4264609121354153,0.4277749961670525,0.19222186570971347,0.37145040298148113,0.22470171219245777,0.2122239882337917,0.37405113304336784,0.3748587430081973,0.19658870647564444,0.21355249482111216,1017,False,0.30635239095487016,0.23555313045733903,0.30635239095487016,0.10947248427156986
1445,0.44453914956114177,0.40874705699302893,0.21645488917178238,0.3553919183374756,0.2592214934038686,0.1957564341953166,0.36500348997683474,0.3611437331552921,0.21354767591014384,0.21767713589259644,1109,False,0.28093965186994685,0.24878271536582516,0.28093965186994685,0.19526263077666706
1446,0.4337727550765335,0.39065075535524496,0.18223539087272417,0.3659381923399532,0.2214789143221995,0.21739782868506652,0.3647846841584803,0.39629368081869487,0.2294867301842342,0.23025475891654876,1192,False,0.2867212593220141,0.25153736420380934,0.2867212593220141,0.07205968805922834
1447,0.4425511198398705,0.42030710628995444,0.21042491494950222,0.3476493266940584,0.24591323392806688,0.23190993564213364,0.3547400653186967,0.3478859572934335,0.20576436554596986,0.24267690315517845,1288,True,0.26668823942539915,0.23678675429390064,0.26668823942539915,0.35681238038889146
1448,0.45367554311312536,0.3411572789869781,0.24912440882483164,0.34388580643228467,0.2544123128226031,0.25960424708830054,0.415423202622744,0.38520644669775606,0.1428390086261102,0.15487536077484704,1242,False,0.3201634361384062,0.31083653448701515,0.3201634361384062,-0.15408064541798042
1449,0.42597583538913203,0.4221945203501666,0.2036341649052126,0.3708949940944929,0.22523513164380152,0.19881217629804038,0.3848356041732086,0.36279851855809025,0.1980777275160683,0.2281518474034994,1017,False,0.2993295279405095,0.22789810787306372,0.2993295279405095,0.10387859669999026
1450,0.47967592320037405,0.31913513384567527,0.25157660393318965,0.33752713133438716,0.25470747771406593,0.26165673204645135,0.39443951039614483,0.38774290294240144,0.168149448120569,0.15266615649220114,1242,False,0.3130990455545183,0.32700976670817294,0.3130990455545183,0.1795916502490403
1451,0.4041672953613309,0.40179772995184215,0.22932732309236425,0.36935974976434827,0.2694758042525381,0.18927163882382841,0.4050286737366099,0.3639711256598011,0.21553229638342206,0.18647089777051132,1119,False,0.28438588300209977,0.21855777596609857,0.28438588300209977,-0.11498223981826278
1452,0.41719238764928307,0.4251272572749461,0.20738205531131074,0.36338703136756745,0.25826147968605556,0.17916099952111555,0.38340651775621853,0.3660041075059533,0.22791892670368058,0.1961010403341153,1104,False,0.2957892460435911,0.24596625775383055,0.2957892460435911,-0.007715933661529083
1453,0.4386762731454324,0.41448844154543846,0.18331139729209453,0.3488062863118222,0.2149043686462645,0.20352203349613565,0.3583620540333906,0.4019753426788524,0.21740634417592222,0.23582918244831322,1192,False,0.3028258279857241,0.2553648758533379,0.3028258279857241,0.1604697735899928
1454,0.4771215117962939,0.33319195700731324,0.2782827427100652,0.3265185808614778,0.2418852373552465,0.2334766668029699,0.3950457127239089,0.389539525778232,0.15353010110861023,0.18135336502393795,1375,False,0.31039230002037943,0.3235914106876837,0.31039230002037943,0.20739099713305056
1455,0.403239813365509,0.4114057346976081,0.20268444595940524,0.38524594947428914,0.2693757234446765,0.19610653036102763,0.392125103348242,0.35828896794932175,0.2189239243611582,0.19381880877592822,1040,False,0.28790849825571485,0.21758692592167989,0.28790849825571485,-0.0778022924765014
1456,0.4230663061108333,0.4378417695732101,0.20320836914320933,0.3677438927270681,0.22453909448777398,0.18607035364999233,0.3776312951991537,0.3664353870323989,0.20319848149427785,0.22264406840753015,1017,False,0.3079029483361996,0.2517714159232177,0.3079029483361996,0.13661643539464838
1457,0.47741053807760064,0.3221079871054019,0.2573142829753464,0.32009214658887686,0.2727057603031376,0.24543967700392533,0.40435259518752764,0.3799673061109636,0.1532876096343608,0.1835038617537504,1242,False,0.3039722968800421,0.32412292844323987,0.3039722968800421,0.25067837670505455
1458,0.40692969538137747,0.4011398130898799,0.22702071450686875,0.36073465586548414,0.25550313616932324,0.19391855849479675,0.4097869405140227,0.3443577047511045,0.24629193644688788,0.2043859909493006,1119,True,0.26639612500964915,0.21586838201922595,0.26639612500964915,0.029321518147433483
1459,0.41945774824725685,0.4065305354347073,0.22503947439708388,0.3866253978121826,0.25315824652032426,0.20888019092799265,0.36786749364811705,0.37081902325144855,0.2178371935397434,0.1750995208543686,1368,False,0.28779883569087744,0.24435822739288823,0.28779883569087744,-0.05105214800239171
1460,0.4276255093286525,0.41719069854388363,0.19730899103297622,0.3545431840759611,0.20564624522193103,0.2055783420231257,0.3723549068513942,0.39081185355903797,0.21209741760430995,0.2398674811784013,1192,False,0.29676817492695284,0.2303165182956763,0.29676817492695284,0.10707406321563002
1461,0.4687025854446526,0.3263421529333134,0.2479806916083445,0.3455250825618387,0.26491283183913567,0.25213543654023535,0.3913683836770996,0.3921999820253427,0.1541752721304318,0.16859875597069804,1242,False,0.3083523015664259,0.3145273133142208,0.3083523015664259,0.06161275364998428
1462,0.4031806061818867,0.42530275969226006,0.18380291516516858,0.368839645426107,0.25662668348696993,0.18195417422085147,0.39611275977439,0.36366555247254334,0.23099615368296225,0.2127322589881552,898,False,0.2965668418017581,0.24334858547140858,0.2965668418017581,-0.0519895647781363
1463,0.4647176866111464,0.3970393194727496,0.18486000029460878,0.3424177845571995,0.24649593429435135,0.20641966277261323,0.3971027125230053,0.35459326890291587,0.208697250397826,0.2112422208807112,1130,False,0.30666099162824983,0.2798576863165376,0.30666099162824983,0.2969711600172948
1464,0.41612456952254956,0.40888990357032706,0.18975195062339312,0.37432593203989606,0.22129273710374572,0.23716013135202385,0.37266439457216166,0.3776200103807688,0.22143119951465987,0.2186341247310592,1192,False,0.2804755443497517,0.22637261889915644,0.2804755443497517,0.02490956290118827
1465,0.4445184089514879,0.4216778186112311,0.20533715576355369,0.3742202738808978,0.23268046766826475,0.21496084072874486,0.3505219931588048,0.3541071779018553,0.16823551727771952,0.25588655101329744,1329,False,0.2977027276682041,0.2762828916737684,0.2977027276682041,0.11734145301599044
1466,0.4244887228903862,0.4126458883499023,0.19172675255517113,0.37703048323044935,0.26552698860299484,0.18564835891042963,0.38815762102937623,0.36394218322727406,0.22462411692209888,0.17909612445641643,898,False,0.3073805419312747,0.24539259843396977,0.3073805419312747,-0.07970651929024111
1467,0.43856328999309135,0.4192516363296397,0.2129124676917291,0.38679107626924747,0.24206214773852971,0.20586736055460098,0.35227922903259884,0.35364084050779615,0.19726635233735135,0.21885905046032814,1109,False,0.2919674960901295,0.24129693765574,0.2919674960901295,0.20407065790308884
1468,0.43237078092062337,0.41830147311153126,0.17019251954563297,0.36806281203015173,0.21857111540429747,0.1975518862304398,0.3842921250644883,0.3929750668063512,0.18957692969996914,0.22089437533625164,1017,False,0.3274049289786283,0.2621782613749904,0.3274049289786283,0.03058259728616499
1469,0.4309186808051902,0.39886021888701045,0.21332386351183977,0.3346186863611239,0.255517775824073,0.21212662036517949,0.4018112678347588,0.36434707447785897,0.22458181385856174,0.20692454357004594,1130,False,0.27462428398418576,0.22399413723514425,0.27462428398418576,0.17965100751867824
1470,0.411028957995281,0.4280672600454485,0.20879641549269473,0.37477753044387274,0.22850281810231732,0.22405835540917862,0.3754357570645355,0.3629766361182952,0.19306106162751346,0.22664327045338536,1151,False,0.2855560139946857,0.23500619841793502,0.2855560139946857,0.09750628773646601
1471,0.47951916964743346,0.3282404541826648,0.25351247034561775,0.34684465191435354,0.23924096059062358,0.2473039460073624,0.4120380917022658,0.374262824685797,0.14908398774604886,0.1651672476716551,1279,False,0.325054548844112,0.3304351819013846,0.325054548844112,0.17216828988851254
1472,0.409487057741035,0.40065564063131753,0.19664880073494453,0.3787188090336741,0.25501612292651793,0.2130320208561076,0.3958585959238725,0.3793258288841248,0.20234258034606903,0.19428387199523,1040,False,0.29425912285405603,0.215203185745805,0.29425912285405603,-0.062421101074312084
1473,0.4302803182838232,0.4043528943838918,0.20614564453626733,0.367588661065657,0.20803984089119215,0.20312700790644092,0.34187980147316016,0.3982706189080713,0.2334987605548649,0.24326122077956824,1192,False,0.2821058458602295,0.22715331037738226,0.2821058458602295,0.14378547765045066
1474,0.42765691932718614,0.39840865415391197,0.1878269308003579,0.3617821824515637,0.2080550011387164,0.1916251561925491,0.34826475384415456,0.4066411928304664,0.2537456182697537,0.24733677227837858,1192,False,0.2877676762641187,0.23982998852682824,0.2877676762641187,0.02027871250028395
1475,0.40729968587710774,0.4220745188262625,0.21132488040888395,0.37404967793385957,0.2480681825276515,0.18025021018049472,0.3841110596921661,0.37805336816743584,0.22901470614530056,0.1855999659365554,1169,False,0.300135852063796,0.2418243086457678,0.300135852063796,-0.05778107074316665
1476,0.44008648762611435,0.40586157349756874,0.18958210460249522,0.3595413059575636,0.220153071070228,0.20443747286025954,0.37750703755945847,0.38565071152348246,0.2136377318464468,0.22191838884302162,1192,False,0.3016810791716576,0.2505043830236191,0.3016810791716576,0.12751477801550434
1477,0.4876382700940588,0.30519269406653493,0.24523483280828015,0.31419582026807247,0.28093796198419624,0.25465334027141184,0.3955127413282815,0.39922090213031924,0.15754521535352567,0.1606380590174196,1242,False,0.31960368587649896,0.33009305474053313,0.31960368587649896,0.30719644127825324
1478,0.42925197892065897,0.4184690377634614,0.19554770512290084,0.363376010397118,0.20768849693002447,0.19562311310267208,0.361893446204984,0.3920304799590862,0.22893953712401116,0.2277594865124185,1192,False,0.2993625173675275,0.23370427379775813,0.2993625173675275,0.10888368193017496
1479,0.4512398852834337,0.39199845793014976,0.1908163532272776,0.3373425309501962,0.2644066968553018,0.2036796912045912,0.40290267977613003,0.36485240353415277,0.2049125225044263,0.20898709409254435,990,False,0.2987714166596333,0.2604235320561561,0.2987714166596333,0.1810907495372916
1480,0.43703210324250086,0.4164331443930285,0.23934175144304648,0.3543529863314015,0.26389535166086986,0.19872036587186057,0.34827773822933095,0.37371892920894345,0.20747301124467762,0.1989900807828162,1109,False,0.2800913675550645,0.2383117373706403,0.2800913675550645,0.1425173237423206
1481,0.4282663624959073,0.40156370178644374,0.2121991463039131,0.385278417439934,0.2183891803260727,0.2140100219412206,0.3648293616552114,0.36094258857538036,0.1857636458147819,0.2654888104431935,1329,False,0.28178454534931574,0.2425027166811254,0.28178454534931574,0.005300622228316474
1482,0.42604806113886384,0.42576636406867757,0.19706692614462357,0.3594006815589507,0.24956010836625114,0.19890131913797557,0.38742029073857887,0.3653852612993318,0.19930910902639187,0.20984483626761635,1017,False,0.3013380407554365,0.22898113499424028,0.3013380407554365,0.09153064029524029
1483,0.42866636418585374,0.4143795829228969,0.18885859113677714,0.3512027128488116,0.2178253108141571,0.21030700573550803,0.37293200569206286,0.398374264583671,0.2185038901343176,0.21982403932499986,1192,False,0.29905129032609823,0.2398077730490766,0.29905129032609823,0.12286962807345074
1484,0.3992176938426985,0.4091197553151913,0.22359901860584006,0.36436447438494657,0.2548143783024438,0.18044906951760947,0.40505877848446503,0.3655518555695506,0.24371036297360876,0.18947432327524863,1119,False,0.2833195360835343,0.22867068579758182,0.2833195360835343,-0.10647052860773856
1485,0.43974685110783523,0.41347175175703094,0.20904112433403788,0.35711226442181043,0.24406866437455574,0.19918425622467412,0.36625101918544173,0.37287838003867524,0.20964283815191467,0.21923585604552942,1109,False,0.2885470325929264,0.24056259488316112,0.2885470325929264,0.1752906459397348
1486,0.47574662027683,0.33275885373818637,0.25965558465523536,0.3285006291108937,0.25359017951554097,0.2590466459611932,0.3855531960855609,0.3936089344108462,0.14510306148621532,0.17763926914436365,1242,False,0.30910842883045503,0.3306435587906147,0.30910842883045503,0.11016975123052607
1487,0.40702017799114454,0.4105823246741092,0.2049512946498423,0.36989238767436433,0.25495256476537986,0.18948001545382037,0.4016454664105175,0.3658795167859911,0.21361420342987944,0.21262620205349336,1107,False,0.2885348146197832,0.22110230922028884,0.2885348146197832,-0.01707178951467564
1488,0.4206670083052888,0.40922799956285866,0.22936215383537956,0.3682468233021841,0.21531439970536853,0.2185103968271052,0.34870830353111737,0.3756503084249349,0.21261947407087275,0.2556056177896126,1407,True,0.26179410667678094,0.20804753423441605,0.26179410667678094,0.1243729493720334
1489,0.4196793861048282,0.4350192530675246,0.20256428635030282,0.36203450617767174,0.2330983570097073,0.19378163571079152,0.37463962109435356,0.3707886688748147,0.20832268660061945,0.22226695161399299,1017,False,0.2976505171484689,0.24123761735673308,0.2976505171484689,0.13895082125231714
1490,0.4379939649357854,0.4037751502444032,0.1989042239315832,0.3465234468696456,0.2116502437865798,0.18968818839174612,0.3761516584412542,0.4011155318358279,0.21977660018333842,0.23242761598020356,1192,False,0.3020678972635399,0.2483057765440393,0.3020678972635399,0.13376091071880838
1491,0.4541398436944005,0.4217274016605869,0.1890815383067408,0.33524246890570425,0.25443348754854356,0.1982942830959319,0.3567120349447185,0.35668582666504955,0.19763093860122233,0.2649158261905528,1288,False,0.2904796533774152,0.26505830538765973,0.2904796533774152,0.24193721972425578
1492,0.4371516933432761,0.4098183870511517,0.20964595069482433,0.3621173423284343,0.2594476216593752,0.21808303384670327,0.37184188187279005,0.3635349886776892,0.20413688686842948,0.19722492910315753,1109,False,0.2859381995171743,0.23992676424011855,0.2859381995171743,0.10876730395936664
1493,0.42231139622843344,0.4184820841770615,0.1922452390352801,0.3429312143003877,0.2518684720642251,0.19740764881627734,0.3921685684996853,0.38049666238858876,0.20177039497179047,0.22421660205922617,1017,False,0.2958357701493201,0.23006615719315335,0.2958357701493201,0.06548183804038848
1494,0.4427257442301307,0.4198343830710575,0.18867832876520926,0.3591937060609018,0.21378975561513855,0.2060519074456162,0.35743719935999774,0.37946731619733454,0.2339261580815546,0.2201628597578225,1192,False,0.2986348025771521,0.2540474154649215,0.2986348025771521,0.19279946708153065
1495,0.40368228250738947,0.42265666215262626,0.21839813578246228,0.3650624950028778,0.2607497244988361,0.17535395786946234,0.39157315929318587,0.35266419453551057,0.2396159090570485,0.20875057683866935,1107,False,0.27978451893995293,0.24730270428316392,0.27978451893995293,-0.04554948174440724
1496,0.44254002077001453,0.4002194524358082,0.19974198121126824,0.36053197397374864,0.2112506316262751,0.23435740660941676,0.3674176650595517,0.3745938146639389,0.2297091083751535,0.2155685323632667,1192,False,0.2826816324518973,0.2427980395587463,0.2826816324518973,0.1818125746119952
1497,0.41575438305413037,0.4254822756154394,0.19779536206251286,0.3517755705946833,0.24014385520341827,0.20175401654128064,0.3931128251133067,0.36287719264385393,0.21027917189972706,0.23331402456934933,1017,False,0.2867267886333453,0.22768691355292653,0.2867267886333453,0.1135725098578362
1498,0.42657191461217375,0.4096844328483103,0.20025190743358304,0.36773297250742915,0.22208445527202544,0.19744579639084048,0.3861595384383719,0.38705809137980357,0.2079067743230218,0.21071775392956915,1017,False,0.30456275661625776,0.22912611822133327,0.30456275661625776,0.06822534632257929
1499,0.4738937739130564,0.3085956008676278,0.27485075521830094,0.32925159368481427,0.2630269119771582,0.26330883607543026,0.40046944542872615,0.37541213117088085,0.16361965185109814,0.1721852536652368,1242,True,0.29506977584945,0.31027412206195826,0.29506977584945,0.20479727692824728
1500,0.43896157480936265,0.42796533944215187,0.21115559980635037,0.34043149422495705,0.2523727386827009,0.20387935786754804,0.3399241643614897,0.3652171433960182,0.20295197036866258,0.2613385181499537,1288,False,0.27327677698294206,0.23600960444070007,0.27327677698294206,0.2918728470671997
1501,0.4272057273844568,0.41639382730795954,0.21052561911335096,0.3524584144241468,0.22163626208639542,0.19925061711973488,0.36548133883125267,0.40042598520195094,0.21424166809989859,0.21661709250429254,1192,False,0.29547396241074,0.2279551102647219,0.29547396241074,0.15348803116823076
1502,0.44038795965278094,0.42823879606424003,0.19002235621421606,0.34870268326416387,0.2230703419091986,0.20891761973366843,0.3453035938867494,0.38674387808734745,0.22022476187908474,0.23293052001179745,1192,False,0.2951463319011574,0.25036560343856484,0.2951463319011574,0.26516453011757685
1503,0.440703885885416,0.42452677156787516,0.20895670768371818,0.3444920615979312,0.20254385019947235,0.18954888544552292,0.36433955457791295,0.3917571002581538,0.22661365099785752,0.22067157569357507,1192,False,0.30607450159898525,0.25115500043989303,0.30607450159898525,0.20773538167112293
1504,0.39504085368034075,0.39669979608049727,0.20489997631948428,0.37075020906617595,0.24416704930818245,0.2108863030797721,0.4109260427908828,0.3663049417389795,0.2369935439107696,0.20937104446122862,1268,False,0.2711370552276485,0.2060260664713985,0.2711370552276485,0.007587918378260874
1505,0.4415738662814856,0.41019581948157113,0.22796222980193645,0.36350456148253285,0.24484239164775248,0.20675089552931306,0.357146808632325,0.36599717112937763,0.19920972641269102,0.22082470202366045,1109,False,0.2803478642468678,0.24236413986879457,0.2803478642468678,0.20234906583003065
1506,0.4751045535829617,0.314648975014616,0.26750947443484513,0.3350963812537187,0.2582153450822376,0.23957991696029912,0.38917289654003734,0.3952002400184938,0.17062009218655663,0.17492024476546988,1242,False,0.2999020014757035,0.30448446139640506,0.2999020014757035,0.2887727686369682
1507,0.451948652610591,0.38759348738218635,0.19058961263846153,0.36599359017811534,0.21960428421358458,0.2012702263511682,0.3580301274190399,0.38924494139205673,0.248992073756063,0.21167900333402404,1192,False,0.29471370625610027,0.26135903997212945,0.29471370625610027,0.17025289054032566
1508,0.41564784538411187,0.43052959538293956,0.18170873982160113,0.36776927638971024,0.2182459938116361,0.22239794041449945,0.38557695772682793,0.36479170544976297,0.22132829329079154,0.2139810260791952,1017,False,0.29788201068633335,0.24882085556133843,0.29788201068633335,0.09039847668700968
1509,0.4211589539754184,0.41099392896975107,0.17296156362514348,0.3433800880565792,0.2993430282482947,0.219297427124181,0.38237133858823924,0.35420537190749596,0.22851315675639877,0.21047180213541933,1201,False,0.2750084825425507,0.24819739035027494,0.2750084825425507,-0.12323682156393113
1510,0.4839802568296766,0.319668075954987,0.2618863196790396,0.30911782899505463,0.265776771980573,0.25063111362754387,0.40965035471939776,0.38413961561665594,0.14989664567972266,0.16774458602351297,1242,False,0.31789557599050466,0.33408361114995394,0.31789557599050466,0.26262432562274063
1511,0.4409005197104823,0.4115748630151503,0.193354177384592,0.3220079737845121,0.25747469646666626,0.213638071303893,0.41400528690237226,0.35852629163077304,0.20235994193309362,0.20569983095851982,1130,False,0.3004566146668838,0.24754634232589026,0.3004566146668838,0.23727639134822165
1512,0.43070524530028287,0.41842518903861065,0.18602522205767696,0.3502198509449547,0.20785814961233542,0.21532970646965405,0.3669881371357289,0.39173152276251094,0.23435510677356144,0.22254423822625688,1192,False,0.2955319462872295,0.2446800232426059,0.2955319462872295,0.12849035232268433
1513,0.4220233717795173,0.42022667182680606,0.17426153720303425,0.3747224941000811,0.22208605964594935,0.208763292607314,0.38922873665153124,0.37580104753348115,0.21655490237998617,0.2049292421484495,1017,False,0.31176266391958946,0.24776183457648307,0.31176266391958946,0.027291573623058982
1514,0.4235892334879196,0.412127921376552,0.18916398810511795,0.36612584714772844,0.21298896086033298,0.20198911760178007,0.3521211943440402,0.4001068124726682,0.2360835443007205,0.23434472362029277,1192,False,0.2907215641695043,0.23442524538280166,0.2907215641695043,0.08105303959882461
1515,0.39648685302083925,0.40925604342362487,0.20614399052781288,0.36677590082007205,0.2570373375459997,0.2310788339442439,0.3887226904656546,0.3635676005778936,0.23120673245152157,0.20513131466517748,1268,True,0.2599822149998205,0.2041247287584474,0.2599822149998205,-0.013925300945107248
1516,0.4621696892621975,0.3356525016588456,0.2700218610841732,0.3316213490240687,0.269311518218584,0.24910553320412485,0.3857583329553414,0.39368779075567123,0.16071357375892842,0.16322184450157676,1242,False,0.29863836490425866,0.30145611550326906,0.29863836490425866,-0.030623305609742545
1517,0.47607500778439477,0.3337750413168287,0.27546162115347333,0.3207828658744003,0.2540043232430807,0.2330712333501731,0.4001268213366053,0.39106944275377264,0.138829576776091,0.17892799488030928,1454,False,0.31826107771612283,0.33724543100830373,0.31826107771612283,0.10025315105191426
1518,0.44455280134229247,0.4102666487065337,0.1888494480006143,0.3590096234042116,0.22361259798801342,0.2036150752979985,0.367380847136244,0.3721544770589929,0.23072286832647448,0.22658261980325956,1192,False,0.2927748474777167,0.25570335334167815,0.2927748474777167,0.17480774981862404
1519,0.4154968480169133,0.4208324655123482,0.1914802338199837,0.3533030304831138,0.20255393822673104,0.20760871071107295,0.3766096746846674,0.39469349265181347,0.23534700585963145,0.2272426147036617,1192,False,0.2944753874106733,0.22935223169236452,0.2944753874106733,0.07086938404649354
1520,0.43670820839052227,0.4026790271028787,0.18912951394804267,0.3577671082924619,0.20785022258220948,0.20526760517799209,0.37149870441311666,0.38945555688355754,0.22429012019967057,0.24091239918977864,1192,False,0.29405579499984336,0.2475786944424796,0.29405579499984336,0.09555812624167088
1521,0.43953886798533487,0.413085440075661,0.1735367402423065,0.3595560998101273,0.21984482042695674,0.2000716225017341,0.3623394098202738,0.39694769248549133,0.21920154241040674,0.22694356067197177,1192,False,0.30924873440370537,0.26600212774302834,0.30924873440370537,0.10060872262466924
1522,0.4469775547126063,0.4082135948410387,0.20097489453281453,0.36117450111727784,0.21305843581495612,0.20762023964498486,0.3656232001298074,0.37479423768353437,0.2254958513474489,0.22189031761051373,1192,False,0.2937713631975838,0.24600266017979178,0.2937713631975838,0.21567503650673783
1523,0.44575207789618887,0.4249664466084309,0.22269582635908183,0.3728201833188464,0.262054081898397,0.19009880428811146,0.3440192673052631,0.3627929340925852,0.18108809606677723,0.2110675699091459,1109,False,0.30274899860442894,0.26466398182941164,0.30274899860442894,0.14996159777537582
1524,0.49305282813223783,0.32688962154348356,0.26641868672096825,0.33088253537335344,0.26276968042503646,0.25103164727809774,0.3853787520789795,0.38220027726597333,0.14450517847254035,0.14845720313068642,1242,False,0.32856449164851353,0.3485476496596975,0.32856449164851353,0.13659097800129852
1525,0.44548205529413243,0.3989973698036059,0.196333835342893,0.38329599633270706,0.2056073882590878,0.19025873937558463,0.36592582001008434,0.3761619164023726,0.22533048794982236,0.22855619370039848,1192,False,0.30421351562930427,0.2552233159185478,0.30421351562930427,0.11936830754182973
1526,0.43218435802697847,0.4080467394330921,0.18575204064311665,0.3654730078681262,0.23120369847996647,0.19843580949997178,0.3664005989969805,0.3918242158614878,0.2271607516942761,0.21547773935542433,1192,False,0.2979015579989072,0.24643231738386182,0.2979015579989072,0.0721878684129943
1527,0.47465768939710273,0.3088216401919599,0.26388893558064536,0.3179709153163844,0.27086712154724135,0.2621362227878881,0.40613946727443234,0.38933298437726704,0.1485075867984649,0.16708698143411407,1242,False,0.3109377514810007,0.32615010259863786,0.3109377514810007,0.1327578965356483
1528,0.4527784554152126,0.3980077196862298,0.18708752546943053,0.35674270840814537,0.23567209154714003,0.20678516089293386,0.37494482845179133,0.3787849363985439,0.21530490498930613,0.21353016451068882,1192,False,0.3003546713616779,0.2656909299457821,0.3003546713616779,0.18772254533407828
1529,0.42779154406303993,0.41216168771956213,0.19659892419375172,0.3471312809970511,0.21049764045023053,0.21244778701157638,0.3697753319678952,0.398375066569808,0.23563254104356157,0.21809028343139428,1192,False,0.2908729980903334,0.2311926198692882,0.2908729980903334,0.13785504544951652
1530,0.4723237353842981,0.3050314120152142,0.26190596326090726,0.34289618625604384,0.258232546092858,0.2596443945769553,0.40200275166123683,0.3981974504915465,0.14284808671111235,0.15172785255526317,1242,False,0.3254467827558637,0.3294756486731858,0.3254467827558637,0.003431952959829597
1531,0.41185285180682296,0.4207924731877164,0.1963562443713311,0.3754528465171956,0.21865483498691565,0.19355537714439638,0.39048832438226755,0.36376630737320487,0.22577075033324254,0.2296458095767594,1017,False,0.29321863694487155,0.22723709604332,0.29321863694487155,0.04792616689302932
1532,0.4311036786386625,0.4156485305922875,0.20355157030307844,0.3616305934042138,0.22421365099865032,0.18939477494822435,0.3517126126889173,0.3918466273931364,0.22886652363085738,0.23110261873766302,1192,False,0.29025363811752763,0.24170890369043815,0.29025363811752763,0.13542041222141485
1533,0.42555154295890935,0.4249554367362809,0.2198583454133573,0.36201204076137583,0.2576420041041107,0.20041047638287054,0.358517959506063,0.3670319194069936,0.21703754012520443,0.20501643609986264,1109,False,0.28031906639528553,0.2251410665760388,0.28031906639528553,0.13754662904901802
1534,0.4379611014678642,0.39957474255766895,0.2316565688890287,0.37203555688680695,0.2133931058583018,0.20959063768736264,0.3377621334841761,0.3715587355205966,0.22365599000153427,0.25461514008097125,1488,True,0.26432907405355605,0.22837046378050158,0.26432907405355605,0.2278054928302131
1535,0.4446327978262765,0.4094357892581423,0.1821514644441222,0.35551730610561993,0.2185375761733679,0.2067114192450562,0.3547489197184794,0.40811650173269576,0.2117704325171063,0.2176038245746719,1192,False,0.311124330738785,0.2624813333821543,0.311124330738785,0.18579933694235531
1536,0.39316066384879084,0.4157933231161755,0.20027942398592719,0.3774640165059334,0.25700454987662646,0.17788476298993147,0.4022890778424537,0.36009139231913856,0.24604596830635994,0.20053531950832568,1107,False,0.28863963198776,0.23790856012624403,0.28863963198776,-0.10750008928513695
1537,0.4489006480351076,0.4203086458836551,0.20299866979219613,0.35542230146496606,0.23063092817627784,0.2029638099061728,0.36331558501083944,0.34610941210151847,0.20932477166521957,0.2535816346272934,1288,False,0.28532519844842,0.2459368381289348,0.28532519844842,0.29233270301648717
1538,0.42337408855591824,0.4148610485079132,0.2004604743952637,0.3754554727617011,0.20771562806598892,0.2111952292104909,0.36468886211516105,0.37141075829535525,0.23600696703144544,0.23043668273300155,1192,False,0.28304538648003863,0.22291361416065453,0.28304538648003863,0.09332642994012351
1539,0.40973537356594647,0.4050979253455838,0.19979733418694642,0.3367556574268725,0.2444067041091596,0.2307099436688208,0.411610878898441,0.371353868855656,0.22582816123843683,0.20833137522021364,1359,False,0.27393635332210864,0.21181354471149458,0.27393635332210864,0.11862780635441146
1540,0.4388079242470871,0.42093449760740187,0.18332772292491903,0.3680604194302803,0.2200416698984505,0.20573468300394662,0.34194883028725753,0.3803964792650452,0.23371062177616517,0.23278314589427757,1192,False,0.2938540579168522,0.2554802013221681,0.2938540579168522,0.1782348942795499
1541,0.4269177827676819,0.40501755386755384,0.19513301663633476,0.35910109754147684,0.2209428740202245,0.2080622708719471,0.36154980233872447,0.3883272528943816,0.24371347783796002,0.23163173151908606,1192,False,0.2776403899442102,0.23178476613134713,0.2776403899442102,0.08878688177050809
1542,0.4255705395285295,0.42074111219123744,0.1846847406934891,0.35815868317991845,0.2295082816760702,0.19022095495010757,0.3591378286593862,0.39368827751860686,0.216351495472127,0.24463046444070874,1192,False,0.29712200137602934,0.2408857988350404,0.29712200137602934,0.06157277317694575
1543,0.4743924162293791,0.33488516125876233,0.2709091310520983,0.32044356701147186,0.24660790226965934,0.24254771204238995,0.41286052778254123,0.38429781910485883,0.1574470930614671,0.1554183415956103,1242,False,0.3205523019254985,0.3189740746337688,0.3205523019254985,0.13157192794227426
1544,0.41752692404117864,0.41883238914830095,0.17932707417575097,0.36490352462081305,0.22094055864532228,0.21960924147030741,0.4095203738096369,0.34818509625031296,0.20751818281593842,0.23641356196078475,1285,False,0.29703200240729677,0.23950531497254998,0.29703200240729677,0.08754150704919188
1545,0.4325981198314114,0.41583228574016795,0.20521340851405714,0.35208900222966455,0.2122029122873866,0.21046754005630702,0.35801755097934673,0.39620056932980224,0.22790467668195225,0.21781760105368442,1192,False,0.29104517706714883,0.22738471131735424,0.29104517706714883,0.19340206418146735
1546,0.4312560241539653,0.4092756915622511,0.18657943567200963,0.38038023299391477,0.23092534316337823,0.17996310062733403,0.35690427534835745,0.3847364226134603,0.22822138794978075,0.23196903282846576,1192,False,0.29975136149191905,0.25129292352663124,0.29975136149191905,0.02055065978640479
1547,0.41384871127227396,0.38753078280575043,0.18657358285333328,0.3646984467450357,0.231496074949238,0.2108804930092739,0.3771710138864106,0.39502191567281336,0.2412790964568508,0.23697589047321801,1192,False,0.27179376553926815,0.22727512841894068,0.27179376553926815,-0.03781576366247738
1548,0.4314115482097843,0.397260478177851,0.20420479205345485,0.37189749206936196,0.21291533250705402,0.2191960227653535,0.3626702262255576,0.3725793945486882,0.2369207053570062,0.2370748674400179,1192,False,0.27103078552626786,0.22720675615632943,0.27103078552626786,0.1207212159457914
1549,0.47927214709510624,0.32181331014822295,0.2521869999587897,0.3112336660087478,0.28865196140876087,0.22920895632123933,0.41256950618934163,0.39511093651248874,0.14927507922245048,0.14766084543938046,1242,False,0.3329651923625008,0.3316113016557258,0.3329651923625008,0.11190252430935849
1550,0.4250015741298326,0.42621209108347313,0.1996990927744081,0.3394478208579612,0.22624308831869622,0.2158253750288694,0.36037102426634143,0.3779653468035538,0.23367839726489856,0.23982319587468953,1192,False,0.27319679868731944,0.22651299830906504,0.27319679868731944,0.23252786682689985
1551,0.48898744962394414,0.31433640365485177,0.25166833650760756,0.321578585084191,0.2709337059302554,0.24848194502081392,0.40173570316366225,0.3873685109968125,0.1611825367979186,0.1508643853764593,1242,False,0.32317761145875484,0.33812306424748484,0.32317761145875484,0.2663240586642876
1552,0.402237693265884,0.4012678245990488,0.1958059819620909,0.37016140759112365,0.26529240462494785,0.21210229540813025,0.4031944648651951,0.3607026325191796,0.2307310897653162,0.20137794258094535,1268,False,0.27480478823948135,0.20738848290310422,0.27480478823948135,-0.05992745479987582
1553,0.4649185582809973,0.3390723609491649,0.2659952634585179,0.303742211243652,0.26144328334417016,0.26451197126057036,0.4078339878943986,0.3829679001713421,0.1670520231013824,0.16324622850478132,1242,False,0.2991464224582814,0.301672329776216,0.2991464224582814,0.11244259084203478
1554,0.4138692366279602,0.40239202460228035,0.21608218890219646,0.36345501308990585,0.2241930993379862,0.20024993734817145,0.38150600870931467,0.3756420305252878,0.24274985549498102,0.228162243345592,1192,False,0.2684860624872517,0.21361929927978876,0.2684860624872517,0.03491912449006335
1555,0.425568459040225,0.41407569695724555,0.19136846383353273,0.3416337881900496,0.20680125358065943,0.21611317429292037,0.39074148901623706,0.37652133676136995,0.2295474623071979,0.2397630942493984,1298,False,0.2868970892368335,0.23419999520669227,0.2868970892368335,0.1153803210870851
1556,0.4843917947927531,0.32325967577698134,0.2521670051595183,0.31697952987986633,0.2621592148706383,0.2500753192649768,0.3971875973028779,0.39560083972302684,0.15406739775775768,0.1659628155953049,1242,False,0.31853195830935327,0.33032439703499544,0.31853195830935327,0.26766886504833015
1557,0.41120074705083554,0.3874516201951796,0.18229310925994938,0.37229578430022375,0.2612327856789623,0.21759828647591364,0.40712613363668326,0.354567866511384,0.23280794328778098,0.21840118415536677,1268,False,0.2723755221508004,0.22890763779088616,0.2723755221508004,-0.05057861220436105
1558,0.4322320435131667,0.40308593728492415,0.19273332418501352,0.3676903127910356,0.20889672357585293,0.20039796787048836,0.3679400808319805,0.38869733555254743,0.23836864751526252,0.2264344647748972,1192,False,0.2930665134426213,0.23949871932815317,0.2930665134426213,0.06936631410660808
1559,0.434263180792499,0.40956389732655357,0.2132378977478706,0.3619499950028783,0.22519072896445608,0.21854292046496948,0.36066983768100364,0.3651685059017833,0.22010373869912134,0.23842484370244701,1192,False,0.2698794471743488,0.22102528304462837,0.2698794471743488,0.216862052404273
1560,0.418406965462358,0.40925928128960837,0.22242961486316631,0.37250379601597594,0.22587812177216768,0.21401519771917765,0.3456649312456426,0.38209863341875805,0.2221954182299854,0.23985536335543986,1488,False,0.26372589532751606,0.20439176774318035,0.26372589532751606,0.15153833861422325
1561,0.395318843155169,0.41831763143390605,0.19589409358739565,0.37335240307298545,0.23708741296862818,0.22071365017737168,0.4035726175969739,0.35320734612321925,0.24709283923300143,0.19328927467064055,1268,False,0.2805306061491427,0.2250283567632655,0.2805306061491427,0.011076264058559104
1562,0.4280065819266854,0.4118830466669069,0.19238719877144322,0.3637962621579246,0.22303243139783938,0.2136473712528578,0.36820547868706294,0.3835512722239045,0.22167466067884867,0.22491552689689098,1192,False,0.28803497001668826,0.23561938315524217,0.28803497001668826,0.10526106546542555
1563,0.4289515985149411,0.41231099358160167,0.20077229260078788,0.3641024728638907,0.19792266443222722,0.21305455030830453,0.3582286624364897,0.3944408111453931,0.22705021791152663,0.23041548219831667,1192,False,0.29223133182272565,0.23102893408271385,0.29223133182272565,0.1175882062038322
1564,0.44587754430364784,0.4118273715618442,0.20312672028827083,0.3461599341216317,0.2560403088498338,0.1989401873146364,0.35152477026249207,0.35477582370280886,0.21375053312541328,0.2650388453488393,1288,False,0.26994213650503046,0.24693735698901145,0.26994213650503046,0.2313687910416111
1565,0.4459426809703859,0.3781107774877803,0.20583665631657025,0.3610808107991637,0.19855351318941897,0.21674978806495265,0.3525308065383543,0.40635261957215785,0.23759555399003196,0.23057156748379254,1386,False,0.2855818025854303,0.24738916778096695,0.2855818025854303,0.22054431967367916
1566,0.44261660662114743,0.3948272219010908,0.18941421005824827,0.37570295630538325,0.22163720649500884,0.220230125077138,0.3603705346799877,0.3943676376084609,0.21015680200508205,0.20973448323684796,1192,False,0.3009654514844009,0.25320239656289917,0.3009654514844009,0.13377106441712527
1567,0.4384615866069132,0.40712228682960794,0.206881313292793,0.36799409286622997,0.21908153264549532,0.20694106434426443,0.341071720901757,0.38416510162395,0.24030451195586278,0.22650171264999508,1192,False,0.27976437009216043,0.2315802733141202,0.27976437009216043,0.215792721711591
1568,0.42854289611251195,0.40546477025007194,0.19045889940288183,0.35622731870325286,0.24655579805878286,0.22171504395649758,0.3573773805591115,0.38800312961162164,0.22731711364972937,0.2211139936107777,1192,False,0.2749168393343775,0.23808399670963012,0.2749168393343775,0.10607256224709324
1569,0.4064066165574641,0.39648481024289717,0.20548871036170574,0.3781638499609608,0.2541377435190104,0.20864502902262536,0.3949066544018788,0.36735634193692496,0.23158410170405133,0.19936916795365375,1268,False,0.2751850867509232,0.20703744860381032,0.2751850867509232,-0.04636656986331983
1570,0.38799187999853935,0.4159873974625789,0.20893823744279194,0.392309805700926,0.2426004300387897,0.19642466920175436,0.4037758207408853,0.3499195357689212,0.23567982805705626,0.2009811431104164,1268,False,0.28415648870210497,0.21956272826082454,0.28415648870210497,0.026306442175659847
1571,0.4348507277044667,0.426576369328789,0.18422633930724389,0.3638052110989998,0.22692474193864798,0.19275747095709814,0.3741651967093668,0.3597771896682796,0.22649361504461898,0.23077047173324833,1017,False,0.299607443616823,0.2506243883972228,0.299607443616823,0.13292423333438297
1572,0.42526548017491295,0.39122980344861236,0.20332404810220014,0.365889164874569,0.22176083841923558,0.22954372750667176,0.36311792093446077,0.38621426540408715,0.24629494541683916,0.21754881525432027,1386,False,0.2662538021713415,0.2219414320727128,0.2662538021713415,0.08281973867823939
1573,0.43524837553119583,0.41177634199741026,0.224964923313724,0.38038526740862283,0.242899499033426,0.1923833546947383,0.3659441516597318,0.3636961282695911,0.20892252968655636,0.19961659832898465,1109,False,0.2937559239376397,0.24286502083645753,0.2937559239376397,0.10065417380499038
1574,0.4028755983914469,0.41026777610176807,0.21244031933739427,0.38526271239550586,0.25146892705642293,0.18501528667764328,0.40783123541335253,0.3580839197347313,0.22249872712683796,0.18517555445299366,1094,False,0.2990023383121399,0.2252524894241248,0.2990023383121399,-0.048587677185773365
1575,0.4195894338297407,0.4076266185810527,0.1959380365761724,0.3829358920528683,0.21574602282030014,0.21969241055819178,0.36928657066164783,0.383938715962395,0.20713269584119295,0.22640024525380595,1192,False,0.2911071290719916,0.22365139725356828,0.2911071290719916,0.047857570222756315
1576,0.43535456452270527,0.4196567867778436,0.1989499475587016,0.36393806231211345,0.2226017053629042,0.17839125983510487,0.37669130981003257,0.37486986391790567,0.22634230142810885,0.21746961543030824,1192,False,0.3059594123875828,0.2569633046876004,0.3059594123875828,0.09200773611822888
1577,0.442440363585779,0.40205553948196054,0.1901734011358561,0.360268822607606,0.20689452381082998,0.20724227508547163,0.3812129777505934,0.37981274865954207,0.22356023503231043,0.22654663779517512,1192,False,0.2997549715329506,0.25226696244992286,0.2997549715329506,0.13116570529484955
1578,0.43038017362791064,0.4035024340528599,0.19235796916577355,0.3716001373694656,0.21321148063510756,0.20650449364076712,0.37249837817498394,0.38698340553178695,0.220144670736234,0.22757927441851683,1192,False,0.29491062384608024,0.2380222044621371,0.29491062384608024,0.07432790606885513
1579,0.40458160215439426,0.4488695816997387,0.2038001449341533,0.3675340281071118,0.2122048454267387,0.21086039081610058,0.3702379260425491,0.3722821717408416,0.2113787025912802,0.21993174147407826,1284,False,0.29819632817270564,0.24506943676558537,0.29819632817270564,0.20845051422428362
1580,0.43214177316797026,0.4136100769547547,0.1973028255431943,0.3399273549599798,0.21696154325323483,0.18979411466399404,0.36468530539942584,0.398963744678667,0.24018917893478742,0.23398457230281014,1192,False,0.2918948776909327,0.24234765850397622,0.2918948776909327,0.13888206830598512
1581,0.43747063568072664,0.4148590749977892,0.19489110313957264,0.38460820909192367,0.24175921670981734,0.20366674159149512,0.34896449038960786,0.3612790430153906,0.19330681552898174,0.24700491154151316,1329,False,0.2916241805765608,0.2441638201517449,0.2916241805765608,0.11799383018839972
1582,0.47163904667579304,0.3153474935282637,0.27187824985415654,0.33617099464742495,0.2524291046791552,0.2510814272667479,0.4192816157198303,0.37239750839470576,0.1595272934260753,0.15651062805988517,1242,False,0.3141211641923223,0.3151284186159079,0.3141211641923223,0.1293773403243752
1583,0.44266950332783866,0.39789265941939983,0.20417431228684688,0.3580003849649961,0.21549261544007978,0.20996577934297347,0.352468245103868,0.39508501098103965,0.21463066902171946,0.24281405925778274,1192,False,0.28572741586103273,0.2384951910409918,0.28572741586103273,0.20264069144471125
1584,0.4466970072093443,0.42069368602933493,0.19231741974740177,0.3723041297754211,0.24116091222054326,0.1959412074760048,0.35590839481918735,0.3409646880920806,0.20266425115697873,0.25948064706913304,1288,False,0.29127469434018943,0.25437958746194256,0.29127469434018943,0.19865281961783907
1585,0.3929572832763885,0.4079194675230285,0.19990192242850247,0.3935416177169499,0.251500726664855,0.2130032637185359,0.39215898199550275,0.36415579349665544,0.22110037051952758,0.20110695975372295,1268,False,0.28109335598713514,0.20801754509452602,0.28109335598713514,-0.03072926523980477
1586,0.4213460831226116,0.39944044973009113,0.2004142213396326,0.36961296597598803,0.23239101708145202,0.202028948038219,0.3732705596253204,0.38636612662354736,0.2275462012840854,0.22567000632435846,1192,False,0.28025940880242545,0.22093186178297902,0.28025940880242545,0.04152252582753222
1587,0.41197458437155504,0.4120369588099451,0.1956315074257143,0.3785689865745344,0.24244566731275824,0.19254312563907613,0.3876072850255741,0.35868395970744604,0.2435364824059414,0.21180169183518427,1268,False,0.28390988036466486,0.21949383317086898,0.28390988036466486,-0.015259898887846816
1588,0.4410862970616865,0.4151246314534776,0.18071226994724796,0.3472815028661437,0.21905394692326136,0.2284699934370326,0.35479871273957514,0.3950007501484197,0.21960137732313886,0.22256998561598448,1192,False,0.29604821323940833,0.2603740271144386,0.29604821323940833,0.19042665873903597
1589,0.44845692805768217,0.3800516400121123,0.22192295955101843,0.36445912965232397,0.2044152199071993,0.19116481955430495,0.3728981502939719,0.3811307114562955,0.24085167395411466,0.22740740647365246,1192,False,0.28620800390058493,0.25729210850337725,0.28620800390058493,0.15795503233118452
1590,0.4394199888007608,0.4013615374438538,0.19148807625795985,0.35064472653430767,0.21785828002170513,0.21077311551111397,0.34952541810212767,0.3997757820875678,0.23719312572593462,0.23677578629716675,1192,False,0.2839259328125907,0.24793191254280092,0.2839259328125907,0.19051716801642452
1591,0.4364892783967206,0.420961498850415,0.20412686981485356,0.35110576487187733,0.2418155281152127,0.20354827092191496,0.3518757465326689,0.3623676819108517,0.20719525783484274,0.2633668320614637,1288,False,0.274828961689997,0.23294100747480562,0.274828961689997,0.19534050540253126
1592,0.40465090962688965,0.410265159790919,0.21243350344808418,0.35851262399447287,0.2442779071678763,0.17805707658252437,0.41409225048908066,0.3697369111288546,0.2305890139843187,0.20385229422629025,1107,False,0.2930764268219073,0.2360351739065563,0.2930764268219073,-0.005721892737935001
1593,0.4410324010209456,0.39497084442505626,0.17574487278738737,0.37141101211708666,0.21919918188830856,0.20277934233307227,0.3566549116880922,0.398837029504949,0.22092843525350875,0.23749786191519873,1192,False,0.30096743843025975,0.2652875282335582,0.30096743843025975,0.08024718083560524
1594,0.40742884526584233,0.40997919435349667,0.2131278069401964,0.3654892934110492,0.2571599763144943,0.19257718528784704,0.39960768155954596,0.35763116716444915,0.2341882206211242,0.20313840423564278,1107,False,0.2777190656192192,0.21740200906564963,0.2777190656192192,-0.00951918677575385
1595,0.4211089091976936,0.3960156373240933,0.1842838528668195,0.35932863163733997,0.22311045809683924,0.22596648168600328,0.37579631073858266,0.3850416860516178,0.23441470133586104,0.23977479209667268,1192,False,0.27253105108429915,0.2368250563308741,0.27253105108429915,0.00551898243093118
1596,0.4325423130010135,0.3954347319396973,0.18873822837377896,0.36749940017987665,0.22626959747360195,0.2204735122069381,0.37881332931370837,0.37738407455376266,0.22855821362520026,0.2188537336292521,1192,False,0.2842027948250883,0.24380408462723452,0.2842027948250883,0.07696704078960835
1597,0.43353956148498934,0.3936153406759402,0.1953539634728911,0.3790467678664106,0.21256277725481898,0.2109787257327687,0.3732161959682347,0.3784249332733292,0.18879117460217187,0.2596882078334147,1481,False,0.29442208275222626,0.24474838688281747,0.29442208275222626,-0.004853251869065787
1598,0.43433397916198135,0.40593296917863314,0.19969367156922918,0.36002565875820586,0.20492424905542445,0.21125902943338043,0.36499116978435603,0.3867152516466465,0.24207962860013355,0.2215451868629402,1192,False,0.2875944235168818,0.23464030759275217,0.2875944235168818,0.1212318930565799
1599,0.4241647685795277,0.39236338266437376,0.20910761565507435,0.36857300612209304,0.21172172102779216,0.21514098911705778,0.3706787460159935,0.39763831628799856,0.2330908751262318,0.21354418166863331,1192,False,0.28257755990671596,0.21505715292445332,0.28257755990671596,0.07993392485486325
1600,0.44958928769706935,0.3980631849969463,0.1800844285958946,0.35018933552216186,0.255788961908674,0.2114980909121539,0.37794377162610426,0.3484105195206948,0.2034491039754009,0.26185844071964526,1288,False,0.2816230224928953,0.2695048591011747,0.2816230224928953,0.11829936833652042
1601,0.4196869641455702,0.41109956687639587,0.19387623961505876,0.360527352378746,0.22514529320836194,0.19767353647216737,0.3733780247941075,0.39489889597481165,0.23492933747414718,0.21674574740280841,1192,False,0.2914607025217995,0.22581072453051146,0.2914607025217995,0.050210361985861256
1602,0.4232776303486114,0.4075315301284158,0.2082738287325381,0.3924043268485513,0.23394663248056594,0.19108921938248186,0.39095037173630376,0.34346657023225613,0.22848317075623037,0.20768438114936236,1107,False,0.2923850427707036,0.23218841096612952,0.2923850427707036,0.08607967590011201
1603,0.39143911867003706,0.41928346121672805,0.2166662110448217,0.36157340319902037,0.2602258350371758,0.1867376541943666,0.4004976499622106,0.370990311225104,0.23607577126507928,0.19221039897502798,1107,False,0.28293967297417016,0.23254580702236144,0.28293967297417016,-0.06500065776346382
1604,0.48099469546986195,0.3295127861353913,0.2640331090192985,0.31549830026687337,0.25644914071708397,0.24742630142104471,0.3964509234974655,0.38158069315244847,0.1701666663846417,0.17914512465282711,1242,False,0.29864498687238705,0.3108280290852202,0.29864498687238705,0.3807484815830874
1605,0.47182627668834204,0.3078347866075971,0.27584686042632256,0.30581651158787,0.2563219802328879,0.24249043996472924,0.3911401496770142,0.41044886445271717,0.1790950245833579,0.186991961695271,1375,True,0.29162134577766,0.29273125210498413,0.29162134577766,0.466173395338681
1606,0.42285023850938197,0.4203281950974437,0.20898077392577774,0.36728133302179106,0.20375700191208052,0.19589198035693148,0.36718037498232453,0.39231156024816305,0.23111998882589888,0.20956269141727285,1192,False,0.3007485545486983,0.2269582581524505,0.3007485545486983,0.09121148026643743
1607,0.44652943811288903,0.4067044197966745,0.2066219951331982,0.3606748320032686,0.2398698900691215,0.21339303124829118,0.3529976274122492,0.3473776588570587,0.2138051396939172,0.2614548564565176,1288,False,0.2671550668540074,0.23990744297969083,0.2671550668540074,0.2869274014409634
1608,0.40543176298407074,0.3983926276271903,0.19590295704176275,0.39343807102470657,0.23040151148039725,0.22496077725660402,0.40017579617660365,0.3637974269889321,0.21952627576505393,0.198402838259978,1268,False,0.28876937830787996,0.209528805942308,0.28876937830787996,0.0003309352243082091
1609,0.44178702800352554,0.43444465432823026,0.19456821531728552,0.35405900585570044,0.23127786832306643,0.18928132982246176,0.3756695502237041,0.3409855786833107,0.20925022603271506,0.24973223069664058,1288,False,0.29885885965412745,0.2525056981810638,0.29885885965412745,0.2413593773844716
1610,0.48649016253593524,0.3172553041713082,0.27781208434680893,0.31331789879557037,0.26349572951255923,0.22540159697978202,0.40186726180858895,0.38992758814362694,0.14977909009291637,0.17640368047647872,1375,False,0.31863200674029923,0.3367110724430189,0.31863200674029923,0.29794638811074886
1611,0.48344351585604733,0.32489540004933876,0.28247416080926835,0.323255318542743,0.27122252293009314,0.24517659966418567,0.3966723226270708,0.37736730562522997,0.15677706801137709,0.13576600309927153,1242,False,0.3232630667736112,0.34767751275677583,0.3232630667736112,0.011091316764391958
1612,0.485586017801691,0.3223537436159118,0.26013363485093577,0.31580734886871353,0.27064431289077995,0.24575322910827846,0.38987770636854346,0.3886920132317891,0.15963098007166315,0.17515519724738923,1242,False,0.30661113607985996,0.3259550377300278,0.30661113607985996,0.33643392306718123
1613,0.4866953383168022,0.32960480310498086,0.2633464550582392,0.3130429101996616,0.23740608420372997,0.23375873784841888,0.3954300545006194,0.3993984906233824,0.1570376041831891,0.18865687009270682,1375,False,0.3160141228765294,0.3296577341336131,0.3160141228765294,0.41608568778656224
1614,0.4411625767772298,0.40036015970322963,0.20000389429517476,0.353680994482641,0.21497602969644122,0.22118200647195982,0.3611814965485085,0.37930927844193074,0.2248591674098178,0.2448879317602481,1192,False,0.2762625882465807,0.24115868248205505,0.2762625882465807,0.196872125094658
1615,0.42878066144805876,0.3773657547388821,0.20359380439005434,0.35669498111625375,0.22318131088397794,0.24251390800977365,0.3652825680323504,0.40030018235061593,0.23048855306660956,0.22280266623164666,1386,False,0.26528361260324773,0.22518685705800442,0.26528361260324773,0.13900975204478772
1616,0.43955090878446695,0.36980836390243177,0.19928522090331716,0.3554412364850605,0.2284685060742233,0.22805108357253223,0.3669840874724649,0.38695381039287613,0.2443844809612143,0.23589022733764087,1386,True,0.260698107813646,0.2402656878811498,0.260698107813646,0.19335173410282333
1617,0.43630602169376737,0.4122082833743647,0.18624678839261707,0.36536997159696666,0.21753711629315173,0.2029100597753311,0.3619827821530933,0.3848156615643075,0.23054878641644191,0.2253354033840496,1192,False,0.29651633184425963,0.2500592333011503,0.29651633184425963,0.1150380676854432
1618,0.4318896385675198,0.3847157577538209,0.19404125919721707,0.36058839397234543,0.20899119610800948,0.2360091267608002,0.3649865763964233,0.3961587639243157,0.24538245456708374,0.2191848113749688,1386,False,0.27586803504853347,0.2378483793703027,0.27586803504853347,0.0830548167793664
1619,0.48529261138558294,0.3292825512704225,0.27378393084061275,0.307173300167119,0.24106033603758428,0.2341264116952181,0.3845919466091862,0.40066409024534233,0.16651795614372789,0.19404853787240772,1375,False,0.30359764782437154,0.31877465524185505,0.30359764782437154,0.48424884140531527
1620,0.4213279928752588,0.3772701691977268,0.19383171216059453,0.3565432050128509,0.24160494796705012,0.2063987373806478,0.36179462550349545,0.4046792733136085,0.24776471098584837,0.24173279710467244,1386,False,0.26295634603793167,0.22749628071466427,0.26295634603793167,0.0368545676952132
1621,0.44796170794143997,0.38923375953186423,0.20808912012847483,0.3487449534581625,0.21646986288320788,0.2140690823205115,0.35287849433420493,0.38762218548153377,0.24628332824941362,0.23407012287691675,1386,False,0.2718558779349095,0.23987258781296514,0.2718558779349095,0.28051051905339935
1622,0.42651105320568194,0.40818480473690344,0.18405523197358864,0.3559383398352656,0.24369637056138885,0.20123801832171825,0.3580846078966651,0.3989969638907529,0.2281842745638308,0.22700037155503644,1192,False,0.2871661085016252,0.2424558212320933,0.2871661085016252,0.06524597441302334
1623,0.3909360959990606,0.4110541787378193,0.197365364367112,0.38075899482819264,0.2435061613027119,0.2105023037581962,0.40256319515600253,0.3674762788820566,0.22345058170395285,0.2089027458266494,1268,False,0.28202609911407034,0.2136888143707073,0.28202609911407034,-0.0005017158958688174
1624,0.4471901380545881,0.42961944048222017,0.2147031561157607,0.33880654065358784,0.23294180631252667,0.18786802638167235,0.35898447806051936,0.36024875952741614,0.2002503450071359,0.2574010376458348,1288,False,0.29140344284153225,0.25932211167291574,0.29140344284153225,0.2736360439394267
1625,0.4276699704252588,0.3838546613315848,0.2133154422841976,0.37147004343694373,0.22428595311887278,0.21354657532411578,0.3623615307247773,0.39541903989816024,0.22166972083233383,0.23141874272917876,1386,False,0.27233346803168873,0.21435452814106118,0.27233346803168873,0.11998947607638724
1626,0.4261753267258101,0.3952077709368609,0.17813793206379783,0.3650101022448291,0.21745741247094166,0.20603553661743612,0.34585173900920557,0.41719022116081195,0.24933461689772207,0.2272722713427555,1474,False,0.2917730394810068,0.24803739466201227,0.2917730394810068,0.06922293428090108
1627,0.42215983473914653,0.39708286427203776,0.2154156082136442,0.37573851211308607,0.2177304239562339,0.23183721844880054,0.3561214767261158,0.36619636977825876,0.21414739614780262,0.2618903033944446,1488,True,0.25641488323459577,0.2080124385913439,0.25641488323459577,0.07731867630125823
1628,0.49121337111442165,0.3117471951719112,0.27727931353133567,0.3140635991896964,0.28824790090796354,0.24952167757742305,0.36576448024039515,0.3884191447985761,0.15025535479432153,0.18282688434037003,1398,True,0.3006699118759354,0.34095801632010014,0.3006699118759354,0.33554108519626397
1629,0.39633059613051186,0.413673909883216,0.21078726661789027,0.3606834866412457,0.24059082977789045,0.19982306427477953,0.4127203796561846,0.3547017681015841,0.2445245576730216,0.2086029380817546,1359,False,0.2753048348029441,0.21385084560843648,0.2753048348029441,0.06943892448891663
1630,0.43791145979411134,0.416632598409074,0.20506301981364225,0.3627195262242865,0.21475642884032414,0.18562157142834415,0.3571872215111814,0.39200791162456755,0.22637823884838873,0.21899502735319035,1192,False,0.3028349336867004,0.25228988836576716,0.3028349336867004,0.14760952825649665
1631,0.44081753883871366,0.3804397299769204,0.21807344401629278,0.3642394769990691,0.21467378784425215,0.20133718524917654,0.35801557774480036,0.3999641954518978,0.23922898898287298,0.22072736043574098,1386,False,0.28090103081419754,0.23948035358953712,0.28090103081419754,0.18249799244013995
1632,0.43799911484972986,0.41669751634337115,0.19919247317854605,0.36750701265689456,0.2416021461526854,0.19762607360930695,0.35635684020062874,0.3535202532181532,0.21751861422834817,0.2511416592608625,1288,False,0.27904366638749506,0.2403730412404229,0.27904366638749506,0.1751461964953116
1633,0.4781710416005144,0.30012887105932173,0.28214777038838496,0.30969664800066615,0.2496971689344943,0.24624937902048213,0.39594494028495075,0.40369413134921683,0.16857804531590664,0.18603333030909472,1375,False,0.29961378402038796,0.30959299628460774,0.29961378402038796,0.44446983098523135
1634,0.4741589829116137,0.32348556360910347,0.26757571421977044,0.3023118625938347,0.25104012030505546,0.2594631430609782,0.4196934947145693,0.3716845732404239,0.17078918843234933,0.1836786894815722,1375,False,0.2958538879298382,0.3033697944792644,0.2958538879298382,0.4215309205046901
1635,0.4319257547070585,0.4090315234005233,0.2001799263826912,0.3669389495371243,0.2058194385136884,0.21840984237314026,0.3675036497448171,0.3706443722463535,0.22914680031394893,0.23750414692815652,1192,False,0.28136545316202394,0.23174582832436733,0.28136545316202394,0.12405696847250196
1636,0.4365268975541221,0.3906865901954343,0.20217721928591592,0.3522685147892143,0.21804189659344717,0.21762104236540458,0.35765390317089146,0.3999486899696197,0.23585361462591653,0.23116257936587012,1386,False,0.27587609423591897,0.23434967826820619,0.27587609423591897,0.19257198144453339
1637,0.4288774962063168,0.4090195747812367,0.22991932861787528,0.3725269339971372,0.19107398526826036,0.18862536420710982,0.3405919928897311,0.3854854897206935,0.22242359281709206,0.26639228132990184,1488,False,0.28379202285785493,0.240252131999207,0.28379202285785493,0.02688512996468581
1638,0.4252650881777397,0.3835519685988786,0.20793295912244075,0.36389464249309994,0.22091884375255627,0.2183622696749136,0.37331655883903914,0.3896870982254332,0.22871222951865544,0.2374116213157815,1386,False,0.26759930077746386,0.21733212905529897,0.26759930077746386,0.0930148049393015
1639,0.4932911006619368,0.3106066151904573,0.28962301056205264,0.32435099531569,0.2652502600789803,0.24391575958690231,0.3765257074510022,0.3884772068755125,0.14616298382305468,0.16492422344276267,1398,False,0.3172619889752729,0.3471281168388821,0.3172619889752729,0.23928608238340407
1640,0.4167961921818147,0.4132662795816109,0.19601486166159876,0.38430909687756415,0.23884146566563957,0.1973726850411741,0.39897978434260456,0.36759820930009734,0.20597986558597878,0.19140106861051828,1268,False,0.30976601510190904,0.2253951235712964,0.30976601510190904,0.010677432404101878
1641,0.39956455341808167,0.4232408395939781,0.19908994228287888,0.37211775373065253,0.2422876977208558,0.21077018815960605,0.38674131024866887,0.3699835745467118,0.21611567030160664,0.21637204410691777,1403,False,0.2822864798944068,0.22415089731109925,0.2822864798944068,0.04697129252408546
1642,0.42109885333177727,0.38053136786141,0.21328362311318788,0.3517875261276712,0.22280751273194077,0.20395879556625243,0.3600780832229675,0.4141148939668013,0.24938442215579976,0.23247564800124232,1386,False,0.2670463381886236,0.21714005776552484,0.2670463381886236,0.1340591408238267
1643,0.49170083865043446,0.3237924150492537,0.26863621762561696,0.3113497336522476,0.25741759260201313,0.2522579160219366,0.3718945791319144,0.3920271225638572,0.15442154609247447,0.19634142016846579,1375,False,0.30014309467377875,0.33727929255795996,0.30014309467377875,0.46937201178676324
1644,0.43183480714983097,0.4073501257173527,0.19132009907519956,0.36397906708391914,0.21761850917499836,0.20452218482748746,0.35918895086149166,0.3850335689785509,0.23191281467648278,0.24137561586008469,1192,False,0.28468239169668796,0.2405147080746314,0.28468239169668796,0.09532709306841974
1645,0.4517922888143728,0.3983868698915129,0.17848922552644073,0.3684354661750058,0.22150623034490907,0.18777212525389125,0.35339603810453263,0.3860372924407996,0.23189315030320745,0.23991075035680695,1192,False,0.3024729630285201,0.2733030632879321,0.3024729630285201,0.12103876249317855
1646,0.43196673372030037,0.41988535083804474,0.20373184505151662,0.36443521185148514,0.21301242906013268,0.20317485999168539,0.3454479903229345,0.38925635580712364,0.23938820653623286,0.21901024664505042,1192,False,0.28999417124628035,0.22879187372861498,0.28999417124628035,0.18375950434014815
1647,0.3899986008036825,0.4171400650581803,0.2113127546301987,0.3717875330350782,0.25126274102322077,0.1874590967675961,0.38832196705526284,0.3778703285653619,0.24277461566298775,0.20055642647199112,1107,False,0.27981047795052466,0.2296809682905842,0.27981047795052466,-0.07561727383993057
1648,0.4350243173865879,0.3681816005971014,0.2238370327318202,0.3395500065245364,0.22833410403142118,0.23173955549312722,0.38383912788054586,0.37376750987868507,0.25130657249260063,0.23188277761859996,1616,True,0.2448801878310073,0.21118728465476772,0.2448801878310073,0.28036258126483354
1649,0.38358143827943514,0.43793726734985633,0.2261312906661547,0.35783468287854,0.2533358547773802,0.20880826842468503,0.39544943330552607,0.35076507975377574,0.23127821622461728,0.20300062100845365,1268,False,0.26869738039374064,0.23493664634140268,0.26869738039374064,0.17430591988902794
1650,0.4351813968418953,0.3972031838248648,0.19462081830185915,0.3628314919770764,0.21222492686052108,0.21747074537971484,0.36336570511830657,0.394560724560433,0.23342300268977564,0.22088636044780935,1386,False,0.28730007205312386,0.24056057854003612,0.28730007205312386,0.1251632113119614
1651,0.43091758844064987,0.3859548773773137,0.19734456052490096,0.3683724453170746,0.21006151028787773,0.21350717154557391,0.35364697006941254,0.4103732878576281,0.2417000578721561,0.2215925254965413,1386,False,0.285419845283956,0.2335730279157489,0.285419845283956,0.12629145957756902
1652,0.4213617618846535,0.3910770922740091,0.18066101120917796,0.3691498074708126,0.22856718063416645,0.23772026164577148,0.37508572513123006,0.3795768207413818,0.24642902803313352,0.21529975251822622,1572,False,0.2724301057147078,0.24070075067547556,0.2724301057147078,-0.04747313072581739
1653,0.4405837182379116,0.41701407485173425,0.20868560305496175,0.3584056527988734,0.20231462248936607,0.1960924859269407,0.3542305390757367,0.39054629612811637,0.21633466664237003,0.2362014267189012,1192,False,0.29954225845782,0.2444912323109709,0.29954225845782,0.18533265413288866
1654,0.48127516799023023,0.31785284378386985,0.26166422343235435,0.32325959434642687,0.24730981187297735,0.2429509788810166,0.40501883385045345,0.3881178127723881,0.17076164324594728,0.17423059104605487,1375,False,0.30783876887827605,0.31051352474428295,0.30783876887827605,0.39122073934942303
1655,0.4701293292296937,0.31084182459487614,0.28037070670921477,0.3479940134820914,0.282440723446045,0.2203225615749749,0.3700151491627601,0.39271358271693846,0.1692052923626988,0.18592421643515022,1398,False,0.28928650283798013,0.30092403686699487,0.28928650283798013,0.1916638404143438
1656,0.4277203552258027,0.3954936075829418,0.19787939337474922,0.35503811315275463,0.22789865550626767,0.20429650619030434,0.3519644068694194,0.40454274439578747,0.24292041751459828,0.23497409082344045,1386,False,0.2749721078797809,0.2298409618510535,0.2749721078797809,0.12526735559637123
1657,0.4432061599855979,0.411170298501111,0.19131209476353966,0.35541036227273454,0.22725612193208422,0.2132186823849015,0.35637417303900326,0.37405927325789085,0.23109412566434906,0.23271335298622048,1192,False,0.2828113040091215,0.25189406522205826,0.2828113040091215,0.2169235038065023
1658,0.4849458539577194,0.32793623946514566,0.2843491637290154,0.30279400787034144,0.2641521260917182,0.24425566625317413,0.38947759902449464,0.3809702074936089,0.15035402086237204,0.18939925162062868,1375,False,0.3014102540860593,0.33459183309534735,0.3014102540860593,0.3078136747819186
1659,0.4867711030887714,0.32164935526708116,0.26020409474505724,0.3184301077203983,0.25006655838105923,0.24278857406677376,0.3938533172659984,0.3872367173510849,0.17045560578385757,0.18677334226744055,1375,False,0.3018352426657364,0.3163154973049138,0.3018352426657364,0.49901133110382023
1660,0.4112971355817547,0.42614387816424015,0.20509323273562993,0.36400897613627164,0.2569315325445842,0.20949623145545834,0.3820484003416258,0.3427127194783199,0.23822043530462375,0.21120095890256768,1268,False,0.2698349709752993,0.22105064542861022,0.2698349709752993,0.12832924643074578
1661,0.4414799900104506,0.3971036541007606,0.1925152934271553,0.36980433380575245,0.2126209229298583,0.20720786846687786,0.3456383904103275,0.39706152782315746,0.24245141144582172,0.22257026863089996,1406,False,0.29092564094733425,0.2489646965832953,0.29092564094733425,0.16151021893072312
1662,0.41874483212094527,0.4079796135488835,0.20821832286020087,0.3528244216576893,0.22166811221206428,0.2252556577976816,0.3516557645756109,0.4071028509284102,0.22168765762883672,0.22792250684810358,1386,False,0.27459066447203606,0.2105265092607444,0.27459066447203606,0.17977175583466318
1663,0.4775992047312029,0.3114322233762803,0.2715573255949651,0.30760226781080524,0.2529014427143657,0.2567872793785396,0.3993404616526954,0.40295238803900335,0.14460065084288323,0.18410542494788237,1375,False,0.31147719100565974,0.33299855388831967,0.31147719100565974,0.24533573607753517
1664,0.41123432111294517,0.42574841504441513,0.24478878114223526,0.37089940194575843,0.22814844612477647,0.21430215877806263,0.34146613813441057,0.3605708963051284,0.2109945369660994,0.251058535761647,1488,True,0.2553129062792545,0.21475387807831572,0.2553129062792545,0.20383198156926635
1665,0.4329616257916078,0.39996772698460753,0.2151283858308603,0.37330830484209854,0.20901039688868367,0.21428979742015294,0.36309242834249633,0.37870942569184673,0.23079415805330517,0.2209126248167209,1192,False,0.28015976376713736,0.22395122890292413,0.28015976376713736,0.13705032622132324
1666,0.4297024300912565,0.4150674573310663,0.22240545334691417,0.3705695487832871,0.20093145479481161,0.20975811814853457,0.34885294734383154,0.37063321518700365,0.21013104630393042,0.26209639052876016,1488,False,0.2779236227375555,0.2287709752964449,0.2779236227375555,0.11839735192605538
1667,0.452358902905237,0.3860924389697346,0.19684229384190868,0.37717839076242965,0.20070645459217332,0.19291099406556309,0.35841383797302606,0.39071931245406255,0.24014070192680398,0.22137360905568684,1192,False,0.3033941920847572,0.25944790883967395,0.3033941920847572,0.1562296688615918
1668,0.43110009596351695,0.4323761866269027,0.17597516917323935,0.36626323486442325,0.22580928696157296,0.20915760721863771,0.3514597762534075,0.3798122719975812,0.23918813108533082,0.20581177334557202,1192,False,0.3031683490333167,0.25640101745366334,0.3031683490333167,0.12897606762016178
1669,0.3868959786821868,0.41983008071935096,0.2007801895572569,0.37128443629763436,0.24412935104785075,0.2128799447120476,0.40660150031806724,0.36680581625623615,0.2218921062310743,0.20460934298222558,1268,False,0.28292968992461204,0.21904989116209406,0.28292968992461204,0.04281224398258571
1670,0.4191796607941014,0.40991286213561867,0.22970459320002892,0.362580659769704,0.21094477142517204,0.23846522254810268,0.34627082972510875,0.36749303477379147,0.2158918197681405,0.26287576444206995,1488,True,0.2501735673943971,0.20823488936892937,0.2501735673943971,0.13895381358046024
1671,0.4193905793792674,0.38429850614256644,0.20694729506767093,0.3703183138732056,0.2428340137791314,0.21833873890699382,0.35387494389361507,0.3992665690438867,0.2359780741540728,0.22247759408525572,1386,False,0.26202092570623436,0.21244328431159645,0.26202092570623436,0.09169243581286382
1672,0.4211324520926981,0.39791898522664876,0.2015376272692935,0.36309488988258126,0.22047025046373794,0.2445835665707945,0.34003531495414135,0.39816213911797155,0.23434273425923383,0.23313247480202395,1386,True,0.26119192849531386,0.21959482482340462,0.26119192849531386,0.145002522759582
1673,0.4173800339128117,0.4080053855537125,0.2405779678391562,0.3525947448130611,0.20920703121753817,0.20952766880475082,0.352421467646216,0.3901618819620939,0.21394294853535079,0.25933858918983854,1488,False,0.2627042255979369,0.20817300269527353,0.2627042255979369,0.0877292175990742
1674,0.44419576096370905,0.3828475756825955,0.204103674241746,0.3609693342443352,0.2265735295635718,0.22649627508853834,0.35137895058627633,0.4013327393293416,0.224407677226308,0.21594124787395516,1386,False,0.2800786066778096,0.24009208672196306,0.2800786066778096,0.24367598202497437
1675,0.40554043247766147,0.4103187419488363,0.2258158304580779,0.3610258326761761,0.20976940906787042,0.21693294133450072,0.3586759348421524,0.38831021690930445,0.22076422888226632,0.25808883146043343,1488,False,0.2601827096098601,0.20054933288096585,0.2601827096098601,0.05339745099790301
1676,0.43163669717714886,0.39518227241239956,0.1964873242150835,0.35650880091217074,0.208877943663444,0.22103088257455952,0.3600668086703421,0.39529587855399884,0.22456348305394017,0.25098724446879733,1386,False,0.27736635723750985,0.23514937296206537,0.27736635723750985,0.1049750603674164
1677,0.42456407268396745,0.3909806333847228,0.20195719801123455,0.3312899880913637,0.23063950193353144,0.2234604175097071,0.3413762918567216,0.4241620615485251,0.24206545896673096,0.24117146368607595,1386,True,0.26449247338323206,0.2226068746727329,0.26449247338323206,0.3146852860750867
1678,0.4301585151797493,0.40763284683739415,0.18749553463621865,0.3552647596400328,0.22499443770442376,0.2128408293726363,0.3661368842077315,0.38882676265731814,0.2245930140687492,0.23626951156808268,1192,False,0.284596454908551,0.24266298054353064,0.284596454908551,0.10069859123895923
1679,0.4565326047623775,0.32543294225757824,0.29575461265169,0.2946665187174971,0.24241417890665784,0.26302621203620175,0.39323251524368374,0.4083069547388102,0.16439778996371154,0.18722125064640716,1375,True,0.2881603762878893,0.292134814798666,0.2881603762878893,0.16286312887835455
1680,0.4188422205736288,0.41701170755464273,0.2243761226992996,0.3838249663101583,0.21884915318906814,0.20701770657923194,0.33559340001039334,0.36113035801269927,0.23453922127572588,0.253393342872914,1488,True,0.2609887353197577,0.21182451399439686,0.2609887353197577,0.19320949356094355
1681,0.4357902407215944,0.39292186418332115,0.20089507980233617,0.36499414635468397,0.20978448029303315,0.21255227089011847,0.358529249085408,0.401619935020775,0.23156323839613568,0.22241490667632674,1386,False,0.28807275572176294,0.23489516091925822,0.28807275572176294,0.14715298910297805
1682,0.4028246393192295,0.41776983284947583,0.22172456326423093,0.34298628005222137,0.24157429931592392,0.20499391107740544,0.4070210434349663,0.3702710480462496,0.2297214472215003,0.20119626899371335,1359,False,0.2779972622835793,0.21657356385576249,0.2779972622835793,0.11009328110253057
1683,0.4077277005295094,0.41140242293921914,0.2078261233819079,0.35807887644940684,0.23119424433150576,0.19818069277569575,0.41964628223414036,0.35355807417531737,0.23254781755591095,0.21256251372914803,1359,False,0.28624544699890864,0.2214655894584446,0.28624544699890864,0.12649758145788553
1684,0.47453846196273186,0.3218827983858852,0.28588394779239196,0.31197046746670093,0.26420723814730457,0.27072643791219125,0.40211401391306323,0.3532877784940459,0.15647823250195622,0.19508425693797476,1499,True,0.282409612565027,0.3180602294607756,0.282409612565027,0.25940682776867136
1685,0.4303578485998047,0.38422675458635314,0.21551823338918277,0.35671096403764563,0.20632090800069056,0.22193034634972375,0.34560222415113856,0.4084759471248579,0.23058307092909994,0.2493745323699465,1386,False,0.2675431042466639,0.22403694059911414,0.2675431042466639,0.19405755043154777
1686,0.3960623843194927,0.4028645259272426,0.2124101478672235,0.35885411863606803,0.25159378528755055,0.2077265566956413,0.41777554322043886,0.36601993217969936,0.23511779689347978,0.19158100966321773,1359,False,0.2780854435944299,0.22619453355722113,0.2780854435944299,0.012701205370343206
1687,0.4316975043689969,0.38164641117966897,0.20396265544312459,0.3595521424868816,0.21491855375560878,0.2242542995253352,0.3580122552339512,0.4117941530029647,0.23189741575451642,0.2215878769025689,1386,False,0.27886051304155834,0.2277348489258723,0.27886051304155834,0.1776935834599841
1688,0.4098522749413471,0.39482705730298734,0.21556620752997221,0.37709813907546413,0.21951162321067205,0.1831539732775586,0.40362499221306447,0.3804300466658845,0.24264730523497952,0.1980209864860074,1268,False,0.29494258839970044,0.22669830166378846,0.29494258839970044,-0.04981472747720699
1689,0.42927566067943923,0.3813871227958864,0.19307783364859996,0.35832675160333827,0.24002326277210564,0.2069133331619405,0.36732854137065357,0.4089819502606841,0.22852137649729826,0.2230389032881334,1386,False,0.28162345973677194,0.23619782703083927,0.28162345973677194,0.09884891075828253
1690,0.4162465162004122,0.3989144470269948,0.19954330862132955,0.36635132069349774,0.23065602475454333,0.2128060917511438,0.3547381399814156,0.4082247069625193,0.23439940098362802,0.21830484776841796,1386,False,0.2778818127100049,0.21670320757908265,0.2778818127100049,0.0919742428700506
1691,0.4247133982618779,0.41714141079875183,0.23447470739199416,0.3631682730260758,0.2300192117434836,0.2105881063411648,0.3318837945891907,0.37654466928353575,0.20654957213337444,0.2586316582819508,1488,True,0.26203278481129333,0.21816382612850344,0.26203278481129333,0.2065043390140618
1692,0.48501911689242255,0.3064139935796598,0.2652092924581359,0.3261247041456194,0.26581651609608453,0.2621664091890235,0.39100861790255825,0.3928126314735592,0.1524471370539003,0.15605880518425647,1398,False,0.3173124588990131,0.33257197983852227,0.3173124588990131,0.18088997072921956
1693,0.49108477252683386,0.31829778092112193,0.2815210857769422,0.3142252029872509,0.27948354528580277,0.2298643493917242,0.39545977434821433,0.3697253248180143,0.16473153550812225,0.1684050770807019,1398,False,0.3074718755466339,0.3263532370187116,0.3074718755466339,0.36461545381971017
1694,0.43391774656475296,0.3805846870155231,0.20694912739100507,0.3732696189761307,0.20933393941587958,0.2164646075878809,0.3738333698413826,0.38186304380525776,0.24154879871461574,0.22387120432467084,1386,False,0.27622526047257223,0.2269686191737479,0.27622526047257223,0.10237856987010714
1695,0.47005590961912935,0.3089231935850137,0.28186971071455563,0.33142045471515497,0.2520484715704304,0.2596067664486465,0.4169327742924144,0.36455008333523875,0.16569038298559519,0.17092905228701546,1499,False,0.2978295362595147,0.30436552663353417,0.2978295362595147,0.21858465696390159
1696,0.42150037469022683,0.39806394822269797,0.22316186327859952,0.37363560027992876,0.20749671122796284,0.20624471956060908,0.36686419542857057,0.3940138746031968,0.21094032441491592,0.233567735345093,1560,False,0.2831748047192713,0.21525565512961775,0.2831748047192713,0.0612628748833969
1697,0.4817738326462012,0.3174991467358595,0.27778928965258015,0.31894429394505247,0.2542369642118506,0.24453450615881353,0.3948344521053155,0.3902089474463119,0.14897148323625742,0.18279109711780714,1375,False,0.3087183678241908,0.3328023494099438,0.3087183678241908,0.2576040938076703
1698,0.3776453449961105,0.39203249061907464,0.21349812591766276,0.3724069524468758,0.24933691970473215,0.2182232307224862,0.42981585512150544,0.34324031399141347,0.24467413593549234,0.217289756977433,1360,True,0.2566082867449584,0.21631772920384268,0.2566082867449584,0.1602672707342271
1699,0.4805503320893199,0.33012818016586304,0.25450645707892877,0.301487866892961,0.24850316172310377,0.24062472673369265,0.4041819732661126,0.39630073570290436,0.16191134251066128,0.19527311244276252,1375,False,0.3067825993192876,0.31863898957865866,0.3067825993192876,0.45007028114405007
1700,0.39110909958305273,0.41839011822595246,0.2059423523779792,0.3798407623765274,0.23196769997295083,0.2269967104295687,0.39216459708599166,0.36037080389712306,0.2363001601277629,0.20114087194396976,1268,False,0.27324752804091174,0.2172492462819827,0.27324752804091174,0.036658047443836564
1701,0.4027311091050431,0.406508533187459,0.2346595395082593,0.37888995213038246,0.20494640206689527,0.22302414006653082,0.35296743477012626,0.37455555437930377,0.22084830318730367,0.26180360917933765,1488,True,0.25316989002636264,0.20156213112056373,0.25316989002636264,0.010834641409256572
1702,0.4329016434685434,0.38395374398785553,0.19423038770059817,0.35236777355912735,0.22462443059384665,0.2273069985421421,0.36865735850606723,0.3955799096943432,0.24654186186741564,0.21906161055111098,1386,False,0.27208481777151616,0.2386712557679452,0.27208481777151616,0.11759231536711874
1703,0.4865377998342129,0.30463389599694296,0.26611972358677105,0.3050030472988728,0.2479303097324846,0.24622905832100314,0.40632102080640264,0.40174091932932765,0.16070272384880732,0.1794895576011576,1375,False,0.31568301761657225,0.3258350759854056,0.31568301761657225,0.47293964673692196
1704,0.44168188343371556,0.4167932001726619,0.20639108002549586,0.3690320620654343,0.24441845104134904,0.21642643850969534,0.3493695646049597,0.3457377671156816,0.20625227058533396,0.24840314710259762,1288,False,0.2729201780535081,0.2354296128483816,0.2729201780535081,0.2786131266726111
1705,0.43004036939903967,0.3911894713621045,0.19893388001270648,0.35592152724947235,0.23271788796037327,0.22955413007818404,0.33912093683885625,0.3919274479085642,0.26017896338071606,0.22940208103007986,1386,True,0.2555913578168045,0.23110648938633319,0.2555913578168045,0.16764308305349518
1706,0.4255917111678638,0.4092387998438149,0.18775741043412048,0.38165165344235297,0.22666869683456298,0.21764543109607695,0.3399911649924021,0.38812225451856525,0.24101604891449366,0.21774899765073585,1443,False,0.2832386496744131,0.23783430073374334,0.2832386496744131,0.1041984365815344
1707,0.42842257842779546,0.3846258246799202,0.2041637995790679,0.34953683889333576,0.21976477150638501,0.2164760740897567,0.34558457994492614,0.42224802858638477,0.23284078088102406,0.23992256302776385,1386,False,0.27398412091811664,0.22425877884872755,0.27398412091811664,0.24463290867255463
1708,0.4063834413071243,0.41118830011562396,0.20988810883812098,0.3566328834963301,0.23140038142905298,0.22737969937837915,0.4031369860193247,0.36271289722278793,0.25151460814773974,0.17874370204774945,1359,False,0.2792483656956852,0.2324445980678745,0.2792483656956852,-0.022191759663660278
1709,0.41385448874734226,0.40939053545997517,0.2389191971898,0.3598876425581677,0.2081296417181281,0.2125133780743297,0.3643952295304644,0.3852322101491742,0.21351081060160246,0.24344992228498796,1488,False,0.2673276310029954,0.20572484702921418,0.2673276310029954,0.06982745856498206
1710,0.42444943938402113,0.4010570948604343,0.1807217345015645,0.3467680394387296,0.2412974520231467,0.22220551811869083,0.36181818488343204,0.3916920223216799,0.24236056044570226,0.23540184454175814,1386,False,0.26910928535526757,0.24372770488245663,0.26910928535526757,0.04302364520920037
1711,0.43076224642017896,0.39430799832666286,0.21222644156890844,0.36369656452192634,0.21707548891847622,0.232372024661347,0.33730883087687863,0.3803509712270829,0.21946814013547844,0.27188405065167204,1488,True,0.25501407538503623,0.21853580485127053,0.25501407538503623,0.15304137573638021
1712,0.4266101696815939,0.39516588026736826,0.19175682016350928,0.36952944939185517,0.2242597689912063,0.2174033187843445,0.3368673146271982,0.41480335011771335,0.23271367073844018,0.22643164898413773,1386,False,0.28311667925463896,0.2348533495180846,0.28311667925463896,0.16757827827540567
1713,0.42953220219020466,0.37949283436465353,0.1951781197522353,0.35642927188040485,0.2339920558361572,0.21002403185011875,0.3601555448646653,0.4080341880421656,0.2344514466901215,0.23731240918292995,1386,False,0.2728086436871503,0.23435408243796935,0.2728086436871503,0.12538645617320043
1714,0.43600917723265364,0.37554908936690473,0.21693535017382298,0.3612504434151368,0.22204077127766875,0.22056155594252363,0.37107119439280556,0.39164795490093396,0.2309627811601503,0.22118044123550637,1386,False,0.2697702041496241,0.21907382705883066,0.2697702041496241,0.181772499643546
1715,0.4283922790383043,0.3931942538412649,0.19280129803693027,0.35688756194506815,0.22875362086896622,0.20312997462732843,0.3594815725210745,0.40426327221636177,0.23951099798427347,0.23178857512239315,1386,False,0.2801275572020895,0.23559098100137402,0.2801275572020895,0.09320584901471715
1716,0.4739353306471385,0.3091943610737516,0.2668203107857962,0.3166417919180647,0.28909629979194956,0.26905721577613606,0.3814894538966289,0.38853700840858113,0.16084917444655675,0.1731846518473573,1398,True,0.2905428431676565,0.3130861562005818,0.2905428431676565,0.15582913310367433
1717,0.4198221466188292,0.4019985722247043,0.23540875642107084,0.37061758771857556,0.21532163690404643,0.22969738962217642,0.3410583969963475,0.3780335385051285,0.21337694914925878,0.2559055045688824,1488,True,0.25278750828000374,0.20644519746957044,0.25278750828000374,0.13333419731864238
1718,0.4239412268630546,0.3956648248868275,0.21319553447444248,0.36032511705987835,0.22818189559632815,0.2349534006726975,0.34284991834185274,0.3855909005891141,0.23761382907467324,0.24182604853861417,1386,True,0.24913048972890622,0.2107456923886121,0.24913048972890622,0.195349129278645
1719,0.48010036555604174,0.32038877901355356,0.2711307403062252,0.3143132981841697,0.2310002741850017,0.2369020147991865,0.39955309055547267,0.4040830044694384,0.1656999942085274,0.18623645045238302,1375,False,0.31093931053325524,0.3144003713475143,0.31093931053325524,0.4144335195084114
1720,0.44289731258347703,0.3928171547137534,0.20647734008452517,0.3455508086343206,0.2060149618241175,0.22380787025837534,0.3467936266325816,0.4128527586546222,0.2323762958851984,0.22417473135189403,1386,False,0.28509629236585926,0.23688235075935954,0.28509629236585926,0.2852401365486946
1721,0.47990409375303317,0.3040321537472044,0.27545712742549816,0.3424592083728717,0.24497607875649008,0.26016667511247843,0.39669885101938424,0.3688942532413635,0.17180755346896712,0.18284094161990191,1499,False,0.2922451928142255,0.3080965402840661,0.2922451928142255,0.38609424047295754
1722,0.43222216621011905,0.3870815467361609,0.20577447693826367,0.3560379243469841,0.20170934788903028,0.2325361177754805,0.3551298931954016,0.39568560918061035,0.2482187636969969,0.23492367309333698,1386,False,0.2672844949313878,0.23051281832108877,0.2672844949313878,0.1300492347069925
1723,0.47788501693341484,0.32403763325203566,0.26435056796730133,0.3032748241968047,0.26506421836538313,0.23199648340499132,0.384698339427573,0.4192305879013988,0.151970064677887,0.1839708513110479,1375,False,0.31390442085792297,0.3259149522555278,0.31390442085792297,0.3209783065552043
1724,0.4406082197782114,0.3865910520961802,0.2092839736743211,0.3651338235720583,0.21165633270593964,0.2076881753303416,0.36873057094058576,0.38635497256177853,0.23401511753117785,0.22662967369850517,1192,False,0.2818286735657309,0.23292004444786982,0.2818286735657309,0.1574104742810918
1725,0.41892988664650094,0.41780825562486773,0.22715978704535178,0.36324556968564137,0.2514239841675589,0.2164215610907339,0.3635008210231086,0.35388011300669064,0.22651615665783761,0.2183099549872608,1313,False,0.2577972467047245,0.20250832555576703,0.2577972467047245,0.18685724646044286
1726,0.482880888806583,0.3106846919720187,0.273139027181008,0.2893641630264329,0.29633983602232233,0.26191897051724283,0.3758852003026774,0.39975610520181437,0.15652137891234016,0.17306677135245593,1398,True,0.3004404267096039,0.3263595098942428,0.3004404267096039,0.2797576296992463
1727,0.4014109290029412,0.41238042318530643,0.19906046722452456,0.3591221453343974,0.25301603524759464,0.2307498479695373,0.40687908656620636,0.3533715752115463,0.22558308729531662,0.2040722196007438,1268,False,0.2715961241476064,0.21331995596078188,0.2715961241476064,0.05586774893578868
1728,0.3873746881260623,0.3956303667917248,0.22877676133849145,0.35479642244715676,0.26331531444336825,0.18646430729061686,0.4239939152185101,0.3450644986682788,0.2620541793085033,0.2087618786352209,1458,True,0.25897674466438547,0.23752960792789324,0.25897674466438547,-0.021826293703256124
1729,0.4453048433567037,0.3900703678467124,0.2181389008384865,0.3569909529961306,0.23197407942224044,0.21201824264831642,0.35246431132850925,0.38741574166617604,0.22946005289560079,0.22087080333426104,1386,False,0.27268552318610345,0.23328660070838725,0.27268552318610345,0.2711785191256906
1730,0.41689802000109055,0.40703845364698976,0.2320692736904256,0.38140603393188566,0.21479958027795165,0.20787680193352273,0.3625353470377208,0.36928920700473744,0.21904055987436985,0.23675354286528918,1488,False,0.26918573793438627,0.20902121806756782,0.26918573793438627,0.0837239040608399
1731,0.42464192865696354,0.39348566669318147,0.20968797772035502,0.36043976613882917,0.2338202798249417,0.22152206927045992,0.3485302530274072,0.3912963524549468,0.24052330372302883,0.23405299983942832,1386,False,0.25680849916620113,0.21495395093660852,0.25680849916620113,0.16159947511086314
1732,0.4137340292065045,0.39058499436373667,0.20536285102150614,0.36781709878767876,0.22620515562685267,0.21116991603575191,0.35433188054191234,0.4053727678755392,0.23555329308844963,0.24016488972202588,1386,False,0.2661256587742424,0.20837117818499834,0.2661256587742424,0.0763314254114872
1733,0.4286531724464067,0.3926242050434147,0.19456352467797158,0.35926899181752436,0.21814899962171735,0.21524821435357425,0.36817815020416367,0.4019791932586446,0.2442430434824452,0.21084508896439882,1386,False,0.2851076910744341,0.23408964776843513,0.2851076910744341,0.08205750638012892
1734,0.4225573325484415,0.40572159029733845,0.2364161823124356,0.36579983970318336,0.2018350956890373,0.2048494668477191,0.34533133806378546,0.39174238776078535,0.21410008963639612,0.2566666479516307,1488,False,0.27232384087280503,0.22072223685940423,0.27232384087280503,0.07812195412578066
1735,0.42915095825907085,0.39433432026535814,0.19264609565176588,0.351651762834014,0.2327475630508323,0.20766139527207705,0.34877971496936183,0.3977956149093503,0.24704711097619675,0.24767482585577913,1386,False,0.26708347589761083,0.23650486260730497,0.26708347589761083,0.10535846684866176
1736,0.4054279235576353,0.4119425148741413,0.21861116577224318,0.3623492520848259,0.21044930265222778,0.22531678885646605,0.36481381546922,0.3941998781265887,0.1923493252833878,0.25749999964190257,1488,False,0.27470554334554104,0.2195931895907535,0.27470554334554104,-0.005208081631110824
1737,0.39120310517664997,0.42730997700457973,0.2373465113453424,0.37079265862602606,0.2417513662753691,0.17809262869237344,0.38373701369671204,0.36386179146542985,0.2633465458708281,0.1771557005342052,1484,False,0.28416922942259504,0.2501542764703745,0.28416922942259504,-0.1610039552394673
1738,0.4737174948337965,0.32677822083444863,0.2687056079106399,0.3094182135260537,0.25920624185379165,0.2316764371672571,0.39466552366848795,0.4035978256564094,0.15827033395532333,0.19053075468404054,1375,False,0.3035716256047431,0.31544716087847313,0.3035716256047431,0.3052348750652133
1739,0.49196210671491997,0.29802023738503103,0.2791107097373438,0.33126027483103787,0.27735331590827933,0.2505758925010052,0.38577550400057076,0.37197473765644384,0.163910383016599,0.16659341927054905,1398,False,0.30360295082693867,0.328051723698321,0.30360295082693867,0.3643066987526017
1740,0.45026083744187234,0.38977238919593554,0.19284329274453946,0.35870037153621875,0.20165349116252496,0.20781305598543803,0.3492758471004461,0.4100216946854516,0.2326506399909649,0.22671578305258658,1406,False,0.30028211387858966,0.2574175446973329,0.30028211387858966,0.22708498417445305
1741,0.42263421471133755,0.3822676918416122,0.21046218949610923,0.3530787033009016,0.22923258401493113,0.21774107738714163,0.3571966775832934,0.40854966974855195,0.24587619999111948,0.22666422124175692,1386,False,0.2620467504654799,0.21217202521522832,0.2620467504654799,0.15958442141520593
1742,0.42743907129395226,0.3969085676216572,0.21088516361416393,0.35595969003981953,0.23643749850395124,0.2207809955132219,0.3666895991104198,0.3870727675262544,0.22340984560633817,0.22301140972025063,1386,False,0.26814077439750833,0.21655390767978833,0.26814077439750833,0.1427186251406746
1743,0.4299633804671167,0.38208913989066845,0.20566224721409185,0.3709393593320942,0.22825612547275556,0.22398450309020648,0.35795142625802306,0.3968338617440373,0.2244852570882977,0.22577982178840758,1386,False,0.2712474093912623,0.22430113325302484,0.2712474093912623,0.1398667845592005
1744,0.4217284192479626,0.394985852332099,0.20142062079468764,0.3646119005222724,0.22154789290824556,0.22742148907610085,0.35255878215442044,0.3884187825325341,0.24320264370582256,0.2397933243918176,1386,False,0.25963847982973604,0.22030779845327497,0.25963847982973604,0.09523243431782251
1745,0.4395248034976376,0.40284094218533334,0.19881721874388908,0.3650239313968489,0.22608964676612356,0.19690337919268933,0.3529665826117112,0.39186270543999124,0.2411123939659456,0.21354606401540133,1386,False,0.2906711710642628,0.2426214243049483,0.2906711710642628,0.14263620253878934
1746,0.4271302474910722,0.38853347987717246,0.20790110012682525,0.3568861064192127,0.21036545236519757,0.23078365787053265,0.35006692746712226,0.40710024953815627,0.24826826379030112,0.2204123597466168,1386,False,0.26948979951068636,0.21922914736424695,0.26948979951068636,0.15659179538492873
1747,0.420193549475737,0.4235868821151505,0.22754367814256923,0.36352650072088916,0.1933120746971969,0.219681435202363,0.345755134163595,0.3896909648462695,0.21006176559715653,0.24274017929572683,1488,False,0.2825008229223121,0.2302748074179536,0.2825008229223121,0.14095580867170984
1748,0.44665063825889106,0.38539216992404435,0.19078832692216915,0.36672928560785967,0.21581511219315996,0.2338938308959344,0.3538377836350025,0.37295822248476046,0.24037238870321292,0.24026057357006497,1386,False,0.270367870438474,0.2558623113367219,0.270367870438474,0.19476174310458566
1749,0.4969008088080686,0.3109276981876491,0.25877932930469727,0.3201442696604382,0.28571985275875084,0.23654300218634833,0.39395690446797016,0.37078754748660614,0.16545340601839184,0.17118923557804552,1398,False,0.30992671232591196,0.33144740278967677,0.30992671232591196,0.4746931328523649
1750,0.42315465276873643,0.41347090968419703,0.21860520177929055,0.35474946973879384,0.21918351027500935,0.2240351190054466,0.3440994482804064,0.38749474756319685,0.21105375426967846,0.2549766333385113,1488,False,0.26549921633495005,0.21210089849905797,0.26549921633495005,0.18336585027021393
1751,0.4227268970566519,0.41426813592922607,0.2319261969242966,0.3681648793474615,0.2177361648011687,0.2073110083984155,0.3490687085815323,0.3763499196233852,0.2100312790719696,0.24972081949344152,1488,False,0.2696585277265246,0.21541588865823638,0.2696585277265246,0.13414878200285366
1752,0.44325192651168493,0.4006322526530477,0.1762448644165406,0.36164033062565737,0.21711127509181996,0.19254327267113294,0.33427202178963816,0.4165147360063022,0.2377271432259442,0.23500813751565844,1406,False,0.3052552186195907,0.26700706209514435,0.3052552186195907,0.1618852517114016
1753,0.41084238153491315,0.40231222384569415,0.23580683038944986,0.3819344753352051,0.20352637474110655,0.22131211369561252,0.3500409170614861,0.3887055810019106,0.19442629905027298,0.2570025533060196,1488,False,0.2712886443650581,0.21641608248464017,0.2712886443650581,-0.018474033398821227
1754,0.446100519323945,0.37929950823273345,0.19247897217505547,0.36200647698913396,0.21323996873215462,0.2132627079358054,0.3477340742801995,0.38746176534474247,0.2631891553864406,0.24033926272679743,1406,False,0.27221647620656386,0.2536215471488895,0.27221647620656386,0.16009395150991923
1755,0.4159666020446487,0.4259548728256835,0.22655933980311402,0.3714810575459061,0.2146781060839375,0.22137560502031842,0.3333527009929401,0.3775471508928138,0.21290349832303224,0.24923743699007908,1488,False,0.26759564828401144,0.21305137450265127,0.26759564828401144,0.22028269801884176
1756,0.42812020370361514,0.40650669191852457,0.1991102577284697,0.37736458131214856,0.21381767581127148,0.19527394273926152,0.3599522932834128,0.3755003191226065,0.23799416897898812,0.24157648865981415,1192,False,0.2834791980019583,0.23284626096435362,0.2834791980019583,0.05673546376369842
1757,0.4103734618375728,0.4002778999854329,0.21607945790485672,0.36750755318526107,0.2354091675343929,0.2199407995108183,0.3553469612421771,0.3819555123570781,0.2373493364208185,0.23943992063546898,1386,True,0.2497170217644976,0.19429400393271606,0.2497170217644976,0.08966622648738976
1758,0.3983369528161604,0.4104424625672924,0.23958536755301185,0.35138831033965334,0.26147256875293345,0.19232094905857794,0.39979962796138124,0.34968725147632274,0.24372225171787087,0.21239835204483526,1458,True,0.25538416106732253,0.21812151350871445,0.25538416106732253,0.007636805857498526
1759,0.4924451180955436,0.3110268606743393,0.28372953322862865,0.30212884041551696,0.24684334619714934,0.22491664826127122,0.40653081212557396,0.38002816208199214,0.17652481265768408,0.19132946054477507,1375,False,0.3046769927786078,0.31592030543785954,0.3046769927786078,0.6434163360716906
1760,0.43798089646042393,0.3887806833601795,0.1957615749255821,0.3467641561216665,0.21343105432025963,0.21859437702485,0.3519148661501164,0.40797165844890526,0.2524016030403222,0.22611171452653808,1386,False,0.27841867792448594,0.24221932153484182,0.27841867792448594,0.19491473836376008
1761,0.43044019352346,0.41149724938583576,0.19144268483585175,0.35719964376391056,0.1979114923797265,0.20471799434065513,0.36094545637130254,0.38828939786088,0.2397424184615857,0.24808112436511554,1386,False,0.288947154113315,0.23899750868760827,0.288947154113315,0.06378937455263499
1762,0.4184590379886332,0.39529940350312875,0.21311816653124913,0.35930615391024134,0.22955877250021992,0.1817726666786918,0.36374839959053046,0.4050715056299529,0.24704007372947537,0.22571441398976377,1386,False,0.27912650599940864,0.2366863713099414,0.27912650599940864,0.007570926192026223
1763,0.42303833489470744,0.4029286054808945,0.22873544547581212,0.3708341506309282,0.21816783073920493,0.22095564460619582,0.3423521227856028,0.38052962380419464,0.2129639675926553,0.25508667838518956,1488,False,0.25975696371812207,0.21007436730205215,0.25975696371812207,0.14155387279846743
1764,0.4075749129290641,0.3970133702566489,0.20767678145428456,0.3874353772256769,0.24146620591743764,0.21735826463524913,0.3904379248689162,0.35617049416933183,0.23533227671916318,0.20687251809533258,1268,False,0.2696185158009426,0.20070239483373153,0.2696185158009426,0.019401350070606095
1765,0.444249302960517,0.3827532471889513,0.20628397709103488,0.3587032198085719,0.22011176943437477,0.2221498130859102,0.3559341135692699,0.39278286154890185,0.22776420486617455,0.23297574216006847,1386,False,0.27384279853060844,0.23796532586948213,0.27384279853060844,0.2434357298035485
1766,0.431493487566988,0.3922944441358845,0.20666070769891193,0.352400360657195,0.2128757727298784,0.23851299283435667,0.35514195554502354,0.38651942061937644,0.2561834865554423,0.22285911409527262,1386,False,0.2605478745917566,0.2248327798680761,0.2605478745917566,0.1451455342120352
1767,0.4122408567191752,0.3974090833731882,0.21555740629730716,0.3688184914964562,0.2343575874120834,0.2245956359502871,0.3399070517621191,0.3894252633736811,0.2147715457552288,0.2663626972788898,1488,True,0.25001374145132876,0.1974693109639464,0.25001374145132876,0.07329816155850907
1768,0.4362695143604225,0.38752012057657165,0.20222451813669454,0.34931432450986794,0.23302041149488634,0.20836274568076474,0.3729265854605836,0.3986534934817791,0.22490371393025269,0.22424928413626152,1386,False,0.28098271974596706,0.23404499622372796,0.28098271974596706,0.1630111131605243
1769,0.41963906434428977,0.4088438123072423,0.2403592633725756,0.366721055798764,0.21711476624157283,0.22017231355364922,0.3452484112824693,0.3696768192317495,0.21173943914069757,0.2611268062177321,1488,True,0.2535353874638432,0.2078996252035922,0.2535353874638432,0.12741807121922336
1770,0.42126597297550783,0.40117711272384976,0.2198873441681975,0.37364454854545953,0.2059455172596571,0.23346650554710677,0.3621564636445253,0.37272503316039346,0.20038396588992244,0.25782951319631253,1488,False,0.26827357169731325,0.2208820070855854,0.26827357169731325,0.02192603085748803
1771,0.4268387488327859,0.38653645440705764,0.21194634191647474,0.34757129222999195,0.2259116432561659,0.21173227800232697,0.36119178898230275,0.40699021995278434,0.22918010118756132,0.24120634822187492,1386,False,0.26753791836365765,0.21510647083045892,0.26753791836365765,0.17662362443360455
1772,0.4354517838439192,0.38898838395171037,0.2100939486649603,0.3592905706410802,0.22914534022880137,0.20380424205336578,0.3590581418657375,0.4035751782986323,0.22599530251069555,0.2211951471377428,1386,False,0.2819339843783803,0.2316475417905534,0.2819339843783803,0.1711132404571308
1773,0.42506836412430765,0.3837887121917592,0.19552206047164244,0.3428378814979609,0.2367256925109784,0.2338237997357924,0.3737971615696765,0.3986461899961277,0.23970689094459371,0.22235400134426284,1386,False,0.26376974072716614,0.2295463036526652,0.26376974072716614,0.11342934016913464
1774,0.4181988689219717,0.4146317538127302,0.2279627081983698,0.35569382070727806,0.20994372478096995,0.20574111249493407,0.35320756390056524,0.39571759827347824,0.21392460833179996,0.2473612996584349,1488,False,0.2753688503062387,0.21245775642703765,0.2753688503062387,0.1268110908397595
1775,0.4030239115596624,0.3974727131829834,0.19985097927918435,0.35296112458761575,0.21002714442141238,0.22037744023923256,0.3764017655784443,0.41253371262350824,0.2305402229500714,0.23953378562850114,1386,False,0.2749784221770719,0.2126827333443239,0.2749784221770719,0.05453197099071707
1776,0.4282929576124638,0.38507122684381234,0.19024989856007277,0.362237413700726,0.21103733560845017,0.22538883526812628,0.3538074337744223,0.4168120157538778,0.23482731243803884,0.2268956092741749,1386,False,0.2841439227206592,0.238043059052391,0.2841439227206592,0.13265719728453018
1777,0.40078351231594295,0.3998917492195386,0.2093360366623505,0.37256555918900447,0.2501316338467254,0.19021332942580502,0.40899948714853757,0.3519277790921353,0.2568931543524119,0.20238012042395354,1458,False,0.27451853799401804,0.21878615772273255,0.27451853799401804,-0.060183917815933526
1778,0.49491947743651843,0.3152264904418272,0.28112993519041196,0.32991597862241495,0.2743850753199848,0.22760735988260955,0.36089014032871825,0.39753627312757733,0.15324192013232757,0.17016530025703683,1398,False,0.31537243569207124,0.34167755730419086,0.31537243569207124,0.3341293220736614
1779,0.42667016836645544,0.39016922536607246,0.22204708059257824,0.36463250290673443,0.20746134524076726,0.24320563947462676,0.33654977010650233,0.4004358571927632,0.23171498524120937,0.232299642953913,1386,False,0.260250985369902,0.21920882312568818,0.260250985369902,0.19981380961960163
1780,0.4099358143085007,0.3867109878349829,0.19504294728562724,0.3687847455988607,0.21882338379291127,0.2376160652969653,0.3615492925303748,0.40920184146455746,0.23780679546968797,0.22204081251446753,1386,False,0.2694137018326754,0.21489286702287344,0.2694137018326754,0.03475101706046587
1781,0.44072631530754136,0.38778530794378946,0.19455945725952672,0.3562054712594306,0.21002463110290226,0.21561036517154386,0.3448163936286617,0.4019092944925703,0.2501706990531555,0.2388182772642214,1386,False,0.27737903862459856,0.24616685804801464,0.27737903862459856,0.18355671132068527
1782,0.40866815985714106,0.4181234982083353,0.22812968485051052,0.3655341101033781,0.2691475913001666,0.21396150072256861,0.3772452329648277,0.32497843281458605,0.23124948094033468,0.22996416435462252,1313,True,0.2454744576154229,0.20416199748576666,0.2454744576154229,0.20421992961235955
1783,0.4289369036469416,0.39486680296822935,0.20853491850676387,0.3537600187372767,0.21736384268996775,0.22407204558249585,0.3482277118456606,0.40142153234216454,0.25313710774561965,0.21800200583094737,1386,False,0.2684610304315143,0.22040198514017773,0.2684610304315143,0.17119925395064423
1784,0.4462125715182681,0.4066171513541949,0.2052049650959285,0.37624035604114625,0.19984241398094932,0.22409273352692025,0.347483762662585,0.3767784974949576,0.22226499750140383,0.22277269981162307,1496,False,0.2919494099744951,0.24637015753731878,0.2919494099744951,0.22219873545068378
1785,0.42220184266367855,0.39923908708170247,0.22691862470154642,0.3724589148087612,0.2139971240564332,0.21368627843634533,0.3531032978558403,0.3707737615433319,0.2197554688421209,0.2650129580841659,1488,True,0.2578570168601358,0.20851556422733322,0.2578570168601358,0.07514754035980326
1786,0.4169305293876948,0.41176750200721707,0.19318054218384437,0.3483727385576414,0.21772446333903048,0.20418407503756672,0.36439572443199225,0.41262364265389134,0.24490265656463836,0.2140543552879102,1386,False,0.2912704755581118,0.22374998720385045,0.2912704755581118,0.1010807981913972
1787,0.3980689583812541,0.41445134037057874,0.2462155620378642,0.3523133029556846,0.24158423422218195,0.17477077137395514,0.4220189875300028,0.3502749801076981,0.2473650178811282,0.1847555684171269,1458,False,0.28724462804356315,0.24724821615604764,0.28724462804356315,-0.0387855661096475
1788,0.4192162691791052,0.3952018463221589,0.209423417647502,0.34914349117544236,0.22370133829109798,0.2308759917370327,0.36365075618870846,0.3940676279125679,0.23269384429619144,0.23935385874764614,1386,False,0.25763484611177756,0.2097928515316032,0.25763484611177756,0.13404853770462943
1789,0.4247384969271196,0.39971439179391893,0.2139332805996702,0.33606137185178087,0.2372627968806976,0.2045373693518013,0.36096871077325865,0.40426333703543205,0.23287969556074573,0.23458802472433826,1386,False,0.267724302671044,0.22020112757531832,0.267724302671044,0.19432375051237688
1790,0.44746857505252674,0.38153634470188713,0.23800337936687396,0.3261564324371921,0.23140421912612016,0.2397631939464832,0.382314756458184,0.36173178435512277,0.2396905249242341,0.21372402448978509,1648,True,0.2520950825988384,0.23374455056274165,0.2520950825988384,0.4212529569396121
1791,0.4041990057841417,0.3974898156281259,0.23429954686725987,0.3521509939747212,0.2544567277666897,0.19235816730252475,0.4123643460765386,0.3529599679829203,0.24273763238712823,0.21076495925836716,1458,False,0.2619526862287251,0.22000617877401385,0.2619526862287251,0.03289937653767611
1792,0.4316985850833684,0.35720386322306635,0.2305703872860487,0.342094488861717,0.2237225325813198,0.24131467424808242,0.3762471062027322,0.3889182426364158,0.24569021196975338,0.23320137371295332,1648,True,0.24071387361077146,0.2079760525020486,0.24071387361077146,0.28564928728242756
1793,0.4354708566239127,0.3902395411483733,0.21290042508130722,0.3494897601255908,0.19747954088646724,0.22873169850750502,0.36184716836586683,0.40824138602581184,0.2314820044220983,0.21934874119150127,1386,False,0.2834630234280587,0.23799131573744547,0.2834630234280587,0.18123926009606106
1794,0.42925003814143564,0.35903665891994374,0.23803893678694876,0.34677720549328545,0.2323116095121315,0.22000878246962327,0.36658859357706947,0.3820608521159138,0.2649980922986903,0.23867527683152742,1648,True,0.23121956431026533,0.20924125567181237,0.23121956431026533,0.23117878158050134
1795,0.43671573217028664,0.38306929388282235,0.18080420197452918,0.3695659811439145,0.21706164413672185,0.21593929752866667,0.36720287645472566,0.39536518428304485,0.23256608726707717,0.2329892863407172,1386,False,0.2878375535099232,0.25591153019575746,0.2878375535099232,0.06634281812435096
1796,0.4327276640441508,0.36117805320406393,0.23321599697841594,0.3515431839798074,0.2348680965541169,0.23135014963637396,0.385936309925203,0.37326426780313565,0.2398632390220397,0.2232297791920998,1648,True,0.2452490628877603,0.209497884852051,0.2452490628877603,0.251595359029855
1797,0.4813223192147955,0.3202414891030018,0.28017780991100966,0.3298496093475072,0.27477345944704906,0.2328583580864848,0.3669381558172224,0.3974687799378022,0.1600813561624263,0.17464046773793893,1398,False,0.3017063198748011,0.3212409630523692,0.3017063198748011,0.23981572067404733
1798,0.45192136227784246,0.4094206085948185,0.2362043444565137,0.3687816764943571,0.1890234230854381,0.21380769571547795,0.3401368828253171,0.36345275449563585,0.2235530086574648,0.23903743139135317,1534,False,0.28334244114578216,0.26289793919240434,0.28334244114578216,0.28676379605955216
1799,0.3996989981906747,0.4270292757009914,0.2208802254635341,0.3711303878512311,0.26328314067516434,0.19730703425997323,0.36882927367653784,0.36454255126877894,0.22666403750798886,0.2069055366930776,1313,False,0.27086785465916235,0.2297222414410182,0.27086785465916235,0.032181127659160425
1800,0.41472303902013,0.4114630084965421,0.22699337204911849,0.3744957805221552,0.25189493383064204,0.1987590165016362,0.4016464451753328,0.32916333114370766,0.238598585292001,0.19332888619284258,1458,False,0.2768767472386173,0.22139415282728744,0.2768767472386173,0.0859755480079336
1801,0.39672859909964475,0.4004109072319279,0.23747769899785645,0.37311424003370475,0.2638626091546561,0.19529324799870865,0.39887519946293715,0.35476139043599253,0.24019577590732438,0.19040383796212224,1458,False,0.26514158393610177,0.21000706926980567,0.26514158393610177,-0.122168926382364
1802,0.4128472984755413,0.4054057525013913,0.22133027056352625,0.35833093712033015,0.24023153484930873,0.2361470405432419,0.3379652285403303,0.381977644593686,0.21102438455197708,0.2639693394589331,1488,True,0.24258785451478054,0.20182291392356422,0.24258785451478054,0.13235990566064573
1803,0.4262411341690976,0.4181440288320048,0.23617131374041095,0.3733240765656412,0.2029072246108456,0.20575037337558139,0.3468209401069825,0.370000763181905,0.21342379379244727,0.24917204531168666,1488,False,0.2758591911221563,0.223333909558252,0.2758591911221563,0.14114219282148194
1804,0.41689546352328144,0.40363191262633014,0.22043445771111364,0.3766436705433593,0.21833613604205507,0.21339692668840932,0.34703525321294015,0.3873019094736195,0.21210558329162382,0.2533647879180475,1488,False,0.2674895893753057,0.20478988023165762,0.2674895893753057,0.08342467146042537
1805,0.41295971896866196,0.40508536742183354,0.2053504649946576,0.3742248113128367,0.25463727279585785,0.1964204637180528,0.38749752810179267,0.3664845727736272,0.23114210240565494,0.2045580739049196,1268,False,0.279950302080976,0.21653925525060916,0.279950302080976,-0.027952093213066517
1806,0.44779965859745413,0.39596852330769705,0.23093995851609292,0.35444059593991717,0.2021306254519271,0.21318695799765108,0.3379998358521098,0.39018427038762854,0.22215994758423788,0.24814275892996931,1534,False,0.27471340992070525,0.24566903314552704,0.27471340992070525,0.293170642911651
1807,0.4292494725056886,0.38114797839977527,0.21813261682055476,0.3627622418361276,0.22480604655071687,0.23002875137584297,0.3590695693618512,0.3906867341196285,0.2311198577147198,0.22990948823018367,1386,False,0.25814456404258496,0.21111685568513386,0.25814456404258496,0.17536785349994108
1808,0.452864250903799,0.386238443819289,0.2311767471698367,0.3600138585697442,0.2264305614080753,0.19944076802477995,0.34857433223803064,0.36242564944982986,0.24121346955903017,0.24615725566023278,1534,False,0.2610406643548438,0.25342348287901906,0.2610406643548438,0.3438782442579788
1809,0.4357746029192764,0.39144717056356065,0.19094414313022326,0.35182623253077205,0.22324383604108955,0.21401816938389814,0.35784474294387664,0.3995479556689317,0.229321645409797,0.24638752256105217,1386,False,0.2776869011498734,0.24483045978905313,0.2776869011498734,0.14041399415647407
1810,0.4429913469202491,0.3751762116383861,0.23735292014781217,0.3428387615507247,0.22922105462821407,0.2405094173541588,0.37964370184361923,0.3540493365303189,0.23309413725913175,0.23436388385916399,1648,True,0.24257307100114808,0.21377029229203504,0.24257307100114808,0.40009102111965505
1811,0.4176266872939751,0.3933180207204576,0.22984371363855863,0.34463425014694726,0.2581489563595627,0.17909506893895483,0.40868397243384313,0.3436682150556,0.2607221925354382,0.21786593384651667,1458,False,0.2621628372887702,0.2385316183550203,0.2621628372887702,0.0016205861738972133
1812,0.43107376897801336,0.4139539418789677,0.21694080724768514,0.3752287220027677,0.21164259860146264,0.20723471340346264,0.3493122958042149,0.37652365376057834,0.2210583283565584,0.23358700665411272,1534,False,0.2819813163272323,0.22383905557455072,0.2819813163272323,0.17654983982761177
1813,0.44185731019502494,0.373695317612184,0.22142125217340317,0.34037291471965303,0.20550836467247327,0.23801188841716747,0.3879470708369533,0.36903949699506156,0.24595351689791856,0.23273004848343298,1648,False,0.25860423625274104,0.23634894552255167,0.25860423625274104,0.26320181710325985
1814,0.4336557349507495,0.40940332189479167,0.22048840214850046,0.37438147624955714,0.22101535601839722,0.20262388407388582,0.32289256060025473,0.3767377306101846,0.233437566599933,0.25488576161785176,1534,False,0.26704507268282834,0.23103185087686368,0.26704507268282834,0.24785542094605714
1815,0.4129411156908829,0.40247925747606755,0.21672414282923275,0.36670492835471435,0.19832363024342023,0.21842726165299645,0.3598825833279749,0.4048400237029717,0.23502228478458578,0.22440833282794734,1386,False,0.2783721329363852,0.21461748544746265,0.2783721329363852,0.07091878201693783
1816,0.4418880748213328,0.3962824928151167,0.227977130652192,0.3760702149616118,0.20305611962172543,0.20889084707506883,0.3366378045240474,0.3721497158807849,0.2299913480897496,0.2543798737491266,1534,False,0.2696355266810317,0.23883195519960737,0.2696355266810317,0.2203279229126887
1817,0.4390917122479323,0.387175102471898,0.19707478311819354,0.35689439314390003,0.2178930232581586,0.207256955149491,0.3582309605023179,0.39582604678952615,0.250470987032371,0.23001221597035332,1386,False,0.27817597071775685,0.24201692912973877,0.27817597071775685,0.14342184476285866
1818,0.4273812288809889,0.39707598274817,0.20884024193494505,0.367989309624028,0.2027777701126369,0.2245938712046529,0.34803961044315473,0.4085880797043407,0.2303805535740145,0.21893686455738093,1386,False,0.2841623141986561,0.224603458768352,0.2841623141986561,0.14999093483818518
1819,0.43162910255792564,0.39910420926040424,0.19581057490492984,0.3733238328053689,0.20738867495315272,0.22160945200382814,0.3620682735965092,0.4021852368260046,0.2133315917314911,0.2149932635634841,1386,False,0.2984474715272665,0.2358185276529958,0.2984474715272665,0.1052996039946132
1820,0.4298376218810327,0.39254381855570625,0.22705706157187358,0.3922810997713314,0.21737450717030246,0.19615294196647584,0.3321283676106116,0.37404072462906185,0.2267901631228086,0.26140476569924204,1534,False,0.2669393320140053,0.23368467991455685,0.2669393320140053,0.12991269858304696
1821,0.4733131688616602,0.30665247553086633,0.270528656009782,0.3080073423521748,0.2597254406706253,0.23163839609324197,0.4036281298334256,0.41158447235075046,0.1668579313861557,0.18058782171529356,1605,False,0.30775417997960963,0.3064552374755045,0.30775417997960963,0.3851643333408752
1822,0.4396945019804965,0.4032195467152944,0.2111830354344185,0.35313975878112247,0.22377501920332382,0.21430808338952473,0.33287269725988056,0.3996723674099834,0.23827042761288705,0.22684473552413617,1386,False,0.27468228104597814,0.22851146654607798,0.27468228104597814,0.30660905395474003
1823,0.4586957832353985,0.31634578795302637,0.28142764816122395,0.30780837483027196,0.2613226921023156,0.2357393108446697,0.38877412365657255,0.40719369551583906,0.1690797255348273,0.21488009111222076,1375,True,0.2766472738530434,0.2896160577005712,0.2766472738530434,0.33043906559888825
1824,0.48674486245898535,0.3124923497866727,0.2716096428418614,0.3251993934796508,0.25572775279810545,0.25568948134009734,0.39759265648643494,0.3716728596244208,0.17221055893387857,0.1710281277731255,1499,False,0.30000788444288434,0.3157167346858598,0.30000788444288434,0.41274379812935674
1825,0.43431537100557116,0.362599012028031,0.22869565153731278,0.35074678987561275,0.22781782509804313,0.2433314532944781,0.38372043697567093,0.3701241700518268,0.24004257808051013,0.2271612454816388,1648,True,0.2434660345633588,0.20715412552393236,0.2434660345633588,0.26677373872516913
1826,0.47373326894900103,0.3098458899684741,0.2833191135654923,0.2947773046548399,0.2503554052372022,0.260424853089271,0.3970464904685554,0.4029897155816465,0.16278303179409173,0.18805600222627256,1605,False,0.2964414547742322,0.3109502371549093,0.2964414547742322,0.36819354714982
1827,0.48094517578298207,0.32136750107963097,0.2726776154901214,0.3335798395387032,0.24831022153643376,0.2649038750895137,0.3929748172603794,0.3697714944625438,0.16586527600005305,0.17112157008245726,1499,False,0.29836992791533107,0.31507989978292905,0.29836992791533107,0.2624984456545137
1828,0.4403118911630875,0.3906801400143403,0.2069067263678958,0.3471646617910193,0.2182493210360766,0.23954918748220516,0.34940023733843695,0.3934824195382355,0.23530197711244755,0.2299309260605648,1386,False,0.265315679266628,0.2334051647951917,0.265315679266628,0.26862228384726416
1829,0.42093339543753067,0.3942690827651278,0.20097099357225434,0.3705680057552847,0.22115515722431672,0.20974328890720487,0.36274287319035825,0.3981107458527684,0.23163851450596112,0.23026977571798835,1386,False,0.2776347261400408,0.21996240186527632,0.2776347261400408,0.06805195534296737
1830,0.43269595982691417,0.3690006611321656,0.19478753671558166,0.36005081684421975,0.23839538478729247,0.2165717254651533,0.35002076793628784,0.4145749199680565,0.23514640952072985,0.23583370272508009,1386,False,0.2699235727829952,0.2379084231113325,0.2699235727829952,0.1927608225350938
1831,0.41695248939078733,0.40065891413261934,0.23223895886257465,0.3872951720485509,0.20449192034634595,0.22157491044099295,0.3364967571135454,0.3837062974281421,0.2209539885273267,0.24798574577434065,1488,False,0.26366853638601795,0.21246056904444138,0.26366853638601795,0.11471898916233614
1832,0.44308100179712134,0.3265487517337448,0.31765646158219996,0.2942519597888336,0.2478605679964123,0.26480867535655084,0.38877892366308675,0.3997437300451039,0.18129431425430848,0.18489204924918487,1679,True,0.26776096369856917,0.26178668754281287,0.26776096369856917,0.045691671975442216
1833,0.40647385595498947,0.40683620965651596,0.20415843048606128,0.3850171720817838,0.23795152651393142,0.22681849370924428,0.39592009199641537,0.3451012714986055,0.2326980591688161,0.20317692724528852,1764,False,0.27332984289719536,0.20365928241122744,0.27332984289719536,0.06037421193173509
1834,0.44549949734391936,0.3840334812923413,0.19074318015057312,0.368488781537571,0.21642297930695098,0.2104568760012776,0.3533606785194251,0.3999221379649691,0.23497595045301256,0.22524509926302874,1386,False,0.2901692117907573,0.25475631719334624,0.2901692117907573,0.17825083151144636
1835,0.44958116466262416,0.36350139120861635,0.2136153084822914,0.34881422857587696,0.22857225398979117,0.2389198999519914,0.3812403002671969,0.3693321097246225,0.22664955406352735,0.23662683877643315,1648,False,0.258217695174716,0.23596585618033275,0.258217695174716,0.3534715319183412
1836,0.4170741580922809,0.38198968134813543,0.23850943827799426,0.3293885527839945,0.22690838794254764,0.21595121945912943,0.38689594890271245,0.3814199770973508,0.2516229398115561,0.24112929185831322,1648,True,0.24041399088771165,0.20112293863315145,0.24041399088771165,0.1732515930962911
1837,0.422115837309497,0.42016841744924793,0.23831167003472137,0.36762888598234195,0.20475977893534872,0.20940368807338275,0.35033879118420075,0.364955101486889,0.21388608027386655,0.2566710916607528,1488,False,0.26855942534678096,0.21735605837414826,0.26855942534678096,0.1350935481775557
1838,0.467213831721962,0.30153338734999313,0.288430736139502,0.32775303399039313,0.2719327226369318,0.24018282382986178,0.3990724439708876,0.3925755449301052,0.14529549774902792,0.18453769462419678,1375,False,0.30152188448354056,0.3219183339729341,0.30152188448354056,0.06925015888854279
1839,0.4070789527002184,0.39120208919244903,0.2233197068486286,0.34990843025020274,0.21846029523139557,0.23474397326947236,0.364226393370859,0.40608508112980607,0.2372729940956047,0.22857380559170198,1386,False,0.2532483894871361,0.1886186574688228,0.2532483894871361,0.1260161539300316
1840,0.4451991391789934,0.36218607828608657,0.1944133627380258,0.3653522669982427,0.20658265739284207,0.22581706890347583,0.35333561851057593,0.41539176589586235,0.2361127062487942,0.22918290747797174,1386,False,0.28530617376933753,0.25078577644096756,0.28530617376933753,0.2412869405963038
1841,0.40478651661910087,0.4193251629671193,0.23376328987877515,0.3677437206226807,0.21748456270584574,0.20513498902388533,0.3418806219465005,0.38446972594216067,0.23180319555869422,0.25024310954877843,1488,False,0.2584847217303243,0.21419017394323397,0.2584847217303243,0.12739323723504634
1842,0.48196944580437734,0.3092572388157343,0.2948681598644188,0.31408063959821564,0.27298311788108387,0.23934825572207435,0.3896332834725532,0.3788101528433765,0.15248025854793046,0.1900071229714571,1375,True,0.2963277178354492,0.3294891872564469,0.2963277178354492,0.27574586105012044
1843,0.46430807346166625,0.330316922810149,0.2804568226080661,0.3048569758176907,0.24072845791308953,0.2501802006821744,0.39223425486197827,0.40699130560448554,0.15624608746886023,0.19817200038032803,1375,False,0.29520140785755966,0.308061985992806,0.29520140785755966,0.2231196541963807
1844,0.43142079192521104,0.39181425880021414,0.21571312384253666,0.32490876642494426,0.23330557300040383,0.20678608846926239,0.3917065450425292,0.37841360354448633,0.24065572591787926,0.2377431400200093,1648,False,0.2635336207822809,0.22463470345594866,0.2635336207822809,0.22745774230402405
1845,0.42690674309266957,0.3743275504800242,0.21896469733852886,0.3280577912968947,0.2449449824205253,0.23024023260507737,0.3842778466678271,0.3715215044146006,0.2583602808432105,0.2379195851961746,1648,True,0.23424259666831487,0.20794204575414071,0.23424259666831487,0.256381245848512
1846,0.43048666206458297,0.37957422283112263,0.23464119690611454,0.3556909225208793,0.2137750529807776,0.2172141913061599,0.3800322310109361,0.37900476100828473,0.23941587655579644,0.22530262735830336,1648,False,0.260309877528532,0.21671160908380538,0.260309877528532,0.14696033557667348
1847,0.43724999301981754,0.36526981781384965,0.23522091699673778,0.34662309256765017,0.226461075223019,0.22615467154131624,0.3743067121610767,0.3773090054053633,0.25122490197594843,0.2278197751550281,1648,True,0.24465104911728994,0.2110953214785013,0.24465104911728994,0.28117289789986016
1848,0.41699777621545586,0.3908930905023456,0.21491887332319984,0.36133348613905764,0.22998553014435938,0.22724204620638946,0.350143504505185,0.3912762671382717,0.24212390608548554,0.2402281573883393,1386,True,0.247857988265807,0.20207890289225602,0.247857988265807,0.13437911546177772
1849,0.42162404338078424,0.3941646468115426,0.25280305258504615,0.36542877739977536,0.22271652389526625,0.21159787028984503,0.3535942529324699,0.37256078595286957,0.22292880652495412,0.24802384170969874,1488,True,0.24747498572754167,0.2100261730909392,0.24747498572754167,0.10320082818162733
1850,0.42719150851195187,0.3881836440824872,0.23350474332932036,0.35656423866278053,0.22691236457490868,0.23496396571654715,0.3595075602926695,0.37318186865301045,0.24912494436428773,0.21883197843549054,1648,True,0.24422820216091004,0.20835953007646132,0.24422820216091004,0.18426920269527908
1851,0.43956212985712384,0.3592790996495524,0.22557893824902095,0.3416738609819397,0.2286847660783467,0.2293416672917285,0.393866373281016,0.37151972417762025,0.24637660389575475,0.2265466814949955,1648,True,0.25129525083425364,0.2139831916081029,0.25129525083425364,0.3260590965193522
1852,0.420059322336496,0.38584121791770454,0.2137808784065739,0.361805625300449,0.22409568176842035,0.22338057298129926,0.3810894504935516,0.38056041842334115,0.2371971030641465,0.2272345127393621,1386,False,0.2604227833892861,0.20627844392992212,0.2604227833892861,0.0853012274663502
1853,0.47272917967765304,0.3088686928679325,0.28888155605196436,0.328548257514284,0.2684645599475425,0.2583099528669949,0.3877733264598967,0.3733926923025756,0.1723739892261837,0.17728633073705027,1499,True,0.28189977408755085,0.30035519045146936,0.28189977408755085,0.2347293564085962
1854,0.42767840125824924,0.39528048213273503,0.20393615597876155,0.3487467035396767,0.2260100209585416,0.20004092696060707,0.3513584703845475,0.4002898661700686,0.23763508180889353,0.2576397112019737,1386,False,0.2681157573631156,0.22763747429764217,0.2681157573631156,0.1133094711484242
1855,0.4543820968959001,0.359458943099458,0.2132588301698709,0.3530317107403785,0.23188130040947016,0.2306344097330637,0.3733000982944065,0.37445413925588844,0.2442806526269777,0.21911729584803616,1648,False,0.2619305766865526,0.24112326672602918,0.2619305766865526,0.37498684964747286
1856,0.4411648773118252,0.3879897147172199,0.19774157959447253,0.35471204122404826,0.21150099127995703,0.22053808187920718,0.3567691141905038,0.39724870797027745,0.2504886455257007,0.2207037710988386,1386,False,0.27938816614721584,0.24342329771735266,0.27938816614721584,0.1742468106644269
1857,0.44123301143341,0.3784550521118704,0.22294289514412746,0.3371784818625713,0.236684356930438,0.21485450102194764,0.38574502210990586,0.36390127533542327,0.2600827098800162,0.21827510703054304,1648,False,0.25513847621626706,0.22637851041146234,0.25513847621626706,0.26899331921991115
1858,0.43954434944597337,0.3772946932562667,0.20056173477536288,0.3647683061653051,0.21340488593015058,0.20491333269203402,0.3576274197365289,0.406572315910463,0.2436268792947754,0.22601981703168092,1386,False,0.2844623766764832,0.2389826146706105,0.2844623766764832,0.16112988294859962
1859,0.4338951351556229,0.3758635027264242,0.21975588722357522,0.3454637404390732,0.22068430276120418,0.22622874179739622,0.3809234509709934,0.36242097056458944,0.2585143499184398,0.24425700288858812,1648,True,0.24417605763808475,0.21413924793204767,0.24417605763808475,0.2215670674596651
1860,0.4738773833845131,0.3023669878568863,0.2793874870896147,0.3331528711961666,0.2662948302337571,0.2648211616300842,0.3930360267111862,0.37768345691244554,0.1790081932257926,0.15734356429785903,1499,False,0.29253177089303617,0.316533819086654,0.29253177089303617,0.17402769886360966
1861,0.46943379597464197,0.3243508831838123,0.28313049547674896,0.30665891520744776,0.25856607181812014,0.25342627780842275,0.39307850378947373,0.3968233204615658,0.1479124509372467,0.1878483572047914,1375,False,0.29867534206850505,0.32152134503739527,0.29867534206850505,0.1356677367864732
1862,0.44438173340424775,0.38724958693255523,0.2202811447992274,0.3600611772513252,0.23685430072580033,0.21799650527023207,0.36258066920549026,0.3813668839337909,0.21916188604617406,0.214091074309519,1729,False,0.27347682390182637,0.23029065909472873,0.27347682390182637,0.23238927369879903
1863,0.4828129441285651,0.3044242149593204,0.2833459405499214,0.3411184038107736,0.2638342743263273,0.2465026263553211,0.39118578623079775,0.3736823642026492,0.14968443614723867,0.17924436583782152,1499,False,0.3043324580914739,0.3331285079813264,0.3043324580914739,0.2129655649042193
1864,0.4302395708280591,0.3721768079258278,0.2247420115937676,0.35272781093249245,0.2262753518347414,0.21286243377623654,0.3820606590176711,0.3779604518086731,0.25513913788102194,0.22587845053303482,1648,False,0.2542566140462953,0.21737713705182254,0.2542566140462953,0.14586253584827868
1865,0.4323907595927303,0.38181273355095763,0.20811278736667224,0.34375203548392225,0.24531118662594956,0.21890148276550261,0.35515676036382204,0.4009163396569698,0.2415941291837447,0.22901414109048895,1386,False,0.25808379827297495,0.22427797222605808,0.25808379827297495,0.2229311790597244
1866,0.4399444812393956,0.38782485241526443,0.23361362033837735,0.3876497746958827,0.22084270473983644,0.20638849682262947,0.32465873530477907,0.3722495007126014,0.22772590776251517,0.25296893036982426,1534,False,0.2618490385153449,0.23355598441676614,0.2618490385153449,0.2792274191011548
1867,0.4117889465192786,0.4091808885051378,0.235180438533557,0.3819573859467489,0.21040837164770082,0.21950212197221913,0.34066664294403265,0.37209541276208113,0.21528560953790338,0.2617060655800465,1488,True,0.25708997705007036,0.2013805748715778,0.25708997705007036,0.08717226043963985
1868,0.4254276549549167,0.4033661732802149,0.23550823199544027,0.3673579295940038,0.22986629756935095,0.21653733885396897,0.34083109730201233,0.35407511376934886,0.2449583992393118,0.25421347440029163,1534,True,0.23876134467846108,0.20889031610094771,0.23876134467846108,0.2624147393930279
1869,0.4192375569198691,0.4095354349318111,0.24154484570873935,0.3700769916437533,0.20635264325098712,0.22055327533177968,0.35593399223483474,0.37673310618393946,0.19148730468131642,0.2543822272819693,1488,False,0.27137299147496063,0.22775025223855266,0.27137299147496063,0.01741839441181053
1870,0.4138731066317353,0.40042501882875076,0.20272903360339156,0.3718072859429577,0.23625878607535197,0.22657565220988488,0.34648293767074306,0.3940418278280084,0.24646574528044923,0.21403187849755145,1572,False,0.2632651079670929,0.21114407302834376,0.2632651079670929,0.07379884415374773
1871,0.4406809695159998,0.3932765105415587,0.1986285154888535,0.3426266754650784,0.2268640634701896,0.21464279456741112,0.36352365518442803,0.37896569793779333,0.2482511666777538,0.24363009061737512,1386,False,0.2651813767236489,0.24205245402714629,0.2651813767236489,0.20430113530253255
1872,0.4130842455836675,0.4200520407252147,0.21140783807287736,0.3566277045015892,0.2724058494836711,0.19461051958587686,0.407373407886647,0.33775455164981555,0.22410561125983958,0.1967443486825837,1458,False,0.2846486499548689,0.22544152113933782,0.2846486499548689,0.06885960824363498
1873,0.4063996701056572,0.42035211677578,0.2188195741727349,0.3827288137070834,0.20219485351999217,0.23643791244343063,0.34072877035788085,0.3637512468838445,0.2133037267784161,0.27034212681356384,1488,True,0.2604057486724768,0.21815726325578783,0.2604057486724768,0.07250840543914751
1874,0.4403624889765497,0.36801565921007107,0.21396462047087325,0.3386216561700024,0.23486354258872125,0.23767560912382849,0.3824463930565385,0.36311704560439223,0.2565770247251548,0.23366276391641103,1648,True,0.24248697367319205,0.22639786850567648,0.24248697367319205,0.32605147282163166
1875,0.4362238397839591,0.3765742465615194,0.22112173021687184,0.3466286330459259,0.22714236483071812,0.24814567138835694,0.36301262961664976,0.366959690764566,0.2518276527563289,0.23628307362085815,1648,True,0.23639498004350357,0.21510210956708728,0.23639498004350357,0.2943642055398602
1876,0.44037027160519754,0.3638119260775031,0.22473622450892822,0.34929393753183885,0.23179872834127918,0.2315618766039135,0.3866944289864659,0.3735494546350813,0.24066501134994442,0.21647009866204067,1648,False,0.2556343320967117,0.22390017294315687,0.2556343320967117,0.2761523560322469
1877,0.43398940053043655,0.37912304525895457,0.22783748849892843,0.348260763878763,0.22540797377372893,0.2331918850620624,0.37680969142751414,0.3685363246769031,0.24555355174948781,0.22679310642404346,1648,True,0.24739749980413114,0.20858142675670763,0.24739749980413114,0.24292692466216798
1878,0.4274152832436925,0.37449986760358334,0.2204806262593302,0.3390930865524385,0.21805997969784657,0.24423617063124423,0.37405982988597214,0.3812323939802146,0.2559634872637208,0.23556853303103625,1648,True,0.24078244946381283,0.20935530354584592,0.24078244946381283,0.18971531443651599
1879,0.44115261265730626,0.3943565913026205,0.20150392877567166,0.353449359527475,0.2177345208120316,0.2083044065630686,0.366507238973685,0.3908283482878396,0.23352239694004023,0.22788342834533581,1386,False,0.28344995981475757,0.2396486838816346,0.28344995981475757,0.18055451588480725
1880,0.4389614120440101,0.38441013870894475,0.2172695517109296,0.3505811059101229,0.23522540224766286,0.22662742622356086,0.3552346268666432,0.3879499441797998,0.24383331224195298,0.21583811160196045,1386,False,0.2593443916213514,0.22312330044204967,0.2593443916213514,0.2525746528591121
1881,0.44188069926538587,0.3759974217853283,0.21619480819777182,0.312179832768523,0.2239465409902541,0.22303068756783118,0.3977578351477078,0.37866720671923865,0.24817197074933753,0.23682636381626582,1648,False,0.2608976419799939,0.22568589106761405,0.2608976419799939,0.3777420196265612
1882,0.42487693102456364,0.3827808206421182,0.2285136565862536,0.33944062113928497,0.21907174101292015,0.21631069916860715,0.39316428232561546,0.36800739922974113,0.25733914064548047,0.23346569754034147,1648,False,0.2506133542912537,0.2085662318559565,0.2506133542912537,0.16470071460828398
1883,0.4486923057812581,0.36727612845442054,0.2179074146728807,0.34755290970328023,0.21978923091332683,0.2314937165412879,0.35970056146678114,0.38169334966202534,0.25487648322882794,0.23146018699809914,1648,False,0.2537840516069521,0.23078489110837744,0.2537840516069521,0.3529912784501483
1884,0.44456321888190664,0.3790753332963964,0.21022236523934523,0.3632102197781858,0.20020289059679286,0.2063255217416159,0.3603218898314478,0.3996764406615261,0.24028126357605223,0.22932663177856868,1386,False,0.2857135410918804,0.24436032828511378,0.2857135410918804,0.17835790060189471
1885,0.4351439112419522,0.37097225889679764,0.23471827513076546,0.32587649860519396,0.23920839017710901,0.21080612766254345,0.3837197760902848,0.3721370421647458,0.24772195123502005,0.2509747226031546,1648,True,0.23990130313485977,0.22433778357940873,0.23990130313485977,0.309624400125731
1886,0.4316974540492672,0.3735380710556914,0.23368439981098849,0.3370246269414773,0.2252854005279915,0.2371204264406848,0.37248043504464223,0.3747514022025976,0.24673098171125565,0.24264489723211044,1648,True,0.23500157879246336,0.20641205352127567,0.23500157879246336,0.2965042606730353
1887,0.4410552484614795,0.3588134128559194,0.22182393978831155,0.35556932908294275,0.21941639597464924,0.2445067307339533,0.3935087774687763,0.3565846153047003,0.2384127780017971,0.23306286659043612,1648,True,0.2508868865138174,0.22163885248683024,0.2508868865138174,0.31760902594874785
1888,0.42809651049808456,0.38925041322972087,0.2210351000931534,0.33359109674813875,0.20680585206389843,0.24059523761057375,0.3598336864226153,0.4078791908207989,0.24845720951178746,0.2164405882471495,1386,False,0.26411224061571614,0.22129065843418613,0.26411224061571614,0.21282672732287458
1889,0.4238562176141905,0.35999262931259707,0.2233627810664142,0.34821256972197984,0.23283018710784098,0.2307133696820338,0.38914247817585956,0.3887611032797944,0.2458767998870368,0.2216918322959022,1648,False,0.2487528684506929,0.20216438531828831,0.2487528684506929,0.182238510832449
1890,0.4240771871768962,0.40010149915910814,0.20637365599357624,0.37692949620049265,0.2319006416122991,0.20506454818447195,0.3616612270509463,0.3734624858473071,0.2249106899388835,0.2423306259108107,1386,False,0.2702348227674294,0.21901263899242424,0.2702348227674294,0.07505567493506364
1891,0.4251178512795623,0.37522330822922484,0.18688651416717844,0.35375183229523144,0.24397437113954387,0.22301168234977015,0.375838174176094,0.3825111062116473,0.24278500643862586,0.2502878549252426,1616,True,0.25509473481944644,0.23823133711238387,0.25509473481944644,0.0012389566475534681
1892,0.4251155949884072,0.36823603667815635,0.21567053410905407,0.35179291056220025,0.24220703308772992,0.24358610996235003,0.3902483617699528,0.36797409804587144,0.24611672663623624,0.2171089986937808,1796,True,0.24411217577435074,0.2094450608793531,0.24411217577435074,0.1488039555021514
1893,0.436799745291503,0.39896100632592735,0.21104466555525814,0.347920458063388,0.21826906816273622,0.2182383470411802,0.3393931245687134,0.3997279530270401,0.24837232955540398,0.2291708886092149,1386,False,0.26896154099701974,0.22575507973624487,0.26896154099701974,0.27357838254519196
1894,0.44781458730368534,0.3996994290605753,0.2395891364554629,0.36101198107509136,0.21159737250083893,0.20510576954805895,0.3363627148395742,0.36925109577990484,0.2166763160009376,0.2620937974917303,1534,False,0.2674232605541568,0.2427088177556264,0.2674232605541568,0.28026680382778835
1895,0.4246361552945867,0.3797870724974936,0.2089300524791548,0.34929632663627785,0.22159345824700688,0.22777112206570155,0.3733723213979943,0.39410168735813816,0.24264411543083683,0.2349546395521204,1386,False,0.2579310876141553,0.2157061028154319,0.2579310876141553,0.13262701197027593
1896,0.4229018456692587,0.42289333735336043,0.2218562417525045,0.35321072094403494,0.19879636849493992,0.22113227029433757,0.35187561570479187,0.3708022527520579,0.21883251284710706,0.2659310877133589,1488,False,0.26856777232974166,0.22410547717431878,0.26856777232974166,0.14981721531257236
1897,0.43265748145308874,0.3855947175181915,0.2250210015081168,0.35616088749588987,0.22238411910609535,0.21133498807969242,0.3893745165602687,0.36740666376388254,0.2322026696017691,0.22804333919473405,1648,False,0.26626404612793086,0.22132249337339632,0.26626404612793086,0.17119177483094059
1898,0.4377319732710552,0.3863328489900523,0.2029955825609607,0.3706874792890534,0.21618516591307052,0.22429962982799587,0.3456444789270705,0.39551966539713534,0.22893788661456915,0.2348540358786927,1386,False,0.2744420560813295,0.23473639071009447,0.2744420560813295,0.19544824744018233
1899,0.43975193641283145,0.3621481725725199,0.23312813227664628,0.34579636077946374,0.22985988868933413,0.22314507730467056,0.3718565397942516,0.36498151505771975,0.2546573149336502,0.250149259067565,1648,True,0.2343060617033738,0.21660685910816088,0.2343060617033738,0.346890136272778
1900,0.4670552396491263,0.3119805995725406,0.2750334001182734,0.33327025381413117,0.27673168413830745,0.2698596571052955,0.39726816455348807,0.35843380125225416,0.177243224304114,0.17520979082269802,1499,True,0.2757099874382889,0.29184544882642827,0.2757099874382889,0.18957491501895826
1901,0.4711940253006256,0.2998726212443651,0.2733199743983241,0.3272707793496721,0.2693895156111882,0.2706264078905541,0.3895230072475152,0.38532391795426324,0.17110992367661026,0.17593170679392203,1499,True,0.28531913284004556,0.30008410162401533,0.28531913284004556,0.24124038069875234
1902,0.42495589143543766,0.3599383951836045,0.23260286909262679,0.3472641705629339,0.23385864572490903,0.22963640975817143,0.38384683705102085,0.38324681272803934,0.24926891815481036,0.2266849993599598,1648,True,0.23986835319711333,0.19827089207547785,0.23986835319711333,0.2091361901614304
1903,0.43742159170362327,0.3687147795115105,0.2258921815829352,0.336733479136619,0.24085599805970612,0.2333707390684749,0.3760042988338746,0.37771367224223396,0.2430666153895394,0.22955022260411867,1648,True,0.24246509729983493,0.21152941012068807,0.24246509729983493,0.3296929739786555
1904,0.4276832162412383,0.4107167471871943,0.2187236194057734,0.3658037109386512,0.20382582313120023,0.2003301229671034,0.351523879986373,0.3847733111028696,0.200629952302535,0.2705501843674987,1488,False,0.28421010135264113,0.2273530932741349,0.28421010135264113,0.037963920714585014
1905,0.450999910974049,0.37081778406119953,0.23549966707579703,0.32955105985880107,0.2290284718726058,0.2433600336068895,0.36203209307307926,0.3623933820024022,0.2503947202609596,0.2413656863028503,1648,True,0.23434841996204264,0.2219714391014432,0.23434841996204264,0.5783300358635747
1906,0.4468971514044103,0.3657740424859474,0.2159723829028691,0.338895430916212,0.2327852482610768,0.21120253586019788,0.3778944615815707,0.3687785562658752,0.2647766978553065,0.2393618020758642,1648,True,0.2514104117353206,0.2356946155442124,0.2514104117353206,0.3097591852431287
1907,0.43754065576372503,0.37304516126707726,0.22487449983694546,0.3490666479009631,0.22968406091440371,0.22996681681041412,0.3891929351288286,0.3604019482571949,0.24653369540820896,0.22181150590059687,1648,False,0.25168745938212805,0.21572914986312816,0.25168745938212805,0.2721113179204215
1908,0.4581229465100599,0.33762792638829175,0.2972891357704977,0.28022046907476256,0.2475665073367271,0.2503316870638871,0.39827985728162657,0.40351736710400254,0.17243843096294034,0.18461623932118265,1679,False,0.28922837844514104,0.2856845155471196,0.28922837844514104,0.23060529366784227
1909,0.4457550103245081,0.3715254937264834,0.22528052599724369,0.31862192102323966,0.22879016131959806,0.21974478631237032,0.39273314642464136,0.3706615137201961,0.24323381569220504,0.24408063043491104,1648,True,0.253803093594338,0.22601022401213777,0.253803093594338,0.4265843432977157
1910,0.42106284632455,0.4166710765738442,0.22292507605893588,0.3784931783911355,0.20524403027550703,0.20760309669246374,0.3381416736597882,0.3870806765519956,0.21383972289173508,0.2470137472601773,1488,False,0.28027233303012744,0.21581881604904296,0.28027233303012744,0.13965188228950892
1911,0.4379493394003067,0.40583791786728923,0.24011366050753682,0.3926072523584565,0.19923640673328022,0.19798231786356257,0.3209244924531007,0.38306451213928167,0.21345871341300116,0.23981913887314177,1534,False,0.2881514085258125,0.23996702153674415,0.2881514085258125,0.2046421454106912
1912,0.4159419853534191,0.42493196343204687,0.2334985249457094,0.38168929384959144,0.21351679763633397,0.2283390103030007,0.34344621520624474,0.3628141639760219,0.2055962971254342,0.2379693864155368,1488,False,0.26914248228876464,0.21933566630661266,0.26914248228876464,0.19268777381174662
1913,0.4219092837776168,0.3996833777391446,0.22826663745438647,0.36709879718271204,0.21249427867110893,0.20854746582214825,0.3477707311689613,0.3899513928346543,0.21797344296187554,0.25732025399612574,1488,False,0.26527017641297457,0.21336181795546852,0.26527017641297457,0.09247558594564663
1914,0.4445032122209843,0.3554723524532088,0.2190828551306994,0.32644095886978014,0.22836354498635594,0.24257813180064305,0.38487906789059145,0.3810321459160208,0.2522109226114454,0.23145950534321838,1648,True,0.24673261600472413,0.22542035709028493,0.24673261600472413,0.4194730845382353
1915,0.43350434900058876,0.3483935182685226,0.2241356941203663,0.34677654201681946,0.22642016110657823,0.2388236070161847,0.3837310552237041,0.37512729245843734,0.25328791460609146,0.24449453113423006,1648,True,0.23535579414363209,0.20936865488022247,0.23535579414363209,0.3058069084881001
1916,0.44419734485900036,0.4006194083178315,0.22995435392885558,0.35375528269008866,0.2224451078188935,0.2122437339172641,0.3300296647648445,0.37545323899921873,0.23330303208256412,0.2555909934228582,1534,True,0.2573109465186857,0.23195361094173628,0.2573109465186857,0.368294316725269
1917,0.4404700652990464,0.3928263269272444,0.23097549740348353,0.3688583576838275,0.21989694808719357,0.2089114666745231,0.3466739602628773,0.361477889953962,0.23010222537234093,0.2578228608113036,1534,True,0.2567900264782623,0.23155859862452333,0.2567900264782623,0.2466372259114744
1918,0.4368267667935578,0.3542395445385567,0.20939890333375294,0.3529967077167132,0.2427566841510315,0.22149326521241905,0.389481757376369,0.37968731070534084,0.255616956614506,0.21460090526049028,1648,False,0.2579165579980906,0.22742786345980487,0.2579165579980906,0.1893422217001501
1919,0.4217761858374803,0.3739801360556199,0.23190591164916233,0.34634106129443976,0.24081955122029944,0.23575715920932144,0.3827635507495873,0.3673761270067808,0.250375223235992,0.22533269413029391,1648,True,0.23301576176925184,0.19644349170718636,0.23301576176925184,0.1887622766931959
1920,0.467692924340786,0.38312398438533657,0.22218654473620728,0.3555401662431135,0.22217801252129843,0.20339214054983465,0.3281840505924162,0.36377045408401215,0.22090910037848183,0.2813142257212579,1916,True,0.2684978809623312,0.26430078379095134,0.2684978809623312,0.472045233607265
1921,0.415480874471539,0.41357973406881177,0.2344731192645535,0.3522463234058081,0.22431356452234785,0.2119967607470557,0.36020006211597977,0.3831453419942943,0.18676425002305774,0.26568365734921673,1488,False,0.268977881159048,0.22871662444848123,0.268977881159048,0.0060211119312205625
1922,0.4449000612487248,0.40207491598395506,0.20925117654798553,0.3809217703004362,0.20940711845730375,0.2082626724349655,0.345630190235306,0.36060959154040473,0.22175202574406844,0.25615249098314036,1534,False,0.27926987473897386,0.2366373888137593,0.27926987473897386,0.21860067142873948
1923,0.4296726772452469,0.4116238449543449,0.2458803855147045,0.3731673306114019,0.2229124954491453,0.2152176274891192,0.33972673467117076,0.3632250205488854,0.20707989452915568,0.24494656508453683,1534,False,0.26234905459048974,0.2225927827160912,0.26234905459048974,0.21251686342948087
1924,0.4151025626341166,0.41051193036354466,0.21362946153936638,0.3526661926423916,0.24106211450822904,0.21925863820767055,0.3603983123345801,0.36933300137007774,0.22420800076642927,0.2577023413380687,1670,True,0.24947315025579112,0.20147310109475022,0.24947315025579112,0.126413724889546
1925,0.42566905473569583,0.34073431358808504,0.24353800656518257,0.35616991644758633,0.22534855002940524,0.2378551771914658,0.38363806719816157,0.37985293574388884,0.2605550506449358,0.22321694655544422,1648,True,0.23281153824515047,0.2024521081802516,0.23281153824515047,0.22471336294264652
1926,0.41528345761450197,0.39106303104812057,0.2222994448496369,0.34881472237915045,0.229889367860578,0.23932042190876487,0.33664097142502697,0.3959947163068654,0.24966463877325692,0.2468315725624522,1718,True,0.23386276239367548,0.19298401276486507,0.23386276239367548,0.2368465402746629
1927,0.4364751289541044,0.3727834100952228,0.22331482791139667,0.3420444916424511,0.2175456772007085,0.24123464568695346,0.3764207589259939,0.3802756652202314,0.2505042066768285,0.22154737983987188,1648,False,0.25165194391559403,0.2189294517533959,0.25165194391559403,0.23676961962356
1928,0.428039345603486,0.37030663334344643,0.22974854309856357,0.32988308480749573,0.225540716520459,0.2321546198504657,0.39238037661322184,0.38280300634714187,0.2494693151375156,0.22482937992610916,1648,True,0.24784218823873233,0.20320996567737684,0.24784218823873233,0.25685372069333756
1929,0.42446927008407886,0.4145542748116734,0.22855094287909491,0.3587021057303366,0.2117116034073366,0.2230350510060322,0.3485144374048999,0.3718656729688974,0.20070822048916295,0.2692048277141325,1488,False,0.26491141675419067,0.2237610495949159,0.26491141675419067,0.11175209914760648
1930,0.42178506716981284,0.3937915032316866,0.2197555503531164,0.35845639425070214,0.22176081035987158,0.2071390704691005,0.35737639889318756,0.3770728200485301,0.2594484586823835,0.2468650729866841,1848,True,0.25000675054067156,0.21464599670071235,0.25000675054067156,0.07149796409414017
1931,0.4299275383920993,0.41519153172941853,0.21684717865480158,0.3634337754135371,0.18708870163430924,0.22741029149575467,0.3551065004281235,0.3755854606874951,0.21535984587984153,0.25181132740500944,1488,False,0.28062523432848435,0.24283883675779006,0.28062523432848435,0.10243361612369294
1932,0.41304418355785644,0.41124856611415694,0.24463015689340986,0.3822788090550198,0.22432491938656696,0.24037552592497666,0.3240987712354885,0.3718446805951309,0.2050820865707214,0.24661490755205104,1488,True,0.24989103756332165,0.20796209698713503,0.24989103756332165,0.18860302357641773
1933,0.43122490017751,0.38969835813607895,0.20058950805341827,0.3410980992455658,0.222539842599586,0.22200007008115866,0.38204439826451775,0.3782947910168682,0.255062722224362,0.22949147042604323,1648,False,0.2640412597579315,0.2306353921240917,0.2640412597579315,0.13575243402451462
1934,0.4287017547791932,0.36565079364718744,0.23293223840283855,0.34933633548542503,0.22164435199155988,0.2342410106878971,0.3752895681429938,0.38201775649265024,0.24318713368203282,0.2372891095219472,1648,True,0.2412013083242781,0.20705740278763332,0.2412013083242781,0.2195900234961821
1935,0.462251793196216,0.307932255012256,0.2758693314284109,0.32912104279423027,0.2632812106694514,0.2494822798043038,0.40895912678247776,0.38568100926028226,0.1784363828905166,0.16637638753001288,1499,False,0.29207863438232823,0.29587540566620313,0.29207863438232823,0.18001869308262214
1936,0.42312108885845867,0.35529338782288766,0.2388693852446226,0.33660052738705687,0.22008597777402888,0.22429246489721993,0.40146431412392347,0.38549318934295795,0.2485236366165173,0.23257066574239607,1648,True,0.24635816276548395,0.2030351110844298,0.24635816276548395,0.24280467649876655
1937,0.43758152256679145,0.36628308194358977,0.22333516129456543,0.33443095344461865,0.2184687159517264,0.24594478336820735,0.388100796236429,0.37219599725424823,0.24633728123159518,0.23363410976578006,1648,True,0.24636103129914222,0.21911280661506505,0.24636103129914222,0.309734310011612
1938,0.4359403146371865,0.36820139557802517,0.22709515084963994,0.33855145398135694,0.22817333127013828,0.2492034888529409,0.383499882860901,0.36258888975460457,0.24451282665065915,0.23600772519607688,1648,True,0.2365889658927833,0.20884516378754658,0.2365889658927833,0.3373769394583946
1939,0.43571476492764155,0.3771686627767269,0.22242683906747582,0.33647759228023605,0.21551732831382067,0.23445986648166212,0.3724415662344401,0.3600931479414001,0.27734286931079394,0.24184202321728954,1648,True,0.23697599839132993,0.22019743661382088,0.23697599839132993,0.23620267387911265
1940,0.4754469595680177,0.3259202002782924,0.2851545743436782,0.31516253512496306,0.25571580739751065,0.26680102216956936,0.4022179023338679,0.35514488774512853,0.16142493516426498,0.1911731030943839,1684,True,0.2846533049939104,0.3140220244037527,0.2846533049939104,0.2961656456252246
1941,0.48367205405177355,0.30197684496642513,0.2682272506589183,0.3247074867222854,0.27285567509107084,0.26953249924102834,0.4020306105495824,0.3637848576600361,0.16945819837189965,0.1664584520243558,1499,False,0.29710970733156394,0.3172136020274178,0.29710970733156394,0.33391452622517837
1942,0.4350324100894188,0.369994793321876,0.21843730955974383,0.3427284117929921,0.23249215520288602,0.22419257912575055,0.3770627503211184,0.37990355802572956,0.24434047773087902,0.24114895339731435,1648,True,0.2476144877592265,0.21659510052967496,0.2476144877592265,0.2534567698017603
1943,0.4371661278645645,0.36786612886282155,0.22259820725018686,0.3306485104542135,0.2237506696254038,0.24296073880448676,0.3820821332447356,0.3710900909996959,0.2532837664487035,0.2402921706154974,1648,True,0.23929472367442184,0.21456792061437763,0.23929472367442184,0.33797991519900145
1944,0.43842031013244354,0.3646368631532703,0.22171706465967153,0.3472339541391048,0.25053238284480994,0.22708289995682224,0.37251770679867063,0.3788862632521592,0.2430847882839907,0.22214891191099828,1648,True,0.2464268169282516,0.216703245472772,0.2464268169282516,0.2726790623736408
1945,0.446488551993259,0.3708175306754197,0.22225313279212036,0.32906105617878667,0.2329984130886816,0.2321196027069379,0.38352871880111267,0.3766738381656088,0.23745492435155757,0.2278917025436155,1648,False,0.25521895442312625,0.22423541920113862,0.25521895442312625,0.3957817341425793
1946,0.4391388940725594,0.3715675832359983,0.2356864600479629,0.31971841987425237,0.2293016370688561,0.22025644070648792,0.390134915710314,0.3739725667893065,0.2532319518045925,0.23248073538870345,1648,True,0.24741491692371717,0.21888245336607148,0.24741491692371717,0.3753592928549697
1947,0.4375679065055862,0.3706056497891489,0.22714540059841046,0.33587549759312574,0.21307389484862635,0.2345632049951033,0.3778718529527579,0.37696632772028804,0.25929843043390166,0.23287676854153064,1648,True,0.24696034326970628,0.22449401165695984,0.24696034326970628,0.2667391245253592
1948,0.43847648522164634,0.36781175266025073,0.2156066661981692,0.3387075333982386,0.217591737937973,0.22693149502073343,0.39112317087479553,0.35888943590427497,0.2612462117922805,0.24974235883603166,1648,True,0.24659909400449187,0.22286981902347713,0.24659909400449187,0.2710219480327169
1949,0.4295378120147593,0.36147762131936717,0.20126829314431177,0.3511581466565537,0.21556744111032733,0.2358979689165456,0.399072713709844,0.3803318692568148,0.2452956323654928,0.23411908355121386,1648,False,0.2620185677909207,0.22826951887044755,0.2620185677909207,0.14211115142530767
1950,0.44419047924203003,0.3657749227903766,0.21753627990086136,0.3485528516862478,0.2177342420926094,0.22331192742676878,0.3840271866874592,0.37701389087753084,0.259808392574097,0.21377377885131615,1648,False,0.2644244773771018,0.23041670039071388,0.2644244773771018,0.23013274739024736
1951,0.4412394224942522,0.3582859603894224,0.22585579532319694,0.34553284861399697,0.23559659396400587,0.21129887280208584,0.3852162374411325,0.3766584023499907,0.25411622861746613,0.22703309195270052,1648,False,0.25329616936836163,0.22994054969216635,0.25329616936836163,0.27593746729566515
1952,0.4395846913223175,0.3718965128066491,0.2050838774917897,0.3400837021304557,0.24193620573910207,0.22824673137432164,0.38674289810675316,0.3681680327250174,0.24430068747933387,0.23518432806099734,1648,True,0.2528035344720891,0.2345008138305278,0.2528035344720891,0.2621071183841082
1953,0.4369380772194801,0.374493098011255,0.22298304655113937,0.3201296578196339,0.2310409792695287,0.23153152937802596,0.3977543153793054,0.36361145456613947,0.24668331314486222,0.24160789282656403,1648,True,0.24576863172449032,0.2139550306683407,0.24576863172449032,0.39538025371599905
1954,0.439812466361796,0.39078363231367114,0.20295205990740242,0.3566643587442096,0.21916111686082068,0.21359941176829825,0.3507080849919301,0.40072346252792956,0.24365614236664704,0.22102956785437217,1386,False,0.27912456910290007,0.23686040645439357,0.27912456910290007,0.20606843062034924
1955,0.4414792325731124,0.386175340668917,0.21974325805546369,0.3012426000017268,0.21703139122268383,0.24751268773019316,0.3917153993828307,0.3802222899660146,0.24252067744045291,0.227462330285625,1648,False,0.26034940115378813,0.22444784135042856,0.26034940115378813,0.4038019168625223
1956,0.41548575370831387,0.40719656213335065,0.23425858810396497,0.36628358405202044,0.20941254007341614,0.23235942991957736,0.3423898089669573,0.37427823146029326,0.2322116104464065,0.25187313024143565,1488,True,0.24708284825042995,0.20607321363489772,0.24708284825042995,0.1528018121331462
1957,0.4282946705384566,0.3630605540207701,0.22313526699132963,0.35051872424726627,0.2217417333046376,0.24021152282667507,0.393480429780099,0.37473228326066094,0.24962810237121313,0.21831557814428929,1648,False,0.2504266923613434,0.20997909239416732,0.2504266923613434,0.17952326974361607
1958,0.43786735026643364,0.3553665738276406,0.23037797980007835,0.34493761035742937,0.23583840094149383,0.22985118151532533,0.3859191494882527,0.36584305556627145,0.2560647348901277,0.23051164060847704,1648,True,0.23818322865550992,0.20801616875110832,0.23818322865550992,0.34364477547342864
1959,0.42223097663401055,0.364645305140709,0.23243133852167477,0.3375677517613261,0.2317839363487259,0.24712578253252274,0.3845925694522943,0.3757499234166525,0.25306080977744644,0.22987892735302679,1648,True,0.2294054039651333,0.19235204928098376,0.2294054039651333,0.2314756904236486
1960,0.4431010175536692,0.37929988536336023,0.24024987775411794,0.33869263498295715,0.21376204354977799,0.23429912001380984,0.3795525644257659,0.35517952065184855,0.2559859209875903,0.22589523845211443,1648,True,0.24673886208893034,0.22933897400389122,0.24673886208893034,0.34172367221049266
1961,0.44754008336695594,0.3554508770704501,0.22295305652233713,0.3218860041115022,0.23493059197652927,0.22050427475495668,0.3662456794507848,0.39211162185140064,0.276114832095835,0.22825981309016607,1648,True,0.24676576131013725,0.22703580861199926,0.24676576131013725,0.4230559832981071
1962,0.4222162393677702,0.36969528750868197,0.22099536265928726,0.3485141662848494,0.23943322890748195,0.24152911154089143,0.39327935519892354,0.35369579024143366,0.2608483108439682,0.2264552490730503,1648,True,0.23269730043141235,0.20122087670848293,0.23269730043141235,0.1940136674566909
1963,0.44248581850555996,0.4120923158542614,0.2139164571202763,0.37631027038112513,0.20928568091191754,0.2211411712674314,0.34679438799194284,0.36442758144910287,0.21098445413994774,0.23816882667039602,1488,False,0.28304342838793506,0.23320013759364241,0.28304342838793506,0.2488595474349281
1964,0.4324316633551918,0.3915608293705409,0.24798994475542008,0.3785796662872325,0.20597837077362138,0.20120943093700025,0.33715481785141016,0.37814809780099407,0.22597880780442675,0.2534034254551091,1534,False,0.26357269144759937,0.23122223241819154,0.26357269144759937,0.12319647632923676
1965,0.429203268669702,0.3701089135167361,0.21746147009106276,0.34882506637268296,0.2283979604162248,0.23636489858708762,0.3844036726899564,0.37027278094653804,0.2555798736354862,0.22718350973016255,1648,True,0.24444227154954978,0.21174179857863923,0.24444227154954978,0.18513897660119175
1966,0.4238829183105161,0.3506895736624095,0.21769665516086714,0.3480727656840507,0.2277145007378342,0.24127914089891442,0.38204667859640157,0.3864056005135453,0.26399459097751277,0.2318663324644289,1648,True,0.23675692197445872,0.20618626314964897,0.23675692197445872,0.17726286405119282
1967,0.42988509514109885,0.36202302148975063,0.23643952395947632,0.3328741917409231,0.23392231348491122,0.24933640796533024,0.3733468146795092,0.3892439242720855,0.24343401953787,0.22445972757709565,1648,True,0.23499223335665376,0.2054253675640032,0.23499223335665376,0.31109709729925494
1968,0.4340642203523277,0.36245659189806834,0.19775158075496096,0.3462020342549789,0.22507905284686494,0.22055720812557308,0.38120215546285124,0.3907438442184741,0.25409330853112094,0.2436937191130631,1616,False,0.2594508374718061,0.23631263959736676,0.2594508374718061,0.14488803968545708
1969,0.43166892416925917,0.35650904484534157,0.2367255500175726,0.33911770722232487,0.23184221070534372,0.22436254249314883,0.38269392000497515,0.37193582389770324,0.26504444984652364,0.23747551542580753,1648,True,0.23172553070664983,0.20730638167611035,0.23172553070664983,0.28804478456349564
1970,0.4439964155030451,0.3513794810915652,0.2515042932168744,0.3435284845426445,0.23380935990365728,0.20903790581611126,0.38027577579328387,0.3736907708304299,0.23818454605716047,0.24245291378649303,1648,True,0.24436653884163426,0.23495850968693383,0.24436653884163426,0.35148915030008043
1971,0.43960862276794116,0.36756474090213476,0.21497633444083494,0.33976047740074083,0.23531665024782628,0.2331186492005,0.3719427516954326,0.3847349479471978,0.23867049617963731,0.238629811034083,1648,True,0.24890090796252132,0.22463228832710622,0.24890090796252132,0.3104994322870224
1972,0.3973974013903268,0.3951060939070668,0.24497647862981906,0.3775216610726075,0.20229514311418595,0.23170176262450184,0.3604780084049816,0.36407904796293483,0.23055653547583674,0.27049418621127297,1701,True,0.23547446751895126,0.19510225827614086,0.23547446751895126,-0.07979311177279287
1973,0.4481093978433112,0.35947406994836006,0.23261333527635694,0.3535722173455727,0.21877396344153657,0.2242419306771366,0.389373786979478,0.3629140656154783,0.24511535660407008,0.22205289992937843,1648,False,0.25896613168045635,0.22933543440177465,0.25896613168045635,0.3424119457768307
1974,0.41370759333680407,0.40672976297067326,0.2345631392022975,0.3828572591580892,0.2116504779528019,0.19847551072387068,0.3663809953432046,0.368662925392635,0.2050733158456175,0.2557859957316052,1488,False,0.2736363341372938,0.2152320826129334,0.2736363341372938,-0.010410256578618599
1975,0.43741490863315874,0.39383155052547814,0.22759672085525715,0.38610532062803343,0.20531463785465126,0.19440651128012182,0.33298863521972627,0.3763080543055801,0.21771012321459915,0.26991192774392675,1534,False,0.27627992400882645,0.24300839735303692,0.27627992400882645,0.11245284480108941
1976,0.48058651034365146,0.3194155515650902,0.28675024745515354,0.2929313243858549,0.2672169379622118,0.26462770452245576,0.4188159433145839,0.3499179648926743,0.1557957811928379,0.1882058191733472,1684,True,0.2954448154379525,0.32479072915081353,0.2954448154379525,0.3905725154913075
1977,0.47658645389159343,0.3194684570557882,0.261010163210124,0.3341675191220867,0.27898960393371053,0.2545665595261583,0.3989076272102757,0.36904146852637587,0.1599357018088252,0.16575089500347426,1499,False,0.3016301692832502,0.31665075208276827,0.3016301692832502,0.14558382121984223
1978,0.4316479649872744,0.36493888300474464,0.21718131509532798,0.34946232039610164,0.2312866213876421,0.23189770551720207,0.38740771959310194,0.36931821054673963,0.24853293674672902,0.23598444746137334,1648,True,0.2446275712639825,0.21446664989194644,0.2446275712639825,0.2281623620439536
1979,0.44497579193164577,0.3547363779493237,0.21897593337000415,0.3467211672005476,0.23901161181706204,0.2286742107199277,0.38523503358744354,0.37928687069618655,0.23032679011874002,0.230779511027791,1648,False,0.2559170352962438,0.22599985856164162,0.2559170352962438,0.34454319515822934
1980,0.4213679792958593,0.3627457529513147,0.22966496485994836,0.3382530017801159,0.23189370382120036,0.2394856692591092,0.38532199120032695,0.37922571503320507,0.24873005323081926,0.24170966171192487,1648,True,0.2303255157533723,0.19170301443591092,0.2303255157533723,0.23637713958852904
1981,0.4096797430230798,0.4148049146272313,0.22309346695744495,0.3813609502813137,0.21596531690257784,0.20996954339937057,0.34879960808472005,0.37239405194343833,0.21618688973274625,0.25901549467876134,1488,False,0.26496683123419906,0.20483537122786072,0.26496683123419906,0.07635585630276001
1982,0.44134626932854965,0.3657387675417227,0.23860772057682503,0.3296818887766572,0.23033399845163394,0.2354536521716848,0.3840014833823373,0.35716170022250515,0.2497945899365574,0.24477275724573588,1648,True,0.23238354005394893,0.2110122708769157,0.23238354005394893,0.47175020463356204
1983,0.43181898963444326,0.3788796141289373,0.2271258344351067,0.3318972800897738,0.23164571203185402,0.22524954672676337,0.389316455132163,0.3731243285496656,0.24836745471838956,0.2266453075419882,1648,True,0.2492220840821194,0.2065694429076799,0.2492220840821194,0.2685716022995393
1984,0.4811951459330526,0.3108662945168013,0.27109419715954747,0.2969513438745085,0.24741897200365237,0.2795692406055404,0.4079741225031761,0.37502056394396815,0.15919854780813933,0.19580250372248512,1684,True,0.29455815233476157,0.3219965981249133,0.29455815233476157,0.43844185916543493
1985,0.43246598491965377,0.3628678181895826,0.21960108892204885,0.33540083240594665,0.22527222324006405,0.2331948845027752,0.38062728862784123,0.3849669368015352,0.25694412519663884,0.23739708149441355,1648,True,0.24322727721151732,0.2128648959976049,0.24322727721151732,0.2636593378549187
1986,0.4202755770068834,0.3805549536075714,0.22478552525402676,0.35301475282228184,0.22389245436014416,0.23621316090984057,0.3768335963844883,0.35933908267318637,0.24556190253665156,0.25699250261056855,1648,True,0.23160565543370432,0.19638312264673924,0.23160565543370432,0.14567029832721404
1987,0.42813289615917105,0.374516581953969,0.22256815171313674,0.3396392459002914,0.2362066287312014,0.22482359169748842,0.3943854778627761,0.3721646531195122,0.23854991135207698,0.23293011898021362,1648,True,0.24941648064984237,0.20556474444603431,0.24941648064984237,0.23185108750851371
1988,0.49182812199819226,0.31214439476111056,0.2854116321170816,0.3122582128788811,0.26306314768882305,0.2611847763420308,0.3996996851788084,0.35587969491394184,0.1633120211177189,0.17665012052778534,1684,False,0.29846061493721626,0.32851610088047334,0.29846061493721626,0.4559755731904645
1989,0.43158231081652915,0.4140109509659948,0.22243819804477916,0.37506032528016725,0.22367027616015833,0.20614454628006443,0.341041679475774,0.3579116277085081,0.22375135077973757,0.2553112769912083,1534,False,0.2653811601975163,0.22543776453646472,0.2653811601975163,0.23027739104598904
1990,0.4320689943534521,0.3696622655018414,0.23148370871784124,0.3380286237589977,0.2356026247677748,0.23411343485448627,0.37642599936430776,0.36784246532033876,0.24736908551126358,0.2455694642385379,1648,True,0.23064358504133384,0.20058528563561084,0.23064358504133384,0.32364679657723205
1991,0.4296801826915237,0.37322058040446326,0.2392835428695871,0.34758332988376994,0.21250209053582034,0.23601914327231677,0.3874226007489588,0.36900373263083525,0.24576386246716267,0.22469641080572766,1648,True,0.2478160877620306,0.21717809215570336,0.2478160877620306,0.18927560411825825
1992,0.4483973477425976,0.35432227135653527,0.22633950941690023,0.3332759645282009,0.23388716290315015,0.23433677575235792,0.3862752387195101,0.3686115342352394,0.25539609492829546,0.2261989976509053,1648,True,0.24542415849101484,0.2221983500916923,0.24542415849101484,0.4597665063899537
1993,0.4196725074007788,0.4077073942395799,0.23210096635622307,0.3692546288209046,0.2537115191492038,0.18036595976734837,0.40416837551659907,0.3294591974104669,0.24212765309226852,0.20001793523411687,1458,False,0.279695169964419,0.23930654763343046,0.279695169964419,0.043301529007132786
1994,0.42704609714875374,0.3673509090352898,0.22194718736595553,0.3289357894007594,0.2353009325618587,0.22697471935006036,0.3933384876087784,0.3854275909062926,0.2412767958132846,0.23844809720350055,1648,True,0.2467019706299461,0.2050989097827982,0.2467019706299461,0.2696345800193116
1995,0.42967416282986176,0.3734287177281731,0.22443205994885998,0.3439211223208829,0.22115052913192973,0.24075097178239638,0.379458189015842,0.3743912871587052,0.26023645536695766,0.22029676778838972,1648,True,0.24452136875469693,0.20937739504147204,0.24452136875469693,0.1772356089247738
1996,0.43220163835364916,0.35206421210699074,0.21767122246832327,0.3417670608678318,0.21923429860770038,0.23664275921319497,0.4065184265289051,0.3666017491816728,0.2607510348490088,0.23099437312052037,1648,True,0.2487442146867924,0.2145304158853259,0.2487442146867924,0.27930778954930485
1997,0.4180380379811349,0.3743575962385519,0.2150623213992291,0.35023099036839433,0.2265938463025353,0.22615322271406613,0.3994637628736201,0.3614829199942314,0.2643026935974772,0.2315164697674881,1648,True,0.24521666949219406,0.20297571658190583,0.24521666949219406,0.11033663917585904
1998,0.430314936406789,0.3720316153570016,0.22357917205556674,0.3323339169765726,0.23444525592703244,0.24161851724122985,0.385449056976398,0.36947032480559866,0.24963151279844337,0.2350505894727905,1648,True,0.23638780254663747,0.20673576435122223,0.23638780254663747,0.2971870442342289
1999,0.48301478058576336,0.29384784649674583,0.26354717727453075,0.3463005007722908,0.2693352803676966,0.2474599868179715,0.38892272050977467,0.3838430396272813,0.1724523729753651,0.169867279044064,1398,False,0.3014555239567363,0.31314750154169935,0.3014555239567363,0.3577742001268635
