ID,strat_res0,strat_res1,strat_res2,strat_res3,strat_res4,strat_res5,strat_res6,strat_res7,strat_res8,strat_res9,ancestor,alive_at_end
0,0.010573988426098574,0.12327912864848997,0.1063520723564794,0.12201779185556791,0.14687144066366367,0.13950942001568922,0.10527341601538961,0.024455247714390387,0.1691719055200189,0.052495588784212364,0,False
1,0.012368184421412657,0.1162005316309772,0.09837770687214223,0.11458833610203131,0.15266483759871285,0.13363780797051003,0.10281907662804503,0.03466548382235971,0.16875079582947575,0.06592723912433338,0,False
2,0.016480576597559877,0.12400963153393564,0.08889288789724796,0.11603327033205445,0.1376928337989694,0.1355098665821106,0.11518104022524252,0.01910521675825766,0.17437474131308053,0.07271993496154129,0,False
3,0.0198472644875384,0.09888749713514407,0.08577513489607284,0.12192009046838224,0.14702639609936297,0.13724728416025542,0.10072314732051772,0.04324177855421911,0.1672672427695437,0.07806416410896343,1,False
4,0.020138552589703713,0.11576835809053627,0.09850902676577858,0.10884195251308146,0.14594329979069098,0.1403943794764982,0.11880640135755367,0.03418845137349169,0.16352609836154877,0.05388347968111677,0,False
5,0.01948396578576356,0.11131033305946948,0.09476139721494248,0.11679275802895527,0.14420621632557162,0.1327410148827131,0.10154701060427912,0.05540216646940874,0.1638736951285143,0.059881442500382305,1,False
6,0.018511653063822655,0.11910470730812935,0.1037935521655085,0.10780403865435412,0.13446863950506086,0.15220671321743814,0.10331038635753997,0.03356985063198854,0.1579347302001681,0.06929572889598964,0,False
7,0.0001721454877502124,0.12489399877334154,0.10211774720225608,0.1170231249000911,0.14320326091872357,0.15212518506664702,0.09712762347958953,0.012407212898318564,0.1692529128015242,0.08167678847175817,1,False
8,0.0015303212376307335,0.13104638942212057,0.06633869618429238,0.12309412992002487,0.14053686937367277,0.14887770652885945,0.12262171068793726,0.026023366745303783,0.17403870874805968,0.06589210115209848,2,False
9,0.01538128830996683,0.1368436344419485,0.10115229583776612,0.12548282491531162,0.13544169641886472,0.13351767479740115,0.10058761614343215,0.03943533587932221,0.16456973546901527,0.047587897786971436,2,False
10,0.03364670831557894,0.1056186502452045,0.08341223923202239,0.11820743097394813,0.15169892653452163,0.12673474634826873,0.10424506858317098,0.03286187735405781,0.16244723781586876,0.08112711459735816,3,False
11,0.005828122988122949,0.13246414649534372,0.09234831120612563,0.11759752352260154,0.15003336485808882,0.12875892458872554,0.11194699828639167,0.029860568930010177,0.1815969103990675,0.04956512872552241,0,False
12,0.020328774074530855,0.11081995856350918,0.09956906897032773,0.1077679551205415,0.15675104156493386,0.1359608543137193,0.10414412949312807,0.044298922142299635,0.15676252985094216,0.06359676590606787,1,False
13,0.0,0.11929174534931948,0.09912420589083971,0.12733476753159836,0.14305129435123715,0.13344756099335695,0.09956499902854558,0.04202861183281908,0.18359925140216335,0.05255756362012039,1,False
14,0.0131262457191795,0.10283693015762994,0.07741557285423921,0.11876982539042782,0.14624634396297223,0.1281676433488938,0.11061607768606012,0.046987588486407085,0.18056421015393248,0.07526956224025795,1,False
15,0.017058643955982344,0.10670071977860147,0.07940544030677935,0.13500287902970223,0.12718558787319437,0.13238030638980913,0.10432341331800221,0.03838560574230861,0.17463651646927966,0.08492088713634054,3,False
16,0.015637967475905738,0.09699972964908675,0.08877581320663329,0.1332715046830208,0.14276314566644602,0.12495804756424302,0.09601284786080136,0.0604632168790212,0.15916018625518474,0.08195754075965714,3,False
17,0.0,0.11411781514200524,0.0619982991701275,0.12203336144914369,0.15092448249759868,0.1466021474533384,0.11158052183380335,0.04376018776633771,0.1867413407954591,0.06224184389218635,8,False
18,0.0239851269613539,0.10075766160834908,0.10152265125923433,0.1071463886936017,0.1635924198896106,0.12296478932072784,0.09687654420853838,0.04021159814988873,0.1704691066071593,0.07247371330153626,1,False
19,0.02094671602509315,0.11121318507175561,0.12185941346155142,0.10470549459306203,0.10711335011534717,0.14569780098315727,0.10597523623232842,0.04413498593919241,0.16800366593700153,0.07035015164151111,6,False
20,0.010653218709595545,0.12431080599334779,0.053351077581446436,0.1258976059100007,0.14327351777616334,0.15683232640523442,0.1355028237369964,0.012291484129515714,0.17538261553004383,0.06250452422765576,8,False
21,0.03515106672274784,0.1060402294182517,0.10746556031776874,0.12289391274697951,0.13040792872366389,0.14661537331654786,0.11412028055808116,0.033491067633097324,0.17035964645482313,0.033454934108039035,0,False
22,0.0402651644753167,0.10657438717212463,0.09860055403126032,0.09275547753277487,0.14726663740503831,0.13271563712691362,0.10201923357623872,0.06269437762949441,0.15526989456784385,0.06183863648299455,5,False
23,0.013861461632409703,0.1368595344323327,0.08238521865122925,0.11247620821586236,0.13672587029669753,0.13292177253290746,0.11356339463570514,0.020685071276765127,0.17029344500512106,0.08022802332096955,2,False
24,0.028249024383669087,0.13438825849883673,0.08271349994718546,0.12108843704433478,0.12493563908725328,0.13151689417407952,0.10161420960650595,0.020851755595760593,0.18197324456803263,0.07266903709434203,2,False
25,0.014159394983660806,0.11775624468504041,0.0965212739185126,0.11604750122333232,0.15034168947330595,0.13871821224750866,0.10673250182451383,0.03309265783675126,0.16212991165256463,0.06450061215480948,1,False
26,0.0033419906264557306,0.12136972572098943,0.08552687961587614,0.10905606175883922,0.13573472955300095,0.13146915573347454,0.111721758047954,0.02973101720793385,0.192562419449744,0.0794862622857321,2,False
27,0.003640093183994824,0.11649575406833955,0.10431000144214583,0.12261361358484563,0.14925364336120608,0.13427078386850813,0.10437941345509363,0.039744677424961954,0.16445576735591563,0.06083625225498884,1,False
28,0.012379136345715767,0.13020952558850482,0.09837880638486958,0.10711863170633805,0.15851081352620344,0.13996706758738028,0.10215234665068647,0.0383914450530074,0.14963573165072513,0.06325649550656905,1,False
29,0.012077481511805706,0.11902958593859661,0.08480549711957416,0.12206199038383994,0.17004359239622574,0.1228531486886448,0.10133118610043206,0.03738031814484254,0.17068814868817375,0.05972905102786463,1,False
30,0.009473516410990757,0.11082606973280948,0.1042755188510011,0.11381269101103146,0.14384195794128515,0.13266531844064405,0.11536313031168122,0.061237087153293894,0.15477041602797495,0.05373429411928788,5,False
31,0.02074385678785999,0.11284091787585034,0.10868276629694995,0.1304919389290419,0.1609579309553846,0.13308802427826869,0.11330471728191518,0.0056713490798943455,0.17589965584167436,0.038318842673160596,0,False
32,0.01271393317620908,0.11994749462495818,0.10725070102780214,0.10718877351894048,0.15259890706506143,0.13629561231736484,0.11077964212258896,0.031694337909194986,0.16149183450112728,0.06003876373675264,0,False
33,0.040289087158480445,0.0960474380071163,0.08109793418011144,0.12977810191287617,0.12553090461579244,0.1429379586169109,0.08933707828028516,0.043254236783409686,0.17189508138447954,0.079832179060538,3,False
34,0.013191709934002073,0.11407872399852058,0.10026112127055481,0.12389230320935109,0.14084483466925737,0.12386228917827458,0.10314384677381215,0.03848573432285399,0.16263427068767314,0.07960516595570022,1,False
35,0.005312727072555743,0.13782082242381244,0.10773073591840973,0.13231349514507038,0.14162883742429858,0.12402442195997967,0.11076159904625642,0.012310018473538135,0.17964746565384973,0.0484498768822291,0,False
36,0.02424824694625128,0.12241798396840055,0.09811166843503694,0.1211258622886845,0.15024756745302945,0.12740344528147046,0.09200484447498777,0.03278365318750351,0.1637360861659535,0.06792064179868214,1,False
37,0.007906297917157287,0.14114807207294575,0.09890091593445113,0.12006396768044056,0.16550541726552107,0.1542458126436179,0.09286526253865417,0.0,0.1759013320625638,0.04346292188464833,0,False
38,0.02258887470888625,0.09495941076286876,0.08494381390057809,0.11521810339170421,0.14906733789541002,0.13786892131171102,0.0981309389737551,0.038822022186564484,0.18067182235127321,0.07772875451724888,3,False
39,0.005769163370993025,0.11874767218329531,0.08483755656024057,0.1036590947046604,0.16572531746468486,0.1260763460555582,0.11736375876341124,0.025101728702122607,0.1867027642917192,0.0660165979033145,1,False
40,0.03621718880682222,0.134281787996995,0.09229130727289243,0.09964472137576505,0.14031146689742904,0.12367483400015825,0.09380121744229378,0.02679933848414322,0.17427195293593675,0.07870618478756412,2,False
41,0.0016059945258515265,0.12905679788157148,0.10558792956077694,0.1123679869849316,0.15557927050289305,0.1376614365500662,0.11463311060699,0.018751945944552414,0.16493739733028057,0.05981813011208613,0,False
42,0.004592159597711047,0.12234669041762185,0.10707705558527564,0.11734635641797422,0.13116184005590728,0.1650021523631352,0.09506377689516121,0.00858288093421812,0.1630382794858949,0.08578880824710071,7,False
43,0.02030889247934625,0.1001851686048903,0.10349459431410579,0.1107009676435773,0.15062131047821303,0.133857340077296,0.1146409521613441,0.03541767293667621,0.17799454248459673,0.05277855881995426,1,False
44,0.0002940982118115525,0.1148099288433508,0.10076357519249592,0.10614401698997611,0.17190415996487116,0.1387831936141966,0.09535987775097958,0.03992905944964051,0.17032766728979065,0.06168442269288708,1,False
45,0.028887810465144857,0.11039742638121633,0.10090689230519456,0.1292519602535512,0.13381202037499135,0.12574344926522366,0.08536613319257515,0.06575755564037239,0.1658590289761529,0.054017723145577595,5,False
46,0.027133884247329966,0.12646161743185932,0.08517391678933339,0.10911234503186573,0.12401631112961588,0.15764097363252008,0.10967377871991316,0.022980711117139892,0.1644098778299194,0.07339658407050313,2,False
47,0.008734430565334845,0.11332567407688245,0.08989971488086948,0.12692857081294973,0.16082815760744137,0.11848235729125824,0.10626781549078214,0.04113906935170328,0.1712795303702949,0.06311467955248365,3,False
48,0.009572028740988938,0.10817878995506094,0.06467413422476183,0.1240961910317899,0.15219444945605798,0.1527034647212239,0.1066026443212881,0.04000259362685618,0.17204924268109542,0.06992646124087686,3,False
49,0.036277717339277406,0.12425997561794454,0.09076788280184893,0.10048758736717885,0.14555132640816928,0.15011473668794248,0.11816331828650926,0.03384160370096656,0.14750933815212522,0.05302651363803757,4,False
50,0.009906188884603673,0.1251314174888826,0.09857201521831334,0.11279623569630347,0.14236433299913592,0.1335135170906706,0.10767261410130688,0.014460201617952483,0.1902816087436896,0.06530186815914131,2,False
51,0.019794827845785287,0.09861431275977295,0.09806909503441318,0.10096771804356036,0.13038178512069418,0.16177119572336562,0.1108398302999976,0.013772930823452054,0.1854369751667299,0.08035132918222895,6,False
52,0.020344501637792632,0.12568361103836648,0.09064174320949549,0.1067930596935808,0.14711607790497216,0.13160013290139483,0.09900192154386137,0.04545119265183604,0.15683982682974235,0.07652793258895764,1,False
53,0.01973439810299747,0.09498092948257576,0.09385261186092829,0.10896752248274172,0.15353413271006722,0.11548397289270164,0.10465856099839065,0.06421083060224064,0.1670926848691253,0.07748435599823134,3,False
54,0.03085762397522655,0.08877676751968688,0.09073337255988163,0.11145141433066906,0.14400990240442285,0.13583418679276,0.09776191485143197,0.03509058730807742,0.1825023345056392,0.08298189575220442,3,False
55,0.03393543397259117,0.10078504239479337,0.08466241217320694,0.12240677626913064,0.13893435047122918,0.1430166198470917,0.07893928108096862,0.03673769784226756,0.18173019926030168,0.07885218668841909,3,False
56,0.03451092025006402,0.10602719539163596,0.08057406732017966,0.12419242244542654,0.1412905296915856,0.1421585611097188,0.09228517507466909,0.05502468753601743,0.14615741767861695,0.07777902350208585,3,False
57,0.045954429044259615,0.10004415884519642,0.09646451087663228,0.10972161149698412,0.13736260337001224,0.1252243998624546,0.08990257249172806,0.04545109116167672,0.16486986107372206,0.08500476177733401,3,False
58,0.0007341228158174398,0.0930999802844213,0.1188247935157587,0.12076757571316912,0.13303080925799823,0.1376917823143168,0.10524369235177451,0.0692622124559524,0.16022787649646741,0.06111715479432401,5,False
59,0.024017728588334387,0.1094068925412188,0.09955647051477529,0.11807657461766846,0.14918303177612388,0.13012853383022602,0.09438913519826075,0.028843667832549786,0.17436774040653696,0.07203022469430562,1,False
60,0.012606377209315364,0.1258616452193172,0.08887883778512956,0.11478133301277699,0.1376448446398543,0.13972827126642495,0.09739563160056264,0.03500070124419681,0.17142380824522307,0.07667854977719912,5,False
61,0.022680520243363863,0.11384228544504085,0.08550619372987196,0.1266303698149151,0.1323315732547336,0.16722610453948034,0.10082670087858497,0.03806591057146952,0.1464027567940503,0.06648758472848947,6,False
62,0.023735105145634813,0.0769208281824799,0.08803859839939263,0.12264163892132476,0.1453907943677905,0.14080474967286308,0.09285751351642832,0.035216875694303304,0.18217414169667256,0.09221975440311007,3,False
63,0.013015697449816677,0.11881514558531574,0.10316071589021414,0.10703323106802631,0.13629449187350062,0.12385956991798643,0.10394174802310455,0.05305535739943408,0.1746528568472117,0.06617118594538977,5,False
64,0.014062413416666426,0.09213949360034941,0.07916175938730982,0.11824890372126494,0.16145408251528862,0.14102339733248428,0.09841407452322602,0.03885296291339398,0.16170374876889843,0.0949391638211181,3,False
65,0.010648271351695516,0.1202808356605961,0.09296536602379055,0.11629261411808102,0.16148693301211006,0.1135013323310025,0.11286013507846088,0.047798158130999906,0.1663027879311628,0.0578635663621007,5,False
66,0.016751827487214953,0.10305515476335371,0.0818284068022714,0.11078458203866377,0.1401977922323373,0.14907082201820754,0.10651303818713986,0.039133100646131104,0.16552817355079305,0.08713710227388748,3,False
67,0.014746576084381199,0.09752004258801107,0.07620129375499203,0.13547043982425966,0.14246811860778377,0.1354169033673899,0.09734022153191804,0.03471324054737456,0.17533132838324617,0.09079183531064347,3,False
68,0.043580160132010146,0.11843699974308904,0.10302579139890458,0.12049613552924368,0.12926162021129795,0.13695445637866116,0.09792217535096437,0.05330169302705281,0.15127365395412176,0.04574731427465469,5,False
69,0.02180711999456467,0.1115231158711996,0.10575137553226918,0.13274809168771587,0.13801575890697398,0.13040245021341265,0.10274681336963278,0.0517320011519589,0.1587057187110759,0.04656755456119639,5,False
70,0.03078514888654111,0.09009918422123256,0.07830891194823374,0.12319686740157673,0.14730293176985992,0.1299234480957502,0.09512839287313513,0.05625024913796913,0.1598520940487611,0.08915277161694032,3,False
71,0.02605805740268016,0.0947259796272674,0.08719794339338938,0.12226869024012849,0.15964926741036525,0.13817620560225652,0.10529412487042863,0.04484745086619517,0.17250171713252627,0.04928056345476272,5,False
72,0.011690905042363083,0.12358628973167683,0.10807947332953222,0.12595351596191043,0.14435351287576026,0.11517392938842391,0.09260228429890655,0.04277291391275943,0.1766472951235101,0.05913988033515723,5,False
73,0.02154099180360166,0.1028118386466592,0.10166913165303296,0.12683600184646063,0.14134765221335038,0.12547908838169164,0.09513143144344605,0.05271857073983076,0.1647597416028432,0.06770555166908351,5,False
74,0.016758420509405878,0.08782974398865592,0.08781985683094723,0.12514543989338592,0.14990701230969103,0.1546123998953167,0.08830041712240462,0.044800570856192636,0.17006700888443124,0.07475912970956866,3,False
75,0.014575339243361969,0.10858852931502093,0.09497020143471416,0.12527793499970555,0.14686887813739552,0.13781963257370217,0.09516545304803686,0.0626421161392408,0.15266199937248376,0.06142991573633821,5,False
76,0.015419339036882392,0.11037517052220835,0.08560180377382696,0.1292208955208235,0.12411102754806312,0.14091746872247718,0.09756571933759639,0.037537405365823645,0.16640216839542205,0.09284900177687626,3,False
77,0.04414221017194776,0.10616321357437075,0.09576915567835968,0.10866295068131493,0.13106227436559834,0.1416411090040254,0.08909523988944724,0.036565962249674386,0.1775109361628227,0.0693869482224388,57,False
78,0.03868062299046807,0.11341055723256137,0.09994835460089593,0.10917255203007481,0.14288931904599367,0.13212546821214025,0.10044963556763531,0.05818875747946346,0.15547783942308727,0.04965689341767996,5,False
79,0.02019803454427786,0.1390080075225114,0.1099460246028034,0.07560778635681772,0.14248751766483228,0.1661650285876568,0.0915217349646985,0.031073698883702646,0.15703032525040822,0.0669618416222912,6,False
80,0.029498896286972946,0.10362181659775965,0.08942012496187703,0.1162885100287132,0.15365248781647603,0.12063879772601149,0.1182378241867382,0.06079654215728773,0.14372475683245584,0.0641202434057079,5,False
81,0.031232878765588768,0.1073663809650638,0.09288642015182472,0.13084242724180425,0.13423487653776334,0.1338498067163407,0.09453989411493673,0.02171390325513534,0.18376777212423803,0.06956564012730432,3,False
82,0.01688499939355313,0.08951842069945425,0.1116546269831782,0.12465344342918523,0.1514192803790067,0.1422664161416352,0.11848685918780011,0.029871887841957642,0.15356237822614874,0.06168168771808085,4,False
83,0.01227545017571706,0.11648597361236504,0.08586963343971266,0.11885426004791386,0.1376708601435899,0.14305488221917195,0.09001529871223507,0.04321549411987275,0.1643584066267306,0.08819974090269109,3,False
84,0.016327424255524484,0.09637026832618645,0.09545811459916104,0.122469213431274,0.1631671526527575,0.1380112584850891,0.10589961947038093,0.04897923631434384,0.1677070976797347,0.04561061478554792,5,False
85,0.011572229108545268,0.0858439919631154,0.08809863082403102,0.13324983199400484,0.148493675916771,0.14278652017597085,0.09814946137954626,0.034733982151461264,0.15879614123336674,0.09827553525318732,3,False
86,0.002655224638570489,0.10160502776762383,0.09350854959272671,0.10204046820068119,0.15410324993430097,0.1398564984517323,0.11070561471585498,0.051355534362227076,0.17202574640153587,0.0721440859347466,3,False
87,0.022921665021476835,0.10654198643815659,0.10352004149944764,0.1267309908221425,0.1448921636153433,0.12789295872970552,0.06751138130386326,0.061006937091130226,0.17231648718669085,0.06666538829204323,5,False
88,0.05809105656427704,0.0984957776488721,0.09879577063843047,0.12248222496804971,0.12401837519483411,0.1395700640179875,0.07799877698982986,0.03338020439514787,0.15782977680135163,0.08933797278121965,33,False
89,0.013055016017307476,0.10433847796166296,0.07586476591755167,0.1403582630880841,0.15121885921984857,0.14161722189769307,0.10715636003771548,0.047130758199113214,0.16050700955112868,0.0587532681098949,3,False
90,0.04437258649364203,0.11322435803194389,0.09897134660502137,0.11308051200803691,0.15174758987634818,0.12314575214872903,0.10138690238030149,0.046401527884347,0.15926916859585383,0.048400255975776255,5,False
91,0.033427429204603835,0.1043598298404926,0.0979580604736341,0.09635912874716775,0.14479285562765487,0.1347040827510739,0.08672569781187545,0.0714720841106197,0.16445123708636267,0.06574959434651521,22,False
92,0.006550510827084631,0.12321978743835327,0.08985723068244512,0.12145389820787146,0.13221813805652552,0.14390311352933366,0.127818171527395,0.01889235153189306,0.1692717456823307,0.06681505251676763,2,False
93,0.016763193411792193,0.09631726190091633,0.09854776374393732,0.1100930372823194,0.12173947040876158,0.14222183884422798,0.13055524975099325,0.02460581976292648,0.1667464041099502,0.09240996078417515,3,False
94,0.05357344026622241,0.11485583681367303,0.10151235833151044,0.07876690082584681,0.14762778219441497,0.12546780366596874,0.10901138667942492,0.05867084182981981,0.14999973438375663,0.06051391500936222,22,False
95,0.03325142589489865,0.10357421878987866,0.09357024772044757,0.11967288610012172,0.16030432543085804,0.1372708323727064,0.08813316952562697,0.0442158541435806,0.14348820518513553,0.07651883483674593,3,False
96,0.0,0.10980989952121525,0.11445153179140037,0.12503832409114923,0.12294773049348388,0.16296197354009628,0.09331620160920426,0.03702917395913873,0.1775102198584334,0.05693494513587863,6,False
97,0.025973644996905416,0.09877828922612399,0.09695449680319033,0.140652612988007,0.14182535377712518,0.14113681079489682,0.08983426964645033,0.054926065832962785,0.1608259984348493,0.04909245749948882,5,False
98,0.047733007347720825,0.10828423141021577,0.09697853935191157,0.1138569612304869,0.137836469823521,0.11750633792114659,0.08374751808882323,0.06419622177737692,0.1783933675646594,0.05146734548413778,22,False
99,0.026196181085704345,0.11417299391482177,0.09420069916021125,0.10893184950439339,0.1474810868951808,0.1425464631409497,0.09144039617692545,0.04433968869245054,0.1570493550538736,0.0736412863754891,5,False
100,0.030452127052038362,0.11168969092737761,0.11033807981936769,0.0972205941841631,0.13334433239502733,0.14271139068616345,0.12418596362379904,0.04856832488144492,0.1562085705746825,0.04528092585593594,22,False
101,0.0507400061721276,0.11017501905926255,0.10223141017169325,0.08096924928373082,0.1558541339381164,0.1258162853117146,0.08887876485933091,0.0884534747991661,0.14514788982243,0.051733766582427725,22,True
102,0.05196468739521195,0.11201357023941512,0.09408919344867049,0.09490049047870948,0.1338105886989175,0.13354372158303363,0.10631016234584659,0.0639014102789914,0.1573173482915466,0.05214882723965726,22,False
103,0.019400323661495553,0.10050371230179016,0.07327445392877924,0.15150622731592708,0.13653456705070188,0.12253585804860682,0.09831447885133505,0.04432614094141281,0.1713882507467745,0.08221598715317709,3,False
104,0.044413340920365016,0.09747672642683883,0.0972011268411453,0.09627159568254733,0.14716182956708257,0.12366949061289505,0.09930017010920211,0.08676207023943588,0.1515425325533552,0.05620111704713274,22,False
105,0.03815873992294912,0.108545296822689,0.10094960199245148,0.10036679806212374,0.14990972474423905,0.13630435113308198,0.09703743111680586,0.04930455361107901,0.16151847074790604,0.0579050318466747,22,False
106,0.04430019174828355,0.10624361362174622,0.10061120955144626,0.09803697908703543,0.13948545778670315,0.12619812124530028,0.11086145404641008,0.0663878068341331,0.1606004915621921,0.047274674516749875,22,False
107,0.049272803028580864,0.09600520711887309,0.08810837906359004,0.08870716059357786,0.15829832711726072,0.12528396242331286,0.11008681106471353,0.06619779445496829,0.1558682131485463,0.06217134198657646,22,False
108,0.03854258107546804,0.09603591274170319,0.10360193012506257,0.0889879204566116,0.16586060036205139,0.13573098936671577,0.09353098455566451,0.06313915523081227,0.15489004635130718,0.05967987973460342,22,False
109,0.025655022018243216,0.11202449617380472,0.10467579105905048,0.09323191426652574,0.160437366053882,0.14267839673362306,0.08301203793911607,0.06251369740446602,0.15288932478138625,0.06288195356990244,22,False
110,0.0473991729074058,0.0857477091951464,0.09937301290109087,0.10724115761405248,0.1411140831502389,0.13208143262232058,0.11069203748635337,0.05527087506094367,0.15201175366924943,0.06906876539319852,22,False
111,0.050717763873942785,0.11276625946567756,0.08159917278910782,0.09042648042942467,0.16356695406010618,0.13006150527409444,0.10662821851956872,0.05871934030920259,0.13377378889101496,0.07174051638786014,22,False
112,0.047908720856820707,0.10598980535731603,0.07637663232846804,0.1427388734702516,0.12909473262655285,0.14554063107438936,0.08312265045428693,0.040914558535598666,0.16055029775466434,0.06776309754165138,33,False
113,0.03448510484008903,0.11363995187222856,0.10817930668617504,0.09153494562181069,0.1635946976038151,0.10368789758029512,0.11381200073265371,0.0677717993842086,0.15431303823927503,0.04898125743944907,22,False
114,0.05592907242127131,0.09239138512868153,0.0905993249757723,0.08726864765935514,0.1500645931344303,0.13587854297606047,0.08809477557726239,0.07564082677617376,0.15165375744949505,0.07247907390149765,22,True
115,0.04977880298784688,0.10264435886532967,0.1172259820927834,0.09214703914596237,0.1408776950520381,0.1308258599679998,0.10227522501340588,0.05330247011686139,0.14904277897583215,0.06187978778194037,22,False
116,0.031181462192907277,0.10311050227945893,0.09917921215478791,0.100422198745329,0.13803142622245002,0.1402700498349745,0.09380349164484082,0.06632226173231376,0.15420984178139135,0.07346955341154661,22,False
117,0.04289111201163517,0.10565595489503762,0.08659405134138183,0.08249325174552402,0.14207994989980555,0.13527877302526514,0.1016165382497597,0.07063102853307739,0.16304293344393125,0.0697164068545824,22,False
118,0.021206420326149247,0.11168137635792924,0.08798464521908601,0.07665827484172957,0.16314624229519134,0.14156126065116797,0.10876088917798941,0.05810325464605035,0.14699787204082612,0.08389976444388078,22,False
119,0.030997281763555005,0.09292591312117952,0.09061993023663248,0.0992632460642929,0.14166158828895448,0.13962833040039938,0.10929733674827957,0.06851853612957927,0.16111305341935173,0.0659747838277755,22,False
120,0.05650292729923603,0.11474197110773006,0.123309579487545,0.08319910103579349,0.1586456565208514,0.12658702917328904,0.09732083766778103,0.046209731872002134,0.13808829482260282,0.055394871013169054,22,False
121,0.033685281561292975,0.0961366194702128,0.09703364367924519,0.09175589486511668,0.15512321369302018,0.12623989773869476,0.10929292558348247,0.06253795351252443,0.16845518153613862,0.05973938836027195,22,False
122,0.05179086873873994,0.08288798721767611,0.10074820056980062,0.08133154273598908,0.1530722878571722,0.14055995334290458,0.10669657880813764,0.06895473344953658,0.1649746005991596,0.048983246680883684,22,False
123,0.05144346891245188,0.12159218252199691,0.09421639358379592,0.07955993969615381,0.16490687193645284,0.1381013451692689,0.08337806026512225,0.06357827313792096,0.15436417043917822,0.04885929433765844,22,False
124,0.03730077959092115,0.11784217532637248,0.09458484563675289,0.08734801438907461,0.17074511209823515,0.1195034442025993,0.10011408981601183,0.0560552496176748,0.15981159817200605,0.056694691150351674,22,False
125,0.026648149471381537,0.10831097730313512,0.10569265273330039,0.07736121739195706,0.1442948654103982,0.14573559252271853,0.10174251958024912,0.054243102327053656,0.17613730997868535,0.05983361328112106,22,False
126,0.04721060671522363,0.11366912742441164,0.08253029312398645,0.10433361848717844,0.13263463057859537,0.12644825102514534,0.10667474845347441,0.055710909833710194,0.1786359781152294,0.05215183624304522,22,False
127,0.028892680985227955,0.11212185907784115,0.10569934255670389,0.09208276985826326,0.14946178882862768,0.1445409109482039,0.10483907957933164,0.06254058586315302,0.13648103734939884,0.06333994495324867,22,False
128,0.027945817196631882,0.09705326989983469,0.09313430787552077,0.09724900929317397,0.16362197759983144,0.13526309018424684,0.10042042401569867,0.05668756135479215,0.15236799761161918,0.07625654496865034,22,False
129,0.04447780073457037,0.0997100288448709,0.1163034660741691,0.08876952457495679,0.13317762037231495,0.13831610883114556,0.10000566570102568,0.043039101643300104,0.1755036299484831,0.060697053275163546,22,False
130,0.029205359139627712,0.07664131724943271,0.11353486158505699,0.08914393043696162,0.1512592867729285,0.14270384868249952,0.10167512184836824,0.07737235732986189,0.15504212022083355,0.06342179673442915,22,False
131,0.04323749267852445,0.10544712880022059,0.1008360076586292,0.09898578569218912,0.13853041386525078,0.12682689513088452,0.10747088777499325,0.06053210192136764,0.1511662681510323,0.06696701832690816,22,False
132,0.045980675915279094,0.12346033022047413,0.097942517500611,0.08920808868769747,0.16416755367529723,0.12353578022671441,0.09322382208284728,0.05914760054048921,0.15190315916992797,0.051430471980662286,22,False
133,0.051219358405454635,0.09209914532261138,0.10885680711833767,0.09767067550809456,0.1397588919929433,0.12880028132923607,0.0984960281967366,0.06185777881570322,0.1459162490674502,0.07532478424343246,22,False
134,0.03456914286670512,0.11997905010664509,0.09373239653133934,0.08519415954850858,0.15793776024519987,0.1413847488181241,0.0946934288903213,0.05151605917838951,0.14858239004393217,0.07241086377083492,22,False
135,0.03181367775589931,0.0999600259554283,0.09318251930622212,0.09403591059483797,0.16094200288427493,0.13709892807621724,0.09333566401532341,0.07048751818673953,0.1394546151084313,0.07968913811662587,22,False
136,0.04988679279575054,0.11179540422895065,0.10236971275979839,0.10429662378781268,0.15831995519023143,0.11617366210185709,0.08147432018464687,0.0529073527437153,0.16387547003858982,0.05890070616864725,22,False
137,0.029189228374317713,0.09949251950716373,0.08203946059122422,0.09779320328839532,0.14291611207745003,0.12069140551714823,0.13104050576655688,0.06168261530140238,0.16071377342162912,0.07444117615471234,22,False
138,0.07028345126972997,0.09542089142815353,0.11186814462367593,0.11708508968167505,0.11861918635812797,0.13714523269558226,0.06506352885803725,0.03382469187916811,0.15979450437311002,0.09089527883273991,88,True
139,0.044081203684614885,0.10000987419551628,0.0942215471420749,0.10576295115725891,0.1365325629364238,0.14046384213453514,0.1037662665688967,0.07250528519985476,0.1562689184773161,0.04638754850350835,22,False
140,0.04826773659408689,0.11593565764635723,0.09027907948488927,0.08627187367832975,0.13995331485135962,0.14729672216430076,0.10408939314742509,0.058129522966330206,0.13501936369244916,0.07475733577447212,22,False
141,0.040868220929863905,0.07438323820236448,0.070652214209143,0.13583380419369087,0.15377247251318937,0.12211804679359806,0.09161631975311794,0.05043305991033709,0.1795128387887734,0.08080978470592198,33,False
142,0.04588317114603277,0.10982295409106135,0.09304854426907715,0.10256669917742162,0.14005279524480657,0.13626220451715026,0.10011918561199584,0.0528694007260206,0.15596245647977294,0.06341258873666078,22,False
143,0.024927576277981277,0.11342827433377224,0.08569288228804946,0.08722700097070883,0.13147121232128664,0.1387339441434871,0.10589002340382571,0.06396145674413382,0.18434397627464147,0.06432365324211352,22,False
144,0.052363136939333046,0.09501727382123447,0.08762281990075388,0.09418418583838158,0.13981679073455203,0.13115977508679794,0.11016998425560345,0.07446327403980128,0.15071288585031825,0.06448987353322397,22,False
145,0.060686400456781274,0.10373698050136704,0.09962390561603475,0.11719540780567163,0.11490266320691554,0.1524280156827045,0.05817043496384326,0.032172943467503795,0.15432995239084574,0.10675329590833249,88,False
146,0.04999847224240082,0.10700198000454904,0.10876897205719016,0.10293413795160358,0.14293045398171636,0.12578199030346635,0.1012962558560155,0.055997027225986706,0.13459782349156665,0.07069288688550493,22,False
147,0.03911101804409957,0.09945737941783687,0.09486434416789565,0.08077758234451382,0.13297056208473024,0.1388540720892136,0.10083360877522675,0.06332193907352975,0.16406714347197465,0.08574235053097899,22,False
148,0.04899219543287809,0.10088517297162439,0.09539744843318979,0.07738717263533172,0.1439795358949145,0.13647943262118614,0.09641008514082773,0.06504763965908412,0.15927685571709738,0.07614446149386621,22,False
149,0.03804336079599973,0.0954595776316734,0.09495126160794343,0.08231648544783275,0.14728819634545712,0.14776606353753308,0.11434931182891644,0.06637799264272859,0.15515244688914448,0.058295303272770924,22,False
150,0.018935391765309267,0.11458553481517773,0.0903202801191697,0.08969117767643843,0.15775265490108967,0.12456376706375671,0.11545526778952434,0.06470730597065742,0.14286606549656292,0.08112255440231375,22,False
151,0.05947138798475761,0.09654432104061593,0.09360912920766086,0.10578521708790281,0.13660017032313107,0.10845105463420959,0.07827608639590472,0.061434565059668815,0.17320933588762033,0.08661873237852816,57,True
152,0.035978894123241574,0.09507663702706044,0.11496797058004181,0.10018771858406195,0.13363454001113054,0.1346989909021856,0.09971313390916649,0.07005981321357672,0.1507066743781157,0.06497562727141924,22,False
153,0.041172066113754985,0.09930600450554494,0.10299669617602772,0.11461314871002604,0.1337049931910556,0.12268476671408259,0.08635000565764221,0.042343959999399154,0.15234615732281334,0.10448220160965345,57,False
154,0.04510487509712405,0.10126313071829332,0.09434601121850292,0.09421747326086138,0.1389700872226965,0.12925270042754378,0.10606105459110583,0.07707596759044037,0.13756365761872627,0.07614504225470545,22,False
155,0.05758976753644721,0.09530717320971328,0.08680314972637984,0.08793840563625129,0.15193669053216804,0.1288048326901138,0.09534870421999783,0.06421281630816646,0.16570853049718975,0.06634992964357246,22,False
156,0.05487273097548235,0.09959234901978248,0.10197299773252338,0.09900526669541,0.15194873406252876,0.12655001878390384,0.0838333767842719,0.05852171496218092,0.1504022226069193,0.07330058837699688,22,False
157,0.031108208786689656,0.10111390716781281,0.11291615617472274,0.07984177228572632,0.16069214153204947,0.12774752528195718,0.09631521807809688,0.07169122724862231,0.15522241041317603,0.06335143303114663,22,False
158,0.028390315100648,0.10045437196913728,0.1091061663444321,0.08727681952202043,0.14908402097039883,0.12595751241807066,0.11468922946277141,0.05338688447105487,0.1594793329808286,0.07217534676063787,22,False
159,0.04569790083508759,0.1147329827487607,0.11146647450276312,0.0713674772924675,0.14519759365914453,0.11559341548402456,0.08717745549124029,0.08145117401517606,0.17067898530811396,0.0566365406632219,22,False
160,0.03882090851942521,0.10775848763858856,0.09087895186823584,0.08164979267104817,0.14763289615021605,0.14251159701518198,0.09937964115037383,0.06309300151150794,0.16387787880237034,0.06439684467305211,22,False
161,0.04163680031220856,0.10236861096252106,0.10470371383648411,0.09090405766301962,0.14346854012339239,0.1419010290337948,0.10706844700780734,0.05387281409498804,0.1528729511595781,0.06120303580620588,22,False
162,0.04263118034057661,0.11582867890946223,0.10799504293267811,0.10925631367270977,0.15427056603525807,0.10952509810272235,0.09548684491725162,0.057220788958117864,0.14761931262156724,0.060166173509655994,22,False
163,0.05571999381738145,0.09179412883865619,0.06529931715021561,0.1228010253650417,0.146255286014651,0.13230752419863653,0.09731547120560488,0.058051195445039915,0.16098353817977754,0.06947251978499513,22,False
164,0.014655662571482157,0.10176640890151538,0.09126475511106209,0.10306750680189855,0.16709670397767806,0.1539925287851367,0.09311493030688649,0.05610635809842524,0.1571462777296552,0.061788867716260173,22,False
165,0.035329834228966725,0.11101715364351077,0.09889747151482844,0.09615412971962543,0.13571656111313365,0.13253495317996358,0.09780422711526146,0.07086068915246331,0.15426664971974954,0.06741833061249715,22,False
166,0.05243108031584269,0.07594712661245381,0.08977310171529562,0.10883419016081992,0.12133046757735323,0.1436734935546685,0.09855435098348063,0.04733836111203226,0.17279117654905707,0.08932665141899614,33,False
167,0.05679089919124724,0.0906563569032982,0.1010120039866161,0.0861933171277946,0.1429303739032813,0.12135339485038779,0.09247513580247005,0.08020179647507628,0.1620142518861126,0.06637246987371583,22,True
168,0.027319158140251213,0.10823944300137998,0.09855985474413596,0.09557718073433254,0.1458607905159181,0.1368920886799034,0.10647655612834149,0.06519257453478858,0.14725415584495355,0.06862819767599523,22,False
169,0.048494232735003404,0.10966915313851017,0.09001232038966983,0.10879370316863322,0.12713630843754786,0.10854085323369479,0.09314307791930955,0.05429562502315612,0.15595861229771937,0.10395611365675558,57,False
170,0.016676910927510336,0.11205534867155376,0.08521953758554571,0.1175552611944987,0.1482324749373656,0.1273294464480223,0.10345339830073061,0.07417424796557895,0.15639904851465133,0.05890432545454276,22,False
171,0.04576088284320372,0.10288224274866213,0.09058110924820796,0.08413115983664901,0.14543817102405296,0.13132708686280292,0.1005486325829506,0.06469800672889757,0.161930021994604,0.07270268612996902,22,False
172,0.06098512003313585,0.10527924580512828,0.07509664593181642,0.08878262959717244,0.1484664558482819,0.14634182975841403,0.08565551855816202,0.061644190566498794,0.1570903798718751,0.07065798402951512,22,True
173,0.015315329804970692,0.09090700819813932,0.08713228583173291,0.10581734649029781,0.1724704137732431,0.11642859734905628,0.10542993899662827,0.0795222153805827,0.15601786957190836,0.07095899460344048,22,False
174,0.04490488386967456,0.09501921005930936,0.09521561127171639,0.07810031512208737,0.15531528776703632,0.13159602747391244,0.11709811731813828,0.06535433159177277,0.15374551467852474,0.0636507008478278,22,False
175,0.04280028245813042,0.10148669281486443,0.07529587986532923,0.10069714165206481,0.13219583040962768,0.13386253062041006,0.1065780415672182,0.07795265459541775,0.17290712139786998,0.056223824619067345,22,False
176,0.0475541151822551,0.10318465538410158,0.10869847454803452,0.09104568814737778,0.13555469551132626,0.1377190178547153,0.11029073939962457,0.06302350952018043,0.14152537532433657,0.06140372912804801,22,False
177,0.04173026382993298,0.1027874206276054,0.09780421589867086,0.09129568556233657,0.13741643060567452,0.12200637999822651,0.11928309620029103,0.06930340184442668,0.15535420060094488,0.06301890483189077,22,False
178,0.03901149474691849,0.08964252197183178,0.07892334395779838,0.1347968692435806,0.1302335866698145,0.14660006888532717,0.07493768171985839,0.03792927002628366,0.18894847500554485,0.07897668777304213,33,False
179,0.033678427491898505,0.10373004782715474,0.09706159194261559,0.09767520319908869,0.16366636360632747,0.13843617598117908,0.10365408711557587,0.06738730811130074,0.14569470519230715,0.04901608953255215,22,False
180,0.041317796221500856,0.11343665576453049,0.08041553753894622,0.10740938806637222,0.14855512385188027,0.1284397493270543,0.08748394762086517,0.07292204208359454,0.15963702664575105,0.06038273287950483,22,False
181,0.06419344550307995,0.10167303095502628,0.08220274881660707,0.07755269471098485,0.16057291824273384,0.12835874360015562,0.08840333685767884,0.061406197136263954,0.1678722445969518,0.06776463958051784,22,True
182,0.0442854357343943,0.11950812243255993,0.11214245712232598,0.08633778485676838,0.15014899051013036,0.13340618909580532,0.08894968013875695,0.06316160032388093,0.14342394552180154,0.058635794263576464,22,False
183,0.0439703681594504,0.09730720959166768,0.0898365680721569,0.11362586236692797,0.15428566311127712,0.12552181770012122,0.11318497015283592,0.04678767766535369,0.1794664748246511,0.03601338835555803,90,False
184,0.03501253158205338,0.0934849745439247,0.09877630124761726,0.11083708706418578,0.1409236875500867,0.137432063924497,0.10426557727483853,0.0698962697077259,0.15366653733184232,0.0557049697732284,22,False
185,0.04646037941135625,0.09552933569148221,0.10623387871312345,0.08606182822968286,0.1470276396584259,0.1386411588669742,0.09122297265993598,0.06426540380945499,0.15853619184618584,0.0660212111133784,22,False
186,0.0521357857590486,0.09406520320414133,0.06444900494181202,0.13468572221985176,0.1276978320989525,0.15405293003058362,0.07986441082917291,0.0529048362656962,0.17475117856716835,0.06539309608357267,33,False
187,0.045326687881453526,0.11347764168018687,0.09710758137965189,0.087712152315614,0.1513241789612442,0.11228038865649742,0.10477572437423362,0.05918324235779744,0.16333098443610272,0.06548141795721835,22,False
