ID,strat_res0,strat_res1,strat_res2,strat_res3,strat_res4,strat_res5,strat_res6,strat_res7,strat_res8,strat_res9,ancestor,alive_at_end
0,0.07501607168818507,0.14588838424365597,0.05376634454948755,0.00022331189547353518,0.068482865632475,0.03695926432964689,0.09802862633268122,0.30203845624997777,0.19052345813385574,0.029073216944561255,0,False
1,0.06000788982373638,0.14231529413223515,0.06415642678604977,0.0,0.06896769509485975,0.045839832078185296,0.10859933043399843,0.30339622043823566,0.17083424410461337,0.03588306710808619,0,False
2,0.07616625319420053,0.13884695704861522,0.06895895041637082,0.0016288680671729043,0.06400103858934492,0.03755327498692369,0.09704682606608361,0.29256863759961144,0.19472403448322567,0.028505159548451144,0,False
3,0.08021625319949009,0.14136887991187863,0.03824034147266512,0.0074579054061284945,0.06637601441803684,0.04553637410339863,0.08817095490344438,0.3194026432680766,0.1894123016600642,0.023818331656816964,0,False
4,0.07529906792419622,0.14451724324486426,0.0632660267115936,0.009049066859748454,0.06551948014827894,0.034312771739254795,0.09179814728805329,0.3068619170912164,0.1891915011552514,0.02018477783754271,0,False
5,0.054863641105994704,0.1398464824412092,0.07679503930361407,0.0025909049993158447,0.05729635899966064,0.04262895160088219,0.10442426054499417,0.29553965846579244,0.1919051175500369,0.03410958498849985,2,False
6,0.07787152821352061,0.13036653832852138,0.05596349466499365,0.0,0.07825449371705982,0.03246625425346058,0.08679624935453643,0.27793377830875204,0.21989269075564294,0.0404549724035125,2,False
7,0.07134525048302698,0.15255669962892557,0.06463512677184696,0.0037238392113255235,0.06034372583727816,0.010095005415148368,0.0887924537493525,0.32831461593257905,0.21107091180116427,0.009122371169352567,0,False
8,0.054036593334792875,0.16393397832083634,0.07108725194597817,0.0,0.06500029162564785,0.0497678552424632,0.10324990922576792,0.31309855103828327,0.15634555975883815,0.023480009507392288,1,False
9,0.07378570810241554,0.14577143517760124,0.05062646304074386,0.0027967919577678644,0.05980687940061013,0.038323512654219315,0.09662444812334416,0.29605610968329765,0.21475223393102605,0.021456417928974302,2,False
10,0.09016021479710694,0.1266754000681361,0.07212795921392606,0.0027713766347180085,0.06418383558507947,0.03364287178248126,0.10085951654413483,0.291502883382813,0.20597753581870037,0.012098406172903826,2,False
11,0.05507286076277977,0.13708328261745165,0.06202615495271873,0.0,0.06606125157869824,0.05972258847298066,0.09367490993758451,0.3235199706942062,0.18041936094988711,0.022419620033693192,1,False
12,0.08163531999156698,0.16272816473473833,0.05839884510811942,0.0,0.07797519701357933,0.01636385953543313,0.09546838257588265,0.29657868934833376,0.1731306065570189,0.03772093513532749,0,False
13,0.08137890628202568,0.1336870548968301,0.06940413621548194,0.012224652265814042,0.060306397243335925,0.04156746218139551,0.09820710707453517,0.2748228201835766,0.1947328680917527,0.03366859556525246,2,False
14,0.09950930029924246,0.12127525303935958,0.07221778236447045,0.0,0.06671418977475314,0.03598701246617075,0.09405393532483265,0.3002776591725358,0.19296749992232176,0.01699736763631329,2,False
15,0.07051738197621407,0.13983710501495905,0.0702811653075118,0.0070757093651728714,0.057621595454811686,0.03404461414701569,0.09463234732845871,0.2960492178533586,0.20565402639275096,0.02428683715974649,2,False
16,0.07564291428358935,0.13890898972967763,0.0350410972327959,0.0,0.053122450573661606,0.03686600936636459,0.11270441856120494,0.2956961540428484,0.19988963685631808,0.05212832935353962,0,False
17,0.08198658376679206,0.1367924318851726,0.07040233420324549,0.0,0.08155089086791231,0.04469276801895332,0.07690551263974482,0.28404403097747183,0.20805019376593673,0.015575253874770796,2,False
18,0.07598586070031929,0.1473209608329457,0.05031343687634846,0.0,0.06622758498745647,0.051382649385072,0.09733619293126375,0.29651290965080823,0.19856008074134232,0.01636032389444377,0,False
19,0.05015690881932108,0.12442076557865558,0.09385285205738117,0.007572564488415739,0.08177812380165937,0.03225983423363687,0.0906712398240156,0.3002249687379244,0.1724496490598602,0.04661309339912999,1,False
20,0.06595152515719721,0.14964634866118665,0.050661657514521674,0.0035612503020892986,0.07404885292417293,0.026530974559946845,0.10429461535058843,0.30055408508811177,0.19407203834358608,0.03067865209859917,0,False
21,0.07163055323311796,0.14251114983443913,0.06515544319008992,0.004502479024038383,0.05618647965887379,0.03941262471507683,0.09931669391158851,0.2962252670819224,0.1970300125980054,0.028029296752847602,2,False
22,0.06071262913221212,0.14302152553066427,0.05207416027172234,0.0,0.06773125286077547,0.038863623711910086,0.10966962333290015,0.30325774153833523,0.1740636006624312,0.050605842959049,1,False
23,0.0635006174867555,0.1432238490176378,0.05509637099751608,0.004074778811790177,0.06890809935453869,0.05678619627874473,0.10647662326544555,0.2771641781664958,0.19631750702096137,0.028451779600114205,2,False
24,0.06784673042029978,0.1503702561461171,0.07198718701139312,0.0,0.06250858318454913,0.04149016081486764,0.08614708835056617,0.27996449198760953,0.20519041803249194,0.03449508405210551,2,False
25,0.04741266355645232,0.14754159983955564,0.0658865906802345,0.0,0.06554207365098517,0.030408046943380347,0.10141307079012582,0.3192441129575035,0.17648956128491908,0.04606228029684356,1,False
26,0.07081413914564895,0.14042716702045166,0.06075809124274054,0.00802896570599163,0.0638700488669279,0.028341697254916205,0.10527240154050388,0.3039569013935288,0.19020892352735405,0.028321664301936507,4,False
27,0.04800787328082765,0.14820625243815533,0.06833539464342711,0.004103283817089248,0.0719738027947206,0.02898732047080879,0.1201371804454908,0.2927407188870589,0.17724329478743867,0.04026487843498303,1,False
28,0.0732852182267586,0.15449754000208238,0.06305473177623634,0.006608347691169729,0.05759520878879497,0.04121483349626263,0.08310730778534613,0.2778582874402064,0.19896584561428832,0.04381267917885458,2,False
29,0.08100537699859958,0.1502578733923812,0.04749905783048864,0.004359981647436594,0.07150586164197269,0.02517492276072868,0.09133540303916607,0.3047616692034539,0.18145837334312692,0.04264148014264584,0,False
30,0.08074713443247845,0.1299160992531288,0.06322232750273145,0.0,0.07881168005762228,0.03728678449482755,0.1000803226989687,0.2967923204678266,0.19127531659297398,0.021868014499442156,0,False
31,0.059326187446760915,0.1304976643483753,0.07432390169406411,0.02179018417328974,0.08132958355539181,0.03643592941918148,0.09295490911791403,0.2849543972249707,0.17891357005064074,0.03947367296941114,1,False
32,0.06903765105294425,0.1447088392063013,0.04968046431499407,0.00528120074549228,0.07639507203415108,0.03852481934266742,0.0849623345268011,0.2953355240089107,0.20627321043645394,0.029800884331283736,2,False
33,0.06487292988927264,0.134906119353185,0.061583573659774536,0.004433851219323895,0.07285891096080963,0.06276298729037559,0.09578786966422136,0.28224942339398007,0.1816288284103349,0.03891550615872248,1,False
34,0.05266844503828802,0.14180793556410914,0.044688392145356734,0.0,0.08388593913248776,0.03881622182006415,0.09953474137730063,0.3249747080984068,0.19109619790803076,0.022527418915956117,1,False
35,0.06674323762763758,0.13178333923664864,0.06589080558498586,0.012749420673094446,0.07301495648802207,0.053447947001172544,0.09170291300268142,0.2810604081597011,0.20142519003259066,0.022181782193465616,2,False
36,0.059764425200857,0.13566317277777126,0.05566826959300447,0.0,0.06932785450831591,0.05423957249280542,0.10147972238267015,0.3091652591670476,0.1761482598471012,0.03854346403042686,1,False
37,0.08477857506545158,0.14527755391542374,0.05856121265607993,0.014058661914635005,0.06961311366027204,0.02993914504983793,0.1098498366552648,0.28327235834714576,0.1798813848330906,0.024768157902798724,0,False
38,0.05450745927489179,0.12718303854976443,0.07847591902706547,0.0,0.07215674383947698,0.04629246826570753,0.09909117862553364,0.307842115482022,0.18222682309647753,0.032224253839060565,1,False
39,0.04517550959921413,0.1521566761391852,0.05303612639491936,0.010268360962577352,0.06362338585300154,0.06877897835698457,0.10760710567798315,0.2843075187770284,0.18038417050017566,0.03466216773893065,1,False
40,0.08450445499320168,0.1245631667984599,0.06647699760984396,0.0161237854848969,0.07199986855593911,0.04221193512153545,0.07694168794025973,0.29870629222623235,0.19295540407639739,0.025516407193233608,0,False
41,0.08054774858149842,0.1552962123849603,0.05266260287401238,0.011531497070891898,0.08176686898315065,0.04183840744596814,0.07438456520506684,0.2861594310822766,0.19163371539456175,0.024178950977612922,0,False
42,0.07251302434635248,0.13974550723377363,0.032240488059529594,0.0153508764870955,0.07576079447410296,0.048808802422893545,0.10052046743793897,0.3047824897989275,0.18085695439213642,0.029420595347249452,0,False
43,0.07481936479615788,0.1352462858195017,0.04142824411448972,0.00454896724555346,0.0673760872331924,0.037381496138995884,0.11412109043083193,0.29267146897262925,0.18895608542370662,0.04345090982494104,0,False
44,0.08366740162853988,0.15045969495378153,0.037746210610276595,0.0,0.06388163745487863,0.03529404179486571,0.09946757286545505,0.2881670520259361,0.2016905811998385,0.039625807466427965,0,False
45,0.10736574408065287,0.13334656005621104,0.07319964251012406,0.0041121762636447175,0.059327068214815676,0.03472204486770775,0.09485066978946896,0.2920032050750156,0.17189190580066707,0.029180983341692262,2,False
46,0.06540151188805697,0.15362817322775674,0.06829967033458102,0.015666873130528516,0.0631901967840664,0.056580851729070444,0.09151812523065063,0.29864739716237465,0.16995782798943201,0.017109372523482626,1,False
47,0.07794746586731419,0.13580344762658605,0.08696630201057771,0.004961599769531399,0.056146136070753055,0.036033168461975316,0.10495187961022649,0.2792399629765003,0.19097099390020542,0.026979043706329982,2,False
48,0.07786234224137967,0.15176881119644428,0.0627289822200276,0.01996560822577042,0.05107938424551562,0.04094240029627126,0.09558958591528881,0.2836946144067691,0.17380107286905697,0.04256719838347631,2,False
49,0.054219958955622885,0.1287391150212281,0.0635739345020541,0.00735606368511219,0.05966733768898845,0.03347538537568472,0.11231701682678027,0.3090692363207631,0.19675408957476276,0.03482786204900349,2,False
50,0.08016154805563674,0.1293326008446291,0.0631048179871476,0.0,0.05148558816423138,0.041012684773039966,0.10671198906324639,0.3130844156214556,0.207739570938019,0.007366784552594271,0,False
51,0.09030220917921908,0.1316392368416355,0.06932951277511751,0.0,0.05630381054766876,0.046037976890037136,0.09692806256159392,0.2911159855454071,0.19607879385395446,0.022264411805366473,2,False
52,0.061544450848671314,0.13223527077890668,0.05449588220593161,0.0017788164481997424,0.07557380461164888,0.051941019081684164,0.1082742783008211,0.2969231784344779,0.1564604924580197,0.060772806831638916,1,False
53,0.07841447362258022,0.13837627634310534,0.057894944795990076,0.013309427672591027,0.053049270304596295,0.046643463041266854,0.09861085513824865,0.3005901404525369,0.18528568079025504,0.02782546783882952,2,False
54,0.05927980385690783,0.14616614822520732,0.07104088556636161,4.403647086006757e-05,0.06245565529159619,0.04368007035212717,0.10523605880165791,0.3130468513475892,0.162470069516021,0.03658042057167174,1,False
55,0.05424308639457466,0.1309457250148964,0.06908937365070981,0.019953714230343474,0.06768681096692188,0.06193702368024831,0.11833801502332827,0.29001797907764937,0.15934660662027017,0.02844166534105756,1,False
56,0.07417903491356939,0.13164789867127016,0.024939065582249,0.022194081494840798,0.07750233794154716,0.041440480679589234,0.09296058551103148,0.3106799751452465,0.1955545607664746,0.028901979294181798,3,False
57,0.0691222785766915,0.15309455641959274,0.05141784961337743,0.0,0.05783306902172141,0.058326362854271244,0.10654941023287416,0.30969110486515744,0.15285411668391863,0.041111251732395424,1,False
58,0.06596996900791681,0.13050591064327724,0.04986174614493929,0.012876649116852202,0.08002391384071991,0.046266622613574566,0.0894635685220764,0.3027533263858827,0.18657000774938085,0.03570828597538009,0,False
59,0.051804828256271064,0.1488337930480945,0.052544467369602964,0.013936516604498737,0.0644191489135173,0.03675719660408843,0.10701232564360758,0.31534001456395716,0.17128096818486085,0.03807074081150152,1,False
60,0.06844276048493139,0.15083160463738085,0.02478639195808051,0.0,0.053444208372187635,0.05159368731140894,0.08884789818867249,0.32905924773324113,0.19298819391307012,0.04000600740102706,3,False
61,0.07073513007442839,0.14067852522232346,0.07153883217738682,0.004233844863381893,0.06995271213628557,0.042365003476372565,0.09226148243553335,0.2802923715012042,0.19546997202158461,0.03247212609149902,2,False
62,0.06091930360923958,0.16449342041499823,0.04105591706881504,7.463197264837274e-05,0.061906173934821694,0.02095224302651117,0.1090035071949631,0.3154619514100731,0.1924568280398507,0.033676023328078925,0,False
63,0.09881582406249233,0.15186365417001305,0.04752468672407661,0.007813154986095269,0.05734612145136774,0.020346965994773293,0.1005824746768928,0.2926294440701125,0.19389176422927404,0.029185909634902446,0,False
64,0.0628792265120699,0.14924805874952987,0.045044363278474886,0.011430412852622649,0.06000360118387233,0.051008344801952925,0.09316133601549469,0.3056666792174947,0.17943535316122936,0.04212262422725875,0,False
65,0.06870057616684289,0.14385042782669152,0.06439510198901757,0.015378193221426487,0.0720487613849435,0.02257444330160147,0.08206058912897808,0.31099606914675265,0.19406124768009023,0.02593459015365561,4,False
66,0.061046544038232245,0.14929412182842772,0.08778442822940218,0.002372908187133311,0.06808919141169635,0.044455742935937424,0.10764917284144347,0.2906649843458296,0.15739566208451994,0.031247244097377783,8,False
67,0.07155453141236842,0.1408239504515644,0.06462781807764978,0.019137403517118765,0.06728672170196291,0.019612691812407122,0.09841839901554748,0.283644569055068,0.19426855783918348,0.04062535711712952,2,False
68,0.08648490607514392,0.13239070781656975,0.06569823385177688,0.006181187602792117,0.06531739411311073,0.032322970603698035,0.09006094073244975,0.2848104641494049,0.20466699472496738,0.0320662003300865,13,False
69,0.05882039107810877,0.13645302625866948,0.07415831953974504,0.019798668759715626,0.06590431897238104,0.025295555083929857,0.08350254829410618,0.28400727678014126,0.21830349735345633,0.03375639787974644,2,False
70,0.10259344952052542,0.15002436004234432,0.059833942094307,0.005945085901068384,0.07097924450961537,0.03763677321115155,0.08866853286026462,0.29897382151527685,0.17535291945200485,0.009991870893441678,4,False
71,0.06887211182415165,0.12818904241133394,0.0365386413520674,0.004627677571021855,0.07500409530516078,0.046730854928235525,0.09844850684018348,0.29428761935500686,0.2041843882500283,0.043117062162810235,0,False
72,0.07534568049082213,0.13800216679254412,0.039862957962285506,0.0,0.06108123061224973,0.05759651127740593,0.1083043597594356,0.3067425549926271,0.1928179817779148,0.02024655633471494,0,False
73,0.08134639112415884,0.12613914719757957,0.05742528529218785,0.0,0.06494162360004409,0.053217201794142556,0.10395947751601972,0.3051450506171956,0.18407537685455336,0.023750446004118374,2,False
74,0.08595714090566366,0.14271782356210322,0.056938410132768354,0.0,0.06459504447790454,0.032930390649989635,0.09397842782747924,0.3066936731376266,0.2035201092788924,0.012668980027572392,0,False
75,0.06645328136418867,0.15666783507302706,0.055114317349629016,0.004073478056064835,0.056294055545839786,0.030535190795244724,0.11918748440409266,0.3088762107744359,0.15160785974294302,0.05119028689453436,1,False
76,0.07453755107891218,0.14282799753360328,0.06335711823552162,0.01725038592452214,0.06165712422451264,0.0519211259847686,0.10083874165238635,0.25566299358012123,0.1738334480853258,0.05811351370032627,13,False
77,0.07376511970536263,0.14861728037735447,0.06643233604758686,0.0,0.07535702926157573,0.0328479507481363,0.09978512992591798,0.30617771399802063,0.18044078392884194,0.01657665600720353,2,False
78,0.07873586705270139,0.1257408276176067,0.04623994097428854,0.03509933708288241,0.06477063562502577,0.02674749247296265,0.09808706584393657,0.2833029269252951,0.19607016408293595,0.04520574232236498,2,False
79,0.05266798308693336,0.1392140378971817,0.06308270374605723,0.00979198538655407,0.06742294917405876,0.04776216970496016,0.11458806491492078,0.2981587105037996,0.175658462024005,0.031652933561529255,1,False
80,0.09032617783704223,0.1394228925107834,0.039920817628250206,0.007966332744092293,0.06756283002813432,0.054530273044879334,0.07459128615225898,0.3341380911648321,0.19154129888972707,0.0,3,False
81,0.08683855135596966,0.13330152024596953,0.03447458677059455,0.020313489574058874,0.05548762862022652,0.04147620991687461,0.08346848661779274,0.32825998501547,0.1925967180834137,0.023782823799629857,3,False
82,0.06311907644882855,0.160820561145879,0.058278281941097194,0.0,0.07818980923171179,0.014770708477991437,0.10667576346050306,0.30617579374313747,0.1911301937486428,0.020839811802208737,4,False
83,0.0800151551181196,0.12266913649474731,0.07064921975554775,0.02400413330404618,0.0641252785495929,0.01871841325963219,0.09505768590394398,0.2817953946001441,0.1996828880375079,0.04328269497671811,13,False
84,0.035741550605213515,0.13457125783394952,0.07585002090852706,0.03381445313355418,0.08536334476788096,0.04573821185292946,0.08886675952938997,0.277230352163263,0.18417065042848949,0.03865339877680292,31,False
85,0.06838949143388785,0.14099668979356045,0.059920439328759054,0.012211748957941183,0.06211767972496372,0.05165569730587631,0.09091507352698432,0.2964953058888675,0.2021938722209506,0.015104001818209058,2,False
86,0.0658739269196781,0.15257098522055906,0.06695829478150955,0.001266918433584043,0.06797644862580796,0.037960672359781254,0.0970240575913445,0.3057437747927442,0.17646821470363458,0.028156706571356667,1,False
87,0.06042869944508299,0.14999180902113268,0.058225290701211435,0.0,0.06533248517370048,0.027922044025467087,0.1151793816190819,0.29277287391451173,0.1772953262844105,0.05285208981540112,1,False
88,0.07170952909004127,0.14386108506561487,0.06731273935958584,0.024623298283916618,0.08136591976720683,0.03785901442608788,0.0903986316881274,0.28512761780040574,0.1681157141586084,0.02962645036040519,31,False
89,0.057416228176583366,0.14063137930584999,0.0774716770412533,0.013515825837547216,0.05901036144757639,0.0398739960800973,0.098557503680618,0.2968455560520871,0.16944884770125335,0.04722862467713395,1,False
90,0.059800164014964255,0.15109457232849782,0.06279633092037501,0.030616865820381187,0.07545846532074121,0.03996546245671476,0.07549660517073797,0.2769071293832007,0.1820523276397931,0.04581207694459394,31,False
91,0.07169598631298578,0.13786789393870597,0.08040021778124014,0.004619236254075423,0.050917108248458444,0.042548052654562726,0.08849290703380325,0.29495768764291214,0.18779855927283176,0.04070235086042443,2,False
92,0.06286616739529952,0.14248955690698745,0.0566378088943357,0.001561311149791533,0.06741579192828659,0.05311186073402454,0.10418744627691948,0.2996741177206614,0.17681987237244354,0.03523606662125035,1,False
93,0.07158623447259924,0.1429124809826535,0.055170413829453195,0.0,0.06817329951492083,0.048237347393262325,0.11339197395158035,0.30535897487893005,0.14858478936244826,0.04658448561415215,1,False
94,0.078932277015578,0.1500517860420306,0.06507679432723658,0.015139440072658472,0.06276476716223121,0.03456150600900668,0.07960411113507851,0.2823155174076119,0.19335502042212346,0.038198780406444435,2,False
95,0.07552644379114438,0.12953803831305702,0.06544394277825553,0.016853051823135203,0.05919430472705709,0.03970719385366089,0.09542550680606879,0.30560944656184535,0.17434938532382185,0.03835268602195398,1,False
96,0.05637897051137036,0.12238554275735372,0.07410634190130116,0.02263596302836158,0.08234115719757001,0.04423304913669764,0.10186556505793122,0.2762681831727297,0.16981692545786,0.0499683017788246,31,False
97,0.07615190548911002,0.14903706912865042,0.07520447323443533,0.0,0.05838298601803829,0.04363429623039979,0.08797089324619524,0.29265074686730363,0.1903983138039683,0.026569315981898916,2,False
98,0.062147684782715006,0.14107653424182326,0.07961021250355017,0.014660819307306852,0.0626007190379028,0.04810169733277092,0.10008892806703486,0.301453577514659,0.14994144910853627,0.04031837810370086,1,False
99,0.051145535071291354,0.12586469755310897,0.08338653266146251,0.032976755689115365,0.07724150829630486,0.03234171263508916,0.08377873023505265,0.29823683056413114,0.18229378790287387,0.03273390939157011,31,False
100,0.08994313065156463,0.1335903452795276,0.0390636755446406,0.005051793643761184,0.05876046538971892,0.061093234601870036,0.09027261562534619,0.30797429409183213,0.17746351008314115,0.036786935088597525,3,False
101,0.0423433304415797,0.12905630469398258,0.09098011414824408,0.021821676854101586,0.08331519348827655,0.02899482041989169,0.09970429398350457,0.28774855351708567,0.17248593390262137,0.043549778550712015,31,False
102,0.0699814716473823,0.12840092349828033,0.0451709932936928,0.004533624640969979,0.06871385341288155,0.04305825346300408,0.0806946949911104,0.35045330953594783,0.1880237882543176,0.02096908726241309,3,False
103,0.05718794178764736,0.13126629321534508,0.05272120184676959,0.02045536525726218,0.06823259370310654,0.06741648873233197,0.12770634909638734,0.2926613338163543,0.14710525441598282,0.03524717812881286,55,False
104,0.06881489402299963,0.15818175499476805,0.05995249627342075,0.01967276365422952,0.06429540958498796,0.05385475658200892,0.08540901666587994,0.27296643537306564,0.17287977368568427,0.043972699162955375,48,False
105,0.0538090235953074,0.12902249755807577,0.08823680241463745,0.012826798312638473,0.07935971030782557,0.038156442569817796,0.10163611982407167,0.2912488029791087,0.17879625565380314,0.026907546784714017,31,False
106,0.06878758304250823,0.15275128128292345,0.06672959763480328,0.01894737493763566,0.07682357704345938,0.02061670942937553,0.1002042888388183,0.2961333887386153,0.17724858122492673,0.021757617826934268,31,False
107,0.07230139831206404,0.13424562471429805,0.06549450955438164,0.02055890872424929,0.06345939460732178,0.0466546374997061,0.08396049927950655,0.27617005942330886,0.19070852591340304,0.04644644197176071,48,False
108,0.04741202257263119,0.13978985212044995,0.0726549533094676,0.013493395112494139,0.07347695163441662,0.04477059503987828,0.08814128583086332,0.2839018632640336,0.1988332420730497,0.03752583904271567,31,False
109,0.08167251498105238,0.15335864642464506,0.049210740776561804,0.03559037588552768,0.051060631945802744,0.0423768732135632,0.11200406024988739,0.2714863350250924,0.1670650146105007,0.036174806887366545,48,False
110,0.06740970322165128,0.14614991947234193,0.0883142613068083,0.023179867614271366,0.051863620605082705,0.04937755505666444,0.08004967352882837,0.2866097463346357,0.19302683185270994,0.014018821007006046,31,False
111,0.050687616307557595,0.12663970415523026,0.07630566093888662,0.026857578156232558,0.07594909067599878,0.04178477716215713,0.1039942035575904,0.28570957934220037,0.17152724853183732,0.04054454117230898,31,False
112,0.053223857316877336,0.1290302804752149,0.06713814984003116,0.03134059360083234,0.06742854577222163,0.036449341881552494,0.10552111121696123,0.28881156576466244,0.18387272433742188,0.03718382979422456,31,False
113,0.07106877188943148,0.14780642022030274,0.06336080719823317,0.013826407351786708,0.06391244667642389,0.03839609302955723,0.10740317020872614,0.28652609078269453,0.16059325107615965,0.047106541566684396,48,False
114,0.05958225988493308,0.12385392975371233,0.09409867747956106,0.0199133326014379,0.08575695071430102,0.02752203745253651,0.08373772679936284,0.285118855552683,0.18731980820396987,0.03309642155750243,31,False
115,0.06633427373741056,0.14348160445943545,0.07601046301516243,0.0,0.078277254873116,0.04839972150502612,0.0838804158887031,0.2774690516599144,0.17956541194603198,0.04658180291519967,31,False
116,0.06818816283900822,0.11099162408588906,0.06884346113511602,0.022659105986919895,0.09241072009224219,0.04487062559106695,0.09663816406832977,0.27594243434670446,0.18423296670565792,0.0352227351490655,31,False
117,0.08332868467461481,0.12675740164124868,0.042284989703701654,0.04000038106160797,0.08571604312387647,0.020544283973612652,0.08963952664223825,0.2793681117125976,0.19369383133936655,0.038666746127135394,78,False
118,0.07873763408617644,0.13477593800762538,0.08547646398735928,0.014596802779561751,0.07124754965994651,0.02205692634053216,0.08520082974417287,0.28220234559395013,0.19417398014652387,0.03153152965415158,31,False
119,0.0551332919761755,0.1391503343604437,0.08244697862685724,0.01047067143916965,0.0865819037100294,0.03453236394034072,0.09795363124960038,0.27346264108581775,0.17918683734481308,0.041081346266752666,31,False
120,0.07132494253244726,0.12077726239850302,0.07173630547894427,0.022330185641048703,0.08552539113292183,0.02628518282622862,0.07649990307125229,0.28730020112256177,0.18114616330505032,0.05707446249104188,31,False
121,0.053676039931090574,0.13038772640348253,0.06725701599748346,0.026502593393928353,0.0825293105674678,0.042004646690024516,0.0854527911025718,0.28870976961972006,0.1890846327386236,0.034395473555607126,31,False
122,0.026999535666232383,0.13147435905108465,0.06701417782442286,0.04663702935765928,0.08055086546276037,0.05123461451536279,0.10182429601371766,0.2670531973237192,0.19301649269820562,0.03419543208683527,84,False
123,0.05096046648384631,0.1306505017301567,0.06167062440416741,0.022965413819034514,0.084708790136765,0.04246977747569822,0.08676585040407397,0.2897149605863151,0.17378385003199834,0.056309764927944456,31,False
124,0.07392389644566362,0.16348852139759235,0.06949839006929134,0.0068350906705256995,0.05607091107056421,0.027931123045175144,0.09877646682227767,0.2836370978778068,0.17048491128863358,0.049353591312469726,48,False
125,0.04901862884883146,0.12813330089369393,0.06727563313611101,0.030813321312317895,0.08919822135627455,0.04303104370187835,0.09294563234761091,0.2749833634166729,0.17460173439193286,0.049999120594676226,31,False
126,0.0666304664717113,0.1416622059871933,0.07659118863009527,0.027214089543857786,0.0825445175218438,0.04653549904590647,0.07897515637319075,0.2783763615459702,0.18578264241281436,0.015687872467416725,31,False
127,0.06352956259733503,0.138257599109484,0.06651183195539935,0.025845152870266987,0.0633149840005758,0.03455407013884344,0.0750415695457917,0.2818346032566096,0.1961335853249038,0.0549770412007903,31,False
128,0.037418197945022894,0.14369869758712764,0.08094868484257565,0.03890915121694914,0.0782679585181611,0.046916645916436746,0.08503870664634304,0.2638139295392316,0.18772522389464902,0.037262803893503185,84,False
129,0.0807828730641037,0.12499316364952366,0.04566133583028228,0.03614360261990273,0.0672266334644862,0.01699002041637987,0.10675829591262144,0.26755003695968255,0.18635233067209667,0.06754170741092089,78,False
130,0.05833602482807481,0.13062067806052194,0.0685674307285572,0.012719238854755661,0.07861393465907898,0.03712854890593292,0.09894181355392791,0.28453625877886596,0.18445277802241827,0.04608329360786635,31,False
131,0.07976065315083744,0.12026323057850304,0.05165916532605917,0.021626903720066554,0.05154924028632138,0.033019782909165386,0.09133474002087559,0.28326414888712903,0.20099166228996831,0.06653047283107429,78,False
132,0.0655201637169504,0.13530649224468141,0.0344347718915735,0.0323029570787874,0.06186596315711511,0.014213978366189919,0.09646450458569153,0.3078670183952868,0.19991451441155988,0.0521096361521641,78,False
133,0.06823614072533288,0.1272788082616049,0.039285669993591864,0.03233621413479411,0.058454772202090055,0.032627215415771724,0.10402975182024436,0.290067037678127,0.21066151895177382,0.03702287081666921,78,False
134,0.08419473111398217,0.11718185299091394,0.06033830225002876,0.03775429079904931,0.07401306699219594,0.027091736493641855,0.09296349125713194,0.2741659019561527,0.19755796356131358,0.03473866258558983,78,False
135,0.08299534973102907,0.14915286305701986,0.06427575268437287,0.001614697936766509,0.04588131588900856,0.05098314637300828,0.1049349482378628,0.27754479450331077,0.18507484316491174,0.037542288422709603,48,False
136,0.07008818567834176,0.13681314195814712,0.0747246314074019,0.014196837053770592,0.08485812626450351,0.04137242867060886,0.07965166648634472,0.28518698406300136,0.18029147180663782,0.03281652661124242,31,False
137,0.04261156247628903,0.135530456955717,0.07957421306314084,0.03280533452827914,0.08707305982267644,0.05409638167350706,0.08436469040282563,0.2570200077313248,0.18226828688701116,0.0446560064592288,84,False
138,0.06736766011084068,0.139143510934256,0.04334259718236993,0.039657888918440756,0.06062123633787765,0.029802207747521108,0.096879493029323,0.30028470695619036,0.19038176209739305,0.0325189366857874,78,False
139,0.0627180260705661,0.13235394679999976,0.056420971593763344,0.013400895968109101,0.07945142058906964,0.015810466182617642,0.10469417153351504,0.2941028193397651,0.19438769859922714,0.046659583323366983,78,False
140,0.054935361693297075,0.12006888228124268,0.06000371690992529,0.01649211748879629,0.08338544553424661,0.04279727889619857,0.10777928355855128,0.2935469210746713,0.18638809300935055,0.03460289955372047,31,False
141,0.08419549090734522,0.13163585721260465,0.05832788420040364,0.033654441106166014,0.06795385928675489,0.02972595419764913,0.08640896555062244,0.2853708778574005,0.18646268654743026,0.03626398313362316,78,False
142,0.09131049746932617,0.12929709732880926,0.04790320345449646,0.037535371011228204,0.05992971919207119,0.04032036445010577,0.0990065212234853,0.2659262621597909,0.1887660887654847,0.04000487494520214,78,False
143,0.07639425959809683,0.14755440667012665,0.06733830939471042,0.024279856473764468,0.049400995953947015,0.0038972823095313096,0.09681499068897473,0.30265365132504163,0.20120729099066775,0.030458956595139124,78,False
144,0.06289122216399294,0.13777578242310415,0.048387397998270076,0.03443292055586333,0.06399108027899045,0.026736737192323622,0.09617578410745332,0.2790492499604964,0.20671204912531035,0.04384777619419543,78,False
145,0.06893480410852136,0.1186577539808772,0.06231568231795338,0.050374885578665915,0.06844049156138199,0.01827887480920751,0.11111946813186922,0.2771503877211787,0.18638898527826092,0.038338666512083765,78,False
146,0.07534702792110334,0.13807769550824328,0.0325469194880231,0.038661144915884,0.06064200741032187,0.02573587443099854,0.1080014613381086,0.29478597766685244,0.20202189907844495,0.024179992242019815,78,False
147,0.08436300925523992,0.12300359402383967,0.04633017667271072,0.024521586294856467,0.0750426344781665,0.046095986644984564,0.09510558087042666,0.2828047902196983,0.1843220605113716,0.0384105810287056,78,False
148,0.06441410702117543,0.11473320041452902,0.04921310393115298,0.02417108011807397,0.06691398175112022,0.017768332818178252,0.10226157134251197,0.28625220302300824,0.2079338194192849,0.06633860016096521,78,False
149,0.07223203833651551,0.1271006763266138,0.049312850254577566,0.03755239383760126,0.06595806768881367,0.020115167463738426,0.10040867814756371,0.2734029662608132,0.2000877059371831,0.05382945574657984,78,False
150,0.0883341338199514,0.12232019912907313,0.044261809466973875,0.022102792801405334,0.06696605303410405,0.02513244147287817,0.11390871654403602,0.2751039659395713,0.1930821681609913,0.04878771963101548,78,False
151,0.08113225635868297,0.11478621949332661,0.033279208241537406,0.03825280429520792,0.08100488050085494,0.017783228594025396,0.1008072727486276,0.29291272697847537,0.20075344509440124,0.039287957694860515,78,False
152,0.08792289000461273,0.136759908168872,0.041856199434491606,0.04401845249671594,0.04944520901201167,0.0285462969038705,0.09380780764849671,0.2922173723155763,0.20053687944744483,0.02488898456790761,78,False
153,0.08405946347889387,0.1274006280153568,0.04439323603560374,0.02836286000961213,0.06442391513437207,0.019132888561406547,0.10871275046009521,0.2845845704437869,0.19724595986912224,0.041683727991750415,78,False
154,0.054427281897255604,0.13661501588292943,0.08179819462652842,0.02498049311750357,0.066629856240394,0.040549242425991915,0.10205484247042276,0.27611717927702084,0.18462612622932573,0.032201767832627674,84,False
155,0.0977604648059192,0.12338298505433591,0.033874732074893145,0.029602749940598614,0.06849197951134833,0.016003495215329382,0.09289288950739832,0.284154978497237,0.1876528517706012,0.06618287362233888,78,False
156,0.07775461865598544,0.13519711375501625,0.06073072494884714,0.03709298809254701,0.08693922621702362,0.023324398793529436,0.09220925116776833,0.25528001669022354,0.18390906842098995,0.04756259325806924,78,False
157,0.0742804908737497,0.12479683171426638,0.04708701422696528,0.0247006320501522,0.06554433911832329,0.004014965308088978,0.11418642011513423,0.2765921581307535,0.2029033247125683,0.0658938237499982,78,False
158,0.08279586042054134,0.1265381361898107,0.06628807042013811,0.028665755636404982,0.07115713290399163,0.04089577917859375,0.08932501193056352,0.2673994181369107,0.18271574964380066,0.044219085539244564,78,False
159,0.08010553871162998,0.12052899433460186,0.03660171832127331,0.047856271250890495,0.07204954355760909,0.03209048491453966,0.0835721244352424,0.27906170759491167,0.1979804372586641,0.050153179620637284,78,True
160,0.07022899311266796,0.12195960522421619,0.04016575829387039,0.02650850236779134,0.04991594167037037,0.03405788962822941,0.11290768555789563,0.28350949550872706,0.21896400499847618,0.04178212363775553,78,False
161,0.08104529852102287,0.12412817037939429,0.04346003835583943,0.03713910999135883,0.05357504964682566,0.03404978199984692,0.09550090230548743,0.28791835656096687,0.2000934166865675,0.043089875552690206,78,False
162,0.05496945572045293,0.13111517548569926,0.04842514555975011,0.02422837376185642,0.06967877693639185,0.02913879847185554,0.09892590966148618,0.29501559979029124,0.1954514874631738,0.05305127714904271,78,False
163,0.0763658689559001,0.12376488250393933,0.0538476771864209,0.0303561230699306,0.06418127933578877,0.024374361584548535,0.0843527436575455,0.2974333892844449,0.19454164566521653,0.0507820287562649,78,False
164,0.07521955494210658,0.1268263302196847,0.04791874779839495,0.012736529856581913,0.06341830645954731,0.011928413528334725,0.10335237320348419,0.29957942365919704,0.21121358239004037,0.04780673794262819,78,False
165,0.04436395944400627,0.1392956478716214,0.07143423413967812,0.02464210529617315,0.07247608917812881,0.053462620970126246,0.08324050910725932,0.28423479867024115,0.18979943708821764,0.03705059823454787,84,False
166,0.09906658810228124,0.14125452202142585,0.03577630749950192,0.019999774434147126,0.07946083077224489,0.029720723098717934,0.09261110835442064,0.2648421392526571,0.19418477758922062,0.04308322887538257,78,False
167,0.07977337822329335,0.12513704002300405,0.032647071827310525,0.03025118308975691,0.057496867469774164,0.022188047624955395,0.11158175175998503,0.29506266645668777,0.20514163804785177,0.04072035547738111,78,False
168,0.0915466465084665,0.13167463384095265,0.044727261745963476,0.03828967674348297,0.0572912618500544,0.028121468291939795,0.09048000022152185,0.2819651680795132,0.18608878607709517,0.04981509664101,78,False
169,0.08317838962472844,0.11878623462252795,0.03549617154887184,0.030080751762675783,0.05790259871668293,0.05687782980779263,0.10929540143165163,0.2727499387203604,0.19329171027722344,0.04234097348748506,78,False
170,0.07799425731847691,0.12238592892589602,0.055907751826239575,0.03359291310343224,0.05541424260813873,0.031421417615907644,0.10321966175058675,0.2905244471908622,0.18407191971545667,0.04546745994500353,78,False
171,0.07382714112413008,0.12284609930940711,0.046878744178235066,0.025297313114282873,0.062497967033539305,0.023572087328435784,0.08952776388481803,0.28715315005433933,0.2175677744420339,0.050831959530778535,78,False
172,0.07552736016756144,0.11745233793923116,0.05682896554553005,0.045608548666503795,0.06331285005862627,0.03399089988213381,0.08451297332145466,0.2814602869831347,0.18980596708522401,0.05149981035060016,78,True
173,0.08067588282294814,0.137181970932165,0.03387353557960919,0.03554717008725462,0.06307517115996743,0.02566788220801633,0.0851380114697627,0.2889722029920491,0.20429747346944155,0.045570699278785876,78,False
174,0.07718254116627642,0.1261914787150268,0.0474417323996828,0.04388130597367281,0.07206480201170039,0.03768488390396869,0.093553706365297,0.2769911757260511,0.19424207226734336,0.03076630147098054,78,False
175,0.030590579781498338,0.14012732247014156,0.06713093185273442,0.04392623726481652,0.0859196664752313,0.03547972092260805,0.08056648081381775,0.3061388727198917,0.1863298267452701,0.02379036095399019,84,False
176,0.0655873196296308,0.12827040392550867,0.06271727819383943,0.026272290840067804,0.07629760413106769,0.010410096644696184,0.0975021207854934,0.27906059892720786,0.19635734597518545,0.0575249409473027,78,False
177,0.055276991083630087,0.13739496102731633,0.042431327541211754,0.03536894083888805,0.06634129699880184,0.025722763948544707,0.11254372896758082,0.2812282287093638,0.2095347427686177,0.03415701811604485,78,False
178,0.06526270954515846,0.12017480278775675,0.05543727198777447,0.04046476403725571,0.06312886134848737,0.022115696559614994,0.1038921019894117,0.2914876930444135,0.20042564554028555,0.03761045315984145,78,False
179,0.07257903698041604,0.1249691353102617,0.03352006132264975,0.03266220802829038,0.08054829996745999,0.03177224732210842,0.09854582741294396,0.291715085002289,0.18629490049543224,0.047393198158148526,78,False
180,0.09370664921056981,0.12456599936932085,0.032370392079394454,0.03380043621466234,0.06351290848256473,0.03019377424942327,0.10000672714542044,0.27529977524580784,0.18073608700728264,0.06580725099555353,78,False
181,0.012538592432707414,0.1318715544779916,0.0648457623993948,0.04998129326790251,0.08103814528196121,0.06591188958609517,0.09200155252836066,0.283170475052063,0.16948656248749977,0.049154172486023814,84,True
182,0.09379361069539274,0.12552096584913827,0.02708533206312173,0.05254077686176186,0.06685309483431785,0.01915930878765482,0.0961791237087481,0.2812615531219789,0.20214880188937326,0.03545743218851231,78,False
183,0.07667217371878131,0.13418625586937613,0.028412042693328605,0.04450044050653939,0.06078481104663269,0.03490865597669713,0.10500021046704493,0.27827495540566166,0.18670083144564756,0.0505596228702905,78,True
184,0.08781806521559514,0.13169228996694518,0.05405985503139989,0.04045631098374057,0.05900723218746579,0.033408780682535597,0.10500712033139917,0.2823148083805581,0.17828164819256329,0.02795388902779721,78,False
185,0.06405337123198358,0.12019677636004317,0.059565956752470346,0.041198865025088946,0.06293595708450885,0.030979637130847677,0.0914691472975434,0.28189424549036884,0.1955501851429478,0.05215585848419733,78,False
186,0.07350572084298349,0.11650033187383184,0.05254975002981751,0.03370360097388735,0.08349291769843402,0.020815181285704525,0.11655048528472592,0.2807162501765325,0.17969117042931182,0.04247459140477105,78,False
187,0.0794158006091208,0.13276392611346888,0.05825701954617826,0.04697516130172556,0.0597254466370182,0.032865741233435934,0.09615960253800605,0.25802996911499426,0.19760779013042767,0.03819954277562426,78,True
188,0.08188536948022411,0.12842032579514986,0.04657156386946275,0.03674037364780865,0.0657984568281154,0.0330515330227185,0.09466062429974773,0.2668203081722185,0.19517605228252768,0.05087539260202679,78,False
