ID,strat_res0,strat_res1,strat_res2,strat_res3,strat_res4,strat_res5,strat_res6,strat_res7,strat_res8,strat_res9,ancestor,alive_at_end
0,0.11230519431142745,0.010180369713813753,0.0718431321488082,0.2395954869040585,0.03886903769533578,0.016680187737520582,0.020428493556357213,0.1823617853150727,0.2198223530841506,0.08791395953345521,0,False
1,0.10307675872178929,0.005657108704245448,0.07457235413114746,0.23680679390467615,0.04179203118105145,0.021035442874229912,0.0182827200883433,0.19580229505990132,0.21790583713913458,0.0850686581954811,0,False
2,0.11540511916186155,0.009384903055167667,0.0824855140308405,0.23653620715241921,0.049182279472562915,0.02147873349559577,0.006731601173259022,0.17142664866674964,0.2083495496912617,0.09901944410028189,0,False
3,0.11238535766931124,0.015133923336277605,0.072914398701592,0.2507447281856937,0.014424582566195674,0.017316554061346735,0.025889644384497736,0.16733813648063334,0.22088743502531266,0.10296523958913924,0,False
4,0.12460523708077216,0.007319589420118512,0.07515800599954285,0.22124143348839098,0.06342869803294107,0.019472355467813326,0.019523850312998397,0.16381208483437723,0.21309234687833697,0.09234639848470848,2,False
5,0.11098395003878479,0.02317952834900893,0.07167876300025754,0.24442480467786412,0.02467242934262177,0.012436573955185725,0.02739307400029992,0.1580145947321323,0.21478174770871875,0.11243453419512611,3,False
6,0.11137621647792827,0.020949668840725168,0.09249089998647098,0.22736282157827975,0.04736801940296927,0.0335436226698024,0.007179402244004284,0.1580006010454137,0.19106069079898919,0.1106680569554169,2,False
7,0.10760085411546007,0.0063256001724296155,0.04723226172277564,0.2335683716878179,0.045153788551673193,0.03372668723109962,0.0231575281262177,0.20569326535131352,0.21893874917561357,0.07860289386559903,1,False
8,0.10346234635051695,0.004571264561009202,0.05198258172165312,0.22866100558948652,0.031038432291441383,0.030877893377077872,0.04224602045849087,0.2089956164450996,0.22900115568411203,0.06916368352111246,7,False
9,0.128904581847189,0.02538006498045056,0.07679923128511286,0.2139171345357523,0.057462723904056545,0.03240992086487705,0.006329134940931202,0.1671545604028763,0.17773162849883065,0.11391101873992365,6,False
10,0.11654809940363475,0.021011936186343266,0.0679546572086625,0.20562897696472957,0.06931535604109383,0.026108964161626128,0.0,0.189416669452927,0.1748530164230314,0.12916232415795162,9,False
11,0.10717897360683144,0.029733170469343043,0.09101324102926422,0.22649657967753514,0.036945732094360924,0.037859553014509835,0.008283482171910137,0.17989669482364354,0.17246788867250246,0.1101246844400992,6,False
12,0.127157719112301,0.038734072166846295,0.056371208496581476,0.22831351497029914,0.010283341015615902,0.02047530503548887,0.036545769736308034,0.1564484631679022,0.2169215562666662,0.10874905003199084,5,False
13,0.10554963014899632,0.02615467216652879,0.07060446749273679,0.230473599969013,0.04711099328073956,0.02199281490196301,0.03751012151223066,0.15428936485706088,0.20686991158921902,0.0994444240815119,5,True
14,0.12223713725654979,0.050960398091494226,0.0412157789610004,0.2303640940260529,0.0148107193587168,0.034479681261581005,0.040194294072907026,0.14492100108384617,0.22124414769057477,0.09957274819727685,12,False
15,0.10605912970440186,0.009521984020933145,0.048066730338540614,0.24791527046344794,0.04796196595894327,0.037422195487729654,0.013795233705638926,0.2073101292753956,0.2151428956731491,0.0668044653718199,7,False
16,0.11779873417424293,0.0068792828453948926,0.08095632022225299,0.22984301514376868,0.06125736771522293,0.029001697715796793,0.014571129871244065,0.17270547193023475,0.20002666183320272,0.08696031854863924,4,False
17,0.09967174044846201,0.009763058845473143,0.05255624149554368,0.2355316943720275,0.030248153675386833,0.03117423156970891,0.020014691100568104,0.2289794208087502,0.23030121006838902,0.061759557615690484,7,False
18,0.12301240821776159,0.0,0.047396248526326935,0.21939021844906026,0.041825109566110505,0.05375274424880649,0.019861671546929437,0.21065684712012483,0.2148383997531287,0.06926635257175114,7,False
19,0.11381782626909374,0.019284406306939488,0.08301072499464283,0.2360322709931439,0.009688944379296351,0.019829176807334627,0.017722033570332685,0.16994146502628613,0.2283058217727849,0.1023673298801454,5,False
20,0.11705055837128403,0.0,0.07621224567730664,0.24538551038080142,0.055910312354561675,0.010534223691065207,0.0038903002742502377,0.19413778897866435,0.20789029286680935,0.08898876740525723,2,False
21,0.10038118703867777,0.03436096522958164,0.05862389522237775,0.22508827998630804,0.05531705871632567,0.016801168344711445,0.027897028683357014,0.18030435287215027,0.20607811518925218,0.09514794871725818,13,False
22,0.09175669335638066,0.033829394702368246,0.0976319185969022,0.23246432321505386,0.0363484744601266,0.035786402588198936,0.011528327086630034,0.18951619917005424,0.1723018389009845,0.09883642792330083,11,False
23,0.11008124592940109,0.01086956550995315,0.08724726341587877,0.23823713087705045,0.05500248893199458,0.016792018856571514,0.0,0.1655713922796322,0.21737653090614903,0.09882236329336917,2,False
24,0.12050798487789513,0.0,0.09118508111844681,0.22999894356275005,0.07520539920000847,0.014254652639432425,0.017341679424037797,0.15567369669551218,0.2059124759946781,0.08992008648723895,4,False
25,0.11293005565814364,0.01278671995621129,0.08235851074254388,0.23588051679621092,0.02556214585402261,0.0,0.028450604312615032,0.17930809676272053,0.23371350657637044,0.08900984334116163,0,False
26,0.09329436901263964,0.021159502710060677,0.0628419909080832,0.23452329924957466,0.05180119503544136,0.0022772301395502614,0.026574666152988723,0.1766559483761553,0.2284219787121006,0.10244981970340554,1,False
27,0.09811715320331518,0.005939671870830468,0.07545964262324426,0.22485772221787098,0.04502576799513873,0.02531739316004442,0.028643662739188728,0.20589895257414725,0.20809509773245935,0.08264493588376076,1,False
28,0.11952983956958402,0.00666983016563001,0.08725738599513518,0.22876071152809785,0.054302537528481784,0.003042436087801064,0.01286744190465841,0.17391479064318244,0.21311363193699492,0.10054139464043434,2,False
29,0.11880509708447845,0.0211438245567489,0.0716332186971098,0.2347881851034677,0.014442140802487785,0.0,0.03004114048696806,0.1707833020449014,0.22420688609416617,0.11415620512967173,5,False
30,0.1113557555610834,0.013569010283595225,0.07837964960118128,0.2281297563459179,0.051695704459374534,0.04264489978247284,0.0,0.19021636299440736,0.1717215286120172,0.11228733235995025,11,False
31,0.12415148125890178,0.0009110115800227358,0.08913273647022806,0.22983061337411453,0.03436281007686856,0.02927389395594874,0.007498785001409464,0.16583353455949384,0.22198767602562858,0.09701745769738372,2,False
32,0.11898627918180776,0.023357518597322338,0.05921980228950391,0.249669811286329,0.015064192948713416,0.023893285918029025,0.011954527172132233,0.17375507395979722,0.2189370400847426,0.10516246856162242,5,False
33,0.10611351888923297,0.019266562442809547,0.07293315899984412,0.21824065162266815,0.0688116934992554,0.015709898864977596,0.01967876253554601,0.17651597983758163,0.2111742982384184,0.0915554750696662,4,False
34,0.09931486908574347,0.027307100564178316,0.06797204221083586,0.2616881785557676,0.03106970044115351,0.010524404536147534,0.004027845527541793,0.1567671837745613,0.23790534331777752,0.10342333198629304,5,False
35,0.11535565632384817,0.02546181809407215,0.06575205698582257,0.21741277287286886,0.057751337182086505,0.033554952573608555,0.01349757437860744,0.18052275179573476,0.17939431346542448,0.11129676632792644,9,False
36,0.10270672220862671,0.006633148659177442,0.0364799719700251,0.23538300764493472,0.018286510348016018,0.026145981372753535,0.040158878308101074,0.22983926015560666,0.22519601444342383,0.0791705048893349,8,False
37,0.11679292969363875,0.012890266338047148,0.06932711474705526,0.2478106188433067,0.04528055642140479,0.00284555089486452,0.018101066764273855,0.1663747987871289,0.2222592942342679,0.09831780327601203,0,False
38,0.1020849118378389,0.003494984004603402,0.052196706377762976,0.2201113683290591,0.04281834271531859,0.017437912134276645,0.04784682843192815,0.20587308161409898,0.23375401239387578,0.07438185216123754,8,False
39,0.09128032184704592,0.025011468964253904,0.07081401294386044,0.24675734262235846,0.02758877328214786,0.018460570764461174,0.02280773014901801,0.17506521306645226,0.2006582871503562,0.12155627921004579,5,False
40,0.11728838811835032,0.042834077835281495,0.05946684209644938,0.22949791071976583,0.012294036602792715,0.04029117134244988,0.04021625214730603,0.15202521337201347,0.21167789586874428,0.09440821189684663,14,False
41,0.12369861587171281,0.06474599127848589,0.040701888944202125,0.20055594349352532,0.02027733256323086,0.048466789370130686,0.054142544571042416,0.14194786205621418,0.20839607391498313,0.0970669579364727,14,True
42,0.09565693506784932,0.020594446946256464,0.09372823561542477,0.21806428381858728,0.02114951575974439,0.040162470179189384,0.020334263099936165,0.16564924181983517,0.19712155789038938,0.12753904980278755,6,False
43,0.10559873766557984,0.0,0.058901234797865465,0.22157918375948252,0.03428555089992927,0.03716193175407716,0.03468453507592244,0.21262371526416915,0.22196125156839716,0.07320385921457698,8,False
44,0.11261614899414085,0.049184797927576206,0.04303047735852756,0.2527943378099693,0.0,0.02421340189104603,0.03634786072219589,0.13562230083343127,0.23752939220017322,0.10866128226293967,14,False
45,0.11390265350896639,0.05645690036632704,0.042650137628663744,0.21694576258367007,0.01706933878783249,0.02549314790724835,0.02412771086207048,0.15487395153529293,0.23684577137083038,0.11163462544909815,14,False
46,0.12974931062276554,0.022705007256340882,0.05404850805446437,0.18278798351927963,0.06611971450465394,0.03671940857899572,0.02116113419138962,0.19332169821981487,0.19096249601975296,0.10242473903254251,10,True
47,0.11567512709128747,0.010249623502843988,0.08261968449895082,0.21920854045790242,0.04762335776118359,0.04595677295125128,0.007875241693476344,0.1643681364977162,0.1951482873381581,0.1112752282072299,6,False
48,0.12090815176289368,0.016538676784751447,0.052873292514830826,0.23081182743870807,0.017037698878252613,0.024383713022171506,0.03707745459816027,0.1577790927980977,0.23146465209714426,0.11112544010498959,12,False
49,0.08994727382091353,0.0,0.05411336696480669,0.23233478260332469,0.04363143834745129,0.04423428231433304,0.037767992651427905,0.19979304994066338,0.22939728658156877,0.06878052677551066,8,False
50,0.1304476207844332,0.033875111574569426,0.0198260292947258,0.21887916444014466,0.018209508625397622,0.02853796737486744,0.03259989882616724,0.1538703237625002,0.22741674180783297,0.13633763350936148,12,False
51,0.1329478498934524,0.03518256829009857,0.07490618814471521,0.20099724655860782,0.06113849215042733,0.024801944537506445,0.019176528305354174,0.16295941255449703,0.19082497097690795,0.09706479858843324,9,True
52,0.13227820100927173,0.06521521506232578,0.04751988107181681,0.23673413683057673,0.0011846731008057821,0.012118441601915575,0.013880940533944687,0.1486299520801297,0.21487875165595816,0.12755980705325506,12,False
53,0.11697908656910903,0.00879920359600282,0.07221591529344022,0.232773042857437,0.06997804393185819,0.015086054585997488,0.022983507669639393,0.17391670641795462,0.1982994574500327,0.08896898162852855,4,False
54,0.10712146530100321,0.05680744878523424,0.05221087364690808,0.23272909106226408,0.00303757956367571,0.038380965526915334,0.029215684542006418,0.14767886887007914,0.2258381434239352,0.10697987927797861,14,False
55,0.14095809198514433,0.018172723171696166,0.0790603908640552,0.23246406068721412,0.051722035314138284,0.026817444947213952,0.0045394889103402775,0.15106102133920835,0.18220585126565111,0.11299889151533817,9,False
56,0.11999743535048887,0.05323250836696766,0.03462720501828554,0.23948244718774006,0.026647618498753262,0.027474355769146593,0.047409430174516334,0.13997157490432324,0.20922814015071498,0.1019292845790634,14,False
57,0.14661706154127493,0.0321985060921629,0.057544554743012545,0.2332782157739877,0.011833293809623398,0.02225222745789517,0.027808017625384075,0.15771872094481623,0.20563507524709815,0.10511432676474475,12,False
58,0.11158301296817603,0.040999882172822605,0.048298556660889516,0.22704321503601133,0.016923293904106945,0.04059387440581081,0.043640248120708706,0.1399187854901818,0.22289084448814706,0.10810828675314525,14,False
59,0.11478612800400534,0.053229469141107745,0.049780723559107364,0.23542968154641078,0.0,0.03528670905294537,0.04154994256627873,0.14819128681512717,0.2163121855446741,0.10543387377034329,14,False
60,0.13403181715730084,0.048513113685346186,0.05370708640972161,0.22336343034417955,0.01022362426942056,0.04563472546439723,0.04766415551452989,0.1408975809573037,0.21846204534171237,0.07750242085608808,14,False
61,0.12691855030218127,0.06923755075908195,0.041690223700218104,0.22627545236503888,0.01648788777743008,0.03429373883105854,0.03099272103365928,0.13737488951157495,0.21877911319209079,0.09794987252766618,14,False
62,0.13496390535454095,0.03957217731368782,0.05941515568568858,0.22147111903448966,0.014914915148573201,0.027882653271807036,0.041984176523312856,0.14285551397374352,0.21012286874914202,0.10681751494501447,12,False
63,0.12497469992550019,0.0682266077352229,0.032533321370527835,0.22492522104264542,0.023646139754926982,0.03826120633443611,0.0489794277082404,0.13478616374126196,0.22044130755580207,0.08322590483143615,14,False
64,0.13312005852785228,0.03167230563130201,0.026590537416105255,0.22912407033727328,0.02551344493013555,0.031642400079866614,0.044423686430810204,0.16215147966471566,0.21715532261647316,0.09860669436546601,14,False
65,0.09426617157534596,0.035946698855103536,0.046154377100620314,0.2437886643221323,0.051186164515651784,0.011662578214024243,0.03349177901943098,0.169386764804726,0.2033925701374242,0.11072423145554065,13,False
66,0.1250798429053741,0.05923209089774106,0.04334219546844875,0.23964628111885766,0.004661915499271038,0.02482522252251706,0.02018912680022045,0.14249621737249774,0.23506181835264778,0.1054652890624243,14,False
67,0.12264045313509993,0.020584518091674907,0.05356562870393877,0.23877335992957302,0.0010704112808644342,0.03151346312246023,0.04317886034582994,0.15187842666658596,0.2187366844921906,0.11805819423178215,12,False
68,0.12142896191988219,0.031242007415147842,0.0756504597442577,0.2330776489357712,0.040440490124536224,0.012241890587062548,0.04719814858553699,0.14360941017572118,0.21424093484406323,0.08087004766802079,13,False
69,0.10879697225739869,0.020218511029953496,0.10033434310860855,0.22325841880006952,0.031064379759608896,0.04878734927204527,0.02156652048974839,0.18721176156405228,0.148200635693599,0.11056110802491588,11,False
70,0.13210441427408195,0.03635499947724595,0.05597948091058167,0.23591995551319342,0.0046546108175208765,0.01479249774799103,0.03342475448964289,0.14319792628157485,0.2350513958968887,0.10851996459127877,12,False
71,0.1139243956600254,0.036154480095562665,0.08950286723196597,0.21162207694477864,0.04596485763677756,0.023962679066458634,0.02426454508298284,0.15144308204744958,0.1925796989120745,0.11058131732192414,6,False
72,0.10397973002611458,0.0022299296740498466,0.018062893003768125,0.24801335236122413,0.05330802444650319,0.0373438647173787,0.0329202290741417,0.2048548185424711,0.22279685710357489,0.07649030105077374,7,False
73,0.1017619611496531,0.05731173483248435,0.047069292561416835,0.24181783893923176,0.020102690894551523,0.03106034069687821,0.03665181711403812,0.1324292547658983,0.22649347508189105,0.10530159396395683,14,False
74,0.10806219424236335,0.0581358528271461,0.02620207701176191,0.2399610437199219,0.002310003193122742,0.05649398616170551,0.049543686721512686,0.14869864188669663,0.21240879296196824,0.0981837212738008,14,False
75,0.10656136390983188,0.01954842991969252,0.07010536413315384,0.24169520850686446,0.0,0.00011245101869446922,0.042032970786635544,0.19162447837045588,0.2302492319181204,0.09807050143655086,3,False
76,0.12935452780719472,0.05581366740567275,0.02523415373714672,0.2203371656183989,0.006483667287178588,0.043225007580474636,0.044661874651634556,0.1560303639658429,0.2160066246819786,0.10285294726447758,14,False
77,0.11882853430204678,0.05544551513064312,0.04979711413396106,0.2262727331453842,0.006463777612272553,0.03241695356996278,0.043405003769805224,0.15082847762840143,0.20722848386201992,0.10931340684550295,14,False
78,0.14049337035581422,0.056340134539495566,0.04094059973879678,0.20530188563756996,0.005412434767703699,0.04842701243767123,0.026310061145056927,0.13303438320971187,0.23583219968626803,0.10790791848191175,14,False
79,0.12617531241730992,0.05175851216887321,0.036398907003973205,0.23512120834455677,0.0017202552517411732,0.039991203517934774,0.029368975697712164,0.15813888426796271,0.2110644023228353,0.1102623390071008,14,False
80,0.1322659796821218,0.06471017938188861,0.04259613286905354,0.23013185424575938,0.010756716408473213,0.03224586703119582,0.03593172749042695,0.14591179737411483,0.20928527903672187,0.09616446648024399,14,False
81,0.11863822496965863,0.05370719758656583,0.046341423036137676,0.22436201439128312,0.008933675910124084,0.05501596401659887,0.033117752843306446,0.14291955017616864,0.21554592398478217,0.10141827308537454,14,False
82,0.13344105026795866,0.04491860398787254,0.0640714429791238,0.21653951304762686,0.02293599698574166,0.018347632179732905,0.033000768140809454,0.14361051226906674,0.21214233545438857,0.1109921446876787,12,False
83,0.12656355973082434,0.056370949984849004,0.03655167402294965,0.23580396764854844,0.007376219439579105,0.03152262114585347,0.037833397158327,0.1367236598366525,0.23274352696854486,0.0985104240638717,14,False
84,0.1455624115551292,0.04637613273236284,0.042699101061512715,0.2317626387513632,0.018679259116334484,0.028771984626626626,0.030646514458803405,0.15219087430184597,0.20446232118829577,0.0988487622077259,12,False
85,0.118334630693354,0.05582591173922672,0.04677635295781759,0.22145398741516426,0.029484551892970154,0.035909560071091265,0.046871259535858814,0.14337251102155057,0.21725006743716774,0.08472116723579892,14,False
86,0.12634476769761738,0.05858418499214131,0.04092232524754556,0.20273408852719754,0.02794104650966618,0.04862215587931839,0.04077994067280104,0.13947283194216412,0.22020563281338354,0.09439302571816492,14,False
87,0.11833493743014921,0.038685559119386544,0.04393637498814341,0.22054028403551573,0.026150817826667422,0.019519215914086396,0.05612142684062122,0.13914669995530562,0.22823644918475797,0.10932823470536666,14,False
88,0.14219715766897836,0.04390175496701004,0.03900111384124478,0.2200981184549498,0.00491873454101396,0.0408731406717338,0.052089464780031534,0.13799243222032534,0.22628047516470956,0.09264760769000287,14,False
89,0.11512327297889868,0.01764642699275398,0.07704401688228164,0.22631806558090256,0.04554753412011793,0.0443948624852724,0.010420760817606022,0.16649423110002137,0.17639819285092723,0.12061263619121823,6,False
90,0.12993795767924854,0.06986055389178722,0.023610336731945663,0.20150560500074907,0.014748555956451833,0.06507839304474103,0.049203005487179104,0.13617531895276755,0.21922412827732804,0.09065614497780194,41,False
91,0.11503478540839863,0.07092600397325373,0.019113949269890476,0.20324592276758383,0.009841127070303518,0.04461485146589194,0.06526598552540794,0.1474092160076129,0.22211596694754374,0.10243219156411332,41,False
92,0.12418209362322853,0.015939188068232465,0.03408890660498149,0.24416660555671676,0.03399044407382822,0.03442707355368424,0.05047176457067097,0.1446775354907452,0.22468414018415683,0.0933722482737553,14,False
93,0.12570841591111961,0.052487350494420826,0.07452927430348846,0.23091514157598575,0.00862664688737358,0.02543638636108214,0.049370616642716886,0.1488901747454856,0.2098856715714769,0.07415032150685037,14,False
94,0.1159132245969077,0.0,0.058528891986392946,0.2158330202174814,0.020298686306393036,0.03206969129051663,0.046511706498303156,0.20908035016131715,0.24381169517748372,0.057952733765204295,8,False
95,0.11217355283907493,0.04956944348839426,0.04076219302635097,0.22561632344554375,0.02420465196558761,0.020540922356797796,0.03762669675478586,0.16054013884710908,0.21418868145239425,0.1147773958239615,14,False
96,0.09296575162094226,0.03672831816514209,0.06870549750093531,0.2249140814024201,0.05526378727120683,0.010261983376607591,0.03191591879993055,0.1552394929381247,0.21355527988162842,0.11044988904306216,13,False
97,0.12159034224476552,0.044571264482113855,0.033654802627884305,0.22581428643815987,0.018908625699863995,0.028887664122711237,0.06327772508680213,0.1553613018709509,0.20601992755418774,0.10191405987256039,14,False
98,0.1171664528816391,0.043889888058574605,0.037180054685876145,0.2171305662586133,0.015978525108931625,0.018852990864097672,0.041654959991393466,0.14965316092361783,0.24128365460017015,0.11720974662708615,14,False
99,0.11754542941576768,0.003935505893181292,0.04064331229599267,0.242309335309512,0.053555346091858566,0.030904322888122466,0.013614794137188031,0.20766862464416627,0.21427879637977382,0.07554453294443723,7,False
100,0.12681312223748087,0.04820431006049161,0.05579505606822291,0.22375575152310845,0.030566908972297233,0.02475006143867506,0.026636819654516915,0.13809292112116273,0.22568960839513208,0.09969544052891201,14,False
101,0.10748319486813504,0.05885588267574638,0.051524041700575125,0.22678596910758209,0.007567641864025036,0.04317405661994764,0.04107725527715222,0.14788625111746279,0.21611265456424203,0.0995330522051317,14,False
102,0.12313926170027244,0.04605942136611058,0.0317764268082006,0.23314672794646482,0.028993367526458605,0.02400969206707799,0.044820326878601525,0.14526227916288345,0.22442610665415433,0.09836638988977565,14,False
103,0.12625120083645947,0.039139305125783126,0.04260007738504748,0.22660379080265694,0.012712050725466129,0.028438400839044985,0.04511231503636667,0.13204063849165068,0.2364793023760106,0.11062291838151395,14,False
104,0.12260604998336812,0.011676560547414025,0.058847276637567586,0.23876414584025107,0.036334935591018365,0.014705926355996081,0.030206061120585423,0.16493771574665309,0.22500342926532307,0.09691789891182324,13,False
105,0.1193845166859039,0.027536231151715846,0.07080315211323862,0.19682726119527266,0.04807359143738699,0.048873985926423155,0.0,0.1800023454928704,0.17139568482675782,0.1371032311704306,10,False
106,0.1278701713395561,0.051963443502701816,0.03326646604904111,0.2228805310017124,0.023551492607139003,0.04002418954558666,0.043150705883781136,0.16500065501644529,0.19942054756632774,0.09287179748770874,14,False
107,0.12034510913642037,0.044672586420088554,0.06076353672946044,0.2348615497261653,0.04206504308899196,0.030306095614578688,0.05152897013628585,0.14129820736818993,0.19876665762043857,0.0753922441593803,14,True
108,0.11700265843023172,0.04339711346999714,0.040852637117319075,0.2443724478037828,0.020974717164922545,0.0257129654814451,0.044750549231405146,0.15021908705482714,0.22284046949379738,0.08987735475227197,14,False
109,0.12821176279150526,0.057473223032148885,0.027483656807532574,0.23898674493848238,0.017552424005624595,0.02577553420242547,0.04547401375422376,0.1454240880370079,0.22231684524665257,0.0913017071843966,14,False
110,0.11085000998867112,0.026004001218938144,0.05094004237221314,0.21831500761511902,0.027757428893786473,0.0296452024457235,0.056030558536723465,0.13602436654130062,0.2273071497631827,0.11712623262434185,14,False
111,0.11606463357572804,0.06419843482776794,0.03610809124375526,0.21300744906759192,0.01753676900726635,0.054140076316677985,0.04214779884112526,0.1443974952957942,0.21332471427182545,0.09907453755246752,41,False
112,0.14730268972705518,0.047441051061599154,0.04244390982243509,0.2417389512987133,0.00631253770952105,0.033500545812915214,0.05023618696912199,0.13711798097211042,0.21425930142617827,0.07964684520035037,14,False
113,0.1311662149136351,0.0258653780198731,0.08217660214062004,0.19385336698285305,0.058476673290994166,0.040315691738802006,0.011093772447124868,0.15734630253898527,0.18477977072814145,0.114926227198971,9,False
114,0.11905715749738446,0.05557037738493794,0.030314477760313457,0.214132116203963,0.019659933774812816,0.02374218467987472,0.05436098687598653,0.15414758402196485,0.22124787574373622,0.10776730605702588,14,False
115,0.11532886492729924,0.022700647397195513,0.07218260100127379,0.23221473022786496,0.05859282886058361,0.021273370606219647,0.03987471056899951,0.13303959315468752,0.20950826823157376,0.09528438502430253,13,True
116,0.13881144095266576,0.0503195991130027,0.04498761419918569,0.22652447652127802,0.0021644501593844224,0.028361534357879116,0.02197786081321943,0.14698937813846485,0.2355056798484104,0.10435796589650961,14,False
117,0.1156908831075946,0.04811965417242511,0.029057168503914627,0.23093475360152002,0.019728467793159534,0.027135660038810763,0.05534774352339027,0.14069945548483165,0.23561526717314574,0.09767094660120762,14,False
118,0.10836906128882162,0.024408315553460243,0.09461692903170013,0.222848249151042,0.026954630130450293,0.03676140838986773,0.0,0.18926699889698947,0.17628859714700004,0.12048581041066835,11,False
119,0.12774309065832087,0.04570360082582663,0.034479644067025396,0.23947487869338308,0.019471913549358823,0.01865371220371557,0.053356147844052085,0.1379323106257664,0.22139082439708416,0.10179387713546698,14,False
120,0.12989337176956284,0.027638703071873993,0.07174406784729964,0.1879880214412109,0.06797455208765778,0.022762570927723602,0.0,0.1910446251352734,0.16864824173983484,0.13230584597956296,10,False
121,0.10331013139218624,0.022026241190016338,0.08855895462314371,0.2349135142585944,0.07117416743505382,0.03510733206297408,0.0,0.13020894220430582,0.2013166578129372,0.11338405902078848,6,False
122,0.13046003863819017,0.017440461860028077,0.06929831056437087,0.22084272820868162,0.055277906358806896,0.02074813746058614,0.02114711026410314,0.18180714587878588,0.1742360243426142,0.10874213642383308,9,False
123,0.12282070232212948,0.04251802320788796,0.03337788939643711,0.23016661887534398,0.033476189389752234,0.022200124628157375,0.047788172734006595,0.1405352234085039,0.21495516628227654,0.11216188975550477,14,False
124,0.12536443631631394,0.04989972044738217,0.03763465869590249,0.24429386028164138,0.007274766577586338,0.035043915381955476,0.047953020419776365,0.14260957975783756,0.21988134075830792,0.09004470136329638,14,False
125,0.11772048584101734,0.020899276071820457,0.08952764622597052,0.21240025766183182,0.04703571061894834,0.04059501242749911,0.02322795081754572,0.1513526232214261,0.20045572690344846,0.09678531021049212,6,False
126,0.1311606571466882,0.03939582469252398,0.034286127182058944,0.23914318551020902,0.0058527012044697945,0.04307900588602739,0.04368060659532277,0.1370899174916303,0.22811066663775206,0.09820130765331761,14,False
127,0.10527256107106835,0.0277489354076996,0.07517183666043352,0.22579633484863754,0.048046528639483964,0.02121880953846558,0.03369443627240092,0.13737448986008408,0.2052270856328216,0.12044898206890493,13,False
128,0.1341856857578815,0.06180501473954972,0.03542134636631833,0.23322104071934951,0.022551746607533656,0.023920590504321146,0.029712279922332885,0.14889328044427017,0.2220064317012134,0.08828258323722972,14,False
129,0.1185614473425722,0.04799715429152131,0.038953639972787585,0.23135169386334603,0.013230397607554928,0.03629519259395297,0.024649756370678632,0.154905283710014,0.2272113591340705,0.10684407511350184,14,False
130,0.11684222092740053,0.01759980413989997,0.10804134751492522,0.23145115053371487,0.039979113825305765,0.028199248930568414,0.0014684418524974596,0.15935048944438732,0.19122078934166642,0.10584739348963414,6,False
131,0.11157504432120484,0.036657128219446326,0.05492510542614171,0.2373310304004396,0.04610566681294611,0.019172690942098725,0.040348252260054715,0.14964405002716322,0.22097686543222156,0.08326416615828315,13,False
132,0.11504899605058162,0.04419166477175307,0.03872462261089665,0.21645597659216317,0.016538668398289144,0.03911855819713114,0.043035970522507655,0.1617850201842747,0.2311577538157589,0.09394276885664382,14,False
133,0.09895536160053689,0.02666555427418531,0.08100029546474873,0.2223337164090305,0.049583951351111356,0.03230964116592236,0.03647932501830187,0.15773324372580183,0.20839059345004882,0.08654831754031224,13,True
134,0.12831367278712238,0.042005225707418686,0.03663363159296255,0.24577666092042624,0.0016268777739915983,0.029270533201491013,0.03608108598641644,0.14373790706667505,0.2317774800095681,0.10477692495392782,14,False
135,0.11692915152819236,0.04960168808910731,0.035421502140792586,0.24239591222823936,0.0,0.04390776252952704,0.04291991065917358,0.13399550097757257,0.2281548564716309,0.10667371537576426,14,False
136,0.13175953894091103,0.03030018469337219,0.07210467128724042,0.1915065083266207,0.06276342064377889,0.05134944921117205,0.0,0.1687535387428356,0.18762473369457167,0.10383795445949744,9,False
137,0.1068623573751695,0.050713391843095625,0.04802146368504848,0.22103501839220657,0.02364638584489703,0.04436194163752467,0.044431418566982496,0.13852736202044935,0.21279403459627022,0.10960662603835611,14,False
138,0.12713413393436418,0.03955093350320095,0.05845944601887408,0.21020249984902065,0.04763310803608143,0.03526589690462187,0.015163300514148194,0.16078701679996973,0.17587053898521812,0.12993312545450084,9,False
139,0.140180057469495,0.010496506131398096,0.0642090713104839,0.19483705081505473,0.06771494720579006,0.028923607705795433,0.018727560537479187,0.16230099128335707,0.18513775034016816,0.1274724572009784,9,False
140,0.11846459202283986,0.020436777635179648,0.06878094756021837,0.2179397608018175,0.06891775323541961,0.020857475802818957,0.001352387295906962,0.1862716785379445,0.19704649082820552,0.09993213627964916,9,False
141,0.13116124822915096,0.07041367606644394,0.0501659658780504,0.17916861342984222,0.032564632684956366,0.04516315912683903,0.041955095459815836,0.14222183798655957,0.20320970182636142,0.10397606931198024,41,False
142,0.12059349525743038,0.02170901043206351,0.08560858391234147,0.2195458523747359,0.06133453179592278,0.017188221509869327,0.02364818813475142,0.16375431866081702,0.18004489942789237,0.10657289849417592,6,False
143,0.08702199892580531,0.019909531222799016,0.036683350162407244,0.22981678983064432,0.009231132843085283,0.05199786503598234,0.038182410350691934,0.20796502604658695,0.2363608558859473,0.08283103969605027,8,False
144,0.12062814011800765,0.027214499035339106,0.10281448298547498,0.2156904820883441,0.047019377926877666,0.029480683773024298,0.006101488058586987,0.16345106525843373,0.1916434766240336,0.09595630413187795,6,False
145,0.1149503570500538,0.03872137882835134,0.09921881739574274,0.22158753359420633,0.01789328257740361,0.03981062876136792,0.0,0.18404397852663198,0.18081222907843927,0.10296179418780303,11,False
146,0.13398186483698005,0.027899297620346566,0.07118561452888182,0.19116495576402162,0.05611101907954979,0.020279528771674528,0.0042701939917683535,0.19282104279070847,0.17821110661421918,0.12407537600184955,10,False
147,0.11516640535123072,0.02470249713006289,0.08152373121446693,0.21996190363112364,0.07958083535629512,0.03679700146754764,0.011205385223699326,0.14330226107046043,0.21284949572668493,0.07491048382842842,4,True
148,0.132254863646578,0.0,0.07573277835200001,0.23577843375950927,0.06083216803962295,0.009182495486864973,0.0053827484307395965,0.16891651335089836,0.20990228054618154,0.10201771838760515,4,False
149,0.1417152133978681,0.01837974232297984,0.07189666978411302,0.21518472230747937,0.055637162334075355,0.01968151356649426,0.011882712054138933,0.1650846802781526,0.16999246721642908,0.13054511673826935,9,False
150,0.14047077506145433,0.017133791417452984,0.08386790744703163,0.20560412162954556,0.06538176993835641,0.03582815512401303,0.01050340580324547,0.15910739945516314,0.17710503445258757,0.1049976396711499,9,False
151,0.10706743341155785,0.017430184031580895,0.0670745288281835,0.19572532133307857,0.08195983100651077,0.04262390846566992,0.006854932380951195,0.2008931356522983,0.16249845521267153,0.11787226967749741,10,True
152,0.10359574062986851,0.00532471574794243,0.09108230600821644,0.22067538911456372,0.05322880480400924,0.041177344934039156,0.02252564062128354,0.1493870772052913,0.19211189461842726,0.12089108631635843,6,False
153,0.12189121394708859,0.009353451509596973,0.06172043455712939,0.22434736124967405,0.07231907173763658,0.04194393590574251,0.009488529649081862,0.18365329775903805,0.17169333145838508,0.10358937222662702,9,False
154,0.14156014032158779,0.019276904519396502,0.07451352617821298,0.20017963782846718,0.0635870215242963,0.031485342727361636,0.005187584410101129,0.16567087347973702,0.18566720237704262,0.11287176663379679,9,False
155,0.09989987615045282,0.012822023063994438,0.07479706367869558,0.23897026217110195,0.04669370308399775,0.02542510289715141,0.02955760756606603,0.16074994223556097,0.21582270229343445,0.09526171685954463,13,False
156,0.10322606575415308,0.034978524127992565,0.09300861888129344,0.22653702388377064,0.046891158522660494,0.008598817828482107,0.04177198861969735,0.13291746131847235,0.2096502015263784,0.10242013953709973,13,False
157,0.10853023685691782,0.02695729865405881,0.07722802546177865,0.21976721136385957,0.05998906063934319,0.020837322853532597,0.032669246101671406,0.169970631090068,0.19278901119961853,0.09126195577915132,13,True
158,0.09596804893340888,0.007293068398530529,0.03573485898823784,0.2471677343159119,0.04616709282755518,0.020425593976297975,0.026540004445456778,0.22339378938625212,0.22067729596132668,0.07663251276702211,72,False
159,0.13077374309145157,0.06600564283809511,0.0387591824676995,0.19646847183980062,0.02790783155736192,0.05497666772196777,0.04727732545398759,0.1314902309791786,0.203343340067735,0.10299756398272238,41,False
160,0.11954905011577602,0.06891174475696075,0.05142888150752003,0.19728538120654615,0.01611205607151319,0.04450359628486296,0.04954959028664093,0.14099494287468203,0.2182551052049119,0.09340965169058607,41,False
161,0.1164732698232413,0.0332999234857843,0.058535820046115634,0.22018083755380985,0.034645508706894285,0.019863725877296016,0.038677519675139105,0.15752684009310872,0.22248793439817738,0.09830862034043339,13,False
162,0.10610685525021574,0.028224280122834563,0.08985870587907233,0.23604466335348706,0.02677816110015708,0.03822730507180279,0.018579656196527655,0.17198736509573354,0.16921717366175343,0.11497583426841584,11,False
163,0.11513581691477431,0.047041177614617936,0.03929625180579453,0.2297481741756141,0.009991666800012719,0.03976806055828691,0.03855020845629624,0.15368628395716188,0.21501874487231662,0.11176361484512465,14,False
164,0.10600056171279557,0.036660732167931115,0.06870749801683519,0.21842168271699172,0.042850748272779265,0.02625011768396003,0.033119809628879386,0.16365328189390183,0.2015040247400543,0.10283154316587177,13,False
165,0.12542537993033812,0.021468483377501048,0.07667143841515617,0.22204104066248412,0.05717464360621876,0.02123585039913081,0.003094866301927454,0.1653528552870727,0.18752821697272617,0.12000722504744471,9,False
166,0.13794110670894058,0.027141743726843734,0.08696936843002477,0.20755193855577825,0.058255221401584935,0.03888074118302665,0.0,0.16321851147437896,0.16970479544371636,0.11033657307570581,9,False
167,0.12477140824532013,0.025526311985772522,0.05517641212108437,0.21380767343668933,0.06780397811470361,0.02464443293777949,0.006307136298456372,0.19645494463238805,0.1718791363339113,0.11362856589389493,10,False
168,0.1190395469144419,0.018818610726527362,0.08059824317510346,0.2150737145214783,0.06474024176759534,0.027172603712167637,0.01603663426727657,0.16672739762684055,0.1768509796123633,0.1149420276762056,9,False
169,0.10671943666544773,0.0275755582592816,0.08224651214813844,0.2393651559623409,0.03987209255656747,0.02122141908658111,0.04269749987679803,0.16863917494650338,0.17516855876459114,0.09649459173375032,13,False
170,0.1238310883039701,0.029804739658781332,0.07650646054503597,0.22604356335501163,0.059723356265595516,0.022274339471530527,0.001477814656401815,0.17780246843283276,0.1642243812077707,0.11831178810306965,9,False
171,0.09375752431957708,0.01596114741168416,0.08311587529656178,0.21518398756528684,0.037173505637244066,0.028049861033660462,0.04912624721310843,0.16659840965679035,0.21029382102325,0.1007396208428368,13,False
172,0.1294248956866049,0.07757237239932349,0.04941941291046835,0.18684177666647447,0.017012415929226313,0.04888551923958152,0.0390928651425399,0.15178583736903112,0.1944947134624399,0.10547019119431005,41,False
173,0.11409730293360786,0.0017068544500754776,0.08477654766737024,0.2250282908353985,0.062323044141632755,0.022894452021188182,0.028832262902745973,0.17040786814898126,0.20988910632593968,0.08004427057306013,4,False
174,0.11185130654640817,0.011816392392781597,0.07894475019251995,0.23996511113704808,0.037294615707570186,0.01710732045768631,0.031880187138008415,0.15549193649423507,0.2076584454113546,0.10798993452238766,13,False
175,0.13749019403185558,0.017525128866411957,0.07655879479824164,0.21706883548901415,0.04864216936109858,0.02541967928360336,0.0005067365072379397,0.16597585685452934,0.18705439647941316,0.12375820832859433,9,False
176,0.12074938349235677,0.015239759862450662,0.07417522228066006,0.2251031952498907,0.028575676116708203,0.033934502667561414,0.03755323931335822,0.15950090566021854,0.2182159938920668,0.08695212146472868,13,False
177,0.11228469945599932,0.08180297243667069,0.05454470395600452,0.19742880433406704,0.01822879061278371,0.025377372769749468,0.054245040622645374,0.14697071751025273,0.20448480474421746,0.10463209355760966,41,False
178,0.1338450609543114,0.05153819990529175,0.04406890412682094,0.19815183930558647,0.03213300332522255,0.05184380832155463,0.058599716107541285,0.15415808812683696,0.19203631486216807,0.08362506496466594,41,True
179,0.13078348399306364,0.011904035702574596,0.08355959453231089,0.24166251291334587,0.04605389365766838,0.019545138140970367,0.040327269244391686,0.1361703925533264,0.21338461998940972,0.07660905927293848,13,False
180,0.12719220723698155,0.042011356763117576,0.07475519010148297,0.21793623973527235,0.06360938626127907,0.024853976757603743,0.019136711622703816,0.1534595379966377,0.17476291138397368,0.10228248214094751,9,False
181,0.10338319304638231,0.01568297412897908,0.06555596792198007,0.22953263621218706,0.05777112228382471,0.02342870407359409,0.02915770994760079,0.16753209218746912,0.20810702093257216,0.09984857926541062,13,False
182,0.12870130585729073,0.06537998250311432,0.047746069598857174,0.2286272331659515,0.032068751618167975,0.02176916428015047,0.03950444516581156,0.14843693506064826,0.19741326508499923,0.09035284766500869,14,False
183,0.12817686217408272,0.07232448664126577,0.05783864154060176,0.2011109460968018,0.03655392065964123,0.05138820914729182,0.04576463287342751,0.12954402166058218,0.1937592075287821,0.08353907167752325,41,True
184,0.12628871357648433,0.02437132119903901,0.06917316649432027,0.22986846601977884,0.03614348665492765,0.007555048793246176,0.04290890681118459,0.15092142916289467,0.21619436255555266,0.09657509873257168,13,False
185,0.10837591212154325,0.03308329818302937,0.07611711881355607,0.23406283955663218,0.03105388994419149,0.02633845763580246,0.023146739163358708,0.1593709608086482,0.21147838286535128,0.09697240090788689,13,False
186,0.14613884523741458,0.05196874095018617,0.03813609172643085,0.2160567598412674,0.025446730357152933,0.052901680621024974,0.053462760965189336,0.12905568880694065,0.20942647201760275,0.07740622947679034,41,False
187,0.14645842369968645,0.02591783029560826,0.06630792392723092,0.20899603656372745,0.0553956408072429,0.017213005308947725,0.013905042012814612,0.16352576624680823,0.1908501318357583,0.11143019930217517,9,False
