ID,strat_res0,strat_res1,strat_res2,strat_res3,strat_res4,strat_res5,strat_res6,strat_res7,strat_res8,strat_res9,ancestor,alive_at_end
0,0.18204303599535607,0.08628499441028191,0.05641601521720187,0.007085789193731101,0.18956327052435076,0.2527725382850803,0.028560041183430654,0.04166751885597382,0.0038282223850792134,0.15177857394951413,0,False
1,0.1841064976276288,0.08403939875578079,0.04824734805541698,0.0,0.19324048782728964,0.26298052518974874,0.02183593293689952,0.040247604679249045,0.0,0.16530220492798653,0,False
2,0.19258602522728768,0.09545525403446634,0.0748104212520565,0.005128772658735757,0.1934573003942248,0.25125816382857097,0.011417284594350688,0.032757798622953485,0.0056009512592585025,0.13752802812809525,0,False
3,0.17517511033109281,0.087875151888465,0.03995050513519395,0.0,0.18698966555321261,0.262729896339091,0.03927701960562918,0.032494566342278125,0.008943920207808199,0.16656416459722928,1,False
4,0.1690995853900247,0.1021496493388421,0.041800035665646766,0.0,0.1914252071281053,0.2635134307354515,0.046742678876556865,0.02127942008295396,0.0005812062779210959,0.16340878650449767,3,False
5,0.19406931607446642,0.07147243836003277,0.07594030810128566,0.0,0.18409278683023858,0.26419563179491484,0.0298534761886886,0.01854252021325166,0.0038573277441157753,0.1579761946930057,0,False
6,0.19207776304041238,0.09092846450157749,0.08078285135988905,0.005352187527410195,0.19617906155942752,0.24834178634839488,0.01269336014531773,0.017545625573089526,0.012211399564682918,0.14388750037979822,2,False
7,0.1767647200641511,0.0964551212033559,0.08411695393771927,0.020682726401994284,0.1904039037913042,0.2533630012813029,0.009466328544546916,0.007904363076552606,0.010888376812932792,0.1499545048861399,6,False
8,0.17553073344700354,0.09234548178403501,0.06775596717001367,0.00339532110784177,0.17851121450292828,0.26113069568039277,0.034332186958255025,0.03340034197031158,0.006734859739276486,0.14686319763994193,0,False
9,0.16649016715439358,0.08953947325146967,0.04834838082485274,0.009832973358995738,0.18585992609084306,0.26343929632128577,0.027803161512937446,0.03777477265381914,0.015437066210422245,0.15547478262098072,0,False
10,0.1941098149629132,0.10091986072158617,0.05694523814099894,0.006864030754416646,0.18400807882077344,0.24978540430247298,0.02164419731212656,0.02812199940970356,0.008930857847916085,0.14867051772709242,2,False
11,0.18025538386741516,0.07336565090859234,0.06088689452431762,0.0,0.18287375698934488,0.24832177786616638,0.04894126438926731,0.04975256166527336,0.0,0.15560270978962296,1,False
12,0.162715699017128,0.08971431352554592,0.046580530065554474,0.0,0.20114637617116404,0.24715413844735032,0.026727402978435965,0.04445874122030233,0.003445373649173071,0.17805742492534593,3,False
13,0.1926756420362042,0.0766603187428187,0.06072602222786446,0.015215929751246221,0.19264592112917525,0.2526111330718544,0.018699185130204316,0.037557012015389725,0.008641275065663439,0.14456756082957922,0,False
14,0.18434383619030179,0.07915086208846582,0.0747301915173704,0.002473962341998952,0.18688107988663877,0.24526061481750133,0.030068612032230123,0.031486496846030845,0.015816598361315985,0.14978774591814592,0,False
15,0.1852894986732721,0.0806670961008703,0.04948231738773789,0.0,0.19059017103536147,0.23820711776220355,0.03539238716355905,0.05340716310755483,0.015998461869407603,0.1509657869000332,0,False
16,0.16062083628692406,0.08271352327295119,0.0503863497032569,0.0,0.19853639123381617,0.26574510895018855,0.041959021221773515,0.02341178459352746,0.002084053287641868,0.17454293144992025,3,False
17,0.18537261961713583,0.08188781156743907,0.0656655350407758,0.0013972282970418964,0.18547121971210798,0.251306294674192,0.028686064657984896,0.04525695510525534,0.00016513357605254207,0.15479113775201464,1,False
18,0.18372576578716368,0.09392691692318265,0.0802443197363917,0.008732964509369442,0.20121768249581679,0.24071799132267982,0.019133331576219274,0.024386139125151734,0.0,0.14791488852402493,2,False
19,0.17317643318016318,0.10696339536919088,0.09912423668017976,0.0030130983428880665,0.19601269479627645,0.27118653213335986,0.0030710761496404275,0.0,0.0,0.14745253334830138,7,False
20,0.1938637045872957,0.08127571413716428,0.09518898512099244,0.0,0.1984501819926438,0.24775304690869862,0.010708169831874129,0.02227209001861387,0.012247990972560376,0.1382401164301568,6,False
21,0.18835347857174325,0.06448888905225962,0.05333114042864943,0.0,0.19261915674612895,0.26819004020921294,0.013506920288171789,0.03847283656262777,0.0,0.1810375381412062,1,False
22,0.18391097674325085,0.08603361003273853,0.03632126271580916,0.0,0.206828565738758,0.25098376979369663,0.02523635904176066,0.0445890551403993,0.023288288337782324,0.14280811245580458,1,False
23,0.189750387333355,0.0940513531677757,0.04689240361650876,0.010626552740059006,0.19153264277779744,0.25165129122329205,0.02045159407650586,0.034691680257466,0.010082370227390202,0.1502697245798501,3,False
24,0.1831407774530859,0.07433428616334314,0.06125498221001475,0.00945490832646385,0.19028452195849604,0.2575913793228406,0.02906706622585772,0.05168986414121343,0.0014277919942162758,0.14175442220446838,0,False
25,0.16824245257980286,0.09361967629626987,0.0709287331478267,0.003999405533213111,0.18777162337411687,0.2643851260378451,0.014289786733650625,0.0388173032743179,0.011441559105682137,0.14650433391727485,0,False
26,0.18027997060585338,0.07188746011237877,0.059626052018093206,0.0033861549377910568,0.20617785109590894,0.2599315739969424,0.02821792001065552,0.039808540273172675,0.0,0.1506844769492042,1,False
27,0.18634395939333226,0.06857179824817207,0.05479060697896104,0.0,0.1973326124925233,0.2683926095541705,0.005106283056335722,0.035066181662136243,0.00891314437073552,0.17548280424363338,1,False
28,0.19055612294902136,0.08337127755963811,0.038985513787155396,0.0,0.17692406138644254,0.25245722539442694,0.04513628466178204,0.03249624669741619,0.020526087982546768,0.15954717958157053,3,False
29,0.1852353313769336,0.08176364928210013,0.05619648150179185,0.0,0.1872332472348985,0.25251059312707563,0.032315181373510485,0.05142875922229241,0.0,0.1533167568813973,1,False
30,0.1946262869570311,0.09464830726039393,0.03873004607364626,0.008894355802266067,0.19460910587479258,0.24780975695382837,0.03386772454227039,0.026800937207068762,0.0122719610113722,0.14774151831733037,0,False
31,0.2079921231698098,0.07942075862058584,0.09123453666484731,0.006154375694682373,0.1950701456391802,0.2427518026528081,0.00897262877812956,0.014894633528524279,0.017389765714151392,0.13611922953728117,6,False
32,0.18701578503537195,0.08086732543990423,0.056456834384936205,0.0,0.20393990123689643,0.24715875278047142,0.0311538923459421,0.04694622929629084,0.0025432346989476,0.1439180447812393,0,False
33,0.1700832132966795,0.08153960286921659,0.042595597744065135,0.0,0.1913101126967981,0.2890101041559993,0.0337951008753009,0.02824148831495261,0.005385600920760016,0.15803917912622786,3,False
34,0.16707373715221277,0.09339395772132153,0.04618010560165211,0.0,0.188217192631085,0.25805448759237964,0.04418492183992274,0.03021368674753098,0.012542854719029068,0.16013905599486628,3,False
35,0.15809825064543603,0.10886128115629787,0.04512730530493925,0.0,0.1896619968910632,0.254007917932843,0.06452664937769968,0.028525491060440913,0.015767491671093058,0.13542361596018693,4,False
36,0.17893036446633995,0.08706386529125588,0.08658274727123551,0.004462844750486177,0.16979223205139035,0.25635206697598933,0.03166913154940124,0.05527388445341634,0.011690357311223393,0.11818250587926189,2,False
37,0.19075261241613203,0.0829553261272901,0.05284187945942365,0.005635094435541967,0.19205550623983839,0.2666683130762075,0.021695520873534425,0.028543394041641194,0.00025102776850577613,0.1586013255618851,0,False
38,0.17502975206198057,0.09002622309913572,0.03711205447925251,0.0,0.1841273159114988,0.2775395693428582,0.022595167442310975,0.04493080089128729,0.002534353720421504,0.16610476305125452,1,False
39,0.18155136940164623,0.10820230081234665,0.06765600851134658,0.0,0.19045373592257084,0.2519078475468196,0.02109251924689519,0.031060986547534496,0.013151995290455337,0.13492323672038506,0,False
40,0.16372874253678882,0.10886028338235305,0.02783176576553301,0.0,0.1943745908489762,0.262898605610191,0.04856092508850879,0.031366395757772524,0.009393630944561759,0.15298506006531476,4,False
41,0.17492235124244354,0.09167651087797604,0.05685725795424738,0.0033312622571137897,0.19240000268803287,0.2517750657256378,0.044600656808812686,0.023251352991744075,0.0009494879728135955,0.16023605148117828,3,False
42,0.1752821448726146,0.07353567146203231,0.05759854577357119,0.009875055561024939,0.18354879080886508,0.2521956735167154,0.03290319904833413,0.05423699008593736,0.005248186267338301,0.1555757426035667,0,False
43,0.1895013223841376,0.0822320927722854,0.040132789905382556,0.007451880531880281,0.18481942497943085,0.2691074126732948,0.023330385119988372,0.03734403080005193,0.005052296564775379,0.16102836426877276,3,False
44,0.19695737323144427,0.08506553102914169,0.05585208912338525,0.0038803190153507854,0.18190974089337728,0.24715350464888694,0.028554518874011867,0.0488323685150622,0.0,0.1517945546693397,0,False
45,0.17511579928420568,0.09056872260578161,0.03874423936952437,0.01997872756167873,0.18381582370975325,0.28053454114293325,0.02618757695354522,0.03286181838393287,0.018130610835358708,0.1340621401532863,9,False
46,0.16572192055111537,0.08774673561640749,0.06430591367868708,0.010478109317711874,0.17215846894519946,0.2740224735254291,0.039263544908752925,0.026459206795940566,0.004130067722155012,0.1557135589386013,9,False
47,0.18271976191062259,0.07247294615327346,0.056396277409073305,0.005334748036011796,0.19303794302786018,0.2515326106657731,0.019212160576671494,0.04955779639992126,0.017632170245728832,0.15210358557506407,42,False
48,0.17544505781481484,0.06813646244045592,0.05376719810730232,0.004968048630730197,0.1845510037002567,0.25555517895676005,0.03522353541201505,0.03510286836798731,0.0035556044742317415,0.1836950420954458,3,False
49,0.17204365741765248,0.08797976143837585,0.03683374065205129,0.009240494111761526,0.17841826210822476,0.26572740175397863,0.04359956587504511,0.0211910318273649,0.009606521629382529,0.17535956318616272,3,False
50,0.17709892437240282,0.0914394687717077,0.07309493456379484,0.0019392100547478287,0.19317483325219653,0.25964263295014733,0.026427198861404867,0.04204951550567644,0.0,0.13513328166792174,0,False
51,0.1867912860141937,0.09441682131959217,0.04896089728300166,0.0,0.19902085648664952,0.2624662672241343,0.029327969898803218,0.025365737211951036,0.0006968170487056167,0.15295334751296877,0,False
52,0.18672468562974442,0.07063819640854577,0.04609172713291541,0.0008003549218495687,0.1980597242705178,0.24071168736873247,0.01598660872601391,0.06557288104645372,0.018984238639553553,0.15642989585567352,0,False
53,0.18532793066140263,0.06681056186506505,0.05981960921971787,0.0,0.2004405631704358,0.2538081769904695,0.032599751515444836,0.05809673607130266,0.0005886500960611694,0.1425080204101007,0,False
54,0.17949580340770752,0.07403629443659779,0.04296070926056257,0.0,0.18846661914775706,0.25759002737199344,0.05075992606441965,0.03562829854487274,0.0,0.17106232176608924,3,False
55,0.17094542523454404,0.09411361949809187,0.05105655616296966,0.002546511542168851,0.17532429504887567,0.26325858543961245,0.02824465077598675,0.046930303466897444,0.0,0.16758005283085328,3,False
56,0.18953879966256368,0.10094387249831696,0.04673440736977377,0.0,0.19108422476054407,0.2449387690404407,0.02565516753805742,0.05684826350011002,0.0019050414054918388,0.14235145422470155,0,False
57,0.16353299600515325,0.10968303998339755,0.030296881742909555,0.0,0.18869704244504287,0.2641964886863203,0.04178926721341085,0.019888952414747647,0.009063637533022906,0.17285169397599517,3,False
58,0.1761430454347094,0.09437976147803115,0.03728410740053676,0.005286429047578582,0.1732354668395904,0.2617787818367779,0.05359638808344625,0.03452514351533175,0.006073914347204719,0.15769696201679304,3,False
59,0.17980366226694575,0.08971908464690986,0.05159617041943081,0.0,0.1927342657686122,0.25843363785328616,0.022849023233060838,0.03543493395910188,0.0027275493473152604,0.1667016725053372,3,False
60,0.1705006160466612,0.08162328977697875,0.026010113308972037,0.002149048267168213,0.1860836970190665,0.2694787614994417,0.0374447498707227,0.03830941219301942,0.024363174061714715,0.16403713795625469,3,False
61,0.1901046437192229,0.07606990745686,0.07472624093602147,0.013281588001211622,0.19217992927681815,0.26612454257702756,0.01496274550960784,0.02634036325320217,0.0,0.14621003927002804,0,False
62,0.18926574087954037,0.08250899926763114,0.04279238654875543,0.0,0.1862664994945443,0.2542238119753413,0.04125824019973196,0.03332896564861596,0.0030961908682514755,0.16725916511758807,3,False
63,0.17056753728634508,0.07777111796031559,0.035645045939710025,0.0023060281775323984,0.19391787849383305,0.26373818045193953,0.03764706524234396,0.04023158507717257,0.012593171411346115,0.16558238995946165,3,False
64,0.16397723325656147,0.09976623308704288,0.04258350012791637,0.0,0.18984168852318886,0.2563967784609234,0.03447529274973566,0.03717054504650327,8.010908119112167e-06,0.17578071784000907,3,False
65,0.18416569366934496,0.10417285280737981,0.04930120817302516,0.012719943948204785,0.169399396729186,0.2587938470464772,0.03240877016139039,0.038092919729794894,0.013158235335161233,0.1377871324000354,3,False
66,0.1818255154076231,0.0863055234203981,0.02189154750709794,0.010019075136187935,0.17708604403635972,0.2635175565714157,0.023723283238157245,0.048816299210770187,0.0,0.18681515547199015,3,False
67,0.15250846657664327,0.10249012057860714,0.02726021050657521,0.0,0.2105039653566473,0.2603420457417514,0.05003085521351937,0.02416713264921056,0.0,0.17269720337704575,3,False
68,0.16921741576315708,0.0814037391377553,0.05026150091732163,0.0,0.20485556694444104,0.2593718508894955,0.038447928871980945,0.0405232801876101,0.0034816800253015642,0.15243703726293678,0,False
69,0.18071625273849717,0.07159399110732192,0.04436768773425665,0.011026634115364399,0.19727805703886356,0.24731855350360013,0.027030497441513906,0.05660853904089771,0.0,0.16405978727968454,3,False
70,0.17395863258751426,0.07498090233200275,0.053664030796583516,0.0,0.1911017361131837,0.27057911704037146,0.03174067763889831,0.03247794985296037,0.009993302351576193,0.1615036512869095,1,False
71,0.15947843795627037,0.08864706643758295,0.04401435487165869,0.0040679664119070555,0.18321854360833648,0.2923541028590353,0.016975428969249362,0.0349462932968587,0.00880552266425403,0.16749228292484722,9,False
72,0.15898566304646108,0.09389133059903639,0.03969262922028187,0.0,0.1930661232550398,0.24579194488027972,0.029589747020849114,0.04716489295358012,0.033179614909738746,0.15863805411473306,3,False
73,0.16007516557136797,0.1015621520281869,0.051085123571543475,0.0,0.1936108863595556,0.2657657997470697,0.03585736024182401,0.02559545263981323,0.010965482374886582,0.15548257746575253,9,False
74,0.1756376345238245,0.07386523966969588,0.02848995293179641,0.0,0.18769593661361517,0.273885373498761,0.03399922965295053,0.031138324075893002,0.025403939521199154,0.16988436951226435,3,False
75,0.1804822305202921,0.08643768265618944,0.04314248683633945,0.017349870394989617,0.19422383685491051,0.2594742804641386,0.03166685703643575,0.04308913060218287,0.0,0.14413362463452167,0,False
76,0.16293927792568422,0.08143817029821115,0.05868041867100713,0.01771286479013201,0.18113499431832447,0.26400709946823747,0.03171351790983712,0.03517810298664852,0.01672070523710123,0.15047484839481665,9,False
77,0.16567297287776206,0.09564916030230458,0.04825892772960782,0.0017077668898702245,0.17685058700635536,0.25515180110664987,0.03571483249825469,0.039971449429746585,0.010299826192314846,0.17072267596713403,9,False
78,0.18201624578220907,0.08712506602345116,0.0380651701541241,0.010923227001020337,0.1895994215242856,0.2634729291186621,0.028092981171926993,0.03881577036982795,0.008897082624710886,0.15299210622978196,3,False
79,0.18822686687388515,0.08788506361925862,0.03855444211669026,0.009913170155015744,0.16835444902062052,0.24575339909796298,0.03373760023138706,0.041349394494213834,0.024800941240247523,0.16142467315071835,3,False
80,0.17634799730765133,0.08450961237503052,0.07574331403336759,0.019774597598645083,0.20236844025844536,0.25729533533651755,0.02505492419004155,0.0018200459721595145,0.004803864122274648,0.1522818688058668,7,False
81,0.1796280437321387,0.10267890201373352,0.08538937275810662,0.027735967201843847,0.1844398694743889,0.2393773627445676,0.0050698107602515745,0.004461916346512748,0.01386952912089179,0.15734922584756472,7,False
82,0.1831030209888593,0.08428598617743334,0.055286961503326064,0.014289278528128141,0.199079337106201,0.24906364035293269,0.03672330735875283,0.030198354615222828,0.0037307136352729533,0.14423939973387093,0,False
83,0.18468583718158654,0.09624567786727321,0.04850639032609438,0.0,0.20322442271862678,0.27179285728152175,0.024309548294030127,0.022557099727662663,0.0,0.14867816660320451,9,False
84,0.1764928542058989,0.104518088250566,0.07147637163093397,0.010683913204654855,0.21804742474624064,0.2556904831579722,0.0008225287718630087,0.0,0.009488173169188891,0.15278016286268162,7,False
85,0.18300893925366324,0.10335726323158262,0.08479363969986338,0.005579045475531508,0.1977575362901815,0.26774631235975815,0.0006928259524834602,0.009176803560966465,0.0020692540051395233,0.14581838017083015,7,False
86,0.1591844223211631,0.07135288101348627,0.04121380520491077,0.01598709137782492,0.18403375007543596,0.2740097853981701,0.03956276536629281,0.022921128223783636,0.025714489724926196,0.16601988129400608,9,False
87,0.1745720258508209,0.09384323629872163,0.03140369828599594,0.04039229185825363,0.18748048317055063,0.2749183826530604,0.007571732470583439,0.03063963708037033,0.014244182289062572,0.14493433004258047,45,False
88,0.16635895000484976,0.09873437488358938,0.041074532690782525,0.013548169677140906,0.17538228012837764,0.2655626201165499,0.021794180488140046,0.046223983884869695,0.01855622792589594,0.15276468019980416,9,False
89,0.17130989267720245,0.09312997983463762,0.03756528049203238,0.01971516747190116,0.1786217023126019,0.2586553606528933,0.028497949684291556,0.0372870302739658,0.013417756172387782,0.16179988042808613,9,False
90,0.1666568905725319,0.08742922923477507,0.04555681934133316,0.011980426417757744,0.18130685378794806,0.2567512700725032,0.007800766450307948,0.04992564927094697,0.018657427455093703,0.17393466739680213,9,False
91,0.15481883935935045,0.08644559223611582,0.054524023452753284,0.01930442200687027,0.17305123788018323,0.2695206673463793,0.02681515206901501,0.03151701995229453,0.028421687395663635,0.15558135830137418,9,False
92,0.18022450650666189,0.09243726174572191,0.0558943988027716,0.0012910232432655497,0.1811747794495312,0.25925649088483516,0.018199248493318457,0.03215739456300693,0.020261757056397905,0.1591031392544894,9,False
93,0.17138864874425203,0.10534752694456709,0.05380479829045943,0.0,0.17349199326591447,0.24397201344455907,0.02745493290769161,0.041546554908839406,0.03139340878819731,0.1516001227055196,9,False
94,0.165548644294701,0.08363798436126807,0.03940731949929332,0.0,0.19490132366793117,0.2753738287240546,0.029378400666533522,0.03954990095301671,0.0,0.1722025978332017,9,False
95,0.16893822060064567,0.09432032296402823,0.04241298960439505,0.02192252230377904,0.18254507016512442,0.279993479362048,0.024309098752043148,0.041317363845863604,0.016617221654247585,0.1276237107478252,45,False
96,0.16998082650521218,0.1082482682081854,0.053991388954630876,0.0049212854585342965,0.1742671290084016,0.2553678834495075,0.042103662698809656,0.04226935723930801,0.0,0.1488501984774105,9,False
97,0.17677078940261776,0.08631803016469104,0.06230507071428372,0.0,0.19016183185438348,0.25109218322375143,0.027325835335061242,0.04705480247220606,0.0018453194957397698,0.15712613733726552,0,False
98,0.18154557277797423,0.07965363890995968,0.09078471594702271,0.028291971850186982,0.19820883386231067,0.24250551508142942,0.0022212956168313246,0.0008926719251219603,0.009942177346964603,0.1659536066821985,7,False
99,0.1763327031000872,0.07953951305673143,0.03520542412279739,0.0,0.20157011201473465,0.2607972324627947,0.014420719466406932,0.03899155781809645,0.026877078521729717,0.1662656594366215,9,False
100,0.17819816568192695,0.09519962334493651,0.041266833817961035,0.013658529798185541,0.1718437444093913,0.2765691727604243,0.0318531884246812,0.023258693410775553,0.01586093279912565,0.15229111555259198,9,False
101,0.16649393176418537,0.09419462548937409,0.052873997064566976,0.008981628042743103,0.18737219564143573,0.2576109094622888,0.029077009562315455,0.04459967876408756,0.005324117673706089,0.15347190653529685,9,False
102,0.17601951714030886,0.0740132058331115,0.07511205945270945,0.0350232918469506,0.18067681497839608,0.24042527282367707,0.008794921354336,0.0034152519588954854,0.034696818129417356,0.17182284648219756,7,False
103,0.18445274520382765,0.09738261508974434,0.027235130236562013,0.022820066828305608,0.1794533345667552,0.266904099584034,0.01980710958854136,0.051039321670685145,0.004532161734558294,0.14637341549698646,45,False
104,0.1682505717547886,0.07936710653994214,0.034161156921828195,0.0,0.18830532991292567,0.25438671278244357,0.03062273155154978,0.06475020798739525,0.021474894193187155,0.15868128835593984,9,False
105,0.1710722588152599,0.10042778375478668,0.04412454356875559,0.0,0.18052047601139673,0.26584545943890064,0.0222441525662067,0.032007188679886535,0.02982060219281455,0.1539375349719926,9,False
106,0.1693307118255098,0.08238862118672186,0.057064803596305023,0.02562309455049873,0.20853606086382628,0.24995048134108822,0.010117421619161604,0.01698569269266496,0.016874663134937098,0.16312844918928635,9,False
107,0.19206483150390505,0.09133184158453296,0.08722310475313416,0.018349406809210822,0.19630262655794878,0.23956706323093546,0.017153235229620128,0.016845537920499656,0.002408591076333006,0.13875376133387993,7,False
108,0.16282059925784195,0.07133286250154144,0.04009021327378272,0.01891323483624813,0.19031547697619342,0.25415889825638277,0.028732172980339005,0.049548525392864105,0.02527057486053586,0.15881744166427045,9,False
109,0.1701913156109227,0.10012543011137405,0.03842168744102355,0.034631071021595655,0.19205700992524308,0.2763541010384337,0.016447548022187047,0.024285521455219942,0.01578781053576175,0.1316985048382386,45,False
110,0.17165556426709047,0.07272130905348498,0.031285660970381254,0.021638542155494656,0.1928807873537635,0.29719207410508436,0.029227382542850535,0.04127436434353685,0.023075302124174656,0.1190490130841387,45,False
111,0.1719403035363745,0.08182597871598413,0.041518666201433886,0.033122710185079285,0.1777345858010551,0.2628383905313765,0.029953764737871987,0.02794720642377543,0.0299190711046427,0.14319932276240643,45,False
112,0.16655343858409705,0.11551031695108005,0.04152403743679968,0.024746346786700898,0.17761474133310742,0.28302478619527355,0.033354030186651354,0.03426605650780716,0.0018981904553163908,0.1215080555631666,45,False
113,0.17556172893809746,0.0928166736058954,0.077105585531274,0.0015602135065477208,0.20343251921458144,0.2727006058067,0.00274539965620667,0.007389601803240226,0.010771940912648673,0.15591573102480827,7,False
114,0.19799066327735793,0.08697870510927795,0.055378320241463615,0.010086808286039159,0.17926118575177044,0.28032209682556974,0.018051253037921496,0.0329647989474145,0.02022433329356012,0.11874183522962506,45,False
115,0.19463509441093232,0.09908737414311261,0.05454962889139469,0.03898025384407011,0.18036510484036009,0.2702639904694813,0.015138383535976649,0.0193105222530449,0.009847535379410008,0.11782211223221732,45,False
116,0.17122132330618137,0.08661070806702482,0.042550453501195386,0.04055437833975446,0.1872010756160478,0.2743391046025182,0.023824689857821397,0.04871825018759396,0.0,0.12498001652186265,45,False
117,0.17966355056868127,0.07360346806070803,0.048545854686474786,0.02371408419366312,0.17593372711000957,0.27687138206090406,0.03170391092308035,0.029654392790103516,0.015763873246405432,0.14454575635996986,45,False
118,0.17646984769210905,0.09634475974894798,0.08482473648938064,0.016348361395876695,0.1873758875787586,0.2640699328678223,0.014303512503131322,0.0,0.017018557618911207,0.1432444041050622,7,False
119,0.16064247138731838,0.10431820671923646,0.044063401321427595,0.01164956391217453,0.18028220286600644,0.28020617184439794,0.02137088683972308,0.0484354518816997,0.017858673416627144,0.13117296981138873,45,False
120,0.1698686958012668,0.08924776959146394,0.04096087526978699,0.020869501638706083,0.1770405548562361,0.2739891290160709,0.02661203773376155,0.026411685550858228,0.00872297147941843,0.16627677906243102,9,False
121,0.17006892391393233,0.0828500819483296,0.031048816627420157,0.01716007642639964,0.1710587575978548,0.2797543037779216,0.03942792137890581,0.02711472457962075,0.044282056402872805,0.13723433734674254,45,False
122,0.19189747352574488,0.08448186858394834,0.03879135689223453,0.02055592687034461,0.18086865116347053,0.2688017066395154,0.041210892202527806,0.04029128212646752,0.0048818434790022765,0.12821899851674418,45,False
123,0.17271179164953693,0.08268045386361504,0.045111356632480476,0.0291374382632493,0.1988573564140493,0.27155970195429036,0.030516487011873532,0.017595107020602175,0.0206901340170889,0.13114017317321403,45,False
124,0.16487114915297607,0.10453451574070646,0.04727987305781844,0.00418586441089402,0.1892393862450242,0.28953997946888543,0.022324749398665997,0.018830299361162574,0.019789730713556063,0.13940445245031086,45,False
125,0.1616846137960931,0.09603405580443178,0.04553080647935234,0.01857304818780923,0.18207965831415743,0.2704635505743669,0.034591432413042925,0.04037444623060221,0.017315399901575327,0.1333529882985689,45,False
126,0.18258462493985422,0.07312874368508107,0.04077836445053933,0.025342350806433225,0.1902288752109675,0.27461886419915965,0.00750596872061821,0.04501384251944029,0.023499480899871392,0.13729888456803524,45,False
127,0.1620956150196081,0.08989042640962398,0.03779041544766654,0.02558774064069833,0.17719492075139526,0.2760262558851592,0.032223589960280165,0.03922589646422311,0.03174764547291712,0.12821749394842824,45,False
128,0.17568056205676927,0.08715322303162047,0.04169939382413738,0.030637429015327344,0.20367675239253796,0.28643434922157873,0.02962442797247037,0.005963253954637848,0.016586677711683203,0.12254393081923755,45,False
129,0.17193205411918977,0.08132976242072179,0.04061097490098319,0.03136476254445326,0.1826572173614333,0.2930929869117087,0.005140357212624819,0.025083967729245062,0.02321530945015468,0.14557260734948554,45,False
130,0.16772854429115228,0.09982618119627401,0.038503508320153264,0.01564161351389265,0.17225762449990964,0.2911014724173334,0.022469053998949415,0.026296222393775038,0.02152792137900891,0.1446478579895513,45,False
131,0.16486535595394225,0.10197478916977845,0.03622772762544141,0.0026560227632261633,0.19465580237387536,0.28628213513571255,0.02951036916271058,0.02623286481060193,0.01813532562779852,0.13945960737691268,45,False
132,0.1744719260413085,0.0840770360417649,0.05970123536752039,0.02484283060643916,0.19303105332608128,0.2869831996747408,0.026699090905339926,0.012143831203949558,0.0,0.1380497968328555,45,False
133,0.18750810823929107,0.09759036057274126,0.03448215963744286,0.026003464104868174,0.17807386428228578,0.29867225768497496,0.024153620514160642,0.022351505990472077,0.0,0.13116465897376298,45,False
134,0.16929196636428817,0.09611524883444404,0.036121326972012154,0.014201181723586045,0.18527647152105892,0.28515225703198,0.014943658664563436,0.026762699442687166,0.015736001128817814,0.1563991883165623,45,False
135,0.18693291107852447,0.08205019839315351,0.08028949857472098,0.033067243647071025,0.1893382716325017,0.2136939584061682,0.0,0.01798977739998968,0.026214630671719148,0.17042351019615137,102,False
136,0.1704908576801218,0.07469092091055703,0.06688807165725302,0.04156428768614521,0.18797750946931205,0.24569682233154433,0.007728738904765891,0.0,0.049293060336809295,0.15566973102349133,102,False
137,0.17545708724008735,0.09142997311796151,0.035163579103012134,0.020559222457206063,0.1764456071147838,0.2746939463403118,0.0325554126556764,0.041597511114995614,0.018023848879436036,0.13407381197652932,45,False
138,0.18088773522136217,0.09085239820277205,0.04007208046105099,0.0160455143736923,0.16597051859059442,0.28022789115915037,0.030227816331508325,0.03176458875481715,0.03301815371816035,0.13093330318689186,45,False
139,0.1736051424766888,0.10974268265189249,0.026641747071383674,0.02728796149896755,0.1817813336449369,0.2688473178086093,0.03104690066548352,0.020618734908847396,0.024128274163002377,0.13629990511018786,45,False
140,0.17946281736467157,0.09113747163462342,0.03986196205153154,0.012177059857384558,0.18728605366283957,0.2885118734736366,0.016287369132391705,0.04711251075341859,0.0013691236068287163,0.1367937584626736,45,False
141,0.17475901197111235,0.07430048837230072,0.046143676009628494,0.01756787914568922,0.18846905526373187,0.2725989498489285,0.03179049681422427,0.0360347817618532,0.017598069594859187,0.14073759121767213,45,False
142,0.1573707393980882,0.09639436693847629,0.025257902664633177,0.023868089787983594,0.18647740932908202,0.27998364620156724,0.02452600995901269,0.048257963440384896,0.015541653665935474,0.1423222186148362,45,False
143,0.15413205136746597,0.10118068293487452,0.04134396713845572,0.0287797630027094,0.19054724273723328,0.27932537403967056,0.017261108240144953,0.02694376688374275,0.022417054774712588,0.13806898888099023,45,False
144,0.16829583554496852,0.09257876411959867,0.03867879917197108,0.021560708607287486,0.17922447518790388,0.2805794566098017,0.01975882861696695,0.031356107135523795,0.023678313974504796,0.14428871103147317,45,False
145,0.1638382893534969,0.09024868688048027,0.00505854673538898,0.041990112674858,0.18807251021562943,0.29415449769331625,0.0,0.03946246820510318,0.021293758269413154,0.155881129972314,87,False
146,0.17150296601430662,0.08943545714300101,0.02735479710036136,0.030625945765370446,0.20156329449634056,0.2757709301736004,0.030675714298029375,0.03776440828873256,0.01717732806397982,0.11812915865627786,45,False
147,0.17119242123650133,0.07460861219191825,0.038551704611075384,0.03266073637746939,0.17323693238490273,0.2806706824403067,0.025527300129468803,0.04382022617045493,0.01978249600486488,0.13994888845303755,45,False
148,0.18385503765985173,0.06735677827325504,0.07660851432798708,0.0476310290945217,0.18384722972234843,0.23161228407368326,0.0,0.0,0.0404394597476878,0.16864966710066492,102,False
149,0.17198194609616285,0.06298385819316495,0.08668643831784206,0.02360348269437411,0.17687630646447203,0.23524889418988745,0.01962723195848084,0.010639479640820942,0.03220966615233281,0.1801426962924619,102,False
150,0.16600956483538795,0.08907849339868273,0.034876620010624526,0.009400697144044578,0.20278734097209763,0.2954770165412668,0.018524195150457362,0.023239803495596626,0.025615449481835504,0.1349908189700062,45,False
151,0.1665560146128612,0.07878439933241316,0.06706400689658547,0.0395527341132212,0.17531848533138314,0.25018860823314093,0.007494539944767402,0.00016582836579772826,0.029758534365929533,0.18511684880390017,102,False
152,0.1819340656902241,0.09147646903843538,0.04058366130921118,0.022888057487550982,0.1873379892530105,0.2564845682717034,0.03230790727604531,0.03192902063483411,0.014916223027911435,0.1401420380110736,45,False
153,0.19235345246956548,0.08193231879174526,0.06264165341437211,0.04588086608689871,0.18590730881377981,0.22616446613670885,0.00025047709038531857,0.008523192442532149,0.022069532791739347,0.1742767319622729,102,False
154,0.17321119322916187,0.06855679112631553,0.03385977557278898,0.02600872738099582,0.19061771608571215,0.29970313485644184,0.027713665083038422,0.030604242312370675,0.013968282601550195,0.13575647175162442,45,False
155,0.17320564998233848,0.08875250405746939,0.07465463240100924,0.033438757069935605,0.16952171382358694,0.22356629519860585,0.027762873286397028,0.018872488205761314,0.030616825767732506,0.15960826020716357,102,False
156,0.16853457009322018,0.09456173119110767,0.0375689938350532,0.028319989631131883,0.18016812681304883,0.2706449846947599,0.024873580345289685,0.041168951168296476,0.02253479135141133,0.13162428087668093,45,False
157,0.1509768174968681,0.08056309138665507,0.08253300334444467,0.03354001759786764,0.1790174836994036,0.24931737999695205,0.0,0.0,0.04392413837933636,0.18012806809847243,102,False
158,0.160914528899631,0.08437472162874668,0.08553784237572228,0.030109280965719503,0.18622199889284644,0.25119800450671076,0.0013567249995266857,0.0,0.029755686357079952,0.17053121137401672,102,False
159,0.1779893230177415,0.05425097599399977,0.07639898179126514,0.03783097842808395,0.19015591661509118,0.21906585963726682,0.015606471957791579,0.018721653271870583,0.033074711340959365,0.17690512794593005,102,False
160,0.18234695643471385,0.08797890003296745,0.06700673965525171,0.02832466460861583,0.18247004844908266,0.2558018356442271,0.007007536788657597,0.0,0.02164897375387577,0.1674143446326081,102,False
161,0.18447396702679572,0.09989814914132848,0.03277314953554697,0.022792350311207167,0.1628469438639639,0.27759130966122947,0.04663486695842221,0.04059691254335003,0.010626367174772866,0.12176598378338326,45,False
162,0.17277332365609518,0.08174643033435419,0.07351024898184956,0.04116286939404815,0.16961390205362145,0.22337737406941144,0.017748349937867263,0.0,0.03814442010980059,0.18192308146295225,102,False
163,0.1638942118605354,0.09245497674024529,0.06062985441868857,0.02185550376027266,0.17050800678087458,0.2612519861139101,0.016881619163252513,0.02324787881891107,0.032900495704387,0.15637546663892285,91,False
164,0.15959025008004238,0.07924355948737737,0.09424963557415733,0.0323521119537984,0.1777042189833836,0.24446062227911844,0.0,0.003498743297922048,0.038542243184868215,0.17035861515933243,102,False
165,0.1756498231172228,0.07968869722878605,0.08247123201468248,0.03724858562972372,0.17211300471643756,0.224529641740829,0.015895193777009778,0.011552108917239718,0.036879132248296594,0.1639725806097724,102,False
166,0.16202679942237533,0.07069926226619859,0.08221444655830705,0.03309701525724786,0.17901512026616942,0.24857433382977503,0.0003499630615496366,0.0,0.04253359503852986,0.18148946429984722,102,False
167,0.1814279778063456,0.07231698933638095,0.06942582330988731,0.01480405013649519,0.1838822996300445,0.2318945801549925,0.00895038518149985,0.0011293841098511232,0.051823038262756964,0.18434547207174592,102,False
168,0.1749411657011228,0.07033258069299661,0.07799753192455838,0.031067704205417834,0.18695288845975305,0.2417147171220612,0.007697596844408457,0.008761929254034923,0.020490346532300655,0.18004353926334604,102,False
169,0.18116100433273755,0.09822100969166707,0.054509298182818515,0.05339541436596963,0.15857894641613474,0.2510889914603623,0.002329092002726032,0.004093462102623337,0.03719056969488969,0.15943221175007136,102,False
170,0.17922020080857773,0.09152486379236693,0.06473039164246965,0.03943718580890353,0.16613481340676245,0.2340943263471529,0.0292200009822052,0.0019675509081509375,0.01641720182232328,0.17725346448108756,102,False
171,0.17455331962526502,0.0827826631771797,0.05813731153772466,0.03572400787666363,0.17140312057212356,0.24567032262262817,0.011632494993384491,0.001188674330654717,0.03204577689426314,0.18686230837011278,102,False
172,0.1736280215067834,0.08898959404766522,0.08099213626818798,0.029467651833786995,0.17353250176411583,0.2527437230373522,0.009034727538054604,0.0,0.02620662725493929,0.1654050167491145,102,False
173,0.16394556143747172,0.09716782633165792,0.022000538742363407,0.04885401186610297,0.2045294818741477,0.26276338278535394,0.0,0.025391243162553635,0.023708722249813914,0.1516392315505346,87,False
174,0.18290236589191,0.07191567718943383,0.07466582125442627,0.029373374196398513,0.17126416740468428,0.23785873405577138,0.020040125872788885,0.00800059092565068,0.023249086660438678,0.1807300565484975,102,False
175,0.1887109519932276,0.07799449880644026,0.06677888851831629,0.03353320812404041,0.17642887066759014,0.23934490571427822,0.013307939442407601,0.00463080464016548,0.029422789319016714,0.16984714277451732,102,False
176,0.1769796877559928,0.06306427465153387,0.08045270035777917,0.029786727277542273,0.19505695700192033,0.25406402787884796,0.011403591406242275,0.014249837687282687,0.001194890031581874,0.1737473059512768,102,False
177,0.16424811909501497,0.07446128211775707,0.07425306059033288,0.046849483973081744,0.17576592795673793,0.2354324697463537,0.0065292803885998825,0.0032248236730028287,0.04471610172822217,0.1745194507308968,102,False
178,0.18560058698958107,0.08607580382331832,0.07668729419261132,0.05102395365082721,0.16969607774542514,0.22732476968650978,0.00035949679023765076,0.0,0.03818602288697068,0.16504599423451888,102,False
179,0.17653150659548392,0.06910282215263362,0.06834342159693717,0.03252070220208892,0.18002964790933057,0.24587433765226102,0.006343233293353675,0.011005732195634952,0.04019465719694012,0.1700539392053361,102,False
180,0.17538973326864316,0.09135684882532513,0.06544720281903349,0.03254353404805075,0.19161693561130907,0.2322606122180773,0.0075428840862116694,0.008242045700971897,0.02104286050457772,0.17455734291779998,102,False
181,0.1794603639825827,0.07201407772491956,0.05847176593242414,0.04231239052759102,0.1985472638417617,0.23699351003931135,0.002647959138825318,0.00830867645297339,0.028428819254123713,0.1728151731054871,102,False
182,0.18006013815357272,0.07830016960724324,0.07069976466102736,0.030562955692278182,0.16649865297379146,0.22789120416300604,0.010807565320778215,0.005318956456195938,0.046854266663961225,0.18300632630814567,102,False
183,0.17902435346015075,0.07137529236450825,0.07838220277114773,0.03265696377004917,0.1861853797702286,0.2221020201282919,0.0054652846340535605,0.01353654781506584,0.04240317030569406,0.16886878498081015,102,False
184,0.1662352931519191,0.0702768418447715,0.0742839310802209,0.04358588423181508,0.18473458842432489,0.2307498792938121,0.017199395300947898,0.0,0.055205294912726605,0.15772889175946206,102,False
185,0.16762363127529598,0.0882744547272579,0.04730951798125903,0.01713607394898358,0.1840467129942078,0.30355425876554376,0.016901540285972662,0.022327231288904844,0.012547043872132933,0.14027953486044162,45,False
186,0.17937108072833743,0.08326598347568687,0.07726229540847077,0.015945065169190076,0.1806857072234455,0.24550891599444222,0.0,0.0,0.03236222036983203,0.18559873163059504,102,False
187,0.16600294312835026,0.08432748717673481,0.05935980912403362,0.047122784033401664,0.18422209278704704,0.2418153032192549,0.008968543962205807,0.007003744454779366,0.0287161571245681,0.17246113498962432,102,False
188,0.17190683988008004,0.06973051173068487,0.07351744356464385,0.04727425709747284,0.1789385997436249,0.2430676420406816,0.016562616944514632,0.0075033933735772175,0.025937064096772926,0.16556163152794726,102,False
189,0.16512564069736568,0.09790454788272773,0.03968092607018102,0.026280284697050522,0.16484706354272965,0.2742035838016989,0.030260644891132754,0.02523932250213377,0.030638930758831357,0.14581905515614857,45,False
190,0.1905771480224857,0.0724620834956487,0.08597579244803193,0.038961741934029265,0.17753764096891297,0.2119330187741419,0.003695455643604766,0.005500086662350489,0.050854604052124656,0.16250242799866974,102,False
191,0.1517543632768036,0.0833945843591233,0.05870598601101116,0.044349557917031476,0.19418208135638373,0.2464186238921986,0.0053210222107885835,0.024599606354466758,0.029455380393201308,0.16181879422899134,102,False
