ID,strat_res0,strat_res1,strat_res2,strat_res3,strat_res4,strat_res5,strat_res6,strat_res7,strat_res8,strat_res9,ancestor,alive_at_end
0,0.021445589572584824,0.029627076658405214,0.018928630173957735,0.14651559481076692,0.03535724336454759,0.1547471000776864,0.11053635021851602,0.28185704098675796,0.15206766143802142,0.0489177126987559,0,False
1,0.012445737642248978,0.02529236168359175,0.02088785513623828,0.15705003207480045,0.04576970563877202,0.14427701612394234,0.10485854222058033,0.27879899674064373,0.15333393915912627,0.057285813580055925,0,False
2,0.025845788948472666,0.013855480039589103,0.03372949391035564,0.15051359251043436,0.05665934318151313,0.1352660156233676,0.09169628541921347,0.2781934567806176,0.15715820072286305,0.057082342863573186,1,False
3,0.011153458385260981,0.04031290962881854,0.027682270635438565,0.13620300749140887,0.05626692785265971,0.13286131924555206,0.10416393757339475,0.27284786302190484,0.16419729150812543,0.054311014657436235,2,False
4,0.008711622200181951,0.02328440786959458,0.024223189162399166,0.16025047665810882,0.06304251355021899,0.1364324415694791,0.0988601897453918,0.27478498307695515,0.15257745717898533,0.05783271898868513,1,False
5,0.017891754393053565,0.012012408209356732,0.01674669945594117,0.1520067919604012,0.04572767256703502,0.12644102781714386,0.11868994401592257,0.2701024255460906,0.16117494804392776,0.07920632799112765,1,False
6,0.004364009810544869,0.04457368661429194,0.026465081271203734,0.15782321632420257,0.059937508571664376,0.13308849745635454,0.10891635976619192,0.26906273067644404,0.14187496645905887,0.05389394305004306,1,False
7,0.005816354770765486,0.0027467940452341236,0.05355152019130398,0.1513144042740187,0.05642626051289578,0.1286981973334974,0.09460754944494972,0.29126770312419675,0.16641872258764587,0.049152493715492254,2,False
8,0.027979142789917658,0.03624520925749117,0.019426635249316024,0.13648797070676655,0.005083329979779328,0.16149139268280546,0.11482505736789883,0.29005097816699493,0.1514068343264431,0.05700344947258694,0,False
9,0.017257306820593232,0.021092450066759787,0.008289378714130562,0.16248172451509574,0.05927051299717492,0.15528744870812175,0.09863629632778713,0.294268780342818,0.14019928240310753,0.043216819104411365,1,False
10,0.02549494559485265,0.0032161930903141984,0.03865616868112305,0.1569906596519014,0.050130465385257714,0.13435402149162912,0.07438752774613645,0.28649565897158985,0.15938111193905788,0.07089324744813763,2,False
11,0.013680251130981067,0.020953645375621825,0.021195922948787534,0.15443546961714041,0.03664416857741732,0.15824440507769405,0.09217006183397303,0.28249053231455973,0.172008095211807,0.048177447912018,0,False
12,0.013233464660218727,0.01834115488853956,0.029632679149570785,0.15739801347301158,0.03588798335748123,0.1438143033156283,0.10237198935832864,0.2759931818352259,0.15123090347817453,0.07209632648382068,1,False
13,0.042503714158582825,0.030494606889779455,0.011256821674748637,0.13173048857819233,0.04576540965379739,0.14005869184376668,0.11061103455558999,0.2628623855643185,0.15546179538095023,0.06925505170027407,0,False
14,0.022714502789896104,0.032285489569684835,0.00505973880610042,0.1603671774476724,0.036181848741805224,0.15334872250507187,0.11155830995114042,0.28631290047748914,0.15281875090042962,0.03935255881071001,0,False
15,0.01231096245582826,0.03704235398958097,0.021470103897421686,0.1555700847664511,0.0536623034402838,0.13031087695761326,0.09753709456964,0.26873141018470675,0.14718345799111396,0.07618135174736018,1,False
16,0.03731908955147117,0.02236685755276765,0.008505027997538573,0.15319792751453665,0.06250891160713264,0.14079079143955436,0.07907954449951002,0.3014610501821649,0.15237763374627922,0.04239316590904481,2,False
17,0.020562585210465906,0.029853753852112665,0.024406740870472288,0.13923408329542455,0.039323803710774555,0.15856850548680182,0.10369951662883041,0.27791045115008817,0.15115394305897217,0.05528661673605743,0,False
18,0.006412337675012718,0.030478013225307132,0.022180697063271027,0.15339181352803033,0.0358770447611849,0.1497648998719423,0.11160282846909748,0.2699156102197101,0.16793892916835515,0.05243782601808891,0,False
19,0.009963156974956727,0.03487169930378595,0.019692015369162194,0.13753751375884904,0.04990741876434938,0.131552441373787,0.10188436731032259,0.2917342567029264,0.17329984545076316,0.04955728499109742,3,False
20,0.013094205500552373,0.0217205607673515,0.019131681273830345,0.14498106520613377,0.04457011322263185,0.15383436019912797,0.08876811415691616,0.29946576769453653,0.14342612619444264,0.07100800578447679,2,False
21,0.030605341671284047,0.02655693032862111,0.005997142171520229,0.1462439064547527,0.04798594879286491,0.15678710248448613,0.09599947100344726,0.29132198160498834,0.151098543279772,0.04740363220826325,0,False
22,0.028651724575755683,0.016568427069043396,0.034483433071630265,0.13780855017420074,0.03689803042721789,0.15988599268465928,0.11619306811118123,0.27109680262917046,0.13183524485956988,0.06657872639757105,0,False
23,0.0,0.022421866571286652,0.0030077965774902202,0.16046455453602992,0.0792184356538743,0.1383942730454301,0.09198346197960992,0.2699204392689161,0.1740930510941452,0.06049612127321748,4,False
24,0.03401463649986806,0.026282668979550252,0.015004485002368584,0.14460901111413219,0.022156452523856184,0.13800951982452384,0.11348257655320339,0.28570995745988953,0.1515982766231825,0.0691324154194256,0,False
25,0.023510807541839117,0.03649997647487148,0.004918348953497873,0.1357633701575147,0.04432952838983577,0.15573966993677615,0.1276137941606561,0.27322016393383247,0.15118318451160045,0.04722115593957587,0,False
26,0.03292203942557536,0.024025804837900913,0.021559835636229825,0.15411087435152607,0.03022805938543836,0.15277085690414652,0.10730740335862662,0.27546253646169355,0.14155077690013784,0.060061812738724976,0,False
27,0.023498758495343348,0.03609132472186907,0.010354391234970247,0.15756238198004838,0.037601523666102636,0.15514364260966906,0.10858984764213477,0.2875690344394193,0.13868573887230543,0.04490335633813777,1,False
28,0.02931671707650283,0.006858217755778719,0.030203938500711326,0.1469433386367399,0.05092946371570662,0.12856739824545005,0.08185575273985929,0.2984490703011134,0.16823961871746773,0.058636484310670235,2,False
29,0.02486468693689096,0.01938484105401042,0.011309595988518844,0.1593315693131225,0.034183356812363765,0.17083891451729902,0.10756192008349048,0.2731401452790706,0.15304357360572457,0.04634139640950884,0,False
30,0.03136572077328831,0.02176859608885873,0.020169565938091334,0.1388412413507111,0.030334300906480236,0.16087918359540998,0.11540365251404613,0.2875807852402561,0.1485181102089446,0.045138843383913406,0,False
31,0.0060884327619884215,0.03322913103095725,0.02593000434469846,0.13959624371807722,0.06632738358980532,0.1242370780472082,0.09700250348718098,0.27556123562532414,0.18038532083118716,0.051642666563572845,3,False
32,0.030062577231018052,0.025286733129769604,0.016746031473082318,0.1443147699382069,0.05821371829774117,0.13594036737849088,0.10618163561796436,0.2709942540724452,0.14412587426485243,0.06813403859642905,1,False
33,0.019483454104448763,0.024891077963840352,0.05065925620180778,0.12715551022250446,0.06017816996928694,0.1291129143478932,0.09687786008081646,0.2785182623098508,0.15990648315706205,0.05321701164248923,3,False
34,0.019323834525630273,0.021847517485093174,0.020588980013039056,0.1572487623819287,0.040730871421695306,0.15528647958636319,0.10246089728304617,0.2858112955464524,0.15024447653920472,0.04645688521754714,0,False
35,0.023603148334136723,0.038899466379094624,0.017113843386589344,0.15227896059585266,0.03775188276657343,0.15554166858822965,0.09534642950349642,0.26626321236337824,0.1540988051475554,0.059102582935093594,1,False
36,0.036598483198450424,0.035247135559778625,0.00819300303746796,0.15551181087058777,0.02265206717959226,0.14009192063556472,0.12877817745866998,0.2806641260899996,0.1432347526956494,0.04902852327423915,0,False
37,0.0,0.023859651086319433,0.0060774435405434295,0.18006661511402888,0.062291755291683036,0.13044645995001475,0.09910122485304429,0.30265865678501364,0.15295797225282448,0.042540221126528124,4,False
38,0.0,0.015523540502545612,0.021949483828016023,0.17455199572968016,0.04712861992382989,0.13818540980042457,0.10146142020302595,0.29657301397457975,0.14773638069840056,0.056890135339497445,1,False
39,0.024019198644617,0.035220524740475996,0.012931456211201812,0.14990910720617545,0.03248619987727917,0.15299715650883003,0.12568040198843045,0.27150673269131836,0.15100647525083455,0.04424274688083721,0,False
40,0.027356373006205012,0.0,0.0325386147400912,0.1878055786026196,0.04623108319688942,0.1274149479724343,0.09046088617084978,0.28873596922954714,0.16376866421070688,0.03568788287065669,2,False
41,0.01096092975616654,0.036322972209396016,0.008546293273470035,0.1286463697655938,0.07521025870982845,0.14233177401862107,0.10691417626922103,0.27303737943609085,0.15069681625960724,0.06733303030200498,3,False
42,0.027655489976915373,0.021545309150522707,0.013419773401205313,0.15738449367140014,0.04302655862168346,0.13354271517053284,0.09744313727298903,0.2888911413868364,0.1449503154259172,0.07214106592199762,2,False
43,0.02933153110125486,0.02143862559824224,0.036126293406961975,0.1515234079846812,0.04126115645599813,0.12994945341037784,0.10642250717236101,0.2843873357764426,0.13751784459011684,0.062041844503563294,0,False
44,0.03237069400481706,0.023891634234550502,0.028694686960625184,0.14227488209936504,0.0256279330400135,0.1433481340571189,0.10920624209921358,0.2791838482891174,0.1618403646860389,0.053561580529139896,0,False
45,0.03583773009393484,0.016391295663389722,0.04105348377746027,0.16343973107673174,0.031434601964627724,0.12915647422645846,0.08931578937325642,0.2961462486873691,0.14666632542273558,0.05055831971403619,2,False
46,0.0016054014178797146,0.03645463316264012,0.004718869065799628,0.14613038569747216,0.04520728316737328,0.1567413558387127,0.10619839386194631,0.2997103067156124,0.14673574278040294,0.05649762829216073,1,False
47,0.03391453207061641,0.010040146356606956,0.018764985989727815,0.15413701469069138,0.05266784784194126,0.15311267147718466,0.08436044541901742,0.2724641473386019,0.1765371503703661,0.044001058445245995,2,False
48,0.011771591297683116,0.020869340233864192,0.01995532860634855,0.14251408934924184,0.04932507340487278,0.15046593282689005,0.10926156055862275,0.30297741688439617,0.15147274505821845,0.04138692177986212,0,False
49,0.01461100726043248,0.038348089783142,0.028708752517477648,0.13314848584949815,0.06549359345202704,0.1331889903053299,0.10876356174543621,0.25692740327855124,0.1592803906835031,0.0615297251246022,3,False
50,0.016737483336501137,0.03871284957736521,0.01776153107315463,0.1608992193258235,0.03671113676424298,0.1524891713072135,0.12189311648146267,0.26475458470596164,0.14105504598018503,0.048985861448089536,0,False
51,0.04180017692675657,0.01417974975117248,0.035449288465338895,0.15737857497780408,0.07080784948640349,0.12917757717090675,0.09352581529238624,0.2602735192052828,0.14987857200243518,0.04752887672151356,2,True
52,0.0022414685102202423,0.024084788191620164,0.01922196669894418,0.15774216441008956,0.03802393812412076,0.13367369673231755,0.10087262945427444,0.29707587813147457,0.1601873215661113,0.06687614818082711,1,False
53,0.015042749006104836,0.023038985122841627,0.03529195108653359,0.14845142890404794,0.06233169937433341,0.13179733897003287,0.08896599088652384,0.28997726605265134,0.15726460176828408,0.047837988828646504,2,False
54,0.01854229645389757,0.02362580316239477,0.018773835056963138,0.1393518899840867,0.026012105461772312,0.1605798919839341,0.11477453946749916,0.3040979978468107,0.1691579587975802,0.02508368178506144,0,False
55,0.02594055512421628,0.02791178229960028,0.025114047587892915,0.14429987153121737,0.02178802816973103,0.1603501096835197,0.09061016289935273,0.27954212491098324,0.16407880504982358,0.06036451274366277,0,False
56,0.0018171874267451107,0.026168307983585996,0.03204160019294749,0.14743642278445762,0.06270263687837456,0.13545826892092963,0.09818079258251126,0.2736597579183091,0.1583068734539839,0.06422815185815532,4,False
57,0.004153214473030349,0.02370051929844998,0.007107167296202849,0.16039722228739625,0.056179241596510096,0.14865209857643671,0.11233940324699385,0.28325308553059947,0.14512339057432316,0.059094657120057126,0,False
58,0.0239544021251136,0.021990110877183104,0.03722611687559165,0.14902014629661275,0.06214697959308594,0.11433188030696813,0.10709050609075396,0.2690061064050904,0.15895144807918427,0.05628230335041629,2,False
59,0.03709936025691115,0.012511890676024278,0.03417368073578878,0.1518057314327277,0.03512303093930596,0.12422303324583624,0.1057886275244303,0.2891520442404596,0.16547404659831624,0.04464855435019979,2,False
60,0.026053656340943396,0.033631867366883554,0.03042756358528565,0.13496242345930284,0.04923032583478916,0.14632404420119763,0.12380349255891446,0.27368234816118187,0.1452443795782936,0.03663989891320779,0,False
61,0.029689850772847682,0.03639507197073168,0.04270704935758066,0.14040717631211766,0.011017314006358466,0.1402982433964614,0.10805736396349629,0.27687674118134264,0.16459147878173908,0.04995971025732455,0,False
62,0.023507233116340606,0.02764399538078445,0.04698741847690479,0.1531684844805326,0.0387443476913645,0.1254623841484863,0.0780655252965375,0.2935166895454081,0.1532346759615048,0.05966924590213634,2,False
63,0.031067224942577003,0.04465062264982421,0.03571434259098526,0.15361300594984476,0.04242617970144591,0.14361985334164626,0.09903452718152035,0.26191711004721013,0.13791197162501165,0.050045161969934554,0,False
64,0.0,0.033550982344806454,0.025257459361704575,0.14593295952821625,0.025197649466499692,0.16673610258442909,0.11045472653817583,0.2797348854209384,0.15977444590433695,0.05336078885089274,0,False
65,0.025599048955270622,0.019281902481384866,0.009469273777697605,0.13922963224979473,0.03473952874297898,0.1558260366110906,0.11418419638386826,0.29281615276957484,0.16382763036981973,0.045026597658519685,0,False
66,0.03527715855611109,0.02428502475930878,0.02511386598192635,0.14938026591450201,0.059103108607313624,0.12046237935635323,0.08250051603500008,0.26680324595496163,0.17339548119774464,0.06367895363677863,2,False
67,0.007337565992912303,0.037087352940054205,0.007935346571696492,0.13121765226830143,0.06174359822248108,0.13735662553164169,0.10677248002666151,0.2934489882563214,0.17078418329630227,0.04631620689362751,3,False
68,0.0179155801707187,0.014850276744566722,0.030479336347154523,0.15761947098577214,0.05525185748614939,0.1350195321736463,0.08388982828909325,0.2889000857597028,0.1555195758543131,0.06055445618888298,2,False
69,0.028490063275987333,0.006342630853772087,0.031569276325347534,0.14273969554609822,0.06927815460927887,0.150633792219349,0.08895432850276758,0.2721779089663808,0.1666900393873944,0.0431241103136242,2,False
70,0.0162211127911092,0.019083887774847725,0.04165104210442785,0.15840969134328764,0.062315543221059734,0.14153644953820885,0.10180413108136249,0.26870048409959435,0.13365686156161044,0.05662079648449197,4,False
71,0.0214594964957075,0.021163423545311033,0.03196838447579346,0.13948807402816282,0.03414893526623546,0.13055538164221217,0.13057513609957938,0.30211090981617644,0.15790497068918904,0.03062528794163278,0,False
72,0.028920947460647887,0.01291537441828286,0.055672414214465095,0.14753504063837455,0.06633796327299923,0.13223320707725555,0.09283867133540442,0.27188788040152634,0.13541559523989416,0.05624290594114979,2,False
73,0.009731630150711922,0.0387324366239722,0.03454502032005547,0.13424496621840729,0.04933443413569472,0.12969828412535764,0.0979196146243564,0.27648988488456544,0.1805173066498407,0.04878642226703808,3,False
74,0.014687709279674343,0.04623650219087135,0.031623687305380954,0.11057750403387064,0.07264194863191913,0.13097532207566995,0.11390775348476744,0.25190463098152277,0.16695252820265252,0.06049241381367086,3,False
75,0.0019217527511390148,0.029188330305386045,0.05218823633645748,0.13402509174458882,0.050987778618016316,0.14089033062282325,0.1072799702713833,0.2633285921703583,0.16206418690710253,0.05812573027274518,3,False
76,0.02425120414241433,0.05210551133965885,0.017070150448297773,0.1110945680845932,0.04784336611268448,0.14964054527381193,0.10813288805984178,0.27460686628645314,0.17042367719135568,0.04483122306088878,3,False
77,0.0276816971915671,0.0,0.03681816267379994,0.16132246416547905,0.062342818815972804,0.1522365858133933,0.08707143101474968,0.28707664236123165,0.1445076114358029,0.04094258652800354,2,False
78,0.03559539937433354,0.016645846426095807,0.020551382675667227,0.14775913519746983,0.06168686844247527,0.12534105769705414,0.09417463080635936,0.2744458872933809,0.15680285373348868,0.06699693835367522,2,False
79,0.025677787422728197,0.018496096534460802,0.043027126288131795,0.1454456732005292,0.060434016711328545,0.13493901075162854,0.07434861106278796,0.26307081888907463,0.16102614167271792,0.07353471746661247,2,False
80,0.019708568501166382,0.038873024046584326,0.018306187403931123,0.14823613648216838,0.014396300376460022,0.1526077401883911,0.11457827685650313,0.28886813954748475,0.1649268646653355,0.03949876193197539,0,False
81,0.02167236348443384,0.012028815949225915,0.0367026987744643,0.14219274086334693,0.058883536956084115,0.13325351980768654,0.09266942439256463,0.2816518137994046,0.17086902163645148,0.05007606433633769,2,False
82,0.02269863885884506,0.016890083886640473,0.0508040135124218,0.13159836839199635,0.06103609515538445,0.1336123805769773,0.09636595909874834,0.2762571561547487,0.15079102171834116,0.05994628264589636,2,False
83,0.01637127048686649,0.025470387770347765,0.03102861045884776,0.1344863485753706,0.06373755816618155,0.13644408293969298,0.10409640673641514,0.2604065487476477,0.15874143368688642,0.06921735243174351,3,False
84,0.02844636824094826,0.04300297883807224,0.04206652865137306,0.12070044095301832,0.04269752472946794,0.13783185974066373,0.09791033594443052,0.25104240927891125,0.1619917460115424,0.0743098076115722,3,False
85,0.0073775599244587185,0.03869371173308928,0.025438764003564138,0.14117555006532426,0.07038541528034743,0.13874388775225294,0.09602088318925824,0.26675822183470604,0.15583689671564527,0.05956910950135371,3,False
86,0.004661935739634273,0.025773127965791908,0.025697373064627285,0.1668791143951599,0.022803851995614795,0.15119661764620226,0.10394950097874837,0.2879599644974767,0.14801384452402502,0.06306466919271936,0,False
87,0.017720884078782962,0.041056629588239336,0.03592124829233241,0.1322889107700134,0.05313216955399757,0.1385307618964623,0.09044010504456722,0.25452311668133193,0.16177887684796396,0.07460729724630889,3,False
88,0.0304943058588831,0.022552283633620645,0.026438578007989107,0.1655563262901057,0.04835532856695031,0.1271640397264623,0.10125860211077146,0.28067062281444594,0.1481647130101516,0.0493451999806198,2,False
89,0.027673730115418002,0.0048774956880681146,0.04725273575327399,0.1435273054139499,0.06619350070852921,0.14148121126679575,0.10426530329288058,0.2656912493312345,0.1567038154669764,0.04233365296287363,2,False
90,0.037275658627175245,0.023644765586396096,0.03580353760468876,0.1345174935719682,0.06227217060233163,0.1392304338058951,0.08316911566816504,0.26726637398989206,0.1616199531228594,0.05520049742062842,2,False
91,0.016456347265627412,0.007542509016444613,0.03944515126023134,0.15519472539853393,0.057046520006965265,0.13481149713927115,0.08280476279903286,0.28357059925157013,0.1620234914636203,0.06110439639870288,2,False
92,0.018787587258743556,0.004508772410476749,0.03748144088579024,0.14083407286492816,0.05378197757216748,0.15199904361648034,0.09639257135994196,0.2835245255642779,0.15384279362243702,0.05884721484475664,2,False
93,0.02679047513666166,0.03274675543588481,0.025236663632122524,0.14163196221089855,0.0421956298869437,0.14216870678039661,0.10732273703340907,0.285540262764169,0.1504330320552809,0.04593377506423318,0,False
94,0.02407969175381022,0.024132449147896043,0.03593618001459651,0.1573610888082757,0.06517070858935856,0.12724816037109823,0.08484830083192557,0.26005827392276476,0.16184858215534695,0.059316564404927295,2,False
95,0.020652883667807553,0.014284632548054448,0.02496022252816016,0.15514652269065382,0.05985884764379587,0.13909016513136593,0.10273994667266168,0.2779410355848916,0.15633201977019376,0.048993723762415106,2,False
96,0.025162539629719052,0.00310979907989844,0.03337925872567433,0.1580977482620133,0.060188014599283635,0.142492221076004,0.09006835971527079,0.2805540202200532,0.1647901527772322,0.04215788591485098,2,False
97,0.021348843585853056,0.023554993880127568,0.02813426542735694,0.16302132922125825,0.052670421905994684,0.1350933325508267,0.0790030629064507,0.25759434248454305,0.176808901937244,0.06277050610034507,2,False
98,0.03485377652708047,0.023550046320184675,0.0,0.16896130260595574,0.02931636251965256,0.16659501518382416,0.12641935117219655,0.2695335313436414,0.13318563168330075,0.04758498264416362,0,False
99,0.0036946663895718605,0.024935880391115012,0.03783701685750035,0.1621132091490729,0.057905315280140576,0.14597645578172774,0.09351515930956253,0.25667554240807305,0.1512767733375836,0.06606998109565242,2,False
100,0.04115773128851391,0.009650655207064906,0.05081158581785635,0.14192988550606153,0.05756165221149519,0.12043002124841158,0.10181789844015092,0.270893113178729,0.1543286749165658,0.05141878218515069,2,False
101,0.022495630536328817,0.048201204546667736,0.019285982075305498,0.14663035113249018,0.027324989000987975,0.1382505851888783,0.12074571967298221,0.26006817084220485,0.15724738388381587,0.059749983120338544,0,False
102,0.02347699732226067,0.0,0.014487392541103357,0.16231551768717253,0.060220085943301416,0.14408393061739827,0.0911037318212205,0.28000787100842955,0.16364713719904825,0.06065733586006539,2,False
103,0.023372514722312263,0.028583484772810617,0.025577912354601027,0.13425605949553204,0.01982056770206437,0.15658303014131872,0.12020824240767886,0.2788782711802004,0.1565776094486892,0.056142307774792705,0,False
104,0.020755580330768762,0.02252993184132618,0.01898562514488236,0.14493930514365597,0.01831078994343862,0.1688710149410271,0.11914415100544061,0.28111225795607275,0.1484017726821037,0.056949571011284034,0,False
105,0.020867937693032742,0.005300621723429544,0.024326913161852873,0.16874911199118542,0.039553961058794905,0.13627059318799983,0.10549106280682174,0.29460703149299144,0.15653521753418828,0.04829754934970317,2,False
106,0.02312378251636507,0.02838234034497412,0.025396008340410357,0.15040012660612415,0.025384252461879076,0.13274809848662442,0.10659157020906868,0.2854553091615597,0.1629273702134521,0.05959114165954252,0,False
107,0.03715411331471996,0.015512068060461065,0.03662246422795506,0.16360459727903043,0.06508221906191564,0.12903760389411875,0.08987816390643577,0.26906709404329004,0.13758008628912333,0.056461589922949924,2,False
108,0.009422369388671034,0.03308730236269411,0.006478435525517936,0.14343710058240816,0.030728099441246482,0.16186821874572718,0.1294357081621647,0.280164233211258,0.1492377708032775,0.056140761777034885,0,False
109,0.014119944127783703,0.01214783795087669,0.010641627144118667,0.1550522811857393,0.03507746599104859,0.1659420600942615,0.12020194206707484,0.2812400071408149,0.157493199797865,0.04808363450041689,0,False
110,0.024251770310340794,0.027203172702176554,0.017738576595922092,0.13824237381600668,0.0644589949701962,0.12212243277142401,0.08374600446827589,0.2843556527726144,0.16586713588337093,0.07201388570967251,2,False
111,0.050058815743945446,0.033863514298131954,0.027872112488788913,0.13700806528311657,0.034807637970631744,0.1405304469407995,0.10461209242762233,0.28150460628250956,0.13755849547271706,0.05218421309173679,13,False
112,0.02459749344207774,0.014600646503244346,0.029893268143429335,0.16542882560714484,0.0461849654738766,0.12769633696312702,0.09940332017917765,0.29529891122993684,0.14367331933324853,0.053222913124737106,2,False
113,0.01040380923596925,0.023300027875651465,0.0065506511853035305,0.14886962156619996,0.043998161286169346,0.16540195833928437,0.12882648739349697,0.2777576466519127,0.1313035521633051,0.06358808430270736,0,False
114,0.029957988939155245,0.05253649687518919,0.027014747019865074,0.1412858283575031,0.05920502857303341,0.14504925639921323,0.11044080509788201,0.2626125865374052,0.1298129412454351,0.04208432095531842,0,True
115,0.028717187242836083,0.02841818234060605,0.030086068975603304,0.14754925377735137,0.04211262410482856,0.12723387130485947,0.10069902827790762,0.28742273973933974,0.16632193686858482,0.041439107368083004,2,False
116,0.02706987260546611,0.0038691775236726427,0.04152580321653759,0.14583711978274966,0.050497006648794744,0.14067315477383932,0.09028688658526311,0.29259261356951954,0.1417919213033394,0.06585644399081796,2,False
117,0.03754589792213971,0.030815188375225042,0.037178700089406116,0.1257961905305139,0.03319260638398104,0.14213319751625134,0.11848436150878255,0.2503940778531728,0.1556867971852891,0.06877298263523839,13,False
118,0.01940990516813362,0.03615297254439316,0.024482592854191628,0.1276650182721385,0.058960040372514136,0.134585592822493,0.09464450859662718,0.30529933899226497,0.14918708189382596,0.0496129484834179,2,False
119,0.0211604739236643,0.0364495051341236,0.02955808007526742,0.1272352709290251,0.0025296715819245045,0.14195829707776494,0.1179570463748726,0.27621808878252413,0.17819598884539564,0.06873757727543778,61,False
120,0.04981505370924819,0.0,0.02087878650025772,0.14999323437788437,0.06256296951220888,0.14956915753122874,0.08640001055352474,0.2731620825390687,0.15336534311619537,0.054253362160383324,2,False
121,0.018690997233307607,0.020003280485472764,0.021235494294959387,0.15645936420040002,0.07702600303352666,0.11863256132639095,0.08737356538666637,0.28210842771249345,0.15463556777641832,0.06383473855036445,2,False
122,0.056294604498320654,0.019795923239188905,0.019329886962372776,0.13865209166966155,0.02545913606476718,0.14326796975773173,0.11765256467773476,0.26274822884823407,0.16560165096379073,0.05119794331819775,13,False
123,0.030920900042500227,0.04267830825331002,0.03719469723154031,0.15305303676788864,0.04563924253048179,0.11548368577844702,0.09020304702469042,0.2726241916749475,0.15395259608525538,0.05825029461093866,2,False
124,0.060328396092395625,0.024144180067464924,0.022517870083523496,0.13460058943081227,0.044403106384940653,0.13090274254884224,0.11423520991719509,0.26963819174055365,0.14361176111818044,0.055617952616091516,13,True
125,0.06360948251548112,0.009300939258088422,0.022740811497989434,0.16736577427764374,0.06441418006391823,0.13601153317157433,0.09402473922069962,0.2674343349614361,0.12939898779736062,0.0456992172358085,51,True
126,0.04171194196766035,0.026818841185838205,0.015806050515081337,0.14772412880528868,0.03309804640803606,0.1525375350130747,0.11383261975588796,0.26695295210154907,0.1546460747964239,0.04687180945115969,0,False
127,0.0464186302398401,0.04549155892654063,0.009414383533391097,0.12271896406569262,0.044876643422567905,0.14421942731107293,0.10884259414766732,0.2589766600885506,0.14445137721521295,0.0745897610494638,13,False
128,0.023771655208592687,0.022041722180645512,0.03816291610681712,0.15405837443754125,0.06343577908917127,0.12848454651278418,0.08621152000080788,0.27378946797216325,0.15400773496895231,0.05603628352252449,2,False
129,0.012121594530338045,0.024529637445764856,0.03653467240846592,0.16340442218853898,0.04324867109160369,0.12982354564761167,0.09530454135859723,0.27551410799052034,0.17160745282058457,0.047911354517974784,2,False
130,0.015221736394422421,0.016637892514579516,0.042805981007476825,0.14907274296021705,0.026833694312882655,0.14629981713532156,0.10414144291801941,0.28696626918074997,0.15754756035254466,0.05447286322378594,0,False
131,0.038932872843005346,0.03680485649525918,0.008636839466242366,0.14251798512550526,0.05079222514555687,0.11916948488068717,0.11505151945835065,0.2691010653633113,0.14894547180985213,0.0700476794122299,13,False
132,0.013168698664088775,0.015777519841950555,0.05471780029715276,0.15228243889210613,0.0647874913681308,0.11516715493222762,0.10414378589880594,0.27061010632693683,0.16795724655461564,0.041387757223985,2,False
133,0.0281196801678621,0.034383304940032784,0.02812847579904442,0.14615479332168405,0.0289897784299767,0.15119831883194798,0.11111287211861831,0.26844159445831106,0.16749066536037546,0.03598051657214712,0,False
134,0.013069362571692045,0.018509874953725074,0.018931396414070854,0.14885097385805934,0.04531757808727111,0.16412182947983306,0.10114732016194275,0.27212662697242734,0.15566164227142454,0.06226339522955384,0,False
135,0.021087925597456907,0.008519843498269479,0.04728793665137495,0.15316765354357226,0.048765121879187,0.14598662272791452,0.09127818822027722,0.27478057473188483,0.1480686493944513,0.06105748375561156,2,False
136,0.03276734477368696,0.020492113878774906,0.035270494140938836,0.1381024696013462,0.049769878575588594,0.13422937132389542,0.09920673107190493,0.27731133180457945,0.16138847262095474,0.05146179220832998,2,False
137,0.03735236357688287,0.03185061491656859,0.0201466272811684,0.12891001784388945,0.04453395216916407,0.15433795015424145,0.12310321273159139,0.2616832651201876,0.13299721409853324,0.06508478210777283,13,False
138,0.03096022273855972,0.007547655167150005,0.04711254979317879,0.16429903274930607,0.030824316086346306,0.12909086336958553,0.10334075399014948,0.2687244923551289,0.16278523008775408,0.05531488366284111,2,False
139,0.023797662895724124,0.03020713362199355,0.024723234148225814,0.1647640711617412,0.0,0.14794113386466745,0.1069892599843448,0.2811405149451748,0.1787942957377774,0.04164269364035097,61,False
140,0.01899637516590498,0.03138816763175746,0.04368685707327847,0.11513543657331704,0.03992904839054041,0.12830072908307522,0.10062886919914449,0.2665475154911591,0.1677469986282978,0.08764000276352499,84,False
141,0.031193336553848084,0.05424079169843564,0.025350033893296084,0.14526028095678953,0.039050099073523206,0.15381094268639522,0.09042545540976352,0.27264273210068796,0.14019898210214612,0.0478273455251147,63,False
142,0.0412104079802648,0.006669519392414883,0.039787122786847665,0.15359547096325502,0.03645664343258562,0.12380537717259624,0.09044114620184666,0.2700554461510883,0.16403761695062732,0.0739412489684736,2,False
143,0.05338237496455568,0.035589157935112026,0.01314288204961997,0.13046708121791117,0.060634004632187447,0.12836009080605693,0.08650562757896156,0.2622645232002136,0.17369907425378378,0.05595518336159801,13,True
144,0.02860676286206013,0.035005269519049274,0.012346297360878996,0.14379528545906914,0.04248718803258404,0.1497321792047016,0.12046506089735502,0.25420533182257216,0.15515984512769562,0.05819677971403407,13,False
145,0.027989347957477567,0.015770993935938834,0.020714952411065482,0.15442984601335602,0.04849389203786633,0.10802836369789164,0.09680692522020623,0.29401390958262685,0.1697761856729467,0.06397558347062447,2,False
146,0.041754322044918635,0.025697962098422632,0.00965916021170612,0.14124938841233844,0.0390671686936484,0.13609536910414644,0.12695709597496993,0.2622628814062071,0.14292349533062793,0.07433315672301428,13,False
147,0.06428347365988334,0.03290650122596602,0.010991412146973729,0.13174665008887898,0.029924739801656105,0.14782238902387335,0.10344148254208818,0.25472908761927854,0.14102944011991608,0.08312482377148568,13,False
148,0.04678521068387996,0.019005401517408645,0.012207162514391209,0.14057145669812732,0.031109705248919116,0.13803089940254856,0.10533668497344281,0.26554440571692606,0.16943036379486362,0.07197870944949263,13,False
149,0.040659680959932394,0.036147089079793145,0.05687202940735991,0.14950628715192235,0.04117140718544654,0.13193738488724796,0.09082553922276161,0.25203971445143647,0.14634687537566352,0.054493992278436126,63,True
150,0.03950241452752882,0.008615943748974751,0.04904124354140272,0.1589090632091079,0.046050220757171655,0.15034569639769688,0.06911492343764884,0.2766513465209821,0.14017132952568748,0.06159781833379898,62,False
151,0.034393065046456076,0.01984221064072698,0.02490344766802457,0.13999445780185832,0.04930204546926918,0.13294371079260203,0.10204546536936623,0.2503270775512533,0.15917496633104614,0.08707355332939723,13,False
152,0.045371852824816095,0.02883705519133667,0.0,0.13911478555673862,0.0397841879049344,0.1459121434101779,0.11711492892212937,0.2578363891611093,0.15830571794055034,0.06772293908820715,13,False
153,0.014428530515801747,0.036080978372528966,0.0,0.1434110303785253,0.06533318079182351,0.15318380994199887,0.10004123385208893,0.27675431327403494,0.16169709391986087,0.049069828953336794,13,False
154,0.021289935212063755,0.011995668514415404,0.028842986726119613,0.15736263733422262,0.06700988023373701,0.1417489873212153,0.08352637175721614,0.27886833073962536,0.15326367457537146,0.05609152758601333,2,False
155,0.015242762347520249,0.008280962464600389,0.02900959851291299,0.14029608253808698,0.07198055277562727,0.14309440083579908,0.10587062726423281,0.27278793840385174,0.16305068285351076,0.05038639200385774,2,False
156,0.021229961086400937,0.03150806519253949,0.0,0.12777045272955834,0.0433127955572848,0.13174710076344892,0.12045558676242067,0.2807636768117024,0.1608371649578054,0.082375196138839,13,False
157,0.04177333407997678,0.025355209467933473,0.01600801915775525,0.12539582793260073,0.028155295168245362,0.15693250935412362,0.11108501690759559,0.27048313922776646,0.15291336574767636,0.07189828295632644,13,False
158,0.01950479157560346,0.03763668190547985,0.023924700942839446,0.1666231792409777,0.044413184358933655,0.16243978320856625,0.09701892556509174,0.2669842246708003,0.13579653818899895,0.04565799034270858,63,False
159,0.031452826519191304,0.033047826297794264,0.0,0.14316161982857392,0.035588291528072996,0.131569573783142,0.11490691319266053,0.26722722353512574,0.18128175387868029,0.061763971436758956,13,False
160,0.0219029783602197,0.00501348492315474,0.019846669978398436,0.14498868070989834,0.04697130365304306,0.1557122859861795,0.11409103863465242,0.2800370767930889,0.15571002836901354,0.05572645259235133,0,False
161,0.03197404283370052,0.06141263590206903,0.03165857979722652,0.14695424047984473,0.03927436643372813,0.13705859629000808,0.09890181332235722,0.27641008095057296,0.1215552305509149,0.05480041343957791,63,False
162,0.039501554359657076,0.013101920766262695,0.03633459909977497,0.14710144778300255,0.06501980400114897,0.12059229112752139,0.09313712711602669,0.2719415437140479,0.16254209538996434,0.050727616642593495,90,False
163,0.029582253365574275,0.05702358590065767,0.046908621630765805,0.14261422083753542,0.03486797159935973,0.13455360380478865,0.09319532067691022,0.2696802908234259,0.12818933754764833,0.06338479381333408,63,False
164,0.04659513194699818,0.03856122566181647,0.015697878005602392,0.16532500045741444,0.046822734841300256,0.15015340130307894,0.0805579119458564,0.26030323701846364,0.14505491965246725,0.05092855916700212,63,False
165,0.01826025629695638,0.03879739580520423,0.036355542581427924,0.14031620856081323,0.039865415980785676,0.130099332373204,0.10771228640684795,0.2589447793376362,0.16776003883898652,0.06188874381813786,3,False
166,0.021372463598265803,0.020195984682430185,0.022702621929113497,0.13556525246494944,0.050121421322470036,0.12434060490099615,0.10901724338515241,0.27327860227187384,0.16657912077526074,0.07682668466948799,13,False
167,0.040375397611273386,0.042045147149433484,0.008334467959693854,0.14363206728233202,0.050532707975760455,0.13814493704287528,0.12040731671251623,0.24352220352279103,0.15395560030285577,0.05905015444046847,13,False
168,0.05501757093626601,0.0,0.04442826109956369,0.16006073431604662,0.07694535053766413,0.1286639083947467,0.09726818687497146,0.25503617630111713,0.14240213244237904,0.040177679097245025,51,True
169,0.044666487865143996,0.04612852844705406,0.02824388291482434,0.15959213485706897,0.048558651981461504,0.14041701560230802,0.1054337435262671,0.25769079733021355,0.1253431405731699,0.04392561690248849,63,True
170,0.026368842844348254,0.03440333629465456,0.026265092646011252,0.10792369277532053,0.04599210661348496,0.14781191619781248,0.09786013926244985,0.27789185044318754,0.15416641051889796,0.08131661240383263,84,False
171,0.03879564876083689,0.03240356268999273,0.021825930833268437,0.12479453728753143,0.056605839370212775,0.13191945886839582,0.11906005105399216,0.2452442488255219,0.14936201755042897,0.07998870475981877,13,False
172,0.04662756157998738,0.02704908631852346,0.0037022255498475225,0.13551411043295417,0.038854870363490404,0.1460174012936196,0.11082500358368655,0.26236770154230465,0.15380456099643058,0.07523747833915558,13,False
173,0.055055039925655434,0.026207518138661706,0.0,0.1120335929069505,0.052474891122978616,0.16984599952982538,0.1203261641831209,0.2589477097642849,0.1421124420780046,0.06299664235051788,13,False
174,0.05087905400750372,0.03306898212827448,0.023473111507192956,0.13541433592939486,0.0457970366443278,0.12292177926769496,0.12263745357023959,0.23837523963305798,0.16303232627034456,0.06440068104196903,13,False
175,0.03712235782872294,0.018899250717313618,0.01508672095688815,0.14723212522139195,0.04415977964488329,0.13259193409537534,0.10696841969981753,0.2757903304894169,0.14382134073115144,0.07832774061503861,13,False
176,0.028651322008981104,0.02267455609364022,0.0,0.1424531051844488,0.06855080210286854,0.14111675900510817,0.11178236317388553,0.25902209235126783,0.15719076141264632,0.0685582386671533,13,False
177,0.03564871035140296,0.04752115767849685,0.038605597231457685,0.15649438332824803,0.04107676699705813,0.13147603985979903,0.10426753119366775,0.2524101111163842,0.13476568631019184,0.05773401593329356,63,False
178,0.05427689944206468,0.020255458204220953,0.019423633240504647,0.12397813255114637,0.049291655130017764,0.12292273679299709,0.12730460358469917,0.26677166779028866,0.1539898012186022,0.06178541204545844,13,False
179,0.06505156032173524,0.03065962080306725,0.012058856488663703,0.14024104525451025,0.039218793240414856,0.136050350377327,0.0945786327501628,0.2551755280502352,0.16725552994216694,0.059710082771716716,13,False
180,0.055041666085022235,0.04500526437928508,0.037837417385282,0.1392112495926622,0.020092483549613172,0.12202508062603437,0.10234742080157477,0.27389156391854114,0.15905104959813196,0.045496804063853064,61,False
181,0.053500786269529386,0.04872068885285639,0.003499290852419592,0.1200785744777272,0.04037740856742729,0.13521244749515182,0.11728562867694499,0.24708040185412114,0.15540791429236314,0.07883685866145913,13,False
182,0.030633142765186784,0.003301230472690992,0.019755646189688208,0.1741180385578087,0.058883050558539395,0.14155053457251637,0.0981503192946716,0.2758462419014286,0.14972078939235772,0.04804100629511185,51,False
183,0.041225695807806925,0.046811504092881324,0.04421469694607934,0.16122927377382879,0.04292097233136654,0.1272692375259708,0.08901247276501088,0.25252973368063786,0.13932373911974993,0.05546267395666743,63,True
184,0.05225320669291645,0.01811374352583606,0.01139838621340667,0.13496862259893963,0.04359636068328972,0.12032247889707037,0.10226070365733983,0.2853708515209804,0.16018407787818995,0.07153156833203075,13,False
185,0.04233719496109816,0.03527678718663941,0.005222949147469657,0.11909737698538124,0.03348584410927532,0.15379977019361968,0.10866746661481702,0.2645037920069391,0.17909735645869418,0.05851146233606639,13,False
186,0.04402220692331824,0.0353671547191517,0.0426108388413774,0.15593947929184374,0.04310043225292401,0.14950940806717042,0.10220448166448418,0.2588882957685878,0.12099794365088126,0.047359758820261375,63,True
187,0.010583795580443702,0.039858934229185315,0.032959393833745555,0.14362938469357767,0.041402889449919066,0.15270747523317513,0.12166532552196085,0.2767527931036654,0.14843587868634806,0.03200412966797927,63,False
