ID,strat_res0,strat_res1,strat_res2,strat_res3,strat_res4,strat_res5,strat_res6,strat_res7,strat_res8,strat_res9,ancestor,alive_at_end
0,0.37634402203456274,0.11354396469757377,0.055248560019638675,0.026974310230842662,0.2108608165011809,0.04610453897405417,0.08802370590207872,0.05848244345870294,0.007530478564953225,0.01688715961641192,0,False
1,0.36993953789856726,0.10064977766393358,0.05476636960644311,0.018912417392499645,0.2062078228139478,0.04407430261996807,0.09824924754667377,0.06584279764196088,0.016854837192859625,0.024502889623146278,0,False
2,0.3590523580717943,0.11691214099890444,0.03684236894168346,0.026470415380984155,0.19299078390834087,0.028267593929318394,0.11839816242434308,0.07064739422200447,0.014681669205241861,0.035737112917384975,1,False
3,0.3800087936707106,0.11481995537289838,0.05071365226006047,0.03402098031517965,0.21525865146772316,0.042767150142478304,0.09140078971669933,0.061283657880130786,0.00245959039437708,0.007266778779742364,0,False
4,0.36397379459886703,0.09556774620582008,0.05564983977274699,0.018691690187679806,0.20123272315256008,0.03862708136511037,0.11553304067965309,0.07966057157904873,0.022005292030093746,0.009058220428420156,1,False
5,0.3578427273666609,0.11825208536041872,0.0509221816362589,0.025832205232745434,0.19289608813039683,0.019498338644090542,0.12349966627100598,0.06584044634494211,0.012147700917193515,0.03326856009628722,2,False
6,0.379516192183787,0.118898389896156,0.06020642517359528,0.013815847218568473,0.21546528700049003,0.034558429713310836,0.0913250885641139,0.06808516674555204,0.0,0.018129173504426478,0,False
7,0.36068955501621464,0.12482947686409879,0.038978736797013164,0.015452137708674917,0.18991579139797835,0.012724081551215606,0.12977508334094773,0.07382974179860982,0.020243519420472825,0.033561876104773965,5,False
8,0.3576200856748653,0.10709951776974548,0.05665608372659513,0.02643548466830203,0.19925998308387208,0.0483776974270964,0.09496733834370921,0.048879656389981055,0.027588267459566,0.03311588545626746,1,False
9,0.3790698381928439,0.10489035382014476,0.05858287714366321,0.02415601061999763,0.21660893863411687,0.0388655766526693,0.08495982484542466,0.05362780755463779,0.021236419151405363,0.018002353385096488,0,False
10,0.34857809665315415,0.11044132904435218,0.06637871192375179,0.017880033289685432,0.19370591473120016,0.03420155099924331,0.10980740373211828,0.08326405015457992,0.03478309930181084,0.0009598101701040091,4,False
11,0.364062047015848,0.11571449676619631,0.0637048316215951,0.03133627845377765,0.21695595781420818,0.032315152108671225,0.09600992050754929,0.07182760586502167,0.008073709847132644,0.0,6,False
12,0.36145657529566516,0.1306472894288579,0.042488708669745356,0.017151959266265986,0.19194000889153207,0.02172369079490597,0.1269145724555263,0.07484229053870005,0.012257490274096401,0.020577414384704815,5,False
13,0.36626880976789844,0.12310050944007421,0.06551288774905718,0.03498613608549265,0.20006311935100413,0.04107479654666773,0.09919054933397917,0.05214916962162984,0.003986518355495296,0.013667503748701376,3,False
14,0.37028312439924194,0.1195123231065263,0.05890375854962064,0.02767853320634905,0.2066763214063524,0.03576275645438834,0.09581393360742281,0.06401525878158328,0.00837391043808325,0.012980080050432111,3,False
15,0.37320755836049263,0.11600893989504803,0.07134372327398499,0.007562434120727753,0.22257730095695746,0.013369883493312081,0.09480838608598857,0.07591842525936904,0.0,0.025203348554119452,6,False
16,0.36026539432097965,0.11821044141819537,0.055304511635706655,0.03790790029524562,0.21484591801002764,0.030387770108039672,0.09516769010072902,0.07193831898404747,0.015972055127028796,0.0,11,False
17,0.36920272334135684,0.11166270687706828,0.0643911118019858,0.010711734058352212,0.22262604536619632,0.03790022716141167,0.0882529046573996,0.06530499622662195,0.004884669532781937,0.025062880976825175,6,False
18,0.3818284408401778,0.10941886447191577,0.06275189856012121,0.008906772975600984,0.2248527554536907,0.04938389496850702,0.06811190498627362,0.05371634726318056,0.02669455610121992,0.014334564379312452,9,False
19,0.3843528470342029,0.12317418542952147,0.032403103343504706,0.010077342895166076,0.18898233746350626,0.013131913260567863,0.12441923611253876,0.07452373031380181,0.017851005765110315,0.03108429838207979,7,False
20,0.3533589540347437,0.1187859113682725,0.04268139666059676,0.03011192088868991,0.20166107943127962,0.0339624008384325,0.10120018333692231,0.0659246763595617,0.021259631071312117,0.031053846010188846,2,False
21,0.37366829977674865,0.1148491129718663,0.05643512758454836,0.0013865936642145716,0.21298933824774544,0.020158752868067793,0.11180876454934284,0.06505518581256309,0.02310574917736244,0.020543075347540483,5,False
22,0.38524085507792366,0.11083250829811306,0.03476697307751684,0.032176593318232485,0.22842345694960098,0.033470216530158935,0.09076090501151055,0.0677503932206492,0.008989487285520606,0.007588611230773775,3,False
23,0.38272418306433054,0.1103700741005224,0.061665664411634694,0.029175624157626354,0.21597228285231354,0.04135295793091702,0.09263325984347573,0.05412975403226617,0.0017411690991734647,0.010235030507740118,3,False
24,0.41207046679428755,0.08474833812144679,0.04020237273361884,0.00494904358318778,0.23024344262436888,0.04627631350471761,0.1148813937201847,0.05575757205748923,0.0,0.010871056860698537,1,False
25,0.3505339450533138,0.1066589115529597,0.024805077465336032,0.036149638854334476,0.20263217734826514,0.039762547709134934,0.11955126584063397,0.06778642461048552,0.01888591823637335,0.03323409332916325,2,False
26,0.36976067412989566,0.11654421495926076,0.04469841958000077,0.026871811766728263,0.1908020310875448,0.0024902072191567352,0.13245388050282966,0.058472991457978477,0.02345552401193227,0.034450245284672706,5,False
27,0.3557946189803116,0.09417298680262154,0.03283960921819928,0.019287428351807235,0.19218421260592003,0.03282548719321517,0.13448752710778678,0.08876700106550743,0.03207998869518214,0.01756113997944869,4,False
28,0.34858342705536194,0.1002128962930362,0.06806861908058161,0.031959216832823475,0.21510540690651797,0.028506035221311878,0.09533108758395693,0.0522484583672817,0.02716465653258521,0.0328201961265431,8,False
29,0.3520243124434966,0.10301886833634608,0.0576613486668886,0.010927134962643933,0.20673160024091253,0.042808158408583985,0.12217700879035777,0.07260544565286903,0.007582393942987677,0.024463728554913775,2,False
30,0.36614865463066076,0.09277081194854832,0.04544844698414829,0.03920268111840903,0.20430540254774052,0.021162553205201735,0.11782088938399125,0.07039987403270848,0.008529226601925052,0.03421145954666669,2,False
31,0.35137326568249927,0.09741725189436422,0.047889510752331575,0.012910903845859325,0.20202080959038,0.04780509029470214,0.11535737817680423,0.08591456304179775,0.03931122672126139,0.0,4,False
32,0.36517633038839636,0.09606644345662904,0.06096357590247325,0.02150058293961343,0.20551497579986486,0.03326574458119178,0.10147498695699281,0.07183725458348579,0.023478003436583187,0.020722101954769444,4,False
33,0.3747146192388689,0.09781220165892361,0.04928657889924529,0.022761300731978636,0.20734123947654975,0.04320360717233112,0.11827224145967237,0.07863179041431258,0.007976420948117634,0.0,4,False
34,0.34227366891208394,0.09854338104575548,0.056806638347427954,0.02358178138006061,0.1903178544783868,0.03236162082910831,0.1219291406935897,0.09200800670325211,0.028328339275165728,0.013849568335169373,4,False
35,0.3934879270629669,0.09224744948526332,0.05837503887081411,0.0006897950987796061,0.2099915247700649,0.04010306531573661,0.09102678333825208,0.050844402544455186,0.04020530766684148,0.023028705846825828,1,False
36,0.34496617642385186,0.11465546875797862,0.03914422322315579,0.025384410827570827,0.1938360193035187,0.034200924007020024,0.10347006060233808,0.0732497980969518,0.016349008178235844,0.05474391057937863,2,False
37,0.36005101486434515,0.11446227485869079,0.08592354677023473,0.004389801627317675,0.2028085286863246,0.028818189989057635,0.10088290292993429,0.0796936689906893,0.022970071283405707,0.0,10,False
38,0.3671227592684144,0.11789684161432532,0.07029130500002392,0.01793862042753291,0.19827389028550485,0.07146756131423866,0.08956197178797225,0.05930245156756863,0.0,0.008144598734419186,0,False
39,0.3686176779198835,0.11687040872650446,0.07050230375465177,0.007885261872169157,0.19913901993984148,0.054454963432617076,0.0842480903631419,0.08124841637767631,0.0,0.017033857613514385,6,False
40,0.37688689664088004,0.0989419371688429,0.04237327291654566,0.017532164366930482,0.19694618450321727,0.02815144796097641,0.1031085894239215,0.07044792361208142,0.0250600324475722,0.040551550959032144,1,False
41,0.37133391297108437,0.13740935230977785,0.036043211116802816,0.0,0.20965301761164098,0.005414633622912427,0.105787652984793,0.08666137637330287,0.015951411332661966,0.031745431677023754,7,False
42,0.36778985985381896,0.10841891902752279,0.029562543743473578,0.021013391419217625,0.1967689933006797,0.01415280635954534,0.13517342287241127,0.07317362475289405,0.016466612419289175,0.03747982625114765,2,False
43,0.3543615416121818,0.11928249340083757,0.037838719784491416,0.01987899961069944,0.20624069625841301,0.005255318669865379,0.11895635116163376,0.07772350785557444,0.018914899358495683,0.04154747228780747,7,False
44,0.3897848867296214,0.08984576137663566,0.04760815430357871,0.01053519061489646,0.2124119140024855,0.018594151642376332,0.1016917091671905,0.08283384823574197,0.018450375704466497,0.028244008223006937,1,False
45,0.3662591550820871,0.12834908324067643,0.0377483075659833,0.029008869266654618,0.1852707813418301,0.0238583300217133,0.13034860334653334,0.08270800122451838,0.0017483912385084879,0.014700477671494846,2,False
46,0.3951143214872396,0.1005803507411962,0.07372153342745275,0.024131763432088445,0.22317377430477414,0.02801331149117556,0.09050987276935396,0.05422415958494468,0.01053091276177483,0.0,9,False
47,0.3503478173060905,0.09983274491269216,0.0472775281417069,0.02532207054595268,0.20528238450901312,0.059709592956269986,0.0974074387549956,0.06443926232904604,0.03362905500580399,0.01675210553842907,8,False
48,0.35702479265946274,0.1324156342684541,0.05005979533573603,0.036345739679206276,0.1765410542336936,0.04976424416201736,0.10386362557450952,0.07347519634128052,0.004753187291117801,0.015756730454521996,8,False
49,0.36673218902550253,0.10753612609865028,0.052983512738027976,0.02232151905929612,0.19078262901213364,0.032722440424093384,0.09245487516260935,0.0635823984883606,0.03245516549671239,0.03842914449461374,8,False
50,0.3749703410143165,0.12438252009108933,0.05243626244452186,0.007651973678449045,0.1871309518505064,0.012465792192626689,0.11962093820495324,0.070012302130579,0.019391731958239906,0.031937186434718094,2,False
51,0.3867065931574053,0.1280066461860352,0.03789206185356324,0.018539132595105284,0.2018552823827927,0.04253524615895317,0.08770647199395477,0.07116223451358722,0.0064861859081880874,0.019110145250415007,9,False
52,0.3564689320875303,0.12399187413552243,0.04174172885186321,0.02330514570598348,0.215886388131353,0.04444664920658539,0.1044226532795212,0.03694820517171346,0.02277840675550854,0.03001001667441901,8,False
53,0.3508826217324845,0.10034523467777992,0.06401181229084942,0.05405099539845784,0.1891579794149569,0.04964641513939671,0.10031401941272959,0.031607595760485246,0.02922102017725491,0.030762305995604963,8,False
54,0.35177044369549904,0.10395101624107128,0.052042100927888905,0.018889335044987146,0.2005326284444945,0.05831977814547692,0.08491449329589056,0.05731097717833662,0.0242107819886862,0.04805844503766891,8,False
55,0.379182000015348,0.11586182850215705,0.043167809244095086,0.016898561984526026,0.2031007798815575,0.013347048202635528,0.12033981467363303,0.05466149780087373,0.0163637447470098,0.03707691494816413,2,False
56,0.3446614964314091,0.11930023190730996,0.03039394146329264,0.008607367153837283,0.20654978507097466,0.0402045208205807,0.1194483540034118,0.08767807644243537,0.009857070500292296,0.03329915620645612,2,False
57,0.3724692751925092,0.12349745375886759,0.04894198304878739,0.02785312604153928,0.1849813215848734,0.05352426709350603,0.0946353134738156,0.05320550469310132,0.01844059958515959,0.02245115552784047,1,False
58,0.3494935757759168,0.11968051022136889,0.048236943982209936,0.012491653954542064,0.19914741364523697,0.0467185338542699,0.09092657709641982,0.04726470023431206,0.050911749351794086,0.035128341883929416,8,False
59,0.3697191126043266,0.11988094493871615,0.05036296433679532,0.00821751543908716,0.20747608619028204,0.03200701319904335,0.10787676636643452,0.0672607236781647,0.012979583929706443,0.02421928931744367,1,False
60,0.3541599692667618,0.11477570032734301,0.0548486834752595,0.02849396018485274,0.18773476462639044,0.04700392086523414,0.07690862651724586,0.04832640995621551,0.035877072239796665,0.05187089254090031,8,True
61,0.3358335371163474,0.11208305301674447,0.06886126070516631,0.03949207900904173,0.1808608812434929,0.054136249988166726,0.09877795433010446,0.0348019661106679,0.02691089441097942,0.04824212406928856,8,False
62,0.3559169215337231,0.11063857729036974,0.0660738364132113,0.027575491736572973,0.19272714546719,0.03968027184324238,0.09004053149028858,0.06094564038070155,0.02466719334631361,0.03173439049838678,8,False
63,0.3855407176579221,0.11693679111036613,0.05575964256173555,0.013137066930426048,0.19571196273453167,0.043591999603349696,0.08443196710988964,0.038979469999603986,0.04189974073148269,0.024010641560692304,8,False
64,0.37636130071912477,0.09167696024904662,0.052877031627531816,0.030121956909333697,0.20184241011928547,0.06128219133850968,0.09499404539531622,0.05766166424765329,0.014011011219008251,0.019171428175190214,8,False
65,0.3605747586142042,0.10689349389651355,0.0500319491960422,0.025148285536142574,0.2153591659596991,0.042276574828778724,0.0936611680053254,0.04837201460402634,0.031249919602137632,0.026432669757130337,8,False
66,0.3756196328752388,0.11079612614140133,0.062283052504174326,0.03854832588636092,0.19947590289611603,0.03961312513477841,0.09653745718592333,0.060582046828790245,0.0,0.01654433054721663,0,False
67,0.3731682990839708,0.11157371621381541,0.06785464900334112,0.026345986277990344,0.2064399314388385,0.039529226876978164,0.07415409760070776,0.05491714641021777,0.02942825811517131,0.016588688978968744,8,False
68,0.3575999062005109,0.10991531171335199,0.05888613380735953,0.023651598206321456,0.1955352548567704,0.0513804664244454,0.09833672722380106,0.05152446873505127,0.022833785578583,0.030336347253805032,8,False
69,0.3530801453856757,0.09979812577571423,0.04826726393237621,0.03180060610869883,0.19683075246111364,0.041727052498102594,0.11622035150314743,0.05335135712151382,0.01778420566535161,0.04114013954830573,8,False
70,0.35407002044384817,0.0946811367839696,0.05070404918339204,0.0293421595972352,0.1993436108698649,0.047857055642797824,0.12314626885733385,0.042775488837975946,0.028468815414905785,0.029611394368676554,8,False
71,0.3372430471190259,0.12642882613298623,0.03922078578437214,0.027455966287113037,0.19708064862874217,0.016908226202913566,0.13699724571413924,0.06805408735992581,0.01354107770259169,0.037070089068190384,2,False
72,0.345842490797296,0.10429875539273688,0.06069286507106507,0.026059447710614535,0.21723573008987512,0.04221114156851317,0.09975311196368744,0.0526002482072623,0.027214501034889767,0.02409170816405984,8,False
73,0.36000603633831585,0.1133788400069234,0.04693075973877677,0.011387598183710013,0.1944387064223193,0.052168472275148946,0.09308862371170755,0.05804833033828529,0.03840733012473436,0.03214530286007853,8,False
74,0.3575976537540764,0.11302297154218698,0.05745108823797269,0.02584418073905633,0.20224311622715302,0.06280987970433988,0.09375961640537206,0.04013973811271843,0.017910982068270215,0.029220773208854037,8,False
75,0.3743023958459988,0.12071281601727336,0.07102524525382256,0.006176212447994057,0.19849616657664407,0.03375391247831095,0.08709546915704797,0.044086867774581345,0.020589154233381583,0.04376176021494534,8,False
76,0.3514445143049744,0.12034048492340976,0.0680544571766018,0.014086500462605669,0.18674627735498397,0.056140187886997255,0.09936602832201111,0.05070987571667958,0.026259162897809357,0.026852510953926937,8,False
77,0.3642646951417026,0.10256939318292477,0.06795800169831075,0.019847303311809346,0.20048932566849223,0.04869086558047487,0.09746708320350927,0.040652578778673135,0.032603324326963584,0.025457429107139527,8,False
78,0.344333998863783,0.11780072165801171,0.06045820981393021,0.033163110234448914,0.18412579079201247,0.04272701625809989,0.10027258575958088,0.043979717063917595,0.03529772318669189,0.03784112636952344,8,False
79,0.3293531188998876,0.11426264374382472,0.05150459207951112,0.012352454698647448,0.20379189626916647,0.057369577304574156,0.10493201861536337,0.03888139927754603,0.035213022185931336,0.052339276925547615,8,False
80,0.3904379169405595,0.10585701324112609,0.05601641247044844,0.012702679743345024,0.19707108470418602,0.024599442378757715,0.08959160320457084,0.05073222878372901,0.03206824621622304,0.04092337231705429,8,False
81,0.34307923310808,0.11328582617944065,0.06301958564545783,0.03038338537180482,0.20521264706181241,0.04946096491764492,0.08312732094074846,0.04943416939559255,0.01916491892954835,0.043831948449870047,8,False
82,0.34142960708120756,0.10920331945754011,0.04224373148872868,0.02514576813229779,0.20012593867944545,0.023289236779946317,0.1136211014555188,0.07772125114198712,0.02131044085466085,0.04590960492866727,2,False
83,0.34753047177480906,0.10355599020266754,0.06572312386907032,0.020541448113174758,0.1916927733783639,0.048369447310392534,0.1065086970921046,0.056675945812117386,0.026241046038824108,0.033161056408475935,8,False
84,0.3534770264024122,0.11198178772229535,0.06229026178803216,0.046737555119645086,0.21255811424482413,0.03214518678923772,0.10728118042620986,0.044686610424591953,0.011055129166417883,0.017787147916333505,8,False
85,0.3448029955991591,0.0935741555344324,0.05597423727423731,0.029915387228419466,0.21049982082532878,0.04118254065653748,0.0953161377518822,0.04910951518685406,0.045544427955835236,0.034080781987313825,8,False
86,0.3490356945345386,0.1222659590373085,0.05978712253119423,0.022577899098548397,0.20221350675386054,0.05741701065025557,0.08961676738026872,0.04055574377443033,0.02805814052326523,0.028472155716329915,8,False
87,0.3572090456128183,0.10565760542471946,0.04704179432474717,0.029281856430232782,0.20339658240881578,0.06558620841199354,0.09832711682223613,0.03559822367622182,0.024786290708900264,0.033115276179314986,8,False
88,0.36080895796455914,0.11612913907311377,0.05735527100719832,0.034433674165633255,0.1792945261573846,0.05811145083629969,0.07476406627102627,0.04296503848442941,0.02881345563943128,0.047324420400924244,8,False
89,0.33231495087353574,0.08968899278200228,0.06550901090958773,0.048656168696801276,0.19653754039991217,0.04663446025211603,0.0948219213086139,0.060740024539908476,0.03235361281844555,0.03274331741907674,8,False
90,0.3351471128791323,0.09411183908742887,0.055735578776111155,0.0321443275722937,0.21667031170925719,0.05146308615246015,0.08435913120261483,0.052153881249928605,0.02730577427889714,0.050908957091876005,8,False
91,0.3560563248650342,0.0974993345614151,0.05110995481024218,0.022383881609944534,0.19262302030568085,0.052441387005030676,0.09523204380066186,0.05533534349870925,0.027029624225602605,0.050289085317678686,8,False
92,0.34881918132361833,0.1029813691281943,0.054224418601001356,0.02834830071044116,0.1973243986554167,0.04971189905264722,0.09452203530374804,0.041161134843150024,0.04206186765075982,0.04084539473102304,8,False
93,0.34302410584202125,0.12877060489137251,0.03902426597922283,0.023993035038938553,0.1863014743185707,0.025269932953306918,0.12833575264900052,0.07604293467641286,0.006698551338722075,0.04253934231243173,2,False
94,0.36592193428932474,0.1030708002001636,0.06303742730414413,0.016648768617390546,0.19993216737877137,0.035595370266100296,0.0920182335949842,0.06555810422668025,0.027797408227449163,0.0304197858949916,8,False
95,0.3571629480688047,0.09401119170837968,0.0691433901996484,0.03995417909388576,0.19045509233574676,0.054571160957033904,0.08523927102071602,0.04629685532106008,0.023124688488806035,0.040041222805918625,8,False
96,0.3660483424807015,0.09412276061748447,0.06623389637092647,0.019900092434799472,0.17725405430164912,0.04476437639070637,0.09730167498567169,0.06306371945479901,0.03450494818040981,0.03680613478285218,8,False
97,0.3917644102142747,0.13637031788800408,0.06666507452455443,0.011351695166430044,0.20006306792256234,0.032701373476432254,0.07994341747697101,0.047376204850260166,0.0,0.033764438480511,8,False
98,0.36015692084539663,0.11381338981739292,0.052780097947893165,0.03340012830901805,0.19887890693775234,0.04745363774786516,0.080573267556324,0.045521481889075364,0.018892980856110717,0.04852918809317162,8,False
99,0.33790073652081365,0.10975431639023404,0.052819465405114584,0.043633199248969565,0.1942089885854037,0.052743211873184856,0.09256367944698082,0.05527195583049228,0.029727730777396186,0.03137671592141047,8,False
100,0.3339775916261381,0.12199270827843135,0.06451205730720264,0.02554792592568652,0.2081577914704311,0.045122612420591485,0.08776533488857115,0.048913786350334464,0.02021408625200151,0.04379610548061165,8,False
101,0.3646793886301968,0.08704477086379536,0.06167601968928087,0.004115670376116688,0.19443673133992664,0.05929744913170737,0.10113656224765491,0.04912950424912192,0.043009462920366066,0.03547444055183347,8,False
102,0.365000503007209,0.10986637789426226,0.06910961651914968,0.01555832343938087,0.20504578892497727,0.04476792802658493,0.1020026768258521,0.03590676110591426,0.02512214396905362,0.027619880287615854,8,False
103,0.3595352460570157,0.12090095969383981,0.04352317680266466,0.029071609626911736,0.19258122098211938,0.014687309499367264,0.10472679950004737,0.06850883353821104,0.02603900525065245,0.04042583904917062,2,False
104,0.34270112872384445,0.10882751989677475,0.081923540081224,0.028397879908505334,0.20665916510680124,0.03640973968756475,0.08505819023975966,0.04102109412971035,0.0314955047051718,0.037506237520643804,8,False
105,0.33375478950971,0.10937367910302236,0.05946420333134936,0.025737210962116213,0.1859688961570844,0.062121758375898686,0.0863089381764864,0.05405448835010152,0.032755956731961786,0.050460079302269305,8,True
106,0.36506312891332005,0.11148357047091749,0.05151073227983412,0.017955419854068018,0.2035084797158698,0.048804382737002626,0.10651071117681754,0.034903878413803005,0.036991473683814995,0.023268222754552398,8,False
107,0.3672547777729243,0.12066494408011803,0.04148723302738772,0.015648980942617293,0.20034655356316403,0.01741580495008869,0.1105790973105529,0.07269832585740106,0.01932059572105424,0.034583686774691626,2,False
108,0.35139795846101907,0.11016089973564883,0.05413779619526617,0.042481038158175576,0.1958416822767109,0.04643100009588957,0.08816149444270628,0.04471285966725484,0.023554215321559456,0.04312105564576928,8,False
109,0.3854089808116317,0.10615739457574201,0.06461399212330553,0.014123126054512507,0.20824203626737847,0.054532084689105705,0.09076083174691832,0.03062961441954483,0.02487188235927989,0.020660056952581066,8,False
110,0.35325597753650184,0.10736362821379657,0.057568928128711845,0.029771517233121776,0.19531769888298028,0.049327004166304825,0.09714532713607194,0.05942580228755341,0.02636301186340117,0.024461104551556298,8,False
111,0.36845536459266526,0.10756144168967274,0.041457122928978886,0.025418930599500837,0.20064137714976685,0.043556014862539606,0.09723201582782283,0.03813247757190026,0.04573133722298609,0.03181391755416661,8,False
112,0.3584560679586947,0.11914748919668827,0.04003458166254069,0.01573778996731523,0.2006746115254852,0.05033431622835557,0.08197091043163936,0.053779449804724204,0.03771849153444035,0.04214629169011629,8,False
113,0.3472589320106141,0.11188355535225618,0.05593327602511378,0.021199162677359086,0.19796013571118623,0.032238697364224536,0.09645623067584554,0.04915613703450954,0.04681386228137747,0.04110001086751368,8,False
114,0.3598515052490831,0.1004123946381774,0.05052159325218742,0.028355059027928637,0.19493787200305393,0.06199280376366466,0.08964600450692398,0.06013277229233992,0.019975621184621883,0.03417437408201899,8,False
115,0.3496209144676065,0.12065752356201812,0.05921451795364629,0.01215148842569315,0.18835653561427818,0.04996300872445372,0.10492000337914514,0.04979863224509634,0.044746631280510006,0.020570744347552482,8,False
116,0.37521802809970667,0.10149620684810698,0.05607330529710691,0.029643028188579057,0.1895746789043575,0.040562960694962014,0.10262623372210104,0.047788113468200645,0.029867308381985314,0.02715013639489385,8,False
117,0.3595214290332036,0.10216958250484363,0.046770455103997854,0.02714169821088004,0.2049733358417056,0.07275306756556564,0.10766743336446995,0.033753845365110786,0.02228821397083202,0.02296093903939092,8,False
118,0.36078499622496546,0.10232736293864084,0.05822528168758679,0.029967094844717837,0.20694536632924176,0.04092124985259405,0.08831340745854097,0.04752060712421299,0.023693355524813477,0.04130127801468585,8,False
119,0.35427086064124635,0.09347734859837484,0.07018390796113047,0.01897832195343558,0.21115835593663393,0.043871282653174845,0.08711968689482717,0.04659213940375514,0.01767015651809775,0.05667793943932391,8,False
120,0.3405012193690728,0.1169659815557173,0.04888003329581874,0.026513172933816526,0.18581621645769034,0.0424167779119612,0.09801680421238369,0.06523116881681222,0.032681595580989764,0.04297702986573736,8,False
121,0.37867897337297396,0.1002899799167565,0.05787021243517617,0.03934923601271377,0.18984030747929156,0.050190491903429134,0.09720593786764614,0.028118057215170727,0.034666773962266556,0.023790029834575444,8,False
122,0.380026362340964,0.13036470773977574,0.0448158862194843,0.019497346711615564,0.19526837337654498,0.06385707540383473,0.0892668441889881,0.031496149077468956,0.006580253659438493,0.03882700128188504,8,False
123,0.34957022125538945,0.11720763576568684,0.05176528815364139,0.037552451644961016,0.186045083647359,0.05049866599044085,0.10215987700698996,0.05428663580491675,0.026885513896985694,0.024028626833629052,8,False
124,0.37656403339819616,0.1168565141402851,0.06332123829244404,0.006198882311211015,0.1969244817391726,0.048692576039386905,0.10119070475329035,0.029382885099356302,0.019927846111864152,0.040940838114793335,8,False
125,0.3574627300078045,0.10037849278299615,0.044809539042238306,0.03519645946335054,0.19423670666157078,0.03704389233999704,0.09715885647534298,0.051591709973293,0.05908030759596909,0.023041305657437505,8,False
126,0.34653566289301346,0.12157206594495694,0.055247033023136806,0.03528745421319911,0.18998180427226868,0.03868728487839127,0.10559927779814823,0.048612879897502397,0.030872761008980346,0.02760377607040272,8,False
127,0.36926112844779285,0.12425841862650315,0.035146952999708596,0.025120698849489927,0.20049656858268347,0.0488085573275093,0.10117564197941026,0.05672526249559657,0.014634841435471538,0.02437192925583422,8,False
128,0.37071334341111617,0.10420216291587768,0.04567152322802645,0.026457418298482777,0.2170093673577767,0.0365417840349104,0.09697085951247024,0.046689616996004414,0.02375589336448809,0.03198803088084705,8,False
129,0.3474760816190672,0.10873829342659877,0.05903734120677272,0.014352750474153644,0.1903975057687974,0.051711399537403877,0.10338732767396379,0.04036749479344322,0.038653744368182225,0.045878061131617257,8,False
130,0.3629693676478457,0.09682253567746764,0.06368879774466725,0.03081468694540105,0.20208569440260468,0.0380998666487103,0.09260778969030986,0.05082751767792024,0.03523204070116054,0.026851702863912832,8,False
131,0.3513707761895536,0.09839099023142513,0.07011457905261634,0.023753423342863487,0.21385819155625252,0.04387997602525121,0.09165791828265375,0.04859760069771414,0.028059291016563816,0.03031725360510605,8,False
132,0.36155273816388,0.12111591216240848,0.05293252788368608,0.017179294218571603,0.20087172449958451,0.04383845818975556,0.08068943009106043,0.04157379233406568,0.044824273447410225,0.035421849009577434,8,False
133,0.3732219716567183,0.09465502202916826,0.06036106831295832,0.04776809502742773,0.1909755243829679,0.04043164192001908,0.10533421851358242,0.022174000077231568,0.044055172721969786,0.021023285357956688,53,False
134,0.35852867063615185,0.10441539304453724,0.06039718443820888,0.026564630336773514,0.20135222598373262,0.03535997204161176,0.09650602676206448,0.06472056023724296,0.0280595229917594,0.02409581352791732,8,False
135,0.382446831373648,0.10268747674511741,0.04925346411027588,0.010701495557928159,0.1920065257577403,0.07047206566878571,0.09992249405962719,0.046686531857478925,0.02347245409003892,0.02235066077935947,8,False
136,0.3546929497951469,0.1159134038048259,0.0558794795828367,0.042010487934508366,0.18348685270228365,0.04584112333025774,0.10520730440826012,0.051952474005015,0.035033045147157646,0.009982879289707947,8,False
137,0.3658931436867545,0.10525122183579363,0.06913033776944869,0.011538598485536657,0.2067079575066513,0.0642380725424623,0.09440265860543248,0.037843467629179464,0.011381166187110017,0.03361337575163098,8,False
138,0.3638005982105888,0.1039178089411365,0.06486383244394449,0.020417534911455565,0.2022577530724239,0.057135954178451555,0.11285194670900349,0.03153667833982894,0.0175186445409098,0.02569924865225677,8,False
139,0.3881233629440298,0.1221020971523471,0.05958675281995774,0.016640329281803257,0.2106848192971439,0.05021620688177477,0.0737061997661217,0.036498266441693385,0.02467234976568533,0.01776961564944308,8,False
140,0.3831053514082692,0.1075375132690332,0.05018937579124538,0.03101156664070337,0.19559390362366244,0.05941717004909779,0.08607313987518368,0.036466025996562894,0.02340729037931393,0.02719866296692812,8,False
141,0.3526955999323408,0.10886917132217211,0.053523718015296394,0.023964304522780054,0.20070556788106647,0.05741247717638738,0.10902778006182047,0.04770383968428302,0.02650980053277418,0.019587740871079288,8,False
142,0.3662498475140534,0.104148773664763,0.05947163984366812,0.03610623610460951,0.18601429181081647,0.03605064093793924,0.11073074826734106,0.05277930005679797,0.024297610271149028,0.02415091152886216,8,False
143,0.3357767653700113,0.11119631953186507,0.05667792833996289,0.02888742537313478,0.19295590842988058,0.06021723466405007,0.09642017478099463,0.05110508788962843,0.02755773398344934,0.039205421637022925,8,False
144,0.36557694215714504,0.10820686461052767,0.057479082197734496,0.01626549054239639,0.20526114730668077,0.04697179914838976,0.10262050738988755,0.05791025341086799,0.016870801887864998,0.022837111348505513,8,False
145,0.3293001882816865,0.08441934682869943,0.06376967940403903,0.0576463629360341,0.19644804701378463,0.04824510270850364,0.09219052127348772,0.03629955902115378,0.05797315742568997,0.03370803510692119,53,False
146,0.3686937711732506,0.09773457669807746,0.04472048085184232,0.04069687081113862,0.18869103525798836,0.052871135122847746,0.09713952333361178,0.05352372743594936,0.04003484557956084,0.015894033735732848,8,False
147,0.34568399314564735,0.10911481156753017,0.06141187636651161,0.016744485976964398,0.18932733838080854,0.07631219887477966,0.09652914873818395,0.0506401337774968,0.024563125376377386,0.02967288779570011,8,False
148,0.3536246572597068,0.10938460721285982,0.07215682675726286,0.02376708582587331,0.1934614304321493,0.04330794823201193,0.09235709528492751,0.05795803663681889,0.030207998090619675,0.02377431426776976,8,False
149,0.3337643123148372,0.1109318575719987,0.06483643150917431,0.008597286735643842,0.20938577890611645,0.0489677157892002,0.09293039209221979,0.04704561737082581,0.016852135053823,0.06668847265616047,8,False
150,0.3640122611548404,0.10584331301417887,0.0544499378558712,0.03694516754558523,0.20152240400448548,0.04565443241377215,0.07196799038054012,0.05950353212141731,0.01634710811570373,0.043753853393605456,8,False
151,0.3480865466409879,0.11767030195920113,0.04004129977909204,0.026309818998540044,0.22334318434759617,0.05654868431330702,0.0896337931898417,0.03887500482192059,0.020411543268955324,0.03907982268055813,8,False
152,0.3490110858610402,0.10765476128632073,0.05030229958206273,0.0,0.2165143236317491,0.04952272269490188,0.10115295853446139,0.06504901154587424,0.036168269318632235,0.02462456754495746,8,False
153,0.3551485159691107,0.09375250127300962,0.05336758798977533,0.02327994100965915,0.20504806781388077,0.06422988216583472,0.09933129533336271,0.042658175171702534,0.03334037482500923,0.02984365844865518,8,False
154,0.394796807741219,0.10403831869669887,0.03817874640160876,0.01731643867265272,0.20797804334690959,0.04724772898281242,0.09608588402953037,0.061615681810205845,0.02105178415644364,0.011690566161918724,8,False
155,0.36338207809795015,0.11473954345646016,0.05295338355515907,0.024900139579955557,0.19418343889565975,0.043169241437624316,0.10240160114163617,0.05461658939793531,0.028170351710357068,0.021483632727262475,8,False
156,0.3571408462688425,0.11109937647246224,0.047903586642474155,0.02907890248868054,0.19258968808160698,0.03987847580266545,0.09373304460729492,0.06352186117216126,0.03146098054642586,0.0335932379173862,8,False
157,0.3426713383164978,0.11633762586673467,0.06034686564452372,0.05301756321587907,0.19007887837928222,0.04644607595844067,0.09845715826146094,0.00881601781583614,0.040520800107531965,0.04330767643381274,53,False
158,0.3637537837714691,0.12054310556684086,0.060502634905666014,0.023553985878051877,0.18528010580998333,0.04377370770627547,0.10508154821919181,0.04050713399614822,0.016021894031358452,0.04098210011501475,8,False
159,0.3581821571597282,0.11059184219463773,0.05948395198297077,0.014229265635425486,0.20026091575669105,0.05677131513785194,0.10187935181325154,0.029612784545177635,0.04045927989269274,0.02852913588157302,8,False
160,0.36214123603848475,0.10409943484501702,0.05679979845240717,0.026469734470620856,0.19330504455192873,0.036077917457999244,0.09459392734625253,0.06506414898210328,0.019396216149788804,0.04205254170539758,8,False
161,0.35532617837240177,0.10361595959545752,0.058056834399510246,0.02403311354159454,0.19578359178605648,0.04764990873800806,0.11293395236539412,0.05443114570252534,0.022973978593559805,0.0251953369054921,8,False
162,0.35509167150411086,0.10881635760972617,0.055085348066613735,0.02874554012895491,0.21081657034279366,0.04985780479964281,0.09715547999459145,0.05157635997222279,0.023209948515192064,0.01964491906615152,8,False
163,0.36123393547542887,0.10580985919264575,0.05622913497230284,0.026084876412129723,0.20097534746126597,0.060215309872319864,0.09900780617435352,0.03942873555883014,0.03400514175013698,0.017009853130586273,8,False
164,0.3650241493733327,0.09654548194816728,0.04742314283883335,0.038675394403744276,0.1953116375915574,0.047188515933414235,0.08943747850634294,0.0493850398771508,0.032294098504567,0.038715061022889824,8,False
165,0.3398946423762108,0.09459400926388709,0.06264144513476162,0.025219013846134043,0.2150260765234872,0.05622267113975372,0.11280537795884783,0.03188686516118238,0.03236337270582916,0.029346525889906015,8,False
166,0.352247294085776,0.10059565403455478,0.06028766606698443,0.017700002074528546,0.21041769587078463,0.050983265626213296,0.0915715631324398,0.05323772122212656,0.007997743489717775,0.05496139439687422,8,False
167,0.3567021648180745,0.11540135922860627,0.06027617335356775,0.018653349083421245,0.1887480565275612,0.0522329583309181,0.10734951248503413,0.05317447523343813,0.032674747886121895,0.014787203053256783,8,False
168,0.3616142180890134,0.0991921907261138,0.04072362627485053,0.03998271572204799,0.19697998918645007,0.043607676633415436,0.08911984389973529,0.04172905273069769,0.06601248782205335,0.021038198915622447,125,False
169,0.37081352770681014,0.09984051738560792,0.04428474733645591,0.025517018181114744,0.20047251499306218,0.053305760053885244,0.09357479418083234,0.05857531320657669,0.030011609206861977,0.023604197748792712,8,False
170,0.36486970835643956,0.10835884397645304,0.04008911805541766,0.01471015331439855,0.19050489071220938,0.039963284218148244,0.09703686191084501,0.05330440776307776,0.04289930204875721,0.048263429644253564,8,False
171,0.3706770240301933,0.10267656920552688,0.048933056927489935,0.03293160483218027,0.20699251883147102,0.035264547457979974,0.08435953613398747,0.038626591274901444,0.03683036829046173,0.04270818301580788,8,False
172,0.35560728454442864,0.09647068403072502,0.060296880738464446,0.06259931713246675,0.20387648096381233,0.0469469791230275,0.0961652281596332,0.0188550978851836,0.0311073495139936,0.028074697908264862,53,False
173,0.3405792364806969,0.09520824686826183,0.0708856728004372,0.06634803960389328,0.18174104761910131,0.04532434452042568,0.10629910328158544,0.026773217090825443,0.03220269923696847,0.03463839249780451,53,False
174,0.33671717749135516,0.11415444460596239,0.06209414145074331,0.027961749000448136,0.1883214956133249,0.044241769317118325,0.09550660562937742,0.05345672824983899,0.025950547748964495,0.0515953408928668,8,False
175,0.3503043685173963,0.10112860918418272,0.06377991055115194,0.04344847024900524,0.19434250139701423,0.04813321189250684,0.10152370817861776,0.0425043551796212,0.03420890993404033,0.020625954916463372,53,False
176,0.3664871465238234,0.09830003730627372,0.06462226098111123,0.05242487765002037,0.20876282984294317,0.048205326207803656,0.08894802156316657,0.039239374663009516,0.012451311727056808,0.020558813534791526,53,False
177,0.344604735155899,0.10908370261437368,0.06562613368965456,0.037224963856955215,0.17994699583644586,0.06233738600493701,0.09523493386182036,0.06357432585697351,0.005690479910247773,0.036676343212692836,8,False
178,0.3701101228314865,0.11651799508949304,0.05572296710553284,0.013938984719993528,0.21768976327106823,0.033852412123684957,0.07929962496736916,0.056792526739088946,0.030111474271783942,0.025964128880498885,8,False
179,0.3615950565690979,0.09808885824254676,0.04897514878147134,0.03607347529779161,0.1964496758451952,0.05159402658251325,0.09917619170318116,0.04234827395494877,0.02588700566198774,0.03981228736126628,8,False
180,0.36479787192780666,0.10242634030477836,0.06680522633545864,0.05592001484776962,0.19047410540312396,0.04249622600723696,0.10180517878758064,0.023640390753318315,0.015147571096096595,0.03648707453683029,53,False
181,0.34829695268681915,0.10576746719561875,0.054863750512404476,0.05410556732849867,0.1842897440618874,0.05386467925594907,0.10375528705623058,0.03429721933820759,0.02599010938713074,0.034769223177253505,53,False
182,0.3691566289266993,0.09990172676647159,0.07233723274708226,0.057861847515463354,0.1861763718474087,0.04938264382712266,0.08813386497507614,0.03291140138023117,0.012096593698156565,0.03204168831628833,53,False
183,0.33840237664782746,0.11208881345777875,0.060479443858992094,0.03539436833720028,0.18730767093402642,0.045771188184002075,0.11367982874079197,0.04380679172264516,0.0228927884629483,0.040176729653787636,8,False
184,0.3486302514209402,0.10302694673407058,0.058229642233134704,0.020210632923391838,0.19597216201738332,0.04735507555866205,0.0997133226353621,0.06595429845584046,0.03245884363532989,0.028448824385884905,8,False
185,0.35938891555516267,0.11869088675263745,0.07529081261176293,0.014805848723635778,0.20469992976471166,0.03699415717177861,0.10538283750340913,0.05278178895109026,0.01686784527648557,0.015096977689326057,8,False
186,0.342903700458219,0.09204094145283868,0.08052432337849844,0.048799034448050435,0.18304645430256122,0.05163495301327583,0.10609963002262382,0.02879474561971717,0.03321081495164435,0.03294540235257104,53,False
187,0.3567402843955975,0.09595142610151929,0.047873379007738026,0.03360028566256561,0.19298106634213705,0.027108675208047547,0.1081988039273501,0.05225793670414376,0.060844101571699505,0.024444041079201645,125,False
