ID,strat_res0,strat_res1,strat_res2,strat_res3,strat_res4,strat_res5,strat_res6,strat_res7,strat_res8,strat_res9,ancestor,alive_at_end
0,0.2280388846219074,0.07845878576945729,0.039648585881745954,0.03645206079024455,0.1846619658115748,0.0419451302769162,0.12535396824253284,0.10604228919678366,0.1356212051287983,0.02377712428003898,0,False
1,0.2282354747272434,0.07676938350449762,0.03478007756441738,0.04413990150101174,0.16158363745763438,0.0464546109826749,0.13546374479140144,0.10790920027932412,0.13324792888359,0.031416040308204926,0,False
2,0.23893037938686473,0.08367563763732615,0.031883660678615165,0.03241445031184872,0.19405277547797606,0.052758518569122996,0.12434386704455885,0.09174899532014141,0.13079653250330814,0.019395183070237694,0,False
3,0.24573820535358404,0.07217948422316887,0.04990076562430019,0.015390940963102468,0.15345339707887928,0.041892259011892356,0.14462231897920408,0.11194934528475654,0.13418682810150273,0.030686455379609345,1,False
4,0.2531070617389646,0.07446718654980242,0.041024748926766406,0.03540253149613626,0.1975672918378696,0.05009453538845351,0.10638014056744342,0.08274607646497847,0.13166463059827038,0.027545796431315005,2,False
5,0.21832275949674815,0.07137293102377486,0.02452782694332221,0.05030960356621039,0.19848670344644787,0.044057625430441956,0.12497188862266848,0.09386876898551967,0.1526317565763534,0.021450135908513093,0,False
6,0.2433672412144515,0.05789389297018422,0.05863288259636447,0.038475551627298925,0.16128714043930814,0.05581000684796154,0.12911904744650415,0.08983551349933969,0.1304929882512764,0.03508573510731101,3,False
7,0.23850728666410456,0.07279947168518607,0.02963844372704747,0.046618924070122386,0.1888139017538605,0.020422969041581286,0.1253410385051619,0.1066007219545331,0.14212469042789394,0.02913255217050879,0,False
8,0.26244561805759997,0.07051412400856902,0.040795572654193375,0.032333271885885716,0.1910601285873105,0.05097629113922677,0.10594971406815083,0.07732882203002707,0.13172235368961113,0.03687410387942574,4,False
9,0.2670810580243845,0.07051137264204345,0.050415024803850655,0.015527345385042194,0.15275748928519095,0.043650088297198825,0.14629075155930765,0.09892094470669403,0.14147593339532966,0.013369991900958245,3,False
10,0.2203921458503234,0.08833234067208233,0.01841260231705926,0.0434915252740472,0.17146920236668017,0.03362409078924266,0.13018462764857447,0.1112359574498336,0.15004803103553593,0.03280947659662104,1,False
11,0.2173689218896424,0.07552942805737932,0.028460105328144226,0.03128175271661405,0.18492881810320416,0.06161036902324616,0.12579864849933156,0.09798000344794272,0.14503891650661635,0.03200303642787904,1,False
12,0.23708219460723326,0.08287332335713082,0.03317319778971002,0.03492596620680652,0.18083566117463212,0.04709351806650727,0.10840360491796265,0.11844286553674654,0.13245122846855553,0.024718439874715156,0,False
13,0.22694602445654993,0.07754213572802506,0.0342224447478653,0.032984144600366826,0.1863045970260677,0.05880230404026747,0.11323936620558679,0.09858189991392713,0.1322473456962796,0.03912973758506428,2,False
14,0.21545325225194575,0.0742303249830997,0.04360962910698424,0.06805630646870575,0.19002554540790023,0.03273989672661166,0.11722023857786164,0.10505677894513613,0.13282771868795906,0.02078030884379583,7,False
15,0.23652752261951956,0.0767683278593274,0.04908211045664139,0.02753141070005097,0.1753360967667408,0.05420188429226909,0.11898919084043216,0.10357431258289654,0.13523188309606687,0.022757260786055285,0,False
16,0.22386240514273859,0.0760589184972557,0.027587744995768514,0.045658313565096136,0.1644067884244674,0.052265857802442126,0.1403593731481167,0.12170884596711168,0.12713008311089122,0.02096166934611189,1,False
17,0.238393264446459,0.08057479136129558,0.025483294140980082,0.04268102102766871,0.20379793742649221,0.04892920149539503,0.13470841988195234,0.09397193372976237,0.1131329517936039,0.018327184696390667,2,False
18,0.24039396866940266,0.07030555388645422,0.03680656387359875,0.0577785194618448,0.18059206541720677,0.014107395092157176,0.12317485072701849,0.10254855441754984,0.13568867231916262,0.03860385613560471,7,False
19,0.20994838324936793,0.07037068503277391,0.02904651963729494,0.06586951401249713,0.2012960358722964,0.0470534437981012,0.1124109014781205,0.09885769883250042,0.15813384004357084,0.0070129780434768875,5,False
20,0.245011489166266,0.07172578923434433,0.022409911063393337,0.025904831423968162,0.21233641798900765,0.0479074987420118,0.12789196752973553,0.09286571235973902,0.14676091269227076,0.00718546979926337,2,False
21,0.24024297994440608,0.07922089045992972,0.06813611676677966,0.020741300278251325,0.1696303214854733,0.05370861198067457,0.12475067806927141,0.08797794169017062,0.13264926579053435,0.022941893534508852,6,False
22,0.24918539261839814,0.09042110658002858,0.019536320160742672,0.04983224320646886,0.15660135017535418,0.05762812838373386,0.14509836302110268,0.10647239506314256,0.10689134741238408,0.018333353378644522,1,False
23,0.2632582578647905,0.06306012289306051,0.0468462674917281,0.029575239583247565,0.19460595349474036,0.05136248912996738,0.09611333042133875,0.09070921522370574,0.1278897149912264,0.036579408906194676,4,False
24,0.2149730499204429,0.08013067598206398,0.05156715082991549,0.04923074744795094,0.17805298635401584,0.05491513369920876,0.11824657971152269,0.10231366289492601,0.13529788248747865,0.015272130672474722,0,False
25,0.24337384210403468,0.08228897341632908,0.035250616279581856,0.036049683945393186,0.18885001425606912,0.05819655134043663,0.10975838543325653,0.08150680432112313,0.1312874791240179,0.0334376497797579,4,False
26,0.21984473714097982,0.0752119495049663,0.04572401069656921,0.045575627507559696,0.15606685131516976,0.0392679394847434,0.1329794785441576,0.12335040632163871,0.12218459274139823,0.039794406742817194,1,False
27,0.2326072153461705,0.06636477603451148,0.0345112164033763,0.03265565790374361,0.18033400409525407,0.05330906124149269,0.1245908930463311,0.10747996039671552,0.1499293784605478,0.018217837071857007,0,False
28,0.2514424934743708,0.07857372139330067,0.02960175860429966,0.02465985713634151,0.2109126123490334,0.06510257062158428,0.11972725586045418,0.08199910527097772,0.11602902024844809,0.02195160504118962,4,False
29,0.24550591405974917,0.08128592068777718,0.03475735741010218,0.06653165367035523,0.16648703376382287,0.054332696455799336,0.13022523095378286,0.09138949082911645,0.1105614456466095,0.01892325652288531,1,False
30,0.25053551935960217,0.03154265855957133,0.07289417215483772,0.041255460659301496,0.16061791492331187,0.053017708182660675,0.1274735603103878,0.10500915499838294,0.1438870091210671,0.013766841730876937,6,False
31,0.23830450364402517,0.08282549554680828,0.0475413848523401,0.02111233824240389,0.1515862191188587,0.059678046066135484,0.13250876451017682,0.09881416250727407,0.13164927295022213,0.03597981256175536,3,False
32,0.25776721855934415,0.06605836791124588,0.048251492620171664,0.010181101952165336,0.16296656759040296,0.040986453799371644,0.1360037622498387,0.10847758368774048,0.12075471879054281,0.04855273283917644,3,False
33,0.2523325494643691,0.06272551712240157,0.07281863193894775,0.011723571038098075,0.14984843230865813,0.04376915966226097,0.14797756796583192,0.08267871027111567,0.14306776530332682,0.03305809492498989,3,False
34,0.24141950154604377,0.08649731241923427,0.032725600804053,0.029205420676027542,0.17890950555346563,0.04895910312586248,0.1335057953852084,0.08585046137378487,0.13170486805093506,0.031222431065385022,2,False
35,0.21386630134702095,0.07637423179660327,0.035065408023968854,0.054700892027246754,0.1941176248133075,0.018640416890582677,0.12218878536984598,0.09331826566635024,0.15571817220149112,0.03600990186358266,7,False
36,0.24667842614699884,0.0800369007960815,0.026342519353864238,0.016308564323006806,0.17881537690806334,0.059376756337840064,0.136653653464254,0.09891688628596663,0.134075783185252,0.022795133198672535,2,False
37,0.22137147224343898,0.08160752611851654,0.026817988948256374,0.052225470950116606,0.15492902300809172,0.03444644512108529,0.15293225033831487,0.11425265993647715,0.12875742085318806,0.03265974248251438,1,False
38,0.2220539206739779,0.08822274494133552,0.0347515959538424,0.043443409375953486,0.18527349352475214,0.04262112878952862,0.13851412518381462,0.10280995614910077,0.11855143380795834,0.023758191599736127,0,False
39,0.2609186692967781,0.08363378667631911,0.059731496672952404,0.0,0.16264452259394158,0.04458876409323793,0.1461498355267443,0.09979266705219517,0.11529246976841298,0.02724778831941836,3,False
40,0.2658768837755122,0.05812121551894979,0.028568158975218128,0.025071084513736082,0.18172334492072126,0.0691875158131172,0.10642803057544396,0.08367667293307902,0.1253717360496136,0.05597535692460866,8,False
41,0.23196621635062173,0.08719508083501169,0.02829018739266725,0.03505529372117156,0.1871772257832717,0.04377254202701762,0.10901892693103174,0.10544383743798683,0.13254740711512206,0.03953328240609783,0,False
42,0.24138814527225472,0.04867674715770751,0.036051139416806405,0.052243580767524965,0.15616501100534927,0.05262185796868995,0.1481538961285331,0.10416960572043288,0.1344496339716614,0.026080382591039848,1,False
43,0.24990817441985547,0.0832410841533631,0.04463153666834864,0.04576080680141415,0.19139169534655062,0.04907772933642665,0.10990156582064492,0.09107526318680198,0.11865876951319594,0.01635337475339858,4,False
44,0.23753436457104904,0.05000384131486517,0.06755512285553157,0.04258584072693264,0.16261379318685426,0.034652580407339734,0.1344958420703597,0.09454050140948864,0.13039642179423228,0.045621691663347105,6,False
45,0.2232580637277777,0.08206208757110157,0.022698499467233985,0.049926661812887164,0.15429855209476714,0.05271992440263239,0.14067169642885283,0.10608555862355369,0.12290107794516048,0.04537787792603325,1,False
46,0.2467610528737826,0.05277848584969957,0.050857623723625914,0.04491630193157591,0.16339262951102657,0.046144391990186044,0.13151616413312003,0.08928185727398039,0.138521728997419,0.03582976371558405,6,False
47,0.23444448772718773,0.06862741172331142,0.03882213884511245,0.032413254402555686,0.18491840691060654,0.04747958033659906,0.11861147340192892,0.09361252347498628,0.14524264415703003,0.03582807902068199,4,False
48,0.239215707520311,0.07510016893576614,0.04059030687047875,0.04394509635159023,0.1739028171763112,0.039920165650098795,0.12552584580798537,0.09948388082402487,0.13791927518122152,0.024396735682212088,0,False
49,0.24276570295603986,0.09287950202758945,0.048249757165661766,0.044428942729972574,0.174620310184973,0.03532390972603044,0.11125972733437393,0.1030530619861522,0.13246324751213467,0.014955838377072005,0,False
50,0.22288940936890522,0.07426272717444546,0.03283072152560161,0.050108224980415485,0.16346992783145153,0.058975763351932387,0.1411782638648196,0.09995963913612008,0.12734484275371624,0.028980480012592364,1,False
51,0.23633990104648722,0.10043112417316953,0.03607990007423151,0.035310983808881334,0.15744993138958174,0.04277020471428858,0.13170849533555298,0.10730579059882542,0.1367326990214378,0.015870969837543724,1,False
52,0.23480422228566716,0.07565071870702136,0.036635400341075736,0.0614311401669541,0.16424501678678027,0.03097730768168233,0.11991797856732439,0.10344432319014792,0.13805434413842654,0.03483954813492036,1,False
53,0.24184582785367675,0.08830879730290286,0.026162762700483077,0.04119818306573224,0.2001633100674464,0.04055539212157568,0.12222077431819744,0.10136165258560277,0.12467036463894245,0.013512935345440341,2,False
54,0.2555653722970721,0.05871483375836105,0.07227774702299293,0.03196918867989629,0.1547395243143517,0.059908011363355156,0.12212526123710028,0.08766146322532338,0.12515963614069875,0.03187896196084842,6,False
55,0.25851548935721985,0.07255482347393555,0.041875782676425055,0.03639619608425363,0.19823044897300918,0.05880688504307984,0.09336192551848549,0.09355504504737021,0.1207891955107295,0.025914208315491828,4,False
56,0.2435271745888836,0.08378973712826313,0.037408351166251776,0.043746849681798275,0.16364106714825757,0.05823376111560147,0.12331123864514364,0.09133615305447375,0.13744671603497952,0.01755895143634731,1,False
57,0.2279665149889125,0.07802531812364914,0.04866747094666225,0.03140141926137558,0.1819642520445091,0.04977018846925624,0.11217906304012676,0.10298213225521075,0.13126082002645761,0.03578282084384008,0,False
58,0.2324459999407618,0.06723096666869359,0.02633955332260903,0.04438586898334047,0.19270051351695186,0.04904111001444962,0.12757901457237766,0.10710463146866137,0.11825647351815934,0.034915867993995375,0,False
59,0.24098453479442816,0.042741539984971905,0.055974209306083905,0.0662394611488096,0.16336357426470088,0.06356143059562314,0.12576289244604527,0.08941542260836748,0.12167138107682332,0.030285553774146247,6,True
60,0.2540046873549934,0.05188902115020958,0.04867056719369402,0.035973146748835894,0.1727092501729496,0.054237822517384085,0.13263739604514965,0.08231783743046166,0.11685350708365778,0.05070676430266445,6,False
61,0.21718443246799174,0.06267288522277312,0.05496415787875114,0.0342027435483202,0.18464055754299588,0.055876729044495324,0.12523656092146673,0.10761488206992346,0.11911644013029102,0.038490611172991566,0,False
62,0.23968134231950405,0.0629004143634355,0.0439120092464859,0.03309519493552233,0.15527514712952428,0.0630192323950268,0.11986829300322048,0.10455936979593315,0.13523182134293094,0.04245717546841654,6,False
63,0.2239299461813099,0.07754272650665801,0.02210181445187746,0.046620877824156005,0.1554547729319079,0.040587474196496075,0.14504253731765956,0.11626179746190274,0.1334101426966899,0.03904791043134227,1,False
64,0.23164468669470872,0.08551783534946374,0.019173827608587938,0.05820365875961414,0.1529226426637897,0.04393537339046465,0.12714511183963917,0.09918765392431152,0.13880220434588617,0.04346700542353422,1,False
65,0.25456848552321937,0.06667277143398266,0.03172315658574627,0.04660560838538851,0.1880915295086291,0.044593586846521316,0.11270774643458832,0.07518353452150325,0.13697096203740555,0.04288261872301561,4,False
66,0.24472076392829803,0.0805183746313679,0.044702922580109106,0.033644434630036406,0.14378713788376013,0.017658170482381146,0.15034431296083284,0.12106383124164709,0.13916740904954084,0.02439264261202643,3,False
67,0.2602599414851734,0.089629170024742,0.04586146948846045,0.03404795894399174,0.17129437165946515,0.035760042121709634,0.12170625656031112,0.07106027308862614,0.14189822950852637,0.02848228711899384,8,False
68,0.25695866615115887,0.0719324616630766,0.03352499668797212,0.023950621619953354,0.20535086303955913,0.05100834794987199,0.10575223064262922,0.09322359213921567,0.12374209999689313,0.034556120109669915,4,False
69,0.24453470423278356,0.07018813781250573,0.03551195431469373,0.04329164644775642,0.15874413345575641,0.04946543194948038,0.13885341068779994,0.11064232072936447,0.1324495277224287,0.016318732647430608,1,False
70,0.25297767625832684,0.059399455958673505,0.052959355687341364,0.04245752789085761,0.19282067997854116,0.04738052612392593,0.11689004420255371,0.08832137037776497,0.12280030877811748,0.023993054743897527,4,False
71,0.2340763157087737,0.08499464814881784,0.02699464418422664,0.03429869660975969,0.16194943330102135,0.03740258616993929,0.12307351968188125,0.1132651980987958,0.13804317671768834,0.04590178137909595,1,False
72,0.22588755904492328,0.07293745870260468,0.04162654901057964,0.04624713702025323,0.15406741969446155,0.06051100949127134,0.1323701560498256,0.11908898522585194,0.1255160474813974,0.021747678278831385,1,False
73,0.22232823934520848,0.0753459361712909,0.03517049938603188,0.04994111992052076,0.17147618878058243,0.03789053014739665,0.1393791090484334,0.09779610048808453,0.13800244481106919,0.03266983190138177,1,False
74,0.22228435782743883,0.08291592747762448,0.04699315532156957,0.04016831837960945,0.14945890412935342,0.041091541134545,0.14042747922232351,0.1052357554125517,0.1302469123361539,0.041177648758830086,1,False
75,0.25121504674459316,0.06584139272752657,0.0398658307071625,0.004609313365209107,0.190637431841685,0.048099399957706,0.12862882022231076,0.10711581902128535,0.1372369662021204,0.026749979210401294,0,False
76,0.251787763895516,0.03935002479053984,0.049170065954085754,0.041076522951391414,0.1526627841427244,0.07311723138012718,0.14247687314872687,0.1073720149580917,0.1293782910186435,0.013608427760153358,6,False
77,0.2588067980165143,0.05647354113548933,0.05810586864682347,0.04842307543771209,0.16322798953859663,0.06564168004105476,0.11509612314744393,0.08031457184070362,0.11583843740237738,0.03807191479328439,6,False
78,0.2222345527636128,0.08518265412414477,0.0561631920749916,0.037642642764502875,0.14560274859861302,0.04449168439887407,0.14236877120692812,0.1029319061676095,0.1313450262628975,0.03203682163782562,1,False
79,0.24508617259034782,0.061208570140735025,0.06230331760254912,0.0418144150767101,0.16589388767993415,0.05301111373834367,0.13896152170294465,0.07521205123153116,0.13692777200184422,0.01958117823506018,6,False
80,0.2518520445297877,0.06289482278448111,0.04994417704402458,0.032116527650674125,0.16656729257479413,0.055809838840820206,0.1348217842680072,0.07870328333647109,0.12563236045924897,0.041657868511690885,6,False
81,0.24485803446546076,0.04819650572246566,0.06433279429653314,0.043877681782310364,0.1610798319700351,0.036466509145834915,0.13806502676547708,0.09231483428151224,0.13792125017250706,0.03288753139786374,6,False
82,0.2595917916742994,0.07879498111736746,0.04492058503708479,0.034963068560040854,0.20659495828365154,0.054575759634144023,0.11087707500819372,0.06877413523699898,0.1279958065234759,0.012911838924743355,4,False
83,0.2620574994203529,0.053230216840290626,0.06883849658661245,0.03335901108213108,0.14599337848122929,0.05936304692580446,0.12661833982398107,0.09148440353128874,0.12144717325844863,0.03760843404986079,6,False
84,0.2326905033116649,0.08133571736934166,0.011920713712644585,0.04074764335269134,0.16883630624651047,0.04655374008283726,0.1399274641761221,0.11234951023350381,0.12798774313839287,0.03765065837629103,1,False
85,0.23687941623772238,0.07769132539923644,0.03518905554177961,0.04216697317779613,0.17555343298745812,0.034777750298237965,0.12796811147845563,0.11083316824857317,0.1410300400959448,0.017910726534795803,1,False
86,0.23817128515186328,0.05970776612832266,0.05484381846015152,0.05241199798926157,0.1667415296278139,0.052175009000304494,0.12568913627688652,0.08409765027441343,0.13830672011021686,0.02785508698076572,6,False
87,0.261813378271383,0.08946821317633023,0.044395732143829074,0.019824260687739886,0.18166295025994453,0.05208964442286725,0.11397338898044056,0.08737091305325922,0.13110426986568421,0.018297249138521935,4,False
88,0.23909716174830176,0.0938682898939835,0.033548007356144396,0.016172854866711536,0.16180542187219207,0.039728472456343485,0.1530030496707639,0.10172905387604976,0.13501228242317567,0.026035405836333816,3,False
89,0.24195243616180043,0.08699947599256863,0.041021760692523446,0.03378156770363162,0.20150155009088963,0.026784625395275576,0.10845963163283387,0.1030459116624527,0.13515314289086353,0.02129989777716049,2,False
90,0.23501403757429404,0.095992136677999,0.013854563906460886,0.020615976830944804,0.20435238508590137,0.05467112073499594,0.12953935717259113,0.08337589591669813,0.14211744802011367,0.020467078080000946,2,False
91,0.22525846222838275,0.07949364057785664,0.03606935239719414,0.049067856843788206,0.16205488417152342,0.039921793679956886,0.14062605695623423,0.0976502749762472,0.13417282524666002,0.035684852922156514,1,False
92,0.24714195179174775,0.05890018019418337,0.044608578821863074,0.038514662050258434,0.14847207971287746,0.06762651123939512,0.12931901715189875,0.08684718353015858,0.1414715329487821,0.037098302558835276,6,False
93,0.23108160231414446,0.0708257456702605,0.028898012911992173,0.034726887223872106,0.15652089390724364,0.04654489897508363,0.14356265139580646,0.11383081229116417,0.12979983770055858,0.0442086576098742,1,False
94,0.20864759043895204,0.06531215423867169,0.05173504663172879,0.04012101091918076,0.18821700415014755,0.04093767631785767,0.1398512348968161,0.10656772634263172,0.1366322574364218,0.021978298627591805,0,False
95,0.24337992751631501,0.04520586606653191,0.06915783792857072,0.037936730790586216,0.16661442195997325,0.05627978971417286,0.12743825040939105,0.08756168762594878,0.12625506089363278,0.040170427094877496,6,False
96,0.23792547205864645,0.06545101684511556,0.07082054021600492,0.02299911826618376,0.15333053504816843,0.07440981978169207,0.12518740729668895,0.09035251049062183,0.1283855766212753,0.031138003375602595,6,False
97,0.23616275324638655,0.06000390397901124,0.04266442652677631,0.04323704500759829,0.15763487899058193,0.05114719428610329,0.14357637964325562,0.1018097122754288,0.13164055836258523,0.0321231476822727,1,False
98,0.2539189166395557,0.055608156862556574,0.055111171821980276,0.03263801013043466,0.17381813531576742,0.07773913005933293,0.12825250909879637,0.08877190493625539,0.11708327936194689,0.017058785773373768,6,False
99,0.22865671558523398,0.07302941455245099,0.04002229852493242,0.04479375800866272,0.1743344228404129,0.04711927747301927,0.1174712093285461,0.11461107117428887,0.12838686757165038,0.03157496494080239,1,False
100,0.23778216370557925,0.0742691273640263,0.019492746044826263,0.038486790778402086,0.17960119729793997,0.036728592280831335,0.1482089183078701,0.10252647430525552,0.1304155244639951,0.03248846545127398,1,False
101,0.22555820759024403,0.09821420857021951,0.041092588202151364,0.00980163439624876,0.17728052315504406,0.040414970464589695,0.12203989967890565,0.11216789432982284,0.14885865344598048,0.024571420166793638,0,False
102,0.22254088741228747,0.06662974846293647,0.029821835159531844,0.036668589446818264,0.16556268345526312,0.04019838070845835,0.1548589294139823,0.11406219437925111,0.13526063501199292,0.03439611654947817,1,False
103,0.24477715336907885,0.06821241600180063,0.045776182578744634,0.05111541593516788,0.17144984430481988,0.057331807241351236,0.11182318907048477,0.0839896351337719,0.13152325254556016,0.03400110381921994,6,False
104,0.23663624206286654,0.06785384451673575,0.06768751248279593,0.03678418134990051,0.1611821192354965,0.06917330944255104,0.1306440605777644,0.0788607880420174,0.11743757220660653,0.03374037008326538,6,False
105,0.2328256965878207,0.06399072330005867,0.033369790421848455,0.059920765769453294,0.14694662518527485,0.06487292958676255,0.12900842198637272,0.10360594552676695,0.13584911404158995,0.029609987594051958,1,False
106,0.24660285856667,0.056746405358647285,0.06215885935413067,0.0355157318751336,0.16533809452403217,0.0548359960672536,0.12114269363289731,0.08168337551309242,0.13829331422546776,0.03768267088267515,6,False
107,0.24166074903473617,0.05286360060337453,0.07605837886831879,0.052976269540558674,0.14917204111966995,0.0599843527263815,0.12433034096020536,0.08474111985004092,0.1276849125023956,0.030528234794318584,6,False
108,0.22352712289985996,0.07958550374472599,0.05082911335407051,0.03713556651455906,0.15168875772843535,0.05197575952337575,0.13039950627246122,0.12024206135777385,0.13414242644448307,0.020474182160255396,1,False
109,0.2381231735980206,0.08078752487797498,0.06719051386899431,0.037779791493597004,0.14061872447561768,0.05127278561020311,0.13691839323784286,0.0744497591882977,0.13832914878036484,0.034530184869086974,6,False
110,0.23180506841876677,0.09323963480471516,0.03674022143802908,0.03642438335514669,0.1646849021194281,0.024961444050951825,0.14534145284915584,0.1125306275002539,0.12793651705093625,0.026335748412616298,1,False
111,0.21152116466380502,0.07437794785487262,0.053247327061440274,0.053286963565315176,0.16781468155904303,0.05246516258380797,0.12992285916777607,0.09862020170733272,0.11956749399789755,0.03917619783870954,1,False
112,0.22831297741076592,0.04605648886976786,0.06737835569982743,0.04157547779475268,0.15853103968808338,0.05214347636173513,0.12994445473278757,0.08368466462337582,0.14051901463850014,0.051854050180404114,6,True
113,0.22652523315648868,0.07453071105575872,0.03949083295246009,0.022650456276091708,0.19144659290406943,0.04086803856681789,0.11326682967708028,0.1073762548741152,0.143186192214631,0.04065885832248704,0,False
114,0.22644839040812612,0.07070874455703305,0.03648609631588075,0.056531212814975945,0.15966234154098208,0.04424453437854985,0.14082559266117453,0.1032731963726864,0.13185076859924627,0.02996912235134502,1,False
115,0.2396212393171937,0.06670111458218107,0.03272156271387605,0.04567109583944109,0.16010417743420127,0.055220215912339506,0.14312809511294064,0.10529971185016665,0.12464464091473917,0.026888146322920952,1,False
116,0.23968943616043825,0.06736123364573299,0.05619347580967765,0.04983907840859909,0.14996615421281917,0.05544113443539383,0.11468800411354167,0.08986969562548926,0.13870157214449214,0.03825021544381594,6,False
117,0.22663968014566666,0.07146318221737823,0.06687499169101792,0.03771016720738174,0.16389121100586268,0.05736139387959452,0.12184451347494193,0.09335873728170578,0.12416928251849468,0.03668684057795565,6,False
118,0.2321390796985751,0.08631370888275709,0.030405318996045518,0.03751278654747242,0.16758334979430506,0.04946748883127295,0.13143862885127455,0.1143892174573816,0.10831914283068829,0.04243127811022743,1,False
119,0.22656623574409573,0.05824731380659669,0.06068167177632513,0.04693386820927443,0.16242150491012752,0.06986717593123332,0.1367262989867686,0.08010644071994966,0.12212324548146002,0.03632624443416886,6,False
120,0.22936154074340062,0.0763610894916972,0.026424363203393468,0.03908279864380527,0.17400303356114666,0.05654419433080782,0.14832617060996175,0.10895119187854536,0.12209733966068277,0.01884827787655897,1,False
121,0.23100762418523058,0.08878537698307377,0.029916280972277286,0.04752765328067855,0.1736057444442544,0.043617880775157825,0.13452589474340024,0.09517546109098421,0.12579213750022428,0.03004594602471886,1,False
122,0.22233725062555496,0.08679994433075965,0.04531534165185825,0.04773851086989291,0.14609079494966704,0.0440308271818509,0.15007111942832566,0.11463995885275864,0.12009185686108713,0.022884395248244982,1,False
123,0.25260938340749967,0.04786958232425236,0.05510481757740895,0.03161044411604763,0.16661930559074545,0.06093416588773644,0.14424636194795168,0.08930418866034054,0.12334697896504875,0.028354771522968617,6,False
124,0.26238319274224575,0.05015216195123697,0.03845968297342482,0.02827534625035741,0.18952396058406756,0.0405655498030145,0.11939940071231582,0.0988996633616954,0.13189533486862443,0.04044570675301741,4,False
125,0.24252698722161914,0.06007175136952174,0.07189347518118872,0.034472031420655476,0.16466950683086126,0.0492555095200045,0.1333765457355892,0.07822156202844605,0.12820428012672216,0.037308350565391786,6,False
126,0.2509781686081421,0.047818322909562075,0.057542196265783406,0.041637223482949653,0.15897202852507425,0.05315760906801384,0.1360654875309277,0.08780086478566292,0.11176820028869254,0.05425989853519146,6,True
127,0.23719934991013433,0.07262554851526176,0.0029389255111038144,0.050275516194082645,0.1529040413017065,0.04407443984744248,0.14222353751896963,0.11354769624933418,0.15119048285561135,0.03302046209635322,1,False
128,0.25472670526474056,0.0663136819193836,0.06979984167451392,0.03703005727988628,0.14086594653778936,0.04546294271256039,0.13500159968281134,0.10062534242646853,0.1161692220799604,0.034004660421885775,6,False
129,0.2275280540926737,0.07495396320964738,0.03549282636310984,0.062466933542273353,0.1493831069605078,0.05305307337424545,0.13080358138775594,0.10520111475178302,0.1339901948449974,0.027127151473006025,1,False
130,0.2458778364367871,0.05807809884050753,0.06092477110076348,0.034221251870715785,0.15380994109557306,0.05447403571544849,0.1363935459906565,0.09203952020773153,0.13715852462249262,0.027022474119323944,6,False
131,0.2379086339354606,0.06711998441106563,0.06936164942022172,0.06047345782070891,0.14773050709606103,0.05626502875454741,0.10526226544623331,0.09097349866810403,0.12058582772125619,0.04431914672634106,6,True
132,0.2305813379401005,0.045479040919424896,0.054770800897332474,0.06034779135262901,0.16509250298611927,0.06378631159915438,0.11643532833384537,0.10010651518101071,0.13384042295367152,0.029559947836711967,6,False
133,0.23487507693610377,0.07063510462280535,0.02241369210572255,0.032390109064033834,0.1562867795306081,0.050121157306885114,0.14782637465728438,0.10684236464702578,0.14508216013366337,0.03352718099586781,1,False
134,0.22757962887081593,0.07272558815807997,0.02908658087544612,0.05145634186816187,0.15976767094149438,0.042428056874170825,0.13917858996654223,0.10974697179083073,0.13348989721535978,0.03454067343909814,1,False
135,0.24907390564450052,0.053282725262681234,0.05761991193778758,0.029436137237243375,0.17079439041745595,0.05825849510521405,0.12632548977862648,0.08522636139851238,0.14122938326085918,0.02875319995711924,6,False
136,0.23674461184144419,0.05238614072977185,0.05505345693288319,0.0505221640278296,0.1552477597959103,0.06534890854431634,0.11325452341807224,0.087674231182834,0.1399780197529118,0.04379018377402644,6,True
137,0.2485195008641494,0.04652253042687152,0.07961225987378685,0.031136343566156906,0.16766839754280127,0.06733648577460695,0.13312870090693202,0.09323092004433804,0.11347483638091613,0.019370024619440825,6,False
138,0.24767203312223937,0.03393669318524587,0.06556220140409368,0.05440129096103629,0.16081895862940818,0.06163791032912313,0.14602420003745825,0.08922342552970444,0.11599099139632021,0.02473229540537056,6,False
139,0.22239607128484523,0.0971749826634568,0.03253627167082979,0.039838142640669434,0.14690986362959949,0.0708157624380984,0.12251259885394379,0.10391223606327493,0.12353841918441714,0.040365651570864886,1,False
140,0.232994751202182,0.06087479038714519,0.019256717756039845,0.06267097886218188,0.15280903583391792,0.05355099561000523,0.14978331318839858,0.10833648746851074,0.14221005455265376,0.017512875138965014,1,False
141,0.26632288222793754,0.0424894745595483,0.03532035471318037,0.043106607404879316,0.14632434232225178,0.0477963457671807,0.14586301863585496,0.10451071431999245,0.14089160999278608,0.02737465005638862,6,False
142,0.23381139846864904,0.05169968576701947,0.056968253477300425,0.04944829498879968,0.14850784099424344,0.0450809100115079,0.1368522189068693,0.0999584871054413,0.1368161687318605,0.04085674154830902,6,False
143,0.22641071489875153,0.0642052104319804,0.0623012956238158,0.039214079753493225,0.1698593022078078,0.04265482656810556,0.13550254336094458,0.09571558515139102,0.1292989568361983,0.0348374851675118,6,False
144,0.2692576972069648,0.09703466570451313,0.054432924691500635,0.03129748156707638,0.18798069009618643,0.04302140834645156,0.08079175046666527,0.06460440018708155,0.1245896327449186,0.046989348988641544,8,False
145,0.24317684901156517,0.07761507340340527,0.04381946891437326,0.03899431010384927,0.17505479497279622,0.04269342937420057,0.13188506050974294,0.07912662838992705,0.1385966193898936,0.029037765930246602,6,False
146,0.26177987102673467,0.07706008267711177,0.057057787806100005,0.04130663741851112,0.18959397005494724,0.047242320472937825,0.09754878138344725,0.07179292623373497,0.12242574962565932,0.03419187330081583,8,False
147,0.26005462385675615,0.06455626855461699,0.06087697839680059,0.039211238292185216,0.15931195945925655,0.04408159416413911,0.1182845561538899,0.07159883884829647,0.13187692542679152,0.05014701684726741,6,False
148,0.22646913561135562,0.06264054397083171,0.027618750964429676,0.037261779655919536,0.16822529682363213,0.055831363839819896,0.14322264423152198,0.1002466841503305,0.15215460406796344,0.02632919668419571,1,False
149,0.24149144252304408,0.07537871865280882,0.047352714932366056,0.029543365934256615,0.16601724690085032,0.03946170159272428,0.1362197811287715,0.10654301772788931,0.12393373990869366,0.034058270698595225,1,False
150,0.24423364671101602,0.0466382608220735,0.08285514171015212,0.03462001323349598,0.14573404070331225,0.054971022764449096,0.12292712436234866,0.10849801129616478,0.12942126519198482,0.030101473205002678,6,False
151,0.23401787582405004,0.06526582232320878,0.017734225374803056,0.06391163267700704,0.1535834037752103,0.041240885244880524,0.13527336030406586,0.11275603465025408,0.13537659423887116,0.04084016558764924,1,False
152,0.21939015336664106,0.07384620034685443,0.026931364086780984,0.0487604592281881,0.1602019521445767,0.03632845710729422,0.13390871709652946,0.10823097422323649,0.13675012638477188,0.05565159601512669,1,False
153,0.24171593948212422,0.04806018373671248,0.04473004159845416,0.03717526959877436,0.14782715602973004,0.06474146903722376,0.11132245142873132,0.10056450485307457,0.1396019447803053,0.06426103945486984,6,True
154,0.22432694401102465,0.06317336603861043,0.07424229248612084,0.038101911535496864,0.15986289520716754,0.04531465506098878,0.13913343196050798,0.09160420175598959,0.13031283760448703,0.033927464339606264,44,False
155,0.22371626100800004,0.06932272688381112,0.03870092686880036,0.04989317415761176,0.16077835483341793,0.04468238951946562,0.13959514718044524,0.12358558367167424,0.10739196160979204,0.04233347426698176,1,False
156,0.24794993038302263,0.08312891247909902,0.055295518980560794,0.03735235038025345,0.14070379075425257,0.0321743961057724,0.13756206944792135,0.10107265538761004,0.14270084001507197,0.022059536066435705,1,False
157,0.2304997761556824,0.05620149824177953,0.07336937216356194,0.05025394456254229,0.15139842812178536,0.04536604350058041,0.1307878209373727,0.10524555307364104,0.1275141606154217,0.029363402627632738,6,False
158,0.23606417849753927,0.06968721687528885,0.01901951050816758,0.04179913416163133,0.15830718891461648,0.0413863309837132,0.13677999744730684,0.10651501570027508,0.14705988685995558,0.043381540051505844,1,False
159,0.24723507335016853,0.06671124539213456,0.05895077110048472,0.04023192925805355,0.16306433999311018,0.058970448879914386,0.1187142661487185,0.08014155971718809,0.13053749144574298,0.03544287471448447,6,False
160,0.25633570020357316,0.06021003297963004,0.060563964964753754,0.019503278298816675,0.17068952306548218,0.05870001094471647,0.13037940027022846,0.08091096440102656,0.12427367497825234,0.03843344989352028,6,False
161,0.21497254774707186,0.08252546839632378,0.023770601056182464,0.0587995670208222,0.16189935826053753,0.04220346660546591,0.13482002542869642,0.09869593027782031,0.13587001954667607,0.04644301566040344,1,False
162,0.240436557371973,0.060783445983216715,0.0540002024109153,0.03830204546634267,0.1679988853406608,0.05635024107412056,0.12356251795220205,0.08773179214276398,0.13466173648370816,0.036172575774096855,6,False
163,0.26979002884014064,0.054213440160627735,0.032270838479012916,0.01652128962770805,0.17618109850269545,0.062309627331383184,0.10958794709809141,0.0879106902576642,0.13063660983485084,0.06057842986782558,40,False
164,0.21013633704689522,0.0602741875639415,0.05406284030665103,0.03888598633306286,0.1591660178109614,0.055830252794481866,0.12552921944173007,0.10946870683509127,0.13926833524317628,0.047378116624008364,1,False
165,0.21934122787021257,0.07760332425407074,0.031944785679332524,0.04833622024366905,0.16700277196193614,0.04076832276369874,0.14433074332655496,0.09270900281997135,0.13662965618948122,0.041333944891072436,1,False
166,0.2309347476563108,0.05749763088137721,0.047761232170744156,0.027945493662019073,0.16672704285454928,0.0669133635584191,0.12424402267265071,0.10383689240943594,0.1291772498634438,0.044962324271049944,6,False
167,0.2291277886723891,0.04871099045907802,0.05298487001946288,0.04610369128688239,0.15889937433221832,0.05666545428609612,0.13382844954279868,0.08639120797617664,0.14196733729352393,0.04532083613137392,6,False
168,0.28909444441557686,0.05783258911493204,0.035919581793061706,0.022939385940622396,0.17077907968445816,0.05088516725205859,0.1039931202754637,0.08659960126185753,0.1321220856699782,0.04983494459199073,40,False
169,0.23445759930233911,0.046171535987179234,0.05729152117238221,0.046353945210855556,0.1694687612501373,0.030627469352015373,0.1444480583957039,0.08702591924026999,0.13809983403421375,0.04605535605490354,44,False
170,0.2423678442858844,0.05266310404667835,0.06508667596712579,0.02584783961374006,0.16521162821699217,0.053393235680536055,0.13841960183323565,0.07797589003061672,0.11454156264929857,0.06449261767589225,44,False
171,0.24330819755829333,0.049245840965289105,0.06125348637125479,0.038089263285683406,0.1628199837385999,0.06964491645678036,0.1281571049329858,0.08627192206822747,0.12682805347102774,0.034381231151858184,6,False
172,0.2574399348821797,0.06432006049774985,0.05079566827861449,0.05242123682141393,0.17555655849911436,0.06698473383683018,0.10444168228949716,0.06450795967153397,0.13415644197362395,0.02937572324944244,8,False
173,0.23478235756844673,0.07172311807208165,0.06869531426085558,0.05117095860221813,0.15621086316605537,0.042444962765473805,0.133289929803807,0.08320284953673678,0.12050418701930331,0.03797545920502156,6,False
174,0.22893628278426886,0.08431814076991348,0.03523520700116361,0.04783860278605964,0.16499520796778336,0.05576476090180003,0.1246387230623751,0.10216149725914075,0.1443899055980537,0.01172167186944154,1,False
175,0.2769291325064464,0.04626850111063047,0.030118288388893095,0.031882162058603634,0.17226230611716503,0.0688972913081035,0.10982950729037286,0.09316573927219467,0.12178751775095495,0.04885955419663532,40,False
176,0.21903852607600624,0.10232054026704682,0.019596830646332365,0.06914720575364064,0.15072371297766932,0.06724336894309169,0.117356060392091,0.09090868018696606,0.12113466542102357,0.04253040933613233,45,False
177,0.2279021040880494,0.07461371290462564,0.02989013129846628,0.028468634221867153,0.16336843851587388,0.040838090101656746,0.13678309686766252,0.11544795462401927,0.13717243385801944,0.045515403519759794,1,False
178,0.24562623906153871,0.08135050608749991,0.013956502781663025,0.04243992219778794,0.14947617125121704,0.04322592061672441,0.13936852133003966,0.10387571302533437,0.11943873490146721,0.061241768746727786,45,False
179,0.24076513217163475,0.04548971179845691,0.05783922100605381,0.039423870445320155,0.16520123581590637,0.053466583641482816,0.12356168089003372,0.10253501673716348,0.12465180289942307,0.047065744594524936,6,False
180,0.22203553556565772,0.0653509497007224,0.04023329537092183,0.056101520878380134,0.1512717079537567,0.04899632536618634,0.13085221322862997,0.10609417195885089,0.15604636514648054,0.023017914830413422,1,False
181,0.22494981887078194,0.07714825785887097,0.027420343709642695,0.04519153746296498,0.14585094137082577,0.06972147082751318,0.13808894666020055,0.10474747346783406,0.11835913175695431,0.04852207801441138,45,False
182,0.289785083944025,0.048755117741325654,0.028186021279038957,0.02602455238495969,0.18899134891430266,0.05712438786499719,0.11002049400671529,0.07386154613909195,0.12584248002852702,0.05140896769701667,40,False
183,0.25558746223182227,0.06048607674605532,0.019696997202790077,0.02555623094872127,0.1775931367145465,0.09205998375523773,0.10415029560910692,0.07629994267882088,0.13218048842816427,0.056389385684734984,40,False
184,0.2743006364633913,0.05595445563013347,0.0069559800691458475,0.017683860560932747,0.17543466078131345,0.07902003191527852,0.1228630087114412,0.08315100887864091,0.12397943464659736,0.060656922343125065,40,False
185,0.27599157018757875,0.04634940629204886,0.032956817753521196,0.03790036487319014,0.1721090119535267,0.06981857797633863,0.10344512140476175,0.0861903949416564,0.12566182814499677,0.04957690647238082,40,False
186,0.23055222123952926,0.06755089545940039,0.026627065543457396,0.029174117208393108,0.16618634035495447,0.06542933843809853,0.13763950064918057,0.10489269974519355,0.13038776890301124,0.041560052458781395,1,False
