ID,strat_res0,strat_res1,strat_res2,strat_res3,strat_res4,strat_res5,strat_res6,strat_res7,strat_res8,strat_res9,ancestor,alive_at_end
0,0.09244535074084924,0.019746000197979067,0.08216659365090864,0.003178323380819907,0.061150825253482644,0.0904486564983926,0.45585591354792937,0.016717467634345902,0.15206601815639045,0.02622485093890224,0,False
1,0.09149338482652722,0.012707867792806611,0.10188626101872042,0.0,0.035455854088400476,0.08076688438593592,0.4754177221859138,0.0377989207962441,0.14962364619519486,0.014849458710256435,0,False
2,0.08180232335479902,0.023815524386998795,0.08122599397423175,0.0,0.07205182364123722,0.07773578504202089,0.4454386470554328,0.032076656081552954,0.1582131367251864,0.02764010973854024,0,False
3,0.08853379854095049,0.01492298371361925,0.08063474802483603,0.0,0.07268733386311739,0.08030552147757188,0.45529546277726696,0.0201434920334969,0.15915844523899275,0.02831821433014828,0,False
4,0.07292475114211064,0.010219494424057023,0.08054183569733164,0.0056023885462685614,0.08079056957007512,0.07391084746610194,0.4545430132370576,0.050671855171186234,0.13771200283727625,0.03308324190853489,2,False
5,0.10130987533847399,0.03551892472754668,0.06318054424053028,0.0,0.08060620625530864,0.06556619893775338,0.4586260815280928,0.009081996023421387,0.15337018424678267,0.032739988702090134,3,False
6,0.054647487030946955,0.021156024273491857,0.09754960997052116,0.0,0.06676766134791443,0.07215868242356677,0.4510788989611437,0.05195663965440409,0.1383895277128486,0.04629546862516256,4,False
7,0.10136036708059479,0.005157284461736375,0.10941402101865302,0.0,0.016694161411492322,0.0889977840826863,0.45994145057428903,0.04829747901678148,0.1586730371538633,0.011464415199903318,1,False
8,0.08460357338711551,0.02313161237603231,0.08140549327459809,0.0,0.08523947404735803,0.08367185920371065,0.4640674405770064,0.014458625837537044,0.14442799645133816,0.01899392484530374,3,False
9,0.0732281038322279,0.03198053072063191,0.08526279025247903,0.0,0.07474832834854366,0.0804325387877535,0.4326447189551239,0.04317371101600282,0.13272134103528432,0.045807937051952706,2,False
10,0.06776138783446581,0.0,0.08536065265631836,0.012101998110063218,0.09118317545154495,0.07908907936716368,0.4287946079151219,0.04369922227395106,0.1399397814100195,0.05207009498135138,4,False
11,0.09074637648160472,0.015542668709793756,0.10323124170718975,0.0,0.026736621487678885,0.09362510747136721,0.46400744298450164,0.03186026675740198,0.15258082058689562,0.02166945381356647,1,False
12,0.08784669769209473,0.0,0.09352784828149424,0.0,0.06714344916049744,0.08975350892297981,0.4579610697124811,0.018886538476782424,0.16032691975662486,0.02455396799704544,3,False
13,0.07760019413037261,0.02140870514911536,0.09050582245514867,0.0,0.057730144628821145,0.08783511163962879,0.4115329139464655,0.05289398829781883,0.15300856914130295,0.0474845506113261,9,False
14,0.0897123692888184,0.018784748855717646,0.0866545308967561,0.0021100340343024123,0.06907231481703689,0.08436179652523612,0.47055615165860415,0.019424624909476395,0.14700755493362183,0.012315874080429962,0,False
15,0.08944985459232178,0.01765047116288874,0.10485118066224978,0.0,0.040350155282968724,0.08066823606195267,0.45757808846468884,0.04382092834365204,0.15867357570811963,0.006957509721157782,1,False
16,0.1079608592175454,0.004435889047638215,0.11236135350891427,0.004444937597142833,0.0350880827507248,0.09366291855685573,0.44396668564138614,0.043389650020598775,0.14144469247680955,0.013244931182384137,7,False
17,0.07782726386210682,0.02619860124690223,0.08456465926273174,0.008356862298749107,0.08646442455153935,0.08408005275100508,0.4707346293197377,0.017548562055067163,0.12887806805086904,0.015346876601291843,8,False
18,0.09983199500154419,0.01696053134144746,0.08874875291030175,0.0,0.07471791965889693,0.07947260459994444,0.45349107669113586,0.008927559753096458,0.1638404932135896,0.014009066830043332,3,False
19,0.0899821670685709,0.026044453609658434,0.10717783459166323,0.0,0.03945478705244734,0.07267700432061139,0.4637684649600873,0.036357516251246925,0.14210772639357003,0.02243004575214436,1,False
20,0.11006192058422508,0.0,0.10329419107719807,0.0,0.01618318718312215,0.07893878931610829,0.45733479744897587,0.0577583080818257,0.1655709646876432,0.010857841620901587,7,False
21,0.07626404405036238,0.024443373418561835,0.0862843921231862,0.0,0.07658190057900828,0.08053080599749116,0.4607876682826636,0.013449253685180863,0.15593113318864388,0.02572742867490183,2,False
22,0.08752862031008463,0.028911614045449605,0.07479168090773917,0.006035549423463583,0.06216016942131708,0.10152956918270806,0.45686947201430145,0.004045944825756942,0.1453728547276936,0.03275452514148593,0,False
23,0.07502536288773738,0.0387015893387742,0.08551229131831627,0.0,0.06380100118820506,0.09790679636844964,0.40727418090909673,0.03993352100266535,0.14358347555626602,0.0482617814304892,13,False
24,0.10040426144866371,0.011832038532142361,0.07371704701125106,0.015501990685883316,0.07136796004052451,0.08151184351758617,0.44105955466557106,0.009084899265349741,0.16600061463380097,0.029519790199227076,3,False
25,0.08885294642032304,0.02314472419751618,0.09663720582598638,0.005809053756205395,0.0292078825122863,0.06866055612844912,0.481136858554339,0.03598800861452312,0.15424402260944112,0.016318741380930486,1,False
26,0.07765681235752164,0.038234339897737016,0.07840169686113684,0.006294581147701586,0.054241983844625453,0.09556873685379716,0.4475193187878104,0.023218894749706117,0.14345297813190083,0.03541065736806291,0,False
27,0.0776190321235675,0.04491066899961781,0.0718433168683125,0.013709793375403574,0.07510659050617571,0.08049768210084743,0.4233263949822549,0.02969030682459494,0.13604620902338374,0.04725000519584192,9,False
28,0.08785591801960568,0.030950283932186164,0.08761745602470096,0.0,0.05848213073131062,0.09372400201295515,0.465287744537069,0.012602046268324127,0.15082824639184786,0.012652172082000358,0,False
29,0.05515418333182487,0.0006582033449271243,0.08498381367037239,0.0,0.10217025826694925,0.08661949416711208,0.4310372647323136,0.04075953818436056,0.13111163707827608,0.06750560722386403,10,False
30,0.0647429373336755,0.005868573975642041,0.07600459293471191,0.02838430922343545,0.09910672798720684,0.08576160997487776,0.41499011383581164,0.043897770763018665,0.13376953640499406,0.04747382756662602,10,False
31,0.07656999834898612,0.0004884003727200808,0.06934520196350749,0.013872855387465405,0.07668842911692644,0.06657677226868523,0.4726054924679467,0.05708856995314311,0.1557993114626697,0.010964968657949626,4,False
32,0.04675999089456614,0.022570630234613153,0.08250339787978728,3.723589792287223e-05,0.06541431082147671,0.07045636548139735,0.46012129830422055,0.050759603827938,0.13808210141602387,0.06329506524205404,6,False
33,0.07815395247512022,0.03711252114184794,0.08031107398482598,0.0,0.08896469769785674,0.07759288586302222,0.44589701911621465,0.004572897671181943,0.15561829553160975,0.03177665651832052,8,False
34,0.09184305461007607,0.020122016029302688,0.08127539782112131,0.014012184593955763,0.07026852085227668,0.09852186946847785,0.4453006469189311,3.606654987078102e-05,0.1622980084006048,0.016322234755382976,0,False
35,0.10394237866409392,0.005647951257170303,0.08707837918187059,0.006817983436229752,0.04724828183421208,0.09129296357995878,0.44577486608674394,0.016687514615772014,0.16083775227776,0.034671929066188704,0,False
36,0.07577941170102737,0.033131462012061935,0.08249793295880246,0.0,0.06329794180392297,0.07968703800697771,0.4137492618684494,0.04168946905635634,0.1500816616784065,0.06008582091399535,9,False
37,0.06946993474360486,0.019331720382483774,0.1016904211608324,0.0,0.06923430244797402,0.06626017809162918,0.44472160875917793,0.05198783154640838,0.1516174710454046,0.025686531822484905,6,False
38,0.07165572804245679,0.024302753834498137,0.07927329376188172,0.0,0.08701602117352303,0.07226571147242124,0.46261539207010727,0.04295582900959347,0.13242752658380447,0.02748774405171376,4,False
39,0.10724088850910135,0.04858802546529354,0.05424837083267668,0.0,0.07748293731259352,0.0653115751018761,0.4418048306803087,0.0,0.1550688457518272,0.05025452634632302,5,False
40,0.08316033810911794,0.0,0.08458794950989908,0.0,0.0713011552613786,0.07514429069189037,0.48002773549503347,0.0012762378461524347,0.16870030819686402,0.035801984889664094,3,False
41,0.07472971362502363,0.0337807727053823,0.08789925524338604,0.0,0.0769319886717251,0.07473053763077833,0.4356060070908254,0.05444490069475605,0.11796656458679709,0.04391025975132613,4,False
42,0.06020298985565031,0.020833322190146143,0.0793462012807056,0.0010578916288732814,0.08608937155919308,0.08326057742547441,0.44471438265455493,0.04309443188241455,0.14243528509259026,0.03896554643039742,4,False
43,0.08501410392821834,0.03318300775599435,0.0929015610136241,0.01184083451863531,0.07640962777126617,0.05134930246614652,0.43360997005176216,0.03350503812173503,0.14707867181000325,0.0351078825626147,2,False
44,0.0512178272098408,0.022626984436693986,0.10658448311410905,0.0062040950751604705,0.06883674779355299,0.06235091381701222,0.4310554712626512,0.05109354138936961,0.14705280663533044,0.05297712926627928,6,False
45,0.06174627824141512,0.02064632174742599,0.09858579770596933,0.014946715760425928,0.05384486777725305,0.06458850231170489,0.44520572648749335,0.04974907610564681,0.1423331844152221,0.048353529447443436,6,False
46,0.07119140509724542,0.03070999879099639,0.08020403376560957,0.005736758461702924,0.06682711115144901,0.10501162035577719,0.4003977347808897,0.0482765746724531,0.1495054497689073,0.042139313154969375,13,False
47,0.07457745458086432,0.024311380177670382,0.08591629552857227,0.01808459470809227,0.07118408045152255,0.07651590486442165,0.445127397785362,0.02158753764931822,0.16626140383312024,0.016433950421056304,2,False
48,0.0614419105333009,0.0,0.08569026925659065,0.0,0.10811923017231992,0.06297720548755234,0.4783574803925405,0.046039453096721604,0.12819798583155528,0.02917646522941877,4,False
49,0.07822972361383759,0.013776920043166368,0.09090680172858497,0.008997049907912964,0.08028189290517322,0.0598902785690694,0.43222135771800335,0.062310050570701325,0.14106939302352434,0.03231653192002646,4,False
50,0.10462691678593891,0.012209818737705228,0.07313363800570073,0.0,0.0885688986179418,0.08634718518976933,0.4380457592016973,0.025071027349110674,0.15188161810695247,0.02011513800518369,2,False
51,0.050486620877266526,0.009832521928467576,0.0903007414291323,0.0,0.08354357744205393,0.07500048572260658,0.426342917250737,0.05156535880255127,0.14926232008679452,0.06366545646039036,6,False
52,0.08137121932740751,0.015742079627541764,0.0790967969329049,0.00637120037066997,0.09187264370545117,0.08793928816399031,0.4189291042609894,0.03103265047855603,0.14303856715889193,0.04460644997359705,10,False
53,0.056348028508848354,0.024726613822075146,0.07998402784397635,0.0,0.07729421233770264,0.07404130086569385,0.4399756307668851,0.06241881838331853,0.1342675190510263,0.05094384842047369,6,False
54,0.07584197274173081,0.03105087380781449,0.09300229565221595,0.000893682111266265,0.06844795583389238,0.07071107290660059,0.4382606310008835,0.047994179344041675,0.12627086792935685,0.04752646867219749,9,False
55,0.08285439894445298,0.02282990410907084,0.06918695203680293,0.013543267655886445,0.07799454983016117,0.08703223748989881,0.4263666948260451,0.05761390595615473,0.12620045959579698,0.03637762955573007,9,False
56,0.0613639480592819,0.008611119668845308,0.09465715516816643,0.0,0.07465732467323322,0.07246644090657695,0.4557677813734283,0.037327130743667475,0.151708715858932,0.04344038354786833,9,False
57,0.11024793825655162,0.025379930316826296,0.07330063457846765,0.0,0.09137744887138283,0.05529816743626359,0.4618743361333088,0.0,0.14224887071467673,0.040272673692522604,5,False
58,0.07547619610349725,0.019955869490827286,0.07056262679352461,0.005760827064333539,0.06583915283441945,0.08869476632125695,0.45404392505187363,0.04525089334262237,0.1347555208269772,0.03966022217066771,9,False
59,0.06101547310651423,0.0,0.07723475300684812,0.03443258474731799,0.08397421522161816,0.07080277548442138,0.4340005539581816,0.04452484832190247,0.14271655514375284,0.05129824100944329,10,False
60,0.06652158035607937,0.01126550843474245,0.07827639929178017,0.019526025852011106,0.08164288966029301,0.07719719666372199,0.4600643980534534,0.05713096893865296,0.1361893524309698,0.012185680318295748,4,False
61,0.07300049924898269,0.035962847690037804,0.10133469090836209,0.0,0.06263642834655454,0.10157341030434078,0.414491201369253,0.04427472847776488,0.10976577110273382,0.05696042255197034,9,False
62,0.05894437414640285,0.021855039999146408,0.07687920579579796,0.02698998377850006,0.09056116484022306,0.08279461821380453,0.41059694246308226,0.035372385368678996,0.1497294447066365,0.046276840687727354,10,False
63,0.07979241682114835,0.025685636556116193,0.08312747197676738,0.0,0.08678919551341711,0.08085901788014105,0.44020632047764213,0.029103436388633906,0.16038574390386984,0.014050760482263964,2,False
64,0.06612202419074231,0.03587266737387576,0.08264400372662671,0.014144451171747901,0.07624181072293656,0.07138343108800739,0.4017126118973425,0.048352391336214336,0.14051430816069663,0.06301230033180984,9,False
65,0.058669356788480516,0.025444714823212786,0.10542792489435782,0.0,0.07719536957963126,0.058346975805356284,0.4627396362793933,0.023594273754852634,0.1366644520118687,0.05191729606284678,6,False
66,0.04911984037383035,0.0021413706789336177,0.08842111997775241,0.030343304556946685,0.09691657197577867,0.060288318973603816,0.4284668766498866,0.050509511349578186,0.12983093709000346,0.06396214837368619,10,True
67,0.04388124346736583,0.02793276585988134,0.09013226537534544,0.01613291946769409,0.0719981089499427,0.08203710781176343,0.4416165994557555,0.0467431897105141,0.14362475827950344,0.03590104162223391,6,False
68,0.07288379992427334,0.03821153911811581,0.0888375498918551,0.0,0.07317002488082153,0.0708490519590005,0.43824124789280683,0.044099893957943184,0.13258611007357957,0.04112078230160395,9,False
69,0.06572145700023828,0.003456473879644078,0.08428113470110056,0.0015894410415541785,0.08511756550181993,0.08276455901356332,0.44165521480004777,0.060871807016507164,0.12440618037435498,0.0501361666711698,10,False
70,0.0693269644217735,0.005496770489026044,0.06745611458847878,0.03460270313882229,0.10988283316910258,0.11177821247737982,0.38630941203980973,0.03535061862530145,0.12784418531779154,0.05195218573251429,30,False
71,0.04408717094769811,0.01806935552682772,0.08320966879576042,0.012871075879773368,0.05260200840065557,0.0735827326489445,0.46931972714477216,0.06326590608283668,0.13525075662910188,0.04774159794362948,6,False
72,0.06437274188252903,0.04032733484165316,0.07808055517130384,0.0,0.07783765756334615,0.0865496573708094,0.42790821972111376,0.057149741386475404,0.12638898828224995,0.04138510378051913,9,False
73,0.057849790790898956,0.010852192855303745,0.09711137453348093,0.0,0.07458381522447048,0.06850689623072015,0.44439582292840835,0.06536760746108845,0.13326889464484515,0.048063605330783674,6,False
74,0.08607174993248717,0.004143448356981018,0.08133574681897623,0.0,0.05657199548621296,0.09662810040856103,0.42768197119391627,0.05989166203784055,0.15102175121849348,0.03665357454653124,13,False
75,0.06836253127262924,0.03985235439281922,0.08990578391581897,0.0007495240048671473,0.07932938000935935,0.09276179517641171,0.40127234317526583,0.06222775694477814,0.1339338689427506,0.03160466216529971,9,False
76,0.07127055417182397,0.049145572692979686,0.08872481865814592,0.022413897701762713,0.06264472833911472,0.0713795778876267,0.4285678446860146,0.012673862447836214,0.14452556354548235,0.048653579869213065,27,False
77,0.07167050551132259,0.02791471287502964,0.09200380057998363,0.0,0.08815153330568154,0.07456104230697945,0.4548996679970415,0.027112620620953282,0.12981200198066872,0.0338741148223396,9,False
78,0.059282831596536,0.03677406041776436,0.10083356546253233,0.0,0.07490747992907552,0.07638384740366211,0.4074176954742345,0.055735871617507676,0.1443638639351593,0.044300784163528145,9,False
79,0.0760248465632353,0.04657797289585933,0.08934537185172756,0.004809440405835044,0.07471990195685604,0.06669779595954241,0.4443180520120159,0.03135828449923527,0.13731349465848822,0.02883483919720488,9,False
80,0.054204121478856566,0.027792195615163436,0.07867670878223058,0.015108361206942415,0.07875117567415334,0.08287714171863482,0.4484031222333245,0.048280920962002254,0.12981024123177298,0.03609601109691907,9,False
81,0.07996082933128745,0.04565891796908654,0.08970119913644903,0.0017890223254767013,0.07019102939973287,0.08367012931761209,0.43701918942454615,0.014232754551647124,0.13026471324251226,0.047512215301649695,27,False
82,0.0758492307498709,0.02741090145047315,0.08908596286594855,0.004225811080137442,0.0656544009517482,0.08364147501245563,0.4176579084526859,0.04595718566258261,0.14609650658030668,0.04442061719379098,9,False
83,0.07790603928308207,0.025409595605668422,0.08914053420480948,0.0,0.06748685090889468,0.08239976917178084,0.416136880349908,0.05805362042790219,0.13731777140237206,0.04614893864558218,9,False
84,0.07682151878221927,0.04269430288811898,0.09914558921140568,0.011384359777931624,0.06935193124300684,0.08743843395484421,0.39737124095383175,0.048220101467480306,0.13256016504279108,0.03501235667837026,9,False
85,0.04804936161955978,0.025148687792407972,0.09022780411105759,0.0,0.06267988840867983,0.06896983737463926,0.4519216069392617,0.05661890192756826,0.13462222112695477,0.06176169069987071,6,False
86,0.06748340764968556,0.03262417892976635,0.07064017939912738,0.004264754699940299,0.07412015879259841,0.08822151439946464,0.42190567209713203,0.033949735154058136,0.15480413260946566,0.05198626626876148,27,False
87,0.07907155811152024,0.05607955771990399,0.052178178774598696,0.008498609384371377,0.08114158703036833,0.0760423448138026,0.42519012252766997,0.03370524141675905,0.13261524834836427,0.055477551872641535,27,False
88,0.06632155266679284,0.01004312560876184,0.07007816635163854,0.031452344337770284,0.10517131880644155,0.0830250661784113,0.40354413347357576,0.028158926654723783,0.1447942565350802,0.0574111093868039,30,False
89,0.0765814484841365,0.03511340060212039,0.09504739358237346,0.0,0.06624867677269922,0.07658487633902535,0.43095314029872595,0.05271689278357152,0.1116879922683844,0.055066178868963256,9,False
90,0.06978360045355902,0.017712175388479457,0.086512175199392,0.01635689858852069,0.05673120782391571,0.08860442880696433,0.45991622435848023,0.04035825561216694,0.12441422817546322,0.03961080559305848,27,False
91,0.07150029375605226,0.050143459365825004,0.07398945895601937,0.019275408399984876,0.0869737907477744,0.08696230789058408,0.42039990716742714,0.009847856295533676,0.13189529861317492,0.04901221880762429,27,False
92,0.10391080709944964,0.05714049757068333,0.06978283011361683,0.0,0.06959761438410333,0.078893764064469,0.4280360845963367,0.030889492342801212,0.11530482254924831,0.04644408727929158,27,False
93,0.06856113627952512,0.04846876567574107,0.08082790451601828,0.009644638565671031,0.08773760721812623,0.07148123745296302,0.4317700441241162,0.0177044450334003,0.12619036322270463,0.05761385791173418,27,False
94,0.08564913433761273,0.05867744778526823,0.04823839466601421,0.03990261468455878,0.07284081252446035,0.08998025307012705,0.4149665044570962,0.024912364843930397,0.1255458219361869,0.039286651694745156,27,False
95,0.07005815210953562,0.03191797358026048,0.08016585308816995,0.015137156059369003,0.06312878533937262,0.07577227954585977,0.42699970155290995,0.027634843736332914,0.14752867399507175,0.061656580993117924,27,False
96,0.0664561442931317,0.061143812089459196,0.0696661756885613,0.030628828612791252,0.06859361958172557,0.06775533480732317,0.4234252703601295,0.02752699987149361,0.13002048224563006,0.05478333244975464,27,True
97,0.0766630539607856,0.044497800059904107,0.0820327464992051,0.007423227925146774,0.0948156791076297,0.06974248627067031,0.4243167870154227,0.027067272519937537,0.13328651735278302,0.04015442928851514,27,False
98,0.07586578993168792,0.04239769136104729,0.0886180980395647,0.009387683587436529,0.07288918409142561,0.07317389345009155,0.4223570276237085,0.026268377506540652,0.13021578404016784,0.05882647036832927,27,False
99,0.04884050957693722,0.007729360701205267,0.0750698738060412,0.03052282464728074,0.10605391931193897,0.08107565301317539,0.41190878938602254,0.06369836580718155,0.12828470668871783,0.04681599706149924,30,True
100,0.06465501644267063,0.002749580323140883,0.07297301849732436,0.021135893284547583,0.11927406288149592,0.08807710285293006,0.4042820511533338,0.02192030825642603,0.13979618507452077,0.06513678123360982,30,False
101,0.07593557706528138,0.045287485395896894,0.07864043774274981,0.009027124108724685,0.07335007433400707,0.0853422891570963,0.4172761029913091,0.04050562735852326,0.1313076268701299,0.04332765497628167,27,False
102,0.06276855921691789,0.054316770026166854,0.0687729043636282,0.009355420937764734,0.0892220986095129,0.08549090890769268,0.4355527282262217,0.024925944032547078,0.12043089031484044,0.04916377536470751,27,False
103,0.05259232846894712,0.029928532464382342,0.06927789413008703,0.00721744439022149,0.11587533140776612,0.10414780901629864,0.4202008739526862,0.052950460976013386,0.11380038731019472,0.034008937883402986,30,False
104,0.0888924857690706,0.029100943093117403,0.07310359295311342,0.015247466508837614,0.07919483507907286,0.08869184512348369,0.4257620448172529,0.02084173266633599,0.1402338439900851,0.03893120999963033,27,False
105,0.07945266682453735,0.057065260254875745,0.07358022485655809,0.01251844005021677,0.059617338021929055,0.07378755828943177,0.44483842741214485,0.0259245526434014,0.1365132345280511,0.03670229711885381,27,False
106,0.08177309635341973,0.046288922277045376,0.07403386738636623,0.010845599377006887,0.0698876590316014,0.08987639919130036,0.4029114101753069,0.03707797113223887,0.1383561166014867,0.04894895847422751,27,False
107,0.07412667595316189,0.03280020509249026,0.07537148139745647,0.012225115813441465,0.06429874524831208,0.07686350835029727,0.4319420015990373,0.047116567524556834,0.1341762575098255,0.05107944151142096,27,False
108,0.0780873465461848,0.002701989487203005,0.0683555439987173,0.03163556080423498,0.09481541255659436,0.08459189963090429,0.4335632219496481,0.040693263956618125,0.12985837039121415,0.03569739067868098,30,False
109,0.08861651026755057,0.04268418027284108,0.08365096184919657,0.0036217635523502303,0.09255567512002107,0.08433912242494443,0.41009327779819127,0.03165160183369804,0.1345191227772311,0.028267784103975506,27,False
110,0.08592425243119159,0.039636911686651975,0.056454882654718826,0.029357966539352912,0.0675337380656728,0.08192579304919485,0.405381486223248,0.03405082419745857,0.1428628858922054,0.05687125926030498,27,False
111,0.07922484226486273,0.053830777300606855,0.0796290623952008,0.0,0.07937431518669891,0.07505989808744816,0.4219077301158852,0.030934377959108122,0.13516977242588604,0.044869224264303176,27,False
112,0.07868034052108126,0.04412408943676596,0.07824508055443247,0.01181375413973289,0.05603351668364782,0.06978296754695211,0.4363394581676274,0.028626918827045506,0.14490524994082105,0.05144862418189344,27,False
113,0.09329782209984902,0.04741951444503998,0.07741544358277369,0.0030243134443749434,0.08255947710427847,0.08562543725201295,0.3824072070618233,0.046197359166139505,0.12375225261067804,0.05830117323303021,27,False
114,0.08043284604912666,0.034892699815456736,0.074246265765164,0.015459350158824202,0.08525169763573603,0.07826771666699725,0.4319061865625961,0.015809808644104768,0.14067181188951516,0.04306161681247903,27,False
115,0.07232269650442454,0.05512436296058306,0.07281357726413483,0.01694163180276627,0.08747569861117326,0.0671540642647115,0.4302912769741875,0.026440380445372818,0.1301598080281134,0.041276503144532836,27,False
116,0.07350509741736114,0.03412923986835574,0.0675953925559416,0.0,0.08331346063971312,0.08202848660025897,0.4429249813664288,0.022272307016409816,0.13893669138350595,0.05529434315202491,27,False
117,0.07993722346076522,0.04052707948024684,0.07443514606789674,0.015542303165599985,0.07439903657366248,0.07395921150806359,0.39915449944756,0.03769225755153072,0.15365621058635565,0.05069703215831867,27,False
118,0.07311742558335194,0.06229517345305642,0.07416380430121393,0.009294366136081696,0.06818913883286204,0.09186388690260947,0.40851081809517464,0.02152271082632474,0.14225668220165724,0.04878599366766787,27,False
119,0.0949968048467984,0.037919926110723326,0.07131839630009493,0.004800152623036701,0.06985229956051062,0.07537138475660282,0.4412710382120903,0.032601532043631774,0.1155880727824755,0.056280392764035694,27,False
120,0.07697112640026285,0.03964085976219336,0.06089959876937877,0.017574706559084916,0.09214504472161675,0.08272097019829626,0.4095258192666925,0.04045833829764413,0.14385317548442453,0.03621036054040597,27,False
121,0.0896262373185992,0.051082206046863136,0.06653745770738098,0.011881154553527552,0.07034252026016738,0.07380662070924673,0.4197555053706875,0.021737149934295166,0.13381419516059215,0.061416952938640225,27,False
122,0.0778546328286243,0.044081189870104544,0.06766342853375433,0.023214275827735883,0.0689700070405318,0.09029356368089385,0.3947456092631636,0.02713401077949185,0.14438405476331187,0.061659227412388044,27,False
123,0.05440028279453962,0.012103378305702118,0.0775336106077687,0.03387980109921464,0.09090851866492573,0.07690278173627853,0.4024160366195909,0.0445126762921087,0.15514952706682456,0.052193386813046534,62,False
124,0.056902510835111754,0.00510957956629891,0.08872069493534736,0.021684826987115532,0.10968209903659316,0.06924021921650855,0.40218775300359544,0.04293087407673404,0.13987375843546157,0.06366768390723367,30,False
125,0.06513573143937443,0.04085920230792551,0.08546789113815347,0.007729043724699262,0.08684881546475368,0.09603201404427546,0.4201508687693546,0.025469762968904866,0.1235642348580645,0.04874243528449414,27,False
126,0.0637471695914346,0.056003617246966,0.06355763043940732,0.006332725435387721,0.09269847045276494,0.07605724487998207,0.43608097738183044,0.03991551371636567,0.12062740135126179,0.04497924950459951,27,False
127,0.06449504272313258,0.043507425104804466,0.06460036873093758,0.03360343383035292,0.08469973719431366,0.0751852542260935,0.40200565294726326,0.040707363460848224,0.13588431446652494,0.05531140731572883,27,False
128,0.08466225002932828,0.05485101196249375,0.03694168734649535,0.06123061246434142,0.07181168868694665,0.09032595906107514,0.4236251803373077,0.018879157898897762,0.12689571260414764,0.030776739608966278,94,False
129,0.07471594371496854,0.0396361749803902,0.07071737772425367,0.021686356192160635,0.0832211084280103,0.08240367044925559,0.4472856893925749,0.019200694401498363,0.12631162122263953,0.034821363494248296,27,False
130,0.08050304048204748,0.04213694945366018,0.07001951512815134,0.010808700003410466,0.06724568128678368,0.0795407140294973,0.44701292656097896,0.026610618641959703,0.12595065302453531,0.05017120138897559,27,False
131,0.06657742566938674,0.049227194361764336,0.0619896158452364,0.03991715481096009,0.0766293377487124,0.0546464086066375,0.4344354399251229,0.0,0.14902312171640325,0.06755430131577642,96,False
132,0.08921278616925281,0.0,0.08344082215196753,0.028752520645735857,0.08365791796921446,0.08076010911228576,0.42743147369420426,0.03721024212831148,0.1290226879914228,0.04051144013760503,30,False
133,0.0658763412390461,0.0,0.06168236890448998,0.034948085910603444,0.08322388323571164,0.07050467990182575,0.4470515283851368,0.06628055177121393,0.13816644382279383,0.03226611682917857,59,False
134,0.052531233221577,0.022815460375546458,0.062326013502008844,0.03387024103170531,0.1147771493626689,0.08689383195186945,0.4005768880000389,0.05630444397569845,0.1301249052221592,0.03977983335672744,30,False
135,0.07269393512777589,0.01299187714545708,0.07270728076426844,0.028446341638921964,0.09733922202266336,0.07930570182481357,0.4123175538244721,0.030650112017532934,0.14699213452330215,0.04655584111079252,62,False
136,0.05334867920200662,0.02495546884772303,0.07950277232954167,0.04243971108289049,0.09050482878214813,0.08854251715008415,0.40447049306881466,0.04163351712124573,0.14525536535568,0.02934664705986549,62,False
137,0.0618358737291105,0.012320911830192948,0.06894569712757048,0.024352431920871925,0.11039467796302416,0.11112808187563962,0.3975447142971049,0.02946080246784044,0.13298670953297714,0.05103009925566795,70,False
138,0.07989294918354563,0.0,0.05889811992176268,0.018782013058890847,0.12055828810682134,0.11298641034705825,0.3995751287438121,0.025735109703900978,0.1242193396357647,0.05935264129844341,70,False
139,0.07850859619877083,0.0,0.09458952136400356,0.02898971401459618,0.1028571440880576,0.06815018409511162,0.45054567368413406,0.018205443896498932,0.1191191140718019,0.0390346085870253,30,False
140,0.07345426926234046,0.02182832903749847,0.06852355457180893,0.021083515947771924,0.08446325484485354,0.09796038391603695,0.4181944262677852,0.04195043537003464,0.12162446322768775,0.05091736755418198,30,False
141,0.09201353951774191,0.07089972892352558,0.053897341962264284,0.04762244485807164,0.07367446440780172,0.08189411889746757,0.39855624753646274,0.03434059962610255,0.11774315629846242,0.029358357972099524,94,False
142,0.08126743987253343,0.014001845031117155,0.06314964482556622,0.050537518770302124,0.09416638694450503,0.09291307293963015,0.3930792013915658,0.05256518850352584,0.11929228333307941,0.03902741838817496,30,False
143,0.0669021122105791,0.05602369385803405,0.04339933163649182,0.07493923796063919,0.08277776378760704,0.08714099477188854,0.40524424188545005,0.02773302399168719,0.12301992183332217,0.032819678064301035,128,False
144,0.07345389236452234,0.002388817916446294,0.05827674230863593,0.04185267335009971,0.11071528828612585,0.08829010037402646,0.39820509355137407,0.04555554455260319,0.12986680171320322,0.051395045582962866,70,False
145,0.050132444733820926,0.010377561087128733,0.0743715614640455,0.04628485748744505,0.11035337646444711,0.08198980393105475,0.4185618582433245,0.03348517492619292,0.1247198079673809,0.049723553695159725,30,False
146,0.08978635369874972,0.07277947382665066,0.03994445368469772,0.02719119481097522,0.07037778886691844,0.08707996566617263,0.4353189262421412,0.015832169232658934,0.1358548157833191,0.025834858187716404,94,False
147,0.06720700092200825,0.01098821828731755,0.07414570356274788,0.009147515830342219,0.07651951048618455,0.08649673823278288,0.4356138274913084,0.03455557836342665,0.14527051644486508,0.06005539037901668,62,False
148,0.062386648921592514,0.00015708870721208783,0.0698260389469057,0.04415178661670555,0.11121975573386857,0.08754787771297037,0.3942925357107874,0.05369866564018214,0.12543637659245632,0.05128322541731938,30,False
149,0.05521238192273795,0.015552516927027199,0.08660912742410005,0.022456429951522385,0.08619476208615494,0.07630047088260557,0.41622977994160004,0.049314033923670446,0.15622823691460933,0.0359022600259722,59,False
150,0.0995211389641172,0.05317614459532091,0.048704177739823586,0.03444888426974768,0.0710823707258644,0.08924699701556624,0.3849992043896232,0.034723816524691906,0.13740727826665436,0.046689987508590484,94,False
151,0.08526146484817392,0.009277884981730803,0.06378209809633167,0.04085419579792372,0.12203672425711307,0.10181779093921288,0.38857931864659534,0.03455635459660789,0.11769698258222056,0.036137185254090175,70,False
152,0.06275225043749863,0.01556839778790553,0.05855366905754447,0.0387844773221274,0.1164017958421751,0.11116609329747179,0.37225997169420855,0.04962551073584357,0.11382444793245806,0.06106338589276693,70,True
153,0.08943126515236387,0.052883231244176855,0.05364171387911806,0.042799997864806746,0.07805109731319265,0.08746403334545914,0.4080922119274007,0.02079947356555623,0.12368347674112448,0.0431534989668013,94,False
154,0.0569418197493333,0.017721508827235815,0.0817585827713012,0.03108502511050898,0.1007823173664496,0.10619725314461875,0.374229633182059,0.03647000884588324,0.1393972389213187,0.055416612081291484,70,False
155,0.09549155092292369,0.03517340388029444,0.048026139146689,0.045146191243503886,0.06916542151731477,0.08100725629339077,0.42121756884059725,0.02353297007974979,0.14354875695614377,0.03769074111939265,94,False
156,0.09466528723537483,0.06481163374373283,0.047283250110478243,0.04267520158604178,0.08000846667370762,0.08416886282340495,0.4030983504825174,0.027633746222556616,0.1282399399705286,0.027415261151657162,94,False
157,0.0964275726227997,0.05052548182789437,0.04851414199902183,0.05179269508145437,0.06891125649710611,0.08014124702461639,0.421642929041585,0.02980096767426813,0.11686391035942703,0.03537979787182709,94,False
158,0.10081761553878578,0.04352249441871986,0.05766923970440101,0.03818179916508252,0.08582434152515465,0.07935936813538023,0.4193260439161561,0.020759807746918085,0.10955406054385426,0.04498522930554743,94,False
159,0.05216311650964044,0.008774198703869055,0.06757510581587113,0.031206278205417496,0.08426584149330649,0.07820465387235617,0.42849999327776206,0.04570437004555428,0.14766944110019484,0.05593700097602811,59,False
160,0.07253593624050804,0.04720872039194891,0.0423289097624576,0.03798707738646078,0.0709678305286563,0.09237987614410369,0.406778166962927,0.04413895200879503,0.13587865404609167,0.04979587652805087,94,True
161,0.08270863052202139,0.049106360357255296,0.04190134933486993,0.028201320611917404,0.07679098687747508,0.11117591696019298,0.41068800529096533,0.01054310316869643,0.14483332625827758,0.04405100061832849,94,False
162,0.04931767140155062,0.0,0.09213747767247857,0.03183876707040963,0.07624627302472085,0.07743833547647844,0.4296165467694262,0.03795509131647483,0.14037392763261597,0.06507590963584486,59,False
163,0.07780871820555649,0.0516773231382311,0.037904437950079896,0.04778387530752286,0.06426277496163178,0.09290739661601059,0.45163714917239006,0.03842028651244112,0.12315416142086301,0.014443876715273193,94,False
164,0.06997887772183953,0.045841579449731,0.040146808269598086,0.05582236172706089,0.07426773720587576,0.09997857680252605,0.4300960684642083,0.019722425296421493,0.12088115742673472,0.04326440763600433,128,False
165,0.0803429556838917,0.019714931884230038,0.07354616614401598,0.02636330525571141,0.11260040363794721,0.0693513571875931,0.41497994548379363,0.02850987775678382,0.13422627337924084,0.04036478358679231,30,False
166,0.07551416756925367,0.0677002427403812,0.04178313956568222,0.03604972038239853,0.06115515023345777,0.10053940217167145,0.42882305571625207,0.028841838380835063,0.13641324963020537,0.023180033609862497,94,False
167,0.0861070171443329,0.04233470107746136,0.0529611819688515,0.03620663839607097,0.0760230404540133,0.09615705852453849,0.4284519062498737,0.014777662233413936,0.12680525072286827,0.04017554322857541,94,False
168,0.07779666210739825,0.060606639059141786,0.05129673249887269,0.029306704014300435,0.06872814771697283,0.10299953181225058,0.43072752668018083,0.01354076209164535,0.1373091634553479,0.02768813056388918,94,False
169,0.0601196425070416,0.018301377475608404,0.08140019937611026,0.029592976077331988,0.09656308292494759,0.08169970828590822,0.40932200078717085,0.03237366297896206,0.13843790718916996,0.05218944239774906,59,False
170,0.08571726665971048,0.07360176595320667,0.03150474813913162,0.04502463793362289,0.09281946672226539,0.08164799862014416,0.4047768785293345,0.02182883347755622,0.12504596368345336,0.03803244028157473,94,False
171,0.09620937095080372,0.05024400935440879,0.03807403092333481,0.030540961157546315,0.07271528463202447,0.10088575186649007,0.4244731935144,0.018888073588721077,0.13264939048678878,0.035319933525481996,94,False
172,0.0787335857395339,0.06456057708068196,0.05396239198590949,0.07881071339266349,0.07577925718816077,0.07903265548160664,0.40192436150797417,0.01691507929403261,0.1100627768137185,0.04021860151571835,143,False
173,0.08331553524058301,0.05411408489937259,0.037646617355295016,0.07581418147117808,0.06740185940899483,0.08302994067474843,0.4171711382643044,0.024929866372421804,0.12026835310745941,0.0363084232056425,128,False
174,0.09206342864944855,0.046361135664122005,0.048187970283597,0.05296428040880138,0.057889653015235916,0.07636346770883888,0.4119605918159831,0.03287369017854227,0.1279461544845638,0.05338962779086699,94,False
175,0.06393726129366216,0.06599429573936398,0.04819743117561871,0.04035715802531088,0.07813596272147116,0.08874062882156049,0.4303741246905594,0.01919250433863125,0.12538270939762727,0.039687923796194714,94,False
176,0.07600189173491652,0.05459833362461742,0.05358638931454984,0.04232203058705996,0.06762550598362814,0.08573952242186642,0.4391810745515962,0.018918088169278844,0.13482685183147858,0.027200311781008082,94,False
177,0.08459304979605024,0.054171939046800933,0.03610964515554263,0.0327966572058054,0.0717954761424247,0.08643885731159105,0.4155173519825509,0.03893078743597927,0.13699549179878465,0.04265074412447032,94,False
178,0.09017353690059159,0.05064675888787217,0.044355943222665006,0.041547717609211395,0.07663133128359656,0.07780509694255207,0.4348948516356783,0.02938142951798785,0.11451768228663921,0.04004565171320581,94,False
179,0.1081575500469956,0.06484837867699011,0.03238612434751354,0.0503810501113541,0.07140165011155884,0.10938209672916496,0.3949331466796203,0.019949749616233647,0.11927251394803966,0.02928773973252943,94,False
180,0.04812138677531803,0.0693693938563197,0.031045543704699773,0.0850571126127563,0.08296577942412435,0.08908996922588357,0.4162217131915372,0.03944842952161135,0.1264453762062497,0.012235295481500206,143,False
181,0.08018038603992134,0.06448357539418413,0.03385052526180434,0.035425465606009114,0.06688542078021192,0.09387118512996263,0.41884925157023173,0.03330448786069463,0.12584133857284566,0.04730836378413445,94,False
182,0.08443429024552525,0.04549725315376651,0.04919491814455028,0.04633761527565813,0.05242899970935597,0.10027762015498427,0.40232312244603896,0.03902910878380813,0.11327870845302423,0.06719836363328827,94,True
183,0.07996764975885884,0.002769513280786354,0.07648638872971288,0.02076808919282345,0.07466852260801005,0.07337343604990323,0.4385032389274406,0.042708105531919165,0.13475269740009096,0.056002358520454494,59,False
184,0.053360758807469585,0.0645735392096355,0.05057513009534397,0.03012850912401739,0.07988024931242889,0.08384411021813422,0.4389445284311389,0.019522041837902786,0.13678668170790284,0.042384451256025864,94,False
185,0.08220039099685587,0.06822125410835687,0.035093634328024745,0.06335135314685116,0.06597872388866158,0.09358151937930953,0.40865256873274164,0.03329046296494568,0.11826142031164216,0.03136867214261054,128,False
186,0.09866850260553273,0.05099454714692216,0.04125004385745186,0.03595609425452559,0.07944848074980898,0.09969204403084297,0.4021703278871223,0.017159225694441338,0.11832138975132808,0.05633934402202394,94,False
187,0.09173897650755848,0.06525361583040418,0.0380008061948287,0.05023815130529484,0.07224455308907371,0.09139743870378307,0.43048026944583134,0.028019650987420062,0.10385910259958989,0.028767435336215747,128,False
188,0.08663553531887881,0.04604333183329862,0.033771100640513974,0.04767188073203945,0.07295036224155221,0.08899470126134718,0.41690678188612224,0.03417254824268949,0.13130018530660345,0.04155357253695452,128,False
189,0.08131466637326999,0.05726910352189625,0.03840643841226285,0.029578783075181834,0.07586755398518191,0.11645279320996517,0.40830428550262166,0.02206064282163774,0.11869591185437763,0.052049821243605014,94,False
190,0.07971430817258948,0.055862405855658014,0.03828581059755102,0.05309370144113505,0.08487049320283732,0.10332173360864387,0.39519533723865197,0.03269741920328374,0.11961710286947866,0.03734168781017082,128,False
