ID,strat_res0,strat_res1,strat_res2,strat_res3,strat_res4,strat_res5,strat_res6,strat_res7,strat_res8,strat_res9,ancestor,alive_at_end
0,0.08225446769128543,0.15064899226079467,0.11588523352266425,0.0841157808550751,0.02009544053584197,0.07805567205477384,0.0075940874995426315,0.09495449104809091,0.15552545786967145,0.21087037666225966,0,False
1,0.06250409949858128,0.16047261053081657,0.11626991266333911,0.07648023365391644,0.01518819344852081,0.09193632606908671,0.00617185484694035,0.09358137249655021,0.1695090256181018,0.20788637117414674,0,False
2,0.0519334011606232,0.16254752939221107,0.11165549035485599,0.0696682377965933,0.033495833475635235,0.09554567346395389,0.016990107481758075,0.09172588211472098,0.16508704341501215,0.20135080134463604,1,False
3,0.0875424079734439,0.15609569565090442,0.11358080737196209,0.08228744871064111,0.022717675458770733,0.06912735548045423,0.01242760993747008,0.08002998454326349,0.1508441020214631,0.22534691285162692,0,False
4,0.08407381013722388,0.1504277098251367,0.0942412485587201,0.09206409842373955,0.017785382711791507,0.08519796453608111,0.016880002414492695,0.0712168891384221,0.1541282408643291,0.23398465339006314,3,False
5,0.08688495473738025,0.15453572283796202,0.10672195229673855,0.07293449029511422,0.03481299925044841,0.07065958909433905,0.0,0.09962499249548994,0.15030822932096477,0.2235170696715629,3,False
6,0.0645348758322575,0.1491574540338262,0.11104491088866653,0.07366958261675685,0.02755541916926591,0.07635457975850475,0.0,0.1052016470758379,0.17544844525415934,0.21703308537072497,1,False
7,0.07666694162141365,0.16658866658960678,0.08938599927224992,0.07704029034014019,0.026471108946501943,0.07096488754339485,0.0,0.10407353310435814,0.15572693791995845,0.23308163466237597,5,False
8,0.09362572993695228,0.15284251794897796,0.11089090734128836,0.07279012238417701,0.02803580453000344,0.07363347210341767,0.007781059385383469,0.08807193207102748,0.13906978599635847,0.23325866830241385,5,False
9,0.08965349481836628,0.12309118321745466,0.08283227132859983,0.0899760683786799,0.020724769280133244,0.0872012821852142,0.0204666456047753,0.08767568171557001,0.15682618508896884,0.24155241838223768,4,False
10,0.09007105989549861,0.136533016629123,0.09890795495246248,0.0957544023076632,0.023358626644455066,0.07266917580556032,0.01573733245340866,0.09579705471480299,0.15989246528187417,0.2112789113151515,0,False
11,0.058100208715121164,0.15231047492497488,0.1132399184817638,0.08343307464576691,0.008910062479056239,0.0989214587070394,0.0,0.09827348627222349,0.16922921480537947,0.21758210096867459,1,False
12,0.08765354773966616,0.15757882429889822,0.09327427472608738,0.07701891585369099,0.02922465277140319,0.07679217526842921,0.014581088442704013,0.06910263628936597,0.15475129753608036,0.24002258707367444,4,False
13,0.0771306538853592,0.15157970298374582,0.11824375065419727,0.07161937531531146,0.04321405752296615,0.06859075057275832,0.0,0.11143647415174551,0.1562379585749839,0.2019472763389322,5,False
14,0.0550104945507088,0.13540834056164278,0.10699557390221989,0.0798629974334027,0.02479336663208151,0.10570778026954356,0.01351547931669017,0.09053959770072247,0.17757768478415142,0.2105886848488366,2,False
15,0.03741462047853079,0.17384171828346612,0.10581110262027058,0.08581546596422225,0.028804715705111283,0.09242709689100032,0.01960475440467323,0.08698006791914478,0.15819032510590267,0.21111013262767794,2,False
16,0.061636924420769616,0.15460041460546867,0.10640526068580812,0.08042454532774271,0.021737597936683655,0.0964513058479095,0.01174088864103397,0.10355026719096014,0.16548933874149663,0.19796345660212702,1,False
17,0.08072718807592975,0.13144750237730507,0.11573514318546628,0.0772047541164489,0.05170629897661685,0.07084477715121865,0.0,0.12890601644011085,0.15036480078473763,0.19306351889216603,13,False
18,0.07698779244888783,0.13335690418786522,0.14435681329238237,0.09046391009484091,0.023129471841895448,0.08190174987185647,0.0,0.09683289269831333,0.1506376358819137,0.2023328296820447,0,False
19,0.08754718744870119,0.15658348943631506,0.08167465815384478,0.09159329056139337,0.010841267256127036,0.07722389445178743,0.02990346728327457,0.0802256465687271,0.15314851893598944,0.23125857990384002,4,False
20,0.05016884978714458,0.15858136333832107,0.10821130650471214,0.07234821880043138,0.0350801297166568,0.1063259033858076,0.016982309571765563,0.09413459101198582,0.16218235863949945,0.19598496924367556,2,False
21,0.08315585550896762,0.1713315116337338,0.08118923348506914,0.09692137519756726,0.025026751973167526,0.07596469273027219,0.0,0.08874499282416345,0.16474637845484905,0.2129192081922101,7,False
22,0.08563711236767979,0.12015709890153414,0.09278753727554695,0.08510685901325205,0.032932382277940715,0.07525245655102064,0.012644916936469977,0.09299397221753473,0.17015943081149534,0.23232823364752564,9,False
23,0.07976024653226761,0.1529153894359274,0.11845259389173175,0.09187229046521948,0.008688166031779439,0.07338149888687169,0.013969490476547348,0.09674328862384592,0.15347835683869737,0.210738678817112,0,False
24,0.07719985663439415,0.15821418416506916,0.09520080815647745,0.08618995590233243,0.016406515275860047,0.09265234664387965,0.019462698311757204,0.060582367178629117,0.1524525544066464,0.2416387133249543,4,False
25,0.05628478090572863,0.1541042206450123,0.11474017477131875,0.09252388253621335,0.03774677395011371,0.08166459424887369,0.0,0.0827101050546844,0.17325223914185428,0.20697322874620097,6,False
26,0.08951434936209939,0.16079288068840708,0.0903865165165322,0.08464429126384557,0.012986374681603258,0.08283813394503932,0.006918960211119777,0.10326746502552872,0.14479049426425528,0.22386053404156947,7,False
27,0.07409889591090735,0.14458745151834482,0.12464630964505602,0.09218789306263356,0.013416588763423986,0.08269823276426345,0.003984118939820434,0.09328566421705668,0.16320566120159846,0.20788918397689532,0,False
28,0.07714024903511316,0.17061226444443617,0.09815825035766472,0.0665395336864738,0.024265866437788667,0.06532403919303471,0.015311436460771918,0.0890719453661544,0.16263953750512752,0.23093687751343484,7,False
29,0.08787269035529395,0.1583227801513041,0.10758854322981144,0.07792497974435589,0.02851108699821784,0.07291496792476844,0.020399072911022005,0.07524188994264519,0.1573914511817549,0.2138325375608262,3,False
30,0.0942403828784726,0.15282212376062593,0.10235979556674903,0.06758412278808221,0.028249162309097006,0.07878350671224796,0.0016516945350482054,0.09455299200387722,0.14975317638849592,0.23000304305730404,8,False
31,0.10839334872948599,0.16106898420301824,0.10528625195735107,0.054956550686184644,0.034309209743996136,0.07444051407234477,0.004306187244546148,0.0881880226786913,0.1426743133866102,0.2263766172977717,8,False
32,0.09170273612944635,0.15938923551744927,0.10037565546311156,0.10510326141916543,0.0,0.07951183160130193,0.021580412645924533,0.055107610794624486,0.15851414032104408,0.22871511610793238,4,False
33,0.050145348558521506,0.14934892053817655,0.10648582082903911,0.0718144507954503,0.0253792786987763,0.10294944835082782,0.007012971076642725,0.10127818844999628,0.17787933554922586,0.20770623715334344,2,False
34,0.09771078092491432,0.16822626754498055,0.10041790278265082,0.06567516535186768,0.01783539069943071,0.07394320205504176,0.013758519296498666,0.08940563391503285,0.1537562850317176,0.21927085239786498,3,False
35,0.10242495161502663,0.13013860806728936,0.09191828802339622,0.09661588533068348,0.018540866895350026,0.08714416702853846,0.02580492469836509,0.07478814797888826,0.15001272603938084,0.22261143432308167,9,False
36,0.09956497289422596,0.15061621443879025,0.11433409760177339,0.07236816690111224,0.027803093211560676,0.07081059862263478,0.013107485882203666,0.09745717117437239,0.1466168371910203,0.20732136208230628,8,False
37,0.06735768985028491,0.1566925705057954,0.11904722716537447,0.08284596381805157,0.025021052863198577,0.08406837454336968,0.0,0.08384741730498897,0.1771630272335539,0.20395667671538267,1,False
38,0.07360650757304704,0.16412214062791375,0.08771246459706813,0.10277900939654738,0.03232212861809922,0.07764048381934084,0.019089045956808035,0.0717056929296556,0.14613380334193932,0.22488872313958064,4,False
39,0.05007582239468611,0.16231020974048127,0.10813069059150109,0.08573468973295209,0.032942886390460016,0.09806891972714694,0.008408422540670177,0.0949531144423385,0.169885556511358,0.18948968792840584,2,False
40,0.08585708711905701,0.15805452779050644,0.11122628123648277,0.09251397111286322,0.02682706925606234,0.06147677737488161,0.00964405747628325,0.08578341568093774,0.1463793647995873,0.22223744815333835,3,False
41,0.06215398283521239,0.16104366221212663,0.13723694921144555,0.06508609463241548,0.03535975656001131,0.10096672845087248,0.015726443845053263,0.08618339851133691,0.15667224926668907,0.17957073447483693,2,False
42,0.052886116275479976,0.15351348226752715,0.125589512605004,0.05153632861270844,0.0411545572603821,0.10234097421836391,0.006943703294262679,0.09329301029136607,0.1668939368636261,0.20584837831127958,2,False
43,0.06821834190004768,0.1573299872137453,0.11423825067166328,0.07507093943547911,0.037795393113774056,0.08259144325346286,0.016978305281982388,0.07274442121061778,0.17709109245982405,0.19794182545940336,2,False
44,0.10585916137008507,0.12592909188296708,0.08710310773662319,0.10652945863124068,0.0250935114920933,0.05490594128776529,0.0013438596664044715,0.09294805073140244,0.1633645790189684,0.23692323818245,10,False
45,0.061150574022431084,0.16807777077073335,0.10990250835634745,0.08133866266167873,0.02549563347141429,0.08992791043217585,0.01058251978655414,0.08157058497974186,0.1690253924592497,0.2029284430596736,2,False
46,0.043330999209977517,0.17085208843305255,0.11449031441918962,0.06959819586570154,0.031801582008098205,0.09891074251912503,0.0083877723554959,0.09808756388935129,0.16358987641132436,0.20095086488868408,2,False
47,0.054359853636566105,0.15384780705635945,0.12202071173384352,0.07495390820699974,0.02704396111186071,0.08591455563188115,0.021700117459853552,0.10708890598160796,0.16224956011564268,0.19082061906538508,2,False
48,0.09387178281575406,0.14482883370167524,0.09338186224758951,0.07382555887390509,0.014311987771480914,0.08781038882710542,0.02112688288602184,0.09064128806614023,0.13167636335551278,0.24852505145481488,8,False
49,0.08838352736876387,0.15900386380820028,0.09149011912533894,0.07174242913555415,0.05257735246913331,0.06899589140631761,0.0,0.0906369438586498,0.14989794747753468,0.2272719253505073,5,False
50,0.08999346730929787,0.1371473758296406,0.10179496816643238,0.09124705951226597,0.02437736423442898,0.0816668984210093,0.00024434470578302145,0.09833053662866344,0.1493076929843871,0.22589029220809123,8,False
51,0.04539483340107262,0.17384747614161358,0.099833278426896,0.05861065647988681,0.03755668045386474,0.10180446107740303,0.030721274171731757,0.09556588721629317,0.16418338251921488,0.1924820701120233,2,False
52,0.04201845441560931,0.16495978105473438,0.10837475462523699,0.056695385992539885,0.04870293557177311,0.08201704222844854,0.012905141322534678,0.11107235538012215,0.17891089964613147,0.19434324976286946,2,False
53,0.05422333099531046,0.16114559300963796,0.11104962648369622,0.06688793946102763,0.04525105079138061,0.10234199726855422,0.00821836281039318,0.07652449010454507,0.15242419181565736,0.22193341725979715,2,False
54,0.05070890409700483,0.16096473413280613,0.12926272302405054,0.06629663700589634,0.029359255932457865,0.10287576487727626,0.016147808134025242,0.09803015609116365,0.15711976864136015,0.18923424806395903,2,False
55,0.046584198966635355,0.145652291091658,0.10817146656636989,0.08945145805009182,0.04747141184759967,0.08962078145873614,0.026413447120943456,0.09090609911107239,0.1599469837083483,0.19578186207854498,2,False
56,0.03658797823754404,0.15988073569503808,0.12926556692074098,0.07877478767221611,0.046522919238478316,0.09880955887684147,0.02220611208255561,0.08205022441965981,0.1521428215016538,0.19375929535527173,2,False
57,0.07459456107069878,0.1748006757126592,0.08662228921065895,0.06748202049022953,0.022685578285215773,0.0638877874275964,0.0,0.10768856559178178,0.1603418676441361,0.24189665456702356,7,False
58,0.08932801725999966,0.13318833110869244,0.11670919299301936,0.10236064070795174,0.028037958563866438,0.08021900311391937,0.016711387343741637,0.07499902446537801,0.14041546754947895,0.2180309768939524,3,False
59,0.06071803931629798,0.16748226572373526,0.10632805645010453,0.06866433985436098,0.03172164219734735,0.08249285934177511,0.013742626699760714,0.09785335689877929,0.1690725266510524,0.20192428686678632,2,False
60,0.054066935973119054,0.1594557535404709,0.09626450490349088,0.07926145913067509,0.026828528056681074,0.09675742384151322,0.0162300201255379,0.08634372324044597,0.17533679501761332,0.20945485617045254,2,False
61,0.10396716721007716,0.12865815844364933,0.08069211451911179,0.08452779796243683,0.016913217223679864,0.07912336661279937,0.022662981806242398,0.08235413521396863,0.1575709577254615,0.2435301032825731,9,False
62,0.0511514680870754,0.15068581744936416,0.1094516877591581,0.06730230144546401,0.04514103947337856,0.10521371542832063,0.019710486061838266,0.09357204001433722,0.14852703467998649,0.20924440960107732,2,False
63,0.05807904827827071,0.17246712083366775,0.11822085147273274,0.0637701220987289,0.03096613171477259,0.08214021758853983,0.00912427002362942,0.0993135085036978,0.17160017833300947,0.19431855115295082,2,False
64,0.05552761459818779,0.15621537922672457,0.11982472270412987,0.07652552253790092,0.015611685372207168,0.09286296356761323,0.023948437730863144,0.08184770909130137,0.16009409832372304,0.21754186684734902,2,False
65,0.05774709238627557,0.17534336224004884,0.0962884540245744,0.06483747599412064,0.03986551070533448,0.09642831049704796,0.01113634862041032,0.07510486242288728,0.17742026179273176,0.20582832131656878,2,False
66,0.07591145421510509,0.14179128591441367,0.08169636482747236,0.09505417467228452,0.016043969901809882,0.09139555808652995,0.003373831453691319,0.0825358678074098,0.16715416027252644,0.24504333284875704,9,False
67,0.044422878764267884,0.17392227005958846,0.10436310513928454,0.08012114421335849,0.028382200041644087,0.08446846874274451,0.008335828824905314,0.09211703664179406,0.16476720703731393,0.21909986053509875,2,False
68,0.04765272991339369,0.16515645039770818,0.11652077683327891,0.07229066914146264,0.027777881629443394,0.09762121866900084,0.023051728234339732,0.08510152543417052,0.1634568168086217,0.20137020293858043,2,False
69,0.06736569825276252,0.13811871237498546,0.1136679878221761,0.08351180232644712,0.023250575730130174,0.09087203443981896,0.014029680589187517,0.11083640498188801,0.14995425510741625,0.20839284837518796,2,False
70,0.03875445164264354,0.1675122427546564,0.11302784963579601,0.06934953012543499,0.02864489134126789,0.08547810837728316,0.03238025452602544,0.1051409426801261,0.1597071202386933,0.2000046086780731,2,False
71,0.05063455219604657,0.15625143995481378,0.1016775437821569,0.0817313990731464,0.04817326111798046,0.10092960457857673,0.024362700840855327,0.07451993007456596,0.16501987180163405,0.1966996965802239,2,False
72,0.05328722568648132,0.16042574228515363,0.1067079390107415,0.07670469856506176,0.023332148471446622,0.08002807091929692,0.017941877132426027,0.09779303545446225,0.16131938333745935,0.22245987913747056,2,False
73,0.04270491026170287,0.16027026150772064,0.10741805967463708,0.07746729894803324,0.05796306120883204,0.09412977232447492,0.028470129933291982,0.08842018812981514,0.15835066293418584,0.18480565507730617,2,True
74,0.03360547156489106,0.15157048382581273,0.11134029337132577,0.07991585994265983,0.03309655723959281,0.11521824766839328,0.008629181096943673,0.09515210517837533,0.17144773337312014,0.20002406673888545,2,False
75,0.06718660457763327,0.15920546510896585,0.11355328012940598,0.06996184389189367,0.02215994692923353,0.09956848741196969,0.016142625058138307,0.08814382928267245,0.1662753095255322,0.19780260808455508,2,False
76,0.09494576796784333,0.14053238884468533,0.10992923494501103,0.07469685762601111,0.016100194706453855,0.09923816423497551,0.007272239824334847,0.05740698103270417,0.1649567357000792,0.23492143511790164,4,False
77,0.04673706846380218,0.15393481051734717,0.10891362208045238,0.07551551843122173,0.04459170182416593,0.09136287389957179,0.009685287730987398,0.08359316919883392,0.16061090540411005,0.22505504244950736,2,False
78,0.03491288633925941,0.18114284429725838,0.10440452367701601,0.07389290283321513,0.04298630240819353,0.07965996337403891,0.0020597063244224066,0.09353586472304687,0.18340270755210863,0.20400229847144075,2,False
79,0.039792861886165036,0.15428437257268263,0.12202796845480426,0.08518023953938592,0.026466965549268848,0.08359044944953756,0.020630423219449415,0.1009811217796572,0.17199251433665208,0.1950530832123971,2,False
80,0.0546641772987082,0.16949814572453967,0.10635270533412575,0.0571248033383793,0.02870169761511302,0.09593004287051497,0.0,0.09557693732884794,0.16957851496387652,0.2225729755258945,2,False
81,0.04930732404547178,0.15539668415596886,0.14875168628653554,0.06177254121146335,0.03211959589857014,0.07551021842452334,0.007751547453019095,0.09533854575851103,0.1727028545608384,0.20134900220509847,2,False
82,0.06570799565541983,0.11929582330313815,0.08953377128130058,0.0972249801806694,0.022167369665099787,0.08396231680675224,0.025272544709132143,0.08339141835359684,0.1555380470547171,0.25790573299017394,9,False
83,0.05624632063470279,0.14324542439962393,0.12415479571831607,0.06687679950621278,0.02265223131298695,0.10635273675629957,0.0083168169014846,0.11733706914961915,0.1685691806058263,0.18624862501492787,2,False
84,0.05071797018004744,0.16372738793671585,0.10261491355864547,0.05923080605396444,0.039156111188422965,0.09711707544190822,0.024559377559454504,0.10923096777059342,0.15215930819823698,0.20148608211201072,2,False
85,0.035742883665117416,0.16930961479355172,0.08681080470448449,0.06846171924140021,0.036792425720301496,0.08981439276959229,0.020013514620114276,0.11009234093251961,0.1744033968769263,0.20855890667599225,2,False
86,0.06108769379147267,0.156803060045901,0.12235104684494454,0.07076858556773755,0.023953042343316522,0.10089283794288159,0.004829580640467131,0.09483574766235948,0.15253989057810044,0.21193851458281904,2,False
87,0.06413566081628054,0.15496463434502863,0.11553741389284897,0.07077736022474587,0.02840037245456791,0.09585621121671453,0.025213217267888582,0.0853038728441162,0.16136585718905472,0.19844539974875422,2,False
88,0.04191438989709628,0.16084637651733025,0.10781324119111121,0.05275795780344692,0.04988706940731989,0.09794308865221057,0.03334773797489147,0.08964177011469619,0.1690012862306564,0.19684708221124075,2,False
89,0.046913912636598894,0.1648791200162678,0.11583905190410519,0.0649096507948672,0.04042702919437331,0.09220427344843295,0.016355870491176386,0.10407987313111147,0.17047404642858427,0.18391717195448262,2,False
90,0.10891941136544311,0.13406043762657144,0.08500925858817562,0.09197237371998128,0.04249457886537661,0.07220743151709498,0.012434056742489296,0.0705642036805399,0.15678849854241514,0.22554974935191266,35,False
91,0.05347562919551631,0.16945621100281835,0.11867675387526294,0.061241555948820116,0.016977154043293034,0.10345952123444507,0.036614596888898794,0.09289653311066864,0.15203158517380025,0.1951704595264765,2,False
92,0.05680367747137519,0.1622521226955615,0.10222253701186333,0.05910112318420405,0.046556544317402734,0.11262750500049049,0.01998018851074156,0.09919198884689368,0.15319272175234297,0.18807159120912437,2,False
93,0.0875068561233494,0.1055435047237189,0.08795280945994874,0.0925550287351096,0.02266684307441523,0.09787800054571155,0.02468674388601739,0.08504709498580776,0.15163990645328862,0.24452321201263277,9,False
94,0.05905685159761695,0.1753606579595122,0.11058648971797527,0.08426222047093293,0.027534575137089023,0.08702426688818678,0.0,0.07599424559919443,0.17416956233328534,0.20601113029620713,2,False
95,0.054076609506456784,0.1671983888325128,0.12370814561587203,0.06563857743255652,0.03357670004704731,0.08853991664046157,0.018292218555277615,0.08845938580019741,0.16110315028731628,0.19940690728230165,2,False
96,0.05200500315960561,0.16664618737016806,0.11482267238268173,0.06121762433151256,0.03949048208367124,0.08416537953852937,0.022096497718932448,0.10058601481837641,0.16225202897061078,0.1967181096259118,2,False
97,0.04047486284215072,0.14399552035572535,0.11256371739557171,0.07378246323699225,0.03422595593663602,0.10541924944318347,0.0394344123212239,0.08533345659127717,0.17274220523016956,0.19202815664706965,2,False
98,0.048405118454647164,0.15688768930112043,0.14129637890978844,0.06782867282206567,0.044801346728349366,0.08658783799768283,0.014085914264392521,0.08726976705248714,0.15957383202275913,0.19326344244670718,2,False
99,0.06059910369576918,0.16661953821342618,0.10763852572009044,0.06315086500666085,0.0315241661937042,0.09119511477594833,0.04050917484369169,0.08004309941745144,0.16604448230637628,0.1926759298268814,2,False
100,0.0874437154642321,0.11264002963636917,0.06609963221326663,0.09982865644706436,0.02284878862045535,0.0964732759167711,0.018153831243980238,0.10527368491867403,0.1479215151342281,0.24331687040495903,9,False
101,0.042950226889807604,0.1567270186272343,0.11884670387402989,0.07512676313228829,0.038137765675398616,0.07849995740214061,0.019756339701115913,0.09542660008433784,0.16983539855230106,0.2046932260613459,2,False
102,0.07548481130554426,0.15200111110645684,0.11318593342552186,0.07769642351666271,0.04423100992285641,0.10041723196670943,0.01210679611843514,0.09501317271201856,0.151719596311076,0.17814391361471882,2,False
103,0.04564764864857656,0.17294868711839714,0.110643605916982,0.08069818060539147,0.04742616883825034,0.08393379228718596,0.004768884835740219,0.09390747068385757,0.1542753749955483,0.2057501860700704,2,False
104,0.04055727025343359,0.15932573203727793,0.1163107392203219,0.061245442047493534,0.04118200459134058,0.10776646325014821,0.037505585268417095,0.08091112897461322,0.1660899387078911,0.1891056956490629,2,False
105,0.046602963969150535,0.1551683108399533,0.10785090841415422,0.07343039688112155,0.04372344534947581,0.09584631094052502,0.011851291558678145,0.09414312362679192,0.1802397465122427,0.19114350190790666,2,False
106,0.08806000586507126,0.11839910754817241,0.0676344787392649,0.09303576597198662,0.034300577441474654,0.0865507921429838,0.019976580835548267,0.07761183604034068,0.1675254488001688,0.24690540661498847,9,False
107,0.03333243956686227,0.14610053401504805,0.11860018486146623,0.058863610132763346,0.050687399093078296,0.10688208094223037,0.02555235155479925,0.093948398132712,0.15712500703543197,0.20890799466560817,2,False
108,0.05066285946250015,0.1587395892294634,0.1114635814929424,0.06404809048576583,0.021964611858352842,0.09824530639768711,0.019217337010908837,0.10692159411614588,0.1631032354507197,0.20563379449551383,2,False
109,0.04332089887173931,0.16215052939640234,0.11921485865352446,0.07657736194713799,0.02503484186338473,0.1076211292744432,0.020410522426667715,0.08378237556017301,0.16792848941210112,0.19395899259442614,2,False
110,0.04628596195157163,0.16363199194252392,0.111151767005523,0.07014145376153061,0.0011544350000874273,0.10153127048419897,0.02079125619353995,0.10215832047390025,0.18113243705972934,0.20202110612739485,2,False
111,0.08396302841649984,0.12899539750496308,0.0991899096858632,0.09818838673072965,0.02580651101330538,0.07898001414074587,0.03493575062170912,0.06965232953605921,0.1439773526645239,0.2363113196856008,9,False
112,0.055972168968974126,0.16693434954963904,0.11387796105614864,0.07786784945386901,0.035112751504371584,0.08329710125322609,0.00558768750506337,0.09191860872781639,0.16360574424087967,0.205825777740012,2,False
113,0.04782670114821704,0.1722925249219248,0.1056472210288878,0.06524745278581034,0.033358234423668025,0.10819391386507127,0.022019041542135076,0.09728625287492877,0.16070423161434522,0.18742442579501148,2,False
114,0.051774737419276254,0.16750401817441019,0.1026510237561961,0.07815258767242546,0.021742943339818566,0.09642330232438719,0.01905831090748782,0.09240200136281726,0.17117261855294483,0.1991184564902363,2,False
115,0.05496454933548627,0.1730335307131645,0.11928619299529329,0.05573317960941854,0.03456790325385615,0.08729969289202635,0.017469299888855944,0.09149978568587404,0.16283417384356158,0.20331169178246328,2,False
116,0.09402377157279687,0.13161793292908694,0.07564838239877468,0.09105338300729349,0.029160009374630962,0.07250926309259526,0.02492947177877131,0.09551981927932682,0.1447893595652117,0.24074860700151196,9,False
117,0.05295045529836955,0.1590253523614978,0.10081166589807959,0.0635701007087391,0.03065535870680459,0.09877042535107701,0.022014558188713507,0.092388125432796,0.1801864053349853,0.19962755271893767,2,False
118,0.05225202825112852,0.17059771940883475,0.11558804194224619,0.06648501081186774,0.038150090868062654,0.08777731104464971,0.0,0.10002896508412981,0.17367461414083965,0.19544621844824087,2,False
119,0.08293896451992264,0.1165473471609869,0.08593174267455923,0.09131899184805582,0.03052953914628547,0.07471520000470955,0.029913829566010408,0.09342852456931387,0.13867950984854788,0.25599635066160814,9,False
120,0.044010417459406,0.153021135156761,0.09491223970362575,0.07914080716490864,0.029931648215173065,0.10206280517223412,0.018799977469893325,0.10556931088591212,0.16383181502645447,0.20871984374563152,2,False
121,0.032440706452267674,0.19280407209924252,0.0969975963797911,0.060472283008032805,0.016235770542223648,0.11539029715335669,0.04572480099891155,0.09539740731747309,0.16387418153143182,0.18066288451726908,51,False
122,0.03138087311421164,0.18100540575872068,0.10976494331609414,0.05261775535809494,0.03423435313159946,0.1055478679740609,0.020677438105093978,0.10621713848744942,0.15882974116013784,0.19972448359453712,51,False
123,0.04007175099140578,0.17890393116297623,0.09945240824168457,0.06579049534775065,0.042616140172706256,0.0830318251084826,0.028726761419512716,0.0952692706461769,0.16995401264908122,0.19618340426022307,51,False
124,0.060854300545384016,0.1677976546303296,0.12002124860487376,0.06650156890246914,0.009192250428620801,0.1005434893349794,0.022322722002018267,0.09157724328898975,0.1667502482077597,0.19443927405457553,2,False
125,0.06628736090593505,0.15629791266274776,0.11535737601605318,0.07007695466103135,0.0417025812322467,0.09261162032649924,0.020554419081461477,0.0961642019539477,0.1489975121050992,0.19195006105497828,2,False
126,0.023485217000912658,0.162824360726355,0.11847019126332924,0.0696304978696529,0.027645114958917513,0.10320314989262018,0.029709209921696973,0.09897827292074746,0.1681353818699956,0.19791860357577246,2,False
127,0.05802732662427007,0.15872905861720255,0.11957101213657267,0.05752966106325093,0.023120569376429666,0.0965224741352399,0.02234738854987982,0.08714376973943823,0.17602566987201354,0.2009830698857026,2,False
128,0.03794483325705227,0.16653543914494118,0.10530358775841286,0.07172917269115414,0.017927224449809133,0.09280692399466056,0.009923780939381878,0.1159232654369077,0.16812541029941727,0.21378036202826303,2,False
129,0.04685455162201938,0.17134725338947107,0.11029996913894836,0.07180135181393786,0.026920636512460232,0.09205063645059812,0.01456611067623711,0.0766175221116593,0.18789006851261858,0.20165189977205,2,False
130,0.07704692428535474,0.12015050674478693,0.08887950543316528,0.10034155693242552,0.012440711462147596,0.09592351957677653,0.01633471306748548,0.09139768903696119,0.15411002445337058,0.2433748490075262,9,False
131,0.06816212292595683,0.14614598697819792,0.13536540928248267,0.05930019498247356,0.011817478858658338,0.08894428165024368,0.01657968045496873,0.08755987498528366,0.18475604628364403,0.2013689235980905,2,False
132,0.05192783063238269,0.15431975085754499,0.1008057091525808,0.06640038272380115,0.04209124986825907,0.09405422553909909,0.021069468645139547,0.10510711607623471,0.17351209285846672,0.19071217364649118,2,False
133,0.06037704424760042,0.15177263007085334,0.11158796172568708,0.09326340904518281,0.022953252709587545,0.09328860541345868,0.007208914226698392,0.10020611804771082,0.1598790207259743,0.19946304378724664,2,False
134,0.042902644385505874,0.17576327170189815,0.12164327933120722,0.052123877091638196,0.046073126347709784,0.0936701640967962,0.041366334269833126,0.09812325063264074,0.14647393519703222,0.18186011694573828,51,False
135,0.09133044296661737,0.12695207402398165,0.1003505210262613,0.08830805535727246,0.023405418465311537,0.07731146337654145,0.0127668924025799,0.09287666878414423,0.14726889883890892,0.2394295647583812,9,False
136,0.029594555970694866,0.15646325088939006,0.1154211283058816,0.08378145659244915,0.03283802109707786,0.09461296062368203,0.020924293942569838,0.08903162712151816,0.1580995980216857,0.21923310743505064,2,False
137,0.08020237932018204,0.12711848022683406,0.09699882564867775,0.09395950986128687,0.04117021644341087,0.07289725720227,0.032926140994141095,0.07942281843869428,0.16920185682649616,0.20610251503800703,10,False
138,0.0512331049660349,0.15302216520498857,0.1128394358288503,0.08733768479825997,0.045358328398507536,0.11113383512276909,0.012279767427541055,0.09466782682789497,0.15349343981550212,0.1786344116096516,2,False
139,0.05067099580889441,0.17986612369563404,0.09458567115557237,0.07084194278649017,0.032048386533655694,0.10846019198454285,0.010317739173610575,0.08802966450735936,0.16570590063410107,0.19947338372013948,2,False
140,0.05708951098503245,0.15782098820682855,0.1070072745972756,0.07854863976306654,0.05140427761932689,0.1019750607391598,0.01805477148200474,0.08107847530164229,0.15295412848010737,0.19406687282555557,73,False
141,0.04764304333006833,0.17486291851140434,0.10944787446617775,0.07400726465545492,0.016531927247870698,0.10736413851522515,0.019176421764195796,0.09042509639848362,0.15069739015466482,0.20984392495645451,2,False
142,0.04975665546503642,0.17513349315722568,0.11830059489871614,0.048353149777866124,0.02836191797775344,0.11758147855034856,0.023965244433147858,0.08896292853179907,0.15416257446852827,0.1954219627395785,51,False
143,0.048060037193238765,0.15266484193827995,0.10861790216952284,0.07838083339326914,0.027138957113667317,0.11388412996447891,0.023384935709780605,0.08389855379088716,0.16141793109274327,0.2025518776341319,2,False
144,0.03553935581049311,0.16722235702584579,0.104792891049595,0.08991412336601792,0.041185442895354904,0.08536530330963663,0.004593720036532875,0.09320203229491347,0.1837003643316345,0.19448440987997576,2,False
145,0.04404216060196659,0.17949944228304338,0.10938132296616128,0.06239206417833469,0.02906106147951774,0.10196967669629299,0.018975432350958023,0.08697902020592702,0.16303825680485895,0.20466156243293954,2,False
146,0.05146745609444138,0.14694393301188657,0.09647653526162617,0.0951388312042525,0.06026777873450936,0.08086399835652912,0.035955077673747254,0.10057233598118115,0.15264781620092738,0.17966623748089924,55,True
147,0.051375073197867736,0.1600571518534956,0.10917961534854134,0.06611393916825829,0.043941709470550955,0.08425063202866116,0.020481978959023255,0.09535871008414394,0.17010775990261304,0.19913342998684458,2,False
148,0.04631096736702441,0.16572603360727145,0.10015572034803726,0.061177589908790374,0.03246382295320423,0.10401135464705301,0.00820330553973927,0.1048811517141361,0.18941256399543466,0.18765748991930914,51,False
149,0.052274430997578926,0.18024013139752937,0.11286222208216218,0.051431389224264754,0.0312688533985731,0.10562849182761098,0.041542244738412164,0.08578891670610228,0.1488845076843112,0.19007881194345497,51,False
150,0.05996888856292745,0.16616233775599515,0.10780702181113991,0.08871435064705117,0.044578707649289416,0.08877072019172551,0.0032078907635553935,0.06747246410140406,0.16069009480497604,0.21262752371193586,2,False
151,0.050094992557145356,0.14978081996637765,0.1247472642225244,0.07862770644733154,0.01122647684147112,0.09332685845102495,0.012584187288374642,0.08676428982096289,0.1899589148720493,0.2028884895327381,2,False
152,0.046695288102727515,0.14555191503161533,0.10740999360453114,0.056212730007281164,0.03534190044979189,0.12696848964576762,0.038767482865429845,0.09175790151450061,0.1626117856992718,0.18868251307908304,97,False
153,0.051649312178148,0.16847750168237444,0.09690632773480112,0.04864137227884304,0.03387858221036841,0.11592872118360457,0.04021993461470381,0.10178921163537118,0.16605245939583924,0.17645657708594611,51,False
154,0.08451342514230895,0.15397894714090074,0.09338753540172459,0.08091063508824416,0.0007325225189814845,0.07792244923850128,0.01632339425296742,0.0882175386771969,0.1700710353854017,0.2339425171537729,19,False
155,0.038186612109253316,0.18316670499380192,0.10266454428192687,0.07709864919039364,0.02580956159349451,0.09691626344119707,0.014831962175485595,0.10683944550738965,0.1643606452456624,0.19012561146139495,2,False
156,0.05072023343412979,0.15965267347061135,0.10148392084583685,0.062846678229046,0.02849306808240269,0.11254159814561744,0.0300031715864453,0.10154916908959244,0.16761247639983196,0.18509701071648618,51,False
157,0.08768651839757619,0.1194260925774388,0.06791793827987207,0.09575073870866675,0.027835384724243944,0.08699415601749351,0.03096936907029887,0.08332653932370548,0.1664890956124741,0.23360416728823025,9,False
158,0.052258502687858525,0.16027996414839454,0.10609575943521256,0.05615137968029814,0.032637042586197144,0.11081483010378859,0.04236934998412627,0.10104076967518824,0.15366587758269867,0.1846865241162372,51,False
159,0.06764693659859897,0.14736099559043517,0.1240923491903085,0.07491869914263205,0.0324320580865122,0.06359531574975046,0.05120563854874051,0.09719120871770197,0.1634802782554602,0.17807652011986005,99,False
160,0.09102122348526236,0.10829389754629169,0.08385783338099437,0.09269218314095037,0.030344347766231693,0.07960427145969372,0.04518730885256522,0.06877848999272769,0.15773286946687873,0.24248757490840422,9,False
161,0.05383692552132923,0.17360838851785554,0.11484518120184552,0.06822163913921295,0.043635802533228255,0.08063509383216078,0.037308496402403045,0.08524067601191138,0.15064221519220772,0.1920255816478457,51,False
162,0.053163810337584,0.16488982117803097,0.09494166968385605,0.07532759311537032,0.04248388727046374,0.10554179059623903,0.026802279473968984,0.07696743498875684,0.1777323076932419,0.18214940566248836,51,False
163,0.08422730251295818,0.12241450513748312,0.08096390805491338,0.09760010284294159,0.010643227395458438,0.08106056256739384,0.02837201737243764,0.09903632302191123,0.1570598294085534,0.23862222168594918,9,False
164,0.026976739781115006,0.1445257196831027,0.1136130246255139,0.07377871487924309,0.03597396912761687,0.1034204093126129,0.05264918125251319,0.096685839188084,0.15088824081057645,0.2014881613396219,97,False
165,0.051536581764020505,0.1664936795959393,0.10093559297582468,0.05532925780142133,0.03809771120122682,0.0995800339544173,0.02644612398501346,0.09005741381022446,0.1693712773687767,0.20215232754313556,51,False
166,0.030619955877651962,0.1635558752807176,0.11278153700234587,0.06947814940597283,0.03362217461628369,0.09289626710893135,0.04027544734237795,0.08343468541613389,0.1964070643409131,0.17692884360867175,97,False
167,0.038773929277408865,0.18307254459173244,0.10800560486489406,0.06014229379016908,0.03476471183764336,0.10591285817997208,0.01676881373544822,0.09680973699318865,0.15983573482417707,0.19591377190536616,51,False
168,0.062092543612283745,0.1427721756394502,0.11968228221990265,0.05290897689334702,0.039867980050556695,0.11192083983997707,0.022993353947945175,0.09049664552315274,0.15553020591186253,0.20173499636152215,2,False
169,0.058512999102721806,0.18142032093023994,0.09582559970514072,0.05126651720927876,0.04319897562072485,0.09080411660865398,0.02125663436848542,0.10066768021924766,0.16024329235465676,0.19680386388085008,51,False
170,0.056699520535829225,0.1648693613698668,0.10913341025088727,0.06843668349852187,0.028973951319118757,0.09735133717955607,0.040680699403808446,0.0870108271063776,0.16557907596759192,0.181265133368442,99,False
171,0.05995885305188556,0.16737931810502185,0.11458782821723873,0.06757315830229753,0.02959762541748465,0.0910883881406297,0.0217540958268321,0.08682873962087811,0.157388330989306,0.20384366232842568,2,False
172,0.05032820973558667,0.15573926401552834,0.12956725843546546,0.06964859943407899,0.005919491649948588,0.10010273176138823,0.03942284793170631,0.10418997331590953,0.14997617290812965,0.1951054508122582,91,False
173,0.04273089661489602,0.15728988104154754,0.10850218134269453,0.08607482820208794,0.0681726072174667,0.11317967675394719,0.00875979339714296,0.08686759955762867,0.15015678551717462,0.17826575035541373,73,False
174,0.03968621413816853,0.16282188229340896,0.09836191062935574,0.08229549383313293,0.03886764338276474,0.0918387513700059,0.023566017693254022,0.08563847708559666,0.18666092252274238,0.19026268705157023,97,False
175,0.049146605691193564,0.17701336409573917,0.12058642819145755,0.035016280640884336,0.02331090259535583,0.09227399422097216,0.02951577914211663,0.0754985142586979,0.19711682553353777,0.20052130563004508,51,False
176,0.05198099759618262,0.16534830028096073,0.09570352249382347,0.047668332446055194,0.03613705267839717,0.10338627770924061,0.03836825261475617,0.10420422489805099,0.16896318577213618,0.18823985351039682,51,False
177,0.03813999070865545,0.17627197416936197,0.10554712945446913,0.05412039168894199,0.043954117599202876,0.10548909415823612,0.036723867541975624,0.10371894482367362,0.14760889282269424,0.1884255970327889,51,False
178,0.06596574294452057,0.15991748186739316,0.11143475035895832,0.054287059209026545,0.04933478483279411,0.09037293470018472,0.04612566227445015,0.09251072370212274,0.1532786611814233,0.17677219892912638,99,True
179,0.03331761129526605,0.13077188016642635,0.10578746962084556,0.07905177304637136,0.033551598824554885,0.11316982668312252,0.04774012744615457,0.10007756648077368,0.1742753923536383,0.18225675408284683,97,False
180,0.0598078063709993,0.16346857968069334,0.10382379169182106,0.04764598531013769,0.04753111981135338,0.10762367137933132,0.024244702222147776,0.08932684012461702,0.16231069505250867,0.19421680835639046,51,False
181,0.03197188386204591,0.15190455982693218,0.09843358367199857,0.06777056265034513,0.04430277858395968,0.10710640166713638,0.03301044563230686,0.09364201581715204,0.1717578401299763,0.200099928158147,104,False
182,0.0964157230321676,0.11895761860970355,0.08033791942567317,0.10556962689711587,0.024404940198370653,0.08153023618588831,0.01582439610469399,0.08922605197518954,0.15779487450399587,0.22993861306720143,9,False
183,0.05955021418180187,0.1697353939750291,0.08160623720850572,0.048243874117561085,0.030018657488527712,0.12078405567609383,0.03702340452582617,0.09228992487497173,0.1647680795885815,0.19598015836310126,51,False
184,0.04225920587011881,0.17678968136551698,0.09454471505323091,0.0698315523528296,0.030212730957055827,0.09963842092562773,0.04514736200959542,0.08819970456113493,0.139282346265529,0.21409428063936084,51,False
185,0.028178480735285637,0.17438535723350393,0.10144893051643057,0.06535722449414598,0.03656548312248176,0.10074578137275168,0.024687304577856485,0.09308338341470625,0.1825938434983325,0.19295421103450514,51,False
186,0.025836417624997346,0.20267286428496528,0.08651728789050035,0.06379593698606988,0.006312835690151037,0.11413373113557965,0.04732500764008086,0.10258873476175467,0.17713610410922875,0.17368107987667208,121,False
187,0.07395427559591213,0.15863070559076908,0.11131040155483166,0.05558277483897117,0.019355878028100917,0.08834654025291179,0.044846003905703154,0.08815753077226367,0.16560497176455113,0.19421091769598522,99,False
