ID,strat_res0,strat_res1,strat_res2,strat_res3,strat_res4,strat_res5,strat_res6,strat_res7,strat_res8,strat_res9,ancestor,alive_at_end
0,0.08837458190802376,0.07687408341730415,0.06316567199732082,0.29513045783546077,0.06562124182757302,0.0667072959107959,0.03232365158004124,0.13528359665914572,0.07999971375050938,0.0965197051138253,0,False
1,0.10053149356371405,0.08159979172276409,0.06027432540961241,0.2947723198501746,0.05866126746465321,0.07711409190432167,0.03029939541906683,0.13468122388773346,0.07600516040752545,0.08606093037043429,0,False
2,0.08475163579430356,0.07313532338741661,0.05206532866922242,0.3077132736518733,0.07036506613357821,0.06634791481189008,0.03671561288575917,0.1452438130780642,0.06888534143889018,0.09477669014900222,0,False
3,0.10309196002241018,0.09749514386019081,0.05511051031327794,0.2944170722732938,0.06642767796163862,0.05646771621809079,0.027082060171535794,0.1400930543511658,0.06182436847047458,0.09799043635792148,0,False
4,0.11668141544822369,0.08393683327738408,0.061957829094377866,0.2803762324869366,0.06324050335678039,0.07033065104038284,0.011737432872517385,0.1490683766540189,0.06898752748096222,0.09368319828841615,3,False
5,0.08690806988287846,0.07002155191109985,0.07117131483306396,0.29846561391272025,0.07337171452702529,0.08322490537717171,0.015959397864716136,0.14200218328100167,0.064024809913676,0.0948504384966467,0,False
6,0.09241640300056142,0.08946441269092657,0.07137265507240834,0.3048011837321063,0.049231444197926966,0.07523817787814055,0.02304336434741364,0.140871776227582,0.07573366536038623,0.07782691749254796,1,False
7,0.10827639753086961,0.08073888315510538,0.06008645347015783,0.2694085655542336,0.05115668616047135,0.07170573011758072,0.015818917852173767,0.15603806016520616,0.0747602426735436,0.11201006332065803,4,False
8,0.12539516368171,0.08720183479343589,0.04734305911550955,0.2652768612684957,0.05640455405671732,0.08841221427931838,0.018128019265724004,0.15315580132600923,0.0647723607376542,0.09391013147542572,4,False
9,0.10458642264945972,0.08451791136285977,0.051226913550577145,0.28701272975224645,0.05524388421251202,0.0670829339777064,0.02563155371435549,0.15582017864194012,0.06333813200539219,0.10553934013295072,3,False
10,0.08861436177605371,0.090031935432123,0.04905340925706446,0.2793302403224038,0.08432702540915801,0.08064129368902297,0.022886580797140208,0.1288306373505749,0.07435175075510006,0.10193276521135879,0,False
11,0.06997826617377892,0.0804145846760072,0.06384031025830908,0.29460528917347084,0.07203407204212538,0.07132490428748726,0.0304328152428223,0.1360379777319334,0.07979513909790587,0.10153664131615978,0,False
12,0.0977634942384683,0.0668672773858316,0.05363946793768329,0.31383738103884096,0.07708134846061394,0.05578492927055181,0.018405378549814517,0.13755201636481054,0.07894054528791267,0.10012816146547251,2,False
13,0.06956462520784716,0.065963669483154,0.04843513010825406,0.30788414492836824,0.07956299534163172,0.06467397705378106,0.02836235479351896,0.13985948344604532,0.08593453698725473,0.10975908265014474,0,False
14,0.10596785042187605,0.072032907226696,0.07378485696256769,0.287319996601195,0.06208351459777281,0.08918693037588525,0.013259397916434983,0.13532808296648363,0.0801497884645567,0.08088667446653193,1,False
15,0.091288988092286,0.06822690333233802,0.07220730186634475,0.31550453367656967,0.05233592568172976,0.07519920670811059,0.024823532436715815,0.1354008098513845,0.07838529522276869,0.08662750313175213,1,False
16,0.08759349250626026,0.09194716790863873,0.06160853143487556,0.29534407925009515,0.050630585927176945,0.07598509983780923,0.028499537819898255,0.13284423449471305,0.07877582838971067,0.09677144243082211,1,False
17,0.09268782419561175,0.07059170807179839,0.05902934383011282,0.2919907689774625,0.06338328621165519,0.0823254065110709,0.026319834048584945,0.13877713426721935,0.07247381791880594,0.10242087596767821,0,False
18,0.11277172454358715,0.09185412528757805,0.056734949137509025,0.28183692496255536,0.05830482372935649,0.06776469032741031,0.028437187522204675,0.1261397367722676,0.07084139671868864,0.1053144409988427,1,False
19,0.1168677816298265,0.09455176241185702,0.06680812790055166,0.29601684597553113,0.056046425256083714,0.04616692531735377,0.03135786604223341,0.14279627939951925,0.048299365433586545,0.101088620633457,3,False
20,0.10449146675843247,0.10729579074541126,0.06202985753679401,0.29234298855890317,0.058088598676200615,0.05561352232887915,0.015547891960260863,0.1314181178945051,0.06671990963590642,0.1064518559047069,3,False
21,0.10344241713373671,0.08609977193670114,0.06506886660978461,0.2763330144977137,0.06908986262927035,0.07794346741941906,0.0373221790006899,0.12138901435142689,0.08806015721374862,0.07525124920750903,0,False
22,0.08267441647937634,0.06851672806366876,0.06109264342707036,0.286343628846557,0.0731565669034609,0.06628155646490792,0.03586913046707349,0.13383762319274592,0.08688863656380146,0.10533906959133812,0,False
23,0.08953168213562257,0.07848242900302281,0.056452838908393144,0.30041624344871265,0.0674173225307333,0.06084415006277897,0.029228454256911347,0.15211724703964688,0.07378771572046698,0.09172191689371122,2,False
24,0.08892512840717177,0.06374635090138411,0.07222508413686526,0.3112082111743586,0.07919994591684819,0.07681795752168813,0.007015689439649391,0.15854824908773413,0.06808854362066563,0.07422483979363474,5,False
25,0.10981419596866189,0.07801353350042044,0.05744163053897643,0.2787345651445546,0.06993758992571938,0.055225475284769156,0.018120028270124152,0.1548392621379268,0.0769680081372358,0.10090571109161141,4,False
26,0.08021155801651128,0.07676111660010196,0.04083947171007258,0.314176766354288,0.07500973664179947,0.07662782254350121,0.03758304731173661,0.14811773312119605,0.0515897702968852,0.09908297740390765,2,False
27,0.12208670420399177,0.07841455497259542,0.05345774090021476,0.2911787693020583,0.06853210999417074,0.048349839507276476,0.029780761122472757,0.15048977999996288,0.06501305131362463,0.09269668868363212,3,False
28,0.11487401309715235,0.09040087054814921,0.053719689750380724,0.27683404220244107,0.05924225170434953,0.07188232459224378,0.024155914124392545,0.1302602133026623,0.08588567332285969,0.09274500735536866,1,False
29,0.07517139841277262,0.07418901609732277,0.06841682019457407,0.30502755726765846,0.07149546324002179,0.08482475032231525,0.02360858108176392,0.1523870390048944,0.05353011796377415,0.09134925641490252,5,False
30,0.07807230350731409,0.07743561684475332,0.06694028087947149,0.28604919875396173,0.06825823133077678,0.07988947788590263,0.042585112981342606,0.14325637390504148,0.0694676344056056,0.08804576950583021,2,False
31,0.1129704518034975,0.08304056426480423,0.04300861209368713,0.29541952552174866,0.06600246878002716,0.06042810043753513,0.03830169681571121,0.13877152517996297,0.06552052477376785,0.09653653032925816,3,False
32,0.10832768637644156,0.0852552976467379,0.06483141407769971,0.2811603183524084,0.04301985040587702,0.07727731717400614,0.04270892768923226,0.13985210060479186,0.06386745931727901,0.09369962835552621,1,False
33,0.08860826334620177,0.08935121744621949,0.06030970121274506,0.3031499683556408,0.06004640742883351,0.07473113804415436,0.02996648744284872,0.13415082498800301,0.06932753610159753,0.09035845563375566,0,False
34,0.12220410381039658,0.0782896275369677,0.06853458852073693,0.27250740664882267,0.05707368799360695,0.07586107093761278,0.015864280169934575,0.1563980119924218,0.06531987229810156,0.08794735009139848,4,False
35,0.10797823472946501,0.06755127381201818,0.054518512539868474,0.3054084581833792,0.046105123404907564,0.0790393364714793,0.04459959958831297,0.1315476116904063,0.07922701394044053,0.0840248356397226,1,False
36,0.0912116777744667,0.09503544257863146,0.06749866259201388,0.28421018823392474,0.05822764689001423,0.07191356119372812,0.022854703452400368,0.14220722816092704,0.09037428014177074,0.07646660898212271,1,False
37,0.09014446460374619,0.07229554245612167,0.0658427769827363,0.295139306952657,0.04112833082707066,0.08700157257478269,0.02673917034044808,0.16304178736877253,0.09608864886887862,0.0625783990247861,1,False
38,0.07647103371318154,0.0694020317566869,0.031239535957891328,0.3153716478099666,0.069374927031691,0.08831289544759734,0.0363729325947085,0.14131016873485583,0.06929867150114971,0.10284615545227127,2,False
39,0.10098826429922289,0.0790215244720794,0.06192684066607033,0.2930867544249443,0.04109323550923271,0.08500766702690701,0.026497321072820875,0.16547089985613783,0.05438512912282711,0.09252236354975764,32,False
40,0.08490650767668462,0.10903242889123874,0.06173488874209762,0.2984164769373597,0.05968486319080891,0.051408278708612073,0.029304642931383733,0.14250788488643873,0.056769900059962186,0.10623412797541365,3,False
41,0.09141220021596026,0.08948673871999235,0.06006905190826161,0.29542368381702444,0.062563129988602,0.053946226179845506,0.03303779335349491,0.13732509977693952,0.07375372976351618,0.1029823462763633,3,False
42,0.09003434832228137,0.06118252059194553,0.06356576511566041,0.2948053242684324,0.07210714217764382,0.04635809707447405,0.04927745399107837,0.14337132956468115,0.0646683728367198,0.11462964605708298,2,True
43,0.07631082586218615,0.08105498636840816,0.044427015552694765,0.32936441657651533,0.09122200539497667,0.05832362021678858,0.028545627700302518,0.14721694760759343,0.07033297184188426,0.07320158287865004,2,False
44,0.08883114134608736,0.07285934319572578,0.07150556538479831,0.2978161287071002,0.07627384302582407,0.08282089149586147,0.0,0.14569372731531058,0.07298817990212211,0.0912111796271699,5,False
45,0.08934147300344485,0.0717005079335781,0.049699809607594014,0.2890111537743358,0.06784526555440917,0.0712824381190807,0.05237450067910842,0.14566873675519618,0.07547016545452047,0.08760594911873237,2,True
46,0.10204108611044432,0.08336601400042133,0.07527253550130679,0.2614076082894722,0.04410984509069032,0.07280906986966701,0.01974748161693211,0.16535606128546362,0.06166090678770111,0.11422939144790129,7,False
47,0.07881369577328322,0.08866915744191657,0.05189988863983032,0.2782257574250363,0.07137374537111986,0.07802040770998793,0.041019589066530686,0.12829910408756726,0.091329514751714,0.0923491397330139,0,False
48,0.08942560268631852,0.069700730076104,0.04916274832780718,0.3035050625145689,0.08577870736863424,0.05943758274018279,0.02019216422454224,0.14349866857298416,0.07741995781812273,0.10187877567073537,2,False
49,0.09634291284937598,0.08441614395001819,0.054925631512541304,0.313124636561776,0.07998465961594294,0.049887372086718874,0.026651114806729354,0.14841665105732407,0.061577859320955906,0.08467301823861731,3,False
50,0.10024353491459567,0.06822789997190461,0.06251077341896387,0.2968531852658483,0.057760835615753854,0.06793693146114149,0.037762821877127255,0.13206311448012012,0.08377914749358034,0.0928617555009646,1,False
51,0.08762297050703993,0.07231580222288995,0.023596677896868017,0.33392918673371563,0.08856767733629332,0.07364719284543322,0.03278952464645173,0.15746736274263157,0.05367870100322612,0.07638490406545044,2,False
52,0.08435081867443467,0.08503635685844213,0.06470447371440032,0.30036670490935924,0.05583854534299918,0.05445463832375103,0.013872430616027885,0.13229408776503335,0.10196375386497998,0.10711818993057216,0,False
53,0.11388385414987083,0.09476193183414584,0.06235058438211012,0.29584640300787063,0.07195355182576875,0.04415674520062023,0.018427751292220178,0.15898007849655024,0.046364974019130124,0.09327412579171308,3,False
54,0.11011907461638572,0.105078281857135,0.06438848367841028,0.2872936710297818,0.06045255504260192,0.06386037817386131,0.020664605564686172,0.1468973682502897,0.06059617714096191,0.08064940464588621,3,False
55,0.07935558488367635,0.07848870541644526,0.06286809222798224,0.285775271383684,0.0664747088528494,0.07654301613804043,0.04382063196421874,0.14578728932238813,0.07536186972219168,0.08552483008852392,0,False
56,0.10438489364152317,0.07411892885328537,0.05046042452924501,0.3163597176425295,0.059905289484040725,0.05187957784000133,0.0382651487604698,0.1494853803646679,0.06780203531225251,0.08733860357198474,1,False
57,0.07916976363750619,0.0838430047141703,0.06968873527342502,0.28367684250965114,0.05996583012886495,0.05785331783809919,0.04027303192844513,0.1453063109461931,0.07895913341852132,0.10126402960512379,0,False
58,0.11253980955909253,0.0579440851437119,0.07291039512889438,0.28577583683448493,0.06972980143065517,0.06017738805438537,0.040387387181151035,0.12701952670712377,0.07012773183481023,0.1033880381256906,2,False
59,0.07752287167834694,0.0781795589535207,0.06697339271707699,0.31370617979083326,0.066294578784048,0.07587847004939978,0.028125489341386818,0.1314988115937594,0.07895858214383362,0.08286206494779463,0,False
60,0.06801694095362232,0.07907361293777025,0.05346572207781563,0.3022794577337228,0.050812692273392204,0.057562329416698664,0.04165814388712905,0.14184479404468128,0.09285787003185109,0.11242843664331681,0,False
61,0.10383560588457705,0.09650801159041439,0.058733306736285844,0.309606838278494,0.06982432567580353,0.049643478019320224,0.024431829351573352,0.1282887379138111,0.06784552917787703,0.09128233737184342,3,False
62,0.09972807535159135,0.07820838554976166,0.07125974358171763,0.28121087079105717,0.05611404027038418,0.07730896808006492,0.04332221868374017,0.13374271120291864,0.09707212515168781,0.062032861337076535,1,False
63,0.06303749793896103,0.07155135647596338,0.057492301300417104,0.3014892858268146,0.0808010107024201,0.07599592273644427,0.03937599928536762,0.14127647020071551,0.0800865396709361,0.08889361586196036,2,False
64,0.11493199333578281,0.08534289382953919,0.06305596505033514,0.3197351057099358,0.08380915549016427,0.06941795220764188,0.011810250788056613,0.11549640819214045,0.07606951819130753,0.06033075720509637,1,False
65,0.09866722464901408,0.09524122315952586,0.06214517244496194,0.2739478501954353,0.06926625766158236,0.07750075830076264,0.028253472381175516,0.1400503667464479,0.07655563436820191,0.07837204009289238,1,False
66,0.09261281963269598,0.07205920143482726,0.05903631616100798,0.3107901279865393,0.06364451786136989,0.07067808216512499,0.04225632544073547,0.12201104377830409,0.06782920583666364,0.09908235970273144,0,False
67,0.0912817063197131,0.07974350290940528,0.05731744258476268,0.2880139655979727,0.06533375759668367,0.07687348455655761,0.025559906769664013,0.13799503680663094,0.09391614572091436,0.0839650511376955,1,False
68,0.09986866494084043,0.08649373038337026,0.04341109638587557,0.29252139427894697,0.053539134688931345,0.08254488926268261,0.03515761170880872,0.14349890039219718,0.08569060092679825,0.07727397703154858,1,False
69,0.0779694579495796,0.08042694590083516,0.0620412362707647,0.28970724023120187,0.0724182863831763,0.06938495307928717,0.03557581236731892,0.13681555817325028,0.07365375062887114,0.10200675901571486,0,False
70,0.07165980777550719,0.0800991624212626,0.05602328751171646,0.32070528148304794,0.06543475738885769,0.069382032793437,0.029154630177260627,0.14019146415583697,0.06604726215928614,0.10130231413378725,2,False
71,0.09001453911099849,0.08363673626352829,0.055163279120385246,0.3046379570718238,0.05772443614298404,0.08890693467692924,0.03235624416955046,0.13946969757399905,0.06552146374634955,0.082568712123452,1,False
72,0.09314448105673233,0.0657612388199599,0.04908191165504557,0.31735216099521124,0.06577453956022514,0.060213170264562736,0.03457335296408252,0.14120695261256155,0.06782447034861289,0.1050677217230061,0,False
73,0.08512840767907028,0.06470295966438996,0.03416028355996601,0.3070480860290387,0.06592230017850281,0.06977742264599533,0.02002899319097752,0.156340253193205,0.08571631052769262,0.11117498333116184,2,False
74,0.08502910799335005,0.09426202989431003,0.0634305058412761,0.276175226827065,0.06337058608525216,0.05905243666868005,0.0418332633313962,0.14678165663860682,0.08053403024674538,0.0895311564733182,0,False
75,0.09198523094533788,0.08060179454599355,0.07584586537804373,0.2978344366587555,0.075911333365625,0.0625516209706016,0.034627184623198005,0.11668105254313024,0.0708282873341986,0.0931331936351159,1,False
76,0.08776696755973191,0.06883142292501533,0.0612323408324394,0.29891602063877604,0.08300210260686296,0.06033883204678747,0.03092844007009088,0.14239672833233835,0.06561208879490442,0.10097505619305318,2,False
77,0.1059584403551062,0.09412966125621208,0.05834375742877895,0.2804057306118384,0.06088320155140783,0.04958995964937139,0.026090481895508263,0.13611327922687513,0.07713877518838529,0.1113467128365164,3,False
78,0.08348462322972408,0.07463696484673424,0.0694622103703231,0.3120672300646733,0.07830693914915068,0.05565672123390436,0.037113134365029866,0.13994186391477037,0.05896701107455852,0.09036330175113151,2,False
79,0.08885300629325636,0.07820645405194086,0.06685599565508311,0.29632317280855996,0.08987266275203468,0.05353804616934622,0.03314307425854723,0.13550742902636048,0.06366463201642543,0.09403552696844564,2,False
80,0.09565016499679387,0.08295870212428574,0.05060585965401284,0.288670710016273,0.06922783970606863,0.07474442729929548,0.04485812561362762,0.13513203742851362,0.07320698993755786,0.08494514322357123,1,False
81,0.08124544009352401,0.07216554050214855,0.05810179307339707,0.30006863150692853,0.0678794094999126,0.07658543442515241,0.030461862540432573,0.12479281808377923,0.0752525749262209,0.11344649534850425,2,False
82,0.09134570385600604,0.08531695073210839,0.053973265444686926,0.2795981300202796,0.0750988470835412,0.0630870966990045,0.04485752047396297,0.14432801632912198,0.0745476770485773,0.0878467923127109,2,False
83,0.090089897407958,0.0807908960717609,0.05577033097470165,0.3069914119316506,0.06611914258632101,0.06247687087016293,0.032193719897302644,0.1466503205166264,0.054461418690268194,0.10445599105324763,2,False
84,0.09717694938451495,0.08500793501234069,0.05924291228937716,0.2961462308031537,0.0578103718995541,0.07205048122758759,0.031692765261292374,0.14909775267998077,0.0696805391416078,0.08209406230059095,1,False
85,0.10160797865699779,0.0720562459923421,0.037279979106515586,0.3141542487835964,0.06115100661982246,0.082935036970452,0.04598126829885475,0.1470411700567496,0.05222437687015724,0.08556868864451214,2,False
86,0.07424728359807896,0.07371504566740816,0.06425642834975497,0.2948783146758672,0.06413023769596209,0.07344499953054964,0.04020342867510912,0.15676103024471383,0.06650205536881985,0.09186117619373621,2,False
87,0.07223364247596063,0.07232125986446579,0.06021627097978576,0.3155042975436186,0.061634781962177795,0.06872699104795103,0.040577972297427316,0.1389891994358118,0.06409175466475128,0.10570382972805002,2,False
88,0.1173142231418838,0.07936369314836415,0.07253961784574679,0.3117622270596857,0.04721357393472497,0.08234227331009508,0.009058366777603783,0.13214803640947537,0.05980943734598185,0.08844855102643838,1,False
89,0.08177978215167181,0.0895156487727123,0.05971164633654159,0.29307117149841816,0.05202075506605948,0.05162493488439032,0.03074919191004933,0.15033207947794938,0.0910153666336894,0.10017942326851821,0,False
90,0.07375953572441461,0.08377397388246037,0.0538818709562224,0.30173251696447906,0.07432211018724896,0.0746408880046208,0.04074327149418213,0.13837785041424855,0.06485272146499599,0.09391526090712732,2,False
91,0.0905771447270361,0.0760954251391171,0.06763581002307348,0.28522816096490405,0.0686868005225125,0.06233609986158809,0.018053759816781065,0.13213809368330934,0.09036139148926949,0.10888731377240882,0,False
92,0.08910336512532607,0.07861133520006128,0.05099607839402037,0.28744239210579725,0.07610354078015255,0.06552832953006561,0.03989365227570694,0.1446742364866342,0.073413262494706,0.09423380760752957,0,False
93,0.08555891941319665,0.0641424906828244,0.048578921061688825,0.3019026284251501,0.0853329038859845,0.08022411363443402,0.04253607185766801,0.14111350334171877,0.05376814046369018,0.09684230723364462,2,False
94,0.09791253073648319,0.08236380214264141,0.04743466629123079,0.30472451004917567,0.053040851495604474,0.08392959787009484,0.0330126578322046,0.14928713491104703,0.07868064617022306,0.06961360250129506,1,False
95,0.09100522256285183,0.06539599083342171,0.06099821964250568,0.3063465968082907,0.09009637858463533,0.049605900541863514,0.009182922744333586,0.1384662233805164,0.08137115968922638,0.1075313852123548,0,False
96,0.08061088688490271,0.06796216820193339,0.05211910363798467,0.29851640093945747,0.06692549641640072,0.07603112813124242,0.0443077811241145,0.14347222791503433,0.07886242984052974,0.09119237690840001,0,False
97,0.11612360635832208,0.06887228834081918,0.04965714768537563,0.30517253526022337,0.055578424971202724,0.06965278549755204,0.016918893258966665,0.13751397068314558,0.08363501169600294,0.09687533624838986,1,False
98,0.0956291972341964,0.08325784701093786,0.03766531619790052,0.2906373265964849,0.06514319136030444,0.07090778059925933,0.03861172089452639,0.147015409585113,0.08893376989828836,0.0821984406229889,1,False
99,0.10832081507356384,0.0950130653516154,0.043128438902181,0.3010192233486637,0.06339842985908156,0.048027812047957114,0.03603478381371182,0.1463990207850287,0.06760464926957035,0.09105376154862638,3,False
100,0.0771983305668358,0.07229990021228185,0.056247894226394694,0.3209840205805759,0.07624592280314006,0.06936275956447407,0.018737787641206063,0.1357085375339247,0.06904893840350222,0.10416590846766456,2,False
101,0.08470955833568683,0.07151507856862196,0.06867482890103105,0.30086922263993804,0.06629715971072893,0.07187864246708621,0.03040090285055263,0.12929360900839626,0.07974574890928651,0.09661524860867161,0,False
102,0.08747634574556441,0.07737622185545694,0.045769673742085584,0.29715022980967853,0.08552017100060898,0.06054380276423994,0.03229216693895654,0.1421475384868966,0.07906190247609193,0.09266194718042056,0,False
103,0.0991695249662305,0.07398898747356952,0.06711252727776307,0.3100968528914238,0.06768035779246111,0.0646674761000432,0.03232390760606836,0.13627351586654077,0.05408910664228978,0.09459774338360984,0,False
104,0.08125766335333992,0.08169422289041105,0.04174398529622894,0.31847076791198786,0.0706617027905621,0.07654782022902588,0.025059283395653834,0.12569460002657218,0.06388986430362424,0.11498008980259403,2,False
105,0.09283178326362196,0.08824772292820281,0.08417489747756216,0.30579411962441794,0.053696170831435616,0.07518777517796046,0.03506334215610217,0.11962456722914257,0.06683091398082153,0.07854870733073276,0,False
106,0.11547397937934904,0.08753161788557294,0.06520119951862989,0.29368183949968757,0.04692103137996244,0.07641860475340104,0.031348763350270634,0.1273653470798019,0.07484407958605023,0.08121353756727413,1,False
107,0.08828864627110843,0.07412829947707533,0.07628757595330271,0.3072860814101047,0.04845008178940404,0.06906311634559599,0.010156746139054618,0.15626942191229287,0.07842640990721586,0.09164362079484552,0,False
108,0.07897555229194057,0.06505036812675208,0.05273252173005893,0.29531834169191573,0.06731814271743619,0.07218980360776199,0.03409476007755396,0.1508824469497516,0.06847028180250403,0.11496778100432505,2,False
109,0.09527896012219626,0.07883974573194592,0.07784911667509684,0.28988171069658925,0.05909146524233801,0.04246573186449755,0.04711963180628842,0.12870212133485023,0.07596793696857805,0.10480357955761957,42,True
110,0.08199889702860608,0.06987919877497076,0.06499601429860759,0.2904229369946884,0.07783717538595876,0.07001243169277116,0.035841261190072124,0.13716869410719273,0.06681044231665104,0.10503294821048156,2,False
111,0.0698438974933579,0.07161045979910424,0.05371468232733465,0.3127785620926578,0.07752101720340256,0.0680365939971899,0.031015133535198813,0.13039472706499,0.08126520523178164,0.10381972125498254,2,False
112,0.10818975471672544,0.07874083959426982,0.06024803206197464,0.29379975265300895,0.0562324686417254,0.07992809699150075,0.026009153364028557,0.1233187191152098,0.08014185577403327,0.09339132708752328,1,False
113,0.0909406487622332,0.07619742319735205,0.05402790480390891,0.30849492970959175,0.05869861007840817,0.07762716442143208,0.03866327096806372,0.15412298868078558,0.04537200695801707,0.09585505242020727,2,False
114,0.09128046029443425,0.06420380963578459,0.05111767780513745,0.32118727170355865,0.06511406809939592,0.05945787565402285,0.04358309427852749,0.12779265805157286,0.07383393449401318,0.10242914998355289,2,False
115,0.09228770525137667,0.0951762303380324,0.061579926491188035,0.29812767517735095,0.05523630862570743,0.06717292885513929,0.03110925791184284,0.12394865758254608,0.07797445154062874,0.09738685822618759,0,False
116,0.09049615433089775,0.06639887223682067,0.04977201681056388,0.30495681461481444,0.058829564163741334,0.07540628678222236,0.04310049272296825,0.12486012519289831,0.06704601716742403,0.11913365597764908,0,False
117,0.08998408142624097,0.07665234998149073,0.06776870575954211,0.27581228479159875,0.08386220843990355,0.06616448322578444,0.03903892152430299,0.14290586098439492,0.06700308705079523,0.09080801681594634,2,False
118,0.09183608070644998,0.08263668932505985,0.0674945156351024,0.2916088591734106,0.07545806883453123,0.07148552368014296,0.027282386184073883,0.129567688170512,0.0754187395581198,0.08721144873259741,0,False
119,0.08113488134259629,0.06232765896928652,0.026682318519347607,0.33856945672607575,0.05856924104766523,0.05856779678036101,0.05231860684394727,0.14672955695043594,0.08089287318418535,0.09420760963609913,2,False
120,0.08850239482331689,0.07228217692612116,0.0596435026556465,0.29572018980644543,0.08654712407558372,0.07029447453653674,0.031509587204856256,0.14632022923505017,0.06547812569703197,0.08370219503941098,2,False
121,0.08901889011410291,0.08062121728892878,0.06517651130760482,0.3045523455243425,0.045629663807238874,0.09534074674001405,0.02486093850218485,0.14893732964831663,0.06556598132259998,0.08029637574466651,1,False
122,0.11101062400245759,0.0932744477432685,0.047603827956100034,0.3064129772269658,0.06755205175290642,0.0728459852969703,0.037273194122442954,0.13006746762614402,0.06647100640243309,0.06748841787031121,1,False
123,0.09873618764611537,0.09818140211198136,0.05553867843103181,0.2899656136465243,0.053016168578202474,0.07539021558998481,0.04963527370067036,0.1218555314196183,0.07470952783485614,0.0829714010410151,1,False
124,0.08787225393300126,0.08036255052547835,0.040340199708835525,0.3168257694066243,0.057925436112161735,0.06571951960630407,0.053659789306679674,0.1313146409997417,0.06596868418112345,0.10001115622004993,2,False
125,0.09519958354749489,0.0654967690693684,0.049726361270187945,0.3048876910138681,0.07704107438991084,0.06455948262039635,0.028431436771331003,0.16107879631519992,0.05985336803576982,0.09372543696647267,2,False
126,0.08928101364997762,0.05610695372930558,0.08406365856394717,0.3143148106261699,0.0626955401374192,0.06417849578856795,0.016550250313130815,0.14418655063520316,0.06808048987344059,0.10054223668283792,0,False
127,0.10425142774907642,0.06510856742278749,0.05622948157176865,0.31869287855903533,0.06483117220036384,0.06453353670893237,0.012800118128617703,0.13829618896347776,0.08771928673917458,0.08753734195676574,0,False
128,0.09074980830923643,0.06730391215791826,0.07801368191031767,0.28418213277373283,0.06024037192393656,0.07183490014113299,0.04129297243749375,0.11016809576451482,0.11040925226548194,0.08580487231623478,0,False
129,0.08968366303468138,0.07110893896629358,0.05858330639669797,0.29822676083084465,0.06859684891933913,0.06829320868365354,0.05963377949862865,0.13121122803176774,0.06185037820767487,0.09281188743041857,2,True
130,0.05916633545538502,0.07483160213938686,0.0653603154455775,0.32011994037849945,0.07451646752623335,0.057997597901305424,0.01980594181650183,0.14737076739098412,0.07337224284603364,0.10745878910009296,2,False
131,0.09936322532121486,0.07227805671467306,0.05523243960702845,0.28556894095738217,0.06314124579238653,0.06723709118384302,0.03937207598552068,0.13446843240472645,0.07872649681128834,0.10461199522193644,0,False
132,0.08698687515857698,0.08111644087052793,0.06570337441457606,0.30654073749335925,0.07086013143606527,0.06444449634901411,0.045235134634820956,0.13323097893264715,0.07558201099365155,0.0702998197167608,1,False
133,0.09733497358780566,0.08524442046903188,0.0568832929333545,0.3130659045430693,0.04912938884268298,0.050485610206961115,0.04098488752417788,0.13974576548036985,0.06800525144881188,0.0991205049637348,0,False
134,0.09841913984363185,0.08882353503150361,0.05887466408368925,0.3047468917075057,0.07606677317874337,0.07722974370491627,0.010188361929413527,0.12929949983156652,0.07121463910688695,0.08513675158214296,1,False
135,0.08107958358280626,0.07041448937057358,0.08046496721256609,0.2854860383434719,0.06317867232144503,0.04458702495739155,0.04429347778689062,0.14578745614020266,0.07748537204099827,0.10722291824365399,0,False
136,0.07378461162472785,0.08776735533848785,0.04643594171016748,0.31774277083571295,0.07723216782188748,0.06224481308360928,0.030113679172517407,0.1480740520321868,0.05966996943387915,0.09693463894682362,2,False
137,0.0986089548963754,0.07551868349676578,0.04428948112661489,0.30340943678128135,0.06855797902035769,0.06791768275819558,0.02571146807353084,0.1339183869545378,0.07979532826405883,0.10227259862828184,2,False
138,0.09512847004701253,0.0623420878683832,0.0594832846711791,0.30325066770104203,0.06977678507098645,0.06057300845617601,0.036175512550519824,0.14950335061722286,0.07456106289066824,0.08920577012680966,0,False
139,0.0661647518168591,0.08766854620255643,0.03809287507631519,0.30236385933489474,0.08139071231999168,0.06232312326217103,0.04250507569913206,0.16367194029404683,0.059884507176516645,0.09593460881751631,2,False
140,0.08343779504647977,0.0748654870725717,0.07688601134924095,0.2925177902729367,0.06395412613515798,0.07421278197410572,0.036985490499136305,0.12367652239302024,0.08765901948067578,0.08580497577667488,0,False
141,0.07838263192790723,0.06671942823418738,0.05195448914738138,0.3037430809714623,0.06959547875627985,0.051903514237400104,0.04856840598390003,0.15895702172436707,0.08598919993458498,0.08418674908252971,2,False
142,0.08715009834902684,0.08919622528881607,0.06937060959419421,0.2915749568084639,0.05012544485802485,0.07498733898979648,0.050539497484445015,0.12433114207134954,0.07198145672493009,0.09074322983095309,1,True
143,0.06365203657185123,0.07879749700637156,0.0559634057100066,0.2886086910357081,0.08218725670837687,0.07118220505699238,0.02435120554677744,0.13701826146540966,0.10139278329692719,0.0968466576015791,0,False
144,0.0789926872985671,0.059027041398880806,0.06365994507301712,0.3135025697112711,0.06443688541779789,0.07220130843067873,0.01739451377122543,0.14955824862685257,0.09007867159693124,0.091148128674778,0,False
145,0.0726733624227015,0.09171958242707891,0.07869912935019736,0.28600314883972017,0.07393009954275395,0.06240849417963534,0.024764199365631786,0.14066413127413555,0.07947556983501272,0.08966228276313282,0,False
146,0.07447984558605455,0.08468448400375272,0.06908083620797632,0.27829851713833664,0.0764009942114684,0.07009942451631918,0.04505438278737197,0.1306852473316962,0.07690820598775809,0.09430806222926587,2,False
147,0.07479293193367653,0.06317771582218845,0.060128692056830614,0.29494737063168663,0.07149594903706484,0.08027658445768082,0.048078961838039586,0.13615477537605028,0.08015967678262165,0.09078734206416067,0,False
148,0.07446533740720793,0.06276732443467152,0.059338491629052435,0.3102289811581837,0.07101147658174607,0.0723312325743951,0.03768732524588693,0.1350069201081416,0.08160243877780614,0.09556047208290859,2,False
149,0.08636399594903008,0.08393098031458289,0.034230375254336955,0.3152444114967528,0.06815588602598692,0.06724311388428938,0.03380986868880699,0.1432212216727996,0.07011524349088216,0.09768490322253226,2,False
150,0.08859294500654162,0.07223928882416596,0.049864666804282226,0.2965689892277653,0.08088163305875945,0.05129993675164654,0.03651003265855931,0.14231402429561882,0.08236708257445717,0.09936140079820371,2,False
151,0.09316754487753129,0.08604256955485678,0.047343074020169046,0.3008789436958693,0.07695034943626762,0.06802935976895344,0.030551771782035945,0.1440322270238703,0.06042349929069593,0.09258066054975038,2,False
152,0.08169033030656447,0.0743571189114454,0.061695977140967605,0.3080914549176345,0.07133130108807892,0.07994125485806429,0.015622664793868056,0.1530018402956519,0.05898964726261071,0.0952784104251142,2,False
153,0.10421053756558644,0.06393057760542048,0.05598784754399598,0.3173342010689735,0.07139119277759813,0.032296510461012735,0.030101111846804394,0.14837946552306702,0.06088152171989602,0.11548703388764525,42,False
154,0.07751632860497124,0.07229530676989976,0.057399563463325254,0.30822309308962403,0.0802401826855707,0.0693858677045811,0.03979724111381781,0.11756538578457086,0.07118801483690798,0.1063890159467313,2,False
155,0.09631726825988678,0.07532111111915639,0.047346068138149226,0.2948443513802252,0.062354163197875054,0.06657220723361154,0.025853168093223383,0.13478589337449504,0.10088971499468215,0.09571605420869538,0,False
156,0.07121078656314234,0.07548679251830626,0.054258292803486756,0.2889208451324026,0.0693649129718673,0.05769056647230127,0.037604313918724507,0.1453192630817973,0.09378084242020181,0.10636338411776977,0,False
157,0.09879062496145534,0.08733508993310182,0.033791377963142855,0.3300043958992241,0.0572342437344515,0.05584778676991793,0.03055530913087116,0.1449683316053503,0.0653949647407522,0.09607787526173305,2,False
158,0.09062944301063518,0.07095552533306415,0.0424720132063758,0.30914913052456106,0.07953532366147151,0.05604129893675715,0.03626275955432591,0.15887353147871608,0.0643697895862412,0.09171118470785189,2,False
159,0.07941607303012867,0.07280603289504044,0.04049169732992632,0.30090628581783746,0.06660896414736292,0.07940190637092791,0.029353509881165425,0.15302852344633608,0.07524494109756114,0.10274206598371345,2,False
160,0.09312433796449776,0.07178532827111415,0.06308875372279173,0.2981446216272241,0.0694240659695842,0.06854785348334358,0.035060599186414194,0.141696873520057,0.06451362622011371,0.09461394003485961,2,False
161,0.08711889633601025,0.0694519229283453,0.04970479902263436,0.31034745750476356,0.06973483105593364,0.0489592446144279,0.026592098912599588,0.15781382420882842,0.09393753039733747,0.08633939501911939,2,False
162,0.08906943317260829,0.06484915865402145,0.0537126907451887,0.314032740034018,0.08071032562977569,0.05167980102245768,0.03792545991568384,0.14026789317058905,0.0731086718322553,0.09464382582340199,2,False
163,0.08657978929978172,0.06682697321465753,0.06429862018337279,0.30666319049625385,0.07999990338224473,0.07668894046247617,0.01990540238005228,0.13914846190979496,0.05882516381706085,0.10106355485430511,2,False
164,0.0908892954591388,0.08087788080234166,0.052407459936285455,0.2715802702612443,0.06777152407325748,0.07902020740168379,0.06923553904200555,0.14633837103824798,0.06521823984695391,0.076661212138841,45,True
165,0.08555238811485656,0.055443577018098565,0.05256620001240555,0.31835240221433964,0.06338544897950292,0.07989131751424262,0.05177849329026485,0.1391694249982679,0.06289184728025986,0.09096890057776148,2,False
166,0.09785089772595984,0.07515480367142142,0.035222160437552774,0.30440400717835003,0.06319776010167645,0.054347694331059106,0.03108085355940257,0.15274922061720783,0.09661102481028172,0.08938157756708835,2,False
167,0.07035793627832547,0.0765805887920442,0.046185081377996755,0.3088438611596641,0.07996444058209931,0.06197489512376693,0.04243801421018296,0.14919547567477304,0.07923710205991437,0.08522260474123271,2,False
168,0.10224183954815005,0.07509639575104002,0.06319597275654329,0.30044032614885974,0.0638705458784711,0.05168489283498309,0.05041796725556088,0.12772780525676228,0.07012605964639221,0.09519819492323733,0,False
169,0.08424341681806616,0.0764288085885388,0.05402310084255628,0.30013434045991083,0.0523125294978229,0.07152253175310111,0.028501244348074602,0.14570479619432075,0.05806451377417823,0.12906471772343034,2,False
170,0.0938893485227026,0.06482593216765949,0.06507338664048057,0.29290591291525403,0.08219625052171135,0.07341503514285491,0.037728995510163184,0.1282980535694777,0.06532293292793172,0.09634415208176435,2,False
171,0.07244179060922197,0.08274045788680669,0.06598705544178204,0.30226822780146617,0.06542604989436178,0.07030006576825304,0.02717689770092318,0.1394235789525187,0.06807795120717128,0.10615792473749505,0,False
172,0.07708491813387562,0.08508123499805013,0.06383237610382676,0.2890280991567845,0.058379732355736964,0.10068466183311969,0.028855075194729123,0.1312724878950271,0.06607272990253392,0.0997086844263162,30,False
173,0.0783755855048916,0.09213426506690944,0.07022468226001949,0.29950821183901133,0.07648415889598345,0.08496028690005505,0.02252840063372811,0.13392408024533586,0.061840158166329436,0.08002017048773624,30,False
174,0.07287814741461457,0.08503077382661108,0.05986700350630673,0.29205882236426667,0.06359624988890122,0.08197242222854738,0.03844246276440196,0.1382070554323249,0.08983275572187238,0.07811430685215302,55,False
175,0.08845897319990792,0.07528877455447448,0.038965063647102394,0.31344363231867534,0.06789187415959645,0.06009127641755781,0.0346647708349499,0.14386680667312535,0.08484151377143682,0.09248731442317355,2,False
176,0.08555921329692277,0.0778931973054176,0.07870836344722529,0.31141133610025035,0.07174321005443889,0.07087092637111592,0.04143558077273712,0.11460122207204942,0.07240762628412885,0.07536932429571373,0,False
177,0.08986388024467656,0.06438343183003163,0.07503147766802322,0.28309966626637156,0.07303092011825682,0.06739339662176835,0.03390922180704891,0.14860809359582128,0.08040592560499923,0.08427398624300254,55,False
178,0.09356167380826086,0.06391896552949869,0.048572383689163424,0.3065283858223228,0.08378979233947151,0.07209230248848406,0.022661449107339526,0.15278758954779725,0.07406309241085848,0.08202436525680354,2,False
179,0.10196888061106686,0.07159888424779258,0.05051680525166953,0.30901988369922057,0.05805347083956453,0.07635977806785384,0.04344790830970976,0.13414743444001026,0.06236473933862391,0.09252221519448822,2,False
180,0.0884362211233267,0.09454219307827935,0.04299114957763826,0.27596232273236276,0.07411955802274711,0.06982471699960796,0.047524264458577783,0.1387632205362351,0.08693908334782897,0.08089727012339606,82,False
181,0.09056669545459944,0.05468494759265775,0.0727284845208733,0.29919705370997646,0.07262405621343178,0.05585101574845737,0.055785019784484705,0.13458699227971366,0.05973363514276127,0.10424209955304446,42,True
182,0.086986823704678,0.06812879521449892,0.043399966907100525,0.3067266252146126,0.07447736705819055,0.06255702520074742,0.033423131869064135,0.15453006341845812,0.07008002746859693,0.09969017394405276,2,False
183,0.10028472590385389,0.08099293778647049,0.04981314276432216,0.32316021735378186,0.06470310299593125,0.0597310688861663,0.02941302355398235,0.14644551392915722,0.045388419048824874,0.10006784777750952,2,False
184,0.0732883963129629,0.07744771790149158,0.06336309354035523,0.3044311807160312,0.06628665552909165,0.07765201273522702,0.0474737623908774,0.14331733964931814,0.06285464859424783,0.0838851926303971,2,False
185,0.09263103775622739,0.06873599994320793,0.046158914042260316,0.2862978054074342,0.04918741744991384,0.07609373257983003,0.05821035487787285,0.15372057813339565,0.08796946462530696,0.08099469518455088,45,False
186,0.08206646789014996,0.0670335875293517,0.08124725809660027,0.31380380162002425,0.07371315617825665,0.06929937039519686,0.023317604328738858,0.1368569377997527,0.05599245353994993,0.09666936262197898,2,False
187,0.09860623398517405,0.05771851135408064,0.05743631770319357,0.30697520689330365,0.06968203691771577,0.0811367007513617,0.03287939152578649,0.13483250597328336,0.07738763855631797,0.08334545633978259,2,False
