ID,strat_res0,strat_res1,strat_res2,strat_res3,strat_res4,strat_res5,strat_res6,strat_res7,strat_res8,strat_res9,ancestor,alive_at_end
0,0.01842373282894434,0.06313343946168345,0.06919102009003372,0.005479609501124966,0.13457744551162595,0.12458768112467097,0.37879985789258563,0.03784297087101974,0.051988505994816296,0.1159757367234949,0,False
1,0.02389967554376481,0.0787946911130227,0.0706302622422968,0.003898922211369528,0.13253042490802042,0.12475571007090863,0.3744224451669206,0.043263683485055666,0.03568171887795869,0.11212246638068216,0,False
2,0.01859455026877332,0.08149966979102019,0.057661688326347126,0.010854819610458696,0.14897036475616093,0.11230945754921272,0.3700296073165332,0.032290335807356,0.05001141454090507,0.11777809203323283,1,False
3,0.02579500579660315,0.08544047240486016,0.057965147125741565,0.0,0.11908822481147184,0.11144157914421078,0.36954975352246594,0.06819444960924224,0.032892852046393056,0.12963251553901126,1,False
4,0.022991306707029514,0.0650796759179705,0.08237599726842329,0.0025469505610883304,0.14626203058503276,0.12936709275853808,0.3795813749679065,0.027841601092886026,0.038762870047670386,0.10519110009345464,1,False
5,0.028798017522658106,0.09277853945805732,0.05719807453482529,0.0,0.11945686442264782,0.12559099007956934,0.36962407550677373,0.04765761338865382,0.036000623598181195,0.12289520148863327,1,False
6,0.01709654760573834,0.08372806894492166,0.06446824097949447,0.0,0.13484016313452046,0.10749533185054176,0.3868864980223471,0.05160968780894147,0.04678571781247638,0.10708974384101823,1,False
7,0.011710119829800913,0.06709274592025749,0.060637549459134396,0.008873565748298283,0.14031709347452484,0.10694543566803755,0.3741940507555025,0.051047257862365525,0.062976157921038,0.1162060233610404,0,False
8,0.019713634402967205,0.062069401126195176,0.08272343063200532,0.00995682314436891,0.11739553518518193,0.12032093644609619,0.38588820434388854,0.04573938809227784,0.04489203278532136,0.11130061384169763,1,False
9,0.025238202582494342,0.06670959244815092,0.06495947548968646,0.009423358460842557,0.14186537778352531,0.1331773941601449,0.36152309762530094,0.03732873225686232,0.055803686959400994,0.10397108223359124,0,False
10,0.006171063702841731,0.0927931694768812,0.048286543320228165,0.00046172879009408955,0.12552987119756776,0.13133296259619248,0.3834417252248998,0.05618658460197808,0.04281867917006594,0.11297767191925075,5,False
11,0.0,0.09290438212158587,0.0612290663637842,0.008090800659348744,0.1244912588248013,0.1327620567645193,0.3714649637488153,0.04060135267780604,0.05723669607535576,0.1112194227639835,10,False
12,0.02067916137960386,0.06489231991908116,0.0768563162854326,0.0,0.13603968381049297,0.1334354544257302,0.37566447031880423,0.026732097250527637,0.055303468345954614,0.11039702826437273,0,False
13,0.02216698545115141,0.0703210901986448,0.06545539283113061,0.0,0.13190726747518264,0.0956837968857056,0.3808534993144309,0.08457525738857419,0.02236785600464744,0.12666885445053244,3,False
14,0.023874336163093056,0.08373559512594632,0.06599235133871426,0.011620373483370933,0.14582156627888898,0.1164020585965599,0.3723732336248454,0.04696526559647575,0.017575824876153067,0.11563939491595246,1,False
15,0.0036035841726598625,0.10720009927588647,0.03684241184773725,0.006255339026551501,0.11651648755757905,0.13025403385032427,0.38142132841048143,0.06373335751439041,0.03847356742885088,0.11569979091553886,10,False
16,0.02195741581761003,0.09525375514242032,0.059316302514228716,0.0,0.12567290931304373,0.13108170690841817,0.3561631033988551,0.04620735642732716,0.03742677988938282,0.12692067058871398,5,False
17,0.0,0.07276349099120463,0.04374709656726846,0.02192833575782025,0.13354512890793543,0.1468761806676943,0.40153440148787845,0.017335319110801137,0.05718553270350541,0.1050845138058921,0,False
18,0.02857493195742395,0.08221711972446728,0.06946019582834648,0.0,0.11036620727999917,0.12685917147102596,0.3780292225164783,0.05095613762639725,0.0312306151227958,0.12230639847306585,3,False
19,0.014526766646450761,0.06715181039731132,0.05516213667314904,0.0069630906125508285,0.15075797140191816,0.1170340014276105,0.37463736549818655,0.02167696276403549,0.05321805889954136,0.138871835679246,2,False
20,0.015283831131815107,0.0917527340333562,0.08305575921179156,0.021931059069650146,0.13635526433523185,0.10769703164471384,0.3536908045185157,0.035061891157518746,0.034786669094076565,0.1203849558033302,2,False
21,0.03132185166263961,0.09331048738238033,0.06934146506686392,0.001008330014040083,0.1222070536479467,0.12178370666820573,0.36873005778193557,0.03592675693864334,0.04151373067860271,0.11485656015874196,5,False
22,0.01056701652540398,0.07240052648636391,0.06826341083665034,0.0,0.13756424291536987,0.10282620356526405,0.365148666107548,0.06705417376574223,0.06214054686440031,0.11403521293325743,7,False
23,0.02578843189276966,0.09296094027129023,0.059456851481222525,0.0,0.10097435679294846,0.1144132624173336,0.3654512017675692,0.06341147124388798,0.04723322400426282,0.13031026012871558,3,False
24,0.023703268660788902,0.07024860607581647,0.0784228632457361,0.013133482950457666,0.10294561483019711,0.12094083559245059,0.3781781041283627,0.049245729249527054,0.047253950748730345,0.11592754451793304,8,False
25,0.017443903815215087,0.05145212920080925,0.07047138062267816,0.01045277925446571,0.11990929873336377,0.14232118621152431,0.3743249512338238,0.045976954710652676,0.058733615954830204,0.10891380026263711,0,False
26,0.03938292957591559,0.0830129817549304,0.061625329834217854,0.0,0.12313862195750862,0.1072159379356351,0.35787954303229563,0.06771314295698075,0.03050434407532822,0.12952716887718776,5,False
27,0.011528134528954818,0.0752164925645632,0.06295091409422308,0.001978790352257366,0.13270039546239568,0.1115487236430711,0.3580534271142971,0.07049342526380291,0.07091762653521548,0.1046120704412194,7,False
28,0.023791001982132,0.08607890855567832,0.07138994362139087,0.0,0.13064712458249117,0.12877403744783636,0.3644807767429753,0.044482701686016424,0.0290001554014509,0.12135534998002867,1,False
29,0.0022045093208752473,0.08703307777871029,0.05407357286990599,0.02492064829516933,0.1521209162938051,0.11823689407240895,0.37590939061531803,0.01418101033962045,0.052213747685980375,0.1191062327282061,2,False
30,0.01901248581753519,0.07519880565251626,0.08239526884612192,0.0,0.12168619699906673,0.11924893948524601,0.36946766421047983,0.05939883777567713,0.04338438467070758,0.11020741654264928,0,False
31,0.022137910828634675,0.1004828834331089,0.05077965634293698,0.011117618226603575,0.11596804584109796,0.09579280135938222,0.36616881196442463,0.07372478007134152,0.046486162308767454,0.11734132962370197,3,False
32,0.0020313007730284865,0.07574745876759113,0.05407306295738478,0.02739846142642889,0.16099427018132986,0.09453465704429354,0.4078946114657109,0.029982635242001593,0.034755246348730943,0.11258829579349984,2,False
33,0.028581551250710564,0.06371213208428864,0.058089470317558005,0.007145661290871339,0.1314549357341547,0.1395943467570487,0.3811460369132886,0.04009413310258661,0.03415795756146119,0.11602377498803175,0,False
34,0.00500995026619562,0.07624363856327093,0.0648129065107365,0.017055429117677837,0.14010050012257308,0.10954562419198828,0.374126549489913,0.02691335581991197,0.05048331034790213,0.13570873556983057,2,False
35,0.010986582630787332,0.05849889918217523,0.0883496362712835,0.0,0.12584157777304794,0.11391640371660484,0.3820493127991688,0.05304584877371231,0.039005812248257415,0.12830592660496254,8,False
36,0.02344293966662381,0.07650411629889832,0.062067811900440334,0.000176721963277524,0.1312095404868994,0.11706157553670335,0.3759569876617065,0.055752167138439536,0.04191700673178223,0.11591113261522905,1,False
37,0.012872708043957234,0.06138506168025146,0.06155605808159089,0.023952515182034752,0.12742081316959022,0.11401520426879017,0.37223084399296585,0.053022798392322656,0.07504414176109826,0.09849985542739849,7,False
38,0.010888586798011753,0.057847370849933244,0.09504338250533469,0.0004722618026439372,0.11024742334244353,0.11548305207316792,0.39938212571606485,0.06201703056463605,0.039785948286867094,0.10883281806089684,8,False
39,0.008343501313159698,0.07419976836877433,0.050225161373640415,0.026082620393331746,0.1653082265626776,0.12715384454728135,0.36528330746155246,0.011561996273400184,0.051260877408504636,0.12058069629767758,2,False
40,0.019159022437475824,0.06358793776218835,0.054235084788333617,0.00020759212462036935,0.13212375217740358,0.12456725938946817,0.3847689259849694,0.05079647071641201,0.04818606111743324,0.12236789350169551,0,False
41,0.020152066248793878,0.09742044703586417,0.045195603579869646,0.006396633970339949,0.14765615879101335,0.09515470786210835,0.38952641437160856,0.0453123579161813,0.05107836910658451,0.10210724111763624,2,False
42,0.028379479317754266,0.08816678797531727,0.05059402533724216,0.0,0.12529846619308854,0.1194643866543816,0.37998486849822877,0.03811492096995541,0.04264162267630278,0.12735544237772942,5,False
43,0.038645614478494905,0.06377236208080833,0.07847436014085611,1.7817507730664955e-05,0.13255819244340347,0.1149649553048114,0.3412834742048215,0.051106611484536296,0.0673285834203326,0.11184802893420474,9,False
44,0.029434528684519717,0.09988432888537006,0.07834174620248711,0.0,0.11621245344593686,0.1131287442572079,0.36231497383528116,0.033269152856099445,0.04202747166150064,0.125386600171597,5,False
45,0.01499311598643398,0.07284236347751878,0.06573322475915619,0.0,0.11678601010250765,0.12381889383055406,0.3733840873896428,0.04974701087254937,0.038740708764099255,0.14395458481753795,3,False
46,0.02691430979060552,0.06113490035382272,0.07420611794590763,0.0,0.13973978656529745,0.10405848678030546,0.35748481800909837,0.04885753022234591,0.07239619939455487,0.11520785093806209,7,False
47,0.018889962870804713,0.09253703491520804,0.06155202250033481,0.03273834403281015,0.14657072308277838,0.10686944041227223,0.353443102360222,0.025419142713416554,0.04516860705734221,0.11681162005481087,2,False
48,0.0132256431714311,0.07442887475247859,0.06209571444530627,0.01855394814738173,0.13790294179257828,0.1270056525429389,0.3609433652129886,0.053516271444034244,0.04262972311238709,0.1096978653784753,1,False
49,0.024732872617064285,0.10890382568422334,0.05619758540985788,0.013781449231407427,0.11757372480443616,0.1347478253284439,0.3524738608928082,0.038637146020666695,0.0370575436048494,0.11589416640624266,5,False
50,0.0234635490565419,0.08655888192639852,0.05228838715773168,0.0059400059951371514,0.12229319058847012,0.13377329041956715,0.37521341454929924,0.04279406171732613,0.033396685622798294,0.12427853296672979,5,False
51,0.015309548952308771,0.07839887726062435,0.07241021965872345,0.0,0.1277295599533278,0.09862402693199442,0.37912241214954584,0.06045044803861065,0.04680773619501641,0.12114717085984818,3,False
52,0.011648869109962089,0.06007529436107085,0.07538685816718879,0.007384275065091992,0.13535416316348592,0.1050420311023515,0.3905628620827228,0.05363676062593404,0.03962510497255435,0.12128378134963773,1,False
53,0.01907638723583958,0.07519483254046748,0.060765476656807337,0.009169506437121444,0.1330877524812503,0.14393547553021643,0.3523396430990071,0.05157668863864126,0.047617437858842156,0.10723679952180667,9,False
54,0.01757226389836316,0.07281069426197119,0.07875921511880206,0.015677523335180184,0.11980627714812007,0.12856746434710395,0.37123826056688547,0.03720054302309638,0.04353355104466525,0.1148342072558122,0,False
55,0.029122401554227538,0.06801167216513866,0.06211833441802632,0.014840791555698715,0.1397711498756732,0.13670096638286075,0.35603163094914453,0.031021903505902636,0.05858634488832567,0.10379480470500198,9,False
56,0.019908259013893162,0.08880940058621564,0.05342186244443677,0.0,0.14771188041978053,0.11254370742524757,0.3977111468753008,0.04112092998920577,0.023456005851834213,0.11531680739408551,1,False
57,0.009087879969719243,0.0818145459306137,0.04717055544162291,0.0,0.12880348572334813,0.11558920416193166,0.3746047609478391,0.0787921640649556,0.03289645391483203,0.13124094984513748,3,False
58,0.017877235555596314,0.04739092200288965,0.0530956529361621,0.016861614584710638,0.14215502037672215,0.10807332435581496,0.3830150985757041,0.0489320107220441,0.06615087676459999,0.11644824412575595,0,False
59,0.007745482738782253,0.10396589589036896,0.047671554299486184,0.0,0.10624426698997542,0.11366162329793797,0.3742828034430417,0.06722721732989155,0.02809305725542268,0.15110809875509312,3,False
60,0.01253008153764511,0.07148540531241132,0.06330920021640193,0.0006838350874280527,0.16362942279588852,0.10198546381687851,0.3736546179040842,0.03741631150928491,0.057553216909052504,0.11775244491092497,2,False
61,0.021635177198034223,0.061743338859419836,0.06401263813050391,0.0,0.13846006910063194,0.12728168000135354,0.4096614879339218,0.042043607459514985,0.021312625058015545,0.11384937625860415,1,False
62,0.028565529012206395,0.08250396739890971,0.05311399982269704,0.03141606428047806,0.153838954685488,0.10770353646692037,0.3386272903936813,0.040461689363757464,0.044174929137026045,0.11959403943883563,2,False
63,0.03187611251970759,0.07548988054619446,0.06799806945757186,0.0,0.10504817633534679,0.11985493533068867,0.3622637452192638,0.08015024920591649,0.05544753203615433,0.10187129934915594,3,False
64,0.028229692951937994,0.07846138127805623,0.06461771676698191,0.011560697104009327,0.14311422619827846,0.10905326479331637,0.38381086737424436,0.05145617017475301,0.02482612226605235,0.10486986109236998,14,False
65,0.03545911862000937,0.06764300357638571,0.049382317260951915,0.008738388050583938,0.12404916848333682,0.12427137661060343,0.38624402694881554,0.03457573976828519,0.05104694494817262,0.11858991573285564,9,False
66,0.02643904754352003,0.08082201020082562,0.07990285228733726,0.007908821282337676,0.13164773665238,0.13979377153110914,0.3749075745853239,0.04004246401075961,0.018125361818441887,0.10041036008796479,1,False
67,0.03115669065621696,0.05854951345111086,0.07825932145028737,0.0,0.13216949122544847,0.12497082107734515,0.3926525629945057,0.039324267342885154,0.04559381069569483,0.09732352110650548,0,False
68,0.033100898524154855,0.08261241602211648,0.06948016285031419,0.0,0.1287726474665452,0.12076305749054946,0.37417468424031386,0.036840115876438886,0.047190893059950154,0.10706512446961693,1,False
69,0.018690790948021608,0.08071604276956824,0.07823881950490587,0.005735261131409032,0.12602821236579217,0.12374898683547014,0.3584809426565224,0.04840549620264061,0.04763260660498115,0.11232284098068868,1,False
70,0.02532446935002338,0.09653150891893492,0.05423107387679693,0.0051615161761680885,0.11635076002988119,0.14060449217332624,0.35145190883198363,0.04673117871200678,0.026003279580883717,0.13760981234999517,5,False
71,0.03828261854395725,0.08482166274283204,0.06763650969914607,0.009137668772177391,0.1118774384152787,0.11388813753634836,0.3518800906139513,0.06680474060346772,0.04352224684359168,0.11214888622924961,5,False
72,0.0015861183077244083,0.07173656864669907,0.09536599312768322,0.012875915201725896,0.12397751393134619,0.11680426493198083,0.3986733898269856,0.03208322131881661,0.04711573252828486,0.09978128217875346,8,False
73,0.0,0.09411460259373756,0.06353702092027026,0.0,0.12772770753595622,0.12762505923525733,0.3588922336103508,0.040111932143112684,0.06130602839461089,0.12668541556670426,11,False
74,0.028486688966686064,0.07966554958536008,0.051754655186027974,0.0,0.14217708074910598,0.11082436590639025,0.3724891182686434,0.027924225473834,0.0694239308655006,0.11725438499845185,2,False
75,0.016250850129472687,0.08424233448329364,0.049331334025465544,0.022856443983873147,0.153303777708519,0.10174023291192011,0.36282945834317876,0.03847740450317366,0.05224646223278921,0.11872170167831438,2,False
76,0.015622890405934994,0.09441348277539499,0.05942979270709267,0.01090685885321446,0.15586340958993708,0.11000521713618776,0.3538334707276931,0.02319519703587871,0.050004195377508914,0.12672548539115744,2,False
77,0.011103354937728984,0.06060395772496115,0.07744502987159253,0.02004713925116162,0.1309029273513779,0.12958571662124493,0.36920037357845426,0.038055555735952484,0.0365963865108377,0.1264595584166884,0,False
78,0.024618480692361187,0.062403553220137555,0.07197760313316698,0.0,0.14772710344746096,0.13884326375230155,0.3753739234514196,0.016498647339856284,0.056417953411704434,0.10613947155159147,9,False
79,0.010685983730281694,0.06623607298327877,0.062064960135403954,0.019816281309837626,0.16856656998586525,0.11243103045505015,0.3795458016272577,0.04172026244388966,0.037493184592433226,0.10143985273670188,2,False
80,0.017625585085149033,0.048763036686192765,0.08942704499142795,0.001731564729921017,0.12309842264358016,0.1358611425340242,0.3908561750504613,0.02659722268740807,0.04458965243772758,0.12145015315410787,8,False
81,0.015925607712334464,0.056360369029881126,0.0770724458396785,0.0010981388127646028,0.12088552997961828,0.10017100958965232,0.38154938054114984,0.09131270662800225,0.03848896356798064,0.11713584829893789,13,False
82,0.00973720172988568,0.09595634762805767,0.055691981046857346,0.007325575816331363,0.15338685514670633,0.10683728568924346,0.3644485406899405,0.03798687693167623,0.0473734311979984,0.12125590412330292,2,False
83,0.020161012908455806,0.06255326467049244,0.08765451931456637,0.024653781927249655,0.10771939650229768,0.11371722936235153,0.39429845375757244,0.038616084904628326,0.05462579861866185,0.09600045803372384,8,False
84,0.025021451089018983,0.06940166272945539,0.08237111954089922,0.026441329634762,0.13541937951586538,0.12278975490887101,0.35666872419663403,0.029240895351313387,0.049206720740859175,0.10343896229232143,9,False
85,0.006965424713996824,0.08177836469641069,0.05723880789395101,0.0,0.15346126393720744,0.11930838556895022,0.3669133414099375,0.04625345250347083,0.033520292046590884,0.1345606672294845,1,False
86,0.015956185918321465,0.08905760906690133,0.07432323206115769,0.011696653630999592,0.11462411485766594,0.1374126437789844,0.37686968017701533,0.042872264752441436,0.026919970091985032,0.11026764566452767,1,False
87,0.031019460430241574,0.08240589585866966,0.06923853481426423,0.006797190409271317,0.14927818189184977,0.12138343865734356,0.37038977983561633,0.0430963587994188,0.009429767771058068,0.11696139153226665,14,False
88,0.000233160775159248,0.10199987896314536,0.04795299984670637,0.018864414510448332,0.1425442906159177,0.12836700576182014,0.34056262134668486,0.03163674421730546,0.061971360113810235,0.12586752384900232,2,False
89,0.013761228201125571,0.07682595948086787,0.07068440822739813,0.01014506974704583,0.15553437884473612,0.09538488632060806,0.37973761809455536,0.022263549565581523,0.06289929378703456,0.11276360773104696,2,False
90,0.02782228172069505,0.06977688755019487,0.0806335217538705,0.0,0.10749700064563714,0.11515213666996318,0.3881202273332208,0.03989700394033251,0.05453229448084458,0.11656864590524138,8,False
91,0.029502050112730282,0.0704561830018512,0.059322051148656914,0.00987802136072068,0.14218567970896848,0.11177514294901433,0.36907588350494674,0.024102491299217932,0.05837973289581581,0.12532276401807768,2,False
92,0.0026246400921709533,0.08856590505041884,0.051035300457295485,0.01130234569939194,0.14119208016209475,0.12920269678528745,0.36723036311398816,0.025284799933821742,0.05494882899258588,0.1286130397129447,2,False
93,0.0299055057617588,0.06661115693749892,0.08049535149598724,0.020130739561993877,0.14758041625256849,0.11518015726865466,0.3543728301793096,0.040908218547241235,0.04243401224118164,0.1023816117538055,9,False
94,0.02288518038057435,0.09892815004515472,0.06523096881890907,0.021184050176956726,0.15576876127114841,0.11165736409076243,0.34635057978957795,0.02321818197474727,0.039381579147026544,0.1153951843051424,47,False
95,0.024553895850290035,0.08019285873411816,0.08285555131911418,0.0034881859772973867,0.1493873647782124,0.11892312454221193,0.3645215456421936,0.030428697401305237,0.039310172478594085,0.1063386032766632,1,False
96,0.023134554584854077,0.07348427124935315,0.055242971023508516,0.017311607505794906,0.14101413940313723,0.1322194613168478,0.35470937719359175,0.016594193014889434,0.06436987537202897,0.12191954933599414,9,False
97,0.011500565670719035,0.08068505491914137,0.058311643779452776,0.019967244089692554,0.1603580785814566,0.10404367928698881,0.3665401333486395,0.039398593714526566,0.047374748541890534,0.11182025806749218,2,False
98,0.017539480609404006,0.0789672442418339,0.06261083141274383,0.04192413137297319,0.15381356558687798,0.1088131418091848,0.34455340962466646,0.04267932690859248,0.04058257129393233,0.1085162971397911,47,False
99,0.014580627106364714,0.09393037669071205,0.0821089055717522,0.0023958137786908766,0.15341702070046445,0.11227673361773703,0.35575695961150544,0.02702281800858672,0.04620188463858663,0.11230886027559986,47,False
100,0.037319482161807666,0.07595567547942497,0.06542428906984993,0.04385651219006332,0.15260797270790272,0.11361858794255192,0.35015560156430836,0.017698269906598476,0.03665676846569665,0.10670684051179595,47,False
101,0.031189398141660715,0.08102029048545567,0.06797983659648081,0.0031715309208104397,0.12809630807703087,0.12011427607862052,0.35427375672891687,0.0482158575791623,0.06617115612641182,0.09976758926545018,9,False
102,0.02698453000689024,0.0844406110272269,0.06525342772896178,0.040063458604055815,0.13751350577462831,0.09765317392082305,0.3454653799804297,0.02726172326074632,0.057052205559373945,0.1183119841368638,47,False
103,0.033555303016141264,0.0583185657584114,0.06542712943761526,0.01754101295790722,0.13927802946643944,0.1261048276393609,0.37295554980897005,0.030006955004540738,0.052720665025732076,0.10409196188488165,9,False
104,0.009597168845696696,0.09911584947418703,0.058731094989492874,0.039368458946672874,0.13418086537459553,0.09239718902130796,0.3694514467043211,0.021521148445678578,0.053517010186058755,0.12211976801198866,47,False
105,0.026330782008732626,0.09557498842395605,0.050698757778358826,0.0007234265337839523,0.10877224293383059,0.12696222205790775,0.37371710836440963,0.04321812598352412,0.04833497249007117,0.12566737342542542,5,False
106,0.027125440334308668,0.09605837839317698,0.060689853136296164,0.04263963762767214,0.14774406245705315,0.09562280335866909,0.34324917522230364,0.02022819824936134,0.0524235685022277,0.11421888271893117,47,False
107,0.034222705406220286,0.07590565836471672,0.06603338879702361,0.03976548513287094,0.15116998852174238,0.102378176572811,0.36251996589064345,0.02399831309214672,0.03576667313204771,0.10823964508977718,47,False
108,0.013807601921959171,0.06125537574704622,0.05132649835670641,0.03720451525626717,0.14686740629141645,0.12380897727524721,0.3575098485513997,0.04383824401222857,0.04016005709713179,0.12422147549059728,62,False
109,0.01932499766386613,0.08603689393395111,0.04888998214738748,0.035442301646812543,0.1607977857998332,0.10155039414262945,0.3497728666604623,0.049579551927019724,0.03049289291875488,0.11811233315928323,62,False
110,0.020767594279247632,0.06920782220814906,0.07961148124759457,0.0072484702254152445,0.13977437702969162,0.12480891382267648,0.368824760155139,0.05133735564258759,0.027447469187451095,0.11097175620204786,1,False
111,0.0052107402022301685,0.09643869996328105,0.06522259398306572,0.012768663043172911,0.14905394254484303,0.11120915968405094,0.38412529081014507,0.012224216770555234,0.046081946456088436,0.11766474654256753,47,False
112,0.029015546070747206,0.07654045259089566,0.05101750671773278,0.019692635928379658,0.15725659719992874,0.10062647070745995,0.3509291386261769,0.03339974889147074,0.05273454330989448,0.12878735995731383,62,False
113,0.013676176753519719,0.09934873444023185,0.04102573405887174,0.04565362144381648,0.137637017293243,0.10640133898381052,0.35082372797490097,0.029755108256928245,0.04490654888336804,0.13077199191130945,47,False
114,0.005887981230447194,0.10014252838440328,0.052329259032401106,0.04818649826210251,0.15729491914663393,0.11462435997841668,0.3599296070090586,0.022416761548797313,0.04177679082319102,0.09741129458454843,47,False
115,0.01771537297887622,0.11364096802094141,0.07200467856706715,0.026688469387561663,0.1486222876177623,0.10344410297356453,0.34248737334915924,0.012652525759675648,0.03901219246187643,0.1237320288835154,47,False
116,0.03601001110683642,0.08064260430368544,0.0499959763580514,0.029688887395689156,0.1557514111929206,0.1001070518322013,0.37367761339632094,0.028862919817652887,0.033970616703577254,0.11129290789306469,62,False
117,0.009528182898192511,0.09142736541740513,0.06747316683012712,0.043051258123950956,0.15224824429221878,0.10536256140909857,0.3555635464363029,0.023643363444372237,0.046398943418737355,0.10530336772959441,47,False
118,0.028777491441168482,0.09920560374028782,0.05429652491049813,0.02953645454936176,0.13473084431077714,0.10309574909656713,0.32692621566766267,0.0498592671148362,0.052939869775638984,0.12063197939320155,62,False
119,0.020802512159022162,0.07963353103965752,0.03508751200396308,0.009733915671358541,0.17951396394108826,0.1254098688662533,0.3496544705052554,0.045975619514404,0.038212674555861775,0.11597593174313596,62,False
120,0.028059131669526678,0.0878508209949211,0.03755993625938294,0.041952033612945465,0.1472299026858655,0.11236625231239329,0.3297082681438271,0.05263519508627869,0.04329756214618476,0.11934089708867443,62,False
121,0.023340896027813987,0.0846691311325192,0.05282337833022835,0.032927263881401894,0.16216896439727985,0.10463628395530873,0.3343337553628914,0.030989894003558047,0.06051546829313827,0.1135949646158601,62,False
122,0.021316341678435827,0.08072826960796563,0.05348045987887202,0.010961741649061607,0.17801935784148137,0.09888749929897805,0.3519855606474887,0.0410822129512473,0.03667709195327466,0.12686146449319483,62,False
123,0.024281517768977072,0.09921169237412601,0.07064788213772248,0.04548090163517488,0.13510288489632835,0.0929646951557523,0.33823775751467045,0.022366743339876916,0.05866454865939046,0.11304137651798123,47,False
124,0.029923270776933027,0.07536797827847189,0.07015609839267606,0.0,0.14367560332019316,0.11980343654286957,0.3510982972559403,0.044357021623237236,0.058093315465093665,0.10752497834458508,9,False
125,0.017117942568547317,0.08656151689922559,0.05476313398724683,0.031148889548996413,0.16799550568652705,0.09589116662105829,0.35669629251480856,0.01977097104858687,0.050396696028359264,0.11965788509664384,47,False
126,0.005287620260541523,0.05517946802981774,0.07445060934461317,0.0,0.14126353228021915,0.14137429355927134,0.36626367226445355,0.030541124884845318,0.06179338653619305,0.12384629284004503,9,False
127,0.02929571750073414,0.08597067887155314,0.059563036021457856,0.03812926071753705,0.16171545509706303,0.11357902250092047,0.3106257693353859,0.03177618619287431,0.05530043110335137,0.11404444265912268,62,False
128,0.02425601422755602,0.07212864469665195,0.05482685726998511,0.03519033696860033,0.1475332119151581,0.11996028504493074,0.3488365960216011,0.023432929387715722,0.045830142436702546,0.1280049820310981,47,False
129,0.017561740952435054,0.11582594200925035,0.08073547574150979,0.028001984881984646,0.15408121535968952,0.10338068719608563,0.3464884869039484,0.007305749086265208,0.04634095641203428,0.10027776145679711,47,False
130,0.00691004783116534,0.0844645712266124,0.060797225463731445,0.04227684763762881,0.14537068077349607,0.10985515941267607,0.359465750144565,0.0244748513559259,0.05124740032002253,0.11513746583417653,47,False
131,0.035235380191096455,0.09238861610321238,0.06031762573617094,0.05653990778000097,0.13690874855557042,0.10422443415427063,0.34922464024922567,0.01162596877911597,0.04088487397676576,0.11264980447457076,47,False
132,0.02329287974267467,0.0971786917909508,0.05695073814848136,0.03270425151523275,0.14025442496668572,0.10754260369567335,0.3569375295070275,0.03415327594967553,0.041867343478576104,0.10911826120502209,47,False
133,0.03701070852803993,0.08907658663173616,0.07305562564470289,0.029883433409573067,0.14636679747601758,0.09746232500981998,0.3537336873064177,0.01415509230669013,0.03552403792736784,0.12373170575963487,47,False
134,0.02002795836562729,0.08100504020180022,0.05429567194513966,0.02852465293728211,0.15071968356820578,0.10596564471548482,0.33724381403997883,0.049516056876989366,0.056053608807784136,0.11664786854170783,62,False
135,0.013155386918701285,0.07453029277294124,0.04730908194665143,0.022118392855330585,0.15212672320146464,0.10634855243449604,0.3612237557640083,0.04025773221152173,0.0609347465819654,0.12199533531291937,62,False
136,0.008348889067640695,0.0799077770380376,0.057101281283325006,0.027578992397861643,0.15676644848957214,0.09465807238605468,0.36213751311898457,0.05235781720098595,0.04298905660626588,0.11815415241127185,62,False
137,0.019434457733411608,0.08689401912708583,0.0406989532498104,0.041293067045010054,0.14109157966860764,0.10796303516609895,0.357836858930072,0.054477957404518516,0.034359526041021354,0.11595054563436374,62,False
138,0.04302526062171379,0.07725305349405859,0.04457730013534294,0.03820834577871262,0.1447596913194306,0.10916828463350085,0.3397610273754002,0.03300265716399409,0.05523760792301122,0.11500677155483507,62,False
139,0.03357251349167185,0.0947773108787218,0.07167893743333653,0.04266458474822852,0.13859136341327594,0.08943141594135323,0.3411423967175252,0.02841441091227497,0.05534592008188911,0.10438114638172288,47,False
140,0.02894157333575217,0.0668298671130783,0.06806736906681707,0.03821559031999199,0.14352547247224123,0.12259749911591912,0.32148963327151675,0.044446743876530304,0.0499966110770389,0.11588964035111432,62,False
141,0.03735422881572088,0.09985510809723276,0.0517561499450822,0.027409094041061947,0.1595005091068751,0.11520859434837959,0.34094787648913527,0.017200416246437224,0.04143053448822746,0.10933748842184757,62,False
142,0.024700396971455384,0.0849006421413104,0.055982885351243974,0.03739485925807286,0.1564741141569398,0.11004199217705479,0.3482083301280706,0.03361809307032498,0.03505502068922384,0.11362366605630334,62,False
143,0.0037578606530715066,0.09491337899652129,0.04738613364178066,0.020077084414979563,0.14972037236659222,0.12516646622405284,0.3537603311122424,0.028415491270723278,0.04455078516497141,0.1322520961550649,47,False
144,0.010997101388289023,0.08415385070662625,0.06269603399048056,0.024563871166259847,0.14285423028588357,0.11940099504714473,0.3572443205317969,0.03721963298824018,0.03822732959718861,0.12264263429809034,47,False
145,0.03608947468972252,0.10444709481216888,0.07672685805920652,0.020465183080934382,0.13045698016343255,0.10389185522349115,0.3242694777107584,0.03884138274222947,0.05738516563158511,0.10742652788647103,47,False
146,0.013876882831383266,0.08269761899160678,0.046708184933210925,0.012583711978610766,0.1409383350670574,0.11171296203621388,0.3953407292740198,0.024292507583885237,0.04975186910223152,0.12209719820178033,2,False
147,0.029797693967196965,0.06753267188802191,0.04260947051396984,0.037502724023117814,0.1620061815375022,0.10557375773808748,0.32805289453171027,0.04689306625060592,0.058360756077236425,0.1216707834725512,62,False
148,0.012600634571010448,0.10427789035467959,0.07410436989937697,0.024428051798978622,0.1610585860517325,0.11302694940146746,0.34203236981960117,0.016501919824986437,0.03196280250494063,0.12000642577322611,47,False
149,0.03509703490272998,0.09518233314716565,0.05540279170534196,0.024694986713542533,0.16312289905148417,0.09132507527972357,0.3483065012706287,0.035349171231635876,0.04605209490974542,0.10546711178800224,47,False
150,0.02879362649823139,0.09482214122388193,0.061542831450169984,0.022789164873637538,0.15628585283172094,0.11412561504798813,0.3698768570724978,0.0,0.021693414683931937,0.13007049631794032,47,False
151,0.01666587841239746,0.08629755112912375,0.04045099226328679,0.029822539607762235,0.1541565486824818,0.11781061831992307,0.32837512905653743,0.049989925369918906,0.043511517782643144,0.1329192993759253,62,False
152,0.026384329372759786,0.07485240871555687,0.033024153683889036,0.01761742476846348,0.1513507318989241,0.13365035979101236,0.3314320758615998,0.06026102189984972,0.04121994174863483,0.13020755225931005,62,False
153,0.03173870268919169,0.08215963657807764,0.06612888755978799,0.033585190444841796,0.1467538174372257,0.10247305393181463,0.3622386994141176,0.020301124227734172,0.03586097350915308,0.11875991420805553,47,False
154,0.01572044873379344,0.08777457521270533,0.059458032227170776,0.02569017561832626,0.14984400139018914,0.11001882138429292,0.35803039952449,0.02763856048446699,0.05377533621917012,0.11204964920539502,47,False
155,0.0296416325999253,0.08561668559889926,0.06363906495632558,0.025506880555001117,0.15803871884178128,0.10421751373959591,0.34919325764316267,0.02887242593911754,0.050666307070737465,0.10460751305545384,62,False
156,0.0356772192912199,0.07530775934390838,0.05139402724951668,0.050322542869652376,0.1656416124963948,0.11262221239379756,0.3306413519472797,0.04310052549396661,0.0330679674463979,0.10222478146786602,62,True
157,0.034610837554443635,0.07636856739046471,0.03931778734061453,0.016595221401605683,0.17077909779900524,0.11754409518619431,0.35522168354973555,0.04317112192176207,0.023167551463578094,0.12322403639259616,62,False
158,0.035143611122265696,0.0793862414424704,0.06769773646644263,0.020455563271768992,0.1546947516918573,0.10501093436425621,0.34165238207755216,0.034624129492117996,0.03795602687584768,0.12337862319542095,62,False
159,0.026695878040921987,0.09612696908591874,0.05971434775349084,0.04028676855942075,0.1475081443346054,0.10130091870077745,0.3648828146429059,0.022024264052297005,0.03696667796359566,0.10449321686606627,47,False
160,0.030448858466334647,0.07853782120755819,0.05828212239154455,0.022399484925844534,0.15530436957447497,0.09772664241029483,0.34640274123995346,0.039070609085383075,0.05780654146025059,0.11402080923836119,62,False
161,0.020430170920827138,0.07498671777547973,0.06774295618451322,0.03192486102202227,0.16815752798407568,0.09879451080584446,0.34786992409061923,0.046396925015361364,0.03663426852545578,0.107062137675801,62,False
162,0.022962694638493625,0.09349778389091948,0.06314586167794604,0.031098070389719262,0.15667594726641784,0.09413219424530342,0.3311615566147702,0.039387107897293064,0.03414624264941306,0.1337925407297241,62,False
163,0.023535254565752107,0.08611768560945594,0.03611475996951116,0.03430969499598687,0.15410538091098513,0.11294111092220933,0.3457760798724466,0.04959190435438466,0.02847355336929074,0.1290345754299774,62,False
164,0.02059371485344924,0.09502860797750932,0.053194182227020236,0.019514927687855226,0.15769541616598817,0.10443613005714693,0.34084560146815146,0.034233425290765895,0.0384252494353483,0.13603274483676528,62,False
165,0.021235176205256112,0.08402306730597943,0.048121565873926096,0.042780214017889194,0.1665316943584192,0.10599258503906421,0.3515036228533588,0.04233997409757913,0.0375472003002131,0.09992489994831476,62,False
166,0.04372987805150131,0.09429002836931864,0.044753344686559955,0.03633720968055397,0.1448134643100919,0.11178952042241028,0.3413653758279681,0.04351411313487372,0.043871182326153474,0.09553588319056878,62,True
167,0.01617624357816501,0.10230706567435614,0.04498279329935569,0.04098420371203568,0.1261008269307964,0.10065334712336328,0.3556848347376292,0.020738757080292203,0.05514655866330862,0.1372253692006977,47,False
168,0.01261095261721545,0.06611432725251175,0.05444448894021736,0.05544809450321777,0.15213954974888724,0.10812376839522009,0.36358944113998515,0.012275053958956958,0.052320587149445034,0.12293373629434341,47,False
169,0.035681803632940406,0.08145499972363708,0.06071681846838371,0.020617635385170523,0.14509652740041537,0.11363143727168235,0.3471261867181904,0.018569794278720634,0.05154904154773524,0.12555575557312415,47,False
170,0.03257310923319967,0.05902916039488468,0.03730895864685136,0.03689045884767489,0.16860694935943218,0.12157141529653313,0.3310727110514855,0.04499617769713244,0.049248134449988254,0.11870292502281787,62,False
171,0.019878641765885195,0.09231074704797092,0.06062014897852099,0.05036683261932062,0.13330480545452567,0.0979088703314376,0.3406608831902619,0.032442946810584246,0.04741256563239877,0.12509355816909404,47,False
172,0.03707801395430753,0.0834888389948667,0.06052396189720347,0.03939664773980263,0.14440504732980333,0.12002827226162255,0.334676568638182,0.038095514398963456,0.040001799681794147,0.10230533510345419,100,False
173,0.03625172557397475,0.07581358918843624,0.043592173047260936,0.04208077511296089,0.15303024068905632,0.10943640407285764,0.32819207733309613,0.043008932888015515,0.04411664160852429,0.12447744048581723,62,False
174,0.013515553026833105,0.0867134912276858,0.06983271819367658,0.03539334997563889,0.1419994549951732,0.10910807051298792,0.35071182254382993,0.04568643067374348,0.04246080500841766,0.10457830384201344,47,False
175,0.03471564090604486,0.0991816251075155,0.04427681435755004,0.018073416324345216,0.1547358059300251,0.11480669857115085,0.34837606687477446,0.022878606228621312,0.042513566344701846,0.12044175935527081,62,False
176,0.032492043674298594,0.07256930235332419,0.0573080910115916,0.03184363735706591,0.16201804830330788,0.12053911052358,0.3296265976469098,0.04190467091192875,0.03973581549124647,0.11196268272674685,62,False
177,0.018407487412474922,0.09275843048968417,0.06947976099380782,0.035888548390182656,0.1399607952817751,0.11138252510295844,0.35622274748349547,0.02731253073936461,0.03740027133678457,0.11118690276947238,47,False
178,0.03234231290429462,0.08730822208226763,0.05274928044668779,0.031566735494851596,0.15361353857374868,0.1094873317977836,0.3812301656445241,0.0011705463025930077,0.03370446656913202,0.11682740018411697,47,False
179,0.015567704670831132,0.08547567945630792,0.05317296001884666,0.03553490633024673,0.1409610702657406,0.11205193038448517,0.3498755462494144,0.019238495663403497,0.06115964259104069,0.1269620643696833,47,False
180,0.025881461520365003,0.08456000077797729,0.04425954519838767,0.026601009043791538,0.15416505492191554,0.1090587912932872,0.33575752450388563,0.035128860595594474,0.043159196603732936,0.14142855554106268,62,False
181,0.03692225661874376,0.06410961825239554,0.059306600178843,0.017552458354906805,0.14838063729436773,0.10144788930576136,0.33789764009700796,0.042081569996858484,0.060797405870720946,0.13150392403039424,62,False
182,0.032087167331416186,0.08804746369005967,0.04001531895221857,0.03165021623901402,0.1565730510804581,0.10580345573571695,0.3587329713021542,0.05278213043407505,0.03873426613429002,0.09557395910059735,62,False
183,0.020369130642559994,0.08484495328986126,0.050517845531782964,0.027567632715987746,0.18025269108984626,0.09537038764536797,0.35313655174461006,0.03539916841942518,0.04554622449859862,0.10699541442196005,62,False
184,0.02023695369678271,0.09288896447301973,0.07186521384567245,0.029839016688358273,0.13129518088043046,0.0998924733792726,0.3753060267246596,0.015048258014983225,0.03992042720000257,0.12370748509681836,47,False
185,0.01697458150016228,0.10585596936490073,0.056039384905364704,0.029411466350271136,0.1485573249047974,0.12078063253557737,0.3444240845134472,0.01714342866036348,0.039938385101740005,0.12087474216337592,47,False
186,0.029252805516189195,0.08526404449818926,0.02648290519694799,0.022056694928200588,0.16585001684209216,0.07800921524359235,0.3483769281976211,0.04369278473199088,0.061602158772471376,0.13941244607270503,62,False
187,0.016411910294483717,0.09089455125012529,0.06259871326557405,0.026424490630948937,0.15136582123674716,0.09475412152657108,0.3474997888641224,0.03860493714592786,0.06017361017924544,0.11127205560625397,47,False
188,0.027215007523542355,0.09355412102132019,0.04675882067149427,0.027412043350573272,0.14059625719781887,0.10919915318505165,0.3364108113522932,0.048641676826271796,0.054228509530373954,0.11598359934126037,62,False
