ID,strat_res0,strat_res1,strat_res2,strat_res3,strat_res4,strat_res5,strat_res6,strat_res7,strat_res8,strat_res9,ancestor,alive_at_end
0,0.05707852110473648,0.025978574544473092,0.1410283459751412,0.07258747095649072,0.08934914249906946,0.2510258086819649,0.07927721672973179,0.12159124370045246,0.03673144832412936,0.1253522274838105,0,False
1,0.055332948498911586,0.015005474208566743,0.14734576304371794,0.06827367803771343,0.10177019347079769,0.24214896857628296,0.07631697402735782,0.13529844136223984,0.04746002823040107,0.111047530544011,0,False
2,0.053359483691830155,0.029411499685609053,0.13997143209564566,0.08467284388375086,0.08173459539453586,0.2545947204091129,0.07598280973089828,0.1211482080919368,0.03711892232856602,0.12200548468811435,0,False
3,0.0707880885195815,0.028408470931920397,0.14304521618739188,0.07906791271263942,0.08551529780516269,0.25612416505501917,0.06496350674522651,0.13378459792193476,0.032610539661510285,0.10569220445961347,0,False
4,0.06637380254821247,0.0061514851392039,0.1497760458544582,0.06867352305162465,0.10696985467050675,0.24633888616701102,0.07931713610328683,0.13202773746123797,0.051919339948826505,0.09245218905563167,1,False
5,0.028953315225452404,0.01879013368238877,0.14608478263276864,0.09687343024138494,0.08953689993126843,0.2528206004584235,0.06681465522583076,0.1309484778004271,0.04006004652849514,0.12911765827356037,2,False
6,0.042680947643840506,0.01950716155496328,0.14928385657943052,0.08847581936028494,0.08018916762688935,0.2474205673359482,0.08239227046766412,0.12881599900110946,0.04186136210191887,0.11937284832795084,0,False
7,0.042863216075784,0.027191602457420704,0.13346410156456756,0.07457360173818493,0.08244338368966062,0.24866739956908068,0.08019529996342874,0.12437365961108965,0.051507666028834415,0.13472006930194874,0,False
8,0.06555084965669754,0.037300168290137124,0.1210707867117112,0.07686460550106874,0.08006976239856306,0.24670788973448157,0.0736831000842251,0.12111204793723092,0.04984386976307567,0.127796919922809,2,False
9,0.0665520265379567,0.018466239209451195,0.13494680760922287,0.09018514828536942,0.09851043140029937,0.2625064093555136,0.06852831168655277,0.13141795440699594,0.03817266234551807,0.09071400916312,4,False
10,0.052651501457583585,0.010744057689330115,0.15258714726348932,0.07941369503726177,0.07784468196825384,0.2432480257052838,0.08150569663769405,0.12879190879634997,0.03571432694922065,0.13749895849553276,0,False
11,0.06121604147033928,0.045488188520303764,0.1303087934049987,0.07889337265398598,0.0859870613029503,0.26686801523096787,0.04873157557591551,0.13322008826482254,0.04172871845995861,0.10755814511575729,3,False
12,0.06614388247279465,0.02144656628605879,0.1323838452820731,0.06951453744449756,0.09456637225875733,0.27584665881292536,0.06858821439847079,0.12737698133616285,0.030768660173868152,0.11336428153439135,2,False
13,0.05620006995869653,0.021789999092861456,0.14103749009936034,0.07311635163142609,0.08628603547964,0.2493766514381692,0.0739811478155488,0.1477934774097668,0.050838066685484504,0.09958071038904628,1,False
14,0.07018286253543897,0.035980791486030984,0.11793281295758391,0.07441342416544248,0.08811354438671087,0.23427112672242578,0.07940010422219138,0.1357560838766237,0.04603963446398987,0.11790961518356208,0,False
15,0.06619791747567111,0.02148695444055804,0.12963974148965746,0.07764271808702893,0.09390189637406812,0.24102154985820923,0.08776582447382768,0.12129099352360499,0.02731556253781246,0.13373684173956213,0,False
16,0.0668360220138242,0.04249831920725838,0.12570633624526645,0.06438902033351325,0.09560302467342946,0.24634496430135405,0.06959343611205923,0.14556389180382115,0.04176678150628545,0.10169820380318836,3,False
17,0.037071633619590136,0.025153291861319364,0.14710617939958856,0.06364177810759164,0.0905993843236997,0.25495527713058536,0.09175610811597702,0.13336472926445225,0.0374921162885428,0.11885950188865319,1,False
18,0.06601613017744008,0.033401114477825136,0.1388521911282736,0.06145609089806533,0.08727821948520119,0.24633914868454604,0.07988535761678675,0.12557092367353587,0.04092172459324044,0.12027909926508551,0,False
19,0.06609908319781921,0.015872498120743195,0.1359214106410964,0.05021253160860663,0.115547418883782,0.2535789215721094,0.06269660226406464,0.14080392474852688,0.05280507337797353,0.10646253558527814,1,False
20,0.06485186673029894,0.0026658552668294326,0.15348133013092616,0.0800044640739985,0.09061565413858848,0.2671841331356263,0.06824507127628461,0.12076898705519912,0.028290967701893634,0.12389167049035488,0,False
21,0.06745283355045684,0.029805168016223144,0.14214735645164328,0.06865349079366839,0.10150875991968493,0.24853103603559795,0.07705795857834301,0.11946272652985225,0.03823302204486324,0.10714764807966694,3,False
22,0.06108828174970894,0.020533826869537444,0.15216391129690232,0.07214430549060276,0.07584361028071103,0.24280819809173293,0.07397041471584194,0.12474554047110414,0.036469762756501475,0.140232148277357,0,False
23,0.06586134098075695,0.03001596813941505,0.12256155022693838,0.05755119236000691,0.08528171889095014,0.24013060043298495,0.07426343550351987,0.13104985391101767,0.06625540477888793,0.12702893477552216,8,False
24,0.08103454125444118,0.007038721023873477,0.15454003909966932,0.06735775142923385,0.10054300361910483,0.25885732147237867,0.07552581671820642,0.12331178616627207,0.03946576267576257,0.09232525654105751,4,False
25,0.048730948476827005,0.03172595535202556,0.14050038690133987,0.08606438032490844,0.058407307150247875,0.24855030844795764,0.0931186510994395,0.12048878358523624,0.03625300670393641,0.13616027195808147,6,False
26,0.055906095606556704,0.0008168103336190653,0.15848187984012835,0.07802396009500806,0.11943423601503234,0.22531982322565844,0.08433703148519092,0.1425699132131854,0.032532101705754615,0.10257814847986607,1,False
27,0.06061640067372327,0.0337579184814078,0.13809072148392523,0.07117880405551524,0.09411399737671652,0.2520700697215386,0.07319210620988853,0.11947098193751862,0.03580026866314213,0.12170873139662394,0,False
28,0.050567736832600345,0.02262834865968149,0.14263877282763093,0.0700187024912865,0.10986510580570298,0.22768162984571935,0.07438008639606519,0.14389611176799988,0.05405945080146232,0.10426405457185106,1,False
29,0.07006200670519516,0.03106493084062907,0.13855666424752214,0.06439575453742585,0.09634599922461382,0.23462973747887028,0.06266391887338758,0.12975123964393362,0.049832762140358214,0.1226969863080642,1,False
30,0.02837343579578789,0.014193457241447821,0.12955060171836877,0.08332208433040565,0.0811226114155731,0.2498865411595224,0.09672495066211473,0.13768186021039466,0.03926970493909346,0.1398747525272915,2,False
31,0.032642310437852366,0.0,0.15739786654937546,0.10008459763532881,0.07398068695159714,0.26745051335043546,0.07297680822905356,0.1336676290980164,0.03041024774772514,0.1313893400006157,5,False
32,0.08197375636556806,0.019323432995087233,0.13678785579143954,0.06993686216402632,0.08876741753497443,0.2760287780283907,0.06521794593368739,0.11978454564200339,0.03136181145897437,0.11081759408584864,3,False
33,0.06929637122173006,0.03608782313276516,0.14225950547296018,0.05913811950404527,0.08887084354016,0.2512265623405105,0.09074209549064942,0.11199973755227365,0.047283930472013465,0.10309501127289239,0,False
34,0.03740522215873863,0.025627065157946823,0.1412558665227202,0.07954660005026952,0.09074082461608549,0.2526771872021708,0.07837946377869828,0.13344571047204032,0.04644916705196312,0.11447289298936657,1,False
35,0.04209486727920339,0.01977474387381149,0.15773006272887047,0.07324756653098204,0.10488225140739724,0.24216627879873845,0.0821818279017782,0.15307631158752003,0.04413990860787352,0.08070618128382524,4,False
36,0.04840062627226328,0.03698715714533845,0.1479663834541405,0.08558780970824395,0.06950741008934821,0.25237849866814427,0.07335680798950396,0.11402240845647263,0.02954049181930496,0.14225240639723974,2,False
37,0.06429700318670722,0.01502633276427403,0.15645908426468777,0.08263728380662744,0.07946263784501928,0.2547627110920171,0.08088546806370026,0.1155594973586367,0.03573305663259915,0.11517692498573097,0,False
38,0.058599676457747274,0.016087942304113555,0.13064415561669157,0.07591485548482443,0.08510350732471907,0.24949280152501374,0.09474294201720854,0.12707932863840793,0.04764565472195462,0.11468913590931941,2,False
39,0.07826722772530492,0.02554790990020992,0.1317039467258758,0.07684535120710947,0.0874999574716824,0.25690908211699487,0.06646733705639218,0.13398661142985616,0.02918129714639463,0.11359127922017956,3,False
40,0.033425606338811,0.0314703484564781,0.15343364288986905,0.0835646307597084,0.07270344776346613,0.25441797811209044,0.07369390652355921,0.12539461416831363,0.053398284109649,0.11849754087805515,2,False
41,0.038833879602148895,0.01182025255451589,0.1551548181472089,0.079130850172252,0.09491155376753234,0.24927547604930575,0.059465037691400255,0.12883839673957326,0.05270179075730823,0.12986794451875444,5,False
42,0.07428858307525785,0.00849045098647733,0.13905028514923196,0.06922165686587614,0.0891276309105623,0.24756601357281724,0.06311416513698011,0.1367676367966576,0.05342860322183723,0.1189449742843022,1,False
43,0.05409960558953467,0.009561346884801217,0.15984435880048226,0.06898029489446594,0.08275502918267617,0.2619232184740856,0.07065802002593681,0.14514185319528075,0.040961263011440235,0.1060750099412963,1,False
44,0.07093234935666937,0.03197820305741215,0.14293105458141955,0.056367761904693316,0.09691336377866187,0.24401671738685785,0.07421916920763283,0.12249389213030963,0.04387682152945436,0.11627066706688902,0,False
45,0.04960704707554309,0.03490173507088107,0.1411221830819178,0.07310522709113722,0.07786831427624712,0.23615718091928395,0.08725033653653992,0.12384855387193665,0.05466075938743003,0.12147866268908304,1,False
46,0.06280108642120834,0.03614699284734786,0.13505628970342212,0.08043861841765462,0.08547760117473065,0.25748284072845506,0.06808371938004697,0.12225579449509634,0.038441715929039354,0.11381534090299869,0,False
47,0.0811063936811808,0.032104417200173735,0.1345729131955468,0.0656479148883098,0.08540868651122235,0.252099946586582,0.056754648761162964,0.1426828393827504,0.04156403208838272,0.10805820770468857,3,False
48,0.05663972344037469,0.03521248634223468,0.13720710849855616,0.07668688186772009,0.08994530974429905,0.23917015256009796,0.09536147090075234,0.10287062720655904,0.037369855992333605,0.12953638344707238,0,False
49,0.05585190002970563,0.016068689823141236,0.14087865555465845,0.07014830787652573,0.09973098418661748,0.24343090328174974,0.07924356454240121,0.13894028736451772,0.0544804486934252,0.1012262586472576,1,False
50,0.04898032692332389,0.008163698860095424,0.1467027058488555,0.06362539438208134,0.10967842198373964,0.24476382164318086,0.07733838571336972,0.1464310475007986,0.055729588524595766,0.0985866086199593,1,False
51,0.062076870701960475,0.0,0.147047374571599,0.07653150595766228,0.10238308656202212,0.264247484824642,0.08869903274271318,0.11500514133097416,0.03137320359237994,0.11263629971604684,0,False
52,0.069928165784928,0.033277643478428307,0.12583713650950049,0.08499460250128171,0.0691767546524051,0.27873926709414465,0.07472223143710656,0.12662439067079503,0.01553487243254508,0.12116493543886508,2,False
53,0.05117860116661511,0.012412452877693448,0.1749766773272313,0.08877618921700503,0.08438306600730207,0.25678129770198804,0.07124168271747199,0.12434494719250457,0.012330863377585186,0.12357422241460336,2,False
54,0.05240158039074235,0.029372213328625316,0.14177831273205646,0.08058489229330836,0.09672940444902937,0.2627926155954392,0.052308615684775864,0.13496578857999897,0.03136969111550358,0.11769688583052046,3,False
55,0.05652638794517789,0.02241500306249394,0.14462216028288208,0.06614866376795853,0.10420645349143202,0.23642702758636236,0.07682764961525952,0.13395002704674994,0.04282806449970794,0.11604856270197593,1,False
56,0.06615183947332823,0.04258841778517166,0.14307260733102206,0.07295524655252995,0.06919794134232779,0.24412092238769467,0.08038125433308754,0.12845027919186128,0.048922582015944606,0.10415890958703217,3,False
57,0.0414725813900717,0.036019795120217704,0.14937234255813975,0.08271526796307983,0.09234132428359376,0.24714621976163462,0.06076536911791277,0.10927367567550801,0.038876237337033936,0.14201718679280811,0,False
58,0.05247204914373009,0.03224366538130424,0.14028330423533777,0.08136069488747973,0.08294757991525992,0.26191296485873583,0.05289103501588862,0.12509981528947606,0.03917698975200393,0.13161190152078373,0,False
59,0.07358716727158301,0.019850629953393602,0.15042409920652877,0.06504877453255489,0.08255210777281381,0.266005373799448,0.05293953876078417,0.14373614023076378,0.04807660432705855,0.09777956414507147,3,False
60,0.06844178453713393,0.010141521826445054,0.1487994250191864,0.08036374055812037,0.07832934992994983,0.26384054500290754,0.07295886333331283,0.1370867359967199,0.03025790793323518,0.10978012586298885,3,False
61,0.06622383994490035,0.03109858690872268,0.13718386530231746,0.09319985398805014,0.08762617664142182,0.25396201369177546,0.06920201636311614,0.12151293204847818,0.031674891391373465,0.10831582371984427,2,False
62,0.04937615361184414,0.004325433031447168,0.1457556684010137,0.06896001425363986,0.10439534278514666,0.22826126675436356,0.07351574661957563,0.16000499728308798,0.054552857471457654,0.11085251978842374,1,False
63,0.0708650257152985,0.007965027964260525,0.14224066493917417,0.06944048182760552,0.10378781523991101,0.257350599576694,0.07553196810748483,0.12946249662127435,0.03372347639913734,0.10963244360915977,0,False
64,0.048670925354360024,0.0385994354100703,0.1274965143257503,0.049806759072975465,0.10310639316890068,0.2439479346251992,0.1059205074612153,0.12187033219086063,0.04178345514035188,0.11879774325031627,0,False
65,0.07529170964201393,0.029994398841467353,0.15290337195955114,0.06641102271584753,0.07678108105501283,0.26678057373517167,0.05976043897483373,0.14152282310545677,0.0311865756646003,0.09936800430604467,3,False
66,0.06461319899750394,0.033520171109049535,0.1409002116303063,0.07564561673393351,0.0721083539770505,0.2587362111699889,0.06757125956591169,0.14145510987349857,0.030537009597967842,0.11491285734478927,3,False
67,0.04737607908255731,0.030405230499103514,0.13502442088281766,0.06794941269509382,0.10347766838211697,0.2621907198424693,0.08683047972073914,0.13508529480344017,0.009860245391015583,0.12180044870064673,0,False
68,0.06537752895244406,0.012765820797628495,0.14760112657134447,0.06281707142537754,0.08359767895502679,0.25231249050486193,0.08691154260514296,0.11972578320758354,0.033781716494081356,0.13510924048650888,0,False
69,0.04856465225871053,0.03875421790674421,0.13334815015261706,0.07106815415099935,0.08003883015036291,0.24186521030349942,0.0691155615086573,0.13389036948594238,0.05437653664538982,0.12897831743707705,7,False
70,0.07572244421469317,0.027895099339380097,0.14159147470500927,0.07657714271683357,0.09975894373126348,0.2610389367462139,0.061362124908147984,0.12460504896043866,0.032492091468172765,0.09895669320984714,3,False
71,0.06542330462940463,0.01106689224925068,0.14431348348747686,0.08030855864981042,0.07503466165514278,0.24265114755572206,0.07144523760998232,0.12240779133538474,0.04689034519161785,0.1404585776362078,0,False
72,0.05331314204957772,0.005849996088012051,0.16255197308050603,0.05929562457517924,0.09986195237687424,0.23594687329346342,0.08114780673236147,0.14252497080986348,0.0570744159504714,0.10243324504369095,1,False
73,0.06131283900723344,0.01822443337252567,0.13860518246885042,0.08907426445044109,0.07728023470263676,0.25129158788433104,0.07375412963252956,0.12676580555957967,0.03147675208874293,0.13221477083312946,2,False
74,0.041423182170801355,0.006959391104232407,0.15967257749032807,0.09541277740318431,0.07161959181443105,0.25840666738265866,0.06820809127942104,0.12848342344509814,0.03766326902300225,0.13215102888684274,2,False
75,0.05811938361210544,0.035074789842635304,0.13230208441663738,0.08864323493504295,0.08615407124508132,0.2555787792932343,0.07708528180218403,0.10749026814131268,0.036440426779705784,0.12311167993206079,2,False
76,0.057322592023191725,0.020251793260289832,0.15702858204099873,0.08152520077036271,0.07866156976699139,0.2733691378900828,0.0787879397958636,0.13542967091012606,0.01839344246678901,0.09923007107530411,3,False
77,0.04827525627024502,0.030704825662432215,0.14480455437469522,0.08968993372109194,0.07984047502701523,0.2645374131893203,0.06152450027356331,0.12728130137872215,0.03453612463297967,0.11880561546993496,2,False
78,0.05817696579326036,0.030006642948746526,0.1299426209052347,0.06314678443071912,0.092789306094521,0.23581019982090776,0.07583311680075287,0.13111387050829013,0.03133205051985679,0.15184844217771085,0,False
79,0.0547717299614013,0.02935628643938069,0.13861214199119107,0.06809531276129828,0.08570897482093635,0.25782408987082805,0.07890035986222957,0.0948714990895125,0.05839646220112655,0.1334631430020956,2,False
80,0.02589274614275127,0.029845036677652873,0.14956833532501168,0.08551846265315742,0.0916524384941916,0.27249345147168674,0.0691858976721023,0.11704992507625253,0.02795613217322665,0.1308375743139669,2,False
81,0.06204784582979251,0.037735345450132116,0.14297678440207326,0.06370528949456675,0.0933684348801122,0.24762532767414078,0.06573273140936603,0.12822483270033494,0.03888080344699625,0.1197026047124852,0,False
82,0.05031316353706427,0.018479257313157527,0.1416601376557747,0.09537332849067226,0.08633256664063811,0.2437624687961161,0.06949675653309514,0.12992871804616155,0.04343576726617705,0.12121783572114321,2,False
83,0.06513612018900042,0.02879104435489995,0.15114897978083014,0.06265409881360988,0.08498290928873972,0.2564699810493109,0.07401808869022256,0.12775014305888666,0.03798451944097614,0.11106411533352352,3,False
84,0.06731734849773645,0.04666139683873715,0.128061022249992,0.07048934724787924,0.08105663263222367,0.24598758990527517,0.05812849373846825,0.13456105331573798,0.05234442414447446,0.11539269142947571,8,False
85,0.05643765045988481,0.03802091455740882,0.13749740210795242,0.09921079528712404,0.06218937743295551,0.23293869509452453,0.07960574947444063,0.11702354348023976,0.05556867147930792,0.12150720062616155,2,False
86,0.057306815963075144,0.019477610300066405,0.13423717752098402,0.06858442644536998,0.07734671520573606,0.2564158993830926,0.08227842530500913,0.12661845405230762,0.05604349305691733,0.12169098276744185,2,False
87,0.03175062912232333,0.030748084374677118,0.13002811726907823,0.09665045152342343,0.10195999985017712,0.27635840571214226,0.07276988788491434,0.10750309004233345,0.025392203024575045,0.12683913119635565,2,False
88,0.06883142239680672,0.03272968204398878,0.1311117889178476,0.09178882541189512,0.08091480334273779,0.2569050932491407,0.06068132865340911,0.13373335410670406,0.037844608495441176,0.10545909338202894,3,False
89,0.07953842274281965,0.012995101525310119,0.14354844009687895,0.08137793884523974,0.09929761298013198,0.24347614855375935,0.07389837557068549,0.11539434076767544,0.03877884066685282,0.11169477825064661,3,False
90,0.05963857625653657,0.03690184723503057,0.10957067737179722,0.08111065481128174,0.09559977021886659,0.23920559678917563,0.0782157702962042,0.13575233121316577,0.03515101806060776,0.1288537577473339,8,False
91,0.09008347671705483,0.02869430325174711,0.1408723686538201,0.07630930017084889,0.08715722392985323,0.2521607022771627,0.05743309915060875,0.128883175213739,0.023559827707877023,0.11484652292728838,3,False
92,0.06984700106757488,0.018582787289057906,0.13540349384841813,0.07260518035331896,0.07870996791797283,0.2511756314818857,0.06316166381747508,0.12198888698323608,0.046569069831538926,0.14195631740952147,0,False
93,0.05040707032033875,0.03633143672121226,0.15483936926731198,0.08295358887780008,0.07935004663876362,0.2534105306154564,0.08443887849805165,0.12314478490794643,0.028181365038336497,0.10694292911478226,2,False
94,0.0580350396246649,0.03367595149467481,0.14446141440737786,0.0757982783663924,0.08632088366574713,0.2644852471071345,0.0804463049158355,0.10035099296781679,0.03527490524871603,0.12115098220163999,2,False
95,0.05084965091244561,0.05060488726718738,0.12277781413255834,0.07648822880304694,0.07716123436003794,0.23653269658855436,0.07303549225260397,0.1300572015806205,0.055115688018414974,0.12737710608453,8,False
96,0.06721855459434287,0.040154356561192976,0.12907536853190454,0.06232543393338355,0.09574204212006819,0.256305402129997,0.07179683107625713,0.12961092767141263,0.032734520240234585,0.11503656314120657,2,False
97,0.08219630279834143,0.037781800559875456,0.14240707569731045,0.0859645110713078,0.07184161552352396,0.25087134450083964,0.0684480012273407,0.10692518721884595,0.04212897676777408,0.11143518463484059,2,False
98,0.060389364230993156,0.04653773941472055,0.13931886443537814,0.07776825832531212,0.08163598852943861,0.25274578022970295,0.05545611941845463,0.11455635278689133,0.039642130443270536,0.1319494021858379,0,False
99,0.05659809433632202,0.045964054040437526,0.13869955536778364,0.07592526800842603,0.08430801193084514,0.24705018921376612,0.05689425850773865,0.11396165930019543,0.03240316634147605,0.14819574295300952,2,False
100,0.0671309868867689,0.04048513854990451,0.11672497547332407,0.06745140234526324,0.09340283029127847,0.2552971674721473,0.07859294463443335,0.1260726190693368,0.042937079020788416,0.11190485625675475,8,False
101,0.047352895340820114,0.0445077477365666,0.14552645363564806,0.08093368786833863,0.085856554108401,0.240695085910764,0.09441325012963214,0.11886543590244392,0.00623329233808669,0.13561559702929887,0,False
102,0.04120532567555177,0.029992883288782815,0.13647912151233177,0.08302516080911522,0.08667602920378349,0.2459612705658579,0.07444616895754165,0.1414284315955947,0.033055173132475704,0.12773043525896496,0,False
103,0.050357576818396574,0.032766576401583175,0.1468384734271116,0.07440709307121626,0.08505063892478779,0.2567794076744763,0.0829620330192825,0.10339498147913403,0.05175688265430344,0.11568633652970839,2,False
104,0.05948115441930387,0.05506257412308091,0.12279877489787516,0.08274092937892631,0.0851364053766788,0.248121365540086,0.07064371412132023,0.11484201639145074,0.05664564409537838,0.10452742165589958,8,True
105,0.06849198971898393,0.01323691621131332,0.1259242797782773,0.09106191219564701,0.07975718778494469,0.24982060080420718,0.07247177470476164,0.1349243060317129,0.045523440062797633,0.11878759270735452,2,False
106,0.07827723747972444,0.01901987709878077,0.1507047380164244,0.07181568738007525,0.08206910602180593,0.2615377208266526,0.0648894789429615,0.11793584405665297,0.03428686632731184,0.11946344384961034,3,False
107,0.07504397704692817,0.0335295860490784,0.1301705019798307,0.07291268622512863,0.06997630022678805,0.2370584741155851,0.08406215560927591,0.1200322524360589,0.041328766390413496,0.1358852999209126,8,False
108,0.05484434659527186,0.02640953719832771,0.13662433812787914,0.07068979485558606,0.0748930098770175,0.263854023006101,0.08885100722892467,0.1301952403510892,0.03282613201239385,0.12081257074740911,0,False
109,0.046257895556677094,0.054912965667420724,0.13687951075673288,0.08350130940244349,0.08536969346668045,0.24503601401511926,0.08411907208167438,0.123468683243601,0.037184049076413934,0.10327080673323688,2,False
110,0.061513429204282974,0.028578403408808527,0.1416003697765214,0.07702935067060449,0.07498526030232214,0.24601875987955257,0.07917937332462667,0.12257802829907498,0.05307034125877091,0.11544668387543537,2,False
111,0.0700611112667844,0.0,0.15880507646735184,0.0622186011941624,0.12002992659742094,0.2591450012190505,0.0679131163225383,0.12695940164980268,0.038885990050299815,0.09598177523258916,4,False
112,0.04102079330903443,0.02935693296607488,0.1448041619158365,0.07013553478007802,0.11406083746303376,0.25436193501352317,0.07579084941853861,0.10549262433665463,0.03818758709857098,0.12678874369865498,0,False
113,0.03919470792327183,0.013612108000456733,0.14260076717180464,0.09513880039491207,0.07989804546806453,0.26778293403335557,0.06928957481129498,0.1315833853086682,0.03782549102399514,0.12307418586417626,2,False
114,0.04302685207630832,0.028099618194149245,0.13242973207429248,0.08474934198915232,0.08556990031039184,0.24935617084230585,0.078058678976959,0.1233224874028355,0.04400819772991254,0.1313790204036929,2,False
115,0.03243759529782153,0.012567540830277764,0.14288370229517422,0.08814014134796985,0.095689755513808,0.24324213542843334,0.09827571342020423,0.1338706697557158,0.02962186478329021,0.12327088132730511,6,False
116,0.06944210977982518,0.04250759864684419,0.1256384183634382,0.06724894589508641,0.07907146777424873,0.23951245253421755,0.08319135655358456,0.1033429012495009,0.05256278923656109,0.13748195996669316,8,False
117,0.05513058748735043,0.04562348400960284,0.12726099029291543,0.09136769863497923,0.08716564440143394,0.2596412833819988,0.08054212381410307,0.12494336148608054,0.028261722567421325,0.10006310392411445,2,False
118,0.06515635783460837,0.03382875864513238,0.10476758006143484,0.09712171431838941,0.08808739431437151,0.23058833018640568,0.07018258511696882,0.13019750938580968,0.058856507891699786,0.12121326224517949,8,False
119,0.06724520378963882,0.04473307175433252,0.13292637986913186,0.07448944675232089,0.0807672044430115,0.25318367883497317,0.05313563343694625,0.12400593254638809,0.053812398713640186,0.11570104985961666,8,False
120,0.052245143473213664,0.031152038617528646,0.13074598430418816,0.0961539701549843,0.07143457259756049,0.2514504867468882,0.08191997594907069,0.1255005237627199,0.03905543451521185,0.1203418698786343,2,False
121,0.06126297026411973,0.037484306680268614,0.1265093130751969,0.0740340919022933,0.08497352955969141,0.24755371068989887,0.08038890481494261,0.12365404925674053,0.035805776403407846,0.12833334735344026,8,False
122,0.05286642662514951,0.021102144771941514,0.15772499016823469,0.06393351822703944,0.0974787801469482,0.2613499587624021,0.07750164077163696,0.12361308905015021,0.02633517575202031,0.1180942757244771,0,False
123,0.055182178353324854,0.045220900210325626,0.12486312750876115,0.08815388241562101,0.08720178815785168,0.26265436343527004,0.04814996183680193,0.1272814283664739,0.03172679591508192,0.12956557380048792,11,False
124,0.06169281139135614,0.03180803710194381,0.14591563907410274,0.0828622238730526,0.0762927946033746,0.23577423345840698,0.06722769883925195,0.10269245534423506,0.07795226502995033,0.11778184128432573,8,False
125,0.06508298467445546,0.04327867469209903,0.13667747907328714,0.06345346501775041,0.07990844786936056,0.2591339758913115,0.061283980915050856,0.14186811548035066,0.059469636670787134,0.08984323971554727,11,False
126,0.05685152305360042,0.030807178295017026,0.15781427424065253,0.08854387039940183,0.0796089918918013,0.2441505855950875,0.07168919716567014,0.12547296469083735,0.021531335938026877,0.123530078729905,2,False
127,0.051018756403617596,0.027948422697942704,0.14645552036206602,0.10348221659779432,0.0783900264988659,0.24779854766743226,0.07851220246199782,0.10194606009546489,0.0442031131885346,0.12024513402628385,2,False
128,0.0637642603228551,0.031625313452660404,0.11403649593164157,0.07405733422176212,0.09236714982245545,0.23730096262128242,0.06428051541822459,0.13540038588048528,0.04615980407421874,0.14100777825441427,8,False
129,0.049133335372942503,0.035458970386341875,0.1312795044863529,0.08138340335199436,0.0908073864558273,0.2326931979262597,0.07648238440877284,0.11569660742095743,0.04770672573307131,0.13935848445747973,8,False
130,0.06274495311549559,0.03828183097707052,0.14074774392770492,0.08735199021565548,0.08004593431965254,0.2680448568243925,0.08052889771142493,0.1118811750605111,0.013759710802829913,0.11661290704526252,2,False
131,0.06040032168537617,0.04397686831986137,0.11670629774078284,0.07063556167258081,0.07545549726319456,0.250645298604668,0.05741968596400013,0.13343561757771444,0.06520190194067078,0.12612294923115103,8,False
132,0.07703203343930339,0.027858560836273655,0.12070477294266868,0.08520623915647392,0.0782078180682569,0.24826468637436488,0.06653472687428114,0.10932419869615194,0.054340179873739826,0.13252678373848573,8,False
133,0.06181573966942531,0.03195261232253121,0.14150725023102473,0.07770571485637244,0.08642892018359391,0.23487541317778912,0.09409389937032035,0.11217533111922535,0.054758270702018566,0.10468684836769894,0,False
134,0.06820061194718685,0.03846301029635412,0.11539760425030754,0.06924931997428178,0.07157922014109999,0.25483324596777057,0.07604107080463034,0.11427743703323964,0.058066159121552885,0.13389232046357608,8,False
135,0.046683009381248274,0.05335767835873899,0.14148433640951977,0.08487362610997734,0.0858977315939153,0.24575646599212553,0.05606723623380628,0.11031850657042204,0.04352201261903597,0.13203939673121062,8,False
136,0.07018616255348505,0.04638253170486036,0.14541322117124836,0.07533464132315928,0.07111792909285837,0.2464431934605925,0.05085175927090988,0.1225692417908568,0.04304037004932594,0.12866094958270333,8,False
137,0.04894909081125589,0.026607580840406285,0.1334364504027418,0.07355224788206328,0.08189618849025354,0.2541285529606633,0.08980541117675579,0.1251256052133485,0.04099724279566796,0.1255016294268435,2,False
138,0.07615274659418007,0.04275644585145515,0.128087048130217,0.06421530555321005,0.06844370255248812,0.25528903756158794,0.058827884171178034,0.11774998783373355,0.058734426717079076,0.12974341503487088,8,False
139,0.05789404515597256,0.01862488113986875,0.12989917662161532,0.07282671400799277,0.09917327328213013,0.26914638853122025,0.06555175847623734,0.12015501059667429,0.03920933745803508,0.1275194147302534,0,False
140,0.06663078980412213,0.043006585462941234,0.10065184685289583,0.09342138613929696,0.06917069730641216,0.2336273335671877,0.08271229683127525,0.12002964933497647,0.051400701802106964,0.1393487128987853,8,False
141,0.058579276709790705,0.041047554314611684,0.14197260858671837,0.06936591457316456,0.10142265516997762,0.25528771366694997,0.04144036237903244,0.12512829340331197,0.051063481494291886,0.1146921397021508,11,False
142,0.046569362366221535,0.04579522606838446,0.12514261888945316,0.07468147549032485,0.09574241918407488,0.25202471450342046,0.05241262412019721,0.14631490907418118,0.05443141991306409,0.10688523039067817,11,False
143,0.061337698356221666,0.034527288259495484,0.12024476657409079,0.08362018513010673,0.08310244346668252,0.2424850168343333,0.06360087710476899,0.11437235832718126,0.05968401307121609,0.1370253528759032,8,False
144,0.05545434555294409,0.04644624239247997,0.1432921929931087,0.07649398742198282,0.07294633232466359,0.26350328641305365,0.05529483133411593,0.1386791012905002,0.0572451167187292,0.09064456355842183,11,False
145,0.075289797618821,0.03154989810482097,0.11231846656233686,0.07443571794007404,0.07128599743897703,0.2400718265708599,0.06807491781888718,0.1286793408449772,0.061776998303899974,0.13651703879634577,8,False
146,0.05380797938395927,0.03314620878711886,0.12676767320678423,0.06976109798546144,0.09075946622314666,0.2456936057014866,0.07157814432114686,0.12941500164070133,0.05756232677232098,0.12150849597787379,8,False
147,0.06523099668045854,0.05125549093385497,0.12032535235798716,0.08784777399759548,0.08799153198480095,0.27814478522479913,0.04683989887920022,0.11706064724750456,0.02745290763331965,0.11785061506047943,11,False
148,0.06803764847296226,0.04904826429343152,0.13050757557070142,0.08383111216894004,0.08724730930033782,0.26846399449588104,0.03768551943144613,0.1295737239901886,0.04298468570619419,0.10262016656991689,11,False
149,0.07733759032168273,0.04062725053505209,0.1297959489901338,0.07068323638343767,0.08656666310473732,0.2622868589373273,0.04696221369687419,0.1272862829529372,0.04878784528824472,0.10966610978957295,11,False
150,0.08020944581328147,0.046922393720431374,0.12376813526324569,0.08153381198719863,0.07297583174644792,0.2492014811129842,0.06563643826878435,0.11855518921186042,0.05281146439697022,0.10838580847879567,8,False
151,0.06188807628850508,0.026644697050301504,0.1162952230883361,0.08154790882597505,0.0779070312247982,0.24307866575452422,0.07984656303744676,0.11250919146674183,0.06892504253044439,0.1313576007329268,8,False
152,0.047888179145617576,0.016810873735223286,0.16131420582910153,0.08176772819826332,0.08174451145412531,0.2543400882938499,0.07368244510970755,0.131747246372453,0.039878884604700245,0.1108258372569583,2,False
153,0.04650340729214665,0.062358307983193244,0.136580265340485,0.08909046167553038,0.07476048098310634,0.2509271309318483,0.059672562646505084,0.1339832697011112,0.035018520290666134,0.1111055931554077,11,False
154,0.06869357116553432,0.04313448868822791,0.11504116894342095,0.05956220355572993,0.07294839320999132,0.25068476982558036,0.07848235561191437,0.12356900596472356,0.06359566413776718,0.12428837889711015,8,False
155,0.07370582602935088,0.041167786522925603,0.1221201338608599,0.08000028532525938,0.07462248730400106,0.23924506801409978,0.0698124849810194,0.12101144155128564,0.04056891622615675,0.13774557018504172,8,False
156,0.06418943723708481,0.04768442359981342,0.14048927018684662,0.07003447647194344,0.06464901347279862,0.27001312420098383,0.06173487366288192,0.12952489656986466,0.04301796940765346,0.10866251519012916,11,False
157,0.07874594720055521,0.03841103503425802,0.12202598275242522,0.07481599810531425,0.0718138319957079,0.2323376179617013,0.08550013902573973,0.11086633661117616,0.047396630825017425,0.1380864804881048,8,False
158,0.07075064277884024,0.03135549963419052,0.130243038400864,0.07790236082834157,0.08383993164923646,0.25431025725383927,0.0764697580341007,0.10780944664270536,0.03195135968516543,0.1353677050927165,8,False
159,0.061604615478378595,0.039347598383986535,0.13182257203609574,0.07956928635271507,0.07811313254558908,0.27323024117620615,0.052191323421099695,0.12174733579198987,0.045457640963990145,0.11691625384994904,11,False
160,0.06290807663813787,0.033129278633619474,0.1171373641279934,0.0841449074885062,0.07517170561239904,0.25364807714690557,0.05963879240520969,0.14006935440021864,0.04318664445322846,0.13096579909378162,8,False
161,0.0864284826329871,0.02392462503967596,0.15180001344964114,0.07973950274640473,0.08268785438243835,0.2506374700011465,0.05778222502208233,0.13367233150628946,0.03321339840579284,0.10011409681354165,3,False
162,0.06801706639885949,0.051762302371258236,0.11060366273112483,0.07448238446783176,0.08465308928749005,0.2834899866671554,0.0564897791093311,0.12943379787058537,0.04077552298476028,0.10029240811160339,11,False
163,0.06260269851463182,0.06411107538304253,0.11669035881986621,0.0846647567041538,0.08227886645107686,0.24595060167007263,0.047898176292979336,0.1322929367216019,0.06175754422714475,0.1017529852154301,11,True
164,0.069173764500773,0.05380887582137454,0.13075551112646117,0.07691348184229606,0.08351476492692995,0.2629862873239797,0.041075353778200305,0.13185329117749223,0.05705237845958222,0.09286629104291072,11,False
165,0.07699831113574775,0.057436441840635566,0.12564968432500273,0.07580448254964907,0.0798250444992705,0.26886374125742135,0.037710877786339254,0.14443871808632447,0.022152378090760004,0.11112032042884928,11,False
166,0.052824645242394386,0.04324821626379423,0.12907607391001813,0.07641445030017475,0.09168595495740173,0.2433101196259581,0.07588860943279414,0.1148872850784841,0.044163016866873454,0.12850162832210707,8,False
167,0.050377185391813906,0.03629089813370747,0.13079074314183195,0.09885978946806262,0.08973961049331845,0.2784721593551731,0.049363958999998236,0.1288277347844282,0.035268327731206126,0.10200959250046002,11,False
168,0.06966739357797319,0.05962671840013877,0.14750901798215268,0.07319563538226703,0.06323902544468495,0.25144627555334137,0.04657697174429303,0.140684539469207,0.043850261282283934,0.10420416116365817,11,False
169,0.0721496193981617,0.05070837153871852,0.12239001130031489,0.09227275333407771,0.09086908415076327,0.26145544634797246,0.045408886863783665,0.11997588622314811,0.03397240551865204,0.11079753532440763,11,False
170,0.06004721608899107,0.04345198884926432,0.13494564206539833,0.08604673568154347,0.08680784386025463,0.27255731286030477,0.0394864968548905,0.12084719622380061,0.05394330146117548,0.10186626605437675,11,False
171,0.06582813006817007,0.03955067003462966,0.13355279418342544,0.057047877095655244,0.08283168153515208,0.24869538503539482,0.04931660208005402,0.12740272977338069,0.06979561220981588,0.125978517984322,84,False
172,0.08392147830345663,0.04503160011511217,0.11703385906006737,0.06565777513055034,0.0831285280115317,0.24289846722796235,0.0698378716913718,0.1129691634892467,0.05840315762845379,0.12111809934224733,8,False
173,0.07224896020607238,0.04133066900585472,0.11500932207645019,0.07655909595274843,0.08421784536407939,0.24677690846412073,0.08060314759976478,0.11179204925283982,0.048784057527694595,0.12267794455037495,8,False
174,0.05391087282726193,0.05586555789600504,0.14038343094459105,0.06770967075815916,0.08767769711066649,0.2577794390282357,0.07154576068872068,0.13975035169959943,0.03307578469521548,0.09230143435154509,11,False
175,0.06760489443066386,0.02816780550496537,0.13800191854130994,0.07165813019989664,0.10118589769178835,0.23139060840732925,0.07607816568557099,0.13662821678462775,0.026400906928981338,0.12288345582486646,0,False
176,0.05004519258752989,0.048895060908783795,0.13791459813920484,0.07796694774066028,0.08700517691325771,0.2691095331828378,0.03890261200765485,0.1348523382708388,0.03656504566853274,0.11874349458069934,11,False
177,0.036897580289189505,0.042674294327749995,0.1255007573000559,0.06959532259793536,0.08671931649334262,0.28917301109199633,0.05276082854430521,0.14902690725673623,0.04641406420754696,0.10123791789114199,11,False
178,0.06827613811156096,0.03176070046350278,0.12497700446565324,0.09340646184651806,0.0912018427684012,0.2720239082145571,0.03842720545825268,0.12756817973651227,0.04596810351701302,0.10639045541802868,11,False
179,0.06922397125389328,0.04677326201492709,0.13132218303271875,0.07403827559145561,0.09176394502573343,0.2747446480487502,0.046578352825488334,0.1314500350204891,0.03893355791772984,0.09517176926881428,11,False
180,0.06847718062672879,0.0433096033079327,0.14179953966672526,0.08708164482926671,0.08239703472237735,0.25285599839728945,0.0525476945759219,0.11843847722002177,0.046663892921001884,0.10642893373273409,11,False
181,0.052106885615063776,0.05946366983320772,0.10992020863555617,0.07983638939218862,0.08794974588032493,0.2622772489711491,0.06101326486674869,0.13467268635412083,0.06015167972254886,0.09260822072909135,11,True
182,0.06783308554866777,0.015521288290846716,0.12997406839556613,0.08454698376682687,0.0835798724525674,0.2480856374083026,0.07399144877986889,0.11189182437142461,0.04030461757891185,0.14427117340701726,8,False
183,0.07515992613399192,0.05797593148081133,0.12315831795532821,0.07128638997480287,0.08573612072690559,0.25653603279073905,0.045945985442612275,0.13687364550104109,0.03552375923115441,0.11180389076261321,11,False
184,0.05438447060507603,0.05190671824246055,0.13265098710704723,0.08282114931597098,0.07878438530680357,0.2755855632360564,0.04827815695159446,0.1292446450623882,0.03858178762375808,0.10776213654884445,11,False
185,0.06393500404155705,0.04829405888467803,0.10892257347686299,0.07073311799299552,0.07662713495238532,0.2557286837066554,0.08893375955849576,0.09831080242262472,0.04817674734141666,0.1403381176223284,8,False
186,0.07631733488713859,0.05070767540574824,0.13202756219405118,0.0822167000700636,0.10044159743478176,0.24609315469538273,0.04219197088537557,0.14718145315938877,0.019469622578560206,0.10335292868950934,11,False
187,0.06674533277474617,0.04666089176403739,0.13893837949447418,0.09065243102372131,0.07190674886514979,0.23670056994399097,0.06420013119615006,0.12797239974634367,0.05004629066429297,0.10617682452709336,56,False
