ID,strat_res0,strat_res1,strat_res2,strat_res3,strat_res4,strat_res5,strat_res6,strat_res7,strat_res8,strat_res9,ancestor,alive_at_end
0,0.10850323790391975,0.1345219889302851,0.06506190024381205,0.14944094779808534,0.039515779406255294,0.3432794879800145,0.0037185083089821174,0.04795520726533875,0.04871331121891083,0.0592896309443963,0,False
1,0.09778719180406972,0.1322496121184573,0.08476110007256071,0.15904392823800426,0.03738493996974882,0.34184990208135146,0.0004903387047830869,0.0418676971571404,0.04062452945300466,0.06394076040087952,0,False
2,0.09984556951324645,0.12196786788511714,0.07620089381836231,0.14743756515688508,0.04630797980142838,0.3256714122100565,0.01816035531729593,0.04817604820812803,0.05775075392777789,0.05848155416170228,0,False
3,0.10206716803027696,0.12343159726309935,0.06533065614550812,0.1687702939766712,0.017755945266166306,0.3502546520843572,0.0,0.06752917231733722,0.05464148395520867,0.050219030961375,1,False
4,0.09449882009442212,0.13959339661806797,0.0643420556492134,0.1540118923474575,0.03776430825847885,0.3561725564459163,0.004779900081170251,0.055506626538244945,0.03875299670657674,0.05457744726045187,0,False
5,0.09413633518661292,0.14850348057860865,0.07491517358609628,0.14585887669689257,0.0571773831106048,0.3264340569041977,0.0,0.0572833847551679,0.04035235099242519,0.05533895818939403,4,False
6,0.0981046387428091,0.12736874279679614,0.06285127473315695,0.16277262297460862,0.03410882952653567,0.32839326771474986,0.03458114394309341,0.04028630380563676,0.05379902857160136,0.057734147191012095,2,False
7,0.11083279238270564,0.1324882876849544,0.06837710476738705,0.12632601985447744,0.03753525693086521,0.34408434615922334,0.012578406829902637,0.050992340626924086,0.05276130394360022,0.0640241408199601,4,False
8,0.10329908691569387,0.13760679902091968,0.0663856021924628,0.15501717163850134,0.04742933176455126,0.33077057831496953,0.011976705589220907,0.037283720186318224,0.04413761754175532,0.0660933868356071,2,False
9,0.09537094873560056,0.12589836093624654,0.07568092175186253,0.15873898907012648,0.0381468402213279,0.35693613139163405,0.01735152826329572,0.0411393398536596,0.03894934964482214,0.05178759013142452,1,False
10,0.08125023540847227,0.12817791267158501,0.06754304015440396,0.1648393198240542,0.03751678216929955,0.3676872318150099,0.00642297727492176,0.043289745731357555,0.04367174804391426,0.059601006906981474,9,False
11,0.10674432622074265,0.11818931962284512,0.06553107729367776,0.15667666096693947,0.025372987972139414,0.3385903674885917,0.0,0.06741308777843726,0.06603851263114677,0.05544366002547988,3,False
12,0.10938339677310305,0.11426077367339262,0.07223576321194923,0.17951617403045772,0.0257230999746862,0.33891506631920276,0.0,0.07046202451793475,0.05114448236965939,0.038359219129614236,3,False
13,0.10301973352726895,0.12673752822759082,0.05322437200888583,0.15414559368965658,0.03578003512662774,0.3171952917189464,0.02375398034063744,0.07268368557969555,0.04574311216036376,0.06771666762032696,0,False
14,0.08760318735655793,0.1407063499377103,0.05502956315812512,0.1651552515323134,0.01925124426243652,0.3600302106172721,0.0,0.06591611119218177,0.06346424408436124,0.042843837859041695,3,False
15,0.09286744503970823,0.10556541319886366,0.05827932032812607,0.1622846830454693,0.03909478208895128,0.35480530330059107,0.0,0.07939587600432478,0.05706770565749516,0.05063947133647043,3,False
16,0.0969075231925183,0.12377823318909299,0.06131941229763413,0.17890027873179173,0.039606051683871484,0.3556669018742271,0.0033679867559041365,0.04409223410183951,0.0347720866765389,0.06158929149658172,0,False
17,0.10911020217606156,0.10682498848990785,0.09734719524057604,0.13840834997006218,0.04956619120281151,0.3147437971764181,0.006705232468090419,0.05040440533238804,0.04666773013413343,0.08022190780955075,2,False
18,0.09480131426641462,0.12111634383078368,0.06814448791393614,0.16870431176759512,0.039035756201987376,0.38738464817753615,0.0,0.04678170412388622,0.032193903597126615,0.041837530120734205,9,False
19,0.09986329420481554,0.12150133486601587,0.10539764905797536,0.14370040694008912,0.030649312986377363,0.3227028939627607,0.01750987576520426,0.03605981917940519,0.05693543915667288,0.06567997388068379,1,False
20,0.093693780758078,0.12273658548762482,0.07562109695016299,0.17618884532745188,0.04627612683564808,0.3011692818692646,0.029659988112034966,0.04465049552574464,0.05673020897433918,0.05327359015965082,6,False
21,0.0964051088225861,0.12791628145943038,0.08959607025267048,0.1619076467049185,0.04297575676544962,0.35383330152515086,0.0,0.04016466192941648,0.04172869131191881,0.04547248122845885,1,False
22,0.10727077493396474,0.10340424177626703,0.07951973136917562,0.14771347760290257,0.04391389485324968,0.31859045570284106,0.009210413935319012,0.053892181902157256,0.07098661878963897,0.06549820913448416,2,False
23,0.08710450616217913,0.13195228208813606,0.0673883152089243,0.16334478544595973,0.0238601712774968,0.35572149167987815,0.005983944327719126,0.05681154331041694,0.04349666859548339,0.0643362919038064,4,False
24,0.09374785892899988,0.12012136664139951,0.0646003026850843,0.15981271568803374,0.03269817360088738,0.3538829128731549,0.0005055846719859792,0.06601952116225612,0.0693682505470065,0.039243313201191815,3,False
25,0.1032440571964034,0.13698890485908544,0.08235082164990072,0.14972122542273208,0.03989116635366143,0.3489595044131612,0.0,0.038757746258351655,0.04402726536211551,0.056059308484588566,0,False
26,0.11071855213576035,0.14241955082865385,0.09684829874577439,0.15771639792451408,0.0354186348577972,0.34175924397596746,0.0,0.027278659427911328,0.0347312713941218,0.05310939070949957,1,False
27,0.10045042389547332,0.12772341353777922,0.07604922597405993,0.14865351037857844,0.04603154425393351,0.33708287908529805,0.0,0.04598185413714521,0.0658312028048781,0.05219594593285423,2,False
28,0.10543746050639854,0.12821116416419215,0.06482359264188227,0.12119139134496139,0.040202218717088366,0.3354612555386211,0.01595790578338216,0.0643714169101258,0.056964890438088125,0.06737870395526019,7,False
29,0.08305228309073916,0.13712810519585317,0.09309658669432004,0.1564266193688089,0.027731126581596512,0.33784092880162214,0.008219723528537622,0.04741583478853845,0.04678862662945945,0.06230016532052472,1,False
30,0.10054982691724311,0.1477099734306817,0.05239218169109003,0.14694087907082393,0.04798313836244223,0.35649829142389317,0.0,0.05730943994245777,0.0394591698018731,0.051157099359494945,4,False
31,0.09791541952509128,0.13367996519962502,0.07801483378355586,0.15452026558978055,0.02988157531906824,0.37032460018874164,0.0,0.034966858259074224,0.055179898920599754,0.04551658321446334,4,False
32,0.08948789998441255,0.1412354645447881,0.08415588907122103,0.14726004985417881,0.051866764773824764,0.34357883081553675,0.00032705505545834373,0.036659740075859475,0.0535490669380247,0.05187923888669549,1,False
33,0.1111567269787703,0.13796616131162104,0.0752295433636525,0.15689334402341562,0.03708885694646694,0.3346340419399977,0.011256907816039849,0.03397062545614324,0.051854338570277984,0.0499494535936149,6,False
34,0.09785495898199109,0.13215327690393752,0.06804796101791284,0.1213520957883978,0.04004465136803172,0.3283988494585841,0.018977968992912972,0.06913593442018486,0.06002978766017334,0.06400451540787382,7,False
35,0.09545474010467228,0.15332728018531358,0.06588230498036439,0.14290182151499747,0.06022746237721115,0.303698065924964,0.0006321208692549722,0.07239846691933316,0.04475172005465484,0.060726017069234126,5,False
36,0.08857159139708307,0.12458775133762331,0.08687753114488055,0.14935054739346273,0.04755124184344806,0.31357049472250254,0.017453850541333343,0.0565392838927931,0.05167101924898619,0.06382668847788694,6,False
37,0.09793018028235038,0.11656919099459236,0.05879435492976661,0.1500394480966208,0.05556653053714138,0.32513895833270606,0.04104106884863495,0.041417634314509545,0.06200947023426297,0.0514931634294149,6,True
38,0.08858620295693434,0.12003109715000701,0.07671160137464197,0.13703491454926936,0.057484772655672214,0.3296402120835479,0.022371554037330228,0.05640826084060777,0.051605537099737156,0.06012584725225189,2,False
39,0.09370528330659118,0.11538252575418478,0.06937254582660275,0.19383607563888522,0.005882828618736278,0.3252069187950553,0.029412810301459036,0.03772343203861807,0.06547563328442432,0.06400194643544324,6,False
40,0.12108118586442324,0.1425613649499315,0.07541657290452403,0.15212766795058197,0.029084856734775448,0.3259492019070462,0.026606975760362757,0.02648474315574184,0.030924854638192535,0.06976257613442048,6,False
41,0.09403328313862261,0.11221231515668866,0.07875486074714673,0.14708100439350844,0.047534414429207,0.3298934731188673,0.017662638826542055,0.04093019673049228,0.06942714069946451,0.062470672759460374,2,False
42,0.10638341870519707,0.12676008792015503,0.07126587245362331,0.14272263611505134,0.05986844906623951,0.32689670957062683,0.0309997467116216,0.03044033733789696,0.0468219991906962,0.057840742928892123,2,False
43,0.10861230631238733,0.14209951122694348,0.06558334402017668,0.15572052935828423,0.043845291990217854,0.3447946672195483,0.001872945984896057,0.03191005844432591,0.03197137923503714,0.07358996620818296,8,False
44,0.08865641505955536,0.14154592293879803,0.07199105551238028,0.16069977419789544,0.025428818660783236,0.3400884894578004,0.03167496175244241,0.048484075491550586,0.038329225810946,0.05310126111784822,6,False
45,0.09173101752462687,0.11285008265728774,0.08762917270503918,0.15011615242935938,0.05237403191353887,0.3337857314083199,0.011994957064232852,0.035964699344231216,0.06422877779154712,0.05932537716181691,2,False
46,0.09571720541927826,0.13578069599323653,0.06498666810666981,0.15278096449010678,0.04276160710613294,0.3422684707333904,0.01712398137437929,0.04195369875686044,0.0569438010615147,0.049682906958430806,2,False
47,0.10072755148094023,0.14381948252350776,0.09695716846922907,0.13487557980635415,0.04145516991750393,0.33268579683379945,0.000959202361215468,0.049562273365104256,0.03319220624393284,0.0657655689984129,1,False
48,0.10080827371135666,0.0996323445780186,0.08405660359179888,0.16299603371412777,0.03940626598417407,0.34569458226850136,0.013599848723769823,0.047316817472909264,0.052146021522396245,0.0543432084329473,2,False
49,0.09105407363234495,0.13633810779732355,0.06316013455879202,0.163506591445759,0.029260392912970723,0.323164081598113,0.055317485953850554,0.03645952782722941,0.040155979899450314,0.061583624374166486,6,False
50,0.10660272160211598,0.12634647914089517,0.07121619112144849,0.12947717727879599,0.03655292443638904,0.35123442962007084,0.02001264745262848,0.04033589762104418,0.061893329862990724,0.05632820186362122,7,False
51,0.10581676619300816,0.12147969146059727,0.060820345265004745,0.17668421008120902,0.04134321526758705,0.32249196422564747,0.02918641133701479,0.030617388100544332,0.05408536783251063,0.05747464023687637,6,False
52,0.10145723933568146,0.15028496747667902,0.049762174497660794,0.16927492357326943,0.05428937546809212,0.32424033727899987,0.019114023344298816,0.026894117986275282,0.03119676214994824,0.073486078889095,8,False
53,0.09577757798810381,0.1285700235268934,0.07944735887157321,0.16701022337621124,0.048613553276130844,0.3424398340296793,0.007634260147666767,0.028250019317838708,0.04575539313355321,0.05650175633234941,2,False
54,0.12282795217313366,0.11587075496367213,0.07839021842887095,0.14506131536728453,0.027954341957225473,0.35593312564562085,0.0,0.05508999644330326,0.04976905450867422,0.04910324051221488,2,False
55,0.09324520708342696,0.12980375208099337,0.06874396083932385,0.16436496821735383,0.04451605140152098,0.31402600007686704,0.030340248941154495,0.049126741661722394,0.05888486619409939,0.046948203503537705,6,False
56,0.1007475504797027,0.12507010631174914,0.055045063304419314,0.1548238887011286,0.040403451838043,0.32876515865779077,0.03209287716099636,0.04827942261105469,0.07204682303417438,0.04272565790094111,6,False
57,0.09463100492705655,0.1356801107416249,0.07226146085964232,0.1522464389124938,0.027797646579867646,0.35266098358030196,0.0013474349946034914,0.05088456334761499,0.05607702558147838,0.0564133304753159,0,False
58,0.10490653731164447,0.1365892845866064,0.06237744662479494,0.15647564995870553,0.03248713041625406,0.32112721694645346,0.027663873184305285,0.048902642447347495,0.05330502769540126,0.05616519082848718,6,False
59,0.09835341479028478,0.14052431994186168,0.07067914332017051,0.15306024996266449,0.034122041035934164,0.33018436490263964,0.03700017562519244,0.026644121608162215,0.043425374999467206,0.06600679381362291,6,False
60,0.09600898541342251,0.12366760620190917,0.0583926017092792,0.18803114186118303,0.03676898345577899,0.3378422366250112,0.021543934014614928,0.026504316804432396,0.0541298135947143,0.05711038031965415,6,False
61,0.10422139879650197,0.1098854990865894,0.095731783031389,0.15343076208316134,0.041471980691872495,0.31203963466877876,0.0143176230644207,0.06033282070311049,0.043583323244321036,0.06498517462985483,2,False
62,0.1009958336084506,0.1309404630545787,0.06020220893183302,0.1673682273253038,0.03462616012789686,0.3377158941278459,0.015434826890922609,0.03722367007333938,0.04239716240549714,0.07309555345433189,6,False
63,0.09752214678497939,0.12838242919445442,0.07363804996903728,0.1385855792996815,0.049906859154450464,0.34119576191991596,0.008337127739089387,0.05167691886160283,0.05677085269773522,0.05398427437905357,2,False
64,0.08296094592237245,0.14675399080369772,0.05862622623129152,0.15730017449487932,0.0384090021321648,0.32025927569242335,0.026753547323551407,0.04849127507092032,0.05933961752017347,0.06110594480852566,6,False
65,0.10309315665547503,0.1247328870173942,0.05615090971056371,0.15432585563579293,0.0315393305859435,0.32482325987674826,0.05239303447215714,0.04058948631027362,0.04947587270873873,0.06287620702691289,6,False
66,0.08074307390750488,0.14021199550125493,0.048902147318672616,0.17836938821565765,0.03410813122593243,0.3130807207995303,0.04151075052984858,0.04930010702004298,0.05998262457970909,0.05379106090184661,6,False
67,0.07534418178649219,0.13919988044590056,0.06939291726913041,0.17798435788011505,0.04832281656545376,0.33251979793710873,0.039125189819862086,0.03204334321538409,0.038646725700638554,0.047420789379914535,6,False
68,0.09168049098164337,0.11813548119794266,0.0808269619243536,0.15099931827993635,0.04955576112789613,0.3478900792981705,0.0,0.04763636971371346,0.04175280710747786,0.07152273036886597,2,False
69,0.10584206629615128,0.13315374394555834,0.07221435421182808,0.1519972294562846,0.03866864948917459,0.3289289316234558,0.040077240687535556,0.027530249892609996,0.04561762777010306,0.055969906627298754,6,False
70,0.10745198652647912,0.1203602937746573,0.05429429587036352,0.1522308505111625,0.02635121225297069,0.30714080451418374,0.04955384657143093,0.06911481173556044,0.043760983693018785,0.06974091455017294,6,True
71,0.10366828307876821,0.127473125218994,0.07214337867304599,0.1578711480137199,0.048906562625613374,0.3140638195344339,0.01983539066955756,0.05574982072576468,0.061838668523373795,0.03844980293672855,2,False
72,0.10580710572381752,0.12278704133311892,0.06209086397776124,0.1543498084229651,0.03777905302287421,0.36099725901373453,0.0058620313663930905,0.0485106474211631,0.041741785444002845,0.06007440427416944,0,False
73,0.09339634552180669,0.10684124082443062,0.06452504981647567,0.14517086710191474,0.04168869149776989,0.32728556908453066,0.0486182186804475,0.059663075638049526,0.05320490626974125,0.05960603556483357,6,True
74,0.10362042271013759,0.11313059778937885,0.06526967119848741,0.1579286296757747,0.03504148407925188,0.3286008800540248,0.02232507154422068,0.054465354541382564,0.04809706834503797,0.0715208200623034,6,False
75,0.1132909561246051,0.11993713642770053,0.06892823399826684,0.16100165085483112,0.031173625357858774,0.3177644683180969,0.024313855418135185,0.059830350837327274,0.054333037045993966,0.049426685617184336,6,False
76,0.09210592313678681,0.13470577175992365,0.061431379260165904,0.16607183370251793,0.03303979879258261,0.32645523591733705,0.037546886542255443,0.04404378744069711,0.04159765105314371,0.06300173239458981,6,False
77,0.08633666122674744,0.13609871862267356,0.07703048517204518,0.15819666366286633,0.04154321839743118,0.34276411798590395,0.022237380331116663,0.03711476664158009,0.0496365742342738,0.04904141372536187,2,False
78,0.09884937942204772,0.12680901592156527,0.07351524830856722,0.16150461637701574,0.035424628171750475,0.31476439789428956,0.04312852040623943,0.04053144868952026,0.03879146977366948,0.06668127503533483,6,False
79,0.110324703472148,0.11790099300128824,0.05905292238634367,0.14498592394637086,0.06475452225739524,0.3208899170735607,0.012931827688427334,0.048621955294635276,0.05361432470240545,0.06692291017742528,2,False
80,0.09743751472151822,0.1300478078083783,0.07193917975397426,0.169104608177486,0.026763085145928064,0.32537799792396715,0.04507219724609875,0.03893852787081716,0.050154541883096294,0.045164539468735825,6,False
81,0.10064966749828973,0.1343410674776066,0.04595675596469603,0.1785046361064242,0.019830312558921676,0.31902079819366486,0.04573932328274293,0.04259105737723546,0.05801858461610265,0.055347796924316,6,False
82,0.08218330179031395,0.1317071249959123,0.08368654598100238,0.1600973003737921,0.04674780870756126,0.3435469222496397,0.033097301553907006,0.028003688101100658,0.03991204352962975,0.05101796271714095,6,False
83,0.0986060535728688,0.1186428595500169,0.07688560091228866,0.17502358966458292,0.01711809856334405,0.3168609553461812,0.03894490828902572,0.04241596715018604,0.06321213702296755,0.05228982992853805,6,False
84,0.09399217676560954,0.14178774667413127,0.06580727009162744,0.16132468740335523,0.02802727468864313,0.33214532084821347,0.032075543343081936,0.030485204333798723,0.07011934153882246,0.04423543431271671,6,False
85,0.09032335849107749,0.12023214660710822,0.06413241541652148,0.17172532311179814,0.052232401544018814,0.32492214114359974,0.026077599818482802,0.052563420456114486,0.05626085446396361,0.04153033894731497,6,False
86,0.10312389095324523,0.13277202337699212,0.06444456004173069,0.16024710205841558,0.03843516555373687,0.32464374212340935,0.050279892269032865,0.02965657832067405,0.04949631715199673,0.04690072815076654,6,False
87,0.0910488345599766,0.11075277549483391,0.05709827061050886,0.1644618989697931,0.052358263612378816,0.3321732342385576,0.04026009153326958,0.02181631402967272,0.0591932237288935,0.07083709322211539,6,False
88,0.10162992249516585,0.1296949783862015,0.0750544915118462,0.17820895991767258,0.02724405704125357,0.31820769822661266,0.033076779078830686,0.035224516728665216,0.06502134303520268,0.036637253578549106,6,False
89,0.11625260727345833,0.11941378433571599,0.056119251651712936,0.15272894756195127,0.03488303577266465,0.31919479342054485,0.03954710069585542,0.03317784565018303,0.05313661915879289,0.07554601447912065,6,False
90,0.10535200271167298,0.12124862769494951,0.06286892203217641,0.15065533973166875,0.0549549741327608,0.31183287564865797,0.025945522129331045,0.03692729868261418,0.06284864965740454,0.06736578757876377,6,False
91,0.10267104144406403,0.13102455381986583,0.07294905318956944,0.15589809226374796,0.02047225829857558,0.3180166127576816,0.029857567408456673,0.05359720216971812,0.06772769641600465,0.04778592223231615,6,False
92,0.08938860436835273,0.11467505772861118,0.07616522199237216,0.1607364234643085,0.02524482684507115,0.3111301340066239,0.04057203704973723,0.059481688936340545,0.05957320556261385,0.06303280004596869,6,False
93,0.09475625438055023,0.12970181013211945,0.07299388870800545,0.16942865165398052,0.038834673550932966,0.30664658093417013,0.03971115006381912,0.03245055546884474,0.068304781621991,0.04717165348558624,6,False
94,0.08670997872936104,0.1532017793210441,0.05458647963793287,0.15403104721401303,0.04375430623021001,0.31555439915772876,0.0427739283980103,0.04285978427189278,0.032116091567566306,0.07441220547224082,49,False
95,0.11794414506581899,0.13440882875160667,0.06833231116643076,0.16703626289754644,0.015720551815762714,0.3489159717613688,0.03422918780606151,0.030719371000454545,0.03677116903299433,0.04592220070195531,6,False
96,0.10047202276267797,0.13367457715946618,0.06774839936984095,0.17139719702208137,0.02828694704097507,0.3094294354424126,0.039412441405507904,0.03815939113885842,0.056256102209022,0.055163486449157535,6,False
97,0.10038576586708589,0.12262436632923514,0.06402078082345473,0.1597577133765277,0.028286373252591347,0.3381806162706179,0.04256455397462973,0.027554495714836046,0.05832437373638082,0.05830096065464048,6,False
98,0.0965496825017416,0.1410692511028656,0.044894674350547795,0.17555890171005958,0.04343793408683521,0.32925287939236325,0.0353316038815192,0.04024793874451685,0.05166271415197715,0.04199442007757363,6,False
99,0.09567142218794984,0.12083695548579484,0.05590476112593185,0.15610620815506338,0.04878395786136526,0.3152386266319287,0.042571326028604306,0.04696796413142139,0.05775450566468543,0.060164272727254844,6,False
100,0.09631929946894759,0.13435211550472018,0.04814691856277818,0.16186580884768398,0.04511424619081831,0.3386277069962351,0.03173225021739368,0.04491705823676275,0.0651272312835823,0.033797364691077816,6,False
101,0.10157922836836189,0.1335331657935482,0.053531347549457944,0.1605224661864527,0.041077428443771054,0.3224931180413145,0.03592098406329832,0.05085895682726811,0.048935831512248895,0.05154747321427842,6,False
102,0.09495911473263603,0.13559147240068772,0.058578751451451555,0.15853109657289996,0.03781975564474427,0.30996373031315655,0.028476187701473935,0.05109859886269335,0.06173702454860062,0.06324426777165598,6,False
103,0.09250081827019027,0.13234459079119468,0.050881710240819694,0.16719894973281788,0.032519924830643455,0.31210133333971907,0.038957194951768935,0.04406116876837546,0.05985531697673244,0.06957899209773816,6,False
104,0.10805051191817128,0.13663803446256684,0.06368366565494558,0.16578597671682588,0.036915429283199165,0.3185038725262592,0.04135009415654126,0.02407628627724915,0.041814033997151105,0.06318209500709036,6,False
105,0.09463298726168659,0.13012873104250328,0.06749847099800789,0.17066451482660194,0.035929650089923146,0.31626052979746044,0.03857002718630099,0.03952574722813371,0.052716112096660404,0.054073229472721564,6,False
106,0.08916828214874752,0.1313420844076704,0.048234332154887934,0.146469642981292,0.03833683656658275,0.32886278623355814,0.050985445018319184,0.052292600268546936,0.06450028544577696,0.04980770477461817,6,True
107,0.0973270258427147,0.13732918669603722,0.06651195349919174,0.16103182354610066,0.03115313665045198,0.3153013269602946,0.028966414252595333,0.03878971657687987,0.0701060930050227,0.05348332297071121,6,False
108,0.11479602737298288,0.1256494855812633,0.06502212376724849,0.1585112385559738,0.02311557133228918,0.3325030222483487,0.03948037180645442,0.030022148954604217,0.05320458058051651,0.05769542980031864,6,False
109,0.1130116494170897,0.11795783631044666,0.05291702707228354,0.16532913112556252,0.03438436918639885,0.33161139064900513,0.0398600649969373,0.019456541656188493,0.06493653856019274,0.06053545102589501,6,False
110,0.10635904710431315,0.12146139369897062,0.05102472489981836,0.17966381957334,0.033985440902175236,0.3348131337153041,0.04203293639018534,0.04192965342782611,0.042802586286391435,0.04592726400167567,6,False
111,0.10023294808190614,0.11341648234632803,0.07010267316408555,0.1687189762788178,0.03749900090656281,0.3461575727369332,0.02791314239914263,0.047327698017197155,0.03930440991142112,0.04932709615760559,6,False
112,0.0944638733511329,0.12411112286027569,0.065405903700858,0.15452297132755444,0.03571267843161098,0.31707473617793874,0.048729671415178144,0.04984228644871866,0.0484170316157407,0.06171972467099182,6,False
113,0.08707355156872915,0.1301999190562587,0.048112751792876274,0.1752825217082226,0.04408388397468002,0.31442542095632625,0.04279360143655661,0.03784951836537698,0.061515597415429155,0.058663233725544106,66,False
114,0.09760064240915835,0.12263406537481178,0.049447766666202694,0.16130700605280618,0.035303284786414334,0.32197981094094374,0.05074170856895413,0.044827630215441276,0.053732314261396644,0.062425770723870684,6,False
115,0.1073338088266791,0.13432951856938127,0.06978396170145373,0.17902945739660664,0.025042434767390865,0.3131799406740508,0.038153780903939255,0.04096408293904563,0.05559570458349899,0.03658730963795358,6,False
116,0.10076037607207465,0.1287335086279484,0.06327618538536138,0.1787677826622041,0.05305063651657088,0.3134758034362986,0.03536248581181102,0.03174400849709294,0.04562596825254543,0.04920324473809258,6,False
117,0.0978837173190866,0.1187807997530666,0.059599815116273,0.16911112321164762,0.036393389271150114,0.3273248063718903,0.035611873560950226,0.04924665952911973,0.04400977107821095,0.06203804478860489,6,False
118,0.10014583502997511,0.1263654500285939,0.07030332405591877,0.16041921903822004,0.01364017200855967,0.32647660268128553,0.03851460106769323,0.05937980745010327,0.0480797911481548,0.0566751974914957,6,False
119,0.09595518106908761,0.12130846336309731,0.08151221162869718,0.15191824943448334,0.033605005945283706,0.32751461260447357,0.02471671767848945,0.05460604367792238,0.05498585179373119,0.05387766280473436,6,False
120,0.0869337605835916,0.13426282630884873,0.07592370628404355,0.16516599353869818,0.043508471635772525,0.316529055900927,0.029630031064665052,0.03710505086381103,0.049557387049439953,0.06138371677020226,6,False
121,0.09798348287249176,0.14185811268529086,0.06827408960260208,0.16953639897811168,0.017452686000508897,0.32193870759500803,0.04190341574276348,0.036684497370433604,0.04212675350431633,0.062241855648473295,6,False
122,0.08270275830096253,0.12688366643308926,0.07438548895601262,0.15422927009574558,0.04841599260868142,0.34035471219817554,0.03643705475713119,0.04617629060826719,0.04223928406331824,0.04817548197861647,6,False
123,0.09453380262403739,0.11853322776743522,0.05234492652540291,0.16629455099330054,0.05299058821629831,0.3452579012631297,0.03765144025675259,0.034869502131457335,0.04366000803054142,0.053864052191644446,6,False
124,0.09859531995924335,0.15145417697775895,0.06691692941844524,0.1602594595035212,0.0438417693841159,0.3232135842652197,0.0268618468402488,0.023615633334173443,0.060088260596745824,0.04515301972052774,6,False
125,0.09773332572825802,0.12765554156281136,0.07295985733017789,0.1526028691203237,0.041672261774264606,0.33490956141962075,0.018272532956003958,0.04768917005037125,0.04643449296079764,0.06007038709737083,6,False
126,0.09797418199313888,0.13684303553452246,0.06377197881946044,0.17008838046463434,0.0394849257809273,0.32781715657902893,0.04600849478227595,0.027707580934032326,0.05192035809882822,0.03838390701315116,6,False
127,0.09017958973604294,0.1287625423765236,0.05198378487832605,0.1586865263095955,0.05357618604629582,0.32428862789764457,0.015419754863062558,0.047676182169436095,0.06527396513230671,0.0641528405907661,6,False
128,0.08728309294349139,0.1192596201127098,0.05276781900523357,0.189753257069972,0.03531840647301525,0.3221378796292746,0.03952280368899928,0.04239220970103347,0.05802954138267957,0.05353536999359102,6,False
129,0.09513823965534696,0.12036368289333156,0.057762448973570336,0.16135933980456116,0.03313380941645549,0.32488784759625755,0.032279498620575414,0.05553129218692055,0.047114006268207,0.07242983458477399,6,False
130,0.10382029881168343,0.11318579201847263,0.06701441305170068,0.1516926550110662,0.031005657077697108,0.3346057278796328,0.04144034999572373,0.03805324735645974,0.06370010654178446,0.05548175225577917,6,False
131,0.09147547835296677,0.1329008872518796,0.07533759601030965,0.16590185071510305,0.026372580490187543,0.3089879685014227,0.0708927230619712,0.026325837848702103,0.0361752264015859,0.06562985136587166,49,False
132,0.10260927019824337,0.1312955492221761,0.07489335257715105,0.15123627036640572,0.03163712031258451,0.32971337783480564,0.0361445519458624,0.03538256287307072,0.05685719998526933,0.05023074468443124,6,False
133,0.11440276509304925,0.14397114195087735,0.06374975327306201,0.16462752092325955,0.020830136255340106,0.31417216626384886,0.02465399206903408,0.028857305193011724,0.0585466972384122,0.06618852174010481,6,False
134,0.10167389005821231,0.12353453521058617,0.06609116327850781,0.16147213690449355,0.03353516756632654,0.3151840732033251,0.03901242866645993,0.054835054857728556,0.047921440322229086,0.05674010993213096,6,False
135,0.09906821052501488,0.12626965857303138,0.058063575758813046,0.17036511363096152,0.04246795572596845,0.32781762708372125,0.022970324297971016,0.03377440410639301,0.04776194092670816,0.07144118937141732,6,False
136,0.09212817380910102,0.1284760285942899,0.03336380028440293,0.17914008079200078,0.02878068672008437,0.3519693413488242,0.027435978755219352,0.04153090986174161,0.05668652906562664,0.06048847076870908,6,False
137,0.08252184876903373,0.13908928889723393,0.054455350195501705,0.16300633185797087,0.015285160899763842,0.31997961512543366,0.06940108458740976,0.04895581375322647,0.03785259208751245,0.06945291382691351,49,False
138,0.09974994991847899,0.11837225914152044,0.06514534784505761,0.1686891156723183,0.047262859316937175,0.3294428456517656,0.03256496553006988,0.04894755318186884,0.05470295494365512,0.035122148798328125,6,False
139,0.09612754480880775,0.11448061101338458,0.055573840601766775,0.1644926922527496,0.051605615321230126,0.33308802882244615,0.019259155505564972,0.049640786123605465,0.04297742193576971,0.07275430361467476,6,False
140,0.0961287197173444,0.12441892554219126,0.05691693308826855,0.1664748160387195,0.035332639524955564,0.34193972113259097,0.01625056338111009,0.03228801412168092,0.057823250887842834,0.07242641656529593,6,False
141,0.08660427851239602,0.12024669895352921,0.06518815050883549,0.15851896530534418,0.03801319841192138,0.31965043230119544,0.0410852310227067,0.043828928291264876,0.0656628397292519,0.06120127696355495,6,False
142,0.09598593900829493,0.14110471389864662,0.06065162095781887,0.15677078796678143,0.03631789102130684,0.3500365537346637,0.05619536736550321,0.016901186038026053,0.0299867029364099,0.05604923707254843,49,False
143,0.10558574969794268,0.11618539441883156,0.05047928297346141,0.1581914833086873,0.04540637155786166,0.3131900925390905,0.05653402985663937,0.04726886250497295,0.04650050163133862,0.06065823151117399,65,True
144,0.10152057524957309,0.11649327759777474,0.08001070668490226,0.18432746464417946,0.013364021243462058,0.33061776168361345,0.04609834262955007,0.03710738680236845,0.04696326660184077,0.043497196862735704,6,False
145,0.09386673047562807,0.11291719269058051,0.05463937639437177,0.16008600246578278,0.05144155759297813,0.3221446088903943,0.03127944139003952,0.03911627721847531,0.07197061517867988,0.06253819770306973,6,False
146,0.08924847346944376,0.13578242186444017,0.07262441293015981,0.1531250831066222,0.029365448691301792,0.3135249467911496,0.06848361883815181,0.031104290848025115,0.04849498896606227,0.05824631449464352,49,False
147,0.09145431085168958,0.13463482099702215,0.047147101971318724,0.1605565343199074,0.04667865952722801,0.31050529781607045,0.0823986042668922,0.01717168021580935,0.04189898841259122,0.06755400162147096,49,True
148,0.08420031416779444,0.13197228453347176,0.0556561252261815,0.16160226802827324,0.03915573491167741,0.31018021763513043,0.040635881216522625,0.04770668328271062,0.0548415568471275,0.07404893415111048,6,False
149,0.0924434978650112,0.13777092786876272,0.07898618664317764,0.16044042289242763,0.04461608025043574,0.3131926917535525,0.04801807378451019,0.016047289052744218,0.04192196078123645,0.06656286910814173,49,False
150,0.09993439364777192,0.13235372032118267,0.06716768204790047,0.16186013925517403,0.027393107083484528,0.3225301899322438,0.03703385916794583,0.041621815304943514,0.047497962792931295,0.06260713044642201,6,False
151,0.0789292767883249,0.1176693347378773,0.05151351531369632,0.1796552209363447,0.05058865128386359,0.33453296232833735,0.02426565384958523,0.05574959962932588,0.04560830927034194,0.061487475862302764,6,False
152,0.08140632764212162,0.14595882542542837,0.07539143885962117,0.15370107140474631,0.032110438372303554,0.32777762301571095,0.05728737555835959,0.03963093341736526,0.03152881700032651,0.05520714930401667,49,False
153,0.08953809436096685,0.13409317953691682,0.07020745647347458,0.14444802216005348,0.018885099300774463,0.32697619624374824,0.05920663671505527,0.04110334136507484,0.048900779846861114,0.06664119399707427,49,False
154,0.1027254887349476,0.12148081072788068,0.0573564138915137,0.15333733988326162,0.050783933884424357,0.33110667658046466,0.0437622962443322,0.030639884187164866,0.05876112151981362,0.05004603434619661,37,False
155,0.10159552163152566,0.12383334028656524,0.06689461117274342,0.16139766538950234,0.035215022547958164,0.3109084494943241,0.05767753367456421,0.03504909104730347,0.04193299580804646,0.06549576894746695,49,False
156,0.09826430301731655,0.1320603707960081,0.06341821658519571,0.1766145712864361,0.02662956987618593,0.32786723727446637,0.048872657660073475,0.023832886972717203,0.03725688851947361,0.06518329801212691,49,False
157,0.09786633914026249,0.13088438697430185,0.05828564569786304,0.16691684401126297,0.0237471318151355,0.31017396664724806,0.050180279289627476,0.04670711138136976,0.04655196939812984,0.06868632564479898,49,False
158,0.08344101028402258,0.15212541825284692,0.04408947392992233,0.17347458841390126,0.014317915082066087,0.31290348502956705,0.06484223374722277,0.024588059920186207,0.07818008964598527,0.05203772569427965,49,False
159,0.10214035726943935,0.13136181660226415,0.058596130341791675,0.164184925575488,0.026124715368004998,0.3318699295531637,0.04541925747795478,0.03877623361613719,0.051351442142758164,0.05017519205299815,6,False
160,0.09227976077252353,0.1283946999675608,0.05900464075049456,0.16865749656633466,0.030273367888164385,0.31433673596314227,0.058337911874782954,0.055670139578002036,0.046297722583098284,0.04674752405589663,49,False
161,0.07353090547508831,0.12962244633607858,0.062280038477845384,0.16926872971738977,0.022443790117122525,0.3254426120324667,0.036238715338821344,0.05123994942816365,0.0446580414145631,0.08527477166246065,49,False
162,0.09319220406965392,0.12242831506624464,0.05974359136164909,0.1694732557004394,0.023658640656506896,0.33254288926114633,0.028710581737504,0.06283457993031796,0.05284136837077526,0.054574573845762406,6,False
163,0.09538838566021007,0.14358984899458038,0.0626145084853098,0.16030111009134476,0.04094257477964424,0.32939176052223607,0.04031837759296821,0.024743223003702523,0.05104552278198334,0.05166468808802042,49,False
164,0.10470176960224097,0.12396245297081959,0.05463972474650852,0.16544506377123855,0.0206217100237699,0.316241909241666,0.07314493615072593,0.03480729479127544,0.036730219571012815,0.06970491913074235,65,False
165,0.09710821048725617,0.14051786800321384,0.05056964269492402,0.16504897744739874,0.031025892191701914,0.3211555492656451,0.055445271263179136,0.025256119749375684,0.05295735321094534,0.060915115686359954,49,False
166,0.08269702514287008,0.12435981629601836,0.071393197774437,0.14605384365083954,0.03618232812784961,0.314575009575479,0.07310658405472426,0.040303771451729635,0.039985210162799864,0.07134321376325263,49,True
167,0.09358881483745171,0.14612160414071174,0.05651684490451397,0.16917096750549493,0.022088787952834473,0.3183556081875715,0.05269710198732616,0.03895769597227155,0.03227710187386324,0.07022547263796061,49,False
168,0.08306887743312798,0.13904159338534916,0.0663737471008691,0.15597745514507294,0.03478789737364955,0.33260993233631375,0.05851482165817984,0.035708970385671814,0.028529186911664606,0.06538751827010125,49,False
169,0.09049128642550315,0.13350701824464645,0.06377292814455625,0.14630776520174507,0.0338361659179491,0.32238828837339534,0.05284078636813626,0.04026509151992307,0.04711676889950285,0.06947390090464253,49,False
170,0.09406506198961326,0.14644709327539726,0.06749814245824086,0.177208568398898,0.018737303992212483,0.31320617056505295,0.046453614948197774,0.033175192035831316,0.03964953914569681,0.06355931319085929,49,False
171,0.10446804958414187,0.15591528004220317,0.05299670723872308,0.14138333091553307,0.036285699337193264,0.31808033496232,0.04563828333866877,0.04509372945357491,0.04957556161865348,0.05056302350898828,49,False
172,0.10172811201766015,0.13812848136900258,0.051645670904914336,0.16730106718720208,0.024659088668810183,0.3347725001399643,0.061680892862226826,0.020374496574162692,0.043787109023225544,0.055922581252831255,49,False
173,0.09639526824020254,0.1300129599500906,0.04787495935423463,0.1529031738653878,0.02495312432965693,0.3460186720879368,0.058536607746505064,0.037096268335437346,0.0442701773109617,0.06193878877958664,49,False
174,0.10392461463349874,0.12292920463871286,0.05171688184805265,0.1424984660884904,0.03854334175612265,0.33511505545651726,0.04263071338686122,0.06131099545630062,0.04543823948241648,0.055892487253027257,6,False
175,0.10251919035052967,0.1418040591045312,0.07022697728354832,0.1654781862347029,0.012793267374698472,0.33802300800961316,0.05570670215456387,0.02951923045901945,0.04367337667542762,0.04025600235336542,49,False
176,0.09053820573881903,0.13134266358831104,0.062008499997541856,0.18795943253929193,0.03969100658483535,0.31678056267821314,0.04055473371889796,0.0495170725498444,0.03930288904622854,0.04230493355801653,49,False
177,0.08883342479900593,0.14118332413462908,0.07775421898921346,0.16166222183491613,0.025321694177900995,0.3130116539865011,0.04989181524496119,0.04028012585336107,0.04971858485204371,0.052342936127467314,49,False
178,0.1035164196803036,0.14355121942912505,0.03435802309940934,0.16722682410425765,0.024257473899043102,0.33722572868102857,0.04753555937847497,0.029018078224032618,0.062097617486659755,0.05121305601766534,49,False
179,0.09353621177923425,0.1425836436070878,0.055303230098398666,0.16997838589492378,0.023828503279706516,0.3400306026859405,0.046970327953210225,0.02095472390745316,0.043400882590218993,0.06341348820382615,49,False
180,0.09315523151845995,0.13894630860698404,0.06513921630149967,0.17228054130932768,0.029138835860857994,0.3304488200981035,0.04172191699217974,0.03665237513787799,0.028456381026746903,0.06406037314796253,49,False
181,0.08650538884437581,0.14518085053844826,0.057678353149048234,0.16305270630192992,0.023827811734331978,0.34103457754095506,0.06850673760740827,0.03433453844522458,0.023867673112851057,0.056011362725426846,49,False
182,0.08566274080928067,0.12658005468717667,0.0597866386533578,0.15395282582310343,0.0599654094575816,0.310303928303746,0.05581645472617576,0.04357832298980683,0.0473248272022965,0.057028797347474805,49,True
183,0.10270827864740165,0.09072246361464428,0.06542619687983714,0.1721405804533016,0.0317726032438354,0.3261414481808244,0.03771442548914789,0.04770606953256436,0.0696575884549076,0.056010345503535584,37,False
184,0.09074659004882693,0.14511663558692553,0.04855706747518651,0.13653660786626715,0.04152964956373234,0.3308920659193447,0.06716444749817423,0.034561653023341576,0.04449298083584277,0.06040230218235828,49,False
185,0.08940238604561801,0.13545279765851262,0.07120867598086614,0.15733392479143948,0.028153529450439092,0.3129697201258753,0.0607241519920947,0.039645285366884414,0.04999409522685764,0.05511543336141271,49,False
186,0.10035251392501932,0.13650918596110334,0.05427730938446554,0.15280967111511337,0.032007671257959856,0.30754572772683353,0.06850582496842102,0.04062126611668427,0.030267021871227873,0.07710380767317176,49,False
187,0.08822323880754626,0.14722957400481998,0.06503439270113562,0.15093476009765763,0.01769135689091945,0.33373015442555637,0.048879896567203165,0.030245289220423004,0.05267263954415098,0.06535869774058753,49,False
