ID,strat_res0,strat_res1,strat_res2,strat_res3,strat_res4,strat_res5,strat_res6,strat_res7,strat_res8,strat_res9,ancestor,alive_at_end
0,0.3994797642468503,0.07456618308777022,0.1271468252715185,0.020670265309488497,0.010042810316668689,0.04529152700139034,0.06651473645065883,0.14194098309572037,0.024200509967951138,0.09014639525198326,0,False
1,0.3965967047843933,0.07078848416569618,0.12569333387941398,0.01970006286196987,0.016343938789747513,0.047955046541261294,0.05970591512786105,0.12511290032379355,0.036294853489539064,0.10180876003632419,0,False
2,0.4074963795087758,0.07309324720134214,0.1175901578126144,0.008514516498636417,0.00723717960808062,0.04934201038489309,0.07220872149841111,0.1438750397835973,0.02209596701383991,0.09854678068980928,0,False
3,0.4084704460422717,0.06122540328690948,0.13347726954493935,0.02698643774317529,0.0,0.05126799337045963,0.06524089502875285,0.13384744066640694,0.031222709395302358,0.08826140492178235,0,False
4,0.424791874823528,0.0465153331477754,0.12774925151003585,0.0164757625288522,0.0,0.04639469231680018,0.08511593518036602,0.1324953110843151,0.028558622018835866,0.09190321738949131,3,False
5,0.40297824860459436,0.060359052597922326,0.12107183527410782,0.015048314843095356,0.020513232428996067,0.05910176648427739,0.06575551021731896,0.1362374547502088,0.027551014804114593,0.09138356999536436,3,False
6,0.4009805380394584,0.0727895317984753,0.12935360781420682,0.0028052582010890084,0.026357654838983908,0.0494982627284248,0.06437501878680789,0.12002070778621585,0.04106855561789124,0.09275086438844668,1,False
7,0.41987549326477647,0.06640707183103732,0.1331431030402882,0.016516494104735324,0.0005207702681478916,0.05318557321772815,0.05942042719753666,0.14578105989273585,0.019129885997915454,0.08602012118509875,0,False
8,0.4064159966015058,0.07394179843200377,0.1020475262529312,0.03264637661398241,0.011829369787495448,0.05295493071110982,0.06760879872805141,0.1481082841505475,0.02136859920399425,0.08307831951837853,0,False
9,0.3978360826496041,0.06459005477362519,0.1227131174630664,0.025477062033764698,0.002054176881598796,0.05933872310377547,0.05997743261139999,0.13659510330324154,0.035570368345881447,0.09584787883404235,3,False
10,0.37840539590427347,0.05601888502095091,0.13321796080955495,0.020435534367978708,0.0074641773553279596,0.059622816065729126,0.06496004244191114,0.15067121895279556,0.025766393281571525,0.10343757579990663,0,False
11,0.40497199706942477,0.07097894419140195,0.13490444541821936,0.01998670964453709,0.0,0.04945347411600747,0.07816604080269127,0.1224259722940119,0.031042319869635016,0.08807009659407102,3,False
12,0.3906545548906183,0.0725057407040872,0.11504810584185396,0.0,0.03448617259200096,0.04762681336363387,0.05695032929948378,0.13671213227516366,0.041577499141595156,0.10443865189156314,1,False
13,0.384906057831894,0.07871864104115477,0.1269679151033523,0.02180585258431296,0.0,0.04201149011132272,0.07310414184046456,0.1372842346140567,0.03138843260106835,0.10381323427237371,0,False
14,0.41873347710264347,0.06628933291807892,0.13314588268448616,0.023880099290917497,0.0020269438742940684,0.05571768923497029,0.05592415128254332,0.12354438669988943,0.02548430166219632,0.09525373524998043,3,False
15,0.42130235893905893,0.07391602392585307,0.11175650414592818,0.006036455711696321,0.0041015611624633744,0.05021444843342907,0.0746995777306932,0.14351803508479088,0.017744615206401932,0.09671041965968502,2,False
16,0.41239775539668433,0.06648870787362943,0.09178660930945537,0.007101865990468543,0.016459585963405847,0.06254428454512066,0.06884121014497643,0.15454945277868234,0.011808069224470955,0.10802245877310619,2,False
17,0.4099817966050371,0.0557932574292145,0.1165822462108479,0.02477393033721072,0.02956206204191831,0.05377287011092767,0.07041133112928909,0.14339697934180762,0.018560947691093774,0.0771645791026533,5,False
18,0.41097992904842545,0.06892410898970773,0.13841795247600402,0.00026488081998165473,0.0,0.03990557683508758,0.06306919793471041,0.13152222215302448,0.04676934813417767,0.10014678360888105,1,False
19,0.4048693703891687,0.06747603707588908,0.12530249988699987,0.02931540453773444,0.0,0.056284232184329964,0.06051779397159858,0.1251047573041105,0.035439481246608194,0.09569042340356067,1,False
20,0.40961889630801995,0.07995520710842266,0.1459165401504067,0.001301459397221733,0.021569124248842227,0.04652317202482306,0.05547364224645366,0.10633074945830127,0.045203941859406335,0.0881072671981023,1,False
21,0.39193673484484554,0.07437305340056828,0.11082940821458272,0.025595253233748772,0.02026986626378552,0.048007056984591547,0.07106115476548969,0.13749751332558965,0.025818107936951377,0.09461185102984693,0,False
22,0.4081089392318387,0.054104964177690465,0.14067937280958082,0.026201057447876687,0.006154632011098108,0.04251754375615612,0.06615331404204541,0.1266074122761437,0.031141873440362844,0.09833089080720706,3,False
23,0.40313561621613575,0.052956463704545056,0.12937525589585172,0.016564371463535163,0.012885099331124635,0.06283035868930645,0.05904030803425028,0.136099824895214,0.03471407469922871,0.0923986270708082,3,False
24,0.40683801489411237,0.071844363042339,0.11814232783845185,0.017542506515997924,0.012184513414812418,0.04234456868090308,0.07920483432570712,0.13602474455707025,0.015081752510631282,0.10079237421997476,2,False
25,0.42845799394604983,0.0690432007943564,0.1118414683054919,0.0009294393442241607,0.012802438566798068,0.05200373446998535,0.06474964046916419,0.13135836796168268,0.020952078680789608,0.10786163746145778,2,False
26,0.4038585689336164,0.055617431972951284,0.13010537389612029,0.013718662243421543,0.03677613221305362,0.06918420076079493,0.052660429631375495,0.12578668754080394,0.024073736395829562,0.08821877641203298,6,False
27,0.385305187471273,0.05088967134784103,0.1308362408782368,0.033332933038073394,0.02214691677262271,0.038451093221958124,0.0638068969748316,0.11284413505468996,0.05603768514979716,0.10634924009067627,1,False
28,0.3844463981587485,0.052891967304577875,0.1222232620061029,0.019648547172193973,0.023141862158711574,0.06960313159295071,0.0647049837325071,0.12890896932053802,0.0362542806175798,0.09817659793608967,5,False
29,0.3869542095248618,0.07697555649359637,0.1252870551744154,0.036701443086628045,0.012746086690503798,0.04016472161549788,0.07695877768073053,0.10195970730057376,0.04694758341570285,0.09530485901748961,1,False
30,0.4214275507925487,0.0431345452555075,0.13740479807625292,0.02176890682365187,0.002925044466015494,0.03524653715031407,0.10218223486286139,0.10927478841827568,0.03673315400515891,0.08990244014941368,4,False
31,0.391032352591846,0.07329153941921775,0.1369998139691201,0.017918355634967863,0.030471677885144443,0.054114193451952314,0.05765297836326555,0.11779058293803384,0.04086953205666388,0.07985897368978816,1,False
32,0.3890763196193317,0.08281317008639998,0.13364325755383547,0.006765745114493958,0.030158872325281298,0.03524827478574319,0.07541016228670928,0.13857568551491564,0.019998040376706615,0.08831047233658289,0,False
33,0.41114456256902293,0.05958106484623392,0.13056678592767432,0.021333522724243045,0.0,0.05638607634211003,0.04802743782335083,0.1280210942885829,0.0338347959378479,0.11110465954093414,1,False
34,0.41162884520376686,0.07493614719859132,0.13418368558106952,0.027144717886697076,0.01728520138303389,0.04126922460900239,0.061412537359978106,0.11338966310762372,0.023448305747323032,0.09530167192291407,1,False
35,0.4330473721271283,0.04441605033898487,0.10773468986671844,0.014570013479931821,0.02793615324088552,0.04291128795639322,0.05674873593348808,0.13717761917641888,0.03592543490712132,0.09953264297292957,5,False
36,0.38233300827879335,0.06519347720924054,0.12501159415155894,0.037632066434974264,0.016121849716612024,0.049746898163542205,0.06361172308634425,0.12974237325121574,0.024868789109193042,0.1057382205985256,1,False
37,0.39082783488326955,0.05868591618697824,0.11709401363736943,0.036041297197243596,0.008961986849834177,0.04845896248786478,0.06320064365659232,0.14046963691627984,0.03508555607248346,0.10117415211208446,3,False
38,0.3982627287408377,0.07061788399979534,0.14024660565802904,0.023127719903285434,0.015436027812785117,0.050539669952299804,0.05444826766228485,0.10404234023321746,0.036380937578182365,0.10689781845928285,1,False
39,0.3771112765295165,0.06536423862848306,0.11501578787203975,0.028042246791306194,0.040700232927111446,0.05888260962772667,0.06694107951123701,0.1422963313579387,0.02559355174858682,0.08005264500605375,5,False
40,0.4043115395194481,0.06386793487160392,0.110606243613823,0.003279785815077464,0.02007052710065768,0.06173718924658707,0.07502072994461488,0.15552410203093298,0.010960029076954292,0.09462191878030048,2,False
41,0.3890515271083861,0.07459004941094993,0.13230863813616928,0.01832120315206741,0.008010785613557931,0.03463378057911672,0.06210031269804312,0.13460058071548656,0.04226598585439343,0.10411713673182962,1,False
42,0.4175289682142701,0.062325413247066475,0.11050816371631464,0.0031586896321028654,0.020540777246736308,0.05440433291798602,0.07605102792343559,0.13463362421745304,0.02926616874572068,0.0915828341389143,5,False
43,0.3760428578285801,0.0741821218733396,0.1197988557874138,0.03275143711833439,0.027632665278654902,0.04450489115878664,0.07803441045494,0.12105368725920386,0.024790629135693742,0.10120844410505303,1,False
44,0.41703256673089156,0.06969789401357028,0.1332580313619785,0.02392060406388289,0.007039332661723309,0.0460308284700154,0.045602196952673354,0.129992299170259,0.03029007683951781,0.09713616973548787,1,False
45,0.41988467453389416,0.07200726366465268,0.12017803038096848,0.013172437745417272,0.02820300730335516,0.03478252408155252,0.05950449319455642,0.11663672487453669,0.03142163133275656,0.10420921288831017,1,False
46,0.3922825077634703,0.05349899890552238,0.14075035413418827,0.023919275449000455,0.022969181166581927,0.05869307841284169,0.04260529431776384,0.11590689801968686,0.04190116193735949,0.10747324989358485,1,False
47,0.39071003075530586,0.07555880390784943,0.11457509499072081,0.02917050902628837,0.023541150882201718,0.052646856585029135,0.06198292013789227,0.12676466084509444,0.02485952889610049,0.10019044397351734,0,False
48,0.4032553023199943,0.06624757813885795,0.1353772680759422,0.02044107328251883,0.028261325317747752,0.04618021572625113,0.058371138415534526,0.1265894824081871,0.031031640434103124,0.08424497588086306,1,False
49,0.4102173899952986,0.06441158729499953,0.10647079134353904,0.01660601502875615,0.013519380675666997,0.03645457933575639,0.055800091061706275,0.12437655721434468,0.053426454360712736,0.11871715368921959,1,False
50,0.39569867631538264,0.06956516981179704,0.12747913222996968,0.024844059871266966,0.01599881714388378,0.05175911036877667,0.0681677480692661,0.12322584808627056,0.03271757304292289,0.0905438650604637,1,False
51,0.38846181204800245,0.07888166926917493,0.10683417552219984,0.03682672021747805,0.015790875906316146,0.04193292562991678,0.05294198757145052,0.11530973815006892,0.04776345868409333,0.11525663700129898,1,False
52,0.3835900604562284,0.05569120810661319,0.12981126459559764,0.016220920224988843,0.026464231877575718,0.059669562278976365,0.06441599367934865,0.12876370281501284,0.0396364002214266,0.09573665574423185,1,False
53,0.4085994508781212,0.06575680601550668,0.12730447040076479,0.03438418723695582,0.0,0.049171339603268534,0.07732278415527544,0.13297727531731413,0.022270039506869777,0.08221364688592352,3,False
54,0.3824977913664835,0.08777205452104542,0.12000188484788987,0.01929801781998243,0.020027879220245508,0.04407296225304242,0.060661186591892145,0.1201460959352266,0.03960937212186137,0.10591275532233078,1,False
55,0.3837569311533628,0.09475608642592426,0.11768924370841591,0.02011001639065297,0.001417948453460902,0.054305916043717636,0.06968885306419291,0.11873745181562918,0.036418734155302154,0.10311881878934144,1,False
56,0.41450918845119705,0.07203589538552019,0.13739280923179706,0.0,0.022847065515436155,0.04900667570655922,0.06514810073124691,0.1083494216959787,0.040858521105511504,0.08985232217675317,6,False
57,0.3977462819640324,0.07480749029522137,0.12094547865651513,0.0011713972033471015,0.015081240870766278,0.05722158472245197,0.05726461529366492,0.1342226727951936,0.03721673841395744,0.10432249978484975,1,False
58,0.3784636077218244,0.07507189968512501,0.14332044073356767,0.029322424848972472,0.03147255671874695,0.057251954451456734,0.0569710535647729,0.11941714012362076,0.017918758201024208,0.09079016395088907,1,False
59,0.3778266132616384,0.048543468614356405,0.12309126877296729,0.02218100788536127,0.011439760354100032,0.05665728821756498,0.05232558105166956,0.1294146947877628,0.05436977851587248,0.12415053853870685,1,False
60,0.3772082153020306,0.08370379103562564,0.11789352393235278,0.029610736743969808,0.039000499844568874,0.05102573314546043,0.0512981355542903,0.12509943789607786,0.016809227128731483,0.10835069941689228,47,False
61,0.40385161272929504,0.07126982386954804,0.1323479827861385,0.019840332569927243,0.023113627544332254,0.030881780139274256,0.05144048742495867,0.11806786597431361,0.04649442603342521,0.10269206092878738,1,False
62,0.4035877976431334,0.05742150503791749,0.10984709319333637,0.01845992797756091,0.022188935577762074,0.052058275132582224,0.06489189224653824,0.13060860713933317,0.04320147125021257,0.09773449480162366,1,False
63,0.39080700407322977,0.0490668541195457,0.14076519466730944,0.022277384565752425,0.024253086829123742,0.049405825118911846,0.055186286938107044,0.11916523040763358,0.03663093538872412,0.11244219789166228,1,False
64,0.391810521197185,0.05959490493143827,0.12348136411094622,0.020117213143908186,0.006778880571198556,0.06157467261957555,0.06776565110459161,0.12286630305374506,0.03883266893680228,0.10717782033060935,1,False
65,0.3902997933549838,0.06302909765736882,0.11927697817086383,0.03108225284864394,0.0192243004670515,0.046962003263173756,0.07892911563916966,0.13904179557014168,0.034082788836514714,0.07807187419208826,39,False
66,0.423023379039893,0.042779779381079935,0.13538490432345743,0.028449189595579023,0.01937745151217488,0.046385477575030434,0.05922655928866103,0.13368249908888652,0.018040506545227188,0.09365025365001055,1,False
67,0.3994281576594014,0.06894051721972819,0.09267611004106613,0.0313236512849267,0.0,0.0644825551704941,0.0664977983949371,0.15583681239331512,0.03681849773076531,0.08399590010536594,8,False
68,0.3864498389735344,0.07749857528805869,0.13274398482107339,0.018459793767995336,0.0195063323663795,0.05116293099159294,0.04443582839761004,0.12102708046986775,0.03785864691109497,0.11085698801279296,1,False
69,0.3754551422110122,0.06999656907865216,0.1081702894795687,0.03234478025368248,0.03575367250631247,0.05517048100539818,0.05514097818040567,0.13248061651684492,0.034553715222154495,0.10093375554596865,1,False
70,0.395757891739895,0.07331307132081716,0.12053989217723526,0.014215118341665925,0.016313402942392752,0.04717301037438244,0.054705464430422346,0.1278522619973152,0.033310714707676777,0.11681917196819716,1,False
71,0.40045473290326056,0.08799227267259395,0.11395051989405894,0.007346790918636603,0.01022145335154818,0.0556515222860439,0.049420665459108205,0.15093576371572381,0.01987921167996828,0.10414706711905752,1,False
72,0.4013710643546538,0.06441070076477498,0.13174303389195993,0.020566449360758455,0.0112395070050947,0.05365931849640757,0.058117869763827074,0.12140631122886587,0.04164401202647121,0.09584173310718644,1,False
73,0.36659798857470277,0.05343719585819132,0.10825711803034768,0.0385095388135501,0.0446432360066085,0.054405210684695476,0.07254039133001168,0.14710428028875758,0.016299294449654497,0.09820574596348032,39,False
74,0.4119375058474669,0.060666521954992746,0.11764189731697658,0.02022630952237433,0.00872349834364774,0.06595239268544516,0.07321084504089527,0.13295418779008278,0.02480604388538531,0.08388079761273311,1,False
75,0.39960974868828597,0.043523284695917853,0.1212956420912832,0.02579080041560781,0.02768258062218639,0.04402317062904181,0.05813191525703842,0.10507211615082464,0.06382857028105149,0.11104217116876253,27,False
76,0.38046697163440935,0.07715168165379065,0.12368776980237982,0.04067203153219117,0.04854538527873656,0.04978187573570327,0.05065228489710269,0.13700683546705236,0.01348192406404182,0.07855323993459239,39,False
77,0.4002037248573976,0.0667406504472695,0.1332325683355661,0.027763061030589817,0.015193538265270212,0.05875212660673614,0.05285693280141531,0.12627334060190618,0.03301898967815106,0.08596506737569794,1,False
78,0.36686379128738683,0.0703087427722787,0.10772838390264666,0.027929939771403487,0.04437643965730854,0.06293451565258447,0.07896526540499348,0.1293317317938126,0.024674589094062113,0.0868866006635232,39,False
79,0.3922470520238626,0.07902519392025792,0.12724947040191553,0.02773235998820635,0.030458013385823643,0.04197123958079158,0.0661640232937339,0.11415697944210017,0.017555396295301916,0.10344027166800634,43,False
80,0.38368435283970026,0.06775087165406482,0.10765218504152803,0.013404196134770624,0.04133991676478594,0.05203823839035372,0.07602425095375219,0.13459451230189112,0.03819372660733178,0.08531774931182139,39,False
81,0.41413604854488245,0.08673491916485536,0.11095639417316779,0.020685892093727207,0.011713470549653396,0.040525070517929015,0.058963176296723256,0.12722137691165786,0.030611834463438015,0.09845181728396576,1,False
82,0.3699629600776746,0.07299563432564844,0.13151524360507713,0.013752910751733193,0.03603215112812681,0.07511338771389932,0.06688543850398838,0.12525562737932158,0.03963088863331321,0.06885575788121719,39,False
83,0.40271744833385453,0.0681691983271496,0.1465179972520119,0.035608467567268126,0.015128938027797112,0.04414386702681878,0.057704558192200876,0.11512488182588726,0.03170931851882078,0.08317532492819098,1,False
84,0.3941849822288919,0.052987353034143286,0.14343613417517512,0.030091153267006412,0.00745376242638126,0.05499106240759888,0.048283754479978666,0.11838856930069276,0.046909698132181044,0.10327353054795071,1,False
85,0.4045314724951153,0.043312849081662504,0.13696910814873423,0.014928634868914345,0.008979452774415458,0.026515433581973637,0.08144974878974531,0.11334529659362803,0.07050079299719546,0.09946721066861566,27,False
86,0.3822765162047378,0.08682920679794007,0.12647757890813824,0.026055128669612182,0.03265805714959765,0.046098042339038955,0.050285669206834756,0.11915559128950157,0.033220210533261955,0.09694399890133673,1,False
87,0.37655774081838644,0.06307147950886018,0.11966987476295023,0.027902672831153767,0.04468399576883386,0.041469283442539216,0.06618283707553475,0.1424418342922737,0.03257928427356997,0.08544099722589796,39,False
88,0.3941299162950869,0.06861378338801336,0.1275450341195733,0.02392836901934003,0.017178173022644336,0.05449312381717291,0.04787267511193816,0.13373238661707934,0.024918622069172915,0.10758791653997875,1,False
89,0.3765105059737579,0.07633899246875124,0.10542949420308044,0.02979503347770161,0.0347655615656919,0.05564615507354136,0.07477664084190098,0.14765585902577028,0.025213705444128046,0.07386805192567626,39,False
90,0.3846903994697802,0.06703260186988183,0.12080915284661024,0.05009685463935721,0.0141927854562657,0.04188029365844853,0.06680519911044716,0.13119105586857632,0.008503171631818756,0.11479848544881412,36,False
91,0.39448552875276666,0.05528065963239606,0.13649905431815948,0.03516500506899225,0.01507228279862379,0.0339544098009756,0.04171669459171882,0.11954779008902548,0.037901855037098066,0.13037671991024385,1,False
92,0.39125326874500416,0.05619856782198386,0.13658584459541176,0.014274256773912457,0.024346419663878103,0.06687391993736384,0.06315952452108545,0.141155445904092,0.015483474681667308,0.09066927735560115,39,False
93,0.40499273025015003,0.05039305494736806,0.12969929393437804,0.020249047743097257,0.027452385794372695,0.05505873713099179,0.06769731742697692,0.10335459534118831,0.04160337827442085,0.09949945915705602,27,False
94,0.3657407100099672,0.07482765975259494,0.10712107176735387,0.03573737537218729,0.03880679393257683,0.06324437299190713,0.0653364859951379,0.12788790752260903,0.019697346487800107,0.10160027616786557,39,False
95,0.35974602133338296,0.06008955711068527,0.12293602660358557,0.030934384715467736,0.034103535202859483,0.06583958457582241,0.06957913650242291,0.14953536347335833,0.037243796646711826,0.06999259383570361,39,False
96,0.37155946400919215,0.07641935966388076,0.11897577187094674,0.023280845985189067,0.010808447417334686,0.05622523220130888,0.07369287884854829,0.14475206188238912,0.03827563303904211,0.0860103050821681,39,False
97,0.37806937611186714,0.07534803513131984,0.13082819748462599,0.019453531279197665,0.04228602968739299,0.033455813487403896,0.07504112653682556,0.1500814053448493,0.010933033606834794,0.08450345132968291,39,False
98,0.3731491599545537,0.06562822365825034,0.12433997867351915,0.023180677458741868,0.025267247462496468,0.05867940477548101,0.07749889655525163,0.1483263115214206,0.018648307195593895,0.08528179274469139,39,False
99,0.3569601083270879,0.08476037716067623,0.11557237007449471,0.03601867692797926,0.049413555036504395,0.0687049047191191,0.05999689599791288,0.13560236327057795,0.026450156560302494,0.06652059192534499,39,False
100,0.41098110524107084,0.056613911598827914,0.10322579632773625,0.015514239830576353,0.04835944756312277,0.054466708221297296,0.06540660810976162,0.1560106295541931,0.020368495333311355,0.06905305822010262,39,False
101,0.3632843373891234,0.06213744230064404,0.11083234558981003,0.03157445277550775,0.04340251602372198,0.06620485285237428,0.06609500979208652,0.15264024695058478,0.02747793886901052,0.07635085745713667,39,False
102,0.3949509539237527,0.0766107552657736,0.11784086434223567,0.032410839624830864,0.008973193017240793,0.06209346810677862,0.06104441987424716,0.14249626396811385,0.01694353458253773,0.08663570729448901,39,False
103,0.35877471969198793,0.07148900629510996,0.12563464319150217,0.036859282342577376,0.030164998475330752,0.050698074576056046,0.05386911393209811,0.15247761314496894,0.03569450448761903,0.08433804386274969,39,False
104,0.379191642326212,0.07585534243283029,0.11142903018597163,0.021983195378890687,0.05038256497220322,0.06297984609788045,0.05691305182258387,0.13621421792285757,0.03345866319436296,0.07159244566620734,39,False
105,0.3849300688136058,0.07317389775876375,0.10571560703775118,0.018883838683687055,0.02807450283901004,0.059732115768912665,0.06953255809241811,0.1526112355747937,0.026684657877462634,0.08066151755359513,39,False
106,0.3833439655123354,0.07902652722568926,0.11879213937082819,0.02802793779608988,0.027534288305551886,0.05478526835846983,0.06634737424952201,0.14316801837061693,0.020120966841436452,0.07885351396946025,39,False
107,0.3775859249176946,0.07347224977673938,0.11312713250373932,0.04063684005796866,0.037986737044987735,0.058195780290630994,0.058430305964186115,0.14309722275556497,0.01739200874844745,0.08007579794004081,39,False
108,0.374827002926548,0.0561174132808734,0.11608361578082554,0.03188109318341208,0.03170529371133351,0.06115807237710284,0.07288754771430846,0.137122705900965,0.036781838521893914,0.08143541660273707,39,False
109,0.38295086001908923,0.06489303319049895,0.10917552878111828,0.010071393477630856,0.04752003764172125,0.051482342041883636,0.09518485855951737,0.14318455555915485,0.03489805344032629,0.06063933728905928,39,False
110,0.3784182679029396,0.07774996045838649,0.12294680830494549,0.022317212457285036,0.03892840319090838,0.05231113135020598,0.0775003886438242,0.1285615651678089,0.024526223514314154,0.07674003900938174,39,False
111,0.3740778411683485,0.08251038718388588,0.11939675209079667,0.04226228628851526,0.02960304525166506,0.06089221097335283,0.0504797550684638,0.1403641854178039,0.03605755246468028,0.06435598409248774,39,False
112,0.3646132181334124,0.06654350690641052,0.10978425987761593,0.03091520062665541,0.04070370195456638,0.05789561069141461,0.07915358034787373,0.15533344143978858,0.020230308346081957,0.07482717167618035,39,False
113,0.3626730370248936,0.05313588036300766,0.1274778370435471,0.044125553814192094,0.02460759069132055,0.029193609368612546,0.05891237082757544,0.13131022052552085,0.0687507051304033,0.09981319521092674,27,False
114,0.3647580530716768,0.0737959633334195,0.11137628746600918,0.03782752019137906,0.04257186453815587,0.06400392052225484,0.06349875304652723,0.13354091303699717,0.03252803642031217,0.07609868837326808,39,False
115,0.3881913524348707,0.06168269581933737,0.11497318446422972,0.027484743794543243,0.04902824485870309,0.049642178878333686,0.057639363957791116,0.13169021423304061,0.030981222967291337,0.0886867985918592,39,False
116,0.36194413566376543,0.06613167822945841,0.11710011314919307,0.05232401588702509,0.04503077500590046,0.04533496158970864,0.07709453621045843,0.1322839373949157,0.028240216727080745,0.07451563014249415,39,False
117,0.38880469362314735,0.05563855608228649,0.1185683769122557,0.02847116835134368,0.030591018702258485,0.04865366914037112,0.08032574476506259,0.15036521047003662,0.026333717687570164,0.0722478442656678,39,False
118,0.38605621094152853,0.06216210365736789,0.11551236169883758,0.036161847542046904,0.03204115944312587,0.059303052207780024,0.0649963797714184,0.12946603829148207,0.034939976029044806,0.07936087041736806,39,False
119,0.36809368570803347,0.07357275789333506,0.11417766378968087,0.01448369007059121,0.040048335633121185,0.05089840771964265,0.06817869133611736,0.15710201930912396,0.030035683876880735,0.0834090646634735,39,False
120,0.380336566555136,0.04852110808637025,0.11875447124554724,0.02392925637460223,0.03262524908581326,0.05163055312153507,0.07559545468483159,0.14677682698641079,0.04590470191123657,0.07592581194851707,39,False
121,0.3827183615079746,0.08661952781497506,0.111658899561939,0.02887295071314742,0.04816265845962577,0.050118405015784045,0.06763359647083789,0.14234740797615913,0.02270150546687711,0.05916668701267988,39,False
122,0.3867369493718976,0.046328594266614884,0.1083347152838361,0.045499763301080146,0.028908402789885216,0.05659955129774712,0.06552906919489161,0.1460387251822013,0.029535358369245316,0.08648887094260074,39,False
123,0.37755598099764637,0.06947421748813006,0.11723966333768036,0.03920457561647909,0.031947638284738636,0.0493333364215687,0.0772991492092769,0.13210539968684368,0.015613575248974906,0.09022646370866125,39,False
124,0.3695311877640005,0.06469757608460396,0.10644991352663821,0.0438812900063898,0.035852394280771784,0.06092169126628271,0.07832937243915222,0.14577535246306486,0.030874298069023025,0.06368692410007275,39,False
125,0.41098711827474166,0.06192863748220748,0.12801863271412733,0.019683530017525982,0.03488967400499077,0.051373616319572074,0.0695856988128597,0.15116691885503436,0.010449534161615365,0.061916639357325436,39,False
126,0.36855222387525327,0.06603779943804663,0.11978428943089008,0.028607360056825532,0.024767987087256815,0.07102308639788725,0.06385162633363448,0.13995762770414139,0.0289608739294039,0.08845712574666065,39,False
127,0.3768747420855327,0.07731569665706764,0.1292035363034045,0.04244688733948319,0.0254860774425218,0.05985684099491387,0.069342427786954,0.12715502666650702,0.020722527555517945,0.07159623716809743,39,False
128,0.3748707211256455,0.06913137672520502,0.10985153519679511,0.0401574086827996,0.051893283994790304,0.04647328965798159,0.06888137586030128,0.14211208395345984,0.011756781284506806,0.08487214351851495,39,False
129,0.38196618342685357,0.04850191722533471,0.10980827112625106,0.04168200504354066,0.04283290351453602,0.05112763003961457,0.0789098544043924,0.13664078411758898,0.033869888632735386,0.07466056246915273,39,False
130,0.3612932140529069,0.06976830225088418,0.12756237625540984,0.028468815572518062,0.039869593587293924,0.0638221727989588,0.06085667812160724,0.13530684473543222,0.04361566230592416,0.06943634031906468,39,False
131,0.37733543792562513,0.06010162512763784,0.11198088095081384,0.013892470939295168,0.04729619798692527,0.0571744476684519,0.052300476519100816,0.1631169598081705,0.029834003016581432,0.08696750005739812,39,False
132,0.39068962854880734,0.06882256697491602,0.11461450109655094,0.027192472390845213,0.0431080647270504,0.05390516673830787,0.056718210995074056,0.13460218221543171,0.02897115463497233,0.08137605167804408,39,False
133,0.3638180844368086,0.06366440751642376,0.12689670209965673,0.040583019762835466,0.047375931147122685,0.0575283919233406,0.052882249506613806,0.13905316377364899,0.034602331468025306,0.07359571836552402,39,False
134,0.37537093547077754,0.07437154275085861,0.10893951267698389,0.031440036502961906,0.03659561358405896,0.053837803126989534,0.07061001958373843,0.12092478205638599,0.035100104214438106,0.09280965003280714,39,False
135,0.3883144401836916,0.0627411922711599,0.11976989261491891,0.04676559400060056,0.023889574855093663,0.05745633055016736,0.07088391815481779,0.1324733038349025,0.005068713955200495,0.09263703957944712,39,False
136,0.3436376994349076,0.09502233077570506,0.11540080811218886,0.0285232020031248,0.027452039758204455,0.069426178104346,0.08198521423750811,0.1434190426456376,0.016817698108217823,0.07831578682015969,39,False
137,0.3591167677367831,0.06147504884934693,0.10554418707488566,0.02694528978735121,0.0551908652271299,0.06861414606044362,0.07819494869936064,0.13839476485135035,0.026057862060609283,0.08046611965273932,39,False
138,0.3928174838454556,0.04954864100996699,0.11282733419092492,0.029534897840658998,0.028636746388959546,0.06254244568758888,0.08150045531724676,0.13611314751551057,0.025268742013823144,0.08121010618986439,39,False
139,0.40806238750225743,0.05004318736437573,0.12837640559145067,0.03313173561705636,0.007532465860474468,0.03895359590078947,0.07835997973297174,0.11763314914965885,0.05172734846781671,0.08617974481314866,27,False
140,0.3748350120494273,0.07459773812964572,0.11022239329530654,0.021273150979854476,0.04817440405357339,0.04921686730963066,0.06618712277665059,0.14558919416157257,0.03980925550937961,0.07009486173495909,39,False
141,0.4075603052742059,0.05256597609577076,0.15380707476887195,0.027283015900047263,0.02206870754139204,0.04655383448138173,0.04323972028204299,0.10675667847962762,0.032602880928441755,0.10756180624821787,27,False
142,0.389797818599445,0.0709240922134049,0.13168020712784026,0.01816208806259873,0.04100505576834989,0.05281982724445355,0.06619354192856997,0.12497822652437325,0.03165236573138066,0.07278677679958376,39,False
143,0.35187389967469673,0.06219320738436817,0.11832292232553876,0.02669037742489524,0.05371151602853436,0.05788798876236722,0.0884026780325691,0.12259873994833273,0.024698353730637668,0.09362031668806003,39,False
144,0.38689118598205224,0.061878235349998256,0.11019824199757208,0.04178202446111422,0.03410525702182297,0.04597270388908497,0.07392626947717199,0.1334107960908654,0.02427332013855308,0.08756196559176482,39,False
145,0.36476200359775574,0.08770186429264877,0.10147953439501044,0.02726234734425069,0.03728027087040955,0.05679265500699059,0.06460986785476103,0.14405372318145165,0.028721589829136907,0.08733614362758461,39,False
146,0.3637223200795469,0.06126883510512723,0.10682484797637667,0.044294885663422205,0.04132511403147494,0.06358267408268337,0.07732166336678965,0.1386351185668619,0.010340332178115549,0.09268420894960147,39,False
147,0.39264904019904007,0.06617896475454559,0.12067980991795198,0.027246562985434927,0.045900661672347194,0.04428736957307289,0.06313566083581089,0.1341426549948397,0.03379204215974158,0.0719872329072151,39,False
148,0.36688001113148383,0.0727545557293717,0.11658639643583404,0.03592166017983766,0.04059547015848425,0.054611375958837687,0.0670747840114715,0.1466142050656562,0.024243859836475704,0.07471768149254748,39,False
149,0.38229321262273885,0.05860752247221124,0.1113014412447041,0.029949880857418867,0.04073731193533286,0.058080671493981176,0.06437421940127803,0.16117533762394234,0.00966805235983902,0.08381234998855346,39,False
150,0.36479046087585454,0.0674442087867091,0.1346295399838531,0.0340025963712883,0.03442402793730714,0.05442978110542672,0.07705960372034996,0.13103687238047704,0.021351281597781054,0.08083162724095312,39,False
151,0.38257238847582653,0.05318825421011118,0.10917019075542864,0.042771842573856016,0.035258172177919135,0.05767140785504754,0.056105520196976316,0.15032218920061294,0.02382147829653203,0.08911855625768961,39,False
152,0.3755533038953597,0.07417785875807573,0.10049322726206224,0.03914978394012388,0.04321423811477922,0.0667894384105544,0.06651555585635499,0.12663509531693487,0.027251518875107718,0.08021997957064726,39,False
153,0.39609720864640696,0.04477054129475219,0.1435088382477801,0.03623510861640216,0.02209594376688087,0.007488703373162285,0.05713370909121794,0.1124823396915245,0.06449954392880569,0.11568806334306733,27,False
154,0.37289149213763156,0.07437836173058715,0.11519705778487238,0.029516606108317942,0.0301427084736665,0.07416412211986063,0.053768002552521,0.16235844713622768,0.02006322700480779,0.06751997495150731,39,False
155,0.384183645908414,0.04844682786597883,0.11709284175679349,0.01969563289888129,0.05363372158278816,0.05705532980263232,0.07585315296932035,0.14447302118142438,0.01989726138110702,0.0796685646526602,39,False
156,0.3889690128763822,0.07052260934148687,0.10746753156068187,0.02654263006323014,0.034128890732325466,0.05483558318627737,0.07781255446705569,0.12623679890841222,0.026635603259611538,0.08684878560453674,39,False
157,0.3561664669317597,0.06167998746219499,0.11618442351178766,0.027730127160162328,0.0490250136097558,0.07136565807040689,0.04963545202173011,0.14203376345910462,0.04703613222206761,0.07914297555103021,39,True
158,0.40799997122883735,0.057490248644942524,0.11816366235681788,0.021803870782472385,0.0315611519616572,0.06845286440792554,0.054281673690332655,0.1464163976808351,0.015103484401321908,0.07872667484485749,39,False
159,0.3910317697667965,0.08991268150868768,0.13182528113469374,0.006721865340218784,0.01922866906270007,0.06243906648763964,0.04747144656303334,0.15372404329849187,0.027745574006217202,0.06989960283152105,39,False
160,0.3667062776837228,0.09151248500412817,0.10122093888683387,0.014653484187097488,0.04366737125584816,0.05721311301756437,0.0699579362252607,0.14701927893899164,0.03799229375464575,0.07005682104590714,130,False
161,0.37262678631206914,0.04771660967582112,0.10061067193795091,0.03010177443245577,0.05716602007830593,0.0599542975235498,0.07780996271131765,0.15290535194919655,0.03425077210261489,0.0668577532767183,39,False
162,0.3664426671352126,0.07953484062676601,0.09626732216137529,0.02772239730427311,0.028991368888453568,0.05511331263343332,0.08254345737217256,0.14302957656940737,0.027751262382725336,0.09260379492618087,39,False
163,0.38494919628007757,0.038905144153351195,0.11978396812080419,0.025303858979902324,0.058276767877636984,0.06222607214146541,0.06410285324094186,0.13958355570596073,0.038533788290467524,0.06833479520939219,39,False
164,0.3893945776194988,0.05680341070432169,0.11807701876561683,0.03147242172542984,0.04817648053406733,0.0745503944642411,0.0751757689528914,0.1323802918543656,0.020799572653426343,0.05317006272614093,39,False
165,0.3775906731605433,0.06329707337770607,0.12844430513641913,0.030660416743753742,0.03156203387307861,0.06204298070969866,0.06412416726179951,0.12766371959283848,0.022317255716536075,0.0922973744276265,39,False
166,0.3772014659298485,0.05840553014689181,0.12006083934795823,0.022247328801009054,0.03962827710704874,0.062403469503253345,0.07676162091540874,0.1409042190478664,0.02116418932173742,0.0812230598789779,39,False
167,0.38396088751099383,0.06050649835216184,0.12343307420098451,0.036172408845804464,0.05166058577022247,0.0350266297946657,0.05858772751784972,0.14324126199458573,0.012944026814352123,0.0944668991983796,39,False
168,0.37324388429864985,0.058584407355198306,0.12465368157892392,0.04475165718505844,0.011017800104293683,0.03907101979955849,0.06690682864263567,0.11624713488044558,0.04790032309680723,0.11762326305842878,27,False
169,0.38659654640653185,0.08916199163340247,0.12505579187159965,0.033578539607720496,0.04857302760680158,0.0453159199267218,0.058886027906040285,0.1346989635651269,0.00864104219403325,0.06949214928202165,76,False
170,0.3584209603591066,0.05894384696149984,0.10504435161953717,0.042593247523676776,0.040794686868513036,0.06714797317047334,0.07054581856367628,0.15378338288144078,0.03428524752093603,0.06844048453114013,39,False
171,0.3602666987084388,0.07967101804813392,0.11689528577243942,0.034398009253910955,0.04191737250548471,0.06130276304051672,0.06202758690486637,0.14758054580076171,0.006945233038981688,0.08899548692646567,39,False
172,0.40504181253348415,0.057403080094428974,0.1280975309563228,0.024901765993618406,0.023439683662855332,0.03527373504610609,0.05891888520007666,0.11650485892152372,0.04125432418593822,0.1091643234056456,27,False
173,0.37383438578562656,0.05856928981577149,0.10136967022600875,0.025856117779340628,0.050200840820065463,0.0668216668700902,0.05621222199572278,0.14388690377927113,0.04126500078466416,0.08198390214343879,39,False
174,0.37433578853385935,0.06443678131311704,0.11461136490515025,0.024522973303414918,0.04005659123871587,0.06315940973621638,0.07527301208335649,0.13632490312206672,0.031017555184673647,0.07626162057942923,39,False
175,0.37986271879792904,0.044687750276952765,0.10879687995331194,0.02927022367900503,0.015752727212221953,0.05369224615701017,0.06672847002575077,0.12895493073284509,0.06296056366269231,0.10929348950228099,27,False
176,0.3654832791202798,0.06412815700181057,0.11373604700344069,0.04657056014151511,0.055331786864561805,0.05365140316685209,0.05639035077773318,0.13865640015885464,0.030614002912638112,0.07543801285231409,39,True
177,0.36177365379309384,0.06424675994448636,0.10805111536295275,0.024325039338289688,0.039359699496424226,0.06707904616735674,0.06920825038558634,0.15355485536614205,0.02882261934261095,0.0835789608030571,39,False
178,0.40222913747397937,0.050117468444196435,0.11382738128359374,0.03077150896166802,0.04330167841274756,0.0438720684554363,0.06808758530474068,0.11373892563167216,0.02724380909934026,0.10681043693262553,39,False
179,0.3855101071239685,0.05785057494303368,0.10343191550833152,0.03245593420358458,0.0512731025117132,0.052598987903564154,0.05903269957500103,0.14005346374427524,0.03352347754804158,0.08426973693848645,39,False
180,0.37144727527832194,0.07151432435268738,0.12168302603996929,0.019372091602194653,0.03897262745316513,0.06069621604889361,0.07102137224758515,0.1473651018409607,0.01828342326328007,0.07964454187294198,39,False
181,0.386074374081314,0.0601723311219309,0.11045229550269668,0.03326245303467059,0.03736894174314244,0.06147405917339828,0.050710368656735116,0.1566201058711755,0.028929794376400586,0.07493527643853591,39,False
182,0.37424328771407156,0.06613426859657127,0.1048097746083488,0.03783174918382772,0.03286599789356516,0.0614817170786993,0.0572898864610621,0.15818875659226375,0.024859112324224057,0.08229544954736638,39,False
183,0.3840121027715413,0.05969326718107028,0.09746622155071953,0.032413814041071465,0.052576021812453154,0.047581302039955524,0.06592873744667457,0.1438644182187059,0.011889517157709239,0.10457459778009907,39,False
184,0.39790017685678336,0.061047421703534686,0.10323728679627832,0.024935274158051763,0.02891425597875589,0.05175639333050133,0.056420896659790984,0.16354053863143656,0.03422109215639526,0.07802666372847196,39,False
185,0.3857567051403761,0.06993999239392414,0.1146630902125272,0.0171297315111748,0.048489878424667295,0.04590463581946556,0.06970627538603992,0.13880101317459898,0.01870592225071323,0.09090275568651285,39,False
186,0.36594971849664676,0.07337534824106742,0.12273206699472443,0.025411450001295126,0.04625562659721745,0.04559597326251362,0.05883426461307866,0.1217622135112791,0.04775202449955594,0.0923313137826216,39,False
