ID,strat_res0,strat_res1,strat_res2,strat_res3,strat_res4,strat_res5,strat_res6,strat_res7,strat_res8,strat_res9,ancestor,alive_at_end
0,0.1433409529872692,0.06053309330079423,0.2127487987242217,0.07739851055625195,0.08967192758440382,0.027413040381472086,0.017738610310616104,0.2511087942604896,0.0010551177850654182,0.11899115410941595,0,False
1,0.12960345369067788,0.06859911986710232,0.21274065149775404,0.08206755483396229,0.06642240166235817,0.02895024892099476,0.010996080579134931,0.25815899184178204,0.0189234657794154,0.12353803132681822,0,False
2,0.12347393401212238,0.058638795697767726,0.21766506177424644,0.09262999742826171,0.06879660369011258,0.03713698732726398,0.010870480048728487,0.24443425840340713,0.005558823977816971,0.14079505764027253,1,False
3,0.13310232942518066,0.04197697545492743,0.21848605987887926,0.10344575927370571,0.06749157585669469,0.01651364293175583,0.00043997741861252884,0.2549359113728042,0.0,0.1636077683874396,2,False
4,0.12208953501507669,0.05739714748460937,0.22775961568922873,0.07212243444754252,0.07297782659877028,0.03585543174702023,0.0,0.26555319230610436,0.023871668026622172,0.12237314868502568,1,False
5,0.1450227368081712,0.08066532689663392,0.2032825099748437,0.05551268142033194,0.09854249981769575,0.01657378359357792,0.008523615411705255,0.26780510515824285,0.007300212597852403,0.11677152832094516,0,False
6,0.12359664642834968,0.0438887163728562,0.2054300220218088,0.10570595879294734,0.07561881831965411,0.04607492499761181,0.02096516135679952,0.23356682813434654,0.0061399291435727445,0.13901299443205328,2,False
7,0.13115179252830572,0.041532446796617335,0.2545499301538095,0.06878578628199893,0.05922851527001869,0.03852755732532541,0.0,0.2824654480277204,0.0,0.12375852361620396,4,False
8,0.14672224150168933,0.05115584950357049,0.20290205312063855,0.08060732063533212,0.09452310013475294,0.026934771949445005,0.013233458972591717,0.2672826561632803,0.014906174526607505,0.10173237349209208,0,False
9,0.10240400867561984,0.06478259673790726,0.23338189241794238,0.08114140341332321,0.07211818654539877,0.04733297954890076,0.0,0.2490111127807048,0.028788436191639493,0.12103938368856346,4,False
10,0.12291473448784021,0.062456324524002335,0.21757441458836815,0.08186418421765398,0.061636816571097736,0.03630681681455517,0.018924627791716792,0.2464346606288001,0.018414313459847228,0.13347310691611836,2,False
11,0.14087235031540618,0.07856007779764365,0.19743296246868142,0.09038313723150863,0.08079722846997336,0.026780992032697886,0.0204458870244505,0.24044476639483173,0.0,0.12428259826480677,0,False
12,0.16176913378255908,0.0518941313670914,0.1884083393166423,0.08389071980744087,0.08788225248755306,0.03346185433088449,0.019231882459848627,0.2441769604302169,0.0021350582625403003,0.12714966775522307,0,False
13,0.1317800860596679,0.05420404856171358,0.23341875506446383,0.08701096554593553,0.051377421068958665,0.024423682839526385,0.009555956405802306,0.25557329288357916,0.03798056879946448,0.11467522277088824,4,False
14,0.1324995617388435,0.05444264010619004,0.22691258201153844,0.0967040512837332,0.04834282891559035,0.0317105221989324,0.01711086161704843,0.22941411876728893,0.025716753535274844,0.13714607982555993,10,False
15,0.13491318659182097,0.0635937940148562,0.22492083743108218,0.06305188973725376,0.07119750520926238,0.03496541006860146,0.009344118715606555,0.27086557256361554,0.0107615754916723,0.11638611017622877,4,False
16,0.14484857919274993,0.07475135131596308,0.20156007241715107,0.08114301635608367,0.10617046475043666,0.022174246150914616,0.012236363934446083,0.23916717059841255,0.0,0.1179487352838423,0,False
17,0.14760135476782466,0.0866519125763017,0.21182531794721438,0.05795391348009331,0.10455846008366901,0.006864323311212399,0.0,0.2719959051911347,0.005632942374785513,0.10691587026776443,5,False
18,0.1170175032658519,0.061287776203043834,0.20632896084228228,0.07715016587879533,0.08562570742298968,0.02549253080952319,0.009741968625947827,0.2600985702340965,0.035395983263125805,0.12186083345434366,1,False
19,0.16700916800635277,0.05509596369562136,0.18803346630232376,0.07278064468611568,0.08864988155731866,0.03736808487566018,0.031021952867612692,0.24553851858299264,0.0,0.11450231942600222,0,False
20,0.13583820779052996,0.08249296928668075,0.2193243494988519,0.0602214130517683,0.09474842931495892,0.014316526515752513,0.0015797062091720223,0.2647378178595608,0.007723746048191188,0.11901683442453365,5,False
21,0.13825362019607407,0.0666842424921591,0.21790340053235924,0.08439157918126919,0.08740698331221221,0.03022983308542542,0.00876035864474645,0.24649824483003996,0.0,0.11987173772571445,0,False
22,0.1286313693554616,0.05711251390958224,0.2174211201363944,0.07282219894074264,0.08526703219140881,0.03832770210220438,0.0,0.2593838764872598,0.0066499992861247725,0.13438418759082144,1,False
23,0.13339742075417024,0.06720536411685461,0.21746342621997747,0.07477487371370242,0.05061674866592107,0.034427308942538634,0.023716460389838944,0.24545453950676532,0.026605628823026178,0.12633822886720525,1,False
24,0.11401093776002469,0.046644309487704684,0.22009318403737457,0.08911067749569933,0.07517995387623246,0.03632207149297722,0.0,0.2409702816292709,0.03223563464974926,0.14543294957096686,2,False
25,0.14311002994686545,0.07989546052870133,0.20541787105848186,0.09130073026808916,0.0741277760013303,0.01895084977748183,0.0,0.2505287223533217,0.018379769875196746,0.11828879019053161,1,False
26,0.11870844553677529,0.07338872597066698,0.2178176879984438,0.09215183820604027,0.06520085653466795,0.03101583734102762,0.00015589330463489396,0.2546544209158572,0.014862126236196559,0.13204416795568946,1,False
27,0.14001343330274676,0.06995005990710815,0.2044346451861629,0.040362658757786316,0.10159697975756969,0.027079707924621593,0.02011071874183185,0.27704624018466845,0.02480983409011243,0.0945957221473919,5,False
28,0.11350993995287052,0.05916431016156178,0.2220160171717448,0.12266834144172632,0.05172858255520458,0.03462296724874045,0.028863799770039677,0.22516028397680468,0.004308509970273097,0.13795724775103393,6,False
29,0.12410395939884526,0.04738308567831072,0.2126548887936951,0.10382020696138756,0.06301827233001286,0.0432030450188026,0.0,0.26400401144638624,0.01852529341772753,0.12328723695483211,1,False
30,0.12973902750407737,0.054766891984925,0.22959213484171948,0.07275280775684403,0.07686175286575035,0.03899633515019541,0.0,0.27245405559594976,0.01925534622119442,0.10558164807934427,4,False
31,0.12417761673994651,0.05984614073998868,0.2045334705750138,0.10156412624896956,0.06503906825106233,0.004401972689592654,0.024073249372596875,0.27006639415540246,0.01634869429892415,0.12994926692850303,1,False
32,0.12764282110552355,0.05965232875521352,0.22219719218758552,0.08502403366339216,0.06237501828135933,0.03652237506661063,0.02957603181352106,0.23849201884129237,0.004395282143590142,0.1341228981419118,2,False
33,0.1380804828252674,0.06629942435869404,0.22206105675554952,0.061606159105443176,0.08304658390098318,0.03038737266062417,0.013901499403487304,0.25636483895001677,0.0,0.1282525820399344,0,False
34,0.1271228724614668,0.062447801270535105,0.2035443278495331,0.061775520364923696,0.09733087122055835,0.04277434973745154,0.043488422216699914,0.24036721204087458,0.006033402679166327,0.11511522015879046,0,False
35,0.13581154380794971,0.053628906799122036,0.21027020088340828,0.06914830186692957,0.05728561954190637,0.0345608414970362,0.014567564628681206,0.27993085428711884,0.019360144760184994,0.12543602192766284,1,False
36,0.14709530100358043,0.1000047980020196,0.20654992017958815,0.04591392376184934,0.10374585025271614,0.004384940669497541,0.003206138725877096,0.2666895239337364,0.0029371900175611952,0.11947241345357407,5,False
37,0.1555484655748596,0.0605575792836961,0.20830408459763158,0.06847044013531729,0.09572815683883355,0.01723521399883847,0.030964285535634815,0.2353089300495152,0.0028079915679191385,0.12507485241775415,0,False
38,0.09602829339019672,0.06900332433443371,0.22654234937524811,0.05829830148306211,0.07696110659397808,0.045467140501256054,0.0,0.25371364160823917,0.03467519787023002,0.13931064484335612,9,False
39,0.12455149279846449,0.03410548060008027,0.19357622242381406,0.1162712141689176,0.06710400600959679,0.045696732185379126,0.01917122104415782,0.23290001972393135,0.011137028669217416,0.15548658237644106,6,False
40,0.11106081093067316,0.06312469462541313,0.21892118936559116,0.06376808581532352,0.07250063211685327,0.03928038857297325,0.0,0.27592109640097434,0.03061766574939574,0.1248054364228024,4,False
41,0.12939265597936317,0.06453080906324134,0.22389936642866698,0.06638513431559015,0.07778175765966176,0.028806591381246076,0.020649127829804437,0.2639989548354541,0.009185746779128414,0.11536985572784351,1,False
42,0.12389101935557481,0.07853199343933086,0.2153316522215656,0.0716572359720583,0.06679072507106562,0.035519514930261155,0.012461182386562202,0.2591154544618695,0.015195304838082136,0.12150591732362993,1,False
43,0.12916745127161894,0.043631354329360265,0.2102511302712627,0.09808745430470812,0.09378667301450731,0.03264827775989241,0.013840654660120563,0.23059222828244186,0.0,0.14799477610608788,2,False
44,0.13928466721233596,0.08569959836902102,0.19398201612429206,0.07851829958328985,0.07628211180694311,0.029776536465601543,0.011036944993653115,0.24174444082134294,0.0149696788288768,0.1287057057946435,11,False
45,0.13194110658313088,0.033184689804079716,0.2196678611213941,0.09911216929034172,0.06359723860159804,0.021676843166135263,0.020375282800139477,0.25249575990792944,0.0,0.15794904872525145,6,False
46,0.1522283753681221,0.041815980276134215,0.21880728600589935,0.08609782443174076,0.08411998814553526,0.02183469503688216,0.017684936664153758,0.24519084937729005,0.016607384651658192,0.1156126800425842,0,False
47,0.11772981394176157,0.05740393924441117,0.20824238351721877,0.09776692399057889,0.07279888450161096,0.05157392722726712,0.012404539087827094,0.23915105587194888,0.016667908544445553,0.12626062407292996,6,False
48,0.13232311279293682,0.07384073026729641,0.20589594079157328,0.07240896388189376,0.07230163084859376,0.04247138948264949,0.0,0.2600413455635168,0.018526159351363557,0.12219072702017612,1,False
49,0.12264783565028872,0.03970347964928371,0.21501302784627932,0.10805726074234556,0.055455079456701147,0.04700469123529702,0.025218418784106935,0.22414095953464266,0.006808626857949656,0.1559506202431053,6,False
50,0.11118163121398754,0.06972606914089545,0.20804587496197555,0.07482511956990137,0.06460445621083866,0.046909923895474395,0.011979874761263555,0.2714439976372527,0.0325726918687681,0.10871036073964266,1,False
51,0.11200256103079743,0.04655683989856548,0.19768023703337131,0.10033001724953819,0.08745778945970045,0.04409508000866861,0.03157240154001936,0.22011918328846491,0.024099294861137727,0.1360865956297366,6,False
52,0.12353270847447305,0.025907924568326832,0.22602889069768273,0.10158952610291684,0.07502468760844942,0.025537277757083563,0.013622536052880914,0.2573961945432793,0.012313463953543276,0.13904679024136402,2,False
53,0.1382656075693397,0.06160435069209657,0.2171752530284123,0.07969311448502307,0.08142853877113694,0.03756833128636278,0.012605663444047371,0.26115843928768023,0.0,0.11050070143590102,0,False
54,0.10702441242416376,0.03932846472835964,0.19901032892505754,0.10973006505393551,0.07013765559490079,0.044311223079451414,0.00830853420743423,0.257554446743482,0.0,0.16459486924321523,6,False
55,0.12651777992293087,0.0650042344621412,0.2337991330993108,0.0723670627370541,0.07808777519440503,0.0296557941730583,0.014848092739340462,0.2459792639704293,0.022506098287982144,0.11123476541334776,1,False
56,0.11913923977477933,0.08266897525127376,0.21445251576337104,0.08279012012586597,0.07002653108195692,0.01892598068170723,0.036839796580030656,0.23437810842008006,0.007757870744371071,0.13302086157656404,1,False
57,0.12452435226372958,0.0673416703659123,0.20302984170685737,0.11477507519696659,0.06838927192627343,0.029931977482537155,0.02922761876436596,0.21826299528743479,0.0078011250913665375,0.13671607191455618,6,False
58,0.10840066003359788,0.043287307379055215,0.22472054170286318,0.08862452582924095,0.08306642931732384,0.026641963371991064,0.0024580287495704176,0.25280528332565644,0.040694095683838534,0.1293011646068625,9,False
59,0.1249597491352873,0.04373530143912911,0.1861368206938034,0.09776554393544894,0.07112784208327969,0.06161791848510909,0.02232087476873247,0.23258246478742328,0.015195694657218609,0.14455779001456823,6,False
60,0.11524345471295881,0.037284868095407965,0.19678822146397978,0.11899962383349001,0.0815095340776325,0.06058413138775278,0.007114476771532143,0.23347415042972247,0.010805607703175266,0.13819593152434814,6,False
61,0.13216201589866425,0.06243810481217592,0.19999367431583867,0.0724841893271161,0.09062670633218815,0.03678430954481418,0.02821315294677497,0.24161183733224248,0.022613689640619012,0.11307231984956623,1,False
62,0.10100237916859742,0.07820489395488073,0.23291103356092557,0.09666510540677878,0.052358959150344705,0.03280300716879175,0.014497518164136134,0.25216204940177406,0.018131215735852947,0.12126383828791798,1,False
63,0.14262178992086458,0.06504654409112709,0.20910921023522425,0.08169672569472064,0.06311819794538118,0.020542600456353463,0.009371426771806732,0.2633584631496505,0.014943699339678214,0.13019134239519334,1,False
64,0.12108874116080125,0.08140197446879473,0.20471188330585519,0.08363165742286205,0.06698518967097963,0.02606012311146558,0.001531800993458918,0.2817869938117396,0.012937361945989025,0.11986427410805392,1,False
65,0.12856773674670385,0.07316595816359231,0.20828406173261477,0.07900346950972169,0.05471182724435986,0.04034445843754848,0.004814214753118911,0.25625715113651115,0.029148785611686483,0.1257023366641425,1,False
66,0.14673288186299543,0.06365509989303937,0.21944835975698293,0.08168087380419672,0.09230565316940295,0.03663308547104617,0.01731685140352861,0.23692284653030923,0.007429360628210828,0.0978749874802878,0,False
67,0.12519336381107132,0.06773719416640499,0.22769890054656422,0.09087681375086552,0.06409471452386217,0.02208784021078126,0.0,0.2694510054555195,0.009793009940806315,0.12306715759412468,1,False
68,0.10597460131176564,0.06765191615261255,0.23082736936883066,0.06985949647272512,0.08237906707519396,0.03746411934162517,0.0,0.24864618070969824,0.03147167160984249,0.1257255779577062,9,False
69,0.12410281545367342,0.08504698909939859,0.20468617458793661,0.08945530399360359,0.07205636902786447,0.01896725158715253,0.01170123194564915,0.265325820726155,0.0008186177091337929,0.12783942586943287,1,False
70,0.1084897676043376,0.04974243599242665,0.22055957342017754,0.09277836008819937,0.06705494414673753,0.028706227010861052,0.0222122743830316,0.24246789278143216,0.03025592522163501,0.13773259935116153,10,False
71,0.13167476802767047,0.02796108981177608,0.1989288336355615,0.10784103520422522,0.0894946795165101,0.04079189950077734,0.010809637505186605,0.23054769306537248,0.012937368523767985,0.14901299520915212,6,False
72,0.14512325756983704,0.07210585660666746,0.20986419201440545,0.07957615680088251,0.06476024252721335,0.013692214428169583,0.005073069714257436,0.26122796683544774,0.03009610289999264,0.1184809406031268,1,False
73,0.13641996310521215,0.06326155145814079,0.20969114090423568,0.08021466986585281,0.07816388781970951,0.038910083642256676,0.02123950574076647,0.25633042008275514,0.008050914353687846,0.10771786302738301,1,False
74,0.11235860208412582,0.04665065290366351,0.20819461209347181,0.08421984323039672,0.08610263388517173,0.04905242653887518,0.028943429099089146,0.2349920588456917,0.007452407500370982,0.1420333338191435,6,False
75,0.12486442626092271,0.056301556054760074,0.21920723768185926,0.08648504697654376,0.07164270201031898,0.03253981870965314,0.002634209695683614,0.2612532691802962,0.01857740416222359,0.1264943292677388,1,False
76,0.1458917256565301,0.04842161922675264,0.19478372171894273,0.0865371407952879,0.10781898556710524,0.016310234269553973,0.0,0.29180658753403815,0.011893970583724642,0.0965360146480646,8,False
77,0.13062974275383915,0.04069055378884237,0.2294469297128865,0.08383797241291562,0.06405504260621925,0.02981843067925456,0.0,0.2674077030272303,0.048868610536558575,0.1052450144822537,13,False
78,0.09513455808642128,0.050912671753268926,0.21878673947824523,0.0836295419662649,0.09402257748159955,0.060123376592730496,0.0,0.24376736963610476,0.027064178656542436,0.12655898634882246,9,False
79,0.12048596361605646,0.06953845498449647,0.20787188963644382,0.08741532814155141,0.06113723349186127,0.03652070220894109,0.016272341975554196,0.24492852610072557,0.020574397627162268,0.13525516221720743,1,False
80,0.12430636785916047,0.04750120925673185,0.21202895876114894,0.07859571861861489,0.06752146210643173,0.041964150075620016,0.021946713336428218,0.2451657657566142,0.03026079841638148,0.13070885581286806,10,False
81,0.10936823052389529,0.06922660884533216,0.20400878644995998,0.061434172688657585,0.07340936500472618,0.04036406720887226,0.0010706296221011673,0.26556456743470924,0.03519745146553888,0.14035612075620732,10,False
82,0.1198597137570427,0.0750415729522946,0.22611087178850647,0.08662695908872305,0.07274471397503462,0.027692078114650902,0.0032308994127545443,0.25226943268518587,0.024139099974525725,0.11228465825128153,1,False
83,0.1208361284529126,0.07074090561199117,0.22503269882889806,0.07532063308892535,0.062066871143597734,0.032826930782962956,0.013658527301390694,0.24909608412506912,0.01981048794233399,0.13061073272191845,10,False
84,0.15877644459883747,0.041548028956012825,0.20771340094374535,0.06183702067714376,0.09158421336648993,0.027439648788335755,0.027882006303316442,0.2866456013536636,0.001670517080714182,0.0949031179317406,8,False
85,0.1379136281614625,0.06401722308872866,0.22036539395867538,0.0745753276105782,0.06699706436132379,0.028400054116485204,0.015295292480059676,0.246723741096418,0.040991929248808186,0.10472034587746046,1,False
86,0.1144753907365325,0.07523032352535032,0.21779201911321075,0.06941261864325132,0.06114362162835776,0.02722163902220678,0.017131624485922668,0.26044606481694027,0.01790126642383229,0.1392454316043953,10,False
87,0.13270953781156158,0.07738273709956033,0.21961215846467239,0.08874960456143731,0.06743016978010162,0.006621108447890478,0.008378546258651537,0.25895976951350846,0.023709945925717603,0.11644642213689871,1,False
88,0.13048378005681385,0.060499803335299175,0.21028478846474377,0.08370746114387459,0.08222804004275641,0.029491076934732435,0.014109423321097485,0.25132575831342846,0.011055971673350236,0.1268138967139037,1,False
89,0.10294776405579413,0.0699550681864917,0.21162555068645056,0.09130092172396069,0.0673242856337622,0.04991812081391804,0.003277486377921344,0.23088776958011775,0.04485816566397666,0.127904867277607,9,False
90,0.12943374652599873,0.06190680754682011,0.2189984438546775,0.09837492215115552,0.0462343702690864,0.007507782180795472,0.008408708476919552,0.25435138833205945,0.05570550198620284,0.11907832867628439,13,False
91,0.12617486078757964,0.05558270099100064,0.22435966192530268,0.08966670120013594,0.06292358292250075,0.011586953547654941,0.040813227683468324,0.25333050906961235,0.00801195654223783,0.12754984533050687,10,False
92,0.13048320177178294,0.05382193532411046,0.2149015954049853,0.06953962860847158,0.06972751318342671,0.04044900160923357,0.017227553736574305,0.2435547274938376,0.02753227326224414,0.1327625696053333,10,False
93,0.1203483612710034,0.056044003530253225,0.21871313933040426,0.09738688609678199,0.052268742256850506,0.032888777302151145,0.017360209399749273,0.22970610057690882,0.05572581384166801,0.11955796639422943,13,False
94,0.11596615613005061,0.049916198063698416,0.20254739063187102,0.1080101876295431,0.07689197600532863,0.03424537980432581,0.02354765273382782,0.2242326319505836,0.03250826990535764,0.1321341571454134,51,False
95,0.13136263734193795,0.0776324946341438,0.19948444080685,0.06798448578125715,0.05278565258666566,0.035544062670335906,0.008593580746099946,0.2737138618116922,0.013974302392867316,0.13892448122815002,1,False
96,0.1286340043787225,0.06832585351043023,0.2258604223815229,0.08635045179981068,0.07002881351754853,0.017369682162067024,0.0063874008524085505,0.2566218892384527,0.028049742318977045,0.11237173984005977,1,False
97,0.13117508888406784,0.09698555748257208,0.20304875858509333,0.08887931154476744,0.06951256961779705,0.026209972579964977,0.010258629494451853,0.24096336985505212,0.016799757984290047,0.1161669839719433,1,False
98,0.11885155872529789,0.05685324165186817,0.2055723193970787,0.07480039588078616,0.06268384984429508,0.05264033861325151,0.027545251990486345,0.2451404984782108,0.03600517779869185,0.11990736762003348,10,False
99,0.10954834011648037,0.049209550855967864,0.2334356766146263,0.09681791573785474,0.058527837190744704,0.03612617230055884,0.025306934182999657,0.2410614777636819,0.03819350247573388,0.11177259276135172,13,False
100,0.11392747079260514,0.05825555470243576,0.19220915982047482,0.05914308036252622,0.11323500685090004,0.03517067064903265,0.05529119731616399,0.24723702270373993,0.01505771836529122,0.11047311843683016,34,False
101,0.11850541240572936,0.05111160744396036,0.22305373635764683,0.088864814207179,0.0675332566305726,0.026332917442474738,0.020122392406896818,0.24913193090211772,0.04312235950182449,0.11222157270159813,13,False
102,0.11363245299925204,0.0538433952715028,0.20085526005977147,0.07268682240021307,0.08544667123206932,0.04398282307231604,0.04004763599472697,0.2338654069644897,0.021756886459271506,0.13388264554638715,10,False
103,0.12914070741117145,0.07887356249012918,0.2202048438807543,0.08075111898586124,0.05889555981038685,0.02147105348987215,0.030120298426918286,0.23886850174355492,0.0,0.14167435376135157,10,False
104,0.12363188134203057,0.07204592125403037,0.21124618246610002,0.055452600499731254,0.08521795642839192,0.034919188596922154,0.03882466297718773,0.25504672769313125,0.006312400095285331,0.11730247864718948,34,False
105,0.1479999000919708,0.05153945867531389,0.20512402905548607,0.05941556154726353,0.09851515391697858,0.049312500576132484,0.04348903554433923,0.24096196749352922,0.0022208176225571906,0.10142157547642895,34,False
106,0.12683578384662286,0.06675551751970651,0.20710350938899827,0.07768927906927292,0.06647102817089427,0.04886940861233763,0.028973512961918264,0.23065810403243184,0.031148382567322594,0.11549547383049491,10,False
107,0.1315573656000708,0.06367794227990668,0.1931095136500025,0.05322226906081407,0.10055781541485932,0.04985859331894337,0.04952865399937188,0.24151447048641206,0.0015429836613822358,0.11543039252823706,34,False
108,0.1287757199641689,0.06076627667105874,0.20734015629062988,0.06328114341018742,0.08139406495711479,0.05914483980829567,0.04328423587265947,0.22573486947148277,0.00031212121846824924,0.12996657233593423,34,False
109,0.11578986117894775,0.05860733992589784,0.20178206814285374,0.07578099965518399,0.09744579148531012,0.05610669475898647,0.049400614437143435,0.24040047632076936,0.0,0.1046861540949073,34,False
110,0.1408966804814435,0.07439318385082164,0.21707146593028856,0.0839493535705946,0.05697710611589526,0.028846799301980395,0.028157006245889262,0.23094158344374024,0.008718253940916387,0.1300485671184302,10,False
111,0.13053443586812832,0.054874963170829454,0.25089298369548735,0.08007856625150038,0.036944300260940026,0.03433897657266824,0.006226778644827554,0.2700709635074239,0.02123779942441041,0.11480023260378446,13,False
112,0.08809518581329617,0.049252520179215976,0.19903084022036055,0.09602580852263178,0.08998699308393196,0.05216809740332764,0.03437150186989318,0.22939494964140145,0.027275482617410786,0.13439862064853048,51,False
113,0.11980140937381953,0.04081730789469715,0.20149438178115234,0.11094206066178887,0.08160669208478999,0.0389978704854359,0.027966185886060525,0.21402068418490286,0.03057818012436034,0.13377522752299245,51,False
114,0.1408551441774666,0.04513812477890666,0.2340826428217709,0.0910198459734529,0.05595946032111686,0.03501823141127639,0.02321984318877333,0.24013549605307466,0.03315603811837642,0.10141517315578516,13,False
115,0.11651091427056604,0.06292563254125576,0.1974534816622581,0.07944897912426878,0.07799020486673304,0.04296298475050771,0.012751165223658661,0.27574670070594204,0.01953177043387776,0.11467816642093207,50,False
116,0.13075728656686356,0.06190198087245846,0.22454177684133209,0.07712346453038768,0.06810228737900381,0.06001513634530077,0.016204656695808943,0.22377233181889225,0.011459933088083322,0.1261211458618691,10,False
117,0.10681646390852106,0.038838611209210644,0.18333479281132584,0.10485293209480914,0.08384564460040235,0.035944515138880306,0.04377179782070814,0.23400270088873537,0.028703619096563077,0.1398889224308441,51,False
118,0.12689009284208835,0.06461187963435636,0.20711124434896966,0.06872842600600929,0.09177300813478473,0.039071895269024305,0.04457266364501555,0.23786719679891896,0.010338503453379168,0.10903508986745372,34,False
119,0.12431069542153529,0.07571766921944402,0.2021198369594753,0.07836513916044881,0.04957014432558224,0.04335663069380969,0.0014381703740244478,0.2517121708121631,0.030243287080785466,0.14316625595273175,10,False
120,0.13180596157008326,0.06866518103374346,0.18958561736482657,0.06697564786844828,0.09562655944293692,0.05458296638018584,0.03564851954956032,0.2357134742082007,0.0029196775467340637,0.11847639503528062,34,False
121,0.092678908633621,0.077560129588549,0.19010441017677673,0.09956430508365731,0.08664091060984883,0.051234182573438966,0.03366330247316881,0.2118671915635457,0.024194655665668235,0.1324920036317254,51,False
122,0.13423735024461433,0.06023055511928457,0.2267650883369125,0.09893139154396945,0.062084003200755015,0.025660359009643936,0.014493828987228584,0.23969854243726696,0.034526276705618614,0.10337260441470596,13,False
123,0.12510534283418426,0.0513130495103449,0.22609942668250388,0.10394599903082695,0.04921911389345158,0.03720686487125784,0.0049256165192970635,0.2643950938214013,0.038054844329464356,0.09973464850726793,13,False
124,0.12710537939410277,0.06607175122882349,0.1777423628679645,0.07145763955314954,0.08830774085587191,0.04969993914815409,0.04330329750014142,0.24257279700087606,0.010141330230736652,0.12359776222017962,34,False
125,0.11868660563587732,0.05129366044109656,0.20345845673114824,0.09005402955641548,0.07571029130541976,0.03695621302301463,0.02427470595660807,0.22994107477904221,0.03795312683274695,0.13167183573863075,51,False
126,0.10235011062715312,0.03022937354537781,0.18089589214373406,0.11782647904609392,0.0968028599643858,0.045782140899299266,0.030050026359830704,0.2285536329986886,0.007626110124350104,0.15988337429108662,51,False
127,0.11207152307693057,0.041635545064070564,0.19851180439271826,0.060114813965450334,0.08485768637386594,0.043514965166573244,0.07468764086342147,0.22879717564418273,0.022175064560069475,0.13363378089271744,34,False
128,0.09991949444672596,0.029142334629697935,0.21165136470319482,0.09485196272907133,0.09636083026955275,0.03777852845639071,0.0256412173634561,0.23656176370160506,0.01641924096414914,0.15167326273615625,51,False
129,0.1166505323266668,0.05174424668071717,0.2299523576257651,0.06030701764103357,0.1073316017272255,0.04921326683305652,0.03569144553218033,0.24697576474269323,0.0,0.10213376689066167,34,False
130,0.10815163795464382,0.05039093067061754,0.19823506167913285,0.1025171274749775,0.08685597516376276,0.06002574872320378,0.04261092860679108,0.2245850411231846,0.005889842658095013,0.12073770594559106,51,False
131,0.12833340072329572,0.048337545266561414,0.21194573085219076,0.06894018794792012,0.0955207905922936,0.047539665396427504,0.04647390758499821,0.24936519859410178,0.0,0.1035435730422108,34,False
132,0.14682462205530997,0.05563231004195117,0.21595983194646054,0.07726894392278869,0.044403535481874465,0.04107982913897719,0.013253697343167874,0.23734874651557328,0.029433230496122165,0.13879525305777474,23,False
133,0.11522135381675114,0.05962672707662743,0.21242094108889611,0.10808501060314511,0.07377437508051554,0.042127538846173075,0.02379773109857073,0.2188850240124942,0.00914170816899876,0.13691959020782798,51,False
134,0.12374340177080942,0.05376513123149734,0.1960944118632498,0.07650420063310276,0.10286102364540191,0.050229445841246084,0.04922442017093158,0.23909516920340246,0.0,0.10848279564035883,34,False
135,0.11914027751947015,0.05563517799223129,0.19010355298891815,0.11068690042625809,0.0836095611484689,0.04684271668748532,0.019191182807135998,0.2194566292433918,0.011023989541090998,0.1443100116455492,51,False
136,0.12714762654458894,0.060873950785688795,0.20648254166411023,0.05634102783848298,0.09247969448260188,0.05050297548561444,0.05437576298455674,0.23108131976147603,0.012104397896786691,0.10861070255609323,34,False
137,0.11924572323237435,0.0403538058752473,0.251991566931827,0.08207031331837601,0.06076265472743441,0.010593655649434644,0.011668174237362184,0.27352130053163426,0.028818078114411436,0.12097472738189842,13,False
138,0.12187527159119306,0.05634546690006563,0.20258522895555048,0.058878810750268226,0.09546963660573056,0.044886298335264925,0.04213900749071254,0.26113036491079705,0.009358326386664364,0.10733158807375319,34,False
139,0.10172700120439002,0.06425053669113263,0.22405170465869703,0.08446665151779795,0.08065352327045525,0.026491013453653133,0.02666153287567368,0.23644565577195054,0.03131572438251096,0.12393665617373874,10,False
140,0.11704733098363436,0.04470426061866072,0.23820052546846393,0.09846754604523271,0.043730247356493106,0.031164770644034605,0.0079653096787023,0.26008385281745744,0.044750169705207926,0.1138859866821128,13,False
141,0.1360632581303237,0.08219303436173453,0.22412884533491273,0.06951278490501038,0.05043844247004866,0.0061845199743760125,0.021019960209404723,0.25293708136073734,0.030130833751853877,0.12739123950159809,23,False
142,0.10956465212417946,0.056816911400681964,0.21429299042632807,0.05974204924177173,0.08482197067513778,0.04993832004758183,0.04486507539156963,0.24354874527043244,0.020890945325579776,0.1155183400967373,34,False
143,0.11588861796229491,0.06725917316719458,0.21204376423716892,0.0901486434741063,0.07581462020922121,0.022154023405193093,0.018951019248561293,0.26634105899354227,0.010497359039127399,0.12090172026358996,10,False
144,0.1342313989659209,0.05568897610701761,0.20158544995794064,0.05370186008997127,0.09863105761203286,0.033663496996275584,0.03889162369915551,0.25520246852919715,0.007222319805142028,0.12118134823734657,34,False
145,0.13173224989074392,0.059024134712051514,0.23788651237579933,0.09772633588675532,0.04902058205343974,0.02438940660111347,0.009172655812842198,0.25341398816578764,0.03263716297301472,0.10499697152845222,13,False
146,0.11370432314734487,0.03795691354313394,0.20575596247474698,0.10571996894319968,0.11012556508886374,0.03412067710383969,0.020889628986042533,0.23352927494291006,0.005144655456417531,0.13305303031350088,51,False
147,0.14944227748340747,0.055802306925697674,0.21743667206620113,0.0974345684710619,0.047164457339099713,0.026496065361484314,0.0,0.2407300264605046,0.05486773313189693,0.11062589276064619,13,False
148,0.1261041529428754,0.03975247185237235,0.23609935188284029,0.08735419529900329,0.04677021070152674,0.044514269260474824,0.011490457605571774,0.26712986987444365,0.03362206307540864,0.10716295750548303,13,False
149,0.13993170281244954,0.06849206527182418,0.19039834640772468,0.05705322775404836,0.10222003274651094,0.04016970102954442,0.03333351774323343,0.25296129717533083,0.012492632740792852,0.10294747631854065,34,False
150,0.12015027306639711,0.053340131279465304,0.20382965322351201,0.09874482945388108,0.08890566106063312,0.03944850841636349,0.025887460355491016,0.20688141811927285,0.026041562417870305,0.13677050260711374,51,False
151,0.12521819481799643,0.0668580245182572,0.2163361554620957,0.08169642462155809,0.10751257520241206,0.019945279344821792,0.02230089721185819,0.23760412720036447,0.008966900429559874,0.11356142119107628,34,False
152,0.1326488791540606,0.06954100344499609,0.20337974831275452,0.06919372566341336,0.09506134504559957,0.03509576168391963,0.035683290970028786,0.24410116714256258,0.003173538914146284,0.11212153966851857,34,False
153,0.1142801006173253,0.036978983038991615,0.18923819372210215,0.10974293957375447,0.10034199390033627,0.038669077731676514,0.022759232707400098,0.2310229684187633,0.017320330420944385,0.13964617986870592,51,False
154,0.13638821768314288,0.0603533531722767,0.22881070715194243,0.07807189195079414,0.04114353060733061,0.024361102969903656,0.01735321391570316,0.24994121284776505,0.05215177227922395,0.11142499742191748,13,False
155,0.13406341996630927,0.034566302448510534,0.2247493376082769,0.10050348968641629,0.04640286203482993,0.024022527575016255,0.00798214066705414,0.2663906290516017,0.046011894214915305,0.11530739674706972,13,False
156,0.12123560677779689,0.050503618813610235,0.21467620527736295,0.09903543828498779,0.08048858414379194,0.036510881619076334,0.027144735493797728,0.23359474232017133,0.014166723542498625,0.12264346372690617,51,False
157,0.10436694936022091,0.05798089001504094,0.20271434576635317,0.10596834747250317,0.10183950228371205,0.0448259975500342,0.0197329183369355,0.2157680450934746,0.020525694443733034,0.1262773096779925,51,False
158,0.13388508530000062,0.06493275161055342,0.20687367194457945,0.06988843704197567,0.09652918517303866,0.02701628735961509,0.03939027372069444,0.23585473373048274,0.0,0.12562957411905987,34,False
159,0.11600095290219872,0.04996953479077607,0.18143355694960758,0.0882483341785246,0.07707153662531055,0.05345391324136581,0.03972625300978195,0.21833257410681944,0.03233749275591485,0.14342585143970052,51,False
160,0.13815648382160597,0.056778767686525664,0.2162097294857866,0.06384290966846783,0.044879574501265423,0.03981404277000866,0.03265537611574346,0.23320327051554418,0.04992157118553334,0.12453827424951902,23,False
161,0.11154994370297454,0.059767732321405836,0.19998777952841304,0.10243676622654753,0.09499917683915611,0.029280877050634327,0.014396416163986419,0.22820623933060652,0.01113266716807649,0.14824240166819927,51,False
162,0.14218193405216395,0.06776138161752492,0.1909147998671654,0.03539278282031829,0.10482107114685278,0.04916032282832171,0.04122693282693265,0.25399642418839397,0.0023562889325330193,0.11218806171979327,34,False
163,0.1378067994622524,0.06139592276507506,0.22975906578628613,0.07004332307379214,0.052559350566035785,0.04559428266504639,0.020892973953499032,0.23866746370820077,0.03309769527145059,0.11018312274836167,23,False
164,0.14210577265641905,0.056161697967760764,0.2207423042029745,0.07377451668457977,0.034765081083427705,0.03239041534355487,0.011010487988067408,0.2853990579787356,0.022476128152157986,0.12117453794232234,13,False
165,0.11935120220122436,0.04322194260714901,0.20889668829143052,0.09340249662284307,0.09214916864778207,0.03844725948555848,0.021899169483901196,0.20845765555957296,0.02752585449281943,0.14664856260771905,51,False
166,0.1513161818148025,0.07008177867435866,0.1990569746985255,0.061225324833719376,0.05431180126054658,0.04241104127187228,0.031670245849246735,0.23076375024863768,0.02607366020358296,0.1330892411447078,23,False
167,0.12092303711947913,0.040179527508984667,0.19544145786401732,0.08469998290349826,0.09266415713740206,0.05145647928393187,0.025337397739983898,0.22961044049725954,0.021980200850091603,0.13770731909535167,51,False
168,0.11394583577089516,0.04013993536283475,0.1821581215724173,0.12100519535143565,0.08128069672593916,0.03373724943007285,0.03507494558083619,0.22044883891126268,0.02109165871391941,0.15111752258038683,51,False
169,0.14022272549727982,0.059965200900434265,0.2425465800744538,0.08502815213352465,0.05141676952418213,0.009350364424947964,0.0,0.25701423253532396,0.035903405166271836,0.11855256974358165,13,False
170,0.12788017907618202,0.04732440815718166,0.19236394578558821,0.09786417553881208,0.08553009974667224,0.042808342000353175,0.043316901370906775,0.20978107313060343,0.01628212305063314,0.13684875214306716,51,False
171,0.1255540499245121,0.04493579380647794,0.2344862902940314,0.1090110018332616,0.05655281453610444,0.015461008981487289,0.006919544645375728,0.2250221768305286,0.06087106156267219,0.12118625758554868,93,False
172,0.09582672009564909,0.043699600868745685,0.20064379265920526,0.09316261170312624,0.08958435514764143,0.04160309339708752,0.03282246548350838,0.22456980969333967,0.037348030319207595,0.14073952063248918,51,False
173,0.1316243045298086,0.0519237680773042,0.19824730321136633,0.09276893606421847,0.0962907211534614,0.0491608817411211,0.03142950493838713,0.20958705563243477,0.00973252835339836,0.12923499629849983,51,False
174,0.13954942076747673,0.04132230236381743,0.23843438395720562,0.08392286694389431,0.06417814109851253,0.030707256578558002,0.001501722573809729,0.2447880419346113,0.037989467512480765,0.11760639626963362,13,False
175,0.11915493727180061,0.0628692309504516,0.22601924794603084,0.10654228195107607,0.044906600690918896,0.02951793259070749,0.006554156502876707,0.22616814845962033,0.05769868864861258,0.12056877498790494,93,False
176,0.1339471307712548,0.07042705590460828,0.22671699572808027,0.07860493489052908,0.06495443910177119,0.022986081506992332,0.03679451345979695,0.24895546193127127,0.006344288904816549,0.11026909780087919,13,False
177,0.10357885489715143,0.04526682848589632,0.21590927816579383,0.06821284757777084,0.08900360515885863,0.0463513564464586,0.04451037236593329,0.2209974975079648,0.03359976213642383,0.1325695972577484,51,False
178,0.1301968471801144,0.04597406052069454,0.23838457973330612,0.08298646439067141,0.050821658306258635,0.03317706460783831,0.013303469927140703,0.2286295153934764,0.05154338254205164,0.12498295739844785,93,False
179,0.0874504620608668,0.052885216031474544,0.20073038713033503,0.09647088971493355,0.09009348565832277,0.05840870864956491,0.04496471483753254,0.21913287892776923,0.026932371665564975,0.12293088532363562,51,False
180,0.12413685665400939,0.04605096541137129,0.2105705852004395,0.07219972489048775,0.09661677241872993,0.03948892045967884,0.03037295326743069,0.25382703626061004,0.007488497303628531,0.11924768813361397,34,False
181,0.10701140062737682,0.03406906397364293,0.20857192787005255,0.10167009807684628,0.08881397049206363,0.0390964755721265,0.027806318911728682,0.2303152357488003,0.025682006799072222,0.13696350192829007,51,False
182,0.11921184098050076,0.0462931122565374,0.20036084123946177,0.09832992289572369,0.096531811047321,0.04925947196702875,0.030123513728654586,0.20390243949391845,0.025416477501038492,0.13057056888981508,51,False
183,0.1106985483804492,0.04472476580357872,0.1891652471820152,0.10686141105987261,0.09181088320647027,0.05245918731760808,0.02545123907194218,0.21272582089238323,0.050919761015000654,0.11518313607067988,51,False
184,0.1069334902645511,0.04240620711444479,0.21285882146308116,0.1041905832996436,0.08187276210991358,0.04659769923646454,0.025038531417042764,0.20724017053788296,0.019820188029136876,0.1530415465278387,51,False
185,0.102643644338949,0.04054591930243512,0.2010812254185558,0.10427236224191903,0.08568941194279643,0.04022334204967439,0.03821185319513448,0.22401511288063775,0.022777081911766094,0.1405400467181319,51,False
186,0.12688431230607444,0.05380246245922535,0.2317108683022871,0.07973207568625715,0.08303975532620024,0.040148655750284194,0.0025767379240710887,0.22818198102355927,0.050063272807430954,0.10385987841461013,93,False
187,0.10399483774129002,0.03438385239999433,0.20398436252826643,0.1102696672511612,0.11089095827274444,0.04422550489873946,0.019557564333794422,0.2273650380371047,0.013100884337919132,0.13222733019898578,51,False
188,0.10616574434979012,0.047812606030123765,0.21281512135327668,0.11333753798341407,0.06129674621809696,0.043637371167926736,0.0158750287432376,0.2223963074920007,0.056017055826516074,0.12064648083561738,93,False
