ID,strat_res0,strat_res1,strat_res2,strat_res3,strat_res4,strat_res5,strat_res6,strat_res7,strat_res8,strat_res9,ancestor,alive_at_end
0,0.041935635509508865,0.08717706528886118,0.021376861807155947,0.04292041616189802,0.0657272833217911,0.10341501724917107,0.28603787039824957,0.12641556751091101,0.20588846149870899,0.019105821253744222,0,False
1,0.05809163968838893,0.07661208154640638,0.011196182044572818,0.036867355684417805,0.06564084829555425,0.10725633397670437,0.28681773852947545,0.13020944587414826,0.20928802831945903,0.01802034604087269,0,False
2,0.031237583058231717,0.10420904062878919,0.02582894566054898,0.05372994786163194,0.0759082058767041,0.08443607358414867,0.2763430591788621,0.12703737967305284,0.19257833517931125,0.028691429298719227,0,False
3,0.022698914996109522,0.11925917492381351,0.014324661775280809,0.06155822424401864,0.06357649812540872,0.08664799797549266,0.2782348639698161,0.13828297483405047,0.18225647621670926,0.03316021293930029,2,False
4,0.007003544866597389,0.09922806141178717,0.012983743984020534,0.06935212186378262,0.0708249557537359,0.08792076245903441,0.2855867637593657,0.12765531611203332,0.18816780588948637,0.05127692390015639,2,False
5,0.060809945973757475,0.06330925296359287,0.03124507477433124,0.059865990316931024,0.06253460241020542,0.10420566638032974,0.2879615256898901,0.11316220535647571,0.1956506510566453,0.021255085077841192,0,False
6,0.04866615303992816,0.07992297433078159,0.036064951299209565,0.04124761397815771,0.04075577825703235,0.10455265358566893,0.30334281408815933,0.11432369336870092,0.21337815634889018,0.017745211703471313,0,False
7,0.03402117306041088,0.09386109047921437,0.011187618198616727,0.04696277013635525,0.07677668012690812,0.10203323336144364,0.2961828945979287,0.12816348025990607,0.2008040953066527,0.010006964472563594,0,False
8,0.00897028437063164,0.10363019321236022,0.0,0.0705428655600306,0.055336890378955936,0.06878591992487984,0.3007862874832373,0.13199799793807004,0.20789660836121276,0.05205295277062177,4,False
9,0.05982243264348254,0.08090276102520291,0.006401845965950772,0.04338007655829946,0.08991246241844707,0.12334847982499461,0.2809109954272023,0.11297612576830655,0.19306792569529316,0.009276894672820809,1,False
10,0.07279504188912353,0.07547581353511097,0.0010299943395719055,0.0326806132137718,0.07670154808635243,0.09063188748889517,0.28141234955295996,0.13614261154296461,0.2148469052944211,0.018283235056828495,1,False
11,0.03447758485403535,0.10858711384470675,0.003623734220459518,0.059584550596926425,0.06513676603493265,0.07800430186067966,0.28649239422882566,0.13736881309058344,0.18608758121250535,0.04063716005634515,3,False
12,0.03320770105244577,0.09801064680258993,0.0254103972288261,0.04265326679863002,0.052450625914777324,0.12096102479117334,0.2896849065847382,0.11790009257938355,0.20321197465875973,0.016509363588676027,0,False
13,0.0657623155551961,0.0743837575638005,0.0,0.04247052632417513,0.07775477449451446,0.08962307140411781,0.2813337173492136,0.13586768836554017,0.20927740715192872,0.023526741791513407,1,False
14,0.03378537803817104,0.08082794858620647,0.010960749302560179,0.04159419944851861,0.06466206476696346,0.11942280571794626,0.29132861616156847,0.14729724117891363,0.21012099679915186,0.0,0,False
15,0.027186884555262202,0.13133997392143817,0.0,0.06801438006116377,0.04893716757565432,0.08499249971224347,0.2955566098255824,0.13345933322079198,0.18416762286808155,0.02634552825978209,3,False
16,0.0,0.10824213267951321,0.0,0.07482272339383275,0.08182967900808925,0.07722339719068246,0.2772504133862415,0.13718935094239482,0.18528923755820917,0.058153065841036765,4,False
17,0.05156632482891887,0.08321780485719812,0.022694434563657488,0.036770496674576617,0.06543912282379727,0.1180542339410653,0.25901519833062053,0.1195833151862725,0.20727116388285372,0.0363879049110396,0,False
18,0.07452707878582389,0.06882104947730863,0.013804000809687886,0.025594426829547944,0.06372351982221919,0.11123786665595109,0.30408614218281216,0.11020150563024679,0.22370572389585214,0.004298685910550035,1,False
19,0.0252457743853375,0.10319661915408013,0.017518967200183068,0.050836075629464364,0.08851359185167117,0.10109639166064675,0.26853806560717375,0.12169723773043888,0.18301907754685584,0.04033819923414867,2,False
20,0.05821386671393915,0.09163637499157457,0.0,0.058240718888445016,0.07049481963430823,0.10248934566167901,0.2841510800543715,0.11992467184868326,0.19466416680691345,0.020184955400085854,1,False
21,0.05379578184421735,0.11712816986348534,0.007883722222273912,0.046859516114554536,0.07025536964439322,0.1108915717064533,0.27506694037079205,0.11024223710290515,0.19107897459747303,0.016797716533452075,0,False
22,0.038055984458404205,0.12105525264183169,0.01523584028507431,0.05283115825636217,0.056955338609590137,0.09004166150532739,0.26187241636235187,0.14399482822561255,0.18420069807714154,0.035756821578304086,3,False
23,0.061742519431509046,0.0774295483483395,0.0,0.0125391318740778,0.05974154190040151,0.10169161039292106,0.29993990014250005,0.1304002324669896,0.23313370153289428,0.023381813910367016,1,False
24,0.05345089097966383,0.07967420646032881,0.023138852132410702,0.03154276604869304,0.06403117245475334,0.09983502893673162,0.2894944262975526,0.1314085396897187,0.21298522739558254,0.01443888960456494,1,False
25,0.05487733933821973,0.07455042394493656,0.018674708748907642,0.03792169280968899,0.06751744709055835,0.0998988317275145,0.2706870788650635,0.13989811148130277,0.2108351971489262,0.02513916884488171,1,False
26,0.02066373743220118,0.09171583954320353,0.01748356619355661,0.06547808053821655,0.07472937185173148,0.08950545555962662,0.2771611731260655,0.1227620430387181,0.17956366540085966,0.060937067315820694,4,False
27,0.07064317050265184,0.08652806940586304,0.005944390996921979,0.023879585738525385,0.05943138518099119,0.12139140227136093,0.2819558332372951,0.12440909398821845,0.2092563739343032,0.016560694743868832,1,False
28,0.05590156699363437,0.08046187460183417,0.0024108227555624012,0.042139116820899485,0.07280244026482795,0.1041569476372416,0.27344873635079775,0.12360425000945888,0.21283644845212726,0.032237796113616254,1,False
29,0.061366789995823776,0.07077005053188905,0.015097039108822527,0.04013073262716655,0.07781476925182358,0.10579186731303673,0.27419615788421264,0.12221579877724258,0.1977493981397667,0.03486739637021588,1,False
30,0.015144031848263382,0.110695785932687,0.002381360013258778,0.07338240137197784,0.08457284225428328,0.09752788048307792,0.27245386576346126,0.12522499356271324,0.19206948365807644,0.026547355112200844,2,False
31,0.044836387180037976,0.09818065703968838,0.027895818525928272,0.05474108986394096,0.05774445427271949,0.10000403628563335,0.2815210789615673,0.13673350662500686,0.188986927925358,0.009356043320119542,0,False
32,0.042580914446135876,0.08127427148923475,0.027178343546492165,0.026012684915999517,0.06817099459172948,0.0995440196129467,0.31566744867502655,0.12312142813612421,0.2084419994037399,0.008007895182570819,0,False
33,0.035286001297124246,0.11484942355768386,0.023491560639032738,0.0470921603309872,0.0721834403179439,0.07579317414506753,0.2600508288569974,0.13666134705022828,0.20398378417203042,0.030608279632904495,2,False
34,0.0654262884362285,0.08717380611663007,0.012934528796160716,0.03175306559415429,0.06595872698174701,0.1228237123024287,0.2656004578228324,0.12817812130249634,0.20183504090651014,0.018316251740811855,1,False
35,0.024100405568729666,0.12712535209071416,0.015149038926966977,0.050715640694877204,0.06436652774803313,0.08780309342120238,0.2857972583083497,0.1466576231827528,0.17408627493473083,0.024198785123643228,3,False
36,0.026140028779588046,0.10071456842466683,0.012753218996004087,0.055829075307553946,0.049947914851602666,0.10574138041776251,0.3000054290990525,0.12157811490213795,0.21574155442514953,0.01154871479648197,0,False
37,0.06380450244545276,0.06467852109360966,0.011778195689429543,0.03228543200686617,0.06705629537368737,0.11299989841494355,0.28638115910720463,0.1360846568122534,0.2122452746825238,0.012686064374029202,1,False
38,0.027605632167081326,0.10748387937816938,0.025662947834156385,0.05162674700340694,0.08768716539387726,0.07514677737726687,0.26850125078407744,0.1300279568537693,0.19861448686154917,0.027643156346645974,2,False
39,0.05106616506731031,0.09266326039207327,0.025422447805019795,0.043815436094246825,0.053835882931618506,0.10298296524051007,0.27649449978695556,0.14276709002725493,0.20333362528482427,0.007618627370186477,0,False
40,0.058915820052926095,0.06573177912094925,0.027699569710104757,0.064368108344161,0.07833858237812813,0.1110369111899613,0.2877493331453968,0.10171497642507588,0.2044449196332967,0.0,5,False
41,0.015823138501741756,0.11465969397289427,0.008759041155416468,0.06573605363770733,0.0654549368140266,0.0910080892132631,0.2753208295131692,0.12231310788192432,0.19734270877386742,0.04358240053598963,3,False
42,0.03906657963307373,0.10162200935276089,0.024095455073231044,0.05459886688361525,0.07374494679129041,0.08465480268705759,0.2659047520321311,0.12996055421056998,0.19399033150990136,0.03236170182636863,2,False
43,0.005313296486830146,0.08158437809011558,0.011797719686941434,0.08904761192315147,0.07151624012184268,0.06811746394892233,0.29390248698941807,0.11472539546764902,0.20751118907828361,0.05648421820684552,4,False
44,0.04796126454690472,0.09922867632810509,0.026850460296888146,0.058224955465374414,0.07725800146808323,0.06614691709406945,0.275233951302204,0.1319743845443366,0.17825246597600428,0.03886892297803006,2,False
45,0.0,0.11976291950317765,0.0,0.057672680810445305,0.09438352947206416,0.0942187858762901,0.28992704696254035,0.11665398264219765,0.19857837940614068,0.028802675327144114,4,False
46,0.0,0.10495325687156362,0.01545132093729366,0.059226618572644586,0.08112780231061392,0.09767501001509968,0.28613726129383343,0.11234225614610159,0.18433273424508492,0.05875373960776456,4,False
47,0.0,0.08868765823739243,0.03448553123580775,0.0825740743427417,0.06776030922394861,0.09826297526838568,0.2676811611921635,0.12648831908916455,0.18022135730845296,0.05383861410194282,4,False
48,0.048463592401277907,0.09620188187600189,0.014663415017684782,0.06082088122891114,0.03456118705050091,0.10220445429019534,0.26893820485335906,0.14077629255639976,0.21695237813523402,0.01641771259043514,39,False
49,0.02857637157280978,0.10264968912054169,0.04384509771090811,0.04752804744285715,0.08242215922319199,0.08525919913571865,0.27619884976750425,0.12508944685463347,0.18252990072768907,0.02590123844414593,2,False
50,0.032273673850887453,0.10072781790622315,0.014460824433154364,0.05259099549479899,0.07861104750262528,0.09705626772764779,0.25479422382700245,0.12970599257617574,0.21395610972488133,0.025823046956603417,2,False
51,0.04611563706706216,0.05688431056971988,0.01698801222199878,0.053441042099070725,0.06424062228222481,0.10366811172240652,0.3002531544491119,0.13039481905318878,0.20424618858558147,0.023768101949634992,1,False
52,0.05430468511568129,0.0978131555030403,0.035275175469545186,0.04257102664793275,0.06703542894108935,0.1116692562380893,0.25226908966434675,0.12244448894094753,0.1893820767607772,0.027235616718550352,0,False
53,0.023722182698789673,0.1220329656026019,0.012781394415385337,0.05433842524513759,0.052025084284556704,0.08035784854665957,0.29107513860519985,0.15099036197030988,0.18142753532120107,0.031249063310158403,3,False
54,0.05161130376890253,0.08290021940758313,0.020286461707180174,0.050538944825848954,0.06459193766213758,0.11410485586030267,0.2955366025381086,0.11507303007724776,0.20142824705288115,0.0039283970998074975,0,False
55,0.041896962300009444,0.07690609238911747,0.031714094482198,0.04826264814779488,0.06536994419625122,0.10197213058285483,0.28017801626831706,0.1390822095116597,0.1944737833553501,0.020144118766447332,0,False
56,0.06437411937995544,0.05404539134409258,0.035866922494571754,0.058862654182681086,0.07914395369962184,0.09152420694613732,0.29227268670215534,0.11124467518553391,0.1872473331135265,0.025418056951724246,5,False
57,0.03533594581735416,0.08671306085831101,0.03804706609352416,0.050228421670511905,0.054572731468854184,0.09307986445178783,0.27591853036055625,0.12721021855719233,0.22637891910309468,0.01251524161881349,0,False
58,0.034826482000754055,0.10720942245336583,0.03269742906132367,0.04507856979618829,0.07350347156037448,0.10076397458605045,0.27508013198735326,0.1137513286656875,0.1869429131858817,0.03014627670302057,2,False
59,0.0,0.09089320795399888,0.01396706473897839,0.0631146360489546,0.06856350623434938,0.10419825561690965,0.3009367373901896,0.1180136496793657,0.18618774651362144,0.054125195823632295,4,False
60,0.0778634608491542,0.0917555796736539,0.012815057512694098,0.06260012090764142,0.060294019659270386,0.11249660470494506,0.2961198873878849,0.09590488244798158,0.182464963707379,0.0076854231493953895,5,False
61,0.03105585067315024,0.11297340351000626,0.007623289881062301,0.06522892680515556,0.05208612302594776,0.08664914934005666,0.27399723145941857,0.14343299551873046,0.18918008962672286,0.03777294015974939,3,False
62,0.04130083545909705,0.09939729920859802,0.030803657477184117,0.026519347916221778,0.043135969365802856,0.10724361631229894,0.3095183285539649,0.11418706142025341,0.21228332036797615,0.015610563918602832,6,False
63,0.05264210405869093,0.09078736972086623,0.04023586628220059,0.03507822929782672,0.03909391586878146,0.11040222281522215,0.30846027838660095,0.11386722711794843,0.19785748082212007,0.011575305629742393,6,False
64,0.03077976388502024,0.1068723931168565,0.02577410529966309,0.05802485776687908,0.06706638288299627,0.08706129471500881,0.28244792046399536,0.13448291615665933,0.2020274854609881,0.005462880251933173,0,False
65,0.001313997576332173,0.10690339245572271,0.012077758047963023,0.05755855434585602,0.059423839637642736,0.11098468125133341,0.2748300645103681,0.13958244551863605,0.17953066901264375,0.05779459764350192,3,False
66,0.046157610164572496,0.10265420839937514,0.016044606058595506,0.04858790901248558,0.08191489731409443,0.07877756807159124,0.2780888404578182,0.12095932937018819,0.20224902164647404,0.02456600950480522,2,False
67,0.03427737032063281,0.10934820516363625,0.028904065910484274,0.04645534869315928,0.08071120815542944,0.08501421474491003,0.2671580838369508,0.1315443132566258,0.18690162679965888,0.029685563118512438,2,False
68,0.022694669517174474,0.10461028196830834,0.036761490215184996,0.03494053907051848,0.08131560958625819,0.08351606663523915,0.2712843283799317,0.1440076427028796,0.19585104040532061,0.02501833151918446,2,False
69,0.019814992991790285,0.11140262533660375,0.032424610755430294,0.05804393150593904,0.056684920994229684,0.08571984897774447,0.2815464254674741,0.1433892630478302,0.1997013802200392,0.011272000702919184,2,False
70,0.055753952828887794,0.08663604116624542,0.02180553088220157,0.048230681818941176,0.06300283713135563,0.09813785022290071,0.2763239580832026,0.11498561045704067,0.19973645897136288,0.03538707843786154,0,False
71,0.04463577446325513,0.07675134259297413,0.04533723763514178,0.03637384316241315,0.04114500328895501,0.10186514899716943,0.3061195975821901,0.11471960628708584,0.21977981167218982,0.013272634318625725,6,False
72,0.046553874705793086,0.0807746909820957,0.02493363075331863,0.027369954641957774,0.058940991599973416,0.09498240348578947,0.30326542401055573,0.13007662084978033,0.21165847544708366,0.021443933523652235,0,False
73,0.028509397735085852,0.09190423111285671,0.03053263673591101,0.04283629154425263,0.07504765867822508,0.08751387071480593,0.2899868869074016,0.12807017530157824,0.2022279707609579,0.023370880508925107,2,False
74,0.02977432704707445,0.10646275027667917,0.025450614133197734,0.058730432191438996,0.07710250649842372,0.07212514959019266,0.27049618892359656,0.13333416628768574,0.2076325631011904,0.018891301950520602,2,False
75,0.0068232488778662845,0.09518209613401653,0.01765370065429518,0.06603142622625978,0.07949221988517735,0.08474144847369725,0.29893133549599743,0.11568790633213821,0.18434755107434014,0.05110906684621181,4,False
76,0.01934458269415471,0.12839070516669734,0.0319734268537224,0.03849162042155394,0.08717512938553865,0.07277391887288229,0.26915209744944174,0.11273391194740763,0.22218057010698597,0.017784037101615205,2,False
77,0.017593713801384636,0.10323946541852817,0.010978970104602035,0.05950604945505109,0.06634154722021014,0.08572736770478756,0.29954104418551225,0.13996323986417747,0.20213353170209464,0.014975070543651998,2,False
78,0.005250473237098349,0.10064365613814098,0.007078077663134599,0.07686952972032782,0.06994527254564545,0.09517910940927991,0.28964147237507787,0.1249467786974288,0.19220493173114706,0.038240698482719104,4,False
79,0.03839256782501296,0.11394289078548213,0.0007171043902414993,0.06155671036720764,0.06410177777248952,0.08070686106682906,0.2991125754289277,0.13680588637620164,0.19008778117416325,0.01457584481344462,2,False
80,0.0366751936157927,0.09351094120783006,0.04268376799215198,0.052179560641455534,0.07083932381723804,0.09337685412814886,0.273626040502806,0.12440926883910185,0.18639866922650725,0.02630038002896783,2,False
81,0.06121452575247389,0.049043966852621274,0.039994971610457675,0.06029049285082075,0.08916350939090815,0.10640391386026511,0.2872343045730875,0.09511286964196067,0.18880637123187854,0.022735074235526405,5,False
82,0.07257942062213353,0.0733252098903885,0.02125992931968083,0.05340623687584447,0.06506429696194807,0.10646955882214215,0.293797004367191,0.11134245240837055,0.1995261114727798,0.0032297792595211844,5,False
83,0.059253641273590583,0.057933678133472756,0.03789314671560186,0.054327648079531825,0.06066647245601504,0.11231201260957929,0.2873824683977222,0.12684198188358742,0.18700665629879354,0.016382294152105327,5,False
84,0.009570268401708536,0.10737389459764857,0.042430858243868455,0.04994778147849003,0.08163813907093238,0.07651803900371835,0.2975591913133093,0.1245912656862087,0.19373541505722378,0.01663514714689195,2,False
85,0.06827804227368002,0.057684538348437064,0.039901396737257414,0.04275741168448027,0.06818043503770022,0.1048370961560691,0.269728587942355,0.12148712993512799,0.19704447279982465,0.030100889085068337,5,True
86,0.05657419493349557,0.059767755270613045,0.03546913616975939,0.07594817101891309,0.06507582311964911,0.10178460765631772,0.2852517646447732,0.1085262148016366,0.19677840709017003,0.014823925294672377,5,False
87,0.039267506534264245,0.09352906645158367,0.01454698564026783,0.05114491655064671,0.06397745871192456,0.10157738327129975,0.27728447611215035,0.13242547013616635,0.20620899831816195,0.020037738273534497,0,False
88,0.026776280684787736,0.11809226924921448,0.03509710600904664,0.03725670857433611,0.07986660472427255,0.06552903361895823,0.2815941640107728,0.11845254061468875,0.18696827283243905,0.05036701968148367,2,False
89,0.06040429586503379,0.06268413429302604,0.03779869485758567,0.056709125124662536,0.05285065683247607,0.09106563143418954,0.30096376843481815,0.10960352404939631,0.1971718733453463,0.030748295763465553,5,False
90,0.05845618584617437,0.06605635504861525,0.030032388814041324,0.05731866935591671,0.06140022261765905,0.09646889669521204,0.30885781777688576,0.11203580465371268,0.19066513762841475,0.018708521563368004,5,False
91,0.04225351323824884,0.08554999641300136,0.028924416446969907,0.035357298539110564,0.05734593080624606,0.09646905776465345,0.3122916326361056,0.11456492773622776,0.2163784344635072,0.01086479195592928,6,False
92,0.049402351496186374,0.07095391086437376,0.03754539587942606,0.06367815697713519,0.035712048735251266,0.0903753296871649,0.2988504621293374,0.12458919382265754,0.20380150327642835,0.0250916471320392,6,False
93,0.02614213956430865,0.08925621911528163,0.03238798704951578,0.06284895473693365,0.07843318118241523,0.09717735494465875,0.26123842623572857,0.12269520810495783,0.19693562013268562,0.03288490893351442,2,False
94,0.06112071349397812,0.07281569185476758,0.024250051740300718,0.06755352962576491,0.065032598410441,0.09920364755298201,0.278634209203062,0.11087387941215288,0.1839471947926249,0.03656848391392592,5,False
95,0.0,0.10705666582628619,0.008603054219889467,0.06901333017021444,0.07420947604826977,0.08310983936487082,0.2882022768731836,0.1357422941759527,0.19271767622290262,0.04134538709843036,4,False
96,0.03921927367291736,0.08452541422657985,0.038198901504428916,0.05520388129214176,0.07942847200379766,0.08224613746262625,0.29005790253202474,0.12984445546821066,0.18785567349821602,0.01341988833905686,2,False
97,0.03598402323836467,0.1084744147347138,0.015592826018579918,0.06374045295535587,0.05798306238122624,0.11752030158801069,0.27399588775208833,0.11553556856317711,0.18204739130500733,0.029126071463476046,3,False
98,0.05028871714228487,0.06392488550059562,0.008710969412346734,0.044096660365548906,0.056730121482556954,0.10404107349102568,0.3138647049766504,0.13015325133364541,0.21136975314372689,0.016819863151618424,6,False
99,0.06452090997467504,0.0574489422960983,0.03054206135463578,0.04953640622882897,0.08121892892014958,0.09079169932227352,0.28377061936465375,0.11718009168720393,0.19014196333056604,0.034848377520915096,5,True
100,0.06055093154154111,0.06024230440949042,0.024006085273438282,0.07213207216862579,0.061591636843168616,0.09253944580534569,0.2863744590009527,0.120301304745445,0.20384318640085963,0.018418573811132773,5,False
101,0.03892878921045752,0.08187523063971075,0.0404213243618331,0.04277682659938384,0.05789391120271922,0.11625338155824029,0.28276075873174766,0.11740618560110332,0.20392979111496404,0.017753800979840095,6,False
102,0.0559503572645635,0.05908344691855899,0.02646805927426661,0.05902746990824765,0.06943938694178388,0.09746774916472425,0.31930041394972164,0.11042998152005916,0.20136847885713385,0.0014646562009403476,5,False
103,0.06878590425464168,0.07221996118978523,0.031149401625818886,0.06313724738464932,0.06545769221910605,0.09168578298976043,0.28205717607477565,0.1173157366750184,0.19199315196928102,0.016197945617163232,5,False
104,0.03282234399999085,0.07860532488616974,0.0016460712595351712,0.06681999797369344,0.07805513051653086,0.1043311070041317,0.2836522091575791,0.1234290174811257,0.17488265202911707,0.05575614569212648,4,False
105,0.04283565034555818,0.06679349892488683,0.034733518612240326,0.042622334379475484,0.06129040965009416,0.10585189722346072,0.2803545401094219,0.11823450053392409,0.19971240669423163,0.04757124352670666,5,True
106,0.06054866220009995,0.06357844123039756,0.0239245740059836,0.061884257618717776,0.058747575546499356,0.10663648494373214,0.30805762573521034,0.10765771146309096,0.19059607671297474,0.01836859054329374,5,False
107,0.06422728654626012,0.06790584217334607,0.023369227310358686,0.05344022170447975,0.07868944974109333,0.09718496467726787,0.2907690408292139,0.1030773261283295,0.19862819289596262,0.02270844799368816,5,False
108,0.060893461705917945,0.06654276563775674,0.022859320945454818,0.05578463979423157,0.05200157261727636,0.09572832040730726,0.2923206128711798,0.1250886950733751,0.2075569983002324,0.02122361264726798,5,False
109,0.0709562773762968,0.07165677209404285,0.05956143535719015,0.05584334507755461,0.05018492968042666,0.08916033242901888,0.27769351905266665,0.1164767925214269,0.19064429239247566,0.01782230401890081,5,False
110,0.04589952517984624,0.07432184104652856,0.02912602739929902,0.052957223650169034,0.054687065460965856,0.09955473623404429,0.2882473483662371,0.11137689348402388,0.23704209546297175,0.006787243715914198,6,False
111,0.013177246284336216,0.12976931865009828,0.03639115595278939,0.049992220423395364,0.07360192953050597,0.0850978861140324,0.28392407171448963,0.12568641889038612,0.191224125463082,0.011135626976884775,2,False
112,0.02306884304746379,0.10369688377005856,0.023210746680560765,0.05829826834055816,0.08168967146826636,0.10028906277986781,0.274014124545426,0.1234007151602799,0.1745026067617886,0.03782907744572988,2,False
113,0.0275587140802905,0.1070716968453293,0.03918513932579267,0.07607531870240297,0.08450963309873641,0.07924277320665682,0.27481343784002843,0.11791701517943587,0.18331225509456017,0.010314016626766676,2,False
114,0.009490420598088075,0.08737723324795706,0.03354350921872936,0.07737822030942995,0.08124828333765298,0.11283679575672534,0.24225676454832165,0.13788614082017822,0.16376559517333972,0.05421703698957775,47,False
115,0.06805735732700686,0.07302188972201216,0.03908588633386469,0.05843634098659191,0.05156505225808382,0.09195129757541334,0.29723005738618496,0.12009805967323023,0.17400030196094357,0.02655375677666829,5,False
116,0.04828744286625507,0.10914779849823908,0.026445816944221615,0.049528155625853,0.08568779757214122,0.07098593428710752,0.26147682120095567,0.1295303269361699,0.19038699664144032,0.028522909427616674,2,False
117,0.0,0.09639371045773554,0.0,0.0831355772038117,0.08551524079205383,0.0868258280570413,0.2837076918964765,0.13656048465246157,0.19356858164197585,0.03429288529844355,4,False
118,0.0,0.1175316238230453,0.000885866436241304,0.06585787148245767,0.08115558108784934,0.0844103661849303,0.2807432741618528,0.13414813766403888,0.1804326413989511,0.05483463776063324,4,False
119,0.019622967553445315,0.09950718014591114,0.011391977182443658,0.057168699397521124,0.10142910058195771,0.08065999682213594,0.2749516828763673,0.12831355766260202,0.21181943274054238,0.015135405037073446,2,False
120,0.0,0.07746386622256486,0.03797402647784648,0.08408268600077103,0.062430713124799316,0.09189473075328826,0.291267992907352,0.14002341750902705,0.1628981818070931,0.05196438519725798,47,False
121,0.005978952330026319,0.10301481729424092,0.02561461699074641,0.053846665522905734,0.08113221862351949,0.09305756137018974,0.28681343460161396,0.13132685612559045,0.19684566700785383,0.0223692101333132,2,False
122,0.039660790724084384,0.10146307721468821,0.035380717884578264,0.06229492996246654,0.05958992793128241,0.09428818269362725,0.25525984518669126,0.13027430394184145,0.18688970186869444,0.03489852259204589,2,False
123,0.039897669877493554,0.10768859000149916,0.011047779827302626,0.0555370824339616,0.060044909758696766,0.09159287775042615,0.27833735789870034,0.1444089297690858,0.20610898934401528,0.005335813338818676,2,False
124,0.04854698673839056,0.0821610868751706,0.026522263171965446,0.035794335910681895,0.06164561291420096,0.0985556933084741,0.29151002467553394,0.1365341958734121,0.2041789012778167,0.014550899254353784,0,False
125,0.050769625230776924,0.09243983069737217,0.04104115820302515,0.04416888692412555,0.01921490479742245,0.09197826511284139,0.31495029816436326,0.1134094738888249,0.21641914959600497,0.01560840738524317,6,False
126,0.03002883714792425,0.07187128997067027,0.037118888247455725,0.04340144317056654,0.047017021837259275,0.10275329566693292,0.3156561898943233,0.11197527175875892,0.21563002237676865,0.024547739929340007,6,False
127,0.05593569566908886,0.06911915111420519,0.02929133850944719,0.060923560912925924,0.06493691205754272,0.10411351023319498,0.28703614424949314,0.11293990244095631,0.20410067013345934,0.011603114679686359,5,False
128,0.04363142156415891,0.09472406041586845,0.0,0.04501035723179957,0.07619414305512526,0.08765645747166434,0.28351238988673744,0.13786934175172852,0.21726483298654195,0.014136995636375604,0,False
129,0.047602170324830516,0.05853586113121789,0.029733416340195124,0.055456153457131535,0.07080029213804986,0.11784980354088592,0.2966815790319187,0.12196570707870619,0.17748822206619697,0.023886794890867327,5,False
130,0.024230614236097764,0.09920419608428402,0.009035924340421124,0.05964302842401489,0.04585484737087347,0.08404069059222426,0.29148263369953864,0.13035077883268817,0.20174197734558155,0.054415309074276094,4,False
131,0.0220061950766361,0.10984117231390508,0.026928652862730905,0.04819423191848277,0.07212826051939594,0.08795214135683378,0.28533412031753547,0.12320383098152987,0.192580949170959,0.031830445481991154,2,False
132,0.0398334780889201,0.1122282824884456,0.03782381410469263,0.049732139714564534,0.07305659126458044,0.08172228563506813,0.2904183165478135,0.10758707653818535,0.19365818537607263,0.013939830241657026,2,False
133,0.06549105241772767,0.10277807778144636,0.007822144024627834,0.04504689934471881,0.06860613474495526,0.08162069468821007,0.2653399879302529,0.1320987340663224,0.19679470298001414,0.034401572021724565,2,False
134,0.06877543070477808,0.06649145290105803,0.0182544761349776,0.05025456739984234,0.052657111113519485,0.1143663072910241,0.29262539114471336,0.10941798313421058,0.20091783118832074,0.0262394489875557,5,False
135,0.0530706279655374,0.06376667105297829,0.006143022004161864,0.05041250811816049,0.06299393467450874,0.1003599268991127,0.3005714014240373,0.111638562844553,0.21203801140694195,0.039005333610008214,5,False
136,0.06803863594899393,0.05858024261861744,0.0294990729249283,0.06186265872468337,0.06954597496671557,0.10011619165079705,0.28452191015378653,0.11366126451734906,0.18925136680956353,0.024922681684565157,5,False
137,0.013348065355375659,0.09980753607609413,0.01519507831342763,0.060819716772401076,0.08346008890054156,0.1017492088211965,0.27413064674522397,0.1285795039094846,0.17260172584009456,0.050308429266160345,4,False
138,0.01340291682810613,0.10091136170871315,0.019893269518730595,0.07739993857325997,0.060889051751929504,0.09717060636624046,0.2693942106545895,0.12966977799588397,0.18195780624147126,0.04931106036107545,4,False
139,0.03157427098143297,0.09517905129910263,0.016651609150657387,0.038432582878805605,0.07768134524668119,0.08394418905395691,0.2918199087285548,0.1319818085129829,0.20030198913475422,0.03243324501307136,2,False
140,0.008749970883020068,0.10755622748055559,0.012413470093090025,0.07593408975083654,0.0703610281969256,0.08365163218150672,0.29542726630813304,0.11958158050290817,0.1854152110594672,0.04090952354355699,4,False
141,0.05155405280235726,0.07242023563901906,0.04227413959639777,0.0475339413400889,0.03795520268830173,0.10493552566558324,0.3072895399065666,0.11208725288170672,0.22239439075871067,0.0015557187212681502,6,False
142,8.605207940159077e-05,0.09376076176160493,0.03003803649934477,0.07270107412683509,0.08057001197136865,0.10868578898039183,0.2652023533517085,0.1290162656960209,0.1770838897724955,0.04285576576082826,47,False
143,0.04801918548773142,0.07764487325224649,0.042589258350385455,0.060852518615528844,0.05331515286624312,0.10602549559751952,0.29830314371895206,0.09740526961519153,0.19622260094939017,0.01962250154681164,6,False
144,0.0,0.09427605942052744,0.012178217524242285,0.06949381018348076,0.05895627637960435,0.09248565971967176,0.2798968530238599,0.1359164152798057,0.19835992485370268,0.0584367836151053,47,False
145,0.0,0.09586070510768303,0.025172802069064915,0.08498372524429905,0.07916513267391959,0.0876274021392071,0.2709659756365551,0.13368089605550573,0.17311737590436377,0.049425985169401686,47,False
146,0.05779044328294061,0.05841474726830062,0.03472999602921334,0.06168965785265184,0.06159326998384657,0.10083843783021713,0.2851196675958525,0.12586857318677916,0.21395520697019824,0.0,5,False
147,0.033123877793178845,0.06293270570171382,0.04682560603467888,0.042827081661535975,0.058556725785322145,0.11401949563602669,0.2899227615195825,0.12470124394173,0.20346590236976195,0.023624599556469308,6,False
148,0.03176636222678393,0.09547857634973617,0.0320623824399638,0.04220557279300296,0.08596789332242262,0.09151253333330045,0.26605699773829855,0.12617426241429044,0.19173895616022157,0.03703646322197967,2,False
149,0.03137503655242775,0.10140566743890132,0.022646926721118576,0.04430176280735798,0.06174004399452339,0.08892104672804654,0.28184324758072005,0.14909932432444759,0.19084892311261809,0.027818020739838824,2,False
150,0.011955339266170617,0.0926307981572867,0.04639787881264405,0.08113187099802142,0.06028995637713106,0.08624716523364936,0.27130949973690316,0.11412395171757468,0.16730130368614327,0.06861223601447575,47,True
151,0.05449544914910829,0.08467242475128266,0.03903850562137479,0.061365608216249,0.07626993195903202,0.08475929013060594,0.29326912076139733,0.1109664745886138,0.19148330650282286,0.003679888319513258,5,False
152,0.034733693758414806,0.11286829775671371,0.02602711809417817,0.03915297242702584,0.08618599615995322,0.08818397199810446,0.2639870221452797,0.12684925928559618,0.196331258002069,0.025680410372664834,2,False
153,0.04807278601406341,0.08755408326861185,0.031617879732847874,0.02484577402625997,0.03393957767087537,0.11034090261329535,0.31827369928418814,0.12345940859484973,0.2069449760718862,0.014950912723122115,6,False
154,0.01920765704173702,0.10034000703135286,0.018550546160852416,0.07751075803515096,0.04470036515945472,0.07008072274661904,0.2923008723901332,0.13436571847210887,0.20044683550826822,0.04249651745432255,4,False
155,0.033328567485076656,0.10618844777648936,0.006023979454350655,0.06423155227829108,0.08978213299213478,0.09223770846911461,0.27425261129075346,0.14360527412995316,0.17383699735215405,0.016512728771682184,2,False
156,0.007518722884956183,0.08967348959454356,0.03939384693695464,0.07970193680715709,0.08717231583521823,0.08715044342175188,0.2584648398063583,0.1220260287027766,0.1886231126290388,0.040275263381244666,47,False
157,0.0,0.07491168849079306,0.02014387239493284,0.08605149576431938,0.07966907929949323,0.1083092156965407,0.2751402551887964,0.1311814146025239,0.17199789743408195,0.05259508112851854,47,False
158,0.03123398592518461,0.0878595136315968,0.0,0.06040216412616476,0.0556670172249182,0.09437463366230073,0.3043006199742043,0.1242814864714027,0.18507441171049985,0.05680616727372802,4,False
159,0.026253321903346245,0.10523108289181228,0.021547013769923462,0.049840505106525594,0.07926021774558971,0.07892375815046611,0.28078474983307566,0.13126957759001698,0.18520774655133979,0.041682026457903996,2,False
160,0.00012205539732220013,0.07921516804220134,0.037388425834260254,0.07977610531411018,0.06881141853454305,0.10106932304425742,0.2637362122241471,0.13537063385939574,0.1805451425208959,0.053965515228866744,47,False
161,0.03415362919431169,0.09305755806362304,0.045444953543243724,0.04786928512959491,0.08691385540854454,0.09478397787147445,0.29141775707215706,0.11643295780284957,0.1733080668056164,0.016617959108584514,49,False
162,0.0019864061405993087,0.08784460404498166,0.035049964499773614,0.08469267563422381,0.06692420890904802,0.11026102687661694,0.25291945536510413,0.13978516687188006,0.18482478949321607,0.03571170216455643,47,False
163,0.06494761995675208,0.06276789820087,0.028008804564904035,0.059577390227436085,0.057333912838431214,0.08807290157131002,0.29081103304090183,0.10792944842861726,0.21754891596459852,0.023002075206178946,5,False
164,0.0,0.0912096518521192,0.02896054914724469,0.07238501765476459,0.07676950602101397,0.1150110384838055,0.26365609129533973,0.13092953757474238,0.17206362988714424,0.049014978083825676,47,False
165,0.0,0.07876143228888544,0.040070637571655666,0.07296386775815793,0.07160016910110768,0.09465011912468246,0.277892640097113,0.13806675611982705,0.17746434098529645,0.04853003695327418,47,False
166,0.04954202451848749,0.057730952909950804,0.02347173097242971,0.05206905275455691,0.07858849544781378,0.09443944672696292,0.3038458653454506,0.13386827597664203,0.1894308603132782,0.017013295034427656,5,False
167,0.053568654517155305,0.08631540822408196,0.01060529521715023,0.06485506987084101,0.051660253257773216,0.11534755961339314,0.28457818367219556,0.11281510453110466,0.19378539014742024,0.02646908094888457,5,False
168,0.0,0.10105855192963709,0.016379724723504883,0.08226842983743159,0.05149338823226083,0.11849087945587168,0.26419779320772213,0.14469942277217035,0.1796243475865642,0.04178746225483738,47,False
169,0.005593054358519563,0.0814517336737139,0.05686192312510166,0.07731009870445146,0.08940934418004692,0.08975372894575795,0.25899726401148415,0.12398937189703445,0.1696037243934399,0.04702975671044992,47,False
170,0.0,0.06380495034611092,0.03629845800790307,0.09037237605867164,0.06609565935608565,0.0982531372087784,0.27496141954306597,0.12847086602392646,0.18744482273343416,0.054298310722023686,47,False
171,0.0,0.0842555393268291,0.036843667549278265,0.07252923152311888,0.07176237031192682,0.10616726111387917,0.25543728467421245,0.14751364169440656,0.17726449704329614,0.04822650676305263,47,False
172,0.005693472619767562,0.09352121257567689,0.029156062743524665,0.07829928382802784,0.0701208338062661,0.0962108070261909,0.2611864162484071,0.12620143481441973,0.17482299836037676,0.06478747797734247,47,False
173,0.0,0.08991211723390213,0.0346541754978553,0.09132912005681537,0.07016207235503515,0.10265521926282244,0.2484139489807657,0.12934027977941667,0.1831713270403647,0.050361739793022435,47,False
174,0.0,0.08383349261027874,0.030832375726352165,0.0808356776147502,0.06721138708373368,0.1061636581380875,0.27074276695714306,0.11775460405276547,0.19175538827626207,0.05087064954062715,47,False
175,0.0,0.0887630510860386,0.03725468067321367,0.09390185013399885,0.057669096217901165,0.10965285246885338,0.26508700616526054,0.12076756733351224,0.16776679991436386,0.05913709600685766,47,False
176,0.0,0.10303862914238765,0.034780795215325115,0.08944585182378098,0.06590683554835816,0.10236289803242817,0.26926201204478817,0.11032352713079942,0.18019265377750934,0.04468679728462299,47,False
177,0.0,0.07851057395537131,0.025972231998841598,0.08212557329983507,0.07389070036578553,0.08733646580746393,0.263769163964478,0.13053113046364756,0.20051803786090375,0.05734612228367326,47,False
178,0.0,0.09347732337586018,0.043883989085341385,0.07705193736358967,0.05173807747075773,0.09334505194633726,0.2569049460845346,0.12131536118574357,0.18682156253599252,0.07546175095184321,47,False
179,0.0,0.10452467703681176,0.041917766228586194,0.07980724416761434,0.0661792292758595,0.09920466937477301,0.2671504506468952,0.108441026548416,0.18503170739034944,0.04774322933069451,47,False
180,0.04108412977205512,0.0623155627215496,0.036086474259550666,0.06565478226168393,0.034511976233920605,0.09116630994822093,0.30670574514164406,0.13330644885990595,0.22143086254686045,0.007737708254608861,6,False
181,0.05166609365766038,0.1015969319402229,0.03417561059081845,0.0405743474286493,0.07887194318580727,0.10846096243027983,0.2675048296828509,0.10501869581558625,0.19131613666943675,0.02081444859868782,58,False
182,0.027238521973869313,0.09846038533255727,0.05171575537084505,0.047427236346266444,0.07937373450263897,0.08461269934015872,0.28193942414352996,0.1196020939138215,0.1851937470121918,0.02443640206412099,49,False
183,0.0,0.09141506872173455,0.02826043332989805,0.08451600994983402,0.05597348323775033,0.1004690222126593,0.2818089995877883,0.13268043308330768,0.19002318779008417,0.03485336208694354,47,False
184,0.06634656062705115,0.07650873623928466,0.04186131012237496,0.06914285799047674,0.048228989179407045,0.0988976028309574,0.2833401104928531,0.12235038038663354,0.18290070911589762,0.010422743015063667,109,False
185,0.06251442529608742,0.048538933419420706,0.044815317725330595,0.07088168437999971,0.06486156896597498,0.09923193810355344,0.28678763494256954,0.10869560249976853,0.19859579295490784,0.015077101712387343,5,False
186,0.08009750693602564,0.0690203894064395,0.040243519324623604,0.05563947865941166,0.03899589071714682,0.08623104714352509,0.28831571452155347,0.11597848011902065,0.19687729240909424,0.02860068076315934,109,False
187,0.060548875711333994,0.07967158581241472,0.01708564972312882,0.04601166945503764,0.04513142074007866,0.10112221654643017,0.3089367828593778,0.09998847650613266,0.21666150464182324,0.02484181800424208,6,False
188,0.0030463993228633623,0.09916587988285823,0.04299332138314276,0.07755520967878579,0.06142141246346352,0.10570736099476014,0.2551617558858554,0.12332207599884476,0.18436356847544583,0.04726301591398037,47,False
189,0.07229305216537765,0.06930557731679521,0.056991733519230606,0.05246830753038534,0.052249225512396635,0.08968138455922575,0.27523120827625797,0.12485171249809035,0.18754278581197228,0.019385012810268273,109,False
