ID,strat_res0,strat_res1,strat_res2,strat_res3,strat_res4,strat_res5,strat_res6,strat_res7,strat_res8,strat_res9,ancestor,alive_at_end
0,0.08119545288212868,0.16929682080140834,0.025096425570488225,0.08865571488394061,0.007157647385201951,0.12774475989258843,0.0661305383550205,0.0559294171405696,0.09961453063692365,0.2791786924517301,0,False
1,0.06981125974782193,0.17113877990329787,0.03526663833748008,0.09331374650226991,0.018078614305753346,0.1274754671450232,0.060883262923708784,0.05863477333921493,0.10230453324689368,0.26309292454853633,0,False
2,0.07703773443952312,0.15625153138080097,0.025354610784267973,0.07518758603857623,0.0,0.12641418386912134,0.08539107270714594,0.06216038950227131,0.10889478334416969,0.2833081079341235,0,False
3,0.0952741785596896,0.15114255303123275,0.01816942065563901,0.06792980411116771,0.0,0.1426673963003573,0.06826983695000402,0.05958105393907569,0.10525738493184071,0.2917083715209933,2,False
4,0.0731626970839864,0.16408381088843615,0.01323568821282597,0.07845133221035497,0.0,0.1207004833065313,0.09111712230052428,0.06537285664477861,0.10828014641521498,0.2855958629373474,2,False
5,0.06991529923871394,0.16583786993287322,0.03995139477311696,0.09472784817238611,0.015815925175790457,0.13381748237896124,0.05197997110357018,0.054923177745456894,0.11531723811678454,0.25771379336234634,1,False
6,0.09114778402998454,0.15483800364928307,0.01178920614423668,0.056418062499040016,0.004580691968405913,0.13178620075464365,0.07774058089177567,0.07405733561734844,0.10179841791501634,0.29584371653026575,3,False
7,0.06169423238833706,0.14395463092696303,0.0337844079111064,0.0906686940468544,0.009900506910102509,0.12953803241151654,0.09336100152620536,0.06665600458076802,0.10173851217000476,0.26870397712814204,2,False
8,0.08267915041426237,0.15095023970513105,0.01681174641182026,0.08107441392290432,0.0,0.1275332977760525,0.06721745109800555,0.07868583498562484,0.1031932119731395,0.2918546537130596,3,False
9,0.08299546326876761,0.1551266177414851,0.042344844687408324,0.08203387674093968,0.005398485705109942,0.13078865170634935,0.06305463538338849,0.06119082496830058,0.10770152486253694,0.26936507493571393,1,False
10,0.07846618619319826,0.18057151554237383,0.020596415608585616,0.07717257630158879,0.009412865549053457,0.12715311875194474,0.061674858912735185,0.06832019749266265,0.09706602667349452,0.27956623897436284,0,False
11,0.09797017848015525,0.14916731300103267,0.02984312332858366,0.05538854505701668,0.0,0.14491146743534772,0.06348835462216715,0.04953963783119428,0.11656607743959298,0.2931253028049097,3,False
12,0.0766907895766046,0.1820794460963504,0.015038058696829514,0.08010417483644075,0.009778904592446335,0.1357009813959337,0.07087263603448361,0.04938157877112254,0.10133367269169447,0.27901975730809403,0,False
13,0.06339347454838838,0.17309707707725983,0.03174744378946538,0.09513292432942584,0.010811572444113328,0.10840765157063277,0.06437618766086455,0.07648654454259772,0.12025376241681353,0.2562933616204387,1,False
14,0.0969963979023711,0.15916857546067065,0.0023238529293816367,0.07194099549842446,0.0,0.13389600857402487,0.06874453154062486,0.08600471350177118,0.09847565990374627,0.2824492646889849,6,False
15,0.06987384030371245,0.1801208366302887,0.0,0.069365341583779,0.0,0.1227601566464402,0.10113818349898726,0.05534633686700869,0.11529922846257663,0.28609607600720705,4,False
16,0.08500178880438566,0.1816922491198589,0.015619208451831299,0.10372553110923981,0.012247762033313816,0.14582041417632596,0.055131854076422876,0.049664126093215764,0.09803618037173564,0.25306088576367014,1,False
17,0.08082812662151878,0.16453178658233608,0.015607778359862512,0.07445811545201847,0.0,0.13229878351275826,0.09310175403354631,0.0702190070040912,0.10226777817331442,0.26668687026055393,2,False
18,0.09485972626660516,0.1466032701809017,0.010378024343944761,0.0736938676130505,0.005343370301407087,0.11261894847131454,0.09179013176456943,0.06547548248451592,0.11497380953098793,0.284263369042703,2,False
19,0.07181973172394804,0.16541184519054097,0.03580377074188714,0.10099469084487228,0.013064919376477338,0.13596187322152115,0.07631699736080211,0.03667263736181361,0.11144718106575925,0.25250635311237807,1,False
20,0.07071221956990745,0.18167412158523225,0.04337940571026645,0.09935550167301135,0.0,0.14031319630161432,0.040801474749469366,0.049176044091425015,0.0920914636539477,0.2824965726651262,1,False
21,0.06899496434895587,0.14557523540932168,0.019416065587474093,0.08661207429387331,0.003365212908920333,0.12283072562616276,0.09372074755203716,0.05142243204368481,0.10564240284262978,0.30242013938694023,2,False
22,0.06463269802276919,0.15894535215114597,0.045043681288017855,0.10499754343257328,0.019148529016511637,0.1180504737603132,0.054682231008903494,0.08081564336826066,0.10750784575368984,0.24617600219781482,1,False
23,0.07752720618384429,0.159737532476498,0.012863304962686645,0.07794414525017616,0.0,0.11468429714091846,0.08346749556942783,0.07371702092685667,0.11116839177770609,0.2888906057118858,4,False
24,0.06742483444703083,0.17010517227346988,0.018542162394660278,0.10503691979431296,0.020431511126412318,0.127946164745919,0.04269680934851372,0.06011756949105923,0.10900004784502512,0.2786988085335965,1,False
25,0.06971244746104802,0.16288496576813724,0.02916593473974427,0.08498857469400169,0.00276335836504308,0.12553685884284002,0.0813957327326769,0.05937691614750118,0.10117662563991996,0.28299858560908775,2,False
26,0.09006481560010123,0.15330799756083208,0.036909740801058535,0.071487985904596,0.0,0.12116994104739265,0.06150151554775785,0.07060979195213962,0.10399534500002375,0.29095286658609837,2,False
27,0.07089892610414532,0.1703179756051769,0.04253727972164307,0.08395304561904782,0.003843177707158913,0.1292008053646131,0.07773756771883042,0.050154009124969964,0.09646146221547129,0.2748957508189433,0,False
28,0.09533356269541636,0.14872524097737666,0.0021696190308168922,0.06441551281410779,0.015639972493207588,0.14605023176166398,0.06879419254341496,0.06676235373997248,0.0922227164522952,0.2998865974917281,6,False
29,0.07592412840158054,0.1596554918613915,0.03046764790500887,0.09048357178584482,0.0,0.1369772012404731,0.06551256381755881,0.05535321630347566,0.10388354514810602,0.28174263353656065,0,False
30,0.07071798669962408,0.18608087489437494,0.05063632646311081,0.10333742345347784,0.024685457855461848,0.11123648898557915,0.048249742188115494,0.053110571754038126,0.09197948890727076,0.2599656387989469,1,False
31,0.07995610293342166,0.14986075584487654,0.02080596677252209,0.06692965843780381,0.011622175724707265,0.12068561902708433,0.09136128510104782,0.06457627920453679,0.1146811001663149,0.27952105678768485,2,False
32,0.08907612428076875,0.15381368057727085,0.0012918857954479787,0.06157663828996791,0.010129347544793672,0.13847272302004338,0.07957071592790944,0.0882014121423727,0.08561345555516156,0.2922540168662637,6,False
33,0.07016786625109175,0.15273053961477204,0.02899302515358641,0.055483728175842066,0.007804319812894461,0.1633275985623508,0.07907877590736237,0.04999036583101536,0.10455810151620575,0.2878656791748788,3,False
34,0.05585590960708171,0.1620648060927505,0.045210390794690955,0.10506347776611098,0.011252689925476964,0.12529177644264372,0.0578294187711045,0.05318638129965448,0.11989022980284839,0.26435491949763784,1,False
35,0.06572563229782089,0.16691947223584905,0.03266646965433028,0.10638417837945335,0.02593547803359205,0.1321554420807677,0.047685757392864646,0.06059231664450376,0.1069219280791191,0.25501332520169934,1,False
36,0.07037399411867888,0.1569849066020501,0.04294490940302287,0.10423930478714534,0.009226859739472591,0.1365284364693606,0.049241175180530616,0.058167743858954984,0.11245877624582874,0.25983389359495523,5,False
37,0.058041551083095846,0.16355068898033273,0.047857660928132574,0.09656119490991899,0.0,0.1434523557816277,0.07228036229192554,0.0602087698923669,0.09432389631146484,0.26372351982113473,1,False
38,0.06869528970432515,0.17415792546780148,0.04679795036229102,0.08775798712810579,0.022160199911271727,0.12204296457801887,0.058300905862048114,0.0672621778581307,0.0966765292574764,0.25614806987053085,1,False
39,0.06962185582139033,0.16811255996594257,0.017951492393441116,0.10529995696010494,0.011198215928197933,0.11809242462054047,0.06233099836671639,0.069905834578198,0.10899868001388562,0.2684879813515827,1,False
40,0.07361971943082266,0.17611726817806664,0.028127015215013925,0.08815836222167737,0.013071948166213017,0.11874963107221224,0.0705300047854647,0.04574995964734903,0.11108453750202078,0.27479155378115966,1,False
41,0.08093780084451381,0.1666288620710385,0.030347440022655478,0.08120107318228068,0.027480110326493303,0.1360463089281915,0.07603762754261538,0.048531182791036326,0.09069150550977449,0.2620980887814004,1,False
42,0.07995962162049418,0.1656821710224445,0.024496763624662472,0.0983860724068756,0.005181082204270915,0.11635283337972747,0.06194316693716541,0.06173538227738736,0.10980398310194636,0.27645892342502565,1,False
43,0.07839647821783259,0.17882763348992875,0.03171978249740216,0.10636575916000583,0.006989687069774156,0.1207328166875188,0.053672042022614,0.06977571699010061,0.08997897462794,0.26354110923688306,1,False
44,0.07496624933564548,0.16818690572477202,0.025193324769243863,0.06593191306153955,0.0,0.12168411441370472,0.07598029335632683,0.0596617273708072,0.10974392549551323,0.298651546472447,2,False
45,0.06815610279265724,0.17254649306391412,0.04583817469423906,0.09582263900363647,0.005250052246648836,0.12995455191935504,0.061770199407461465,0.05015993068444722,0.0944884016483578,0.2760134545392827,1,False
46,0.0681109469101219,0.15548077583850586,0.03315824363173146,0.09470648890372602,0.020198108834633584,0.11419940201390115,0.08949950277840629,0.06088159997945386,0.0995953742164954,0.2641695568930244,7,False
47,0.05753910303019128,0.17102971682387472,0.05889212246714949,0.08951767080177948,0.007615194624300062,0.122675038555748,0.07210176830268336,0.06836638421836558,0.10306564608560623,0.24919735509030175,1,False
48,0.07592434158324163,0.1748059902736933,0.03947010184825449,0.0882184393929155,0.0058968111525068995,0.12941281335366567,0.05724573815260278,0.058950152935512264,0.09906307543890276,0.27101253586870466,1,False
49,0.09288858923455488,0.15508495694311134,0.02376801219805737,0.06260456373544332,0.0,0.1397171783061346,0.06498864738429244,0.07713526239583006,0.08750037630969429,0.2963124134928817,3,False
50,0.06338633620885847,0.15450559951182,0.03757277094587129,0.08260229661559508,0.011397523790195528,0.10955927789397517,0.09459600451550733,0.06727659804789582,0.10830365834417154,0.27079993412610964,7,False
51,0.06723478035768364,0.14992433700992977,0.016124045309696185,0.07509228219191073,0.0025698136093017404,0.12544139939773324,0.09463060729407953,0.07253948976803283,0.10748782903083545,0.2889554160307968,2,False
52,0.07596729210592469,0.18355684534076003,0.03288047588917764,0.0884978173437838,0.0,0.12304222828606702,0.06273325802535883,0.06415402954699514,0.10157045540257427,0.26759759805935873,1,False
53,0.07323239101444966,0.1691506061309425,0.04757275002250728,0.10291805553833797,0.008969534485517119,0.12603040106586744,0.0403107522486355,0.04467172014431873,0.1281608234619314,0.25898296588749237,5,False
54,0.06751695689023779,0.17640992540295772,0.006026716331668051,0.09456068146912411,0.02008356691547457,0.12184930398287121,0.07342907339028454,0.059494215705153855,0.08725667355462666,0.29337288635760145,0,False
55,0.08356634212522808,0.16284507578437352,0.016347761467830853,0.1007992055686409,0.012660292420547562,0.1347187808939035,0.08101534230063519,0.040513215899322774,0.0968488425296313,0.27068514100988644,0,False
56,0.07143738639290358,0.16543063844397612,0.02789044576822081,0.1094116944687407,0.03420794538394658,0.13414676549370477,0.023067023040848154,0.06587677677147143,0.10976581742170302,0.25876550681448485,35,False
57,0.0800667930391184,0.1939540142280287,0.03272486434587224,0.08588651064380183,0.009139965112868801,0.12031637915056195,0.05485510409228101,0.06308733053893739,0.09352072350763427,0.2664483153408955,1,False
58,0.06894481131406435,0.17335587239871547,0.04843520225816378,0.09424091535212799,0.009791429430144872,0.1254333882000257,0.04321498987726631,0.048360049730383645,0.11707743250790474,0.27114590893120316,1,False
59,0.06942246025111716,0.18024014487138715,0.03365080804759556,0.08607393377560427,0.02751295378051516,0.13114135583537345,0.055515713837216596,0.060308463790629,0.09848044562651594,0.25765372018404564,1,False
60,0.07977066983731167,0.1584614954022499,0.02521241945628971,0.10584781531962562,0.043116231133842955,0.11558974676999856,0.0721097428420151,0.0586844361652322,0.09093986062085423,0.2502675824525802,1,False
61,0.0583064603828079,0.15163478664445554,0.03737267108560158,0.09335404257363451,0.020507698971613836,0.1400376947632432,0.050749623757369806,0.04250800044303511,0.11533781408065193,0.2901912072975865,1,False
62,0.07030654708124504,0.17216091864886782,0.039103497966478426,0.08466204252540661,0.02651876403461312,0.13101552054307355,0.05329855084440943,0.04695149444817557,0.10084797716183982,0.27513468674589053,1,False
63,0.09167100158949905,0.15172956935196447,0.04476732268321565,0.1108480551806282,0.022015506076366775,0.13679572946228585,0.050819947170865035,0.042963163908888755,0.10287053841326392,0.2455191661630224,1,False
64,0.06320381600011954,0.1787931129087482,0.03691906400603861,0.07041306075176883,0.013298490973104649,0.13727358591596042,0.06146288091174971,0.07114937542083448,0.09050307051900494,0.27698354259267055,1,False
65,0.05830031271118714,0.15933498678464544,0.030712724369526566,0.088013904759784,0.029800752905989984,0.12594992728504867,0.06596590652236473,0.0697558659497615,0.10138201562184884,0.27078360308984306,1,False
66,0.05996646832771495,0.16744678111482045,0.04590575390383531,0.09290252519011022,0.0004415777084871062,0.1226937227048945,0.06884286656257131,0.06525851207394222,0.1078849559515643,0.26865683646205973,1,False
67,0.05940669605985349,0.1772844211166446,0.03685641334503089,0.11414802451401801,0.02925477413946222,0.13201083891208137,0.0432670594372339,0.04945520073664373,0.10887604393186802,0.2494405278071638,1,False
68,0.0804622191755229,0.1752696663068839,0.02365743641030828,0.10258855580494301,0.019428478573936404,0.123572710235243,0.05750332977718707,0.05071862067175119,0.10415508199308336,0.2626439010511407,1,False
69,0.07796183196321302,0.16961597410834892,0.03551101626608344,0.08615205660848349,0.020298376364085997,0.12468892259445703,0.05736138644709189,0.05585375115678749,0.10317644980769493,0.2693802346837537,1,False
70,0.07539744762744172,0.17186338187034586,0.03670689071353146,0.0676262599752666,0.01962243034379924,0.13424511750067677,0.055747151631517375,0.06164396872967264,0.11789861396712557,0.2592487376406227,1,False
71,0.08118865055898448,0.1877565939383387,0.03475729763814371,0.07546487618488273,0.021249374683978316,0.13477486973722366,0.054416049487442025,0.03749523773943077,0.09554679229489732,0.27735025773667826,1,False
72,0.0687309734911771,0.1712705322234773,0.028016427885871196,0.08469676607752762,0.031987999002484405,0.11927548409195997,0.05220405977106768,0.06397949378002522,0.11891292220006407,0.2609253414763453,1,False
73,0.05913435335452919,0.1693327713464315,0.031703384900575296,0.10925238508694583,0.027147133601869673,0.12520844426697864,0.07097124204273328,0.03981533114799646,0.09290373582611722,0.27453121842582295,1,False
74,0.07426566468663609,0.1843852370020419,0.02526576684467572,0.08779526315547867,0.02447334521580214,0.12098002705913713,0.04119888304052325,0.061972698969421265,0.0977108577207938,0.28195225630549003,1,False
75,0.06658584268473798,0.17093979551373045,0.041083245410299625,0.09115994892587816,0.0,0.132496163299798,0.05682801688137177,0.06712297514734081,0.09913556263407593,0.2746484495027673,1,False
76,0.07591008752755685,0.15577147676115546,0.04118466299194777,0.08752273329316695,0.024944596051767517,0.14004208838764,0.060405784474335394,0.06385616635639836,0.08959592281351113,0.2607664813425204,1,False
77,0.07703357274711203,0.1848609546317419,0.053325141436349185,0.0772423108005358,0.006932887723943327,0.12724158787490805,0.0478150219479036,0.053319064745246066,0.09925988374867367,0.2729695743435863,5,False
78,0.07425921326695986,0.18561162013961757,0.037023370465983474,0.07109852956535752,0.01951012425762139,0.1183864769419857,0.06272916597046849,0.05625839789507776,0.10352565833555344,0.27159744316137474,1,False
79,0.06560395561381263,0.16606958640560618,0.043033177773758854,0.07036367284297887,0.027389539475316256,0.15145273499505715,0.05143831451512469,0.05745839712912001,0.10455542872432362,0.26263519252490164,5,False
80,0.07823112590797164,0.16851287054045375,0.02679914854046519,0.07607949391946586,0.03405490672863371,0.12689619392306595,0.0722896897877176,0.0527664183804893,0.1007194593240603,0.2636506929476767,1,False
81,0.0756958418465851,0.15826266257098723,0.04453967111707367,0.08066137830537239,0.004702166571948692,0.12698882649640136,0.06096810891818921,0.06880800465821979,0.11861413207888157,0.26075920743634107,1,False
82,0.07927524884879528,0.152250578814914,0.051662045960029775,0.0904314672223652,0.03125572396376529,0.12108239958528803,0.06455649605029032,0.05207997921453845,0.09730168213248071,0.2601043782075331,1,False
83,0.0717782682727976,0.1687828660642559,0.045096348358718376,0.09114642735147273,0.02427424697952612,0.12567209445430633,0.07406143902711769,0.043948560722573866,0.10098237867406085,0.2542573700951704,1,False
84,0.06567429769127742,0.16236649221730076,0.026365641186577766,0.09521996933361562,0.027104642795598734,0.12528428332306873,0.06664730389500864,0.07066171224961537,0.11299510161211536,0.2476805556958216,1,False
85,0.04755401370963897,0.17738253089112024,0.027780857494440835,0.11239126325938545,0.02093052908330198,0.12596320137138742,0.046364739157670615,0.06251618068111842,0.10454589394371823,0.27457079040821786,1,False
86,0.06242782060130065,0.15104569718917146,0.034648637553585486,0.102830111989231,0.01794347581861481,0.13598023344207744,0.0726908451885695,0.05330424448365559,0.11975661989620073,0.2493723138375933,5,False
87,0.06074433225942335,0.1775178230646639,0.040163264785705144,0.08339267240702758,0.007766678921889663,0.13968080964902893,0.06476715722630896,0.061414995751441735,0.10363935933709263,0.26091290659741806,1,False
88,0.08512730207785466,0.15189950091238186,0.0347277031453218,0.08280234897976183,0.020564021907596767,0.13457831134902976,0.055988629794517394,0.05961053346131645,0.10649999104438364,0.26820165732783585,1,False
89,0.05998835057315505,0.17627977349929777,0.03412581870080498,0.0865935576901397,0.016036313549180402,0.13454070043210486,0.0688928733739337,0.04376730948486936,0.10901676069948858,0.27075854199702565,1,False
90,0.05708658592589552,0.18313070452917443,0.04202295591282785,0.10459683147642693,0.0068679021168348425,0.1339045484422134,0.04538501241382772,0.07042968543929806,0.08779381882977015,0.2687819549137311,1,False
91,0.05855800566156779,0.17824936053474008,0.024318166928258163,0.10808807786557963,0.023222285355668743,0.13485419565209888,0.051156710477869176,0.05686896568239415,0.09087961112274714,0.2738046207190764,1,False
92,0.061459467151361594,0.1649027080840732,0.039892100544635115,0.0925230011251847,0.0038909731326454817,0.1333591633329957,0.06707671949678386,0.06690373615609281,0.10700852774516273,0.2629836032310648,1,False
93,0.08344717719763885,0.15717790228193376,0.04966414985402625,0.08598572360984713,0.02047912601626909,0.13127501446155007,0.05739908411103792,0.04960961996258105,0.11956355068464612,0.24539865182046972,5,False
94,0.06966460200170481,0.1739592997517559,0.03109237203127244,0.09435231083837635,0.01883166452841288,0.1337832671161295,0.06469925440478876,0.04413787653724056,0.11687919471691884,0.25260015807339997,5,False
95,0.07485839704171658,0.16568433967406287,0.025076630533854515,0.09826275351709807,0.006751641117806644,0.13228340252900198,0.05718603315688104,0.0764366816851218,0.1125776361655331,0.2508824845789235,5,False
96,0.07560093073296739,0.1697657068029259,0.03321740042412234,0.09106537870983986,0.02440251031435448,0.1220863573931675,0.06344394903788826,0.04271372920946298,0.11748264527446738,0.26022139210080397,1,False
97,0.06369113301684459,0.17417750820605074,0.05047915860244635,0.08706936258266576,0.018147649881766793,0.1331034360367747,0.05945693696392629,0.05001540320794349,0.10679575405944294,0.2570636574421383,1,False
98,0.08018305116108634,0.1864302530041072,0.019598189195797283,0.09250921152655243,0.010263522149573701,0.13089416779884455,0.05458203890872223,0.050170038941509225,0.10507652771229543,0.27029299960151154,1,False
99,0.06022585333408318,0.15105032953775513,0.03800270302853905,0.0913862046174698,0.026284091504005184,0.13679005342222664,0.07171724360507711,0.06762671091052182,0.09647371804350097,0.26044309199682114,1,False
100,0.049257304051006666,0.18766993211095387,0.03353905558701776,0.12211684920351937,0.013844256666391146,0.11759065878896137,0.06175679621224414,0.05460614492953826,0.0974075030298662,0.2622114994205013,1,False
101,0.0719931733298455,0.1859675665692549,0.03308107469761891,0.10269165276446184,0.011294033161436769,0.12681340840459643,0.062468240547421235,0.05552968938127246,0.09004714920078473,0.26011401194330713,1,False
102,0.08623589381820433,0.14564775931268945,0.03851313502603692,0.0819490675915471,0.04656432147365604,0.1224108343580984,0.07034558288148189,0.0678995384665281,0.09444712768503093,0.24598673938672694,60,True
103,0.07633209528742306,0.17380969948826708,0.03280952396217787,0.10092686924426036,0.025350570126715998,0.10663325444853673,0.05567034830500199,0.055663010563713936,0.10523716509990183,0.26756746347400107,1,False
104,0.08404734422375729,0.16907721263934655,0.015687466850206833,0.089653685818852,0.005833935219498904,0.13012653149244877,0.06918825151083423,0.0567876112668211,0.09375932874291583,0.2858386322353186,1,False
105,0.08240730586161121,0.15819517566710842,0.04471205461340085,0.08736810940150208,0.015662972627782545,0.11031756815052966,0.06670680280165188,0.05931214846554719,0.11205163449452178,0.26326622791634424,1,False
106,0.06927891766761539,0.15266194848864645,0.034396204148964014,0.10932930430896536,0.029170594390116766,0.13527271136370894,0.06894886826404469,0.06407349016304957,0.08364997898508007,0.2532179822198088,60,False
107,0.06826078755040482,0.18638889367808478,0.03457547118492988,0.09778110314525015,0.019489365415755085,0.11883716825667824,0.0492665675549682,0.052196082953534555,0.10321457984855163,0.2699899804118426,1,False
108,0.07994509724673347,0.16815535101136117,0.040474311890362644,0.08293753123709928,0.0,0.12426904492165636,0.0718958896260188,0.08021804075859454,0.08798604491160915,0.26411868839656455,1,False
109,0.09014784278280781,0.15197239556729195,0.038717522635072596,0.09632380372974846,0.030615667426984572,0.1267342078552262,0.053676683145513444,0.05349714739620257,0.1117868335425275,0.2465278959186249,5,False
110,0.08433124466940524,0.19081566788336363,0.045334941126792365,0.08715293454353089,0.014103161901900066,0.13120773193075375,0.05094320938403103,0.04597217999174406,0.09885129821676124,0.25128763035171775,1,False
111,0.0717343272187981,0.1654492836995141,0.04484481739244396,0.09795662931543424,0.037028661426051046,0.12648593584176882,0.05878726553158118,0.055296443076098496,0.09935278281172369,0.24306385368658626,1,False
112,0.04897114837903504,0.17272350144285328,0.05181047327495971,0.10129136018304702,0.012649659461008758,0.12284071905083331,0.07228405421626949,0.06714389009575934,0.09579536262266557,0.2544898312735684,1,False
113,0.05992687710190559,0.16507812538026204,0.047097034577672114,0.11166733993557058,0.0028780219225984817,0.12218253349792293,0.06970415254793223,0.04927479711032346,0.1038415515556246,0.2683495663701878,1,False
114,0.05715833757855455,0.17976925558312892,0.04671902136927218,0.09252849202335992,0.025481767211994757,0.12274132114621641,0.05268641178999299,0.05278099980221369,0.10445691284223789,0.26567748065302865,30,False
115,0.07661109100871859,0.1673963958642348,0.04306852070544441,0.0900544445414693,0.02749224973553014,0.1290942637994597,0.07077520853694295,0.05554649992936061,0.08861417356708903,0.25134715231175037,1,False
116,0.07425304331205286,0.17720179225596158,0.026660724519917245,0.09934973047960062,0.004537617210190124,0.12485235099465862,0.06791282894083434,0.055412147172899384,0.10969170696497178,0.26012805814891343,1,False
117,0.09268466417418174,0.15874541962440233,0.0148830172224896,0.10987617265632393,0.05410266358826316,0.12762143943751464,0.05859276134242082,0.052362286496012385,0.07223911147935384,0.2588924639790377,60,False
118,0.07214382777519186,0.15148404260554732,0.03721490410908028,0.11661518922331995,0.04293550745206543,0.11784856566906815,0.07442922492042268,0.06290275577588117,0.08118924299622164,0.24323673947320165,60,False
119,0.0767642270492022,0.15576587066021474,0.04111151777395236,0.10614625547640523,0.0567128311779446,0.11562157338624311,0.06925321736064641,0.05284215805593894,0.08435367437597047,0.24142867468348186,60,True
120,0.0701630393131526,0.16039416501802076,0.0209421597222219,0.09689912710911824,0.03322306465208684,0.1412313565187981,0.05213328028103214,0.055232039570630755,0.10846390212437003,0.2613178656905686,1,False
121,0.07589560950721976,0.15594174708435002,0.02342356515176313,0.10204851621516656,0.053139629433251644,0.1304853682996855,0.054694548086251175,0.06673082430145909,0.08567450589875643,0.25196568602209674,60,False
122,0.06951883921306085,0.14657955613174323,0.06254711802144497,0.08609973118490657,0.012174896741783082,0.13282173314857482,0.05842540305093439,0.07650012587046413,0.10192821950188827,0.25340437713519964,1,False
123,0.06480988361332182,0.1845974484205832,0.03807224348320476,0.10704429568710892,0.010085679783899452,0.11824545816774786,0.06542025072574925,0.07137526399815608,0.09229248656347382,0.24805698955675481,1,False
124,0.0633739641647353,0.2018867933651419,0.0480016954501783,0.11215165367243675,0.016840631021529294,0.09769107999749702,0.048226879389191075,0.05217897775303577,0.10221664340390985,0.25743168178234466,30,False
125,0.0742787817284765,0.171091827528814,0.0244284081242016,0.11248543562222468,0.02681427180911955,0.11673447012960873,0.07924439200576468,0.032899730374197515,0.09595710925412897,0.2660655734234638,60,False
126,0.08026148930835571,0.16539591778621535,0.033600402885963596,0.10837580573158052,0.02848852407554439,0.12489201055586924,0.0691349412088488,0.0420022137084929,0.08708354364827382,0.26076515109085574,60,False
127,0.08557688471263473,0.15718071106253392,0.034138543915935016,0.11675009344754068,0.051024587672753335,0.09711701384602386,0.06383047871629752,0.05580235084532576,0.08671252195849766,0.25186681382245757,60,False
128,0.07622994018453885,0.16212180317493274,0.022562843399365703,0.11503137109975045,0.05329080564697257,0.11596714858401971,0.0702616396548192,0.057464154142700515,0.07335260517381603,0.25371768893908414,60,False
129,0.07615032248126243,0.1582277938955231,0.000654104156887646,0.13029125214962384,0.054592445381307066,0.10595246881086713,0.08507413305749505,0.05245374851424179,0.10557362320544149,0.23103010834735044,60,False
130,0.0826163779326822,0.16157283985177204,0.006123399606160666,0.11222033137941494,0.03636631296494119,0.1433148211258863,0.06435170480746377,0.061260559193070295,0.07057177050231395,0.2616018826362947,60,False
131,0.07866143067968233,0.15628684829161463,0.004650035224875772,0.10045105832333749,0.0463923112051125,0.1121798273134171,0.07252193651053551,0.07242577472502376,0.09906381662873123,0.2573669610976697,60,False
132,0.0717243465148582,0.13807966823730516,0.024501345131746375,0.09533161065230661,0.030960277874921106,0.12003274325335997,0.09384606934956842,0.07068083111664814,0.09659664112981443,0.2582464667394715,60,False
133,0.07174182506662856,0.16090183039652292,0.02467091558744819,0.10172102475184051,0.06414635517125453,0.11036969580133761,0.07425230819670145,0.050285934148539976,0.09678518648827314,0.24512492439145314,60,False
134,0.07535818629050908,0.1574583479305129,0.04867204613044486,0.09037501356327748,0.03208941482075698,0.09741370430386809,0.05912516023477439,0.06630090525431477,0.1105620678058802,0.26264515366566127,38,False
135,0.056455764699976034,0.16964148721824865,0.01909599017363615,0.12446565196856262,0.04568100835482943,0.12761838119963761,0.06170915446538775,0.062243473690107194,0.08421579897208435,0.24887328925753022,60,False
136,0.06963269298163927,0.17952400202447594,0.027734423703461953,0.09611963436402982,0.04387494136727942,0.11215460089121422,0.06444681179798871,0.0554950273660845,0.08319263733171611,0.26782522817211013,60,False
137,0.09102372622606787,0.17158768905320418,0.03421849144822263,0.11074781148477518,0.02887038394795295,0.12308997721833617,0.0609630580417535,0.0408775652303158,0.0786892338695681,0.25993206347980363,60,False
138,0.09114150492693607,0.15910956345055668,0.04320659071783534,0.10475949496380683,0.041191101101055935,0.09336091284389643,0.07131950941531648,0.05887918145814482,0.09239676503935097,0.24463537608310057,60,False
139,0.09357698481827727,0.15923242530631704,0.021377299776037723,0.11506459803045051,0.03631361651500324,0.10604049943984264,0.07466488064077148,0.04816981811399816,0.09835470680567007,0.24720517055363195,60,False
140,0.07601318440169474,0.17704779013355057,0.024567883881687163,0.08899810121183471,0.05205025646342668,0.10400556181097671,0.05999225571508571,0.06125287841438749,0.09176292974043178,0.26430915822692447,60,False
141,0.09425637603674206,0.15185963165395178,0.03251503627971932,0.08692078153369286,0.056505369483912056,0.11479501922324527,0.06427282879544927,0.05683475999976928,0.0810671792605138,0.26097301773300435,60,False
142,0.0787338464996434,0.1584482120034551,0.016074370056039546,0.09328044547683924,0.03807523869640566,0.10140589970447754,0.08311715174699666,0.0719349635359915,0.09319734614454396,0.2657325261356075,60,False
143,0.0865469235076156,0.16747926499441104,0.029968796017557114,0.09883235487621614,0.04107079552604572,0.13017310757977896,0.0676646549881001,0.058766565387612255,0.09283836875737089,0.22665916836529226,60,False
144,0.0778429471546975,0.1764154156414237,0.026124599796950167,0.09253663530398096,0.047776952779036604,0.10857699185515747,0.08034586017954186,0.046221578303678054,0.09413310770362941,0.2500259112819042,60,False
145,0.08984490222732629,0.15591277228555384,0.0253051874827234,0.12228700193130226,0.01758292169097295,0.11166774005106263,0.06802755467935269,0.053839183420827545,0.09978631004115143,0.25574642618972704,60,False
146,0.07811108266365904,0.15223926265928145,0.03526507158201939,0.10999471456848788,0.05349129324518257,0.11262765419143521,0.06614689883190088,0.0651354368826583,0.08539326367241253,0.24159532170296277,60,False
147,0.08277225084349113,0.1541457319426349,0.012528914418465613,0.10798220269529084,0.05743363059539894,0.10886541575400835,0.07843364480346936,0.07393057883217612,0.0832008138927166,0.24070681622234824,60,False
148,0.09452997601147778,0.1517401512595703,0.02070108247163831,0.08617861339250542,0.045874601445655895,0.11727352748642356,0.07329140361307292,0.07112722941819463,0.09504161588843453,0.24424179901302656,60,False
149,0.08069147361737077,0.1529415625067204,0.02272677906133385,0.1161263881638234,0.037364705208051165,0.11922523864145171,0.07212589068635908,0.07085173298707269,0.08782993921738626,0.24011628991043077,60,False
150,0.07889477864293304,0.15308847415625457,0.023137521704665792,0.0970307057926928,0.03250375474634343,0.1198720282019325,0.07147791738761587,0.07781586430153582,0.102247725454406,0.24393122961162014,60,False
151,0.07931065597358684,0.1698510132004779,0.00964557924867789,0.1012360472319497,0.04244160976134282,0.09896445495626557,0.086345112039997,0.07226454632460036,0.08083432715987936,0.2591066541032226,60,False
152,0.08233984933647341,0.14619836409880796,0.019814560654153456,0.10311573536106051,0.04920228061494464,0.10296815919423477,0.07732578454207312,0.08488379445902315,0.08493505793547658,0.24921641380375242,60,False
153,0.08796379813965363,0.13172034318998524,0.055242863773183944,0.09799770101844475,0.02879764245837828,0.1272201930032487,0.06677600579462578,0.06605605548619012,0.08158134623718978,0.25664405089909975,60,True
154,0.07129115357753817,0.1678435629768402,0.02943080259566713,0.11458209445149788,0.04500159360096602,0.13035269631541915,0.06022419140068717,0.043107463103122565,0.09269644924206306,0.24546999273619866,60,False
155,0.08307932435747412,0.1471578393771015,0.023738993730631944,0.10041261715847791,0.04957153638052008,0.10806769758283909,0.07542042299574862,0.0694382465053057,0.09217294284299793,0.2509403790689031,60,False
156,0.09247359537275161,0.16284775177605373,0.045182270171856345,0.09210376879848149,0.029889043114583715,0.11045439996359337,0.059207007805205554,0.07223139170877939,0.1010341849481698,0.234576586340525,60,False
157,0.08883810307151348,0.15822004811605833,0.026571300562792555,0.11674010021168237,0.04058571754305028,0.11594878326619441,0.06433126765366681,0.04917665494261578,0.08296506029808527,0.2566229643343407,60,False
158,0.07368156947720886,0.1493091362851094,0.037409705635895,0.10283532126010131,0.050743747650206165,0.11914099634176213,0.07354889938399872,0.059938127166599665,0.08775360956420106,0.24563888723491784,60,False
159,0.06935577310546832,0.17406668229669034,0.015951834973534564,0.10444416742247538,0.044170132353050555,0.1199441998524886,0.07522334343187573,0.06993553704135022,0.07723429853108932,0.24967403099197685,60,False
160,0.07308483308353002,0.1757875595351288,0.02535157486556299,0.09959250444871237,0.04308573754851902,0.11475316925647525,0.0747568477019801,0.0672599608025887,0.07683756524519007,0.2494902475123125,60,False
161,0.09277189022110473,0.16105434661234233,0.02462841395523615,0.1058067032383823,0.03125834295872951,0.09842210223380357,0.0843962126855925,0.052520376457892946,0.0917147586889843,0.2574268529479318,60,False
162,0.07235212506720635,0.17164331552206774,0.02196656073501755,0.09943253605869978,0.04060802045956194,0.1107444909276049,0.05780147703407323,0.0591710498828297,0.10780344528348147,0.2584769790294574,60,False
163,0.09295063076070903,0.16896491910447817,0.024954735511942112,0.1016567230771806,0.05439901388723609,0.10746273247221318,0.06015717621823631,0.045103771296607996,0.09650635453725626,0.2478439431341401,60,False
164,0.08470534497523792,0.15850779646997212,0.020099262270327687,0.10378606979864746,0.05102057779365115,0.11685607627771888,0.06454972740339902,0.041309768313462815,0.11105498184158011,0.24811039485600284,60,False
165,0.06455937983255616,0.15784450090018542,0.02567855553912542,0.09413380814862517,0.03999149650905911,0.11873320052307128,0.06595400029043405,0.0657201298993283,0.10897322708738363,0.2584117012702316,60,False
166,0.0719834394408206,0.15384427092228933,0.03465619085954069,0.11161111222251636,0.03944588083627568,0.11270577424431524,0.06388678482184011,0.05798368854689807,0.08420962399416222,0.2696732341113417,60,False
167,0.09904915520917172,0.15185087959856047,0.008140787601512642,0.10327751414428621,0.03934034708206708,0.13603245769367903,0.0673650988693297,0.06209053238757952,0.07742149601290621,0.2554317314009074,60,False
168,0.0737768372657193,0.15394028567065443,0.020991218674764944,0.10941454486804335,0.05070770411083513,0.11636628186142418,0.07494756676772481,0.06506482522658472,0.0849343629501928,0.24985637260405624,60,False
169,0.07900421044651605,0.1675546101469503,0.016116930506671078,0.10836552606909598,0.05911842139557889,0.10825203185176042,0.057659658939466486,0.06293630166462885,0.09494124324006044,0.2460510657392714,60,False
170,0.07335496511865397,0.15761444256366963,0.02409533681351479,0.1216705746844196,0.03602072201199864,0.1187706763939485,0.07921393886876982,0.056883543465376794,0.08176459132427745,0.2506112087553708,60,False
171,0.0805922960865152,0.17609328765140533,0.03211702395766608,0.09388401197510303,0.05035209500217746,0.11504934055737388,0.0747984874749616,0.04953512845935079,0.06325777828088341,0.26432055055456316,60,False
172,0.08277560202410841,0.15627442860085758,0.024448337208358043,0.09993055790297091,0.038975046631805316,0.1314468476985139,0.0717346756799671,0.06690244763713378,0.08634723598836307,0.24116482062792202,60,False
173,0.07544945662611575,0.1629985277328194,0.015610799318889375,0.10799164005365752,0.04716833417708152,0.10558195303210757,0.08389837455969776,0.05851261586409861,0.08759188916489474,0.25519640947063776,60,False
174,0.07430249955104665,0.16881422260779883,0.01797022029097948,0.12101444551280068,0.049017184765971895,0.10401336421144812,0.07987385751396588,0.0459598694162438,0.10222973904711052,0.2368045970826341,60,False
175,0.08239526897756867,0.16760623116069884,0.006931926071304928,0.10461525969967402,0.058420493672175965,0.10970783544547728,0.05592243384973734,0.07132870838358536,0.0902417436482965,0.2528300990914811,60,False
176,0.08733048620887437,0.17579319951373448,0.009566926231190102,0.09851817943035096,0.035876005588401344,0.1106012289948042,0.08039134444444558,0.0604213568242194,0.0946999874074872,0.24680128535649237,60,False
177,0.09744982716170768,0.16637238048214806,0.018082023980580883,0.11055749574042609,0.040030154484759946,0.1268713793833887,0.06552777673505837,0.05696346326164153,0.08282796443084406,0.2353175343394447,60,False
178,0.08677212378515442,0.1668603490302069,0.0314619298693458,0.10137103981878917,0.04675981812649968,0.1164386254770646,0.07129900552861954,0.03687206743570527,0.09814181188332316,0.24402322904529145,60,False
179,0.08274108968077652,0.14934111730391364,0.028784245658375125,0.09109478511530242,0.04882334782140995,0.12023544580565908,0.08282634008731948,0.06504929004439093,0.09486945026404012,0.23623488821881272,60,False
180,0.07877732924240487,0.17094029918985387,0.017456620640916062,0.10482060328450865,0.05222633010318616,0.12099955880728198,0.05279239189613472,0.04389375043817117,0.09310275199634661,0.26499036440119594,60,False
181,0.074189862589139,0.14951719778501701,0.031322670510090994,0.09321494011542515,0.05276382776920757,0.1263716352733504,0.0729499543493913,0.04675778340380878,0.10001192934627028,0.2529001988582995,60,False
182,0.0723636796116267,0.17481818518272715,0.021094731532314847,0.10939071593333036,0.03566091917157305,0.0987095116430046,0.08285786614171423,0.05715202067327708,0.10088511957557376,0.24706725053485826,60,False
183,0.08524519061674721,0.15741336995878072,0.02290597455012259,0.11265525308187765,0.04691677633512563,0.1074735290661186,0.06550331440031451,0.0556989013411819,0.09925981192710817,0.24692787872262303,60,False
184,0.07521850023571054,0.1504692249888707,0.027505004097854172,0.08711798913360459,0.04459344755640632,0.12003426770442825,0.07908387603879373,0.059994551916841714,0.09783445803739027,0.2581486802900995,60,False
185,0.09078111317544167,0.14826884312484198,0.021417039751690153,0.09949941764887679,0.048255734439510686,0.11954280617562851,0.05639842212779802,0.07103849159946925,0.08808451993795813,0.25671361201878484,60,False
186,0.08768751009330406,0.15159201583602785,0.025305241468452325,0.10357605718969047,0.041737451590042926,0.12804601092888623,0.07879532316222264,0.04815971134001384,0.09018648468535506,0.24491419370600465,60,False
187,0.09417098780599724,0.15310160374316148,0.03287417201879455,0.0995089213235922,0.050453617903896165,0.11708620712170835,0.05892215217347409,0.05824719071901173,0.09522687843958601,0.24040826875077817,60,False
188,0.0721267075908227,0.15755942161614153,0.0332262483570133,0.10570694561463798,0.04376029361485507,0.12440360121928558,0.0735162279043701,0.05962449218819863,0.07554210834572461,0.2545339535489506,60,False
