ID,strat_res0,strat_res1,strat_res2,strat_res3,strat_res4,strat_res5,strat_res6,strat_res7,strat_res8,strat_res9,ancestor,alive_at_end
0,0.04997895939674424,0.25845955802195236,0.1407268399574734,0.16326336025435229,0.019612818455817985,0.05082794391424077,0.04091830060268487,0.03536829023599689,0.1836923418349632,0.057151587325774106,0,False
1,0.037877799837350075,0.26545352048291254,0.14157554291570554,0.18242962135968194,0.009685513007050001,0.03906135485964078,0.04310466966388044,0.025707163381314166,0.1859933683831374,0.06911144610932703,0,False
2,0.04072348595619695,0.2871482148707224,0.13429504355388183,0.17584799543412527,0.004443746751484032,0.03168139142847549,0.04741461991895911,0.027067555939488536,0.18947934434722705,0.06189860179943928,1,False
3,0.03603271438643601,0.29667447758479426,0.15909998458717411,0.15957138048534972,0.027006306114760504,0.020662193333941727,0.0395747143868558,0.024922874825313992,0.18581678113805486,0.05063857315731912,2,False
4,0.041284518656916645,0.25550679731796994,0.1449975901947918,0.1614292796553108,0.019196467653449824,0.050481018211329345,0.05464538593332299,0.0372346883572351,0.17609296622080947,0.05913128779886403,0,False
5,0.0344537764876607,0.250931017614419,0.12490070517868969,0.16710565081045076,0.01096351704179008,0.07438324917835792,0.05398984388873462,0.02416057741327435,0.19526903093626635,0.06384263145035649,0,False
6,0.04813581715221986,0.28754210580851874,0.13538375073357534,0.17532212232398026,0.0,0.03021110652728904,0.039465703848110295,0.04118810304324429,0.1750249620979533,0.0677263284651089,2,False
7,0.053855138258634305,0.25484705658653023,0.14573535285462022,0.1568602236592051,0.009268024684731644,0.04617246532791821,0.04610359041466512,0.03512036604942944,0.18408259345268688,0.0679551887115788,0,False
8,0.046395935979542245,0.29569897991006217,0.11607602324305244,0.17146631313725139,0.0,0.043032050143261044,0.04675447997412785,0.04385425571241304,0.1871134303786987,0.049608531521591094,6,False
9,0.04412657674238527,0.246277494521423,0.15765070242317103,0.1367544078058151,0.030989846866813095,0.04255830520038991,0.060051043850904595,0.033562879226840585,0.17092314828640856,0.07710559507584876,4,False
10,0.04245231052517307,0.2526645284536235,0.127199269126598,0.15495806053115538,0.019925108446928942,0.08551683722827602,0.053778375476329125,0.017767324748723164,0.1960440448119993,0.04969414065119347,5,False
11,0.04913091442387036,0.2807416085463726,0.12653777948554723,0.17436034492520033,0.0,0.03242855111698168,0.06497224550187115,0.013431903462219605,0.19766056723447614,0.06073608530346086,2,False
12,0.06716879085218201,0.2527315564373116,0.15131069353122953,0.14991075639096962,0.007877226240513496,0.04261611968006963,0.049412036108126146,0.020904013219439948,0.18066904486657676,0.07739976267358134,7,False
13,0.04563009069252208,0.29173550949324784,0.12427416039979719,0.170634286740442,0.01000939478015154,0.023065851055886412,0.038587813540890394,0.039916944364392165,0.18945828345571836,0.06668766547695214,2,False
14,0.036556532494081626,0.2552877397555978,0.14062255402513857,0.1525534006963788,0.017541385250952314,0.06924369000409077,0.0659277764840548,0.020275204648106986,0.1927657465274308,0.04922597011416744,10,False
15,0.03893073872959418,0.26041640795226845,0.14624717625360162,0.16585597698930782,0.016162979394422638,0.03237380037101561,0.04352132410948738,0.03376725295060155,0.18950506678259135,0.0732192764671095,1,False
16,0.04731621587183006,0.2699689717417357,0.14126481694713441,0.16012028188219737,0.008759086468354459,0.04846562191869722,0.050262135407560776,0.04940966407046666,0.17596832968843082,0.048464876003592464,0,False
17,0.05717242378450116,0.2577548249375549,0.13613650219033466,0.17674973265534424,0.02327603445510975,0.0738261083662334,0.02965497133436519,0.027867649321487588,0.1759514645215583,0.041610288433510896,0,False
18,0.030429665371331016,0.29425457691869383,0.1630162510520491,0.1508221283626777,0.030494637320006596,0.019355500444218687,0.03959244601493013,0.03201968062431617,0.18500173710373674,0.05501337678803992,3,False
19,0.05807625554926348,0.26864237571573046,0.12939462195449053,0.17847231339607333,0.0,0.022688236201948445,0.03691729127181122,0.022214497012213688,0.19529898962240566,0.08829541927606317,2,False
20,0.04613310191954563,0.27918862758397395,0.13797565475176887,0.17667198442145418,0.006570097359213923,0.042099177249323626,0.03584950365810671,0.044705493390895495,0.15658231559813612,0.07422404406758143,6,False
21,0.04317462012269224,0.2574313111526821,0.15200138196225352,0.1672052279103683,0.004892047304748939,0.050367423778491474,0.06005245192837659,0.026708983287767506,0.17171981824140367,0.06644673431121574,4,False
22,0.05638277901897431,0.29764404475383555,0.1287413676812719,0.1763223642528734,0.0,0.044787150465089604,0.02536679419017092,0.04102193343476526,0.16600259836249615,0.06373096784052266,6,False
23,0.04804340757984487,0.25804749665848764,0.14936537388982218,0.16569599378301988,0.007935394893411975,0.041012564904355585,0.042835137549633646,0.028700590328487843,0.20800896028365137,0.050355080129284996,0,False
24,0.04600708025188444,0.27914165055719964,0.12897696306026216,0.19883317236049253,0.0016448951304481735,0.05134117587291427,0.053464616980968396,0.01873918468791785,0.16851797688352205,0.05333328421439049,1,False
25,0.04596416418168387,0.27710384249764153,0.12833429259988,0.18201572094634466,0.0012448936524817986,0.039503307746587106,0.05648149601918037,0.008163982716103451,0.19652694208477653,0.06466135755532061,11,False
26,0.0567236105829203,0.26550302748317833,0.15565362199786914,0.18466230656598656,0.0,0.04202720558755264,0.06202801002808262,0.003566875581239672,0.182352721563213,0.047482620609957775,1,False
27,0.06168329430843837,0.24163306311814914,0.14422020067600322,0.16812006851994793,0.01995441941526008,0.04537035887178083,0.046306995099309675,0.03379824108899498,0.180498675934385,0.058414682967730835,4,False
28,0.03801776212506577,0.246192010675147,0.16253798499673372,0.13578566155543925,0.03388510839970977,0.03519955243448067,0.061639995173876846,0.03203177546843665,0.17655207335432654,0.07815807581678388,9,False
29,0.0487519487993531,0.2646302482566235,0.1616265618741229,0.1626392347930336,0.009162123895234086,0.04408197390975091,0.05882844743744863,0.03354413960261928,0.1649593997583842,0.05177592167342965,4,False
30,0.027847768265938593,0.3001224959111314,0.16224486098485197,0.15878628450940352,0.019613314623928218,0.017595399892444706,0.034490092979353376,0.032506692467094096,0.19107841284626184,0.05571467751959235,3,False
31,0.03139327486530983,0.280589926589172,0.17023369229221746,0.14913002214241064,0.03800591566356133,0.013700141425875617,0.05431068496830124,0.03296873839981932,0.18821776777550836,0.04144983587782427,3,False
32,0.06449478453506044,0.26898811444085563,0.12589583267662888,0.18344151204541487,0.014279435437144349,0.03181675226998719,0.03130437200863017,0.03175774720208079,0.18046707867122702,0.06755437071297068,2,False
33,0.05596466187789525,0.2595007403969668,0.13598264709444616,0.1695873490682265,0.020262627283955167,0.040322257249280714,0.049099312217261916,0.0430451024766497,0.18252690623904472,0.043708396096273326,0,False
34,0.04979096002323477,0.2546810724261584,0.10229536469415658,0.154570568958035,0.014726896072467353,0.07873770916441666,0.06672589323293156,0.027277209954742976,0.1842631724928696,0.06693115298098712,5,False
35,0.035914092095864526,0.26244178663393075,0.12967808598816352,0.1447597843703643,0.005477374155935497,0.06052868154128211,0.05914503778479022,0.020444963999185484,0.20016333965638144,0.08144685377410216,5,False
36,0.04421985291001083,0.24668020715850375,0.14690939055457936,0.16188533142425549,0.005629686835437905,0.05410783164332822,0.04869218629703871,0.03556751762413362,0.18905356935763776,0.06725442619507424,7,False
37,0.013615401624957372,0.2778036658642138,0.14643285015713003,0.1769532222805209,0.013531275621413172,0.028855425771487208,0.05667779679687814,0.0333022256043974,0.1863193520686106,0.06650878421039134,1,False
38,0.05322032045941239,0.30639901002668884,0.17148156929126973,0.15659426445715438,0.013490971480890079,0.011810173255202549,0.031857440573950256,0.029993112982596885,0.18600238069732747,0.03915075677550739,3,False
39,0.05556967084999617,0.24924721251016482,0.1400820576237887,0.1504918295012927,0.03276399339733789,0.05016168823254344,0.04361159177786743,0.04110147936664436,0.17770825338836893,0.059262223351995706,0,False
40,0.04265365413628235,0.2621428199230827,0.14686773974096146,0.1553825831019686,0.027202103650025584,0.04953750771346074,0.02723790154212702,0.037890831491103394,0.17911935544659696,0.07196550325439116,0,False
41,0.030764087562029262,0.31883296986688403,0.16134348385463745,0.14311895197130067,0.01777665678452429,0.020390631042366335,0.03372053916585246,0.027101001403298703,0.19781878895333693,0.04913288939576984,3,False
42,0.03253685248769782,0.29595697516322456,0.15222504914832993,0.1562677369400948,0.03856108558144846,0.012497646239440087,0.042528279846228104,0.02252260408893025,0.19310167319180713,0.05380209731279872,3,False
43,0.056744502525367745,0.23651089209825865,0.14317441605569017,0.16806618768917592,0.0,0.05435865986933558,0.05528199833115277,0.031245805644840457,0.18850075577376113,0.06611678201241765,7,False
44,0.03447910543186193,0.24278177427632794,0.1399992078345679,0.16828603748488244,0.003255056096694496,0.07782096382578338,0.04850109032415787,0.026126311252406834,0.1837413514158773,0.07500910205744003,5,False
45,0.05254506299621219,0.2502382371847972,0.1337391749418978,0.1840860882140599,0.00483296093077385,0.045482573022845724,0.03635993565181268,0.03289458235089572,0.1944216546167128,0.06539973008999214,1,False
46,0.03136789398644363,0.2928500784918162,0.17434366724712416,0.15150697803597132,0.02546217649190531,0.02201593715206756,0.039202784149904656,0.02750136646169684,0.18414797063790023,0.05160114734516998,3,False
47,0.040564893693127296,0.2894703968127972,0.13416798100142388,0.17958504640662218,0.02240535600707767,0.023343959386136117,0.02824651513133006,0.03449690670935117,0.18958243851565731,0.05813650633647723,2,False
48,0.03656169165718625,0.25204437772026045,0.1404699145221565,0.17326611565397565,0.02269157313369402,0.04569728273596368,0.04221436844060412,0.04180099820191914,0.17864589743668516,0.06660778049755521,1,False
49,0.04426060273167344,0.26245208634605316,0.12969265143258346,0.17578221607166625,0.014070395216617229,0.05559100575164617,0.044027128865827644,0.056247698737933394,0.1690253518410845,0.04885086300491475,4,False
50,0.04288745943534344,0.24099284565632056,0.14979433746405618,0.15287097709007613,0.04260360946722367,0.04011611897657888,0.053416101938041145,0.04079899674068229,0.16231728246315624,0.07420227076852143,9,False
51,0.05311002777011271,0.2642306869336525,0.16167018329109042,0.16582074285284742,0.004184448258804269,0.041936034183347314,0.03715081707861501,0.015628794844240398,0.20067329412969498,0.055594970657595104,0,False
52,0.041216240019208136,0.2583308962292052,0.13404027139946312,0.1596023770169812,0.004973815592776296,0.06350872544536898,0.07203210434767525,0.029327554827538953,0.19009449173445753,0.046873523387325235,14,False
53,0.022908193558633924,0.31430103448968194,0.18390281711755033,0.17645440103294666,0.015841601028239827,0.004955083572041664,0.035785566524127,0.016398570391985556,0.18258058105317476,0.04687215123161849,3,False
54,0.053622407563521476,0.24190385088808156,0.14280583149668,0.16440420646287304,0.029788905045402672,0.05267020874232293,0.04615970827694313,0.032545023468455885,0.16406904849722753,0.07203080955849185,4,False
55,0.058772403831382304,0.26658096132470877,0.1596753093741416,0.11763550109197675,0.026900744316799008,0.04965662145854252,0.059491953448806076,0.03365746332705071,0.15230819252290315,0.07532084930368904,9,False
56,0.03992244893494158,0.2582435776921654,0.15286347086534127,0.16747883829193264,0.02086297472329988,0.04262906189256199,0.022792677161085947,0.047424575256631525,0.18319088486950189,0.06459149031253805,4,False
57,0.04096963099747959,0.2674832434433585,0.13885099769475187,0.16349598696552328,0.027106825865417773,0.06115165560373345,0.051291878935328473,0.024674929137782842,0.17629837534685514,0.04867647600976897,4,False
58,0.04375118205413712,0.26700803441959975,0.15192771155465973,0.13145704744382622,0.02538164633221302,0.032558464992131025,0.054990850580024606,0.04554148563145321,0.1911187660385504,0.056264810953404805,9,False
59,0.041573941206095734,0.23236375944512566,0.12703905651321143,0.17016743699572023,0.04226997198526377,0.04696867576362195,0.0523077921677678,0.040846015758265734,0.18106089109642606,0.06540245906850174,4,False
60,0.04693704985494509,0.30311020339918054,0.10876264315048732,0.16500791151112215,0.0,0.028301359489074366,0.04783687077303648,0.04808441132137545,0.20365589519395058,0.04830365530682799,8,False
61,0.07177434301244476,0.24324484157744705,0.15154826561521306,0.1333801646765099,0.047411597770807515,0.03378385262668019,0.03905394254869543,0.042364636767555953,0.17906185122892954,0.05837650417571663,9,True
62,0.03291241295619966,0.29630466852136533,0.13424508429984167,0.17161384967064425,0.0026317650826829875,0.041422889617457444,0.035940453767701656,0.032250427675720415,0.1912808023153469,0.06139764609303969,2,False
63,0.03414943120162821,0.2598033158537024,0.1547706066827872,0.13481510127985807,0.01967311699111092,0.04264868481358095,0.05527477795130559,0.03094176376770194,0.1855514556398289,0.08237174581849559,9,False
64,0.028837605122430287,0.25124020226982224,0.14032164419211635,0.1262049754447106,0.0391778244424372,0.051091467305333295,0.0798523580191973,0.028272249655851723,0.1845349893085699,0.07046668423953112,9,False
65,0.05878736679524169,0.2475662843579722,0.1333065835313361,0.15966731005697715,0.001938391576247315,0.048430748953819186,0.034351938575170805,0.034885266831124986,0.19967289516803843,0.081393214154072,7,False
66,0.03594975059565169,0.25322099455272273,0.11456742707433895,0.16975319213243434,0.014078399346853773,0.07184346228478858,0.0525444319607355,0.03378166117569757,0.19428870360897404,0.05997197726780289,5,False
67,0.05091620224332374,0.26934053723494544,0.15577228685238637,0.15352996980989833,0.02697712278400625,0.046515875824654905,0.0465004779242278,0.02728791327469374,0.17097813058435185,0.05218148346751154,0,False
68,0.04729609776321564,0.24380113735305767,0.15663039972976653,0.14145504408168116,0.030425431752733465,0.04575389621542643,0.059753467728494804,0.039716158669269044,0.1640415602985216,0.07112680640783356,9,False
69,0.05124808193102973,0.227052792369736,0.1540071295738944,0.13143854595670273,0.043109771328318384,0.05018357879537047,0.058309549341385866,0.043473306023619956,0.15968501125411355,0.08149223342582894,9,True
70,0.05443327833868509,0.255436288107871,0.1405046062243304,0.16823305576282743,0.0019083577256928798,0.050251446545883496,0.06330096806209881,0.04201181164272636,0.1716351150669965,0.052285072522888276,4,False
71,0.06570527018853674,0.27054725771668287,0.14228529516502278,0.16004633119371697,0.007898156856194457,0.0310858318529603,0.02735287152123996,0.04651287156793403,0.18115754192035313,0.06740857201735871,6,False
72,0.05682393817989847,0.25647497808645214,0.15475625736183274,0.13462750136532825,0.03569819243953362,0.031732576883328936,0.056976137101570686,0.03146493781359218,0.17322938896061807,0.06821609180784487,9,False
73,0.05523094686582935,0.26946740042758754,0.1363935968621844,0.16881044822801178,0.016802307020312116,0.03487505249257867,0.04676574845917427,0.02539147782685896,0.2012382136491819,0.04502480816828113,0,False
74,0.058803174097534876,0.24623313112955691,0.15865970576560462,0.14151108808568988,0.022828932548808464,0.057715883044003116,0.052970891668324645,0.05102976038992209,0.16265754549155037,0.047589887779005205,9,False
75,0.052327538859132376,0.24747604915117696,0.1485955575486435,0.13761951872891676,0.021115604822794447,0.04975238978992663,0.05151198452027018,0.04286251096812872,0.17826406200559058,0.0704747836054199,9,False
76,0.04030480025397114,0.23837068085545712,0.1502859668301838,0.16120776891440197,0.02183058944697132,0.048395737759484095,0.04400443817836755,0.05200109174616231,0.18766277870240025,0.05593614731260051,0,False
77,0.03797819320288287,0.26007365960872514,0.16644808442546502,0.12872699855318356,0.015299457163963498,0.02657450388093603,0.07058153435479748,0.031622227684175976,0.1784633366388337,0.0842320044870367,9,False
78,0.04515980133406118,0.24794291883789632,0.14239549887851224,0.16799684291781372,0.021971749524503637,0.05474405857122826,0.05208037335583019,0.0484632441195794,0.17048241362167646,0.04876309883889856,4,False
79,0.03163252155095171,0.2607341039699186,0.146715889522314,0.17221092489624534,0.016824072796469778,0.06630845698324554,0.04065799976064266,0.014550312855011883,0.17824350023975682,0.07212221742544377,4,False
80,0.021859859883200435,0.2733406647739304,0.16226928271851349,0.15148359945946324,0.04024442901356401,0.03722956362742231,0.034907764476459,0.030947237977424238,0.1866086017597734,0.06110899631024954,3,False
81,0.030136205033387795,0.2624128540737204,0.15643118992533211,0.1420298930611391,0.02586819822298175,0.052660991199912764,0.058510055526992864,0.03315316348553459,0.16586942354127127,0.07292802592972732,9,False
82,0.04134693052196181,0.26839794243111575,0.15353129775858068,0.16450621653380482,0.03511890437742543,0.04051065288539061,0.052820877774247946,0.02941588942650764,0.1744840214938573,0.03986726679710819,0,False
83,0.04388738240797716,0.241174980341506,0.14263127699526207,0.17466478591271403,0.004004857966140774,0.05132964416491431,0.06234887581131601,0.03707402324585075,0.19085234366332737,0.0520318294909916,4,False
84,0.033676503023923346,0.2449744277111719,0.1518919892107973,0.12885777649985344,0.03688525351736064,0.04111989378703735,0.06644936873711355,0.0439873930907579,0.1716840984035202,0.08047329601846424,9,False
85,0.02712274412714821,0.2391476276821128,0.15404385382652186,0.14218159295939628,0.0391281382587448,0.04736399267826453,0.060254308356216944,0.04516837349286351,0.17494113305662073,0.07064823556211028,9,False
86,0.025168715805215538,0.27435196789653027,0.14527215712895203,0.15953819215755288,0.02582258723439552,0.05074389021738538,0.04690283067296825,0.03705940257849853,0.17565762986755784,0.05948262644094379,4,False
87,0.03216590855981565,0.2941411841182699,0.16125129347139255,0.16034591670531836,0.019504500956352405,0.023451221467772114,0.0372346450602647,0.023814369298686154,0.1886384310557531,0.059452529306375075,3,False
88,0.04656770405596221,0.2627100071002758,0.14107899579495267,0.14360836331760338,0.021682782750932935,0.032740956457595415,0.062210337044361054,0.032957592919695224,0.1854467609403755,0.07099649961824586,9,False
89,0.030828591020018573,0.24026516625406008,0.15470545173807856,0.148919241240299,0.03256408074228426,0.037082397930961596,0.05749926812129544,0.04172489073617676,0.17450196270216556,0.08190894951466018,9,False
90,0.05072876572897779,0.25229274538218205,0.17183911957777226,0.1396294339101309,0.02388139123319581,0.03411949914129583,0.06629023773264953,0.03589730383339308,0.153376347982924,0.07194515547747858,9,False
91,0.021839357678118326,0.24473035237430169,0.15224011106911192,0.13033545485586287,0.019351074609925484,0.05288123148908243,0.06620095399523787,0.04443853100593038,0.17679993126035953,0.09118300166206939,9,False
92,0.04227780182906532,0.2431165797588456,0.15890334325721223,0.13429237160277868,0.03233309289236707,0.03978880041703058,0.05397508292759402,0.05055456663167961,0.1544980884857904,0.0902602721976365,9,False
93,0.05968048407564646,0.24413155740717038,0.15282883211512824,0.12481494430123234,0.04264913568044037,0.047288492314048476,0.051358092967155974,0.033164038371502585,0.16237302000188145,0.0817114027657937,9,False
94,0.03683154057849876,0.23395782257553352,0.15842205414821378,0.14538431337293062,0.047164760153487646,0.025337052879138948,0.05802128381613093,0.03783366323636859,0.18107324920936557,0.07597426003033166,9,False
95,0.04131344059742548,0.24681089086834573,0.16181703292953684,0.1279251976613027,0.03902743332678377,0.043381788687710456,0.06302455976784399,0.024033810419992807,0.17435435979821537,0.07831148594284287,9,False
96,0.036267004742418334,0.28828939252531927,0.16476928370988536,0.152767360691058,0.021151919349470402,0.013095919790379973,0.03751488485315234,0.022539403582186493,0.19475925186990642,0.06884557888622334,3,False
97,0.05303780478123719,0.24655112928361148,0.14552225932622578,0.15321833725508993,0.02931557127242292,0.04068633295046565,0.05291605956054292,0.03565392724675023,0.18177076303296544,0.06132781529068841,9,False
98,0.02864296795108765,0.2535371346736643,0.13461698343664474,0.15347031136670122,0.026545464127300317,0.04397723608704004,0.06998892519604026,0.06092903555463576,0.17039283039374367,0.057899111213142083,4,False
99,0.037699856440866326,0.2529371906036335,0.16354693818299326,0.1546108632163949,0.029914465902640377,0.039456984404591965,0.034693891249312096,0.04468635894846943,0.16326604163064815,0.07918740942044994,9,False
100,0.04611273559475202,0.2501210181359387,0.16836733036703108,0.14065147087032806,0.020072531812784688,0.048426993132143034,0.04511779428743981,0.013789000854852934,0.18413230885735593,0.08320881608737382,9,False
101,0.036662272003739435,0.23397621586949027,0.16182116400253266,0.13274724183078168,0.04649063944548784,0.04416261992426654,0.055033729352726726,0.050353425645576336,0.17176626102698428,0.0669864308984143,9,True
102,0.03864504356859593,0.25472989819204667,0.16263408293074127,0.1266187494396467,0.03501954338327181,0.04476126616191103,0.06657472680275253,0.03364165596311961,0.1703854433216065,0.06698959023630786,9,False
103,0.04028895282101528,0.2978546964308633,0.15973352196109394,0.15265718690121993,0.025730161876116275,0.0326975671868001,0.05247702595121686,0.01144507429210036,0.1772288169449922,0.049886995634581634,3,False
104,0.05580777940962125,0.2409119590340802,0.16585503668342372,0.13233728963611896,0.02512938318269323,0.04790449667969593,0.07449886769115073,0.04424156569235955,0.1509603506882233,0.06235327130263314,9,False
105,0.06154806271815632,0.22843694667769066,0.1519608085548118,0.15105664355842685,0.04087104983456127,0.05299594120561879,0.08143646765083515,0.014889836044731495,0.15342529234020716,0.06337895141496047,9,False
106,0.06359651591955691,0.25253792758345583,0.12177159350019708,0.16768582819173403,0.014425545500883341,0.053291835198008765,0.05241587203808662,0.029840680166577586,0.17853199748410462,0.06590220441739511,0,False
107,0.05738874275156579,0.2290659319706019,0.1696301629076644,0.12325884822804169,0.016509224169524033,0.05189219165953166,0.05791957462399327,0.04224852291906719,0.17047232897663964,0.08161447179337049,9,False
108,0.04088495739709583,0.24484803607444078,0.16254525586659593,0.1420338448329882,0.03682723253452827,0.05512428828377796,0.06285856802365779,0.028806766141323208,0.15494373235840542,0.07112731848718659,9,False
109,0.03655169517884648,0.24151157977791762,0.16588832920808835,0.1644256051995153,0.02079932500776202,0.03538866364363234,0.04439292443433659,0.03774491163549017,0.16845773241468343,0.08483923349972769,50,False
110,0.03752282102229479,0.25739279841264084,0.14248431462281128,0.1198547592773855,0.04115461413610261,0.05290566436117404,0.05838648984650297,0.03892302996753504,0.18220431342586735,0.06917119492768552,9,False
111,0.03764077425007454,0.24537023700961988,0.1640119468371925,0.14598285466739247,0.040471431277556466,0.03610887347977715,0.05235964748884943,0.021528071034737833,0.18187636801051552,0.07464979594428427,9,False
112,0.0341716681355636,0.23754382520304498,0.16267175105551437,0.1312838382644013,0.04653936493308841,0.03091422420293814,0.0732190053987722,0.030234832379385883,0.17300336220133194,0.08041812822595917,9,False
113,0.050616450068472346,0.23068938269288944,0.1526951556515088,0.1499833339318284,0.03158283357823111,0.030864356953454387,0.0590917645582854,0.03536796722900507,0.16815034565458725,0.09095840968173771,9,False
114,0.054577996597171566,0.24854363311787248,0.14166188149147446,0.13542864850545847,0.027450735669247786,0.017106379576520028,0.07926215581806935,0.036315059397139374,0.19248760351551703,0.0671659063115295,9,False
115,0.04570590870746409,0.25691410463513487,0.14718067886415903,0.16843365405801583,0.01396809226984333,0.04497705018381028,0.06108485308461616,0.031586382544805766,0.15507760121864517,0.07507167443350544,0,False
116,0.03889347940878653,0.2532730658302099,0.16890694097659106,0.13917949101117089,0.034616373671758086,0.05579113724756738,0.034089814947856886,0.02230751388308854,0.1735212972698836,0.07942088575308702,9,False
117,0.045107049720667265,0.26869375051048794,0.15710229028599057,0.1360964516180009,0.0245832688972541,0.0266888392449843,0.056217334160501536,0.03027457616791996,0.17387381760722842,0.08136262178696503,9,False
118,0.03526006463736462,0.257176147778275,0.15522157104841525,0.14944168175817835,0.03206710310197537,0.032705710960253515,0.06680953890374293,0.03054859549551896,0.17375030008275824,0.0670192862335178,9,False
119,0.04463660594427021,0.24872802511357536,0.14426571520096992,0.13063598556895326,0.03533397568982384,0.04108673150287678,0.06656268940434205,0.04207730926454907,0.15408987160042292,0.09258309071021667,9,False
120,0.03974136438042157,0.24115617805787176,0.14466292176044918,0.14710680645780472,0.03447420683381301,0.05164007005292518,0.053027960665274314,0.030113268779668863,0.18046002534238953,0.0776171976693819,9,False
121,0.051655396782163944,0.2521580844320788,0.13514362435505772,0.15370848387217745,0.02361779722261567,0.06723494918321338,0.03413278901023419,0.04933528495842331,0.19434247786878792,0.03867111231524769,0,False
122,0.04391637625974224,0.23937009525146904,0.1391657448072682,0.1220022666318987,0.04168265223345999,0.03869425271683383,0.06985668481652385,0.02396766084249116,0.17866377109112258,0.10268049534919046,9,False
123,0.03815650703402042,0.23914409686536683,0.16609818645209784,0.12700000187426402,0.04591657637224045,0.05426683607215362,0.04989215883059752,0.056491324721216866,0.17265580527437882,0.05037850650366364,9,True
124,0.03308872474958318,0.2554075014409577,0.16573352479263112,0.13462057609055877,0.03270232773729792,0.04047669503724866,0.05614642765703514,0.03153388917818084,0.16288023593381962,0.08741009738268722,9,False
125,0.0800782211461911,0.24518124259974308,0.1674017475890329,0.11927216385331083,0.030483891801158326,0.03522024724869099,0.05170018873897029,0.04025206016887154,0.1754968063193362,0.054913430534694725,61,False
126,0.05569222619557584,0.24375983671740079,0.1470014662933418,0.14623008745951646,0.04142670642191432,0.042636128863124345,0.03572801905718778,0.045368946908842106,0.16792976228182233,0.07422681980127421,50,False
127,0.056033174603291394,0.26208344186035065,0.15639046569973933,0.14436541392684438,0.01965834074283579,0.043074000662963914,0.04742760248983859,0.029625828136782714,0.18265284444005103,0.05868888743730219,9,False
128,0.038226786065499695,0.23785896017947286,0.1667899771928238,0.1335900795828253,0.02786316042894961,0.04816606711130285,0.05936762344856389,0.029681625178519473,0.1708755991798142,0.08758012163222832,9,False
129,0.03473693428860469,0.23543388269455734,0.14996083324645826,0.14403077918486348,0.03867725694214363,0.04031390853754314,0.056105699645035395,0.029809488830141628,0.18156471536323282,0.0893665012674196,9,False
130,0.025441586621727515,0.24745628699043773,0.1709337645262388,0.13809030916495668,0.02473008104173779,0.03605329430227864,0.05568700217586524,0.04339951298901453,0.1797608879585376,0.0784472742292054,9,False
131,0.05644978362210617,0.26182563518183827,0.13933103069133723,0.17153833361524498,0.030577341845596365,0.038233277948699206,0.018949142382062353,0.034904367235658505,0.18727913035084523,0.060911957126611606,0,False
132,0.043943543475635706,0.23360648197319708,0.15709306733146655,0.13940384592008348,0.03949209682341899,0.04374974105389681,0.061980208551380866,0.04500957694751193,0.16887636704103248,0.066845070882376,9,False
133,0.03665379906532456,0.2361199933068413,0.16357642165218342,0.14194586524849348,0.022646651226978433,0.04841165598286914,0.06673338039079466,0.03782027349321342,0.1800855213971736,0.06600643823612815,9,False
134,0.05148857482478164,0.2401701477254138,0.1664701262728377,0.12851154278200713,0.03458437105280357,0.04676041106702939,0.04560156449772135,0.0409284482906594,0.17685930516693785,0.06862550831980821,9,False
135,0.08093861333398118,0.23926632884476676,0.13918726810483112,0.13664009008378977,0.060098734036426314,0.043984321072387395,0.04020903252760175,0.02455356213422859,0.17958002140282078,0.05554202845916631,61,False
136,0.043294805050033934,0.2488896140508166,0.17099866749586287,0.12605868826053956,0.05160555480221562,0.045407750368823496,0.06482634044713449,0.020521849371134365,0.15097502182586636,0.0774217083275726,9,False
137,0.047004014390101226,0.255149524774076,0.16845630322182154,0.13132800034318423,0.01395892322501842,0.06620317313584703,0.05458152772817579,0.030105672119878732,0.16382355962075007,0.06938930144114694,9,False
138,0.04303936932366993,0.24028126591709037,0.14520117425457274,0.13971841011308986,0.051873890919445734,0.03710768102953054,0.04428442759023343,0.043960661497770816,0.16137799875748998,0.09315512059710644,50,False
139,0.047812776017065114,0.24005532942202035,0.1666941878856411,0.11551567104238888,0.021180247724858842,0.041869505555328965,0.06589642803491974,0.039988258632633465,0.17548854476625544,0.08549905091888807,9,False
140,0.04601905349760731,0.2517404454473367,0.14425854240674207,0.14198968465657855,0.03848893461929696,0.05443487456614871,0.05019898643613751,0.0413929661344515,0.155640369358056,0.07583614287764469,9,False
141,0.049123961242892915,0.249204100959651,0.1414685759484912,0.15473881718667684,0.05642987586292578,0.03338984098553511,0.05611487226295023,0.04055783667946014,0.1415858486678515,0.0773862702035653,50,False
142,0.06651419677090878,0.2387495487737603,0.14652365983900997,0.144176541900887,0.05216688674531913,0.03665404679734035,0.04212321140782191,0.030648855088057,0.17667174407995906,0.06577130859693658,61,False
143,0.028646019137630475,0.2334674158821094,0.12450233589116716,0.16954211546689635,0.047488903572266164,0.06377160456057945,0.05413692751810198,0.05393056773631677,0.16793464984519355,0.056579460389738746,59,True
144,0.09428673943694231,0.2497920436112188,0.15264645431531734,0.12609003348383052,0.050443894406846865,0.007203744925791109,0.03659305047479167,0.04962759786046515,0.18932386689567018,0.04399257458912616,61,False
145,0.04690542038163776,0.2473554098029149,0.1626129669249847,0.125473969022899,0.036471684466689726,0.048073835903947246,0.049582152018849975,0.0313588825187098,0.17491485373367158,0.07725082522569524,9,False
146,0.041719969297084665,0.2414680486644337,0.1563867015589718,0.14147598714279971,0.044290413675326636,0.04509937088820785,0.04517549506960658,0.03258065291457542,0.16611849866205727,0.08568486212693627,9,False
147,0.0545624334547038,0.24404611122306494,0.14404988560621187,0.18150860705773328,0.048450462010249225,0.01882966492319739,0.049769885868015555,0.03143992586799018,0.16004913516558256,0.06729388882325116,50,False
148,0.07456213583363527,0.23218199244874851,0.14205645853134535,0.1412584928240277,0.061258524183034846,0.02603210033235631,0.026711902047824854,0.03226076642542792,0.19596803420968034,0.06770959316391885,61,False
149,0.03092888857714505,0.24005051135876893,0.1568476287347349,0.14032552312754012,0.03513217148376981,0.053127153285535716,0.046592048842429526,0.038904081504520835,0.1788756003958739,0.07921639268968118,9,False
150,0.05643846603419166,0.23166040284188144,0.14964495550640133,0.12735801861219556,0.024522958488856366,0.05604956581353288,0.0667528074456146,0.026777891028563316,0.18483907982177175,0.07595585440699118,9,False
151,0.07892800156557801,0.2326395747673152,0.1552852838680773,0.13849393602621546,0.04536144430527943,0.029815251042109067,0.03644901755178525,0.04215714164329454,0.17853622892529364,0.06233412030505215,61,False
152,0.07485518667373087,0.25240252598839164,0.14623941558219117,0.13632421783394236,0.05384882967536082,0.043816549506804116,0.02802727395850516,0.048275224006475305,0.17803279797401134,0.038177978800587334,61,True
153,0.04476371602994874,0.2526203348746998,0.14964845156967538,0.14518599195432932,0.030308741299278207,0.031611923938471,0.06358845834597171,0.03251478372177889,0.1732905791524884,0.07646701911335851,9,False
154,0.04776295879680202,0.226246601125866,0.16889257691670959,0.14958238409880978,0.023433345551539003,0.04199016449144263,0.05594120590560644,0.02983533915302251,0.1716671747179972,0.08464824924220471,9,False
155,0.03548545901906733,0.2444441122265036,0.17135701662026948,0.11625543757191005,0.03357993879047008,0.018292670979304867,0.06998385194632527,0.04981113409026608,0.17822011987030614,0.08257025888557712,28,False
156,0.07797752812572388,0.24012967901329524,0.13988789640489435,0.12711909699561794,0.05320876912859197,0.04639280882985974,0.03879722841807811,0.046545516773369246,0.1709287172932472,0.05901275901732236,61,True
157,0.060318492788764125,0.23153296974253323,0.15728317840382763,0.13648203642028428,0.026221166825184668,0.0517821580537758,0.04911681356445163,0.05782191832222016,0.15429177631829258,0.07514948956066582,9,False
158,0.092705455734806,0.2314728667787772,0.14806446606605184,0.12988532956259707,0.061693454589056305,0.032086176448065315,0.02496684355452271,0.05096221280032066,0.1669793847155792,0.06118380975022392,61,True
159,0.04895549589684952,0.24113055634209385,0.13182154979964364,0.15233738740898958,0.03919689117466951,0.057214886577318075,0.05165401454988774,0.05184810799024002,0.17320389142990325,0.05263721883040481,59,True
160,0.05690524809061493,0.23399972057209634,0.15301839102373047,0.12343978840655737,0.06371274832886885,0.033888439143282496,0.05565087352789704,0.03516348126503126,0.17494366350842372,0.06927764613349749,61,False
161,0.04230203927344017,0.24045464444295436,0.16436405844443325,0.12229139926410687,0.031132255302384917,0.0520520742064352,0.05419670886104619,0.030227768464178194,0.16363667909070942,0.09934237265031164,9,False
162,0.08078676687542426,0.24362274059403738,0.13812906770338026,0.1134805428046942,0.06180687388901323,0.04201360809745568,0.028423667547619366,0.0460573216481088,0.18524984594822758,0.060429564892039364,61,True
163,0.05450800781757384,0.24241755464071268,0.1624294412826295,0.12769507095480226,0.01856453443761986,0.03894628372598262,0.05586579819684502,0.03354813705209224,0.19214382195298962,0.07388134993875259,9,False
164,0.0341428354151013,0.24281585018046123,0.16642796764412113,0.1384542198566919,0.030971239654141235,0.0350176068284573,0.06220702443749301,0.01960655667360867,0.17811448199651697,0.0922422173134072,9,False
165,0.06126845833228132,0.26937460059812895,0.14945319559549383,0.14749558627178208,0.042907900212071325,0.04793776814259304,0.01989142021265309,0.03131770708434271,0.17142534561134298,0.05892801793931083,61,False
166,0.05353701916540475,0.24891376476587312,0.14328670008105288,0.15203067814501295,0.04223764022219801,0.054636339876043286,0.044924577733032996,0.03782862178643562,0.1524102552501977,0.07019440297474867,50,False
167,0.05770449819984361,0.24689742020173383,0.1677669669530537,0.1153373602416507,0.011570496801292353,0.03273827162096437,0.04506690328101167,0.05608733770286303,0.1696927762975511,0.09713796870003563,9,False
168,0.07200221343081364,0.2163610067855688,0.16175107492325452,0.13774202536356217,0.0540731860101632,0.04032804710143266,0.04749250210239401,0.06024801800369673,0.16172734390325263,0.048274582375861616,61,True
169,0.031118161086080516,0.2476461455066939,0.16737221855003545,0.13737761437791832,0.03237699734903672,0.041284652809583454,0.04919726668098611,0.022986550068134385,0.1867555521539366,0.0838848414175946,9,False
170,0.09354604423281401,0.2535497888874322,0.14157887802137956,0.14103585487427353,0.04213579869552799,0.026234316310183487,0.024025161929784614,0.037491664987778846,0.18271322258006897,0.05768926948075688,61,False
171,0.031703282851125725,0.23503898012503321,0.16620693014039953,0.13900860296816756,0.028355020389347205,0.045867343084702986,0.05746669958018132,0.037880950769229246,0.18678852372613342,0.07168366636567969,50,False
172,0.0739461570263061,0.2449176401865488,0.14539599000937184,0.12411704490651847,0.057241728851967495,0.039023575631683786,0.03951765799800427,0.03404415386904901,0.18099630061878946,0.06079975090176082,61,False
173,0.06299523644357312,0.2333785711797156,0.1472056197943522,0.1538303811890912,0.04663603034301937,0.03929718892612047,0.06159906385983349,0.03240645643928001,0.14529321541433948,0.07735823641067502,50,False
174,0.07780523474669102,0.24483998935965645,0.141389976696325,0.1496793770450797,0.058938868028993105,0.031818508403408045,0.039116802528330864,0.03561969986359145,0.1760604010856319,0.04473114224229236,61,False
175,0.05257733701612703,0.26765760658280086,0.14501713654549817,0.14317652434227593,0.03524033851920645,0.04391065084676422,0.0539895795755965,0.04780306035892846,0.15750606041605505,0.05312170579674739,50,False
176,0.0725637761237451,0.24111690791666118,0.14254200828454117,0.13316639881880984,0.06494612276229601,0.03912676740439201,0.02839244869057339,0.0390041318754097,0.19217647681929878,0.04696496130427263,61,False
177,0.07155473301212023,0.23816927486879297,0.16497333182502008,0.12741000428529012,0.041977697227070385,0.03975179805834339,0.03472504223496175,0.04910100170825038,0.1770377656227584,0.05529935115739227,61,False
178,0.04239099279464466,0.22747484290368739,0.1369979841140915,0.16901989265953124,0.046647750547590544,0.04143848379402468,0.040997660712843415,0.046523181913734904,0.18149469015451056,0.06701452040534106,59,False
179,0.0819428983593369,0.25051495332171697,0.16429988958232808,0.12986325285472206,0.061071607497383155,0.014077761210609788,0.025626915466333732,0.033527956747685154,0.18070685009240836,0.05836791486747573,61,False
180,0.04445049574019444,0.22880943970504253,0.13142257571082744,0.16340304503908348,0.03409812623290037,0.049709746740526,0.06180500066607914,0.036317469833182764,0.180279736751706,0.06970436358045791,59,False
181,0.02273181011561631,0.24139352797253952,0.1553402663041868,0.16493804168437334,0.049197760604274846,0.0434371878073344,0.06101718100242513,0.01857168314582001,0.16685653062623473,0.07651601073719501,50,False
182,0.07594340923918627,0.24620489092202155,0.13275357224303763,0.14269232525746928,0.044271044204338965,0.03680789888169934,0.0376274333715282,0.03422281195313524,0.1741208847618535,0.07535572916573008,61,False
183,0.06734414792685484,0.24752722386295,0.14615174575841852,0.1434777062397339,0.05435775112262364,0.039771726405225596,0.023960574756512684,0.05253436004372127,0.17309994908029752,0.05177481480366188,61,False
184,0.05439011708440559,0.24835115842822425,0.16881654778972266,0.1301984535730248,0.03902113608777346,0.026840059517902935,0.03200469811001197,0.046901679570227284,0.19350395850778118,0.059972191330925836,61,False
185,0.0748365857715498,0.25013727488688364,0.15151213527374074,0.13309556158115887,0.042630120524917596,0.01622463111906689,0.04245191559059579,0.0388848327468901,0.18291884614902496,0.06730809635617165,61,False
186,0.06982740649083201,0.2589380491611994,0.14954560794052454,0.13692788312470833,0.032298882595162615,0.033824079077773364,0.03978504366043035,0.043351913577523556,0.1878705255622576,0.047630608809588186,61,False
