ID,strat_res0,strat_res1,strat_res2,strat_res3,strat_res4,strat_res5,strat_res6,strat_res7,strat_res8,strat_res9,ancestor,alive_at_end
0,0.16418034434294673,0.01461476878549375,0.2779366576735878,0.060798954597013705,0.13272871137558906,0.0009075274512083818,0.15040680888064284,0.0630597545579816,0.043680072664685723,0.09168639967085036,0,False
1,0.1509058464280511,0.0252097053699652,0.28034442001043536,0.051067572627239606,0.1362758218311669,0.019539525990143334,0.14429104797923767,0.055411192586407455,0.047371638415562176,0.08958322876179124,0,False
2,0.15552733253377665,0.02434211457200609,0.2891299819706923,0.07599203602749557,0.14426867961728193,0.0042932402583803556,0.14966782173545745,0.05834843615007162,0.03274839977438774,0.06568195736045028,0,False
3,0.14764600318497634,0.03869982107921312,0.29823144377774835,0.09021625731086605,0.12446269897207786,0.0019803587077398387,0.15360949759795475,0.06672723077505084,0.01991866933237359,0.05850801926199931,2,False
4,0.1453885771804272,0.03364856682274977,0.27347309594228086,0.08955562089516493,0.14138012087801172,0.00222739423239112,0.15466166440462967,0.055192345452640845,0.024909832467805836,0.07956278172389793,2,False
5,0.15908074366008154,0.015585293699105811,0.29584381590260095,0.0735419931259278,0.13271178892888988,0.007984348074777213,0.1570021347152828,0.04386150929789471,0.04344248683280942,0.07094588576263004,2,False
6,0.17463652333716584,0.019491022416622494,0.27404904525079665,0.04647394268746271,0.13699722373610107,0.0006921166892805565,0.1381911863567991,0.06980093146733207,0.04425850746590802,0.09540950059253153,0,False
7,0.15434043099902595,0.016815934607719366,0.27077055338294087,0.06828559908763263,0.1342390323025509,0.003251564425244205,0.14370775860321405,0.07865078879559399,0.056169532933234005,0.07376880486284414,0,False
8,0.1500374912062897,0.023061647562212358,0.3115578721632671,0.08375577974284892,0.13919890860695958,0.012932226036026881,0.1381451775123832,0.05373442302166374,0.030872292172822183,0.05670418197552644,2,False
9,0.1585780694150396,0.03531451120626537,0.29040829797051537,0.07017621012230649,0.13645680765242038,0.0,0.15256071029782053,0.063106524560903,0.03233319286229914,0.06106567591243018,2,False
10,0.15409571754211168,0.026505032687724247,0.2634568939431418,0.07385001489883004,0.14577137833885492,0.00953600704976811,0.15691168372599873,0.06593371078232844,0.042187881945634415,0.061751679085607615,2,False
11,0.1304288322908488,0.04378894026707098,0.30009163419108686,0.11495675929179248,0.11785284271651404,0.0,0.15770792618938992,0.07854960057940512,0.0035174558700620502,0.05310600860382967,3,False
12,0.1548739926174652,0.031390089779053276,0.30522935194092893,0.07074407372253766,0.13634222317611885,0.0,0.15462518399332337,0.06269894820242307,0.03190333567385465,0.052192800894295115,3,False
13,0.14714867814115662,0.03483905942484475,0.2870351919473612,0.07643985790333263,0.14262788223857434,0.0,0.15123503976595856,0.0590983903390515,0.033042291415587975,0.06853360882413241,2,False
14,0.13812609798267012,0.017055142628152505,0.2760095094637509,0.05558483704017947,0.12003765141951879,0.03534542483557191,0.13497440137574962,0.06188396435941301,0.048982956344877523,0.11200001455011618,1,False
15,0.16058595484182242,0.008936338845618487,0.3013488327639846,0.09120771629510586,0.13449035643099466,0.008034532784953507,0.14741471842950646,0.05776755926318754,0.03539947950616032,0.05481451083866614,2,False
16,0.16013756009012747,0.01953268469500623,0.2760652503418931,0.035707014264482306,0.14782924567314137,0.006643899734745767,0.1464217744972699,0.048437132914250246,0.061639151105177294,0.09758628668390622,6,False
17,0.15871830113847862,0.015336320795845257,0.231570569805377,0.07653181409936774,0.14696067879664682,0.03152492604154273,0.15364517804273015,0.06359851736195278,0.04317890987155634,0.07893478404650246,10,False
18,0.15949617777787128,0.05300880918545206,0.29056562492170684,0.056990375312367246,0.13082336434891567,0.011929179629083414,0.12733472062684761,0.054716187323839684,0.035548181917064714,0.07958737895685139,1,False
19,0.1580912833800656,0.00607341156332462,0.3090648211591134,0.08617832525844338,0.14305252172812738,0.0,0.14838419784491583,0.06277111971002151,0.025296189442115324,0.06108812991387289,2,False
20,0.14658585631910762,0.017999088278268873,0.30471693738937544,0.07123787666937882,0.14810111515719804,0.0,0.14430511422448108,0.07291243989383185,0.02985134959898793,0.06429022246937031,2,False
21,0.15443687856884983,0.020813870915527992,0.2470856752785755,0.06702818100956152,0.1381631496405041,0.007829493457576296,0.1497057585400495,0.07664102479087748,0.05266222423090229,0.08563374356757536,7,False
22,0.15279890064798388,0.04451133051086686,0.26748969150997365,0.085270612144789,0.14012758894390182,0.01334652780082996,0.14920683538601948,0.04566851706930797,0.017608779322432096,0.08397121666389527,4,False
23,0.15468607945467536,0.008515327907034497,0.27660515196425467,0.042136868944409024,0.13041510554732214,0.006365141035978644,0.15943470659911027,0.0817593584219161,0.045665706272274474,0.09441655385302483,0,False
24,0.1445828260912382,0.025197618109070254,0.2851222099558735,0.051142274748177986,0.14842855602220736,0.0316299252021053,0.14007064408800676,0.05364314071441108,0.03725733456320849,0.08292547050570105,1,False
25,0.14968607139031107,0.031168177516638623,0.32198868026709315,0.09450081407785972,0.1298715115846553,0.0,0.13793214503701443,0.07282135615899281,0.0,0.06203124396743482,3,False
26,0.15919389453545113,0.005323915872651622,0.27840392222281896,0.06551924487363331,0.14240075968499732,0.0,0.1586599083774807,0.0791168321205128,0.039237341361320156,0.07214418095113398,0,False
27,0.15774321913549985,0.012977817638150884,0.26732628710233397,0.050706022686699964,0.13915014095706327,0.013990890356499445,0.14975700359150387,0.06881810718582795,0.05025232795189142,0.08927818339452948,0,False
28,0.1665600784767207,0.036826078088319954,0.2797046938626947,0.03294302266418637,0.14896620498691748,0.008119988052540125,0.1257363905119118,0.0564252410643722,0.05324918673945315,0.09146911555288345,1,False
29,0.15144698875364465,0.03555115476868136,0.2630547207515006,0.04507295690591187,0.14425321045016054,0.019707588085316374,0.13199844943438155,0.04902195283719517,0.06601095268380296,0.09388202532940484,1,False
30,0.14976904101439983,0.02369765895716347,0.27951470611900475,0.05020577398327047,0.14325412104000063,0.01701006615743963,0.14504192636246913,0.062017648433613654,0.0330323603506136,0.09645669758202488,1,False
31,0.15620665278176613,0.008208375799981134,0.30876453168421153,0.028426654945497853,0.12097269291419854,0.03311797981104169,0.14921719291698504,0.056462009930378,0.05240619969632368,0.08621770951961638,1,False
32,0.14873668141136204,0.020609888045049485,0.29304743950378664,0.0837021416369704,0.12416169854890109,0.005353666672840465,0.153597263570734,0.06504941084056941,0.023811795730728915,0.08193001403905763,3,False
33,0.13148930613959406,0.02465074158482878,0.2892223019170873,0.04880468350148174,0.12803978022911983,0.0303674578484456,0.1589836317920505,0.056088401195211704,0.03527061542091346,0.09708308037126692,1,False
34,0.15468545568406253,0.01013818551636461,0.278897603834268,0.05445371505541143,0.14716615504239153,0.0,0.1538689214824866,0.06427290432098412,0.04528312331629834,0.0912339357477329,0,False
35,0.13594561355312978,0.03685367555846606,0.29410511726199234,0.06550416254529962,0.14428067359988772,0.00706109199313962,0.1389797959596676,0.051277087753985366,0.042113081244634504,0.08387970052979735,1,False
36,0.1610012054579849,0.018836635216458068,0.27936872383781647,0.05894418869591936,0.13266192050000453,0.03184820409909964,0.14148241818747379,0.039528798094313713,0.04858298881234322,0.08774491709858637,1,False
37,0.15654708276663878,0.017192146791155993,0.26450042364706616,0.04799760309483848,0.1263933844918456,0.0186512469828289,0.15496837636695482,0.044742293925609695,0.05911600856458722,0.10989143336847434,1,False
38,0.12965281605367326,0.02311508278712837,0.27306534252654757,0.05437097032710076,0.14585709475421582,0.029631420719534854,0.1462946019104653,0.05795483636715172,0.06031734893211515,0.07974048562206697,1,False
39,0.12147879360328441,0.030277235703100813,0.27325147131663696,0.10327003856997957,0.13907466056358106,0.0,0.1569104183627405,0.05940751936931915,0.030928091046112903,0.08540177146524462,4,False
40,0.1516006787126752,0.03413637081910556,0.3158778884297429,0.10173519705604378,0.12580674691317936,0.0,0.16034424020201687,0.060109352115723894,0.011392349950619439,0.03899717580089304,3,False
41,0.15553310700893,0.03227546635336604,0.2721264829299687,0.06006552471841016,0.1182099383665207,0.03694068422865134,0.13381965763567594,0.07027610694564158,0.03616689484499344,0.08458613696784206,1,False
42,0.15017201683387363,0.025005216516518915,0.270623529993397,0.09538871722492762,0.1284086424811103,0.01922574217546035,0.14176204030481585,0.0494733866962304,0.03376728873150315,0.08617341904216275,4,False
43,0.15634894400031935,0.03530239051363322,0.27233162395575633,0.0835795564623903,0.13710726074553575,0.013287262838174684,0.1473369077561133,0.04225891896565007,0.04657627586225479,0.06587085890017212,2,False
44,0.1482180907004097,0.04112962391498811,0.2849665826986257,0.03714079971481826,0.1336103524417211,0.011420541084719647,0.1531310643974552,0.055905092486340055,0.0548222726980711,0.07965557986285116,1,False
45,0.1402595052924336,0.025649409602787016,0.2736976876385034,0.05460007956362302,0.13554716272368408,0.021533792210874664,0.16193105261052892,0.057142538980889855,0.0440440680364352,0.0855947033402403,1,False
46,0.12815417292198303,0.02983174155978236,0.2720219240297822,0.049722324566361435,0.143191538345058,0.014914161596521414,0.1486013848191414,0.06492193189484469,0.05175102515636156,0.09688979511016381,1,False
47,0.14815516148567057,0.03765052723559133,0.2842015991324912,0.05157194239404472,0.15107536838252203,0.0001681033086061977,0.1393289460537892,0.049433985317672346,0.0466417088976174,0.0917726577919951,1,False
48,0.14430136293260581,0.02667308102153485,0.2920009851742127,0.050205872194874414,0.14694303304428574,0.02507052109508662,0.13104283116455792,0.045205234653384864,0.04600821182346725,0.09254886689598968,1,False
49,0.14378256190522087,0.02426827490791823,0.28532511871513455,0.053872065978572824,0.13747012268930334,0.023384931496112798,0.15357597089824745,0.046399794098747026,0.05333383640074008,0.07858732291000287,1,False
50,0.13513845282691989,0.025400493753605483,0.27682593898147045,0.05678198008311839,0.13891733722899127,0.02126408714137582,0.14542703059981008,0.058040034433810575,0.060140567923705535,0.08206407702719257,1,False
51,0.15671981390534387,0.033066948961585706,0.2778752101946257,0.057774373345264786,0.13389339251905175,0.008834406209535187,0.1353137327102153,0.06762519533764892,0.04327529231978697,0.08562163449694177,1,False
52,0.1477562230542302,0.02371245980234357,0.2652442098195713,0.05391383395589718,0.13007390439380012,0.028038259513273562,0.14731680280249754,0.05995268826066076,0.05050656430777753,0.09348505408994812,1,False
53,0.15156247291762598,0.030216659180670853,0.28633716932485037,0.05925026809640012,0.13059518602835857,0.008022324215815646,0.13122624457908125,0.06460387081124522,0.030808322640889278,0.10737748220506284,1,False
54,0.1574856966629942,0.008689835529591513,0.29331193365448494,0.058160696354465996,0.13570436760069884,0.0035160329930851155,0.14080780711923654,0.08533811156661242,0.03416726500815308,0.08281825351067723,0,False
55,0.13782539967508822,0.018256477479731057,0.28033843887049253,0.07572778985828878,0.12506109499476098,0.03640852120275543,0.141360374408755,0.05344001757548735,0.040519619615165356,0.09106226631947546,1,False
56,0.13762937150503607,0.029975719456930304,0.28768281602919127,0.045828642141956845,0.13627439174307257,0.027591887818929878,0.15038605818819445,0.04823313099242239,0.04715339804232191,0.08924458408194438,1,False
57,0.13708081445962056,0.04107243624021363,0.2829593581853996,0.08444524355564391,0.15762839633699893,0.0,0.1441085672187582,0.05303582654662236,0.02092394455736538,0.07874541289937745,4,False
58,0.1662248768056012,0.022383415513587288,0.2687076016757235,0.059182016912339694,0.13989414617076645,0.027076744179975184,0.14259903316583203,0.04547160209285353,0.03619130731004301,0.09226925617327822,1,False
59,0.14409130001982226,0.03794451860580976,0.2648664110684896,0.06193596287861712,0.12715579119175763,0.018439271834903317,0.14543900860793438,0.055316588390002426,0.054453774957584924,0.09035737244507872,1,False
60,0.17249191730400976,0.016379961430140224,0.2724263068241322,0.03419796997242431,0.1462170930650833,0.03105968551254762,0.1575349694974527,0.04345639868927893,0.05078098793141178,0.07545470977351912,1,False
61,0.15407445791154153,0.026464123927728046,0.25890753584468573,0.053658058791099236,0.13030478070438717,0.031540500414009666,0.16140486583160094,0.06118605900651797,0.040182617324897425,0.08227700024353245,1,False
62,0.1406608266045891,0.033014408409623636,0.27739425954375196,0.06304537629327171,0.134080457517941,0.015476610780167687,0.13763080871785044,0.04775755288797391,0.05312402327133413,0.0978156759734966,1,False
63,0.14799237792492528,0.03281118061379466,0.3101496450695643,0.08554111197652048,0.1374923845884688,0.01004477208560828,0.13595362815028372,0.056951168950095055,0.028348507822582823,0.0547152228181565,8,False
64,0.1462362372892414,0.002785819889612905,0.2788522622389904,0.06687861382389161,0.1534472321636394,0.036184066285858366,0.13821640037257532,0.05560619509484193,0.035728424252167774,0.08606474858918108,1,False
65,0.1526326356690578,0.01878011619548706,0.278685029844532,0.07697683984887686,0.14828283429262876,0.021274813784410984,0.13755488866205995,0.05821891994396263,0.030841838440846068,0.07675208331813789,2,False
66,0.15450815853279581,0.013855306863777976,0.27928058633590047,0.041316463327844374,0.1473396638949257,0.02474021995224726,0.14839699179308385,0.0622576097173732,0.04343192625982131,0.08487307332223004,1,False
67,0.16420494758689916,0.01315474874597092,0.29613425751890843,0.035017258515710435,0.1250773242134438,0.01586811287835739,0.15923839739567844,0.05505314783765102,0.05588243931837728,0.0803693659890032,1,False
68,0.17296121198187164,0.03400739406755742,0.24525000593325783,0.04844737772058661,0.13459499456444105,0.01881131478319096,0.13347971176325735,0.045457185971106914,0.08291885123965057,0.08407195197507966,29,False
69,0.17749104775461688,0.021443239930643263,0.27203149330479165,0.034152543875674554,0.12030635949307453,0.0315571123399572,0.146485585692393,0.058921585846577154,0.03639648716650807,0.10121454459576365,1,False
70,0.14213825569193864,0.023438932672198504,0.246640568471813,0.05618393945098434,0.14387658470664086,0.028660113216644516,0.1367156386476135,0.05442440840189438,0.06448545717599574,0.10343610156427636,1,False
71,0.1514021050526517,0.008430248456594826,0.2849631228172154,0.04758443357571201,0.11951335795950482,0.01753012101652316,0.16085807194118004,0.06885531392393889,0.057305008452457416,0.08355821680422183,1,False
72,0.15133711312246298,0.016350367663962466,0.26939736208627424,0.06100040344776302,0.14073032172052696,0.025282137008121812,0.15113639901273743,0.06835715303209867,0.045129857730586385,0.071278885175466,1,False
73,0.15291526949410986,0.01748367924764781,0.2786572062813471,0.05092354597060209,0.13011730313438669,0.019475221450006606,0.13758835330858427,0.04842716329108193,0.06524235927910003,0.09916989854313348,1,False
74,0.15480332567893196,0.0205895185390947,0.2908275047815052,0.05798807228439254,0.1367492070934902,0.009722880723382654,0.13994010934919898,0.052730241457567224,0.06173153849130852,0.07491760160112795,1,False
75,0.16140349012268448,0.0162548271101938,0.2806256219035239,0.05405591350044136,0.14437801065902142,0.0,0.15641466366168552,0.05274152148035687,0.04558150200477534,0.08854444955731725,1,False
76,0.1269633433681223,0.048478320200755876,0.2793453743955188,0.07344787587744064,0.13492030710702915,0.033875686173896205,0.12881474704712956,0.057409951696848,0.029427886881809136,0.08731650725145028,1,True
77,0.16681505620579234,0.025657673131827433,0.2795075343733535,0.04738955597341897,0.13409719718865915,0.01765384605395071,0.1422005552017861,0.061911645611592354,0.05132510846562697,0.0734418277939924,1,False
78,0.14774976030422696,0.0016062330195331282,0.2971598727310437,0.0456960519967883,0.13052803591152787,0.020577862287159382,0.1532053218267485,0.06720713590640551,0.04360309893920244,0.09266662707736409,1,False
79,0.13874020146772906,0.03319486658374759,0.2788659275481696,0.050624698708559304,0.1293872955976224,0.030127256610604863,0.13207190921695824,0.05989195884731514,0.05223758923259617,0.09485829618669764,1,False
80,0.15527192636828183,0.030459131632931985,0.292055998936436,0.0521355527633566,0.11857012743667444,0.02143018807810001,0.15864385003426895,0.040633118987058764,0.049367938572483304,0.08143216719040805,1,False
81,0.15102284909232896,0.026471158738150077,0.2904029343584473,0.04923624450288326,0.12208751761206811,0.0047602212257340645,0.1514750182612292,0.048232249432792196,0.047603606190632815,0.10870820058573416,1,False
82,0.16749005312594362,0.015439720489084319,0.29364334977931095,0.0378189356118457,0.1364615676476407,0.0340767481479066,0.14816918367350396,0.03902860518892486,0.05890535124158712,0.06896648509425213,1,False
83,0.15469378738802148,0.0306604268739942,0.2854289653345347,0.03817644492297718,0.12608322775926195,0.024064102500286837,0.1523681500581448,0.06213755745781185,0.036689768949373924,0.08969756875559312,1,False
84,0.13152840318632142,0.0193126404767285,0.28402100197637653,0.04272922138351302,0.14348410215608312,0.027865850967275795,0.15115779459640225,0.06267808820619311,0.048108585128736066,0.08911431192237035,1,False
85,0.1653570670704446,0.0,0.2844432646579361,0.022049905341414527,0.15041743360701776,0.027531220691746728,0.1483044017759589,0.0594987834993435,0.05246387540462028,0.08993404795151748,1,False
86,0.13390709731895573,0.025659079459946266,0.30279778329781265,0.03177306719874136,0.1295812181312751,0.017519277027425152,0.13988318245653913,0.053836412202840266,0.061370000813551644,0.10367288209291278,1,False
87,0.13736754724227626,0.0,0.29168984212772886,0.0438392342645581,0.1383733390120487,0.010346210072260073,0.1451584122971323,0.06421023608344872,0.05843718559662869,0.11057799330391811,1,False
88,0.1584556042830155,0.022152931570987397,0.2649629376244665,0.06453215565655988,0.12377027384276035,0.029405214793372932,0.13409794395977728,0.0722522944201044,0.04359822887498277,0.08677241497397314,1,False
89,0.13601412258072398,0.032390063660549716,0.2889329221238441,0.05140286205213364,0.15684160386411036,0.007911255790949678,0.14665851681572495,0.034792599871034245,0.042093387449622766,0.1029626657913066,1,False
90,0.14234612180814996,0.032620712241789994,0.28125052316729915,0.052636765671560184,0.1349969071653865,0.027119836327999365,0.1459172618708961,0.05811940694629602,0.037321419229060425,0.08767104557156229,1,False
91,0.1498415442787329,0.004012341996837332,0.29458313577406536,0.04267706875936468,0.14659190871009906,0.01808762735359533,0.14017326373829275,0.06748512622119228,0.04941974395864885,0.08712823920917137,1,False
92,0.14780929127871104,0.02775847544482587,0.29476600970028716,0.04184296625392792,0.12785904470669415,0.030278865879318075,0.1435966114765876,0.047069579182085076,0.052096406648656,0.08692274942890703,1,False
93,0.16187547936689192,0.03143253188014036,0.28902403864450454,0.057919821929460144,0.111315822198918,0.035605808672115526,0.11661656738453952,0.07062284799129738,0.036873764445452845,0.08871331748667975,41,False
94,0.14131375730027293,0.01623582692704404,0.29602510586965186,0.0366562770358079,0.15160968166883654,0.02680057198371439,0.14460979011743413,0.04314990555090802,0.05542656868102847,0.08817251486530177,1,False
95,0.14477206434400544,0.016768747142139818,0.2828564610425398,0.050679942437992606,0.1418479640614492,0.018857111811575875,0.13515116084387577,0.0677422637887098,0.05532021549582165,0.08600406903189001,1,False
96,0.1465724538375269,0.006090785017510761,0.27979346298752694,0.045040532119307745,0.12968399513083187,0.01560438417554183,0.17595379220711047,0.05143936754266626,0.061235721124871634,0.08858550585710553,1,False
97,0.140536994911031,0.016626870849477653,0.2928996348155426,0.055872436042445635,0.13234243267641,0.03374245366481806,0.15761085972672748,0.0522662526111677,0.04844238994437,0.06965967475800988,1,False
98,0.139703464424319,0.02201192625177926,0.28651893290564884,0.047330689522717545,0.1410815621877361,0.01628438623476988,0.13397163744201712,0.06352133057396228,0.05529667689197074,0.09427939356507932,1,False
99,0.15991168228573058,0.017257110909927056,0.2744429400308523,0.04661225278113283,0.1340020693202113,0.012223858082559514,0.13500926921618647,0.06329085022923288,0.06333726086154234,0.09391270628262469,1,False
100,0.143170880605426,0.0373610566489121,0.2702704539430191,0.05015523600387785,0.14296679440032414,0.011581705899557359,0.13776193730115432,0.06898975785691863,0.04950902115180505,0.08823315618900557,1,False
101,0.15008264673418048,0.011705739402887898,0.28887648007349664,0.05619104952772558,0.14390190119790364,0.0,0.15012531336101853,0.07239988525598264,0.041363615404498955,0.08535336904230573,1,False
102,0.1279107317773033,0.0331300048479965,0.27440757974910707,0.04919544597164958,0.1394265647812616,0.03748147836521166,0.1310159385310698,0.05962323486888552,0.05221831011725632,0.09559071099025865,1,False
103,0.15926091685251814,0.04336774538162224,0.2700175920677674,0.05837277855006844,0.11105285121139427,0.0382870346535583,0.13077208638873947,0.0820373713744558,0.030550985846158975,0.07628063767371704,41,False
104,0.14984364705063546,0.00637747999394457,0.27898059166343386,0.05514557836010586,0.13531573996511476,0.015565110424816397,0.1511444654854078,0.06207591549052095,0.05112642769654358,0.09442504386947691,1,False
105,0.1444456187898646,0.014786813570031457,0.28446908946704347,0.05401085501751159,0.11945984495363589,0.03444165446784082,0.13446232891809767,0.07661243851482868,0.031800697058871764,0.10551065924227401,14,False
106,0.1534572776830872,0.016963689167745443,0.28734251099545205,0.04959644534043091,0.13731956749491223,0.03512180455765516,0.13277763950969318,0.05859936690214897,0.0551907179743122,0.07363098037456282,1,False
107,0.14620371407057908,0.04282920623258609,0.2660691451620596,0.05912607651986094,0.1156900227739226,0.03819703235593209,0.1406804030483786,0.06870350267364977,0.0427360394676182,0.07976485769541324,41,True
108,0.1509100512890902,0.0353380943630494,0.2780008966446907,0.05415116229881509,0.11271347043242223,0.034456417538916075,0.13442750683770566,0.08402289047035127,0.03514096133680391,0.08083854878815554,41,False
109,0.15946840759104358,0.03341376376025343,0.29098104923055895,0.057474035593323,0.09957482522556613,0.03686213710475303,0.1332197485983402,0.0780437788493689,0.0470829794588894,0.06387927458790336,41,False
110,0.1684037343305622,0.02825208272043098,0.26261513822486454,0.067450785411477,0.10870461751297943,0.045145306383081084,0.12223091780012982,0.07540226325979173,0.043111739481904235,0.07868341487477909,41,True
111,0.12758233981053443,0.007706005190914659,0.30007404260574594,0.05696497654470085,0.10752853324175192,0.02991824589301949,0.14629689252525413,0.05528837134553742,0.057231546768616144,0.11140904607392503,14,False
112,0.13771539005029373,0.02324879630935932,0.2723030014680163,0.05963207307436289,0.12823074459396808,0.035432659637298185,0.13050591573272427,0.09335691370241629,0.030594583776635046,0.08897992165492606,41,False
113,0.15284464712760218,0.023055575538298994,0.2872187817009459,0.05154519659417838,0.147459580970203,0.007421274281786169,0.14044763724444623,0.05963796969745335,0.035760188580133016,0.09460914826495281,1,False
114,0.13130010282338977,0.021922289295298797,0.27303746532446566,0.08401834345575233,0.1329042145036374,0.008437161346229112,0.14142457598285307,0.0542606586430604,0.05723068901659722,0.0954644996087161,1,False
115,0.15981305301756038,0.02838641943074604,0.2813682812611671,0.057733035794211414,0.10581379193805793,0.042517187420667665,0.13343638758389567,0.07494442922759656,0.03298083495933174,0.08300657936676543,41,False
116,0.1529258633374891,0.04469525107134772,0.28142162498551654,0.06457333646753696,0.1220586577128201,0.026092704685591835,0.1388077288898766,0.07270692283105244,0.020536168577882614,0.07618174144088612,41,False
117,0.14836732842732428,0.033804046235955246,0.28044298142412916,0.042216613928322516,0.14576569158949101,0.02156944397910713,0.15336549613123118,0.05176144979993497,0.043406222169392106,0.07930072631511242,1,False
118,0.14874688961793092,0.02813930205052608,0.27767029693384654,0.07552527541867105,0.12250843795726506,0.04067245037967135,0.13830503733345734,0.05755545165983191,0.04249944059451917,0.06837741805428052,41,False
119,0.15826092940627037,0.03778230944835548,0.28227514005964527,0.03533870460509455,0.11829350883426379,0.052690305179698374,0.13607005281576562,0.05728045407411569,0.043800556345807824,0.07820803923098302,41,True
120,0.14461587862539396,0.02943409312371801,0.2752836926184264,0.038207008871285086,0.14252935324909335,0.020008520118436325,0.1556144578706353,0.057511963432129644,0.06418590933535728,0.0726091227555245,1,False
121,0.15044723498428228,0.03044629264827472,0.29421091422190254,0.057955334136548235,0.10485007797080775,0.030340487441129115,0.12414197585805437,0.08751374960376973,0.031750164594149005,0.0883437685410822,41,False
122,0.15062387672810473,0.02226439345120064,0.28624663592507493,0.09214840141287044,0.11219515759149161,0.03798157742742305,0.1289646323068214,0.06739495210299902,0.023755771517661065,0.07842460153635304,41,False
123,0.15959907103004867,0.022440193873089567,0.27650164219582735,0.06246715080666524,0.11806165388729271,0.025540018421018724,0.12255957076836445,0.0790734552792357,0.03421983572943262,0.09953740800902486,41,False
124,0.16002830917724295,0.0498342420432354,0.3022569576234628,0.046453061442832864,0.12044484788240346,0.016425194267324892,0.12983751071454513,0.07277561018750497,0.023370451903255516,0.07857381475819203,41,False
125,0.1450399585011864,0.03909201143317234,0.2746385006802739,0.06055014874099244,0.11195637979658374,0.046059755012927,0.12777159604074373,0.06547231523980311,0.03773821694189745,0.09168111761241982,41,True
126,0.14469568509369352,0.03577262545050287,0.2717899639064498,0.06579046043265815,0.12082996993104467,0.026708474495301542,0.12995271796149746,0.07120794587907567,0.043709789691479546,0.08954236715829676,41,False
127,0.144971552629561,0.05704339408729926,0.2588384646448312,0.05411010708853197,0.1293035258776326,0.04155611920297699,0.1528428558199325,0.059226025769548434,0.03237849763004764,0.06972945724963846,41,True
128,0.14731532685227558,0.025166275011718597,0.2668705842387362,0.052768638417929496,0.11520504306937798,0.03104270914191381,0.14295734380186495,0.07539864001135038,0.05167337479630632,0.09160206465852669,41,False
129,0.14252625789461626,0.0034681509211801145,0.29614040419390736,0.05635767060743554,0.12606341275764696,0.03328977993340246,0.13197744073148496,0.04399950826964012,0.04654889201811974,0.11962848267256648,14,False
130,0.1513694392848024,0.029465851837112107,0.2822864528701659,0.07561360371077255,0.12362249444491422,0.026219674016322882,0.13554984715741783,0.04895825434987053,0.04890857171243084,0.07800581061619077,36,False
131,0.13183842105034538,0.04687021060487334,0.2609963872664725,0.08488302777001636,0.1543771231486649,0.030931915628048527,0.11910995910360929,0.053994141215719854,0.02977079527849324,0.08722801893375667,76,False
132,0.15242467696888126,0.021285809899754732,0.27643171596655675,0.06843415915595849,0.12372961270656262,0.025163498531870287,0.1375889243211913,0.06570029944063441,0.04593359814776631,0.08330770486082385,41,False
133,0.15698516805872814,0.011892897304254217,0.26623740973794646,0.07172955056276789,0.12669189632514904,0.0474888597485808,0.14651251335855264,0.05834225615366935,0.024002268627274333,0.09011718012307718,41,False
134,0.1524244187105368,0.02805595467548714,0.2986845598178077,0.06113763623145783,0.09953797110249188,0.029664485567269666,0.152513312502556,0.0665363780663316,0.025567718651001388,0.08587756467505996,41,False
135,0.14929207009676207,0.03859465388459662,0.26865504551589464,0.05255911504020315,0.11629649865143046,0.03167440888180886,0.1261318578302962,0.09478588801833565,0.03595716626324627,0.08605329581742617,41,False
136,0.11469489007697903,0.040260423632716515,0.2661576692816126,0.05391969833485403,0.12323870836272507,0.03794968727806269,0.13063728771083052,0.06731242259305446,0.05567635459673173,0.11015285813243327,14,True
137,0.14873703835771854,0.01564524887097057,0.2912989855592168,0.06031025010482799,0.12620404918995726,0.014061039924565444,0.15189721139669973,0.0607558633024668,0.05069066554607134,0.08039964774750549,1,False
138,0.15983002324777024,0.0196072379379828,0.2953516553459142,0.0696745269022001,0.10720630267028523,0.05074646641122779,0.12818018638764814,0.06056250272314517,0.023868313712336053,0.0849727846614903,41,False
139,0.15799144492816863,0.01695907245039981,0.26965153715031365,0.06898884734899023,0.1083804865338906,0.05251444440245786,0.12229417897353602,0.06765033266237498,0.04126909331389435,0.09430056223597374,41,False
140,0.14774084900485032,0.03328913185331516,0.29668884644441157,0.05159504420673301,0.11768161126676745,0.03937695980456283,0.12196698709584579,0.05725596015026835,0.04641940970864465,0.0879852004646008,41,False
141,0.14760439677689446,0.028016915969973105,0.25607019750644044,0.05534572820634809,0.12112380522730208,0.037207245531855004,0.14037963555590857,0.08419031637754605,0.038534734553075004,0.0915270242946572,41,False
142,0.14380031679253108,0.04718325723694279,0.27974213591905267,0.051095711347873586,0.11217360868003903,0.030824407653440404,0.12788866504822866,0.06974795868322278,0.034372327509456374,0.10317161112921257,41,False
143,0.1579897539237956,0.03155809035127021,0.26998192506809854,0.05736945422117209,0.09749186855952173,0.04872728693286371,0.12441199569175031,0.06606384455674127,0.0536116745843362,0.09279410611045032,41,True
144,0.15017843539345324,0.02367591446501283,0.26482744848853595,0.06485117939092253,0.12102263034988858,0.0343774958675707,0.1524990088367077,0.05343315883307395,0.03897352656165514,0.09616120181317944,41,False
145,0.15835187888467644,0.02032074632200811,0.26805640538959646,0.05722724640908761,0.12043687052144207,0.04038150855395547,0.13660191294907148,0.0767602340095675,0.03803367421258198,0.08382952274801293,41,False
146,0.1425674615966179,0.03160572327900323,0.27004072625995834,0.06110518352190992,0.1074675964716485,0.03580223158316652,0.1397707480562027,0.07560088766461817,0.03109897269881009,0.10494046886806459,41,False
147,0.1604891460939717,0.0294813643763157,0.26261344448681695,0.0655556351152005,0.13370918322113606,0.02023582540825093,0.12713687784420058,0.07605045445886029,0.04599591495922784,0.07873215403601934,41,False
148,0.13456675395268616,0.03636141887172591,0.27888387471540177,0.06569719671328704,0.12016562020099393,0.024434597911004937,0.12127187814450514,0.07707143977908992,0.038806889446447654,0.10274033026485747,14,False
149,0.16374278282448435,0.01731437211721065,0.2755883346566454,0.04460088671166946,0.1293867877743093,0.029330729835653692,0.14627028162416944,0.06572798706446575,0.034580677196285124,0.09345716019510678,41,False
150,0.16382576507238447,0.025463029989236375,0.2741283371216383,0.06347476823979081,0.11099890500841202,0.04474879927095113,0.13437210865495944,0.060077436818096415,0.03671103269003363,0.08619981713449752,41,False
151,0.1548135984698985,0.020463776499571634,0.2688637261680284,0.05815682863740622,0.11421349360521468,0.059280512928050436,0.1393988061677358,0.06617987105447422,0.03217043080628179,0.08645895566333842,41,True
152,0.1475254784831403,0.025623480926692636,0.27994158964375976,0.058416969302514464,0.12331415904308823,0.03589477371869355,0.1376373523457123,0.0745633526774247,0.03258936051142506,0.08449348334754901,41,False
153,0.1480494610339082,0.036354496385653974,0.2718526788993282,0.06084288111999756,0.1114967054169677,0.052126925966951,0.1410579412985839,0.07180167215301332,0.02941312660918811,0.07700411111640783,41,True
154,0.15574791909652258,0.03310776084706845,0.2744570068261556,0.07682968455724881,0.09821701342742217,0.0347351803625435,0.15641733706342392,0.07312017479960121,0.030384927431268655,0.06698299558874508,41,False
155,0.1665033773903582,0.025130228558206114,0.2880111423295768,0.05622357500577281,0.1262366058024254,0.037506082171785055,0.12919305872216102,0.06858547027964469,0.03565926153280377,0.06695119820726622,41,False
156,0.12978033048205448,0.02917746113570981,0.2642999717093529,0.045905422664610916,0.1306981375290746,0.05065176719328703,0.12320418327847052,0.043515069423853074,0.05669075074271922,0.12607690584086756,14,True
157,0.15459352107312554,0.04184652889463997,0.2789360318042924,0.0710483112680004,0.1323330313121914,0.03976141926145922,0.12578044354907927,0.07228176268989303,0.021826128628733225,0.061592821518585535,41,False
158,0.16149877450205655,0.011730759463395617,0.3019043975565482,0.06216197283668216,0.09635840919955063,0.03477204919126109,0.1462740886404797,0.07840817456139441,0.016921736026319432,0.08996963802231213,41,False
159,0.16303708847709905,0.03838178914759134,0.2769652310822414,0.05936735722543262,0.10936514093915735,0.05332275648919552,0.11826734859696132,0.06608007788342397,0.034946069600419793,0.08026714055847768,41,True
160,0.13704315708041762,0.03720690421200317,0.28406352040246696,0.0645396779852517,0.12160384017303169,0.02414933893025677,0.14938168654054676,0.06576361321737519,0.037543217913600394,0.07870504354504991,41,False
161,0.1587297985846432,0.03853444920234683,0.2755806736617376,0.06614333049120848,0.11818117931701971,0.04627506962014257,0.13516191576744363,0.0591994080948897,0.018474982041149824,0.08371919321941856,41,False
162,0.13156188656959733,0.02264938998515731,0.25746296175404476,0.05936836449943176,0.12549559157482798,0.037100754835791165,0.13200295017364555,0.05630938433216104,0.058090214405398195,0.11995850186994496,14,False
163,0.14838164735929266,0.03500817817831711,0.2553302691352462,0.06571468393492425,0.10852160419858511,0.0458306973246018,0.14006011804302204,0.08824986282120052,0.02816899754817128,0.08473394145663904,41,False
164,0.16271731901776543,0.026421842726718082,0.2780980436972508,0.05763106870228126,0.1345432798248642,0.04337724683396511,0.13949740679278755,0.06398079606332346,0.03071710861190739,0.06301588772913681,41,False
165,0.18031522956186619,0.0369243283777246,0.262391573619708,0.05067638216303175,0.12280563341448164,0.037528767525833076,0.12764220744114302,0.06510278017047592,0.023303821758960154,0.09330927596677548,41,False
166,0.15077032478308935,0.04021044262107675,0.28007957931637767,0.06067388177966741,0.11688939461306505,0.03294648874527834,0.136926211403998,0.06173492624200899,0.038113193857931174,0.08165555663750712,41,False
167,0.14476346042501861,0.04012759708438098,0.2581377448395773,0.06607988917605156,0.12634675715212884,0.036539591343546333,0.12680083143599574,0.07595764842557994,0.03419873941254068,0.09104774070518006,41,False
168,0.17168040085522993,0.03162199856123894,0.2723848753210758,0.06391232632989723,0.11996264461206373,0.0420132379753125,0.13261027385936647,0.06865204252783717,0.03457172828877787,0.06259047166920038,41,False
169,0.15917372622640125,0.03928738596171341,0.28256547623135464,0.05604716762908716,0.14209473156383512,0.03845178522728736,0.1349453682443212,0.05119413763709707,0.018825953455560394,0.07741426782334236,41,False
170,0.1686347421467345,0.02003265283578578,0.2596868821098095,0.04957124884849532,0.126550500052241,0.04502300091833508,0.15359282282609218,0.06842868193812333,0.024383830724132853,0.0840956376002505,41,False
171,0.15008682914459895,0.033913525441749734,0.2763527878365074,0.03136864038705352,0.12837400659444778,0.04255356332762701,0.14266163387321495,0.07801795838063347,0.04555580270990578,0.07111525230426131,41,False
172,0.16422811383445948,0.023493873958026133,0.26046324732419945,0.06248392879434641,0.13768860656939727,0.04834044584796631,0.1133503216139276,0.03905877122743585,0.04385229332964626,0.10704039750059528,41,False
173,0.15084240313251626,0.021914001707020337,0.28484460739489836,0.06034002328537954,0.1180146388175791,0.030479962449132675,0.1480858772574486,0.08583411872594718,0.0274488961301608,0.07219547109991714,41,False
174,0.17199773636418134,0.03160518556860563,0.26535531515479177,0.052459878358022655,0.10372975461130006,0.04083206240389709,0.13415668294543692,0.07055959513709714,0.0484783013380494,0.08082548811861798,41,False
175,0.15291854441901148,0.04130751529739136,0.2611341762315805,0.08446190093705702,0.1012283730874586,0.035807306660920496,0.13183197014966588,0.07186131011364554,0.02950302265821074,0.08994588044505841,41,False
176,0.1594431186457571,0.0254143395473181,0.27934456441049815,0.050504067092319124,0.11283149828051295,0.03490597444031919,0.1406741384525586,0.07906101404233633,0.037833576248557606,0.07998770883982276,41,False
177,0.16260803598110518,0.02812796124237164,0.2672056740425833,0.05234634233749711,0.12395771256399928,0.03644819608403941,0.1407606722866107,0.05307496615188497,0.04425105980101085,0.09121937950889766,41,False
178,0.16505553994639283,0.03130429777546054,0.26844152015842077,0.06894460431952293,0.10455595932432767,0.0500025441238269,0.11789839700906554,0.06574151156715838,0.045240138594126136,0.0828154871816983,41,True
179,0.15183737164770109,0.038140670593382414,0.2597881028630502,0.058391429511965874,0.13226530182796986,0.0508075667223215,0.13281217830681324,0.06427217800699463,0.03275834285476834,0.07892685766503282,41,True
180,0.15619718482124637,0.015328480538474477,0.26680374993031813,0.06606812671372049,0.11994213576422752,0.022843523252753652,0.138718831329399,0.07863615059954375,0.04906846419692332,0.08639335285339331,41,False
181,0.1707125934970745,0.031484176917868804,0.27430018499422276,0.061148018490739094,0.09850531453935507,0.022446510919997102,0.15322345848581348,0.06567031636009478,0.04235083523564263,0.0801585905591917,41,False
182,0.1563323744514628,0.005510271218690918,0.30091133477209103,0.04477104236693498,0.10380796765991493,0.0395455337060102,0.1440535682305913,0.05408192168906325,0.04757714943317846,0.1034088364720622,41,False
183,0.16409715010253287,0.032554868156658284,0.25423989279751197,0.047599998519733004,0.11677561488091258,0.037426574438518344,0.13909910181549553,0.08395069745691348,0.03243189540471799,0.09182420642700592,41,False
184,0.16224340209840618,0.03156257367100189,0.28786643531036643,0.05555954449395856,0.11444236025004564,0.042606554112807705,0.1299101901998114,0.06063172289027648,0.028707227082908234,0.08646998989041735,41,False
185,0.15572013647019065,0.03368158373317305,0.2725016342673917,0.06862624806746427,0.11306574915315004,0.04184602285066288,0.13594218191634558,0.07311804928569335,0.03198358503673116,0.07351480921919716,41,False
186,0.16971506163688024,0.03379839088606807,0.27460402283454777,0.05073496923321325,0.11750180731649837,0.03205601280056961,0.12485151791750927,0.07059221577991204,0.03015939698855503,0.09598660460624638,41,False
187,0.14769925527791908,0.03249378082174019,0.2733607542992202,0.05750055896801662,0.11264546460019538,0.03153097918114176,0.133915153893052,0.06607650212000638,0.04725854538765236,0.09751900545105602,41,False
