ID,strat_res0,strat_res1,strat_res2,strat_res3,strat_res4,strat_res5,strat_res6,strat_res7,strat_res8,strat_res9,ancestor,alive_at_end
0,0.12308590863156607,0.22514340935430235,0.09480821150506055,0.0409949675262467,0.153601496275837,0.018518103342109765,0.03766398019427222,0.02528969270848062,0.1557786799535508,0.1251155505085741,0,False
1,0.13344037236698955,0.20450806901085447,0.10949721711018846,0.05210241495868891,0.16855324291572032,0.018190118020987994,0.040851497901325154,0.0007780470356680096,0.14442351853345578,0.12765550214612145,0,False
2,0.12895233045814683,0.1877097854777843,0.10214274816155051,0.04613027435989985,0.1821851915705022,0.009876511923524156,0.03948969393358651,0.01124747789148052,0.15824774920280638,0.13401823702071883,1,False
3,0.1128068503810306,0.18004037018214072,0.11139472772740537,0.049618724866710935,0.18992182108070485,0.009223770788111076,0.034145058781609505,0.0230909877926831,0.16444281778736858,0.12531487061223529,2,False
4,0.1248904811673363,0.17039871645202215,0.09986147550174392,0.05866908524428633,0.18108092609247822,0.005289537772658422,0.04077225739570157,0.03673428381842491,0.15609398404366623,0.12620925251168216,3,False
5,0.1354693500460736,0.17531235546185606,0.09124911784354879,0.048592513981132984,0.1861214772490308,0.02308966100836867,0.03891608892460309,0.021720873234340677,0.15049313250859597,0.1290354297424494,2,False
6,0.11780588348804129,0.1730211694945645,0.083535559861389,0.05677590999032715,0.18333337421476234,0.018617543105736656,0.04440195926730627,0.037415685019905505,0.15455018841530552,0.13054272714266182,4,False
7,0.10805609549012846,0.18345809338608465,0.10639981667959518,0.03734109847748385,0.18514893981738198,0.0,0.04249814121015743,0.04122227117933647,0.1713861719133547,0.12448937184647726,3,False
8,0.13967941514967644,0.16700992318698446,0.0968445203096731,0.05347262403474321,0.1805145810343043,0.030261795444642702,0.021877515696082702,0.013752771272258097,0.15343207918272342,0.14315477468891152,5,False
9,0.12761426168535173,0.18184238471686145,0.09852539684309523,0.05156440551312495,0.19138071328838757,0.007563527894675281,0.03933988178138948,0.0005112299052873261,0.18008541661110944,0.12157278176071755,2,False
10,0.13778346796508012,0.18458286218205952,0.08914364553013977,0.03560828020952531,0.19182146373755288,0.005299638234949003,0.019532325736625646,0.030408138819775596,0.17301905165521958,0.13280112592907253,2,False
11,0.12878315457038422,0.18059636621121058,0.10533240988162153,0.040024943938228565,0.19032418018088204,0.0,0.03335448202313351,0.010589716397892527,0.17542381048382294,0.1355709363128242,2,False
12,0.14785628344368285,0.17737389134083398,0.09213523826404282,0.06641459072296392,0.18185066598044805,0.018478765061910155,0.01901044798274564,0.021535345417884447,0.1481731338063449,0.12717163797914327,8,False
13,0.10924872337196932,0.24574721280385697,0.10434370511912869,0.019563233325171837,0.14741249818688967,0.013887320565800115,0.04067715298114726,0.02529329271436359,0.17131577418871682,0.12251108674295552,0,False
14,0.09653034691783989,0.2319469895773218,0.08479697932261418,0.026333622985086,0.16500701518574873,0.01949478685903333,0.03969789622218154,0.04221863886481923,0.15063337465613327,0.143340349409222,0,False
15,0.11645842195461832,0.18676658379392783,0.07703334460219655,0.05674242280872626,0.1781673694965292,0.02296791701529,0.054584414862735825,0.02835784628250527,0.1310333483473671,0.14788833083610362,5,False
16,0.12443104916467916,0.16580692674673206,0.10769820942833164,0.08363866198886849,0.16672566380273168,0.01898048492907735,0.03641527694377253,0.04431294754349577,0.14213889605594746,0.10985188339636388,4,False
17,0.13328212349822582,0.20550018386649643,0.11474475619642284,0.05037343166586736,0.16579671212479055,0.022511206746535457,0.03879104776870919,0.0,0.14904809423613088,0.11995244389682151,1,False
18,0.1372895501294575,0.18323763705793666,0.0892358188283242,0.058621782223910075,0.19634873734815067,0.01130104252612727,0.024158252922484552,0.021775711767912365,0.14946846026247926,0.12856300693321754,5,False
19,0.13556727228629628,0.19377150496354972,0.10128920286337466,0.04371369862097399,0.18481758147901528,0.004870964062331854,0.05380884969497752,0.009093593807278677,0.13699284796092878,0.13607448426127314,2,False
20,0.1074906910161478,0.17679957380963482,0.11058272245088516,0.05978246074685886,0.17726433874395733,0.00980537061969675,0.0427055620572261,0.028671968827154032,0.16619333749315085,0.12070397423528823,2,False
21,0.12012546890023772,0.16962219929465788,0.09182862625769816,0.04800681822160341,0.1829973148293102,0.024737675966018596,0.035685251012616395,0.039417866610477685,0.16301222626333228,0.12456655264404766,6,False
22,0.12157905406345344,0.16783691220642244,0.10833769317496172,0.038541416385671295,0.1905167598917606,0.018085955834343418,0.045446329744392465,0.04312532860116739,0.15647877070513583,0.11005177939269131,6,False
23,0.13394212622344553,0.2099058141718733,0.10286673973961868,0.05605685162728751,0.15527766636505055,0.01775710907742979,0.043742984049685164,0.013026850030926929,0.1435304734302543,0.1238933852844283,1,False
24,0.14748091508398145,0.16644564985865337,0.09086579563266106,0.053462374323852445,0.18963599348415347,0.02113187122418596,0.04935027212532738,0.01948504198624345,0.13884396890599193,0.12329811737494949,5,False
25,0.13499825577072105,0.17724139007676226,0.10547571918656999,0.0371764060565708,0.18664576922082324,0.0,0.025169951959031853,0.039329654800076566,0.15672660762598645,0.1372362453034578,10,False
26,0.13517826987020146,0.21233742063688751,0.09233446889206187,0.04685895517894077,0.15652817268113126,0.015889974115033317,0.034497979774956535,0.029030137190517377,0.16216092464841808,0.11518369701185181,0,False
27,0.12990733160718584,0.1945466174993865,0.1025405861254072,0.05399306193743725,0.16025380120327462,0.020774971601477416,0.053182199584781216,0.01679834257601586,0.14426235425382117,0.123740733611213,1,False
28,0.13332798731984646,0.16348295520553227,0.0915274829323284,0.06924369864583327,0.1696338242248986,0.0,0.0512964190750628,0.021287460582527323,0.16619406991997193,0.1340061020939989,4,False
29,0.09434431268815349,0.1835064561606561,0.08140034143172177,0.07440499874062352,0.17751365043250303,0.004407340028761635,0.04066983148753717,0.02418113637019947,0.17898215234126494,0.14058978031857886,6,False
30,0.14552952622635837,0.18229049940821038,0.09867773564335487,0.05164092493200685,0.18063289941517113,0.0,0.03705355794923691,0.0,0.19138949279579015,0.11278536362987131,9,False
31,0.11388241576441864,0.22088778356589636,0.11843076905352586,0.05463525783031644,0.15261456703762488,0.0010367639894162384,0.0464086329253537,0.014972368434566546,0.15492094673240847,0.12221049466647291,0,False
32,0.1096154050502313,0.16683818051146365,0.07406172812546781,0.05748059824008871,0.17756537083983706,0.025980851560980397,0.03281300646506886,0.056516070293828775,0.15525380520502116,0.14387498370801244,6,False
33,0.13313052182193147,0.16742621493934481,0.08842092066161,0.06129122675731578,0.1812037291688617,0.03511744300147608,0.036086135041961696,0.017598926605168902,0.14578712104054883,0.13393776096178073,5,False
34,0.10427664834940777,0.18321173709370853,0.09979551452978258,0.050799602716252466,0.1976303283966626,0.021858971254273517,0.027821315632178534,0.019160099872897015,0.17106570136151544,0.12438008079332154,3,False
35,0.134155313907954,0.17695516394925828,0.11195708898521915,0.03352159140831939,0.19545469042648533,0.004060036226619578,0.04131335760198702,0.018264134334905403,0.1567924445383221,0.12752617862092983,2,False
36,0.110981992448817,0.17449878263913926,0.10055021996608993,0.06984564520571451,0.19119944517928897,0.006378240684918679,0.04483091619090141,0.03972255688342806,0.13637952110156415,0.1256126797001379,4,False
37,0.13304218944594767,0.19430167997501005,0.0974905216818609,0.056355659858243014,0.17257706574488804,0.01241044788983593,0.0475923635313247,0.0008906922228676465,0.15131127934123476,0.1340281003087873,2,False
38,0.11586255972302693,0.21611591990415469,0.07946379326906727,0.04744395645089419,0.16530152507101112,0.01585668406102748,0.04954095663502598,0.024542877078042456,0.160189941405429,0.12568178640232075,0,False
39,0.11667067111096718,0.23625410851560957,0.08867197202892692,0.033051354286208166,0.15174088885915515,0.019440476012801643,0.04548367217779303,0.023972359954884042,0.15318145480919104,0.1315330422444631,0,False
40,0.1115031624152127,0.19365396265044893,0.09730159773430448,0.05739856817836081,0.1631538591942499,0.0,0.047527298966459686,0.012933341366707426,0.1726365512091013,0.14389165828515468,2,False
41,0.1157029856797418,0.18065226616656446,0.09144953617989021,0.062394261268228474,0.17743027133965117,0.011036961020698044,0.04216195156491359,0.031535610705078425,0.1518359083631693,0.13580024771206464,6,False
42,0.10181118899219398,0.19529231659080779,0.09785202158227542,0.029048313104416454,0.1872817286261692,0.0,0.030357918522903975,0.05351894455970552,0.17198155834672074,0.13285600967480699,7,False
43,0.10979664427717818,0.22054862761208044,0.10010636061202824,0.04229778180136566,0.17118994725278444,0.017048216344270253,0.027413018444384988,0.03264771378006405,0.15891960392179008,0.1200320859540536,0,False
44,0.12356597749556669,0.16886841725924448,0.07793410478927963,0.060719356165400806,0.17909705462633424,0.02509168625463853,0.05293178466652099,0.04081048358353966,0.15833094043123125,0.1126501947282438,6,False
45,0.11271324918679196,0.1769234849105922,0.09789585431624417,0.03767256205630259,0.18457156554663,0.0,0.043504197661030225,0.037217084330009566,0.17597259008788763,0.13352941190451165,7,False
46,0.12199164056235859,0.17953807165597838,0.08655475550084007,0.04328783263837843,0.1713745757012369,0.0175105957023088,0.05462955280136995,0.02541998919193249,0.1665736921323636,0.13311929411323267,6,False
47,0.12095943234836326,0.16357705393984873,0.1170822898992133,0.05251557495880242,0.19192804295608584,0.034688186142931746,0.021570190174472287,0.02298551570034758,0.14953729544135055,0.12515641843858433,3,False
48,0.12385350575326723,0.22203976718256513,0.0980832575996666,0.03480840143824631,0.1402160734563395,0.011367310808022129,0.04727977394614085,0.038490162452511155,0.1557495172290471,0.12811223013419398,0,False
49,0.10923989688080528,0.1640545868710086,0.09195944382932843,0.058411926394104814,0.19358909771816532,0.029932027673865123,0.050543261647192736,0.042333328131351024,0.13611201745761786,0.12382441339656089,6,True
50,0.15742710491702977,0.1733811300825512,0.08505821482471984,0.0816087782017144,0.17362335813067414,0.013141183793639242,0.020686875523380867,0.02729413863882139,0.14452858458255965,0.12325063130490947,16,False
51,0.12929976162694404,0.16751599544287427,0.08044791406316407,0.047024983915589194,0.1918954237892217,0.03299679240698023,0.026831512242911647,0.04365821811874514,0.1604779535728934,0.11985144482067635,6,False
52,0.11694245904997573,0.16533032662977115,0.08307303440287546,0.05459328999657766,0.18039514195460296,0.023386709311275792,0.04289958099378943,0.039374494287915555,0.16208396917881468,0.13192099419440165,6,False
53,0.12333331025433132,0.1866702077503255,0.08344992496531066,0.06022914601491604,0.1551914883741563,0.027104000130732903,0.04038061189346241,0.04942967321439734,0.15046084050299532,0.12375079689937221,6,False
54,0.10451998735564849,0.17213342946324103,0.07612825062045175,0.07591097989563393,0.177869890202738,0.027913194631515804,0.041710680374890674,0.03378365997974095,0.16132040793773653,0.1287095195384029,6,False
55,0.13142448505941767,0.20508403122989963,0.10226828194655779,0.04393540496962496,0.153577966360812,0.03089517701250292,0.049003336398835036,0.0,0.14449639023484515,0.13931492678750482,1,False
56,0.12463948960588533,0.18186390272250239,0.07591075369771345,0.05533876196526534,0.17589055750606963,0.02334577303513171,0.0459675749765682,0.040121517423606666,0.14430251641993252,0.13261915264732493,6,False
57,0.11624659391889705,0.15467601318583027,0.11369840504610623,0.04905342607491412,0.18702874302837227,0.015191852585935611,0.046173149556721055,0.03488189532159555,0.1574676517622111,0.12558226951941667,4,False
58,0.11297327951652722,0.19041813068540414,0.10848470427384665,0.06621163499316289,0.17209205001230193,0.028553895486099313,0.04104293184326117,0.00326492998074968,0.15077150287597854,0.12618694033266847,1,False
59,0.12264435722225982,0.17576606640169037,0.09530330785359738,0.05334923397132489,0.18894659274137451,0.0006733650847859174,0.0426348829997931,0.02264714773355494,0.14763127262436015,0.15040377336725888,6,False
60,0.12597423876557742,0.17251038064450477,0.09780934191693062,0.046846676223832734,0.19458553018435953,0.021216954278950793,0.037060853797627184,0.01558521751120114,0.1568629618948532,0.13154784478216258,5,False
61,0.11505829942056692,0.1684617665032559,0.0941854703594932,0.053792050153119275,0.19485431344889273,0.025902480058855974,0.04511262015584423,0.025374725192568278,0.15496836603876812,0.12228990866863527,6,False
62,0.10375647033621584,0.1789178767151475,0.06996699466354993,0.06546346191342005,0.18966898826737738,0.026750749297584503,0.03414243708846329,0.037080393917337355,0.16185174074593536,0.1324008870549688,6,False
63,0.12141501238574996,0.21775361146116676,0.08930039785411996,0.0358284763210478,0.15752546349386282,0.020760648278505604,0.04572179965326837,0.011202985840529606,0.15496045312084614,0.145531151590903,0,False
64,0.11845864740951212,0.2232151075196365,0.09317009687566523,0.04610332853643482,0.14618378794190753,0.022749623597680974,0.038549757765225255,0.028720580004669795,0.15606584849568897,0.1267832218535789,0,False
65,0.13082032463963697,0.22285782983508123,0.1070920366911199,0.048734250218693,0.160053540226324,0.004289294524037958,0.03195030043435441,0.010061305437724226,0.16830950692776608,0.1158316110652622,0,False
66,0.11987390883675011,0.16614767334995023,0.08645844663106206,0.05301858936392661,0.19807919777842145,0.00547544110094824,0.0525668466569631,0.04226335929617599,0.1568653849329112,0.11925115205289101,6,False
67,0.12477839578707732,0.23980038791419847,0.10089597649483517,0.034186046269560476,0.14012632559326596,0.019300514027987214,0.0438324979939561,0.023767136200485102,0.14980661669797038,0.12350610302066391,0,False
68,0.11121421849934134,0.1690625269434654,0.07253535723731404,0.05514487844172021,0.18619588371594403,0.0146360278409802,0.0372046276889038,0.06272091020568263,0.15253645839818242,0.13874911102846585,6,False
69,0.11516803794220885,0.17220984719522103,0.07748147155660154,0.059424181190253854,0.18586600091062444,0.026294721247737206,0.046648031617362785,0.05296537714068274,0.14688788107815662,0.11705445012115087,6,False
70,0.11658388700004309,0.1768938508284254,0.09422462382995303,0.05855182577383562,0.17379862573614704,0.02533300535569951,0.04012468478573467,0.03849290644092568,0.14063045544275252,0.13536613480648335,6,False
71,0.10673386805239037,0.2173802727605751,0.0788289912702617,0.02925472924401851,0.17399199278281366,0.04703922507475092,0.03413396580621161,0.039701514829781875,0.13904895896639288,0.13388648121280336,14,False
72,0.14341688041733094,0.1757675748337699,0.11316488409396101,0.05649641507369237,0.1837516979231314,0.015993505798159044,0.029120093744880303,0.028412739895730694,0.13271914112199884,0.12115706709734547,5,False
73,0.1120990293187262,0.18622784990827085,0.08412647233811872,0.05280300986589425,0.18461866366953736,0.002845177258836681,0.04846265217916242,0.03418651099888229,0.16632864295985605,0.12830199150271518,6,False
74,0.13064893797282257,0.1661763851882149,0.09880086810505413,0.05891451948031318,0.20785441067048135,0.0,0.03662713315026381,0.023604651133629327,0.16330206725702254,0.11407102704219817,5,False
75,0.10717699880283701,0.17537352495842062,0.07327966334970835,0.05284802653456032,0.1853536616481363,0.025840163292647253,0.043906004707759676,0.04282107556951334,0.16893234711280974,0.1244685340236074,6,False
76,0.11789496903475885,0.1865957625567699,0.08569224171709501,0.057310775937759545,0.17263280253277255,0.023247515317046007,0.049052057588912325,0.03592797809392952,0.14780426176602346,0.1238416354549327,6,False
77,0.1117703874666539,0.1701568356139219,0.06967470110308392,0.06602587477113425,0.1860585040653111,0.018230933096167076,0.038666541934223135,0.052106504072733394,0.1603596499352382,0.12695006794153316,6,False
78,0.12523947910945601,0.17832776810215056,0.07968482088080307,0.03250772213707271,0.20326442337546424,0.0034733451345639954,0.04523802642309349,0.044950041890128155,0.1594978764511329,0.12781649649613494,6,False
79,0.11519943953638563,0.16057896874495237,0.07872299565028114,0.055676517394685,0.18472813340578784,0.013002483592952098,0.04907368570219225,0.043180378492764744,0.16184471809955672,0.13799267938044227,6,False
80,0.12456420447957109,0.17899801521270153,0.08720153317120898,0.06030931313520081,0.17284399338090112,0.01013708944012929,0.0406752628150756,0.030357035556538542,0.15964288732022885,0.13527066548844416,6,False
81,0.10946342263146344,0.17623454468872413,0.09209348395348431,0.05425730980718612,0.1829573897576448,0.025182784900539323,0.035360310208407617,0.03695254306205487,0.15118058918602154,0.1363176218044739,5,False
82,0.12972740674600622,0.17119769230854254,0.08242010620698864,0.04921191270893855,0.20886863919524803,0.015778668787506812,0.03662167748741343,0.021246251900493646,0.1608568196553561,0.12407082500350614,6,False
83,0.12090787698319722,0.18442742616847302,0.10046946399789122,0.07826416669488934,0.16554960925814122,0.01824911857351573,0.04956530560774484,0.02985766884923601,0.13509566168743734,0.117613702179474,16,False
84,0.11716328074752377,0.24483476053333267,0.07793637438409788,0.02729470857315767,0.1545373909608574,0.014117666615569168,0.032623690291486505,0.041367711704719846,0.14177181728627414,0.14835259890298086,14,False
85,0.12126544217167273,0.15939733098416478,0.10379527562930135,0.05088249099310215,0.18557596864563738,0.021749171196059087,0.03579814860278771,0.05323022500227175,0.1497096415671612,0.11859630520784205,6,False
86,0.1312653372333602,0.1774298217997334,0.08005221258205325,0.058019137334179065,0.20359899764159411,0.009421146551298632,0.04275638529505133,0.020310189515718908,0.15747071314600733,0.11967605890100375,6,False
87,0.13562947266869693,0.1644133245323105,0.08895619209378033,0.0561319776453308,0.19775500601655635,0.01647531127527925,0.021686955202184693,0.03146005592505636,0.14715740693121912,0.14033429770958564,8,False
88,0.1035877194587839,0.17132197805121505,0.08286387963744214,0.05658380943819702,0.195735787665313,0.005729786949028126,0.050148892392538266,0.03513388477678547,0.15782600234618255,0.14106825928451447,6,False
89,0.11602182226355205,0.18226354216075175,0.08463722299856917,0.05508274609342829,0.18491487582358374,0.00764345592160254,0.04739458761803812,0.0373632249020699,0.15211422872301264,0.13256429349539164,6,False
90,0.11789418454925898,0.16272773142767108,0.09256324175713156,0.059735445357970304,0.18172612539022448,0.01685185104565521,0.041531229195379944,0.0352542440581855,0.1590387215241428,0.13267722569438015,6,False
91,0.0980906025934347,0.1602261372161173,0.0978410538864341,0.0574731781270102,0.19037413073062776,0.025518129885618922,0.04309357329858116,0.03947705471404585,0.1499797875077973,0.13792635204033263,6,False
92,0.10681864835574788,0.18444418003249674,0.08777175478872745,0.0606923923136312,0.18114185009131084,0.023020938809423828,0.0392726901998392,0.03059238599589762,0.15318794279413595,0.1330572166187893,6,False
93,0.11054725695759926,0.17156617921128278,0.08044351709369531,0.060691688679475386,0.19055321826793617,0.030114221210269503,0.03591945768400957,0.03307296683299254,0.14212340618595062,0.14496808787678891,6,False
94,0.11528532097590045,0.17518225298644913,0.06554704433680934,0.061022786039221205,0.20543894577044702,0.01145485439686307,0.03836996455590673,0.02820620916153067,0.16866041958184552,0.13083220219502684,6,False
95,0.13170034281716148,0.16842813323802902,0.07774361781776919,0.04458605984454313,0.18180212889253944,0.029755554578796677,0.03858818199126427,0.0426519228097834,0.1562126405465716,0.12853141746354171,6,False
96,0.09173278073666165,0.17532905587959607,0.09510626388892497,0.0400708647574729,0.1981204508172031,0.02600112572521987,0.043797164926246426,0.033501110964443574,0.14575502508448815,0.1505861572197434,6,False
97,0.14975093167818726,0.16466477964139256,0.091295351901378,0.05385373122582319,0.19573804473333742,0.020552067423556572,0.03480708917410475,0.03207349523145696,0.13993450211358663,0.11733000687717664,5,False
98,0.11935097262627069,0.1798108842195676,0.0930256877773793,0.07065455151705174,0.18265424108438078,0.014278817439789648,0.04204647359957348,0.03095781457953,0.15122704403968387,0.11599351311677294,4,False
99,0.13817019511435277,0.17644029032257674,0.09114452224255223,0.05467077878584632,0.18779679393258375,0.03151546557494323,0.024658929307902647,0.0,0.1401954353254127,0.15540758939382948,8,False
100,0.13784739564904488,0.18324939925839948,0.08172040458499162,0.04018845399059842,0.1809063928217349,0.021296421650787396,0.058175657672779116,0.04266644637162901,0.1452398801848512,0.10870954781518392,6,False
101,0.15353888627232112,0.1781668345463425,0.10728124233748987,0.03881556682086668,0.18542658144729185,0.002662746148368696,0.021939857934543366,0.030780974048732365,0.15471031384278966,0.126676996601254,10,False
102,0.10023788779572754,0.1685821141314852,0.09521632782715249,0.05964125955492993,0.17678918688796108,0.023831525614867285,0.039731962146420816,0.05002305073090829,0.15280335349610855,0.13314333181443871,6,False
103,0.11427472700908112,0.175288442485446,0.07400197349374539,0.054387083005184376,0.2030631407912438,0.016108151631315296,0.030627811921829406,0.044138769686794525,0.15244813871106702,0.1356617612642931,6,False
104,0.11294647990248947,0.16209892863078093,0.08344625487499592,0.07687454192012314,0.19832156270838078,0.025138483667305856,0.04355717840074225,0.05583580384113831,0.11979898693754235,0.12198177911650107,49,False
105,0.15096183554159823,0.17553831020161031,0.08672139200161534,0.04989538043646718,0.17498980872920528,0.03132163433406877,0.012736611754159197,0.02563105336745113,0.15967865331010725,0.13252532032371728,8,False
106,0.11050402069887807,0.16170631867938176,0.09256602332788617,0.06289993962297483,0.1892870434649797,0.023912927664226844,0.04260029280700531,0.03333023157786333,0.14994506576698188,0.13324813638982194,6,False
107,0.1088810867245456,0.156650688753396,0.07364080833323935,0.04182104837197731,0.17433207601193268,0.03912979114614658,0.04517050206496323,0.06974379352624643,0.1599038097953042,0.1307263952722487,32,True
108,0.10769259687700528,0.1763985595169276,0.09336835536749913,0.0586949577501159,0.1831645911744554,0.009947085037102872,0.05067498343852333,0.02829739682521293,0.15388687005142487,0.1378746039617328,6,False
109,0.10657535692673648,0.19334290514004723,0.07849789705360093,0.06857719771070221,0.1678788365360705,0.022930630670594622,0.02693445149943215,0.016142494699820622,0.16078043010104173,0.15833979966195344,6,False
110,0.10731876313559498,0.18733450216309705,0.08177952808188627,0.05141916080387769,0.1793379107772149,0.01045954696451863,0.05129567411030382,0.058904557376529915,0.15265841909500605,0.11949193749197058,6,False
111,0.09427076826670389,0.1842478946028532,0.06953189842662708,0.05540091515743358,0.18729688508141132,0.022579235577090497,0.040643954355231625,0.05274650537262042,0.1564146128349154,0.13686733032511292,6,False
112,0.10134658587936433,0.2205310994654517,0.08674898413121977,0.02254956729946905,0.1483664753729823,0.03177867993462901,0.05524027587551985,0.04021574526940308,0.14332234958967843,0.1499002371822824,14,False
113,0.10808718710894014,0.1877853375112244,0.06721308966642701,0.060727564581579165,0.1524460962566537,0.02418281462323945,0.04937147052367038,0.07793511581775268,0.14785924269897896,0.12439208121153417,53,True
114,0.10972448950093154,0.14900274902566657,0.08960193126163953,0.07423767116091406,0.1989928819725004,0.0,0.04252413540094077,0.02499327810380896,0.16939354313402427,0.1415293204395738,6,False
115,0.12683582748697184,0.15598103639381544,0.08406414490257921,0.06290880842664709,0.19695308797855351,0.0006730254164977377,0.04398293940762486,0.046485894800864284,0.16131118055584304,0.12080405463060295,6,False
116,0.10950413839995367,0.1738482463899743,0.07859280129487482,0.047427981805183636,0.18422041544271822,0.028372163065122535,0.05919153486447414,0.04337424659970232,0.1470893801325789,0.12837909200541747,6,False
117,0.1335681898640379,0.18861130296470008,0.07469951577076067,0.04410968669170592,0.20419753712871141,0.03819521268624721,0.0484702925124939,0.00450902907879927,0.14372461514845594,0.11991461815408767,5,False
118,0.11201422834132646,0.15672618011231243,0.08827448250219712,0.0632093255300379,0.19149060795906517,0.03409406925757423,0.04195724463885617,0.05068833732444651,0.15256817565050354,0.10897734868368046,6,False
119,0.12186991891374185,0.1704304162545927,0.09923792074943372,0.09054070224556769,0.17526754931770674,0.02586377889660024,0.030209775141127125,0.039037070923780746,0.12496557966107412,0.12257728789637504,16,False
120,0.13899908446597511,0.17665888479844338,0.07134208648711489,0.049658086095711776,0.1940255834498777,0.03033609442505293,0.036330496400521134,0.027891865573854563,0.14977126273321512,0.12498655557023351,44,False
121,0.10257208056279911,0.17136408929457098,0.08351182339888517,0.056254989436111305,0.183558844107995,0.034504331027826594,0.060833409366061096,0.032208839077136044,0.16265942510382586,0.11253216862478874,6,True
122,0.10114366368012195,0.17488339353934,0.09148575097053391,0.05890203551797615,0.1582678765633313,0.025282581574414698,0.05118624586851837,0.06337869774415658,0.14617809244467914,0.12929166209692777,6,False
123,0.11615625235586102,0.17694037851580413,0.08786176689769433,0.0919405632364355,0.17144531211728337,0.011886511140504662,0.05355530376034499,0.051612369610857044,0.14179190331700886,0.09680963904820622,16,False
124,0.11950192558988547,0.18141595437392577,0.0889414294183762,0.044643777111756155,0.18499295637421767,0.030744365344058094,0.05578132168957215,0.038035084526077866,0.13929409400737203,0.11664909156475868,6,False
125,0.10461514501444519,0.16476198067501166,0.09128848363464895,0.05547998992153061,0.18842093863292297,0.031396519391717136,0.06612631680395606,0.03244073715624469,0.13830322859073377,0.12716666017878894,49,True
126,0.1092778723583402,0.17963623608706344,0.07312009187180646,0.061056666635887276,0.1839509420847803,0.027959587628402394,0.05112055763966304,0.029010643319322186,0.15902590257494933,0.12584149979978543,6,False
127,0.14387642647630258,0.15228342564664205,0.10426108890820925,0.04445003653838881,0.19374940630506432,0.01359966669903391,0.025989657457908356,0.04348797928606085,0.16406151392445223,0.1142407987579376,6,False
128,0.0890599703572968,0.1632616786447883,0.09715919733129505,0.04897862018654836,0.19430413166487456,0.030608281921408086,0.04737397680102596,0.048231167076216344,0.14932262539044855,0.131700350626098,6,False
129,0.12051272862444132,0.1688530812840737,0.08085084249721015,0.06391614268291439,0.15431079590572852,0.020461338329197425,0.036522830934692656,0.0581247538539075,0.14343052525712527,0.1530169606307091,32,False
130,0.0989399104836316,0.21369414704012152,0.07122366956639961,0.03901888084071897,0.18706378589765887,0.04660222294937202,0.043576076550855256,0.028391271539866904,0.13332229657146985,0.13816773855990533,71,False
131,0.09875852053626989,0.21718657232802074,0.07546992571418427,0.029087025794875102,0.1670997851003925,0.042254648808998395,0.04390847621252751,0.0486206897412343,0.1540231791906276,0.12359117657286976,71,False
132,0.13453025694724302,0.17090102374798974,0.08263259496102188,0.04704111833674482,0.18059836615892402,0.011039340468543738,0.040703534046011486,0.02514641881117407,0.1704423807341676,0.13696496578817965,6,False
133,0.11802029758370697,0.1635127417292696,0.09170282681809447,0.053884957070764405,0.2016527342430408,0.013801783726425683,0.04178552429058754,0.033987825232789495,0.1414234616395906,0.1402278476657304,6,False
134,0.10973968316634732,0.1706578738067484,0.08243118746158465,0.059537446251641285,0.19542556445508683,0.01642381358281213,0.0493470044975822,0.043403219322451954,0.1477878230399615,0.12524638441578376,6,False
135,0.1366364283484944,0.18372405594888389,0.08404686274836859,0.05417833358212196,0.17629900563583428,0.009096348735839227,0.030695028186656943,0.031136968716202116,0.1621119483912242,0.13207501970637445,6,False
136,0.12407242763072951,0.22586149226767407,0.07247098546589435,0.02211123676183444,0.17012713492168982,0.031798307022512476,0.03263693731240986,0.0467371232012213,0.15241361380600854,0.12177074161002556,71,False
137,0.10120327456706027,0.21138367282930096,0.07569587349725025,0.02436819381893688,0.1735955520597755,0.05810583170176464,0.04478830379867878,0.040423175883622146,0.13034842661843396,0.1400876952251765,71,True
138,0.08569692225461771,0.16721667661003412,0.06978218972090382,0.04900671075969072,0.19270994778930217,0.04437790325600154,0.03483450738909384,0.05690118485350488,0.16134018573265585,0.13813377163419535,32,False
139,0.11931937302688703,0.1730204580221292,0.06614443353740918,0.07061689597986744,0.18192380378260214,0.009618193071056214,0.053007021978595664,0.057441197276635346,0.1399944585513178,0.1289141647735,6,False
140,0.12753290180842985,0.217962804776096,0.0871048730626909,0.028516368613048012,0.16208545840923713,0.04649586828879625,0.044995798864457204,0.042076155840805846,0.12345314646655114,0.11977662386988766,71,False
141,0.10657137613183777,0.2073542923309322,0.08590299761084949,0.03312437406238728,0.18200837604811143,0.04786061438842662,0.03322476298217699,0.042492390975781925,0.133906605874465,0.1275542095950312,71,False
142,0.11695311586040225,0.15228845185956044,0.1362439185321312,0.041807846342028804,0.20175965015332237,0.03393128224497335,0.02246534840140066,0.021026514001684555,0.1427101956859326,0.13081367691856374,47,False
143,0.1099219693587661,0.21339972480148398,0.07765713224101017,0.02480096771166352,0.17459199797624544,0.046287833244921736,0.025357046738152877,0.03973207606155873,0.14784636974575585,0.1404048821204416,71,False
144,0.10351560427790961,0.21592711073611495,0.06409392112544234,0.035164976370415345,0.16496511296369634,0.05625994180221352,0.03282347668820435,0.05233750867939545,0.14340714870130683,0.13150519865530122,71,True
145,0.09509441713233666,0.20352394302883708,0.10694074107188545,0.0350449923869025,0.16591565920264845,0.03476120513085804,0.027705892103226836,0.04652846640833815,0.13720550225354494,0.14727918128142198,71,False
146,0.10312710174609578,0.2299965745332744,0.08548443876836502,0.02982958910443006,0.17256941769776513,0.03197512612735245,0.02817824804218355,0.05646153275085933,0.12909944496900663,0.13327852626066763,71,False
147,0.11377169931755722,0.2113230802464928,0.07780554420026765,0.027098337020793863,0.17168065941897864,0.05247889805275724,0.039672508629491184,0.03616164375472157,0.14601761140717417,0.12399001795176562,71,False
148,0.11109090213816798,0.15857737937447902,0.074463257434945,0.056290490515156756,0.1792644694589575,0.03304664924606847,0.03708859538081523,0.05490173223704896,0.16339636545050654,0.13188015876385467,118,False
149,0.1487343488497778,0.16270976415852717,0.10875114417367111,0.05685903179366501,0.1664877158951035,0.03448639145841924,0.021666844397456055,0.019342243408430694,0.14896702452821428,0.1319954913367351,8,False
150,0.14466219519073337,0.1821243508761964,0.08999846066794351,0.06864090241974365,0.18353238958274784,0.020721413275832087,0.028280292666712892,0.01098307155439349,0.14000952987819956,0.13104739388749706,8,False
151,0.10595232381014974,0.200446514965498,0.07643065693605075,0.039955103392520806,0.16133811498035772,0.04473265331369573,0.028025210952974833,0.04878475429287866,0.15787737418994727,0.13645729316592656,71,False
152,0.11446399758597559,0.2194339115436462,0.057639875579615515,0.01610982283240348,0.18298160690813228,0.04344986829491821,0.046685051193429396,0.046481243616701945,0.1352937942795761,0.1374608281656013,71,False
153,0.11302987500855358,0.15244116322746337,0.08219888280654508,0.059333446960025016,0.18481349508358946,0.0057559214793896935,0.031100095449807772,0.058516611217174434,0.15426373546520625,0.15854677330224534,32,False
154,0.11236016760043381,0.20594012855437663,0.07856132781457935,0.03424540849686108,0.1658363202039542,0.047722644415709586,0.039952150832590176,0.048474382682653326,0.14424643097853873,0.12266103842030325,71,False
155,0.10936068196540884,0.21491570782467634,0.07510450361138674,0.03157107835442679,0.16964465256030561,0.029822897246016868,0.04288255262888407,0.04073704447617506,0.14505149700271477,0.14090938433000497,71,False
156,0.1073508204714369,0.22896530170350213,0.07334647492442394,0.036398231862227494,0.17599472522670098,0.021099007254102096,0.021978644901351728,0.06322450697377972,0.1381789597508659,0.13346332693160906,71,False
157,0.11423022140060399,0.2296732571076054,0.07677188338383595,0.023944550539509276,0.18429213959374677,0.052200307290069414,0.041271939984833375,0.022187088081883622,0.12676789110215608,0.128660721515756,71,False
158,0.11965831904868332,0.23059739206260593,0.06698072843075364,0.033535072849844756,0.1718043116476385,0.038478624253699245,0.0472189734105568,0.03982598957319713,0.13043190200557725,0.12146868671744343,71,False
159,0.1190379523149995,0.21345367694274597,0.06621746605630308,0.0348638738300159,0.189351879067156,0.032422691614855996,0.030988424664799286,0.050230448816174944,0.1432984789506842,0.12013510774226506,71,False
160,0.10186729983149832,0.21477863044322423,0.09139642242870442,0.029924869077201266,0.18245671102348202,0.048293417082281215,0.029906760929775306,0.02847679076018615,0.1488592776505554,0.12403982077309159,71,False
161,0.13052585408651057,0.1819317312198227,0.08069974548901077,0.060791390158628646,0.17069412131273687,0.015393484702239672,0.04171085083732104,0.03274754263619333,0.15839663956548047,0.12710863999205596,6,False
162,0.1189698837883343,0.204258782285545,0.08841421177702334,0.024350159537779845,0.1631517700561137,0.05321909166873187,0.03992213544305527,0.04155731392127402,0.13525095566527384,0.13090569585686881,71,False
163,0.12202046646580196,0.23308721018756573,0.06613716004946248,0.034213665458314405,0.17993227842694695,0.02733630577650158,0.025167889978669984,0.03822521925843081,0.13620523261184547,0.13767457178646075,71,False
164,0.1129165760754342,0.18021609683261872,0.10007440474921324,0.060459765456194636,0.1861695020594585,0.013586222058835926,0.03080937062006811,0.044494708655777065,0.14298395907528225,0.1282893944171175,6,False
165,0.11625586587890013,0.2138113325370048,0.06415424120309163,0.040713797845179076,0.17235854195931777,0.0376737608795097,0.03636376580362269,0.034256726570865356,0.1406667249489891,0.14374524237351977,71,False
166,0.11604693151535306,0.2199124389412753,0.0692296784595589,0.015855835890591374,0.16691191561919874,0.04813953118460016,0.02827464214989369,0.05053085928802351,0.1400145731103989,0.14508359384110633,71,False
167,0.09915611839442334,0.21026369992236843,0.07677291451680195,0.03831155877028293,0.18093613543366996,0.05425329605311382,0.037795452930555404,0.03289635870385913,0.14263173620911523,0.1269827290658099,71,False
168,0.10957512712942377,0.2231237540012183,0.08909403694749504,0.0347989644033381,0.15560201127256829,0.05298680667664101,0.019833910827858545,0.038141258601433026,0.14030292306849526,0.13654120707152867,71,False
169,0.11490728760909992,0.2196439681756289,0.07210634782051209,0.028865270310350768,0.16177025698901076,0.04690615365583191,0.026466880964657408,0.047928990411662084,0.14486195130866047,0.13654289275458567,71,False
170,0.12692842399856705,0.16705602110907408,0.07242115768749748,0.05263610913766832,0.17962909028779533,0.016990265852783636,0.03562484288085715,0.046036911673093865,0.15687815055784796,0.145799026814815,32,False
171,0.11231513587778029,0.21211514032293982,0.08251888894088041,0.048022790118126005,0.17486624809376755,0.035894277308148384,0.021215098731529283,0.04410527212103221,0.13285049840757485,0.13609665007822128,71,False
172,0.09438861856564787,0.21273260800100152,0.09369259927123028,0.022302786582587768,0.17433386966171094,0.043214028616884136,0.03866670000815671,0.050976307569647945,0.15112630172947947,0.11856617999365328,71,False
173,0.1105142857363882,0.2049487654418482,0.08454727884170703,0.024097747211107395,0.18122215272891298,0.046649289528734206,0.03330484253696922,0.03739762578032896,0.1460350399573804,0.13128297223662333,71,False
174,0.09730948199727556,0.22206966245554022,0.08954516798543442,0.016610405932680147,0.16089280959050511,0.050145246647661415,0.04522168051006696,0.03152666941137722,0.14359730827336917,0.14308156719608972,71,False
175,0.11218316651037737,0.2201797049201047,0.06935124172738474,0.026335911995445476,0.17113724524114815,0.06523897569091279,0.02985322325464882,0.0433948885455291,0.14371206176264972,0.11861358035179909,71,False
176,0.11296271076567417,0.21140304621899889,0.08550611954697028,0.02455885301074884,0.17512682170632352,0.04812912498240168,0.04017956656657677,0.03296435912259983,0.1432505843845996,0.1259188136951065,71,False
177,0.10266583038067834,0.20753827210028666,0.0749989138602435,0.030705170403517546,0.17703048128621976,0.05320997383838741,0.02915395980928819,0.05148137607570895,0.14776684610975244,0.12544917613591722,71,False
178,0.10984017370923486,0.2193800033815978,0.08025631006590835,0.0279194121212346,0.1692532611153181,0.0459731625626382,0.040518001542181735,0.029560918778734492,0.15063782188696864,0.12666093483618315,71,False
179,0.1137101796202942,0.23014892754174784,0.08716837815971991,0.02884229033246968,0.16397108090915624,0.03778559356981269,0.0458171752172526,0.057103811595344396,0.11745974537241755,0.11799281768178495,71,False
180,0.09983463100693231,0.21714819750065426,0.0712913449661302,0.04823368837496259,0.18437397784540394,0.047541155203986205,0.0399647699424166,0.02926407644309487,0.1272226670332572,0.13512549168316187,71,False
181,0.09495133448660352,0.19598119613747925,0.07842201842647019,0.04166184177734864,0.17874922937819948,0.04528298936172769,0.01766275509730298,0.07081268748129732,0.14420472881613905,0.13227121903743197,71,False
182,0.1213650735732489,0.2151484660236842,0.08451654676240085,0.017026590392599458,0.18177091733263212,0.04599106228843083,0.02545547369592263,0.03715145746897525,0.12580009075668355,0.14577432170542218,71,False
183,0.10408689654262243,0.22303452903982066,0.07056197334900159,0.0375023308805024,0.17983389302384414,0.045961561145984604,0.02412623921711824,0.03819340638955793,0.13964332869118296,0.1370558417203652,71,False
184,0.1040748181589223,0.22247310640542947,0.08917115057273058,0.018661017740560424,0.17619430641189393,0.048249311678045026,0.03547700829389973,0.027408812054336554,0.14412905492034456,0.1341614137638373,71,False
185,0.10123480050295001,0.21144850304241258,0.07805095648458557,0.01965439786483505,0.16124692234214422,0.030978012963275174,0.0659211098082375,0.04725748169214335,0.13793533482342274,0.14627248047599367,71,False
186,0.10690801333664862,0.21650647839117845,0.0759877076597119,0.017553018623434034,0.18195114005820687,0.053263455323978824,0.030799798943638268,0.026445057201946946,0.15236025419347973,0.13822507626777628,71,False
187,0.10778663787965083,0.2252191940695411,0.07936845037440445,0.016814184967303133,0.1761437375459278,0.03601676836526005,0.0378934542629959,0.03580198250311097,0.1477485753666267,0.13720701466517904,71,False
