ID,strat_res0,strat_res1,strat_res2,strat_res3,strat_res4,strat_res5,strat_res6,strat_res7,strat_res8,strat_res9,ancestor,alive_at_end
0,0.2194874593395944,0.011863352721951614,0.06665363796368395,0.08132151916181833,0.13815269102815952,0.2986946228499182,0.10983667240290486,0.004322079220675372,0.04309719665191247,0.026570768659381207,0,False
1,0.21772904452019243,0.0,0.061313364222581455,0.08738342435782649,0.13938827080682326,0.3066972267578997,0.11072063657847522,0.0,0.05631772190893787,0.02045031084726354,0,False
2,0.2259541365008814,0.0,0.07029517661863365,0.08485676540455363,0.12328102012866442,0.3099336489159907,0.11146702518129925,0.005826005436745558,0.05459089100666895,0.013795330806562481,1,False
3,0.2338222243612995,0.0,0.06282371923421348,0.09804054607596666,0.12075708036047209,0.31784389751004005,0.09795435123884198,0.0024688556243371703,0.06392333258233343,0.0023659930124956354,2,False
4,0.21663157024849675,0.0,0.050074461900812814,0.09880041601924675,0.14517901356973387,0.2968722911017405,0.10385279298287366,0.00849913379954187,0.06514571013648977,0.014944610241063966,1,False
5,0.21888811625851082,0.0,0.06579636239812668,0.08246388907479002,0.11447791767537045,0.33440831046977604,0.10921393534194035,0.0,0.055279203325033575,0.01947226545645209,2,False
6,0.21755475331481341,0.01547372586442478,0.06097400102450294,0.10274255752511467,0.12602899633071035,0.3035406980881068,0.10951787208177616,0.0,0.05172530523610144,0.012442090534449234,1,False
7,0.21209660178507359,0.0025620344817128137,0.07294767205489222,0.08580992644576295,0.13756290675348085,0.3144573586834162,0.07976750300262349,0.010447605601195316,0.05650965094105659,0.02783874025078608,0,False
8,0.22666654412927562,0.0,0.061669542660405634,0.08473260785393723,0.14220841397271677,0.2657984903006905,0.11379294784604382,0.00453196302128971,0.06188499808125654,0.03871449213438407,4,False
9,0.21641405632213326,0.012241768024179525,0.0700365612126956,0.08168391455513267,0.12333940554208121,0.30448359702386296,0.10874642703975354,0.0,0.04326519160454964,0.039789078675611524,0,False
10,0.22304533536337548,0.015859407547210647,0.05654047621486769,0.07120978309418792,0.15299659390001913,0.3005256678391888,0.11344924788249054,0.0,0.03981508307771569,0.026558405080943995,0,False
11,0.22609481943172371,0.0,0.07343652457345486,0.07994148630249963,0.1223606613970082,0.310256027682025,0.11240857234173254,0.01309493216510789,0.062406976106448325,0.0,2,False
12,0.22223178460034834,0.0,0.06776986621239382,0.08800784142052236,0.12203316952416196,0.33641976309020066,0.09513057373205502,0.006376572977735183,0.05792182139396535,0.00410860704861724,5,False
13,0.20667456910669035,0.02383393335448747,0.06320110298562742,0.08639044135709328,0.13839065340520967,0.27796005137901914,0.11039481942246707,0.01767957233238402,0.03886612409409024,0.036608732562931214,0,False
14,0.20979883183892092,0.005360550653602576,0.0734663951738193,0.07842483050902253,0.13401973219211732,0.3217681714746181,0.09972573625151299,0.0,0.05224106928749639,0.025194682618889783,5,False
15,0.2175922287768157,0.0020026763275189257,0.05233168998867539,0.06607247367920031,0.13516438421249885,0.31117087769072943,0.11259079327201198,0.021790947637400925,0.06452526793131792,0.016758660483830658,4,False
16,0.2162889975417249,0.0,0.07657281925890452,0.07555956413030084,0.12352720804856608,0.31663298743072327,0.11718446363017995,0.008134382990650484,0.05005837977072355,0.016041197198226463,2,False
17,0.22219907755893312,0.0,0.0536735313048338,0.07018568246301946,0.12007638278960542,0.34865398272003434,0.11722103260796923,0.0006149614025449362,0.0493456196596803,0.0180297294933793,5,False
18,0.21418775751308197,0.0,0.06385716357952075,0.0646307422073787,0.10658309221553879,0.3300497176177956,0.10877503114545914,0.0,0.08009747035842195,0.03181902536280308,5,False
19,0.2021261055363795,0.022293016874365225,0.05562042198627255,0.10250037250436614,0.12574766348403935,0.29049502622208084,0.1133275439692912,0.006031967393001582,0.05740380150119841,0.024454080529005315,6,False
20,0.20575925239816817,0.004183902031390487,0.05792408384012681,0.09134569602399335,0.1176205653389616,0.3315549214071582,0.11747863079870155,0.0028161699985767667,0.07131677816292298,0.0,12,False
21,0.21555861048983857,0.0033838982155067715,0.060152173390191084,0.09250646388675719,0.11540168980591684,0.31955309987204844,0.11073222872184303,0.0,0.0633828025434892,0.01932903307440888,3,False
22,0.21216089258476292,0.014968775092944774,0.04092781649494952,0.09415876129228373,0.14717207071345306,0.32017272988309486,0.10751339719320104,0.007424331823049493,0.05550122492226061,0.0,4,False
23,0.20139649881075636,0.0,0.07348037026102408,0.08653315940443007,0.14710784283208322,0.2921643642611542,0.11479755898152713,0.0,0.07299766561445199,0.011522539834572834,1,False
24,0.21179114991485748,0.03122342086318989,0.06310201359947087,0.07083589973778442,0.1276537005638469,0.2836751207509569,0.11879128753079056,0.015296952402870559,0.05157988362598167,0.02605057101025069,0,False
25,0.2107612219623243,0.013648129265821748,0.07940992407162571,0.08177431198428525,0.1254517019223687,0.28323450299976505,0.10361803248030453,0.0,0.05671475542324917,0.04538741989025562,9,False
26,0.2089553383957831,0.0,0.07253822443222309,0.09844772754384046,0.14192039200805803,0.30831697962410004,0.07733374075992566,0.01030455304115812,0.061392882572633166,0.020790161622278397,7,False
27,0.22832950393260779,0.0,0.0551882077765437,0.09625416331998736,0.14142119834966388,0.2832194817670119,0.1255277588419077,0.009591222528073486,0.04346471124119048,0.01700375224301382,1,False
28,0.21384271108197606,0.0,0.07154405488068312,0.07054761604932658,0.13518029303651521,0.319795599419792,0.08197040214555146,0.018114674642114793,0.059077824221284804,0.02992682452275596,7,False
29,0.2212256584064266,0.0,0.04214122330681679,0.08850700097046889,0.14408520173244624,0.2692151737939245,0.10691804827709314,0.004946947279641767,0.0792586139123355,0.04370213232084655,8,False
30,0.21737819172399006,0.00662997794059342,0.06591994158411629,0.08179939912784295,0.1280253750390522,0.28115709519903476,0.11843855038441307,0.00857338282525242,0.05375025053934757,0.038327835636357235,2,False
31,0.19627316699390038,0.0027792899168543545,0.061840324187939964,0.08375046077367355,0.12114908917332887,0.3181669658311135,0.11739971285825757,0.0,0.060997642326403784,0.03764334793852804,5,False
32,0.21306414065535947,0.01677580970591885,0.06580856990120551,0.08378069686978097,0.15234946399469257,0.2869316648955712,0.11345182949374541,0.010974884576840423,0.013669635338508535,0.043193304568376896,13,False
33,0.20056190590995968,0.01176866997112799,0.057195048510218484,0.07446874454571784,0.11543186762869212,0.3390072689102004,0.11750331042821788,0.00048165405779308686,0.06104892920253409,0.022532600835538548,5,False
34,0.20936450779951718,0.006622408145704816,0.05032711472663189,0.1088878509137136,0.13504006072481226,0.3145349580395362,0.09742510696662941,0.013547579152670134,0.06312013588196828,0.0011302776488162096,4,False
35,0.21408685267375696,0.01086570021925732,0.05409019867810783,0.09620405750710914,0.15543555875005083,0.31074298969556385,0.11347516152748961,0.0,0.03982452474402717,0.005274956204637326,1,False
36,0.20456208165014636,0.0030698387557089183,0.05576542057555975,0.11181711750115404,0.13548960619743186,0.2924056416907124,0.11090781571834411,0.00037185322397699543,0.07561548786482238,0.009995136822143041,6,False
37,0.22919976979930282,0.009790232420670349,0.05609987696859618,0.08992595906887783,0.13901116794411866,0.3074753094025819,0.11764834248187554,0.005627672840377186,0.045221669073599584,0.0,2,False
38,0.20608688156731997,0.002776762950584475,0.07549599299617513,0.08480235352137039,0.14171604395548737,0.31845510383885034,0.08101034582772002,0.007509021271976077,0.06195764165576824,0.020189852414748022,7,False
39,0.22077210383278795,0.0035646907285880494,0.07704083568649997,0.11473650280143946,0.14081699876833909,0.28679333872715385,0.09463444631385005,0.000651408916876425,0.055336165919815175,0.00565350830465004,6,False
40,0.2059980468512813,0.007747971734492962,0.09234422049580197,0.09344352107380366,0.14193760297485652,0.3201760056078649,0.06673084228558522,0.01127349226529511,0.05780622153015432,0.002542075180864031,7,False
41,0.20837110372479092,0.019864494515665097,0.06158739406423824,0.0829896861121203,0.11775706920958055,0.293143582694725,0.1331127418229548,0.003075452139595958,0.028878668697914733,0.051219807018414415,9,False
42,0.2307915723425604,0.009445173294828442,0.04986665170015671,0.10571533376286513,0.12178503803777838,0.3029416115823755,0.11637758171165387,0.0,0.061478396633903504,0.001598640933878067,6,False
43,0.21962291065825323,0.008457145998251066,0.029339638730048165,0.09215669309377879,0.15177199108631728,0.2938641578419626,0.105015586633275,0.004857261482923164,0.06853834216314027,0.026376272312050437,4,False
44,0.1891121845651783,0.03436345579007499,0.07535944696954464,0.08081421499731886,0.1345541711109099,0.2674432713433614,0.12666484797073332,0.022504400015790578,0.040213071144182294,0.028970936092905884,13,False
45,0.21427816293298388,0.0,0.06178701934384388,0.08007499800772672,0.14769723691241873,0.3020297114718942,0.09995909636409049,0.0051406533524082755,0.07297674399200058,0.016056377622633296,1,False
46,0.20160636916651134,0.006523172991090335,0.07556045479477004,0.07946083722005996,0.1480549640472045,0.3186877073115056,0.06497151329294637,0.010580302872243931,0.05962093343172027,0.03493374487194766,7,False
47,0.19665223507523713,0.03098328858338891,0.07141412141141554,0.09026192271032238,0.14577603928772817,0.25894430843395017,0.10306718547814632,0.02192156126816127,0.04189862950341797,0.039080708248232114,13,False
48,0.21157908461260028,0.016247906695809146,0.06371484771756535,0.0712815416222964,0.1511240466786382,0.2914649624360369,0.11112653812210593,0.019649013125561405,0.022866168583369862,0.04094589040601658,13,False
49,0.22652081603556296,0.005934831867176898,0.050421541236970256,0.10167256546161356,0.1233193747921506,0.297199762916501,0.11040642204542712,0.0,0.05102571391057946,0.033498971734017995,1,False
50,0.20596580836395417,0.005476977875079652,0.058178345593300096,0.08510920974303923,0.1299208336574501,0.31574239159340806,0.08406114954426193,0.012986336824427371,0.06300464374958563,0.039554303055493734,7,False
51,0.2123615425428774,0.01069137191239695,0.06491721993257948,0.07075192052091245,0.1355894421373522,0.2985427838105504,0.1252458999284377,0.0,0.04594598153345577,0.03595383768143773,0,False
52,0.2080027132001972,0.03341890192214686,0.06283657516064338,0.0828574912159554,0.11783038000599845,0.278703216176239,0.1208368786927277,0.0032537043394883793,0.06083983177656225,0.0314203075100414,13,False
53,0.23238679233111734,0.009103556339207706,0.06560863437084564,0.08368489935674209,0.13021175212693614,0.2932362693398943,0.10500556051158985,0.018172012317612427,0.0513974089144151,0.01119311439163953,2,False
54,0.20286172914600265,0.01953366314239178,0.07894398676980385,0.07008549469775437,0.13262260341439297,0.28505024377432564,0.11466134549525372,0.032423650615880706,0.04115268038819066,0.022664602556003808,13,False
55,0.21456637032964185,0.02615863143380453,0.05759661262484973,0.06401423728295931,0.12216567767142796,0.28581344302237016,0.13797207739860307,0.026401225263407546,0.03781030571745331,0.027501419255482554,0,False
56,0.21092883875459187,0.03196316840157189,0.059290623461808335,0.10674950210638035,0.13426171396892161,0.2553146436364194,0.11778681841506142,0.029015381683122465,0.0389924633737847,0.015696846198337937,13,False
57,0.19389128279311535,0.02569987433864284,0.08567470408403084,0.07909319427350751,0.14742433968209667,0.27849803419334945,0.11288762670197271,0.008169512067987269,0.03639232673442085,0.0322691051308765,13,False
58,0.21707028149148289,0.012258334092335803,0.05553890681422938,0.08309719277506086,0.13369666030348093,0.2764294640431274,0.103391149380079,0.04475895070623326,0.03779460829806154,0.0359644520959089,13,False
59,0.2138098389551316,0.0011819858189511866,0.06722271158545907,0.08843525174922656,0.13174748618086018,0.30285274062266754,0.12737112437085238,0.0,0.022662147080049447,0.044716713636801936,9,False
60,0.2062232039770019,0.03812679691421355,0.058257640293103166,0.08054048062165181,0.14550077643795783,0.28477423836296484,0.11211725424061023,0.004824513890660943,0.03212885966958914,0.03750623559224669,13,False
61,0.2003645759616915,0.013361174188876711,0.07936877417582623,0.07922900338270303,0.11914770199766792,0.27740398278236084,0.10588675677014703,0.04177365226567984,0.04583571177871187,0.03762866669633489,13,False
62,0.21202909450696017,0.014148838574772627,0.03914559401193857,0.05915413546786801,0.15105837533003857,0.30723326474406637,0.12485869792195646,0.014457594781365296,0.06304671103334443,0.014867693627689397,15,False
63,0.21077227504009327,0.04139872279526503,0.06489418801236659,0.07947238479744453,0.14289569673511074,0.28087321252778147,0.11878317570317856,0.0014391376485927464,0.03480600522576431,0.024665201514402612,13,False
64,0.20703482614240898,0.01920087953278177,0.058113613052639734,0.0979146105264167,0.13176201754180178,0.2651777124730452,0.1124877140299591,0.028176225174012026,0.035586597526059534,0.044545804000875294,13,False
65,0.2138711470903512,0.02728875618671934,0.0610244738969697,0.0783647923984036,0.14325695364416097,0.28245763966207366,0.09500910289520219,0.017106060103404343,0.037277276038937456,0.044343798083777475,13,False
66,0.2206754071983774,0.03032907108528111,0.050987983752945984,0.07857550065439652,0.13555361038330502,0.2780050562330483,0.119518246686736,0.024195006656523424,0.032304629833475006,0.029855487515911345,13,False
67,0.2146252564889881,0.028836938994480175,0.05122002574687702,0.08503830621137898,0.12074369309046311,0.28092704645082994,0.1278109295967503,0.0214096235031452,0.043566576950763304,0.0258216029663239,13,False
68,0.20144428719508672,0.034162706494346745,0.04416730539514276,0.10306011418498869,0.134923114524891,0.2800598602956803,0.0917163985576603,0.022214181418818164,0.03881012299951348,0.04944190893387187,13,False
69,0.22322851348727765,0.01917699705404672,0.06639963150198155,0.09436144031893409,0.14807671955844268,0.2624825748180389,0.10580847368142095,0.010592052206197265,0.03255547441044379,0.03731812296321634,13,False
70,0.2043430258401066,0.03578660422347563,0.04129004980896287,0.08293147890847884,0.1604223727766483,0.2744277520467473,0.10919632009921287,0.008355458018422855,0.053396801365338295,0.029850136912606445,13,False
71,0.22134573127934315,0.008195503564152233,0.055471278029131606,0.0889526322967035,0.14637434080557418,0.3000663926790563,0.11399566601710633,0.0034025460306772877,0.03468815562928335,0.027507753668972148,13,False
72,0.21163055647261686,0.009875893967734176,0.054118681367892045,0.08291437842068307,0.1522276620363155,0.2799999457996373,0.09869475354038632,0.03126011964578531,0.03078596900823367,0.04849203974071581,13,False
73,0.21801031423820455,0.030252349917457035,0.046660066309209304,0.08290440431847945,0.15692473563156084,0.29960911323094014,0.08322053290038883,0.0,0.04304349422785636,0.03937498922590356,13,False
74,0.2166339160235482,0.031770359228903755,0.06933334231375078,0.07806914721092864,0.13318737309498446,0.28166796531964317,0.11560697404473995,0.009839624802554977,0.0385791315958767,0.025312166365069465,13,False
75,0.21509555150124177,0.019670101605567716,0.0644173774777898,0.07828824311394997,0.14377080567787498,0.30004487679859176,0.10371250901352858,0.010338337427823372,0.040880081100751205,0.023782116282880853,13,False
76,0.2117499435228214,0.017203013461661417,0.07357777402121828,0.09560504122181343,0.12898444611714804,0.2813305898358669,0.11223703496199167,0.02009272281311478,0.03608022627782419,0.023139207766539806,13,False
77,0.2113078120182191,0.02785201769422336,0.05759043523838147,0.09036304237526828,0.1403194539737865,0.28609152947714767,0.1081548086642677,0.00772457014103082,0.050511128813910844,0.02008520160376433,13,False
78,0.19823475803476145,0.028878499632756446,0.06586740218102088,0.07523977971142735,0.13533436757843967,0.29241752697586043,0.12497899434503448,0.008240386944002937,0.045612526857246635,0.02519575773944956,13,False
79,0.20415392716627095,0.015852653797639518,0.06435792863475072,0.08542396065656159,0.1403748025638063,0.27964041342625146,0.11241303821749232,0.03705488174730963,0.028938311821381454,0.031790081968535985,13,False
80,0.20189458969684632,0.03456071033050943,0.08052572808386618,0.08208767873161016,0.12756093654424314,0.2773588790617019,0.09648735950366774,0.01425903048183956,0.045819923963042276,0.03944516360267329,13,False
81,0.20738753373092944,0.03616852579031454,0.06815928487668604,0.06591372652663202,0.1502441001556761,0.27625110027717403,0.103975897752548,0.014650832252299928,0.03895302547488954,0.0382959731628503,13,False
82,0.20028706104718821,0.0191005082571165,0.08207013360693007,0.060316462771574736,0.1388503926530968,0.2790604903492968,0.10532877566422187,0.03751525314400726,0.041524376285681716,0.03594654622088594,13,False
83,0.20887101117712847,0.0,0.06965229530930053,0.07611316849180594,0.11301717118693091,0.3123854897977877,0.12034289043413528,0.0,0.057172039042276454,0.04244593456063482,9,False
84,0.18702364298043517,0.03534025203907487,0.05933837458778472,0.09076656136153807,0.11358451697353136,0.2778753698647814,0.12041128508457148,0.022113529818904323,0.04386184695781134,0.04968462033156718,13,False
85,0.20316346536399,0.026823373244287133,0.06540977579184432,0.09137323521844605,0.14285544755593296,0.27580733998457474,0.11694418241791715,0.009902079985415074,0.030815283379352274,0.03690581705824021,13,False
86,0.2091559078799638,0.006896620315215604,0.06979332421233005,0.11292307496008132,0.12895991510303328,0.2865929559398056,0.10377433651478644,0.0,0.0626132013761302,0.01929066369865352,4,False
87,0.19800965891118805,0.043127958324351436,0.040239369979719046,0.09089297745721472,0.11773482636473712,0.2827367361238582,0.11596525316282996,0.016764008767121075,0.040713667479639115,0.053815543429341334,13,True
88,0.2131849097011543,0.03321113622053377,0.07069268445391638,0.09137600350805382,0.1287821469666295,0.2768289492900046,0.11070367512487433,0.017416995668228984,0.022163497538351614,0.03564000152825258,13,False
89,0.20422165639339301,0.0198270584962273,0.06055809335479583,0.09497618763161955,0.13500430833380672,0.258729950502545,0.10997157600434011,0.01838128164019713,0.05163045159972059,0.046699436043354664,13,False
90,0.19517735468651434,0.02894554987067334,0.0713416531647261,0.07297692720652542,0.1463483810040205,0.2749745669493174,0.11243449936367761,0.006454456120216856,0.043761717013722556,0.04758489462060605,13,False
91,0.20008479180259287,0.024354228658099802,0.0651288411477526,0.07753078008140211,0.1309944780987235,0.2863778126609374,0.1121505969987639,0.027429273489004594,0.027546777395196332,0.048402419667527015,13,False
92,0.19844264807800627,0.01656726162492855,0.06265131323442359,0.0805042661157033,0.14243196869435193,0.2853267867939519,0.11890192603701798,0.001519056463392576,0.05040547286700349,0.04324930009122043,13,False
93,0.22246076845401447,0.014226271880741518,0.04688728610432767,0.08635371741614103,0.12787799482366513,0.27880674324528326,0.1290137171210971,0.006890662874326304,0.03304348413105017,0.054439353949353335,13,False
94,0.20629048961952923,0.009346280939668928,0.06753128482043005,0.0706798901986724,0.14120276645557403,0.3031546551420947,0.11357815788304829,0.015786297287847223,0.03954698445892756,0.032883193194207565,13,False
95,0.20900576491783796,0.02020561416793335,0.07014598602150968,0.08399442623515573,0.14701482549372513,0.2625591242329102,0.13523147349480716,0.006708305805396817,0.03496316631674033,0.030171313313983646,13,False
96,0.20198848547546988,0.014589585012292239,0.052305860284935494,0.08803927587700842,0.1404757305085238,0.2883715737854211,0.11380052874804077,0.0,0.05671029885187786,0.04371866145643037,13,False
97,0.20730476702791698,0.030187205745185266,0.059831212556307,0.07807596953340347,0.13707993651688563,0.29487716979171974,0.11860523993183679,0.0007826659364584218,0.03253407152541579,0.04072176143487092,13,False
98,0.20915456585121728,0.02771150496070713,0.06689498849455411,0.08518536553264715,0.13705489240404767,0.28731996763286743,0.10894401566271904,0.010372327573398248,0.0338802065388166,0.0334821653490254,13,False
99,0.20273460946880484,0.03341636585940949,0.04772832615472165,0.08472935602825747,0.14264806950422335,0.2582610696585261,0.10722419615684652,0.03241359958167425,0.06740543816977031,0.023438969417766,13,True
100,0.21379739856416807,0.030437839141313962,0.07463791904131119,0.07892380817195167,0.1276098692239922,0.26550685388881684,0.09931436949192735,0.024569510455315094,0.04110046681277269,0.04410196520843099,13,False
101,0.2036968731432094,0.015227920294349658,0.06716882106441235,0.09389866313076788,0.13371209428738826,0.282404303105812,0.10820379718897298,0.01865990884569916,0.040311502196922935,0.03671611674246548,13,False
102,0.19916456635593466,0.020996605125316405,0.05973032288211012,0.0908949080415812,0.12843675575358135,0.29178897250533536,0.1215449184084511,0.013602968283987221,0.03780002508094636,0.03603995756275629,13,False
103,0.22629381643105959,0.029761154104720855,0.06057282330449991,0.08675137277487924,0.14451068058513208,0.28475961816179335,0.11109548260305302,0.007203660630022454,0.017113875108386554,0.03193751629645297,13,False
104,0.22834031184642292,0.01288520065730258,0.05846294469067341,0.08410424952805062,0.1295654490010112,0.28219533545612535,0.11670018308689502,0.017951936315082368,0.03544906519298721,0.03434532422544937,13,False
105,0.21603102733158186,0.010190708864070034,0.06945092528256276,0.079529761231931,0.148884126254798,0.28150045360665527,0.11339200014862852,0.007293544129279327,0.0472810215485253,0.026446431601967826,13,False
106,0.19363778393968675,0.020456136536811515,0.06848873861819962,0.08566923035806134,0.1378533740300053,0.2613664963069975,0.1325746018196763,0.02936699571178509,0.02989096669830831,0.04069567598046833,13,False
107,0.20611488347517487,0.023701562460101355,0.06902968998261463,0.08917199294751098,0.14854820912709604,0.2669996601511404,0.09913543601455023,0.027559559489992756,0.033472827343238545,0.03626617900858017,13,False
108,0.19393283556430208,0.02475716331798084,0.06976568318253026,0.08337126476426196,0.13427724700875773,0.2765591484940239,0.10526163928297276,0.037145027786934036,0.028082744652458243,0.046847245945778104,13,False
109,0.18411887104866684,0.024927416926574616,0.05773841418772954,0.09329501231001473,0.1387562031563236,0.274794464112332,0.1213667774408596,0.0302880469367306,0.02721182891651312,0.047502964964255455,13,False
110,0.1826325171523134,0.02346960936168637,0.07637919376496859,0.08905425161513457,0.14427831283152492,0.2689414347607389,0.11258618717178236,0.024522836847453378,0.03498514048348929,0.04315051601090809,13,False
111,0.20674293245306394,0.02690452167072381,0.07055024572043543,0.07501460499810098,0.125216247605495,0.2686143357278323,0.10358487569873362,0.03769302970193292,0.03406467246648069,0.05161453395720147,13,True
112,0.21912294410473807,0.016784381430152238,0.06812876570395517,0.11259800416883303,0.12940900180111198,0.28383387009346345,0.1044194728395252,0.024570932952732015,0.01629325621927499,0.024839370686213832,13,False
113,0.20211541166070945,0.03452434530323783,0.07107335342186248,0.08041278391104746,0.12522397431781876,0.2739038796479412,0.10959304319712194,0.01772269250607994,0.04154236481058748,0.04388815122359335,13,False
114,0.19673929354282227,0.018506342828241228,0.06149093960241936,0.0959457722326801,0.15111340121735473,0.2718526970216481,0.11746444509046824,0.011517535787349289,0.04115608614929595,0.03421348652772082,13,False
115,0.21597951572108579,0.036045542902994984,0.06884422650229703,0.10245689985709526,0.10530220418715942,0.24926161498026483,0.11651272366101582,0.002615438082463169,0.04732359471659894,0.0556582393890246,13,False
116,0.21337730566161137,0.028292466277246152,0.059165954580538846,0.0685865801522715,0.13792533822662795,0.2785812132542589,0.10439318286794078,0.04253413701642616,0.04151637704586,0.025627444917218495,58,False
117,0.19915074580949677,0.037658759630743166,0.05786249114890047,0.08808257756277205,0.1392003778711423,0.2790427757906411,0.10337167032210597,0.01803821497222543,0.041788865910245235,0.0358035209817276,13,False
118,0.19944494730316287,0.01084352656729499,0.07014779729517095,0.09132817587238787,0.14138839095463063,0.2717312158630123,0.10248921873518727,0.04784820031737027,0.03199909064361742,0.03277943644816552,13,False
119,0.2044175209622661,0.014861046159065165,0.06963502726710884,0.07977695518561595,0.14722618635980636,0.2938941321250956,0.11136776144098219,0.00906575959070257,0.02503810407185171,0.044717506837505645,13,False
120,0.2152830270542967,0.026716312882686232,0.06466366486600922,0.07983670716459991,0.12878497471512407,0.28807829155979464,0.12065766319271198,0.0036496731219764493,0.04486954822124538,0.02746013722155537,13,False
121,0.1935585926194915,0.021207434476880647,0.0688169734785785,0.08553189066319765,0.12728140045333555,0.2641011634196302,0.11004085817455793,0.02563914288989465,0.04389347001004502,0.05992907381438826,13,False
122,0.2035078976562543,0.027305842532669853,0.06851213828593036,0.09527737285358052,0.14277447243926816,0.27661053052205853,0.11379236194259826,0.019798019862181014,0.02552222163632567,0.026899142269133317,13,False
123,0.2091990349423254,0.0,0.04175726484386372,0.08802474415319328,0.13547095852246693,0.29021432903651784,0.11374100380222828,0.0233701110550998,0.05240052795380642,0.04582202569049839,13,False
124,0.21490012618827234,0.037602559795265,0.07071762130388924,0.10345834163425978,0.1317053719800974,0.24195399643087345,0.1113614366077791,0.03615672659231391,0.02676401497022672,0.02537980449702304,56,False
125,0.21192375206918515,0.025991815443743228,0.04729320013426075,0.07718661689037286,0.14435322176629412,0.27271129447365267,0.11141808050519149,0.010811305376155739,0.060676290289806624,0.03763442305133747,13,False
126,0.19960663120540806,0.013817983020111424,0.061061984551315306,0.08750345943667957,0.1615510871811765,0.273043659943577,0.0998718175688736,0.03159766400286625,0.03544495825051962,0.03650075483947264,13,False
127,0.20364787885937094,0.0182741638594163,0.06489288138028504,0.10124486223532628,0.13922169263125841,0.25921764474801207,0.1090479560395842,0.014718782437589041,0.0466700023362289,0.043064135472928734,13,False
128,0.21256110576086226,0.018211538761515787,0.08886865080122328,0.07433196111442672,0.12308313038387299,0.26974135130946536,0.10183905433864354,0.012633613816798355,0.049906407385192954,0.048823186327998765,13,False
129,0.21983901144352794,0.014648650902619374,0.07147849167243432,0.07896482130883274,0.1434337969069384,0.29250548091508427,0.11725779855496278,0.0039849912032981554,0.02489587249576875,0.03299108459653323,13,False
130,0.20793397904901356,0.03718042740470677,0.0657019122684367,0.10682151896091453,0.13070211905742327,0.24821588277533466,0.11621403792940392,0.026639669616112055,0.05891262835187573,0.0016778245867788335,56,False
131,0.20000009345337313,0.03097357483163346,0.05791878130738518,0.08870350542599807,0.13897499834238602,0.2961022388814047,0.10450114270919299,0.018489013929996436,0.0396186406766139,0.02471801044201606,13,False
132,0.19586744031838807,0.032537790375373354,0.0576815369841201,0.09414834216903,0.1388277634928021,0.2756440039172365,0.10893652608949501,0.002404321006135257,0.05165398533846005,0.04229829030895966,13,False
133,0.21378232878510128,0.015249315890020973,0.06913942253587116,0.08821392062422885,0.1364118689220441,0.2740209755953096,0.10813508614326002,0.0028120458085889384,0.053618361721272614,0.038616673974302525,13,False
134,0.1855039991990457,0.010782646343810764,0.06545235902657498,0.09137103570670752,0.13708569904316048,0.2624475922174229,0.12082340383161502,0.015572009398747276,0.0652264805912177,0.045734774641697624,13,False
135,0.17658812026170526,0.032745963838310355,0.08198905992914365,0.07269209195029465,0.14070667870035758,0.26793637534455167,0.1312825628748629,0.022607004093276928,0.037201101652331446,0.036251041355165534,44,False
136,0.20339035000373165,0.018677259752816196,0.04405705059156857,0.09809208780477405,0.14152917482987862,0.27557979500160795,0.10972688230018471,0.022932773970485737,0.05387778425225425,0.03213684149269811,13,False
137,0.2106809836057228,0.019814326993478053,0.06531356386170369,0.08476569315251564,0.1389189179497988,0.2584660076834788,0.11359389336639919,0.020285191322992807,0.044536201672679646,0.04362522039123052,13,False
138,0.19423683612331727,0.03740942694048063,0.05981357418204335,0.07478875389212603,0.13601983093842143,0.2771587055340342,0.10431159734139207,0.027554636417560063,0.050313148946566424,0.03839348968405851,13,False
139,0.2014674595622073,0.009834301094358023,0.05877501735907296,0.07289408044956938,0.13770161239904075,0.26572602760680386,0.11298724029924688,0.04915238800964303,0.03599861563470417,0.05546325758535356,58,False
140,0.19858338460291425,0.03249627751354051,0.04934602287978691,0.10115375117795009,0.14750611168184247,0.25959851705737624,0.10747476596839359,0.01907476352049263,0.03257205804147203,0.052194347556231216,13,False
141,0.20129494796102437,0.038971290952434,0.06485429331417175,0.08636740590326743,0.15258756210771718,0.2745980334743306,0.10324072021081027,0.00018320679578798173,0.04520526109377795,0.03269727818667846,13,False
142,0.20737120155229394,0.03898608063568195,0.06536723965703578,0.10923667159779286,0.12543457597362942,0.24914576296833593,0.12943431787466156,0.02364496511404112,0.03466496568433151,0.01671421894219589,56,False
143,0.18407341350334883,0.036319069892987124,0.08651916284299255,0.07876637731727927,0.13041335495682083,0.2863221221162242,0.13916767754625223,0.006812461692449406,0.028655786624484206,0.02295057350716142,44,False
144,0.22971491865869184,0.011318059560165053,0.06103683707256939,0.08268397786674897,0.13474645308858854,0.26898391279700934,0.11358197113721145,0.01638620333411829,0.03807003848966366,0.04347762799523337,13,False
145,0.19116689892229574,0.04326015742869933,0.06435760179613591,0.08700923266645805,0.12905601855556073,0.2648900731727304,0.1286249725000601,0.021390634292481225,0.048627507063614225,0.021616903601964364,44,False
146,0.18855802368726152,0.031503276554700865,0.07246485342373699,0.0920924158655164,0.14810134747064502,0.2682028943715243,0.11351982935921784,0.022634637993002815,0.02652433972652738,0.036398381547866905,47,False
147,0.19901185845985622,0.038325506086148944,0.06778783551352448,0.08313372843781096,0.14448717383241308,0.2744783312211618,0.10392582391770742,0.017518425142461023,0.04184701716786569,0.029484300221050516,13,False
148,0.21367191551152045,0.018102888746106913,0.06773937269190522,0.08555614298488032,0.1279337766140599,0.29294820815215494,0.11497732779604677,0.01422070681715381,0.03784341939048533,0.02700624129568634,13,False
149,0.2108647426217522,0.03211266213519752,0.0472506174551887,0.08543221663192536,0.12812929462877112,0.2665718710897132,0.13124412033850694,0.010210851275565341,0.032632593353066126,0.05555103047031333,13,False
150,0.1967246981642764,0.04682325450816574,0.062116030087516476,0.0849664847543262,0.12295672316815212,0.28282965712238867,0.0880139509441257,0.043577514333646816,0.05254414965280914,0.01944753726459265,13,True
151,0.242678116361709,0.03518077123587657,0.04933608701571235,0.0840022863238648,0.13192203248842618,0.2799288993681326,0.07689222920485167,0.043727460585978366,0.03636258138329717,0.019969536032151184,58,False
152,0.1956236129144577,0.026970740280716554,0.056407933484478506,0.09669313035721125,0.12700776162270896,0.2693116651980973,0.10827538821784377,0.041940117199219064,0.04394095700083916,0.03382869372442755,13,False
153,0.17090579740790038,0.02037931591908718,0.06955818151378086,0.07702857899952428,0.12784619683656495,0.2917618932533428,0.10869893222831942,0.05743561082491595,0.043098957027751204,0.033286535988812774,61,False
154,0.18914538240735262,0.026758804257881724,0.06596842925560892,0.08012042246341741,0.13099160325618003,0.2887299006300543,0.11608904068369211,0.011823108651539276,0.04213259394163408,0.04824071445263953,13,False
155,0.20942926245689988,0.005962806120330622,0.06936090819897411,0.06844921879499569,0.14871352584000433,0.2636168279887681,0.10525424476521897,0.057450418009869296,0.029624769662021093,0.042138018162917824,58,False
156,0.20835733025931075,0.022900783783138444,0.059396471295965314,0.07768071491341476,0.13485714479695657,0.2663503266550718,0.12033557074974262,0.02305362714425513,0.04576141672696434,0.04130661367518016,13,False
157,0.21098743964171565,0.035206291049044075,0.055834686789957184,0.08679876743170782,0.13761353324754805,0.2786513540306562,0.09851287552922633,0.01659477604637325,0.04905598787779321,0.030744288355978186,13,False
158,0.20708662980712164,0.00668780224399776,0.05974175499608257,0.0943846055296316,0.13102491470622218,0.2676746134023312,0.10078604300457426,0.057094316067636534,0.044886754441720446,0.030632565800681837,58,False
159,0.2199093878780188,0.012876142753258879,0.05262339342980132,0.08682852335126717,0.12759028783278686,0.288639032790287,0.10649258088797449,0.043192546681312664,0.020415721870765,0.041432382524527765,58,False
160,0.1983112561217649,0.03549241710556324,0.07215896534312737,0.10343817167737607,0.15195924010406225,0.2548645304261195,0.11104144373792836,0.019241121252819023,0.03323667473756621,0.020256179493673004,13,False
161,0.20850774811938605,0.0030870849527186196,0.05606944601769735,0.08704183816218308,0.1365963166518428,0.28118550381087376,0.10484928875668384,0.03622842060213963,0.03912315137008914,0.04731120155638568,58,False
162,0.21044886593711015,0.018151548267252165,0.061599979961203616,0.08380896398972458,0.12535430227407085,0.27775709173268176,0.10053121929701854,0.03579601205846576,0.04385866775437695,0.04269334872809542,58,False
163,0.1805863359195884,0.024156228600131942,0.07463400103586662,0.08704135051520578,0.12676887230629275,0.26520911260624447,0.1423668753821247,0.03054895615852848,0.04109994235416949,0.027588325121847224,44,False
164,0.19036769797104955,0.03923550189372384,0.06597710072576307,0.0876072910362632,0.14594443645080932,0.258367285844914,0.09276387867573757,0.034021723092896014,0.06971272346915562,0.01600236083968804,99,False
165,0.21676615515463227,0.020394227659097614,0.05076382540295101,0.0761411455471885,0.13047358789344918,0.2748858084708981,0.08920610540396653,0.05152109568592431,0.047841717297904866,0.04200633148398768,58,False
166,0.20938294347065245,0.011229413030535325,0.0658134005516342,0.0775266363192973,0.13076068690575812,0.2751065222372713,0.10293374279079552,0.038399664805116765,0.03741372384484832,0.0514332660440907,58,False
167,0.22811506534711337,0.019214249891827122,0.04287260988176901,0.09769377989422119,0.113912160045014,0.26264507441003504,0.10110561106089352,0.04827093498022393,0.04589366603383012,0.04027684845507273,58,False
168,0.20634917310508322,0.018950860628200873,0.06751739606211153,0.07330380145521097,0.12521896581207712,0.27637736175944383,0.10992112163319495,0.04511929086765298,0.03870739280700274,0.03853463587002164,111,False
169,0.2182517293197543,0.01067199497805883,0.05938572194328295,0.09776588047019578,0.13932995715943094,0.2906361909398261,0.09741076765110396,0.006999386532984101,0.026757965775076203,0.05279040523028673,13,False
170,0.20302857482244444,0.039713989818207826,0.059045138350431584,0.08171783220711265,0.14507283437653445,0.267586478424896,0.09261347516086196,0.06263229220843032,0.03331840155688126,0.015270983074199551,58,False
171,0.2102523386685317,0.027839904240334744,0.06563178093662114,0.09159366124294614,0.1317142620836965,0.24416814647267862,0.11798439118091503,0.020015141399170037,0.05647285982380457,0.034327513951301444,56,False
172,0.22078430374316285,0.024405955620573377,0.0651493594046557,0.06831933627356893,0.13536237261324469,0.28567521565662857,0.1036815743425724,0.04341907233139811,0.04538856732488712,0.007814242689308252,116,False
173,0.1945073274534638,0.01887540514085702,0.0675502184936214,0.0762756267893101,0.14903897841024202,0.27564761887085704,0.09387958846155833,0.0221010851204165,0.05045345119823752,0.05167070006143616,13,False
174,0.22144038023950421,0.02221740346129907,0.049697528680380604,0.08501233710531064,0.12400881454003186,0.2751288256834137,0.11833457106923234,0.045056322362759055,0.038505338499242314,0.020598478358826177,58,False
175,0.229980334687544,0.012296024743007523,0.06725666305308331,0.0687236250969805,0.12565591782330196,0.2760307452799084,0.10021828576327411,0.038520381556128025,0.04348737013274742,0.03783065186402462,58,False
176,0.21018348802113984,0.02428931754496234,0.04174623705087103,0.07768820129527317,0.13846196141791123,0.26718797884945883,0.09709629359189721,0.045590304739237586,0.06771750758290933,0.030038709906339223,99,False
177,0.2203362877612403,0.005538441671429732,0.05281800672559666,0.0750160695561042,0.13053687140540246,0.2814387188393685,0.11572667176320743,0.03825836640129757,0.04333519677761819,0.03699536909873496,58,False
178,0.19035174137453348,0.03057351055063443,0.055475625661703505,0.11053689282974503,0.13092911850589933,0.2701509577544284,0.12002158634929042,0.03997593677876463,0.03353160477269618,0.01845302542230451,56,False
179,0.21741155515899727,0.019061823106851554,0.07264487856664105,0.08321777393883108,0.14727137459419407,0.2833072073209833,0.08187730414739726,0.03230196502052288,0.043598997064222045,0.019307121081359548,116,False
180,0.21732467131159347,0.02416410093999772,0.05227104154136607,0.07337616356098639,0.14920961903000557,0.2944277010839698,0.09810093667161165,0.030301434145312164,0.024860079360671222,0.035964252354485915,116,False
181,0.2081621243237248,0.018145188399193733,0.058803500679398366,0.08953821461480357,0.13072197772112767,0.26717919400421414,0.09393750496413938,0.04145427587073631,0.0379132548505359,0.05414476457212625,58,False
182,0.2152102044751208,0.0,0.04832129816294596,0.09980794519954299,0.135176854760257,0.2986187852891851,0.09571169832102276,0.04993360303416414,0.030294148960470016,0.026925461797291245,58,False
183,0.21848187212990952,0.0,0.06252839330592914,0.08151612149842379,0.12280632852856252,0.27514011113351744,0.11576325792088245,0.053403667184768785,0.03619756970655889,0.03416267859144745,58,False
184,0.21428639749194933,0.01169444727098339,0.043468253434022726,0.07042625896290837,0.1374798836910938,0.2651317942826003,0.09682526050308189,0.06169590883215146,0.05296947104472107,0.046022324486487694,58,False
185,0.19965141541493284,0.029824857308482576,0.06966155531691716,0.06320306434411663,0.14166533545507287,0.29206965378310334,0.10088746324313477,0.04257294782671636,0.04805416642451313,0.012409540883010314,116,False
186,0.199259137627173,0.035981499775517796,0.05773002515268511,0.08800008736222369,0.13736499177519326,0.24910883014831842,0.1109420105292904,0.02688205857212371,0.06382000451661916,0.03091135454085541,99,False
187,0.22010696222811388,0.0,0.05847947126178106,0.07460346721845129,0.14304682849004544,0.28161660653044246,0.1230488659566159,0.02804569410031367,0.029313335688336273,0.04173876852589993,58,False
188,0.2238838313237266,0.004850678220451165,0.05337487251813678,0.08058535547876011,0.1298423731205782,0.2767825510619268,0.10663894288809105,0.05428013056043942,0.040492009102440295,0.02926925572544967,58,False
189,0.22189399046309027,0.013119809895769151,0.05149044284166114,0.043957747875734005,0.13772894630785892,0.30456145847936,0.11614635250391304,0.030415496121149008,0.03708815463401771,0.04359760087744671,116,False
