ID,strat_res0,strat_res1,strat_res2,strat_res3,strat_res4,strat_res5,strat_res6,strat_res7,strat_res8,strat_res9,ancestor,alive_at_end
0,0.02687598081678883,0.000664525504846893,0.003182974050752418,0.17465110429496283,0.0043991898482393325,0.1850538778761924,0.07605123958775817,0.25441623874018765,0.11563913808179446,0.15906573119847695,0,False
1,0.030168026239690816,0.0,0.0,0.17905553447821532,0.0030167534391240956,0.16955137808440984,0.09631398177835954,0.2603020820144463,0.1058033580472964,0.15578888591845766,0,False
2,0.015606480659518182,0.00959750354774373,0.0050687860007608805,0.16980193903945812,0.011140664924733859,0.18648792966412123,0.07782489521760902,0.24545802722953658,0.1068554939807221,0.1721582797357962,0,False
3,0.039999529897479895,0.0,0.001240090116462446,0.16316825157014625,0.0021390200142793366,0.18487377221159274,0.09287654706375097,0.24843123433561654,0.11816033441761374,0.1491112203730581,0,False
4,0.03951618176581897,0.0,0.0,0.1643838305954647,0.006497972217236972,0.17190232027127136,0.09157361197003107,0.25758347513564867,0.11725113780329785,0.1512914702412303,3,False
5,0.004363673340404651,0.005541722443162465,0.01561894845570148,0.18880377273641716,0.00590396153745778,0.17570017391350476,0.08295659441702778,0.24172361620695154,0.10417230049929278,0.17521523645007964,2,False
6,0.04476747347460909,0.011748260426736606,0.011936111144138355,0.144031418181492,0.007718980197728778,0.20059867354080818,0.09603520302944092,0.23726732814007095,0.1113858404488835,0.13451071141609164,3,False
7,0.05339771502684162,0.0,0.023749812602194564,0.1447960867084119,0.009099662684338341,0.19318959565733618,0.09711678097932502,0.22734077298463995,0.124171581717517,0.1271379916393954,6,False
8,0.04798975555879114,0.0044864223552461,0.007581170370437433,0.16664019068822467,0.017721986893860894,0.1699030056484014,0.09333312217870023,0.24187952563193826,0.11199253901776268,0.13847228165663708,4,False
9,0.015571742000472876,0.0073022163532116945,0.00511411595936159,0.1576078766671495,0.014173589906735918,0.20507096259702026,0.07166982428284782,0.25451136771261207,0.10994539124042889,0.15903291328015945,2,False
10,0.0595815533305764,0.024365564755015147,0.013858140726501638,0.13269115120799913,0.009798159753549751,0.18827042184158002,0.07787671351357255,0.2356399108109123,0.13134739701996562,0.1265709870403274,6,False
11,0.0,0.023763924430656915,0.024357078918520715,0.17163855130986497,0.0,0.17224449730964553,0.08856006646590651,0.23101298921893113,0.09543070623529896,0.19299218611117533,5,False
12,0.04740830900322697,0.0,0.0,0.1654430645090187,0.0,0.1723450722478011,0.08312766304764983,0.2612812543615146,0.12696890566792746,0.14342573116286128,4,False
13,0.02741248205253068,0.0,0.0,0.1833941329576176,0.0,0.17937865607228817,0.10434305121931679,0.24700115945655707,0.10246881889262208,0.15600169934906757,1,False
14,0.03159428174910191,0.004540278256347147,0.0,0.1703518120891596,0.0,0.17655286741180679,0.09614326359554089,0.2558093730300745,0.09566268871380919,0.16934543515416003,1,False
15,0.05687452727774936,0.007378547164356984,0.011831773933750973,0.15751938416610206,0.004694027912594079,0.20826699052113795,0.09615444820379701,0.23261251737029112,0.10733260511553529,0.11733517833468517,6,False
16,0.0663015427834421,0.028837044573179937,0.01033937275480426,0.14157939191591,0.017711535917458433,0.18949070807940988,0.08641357197981836,0.22251722089011086,0.12076284311386995,0.11604676799199641,10,False
17,0.023782132486575742,0.007723747576919784,0.006261594906328159,0.17571577464304378,0.0,0.1861514778600304,0.07264932834556406,0.26545295148672365,0.10076445914155509,0.1614985335532593,0,False
18,0.021928512208248804,0.0,0.017508057531813004,0.19284027581887087,0.0,0.17672457436790595,0.08866850717697675,0.24589317498581403,0.09898908100672045,0.15744781690365003,1,False
19,0.0,0.02292238204579753,0.026997361950123835,0.17157507163804764,0.0,0.18633931651104965,0.09116438389441017,0.21985170224076508,0.09389808618629146,0.18725169553351448,11,False
20,0.0,0.02809919311388881,0.01904807976793884,0.17453758605718472,0.0036197333919257917,0.18358180746987773,0.07090304603324438,0.2344298322314862,0.11778231115355327,0.16799841078090028,2,False
21,0.06722419939797404,0.002506371849935103,0.0005678095076475698,0.17226749440654596,0.01810407218862256,0.1788388407161117,0.07769960651966572,0.2527907870097722,0.09552936293112377,0.13447145547260164,8,False
22,0.013636157215719908,0.010508593021987514,0.0,0.18228240978393667,0.005185819941630302,0.17010590646742665,0.10061600838813438,0.26509988186691463,0.09984286579495416,0.1527223575192957,1,False
23,0.036029079266208734,0.0,0.004119916680276332,0.19323033374986243,0.005069705680058245,0.18055093839048944,0.10434467586567463,0.2283078115851119,0.08087326632822725,0.16747427245409113,13,False
24,0.04161321831864969,0.02516845047939615,0.011305203787518288,0.1461367739544228,0.003895775961650509,0.19448259713974,0.10170058231875992,0.22258515217134758,0.13066925598473503,0.12244298988377997,6,False
25,0.025666760140985033,0.011976799880044341,0.0,0.18774974388212623,0.0,0.1928694654425735,0.09264869996002897,0.2424618396488101,0.11483469951230241,0.1317919915331293,13,False
26,0.057525881694081196,0.027242268508208854,0.020378494766136384,0.127337869582036,0.0,0.20336146995032742,0.07540807904461923,0.24408645075297902,0.12878454918934557,0.11587493651226638,10,False
27,0.04728526917500929,0.0013595291092143309,0.02759979303835729,0.13727973775902572,0.011063779960249178,0.1926571501281769,0.08604856682678468,0.2292415670559605,0.13027799686012534,0.13718661008709687,7,False
28,0.02979805041435901,0.0,0.0,0.1702692190756458,0.0,0.18265105326304776,0.07672503906519093,0.2603168368051915,0.12979909444469653,0.15044070693186848,0,False
29,0.05924323933298732,0.0,0.005297441592449001,0.16183124514215727,0.0016996375991802724,0.16659027539886961,0.06956324393284839,0.26124972183280576,0.11897540295714866,0.15554979221155368,4,False
30,0.04066415249350926,0.0023463619280624914,0.017009984062981334,0.17640663903540985,0.007820938895309599,0.17353895776189907,0.07576186989432361,0.2549997916724704,0.11787622485744291,0.1335750793985915,0,False
31,0.04366933787822368,0.007098088269964998,0.008553420736621702,0.15111214579435678,0.0019444561227987375,0.2130750171106353,0.08852548904208088,0.23945422722173343,0.11039721693258302,0.13617060089100147,6,False
32,0.05763892638078794,0.002728983392280188,0.014616106965771801,0.1311954567945302,0.01890634424143828,0.1845105503824586,0.12154450069165393,0.22288300523950164,0.11668951119715738,0.12928661471441993,7,False
33,0.06324944845595074,0.026185381791163184,0.021684275623653566,0.14898313000424326,0.015090733931756051,0.19072591253889262,0.07656367742768769,0.2253028630524981,0.1098537037869821,0.12236087338717275,10,False
34,0.034402262277939105,0.012183395024729282,0.00566813301394396,0.18662746239782269,0.005211581984677164,0.17710659085820302,0.08646180254652346,0.2294931346055359,0.0876505555000123,0.17519508179061305,2,False
35,0.05141786334113655,0.03725074538493344,0.017922317713988757,0.13240728992235157,0.029436881877504588,0.1708130334114349,0.07400063287178613,0.22895128806498985,0.12999344685642325,0.1278065005554511,10,False
36,0.0003189150284449165,0.0009864890020005058,0.006038399474367544,0.1876175076072693,0.012676600761656073,0.1787561961813219,0.0812585207918989,0.2527136144065979,0.08741864994358806,0.19221510680285495,5,False
37,0.0,0.0,0.01905540548986064,0.18837354774989706,0.005978714571670722,0.16917398175900486,0.1034034667119216,0.24010156126419616,0.11109981154274726,0.16281351091070181,5,False
38,0.009649838593827467,0.003179896920394775,0.03059281902721832,0.1486569849179112,0.02579585800796096,0.19544807766119263,0.0721100992626824,0.2485619297361746,0.10368829215623973,0.162316203716398,9,False
39,0.052150236067267715,0.0,0.028011873834444083,0.1640720396035715,0.014394275416982485,0.15126526673882035,0.07893379791148367,0.22605907125410338,0.12812528077352403,0.15698815839980287,8,False
40,0.0029186333435506384,0.0,0.0001765129836634017,0.15903578390224915,0.03476941869463799,0.18442211416015866,0.08617526339686793,0.2638506517772924,0.10892273489464586,0.159728886846934,9,False
41,0.039924469613645715,0.0,0.01607808877564544,0.14190292532650955,0.007719636234490584,0.19737576111794383,0.09837847246799926,0.24048203986558564,0.12843225716258239,0.12970634943559758,6,False
42,0.035479403886301164,0.007702593672469772,0.016038682356297213,0.15328251328478246,0.0,0.2121530380318958,0.09063485226293927,0.22489777213115497,0.12619435578130983,0.13361678859284942,6,False
43,0.02826513909800347,0.012167171684524903,0.0014427970438140696,0.17751343764922298,0.014891105328538448,0.1583973522413236,0.10195700365519424,0.2434929371104407,0.10706084730567267,0.1548122088832649,1,False
44,0.05546829514211722,0.02848644379375874,0.0038301400799984377,0.13198858693861845,0.0,0.1818313349047427,0.0861402973524542,0.2409428627426413,0.13246250694273,0.13884953210293904,10,False
45,0.06431663785741003,0.011462879956017444,0.019614368510576997,0.11809288336318839,0.009606516930857886,0.17464205460898846,0.09317274838903147,0.2265427461248424,0.14977744929493508,0.13277171496415172,7,False
46,0.0537752522013952,0.026295319626689233,0.01800727314952752,0.14586197290383657,0.006486605196489217,0.19275325518296182,0.06875481031866847,0.2488821067257022,0.11085974052578898,0.1283236641689407,10,False
47,0.07533521671300851,0.01043614996349086,0.028452967412141008,0.1265967480548606,0.0,0.19170168127452328,0.08763265208985661,0.22085370500900095,0.1449966788022248,0.1139942006808934,10,False
48,0.059231957199543474,0.030574244245893674,0.0,0.12444316650902647,0.0,0.2097105126663058,0.07768349325214047,0.23534981880357395,0.14279324287296916,0.120213564450547,10,False
49,0.061522791688352216,0.0016124131456377816,0.031189228615924082,0.1528364538988904,0.018198700926008567,0.19107002759239652,0.09620421287991952,0.22118916447770406,0.10740769552802598,0.118769311247141,7,False
50,0.05747630373773754,0.03219010452919278,0.0178920983785173,0.13238021608142406,0.009718819970557332,0.19267094392310372,0.08264341027115946,0.22630069837431713,0.12899793751639174,0.11972946721759897,10,False
51,0.0622640931037524,0.02071445980391265,0.01928306369341065,0.13626569868292632,0.021683104127412818,0.18622409263682477,0.08144695542226268,0.23552004820197014,0.12572920725091288,0.11086927707661479,10,False
52,0.05001048039108889,0.03445126660743708,0.007989529621578444,0.1344303564648353,0.015960123488096604,0.18406221645831594,0.08383717548863644,0.24200242329278593,0.1261692408496477,0.12108718733757767,10,False
53,0.05335462772923065,0.024225598978512522,0.01004643116365147,0.14229386644088965,0.0,0.1843756871227524,0.08042758020695516,0.23696171675218056,0.1387114855345872,0.12960300607124042,10,False
54,0.06785247019694501,0.01079105487812358,0.020053913014969393,0.1300462788978118,0.013870423067829965,0.18412430047453304,0.07703836310614377,0.23593361683579178,0.13816541920208528,0.12212416032576623,10,False
55,0.07141142100212058,0.017569835493464303,0.0,0.14482045171761837,0.006440781758693434,0.2034484135498335,0.07737503525417642,0.2292895948438443,0.11977573990156032,0.12986872647868888,10,False
56,0.07030435228768825,0.03331533617150097,0.005826581658508149,0.13424195279598614,0.018660975955741916,0.18921147551291972,0.07068447059276317,0.2327170583908031,0.12316599991237852,0.1218717967217101,10,False
57,0.019875216634975264,0.0033802008565797866,0.03363756136000208,0.14944184726704599,0.0,0.19150312553082208,0.10556008913487758,0.21854702374260085,0.1331613625661138,0.14489357290698254,7,False
58,0.06366005310994112,0.026818410733884444,0.024919884116237655,0.13278212187638794,0.01896678068599777,0.1955850216108231,0.08960900626798932,0.21406642991122649,0.10930075091416978,0.12429154077334234,10,False
59,0.05732092069109464,0.016783651584117903,0.016084033545704635,0.12721056368503497,0.02692928040252091,0.17487858770071585,0.04701664152159819,0.2577097234139484,0.14973856794299667,0.12632802951226793,10,False
60,0.03954163978347161,0.0,0.03961109276978352,0.1289192068815202,0.01059341501015438,0.18660509378536838,0.1046291417309092,0.24535395586252376,0.11753381469951202,0.12721263947675698,7,False
61,0.06366344258842266,0.017403360576245114,0.02041378226699682,0.13513041413488167,0.01231853340449823,0.18814013746941896,0.07639534195295769,0.24250964890077892,0.1275449700473221,0.11648036865847775,10,False
62,0.049460063914670956,0.015266658541566025,0.01730777249824122,0.12818929936314857,0.01565498131681196,0.191322356687052,0.07969203583843028,0.22685356744355525,0.1295573144863326,0.14669594991019108,10,False
63,0.04614148781573018,0.0,0.038872728548732124,0.1474013062387881,0.011052559742753017,0.20185694598886772,0.08702208064392968,0.22393506428235843,0.12326141619731905,0.12045641054152166,7,False
64,0.06292506656057534,0.032075152520133494,0.009041076548773345,0.12471779968391739,0.008675807791172078,0.20449320924555864,0.06778727756363595,0.23408867573762865,0.1380224301290192,0.11817350421958589,10,False
65,0.0736306078989923,0.015493998896819471,0.00503633455441053,0.12826608091234684,0.0159194151135691,0.18263043020167355,0.08063092046787892,0.24150638071723157,0.12055286057189417,0.1363329706651835,10,False
66,0.046305782393066236,0.03151763496875326,0.009934695142811412,0.1304123220181046,0.010708889074439903,0.18976383752989145,0.08709820182237318,0.23110611971594752,0.1273971391596866,0.1357553781749258,10,False
67,0.05450138023315542,0.021289863279752592,0.0024740075601637256,0.12937132895193876,0.014012960449619305,0.1965008197404368,0.05650855951300512,0.2416446354743041,0.13511636636001012,0.1485800784376141,10,False
68,0.061734596950863176,0.025307065856792266,0.027942696578430105,0.13927769722704608,0.0,0.19606275459267283,0.07840452854145849,0.2243038318716166,0.143526999434388,0.10343982894673244,10,False
69,0.06391355362730738,0.019315212556980547,0.012966602828445141,0.12789914984833864,0.0,0.19282823915437272,0.07110534326512678,0.2452442850075835,0.12978808195810287,0.13693953175374243,10,False
70,0.0481423953205482,0.005014746745465497,0.026054648038471528,0.14345215410218437,0.02265502535924356,0.18302835842908136,0.08236444348170392,0.22323270963844452,0.13021290532209961,0.13584261356275754,7,False
71,0.06591738519303743,0.0399387107515122,0.01618958775220566,0.134410715346702,0.028195658293286296,0.18495917609523294,0.07991387370478983,0.2248697343157205,0.10199654057757099,0.12360861796994205,10,False
72,0.06751859438326557,0.04301621324497039,0.021192483446352283,0.13469610496884243,0.031149220160696472,0.1892914547234223,0.06015077749024466,0.21937643504418028,0.12353459545588837,0.11007412108213714,10,False
73,0.06214093391076047,0.015776127454680055,0.01360757752191171,0.13606556090769265,0.03383547309348907,0.17530001707397444,0.07470484824958318,0.21315752940788457,0.144445999883004,0.13096593249701982,10,False
74,0.04302510593968973,0.020768505572124202,0.023818027691823455,0.13850053652920713,0.00553585217872493,0.1997521250810647,0.11105296221005848,0.2179309593153051,0.11041328278299488,0.12920264269900733,7,False
75,0.056548484588764096,0.013525504799017924,0.028610819166678444,0.12654061735973868,0.0197378731910779,0.18696384661462961,0.07998487514337,0.23782630887018008,0.12338701645992377,0.12687465380661941,10,False
76,0.058010694936492205,0.0,0.02161633895402493,0.12872361661978596,0.03635236450240243,0.20217305233324998,0.10972801753181721,0.20290412236244476,0.11318050312415998,0.12731128963562252,7,False
77,0.051982566757795806,0.025710653494519647,0.01738722395694976,0.14111166706624348,0.0010591613660319863,0.179753579157998,0.08957155691602012,0.23357840085503642,0.13505587757550497,0.1247893128538998,10,False
78,0.057457187088373204,0.0,0.0037424752607076494,0.1405723079019392,0.01459325131466162,0.19180629367923482,0.07665935623328568,0.22975448950450283,0.13944401072341464,0.14597062829388038,10,False
79,0.0692111164263323,0.032763068716891025,0.0,0.1384158651376795,0.014875567331716074,0.19149477165635004,0.07528899115716495,0.21505016520916767,0.13664198823439722,0.12625846613030126,10,False
80,0.06032790225808611,0.04206633796566475,0.013620523637124255,0.12946364452078465,0.03762892791398118,0.15770068742441068,0.07926799556598635,0.234529385052288,0.11509499734985598,0.13029959831181812,35,False
81,0.04993410793152516,0.042127373743199345,0.0295929355468389,0.11338537402338678,0.04713612585569119,0.16385013753957806,0.0733159848083929,0.21454409147433823,0.12916477566888812,0.13694909340816142,35,False
82,0.0591493193048771,0.03584562961510592,0.025304731585946743,0.12302250879231123,0.004662752340021837,0.17489433193613166,0.0811071342484488,0.23812678510772672,0.13949127948237774,0.11839552758705205,10,False
83,0.06294922587783444,0.03685210166521687,0.005867861500778847,0.1270524050474007,0.004409695924253349,0.20228533767846363,0.07713123391196139,0.22648425654364157,0.12951111653454922,0.12745676531589994,10,False
84,0.057727658310699544,0.03407328708118189,0.00839762850848997,0.12837533363795006,0.01456241494996918,0.1877844299218568,0.07502338902183865,0.24668085656712405,0.12725385938171285,0.12012114261917703,35,False
85,0.06255473721001507,0.020396285049808147,0.0069079517420453625,0.15032790097456666,0.03043533082422119,0.20766558785216988,0.08131603949042872,0.20770237032749275,0.1051828792523823,0.12751091727687008,33,False
86,0.06446956392882361,0.04304488759665532,0.018371757757888556,0.13192071318351253,0.021869488946957664,0.18359015279472987,0.07812558522509994,0.2186342911421446,0.12238579128371027,0.11758776814047747,10,False
87,0.06127869077735585,0.017938386952066197,0.019450702983939444,0.14394118775857376,0.0,0.17140803897354137,0.07466204298947808,0.23338079191553146,0.1346283567481316,0.14331180090138218,10,False
88,0.050842532123862194,0.03665000303668856,0.021065539918518457,0.13366905954836658,0.013777029211532654,0.1680811159697325,0.0806011018624312,0.21629451511442557,0.14436216850056718,0.13465693471387505,35,False
89,0.04457409422164454,0.043122764690449865,0.02488474179343731,0.13082650173692717,0.032622637851476004,0.1666154678253474,0.07603212697399368,0.2267863114903574,0.11361829176112455,0.14091706165524198,35,False
90,0.047960120258425304,0.044828914798781205,0.021474172626305726,0.13670610137537254,0.030223022151737177,0.1551616541247642,0.07978638264442424,0.22726262488473842,0.1408847436924084,0.11571226344304283,35,False
91,0.056751304347091094,0.0246079445250722,0.01351033964527966,0.1371781970061194,0.02870608225316263,0.1793693598654753,0.0780337157631639,0.22718773463582084,0.14467997053417395,0.10997535142464107,35,False
92,0.05822234337509961,0.03638561071768673,0.02547876991450983,0.12467755582512072,0.024055213572265963,0.17743763342484203,0.07377434382319814,0.22290984983145623,0.12659504862949006,0.13046363088633078,35,False
93,0.06489518983337451,0.03706872426047888,0.02559326426901559,0.11969379832738386,0.03570639881092538,0.1788886706990263,0.06755866509249324,0.230004472867307,0.12409465823752332,0.11649615760247188,35,False
94,0.03503234512486924,0.02531773102949123,0.01524814534903433,0.14917731230841708,0.027577002402055358,0.17238527315303467,0.06925076763496629,0.23712635745617833,0.1319529476316539,0.13693211791029966,35,False
95,0.05037794338964124,0.040182706679113535,0.01333095334325476,0.1454687711486838,0.016502834227084377,0.17739535613108043,0.06570493922450082,0.2372086601225642,0.12576984162243587,0.12805799411164098,35,False
96,0.04392276699665046,0.02856895130221423,0.01651046571736644,0.14122982739587076,0.02516246715289306,0.1716509756492519,0.09589547572812235,0.21188850714268836,0.13407286980335403,0.13109769311158836,35,False
97,0.04859963925580974,0.028629556721264087,0.01721525150899142,0.1295030661829826,0.01766467845853895,0.17613708809005277,0.07697405147439078,0.2412086344570078,0.13643352396409458,0.1276345098868674,35,False
98,0.04759076804665748,0.04595927216120041,0.0239827865215473,0.12818384639378866,0.02063837996844864,0.17296599257047654,0.06315387538109847,0.2440920871814336,0.13437820422024174,0.11905478755510722,35,False
99,0.048148491157059166,0.051321515186635275,0.015684959361882907,0.13253594117972256,0.02936966915372047,0.17018480062461594,0.07732566598408382,0.22246584110819578,0.11098891648548433,0.14197419975859957,35,False
100,0.04658604599364795,0.03178233696923001,0.01733538241479929,0.13706473044443337,0.02743208225709269,0.17127080419402255,0.06141426165022738,0.23234546262347702,0.14304535764612522,0.1317235358069446,35,False
101,0.05377982165398556,0.036754583973764354,0.007983091861479273,0.14244380501022005,0.021407499026850744,0.17640277713639357,0.07671488891125501,0.22235978797307165,0.12644218778417923,0.13571155666880036,35,False
102,0.041351153865168085,0.04630988059027508,0.0036410351236135408,0.14281329852618474,0.0466850391003704,0.15479402346555043,0.0653866153424806,0.24795557489014247,0.12698456116233903,0.12407881793387572,35,False
103,0.04831453308205634,0.04458931362811268,0.0,0.12830358230457217,0.02243317777580437,0.19041878592375816,0.08501449990481512,0.2248742571046395,0.12521810486686408,0.1308337454093775,35,False
104,0.04707630378007942,0.03959978296093263,0.01268166873239644,0.14082572081091982,0.04391831352885588,0.1724369942163098,0.06384839663168235,0.2322371525361665,0.1308962582096817,0.11647940859297552,35,False
105,0.057122244401466314,0.04796231402641856,0.006970298552307495,0.1239077438843904,0.028193948215153936,0.15745518720131735,0.07161738681336968,0.23167105836916996,0.11851085223469209,0.15658896630171412,35,False
106,0.05035561302155879,0.057837822037641665,0.019232526310636485,0.11408460501730984,0.032399063139127576,0.17910309965910162,0.05016867588156011,0.24932349894734848,0.1368390001184399,0.11065609586727553,35,False
107,0.04249855732117449,0.035372355747524405,0.02740360032088633,0.1270655496249014,0.030637537511276913,0.19496558315244417,0.08887713700288853,0.21107678949270345,0.12900221366668838,0.11310067615951197,35,False
108,0.05893167669859044,0.04867423881742581,0.022124951837805683,0.11442443691085281,0.023392097678535125,0.16243063309584688,0.08551669609700284,0.23510753774493479,0.1336388826489046,0.11575884847010114,35,False
109,0.047394598847621615,0.0521753803795385,0.027279241277728968,0.12524830705020046,0.03509766064519226,0.1595619887989055,0.07335633654677383,0.22742118252112198,0.13055465513717965,0.12191064879573724,35,False
110,0.059392782537111166,0.027778795478012482,0.023831271112403893,0.12355336389638163,0.02372627226540773,0.1849356066387637,0.06462953797057584,0.244276944060813,0.1269868201229752,0.12088860591755532,35,False
111,0.05194018559427523,0.04810030618592222,0.0014044827355043912,0.11942478050718397,0.0390886947035225,0.15821730167149664,0.08181967841117165,0.22157712242762917,0.14415077755065933,0.1342766702126351,35,False
112,0.049632698421604955,0.03856263544319555,0.024697331731842007,0.12820379876720817,0.04993075666029187,0.15947618399695912,0.05553019305603026,0.23398097497076714,0.12711690555886862,0.1328685213932325,35,False
113,0.06224218184971679,0.046387601375548225,0.0006462298463875919,0.13927680320632643,0.035173102889428334,0.17175851819409896,0.08141879310954508,0.21601401261491374,0.12847087516856343,0.11861188174547162,35,False
114,0.042111221480551096,0.03898535332960717,0.03155214178455039,0.10971687767183923,0.018925682646827726,0.17014240034656494,0.0729146225043583,0.23806859457804233,0.1427739630452077,0.1348091426124512,35,False
115,0.043943321293598736,0.035618674856379935,0.012398484430673297,0.14222706616479094,0.024507143104519884,0.1774771951197331,0.08437031521706376,0.22257390370317467,0.14396475448240323,0.11291914162766255,35,False
116,0.040010746211314605,0.04000027640895812,0.011891378409630775,0.12154404575753021,0.04400045303321742,0.18363712818249445,0.07292585598246731,0.22734985180648112,0.1214172119933435,0.13722305221456244,35,False
117,0.04960907318594245,0.040189764357412686,0.016583848974993664,0.11584443365697131,0.03469669664976539,0.1724370434940151,0.07665095755256851,0.22014903928316445,0.1267408007775134,0.14709834206765318,35,False
118,0.06006977041846881,0.018761376522534064,0.00019070562040967743,0.1403747209919326,0.03981068843067879,0.17260098332272286,0.07062380435487313,0.2399551207191707,0.12629171615712653,0.13132111346208294,35,False
119,0.054879400190376064,0.02989302259706514,0.018198302462549883,0.13553566581228815,0.02563480852575004,0.16775409762303894,0.07662942661143136,0.2303881771366623,0.1264606429680675,0.1346264560727706,35,False
120,0.0585459439581789,0.04589146932933123,0.005479933140011073,0.13699454727713092,0.021622621309127777,0.15044807648632422,0.08392145293759018,0.24016445492311594,0.12311886297833471,0.13381263766085516,35,False
121,0.04984378046006935,0.03682204793061883,0.005183664118077613,0.13244678258631135,0.03778296028456605,0.15683122019961973,0.0680440066533567,0.23123430765371164,0.14178771513052696,0.14002351498314167,35,False
122,0.05691828645552344,0.031202633851715462,0.00809169429554781,0.13236081614161188,0.023494663787267615,0.1674645221035918,0.07046396148605075,0.23242557537142755,0.1462970937840456,0.13128075272321815,35,False
123,0.05840206315582627,0.026203680675488235,0.023817282494822622,0.13897166049813353,0.04218186226100334,0.17168039956968598,0.06159844067219475,0.21118674416827213,0.12886793524508597,0.13708993125948712,35,False
124,0.04586503168901659,0.03324948705086764,0.023124626332891748,0.14111681096324735,0.025253627053687028,0.16935588422777187,0.06566427781142072,0.21966269695224172,0.13761432463417236,0.13909323328468304,35,False
125,0.04268399148623196,0.032217089157416924,0.01748181249985825,0.1393086924771759,0.03485155160693079,0.1725656215088373,0.07734987442862375,0.21168389213985145,0.1292102351687649,0.14264723952630873,35,False
126,0.04062654776362698,0.037521281134224496,0.014419561054083777,0.13254622549504572,0.028822971906065444,0.18536396826775797,0.07032610457738614,0.24493275411437768,0.12050305361757135,0.12493753206986051,35,False
127,0.06988995310564465,0.03487425956295095,0.02265667714615158,0.14565308665134183,0.030500752526403375,0.1608482971332898,0.06539364708352279,0.22569067963123604,0.11561232949842193,0.12888031766103708,35,False
128,0.058049146400238116,0.030833931598079525,0.03076547892079093,0.13733619257784163,0.02289692082592667,0.1757330632004791,0.06790867782227215,0.2223569394090752,0.1207662704833548,0.133353378761942,35,False
129,0.06909284554478617,0.04190850320098541,0.011168103710009456,0.1255020207680856,0.005226320349618658,0.15886371952502612,0.08272738595032325,0.23653716307292222,0.1323427857273699,0.13663115215087326,35,False
130,0.03209749853813042,0.04575109014545608,0.02079667831768723,0.14556492780529204,0.03234006512865467,0.16207916188419236,0.0789860219412498,0.24022871858999634,0.11530165054035502,0.1268541871089861,35,False
131,0.05807671210516445,0.0377197735111997,0.00906854938317696,0.15057428071049442,0.03953654891357014,0.16904306153591978,0.07206619559897572,0.22752878124255477,0.11422929250190592,0.12215680449703811,35,False
132,0.07759280937817672,0.04360080556963574,0.021578755512897462,0.14208123087386515,0.037788874219666736,0.1780890025850828,0.05113295997929925,0.2147725809161572,0.11553189640184892,0.1178310845633699,35,False
133,0.06275551949852151,0.03801878066567286,0.012592187073930047,0.12254718038053272,0.01941840336002019,0.1831300163369908,0.07476157535469147,0.21194142581159534,0.14363661941386544,0.1311982921041796,35,False
134,0.04811835287418167,0.04952546637931675,0.01390397712441931,0.12620809488794052,0.020156103771063513,0.1685158263895245,0.077861235974493,0.23267514296716957,0.12829008821230511,0.1347457114195861,35,False
135,0.05281344216758496,0.026720272986411137,0.001350157216321451,0.1440004575299878,0.017706213736457845,0.18673243987849572,0.06909248729524423,0.23211246190928136,0.1349381685718357,0.1345338987083798,35,False
136,0.06049141183831621,0.051443419321072,0.005423115214291083,0.13559463231665367,0.04241755572065219,0.1709265750321638,0.0798445235961403,0.22654853524224902,0.11559901225958781,0.11171121945887388,35,False
137,0.05531025043960237,0.028236526120396826,0.014811649802917382,0.1268122896849497,0.03192194405596419,0.17557304101735877,0.0675272380755916,0.24684606517202937,0.11535377570955513,0.13760721992163466,35,False
138,0.0415091808323805,0.058142661958247355,0.03759562867698908,0.1242494926950104,0.03234480892938593,0.16361097916194187,0.08136842067829043,0.20643481666409577,0.12392315687318196,0.13082085353047684,35,False
139,0.06676732548331818,0.016498812409235186,0.006828505244710362,0.14096741241913985,0.02189023822284083,0.17614149425493575,0.07846899988731018,0.22367175486289992,0.13988760139059367,0.1288778558250161,35,False
140,0.05664685148125699,0.035426824761931,0.023260680557216355,0.13604273300383773,0.05065395465252423,0.16473133811551324,0.06167721801932518,0.23189529683756022,0.12033530317828953,0.11932979939254561,35,False
141,0.042230104774385005,0.03190510682870217,0.021356679809950943,0.13622039866613514,0.016186302764578837,0.18060536123802168,0.07817100315170072,0.23619901955342507,0.135724263816272,0.1214017593968285,35,False
142,0.05836949693462044,0.031842682691271294,0.006627402795151875,0.13507420798734554,0.010089380763652593,0.17220709301602513,0.06997516833655897,0.23795829617615497,0.14136795759531226,0.13648831370390704,35,False
143,0.05130105007625437,0.031721899268396934,0.02050716032836682,0.1364707177023289,0.033542090540388154,0.15738591775143307,0.061157786526262865,0.2404739303455282,0.14276170239880795,0.1246777450622327,35,False
144,0.05903026525569955,0.04977253208424239,0.008224650552839222,0.14094515169620178,0.02616983904947909,0.16720711419634351,0.09796032756131705,0.200842644257523,0.1320393119195867,0.11780816342676789,35,False
145,0.05261895027958313,0.0408344053658425,0.02765247867752778,0.14119975592898665,0.022871448334019658,0.17680062532101903,0.07180853152810399,0.2161649053136867,0.12224640617454932,0.12780249307668115,35,False
146,0.05174473445942151,0.02710827281687387,0.010541657351156324,0.12029182095309301,0.01767245318848561,0.17680709075889509,0.08045104545789003,0.23858784823700643,0.14523153980050632,0.13156353697667186,35,False
147,0.029515619636569363,0.04072490984941489,0.036657558153504514,0.1284083190595284,0.050012789667491446,0.1611521759358049,0.08875926230139344,0.2299267999852334,0.12451027480454308,0.11033229060651666,35,False
148,0.04181890417454457,0.03536187696971854,0.025048834852146706,0.14772507644634686,0.04777999565238859,0.17142278834086996,0.06028360804397821,0.23601994565934123,0.12294656213979634,0.11159240772086888,35,False
149,0.054248134733248694,0.03540894345353117,0.006125597786290336,0.13180546598175663,0.030469726412119515,0.16434842894883317,0.0575707100920008,0.24959827053692255,0.1447098348414579,0.1257148872138391,35,False
150,0.06020233780527377,0.028734665895412348,0.011562389597897064,0.12674667937550402,0.034940031674600976,0.18009057875059684,0.0687745558386008,0.235372606062653,0.1390097283818229,0.11456642661763825,35,False
151,0.0517950703134661,0.024006099907906697,0.035238406954111366,0.09497892931736783,0.06587387607157333,0.16000503965427124,0.08345126037369334,0.20605461361810992,0.1290967389760679,0.1494999648134323,81,False
152,0.04434855996607015,0.03813494904065679,0.038434835748305446,0.11838249761611765,0.042190897146820006,0.1769651161728785,0.09104323140976689,0.20620597051198813,0.10087610359212515,0.14341783879527129,81,False
153,0.06340725866776684,0.04927435411069914,0.019711270089985553,0.12847726562126568,0.022228190880519052,0.18464998453133477,0.05048729996432513,0.2429655483318606,0.11545143776451776,0.12334739003772559,35,False
154,0.05862994795048972,0.038413864184843965,0.026518554607946464,0.1389727205839134,0.009219682463305259,0.1713226493060254,0.08672837237362445,0.21491195595521054,0.12524168772669286,0.13004056484794793,35,False
155,0.060951809296576405,0.037976211386421314,0.0025869414849783753,0.1374568569026261,0.0320958698515817,0.1726308964657159,0.056408267656892816,0.24493387713712925,0.1267986940374,0.1281605757806781,35,False
156,0.048258335195159346,0.039543408393236786,0.030080684005626517,0.1421583608752137,0.013513628980149146,0.16662735603368808,0.06536226516736118,0.2303920913877266,0.1285543495871405,0.1355095203746981,35,False
157,0.05870120689358297,0.054652833331898215,0.031217813620542222,0.12525890846775872,0.04731595223848563,0.163065890230689,0.04381592439509801,0.2111441078427316,0.1392125622632815,0.1256148007159321,81,False
158,0.05408067088981797,0.04289117703668666,0.0089730497959728,0.12618387741211204,0.03363554907319709,0.164514047050523,0.08109672201318645,0.22907282045560243,0.12803976242991916,0.1315123238429825,35,False
159,0.04057928604152802,0.048720835755742695,0.01698266805893435,0.1311597047447769,0.01493171905654247,0.16031314636155475,0.08547279161666876,0.2526822818887054,0.1250761156208875,0.12408145085465923,35,False
160,0.05979878216373431,0.040457614658243705,0.020950535432552982,0.1301116448486413,0.03050013879103994,0.16463121373198197,0.07525057991528701,0.23017575305137689,0.12614857940070884,0.12197515800643292,35,False
161,0.06137450841400179,0.019945315481460786,0.029945635445121386,0.1005901260534031,0.04704259909266545,0.1688977687394729,0.08305115473018898,0.22463681071100933,0.12760318839158485,0.1369128929410914,81,False
162,0.06450104064094969,0.04109838060280448,0.014937721482765329,0.12848414322588197,0.031200781284337387,0.17857816560072245,0.04971159493412872,0.23185586606189437,0.1298346140205212,0.12979769214599435,35,False
163,0.049847168427010084,0.05675929775227495,0.022917159162725888,0.11362954202805259,0.03790989691517465,0.1613111487377446,0.07952326332392837,0.2335048844473874,0.1152901663766643,0.12930747282903723,81,False
164,0.03304252222686074,0.03969586724561713,0.015365684533549095,0.1376464483178811,0.03681148003505192,0.16335968370373916,0.07451459966698386,0.239056109956715,0.12228399629687188,0.13822360801673012,35,False
165,0.0356877557447322,0.04683740580614356,0.024609493686812655,0.11637852124396583,0.04248171679114809,0.16914382107413056,0.077093438253403,0.20453539326527642,0.14565802216733767,0.13757443196705008,81,False
166,0.05450560386380867,0.0456067869925413,0.027242091249357395,0.11982508943496482,0.028211456256997627,0.1668931702478427,0.07972329666885028,0.23373810713208906,0.11072763629953217,0.13352676185401596,35,False
167,0.05647283942405578,0.044253047036806006,0.033669274771285757,0.11508475938338332,0.03938220262037317,0.1758732163608447,0.07130076426987313,0.19577968709117458,0.12741245855178265,0.14077175049042098,81,False
168,0.03535276952895942,0.01961753763851154,0.0015685775415866293,0.12785420677411152,0.031089083969400858,0.1809205547190313,0.07264374200328416,0.23463888447021702,0.14104018201923885,0.15527446133565867,35,False
169,0.05906311214690799,0.04756076480757338,0.008461762706723509,0.13585028719726852,0.03543625801269205,0.16080566258626375,0.06784830089267178,0.22054867195967018,0.1361729603572076,0.1282522193330214,35,False
170,0.04233101108646989,0.043585631367925086,0.021631616918154732,0.10872882088023281,0.04884076531039204,0.16733355365752423,0.06472588060273937,0.23489077321200993,0.1313579268134641,0.13657402015108777,81,False
171,0.041543534243175056,0.00991993407533476,0.023410604677322974,0.14813887546881757,0.04734085794992266,0.16769157301180498,0.07427707119797272,0.2269253295704286,0.1460725195058169,0.11467970029940368,35,False
172,0.018041158522045672,0.0012989731169742067,0.02695062432530667,0.14838541473408995,0.0340274907238178,0.18757670622193962,0.08153765382687551,0.2384218398037594,0.10728041700632093,0.15647972171887045,38,False
173,0.05150317495420036,0.039131588199153834,0.008145596691014742,0.14427805861799275,0.02726758989314035,0.17857034275779024,0.06603522961893896,0.23584494355812616,0.11799211784590334,0.13123135786373935,35,False
174,0.048082987936384256,0.0445673645144075,0.014335328053975182,0.13762243841105098,0.03758579567605478,0.16171484455955606,0.08322460293039177,0.2214472557491675,0.13074677758364553,0.12067260458536654,35,False
175,0.05418010063079386,0.04063315210045838,0.04240796695102086,0.10343287780797472,0.06148574106110453,0.1468414519255602,0.10088178185302342,0.19120679895914575,0.13350138013966095,0.12542874857125733,81,True
176,0.04277599103801519,0.04396487374137764,0.031868973792212194,0.1305298441970954,0.0165209775512203,0.18091849028666748,0.06401153366580514,0.23142157039972897,0.11163276143825994,0.1463549838896177,35,False
177,0.042331603971855154,0.031015513236739758,0.041008073816638686,0.14335250847941214,0.033996452795461575,0.15942493822207057,0.08787792455513845,0.21262541613458058,0.12415913136656052,0.12420843742154257,35,False
178,0.06012382864554475,0.03132323525482842,0.025480998875286074,0.11218290690727424,0.053296168135018994,0.15369838580177,0.07611785422765328,0.21363810078364112,0.13877283182033037,0.13536568954865272,81,False
179,0.05264692578174991,0.03307138612590297,0.014523530545370861,0.132038993847934,0.03944432974636874,0.1648778733578366,0.07238805812159249,0.22212743629211446,0.14751679206966145,0.12136467411146827,35,False
180,0.03829936349855429,0.033143589193785905,0.007904892450515488,0.12708382053139552,0.04479735305460376,0.17268744849959256,0.07836560973288154,0.2465476005385173,0.12739847320902534,0.12377184929112821,35,False
181,0.05545308173944709,0.036338373555874326,0.029916862284396044,0.11752424289429107,0.026802054414024248,0.1655500792685688,0.0729117322230487,0.23250122699238698,0.12249048879210882,0.14051185783585393,81,False
182,0.0418169923229578,0.060759836778627965,0.03884005481756049,0.11399167377793629,0.022589353762640384,0.1629980387244617,0.08045292333558678,0.21977470711748862,0.1251281299357412,0.13364828942699875,81,False
183,0.04888785828930506,0.031873640931024336,0.039937375125572015,0.106722128154216,0.04938880633109272,0.15252737794128504,0.07735575624240935,0.21752279604661134,0.138452859807329,0.13733140113115525,81,False
184,0.05797599054644591,0.044500789242534096,0.022152922963057858,0.11789704408487078,0.054086264888058934,0.15461290242943998,0.076280683274013,0.21416161138625944,0.13274276529049486,0.12558902589482518,81,False
185,0.051160826012666985,0.052295573719246355,0.04601770780930879,0.09887110349791642,0.052668248140797715,0.141383170280507,0.08303776354037516,0.2036155414225177,0.131134219905127,0.1398158456715369,81,True
186,0.06286327929387796,0.052056203236877055,0.029227677397373218,0.10547262762291446,0.050229506255460736,0.16014664474595658,0.06835980948946946,0.21776839472564472,0.13137375443942567,0.12250210279300013,81,False
187,0.007170400205181996,0.010729940644246068,0.019967540288168464,0.1492689604944108,0.01912736999492504,0.1910788935402794,0.07612377738532941,0.26584281207958843,0.10000560385566891,0.16068470151220138,38,False
188,0.05861465359316982,0.047494068838604804,0.032868948718767214,0.09946257644009927,0.03030856621705592,0.17092414279078896,0.07853296387547208,0.23238627277326468,0.12223172484802601,0.12717608190475127,81,False
189,0.05131984786085101,0.04223812406663613,0.020369339141220955,0.11828968788911359,0.0378519413160855,0.16192096541283388,0.0719232019315207,0.22262933162197335,0.13112820626608462,0.14232935449368023,81,False
