ID,strat_res0,strat_res1,strat_res2,strat_res3,strat_res4,strat_res5,strat_res6,strat_res7,strat_res8,strat_res9,ancestor,alive_at_end
0,0.06492201750755694,0.0459555459705491,0.013794687344882695,0.061867899727070685,0.09936763316056087,0.05919621110289016,0.09703330980675605,0.21848423876386805,0.3176605508250905,0.021717905790774965,0,False
1,0.0684655923661359,0.045561539312314825,0.02010811695081989,0.06727417581579605,0.10130407249438492,0.04922950305011143,0.09679852972986479,0.21511478756113525,0.30762390419247687,0.028519778526960072,0,False
2,0.0669928184193189,0.05211434188343073,0.01765632729263835,0.0747501973461513,0.07854559199036104,0.05551117526642024,0.10344940558453901,0.21138391001449264,0.3079660467330374,0.03163018546961036,1,False
3,0.06200119273404673,0.06050324403717936,0.030839275339524037,0.07043281473095397,0.09162870074031303,0.0534486531317708,0.10406983508278198,0.1950161067243043,0.2980432114633772,0.034016966015748516,2,False
4,0.06523728515698805,0.056330426171336316,0.009121794337246384,0.0711318179633622,0.11680298877074283,0.06369550753131592,0.09622205084087732,0.19650223302392236,0.2929767562626372,0.03197913994157152,3,False
5,0.07132759272335404,0.048405776619972064,0.02436450853838539,0.060685881115905185,0.10292033408819014,0.04789862951806225,0.09651661755407355,0.22596526516779314,0.31896256010219004,0.0029528345720741846,1,False
6,0.07046631268086226,0.043017281357985604,0.012641859645823613,0.06038742605995263,0.1157527618073893,0.07551590541817442,0.10923748527396827,0.20864801335860492,0.2865888321277966,0.0177441222694423,4,False
7,0.0513365348472273,0.047464904455650714,0.03201641635646205,0.05656953900309737,0.10144129737733915,0.06382723205133449,0.0886431613437243,0.23217412161932885,0.32652679294583586,0.0,5,False
8,0.08182046813892979,0.04919460475158347,0.03332254588508006,0.061647324873691504,0.07968483993202054,0.040451472722186556,0.10554060331974736,0.23740092932051673,0.31093721105624395,0.0,5,False
9,0.04773126012919828,0.06687531324412921,0.024618069258298098,0.0676963629747368,0.08359316728847806,0.057771537187094414,0.10632876951103638,0.19369327526311653,0.30623745049593104,0.045454794647981224,3,False
10,0.08368288483755533,0.05331056688955085,0.008960212951651211,0.06449796392034704,0.10496586794653023,0.04761768803549913,0.10545156724727789,0.2067322544951096,0.28464371133820354,0.04013728233827532,1,False
11,0.0803180502632394,0.041521584848433456,0.05193953078664044,0.04909549116964171,0.07339271201410306,0.031881546971736674,0.10041911986923627,0.24463379773593752,0.32382356145405994,0.002974604886971562,8,False
12,0.054882928541096186,0.07279005826857564,0.02908925601317416,0.06722846264053856,0.1046718178165407,0.05294322640899442,0.10558442098521835,0.18937663927821852,0.2877628429627527,0.03567034708489078,3,False
13,0.06526563454642491,0.05732697998051831,0.0466722957480192,0.07784363354913462,0.06802755024762609,0.06675323931881942,0.11055355606233626,0.18781843991792818,0.28477386830405915,0.034964802325133784,3,False
14,0.0605417904157448,0.04223433376499874,0.004619352474778287,0.06051871205771884,0.10236576324329469,0.055042410306461814,0.0945744330183669,0.22537062205993344,0.33004378086050823,0.02468880179819437,0,False
15,0.0682817013856771,0.047194596864261064,0.01672736061517371,0.07688182565812945,0.12588645657782022,0.055014460186003276,0.09830489938861216,0.20754822568715334,0.2787204007477841,0.02544007288938552,4,False
16,0.08642137313665475,0.05366445326602126,0.021273548493650655,0.07007500887750952,0.07822358605282317,0.06199181933474727,0.12337872001519096,0.17257417345329293,0.2897617903594451,0.042635527010664476,3,False
17,0.038290462089651846,0.07208486152842032,0.028056447400662137,0.07153815793080555,0.082889308875112,0.05021357148569187,0.1169062349932462,0.18592306297761793,0.3140788259238531,0.04001906679493896,9,False
18,0.0673483216335876,0.05132613919123769,0.03998861346022623,0.0569462837705999,0.09234591699521612,0.06315690431231817,0.07880621213544065,0.2193406619902569,0.3307409465111167,0.0,7,False
19,0.05512640895405678,0.05779401701067029,0.01883059477166295,0.057471122232193445,0.11747637991692189,0.055318671370677704,0.09189329560974505,0.20082646185456593,0.3034150646635466,0.04184798361595956,4,False
20,0.06195546251667243,0.04590185422052084,0.01126563949786433,0.07911916764156017,0.10924147312261404,0.0386812446203238,0.10667490084845116,0.2274725329277312,0.3196877246042621,0.0,5,False
21,0.06779986549371778,0.03913634731973422,0.022163368540557372,0.07602317452255543,0.09963082219959843,0.047284976041522674,0.10674805297085103,0.21883911531609448,0.31112621154615877,0.011248066049209757,1,False
22,0.05721221374888548,0.07744519420628483,0.02748538044367956,0.06878569473061324,0.09199245127819608,0.03709359304399978,0.10034422448683075,0.2020373254990567,0.3064368924634024,0.031167030099051272,3,False
23,0.06878336246105815,0.05039977353845051,0.024083244952003945,0.0759586524728304,0.06882378599819716,0.06455958437943134,0.11707576762775493,0.17876781152285012,0.3048128090016091,0.046735208045814464,3,False
24,0.05859106181896062,0.05534958400263601,0.026801184553585038,0.0699095095788368,0.09132112327068755,0.05507808185190451,0.0942488182548957,0.20723308474044722,0.305071718654326,0.03639583327372054,9,False
25,0.06583931269445818,0.0427278773623615,0.004987086237171976,0.06585057734382743,0.12051210399323005,0.04491934597883916,0.11187754972959922,0.2271840808959313,0.31610206576458105,0.0,5,False
26,0.05551025475233884,0.04639125358896599,0.023314639870557874,0.06806961588925727,0.11352291592645403,0.06049162067526995,0.09716040670285203,0.19150955208277357,0.31015136108072333,0.03387837943080709,3,False
27,0.07789022224460265,0.039192210707116315,0.01172751325892372,0.058074375137151975,0.09646969570365635,0.07275609632237365,0.09525799989246514,0.2199132163928933,0.30793149563888583,0.02078717470193101,0,False
28,0.0743720958036391,0.06620506380970805,0.00044824770742382273,0.07485830935764486,0.0909597989691194,0.045671877874272404,0.10455913173080117,0.20135654984327836,0.31531238660747324,0.026256538296639754,2,False
29,0.06452014183336871,0.03793867684329808,0.03442046247296882,0.06923947365690267,0.09456441403824309,0.05126718259440926,0.09900740730737469,0.22712346349421428,0.3219187777592204,0.0,5,False
30,0.04670396291542984,0.0419879664514354,0.03430007926684723,0.0768537707371557,0.09080501825667445,0.05010637636670168,0.08510925378796806,0.2186638039754451,0.31935811426284827,0.03611165397949425,2,False
31,0.06614636517903842,0.028761097827703884,0.02288609962366705,0.05828112056664324,0.10736039696720114,0.060498582731287553,0.08599666281546632,0.23295797754346614,0.3118975432787832,0.025214153466743057,1,False
32,0.0675953187802135,0.060801398816072404,0.030838922969396075,0.06140113441023843,0.10364563867403842,0.04653636002336399,0.09492194116898992,0.21105620198273833,0.3159911819026696,0.007211901272279328,5,False
33,0.061344779659346434,0.03876953757959071,0.0005868715802706384,0.07676576576951778,0.08982268427333515,0.07819570108640267,0.09543562940870547,0.22038367634455078,0.31215558573012847,0.026539768568151906,0,False
34,0.05178294230447284,0.06010864165796632,0.03049406186846838,0.07717409290993547,0.0877682891458411,0.056414458254393694,0.09683874869048788,0.20190255494222836,0.3008770776613698,0.03663913256483612,3,False
35,0.04978398097878859,0.029450911327998687,0.005770785463912538,0.07210764620693187,0.10235395591073367,0.05360490531180212,0.10012525476199376,0.2379921291170764,0.3164902149329224,0.03232021598783984,1,False
36,0.04212828100981396,0.06353986661442199,0.026366256407164793,0.0609182668832865,0.07162713961028007,0.037906786921616135,0.11703359837621201,0.19934003886541835,0.3332772387177227,0.047862526594063586,9,False
37,0.07467438915162332,0.038886474188086474,0.05062415133685381,0.055158000561254715,0.07105729800364952,0.05814891933264046,0.10709625909461618,0.2322195678726043,0.31213494045867113,0.0,8,False
38,0.063463653386743,0.06714427481198063,0.030117914383574175,0.0724322356390547,0.09224288425788897,0.06923101727386811,0.09975958214344663,0.18573320648910463,0.2806734203389924,0.03920181127534674,3,False
39,0.03942815097897406,0.0604526885953951,0.04011655489200729,0.06945461680693878,0.07951347753053158,0.048929979608926144,0.11252801359190526,0.17879362786769704,0.3283081146315475,0.04247477549607715,9,False
40,0.055278844930756535,0.06161791156033209,0.02298190324543953,0.06887703071763736,0.09515914883757877,0.04156428350955398,0.1299500273238721,0.20234842754242904,0.28100089475944046,0.04122152757296015,3,False
41,0.05351335884833755,0.05070804554079537,0.030255051471810183,0.06112798675288654,0.09257677060820785,0.03764162153953993,0.11132325850835337,0.2005277007684797,0.3233686727028649,0.038957533258724565,9,False
42,0.052310667362475465,0.06657426992256373,0.03827631697688503,0.053441227249214365,0.09288475036298036,0.06062449055388013,0.12296435551249583,0.18709572399651428,0.30225904984499236,0.02356914821799852,3,False
43,0.05934192802247096,0.061937345989689516,0.030290589353010475,0.05929787673329023,0.07234567090114181,0.05339018918579645,0.1101953650145202,0.2001448496381058,0.30268407062703373,0.05037211453494075,9,False
44,0.06485730378100593,0.057968770251527316,0.03089210292417145,0.08149292056352174,0.08031719047692673,0.045842593300785474,0.09742163396660246,0.2029977398607549,0.301767189392107,0.036442555482597026,3,False
45,0.048551869378427655,0.07125219701977917,0.03618264589446606,0.055410184179589476,0.08510243455237917,0.05160153105483134,0.11759176047865635,0.19803280360520625,0.29513513869890806,0.0411394351377564,9,False
46,0.04141022572541115,0.07371683822317512,0.03444290205815408,0.05377295030647202,0.09913860174919667,0.04767256930680453,0.12543444606550044,0.1992545878806806,0.2862073806580237,0.03894949802658163,9,False
47,0.05838489632367962,0.06006676916975218,0.01962260470531375,0.06021094928033819,0.11731113253058305,0.0437690258396104,0.10865493341936176,0.21131681616521122,0.30390760500381403,0.016755267562335776,3,False
48,0.055169275021866394,0.0705162118932753,0.00444083892418666,0.06805531792427727,0.09773137786996669,0.03741036043788582,0.10321491309731179,0.20086602768307593,0.33469638561597237,0.02789929153218172,3,False
49,0.06149606492849428,0.03857932959569137,0.011075853634534697,0.07005172972383411,0.084432038040571,0.0680953272086819,0.10427651418916538,0.21899164330142992,0.31275387120184855,0.03024762817574876,2,False
50,0.06231213397208802,0.05291160536199139,0.03841926611541904,0.07927107058455905,0.08767354473611311,0.06580202936716467,0.09687913845766027,0.19032312439592344,0.2887847769235596,0.037623310085521465,3,False
51,0.06820461793519383,0.069394739998989,0.028797715147525074,0.07224650530425694,0.1001004039097889,0.04957006532686996,0.10024399408671338,0.19373758553450798,0.3021537842913007,0.015550588464854244,3,False
52,0.06503419859111755,0.05384902757189364,0.026954073445002263,0.08025294431595968,0.08832328607902933,0.045555531869942406,0.10047848457879573,0.20116954235136122,0.2970698215458433,0.04131308965105508,3,False
53,0.06735338032241345,0.05609760676228756,0.020563964707382094,0.08346125496316983,0.10046719846385917,0.049304274741878415,0.10529642061095786,0.20125245322920762,0.2887331422938051,0.027470303905038795,3,False
54,0.05047065645621513,0.0664391219547633,0.028150534443477194,0.06494131307043671,0.10114844137837468,0.03029391553617816,0.1123047975678528,0.18296058370789117,0.2992405435690562,0.06405009231575459,3,False
55,0.08039789539978767,0.06116987415266463,0.039768379615642294,0.07448009775053376,0.07362805487750304,0.04705072125157568,0.0885402235232345,0.1992428740251351,0.2948276809370861,0.0408941984668373,3,False
56,0.06113109389955213,0.04278483397546214,0.0307084457681963,0.07498746553606828,0.08350749748152325,0.041975230028206106,0.10114719009406711,0.20176073827332083,0.3173302181583596,0.04466728678524409,3,False
57,0.052566294195027716,0.07951564583981587,0.03529212506262246,0.06675066323530268,0.09341792322551472,0.05924886429016496,0.07910380171438043,0.17802196369711187,0.30515785391999245,0.05092486482006676,9,False
58,0.055260009966562246,0.0659228796022015,0.028106401111386896,0.07168038099487486,0.08563157661827026,0.052844694458650435,0.09559252695837095,0.2065291660658885,0.30412532037381035,0.034307043849983926,3,False
59,0.05151143051580845,0.05584288663410948,0.025863800033404896,0.08592919293347032,0.09273736083543527,0.04684237855379074,0.0862485952212171,0.214401583437354,0.29988541207159963,0.04073735976381011,3,False
60,0.04279950643783502,0.06431824584931069,0.012185674740574153,0.06920240258280576,0.07909301522637215,0.05769778689645075,0.10789423659943245,0.20445054855374825,0.3235907061355446,0.03876787697792624,9,False
61,0.06026462091588015,0.06019422050586457,0.0335128467119104,0.054876308867257285,0.1146944654001199,0.0552385074292125,0.08583421949476804,0.21296092984511128,0.2959159941562102,0.02650788667366566,3,False
62,0.044418363602638254,0.06060444193141358,0.03587166318130241,0.07150529494684868,0.08733205388757971,0.08670789429081123,0.09604680496905041,0.18830268066579706,0.2831592697673323,0.04605153275722635,3,False
63,0.05530785119714989,0.06816053932872429,0.01939217455312717,0.08481446358270445,0.06331291830595895,0.05919594163799269,0.09970357477332892,0.18967549456905156,0.3143723083931098,0.04606473365885228,9,False
64,0.06306563379267356,0.06037769035814582,0.02270615691360536,0.06347962539342822,0.07936174362781805,0.05233613287032774,0.09928165249121595,0.1986676752707001,0.31362385562139716,0.047099833660688054,9,False
65,0.06456830111070767,0.07288491459065523,0.012209509385972239,0.058112407177030465,0.06837490765565239,0.06397383862883602,0.10245349503575121,0.19373292991552085,0.3184508332897416,0.04523886321013228,9,False
66,0.032341777100462106,0.06423405268277381,0.004835525675234546,0.0762664149507363,0.07659965180945748,0.05645603477340287,0.09946401972869909,0.19748330817007162,0.3211402198886526,0.07117899522050962,9,False
67,0.054549801828674846,0.074758871728562,0.04261704680202268,0.05981592086722725,0.0877251477354588,0.05834625277242826,0.09370371449492286,0.1868065527684081,0.2947348880696117,0.04694180293268359,9,False
68,0.06296173218190926,0.05165799359936229,0.03644968903283915,0.06490660024721973,0.0998740117064682,0.06114674039087839,0.10562520212185506,0.20252013925640308,0.29491730937357474,0.019940582089490136,3,False
69,0.07092990530652199,0.05072934312859767,0.02740158887548711,0.060621106179601744,0.08134097832906037,0.0447817493093888,0.0997981315013784,0.20989100022819132,0.31445854346014196,0.040047653681630574,2,False
70,0.05546701980304794,0.07148742322902867,0.020044980914861867,0.05418026660443022,0.08853442188201469,0.07129080599773986,0.09483973005774973,0.19598038819978866,0.3139439295111609,0.034231033800177585,9,False
71,0.05947546387500157,0.04045013155334923,0.007950659412591916,0.06989035103423134,0.10048938710803572,0.06368241483421086,0.12128062348990341,0.19700936583684095,0.3091401071225163,0.030631495733318706,3,False
72,0.044650896632268955,0.05208243839087889,0.024191710963111363,0.061170381189427206,0.10530959795930406,0.05276944337659207,0.1267964682335732,0.20813073591887896,0.29536724155663513,0.029531085779330266,3,False
73,0.022682021165331117,0.0680094151650333,0.027937655525003182,0.07280218894169596,0.09176216000927842,0.04601321803151918,0.10837075644924545,0.1951727369616802,0.31098674479382477,0.05626310295738845,9,False
74,0.059081817893744545,0.0637685721415436,0.020933148664541844,0.050717399045585025,0.11312351963691408,0.06890465590718636,0.09579458712946017,0.19813316443069431,0.31308996922899757,0.01645316592133242,3,False
75,0.06671784258926541,0.05822573873938742,0.03164890995092548,0.08123986358476594,0.09117842683681583,0.04199624354196193,0.10001948596823443,0.20560029129361412,0.29782294257156733,0.025550254923462197,3,False
76,0.055337616661301686,0.0724962152786095,0.026444776113683153,0.08212472231983024,0.06821776262988712,0.05400419144773116,0.09037753256386588,0.1918516499660813,0.3126553401944442,0.04649019282456578,9,False
77,0.07789625203213506,0.05427935357876717,0.025166364718647832,0.07288213216563602,0.10325079786117891,0.04151126118994749,0.09410635856294526,0.21135897776426613,0.30436800597522046,0.015180496151255617,3,False
78,0.06963961291594604,0.06763936328621459,0.036103597454294194,0.05637178993603031,0.10250460392398762,0.03369254762591466,0.10375534853260733,0.20730243405434295,0.29799717788859637,0.02499352438206585,3,False
79,0.0536817316651244,0.04270821420949044,0.04882726533925711,0.08358143954639616,0.07595264795170123,0.058906949628328306,0.10392209340454343,0.20488351392741422,0.3028732196916654,0.02466292463607931,3,False
80,0.057105249115814584,0.06902177050063789,0.035150280705334665,0.06131045307585445,0.09360765730967073,0.04576910984714907,0.1026276576385261,0.20610669892571945,0.2943212336550573,0.034979889226235954,3,False
81,0.05354402813819316,0.04777484291057183,0.050061491148639684,0.06472537535389446,0.10402055119412083,0.062071441746561054,0.11011732794186249,0.19174030246822837,0.2882025613966421,0.027742077701286037,3,False
82,0.0589720546414688,0.08037506628593262,0.03076516001414734,0.051523941478061046,0.09519978279281822,0.05401734817570744,0.11192292801359952,0.19258980852746577,0.29154835555882436,0.03308555451197499,12,False
83,0.04442815903417843,0.052465481048948825,0.033051040521611584,0.05952737297436073,0.10167495520747162,0.05502082812166711,0.11088918026183225,0.1939170925760879,0.3122915974042857,0.036734292849556004,9,False
84,0.06624174919393351,0.06477278140508996,0.02696202587951698,0.07234225755225958,0.0933483810076632,0.054624019970723574,0.09193396197395942,0.1977033451669434,0.28688442560057276,0.045187052249337646,3,False
85,0.07799729550346982,0.06167994725754017,0.0325321983861105,0.07378040789523195,0.09214250484068436,0.05267231648403149,0.11908056020684248,0.178412942076924,0.26947521071247454,0.042226616636690625,3,False
86,0.05779066514212508,0.07153161048567981,0.017401911440750997,0.046365368346051525,0.08203992149530331,0.06582549341843093,0.09620390278415195,0.20268151342204296,0.30575607767285234,0.054403535792611146,9,False
87,0.0534352447470073,0.05397955251823448,0.042383896050297555,0.07179655229984648,0.09149977369370531,0.06802085520898478,0.09341888432260548,0.20123098372348597,0.2924599413438754,0.03177431609195729,3,False
88,0.07389823522104207,0.053707955989886154,0.03815396684092471,0.057812458099515227,0.09223466387755819,0.057312154991688395,0.11565116872542963,0.19343523343627836,0.2895814258340761,0.028212736983601203,3,False
89,0.08631036185007664,0.0321593442340546,0.04599439295125441,0.05062467467365653,0.059931659964835814,0.040240931672674236,0.08247980304976912,0.24228455149108705,0.35352486383822884,0.006449416274362701,11,False
90,0.04716539661316038,0.06760174735257662,0.006955406159497593,0.07049876721956845,0.08642045483416412,0.06914447806463378,0.10960742357780778,0.19706725692221871,0.30613833458941697,0.03940073466695554,9,False
91,0.07515398091052286,0.04654252257073522,0.03548130874799461,0.06987899156966829,0.08269326110287029,0.045135249334640214,0.11313966673387292,0.1952972728247156,0.2977306626028999,0.03894708360208019,3,False
92,0.05716580161658069,0.0436800417700349,0.030432828739434262,0.07759700825938888,0.08178633556663553,0.07104925560737255,0.10165634678080918,0.19046097214756635,0.311420215690238,0.0347511938219397,3,False
93,0.05725460013043869,0.04806454923367252,0.021026577022868073,0.06508034564890662,0.08170554547108964,0.06744174354629251,0.11522210694573871,0.19969943709618368,0.3130098328565707,0.03149526204823885,9,False
94,0.061779239010820115,0.054194995994092644,0.032027933563223185,0.05633119755630226,0.09902661611785053,0.0668386484954693,0.10468815366627253,0.1932576372627575,0.293547517482936,0.03830806085027574,9,False
95,0.04842574939632388,0.051470742490552196,0.02735060262206403,0.07432778564155029,0.09603974002564096,0.05550828802293542,0.09007379040819101,0.2049214808442726,0.3113490391916283,0.04053278135684126,3,False
96,0.07702380694259123,0.040757392292041776,0.03279276572389869,0.052046241777101994,0.10393632287457438,0.06290227531952425,0.10255064224040727,0.19189757054734038,0.3093251748586714,0.026767807423848676,3,False
97,0.05825659806345587,0.07400685942294676,0.04351457378767712,0.08006246841188351,0.09542318137036279,0.04691260047721935,0.0928276946138712,0.18387999973674526,0.2922920158785576,0.03282400823728055,3,False
98,0.042101236854339474,0.061570713848878834,0.01789768377139902,0.08455655472833139,0.09882247169037406,0.05868580592841369,0.11533733669768668,0.19246496039591313,0.29118946136662055,0.03737377471804305,3,False
99,0.04336199723888046,0.06655825123346862,0.03146727966351836,0.05533896827390229,0.0682014716781202,0.05785874548254599,0.10429496327780281,0.19672988729746202,0.32820039808998636,0.047988037764312805,9,False
100,0.046859741471949976,0.06409703766705778,0.04270428111055405,0.06849837259284208,0.08274601878187193,0.05994309075631417,0.1123015466449245,0.17488316694383416,0.2985291939332725,0.04943755009737885,9,False
101,0.059892636102397256,0.06183977145718493,0.04779031624284719,0.09148077049560555,0.08747086235019709,0.05838564363857651,0.09952479058445299,0.1918304851778973,0.28431519267095584,0.017469531279885295,3,False
102,0.04308153097579392,0.046756926525670976,0.036825162812340495,0.07027444428754588,0.09537130055639982,0.05797261601333529,0.09810972681015956,0.18793243920122027,0.315653512961217,0.04802233985631675,3,False
103,0.06157938245439129,0.08028030574947938,0.024681215624399264,0.07362814258682682,0.07635573383638003,0.06564699722332215,0.08658042889951685,0.1926795174333463,0.30295366221011966,0.03561461398221825,3,False
104,0.04712108230761398,0.06272704706004692,0.03661670085190693,0.06439062066047,0.10044225197820772,0.052838930731153394,0.09636427730907882,0.19390969477074524,0.298059313421838,0.04753008090893897,3,False
105,0.04795967668119015,0.05596754843224969,0.03649811782421162,0.07967486811804142,0.09371260593646051,0.044980335481538736,0.11732146118342672,0.20192298591255686,0.2933605733954263,0.028601827034897904,3,False
106,0.062352784706927844,0.041502511525077675,0.035766501057885,0.07178005180691815,0.10149719331613713,0.054152302162290084,0.10900066436492606,0.19151800330011295,0.2881758436414595,0.0442541441182656,3,False
107,0.06139555238580454,0.061848226788925355,0.05452380137584123,0.07256247055016546,0.05976647955922204,0.07863950106392498,0.11306081273884291,0.1944861382674481,0.2747636695806249,0.02895334768920049,13,False
108,0.0602546770675464,0.07412620836742063,0.02595598437355497,0.05565902939144073,0.08277061031210967,0.06446916755089806,0.09543289807751307,0.18560223928925482,0.3127920917039927,0.04293709386626897,9,False
109,0.051349123484064285,0.06232537936635172,0.040942103826578306,0.06941417514232275,0.09113313842204825,0.055122505770671716,0.11905995048697235,0.19069256010532445,0.27587131582942787,0.04408974756623838,3,False
110,0.04332616379448858,0.05391021381398676,0.023365860996398893,0.05464877575644477,0.08684584748651837,0.06553951048389489,0.12665750620752048,0.18078200727394445,0.3141678454082382,0.05075626877856458,9,False
111,0.06659160343794011,0.06668290081851425,0.008895922639324204,0.07484109375006379,0.08420264415497197,0.0575608928125816,0.103406683473742,0.1964721516064274,0.30645899436301755,0.034887112943417106,3,False
112,0.04223248415251401,0.06961132051159089,0.00883920851165098,0.06904558186787244,0.08753805521622067,0.0462028938646613,0.11253951039583203,0.20830394894606052,0.3206032911888619,0.03508370534473534,9,False
113,0.05030142992988018,0.06559726069934901,0.02502437061881265,0.05806273880670253,0.07509845365846805,0.061972772535216616,0.11210796343506498,0.1913991748742729,0.3068752312578761,0.05356060418435689,9,False
114,0.07842106995896811,0.04551700062552865,0.02898496776741188,0.06199712637931078,0.09775895864815705,0.047328310998602775,0.09073548662945434,0.21227431471161623,0.29120727525966905,0.045775489021281056,3,False
115,0.05287813615094866,0.06359735341052741,0.047366646733896206,0.05900141238458848,0.09112946256130344,0.044653691888360346,0.103625575557766,0.2100209109347366,0.30182328769496924,0.02590352268290354,3,False
116,0.059759540493493545,0.054480841896463114,0.02931953458919285,0.06942284398465626,0.10079016451474657,0.05847943985250113,0.10467275310612355,0.18671752257655794,0.3015109866345069,0.03484637235175832,3,False
117,0.051279422983463656,0.08047168804508141,0.03534274303356917,0.041766528451229974,0.09058113830736196,0.056220387664092125,0.0931061952333011,0.19781607415160013,0.31683173905566375,0.03658408307463673,9,False
118,0.06101904342856664,0.05652540323734222,0.031193956652241533,0.07546787541546938,0.09516347860527234,0.05494479244711195,0.10160493414712064,0.18865450431395456,0.29495189985923853,0.04047411189368222,3,False
119,0.04330956277047741,0.04834116236261144,0.044481600288545906,0.06726138605843106,0.07854690364829339,0.054022100909989025,0.10215454534652442,0.1940739027142161,0.3110264043565824,0.05678243154432888,9,True
120,0.044909511760766595,0.07556612007752166,0.031566725370056524,0.08016389150368612,0.0868911946833453,0.055186789054350226,0.10270217091565927,0.19111864483505334,0.29310034769923543,0.03879460410032553,9,False
121,0.0540130553661555,0.0640105249152517,0.035484439344005345,0.05733667954578872,0.09078254124026561,0.06417054748060359,0.08879756255643131,0.191815319926075,0.3091808592137212,0.044408470411702095,9,False
122,0.0730375746220161,0.046794841150511135,0.02178899906541705,0.07475738115586879,0.0766080988162509,0.059380336538878684,0.11346975102227114,0.20361166935361144,0.30428039171921745,0.026270956555957327,3,False
123,0.0709923463539191,0.06222591498434874,0.02977885760976278,0.06783636907678102,0.11163615361438205,0.04645913244643346,0.09321332114502526,0.19041076396951173,0.293179111146924,0.03426802965291207,3,False
124,0.04671387894264009,0.06265596569914708,0.024845986405258126,0.05044093643753398,0.09881589742666347,0.05240672401716956,0.12365624599470959,0.17600778954060867,0.3049865262090261,0.05947004932724328,9,False
125,0.06268185536217986,0.06539011236308226,0.03275530214038062,0.06821363229755578,0.0969484835805684,0.0467311498506003,0.09996820348788651,0.1895322705873151,0.30610470490603775,0.031674285424393434,3,False
126,0.0532258891557871,0.058612746740247114,0.03805524254530847,0.04036682957535689,0.09844596134051034,0.06805196155300951,0.11687790876345129,0.19118088557161156,0.2957060049146881,0.039476569840029584,3,False
127,0.042974459148817104,0.05263426362538001,0.01330294621542208,0.07917437647190499,0.08718399054947693,0.030357045841706724,0.11926525828982852,0.21549880949614483,0.3091390663814968,0.050469783979821964,9,False
128,0.05273499076222692,0.08078306528340055,0.02142435911391653,0.05699745462886596,0.09080745387381264,0.06255317433982253,0.09882122180497524,0.16990187149978425,0.31003158772141115,0.055944820971784104,9,False
129,0.07770630979712899,0.07034499061803386,0.021627986846470697,0.08297042647141549,0.09676404178347237,0.04564549504284718,0.08375889141064241,0.1851289192034262,0.3057079441486011,0.030344994677961708,3,False
130,0.04990073531620702,0.053760373324933046,0.042565003898221605,0.07552684153537616,0.10581851614429236,0.053083593627583255,0.10993649134440314,0.17560098109271602,0.3030264006204034,0.030781063095863995,3,False
131,0.0430046629327644,0.07130313800771085,0.02919294903847931,0.06293700489659218,0.08449170401838182,0.048645767144308995,0.10480897473154731,0.21256414783313224,0.2998569569224511,0.04319469447463188,9,False
132,0.056066812398058136,0.0730545908588401,0.02579206432351028,0.08959636649170057,0.07950499160290764,0.05476646417387512,0.0951218517624281,0.19700500687729827,0.2986576064282441,0.030434245083137742,9,False
133,0.0516996001042494,0.06596619211479633,0.047773661536131024,0.09560199894303789,0.06124591096476539,0.06345639942714829,0.10930232469941743,0.183004046850752,0.280365366507135,0.04158449885256722,13,False
134,0.0659204958423971,0.05685933276681197,0.06296131289761595,0.0449788496994682,0.08266868827943238,0.036334699848706874,0.0859840432140517,0.23352553473788173,0.3198373539776966,0.01092968873593765,11,False
135,0.09536044331947177,0.02607405201501834,0.05000133892223802,0.03811683939722577,0.07553248250426942,0.019481673731164623,0.09233853505186579,0.23779768335895435,0.3295540941275485,0.03574285757224343,11,False
136,0.062411092891501915,0.06025505481208162,0.03667715807173501,0.08340426180223504,0.08861036991054555,0.046802062841615436,0.09355817436961542,0.19761707427316164,0.3098385662428211,0.020826184784687354,3,False
137,0.05751884566207326,0.0645526918032959,0.01258456485643728,0.08957392465057767,0.10076553940202938,0.054843168997990716,0.09905892659332503,0.1948024877157637,0.29304544332334775,0.03325440699515931,3,False
138,0.05059580253236901,0.06018086388539955,0.03908067472611936,0.07428224945307181,0.09959720534092584,0.058249365169496733,0.10660900721183532,0.1880330204747854,0.2958159249265317,0.02755588627946523,3,False
139,0.06020069390539754,0.0708238813265115,0.026799874674524563,0.07499864483330135,0.08482121498554113,0.06973806356688678,0.11198002463916966,0.18733965450252504,0.2711817219916611,0.042116225574481275,13,False
140,0.008845443088218762,0.08275193922325218,0.04101202709671845,0.06486065668741715,0.10040965874990603,0.04475292847508107,0.10324644475797995,0.19900816928775367,0.30934144869606234,0.045771283937610416,73,False
141,0.07043843647145913,0.05586080475214132,0.029148409964210146,0.05715565791440329,0.0931328486922418,0.05959743003017623,0.12257694346058069,0.20677781099903875,0.28090808395122413,0.024403573764524393,3,False
142,0.06707473121955825,0.07244775835397219,0.041453284597935874,0.058188195968921955,0.07203579965069719,0.07698099121339262,0.11775611900893922,0.17374766161380878,0.2930335325549557,0.027281925817818225,13,False
143,0.060844670352652966,0.05862545744434759,0.03343767097688339,0.06197348442827201,0.09775147106450742,0.05999162135297758,0.10653634236823574,0.18371726852532486,0.28157057973779553,0.055551433749002864,3,False
144,0.06570875528698465,0.06389149310064701,0.026568500415770555,0.07733361857689348,0.09404098743625908,0.04887913691528812,0.11595529969254416,0.19897738181678035,0.28519051337694773,0.023454313381884737,3,False
145,0.061700946172527436,0.05005141118393912,0.060768572597114795,0.08682720070182481,0.06518843572218137,0.07951338784427599,0.09247095638991162,0.17996235245854425,0.27628909972941046,0.04722763720027015,13,True
146,0.05648189211740919,0.04564054580234126,0.03495872805229142,0.06692262074220756,0.07504244982480056,0.04239194805734098,0.10454010690123594,0.1990123087673711,0.33695041965564765,0.03805898007935434,9,False
147,0.07367142222209021,0.04012838594903255,0.0504285817772559,0.03595426121068224,0.0803017493283555,0.01764444255356332,0.10352330532401748,0.24938414042103046,0.3298421526533529,0.01912155856061939,11,False
148,0.06281529264589368,0.06295578703758294,0.04211704910186375,0.06147724803192236,0.0995737430574071,0.06802574703185636,0.09410602022545765,0.2078949338611621,0.26841451926156396,0.03261965974529018,3,False
149,0.0701410666589683,0.0476310175675856,0.05199109369735085,0.0731639890356996,0.06919312166915693,0.08391577137640892,0.1229672780631358,0.17818504853622322,0.2750060724661511,0.02780554092931972,13,False
150,0.05033664100801588,0.057311415617504316,0.05526606194566589,0.0731650484474225,0.07469021426565506,0.07001155011714386,0.11422135819554043,0.19578773773434338,0.2743940706285255,0.03481590204018314,13,False
151,0.059883369002136144,0.04806733044770069,0.04055921389277026,0.0788025819106344,0.054043157595372954,0.05948464641792607,0.11133229901183264,0.20992889169924983,0.300863942550897,0.0370345674714801,13,False
152,0.06295810581065905,0.07772799788615917,0.03905594633071216,0.06459502772143734,0.07469495442544778,0.06126130034777618,0.10554073425394396,0.1987912158851019,0.2820780852610988,0.03329663207766363,3,False
153,0.0908520130698961,0.03854421548846398,0.07061494238725911,0.04601350051753664,0.07339974432857638,0.037048693251417866,0.08873047145705146,0.24100360758296346,0.31379281191683495,0.0,11,False
154,0.04265990506593268,0.06525915473610774,0.026817737049763365,0.06478035738523051,0.08950186448907564,0.053101010567545494,0.10302082094933494,0.200674106486833,0.3063058670199752,0.04787917625020139,9,False
155,0.04940844594114319,0.07242977055312272,0.018331376564911652,0.08544497151720229,0.08006900067613454,0.043263607805052,0.11744506775362012,0.183748874069903,0.3122763281648323,0.03758255695407808,9,False
156,0.05636882312468945,0.06801269586646046,0.012970576662016342,0.0615922734962253,0.09033945763755398,0.06819201672047287,0.10933696851076113,0.21162397974996794,0.29050998928973515,0.031053218942117482,3,False
157,0.07392285508673867,0.05442690048281746,0.02414510057837949,0.06928230046755071,0.08962922636456404,0.07446922948033839,0.09725769328343482,0.192575486662173,0.3025612113426517,0.021729996251351767,3,False
158,0.028041902144430836,0.07486058293791156,0.03657506964766681,0.04750844399282112,0.09232209536248995,0.05037635671028045,0.11658049323301602,0.21782340386228632,0.290309952590124,0.04560169951897277,46,False
159,0.062413883456036476,0.0732257395351408,0.04880259476144936,0.08350049612842235,0.08089871355844269,0.07954581890296987,0.10804855453664632,0.1763214335970404,0.25310944352375403,0.03413332200009782,13,False
160,0.06487347048301617,0.05401593659467152,0.05672812243507911,0.06163735035417905,0.05969202416724732,0.06462466481252485,0.12153210013098585,0.1907900686058611,0.2933903859167949,0.032715876499640084,13,False
161,0.05713002938872766,0.06560699978930334,0.052806230307041985,0.09632172228472743,0.05857368862813554,0.05509286619714331,0.10669014019115244,0.18787677033697806,0.27799007490721717,0.041911477969573015,13,False
162,0.057722337304468616,0.06757670007662277,0.04957051363393017,0.08982052671531046,0.06435311992931556,0.0712756588090058,0.10549957272038933,0.1770074209167322,0.2763532331793433,0.040820916714881667,13,False
163,0.03659656909587209,0.07317015209083283,0.01651010381143866,0.07107730149148443,0.09101176514132386,0.07604914808344809,0.11232640663946053,0.17482793249140588,0.29858969559724924,0.0498409255574844,9,False
164,0.08181131917013422,0.048354689522569806,0.05513293650375154,0.07581020703307924,0.07869170676248644,0.05106250403445439,0.11205352677680736,0.17775766481551905,0.290030309957593,0.029295135423605,13,False
165,0.06332463978416637,0.05747721754700784,0.016398856952912197,0.06343256609407504,0.09044195040983506,0.07037939956738497,0.10525746718191752,0.18833811164483819,0.3182276184717503,0.026722172346112433,3,False
166,0.052595489490175534,0.0536356527485759,0.041103354340155066,0.08376205771383226,0.09188568407207015,0.06675230863907432,0.10589706077903603,0.17954916827049866,0.29392924381127367,0.030889980135308342,3,False
167,0.0691936379773338,0.04820846191510473,0.055352648292917715,0.08366500648352976,0.0741500174189752,0.06397057353728677,0.10527147358413627,0.18473496287123597,0.28723188065215266,0.028221337267327035,13,False
168,0.10560055526279946,0.02662692344384593,0.033808885119703154,0.05338782013778945,0.07324714940870063,0.034263211184542286,0.07997551414192255,0.24825624980167882,0.3336015219333353,0.011232169565682423,11,False
169,0.0673773873006744,0.059137452095867,0.03939317902394052,0.06704345501063602,0.08173874418680475,0.04486082589446903,0.1061789779266293,0.20103712553382105,0.29061807713173404,0.04261477589542388,3,False
170,0.07775654484473944,0.06037337986585943,0.05183542198824247,0.08283274420911362,0.060738035451287684,0.07239203356276534,0.10510674589913765,0.18191469427026594,0.2743388563364578,0.03271154357213041,13,False
171,0.08189048340975438,0.040343335024666166,0.061947903709646465,0.04403336339975001,0.07061955042892398,0.04863163142838719,0.10411335141628549,0.22437241319333925,0.3240479679892471,0.0,11,False
172,0.09771458597718508,0.04086513225651571,0.03451538008117234,0.049230732131773036,0.0831037691899351,0.025475052387218797,0.11062531690298683,0.24951915665472185,0.30561300691631,0.00333786750218152,11,False
173,0.07705990774793323,0.04137224707663889,0.05902233242694095,0.051246615079745386,0.06940084520768366,0.02614630078471983,0.09419249465227875,0.2547970107025359,0.3215825052464785,0.005179741075044872,11,False
174,0.04266572535069202,0.08390128565065415,0.03187616378064109,0.06605846619955626,0.08382206718112475,0.06268350367676866,0.10994040129827942,0.1863681454035691,0.2946556457740455,0.038028595684669056,3,False
175,0.07561201960233861,0.04589169881615749,0.05774433721369785,0.05284525745352182,0.06734200147620686,0.013456180387918692,0.10066454834829339,0.2519745059615138,0.33245691205166444,0.002012538688687235,11,False
176,0.06002406975418149,0.06554868326059778,0.024882894266422095,0.07918146343681408,0.08540649528573169,0.06030609534829189,0.09948625930450282,0.19344315203370774,0.28198113395887237,0.04973975335087795,3,False
177,0.0623976497539699,0.048864343491584375,0.05395798185015789,0.07662477208239721,0.07678131116288756,0.06430135884363743,0.11817353366033455,0.19334093571300418,0.2809574357797614,0.024600677662265518,13,False
178,0.04682244857339242,0.06550876053099823,0.04376581657217518,0.08267545025503396,0.06554669269006679,0.08023225696209067,0.11299366201329433,0.17141841490472162,0.29573561142534777,0.03530088607287891,13,False
179,0.06489514130309958,0.049446847045554576,0.03212161893008619,0.07612103993938403,0.0786820315838135,0.05345096310415933,0.10718176077706844,0.2043283492030873,0.30557613851821963,0.028196109595527378,13,False
180,0.07024856735047251,0.04901334973685714,0.06308974944167893,0.07490919403409987,0.07263252296873544,0.050176163337482815,0.11639260232954736,0.1841243267823065,0.2902880564799789,0.029125467538840648,13,False
181,0.07269638215976197,0.06543029065040151,0.05658893804092532,0.0704447555299274,0.0711507896661948,0.07719083016078114,0.10593252723259376,0.18290132600412878,0.27935505810924666,0.018309102446038693,13,False
182,0.08040914457147995,0.04563681063828788,0.041170769110251144,0.08348100040919403,0.07563808102760547,0.061555776299972755,0.1047505389531704,0.1858340953840811,0.2859873409013595,0.03553644270459781,13,False
183,0.04830643008600388,0.057337613253762534,0.04365950122041314,0.07380451819311726,0.06666233615306505,0.06587958412648527,0.11608646503842286,0.17275444274383248,0.3112047150655361,0.04430439411936132,39,False
184,0.05881221741303377,0.05666692626182468,0.06852603662276846,0.07449792600131659,0.07005708912672633,0.06257306428462306,0.10591857169064084,0.19889793345269147,0.2770396475039608,0.02701058764241407,13,False
185,0.06364653251664369,0.05792325733256868,0.03161086997949047,0.07221511043606896,0.0981830137313821,0.050475308292903705,0.10802260401995308,0.1913572503261059,0.2974550860425245,0.02911096732235881,3,False
186,0.04234197749040171,0.06425385800823201,0.05731888171023206,0.09101276639721634,0.08079045794764252,0.0638672243853144,0.1156537066306518,0.17939906915349843,0.27520473033787124,0.0301573279389395,13,False
187,0.06432203848913133,0.058342692581286694,0.04173158004041329,0.0702697677965588,0.06187968987307455,0.07093181536258783,0.11406051354360237,0.2029791338790396,0.2751393716104207,0.04034339682388484,13,False
