ID,strat_res0,strat_res1,strat_res2,strat_res3,strat_res4,strat_res5,strat_res6,strat_res7,strat_res8,strat_res9,ancestor,alive_at_end
0,0.06372702702694973,0.37895722115232355,0.00938025904046626,0.17824672985143983,0.06290624571386871,0.01857944078250536,0.0031763318740452014,0.15611789919285068,0.09235309596566886,0.036555749399881717,0,False
1,0.07103000343106616,0.3715122580774013,0.0,0.1653443015337222,0.054012326636531,0.03412260364357183,0.018225293174066466,0.14917478173373458,0.09029427896352336,0.04628415280638313,0,False
2,0.0718657910065562,0.37381330714613414,0.0,0.18570396338544481,0.06657136983895062,0.008870896988241853,0.010921674316451774,0.13908019526163506,0.09660441473785426,0.04656838731873122,0,False
3,0.047031088460604296,0.3758841427176879,0.013993024668945383,0.17516771571737694,0.07125202832600103,0.02972133890503683,0.005451662445163661,0.16117749173495036,0.09275820481113596,0.02756330221309764,0,False
4,0.07159591052732503,0.3655300902389416,0.0,0.16505484885300822,0.055593753890426534,0.04294299010233024,0.024963155173707417,0.15149088649577624,0.08521755354417226,0.037610811174312454,1,False
5,0.07176691164638371,0.35914590767805726,0.013744624476255829,0.1672446162024376,0.06385050706001018,0.03658991531890087,0.011253458303050135,0.1579098131028516,0.08802531183197063,0.030468934380082066,0,False
6,0.06502531998771009,0.3677951035376537,0.0,0.1633795086529445,0.047947142700124776,0.025599326725244412,0.016261478878931233,0.15294427565935712,0.12080970463766405,0.04023813922037021,1,False
7,0.05864697854328086,0.3877484299472327,0.0,0.17158824109647253,0.06579641109367834,0.02647136236582417,0.0031346564030892005,0.1468838167093778,0.09761618862605799,0.04211391521498635,0,False
8,0.07474615795036399,0.36914863406594045,0.0,0.15884106734387718,0.06264579225224283,0.02365609340410122,0.014531348901189824,0.15898214575761277,0.08531795964095548,0.052130800683716165,4,False
9,0.08938433695239655,0.38270242543984256,0.0,0.1725945786846633,0.055638196927316,0.015759240786115063,0.013574666130629506,0.13046863764447922,0.08980895170459101,0.05006896572996681,2,False
10,0.0490888484077345,0.3756821684718986,0.021263189621665585,0.17290519257478773,0.07496362740346167,0.033813935299344525,0.0007552548871175746,0.15031005640101008,0.09643970864308792,0.024778018289891943,3,False
11,0.05603362206755049,0.3893671327376453,0.0,0.18418318584119792,0.06729041460681924,0.0,0.013160276335659632,0.15100846892810194,0.08956089136671352,0.04939600811631187,2,False
12,0.050368698653097094,0.3773059531245157,0.011333072832588774,0.1826030030117031,0.06798677780493496,0.029097004363596326,0.0,0.16475145981909042,0.09615860318927502,0.020395427201198583,3,False
13,0.06966817125079143,0.37655131528223756,0.0,0.1861786097368337,0.06587068422030103,0.0,0.011030324466056696,0.1469906163836051,0.09774999544529905,0.04596028321487529,11,False
14,0.09577965510538235,0.3859519455163312,0.011697095546165359,0.15626949155739947,0.05323897233087557,0.0426351457194164,0.01053920981363546,0.1392235114330557,0.06703913597789624,0.03762583699984217,4,False
15,0.050618370310636325,0.37381906666437437,0.013666187982902256,0.17917158881826326,0.055799277438886914,0.04384516410385272,0.0,0.17152305973477064,0.08272297179312885,0.028834313153184667,12,False
16,0.06932116612177433,0.38224952969658654,0.023570421107283534,0.18775597640482705,0.07375009535765488,0.0,0.0,0.12726524580754653,0.08878597701738399,0.04730158848694322,2,False
17,0.07445282241346714,0.3399300318169345,0.024582259798298728,0.15964051218720715,0.05363854380355878,0.046744336858423205,0.010783364082940464,0.15908371136165086,0.08862011254617758,0.042524305131341596,5,False
18,0.06981367797275889,0.3623905879669313,0.0,0.1523834183719973,0.061419235779234166,0.03760005399864548,0.03453533596198163,0.15917771618188478,0.07759918959998079,0.04508078416658571,4,False
19,0.06080321882822175,0.3497707684105608,0.0,0.18474572315452092,0.08684461974964831,0.03723411851283164,0.016718809345015698,0.15075265847331482,0.07047495151847417,0.04265513200741188,0,False
20,0.0684250084088734,0.34945481536304046,0.021803577722226367,0.1835742843262698,0.07137941282859456,0.0263495508184102,0.01367600023961317,0.14785511616949482,0.08775461522972107,0.029727618893756153,3,False
21,0.07350721567562417,0.37336703374921965,0.005797766796146364,0.16975095936155096,0.0656021897293682,0.039281674220038525,0.0,0.17094842797335003,0.09678517068585535,0.004959561808846681,3,False
22,0.057623012861285794,0.4000090826682954,0.009057897143393698,0.16873481419701725,0.06167588535880427,0.006154334730661582,0.01905880845520238,0.15290006909772347,0.09296572946601643,0.031820366021599794,0,False
23,0.07807932406463293,0.3742435580689336,0.02077105076111595,0.16584029092048105,0.05420741636696032,0.01894960562069452,0.0,0.15035957944022893,0.10091273344234616,0.03663644131460659,1,False
24,0.07831993435870589,0.3460376848987291,0.013362809959676715,0.16772252978855282,0.06584565493911443,0.02389195740910056,0.021479953859583015,0.1432029457418308,0.09480335356365635,0.045333175481050265,5,False
25,0.061894194046160804,0.3750658851241521,0.0,0.1716196795470097,0.05383810785338146,0.03499854122412517,0.022693693851620376,0.15809124003905667,0.08944935691268507,0.032349301401808646,4,False
26,0.07743105536307968,0.3836766311617314,0.014443482564205442,0.15836327225673935,0.04281594502736691,0.021421175814624317,0.02112453278431439,0.14964252258067118,0.07928757417738735,0.05179380826987992,4,False
27,0.05290169477696502,0.36830937816427073,0.0,0.17586697776402496,0.04983284741524522,0.044830628544034155,0.012748663674889131,0.16230841429901346,0.09489105901522887,0.03831033634632846,1,False
28,0.06495916938905118,0.36887189601300163,0.0,0.17110870108238507,0.0653961027968968,0.02006162465962041,0.010610403869140493,0.14605828408342816,0.10527633820553314,0.047657479900943135,2,False
29,0.07527962033706267,0.34668672833446845,0.016640357854860583,0.15958704086821257,0.06145313068864573,0.03580061248869269,0.014924007323406102,0.14847984673434572,0.09154512169076838,0.04960353367953733,1,False
30,0.07527804980276032,0.4045289433857862,0.0,0.17296060636787314,0.05187102946262055,0.008732859873548892,0.007150732173041867,0.1457069678288568,0.08386081329940498,0.04990999780610718,9,False
31,0.07082776990522296,0.37567462333388746,0.005275744161950047,0.15431054617246054,0.07898254474544113,0.029029263854136296,0.012738378802143159,0.1663706683101028,0.0864477443897144,0.020342716324941196,5,False
32,0.07621252282641398,0.37398337841000134,0.0152805455476779,0.15415080943760007,0.04467566371164357,0.036905835132391776,0.018349551692356872,0.15050997027304966,0.09079048392284293,0.03914123904602185,1,False
33,0.061723777539226116,0.34326615066115174,0.029112278978350545,0.1639552292867954,0.0779017216501057,0.03227689027735465,0.019670060464972803,0.15543100616246883,0.08262194763191391,0.03404093734766036,5,False
34,0.0808582929854853,0.34155384880221906,0.012050880342397704,0.15838941900827935,0.06940654675795217,0.028402758434934988,0.011127585221092631,0.16722907255906935,0.0924260049739967,0.038555590914572745,8,False
35,0.05697495352789624,0.39317608549931543,0.0,0.1475406822847828,0.06423044566893009,0.04333349566746726,0.023241858660058658,0.15327140098125322,0.08316502563988325,0.03506605207041307,4,False
36,0.06010707846958991,0.3811857476814213,0.0,0.1600225010319064,0.053807020819194765,0.0473243983468479,0.03446237379492883,0.14980085958089934,0.0788301451392857,0.034459875135925876,4,False
37,0.07535286938407974,0.3596342145257464,0.015356379142600662,0.1614552937878593,0.05438639909910568,0.05168319648075882,0.018874012345896668,0.16447024759559367,0.0879079491812311,0.010879438457127914,5,False
38,0.08846387954983048,0.3754082150237602,0.0,0.16978403110545243,0.05915518158925582,0.019049003084220487,0.031169334526316664,0.14571587528405583,0.08513467238922197,0.02611980744788598,4,False
39,0.05958164046477504,0.3726370172186503,0.0,0.18964307795884916,0.057929362110279985,0.004013863966993211,0.026356360825661958,0.15125762068698867,0.08436215819801474,0.05421889856978699,2,False
40,0.05981266270136643,0.3841796197259865,0.0,0.17017605117152787,0.07259418573293668,0.028091332735014504,0.013141642927607267,0.16232080633578028,0.08680428274937234,0.02287941592040808,0,False
41,0.04245135870920654,0.36887568656506997,0.004074295398850224,0.17863005515309835,0.07504818253961307,0.04585810236864973,0.00016474844194614888,0.15701569905707183,0.10312253374723872,0.024759338019255346,12,False
42,0.03546870500437131,0.3898547017630362,0.01881420457296787,0.1728724902947161,0.07269916733649363,0.0458154491743452,0.0,0.1559879456221091,0.08951815554624064,0.0189691806857199,10,False
43,0.07243936045261876,0.3531490361899557,0.024196356551333457,0.1791693312553191,0.062431935855701684,0.015619344258844536,0.007490797482351575,0.14069082901002075,0.11632308109075573,0.028489927853098743,2,False
44,0.05508339224385347,0.38391711753952734,0.001598704589194952,0.19502939422516394,0.04714737831918292,0.0341091371656319,0.004452208366275441,0.15151810631961088,0.09325045436447368,0.033894106867085445,0,False
45,0.060241021519727087,0.3721767913828754,0.0,0.16338986796538701,0.05381920600712433,0.038391104616359584,0.02110730878960087,0.1481080127353576,0.09716713289051915,0.04559955409304909,4,False
46,0.07215990140336705,0.36736964831461616,0.01662619715302046,0.1838472753001658,0.07061994170666379,0.03767018087252776,0.009491185865976649,0.16591405819056063,0.06211039173308261,0.01419121946001907,5,False
47,0.06121594586420877,0.3675445782398453,0.011164279211620557,0.1690348953216253,0.056689561949065166,0.03385252662813564,0.016761216621243295,0.16575124698013985,0.09991435846663242,0.018071390717483725,5,False
48,0.06981671597287384,0.35367438962203346,0.01097403719840195,0.16703645271757012,0.06648669750614525,0.034992108213605676,0.026798671341749295,0.14967987729613513,0.09082772181360017,0.029713328317885094,4,False
49,0.0578473626274604,0.3687295993191434,0.007617044144570647,0.16427322047254103,0.041462982105379804,0.03500169275855093,0.022705311205618816,0.15444129217249458,0.10300305463299819,0.04491844056124233,4,False
50,0.07363126471126603,0.34339948570807594,0.03285859108929255,0.16659345668634137,0.057686488383362954,0.04266509575868523,0.0,0.14987530835231044,0.086591587148821,0.04669872216184456,17,False
51,0.06614160977557264,0.35070123127234293,0.0010884367782893357,0.1616051685324578,0.052129421497968786,0.04388688182944224,0.02076479452169087,0.14498162550290136,0.10152110903493719,0.05717972125439694,1,False
52,0.07429228729907056,0.37110846140321824,0.0,0.16349540674042298,0.051557363393569804,0.051056403614467206,0.004372109318888398,0.14699985243566463,0.09127443481075563,0.0458436809839426,1,False
53,0.054559991968068745,0.37644840257839346,0.0,0.16151190593244674,0.05125070928412118,0.06388039039402418,0.029419591036032176,0.14850504736197487,0.07936640206208294,0.035057559382855756,4,False
54,0.061433081515454055,0.33593729122684635,0.02397200595819928,0.16465667113488877,0.05286090119421873,0.04835069431259976,0.0087942883884674,0.14963294251741305,0.10516237356595314,0.04919975018595945,17,False
55,0.03084796858077426,0.3884966990673567,0.006264706523004304,0.18176140487116454,0.0764252667054,0.03366774884358321,0.0,0.1547752102882849,0.10737221860394051,0.02038877651649172,3,False
56,0.0652253211938391,0.3779297260808221,0.023426451410251604,0.189117729993254,0.05633422518495838,0.008915692729005376,0.0,0.14702943330476934,0.09896039101391836,0.0330610290891817,0,False
57,0.05336152403504531,0.3651215272667145,0.009274338134466141,0.18381766800712374,0.0810272127860622,0.02805578118204826,0.00469668247006191,0.16356299417422052,0.07232211201302999,0.03876015993122735,5,False
58,0.08806154079334258,0.36431776578446995,0.0,0.16206863066856117,0.05375121088654174,0.03841212898310193,0.015060643508372351,0.14398124725905995,0.09116056333314525,0.04318626878340506,4,False
59,0.046293612356744236,0.3712103483177082,0.02585859248622273,0.18637292979231615,0.07194983524370001,0.030875999642943575,0.0,0.16019779093973804,0.08750727363489677,0.019733617585730372,10,False
60,0.07191643563894087,0.3607429523708102,0.0,0.1691597215077667,0.07155377436485927,0.02624154132828385,0.029432777094796535,0.15317231867653844,0.08592919966405639,0.031851279353947645,4,False
61,0.06004777171684024,0.3642183673969425,0.001694008186098251,0.1671006809990645,0.0528513379657223,0.04344896831637627,0.025550096538974526,0.15634605599022144,0.09372188538677323,0.03502082750298662,4,False
62,0.08357088091363497,0.3656424420877972,0.0,0.14976461289377802,0.0678099479166662,0.014981583731739053,0.012898176534703178,0.15243467046187656,0.09583871496764647,0.057058970492158446,8,False
63,0.07934124148598617,0.3385103369279843,0.027772243451861106,0.14600361490371203,0.055567382872298975,0.04923669724082496,0.020259659433079384,0.1451786123160383,0.08852617497674825,0.04960403639146655,17,False
64,0.07089416905948971,0.3492362540999999,0.026113789750050197,0.16002372221922667,0.04339672791074502,0.03885875132644938,0.0067644629607484874,0.16650689317098324,0.09269801975092824,0.04550720975137899,17,False
65,0.07532245670151878,0.36131872276489796,0.004159917093909125,0.1650802122467618,0.03635791554274275,0.05594433441390383,0.042068406423091564,0.13761721614996827,0.08240330768466597,0.03972751097854,4,False
66,0.062136194622139,0.3964830369922899,0.0,0.1732699891573171,0.05437259968806225,0.03640638176553481,0.00812122170294455,0.1513850122816329,0.08047495790147595,0.03735060588860364,4,False
67,0.07535051463681247,0.3309530990397091,0.008915895435134389,0.16434442056858675,0.06490138892649845,0.0334978722340672,0.030198928227663353,0.16624760202115532,0.0959026978951462,0.029687581015226693,17,False
68,0.07949958375887314,0.3286001222615134,0.025414221102070526,0.16384754196948223,0.04405564269502054,0.05284023819973234,0.02597568888214743,0.14813750933716208,0.09644065451727353,0.0351887972767248,17,False
69,0.08838299490120045,0.3538389881311455,0.02396348364211947,0.1512194593539223,0.04634787021657544,0.039591757468549295,0.003438877537869028,0.16059541715821338,0.08748229318257573,0.04513885840782945,17,False
70,0.06714687887567423,0.33814543773166517,0.018983583910544364,0.16277095751417356,0.05045905918628783,0.05870534535466389,0.00936755349676474,0.15873493812546915,0.0869662159127019,0.048720029892055136,17,False
71,0.06627806336404242,0.3612530799937958,0.0,0.1640947173094108,0.05879320627031315,0.04421822020631893,0.017375378578954437,0.17123110959064408,0.06554398216915366,0.05121224251736674,4,False
72,0.063316798967842,0.32060828169589045,0.018462255311133515,0.15687057671403487,0.05489609132489716,0.06457997761700592,0.0026002628737315696,0.1519544536404571,0.10849268232152122,0.058218619533486296,17,False
73,0.05777916051463327,0.34352884811899315,0.012247254384860688,0.16355973752413067,0.06668990727811819,0.041399581515345354,0.022586773578100485,0.16030270399458002,0.09627856563580262,0.03562746745543568,5,False
74,0.03551409777931323,0.3965532104762194,0.011968607418457806,0.1767194463281827,0.07616792188061669,0.035954530725268885,0.0,0.15742219305853689,0.09849130203187872,0.011208690301525737,3,False
75,0.06836032359860149,0.3427688566057609,0.024011475966749702,0.1612918579680788,0.046108504533851076,0.05546747997218309,0.0035775533302419664,0.1573148651189137,0.09350859737572394,0.04759048552989524,17,False
76,0.06467464140505291,0.3661297888309887,0.006307681825468972,0.17136075449791333,0.058992287428944544,0.02267952930593831,0.01615260203830172,0.1369765654527691,0.11413571807831138,0.04259043113631116,1,False
77,0.07581765423737558,0.34687448589249154,0.011511375045349364,0.1767494731498454,0.07924271176597486,0.035757534208288304,0.004124459741597264,0.14291471520672672,0.09877568637719035,0.02823190437516066,5,False
78,0.07699658350504844,0.36014997283926653,0.009489034071425486,0.17210046722699845,0.045219596836810864,0.0310372722820313,0.005486291105054232,0.16872941761957663,0.09681849057169227,0.0339728739420959,17,False
79,0.05845034020528328,0.35212233760296724,0.0015558131019780361,0.17359214593800124,0.07089746399968373,0.023407798846608634,0.04175610348137133,0.15918014489218577,0.10050984043093676,0.01852801150098402,48,False
80,0.07246474542718667,0.35377683203440047,0.013865473473702884,0.16600312005451318,0.04990671367836252,0.013992472984365819,0.010624946140508686,0.18087407197194946,0.09440605714873446,0.04408556708627583,17,False
81,0.06310621189131697,0.33048153295120186,0.04056708136884586,0.15344278208713935,0.05584839307124882,0.050302329902407926,0.0029244234556593334,0.15257242551584663,0.11000073181104517,0.040754087945288064,17,False
82,0.08235486922982677,0.32567091715778634,0.022519529126009193,0.15689707764982358,0.05833562356306921,0.04707773899316079,0.003454592707500067,0.1508191270583736,0.10277100658252435,0.050099517931926074,17,False
83,0.0848435603565292,0.33649643885832253,0.015921679615923487,0.15900462585662367,0.04599538650569308,0.048021257206941066,0.012409028598657465,0.16712255274176552,0.081187930534534,0.048997539725009934,17,False
84,0.06633912111366673,0.39075286208188315,0.0,0.14846935361666178,0.057008572097425034,0.026499072943688164,0.013501572133204534,0.14918136702376175,0.08340630280797869,0.06484177618173022,1,False
85,0.08847520451826504,0.3507183889081953,0.03618708997701819,0.15094662856143565,0.053020098764113635,0.03403902645241544,0.015239373199166923,0.13196987779900365,0.09350994592913398,0.04589436589125238,17,False
86,0.07652624495621799,0.3585899226756387,0.004766489704499932,0.16519382561913326,0.06327783951900393,0.02978873381594859,0.01643370781207149,0.1583493347536665,0.10142817209119817,0.025645729052621358,5,False
87,0.07073210908759953,0.35397124860660245,0.032353680002857876,0.14608265761057637,0.048387440136889046,0.0655384281217432,0.0,0.15948206866025263,0.08628841881999308,0.03716394895348573,17,False
88,0.06485755068773491,0.3550733982861783,0.03667261723117729,0.16211342615007737,0.0438462208264944,0.04994350205760795,0.0014819148099229544,0.1511612640248087,0.09681142125842916,0.03803868466756892,17,False
89,0.07788270444522825,0.32410738700980773,0.0217592830883991,0.1587188952851283,0.05278631422683382,0.054903469106368216,0.018644140884380378,0.17228891372806857,0.08424306486262789,0.03466582736315763,17,False
90,0.06622913040443208,0.3374641202055019,0.03713963186500722,0.16295051884861972,0.06902254880013448,0.03680356269207689,0.0036652838706381103,0.16036459232200462,0.10370751692951773,0.022653094062067357,33,False
91,0.09536736311323307,0.34244812877174197,0.02764830504025071,0.17101225802310308,0.03926998533562467,0.03585669202514733,0.00676908698291364,0.15713582039972873,0.08090475570489775,0.0435876046033591,17,False
92,0.08129041933291124,0.3045539453119,0.041138355433218206,0.15795670691432864,0.055346233179910824,0.05275180121801718,0.021302142945059884,0.15582874655832762,0.08136161341003287,0.04847003569629345,17,False
93,0.08174001350569707,0.3327300715535805,0.030728671006349982,0.16594484043711305,0.05177446003574439,0.04902007832881337,0.0006363857921441855,0.15338358651200037,0.0773619466236027,0.05667994620495433,17,False
94,0.07685791215085386,0.3697519320496246,0.0,0.15033620944481127,0.06713540725381684,0.04021987970349582,0.016437835569884478,0.1436336754645316,0.08496379288324733,0.050663355479734294,1,False
95,0.08987549570811328,0.3428084931175564,0.029784787082359317,0.1413251251201105,0.05192923880683536,0.04493428537175058,0.026420720514936345,0.14218599215121605,0.10097209719165438,0.02976376493546789,17,False
96,0.06274591457211869,0.32959523988996287,0.02737127359692075,0.18554180448619864,0.0809267121008115,0.027852494932875133,0.016918752367118393,0.16630054354615015,0.07163818353772648,0.031109080970117386,33,False
97,0.08053969398738957,0.3357182042894168,0.015149700514492763,0.16477148177113105,0.04717764799364316,0.04580009158453145,0.012283813473223265,0.1585888318158801,0.10181253529965904,0.03815799927063289,17,False
98,0.06719582627936795,0.327326983099952,0.027163747594832074,0.15377796292118362,0.04603853567074491,0.039273167938439074,0.032681831281383064,0.15894095100881747,0.09088754353031993,0.05671345067495994,17,False
99,0.07853388068660859,0.33594278800401145,0.04197376410233368,0.14900533360688928,0.06863753648949643,0.03832022368202257,0.010012212920342838,0.14974473256968598,0.0833108369925708,0.044518690946038345,17,False
100,0.06394631124880118,0.33149599255979023,0.026730606926253907,0.14579441558095796,0.06174181829289239,0.0601806034551861,0.02944930033133222,0.16264564164896017,0.08691123155946699,0.031104078396358953,17,False
101,0.08155260603535724,0.34014700321714886,0.0258297300073698,0.1663905801036541,0.061288812927097314,0.04935474987266106,0.0017208650157859292,0.15719144745464433,0.08471312461496074,0.031811080751320595,17,False
102,0.07060996825663661,0.3317642579504244,0.025038016205967375,0.15174472651099713,0.07293766126571206,0.04525711554943579,0.0,0.17315943921522386,0.08447728826273979,0.04501152678286291,17,False
103,0.06445427509948669,0.3493825520511563,0.014983331012175366,0.16534785223139878,0.04717533924343699,0.06095430349695546,0.022179381921289258,0.1570564066675219,0.07758612441959126,0.04088043385698799,17,False
104,0.08623195733326147,0.3541616888974275,0.00861637594473713,0.1489393704046937,0.06178185669017889,0.039347449460543436,0.020494087730112194,0.1574461811129414,0.06985724147658715,0.05312379094951695,18,False
105,0.0814019900132219,0.3471957650309338,0.034546528035509845,0.1609641294737939,0.045866457823502134,0.04448911170362486,0.007534921353120535,0.15176262456058012,0.09540864368725933,0.030829828318453604,17,False
106,0.07985043277299689,0.3520770050931031,0.008091671259723345,0.16913000812805976,0.06892003786788166,0.02343363432855727,0.015523346351284445,0.16139651073329525,0.08466232133609984,0.03691503212899839,5,False
107,0.07994751791410039,0.2976019423563065,0.025128013254205436,0.16036040915071087,0.06440291738919572,0.05569377598720499,0.02397822707349919,0.15891481521516485,0.08842262746605062,0.045549754193561415,17,False
108,0.07797437575862777,0.3174027614597992,0.016886685472140946,0.16256529040620726,0.05643970934984068,0.057539221005088535,0.023437561917230294,0.15607825230919367,0.07538601927225023,0.05629012304962146,17,False
109,0.07169452997047078,0.3357647828351445,0.0377984891478461,0.17926747642502533,0.050825038282467996,0.047046382796642985,0.0048419270568715025,0.15681847857994732,0.07886040915595056,0.03708248574963294,17,False
110,0.08683580458254196,0.35699916611351484,0.013774265248970878,0.15182392961601918,0.04638869447433886,0.035601873978125045,0.016107766269140254,0.14169852305203298,0.0874284999950979,0.06334147667021792,17,False
111,0.05038524363318946,0.3479011324224113,0.009516895432977353,0.17483581437921591,0.058208730957487444,0.05620509247163467,0.019105170819151966,0.1502571901222982,0.08749449302762247,0.04609023673401121,17,False
112,0.08181304268773483,0.33703641905179627,0.02366962609896312,0.15372715644938056,0.05157855566884808,0.03629450315297396,0.021068571833104833,0.1592304415161051,0.09551165890423749,0.04007002463685568,17,False
113,0.08821329704649436,0.3328432327895305,0.027627218162029777,0.15508281454995554,0.06323022923978379,0.044501447592232214,0.0,0.15486800385153676,0.0862176119203417,0.047416144848095386,17,False
114,0.0655708505844282,0.3610531983037752,0.03324623614543347,0.1665117442704874,0.04986615562378497,0.03767531296365203,0.006947304344202045,0.16479389305519054,0.08313037548511629,0.031204929223929957,33,False
115,0.07183957053659348,0.348184073479172,0.020553415478134118,0.16372307190417387,0.04831202484822804,0.033185592100825535,0.02141089839104684,0.15866344357633932,0.09207692770041737,0.0420509819850695,17,False
116,0.07005953590567202,0.3414249763325493,0.03517971074532454,0.15787721171321328,0.07182936375449774,0.0682051525822078,0.0027668331506171223,0.13460867840205332,0.08030458588910538,0.03774395152475955,17,False
117,0.0823480935703993,0.32467651895770083,0.012244753101917461,0.14620251064409834,0.05784311017802249,0.06354851870671227,0.01885815063599624,0.15111937985979682,0.09667727588095293,0.04648168846440337,17,False
118,0.05729672104106773,0.3423603646903325,0.0039305234098407785,0.15215479038982893,0.06269454575203665,0.042684810385960496,0.04091432022965458,0.15645803109130757,0.07282414170982311,0.06868175130014792,18,False
119,0.05284098980943118,0.33686242548078965,0.03412881436970357,0.17595292325217451,0.07215871501198216,0.027562463635249057,0.019905879890770414,0.14655829618916114,0.07727590600236357,0.056753586358374755,33,False
120,0.0640220116087487,0.32822528599335316,0.014607652474817564,0.1813834770238245,0.06239769864519144,0.05933523624725377,0.011705218909920975,0.1580256240641745,0.08775268732870388,0.0325451077040114,17,False
121,0.07059125828289281,0.32862936599397435,0.02653808575887071,0.16152915041531085,0.09204838520530365,0.041276132402879584,0.01976075747095472,0.14832957066791425,0.0835129953860574,0.02778429841584164,33,False
122,0.06850067460054289,0.33248460598851265,0.02997836897036008,0.17056410817137269,0.0386967539657244,0.046109377146692825,0.016330955978502044,0.1607077938686032,0.09288845322808324,0.0437389080816061,17,False
123,0.07523387596533256,0.32524477211835734,0.0310693644904999,0.1662567334200072,0.0591581416172653,0.04557748313135106,0.011577641309788896,0.16712638729042228,0.06669431779590107,0.0520612828610743,17,False
124,0.07446942341406308,0.34672593732848506,0.03276010849266332,0.14911175509669744,0.05055353262057044,0.03791824320898852,0.01957383955880557,0.1761056039478299,0.0897734701430546,0.023008086188841936,17,False
125,0.06615942619788959,0.35996218571573807,0.031337465228129205,0.17108185625540115,0.055339496789415264,0.04996302520171414,0.024452723617499554,0.14856069907052985,0.08168426795316422,0.01145885397051903,17,False
126,0.07683503748573235,0.3289059259655787,0.027775709902887014,0.14740536474185528,0.048131407724878845,0.04793285146002811,0.021010798491414427,0.16104404758496668,0.10570938745330806,0.03524946918935067,17,False
127,0.08590445944348203,0.34698496200995615,0.025769733810725923,0.16834983294620148,0.04681874863156524,0.04897218267858916,0.00669303397792964,0.14545750133738003,0.0842691866643087,0.04078035849986164,17,False
128,0.07077801205479944,0.3477667460530865,0.02118024958561832,0.1709972199544477,0.08649394993707123,0.04013868690633953,0.0,0.14007938590741775,0.08816464670985993,0.0344011028913597,33,False
129,0.07421204413829667,0.3472938702741054,0.013376232624746858,0.1673343621724502,0.06863498354674001,0.031617765079120605,0.0,0.16783499525545584,0.06957775395555844,0.06011799295352593,17,False
130,0.04885689790588172,0.35011593714370404,0.022591323277986384,0.1736118585391334,0.06276993198409588,0.05452665150119487,0.022528707415685502,0.14377809512383866,0.09094165214106442,0.030278944967415143,33,False
131,0.049560657770118616,0.36015450125296006,0.017569657278835082,0.16000206123756938,0.07229360088800732,0.027487496320855415,0.029496999757272952,0.14986676730815326,0.08517717254995023,0.048391085636277524,33,False
132,0.07522131755362317,0.3397242037665977,0.033423369729249024,0.16481924792493258,0.04741946697565559,0.0532644082346048,0.0263539877498292,0.12673870031280096,0.11170881249918418,0.021326485253522945,68,False
133,0.058278401514661175,0.3599140421295695,0.03101335505023811,0.15650702280452305,0.04016715054706227,0.045011467128438495,0.012810566709493362,0.16376916688729243,0.09601590567295538,0.03651292155576598,17,False
134,0.07243693165861667,0.3302124548710388,0.025209365111231737,0.17250181558512775,0.05955179449039423,0.04910734214992729,0.01480596371716864,0.15418960504870743,0.09492443795011232,0.027060289417675146,17,False
135,0.07349189891125069,0.3168019105502748,0.05101522785856755,0.16806622728957102,0.054169752844600884,0.058521517912658194,0.011249536994342288,0.14690809867338775,0.07667940551952407,0.04309642344582268,92,False
136,0.07452116796021252,0.3518065657791223,0.044973138218573926,0.14947341962751803,0.05843042463320591,0.04276072998709924,0.01570936994548917,0.13814828146780836,0.0776788338198359,0.046498068561134684,17,False
137,0.07594874432608849,0.3510139969699653,0.016452792193983105,0.16171524942035453,0.08422438595921469,0.026738858788742062,0.018540932471326904,0.15701844284560595,0.09356053280215311,0.014786064222565775,33,False
138,0.05318546973744893,0.3568923800582544,0.035729096999222595,0.15575769678900886,0.0776622150132422,0.02984716724556919,0.02448338212109261,0.17044919683386434,0.07716215234212113,0.018831242860175623,33,False
139,0.0635991572342356,0.32241803504716726,0.03313346748393697,0.1667159305927795,0.05934816454267315,0.07081676254840115,0.0,0.16876977808023083,0.076224034741813,0.03897466972876256,17,False
140,0.08465010520356817,0.3530570693751193,0.010775245063063078,0.14764759224397292,0.05507599724756953,0.04677279599171415,0.009116792622115283,0.15229485344272478,0.1031793695677391,0.03743017924241354,63,False
141,0.058714742102534745,0.3589140506595755,0.039826968897093556,0.16253548867525713,0.06733871493573447,0.017308570468130755,0.025994586560654016,0.1514571590462314,0.10569311335262106,0.012216605302167415,33,False
142,0.07109370782562738,0.3351270009745046,0.01796191423589731,0.16459664942553165,0.09551244362460762,0.03067183671054146,0.010101541670963115,0.16982689968773343,0.08220515547323753,0.022902850371355858,33,False
143,0.047839972837180215,0.33383462376634676,0.04755545973820184,0.15214580322847474,0.07802148310982589,0.0438650796963323,0.016802856771188545,0.1482553284582233,0.0875541775800839,0.04412521481414243,33,False
144,0.0803159209566722,0.31762480468138443,0.03162760533665593,0.14983828658495782,0.06371701948832928,0.05286682250299364,0.01071022599740176,0.15760276901186368,0.07664535788291485,0.05905118755682646,92,False
145,0.05252248004661664,0.33166902266289505,0.02470746427263455,0.16639004817163228,0.09774823460430304,0.04091571719332301,0.017418280284569446,0.15114709546172803,0.09234275626941593,0.02513890103288194,33,False
146,0.0758381831707375,0.3261489380896663,0.02134101093528987,0.16978885800938462,0.0503953862235012,0.05865402483844414,0.03284941178394343,0.14116157441643878,0.08079952578885828,0.043023086743735874,68,False
147,0.04440327650042985,0.34603862512544836,0.03988104590388612,0.15397137582452336,0.0826849488298618,0.006680789410082951,0.023676655532955334,0.1684786070941591,0.10093985170230152,0.0332448240763516,33,False
148,0.07044575421852044,0.3394744118152747,0.026461910174433553,0.16152355728757342,0.06569712818402754,0.032800269852783934,0.026900016198293276,0.1778222987134168,0.0718879288481127,0.02698672470756373,33,False
149,0.08664055904387492,0.29751932845937795,0.033314354987032266,0.16884971340325758,0.0652842162816089,0.04221901903792138,0.028561223367621826,0.16201397427474903,0.062101311291064144,0.05349629985349199,92,False
150,0.05333473800690823,0.3380713370058363,0.04034651778840964,0.15641898168861526,0.09104527869683973,0.02353203534410541,0.025103705057350295,0.15452222575835714,0.06334080942784166,0.054284371225736344,33,False
151,0.06190437977669062,0.3602401812399014,0.02828998438191918,0.15429375371689133,0.08104729276944807,0.04319248626727746,0.0384060315614885,0.15363544440877208,0.055606458404985876,0.02338398747262543,33,False
152,0.08176232117676917,0.32840102670479676,0.037608197339835066,0.15484492835834962,0.07317974756150923,0.03234182472701986,0.020625096204382607,0.1599142817253745,0.07495089065444571,0.036371685547517504,33,False
153,0.07162532253817049,0.33787492124592816,0.013263171569918953,0.16768802463556223,0.08121071926818553,0.029475420610972768,0.028532954465903614,0.16070349231282466,0.08961195058561242,0.02001402276692135,33,False
154,0.06623333158492611,0.33629501273802576,0.013185300838106807,0.17918963263450957,0.07079802947474116,0.03534050406324171,0.018662703277054663,0.17125051633846108,0.07649026785534423,0.03255470119558882,33,False
155,0.0407677679912974,0.33527225170108,0.020955631795049508,0.14255212715275764,0.06317256874188595,0.074508286545135,0.041567313570798035,0.16412447898378224,0.088867625293393,0.02821194822482115,100,True
156,0.060130717211982015,0.3427670283320349,0.02252814259604518,0.1741430807163922,0.0763148744962741,0.04049044521086989,0.006675600227948466,0.1500407394701527,0.09479245988480073,0.03211691185349985,33,False
157,0.08079402585869232,0.31258509484923386,0.04043417556020913,0.1486986326076312,0.045287756756249735,0.055647519416591525,0.013098096893983894,0.1538204839396241,0.101233190096082,0.04840102402170212,92,False
158,0.08039198531577871,0.33373682492837903,0.021839898030182724,0.171526975416452,0.04968523563164734,0.04542519003685212,0.010122390455960941,0.16210131644303583,0.0859820829120216,0.03918810082968977,50,False
159,0.07704487147366561,0.33119044135050524,0.025723149579237617,0.15536820608765206,0.09153564994032623,0.03836498316015499,0.030392860910209804,0.12795454079172144,0.0857897195794688,0.036635577127058255,33,False
160,0.06725672702512493,0.3579638561092622,0.032592771697981165,0.1596067665714538,0.0747862511714948,0.036469060131103126,0.027665835883014932,0.14319842847088737,0.07711297741311626,0.023347325526561415,33,False
161,0.06674097542170106,0.35515289812688094,0.015476885618860358,0.16401504590781735,0.060017806978608784,0.0338114783619516,0.025398012151515097,0.16143276351326644,0.08061442914393627,0.03733970477546206,33,False
162,0.0716298856543135,0.30659925122563814,0.03853892739815377,0.17748595093047045,0.08643093803530316,0.026028208471144006,0.023016388249752315,0.15673154536589629,0.08808646942845945,0.025452435240868945,33,False
163,0.09984598974090442,0.29776432686382265,0.028744074226062066,0.14585209044797054,0.05164352605407803,0.051164740030668024,0.04336257022441896,0.1557056239266299,0.08994716490186835,0.035969893583577175,92,True
164,0.09906490335415398,0.3086257728624808,0.033944702378960266,0.15653602632817645,0.05649372625869796,0.050110702242482576,0.002352692567135342,0.14824527581767097,0.08578970981904005,0.058836488371201756,92,False
165,0.05934678935942404,0.34557119534368924,0.03368434198340923,0.16515714630397638,0.07590908239924082,0.04710602710572893,0.0073503533239480095,0.1560277189745848,0.0760604529049827,0.033786892301015774,33,False
166,0.08352441208420076,0.31561280843808587,0.03445185737228893,0.1635184719613137,0.035367103063361424,0.056113290986992054,0.03404159188909167,0.15001671682904266,0.09460189008104666,0.03275185729457634,68,False
167,0.043552798678732865,0.33075499207097225,0.03597600607735581,0.17546300121464387,0.08228692700220355,0.025823650635263,0.030301585715783157,0.16735924549492115,0.08973946548372502,0.01874232762639925,33,False
168,0.042408711617216405,0.31790470668363735,0.03627991037179352,0.16463678585256888,0.08738700968514265,0.03965264127720059,0.018851374626171858,0.16337978089246952,0.0945451853745682,0.034953893619230944,33,False
169,0.07689025011311959,0.32096944419753237,0.031457329617744,0.17135890448828128,0.06453223870972134,0.05250583789204032,0.020201274024983586,0.16627964710087823,0.06745293961531307,0.028352134240386073,92,False
170,0.07978689955934401,0.30678878278810207,0.0392181032189049,0.1414070886443392,0.04245048150108277,0.04695374259200434,0.03925334694211136,0.15874644736996363,0.08979882635440514,0.05559628102974253,98,True
171,0.07128311334693553,0.3152707941933504,0.02683936160023009,0.15496693624770816,0.054831431362525926,0.07273288092092942,0.01593558651396247,0.1570011350585577,0.0855313443481883,0.04560741640761203,92,False
172,0.06789085042547909,0.3222641711560668,0.028600015801186256,0.15438899129914493,0.0500556254045207,0.028433603438758354,0.029275598700354143,0.17542823750939293,0.09542593191652168,0.04823697434857497,98,False
173,0.0473803173297903,0.3187420312385283,0.025783675880056107,0.15602749972731775,0.06436559923730616,0.05199958038133501,0.04462648497085038,0.17341187015848877,0.07999380782449865,0.03766913325182855,100,True
174,0.08123842710834554,0.3374115982262442,0.031353395877408874,0.16018241915176804,0.07744652882099166,0.030509460758291536,0.01928524997352067,0.16114426670684925,0.09011555503636647,0.011313098340213698,33,False
175,0.0778539290252593,0.34323528980238954,0.04791982848975608,0.16364510883969283,0.06076061231778819,0.038611324674361104,0.025596187134439157,0.15652573053846577,0.06520134681998441,0.0206506423578635,33,False
176,0.08828732189717443,0.2887846387980026,0.04537813846369217,0.15851995571310834,0.05474820032712648,0.05211413584064833,0.013394845349798665,0.17103803130941575,0.07568849175452769,0.052046240546505584,92,False
177,0.09062508446624941,0.33362712430843416,0.03869521115454249,0.1517586415506311,0.04897639656807894,0.0604609794020431,0.01618049353100933,0.14519002450071064,0.07934533326266631,0.035140711255634616,92,False
178,0.0649731604002982,0.3587542620516674,0.02414690387931018,0.16323942396241864,0.07823834765965657,0.03449176599361295,0.0036448480279959884,0.16778749093035739,0.08088196583855435,0.023841831256128366,33,False
179,0.05791509909742072,0.3312434136739362,0.02116643820301725,0.15815307307993984,0.07753309233298641,0.04143768395139889,0.028365479654585322,0.16364029584307457,0.0848679644826594,0.035677459680981474,33,False
180,0.08342697558401253,0.31921647850376517,0.02669010035794555,0.15288025401676097,0.03941042980634789,0.06349374879790719,0.03290878435224872,0.14092638771838373,0.09818882880260338,0.04285801206002484,92,False
181,0.0534011884731133,0.3248191303316358,0.04319932515563164,0.1598350892830314,0.06632943467338828,0.024400322038855882,0.026764327880052043,0.1581498408812521,0.08698905826894181,0.05611228301409761,33,False
182,0.0431270186857893,0.3438268133127875,0.04837947329092529,0.1543811934706648,0.07100529583588483,0.047019939024774776,0.027726350657525576,0.14304317239917128,0.07347522383912063,0.04801551948335596,33,False
183,0.0749487203368809,0.3403903648300358,0.04001796650301725,0.1683061048854295,0.07116672328669435,0.028026733962590592,0.02736012147186653,0.16079019913598605,0.0612576510916972,0.027735414495801906,33,False
184,0.0640819657266806,0.3099623694518059,0.03378794379145438,0.13792676359088712,0.0677103438647829,0.06281820435811027,0.025665830817389497,0.16319372473176788,0.09472145731658566,0.04013139635053561,100,False
185,0.05831730179162253,0.3249057611109244,0.030738844685661765,0.16411307335394487,0.04628105639984984,0.02230979833604615,0.036788950284296476,0.147696024382131,0.10584147921957457,0.06300771043594841,98,False
186,0.059017193476142794,0.350026849220365,0.02917777557247896,0.17259480162025553,0.06289009704124815,0.037126562358045255,0.03481077872586856,0.1549305474371737,0.08613373778914345,0.013291656759278755,33,False
187,0.06903250966377864,0.3666808441303508,0.0032850425594354044,0.17825674969255098,0.06204098825989774,0.043684543243924616,0.009538522680348436,0.15571272883212314,0.09590670031800021,0.015861370619590125,33,False
188,0.05223279634986395,0.33362387892048306,0.044370674483255546,0.15342622763370467,0.07507586682116071,0.038458651830254965,0.02065087150911214,0.15787942891887197,0.08208676878423067,0.04219483474906235,33,False
189,0.07755362275867236,0.30789062252976424,0.038066180100817006,0.15554752915634473,0.06157390301719797,0.048776972522848364,0.01796702222646418,0.148844764326832,0.08695826592842115,0.05682111743263811,92,False
