ID,strat_res0,strat_res1,strat_res2,strat_res3,strat_res4,strat_res5,strat_res6,strat_res7,strat_res8,strat_res9,ancestor,alive_at_end
0,0.03079615447482585,0.046743508190615186,0.18344172134790007,0.06480001006817702,0.20121916057819314,0.13052008947171606,0.04244369810823778,0.12244976265664262,0.15650278239878498,0.02108311270490739,0,False
1,0.03375963288248074,0.03235650194609865,0.17393859122181823,0.050983536631182,0.20513428722775884,0.13887495130268596,0.03954556270047836,0.1386926400728492,0.15105269893791712,0.035661597076730875,0,False
2,0.0200639511688953,0.020152144859304763,0.19548255795491615,0.03812074777981389,0.21729729947081344,0.13893439654040363,0.03706105591094291,0.1336060680006267,0.1830940846699844,0.016187693644298822,1,False
3,0.032462188076139396,0.015281117831799269,0.18756300188060374,0.04871349479298061,0.22622333258769228,0.1436760233998412,0.021285399146598615,0.15452699611002427,0.15025809467017823,0.020010351504142283,1,False
4,0.057198956391068,0.04581933605035012,0.1802063073101748,0.06062048481005882,0.19316832573821865,0.12346078676137294,0.028473532415231987,0.1311907219456649,0.17287293109877214,0.006988617479087741,0,False
5,0.03889522417393521,0.04626695215359086,0.172369690615603,0.034463583675789,0.21245125043710567,0.1306554357398869,0.031710912569392714,0.1313131391142488,0.16190850074730848,0.03996531077313919,1,False
6,0.012322213611933492,0.03226592020941734,0.19745035510338052,0.040231512046221114,0.22038290205218153,0.13339908351967067,0.03589565801609573,0.1356432146491331,0.19240914079196644,0.0,2,False
7,0.01278420167537958,0.035633417506481795,0.18803509882427144,0.07371165185311762,0.1973395114362285,0.13864752303476305,0.06583635485715254,0.11320442011054943,0.15832340860400124,0.016484412098054773,0,False
8,0.031474224935744075,0.04124401435757362,0.18293259492941125,0.06781839244578887,0.2149763088257391,0.1272848225615718,0.026304896566494707,0.1191984173171845,0.1535958365384359,0.035170491522056216,0,False
9,0.024382107603795798,0.05584427505619628,0.18154270643529735,0.05900932809745242,0.20422591032605403,0.13749314712950317,0.04102261197467241,0.12685797180474,0.14583028415815494,0.02379165741413365,0,False
10,0.02207017180050633,0.02362191419288655,0.2012978295037377,0.04510253497490068,0.20562505770980238,0.13412362560975682,0.054727534743124334,0.12792630979526035,0.17336515943156325,0.012139862238461724,2,False
11,0.05438373596755676,0.0458562409682001,0.1677759815895466,0.020995171196256938,0.2020781621397184,0.13232134487190753,0.03747014946267003,0.13026245633284747,0.15929906670935245,0.04955769076194369,5,False
12,0.04153303695373021,0.04323625977739242,0.1673116773838224,0.04188330681268832,0.20484469448137999,0.13551899294474712,0.025998641677514152,0.13530846257320453,0.13977240827328224,0.0645925191222386,5,True
13,0.05214159262951332,0.04853667489323915,0.15082774515335445,0.057658221239272,0.19355399590633643,0.13625696818792515,0.05714443106374118,0.1261111070589665,0.1407582900558989,0.03701097381175295,1,True
14,0.027293647517080123,0.04467966399649173,0.17925641330764916,0.06142832945174812,0.2107159897740355,0.13193634232026333,0.030090804881211724,0.13285860906137267,0.1371729722636222,0.044567227426525344,1,False
15,0.044594586404892146,0.0199914456014185,0.1827309497554231,0.057987896637095505,0.23695478296310235,0.1319356370342882,0.011546981471162948,0.14720474789753377,0.14245146156944866,0.02460151066563484,3,False
16,0.01768706897112578,0.03580075821353035,0.20855895682576883,0.02309681978602748,0.21418776689167504,0.14997795877700995,0.04255618441918122,0.13094583013937117,0.17718865597631028,0.0,6,False
17,0.029406893753364086,0.030741236065060042,0.17541832236713292,0.04684392231493408,0.19934847574696513,0.146799738279175,0.044352414545949286,0.14243241349623195,0.16277255036933824,0.02188403306184931,1,False
18,0.007315713515621396,0.04379899835234955,0.18855283739021966,0.07853962761722752,0.1922680599434047,0.1302195887243257,0.037637701050052624,0.11671366558572188,0.15783255309769217,0.047121254723384756,0,False
19,0.038617309001581675,0.02179886940328057,0.19860146132914416,0.04823073088163379,0.2018487669919964,0.12426966835075763,0.03781209137423539,0.13852474697501882,0.16534751509461648,0.024948840597735247,0,False
20,0.0193367488704465,0.014492234410930687,0.19809191518414213,0.04576622762250288,0.21957315553107784,0.14208849068788917,0.035491058102020905,0.14244006266772724,0.1435467009356464,0.03917340598761628,1,False
21,0.03799650010203929,0.03215180271417861,0.17699178664062415,0.06249251913683105,0.2024498738052576,0.13788235028336443,0.02662395209921131,0.13303360016276,0.14788103210906547,0.04249658294666809,1,False
22,0.031067800844217227,0.04099251838223182,0.1765820576471318,0.053666367339605295,0.20746422586745986,0.13591461962557447,0.027689896145090043,0.14098928943524822,0.15262059742025508,0.03301262729318623,1,False
23,0.018602646767085868,0.055287054230077654,0.18811392421339496,0.046876952490816304,0.21677636873680262,0.146899692642092,0.044149777788221406,0.10893863939969166,0.17139360716981658,0.002961336562001011,0,False
24,0.025259437260942243,0.01408198636821053,0.19340450899686823,0.043307283852609284,0.21512894205709532,0.14284240203312384,0.020391128247964414,0.1524542072713634,0.16237178298365507,0.030758320928167614,3,False
25,0.03994351694590024,0.04400697804733212,0.18539672556611497,0.07459555647500891,0.19504530009363383,0.12213266986242845,0.03948776257974596,0.11493544657816034,0.15786378213881902,0.026592261712856138,0,False
26,0.04082088366231413,0.041534511661596434,0.1692796665597244,0.06430052098225766,0.21285790145217304,0.1287980820992058,0.030624858613464322,0.12290545996372874,0.15617479761761124,0.03270331738792412,0,False
27,0.02096254530953186,0.04097134748410282,0.17404127485747034,0.056202331843775634,0.19449527290357957,0.1524731148825036,0.035821165390936084,0.14999308391624247,0.1423622878651169,0.032677575546740834,1,False
28,0.02832203326512575,0.06099970927065804,0.17760487167577438,0.07124703807688111,0.1931063523936544,0.13054823010485184,0.040239808379133775,0.126508854659628,0.15434740676103095,0.017075695413261788,0,False
29,0.04245381585131174,0.05953057793832512,0.1902567744115524,0.04964063471345376,0.20746927485373065,0.12679229261580255,0.028061303249775234,0.1254682249203352,0.13767537152178386,0.03265172992392949,0,False
30,0.02980935001642827,0.019628335768825476,0.1879119316536389,0.047990496774605894,0.22553057854459596,0.14262885179919638,0.04030929334963948,0.12046658380253633,0.18572457829053338,0.0,2,False
31,0.005361383111673302,0.01316994596191157,0.21884482305377778,0.01845610249279401,0.22523284791986958,0.1548126117050786,0.04642185748665327,0.12997830433680807,0.18588670381042835,0.0018354201210054,2,False
32,0.04665477469253872,0.049973751619212525,0.17415390652313945,0.05752733811754725,0.19038757474980558,0.15236831786689825,0.030218200775618553,0.12416174776314991,0.15048529391286097,0.024069093979228975,1,False
33,0.038578436836288026,0.04487279742091925,0.1802208238395441,0.05171484297577257,0.2042621027478889,0.1245486753193347,0.02189831059952042,0.13973015824547472,0.1595352448306723,0.03463860718458501,1,False
34,0.05980613702969283,0.047343132279832986,0.18617431325487166,0.0603793281378804,0.19029083836216532,0.13141700869383505,0.03159274044424587,0.1404034674080326,0.14556586949022532,0.00702716489921783,4,False
35,0.037167481927021434,0.032999036546903705,0.16565672479011906,0.06007814032260656,0.192641408554145,0.14249843827058375,0.05111139500201759,0.13739126980857538,0.13657016299396882,0.04388594178405872,1,False
36,0.02400441030624654,0.03732849332187455,0.1825615248949135,0.04492808008830968,0.20700115933875776,0.1434117851886733,0.03253945841786298,0.13599205633898145,0.15436056360980335,0.037872468494576934,1,False
37,0.031257353094526194,0.0392690666615267,0.18504268427134807,0.0741274941749087,0.2059023008063615,0.12415199898163237,0.039934546699261844,0.13467386381392976,0.15793719821155572,0.007703493284949133,0,False
38,0.05913494362055944,0.03984649652357624,0.18486713198435614,0.06454207437423973,0.20300754197674725,0.11996439771969657,0.014919487213692333,0.11798221769344387,0.1957357088936884,0.0,4,False
39,0.027874040496865513,0.04296612039258628,0.19154267085709553,0.07118082937477048,0.2042652594468841,0.1199568974711813,0.04323443567135079,0.12138990719528327,0.16158532871488857,0.016004510379094283,0,False
40,0.019705809203740616,0.03394353008549208,0.1881907336605273,0.059448246413637516,0.20875421909951214,0.1395938993531659,0.036165617954807244,0.1189704701290246,0.15687264640085388,0.0383548276992388,0,False
41,0.03247547771334886,0.037774318378462554,0.18059596536427872,0.047702540562754976,0.19723664647240738,0.126434998220109,0.044128510061196315,0.1475253961363894,0.1527866931314485,0.03333945395960424,1,False
42,0.03112306162483897,0.0471212306669357,0.18732980449344114,0.07712905095252863,0.18179093970871119,0.12200729965890188,0.04816037046770297,0.12703808776261158,0.15900030793883832,0.01929984672548971,0,False
43,0.04675624425082781,0.050425960385959256,0.1750398127844328,0.04147469034644835,0.19156778311129835,0.12102703248582804,0.027170195592029073,0.11229825673529947,0.17025085707552307,0.06398916723235377,5,True
44,0.04292149165998573,0.043302834585844746,0.19284120413521574,0.06857369759431252,0.2067294040656833,0.12823386222714706,0.024585053785788135,0.1285013491723257,0.14743061231827678,0.01688049045542018,0,False
45,0.03866280755378098,0.03266599936820367,0.16525612910448048,0.0404001747807017,0.1994493981061922,0.13882971567973462,0.0492739925685846,0.1303230452935234,0.15704916493640747,0.048089572608390856,1,False
46,0.03668418191825745,0.054201268907248946,0.18432201262238365,0.056179565824423794,0.20227540649405276,0.1131562221770318,0.038475086726355155,0.13750782740977668,0.16853171309043755,0.008666714830032129,0,False
47,0.01361133449789488,0.021013391992735407,0.17684846069397034,0.0594751060974568,0.24119785439064703,0.12225097051079976,0.03089382349617872,0.16937205856370502,0.14445423680590863,0.020882762950703414,3,False
48,0.026620992700400397,0.05090131589740871,0.18612577586643256,0.07562540020807629,0.21322407529280854,0.13131485983149044,0.03764885643134163,0.10104406961123444,0.15750685886119564,0.01998779529961125,0,False
49,0.031612799089200165,0.01969822059879295,0.16988954230501688,0.04949786575864101,0.20990981948614362,0.14644054340673407,0.042479717663993215,0.1386117543809704,0.1528567161568056,0.039003021153702175,1,False
50,0.022418206683555073,0.048297716720960344,0.1798833660521519,0.06310525216784706,0.19569258859812158,0.1541364942732034,0.035300052550383064,0.1429464012697239,0.13745305413240178,0.02076686755165176,1,False
51,0.053418169069448476,0.054594646405957604,0.18866467209729415,0.06047201960260945,0.20506602733184584,0.10649483533403248,0.01896331542700572,0.13730700537350157,0.17427824813729023,0.0007410612210143373,4,False
52,0.03851350103567721,0.036797561943516986,0.17603503030971776,0.04482149687512115,0.21107762951363288,0.1292861398057028,0.049898616742031034,0.1320785746308552,0.1438967929321934,0.03759465621155171,1,False
53,0.03134337426381764,0.031582902975711855,0.179158050629946,0.06175449513104242,0.19447058180578888,0.13673535486509403,0.04813140294926427,0.12504711548539704,0.15991101902879884,0.03186570286513875,0,False
54,0.035165831417766295,0.01780410187697839,0.16906685155539541,0.0720768609862844,0.19462973720789506,0.1255784560922349,0.05120218347124891,0.1255732516672476,0.16474975554806978,0.04415297017687927,1,False
55,0.01700846988831353,0.021663655457433536,0.18239556371115673,0.07582977075528007,0.2056854055530211,0.13141816025689662,0.04689891022540819,0.14659822785990045,0.14533604166266645,0.027165794629923374,1,False
56,0.021058182426796634,0.04046520967480237,0.18646714534999403,0.033303910177387784,0.21392059037229894,0.15402097141347543,0.047342149767759155,0.13280418940293384,0.1418280967950114,0.028789554619540438,1,False
57,0.03949664379176373,0.04253556428199302,0.17062073572638825,0.05459342156886915,0.18969733428374383,0.12474051976095149,0.047919875033341455,0.1316222267646374,0.1582302337402806,0.040543445048031056,1,False
58,0.0414603562119235,0.04928087117521193,0.17449512715580623,0.06749047343318082,0.22054856070060821,0.12373033568583727,0.038788712562344785,0.11706274576307085,0.15185360671387022,0.015289210598146264,0,False
59,0.03280969379173298,0.04930113715695927,0.1704317686689572,0.05824346523214538,0.19950734501351314,0.13141888683038647,0.018435662053085836,0.12935060487257952,0.18384903377214287,0.026652402608497338,0,False
60,0.01541333868557598,0.02998445228291092,0.17869447533774285,0.06401086577935262,0.20039997408480276,0.13038193777725385,0.044145229606426584,0.15415764993806338,0.15752213767508116,0.025289938832789856,1,False
61,0.04643235258721674,0.028243801918990098,0.16293578094280636,0.057193398593494364,0.21326158157158398,0.1459322461641156,0.03711344358104246,0.13341414179360642,0.1512780492367665,0.024195203610377497,1,False
62,0.04462472714235812,0.03788088662444342,0.1871507878091246,0.06307151001370186,0.20542653071038516,0.11584123158572511,0.03312222971082421,0.1299522856414644,0.1579107048614397,0.025019105900533325,8,False
63,0.03774500158238687,0.034937622316304304,0.18386864137461503,0.03710607041207212,0.21305863403882674,0.12647910290476058,0.05021449923655813,0.14322270360319506,0.14535721328995965,0.028010511241321628,1,False
64,0.030533606477784785,0.02613084208249651,0.16796958953720814,0.05147626481050416,0.21597480159355814,0.12885522374993066,0.05571038079325841,0.1499466590830305,0.1508178038543846,0.022584828017844245,1,False
65,0.031770516491468725,0.033038635812170494,0.1919280674519001,0.06817683739454482,0.19744675336991294,0.1227268694363521,0.04642517846231515,0.12170892503595865,0.1505959708832408,0.0361822456621363,0,False
66,0.03588833451033871,0.032738616238293286,0.17531909165623974,0.05016836966188044,0.19546407053170775,0.1502756001501392,0.0480830600119642,0.14566397691235625,0.13716733048095534,0.029231549846124933,1,False
67,0.048826879765702366,0.02909020426381646,0.1728615270804791,0.038408970957641744,0.19979392213250655,0.14192301825760364,0.050199501247814284,0.1076915509515014,0.15646701230552923,0.05473741303740538,11,False
68,0.024715982093582826,0.0474392127564081,0.18979503737467412,0.07350078394030551,0.19372239925464424,0.1345591033528794,0.028046884036292755,0.12160011865182245,0.17364396685586012,0.012976511683530444,0,False
69,0.04117387720773101,0.03529410319838195,0.16219352226591552,0.04958045320239219,0.20393338785447993,0.14285464197491252,0.047449714512937655,0.14220563026701652,0.14898158741479156,0.026333082101441103,1,False
70,0.025711943514427325,0.03658331976615968,0.17471628859875066,0.08218991045976104,0.21155697239530435,0.11762511364474787,0.02944192932428748,0.13389941872654373,0.17126573547067775,0.017009368099340016,0,False
71,0.03701930604093297,0.038072377328825055,0.16936447465602347,0.0578770888716212,0.2127519043788736,0.13223823574932425,0.042577777249265,0.14133059456063074,0.1508191830872925,0.01794905807721139,1,False
72,0.031005011417689,0.03567510917856005,0.17044310033752372,0.016023724854431088,0.2193260666305918,0.12827270541374552,0.030421516661301638,0.14413060459945162,0.16897328648768242,0.05572887441902318,11,False
73,0.02398600601936138,0.0294754340253329,0.1691641023547056,0.04862122835937827,0.2122854857327466,0.15875773271631732,0.026384149347857367,0.13262033077492566,0.14692757535631054,0.05177795531306439,12,False
74,0.030844963471321155,0.05046411816866632,0.1777748040322488,0.04226447714096848,0.19236530090682324,0.14332771636186978,0.03260144576916547,0.14356860617796538,0.174826898012833,0.011961669958138419,1,False
75,0.03694716385748439,0.02730069570580868,0.17579607826293747,0.053692321913672396,0.208560708609953,0.13202321466024158,0.04920569414391126,0.12780192638282462,0.15442418422161613,0.03424801224155059,1,False
76,0.05205083998898265,0.041135181826467186,0.18544141768370023,0.031514697103665675,0.21816376004991678,0.13924486186146462,0.02743972767883073,0.13787721796828398,0.1480560012115331,0.01907629462715508,5,False
77,0.0470359768335333,0.053375550219632625,0.1686347175854111,0.036221940506152295,0.2094374894947422,0.1290926216416882,0.029012075370801402,0.13776745540593988,0.16393226836425215,0.025489904577846778,5,False
78,0.03549147184335025,0.04476779229368688,0.16756851705546574,0.0363742623469169,0.21953989367673693,0.12306287666865505,0.037737124979798004,0.1328870475634251,0.15237475410202442,0.0501962594699408,5,False
79,0.032515075448854756,0.018647957803396554,0.17046650349786405,0.06284208929269644,0.22049462752287355,0.13750746551395995,0.03590483047126604,0.15676520114770304,0.1454859483251644,0.019370300976221142,1,False
80,0.043419897930091496,0.05354638565509107,0.17731216023731786,0.02769008813457765,0.21808028766788135,0.1185754316658488,0.017080165208322312,0.14454574176572368,0.1512379585167614,0.04851188321838449,5,False
81,0.04983108634819595,0.025408153192852515,0.16631844819486402,0.07819770320434159,0.197754370636626,0.13213727262167801,0.045238972270173615,0.1384068732836172,0.14098153925989665,0.0257255809877544,1,False
82,0.0340687487138085,0.04524338213189073,0.16492759700620077,0.04895545224348439,0.19840580887958292,0.1371738270538727,0.03891800026191042,0.1527481395568044,0.1508078740083973,0.02875117014404772,1,False
83,0.030576971628169435,0.02535086173754747,0.17104040049624833,0.05470199076480724,0.215542990802197,0.1396686117924368,0.03624654173624046,0.14549627527764694,0.14311213931623698,0.03826321644846945,1,False
84,0.03849249318593309,0.05920630435124297,0.17770139479310595,0.06395594160098006,0.17452008780007192,0.13366775515863466,0.029918740149368565,0.1383725316866392,0.15405371188500844,0.030111039389015163,0,False
85,0.03767749141478016,0.03659999014736863,0.16615632178672698,0.03214224109140005,0.20943891670173054,0.1449859462247155,0.059158735210900246,0.13539521090072143,0.13524394876110513,0.04320119776055134,1,False
86,0.02864178527347238,0.034904242043305465,0.16230733792275193,0.04220897347337582,0.20154354907682284,0.14271588733540289,0.055265404124387976,0.14262989218121633,0.15450403003124455,0.03527889853801995,1,False
87,0.05809983489269582,0.058112653008512906,0.1631765416965731,0.02799762416532646,0.20107792205206107,0.1387169702811156,0.039530202941684016,0.1217836295102586,0.15116792861176642,0.04033669284000605,11,False
88,0.03251236765666752,0.04338739522025592,0.1713960024451332,0.04381468422273245,0.2062340178153771,0.12699602087306308,0.033840859984192714,0.13222588966488966,0.1674487720088408,0.0421439901088476,5,False
89,0.03611730402054444,0.014889512259258244,0.1804999796358092,0.044632153199204855,0.22584114373336275,0.14172929621601554,0.056250797359902,0.13889366500178055,0.1293266323845358,0.03181951618958649,1,False
90,0.0314942542289439,0.021161540645287795,0.17982604155100226,0.06484642938663614,0.21334458693364872,0.13186557771710203,0.03749650040603495,0.15634181956015636,0.1239236072581969,0.039699642312991085,1,False
91,0.026622995629363645,0.03075385141455348,0.17229440467212356,0.05146881521236371,0.19849455899797663,0.14539428054481401,0.03651929795058925,0.13318003244956728,0.15688817983179612,0.048383583296852314,1,False
92,0.047854637562851146,0.04036500831419191,0.17385031897102832,0.043758743053704474,0.20279739285898535,0.13262907155493983,0.023889864761434752,0.12885271485985184,0.1387232931849604,0.0672789548780521,12,False
93,0.053854101521322875,0.04066663016598555,0.15431985938222073,0.040500112556722825,0.20705198630032662,0.1433647481968553,0.01874939229587596,0.14253338756614595,0.12874389802492475,0.07021588398961934,12,False
94,0.045008554762653176,0.041809907135309236,0.18484203996495122,0.029806031309997958,0.21793021565441834,0.13404218969409842,0.026277078800767927,0.11029033425805607,0.15509030110636834,0.054903347313379425,11,False
95,0.04689885113398624,0.034974120914518396,0.18209897776861056,0.047231648427604654,0.22009263938522824,0.121727226691435,0.0355556309680355,0.1306209338357116,0.14699723636726134,0.033802734507608526,1,False
96,0.04106904554799839,0.04622380489498072,0.16098496874280133,0.03685694029064202,0.21102986094030574,0.14860263043410812,0.028875907628651713,0.13298392485709803,0.15951262326992924,0.0338602933934847,5,False
97,0.052855966567479595,0.04169878711470907,0.15079897449916835,0.04595164580971057,0.19996209313578642,0.13965464966742042,0.024233270499632933,0.12790964292028845,0.13744780910563115,0.07948716068017299,12,True
98,0.02717794018734987,0.04235894295882961,0.17736089487436926,0.044660017038840566,0.2094369714186221,0.13010562176797885,0.03537064693727799,0.13881287149191204,0.157403738994645,0.037312354330174796,1,False
99,0.04417675356670892,0.017050332319532964,0.16873326755468013,0.058496138818558856,0.2238993981535725,0.12350438285454389,0.03944122419675198,0.143182869084343,0.1687808641451778,0.012734769306129915,1,False
100,0.023449298711601108,0.039061457042064616,0.16479505882538723,0.07100823045999421,0.19974433923355783,0.14950728773327257,0.02997110085031685,0.14197186515553625,0.15043767624027096,0.030053685747998344,1,False
101,0.0654740830832972,0.039789135003614924,0.18248928640329995,0.02184326156930501,0.20023935393804565,0.11767629435476555,0.023541328728600968,0.1251747899123517,0.16713254372603975,0.05663992328067945,11,False
102,0.04776048996003121,0.03920247026240045,0.1644630570395699,0.050127676257845255,0.2056582622599078,0.14639941935990944,0.03474500957914752,0.13496844660071294,0.15492207655547022,0.021753092125005147,1,False
103,0.042251035988820754,0.0565388943947252,0.1628842462420671,0.025113319324929353,0.18612448119854996,0.1284752896673365,0.042405463681521684,0.13907495385447713,0.16199959497668373,0.05513272067088869,11,False
104,0.02259130282006899,0.018570061053406767,0.19092419212622874,0.05019656750443421,0.20932518731683278,0.14499913407804732,0.044407486025924044,0.1343315824722657,0.13885896772838002,0.045795518874411335,1,False
105,0.060198928116235076,0.05941422031231765,0.15878434644143744,0.010601587473181028,0.20159027767459722,0.1309402784928576,0.03631691981381682,0.1333880685544573,0.16828692519364086,0.04047844792745897,11,False
106,0.04487955005561746,0.039619929359680464,0.15947638754417093,0.045183183766887625,0.20740735543809885,0.1253515840670984,0.036205266864733424,0.1235246982286329,0.17101623774123748,0.04733580693384248,5,False
107,0.048017545050536826,0.039724463452203165,0.1849775373181813,0.021910405892305758,0.19001588613390819,0.12643294162796742,0.025198756102898606,0.11668510450216833,0.16678131167233176,0.08025604824749867,43,False
108,0.030937532164033246,0.06068492503542458,0.15996879803360553,0.011871572998160503,0.2109578503513595,0.1371925897521016,0.041483453705554646,0.13440624020424383,0.16769021397864944,0.04480682377686719,11,False
109,0.03417912741374095,0.04540267158710051,0.1661051019864566,0.05079846082041706,0.2162535385641436,0.11753798991032854,0.02499481603044933,0.13017773645489902,0.14321712899928468,0.07133342823317962,12,False
110,0.03346036269112841,0.03500394808438961,0.17517900294812175,0.03901687022827931,0.204990520051747,0.1396583589360655,0.03320954582617531,0.1274612040977173,0.15514517003654082,0.056875017099835105,12,False
111,0.03536605274423065,0.03821503442339586,0.1825512997840043,0.04025021895865501,0.2050374927595084,0.1374508319248175,0.010466443401660211,0.13543767717138924,0.14016128138308473,0.07506366744925404,12,False
112,0.015284332491066543,0.03333417350458105,0.16544119523291478,0.04923419194432981,0.21416963561280178,0.14391429853114446,0.0583360945022938,0.1218376255917023,0.1669349746762898,0.03151347791287565,1,False
113,0.044367417199218676,0.05224108096991885,0.16804617342037756,0.03447371440480786,0.20165709087705946,0.13653911276238168,0.03552679851196062,0.11609649154363239,0.17946781091111005,0.031584309399532794,11,False
114,0.05199976943666824,0.037735010520663984,0.17584805684790553,0.04507571560063486,0.22119806249721313,0.1347082178849259,0.019365730184420393,0.12985692551318437,0.1229215453705217,0.061290966143862,12,False
115,0.05182642382622073,0.035229753984457955,0.17546479225570677,0.024021684026674903,0.2048255685882363,0.12128438992499577,0.029018362051430383,0.153178137534033,0.13918836321309216,0.06596252459515206,12,False
116,0.04472526285722261,0.056202669906794595,0.1704728398235608,0.0334457644328304,0.21047843396434382,0.1349079137622764,0.00601653469185772,0.1324139903537869,0.14443513054749965,0.06690145965982715,12,False
117,0.03753415148666258,0.05028224188396441,0.146862864918069,0.01659700403648875,0.2163562796207383,0.14403202342075394,0.04125336295872881,0.11520682880353271,0.17793848475119728,0.05393675811986418,11,False
118,0.05209112749374791,0.05532445671185102,0.17323166490752873,0.036330756651386256,0.22818203347367724,0.10268431234790003,0.03548698533990283,0.11769104561420211,0.1587263248627723,0.04025129259703155,5,False
119,0.03422796418472744,0.04683631277631207,0.1396221941679717,0.04954878100266754,0.2015895101384105,0.1402005284981819,0.035693804121608906,0.12860533945769834,0.14953553541769177,0.07414003023472991,12,True
120,0.02259436241582887,0.04284153684880873,0.16282166159534409,0.06093776721683021,0.2113397753200292,0.13869135237450128,0.029990430463978302,0.14047692328249767,0.1503848412484445,0.03992134923373711,1,False
121,0.04318810468844302,0.06608835719245092,0.16959337957480375,0.018919166759765904,0.1983396982123673,0.1286341663344121,0.03977980920664933,0.11032908556829554,0.16796648560842267,0.05716174685438946,11,False
122,0.02753782376916482,0.03936403776142548,0.1751942218502989,0.046884949716192864,0.19199077185903568,0.13566859675483336,0.0486849987155292,0.14555302742740087,0.13894293726052745,0.05017863488559141,1,False
123,0.05357762826096517,0.05307035995854789,0.16328057928634548,0.03965915395044026,0.18462946250637852,0.1255114769985604,0.044323835003448,0.12865532647293518,0.14505297548224239,0.06223920208013663,12,True
124,0.03412446679906242,0.026675365855851372,0.1769567902659261,0.04577893396475588,0.21479496433576903,0.1339795917421273,0.035065959457438005,0.14357727587273403,0.15683697574456168,0.03220967596177412,1,False
125,0.04470880061903878,0.05762948034916996,0.16824803392099927,0.010583399076104835,0.2067803422473445,0.13344225357469167,0.03368373641288337,0.12942540328485042,0.16375868578059066,0.05173986473432648,11,False
126,0.04280065744556053,0.05180923863608204,0.16875410635871424,0.04627193422315128,0.17572029703983139,0.14556266379847238,0.023530616379362185,0.13442500105488786,0.13512543531898874,0.07600004974494934,12,False
127,0.01649530455775188,0.04051083093553543,0.18213444082518085,0.029507794492010374,0.22891307284854237,0.13478266810232706,0.03885485415613453,0.12269040066563693,0.1673313327204313,0.03877930069644921,5,False
128,0.03488511449114643,0.05556763331683551,0.15582001542961854,0.03979769833325718,0.2198840707583651,0.121216635268707,0.015181107708416982,0.15602840803090004,0.13004345375795862,0.07157586290479451,12,False
129,0.03757923090596066,0.04893595096696392,0.1598933268025537,0.04830269600390197,0.2165981407426074,0.13406642637087798,0.02566421248351638,0.1250109674102625,0.1362906931645772,0.0676583551487783,12,False
130,0.04055213764757987,0.03122016458237528,0.1811639717089304,0.0321300962301575,0.18414677150283656,0.14522851774981163,0.04385350228668654,0.14484484261047578,0.15291448344679898,0.04394551223434739,1,False
131,0.04005863128588406,0.040786193688148065,0.1681268424386023,0.03764430671501074,0.22306883673651098,0.13788228190746352,0.020237501244180365,0.10736356826924784,0.1499365446358868,0.0748952930790653,12,False
132,0.046705678803627824,0.039788512317954584,0.17763132719967265,0.0489885367356453,0.1959914058639033,0.1106891115929865,0.031232470315337713,0.12042069622076866,0.16343858528321695,0.06511367566688651,43,False
133,0.042747259128057546,0.05447009459511344,0.1606706089644418,0.02950140492327278,0.21386668329486563,0.13347102920482662,0.012145164211250567,0.1350548689591227,0.1576904145304329,0.06038247218861591,12,False
134,0.04333825163438642,0.06648406813653004,0.16527074706483266,0.0,0.20170378797306293,0.14902817512115607,0.03015898731725307,0.13925913329161674,0.1604970725037506,0.04425977695741152,11,False
135,0.04182899874284436,0.05080535084047847,0.17195530482760193,0.04760473460786446,0.1900356392931527,0.128531821295673,0.022434434870504772,0.1460549534314578,0.13602756906745742,0.0647211930229651,12,False
136,0.06543501867485652,0.05473369778667947,0.1713381234833246,0.04517498369438366,0.20162532446066855,0.13977452743951418,0.005372437036174793,0.11364085037461145,0.13501946191170713,0.06788557513807955,12,False
137,0.05235735866600408,0.04101181391997791,0.15571319570776496,0.050291056312867295,0.18872468528686917,0.13617962735101882,0.030594954198355114,0.12402788699012515,0.15910054619324057,0.06199887537377705,12,False
138,0.060660521019651546,0.044669401040286896,0.1690173199380485,0.02797407837988319,0.1992268817321782,0.1324510249338994,0.026127350126409786,0.13058923351064802,0.1541138016208577,0.05517038769813672,11,False
139,0.03689314846989223,0.057174969205348466,0.16824045121238634,0.04323284073689688,0.21473130301307639,0.12151930615886158,0.022744913312006065,0.12337284906395875,0.159779613923741,0.052310604903832075,5,False
140,0.025947301922975258,0.035699118221693055,0.15965292530046343,0.040308802968539933,0.20316657616453876,0.14323536728494055,0.015270788873274342,0.13750250253307697,0.16683033606091568,0.0723862806695821,12,False
141,0.06462876394397446,0.035642744671866455,0.15625730419738348,0.03670574065695182,0.21074284690690107,0.11461169580993118,0.02474236196940047,0.1356193977974297,0.16615484288015128,0.0548943011660101,11,False
142,0.05175925914961587,0.042441907802957396,0.1706605532531172,0.026836494759376453,0.20284937328692887,0.13858058136933102,0.02035589187639423,0.13831900514386153,0.16041189464015687,0.047785038718260696,11,False
143,0.027139475717478198,0.04758442133392472,0.1815879855613937,0.052591988691366914,0.2032065597200356,0.13846890890435196,0.019939151450870975,0.12270519165784084,0.1475042044030397,0.059272112559697505,1,False
144,0.04189027098596275,0.054996989362548515,0.16597182294942445,0.016393775317563322,0.2001218505043708,0.14119001362747613,0.024809071257081167,0.14683765718298145,0.13838039653714793,0.06940815227544346,12,False
145,0.03625818706653482,0.055076388552375545,0.1575113789398453,0.04583237339527096,0.1936635138516213,0.1487378432199184,0.060533807310689726,0.13195776579168778,0.13785710699949716,0.03257163487255898,13,False
146,0.020193791645627814,0.02787596968566102,0.16916807656410973,0.05839551141120456,0.19726983022495148,0.15120398234786278,0.025972770522983992,0.1430421081963534,0.16284536874825323,0.0440325906529918,1,False
147,0.0442885168706088,0.049712706964140804,0.16087848666837187,0.04179387649465557,0.2061737608656811,0.14122787501571643,0.023944994943805472,0.14176861594505974,0.14056907122076487,0.04964209501119545,12,False
148,0.03812262639297258,0.03204197146996395,0.1781764826763456,0.04789603282210452,0.20777240604625685,0.1473866405862443,0.0064003654049934475,0.13673953598578859,0.1433402169870448,0.062123721628285423,12,False
149,0.045685584213429796,0.04876775011622028,0.15055745490129827,0.02884971170435342,0.20323832954739798,0.1276343467195001,0.039995882789401103,0.12960793189907693,0.17032201385305437,0.055340994256267685,11,False
150,0.041587751836558495,0.03366043112228537,0.19036207434233438,0.05701674741282782,0.21720567765572382,0.14513140887510242,0.018418984155489704,0.12389554104146074,0.12894865706034092,0.043772726497876197,12,False
151,0.04940618391711331,0.04500510181496022,0.1642126802243268,0.03499287527454099,0.19748831607309777,0.12870652454991272,0.039886259033431785,0.1245328768636025,0.16365238520742073,0.052116797041593096,11,False
152,0.0483621299303651,0.03998186087018818,0.17674768153268983,0.032371227906436574,0.21310396279627916,0.12034535949986201,0.05984940783228221,0.12730534293868012,0.14277935733159958,0.039153669361617155,11,False
153,0.020067198777028797,0.05632502595901997,0.16252714313167424,0.03922491802750713,0.21377782465606585,0.14874554901843307,0.023361116616158875,0.15241513303070486,0.13111884670162094,0.0524372440817863,12,False
154,0.04037119242534641,0.0386090869549765,0.1625182816592886,0.06091497640285628,0.19883081177916156,0.13790553718934953,0.03273693745963258,0.12836992427319405,0.14573301901680868,0.05401023283938583,12,False
155,0.040410768921111055,0.054350242674972675,0.15181543917803303,0.03540774825302668,0.2015483280030878,0.14948760536077726,0.03236927276831475,0.136585032475066,0.13640256972317102,0.06162299264243957,12,False
156,0.06103047910722512,0.04043588524984219,0.18529172347385167,0.03304240560988316,0.1830215882540848,0.13390830960868247,0.03266833098182828,0.1184616725256473,0.15376871541305862,0.05837088977589655,11,False
157,0.058483910885609086,0.048210132343239585,0.18521401853580574,0.003444319999114678,0.21645120620764918,0.11725829527560724,0.03551982533239875,0.11863436934398146,0.173722867476294,0.04306105460030034,11,False
158,0.03658529254592512,0.03883174736131549,0.1726673707445771,0.04823807676751085,0.2051215171995857,0.1313841882902903,0.027499719059053813,0.14215537083015906,0.14223625481472763,0.05528046238685508,12,False
159,0.043869938030847384,0.04249216034090986,0.15271040323548943,0.05355556000684302,0.19733478935291537,0.153347478847133,0.03489877984701459,0.13348234754621302,0.1403813932889087,0.047927149503725695,12,False
160,0.06924684842197637,0.05641780008233873,0.17217102648805876,0.05151681136981992,0.19944738916147045,0.11338910930868026,0.0324571527579941,0.11849219526537921,0.1264942535931455,0.06036741355113686,12,True
161,0.05233419282263618,0.044853527608354045,0.17104250891578013,0.011884027100619513,0.20235906204788195,0.14402771917363885,0.05496692920572877,0.123798284366108,0.16072005532406436,0.03401369343518822,11,False
162,0.0569058144025244,0.035806539245522635,0.1700302433351899,0.02499695737240946,0.20481260264426657,0.12017813157867284,0.046483602121692814,0.13526289717094683,0.16612522106305605,0.03939799106571848,11,False
163,0.04532946815961998,0.04600856904341919,0.153035552595606,0.028210792875289388,0.20330961212161633,0.13708406650873076,0.04097689249907758,0.1291830002590896,0.1636228436515169,0.053239202286034286,11,False
164,0.06941315654108106,0.04511673228888881,0.16574109096796683,0.025172687344691722,0.19554976106316188,0.15306256348415873,0.026543153553422853,0.11492107588163943,0.1580326302195079,0.046447148655480844,11,False
165,0.06725559917896272,0.05499026445859818,0.17250387316914279,0.020284751661463454,0.1914629665035601,0.1373873418533523,0.03770620291689169,0.11700341728284291,0.15673151127443782,0.04467407170074801,11,False
166,0.04659697912113678,0.03727938083529399,0.17674867522524398,0.04564699835789982,0.20175035752258946,0.1197456695395383,0.012650197097645574,0.1364167188029169,0.16414119384427386,0.05902382965346122,12,False
167,0.026332825328350757,0.06032068015749787,0.16840010372081782,0.060973971797824975,0.20655488328663904,0.13651370796783377,0.0689932895850129,0.12027349582791695,0.1249054164706476,0.026731625857458332,13,False
168,0.037532308087725196,0.04685486202261229,0.16444203106973745,0.05109648599585376,0.18844504974209164,0.1322168462136575,0.0468121187033533,0.1320158630619102,0.15987791647682273,0.04070651862623595,1,False
169,0.05833799863494084,0.04204839440197102,0.18301709121769413,0.015418322908713145,0.20732212260119284,0.1267107397039826,0.03247981316979231,0.14022262958932424,0.1496663185050945,0.04477656926729426,11,False
170,0.05945734355835078,0.027205786346261106,0.17771752814113262,0.041558068756644306,0.19270989370883457,0.1351871475132228,0.021365176998791355,0.13219544830741414,0.13628479663998602,0.07631881002936242,12,False
171,0.042620021906424575,0.06116355045984066,0.14923190865560793,0.03766906367253792,0.2167651018706778,0.13540035470737183,0.02709166623988143,0.12628318483330092,0.13141909056635526,0.07235605708800168,12,False
172,0.04954433971121755,0.036204436717637824,0.15655229349924624,0.033379674712101154,0.2033524058253315,0.11775770493786955,0.05759716064646311,0.13730595241094787,0.15208495957621193,0.05622107196297329,11,False
173,0.04800033552400685,0.03742686707764363,0.16845858027327903,0.038499188767212984,0.20660554998213987,0.13229387521459723,0.021474209712558694,0.14089624437025905,0.14898389424732028,0.05736125483098251,12,False
174,0.05923915921027368,0.04156562348322201,0.17368304954463457,0.02355987495070266,0.2215675408636019,0.1287782657642756,0.02532871730903539,0.12794123943525917,0.1801074806350567,0.018229048803938407,11,False
175,0.053907533921162654,0.05572302853130091,0.1402493294346787,0.05679018443146305,0.1949821352456379,0.14571312291734076,0.0663770345061132,0.12776583564900268,0.1337621534839669,0.024729641879333113,13,False
176,0.061257083923851006,0.06441942565365723,0.15606781082161358,0.040465970935155464,0.1965647205715091,0.13610722587075622,0.06405076243772898,0.11644089358642162,0.13119903344301292,0.033427072756293766,13,True
177,0.027211569649115544,0.037512833351670605,0.15582691115295427,0.052070617615151936,0.1967557758155795,0.14460904376311348,0.04251630930390135,0.1354583905874797,0.14789555558235185,0.06014299317868171,12,False
178,0.0418634741225764,0.0506514600183328,0.1922406140541667,0.045425108836278816,0.18154946851367454,0.12057891347197876,0.014238996975256735,0.1157211205578055,0.17045266163095757,0.06727818181897223,43,False
179,0.04443166826984926,0.04141008513776108,0.1617324205795005,0.046910812278106034,0.2083797736089193,0.15408734944815364,0.019878055604690078,0.133783807454217,0.13886028370973083,0.05052574390907243,12,False
180,0.037998940781173794,0.05893775896516878,0.16225335589725493,0.045774841247350005,0.20303770384025857,0.12622544841351654,0.028198088964168002,0.13381206135776577,0.1449622373808319,0.0587995631525117,12,False
181,0.06029687774693324,0.055009671756081194,0.16215389912946052,0.029990306069888208,0.18982987701757037,0.12803676579296974,0.04000607843927755,0.1343828445607181,0.14494615629950156,0.0553475231875995,11,True
182,0.04713219141899289,0.04604985594536843,0.18509945277315737,0.002732396175545215,0.22055446923239957,0.13424897454092433,0.05750606681698861,0.11727899668107299,0.15064099997357436,0.03875659644197628,11,False
183,0.04035333245298373,0.05552515437821423,0.16546050266328224,0.05183372674372575,0.19764405320992579,0.1273543485669286,0.025268059469591327,0.14419051884142386,0.13307247436614034,0.0592978293077841,12,False
184,0.04201850309129547,0.039802282474222475,0.1907229355987408,0.02494914140883264,0.21180687947806257,0.14506242683129794,0.027348022285825273,0.13107531565284208,0.12315384642675387,0.06406064675212707,12,False
185,0.0454607358385889,0.04212423583310957,0.1632677950211598,0.04720408048747769,0.2130953891751173,0.11853835870308159,0.027704810649103878,0.1318069420495622,0.13705628903404765,0.07374136320875142,12,False
186,0.05304688107009893,0.05284771378150801,0.16048686452499672,0.05560791234747801,0.20593040514662253,0.1452193319021926,0.003487021708793875,0.14099570117123358,0.12708324140470414,0.05529492694237159,12,False
