ID,strat_res0,strat_res1,strat_res2,strat_res3,strat_res4,strat_res5,strat_res6,strat_res7,strat_res8,strat_res9,ancestor,alive_at_end
0,0.08379407863302454,0.12448479144772052,0.02455114733659837,0.028906192628705408,0.15977695522380558,0.00017462993484174244,0.09665651292420321,0.14719439143580418,0.32281175353843705,0.011649546896859654,0,False
1,0.08304588473975152,0.1303484064309375,0.023838320218246674,0.025113959801773753,0.16623180576342753,0.0,0.08511895745328373,0.15430294537681136,0.3215304846480919,0.010469235567675962,0,False
2,0.06981096921434315,0.12599445496893372,0.025161580545026735,0.02634460147519522,0.17344367512046716,0.007773946578371791,0.08728265758408855,0.15038472286359503,0.31437654119336955,0.019426850456609072,1,False
3,0.09910030365815847,0.10986533331393321,0.017143488138638044,0.019885899081065226,0.17481292729641187,0.0,0.08646680352720888,0.16379773136383677,0.32798671757873965,0.0009407960420079628,1,False
4,0.07431114385693453,0.1262063901450249,0.028774497823297294,0.041958205832867974,0.14394593033202513,0.0,0.10112599039204281,0.14889567213526334,0.3141198530092603,0.020662316473283652,0,False
5,0.07340238753471967,0.13895728743616312,0.039724733640680424,0.03441558128142252,0.16184971879940138,0.0,0.08883019945624712,0.130921636186371,0.3186671499357604,0.013231305729234479,2,False
6,0.08400930461300621,0.11511726009976735,0.03430598977393533,0.04593972105456949,0.13298411113191738,0.010544080018007608,0.09999293358596166,0.1437283983316667,0.32737266484514277,0.006005536546025517,4,False
7,0.07627852725604102,0.12162667457286142,0.028131859321080283,0.03375597648511442,0.1664453602750035,0.005185810731143304,0.09035844087273565,0.14625314369870077,0.3157938697095866,0.016170337077733018,0,False
8,0.06240401811407554,0.12337929103529856,0.019679502527121293,0.023025796000650137,0.17442525389404248,0.030061491102562333,0.09064618631925549,0.14926209269362814,0.32711636831336616,0.0,2,False
9,0.08541280355291116,0.11616377513772241,0.02846035085916301,0.0334162690758482,0.1428150590894873,0.0031050482455380014,0.0934131397089163,0.1615150214126659,0.3250183471632988,0.010680185754448929,0,False
10,0.09242293164182264,0.12392522413144155,0.02355056097058018,0.029699401046801306,0.1410227894490014,0.005001318020938997,0.10962912533476082,0.14104878993702874,0.3205165751833973,0.01318328428422706,0,False
11,0.08201303189280483,0.11481693958425966,0.019845308839525472,0.020910439722189318,0.16794311495131942,0.0,0.10287637214711784,0.1498820231942257,0.33489791578609496,0.006814853882462808,1,False
12,0.08386463753581552,0.11077511360853046,0.02504936800848186,0.005266230909075202,0.16163520876146165,0.0,0.08409683992499518,0.17839672432386178,0.3349474175183536,0.015968459409424658,3,False
13,0.05751891623441824,0.11393010987756286,0.04070955192943879,0.03172192858944692,0.15791035923986613,0.029377379299321105,0.07753909201387021,0.15066018064607972,0.309642004018275,0.03099047815172105,2,False
14,0.07236100507891878,0.11473296839161974,0.031678263787102034,0.0307986751941679,0.16366431216738256,0.0031043734305722034,0.10781448715692904,0.13354910290981614,0.32065363406608033,0.02164317781741124,0,False
15,0.08171378692540802,0.1276239646247364,0.03168760111168944,0.046090222697979306,0.14962262284201247,0.0,0.10343873876354438,0.14523610785066524,0.3071855416377973,0.007401413546167273,4,False
16,0.08252682450189722,0.11267632247298828,0.02309898183873776,0.03183684219924335,0.1623201596471559,0.022091001065649835,0.09589752860079448,0.1540159827779389,0.31553635689559406,0.0,3,False
17,0.09783585740555101,0.12395513687068019,0.014246268345932431,0.012584728572785163,0.1757172363300577,0.006052779492937689,0.07176221890407472,0.15593680739132157,0.3302523532341764,0.011656613452483148,1,False
18,0.08059497376345129,0.12502525948293775,0.00956289291152933,0.04613920996950789,0.1565562566972736,0.01285555282924357,0.10530655909177494,0.15183777846479707,0.29420603656195154,0.017915480227533087,4,False
19,0.06799102696260109,0.11789226193103287,0.01641110706253909,0.044344160888669985,0.16735042393316243,0.0,0.09913040920270202,0.1480833444889503,0.3293097672274219,0.009487498302920248,0,False
20,0.06717840755656163,0.13826226674257416,0.02402277644745218,0.008091137921912355,0.18377875422930043,0.0,0.08670722382662825,0.15518062230418692,0.31697758361318173,0.019801227358202375,1,False
21,0.07161520496490785,0.11266474656527682,0.03155704368412007,0.04735690343646906,0.14153949989156003,0.017298406559883888,0.09538366282565866,0.1493417163419136,0.3010630113477744,0.03217980438243566,4,False
22,0.07793749109103285,0.127859967371345,0.038369732047657056,0.02546506753235679,0.15528064148944792,0.0,0.10222880189074965,0.12772239763674367,0.3239569121776125,0.02117898876305439,0,False
23,0.08160367754687199,0.1173290005857136,0.03083487325004183,0.019929328765041134,0.16348931626984353,0.0,0.11148592138576968,0.13921988107471397,0.325590901471574,0.010517099650430323,0,False
24,0.07640779600731949,0.12222427936026811,0.02961995898182751,0.034279027512710836,0.1605585385847804,0.00994825288862947,0.08595761636623858,0.13948491776851327,0.3223543255840647,0.019165286945647626,2,False
25,0.06625586210574304,0.11842744920045828,0.041442600795864065,0.024731505987676906,0.17829291042910578,0.0,0.0965143027868262,0.15191386801247617,0.3028710722190801,0.019550428462769394,2,False
26,0.07478529459314903,0.119862998504155,0.03904840935683348,0.02763844938057786,0.13506468077112296,0.005724017809004444,0.09833995161324163,0.1603572465631756,0.30666257298276123,0.03251637842597876,4,False
27,0.054735879058508595,0.12328177343226769,0.02973174312037075,0.035057365946936404,0.18292826391143527,0.020705940704921457,0.08723168611700555,0.13890527900900435,0.3031264101106437,0.024295658588906272,2,False
28,0.05538251371618339,0.12002158756667064,0.025679825476828576,0.03021948108959429,0.19192018346356468,0.01085019758829912,0.07088218085531152,0.17003984893735158,0.31206437929262676,0.012939802013569443,2,False
29,0.06500466069955456,0.13346863633963263,0.04780908125992239,0.015981417544315063,0.16411186297236563,0.0,0.08840932493207963,0.15010408707324863,0.3236393593794806,0.01147156979940096,1,False
30,0.0997104775358953,0.12710119416726712,0.029012811617866428,0.027936077510030403,0.16431203347711998,0.0,0.08343573129251712,0.1424654188768429,0.3260262555224609,0.0,0,False
31,0.07430392364756931,0.13300959822321398,0.017179249745150713,0.02669032448678599,0.14217005528853977,0.0,0.10362613201181639,0.1586151935787312,0.33034101227243823,0.014064510745754408,4,False
32,0.06734811363817969,0.10533412207562609,0.018511563025293047,0.01246615555359472,0.16931731276001175,0.015959007862537126,0.09030141780499475,0.16893310013783513,0.33116029735391755,0.02066890978801022,2,False
33,0.07414585795938637,0.12922205751496402,0.025862848064422756,0.03191547191768576,0.14597951594103278,0.0,0.09786668734524259,0.15422774084588634,0.31762503564697725,0.023154784764402025,0,False
34,0.06646086398073534,0.12457510940226862,0.009318629815441834,0.03472507527196915,0.16888577106671226,0.0,0.10171012786153474,0.15658096667478555,0.321417901365028,0.01632555456152446,0,False
35,0.08128864905019209,0.1230248093998374,0.003022604202982185,0.027296264452536023,0.18078721339482084,0.002007511460308473,0.09170584309787999,0.1452531081013018,0.31808144289108603,0.027532553949055145,2,False
36,0.08951043941104751,0.11585446989026499,0.0,0.03766080286513769,0.15798510975936486,0.0,0.07648963156250022,0.1427487909025195,0.34943434042760213,0.03031641518156297,0,False
37,0.07825912635363116,0.12880145203458945,0.026426655750404718,0.0396425538312962,0.14641233522449815,0.0,0.09185947376086638,0.15131424347239408,0.3197970859348324,0.017487073637487516,4,False
38,0.08125368222786328,0.12717765888723298,0.020349130195334374,0.008021671279127843,0.17082630984886632,0.00481714089512506,0.09905715089672038,0.15785676454182318,0.3306404912279066,0.0,1,False
39,0.06082856711875994,0.12462897821323593,0.01817354591736493,0.04460772659660173,0.13121492279691355,0.03491175708876349,0.1080158225734342,0.15760426579083636,0.2992649673413218,0.020749446562768035,4,False
40,0.08565057962806732,0.11084121451806742,0.026562250195154728,0.04304317782140451,0.13835994605162144,0.013607374166399948,0.10279297059728436,0.14630417016508201,0.3099922044958418,0.022846112361076466,4,False
41,0.07260070166298405,0.12464646142389367,0.026522992597356222,0.04321137940186535,0.1452466484649142,0.011221703130796816,0.10972467668667728,0.13780240238407232,0.29816757615641926,0.030855458091020867,4,False
42,0.06340335239951773,0.12710378828085325,0.027837823269195722,0.03983659748585298,0.18337368977091006,0.0,0.09082616450460718,0.13518179270980327,0.3096048080764195,0.022831983502840353,2,False
43,0.08272762453644164,0.1106378487320984,0.029959370723418772,0.04471754471495312,0.14378900020613206,0.008949068423037325,0.10064115678886383,0.1465755973683083,0.2996324954481259,0.03237029305862077,4,False
44,0.05409041196970094,0.14723574067553308,0.047436612472650755,0.0033259997239578967,0.1771656063130064,0.0014186698409154976,0.07667519059608803,0.1409245485160962,0.34288796795986537,0.00883925193218573,2,False
45,0.07136706691263446,0.11991201706642038,0.013726655784563616,0.038547996997179805,0.1547148531228213,0.0010730527137513496,0.11789131558629987,0.15988233881989097,0.3171109594240644,0.005773743572373783,4,False
46,0.07712651598020878,0.12574937246653967,0.03259976629136008,0.051891459863032244,0.13098142866151286,0.0,0.11558749496128383,0.14769174817913222,0.29813544720791035,0.020236766389019927,4,False
47,0.07124461137071667,0.1265458598988621,0.021547017038599767,0.021565425216562142,0.18766892490315965,0.010904130071352462,0.07699924532318843,0.13721381099233998,0.32693873733617684,0.01937223784904199,2,False
48,0.07512228737056176,0.10766586323407215,0.018172529085143916,0.06274194618346512,0.1615588696127666,0.009476383525340495,0.08973609613571383,0.14706666903292107,0.3189073748088438,0.00955198101117138,4,False
49,0.08127505272060699,0.1131994511445095,0.029242973517164712,0.026653155547374824,0.16221144622836833,0.009830846581950829,0.07426184531466898,0.1531592988072359,0.32414566671566875,0.02602026342245106,2,False
50,0.06445131515479403,0.12693735899786146,0.014337432097653605,0.03608411280777704,0.1823354429664416,0.017164620337360482,0.07432869745278536,0.15385955330186674,0.3087592933963165,0.021742173487143152,2,False
51,0.07497699776629217,0.1416323209638884,0.030451899936284423,0.03237681567158572,0.1432710717216185,0.007844131854425928,0.10922129418717054,0.1380867667596831,0.3118035716559241,0.010335129483127235,4,False
52,0.06765640774986277,0.12270922162968838,0.030642706734253813,0.04332765239401048,0.1435116638059368,0.0,0.10920710791362873,0.15145203375682642,0.3080248498066449,0.023468356209147744,4,False
53,0.07132443327603769,0.11063279092315678,0.025282117495678626,0.053307039029989456,0.13855198952883988,0.00206893044549667,0.10364618689173666,0.14190353388552607,0.3080394164623389,0.045243562061199054,4,False
54,0.07092125399648384,0.11865178209520146,0.03492930116752305,0.05090927595067769,0.14741348604504556,0.0,0.10023872360656721,0.138644156723118,0.30916055136439086,0.02913146905099235,4,False
55,0.07779956502434068,0.12766650055199893,0.04507570424060756,0.01832989519199592,0.16515417819866168,0.009948965644165277,0.0970314749119781,0.1564207177424385,0.2958164003376607,0.006756598156152755,2,False
56,0.06804918968539854,0.1166829773340566,0.024019691725521614,0.025537011489764515,0.17086587858632343,0.011586503167431277,0.08162468255537243,0.1501549315660058,0.3316996834464066,0.019779450443719294,2,False
57,0.07265539583117213,0.12506056576847044,0.007611357788203704,0.03902263187359542,0.15149979495142732,0.007061439203862556,0.11620445500428901,0.15296671451651958,0.3065451024047553,0.021372542657704528,4,False
58,0.08223056736152426,0.13293575416490952,0.02640965683313929,0.020736681679929873,0.17994229646718343,0.0,0.08188532855568512,0.14127812609586607,0.30303312773076374,0.031548461110998724,2,False
59,0.09090599783426609,0.12083325546144194,0.02386373333642489,0.02051100957404752,0.15824743133727354,0.0,0.10507136812830364,0.14700290010024966,0.31731962077753756,0.01624468345045511,0,False
60,0.057535289166868245,0.1324653592346903,0.03977941334509448,0.03200711262632885,0.14737483259663056,0.007383426732664345,0.09621941423210544,0.15717367733991433,0.31089610345551855,0.019165371270185052,4,False
61,0.060454300407021405,0.1264127871944577,0.010945807847470991,0.025762215518940437,0.17548811802268635,0.007880449367509644,0.09477467102713444,0.1460432708093138,0.32460344335826324,0.027634936447202003,2,False
62,0.06967842466480552,0.1278324557245806,0.03448317356486564,0.022667242504200675,0.1854835927341843,0.0,0.09606641712878644,0.13502582007921365,0.3038412447576476,0.024921628841715546,2,False
63,0.06865377612262415,0.11749690244353878,0.027484948790374567,0.051888724752954314,0.15137976776907025,0.0,0.11470919247627621,0.14592240234013337,0.3065537486239339,0.015910536681094503,4,False
64,0.06311581514423466,0.11712808984251069,0.038999768303940106,0.053958329922017635,0.14012209586350963,0.0031168469647181304,0.11892874673756584,0.1510714293816368,0.30043546400005283,0.0131234138398138,4,False
65,0.08794389410713206,0.1221653136913042,0.01689007153900041,0.011578143026298017,0.169187692363572,0.014238327343288294,0.09228685249929297,0.1352261324666862,0.33804163550759386,0.012441937455832011,2,False
66,0.0720585971669901,0.11319980264588025,0.014678900765687264,0.0405289815135315,0.16939878770654587,0.02386009459080454,0.08948253249429396,0.14349259889103635,0.30562114957367725,0.02767855465155277,2,False
67,0.06833023096937454,0.12242755431491945,0.04185998893093577,0.031817233914487375,0.17188603003273792,0.015796894717604735,0.09127417165720698,0.16034062788753162,0.2962672675752016,0.0,7,False
68,0.07599917681712774,0.1246061732152916,0.030088153042597134,0.05807883184145775,0.14631209334914505,0.012394753990094941,0.08776135531488773,0.14858349383966143,0.28429347793239773,0.03188249065733878,4,False
69,0.06722825938302172,0.1453513000584547,0.03776568872853756,0.04926206844571568,0.16307311978318217,0.0,0.08569555603781188,0.14409245558189157,0.3075315519813849,0.0,5,False
70,0.06643682489920273,0.13212455324905853,0.015297733409078867,0.03187864414292592,0.1807805363648336,0.011375263124595063,0.08954164236402264,0.13877144118940454,0.2911365281356492,0.04265683312122904,2,False
71,0.05507832212623712,0.11351555662857027,0.036407538749779776,0.032925966031175716,0.1583538583944321,0.03917726107454866,0.06998821642874535,0.14828253709374928,0.3057158316410675,0.04055491183169407,13,False
72,0.07375162477875924,0.1244452732195974,0.027223833164916954,0.0538758840587173,0.1436100979289243,0.0,0.1001434803208697,0.14171869041468735,0.3130769218250749,0.022154194288452965,4,False
73,0.05143836535889023,0.11056908573415487,0.043842783270973275,0.025145491176345906,0.16725830509627915,0.03713543237761712,0.08922119124032668,0.16555399892331193,0.29408087855912335,0.0157544682629775,13,False
74,0.05195868011695316,0.11145504422301132,0.04734088799534713,0.03718610077199549,0.1763808509106734,0.015882763110851947,0.07243430730034513,0.13850566251442237,0.3106753900118111,0.03818031304458888,13,False
75,0.07489743034549165,0.12052183761968394,0.025572319516284903,0.05383067191764415,0.14545560289136775,0.0,0.10629111475047882,0.14448086207053698,0.30798648540561213,0.020963675482899673,4,False
76,0.07165900153523119,0.11127588879017168,0.030787311531404505,0.04731675936818709,0.1490467899352817,0.0,0.10182931854084341,0.14342475631055399,0.31370070230823255,0.03095947168009387,21,False
77,0.08546896399615292,0.1212521703535284,0.03513233241090191,0.06079163882699758,0.1293480560300816,0.002041415663896981,0.08997733963700778,0.15360580183169298,0.2972607987005063,0.0251214825492334,4,False
78,0.08055215302125764,0.13523748805647504,0.03224765045024174,0.043221209244986875,0.12870412176736779,0.0,0.09815420636184265,0.15498021310281443,0.3088624244153814,0.01804053357963245,4,False
79,0.07661439820290286,0.14238501728003852,0.03991302095792253,0.013723209201312158,0.17501146511697468,0.002842878083952418,0.08783326786184342,0.15055469229454932,0.28214985713372825,0.0289721938667756,2,False
80,0.0745462577463939,0.132267954034663,0.028384726727159335,0.0359808822105189,0.1523015106584617,0.0,0.0905983758669258,0.15190722004363486,0.3251152961767553,0.00889777653548716,4,False
81,0.05259693973267457,0.1122268933247196,0.03716504273851104,0.038749302131227306,0.17979537217858754,0.030458993280567972,0.09083453742497107,0.152536602067694,0.2931217578936014,0.012514559227445442,13,False
82,0.06160561356265179,0.1121073850371069,0.046463172911793846,0.02599463925394011,0.1530696782736461,0.03749518029395805,0.07055858929280599,0.15239005572597986,0.3226435519818807,0.017672133666236607,13,False
83,0.05165398383070195,0.12919973540653293,0.012999050992060278,0.053420301133716784,0.1528695595120685,0.031018754122623955,0.06507693172457948,0.16198679083326042,0.30737218326565013,0.03440270917880547,13,False
84,0.0519421217299057,0.11335710279824567,0.04497879630886143,0.046469439492198845,0.14963249322220562,0.023509748338385806,0.09067021084332909,0.14515220460054573,0.3094754587716627,0.024812423894659427,13,False
85,0.06952187391524621,0.10923113094200487,0.047011243925576304,0.03032330403194327,0.14830353930920925,0.03342130552086709,0.06894718886178414,0.16115675972928764,0.29814946561420574,0.03393418814987557,13,False
86,0.05442253362569271,0.1104208914317262,0.048994339446873286,0.028976546026361405,0.1618998717771885,0.01683997460762242,0.07991377619596916,0.14983994992645042,0.3051241435780622,0.04356797338405376,13,False
87,0.0554537727086062,0.09886374853191529,0.052413466339534455,0.03514868495128353,0.1576483698328789,0.034039286239130016,0.08773332652742025,0.14309224206811988,0.30219637936051463,0.0334107234405968,13,False
88,0.07367655412702971,0.12086292411416538,0.05356697532611882,0.031701884742484275,0.17085140721411146,0.016610379608440338,0.06964636163707535,0.13683596358446123,0.30428685136518263,0.021960698280930824,13,False
89,0.0704330139064283,0.1188385980219111,0.025339819084977146,0.0381433359751096,0.1821364024548578,0.03716703333882061,0.07982330685451437,0.12617118945454367,0.3056072248474395,0.016340076061397923,13,False
90,0.07193852905092805,0.11877002326921031,0.02893259593297792,0.037826598240975874,0.1425306845851434,0.024734170499871033,0.1000454779647595,0.14963722959158934,0.301637890500062,0.02394680036448262,21,False
91,0.05782361930645866,0.1218493256250936,0.03291720454632984,0.03801899760194284,0.15959741655791115,0.015809688953526056,0.08834944893092798,0.13511824843601472,0.3163631718318039,0.0341528782099913,13,False
92,0.04798462854717344,0.1173675520476395,0.029558696363014475,0.0200982226863003,0.17044574972222834,0.022162114003772125,0.07938086239120976,0.15611424925848777,0.33737554988687385,0.019512375093300255,13,False
93,0.058910036921370534,0.127086379585387,0.03709570094240945,0.0217324427849894,0.15502381300116622,0.02227107314609129,0.07927450189963368,0.15600802375275125,0.2997894481294154,0.04280857983678575,13,False
94,0.051904973921071046,0.11404118293848522,0.03563318190841966,0.023539301054586126,0.15945060483736748,0.03396318831262533,0.07131883774169183,0.1726177077942447,0.3029325467240817,0.034598474767426966,13,False
95,0.04914121260483563,0.10084563077716917,0.052396869519260564,0.03312512605194861,0.16971089680770418,0.02697149079725773,0.07776463464616178,0.1571493340014952,0.31508274566350947,0.017812059130657563,13,False
96,0.04542862467299332,0.12631881918767834,0.00857755666149001,0.05050986797884143,0.1352330237566284,0.022465003397601588,0.11546504307755662,0.1636983098340651,0.31690182710157666,0.015401924331568437,39,False
97,0.04553803920104385,0.10289012695496909,0.04648582042417813,0.0192402425523906,0.1652961660428294,0.02394494361006391,0.07617594254553686,0.15068982725832078,0.3204821369082175,0.04925675450244985,13,False
98,0.06148466384737181,0.11967354100872059,0.03909883695751203,0.024616531767486256,0.15423193354189133,0.026576806833872407,0.08319103488046015,0.15094267184042937,0.29328880359371917,0.04689517572853689,13,False
99,0.04825191978993344,0.1135223591494558,0.05383801419514135,0.022348015515382423,0.15508690719228227,0.03288741346206771,0.07537321809667755,0.14902009116231743,0.3029079853122357,0.046764076124506455,13,False
100,0.04206035262100673,0.11781986900449452,0.05494405892419135,0.021642764439569053,0.17003629134510795,0.02707741508978962,0.08252879268269145,0.1498524210791676,0.2898585552556672,0.04417947955831443,13,False
101,0.042953164096128836,0.10550770979434208,0.05091666745983535,0.053606956242556104,0.1513887636948703,0.025910812213967644,0.07242209670951694,0.1463285080534529,0.3184524317094684,0.03251289002586147,13,False
102,0.05851217413489434,0.12103860229010216,0.04581121570071392,0.02071644758784407,0.15711498920000044,0.02865568875719273,0.0814227787356641,0.1460624481286495,0.3123160206501333,0.02834963481480542,13,False
103,0.08615428062636457,0.10799788797492338,0.03139021752520986,0.05664170054459053,0.1415570667151374,0.013240387666581177,0.08009298049437337,0.1526226637257938,0.2945857074921353,0.03571710723489062,21,False
104,0.07854292831969474,0.12099364555374253,0.03303844185715617,0.031287746050360145,0.14934705278522928,0.03371636767530204,0.07080663682547057,0.14794856746419655,0.3059217448324599,0.02839686863638807,13,False
105,0.04326921041195024,0.12751741505629363,0.047473049585833454,0.025256161486482104,0.14742290898771174,0.028402126647053442,0.08226483138830101,0.13984093236453643,0.32370595184299844,0.034847412228839476,13,False
106,0.06837630548247162,0.11635430069797076,0.039366623784382444,0.014639406743367459,0.16234771356624575,0.03116646120632073,0.07276527834719067,0.15622798033121335,0.3144682217984126,0.024287708042424586,13,False
107,0.06629218810641815,0.12365022830191034,0.02569697126276335,0.03164574069707641,0.16243625653238064,0.03930491218320767,0.07311119186347842,0.1535685734949904,0.30587806591110195,0.018415871646672646,13,False
108,0.06332019354003325,0.1136344441129111,0.03081058207631106,0.027779839699820244,0.14416656240094075,0.03642496801319936,0.07029548914417644,0.15935066362032324,0.31375954235736037,0.04045771503492404,13,False
109,0.062354930436081035,0.10671550472833309,0.02531349448695486,0.019506876336492347,0.1670576443379549,0.022423105592839707,0.08775973524264505,0.14853830426103976,0.3261756054088834,0.03415479916877581,13,False
110,0.0669250316801317,0.12090596941101524,0.02087453997749773,0.03817851546625155,0.1263189788107551,0.03686363992790576,0.10378315684509228,0.16407034821811525,0.29852422427651715,0.023555595386718125,39,False
111,0.04882238199757039,0.11397594495656564,0.04234803016436742,0.03850337251581008,0.17287800181222157,0.03165541524668842,0.07591315741269059,0.16611837344560204,0.29201008909544246,0.017775233353041434,13,False
112,0.04593304199787262,0.11912454728922008,0.031006269168009724,0.023446964924771857,0.1577242017841582,0.038647134446331256,0.06545471709211652,0.1671953372385399,0.31455065415002254,0.036917131908957374,13,False
113,0.0398058089127072,0.12262386315458973,0.026762648857311916,0.025132498408701916,0.16585795838080367,0.03000685150536388,0.08102476933603178,0.16148441215298873,0.3237882580367119,0.023512931254789378,13,False
114,0.07081491353099582,0.10903052859591232,0.046763860349959094,0.04094687783762886,0.14902623730461295,0.016500955713399882,0.06732105149622072,0.14030611203841883,0.3168054524412054,0.04248401069164609,13,False
115,0.06314438665524318,0.11183009279344197,0.04379159316372957,0.022360260731395343,0.15711226404034592,0.05144521810057389,0.05460246258341973,0.17014474068842497,0.31216468364031336,0.013404297603112193,13,False
116,0.05016765513018597,0.10184595173825758,0.038090809930310915,0.03427729418691407,0.1559394598492045,0.031210817156137022,0.0801884116257549,0.18057614660965376,0.30183781692811934,0.02586563684546175,13,False
117,0.04836782839065478,0.11717175509906451,0.028202942427454095,0.034693463377471145,0.15897471708665595,0.03480686748060512,0.07138983284167458,0.15183998093524173,0.3195780663144476,0.034974546046730455,13,False
118,0.05203349467552991,0.1035418733433898,0.04219897053891586,0.0453531796105436,0.1578019095301025,0.014163225372105352,0.08042545461748231,0.15028568061240394,0.31472270224355,0.03947350945597674,13,False
119,0.05246278103863047,0.12580646096574638,0.042532349316834486,0.029558513859927874,0.15375700147970012,0.04437995133795196,0.09485218509318927,0.12801807725936595,0.2996878525381321,0.02894482711052135,13,False
120,0.05086651433217027,0.10104195951530123,0.05190109652483919,0.027619775228128612,0.15210922104374536,0.046726732954529566,0.06051321482814375,0.1669623375506281,0.3188555692137737,0.023403578808740288,13,False
121,0.03457777546521215,0.1370499339660245,0.044966263032478,0.012592695506203774,0.18368558017561595,0.01639152440793831,0.08724372143980784,0.13863684821502453,0.30272478557662724,0.04213087221506784,13,False
122,0.07402773409880399,0.10730933499037106,0.03652917049977611,0.018353198649036496,0.16275578162496548,0.040356607734123896,0.07659244659950004,0.14273072192720476,0.31757917665239793,0.0237658272238202,13,False
123,0.07076261978181894,0.12528635153530043,0.0070473483240894716,0.02503550195464235,0.18845938119408331,0.006305545629057511,0.07767005446405163,0.14522184216091719,0.3263630722312273,0.027848282724811838,2,False
124,0.05559888601891377,0.11121222805339177,0.052287690199421616,0.012592010089797058,0.15046033991180838,0.030005149544803756,0.09198465079205351,0.16463665304841882,0.2966962285553931,0.03452616378599814,13,False
125,0.06754221323150468,0.11545169634713999,0.0328949481085139,0.010229498862943984,0.16774058334391959,0.045097923242292705,0.06456689901759638,0.13309060041321538,0.3149049438345641,0.04848069359830926,13,False
126,0.06628118513483264,0.11142543319861224,0.056311666907271365,0.02720678112242874,0.15777761210940766,0.02617886738801324,0.07883170230981586,0.14991567663412644,0.2933301634036026,0.03274091179188932,13,False
127,0.07359883109608528,0.10335043493278474,0.04186830219015636,0.030094597211576028,0.14984891946631654,0.028590497997303902,0.07682109335813873,0.1520657090001082,0.31216760046902403,0.03159401427850609,13,False
128,0.05388472988300379,0.10888434240900818,0.04402605612456933,0.0345558895124231,0.1567510104549746,0.03920848154013991,0.07493008009080544,0.15200092539022753,0.28946060839558796,0.046297876199260214,13,False
129,0.06275308826704964,0.11418754133950709,0.02957184384879146,0.026312373986028734,0.16874847885454655,0.03900717869710838,0.07779410120024534,0.1372342101575489,0.3063566506933685,0.03803453295580536,13,False
130,0.06686542319323427,0.14582408647419404,0.01198744589041352,0.04038408920228375,0.12683602154649415,0.025529745662051608,0.11531400931914214,0.1452056593487747,0.28642677343284584,0.03562674593056593,39,False
131,0.06257346104879466,0.11196507196646129,0.03147909472704907,0.04934007491444817,0.1604387343188251,0.03440727032932681,0.07772778180354743,0.1418482129121461,0.3067793935964129,0.02344090438298847,13,False
132,0.04732164912523936,0.10544710099316225,0.039668650890584876,0.028212357382755206,0.1671743886256895,0.028283534979366875,0.0805067833914715,0.15698822493097303,0.3120132596636283,0.03438405001712921,13,False
133,0.06370017923851622,0.10604519462655569,0.03178139695242926,0.035978400713970723,0.1558173564913827,0.029496496274762436,0.07454512173650656,0.15826427272392574,0.3219842804708055,0.022387300771145056,13,False
134,0.061243280872693054,0.1154479629239046,0.044024736767104534,0.01782120139306609,0.1381359017873387,0.018285728780872743,0.07457984633646356,0.1555934659642717,0.32288107001557825,0.051986805158706836,13,False
135,0.04732036578082604,0.1179379948891809,0.03240422457230395,0.03323336239229686,0.15135333696020392,0.0283352927007263,0.08746528568489632,0.14512193727633996,0.3170538393755574,0.039774360367668356,13,False
136,0.05112611555915755,0.13835190725004007,0.05341577990543052,0.034933445879089656,0.14547398156179067,0.024698611314485804,0.08380060474218114,0.14171664557436814,0.2874119031775407,0.03907100503591587,13,False
137,0.06288685812552137,0.10013963008920457,0.04529737235097648,0.046079268292095625,0.19089492646793935,0.03274100912157001,0.06719316306495801,0.13641974440376092,0.2933583033152289,0.02498972476874487,13,False
138,0.05920038499730735,0.0970376024724747,0.025182071974039974,0.03792144952477757,0.16906555000893392,0.026013265106025585,0.084059784418582,0.15399915742279469,0.31323975242937663,0.034280981645687596,13,False
139,0.045727273960716665,0.12542355767053318,0.032094400062782726,0.03450789946190101,0.14867365197829757,0.042552930559269474,0.08909162550591965,0.13726776958892944,0.303170083103579,0.04149080810807134,13,False
140,0.05869176274629736,0.12492056258255439,0.033541490047405684,0.036881187678432,0.13318398880482527,0.029756144810658604,0.11316564011237377,0.14571670146507282,0.30320427073049294,0.020938251021887268,39,False
141,0.06244561456811942,0.10906634135199145,0.04445325286767572,0.017017016225166093,0.14497900818734552,0.03516316484066489,0.07873447484024024,0.14282704320885423,0.3146325338234968,0.050681550086445516,13,False
142,0.05735758039038734,0.13140874684563666,0.03476134087593373,0.026388022235250375,0.15142939189070875,0.026633555645620057,0.08033408094801879,0.16188208353023043,0.31052325188549396,0.01928194575271983,13,False
143,0.06830613058210663,0.10801880163958347,0.015837483697934633,0.032018114820789756,0.16519625751040423,0.028194719568002218,0.08404721547483547,0.1485515694780367,0.3162098876524831,0.03361981957582388,13,False
144,0.06126980664835636,0.1065425324498616,0.04384050386887364,0.034684791510468806,0.17320449842811633,0.00703178684295129,0.08054078419859238,0.15558354236990019,0.313534703658354,0.02376705002452552,13,False
145,0.07127379085141754,0.10156657680675853,0.029430394881237457,0.020098863330748735,0.17446135486178374,0.022847845745085416,0.07643304809809934,0.1475201445536468,0.3130552537926853,0.04331272707853717,13,False
146,0.06369377141190424,0.11737313326659664,0.03099407738844864,0.02631213301698401,0.173377611063318,0.03558355516055011,0.07017195573542036,0.12941131445034543,0.3043305151480898,0.04875193335834276,13,False
147,0.08229620718221646,0.10991079694844733,0.03453595551078544,0.032536345282150866,0.17216874088295964,0.03493244616437453,0.06774303271590787,0.15262521501976964,0.291274796556745,0.02197646373664337,13,False
148,0.07150689576157274,0.12896057899237043,0.04685680056168731,0.024861765354160435,0.1681678404327666,0.016545386172903683,0.07430181461909241,0.1440577091527379,0.30054480507296544,0.02419640387974295,13,False
149,0.058185429445354785,0.10863384287650556,0.050986896713254314,0.017562498116312972,0.13021652818639257,0.04136777355612455,0.09211451605494884,0.1500474044992198,0.32083848661222125,0.030046623939665285,13,False
150,0.054726352212533844,0.12539197211921788,0.037218210349134404,0.0365806032708906,0.15339090489839607,0.024598766896941213,0.08769969616738008,0.13822028697719657,0.3171316742114956,0.025041532896813674,13,False
151,0.06327760790636754,0.10714302731805485,0.04113371701891686,0.023456729751863553,0.176434760509681,0.01666552221676807,0.06939863544059205,0.15332078557311674,0.301692036421963,0.047477177842676355,13,False
152,0.06897023427344838,0.10750007519268927,0.046805810658282564,0.037201034661589125,0.1608071105549805,0.019523985391114825,0.07347932113489514,0.14181608959603847,0.3181249206555473,0.025771417881414526,13,False
153,0.05507952336315424,0.1270698794709308,0.036414925503271536,0.043256977578385786,0.16028348400311487,0.04221629254426303,0.08145586583864724,0.12661343269115846,0.28295375794636646,0.04465586106070743,13,True
154,0.043455990565280656,0.1206199756223512,0.032397946069002814,0.030497372482442643,0.16389606572482834,0.033095039270853034,0.08316044638150229,0.14083448746157437,0.31538394585368795,0.03665873056847667,13,False
155,0.062292397325682515,0.12382246019130935,0.02375490370793115,0.023456639954848677,0.16854048464050683,0.030985709807698342,0.07113318223910223,0.15037826678709307,0.31017196767969585,0.03546398766613199,13,False
156,0.06813751669517785,0.09185353592814062,0.05906604216124431,0.02036171686640611,0.1516014124534339,0.03160246222616939,0.08689726181043439,0.1457408439541032,0.3003039522128783,0.044435255692012,13,False
157,0.06204758891174298,0.12228429553960794,0.04314193395231383,0.022713210923679943,0.15207859287447953,0.0289170946357499,0.06760277281171434,0.150233688645707,0.3193459798649541,0.03163484184005034,13,False
158,0.0596941974600569,0.11597927873135483,0.03944029474395301,0.03517885872348182,0.16661674273037017,0.02779370235133014,0.08996404558267755,0.14174428473679607,0.3119268957511794,0.011661699188800148,13,False
159,0.0595281445021761,0.11281016820500736,0.03401376623208853,0.030811420209965936,0.15605511086160892,0.027391818246774814,0.05562843668200597,0.16152969067536002,0.33356652247255825,0.02866492191245413,13,False
160,0.05966425055247133,0.11728464770930781,0.03878925004189558,0.039282270313896285,0.15107867087229343,0.03364464549604046,0.0728115214609539,0.15208710993146035,0.31276496951466715,0.022592664107013737,13,False
161,0.06445738818038031,0.13087518493098776,0.04911023691194468,0.029609014325533724,0.15552649391754958,0.04730891587792668,0.09530829402619481,0.1334119342146815,0.28203760994160304,0.01235492767319775,13,False
162,0.03714907415234056,0.12287611197890752,0.045122544983019125,0.022643149961199364,0.15962510824675938,0.04323640283088921,0.07596524780980929,0.14547159738872978,0.3216694679852953,0.02624129466305039,13,False
163,0.04160177596312553,0.10928392043194253,0.047456537517225596,0.027172046443161676,0.16763440240889793,0.05221270241649886,0.07883615182135587,0.15144347716189635,0.31151635705678893,0.012842628779106802,71,False
164,0.07682900341335692,0.11442668660595907,0.01230258000838097,0.06749637185011109,0.1264524728706658,0.02193449304971471,0.11368761565743432,0.14369016749515248,0.31365340751646276,0.009527201532762002,39,False
165,0.05916506488237442,0.1209739518004377,0.04676328092286986,0.029207950220275922,0.15617225331992338,0.03143763014003285,0.08004334072168161,0.13607806198526717,0.31304042490308426,0.02711804110405274,13,False
166,0.056147823655775385,0.1274805969855154,0.03999326143165442,0.031842234330638194,0.15140604860915377,0.03435085554212963,0.08696355521000956,0.14816111483058636,0.30154468514479554,0.02210982425974177,13,False
167,0.04160958374358823,0.11337718691889416,0.014546250301148344,0.03436572882365975,0.16473912944801877,0.045037309528908116,0.08087324563965126,0.15562515933806578,0.3147024063804219,0.035123999877643614,71,False
168,0.05832281945046459,0.11330841761145961,0.04695754302878345,0.036645030972474436,0.15196702998968506,0.02270709986153663,0.08796189259562955,0.14951111708283793,0.3049200834001889,0.027698966006939926,13,False
169,0.045252003757590746,0.1140466716182435,0.050230003024116544,0.024905827106591266,0.1385773536866491,0.05418857922226833,0.09157079852790143,0.1506705486265496,0.3074617055409987,0.023096508889090733,13,False
170,0.044742583705776696,0.12733035449803082,0.041618228984613904,0.04633201571232913,0.14140686294016916,0.04289213263900818,0.06137266161985869,0.14201223988668726,0.30753284887725035,0.04476007113627579,13,True
171,0.05849867206760265,0.12016805644927225,0.033055971509368565,0.04424724081162107,0.15776266462446578,0.0217133711232994,0.07371857515261755,0.15129360651411294,0.3161824643006142,0.02335937744702558,13,False
172,0.045141623818288075,0.1213750889782652,0.0362147293112697,0.04341037576648618,0.15406976530054797,0.047072366048874076,0.0615121660963242,0.16063140321626096,0.31170456879294955,0.01886791267073405,13,False
173,0.062066299384967445,0.11279655557676024,0.03420958266230732,0.04906306518242114,0.16470207283710125,0.01828874815463692,0.07769334746387406,0.1593959341790278,0.3050075159508995,0.016776878608004482,13,False
174,0.06583125946723058,0.12031771164662916,0.017387898425756634,0.046014671712402665,0.16487698166958017,0.026354316660767596,0.08211665338910769,0.15135661199456557,0.30843732965818604,0.01730656537577394,13,False
175,0.05763689112538555,0.09742468132172345,0.042016357694306866,0.026716124242891968,0.15650133375336045,0.017650767267956717,0.0875806842404832,0.17239946672820153,0.3228301420586061,0.01924355156708419,13,False
176,0.0665069065355696,0.11466478635152172,0.04348542189488408,0.025161808580244915,0.13412854360170975,0.02674906723203789,0.0925762006300912,0.16277661934173002,0.30965730845701134,0.024293337375199477,13,False
177,0.06011270440506893,0.104945467447482,0.049205607811682144,0.044795118610066964,0.16426262091359417,0.021364116408282466,0.08777441984346294,0.14280391560926126,0.29969784761529966,0.025038181335799624,13,False
178,0.03341018381719743,0.11142320220230474,0.04164990809300128,0.05611223594726499,0.15026931994463807,0.026684423120636788,0.102596810579541,0.14080726904035093,0.30404906916992297,0.032997578085141824,13,False
179,0.07703345482130348,0.09503653996816722,0.04433115674563206,0.04777257328781023,0.14732555663333163,0.03733647405933428,0.09336175146252385,0.14604738259749106,0.2961276006122237,0.01562750981218244,13,False
180,0.05376708474922239,0.08855918079447259,0.036697838651516386,0.019003247813461084,0.17340608668905477,0.035560808371172446,0.06763791469562404,0.1444034646177121,0.32893554291898747,0.05202883069877659,71,False
181,0.06066701285110087,0.10854178877761783,0.0418781993414118,0.03749984576419253,0.1459085659442421,0.04968077002360565,0.06531631798615645,0.15863467176636112,0.3026278704313576,0.029244957113954004,13,False
182,0.061910979016705794,0.10726044450958348,0.057957647622698054,0.01723367714383501,0.16755041281571176,0.0244749191401375,0.06544731283681654,0.16411952813487962,0.31416981308258585,0.01987526569704636,13,False
183,0.05507195984815718,0.11642345376280107,0.037182481060203575,0.034792992437596273,0.1564519541049125,0.04960520414688584,0.0618906850722828,0.16178820367992167,0.3045333456795744,0.022259720207664573,13,False
184,0.06689891126566463,0.11008148546426048,0.04533336262679559,0.03064023357308584,0.16624555401323177,0.023495931930240407,0.06696839986044653,0.13660890800944317,0.32669585012341734,0.027031363133414282,13,False
185,0.05106633763256889,0.11212462507949274,0.03574781240192703,0.04265247047566987,0.16063426303127654,0.033036699787128296,0.07644024331648028,0.15689052389000402,0.3112338632375339,0.020173161147918558,13,False
186,0.05834969447178699,0.10093497309490432,0.04948453961381765,0.03862273888541345,0.16403454432635692,0.022124763221374077,0.08134160021375597,0.15605169990038345,0.29510421266736275,0.033951233604844255,13,False
187,0.05621781500691023,0.1097983255900311,0.03824181910106813,0.013981512527186088,0.17298552911734322,0.049077789689872,0.04230240775431461,0.17151312450014056,0.3347316148286495,0.011150061884484657,120,False
188,0.06491378655467124,0.11609127310458434,0.013204290479452369,0.05177787878742813,0.1494636054347892,0.03333871782191276,0.11575726541484217,0.1617528538151914,0.28551857697541705,0.00818175161171131,39,False
