ID,strat_res0,strat_res1,strat_res2,strat_res3,strat_res4,strat_res5,strat_res6,strat_res7,strat_res8,strat_res9,ancestor,alive_at_end
0,0.17716084142182192,0.0032434406307918903,0.12627850695618523,0.24077252627379336,0.1043093715966995,0.009550722269107161,0.009401438150453955,0.04054037166237279,0.1916536216419476,0.09708915939682665,0,False
1,0.1765443715156727,0.008152657782494474,0.11643952180866815,0.23672910233540612,0.11368812598568395,0.015768212768930635,0.011752212976700666,0.036941766085515526,0.20426099343712814,0.07972303530379973,0,False
2,0.16891723587427285,0.0,0.1423418563616676,0.24716379110557168,0.09976736342704738,0.004256835534989216,0.0,0.05104468390944977,0.1864614165643101,0.10004681722269138,0,False
3,0.16779384666302685,0.01915990616695498,0.10579471190829831,0.254948756793325,0.1067091391562387,0.005934931768618525,0.03573209076050242,0.04263764624218862,0.17836426189153437,0.08292470864931233,1,False
4,0.16779961746387484,0.0,0.12328895267312419,0.2470374039641596,0.10738140690934167,0.013735331961523147,0.016822493791784417,0.03288425688866137,0.2006027215601909,0.0904478147873397,0,False
5,0.16828617580463848,0.003760484451261868,0.13900951827606692,0.24543344958173247,0.10168559287336876,0.0,0.0,0.05982294819858581,0.18865380180895233,0.09334802900539334,2,False
6,0.1831539901159199,0.0,0.1272777351560381,0.24001135276815416,0.11661542929382442,0.008051070814345165,0.012418221889611723,0.008483157953113378,0.22263194183656995,0.08135710017242326,4,False
7,0.17135694925758632,0.018247336992567663,0.13413141134028167,0.22556708519312446,0.09423468117784503,0.021022318011149326,0.008984200955025477,0.05268183616250866,0.18145311674842704,0.09232106416148432,2,False
8,0.19204156086976149,0.0,0.10829036995408468,0.23841598195522024,0.11452988911647458,0.018309832999091804,0.010468324445072378,0.03670340275604951,0.2009667084021262,0.080273929502119,1,False
9,0.1804378220313321,0.009282779086411034,0.13610796266136654,0.23983717689034523,0.08580495769631859,0.007160128123789405,0.007549168772774945,0.055572635309874115,0.19984938741374322,0.07839798201404477,7,False
10,0.18764865783141027,0.0,0.1238868358118241,0.2511631593061175,0.10901219765078464,0.0,0.007394977523837807,0.005443076573609902,0.24284030330204864,0.07261079200036727,6,False
11,0.19023209177133593,0.014834383684790165,0.13893733483199702,0.2231600660003838,0.0965149922472011,0.010016158310382843,0.0,0.04958097774903828,0.18120710519817998,0.09551689020669082,7,False
12,0.1814860866488701,0.021197059378390053,0.12535667017452154,0.23970033336544605,0.08967827816384516,0.0,0.008788361069062259,0.03849860528891156,0.1924561592730266,0.10283844663792674,0,False
13,0.1863147539125737,0.010968237823515518,0.14231758139098155,0.23512242310929093,0.09893668698427349,0.0,0.004759714087593665,0.05748999201315333,0.1811335115685927,0.08295709911002531,5,False
14,0.1767108420564606,0.014202773958182268,0.12755523208484407,0.2375095496657666,0.10664863999374383,0.015419065848049966,0.011243128922483058,0.04297631914590774,0.18871887136890936,0.0790155769556525,0,False
15,0.17056772365995046,0.0,0.12333132337972987,0.2538241948519722,0.10120475298794414,0.011963621862231866,0.01899216763563094,0.02657299901991863,0.19591469982565768,0.09762851677696432,4,False
16,0.1769528595351026,0.0,0.12587912742223223,0.22803233352060095,0.10579632373508112,0.02344883603353738,0.0,0.04666183748487812,0.18154826293111992,0.11168041933744761,2,False
17,0.19312018017584656,0.0,0.11958143301425428,0.2432114720620577,0.13155391722525922,0.006086863848408745,0.0006575118114970386,0.02593233532410841,0.2021125814034742,0.07774370513509385,8,False
18,0.17556101673805102,0.0,0.15884070120754215,0.24281197293690862,0.088501042632949,0.0,0.0,0.054608497874357315,0.17825541688142602,0.10142135172876601,2,False
19,0.1765808885764543,0.024917531957379984,0.12377989064145853,0.2055262667132208,0.09025952132519216,0.013646172624043936,0.009815657740101258,0.06436829391738852,0.19210743120759843,0.09899834529716205,7,False
20,0.16877228779371461,0.008341856942904135,0.11837556280534338,0.22238316252990672,0.11732383257491878,0.013167880551953066,0.027851560012777374,0.04649125546781186,0.1883879233949699,0.08890467792570013,1,False
21,0.1597738891409655,0.003478638587703973,0.12253232388424168,0.23625072546548864,0.0979087177706992,0.032916714342885574,0.0233995976399862,0.03359144833990178,0.19382063523153695,0.09632730959659036,4,False
22,0.152133267234824,0.008543232675578612,0.11555856862804899,0.2782430162408623,0.10522752307024046,0.0,0.05130007332348171,0.03334400232107325,0.16717820302982736,0.08847211347606337,3,False
23,0.15822119929753217,0.029789578770110636,0.1093001352443085,0.2411522529241592,0.10167646806089636,0.007593503089028825,0.04518494601740292,0.04682732971393841,0.16914017722416524,0.09111440965845773,3,False
24,0.16170860755671085,0.00849566097692017,0.12636972913956185,0.23531498733451395,0.11861260539414041,0.020770234905452184,0.009111816960329696,0.03990373935842121,0.19214637350300598,0.08756624487094372,0,False
25,0.15601331077122615,0.03520004898103842,0.12974314145239157,0.22719301541473189,0.10010830581796339,0.009954131584426457,0.017417566149777963,0.05743610689897066,0.17896058580535817,0.08797378712411541,7,False
26,0.16325416076208324,0.006406331195072377,0.13840655256857393,0.2469315491192863,0.10419478429721811,0.017756940358493446,0.0,0.03317340619044828,0.19500250126442487,0.09487377424439948,2,False
27,0.20230872810485723,0.0,0.11139879236786895,0.2311257215456927,0.12603000209439588,0.009842931406409489,0.019787232730038115,0.03250290625831156,0.1888829863316345,0.07812069916079165,0,False
28,0.16042217952455348,0.012391347112188646,0.09830531804554225,0.25492338675358317,0.11472935361951882,0.005187617321803761,0.03200637681673968,0.04885170488315327,0.17498705963546907,0.09819565628744778,3,False
29,0.1890027569157487,0.014523397733367568,0.10617286936547747,0.22423887680992446,0.10947817586734249,0.021610151282738726,0.0039892888209638044,0.04288618537430909,0.20004407130084184,0.08805422652928574,8,False
30,0.16353777310433595,0.02642198629744679,0.10976191878646305,0.26904823848170767,0.11397487279494624,0.0,0.02898015266113935,0.045019015509670066,0.1618976081740374,0.08135843419025345,3,False
31,0.15727305594048158,0.015902978298605683,0.13929587174626315,0.2484723599535984,0.10076489630498038,0.0034985656810734116,0.0,0.044999029366157586,0.1744814700338826,0.1153117726749573,2,False
32,0.19143728631623674,0.005912773215022437,0.1276441874461648,0.23674919543320636,0.11257022412631419,0.01825509124109881,0.002892452549296741,0.04646149265810047,0.2000024845947332,0.05807481241982617,1,False
33,0.15130048139377708,0.02226548330700349,0.11784962886023283,0.2537512744708006,0.10301067261817692,0.01819092970379984,0.03823008473644971,0.03413566507863567,0.17966663000752933,0.08159914982359469,3,False
34,0.18392446898588638,0.0,0.13378325005810968,0.23613174460211905,0.08506343511039655,0.0,0.01218806223033405,0.05534241176938482,0.20168407078651027,0.09188255645725925,9,False
35,0.17133577157233548,0.014622341003376985,0.1169818471052538,0.2586518783071146,0.11278729734495338,0.0,0.03557080670026275,0.03430697675495029,0.16891797256591035,0.08682510864584235,3,False
36,0.19013029837017742,0.027013866981947698,0.10301149060925612,0.23789049658932296,0.09396414106400834,0.0029026492519476713,0.029710189345412082,0.028309072482944852,0.1826802915912402,0.1043875037137427,3,False
37,0.15626086042051832,0.009287237487599109,0.14082521762823594,0.2595403051968364,0.10403362315637349,0.0,0.003970344015705165,0.05964567283760304,0.17781730849986777,0.08861943075726077,5,False
38,0.18423645414876583,0.0,0.1214189981107156,0.2442980620158116,0.08893659916422518,0.0037683701540117357,0.008560388817525593,0.056248842586220045,0.19473795134729904,0.09779433365542546,0,False
39,0.15670572899113455,0.006518901562443041,0.14201898985580944,0.2170947711675227,0.09734821086939316,0.027617948143042047,0.03029502163673126,0.05680948959715797,0.17391478099212265,0.09167615718464325,7,False
40,0.16677324913248842,0.021276800569821584,0.11270376850850784,0.266871466088055,0.11017442324873797,0.0,0.02314128788247394,0.0230037167569987,0.16978002017521923,0.10627526763769722,3,False
41,0.16446805365816827,0.01331340520172381,0.12367480388549601,0.24751602997892877,0.10738629895870093,0.024050584590906917,0.04838614723932092,0.023569278432752375,0.17036740352566226,0.0772679945283398,3,False
42,0.16737560245529873,0.025622293938026307,0.10145760547080648,0.2321378423830087,0.12014865368198477,0.0062669796970626105,0.05119236755009905,0.032897051506480694,0.16525313286531457,0.09764847045191817,3,False
43,0.1653539800064086,0.01976035683076842,0.10862005571189559,0.2621005870297532,0.11850139903915574,0.0,0.042835817791205336,0.0321991537866031,0.16861779831733792,0.08201085148687216,3,False
44,0.17728234230792253,0.015229636407682823,0.1094892493228033,0.2532619555903036,0.1059553855416318,0.029869651157439937,0.023341965615895573,0.030488912537190462,0.17970599576216492,0.07537490575696512,3,False
45,0.1759280920263721,0.031963212153840216,0.09609881149904598,0.23071099711960041,0.11423290298791887,0.003963348536737426,0.04923532319064627,0.051772736660544126,0.17872001050659836,0.06737456531869632,3,False
46,0.15516587078857466,0.020746897778302704,0.11719388557552547,0.25138201066355914,0.0987500985785197,0.0,0.05401563334657271,0.03225977991479112,0.18501910086393006,0.08546672249022427,3,False
47,0.16234389883387904,0.032717031683745235,0.12113521875326107,0.25129618583673013,0.09909916078835826,0.011515071835477833,0.0376582927277932,0.041708330799536696,0.16663225769318,0.0758945510480385,3,False
48,0.1769533074699566,0.022748103202276822,0.13015008678091441,0.2260803911731441,0.10846030041894622,0.02260748217951784,0.030537086894802824,0.024484536815646094,0.18112486807657519,0.07685383698821999,0,False
49,0.17252658579666727,0.018463143995341925,0.08846413626666774,0.2520182882976412,0.11212300907228162,0.007520708307787067,0.03503949118700694,0.05400866444037973,0.16361640293205473,0.09621956970417167,3,False
50,0.18614602250382006,0.0,0.12413955455968516,0.24222965569101979,0.10572244154954688,0.0,0.026545925604024016,0.048397354906176165,0.1794457440293157,0.08737330115641222,0,False
51,0.18466060166799533,0.03945000239096601,0.10223480764589624,0.27406088811111967,0.10469106207628183,0.0,0.022869042849500205,0.03527007707898295,0.16285968577296733,0.07390383240629052,30,False
52,0.18179987831273645,0.0009669181927646512,0.11170332954408924,0.27533711887740914,0.09594652061225302,0.0,0.0336234140967179,0.04232958268362657,0.17248110378028683,0.08581213390011627,3,False
53,0.1558248846345419,0.01998090654308792,0.10274478081336127,0.26084417683690564,0.1279163248506032,0.018863523794915602,0.028416774419425528,0.03544216778578107,0.17850509396950254,0.07146136635187526,3,False
54,0.1598625584533275,0.018609133394155025,0.0916917096762805,0.25283629851256273,0.09988118015741242,0.0,0.04880506855843,0.03138915160476942,0.20145940258734574,0.09546549705571669,3,False
55,0.1588811300446409,0.022938155075348052,0.1365408282496066,0.20667033407509286,0.09452096502161765,0.019116099440969203,0.02687648761917276,0.06605989464752064,0.18082370827268548,0.0875723975533459,7,False
56,0.16050024311070238,0.015248964288736983,0.10217722233506354,0.2593871639013206,0.12341941079735991,0.008508632214266855,0.03908695808685812,0.04884011953132067,0.17172811129496687,0.07110317443940409,3,False
57,0.17308503536254685,0.011796786811128836,0.125013191903192,0.2456548450978553,0.09104281129477652,0.014536304592659722,0.015104485688280241,0.04290346676537055,0.19049533199340807,0.09036774049078194,1,False
58,0.15111527971902977,0.010614842976007717,0.09419382420069974,0.26462041067934206,0.110741384156764,0.007556337854828944,0.035497842042442315,0.05964008363239658,0.1947448510142665,0.07127514372422243,3,False
59,0.1530633971955932,0.031697799616450355,0.10675793564140905,0.24019329059338423,0.0888821806415354,0.0,0.06524096030997761,0.05025720047804063,0.18395615629567932,0.07995107922793024,46,False
60,0.1788500846042375,0.014473704885641453,0.0971928823291872,0.25012679610305677,0.11346842790786865,0.013014012988924168,0.033905680199625574,0.04956280633954376,0.1837144597399727,0.06569114490194214,3,False
61,0.1549816287933663,0.028296773087842356,0.11072630575962417,0.24698748365584125,0.10168022963620246,0.012189168107579945,0.04109136122846413,0.042575717673984555,0.1716017888817325,0.08986954317536232,3,False
62,0.17523096066429486,0.023335414930563517,0.09514837223738867,0.27256662375228574,0.10226346011288298,0.005991155497924948,0.03928992548429124,0.033953438683559954,0.1720827623512461,0.08013788628556194,3,False
63,0.1660534877296544,0.033844510451804755,0.1323030210902953,0.21219378882625692,0.09316484141509182,0.032155847595949506,0.0022705224028805164,0.05627320369332166,0.18825211366759714,0.08348866312714798,7,False
64,0.17041313164658606,0.006970232984778909,0.11643723016545267,0.24154028715583895,0.09848043583065581,0.005414755775810085,0.051293082157103674,0.04367776350274566,0.18504012653774363,0.08073295424328447,3,False
65,0.16436236741813792,0.03425658514729404,0.10534074824384361,0.2563061365536396,0.11462754612530157,0.0,0.04168760034003592,0.02746260975555201,0.17574297587503326,0.08021343054116198,3,False
66,0.16401755749712868,0.026694444834639147,0.10043675449840807,0.2549458062609641,0.10666746481515232,0.004322373084619418,0.04539427764804671,0.02998095328477586,0.17643929211038092,0.09110107596588475,3,False
67,0.18401716923172012,0.017242864528237343,0.10141686921938863,0.2599947870645785,0.08424550212766184,0.005823103942070467,0.03699064850325426,0.04622176621738793,0.17539602176630653,0.08865126739939432,3,False
68,0.15675943579700033,0.014324939493801267,0.11723804239136765,0.2577867225108799,0.10974199045562337,0.004468858837543362,0.034779711780831724,0.04376753224699661,0.18522528519013873,0.07590748129581727,3,False
69,0.14979559632875325,0.0,0.12165003559984061,0.2457959385489386,0.10510034040408209,0.01811233243328456,0.046213044789530276,0.0511835149045175,0.1693219401014592,0.09282725688959378,3,False
70,0.18124408763556318,0.02387916772435391,0.08795825228372078,0.2566267358623389,0.10250850134998864,0.017253345010851157,0.03192859255278755,0.02992744783878365,0.1899560471305066,0.07871782261110577,3,False
71,0.1701822189474588,0.014975235874020136,0.12104346090095357,0.23336106262242123,0.11257930657585831,0.023808806717537923,0.013918679836863759,0.035823964180592,0.2028529604093966,0.07145430393489766,1,False
72,0.1647454566521869,0.019809920272987377,0.08818912117441483,0.2700245503408433,0.10390380633208408,0.0,0.028395759603724743,0.054680941434449244,0.18828563515599087,0.0819648090333187,3,False
73,0.1584244025935974,0.0049229770802648315,0.09055604488624257,0.2558013731018573,0.10832692095708975,0.010146589349647517,0.042114442767952516,0.05153271503455271,0.19474093983050814,0.0834335943982871,3,False
74,0.17768391607043496,0.013429107853277228,0.09890812001518076,0.25559932990987605,0.10505954627122306,0.0,0.04398636250368278,0.045477929407659975,0.17246806406155302,0.08738762390711217,3,False
75,0.17907462216319678,0.009894469345115895,0.12519934874869337,0.23608819989607824,0.08238108399707958,0.01911547073096868,0.018612941532375787,0.05862913303952024,0.18144009168340822,0.08956463886356329,7,False
76,0.15911630069961644,0.03305437209528934,0.09820733130313566,0.26066581418611495,0.09964453865080035,0.0,0.039113562090634095,0.05695085682060285,0.16878395355022305,0.08446327060358319,3,False
77,0.1887294138831565,0.01386046962221361,0.1160405757071316,0.2567059631070846,0.09031187162248724,0.0033679219666932123,0.027400066435468027,0.053895159970995345,0.1838578459049252,0.06583071177984458,3,False
78,0.17778684872035905,0.01405808285123211,0.11210863784369125,0.26493204410247756,0.10248762440445483,0.0,0.04442324904435133,0.033981465143125875,0.16770843958629475,0.08251360830401316,3,False
79,0.16541027969251454,0.01737597861484575,0.11391134542556475,0.2420342691686727,0.10826986484930354,0.0,0.04716466607861086,0.04597086591526369,0.1876434374223254,0.07221929283289884,3,False
80,0.15674828204846877,0.01934260015085403,0.10793990346466974,0.2723982462653399,0.1093004214999319,0.006421748457160389,0.029009674170180445,0.03537625152407335,0.18134668695249737,0.08211618546682412,3,False
81,0.17466260328251837,0.018792348313376735,0.09448731335168699,0.2452802834017062,0.10238204009199817,0.016708345492941354,0.03715574070994913,0.05425468742559481,0.17436805615009682,0.08190858178013144,3,False
82,0.16736837627725465,0.027908887951501916,0.09466697682836192,0.24570398687961353,0.11138219476915412,0.006979980748606318,0.030091492237986964,0.05268239553492135,0.17949248729792772,0.08372322147467152,3,False
83,0.1783795621344443,0.001449831314738263,0.10580069662282775,0.26648668480413035,0.12333673964094667,0.0017044251296701215,0.020100665069287958,0.04539743385560385,0.17857571997661242,0.07876824145173826,3,False
84,0.15949754619504933,0.027288395039210836,0.10102202192936335,0.2721100338472603,0.08775461853832073,0.0,0.04105252099895168,0.04139522635181955,0.17799075490512564,0.09188888219489852,3,False
85,0.19683033922584758,0.02139480758406776,0.13147034269919136,0.22786299422959425,0.08702965631268421,0.0,0.008502344647258327,0.04786040649332798,0.17689023695098896,0.10215887185703959,7,False
86,0.17301507256602489,0.02824149692553248,0.1000069981050207,0.24542378707472198,0.09946832109908282,0.0,0.03921678164369064,0.050551945287506776,0.17483561507619066,0.08923998222222894,3,False
87,0.1649805039463549,0.015430114098406262,0.13225995658360062,0.24104554132760098,0.10612018408750866,0.02857219497442495,0.0,0.037353352891964745,0.18390796241076432,0.09033018967937463,7,False
88,0.17063416655364014,0.0167674205078654,0.09696701398493288,0.2730218502484836,0.0953709170827537,0.007071338515791263,0.03373194135748748,0.03850105108882443,0.18925479423649075,0.07867950642373027,3,False
89,0.18103942532923872,0.014320232103128945,0.13127565138733072,0.21881196742932313,0.08880947246487185,0.012021357985981244,0.012185601328958606,0.059041908900329454,0.17584816419974406,0.10664621887109327,7,False
90,0.16562307667152484,0.026143549792383116,0.10636375224514431,0.24808160638610596,0.1040857480512523,0.02634685581804711,0.03264837365899578,0.04851443655458788,0.16367439134478542,0.0785182094771732,3,False
91,0.16378308994819707,0.012900796745612259,0.11571516305828106,0.25066882807563245,0.1044009120464054,0.008834659403608117,0.02525468486709889,0.04266196442341185,0.18513790735091246,0.09064199408084053,3,False
92,0.17594975075980657,0.023334662358824056,0.12413099144609928,0.21790692176733312,0.07708502754102892,0.0328886369167044,0.010818481842106346,0.05987778360436943,0.19112625974540876,0.08688148401831908,7,False
93,0.1663511018877788,0.007964838140394951,0.12612294936318205,0.20205472882467201,0.09149464168310813,0.023956094946347737,0.027036617018917904,0.06407940398370951,0.18003212367346805,0.11090750047842081,7,False
94,0.15760712559109658,0.009381498145164554,0.12366110829899638,0.26308684805118104,0.10033953982839028,0.0,0.03837153948694249,0.04504821579837466,0.1862816973992606,0.07622242740059328,3,False
95,0.15662022857148122,0.01770472450377267,0.11842847751572147,0.24818137373150062,0.10940120913114049,0.01376021883452906,0.02702261671636297,0.048972359081938484,0.1584066451255306,0.10150214678802227,3,False
96,0.16998753317188686,0.00332828679875651,0.09983029042523195,0.25788920277182203,0.10599052879617724,0.009233774227790287,0.05543276066830614,0.01859590493230494,0.1972461355389077,0.08246558266881637,3,False
97,0.18255960855997888,0.016574617199605166,0.08787529084780152,0.26096649675569067,0.14120203764922404,0.0,0.03903942636583349,0.01765420217860582,0.17561950259666012,0.07850881784660022,3,False
98,0.15982381693378234,0.017476003773579017,0.14381587893578696,0.2085404710023713,0.09139765548991241,0.019493851951527672,0.023755855749710238,0.04869844239867506,0.20186032338944035,0.08513770037521476,7,False
99,0.15950081981578884,0.010779135909117117,0.10332135654455003,0.2515346465372791,0.11900548154710928,0.022536794956912475,0.02416067755171688,0.052512097552159145,0.17920535470415502,0.07744363488121188,21,False
100,0.15823468740110047,0.033306664554232764,0.13710604689696598,0.22290542808991248,0.09974218314828755,0.03061302246153756,0.0,0.04327879133511998,0.18436722442342196,0.09044595168942124,7,False
101,0.1744034228236027,0.0038005418526631547,0.15084320558945832,0.22178893516313547,0.09739008956863082,0.0146406300373376,0.003437366802520991,0.061884442459615586,0.17946665896066072,0.09234470674237477,7,False
102,0.18213879141179098,0.017185050934413967,0.08218086813532227,0.2700588743786494,0.10368646168797947,0.01596136545969665,0.0315655243036582,0.041376129585627246,0.1773291168629994,0.07851781723986238,3,False
103,0.17369975031224602,0.012538720867528804,0.1288114886555271,0.23306685631458957,0.09805054454520326,0.01849505130538675,0.004901108239388091,0.04926118181056178,0.1871660272673409,0.09400927068222768,7,False
104,0.16708070944436315,0.02711145711516995,0.1356750269296555,0.23501804476003701,0.08910293692692067,0.02722336839215286,0.0,0.04190685102139035,0.1784211986286632,0.09846040678164751,7,False
105,0.174486537552898,0.012158353586274737,0.12613342270850758,0.24063922222211845,0.08447836661561668,0.02982712034781407,0.0,0.05475810381634775,0.1845117620190775,0.09300711113134542,7,False
106,0.16625612311681293,0.019118768936401388,0.1420037640569072,0.22663449545617342,0.08423351503031247,0.01980631442112562,0.009179076214841304,0.0619824988521485,0.18214791895472565,0.08863752496055151,7,False
107,0.19006672568321767,0.04307277668125734,0.08410240994609858,0.2372765310979181,0.10293111335571324,0.0,0.044244894686342226,0.049084193400902795,0.1712842920174018,0.07793706313114837,45,False
108,0.17384374884795906,0.017392167901552187,0.10501748625817187,0.2553907394609549,0.10562194822611785,0.0,0.031667708159058415,0.04434168481008306,0.16771388777583612,0.09901062856026664,3,False
109,0.18214554198746186,0.0301321086374195,0.13969957987933035,0.22132074411766026,0.08370654104292354,0.01775745317855596,0.0,0.04246151703363194,0.18705922420902032,0.09571728991399617,7,False
110,0.16292188895300147,0.011418341899136805,0.12906815519525386,0.21314791321214785,0.10619699954460575,0.023021199549523325,0.01372748772816959,0.05509091268891848,0.19180484303152703,0.09360225819771592,7,False
111,0.15658492315452602,0.039210539568657415,0.12890135388600657,0.23294570966976755,0.1098156102717299,0.013544919662836104,0.05033286457644253,0.012213873804575559,0.17250923792135925,0.08394096748409915,41,False
112,0.17003902761719739,0.015581149706055373,0.15304645747257664,0.21667264921469936,0.0898796278810619,0.0005032556996662138,0.013078023878647142,0.0659780572833611,0.18131044487665973,0.09391130637007505,7,False
113,0.18615445007817447,0.010115785591135198,0.11473961902389786,0.21566307663289702,0.09524823420885505,0.01162057179790263,0.026999974541534074,0.0442324100915742,0.2002746478217565,0.09495123021227299,7,False
114,0.17855539290777053,0.011378379329642571,0.13164525521709694,0.2308705672936287,0.07924379796657006,0.026362811826672505,0.010795463387585497,0.045181658481411646,0.19027308604166066,0.09569358754796088,7,False
115,0.1514906568110837,0.021839767385739044,0.10510360388809203,0.2753840220445213,0.1058315759684345,0.0,0.03013912668610718,0.03715990628749924,0.1927728277986419,0.0802785131298811,3,False
116,0.17498787342264513,0.01778527798197147,0.13711572513459422,0.22617407978550197,0.09415200605180116,0.005449829878730986,0.0,0.05704093253826978,0.1939256199878311,0.09336865521865426,7,False
117,0.15964629093398303,0.03747963972180059,0.09602498634887408,0.2279395294401478,0.08497743572402652,0.01846411180087668,0.05748367788814573,0.04430956921993299,0.16964869634146174,0.10402606258075077,23,True
118,0.18300752721367627,0.018850023434363112,0.12291333156524971,0.21409142897196276,0.09871420453557755,0.02988549348967743,0.013153213035186902,0.06154129033489871,0.17039184650046288,0.08745164091894456,7,False
119,0.15453779882840335,0.007068545849241027,0.12200249326298977,0.228882869580639,0.10856660452671558,0.040015880034614135,0.035412102162317174,0.03919474224429827,0.17865986383222746,0.08565909967855422,41,False
120,0.1597139088586936,0.021697612780471512,0.13591403986508876,0.21427962272968412,0.10120984095808828,0.03077169356893756,0.0,0.06149425144919724,0.19349338941063593,0.08142564037920288,63,False
121,0.16680949310649382,0.01658804193082328,0.1558725118162126,0.22648373724269205,0.08159561917027461,0.03613251133630916,0.0,0.04619071556343594,0.20073135467984077,0.06959601515391792,63,False
122,0.17337152469092204,0.02459532530097077,0.14105740423299737,0.20593915627673745,0.08984527663048682,0.038955426037106035,0.0,0.06214465890136847,0.17525450583152322,0.0888367220978879,63,False
123,0.16502325993249053,0.027109513037300328,0.14166589703733237,0.21692039050624604,0.0884895952740382,0.04114978269524697,0.022552618390861125,0.04083927199030058,0.17255160529504454,0.08369806584113942,7,False
124,0.17594788765180203,0.027265427180866473,0.14066931374033576,0.21121887222647692,0.08936488958235111,0.025946945036666554,0.008922053777616642,0.05791337422075224,0.17979560707599374,0.08295562950713865,63,False
125,0.1508063724697499,0.0372272504598683,0.15497149347170772,0.20039436349169104,0.0943868307237268,0.03549575010368055,0.0,0.07054454338966386,0.18227379444615766,0.07389960144375418,63,False
126,0.17582418877986128,0.010775957491542311,0.14320603103922103,0.22344348442426326,0.09801712155074696,0.030493642542989696,0.00926723783404827,0.040142726255888724,0.18374859181828415,0.08508101826315422,7,False
127,0.16044325749629904,0.013267343820220906,0.11049623019513705,0.24492945089020798,0.11143525149517626,0.003962406135163339,0.03729898869946071,0.040420607398549774,0.18711217048258003,0.0906342933872049,3,False
128,0.16354929996472006,0.030831660778646255,0.1440831951079608,0.21366499269843123,0.08020692907615672,0.02961035223930025,0.007767910786199332,0.05120994430136863,0.18354295688836766,0.09553275815884905,63,False
129,0.161736975482456,0.029683963860072327,0.11240069493120453,0.21460687506778597,0.10482828134695808,0.03240822081658004,0.007821344336568371,0.07613105000314156,0.17360552040173496,0.08677707375349825,63,False
130,0.16884461921301666,0.016128928874065303,0.13941191211184886,0.20419797977036047,0.08627849382790814,0.043275849388906364,0.0005675139630845526,0.04722813219968374,0.2012603487765781,0.09280622187454787,63,False
131,0.15105165994320988,0.06515391463428677,0.12661652857452899,0.18135109515142245,0.10325596842353779,0.040053351585594414,0.015701932682023457,0.06104307134954332,0.17428104756163545,0.08149143009421757,63,False
132,0.17110179266712,0.03620213804513269,0.1290651053828624,0.21106806719312005,0.10839875495157844,0.03284352070130315,0.0,0.06808914688692005,0.17020509245402535,0.07302638171793786,63,False
133,0.18344146736635322,0.03886995372907456,0.12808881952460047,0.20615414146984945,0.09234747608867298,0.031665974919727044,0.0,0.03873763528682932,0.18185275348157015,0.09884177813332277,63,False
134,0.18003797816642,0.03150874760012391,0.12499696000583065,0.20150348281771976,0.06733046936756241,0.033190055511747495,0.021776460059710324,0.05899883622578736,0.19032213331160625,0.09033487693349186,63,False
135,0.1573672878440162,0.024310322466758447,0.15693888490765226,0.20738580784469796,0.0913927722717734,0.036512189784918506,0.0,0.05649608629220334,0.1819758184032598,0.08762083018472008,63,False
136,0.17249326208357052,0.027095712978305025,0.10914562063462242,0.21542942336643117,0.0937166198810941,0.04723867321533335,0.0144449011070318,0.06301356569904164,0.1756344795737957,0.08178774146077446,63,False
137,0.1489517158845139,0.012440205447289817,0.12752172006728554,0.2332768370591625,0.09424163806306712,0.025578467744071784,0.020520791309545726,0.04127360939020407,0.1897915715082188,0.10640344352664083,21,False
138,0.16473322151439632,0.01807905691035012,0.1332403928068094,0.21673178358517106,0.08804311210452156,0.029829562684940292,0.0,0.06963130939982023,0.18930178005189796,0.09040978094209305,63,False
139,0.15032172630311896,0.028294046861625115,0.13982202118938422,0.20236224564284575,0.09924013501393429,0.03692892190230812,0.0,0.06220459129735721,0.19286188026278012,0.08796443152664607,63,False
140,0.17718929726124136,0.047528985894715416,0.13218430143649218,0.19039637102007217,0.10301989547189673,0.013876049962747229,0.018040083641646828,0.039208423645567786,0.18565743582424973,0.09289915584137055,63,False
141,0.17897023209977783,0.021239418616188784,0.1301856669852135,0.202558867217255,0.10375230457497639,0.030801804487446103,0.0,0.06263890901819048,0.18555480997362223,0.08429798702732977,63,False
142,0.18276664903985043,0.035421737993243746,0.13220195570149,0.2015729262807972,0.07855045902937659,0.04186102394432666,0.011561426039769795,0.05267543922330899,0.17885100290263942,0.08453737984519712,63,False
143,0.1709658326205171,0.015487594538120639,0.13586516436683577,0.2153501924115602,0.09151178434124414,0.02778296947623254,0.0,0.05942324734258507,0.19245863164502505,0.09115458325787956,63,False
144,0.17215111046187306,0.031428460711487215,0.11148189965938628,0.22859452155151583,0.09567787303434443,0.03373208554478207,0.0005477585429163107,0.06712305820804232,0.17789157981401119,0.08137165247164128,63,False
145,0.16274515438173714,0.052163127879815814,0.12306147056983716,0.2053746538077277,0.09114617345169068,0.03165488647101751,0.02030804097945904,0.06348745278811159,0.17478048685534242,0.07527855281526073,63,False
146,0.17508578268786124,0.041233930747135446,0.11872383303042525,0.20188964787898145,0.09944111348894706,0.027075793600034443,0.003922266878335618,0.05251639703698781,0.19160665315676717,0.08850458149452455,63,False
147,0.18943930770412007,0.03378553462839495,0.14619580225139736,0.21698493177132208,0.08923944749604103,0.020035895752799956,0.0,0.05686497345308725,0.1798818331038223,0.06757227383901504,63,False
148,0.17067482609047063,0.028217934646866793,0.13585465710277894,0.2284570510090433,0.08191227311805384,0.03335256256126799,0.012881190314608644,0.049496722559741115,0.1806415773539885,0.07851120524318027,63,False
149,0.16547019583310793,0.041022901734228005,0.1181796026598663,0.20220724373253843,0.10933883756701389,0.02986754432926197,0.0,0.07384428179872686,0.18926213130489622,0.07080726104036036,63,False
150,0.16498399311126175,0.03363115395146209,0.13271393153069241,0.19053590443948404,0.08038136356177882,0.024864860072451447,0.011109863251099876,0.05175668098180803,0.2080402626734904,0.1019819864264711,63,False
151,0.15831011575898238,0.03505874731569874,0.15528055039325964,0.2120252894296894,0.09397566547601963,0.021846551545442107,0.0006527327558125932,0.05098550512996547,0.17922853372471068,0.09263630847041944,63,False
152,0.17682031804742496,0.03524655621702303,0.13776250092108194,0.19997964443549682,0.08933562116936421,0.03246556903161216,0.00269313021125191,0.05113355924612705,0.18748294365050214,0.08708015707011571,63,False
153,0.17835137761617564,0.010235448585459956,0.1318457776658416,0.23649243908351877,0.09828955472025232,0.018114615713402345,0.0,0.04639493017469139,0.18397673253128968,0.09629912390936825,7,False
154,0.1525888764946392,0.01727238256387823,0.1427052513649232,0.21107198384007655,0.1005129317208664,0.04026555723271055,0.0005769703378991506,0.05356770622845067,0.20438093211085337,0.07705740810570275,63,False
155,0.15645960600125497,0.034753298712658975,0.15010741241796496,0.21439258910417375,0.09913446683855485,0.021324245227929736,0.0,0.06485813189424003,0.18958003107898314,0.06939021872423969,63,False
156,0.16803466207743664,0.0,0.11532284084726134,0.26037918269959354,0.1266354487531066,0.01990738151052296,0.02961609539052497,0.012364082250397208,0.18099071134682165,0.0867495951243351,41,False
157,0.1560231457871116,0.022725814920739613,0.12886798950017286,0.23292585352723777,0.09019864864095697,0.02864594250093034,0.024466158261846383,0.05445196329372185,0.1764013988129766,0.085293084754306,7,False
158,0.18329601958094166,0.01856805365861309,0.12371326483400254,0.21916881829513332,0.0799528157440011,0.019107921560014746,0.018445593404319633,0.05376294745350725,0.1736545512650559,0.11033001420441074,7,False
159,0.16493654353132925,0.048345568476635944,0.108057177196474,0.22757067660601443,0.10236847504737484,0.01270370189554035,0.0288762112598777,0.04757533035659313,0.1637614373303063,0.09580487829985418,23,False
160,0.15716766164333212,0.03482416672836418,0.15579073153333695,0.1931656168797001,0.09700809543926395,0.04253501430692188,0.0,0.06166447986066369,0.18081936516705716,0.07702486844136008,63,False
161,0.1557837443655654,0.02776903087208947,0.1397452429755826,0.24349404032806252,0.07693328654843111,0.031923295490491915,0.0,0.048598396008530276,0.18955523798695273,0.08619772542429398,63,False
162,0.17418021655179108,0.030065126098516796,0.14783998529266024,0.19757216081866383,0.10108509587674425,0.03895415748694603,0.005636400828003648,0.05491506476090382,0.17745405064471423,0.0722977416410561,63,False
163,0.16823506288243964,0.026293520907012702,0.12361055438870669,0.21718018119572038,0.0937728634516888,0.037488335221595906,0.0,0.05760771584696511,0.1825897621211366,0.09322200398473413,63,False
164,0.17250849249126418,0.017694602873788236,0.12294058300043355,0.247863195355327,0.09268252537218362,0.02600147542101701,0.05437590117592869,0.009412730691342984,0.16493167666665776,0.09158881695205685,41,False
165,0.15213077244122855,0.026324833313412878,0.1525635958448608,0.22451081126394792,0.08788672924302553,0.027010841617236537,0.0,0.052757247453508974,0.18851473171834543,0.08830043710443337,63,False
166,0.16650716290063314,0.05080455362860467,0.12420083821124263,0.20071108109792046,0.0910186899956,0.03732027038559257,0.0,0.05991320398323938,0.17961866543522417,0.08990553436194296,63,False
167,0.15367338656351018,0.043828071683945174,0.1327803938331831,0.21545006837602573,0.08491172124825082,0.03564235213714922,0.01622929124419448,0.05576551844459765,0.17188712976797055,0.08983206670117318,63,False
168,0.17217510014727608,0.014248746070620944,0.13237654791054893,0.20678152638353717,0.11377184328463505,0.02042309310364731,0.011742097838023415,0.0478298685114049,0.18717413673061367,0.09347704001969254,7,False
169,0.16874932969866285,0.008391665189687599,0.12236517837589335,0.24792673698458348,0.1071970027239242,0.022521792425211355,0.04772356487383644,0.03437891143930658,0.164394526719787,0.07635129156910728,41,False
170,0.16719464568802592,0.016577840859873624,0.12119703004631624,0.2519317209827902,0.09936618471433675,0.021882046004228623,0.052096274732192534,0.033804598973939864,0.15753610894490028,0.07841354905339586,41,False
171,0.17193431254756372,0.007658177787594229,0.12120941165002766,0.23999354453330624,0.10650170509564068,0.023993250066426372,0.0644622512121623,0.0204058992737632,0.17025483791754217,0.07358660991597346,41,False
172,0.15388680099927532,0.03274147265374218,0.14540446314830538,0.212223588164926,0.08672507854872118,0.02648039088979547,0.004136131151564878,0.03651091069216894,0.18535737428381002,0.11653378946769051,63,False
173,0.14633040084844873,0.0,0.12031073386275365,0.26159406779654865,0.12474268198415966,0.017271888158923224,0.04069768279545516,0.024165046649965403,0.17831291791480205,0.08657457998894337,33,False
174,0.15932116562550452,0.03825086874946993,0.1332881279802835,0.19939299372370628,0.09563708325097196,0.041959524164132345,0.0,0.05141765993538177,0.19108239827550907,0.08965017829504067,63,False
175,0.16237248810104501,0.006088645369711626,0.13482986851209686,0.2378706304691656,0.11319079577565078,0.026204137151783054,0.06188751964747414,0.020419291790958166,0.1594065645635425,0.07773005861857217,41,False
176,0.16063222656423704,0.01584599415522639,0.1239550025596572,0.23411497640443663,0.11375587123907852,0.025609939398035318,0.05626728094480771,0.03341355760090165,0.17344122978468535,0.06296392134893412,41,False
177,0.16786791626336528,0.003726728026443212,0.13225621326188772,0.2527626303660551,0.10760887950429267,0.032563768722822115,0.02555884974241439,0.025224192106677798,0.1690437414453241,0.08338708056071761,41,False
178,0.16290484939926522,0.02118182340987336,0.12344457983129127,0.23576047148805515,0.09372561932973238,0.0343271837324072,0.0550591090167494,0.020094482998544057,0.16697667490447715,0.08652520588960469,41,False
179,0.13833103319343193,0.019966575724377003,0.12240976098612451,0.24413995500233046,0.10432883989450317,0.007337744394253473,0.05817878657059675,0.024253329565008412,0.18713195803484323,0.0939220166345309,41,False
180,0.1648660133882479,0.030366703792723777,0.1168721649033823,0.24744700680178366,0.0986101984288188,0.023732223092975686,0.04696758387562965,0.033243487492921345,0.1558575305197617,0.0820370877037551,41,False
181,0.17014129032590725,0.006202913294811776,0.13809334199141643,0.2541842669412232,0.11481766777159143,0.021353760871613715,0.019368868617735322,0.03501750531036384,0.16812269373080518,0.07269769114453188,41,False
182,0.1656290133104748,0.005224050674022184,0.11970851456834872,0.24495739053145107,0.10276049445528401,0.018643666873840267,0.06591689583754629,0.0269402058057702,0.17481439112443523,0.07540537681882717,41,False
183,0.17287896672217468,0.0,0.1064483204303263,0.24362421061921663,0.09886173869789441,0.045573104621000934,0.06165256927272609,0.02516924556004862,0.1682171643339745,0.07757467974263783,41,True
184,0.18074134206220008,0.0168190810040161,0.1337397585295735,0.23875524287107322,0.09060227619412618,0.01804132023133125,0.04950254779582905,0.018551439396477593,0.1735607816133241,0.07968621030204884,41,False
185,0.16211677761028062,0.015853410306746717,0.13558823698126368,0.22116730362747258,0.10224320178734873,0.012995376618128626,0.0033640687547496096,0.051892481764891085,0.19166770629436353,0.10311143625475477,63,False
186,0.1622379026904864,0.014660871831230488,0.13334863638952857,0.23845530684914437,0.11772878172479186,0.02040196714042069,0.03034240355294864,0.01817917110923517,0.18083976021190845,0.08380519850030545,41,False
187,0.17394794754329157,0.019152623008768993,0.11361951391057498,0.2621064454688532,0.10299309018964008,0.01883558281304258,0.02941952371872594,0.04080715404243215,0.1630826834283561,0.07603543587631421,41,False
188,0.17002060679734074,0.01165618907976139,0.12879584790114634,0.2550244231528315,0.11359596004311402,0.0,0.05467887491330333,0.010970724859491994,0.17781656775214266,0.07744080550086807,41,False
189,0.1616258016737658,0.013319924206827536,0.11892714755224315,0.2503491797162509,0.1065918475562477,0.030530673284593697,0.049642179006189134,0.02273442006090746,0.18272347870392133,0.06355534823905315,41,False
190,0.18256376381797393,0.026445001412883876,0.1104298795632452,0.26077095024670405,0.09034975962402715,0.03976754950755851,0.027645358340563354,0.008628288344385638,0.17629847674792726,0.07710097239473097,44,False
191,0.14095446243856558,0.016392388326300987,0.1356474065246928,0.2572131921510756,0.11761902946458683,0.0288338657556056,0.04381145185263552,0.014489568450352498,0.1813936970137829,0.0636449380224018,41,False
192,0.16220936059559088,0.009031515652925442,0.12736764496569836,0.2434898477677628,0.11372154727138738,0.020016194928611137,0.052640550590091345,0.03077869268561712,0.17570383593835334,0.06504080960396205,41,False
