ID,strat_res0,strat_res1,strat_res2,strat_res3,strat_res4,strat_res5,strat_res6,strat_res7,strat_res8,strat_res9,ancestor,alive_at_end
0,0.22087178149514036,0.055204915785782134,0.03552265692919277,0.22871071372728277,0.04152279732826548,0.15141665502260987,0.004623892622572546,0.08363760692964713,0.0663545412016254,0.11213443895788132,0,False
1,0.2339500131203834,0.031833306278457624,0.02784142751463891,0.22627333340028327,0.04482912060163616,0.16480437708355583,0.009946521801994752,0.07594634540996284,0.07726163226927422,0.10731392251981292,0,False
2,0.22656483283751422,0.062135664235067584,0.04710588259997484,0.21818245135973993,0.03020009221470287,0.15534585305988682,0.003374067814829947,0.08532338155827515,0.06307778417341822,0.10868999014659052,0,False
3,0.2464666110196197,0.0423025132205592,0.025770528863927784,0.23809907972210642,0.04579836910407495,0.1564490889385417,0.005480614424733419,0.05839943508987024,0.07058693573410764,0.11064682388245899,1,False
4,0.2238865827822825,0.05914577632263946,0.02910273215444595,0.24004072459342846,0.0440229688640035,0.15770014039208283,0.02236544066063702,0.06135288436540986,0.05085172365133108,0.1115310262137395,3,False
5,0.21202083754024467,0.057812779432997605,0.06374588913830714,0.19677664710788503,0.03367796040724313,0.14338529689428528,0.02328889949822139,0.09289599441564882,0.07861623673202797,0.09777945883313897,2,False
6,0.21240790827893732,0.04622890954640516,0.05801094209994824,0.22430468256364722,0.023318729754183108,0.15740915498102775,0.002746405725090775,0.08671650222370615,0.06276501332185427,0.12609175150520002,2,False
7,0.23912042102639422,0.05480973842078501,0.052337761381511756,0.1940504403990123,0.04516682115033374,0.1418051264581303,0.01877312525596892,0.08143669071155875,0.06625416636730593,0.10624570882899916,2,False
8,0.2357425092185919,0.062029996288937864,0.030007627483685365,0.22106559905224296,0.03348464114448907,0.14767046341163936,0.004107124566663775,0.07359067488523761,0.06319418406119066,0.12910717988732154,2,False
9,0.23072902737584516,0.04175278854981269,0.028888915599612677,0.2358598564828532,0.032442976990792495,0.16332368647129783,0.014581877905099624,0.09961036230670015,0.046399763057294784,0.10641074526069155,0,False
10,0.2258964576597437,0.04017063297819848,0.047238138054763276,0.2313973129457279,0.02916313648215239,0.15237968877267602,0.00846376051910792,0.09223888655920086,0.045347285629724426,0.12770470039870496,0,False
11,0.220135594247838,0.05432301488836786,0.04174019954535952,0.22935238341444011,0.03770088235154791,0.15734654678395588,0.005564081439473815,0.07698823977173835,0.06507674163404625,0.1117723159232323,0,False
12,0.22517607704720158,0.04549543513905757,0.03231828644430976,0.22534594655813592,0.04133370632969629,0.1548987517722117,0.011597211346052967,0.09308235138185787,0.06897043692959448,0.10178179705188181,0,False
13,0.2062000534862606,0.055531807584204854,0.06498017290058361,0.2183578201515759,0.046126333773369166,0.13844559527203157,0.02026093399275948,0.09128285051600592,0.054562051026935045,0.10425238129627379,6,False
14,0.21357522409956212,0.05469727555849149,0.03023028903724554,0.24443243217373176,0.05542189043936683,0.16586692630560543,0.01970309116083108,0.0554791317743337,0.04674649145898559,0.11384724799184645,4,False
15,0.23467447007262165,0.06052512712726616,0.037283967265891275,0.21461034255453712,0.05775282369312368,0.15151029456559953,0.03451941622652088,0.05873456131903476,0.03974585528275036,0.11064314189265474,4,True
16,0.23519336268074686,0.038870463006374,0.0349444850584659,0.24496986127415715,0.0321328398015508,0.17198762382026747,0.009131674996202127,0.07082210508933286,0.07813209409156642,0.08381549018133613,1,False
17,0.2512039829234031,0.046124790142802664,0.01732029154705487,0.23370938744091072,0.05862848559654157,0.17043435828204295,0.0,0.06129644192368207,0.0519775202556238,0.10930474188793828,3,False
18,0.23245449877196867,0.04452372486300273,0.03270951577592339,0.2298692808116027,0.04337786378765059,0.14148879856567065,0.0017366295557750867,0.10026629930550428,0.07072855472956179,0.10284483383334021,0,False
19,0.24415808507173514,0.027395392014540804,0.03971469754280903,0.23179570351787518,0.05045727760229402,0.15076233633495167,0.015041981385031072,0.06788604560052514,0.06471873295479924,0.10806974797543877,3,False
20,0.2077542261229845,0.0604137036658447,0.057958438157125786,0.1961170814275443,0.02677366385889054,0.1521802952408778,0.028369607346960975,0.0894197154852128,0.08435655752296266,0.096656711171596,5,False
21,0.2245664934702948,0.05274840116951934,0.04356843556758631,0.21437098540548236,0.040379133100191526,0.15521336741884265,0.0,0.09132488249323842,0.06738725915274861,0.11044104222209591,2,False
22,0.21703867042106464,0.07893147952078458,0.05819193133682241,0.2089819219356694,0.03627294538512198,0.12305452089830701,0.0027631802197328613,0.09087763278448863,0.07029979407193253,0.11358792342607607,5,False
23,0.2226868955427486,0.04070776574400704,0.01505629461316381,0.23990294265563222,0.03771095601242847,0.15080233285979064,0.003665926789052072,0.10302866440721326,0.08164419593361373,0.10479402544235003,1,False
24,0.22391298841557133,0.043152783111741935,0.02683142332916142,0.2369725827781407,0.03203889834883564,0.1466880441725858,0.0,0.09222215322592593,0.07558143492442287,0.12259969169361427,0,False
25,0.2107845881601552,0.05225501218576066,0.03886402267896068,0.22811085863698927,0.020875100065988906,0.16272373131669396,0.01078316182689033,0.07967315061732881,0.06109165540317284,0.1348387191080595,6,False
26,0.23765500930360917,0.039820049401836116,0.03486121730616567,0.24312239471630195,0.04074743553440101,0.15623158128437917,0.0008784974079123885,0.06556924588325516,0.07838573167870096,0.10272883748343849,3,False
27,0.2176988087633185,0.05531434323413897,0.024481639520929032,0.2306367860720622,0.043749865164518,0.1462794051727703,0.04371157525362291,0.06274454511070544,0.05883342744697477,0.11654960426095987,4,False
28,0.21834329443700434,0.05994564682764251,0.02610902202720624,0.24906799372277139,0.040640889171058854,0.14771005529706271,0.017348081638795983,0.08019620472519003,0.05469572686093582,0.1059430852923321,4,False
29,0.23843747968677798,0.05813512617102557,0.02317211478866066,0.22093985784673986,0.01777620738130751,0.15225161621629932,0.0010792347030245965,0.0955930989434093,0.06648451706866051,0.12613074719409464,2,False
30,0.23575075751342364,0.022181524222074082,0.04055398539154434,0.23495636558746164,0.03465398372404983,0.17130577901276,0.020858842284421437,0.07609140817244647,0.06784137420276687,0.09580597988905169,1,False
31,0.24823434920423731,0.029950292945650606,0.02525272917812664,0.21558240893246622,0.04182694108035392,0.16724650795763027,0.011794368683931819,0.08495543292611518,0.068021870156195,0.10713509893529302,1,False
32,0.18782234767244835,0.052471394454076364,0.06992472746766258,0.1975496530401029,0.044477181281092286,0.14430588798363347,0.027885263587600417,0.08820907190163561,0.08105812088430416,0.10629635172744381,5,True
33,0.23710969617484376,0.02772271875126025,0.02583488058050209,0.21028250076138727,0.05645120715126595,0.16390743573774133,0.022151804139271168,0.0714079687864492,0.08284202215300296,0.10228976576427609,1,False
34,0.21770923441731874,0.05268899329021543,0.04803394976759618,0.20914259961127418,0.030417830728676112,0.15417473091991285,0.0228647940467302,0.07484661879810996,0.0499143067953069,0.14020694162485947,2,False
35,0.22951135411623588,0.0455234474247435,0.027902193418899723,0.23336101848329768,0.04761691066968668,0.15611176970314108,0.02034831918655294,0.06907939952198304,0.049194888514405385,0.1213506989610542,4,False
36,0.24044624529050684,0.02302967993996073,0.0441936171763273,0.21728350353987705,0.05179496792212712,0.1577110617040052,0.008131468779460258,0.06590069838351814,0.08942912363714173,0.10207963362707567,1,False
37,0.22301254967551934,0.04876513371292374,0.045345192775252584,0.20476231885877177,0.036081207760018545,0.16029609512743018,0.0,0.09727893832152017,0.0628833069417364,0.12157525682682739,2,False
38,0.21275730134577997,0.06421704900368796,0.03628424208226486,0.20812945241229122,0.03492300562927986,0.16278027279752055,0.007548205610921125,0.08952770344848913,0.0690812079575562,0.11475155971220917,2,False
39,0.23427278721588576,0.05196730683923461,0.03175807137058097,0.23189526398964216,0.041430762949703936,0.14798267599592824,0.0385613283234791,0.06522539196698043,0.04921741674509493,0.1076889946034699,4,False
40,0.21389003572315715,0.05786176709694832,0.033108692023312424,0.24214193517445776,0.04612052512747449,0.14619060496930392,0.006512839955421935,0.09177735951656033,0.05819956350614024,0.10419667690722353,0,False
41,0.2158174326495558,0.061635650574485217,0.045740545990474904,0.21167135729530548,0.04545615725222131,0.15755982322903,0.005400610431630393,0.08559122857327839,0.051317435877728544,0.11980975812629001,2,False
42,0.20988094503497304,0.06533638893082043,0.06488118905778033,0.18690541256469181,0.025763630649207454,0.13825240929415836,0.034184265053172284,0.09223996759491268,0.08516198366131764,0.09739380815896584,5,False
43,0.21719110274305609,0.054883328817706835,0.02633294774767592,0.23191402988064436,0.053209736793457356,0.1601954276819785,0.03618569381774421,0.06692386985638542,0.04514087280665023,0.10802298985470121,4,False
44,0.2112894606388261,0.05141177388566347,0.06174993691677714,0.2024926129656756,0.033869152490958475,0.14039695552966258,0.030345991498515554,0.08840508843849358,0.09344217515410487,0.08659685248132264,5,False
45,0.21920488275626876,0.04502100635472279,0.03846367514936541,0.25456282597344904,0.03915903523699643,0.155927077932074,0.005582565249021211,0.078477023366473,0.0614131860452434,0.10218872193638588,0,False
46,0.22012511566385817,0.07281960131362367,0.048996675486399695,0.19876090063958923,0.05479496583503086,0.13838309265924892,0.02355459366584254,0.08099843932964537,0.07844322637409948,0.08312338903266218,5,False
47,0.22153224355202802,0.04643796900179598,0.01796222163370771,0.23361733329430004,0.041470360246359896,0.16359386612063848,0.011512641600924503,0.06677318631553612,0.05964040825576529,0.13745976997894402,4,False
48,0.21224565694496236,0.055052624033821745,0.029708216243970385,0.25786285069336784,0.039625355625197804,0.14990819338746583,0.023076051163648418,0.068712732954666,0.053645861385376754,0.11016245756752288,4,False
49,0.2339333974333579,0.06555829925281491,0.04345287671504312,0.18545528940270245,0.043386817534530525,0.14607587229618366,0.01789119808709652,0.09803602964896335,0.06438267791586418,0.10182754171344345,7,False
50,0.2424943825678264,0.035873041465535827,0.06488315160199087,0.18857766150227664,0.04642390089074861,0.14100978437365866,0.022671606327040846,0.07271575410151628,0.08559754958026222,0.09975316758914345,7,False
51,0.23617063897499463,0.06226991994647837,0.0326356121822487,0.22911157497324725,0.030201498541917598,0.14658901400867144,0.025173379904924516,0.09179253925021606,0.03865896334433081,0.10739685887297062,7,False
52,0.24093353942748938,0.03461940658072655,0.02428212715687868,0.22435210963031896,0.046235546408262634,0.17131211163268859,0.0,0.07423340362568383,0.0740566287981346,0.10997512673981666,1,False
53,0.23594927878711838,0.06181898755299386,0.04378470298910062,0.24647776326978743,0.021666022909588797,0.1509620989869563,0.00523370755678781,0.07089522950900218,0.060699776255721746,0.1025124321829428,0,False
54,0.19678639275101079,0.05561473203255887,0.056935630983572884,0.19304720072362738,0.03534226804749685,0.1458584239584001,0.033677729512015996,0.09497254053211802,0.0882282439798007,0.09953683747939852,5,False
55,0.2111737610343136,0.06454102756061132,0.06915410799826868,0.18283340999811254,0.041280545618216424,0.14115988048025924,0.026058781714871672,0.08190697205776566,0.08252078028532912,0.09937073325225176,5,False
56,0.23802402541542875,0.05973537809632734,0.050801271419902316,0.1947695338897554,0.04922254608320667,0.135139044654383,0.006356567666708153,0.07234677324829963,0.06315274580842585,0.13045211371756305,7,False
57,0.2301841196614771,0.013786217334557423,0.04207990473515806,0.22456358006692703,0.05366248245500825,0.15733138504041103,0.005796313529973569,0.08189575553210829,0.08416476568688618,0.10653547595749305,1,False
58,0.21372514816797622,0.06489180861812843,0.06249308519283086,0.19789290356386421,0.034724130683250795,0.15163168188767753,0.026841843835093193,0.09460446447987682,0.0714083498623598,0.08178658370894216,5,False
59,0.23815294262002018,0.05997731952659416,0.026152956654751935,0.2573721014818859,0.027021788414962236,0.14785602455368138,0.010300762423591531,0.062055387022082485,0.04493968161023357,0.12617103569219656,4,False
60,0.219025824418422,0.05837716767701478,0.04180708263828741,0.19810767591530193,0.025361217368664927,0.16839420787236442,0.015927148617973605,0.09213311423840669,0.07239105568766298,0.1084755055659013,2,False
61,0.2229719909709245,0.05499206853269677,0.0553732577055878,0.19746688067148002,0.030672083873688596,0.14628844828320944,0.03509959423481832,0.09626632912841669,0.07221964084942685,0.08864970574975088,5,False
62,0.25755158857565685,0.05501109780108175,0.05183919373303676,0.17933168327537738,0.043498084338488806,0.1301813893744199,0.025738989687053695,0.08318478986737561,0.056989194797944606,0.11667398854956483,7,False
63,0.19481349336461942,0.057996766950434916,0.0633812511225427,0.2075950735151255,0.0461690523749023,0.14365927223184102,0.022643348188333794,0.09856617393999352,0.07264290336810367,0.09253266494410321,5,False
64,0.2231008317347279,0.05423199170120082,0.06815253419250217,0.18817178286620775,0.043093910127575595,0.14445202183442774,0.027079797872467504,0.08651053749781795,0.07730732597976886,0.08789926619330374,5,False
65,0.2137803531594307,0.039819632962681775,0.07085135741821015,0.2010236731595109,0.0297021532255686,0.13399786058229812,0.01390431151995421,0.09639529643395786,0.08950092330697931,0.11102443823140833,5,False
66,0.2110656853065651,0.07210966314271004,0.07221831734761183,0.19924442211727525,0.01746987327475178,0.13647170754766763,0.021338643034042825,0.08815832791108794,0.07676659158777521,0.10515676873051241,5,False
67,0.2307927335546205,0.05922039785391818,0.035046408623669256,0.24594658337980418,0.030990220583188746,0.15426492455959306,0.010334505064063396,0.05992871021642806,0.05917494229103562,0.11430057387367898,4,False
68,0.2194751611517302,0.05152108324249984,0.0570690976428185,0.1985666093573593,0.028569056462897216,0.144519527413593,0.03258745369567382,0.09536992910881784,0.07321956742616237,0.09910251449844792,5,False
69,0.20710416302764106,0.05687952112407797,0.07300358933015395,0.19556283078416214,0.022802870977941633,0.13998281613097413,0.0,0.10742549145434097,0.09879783505634873,0.09844088211435943,5,False
70,0.23267187996414881,0.06242455039708999,0.025178259450461152,0.22915653343555636,0.04433043602626612,0.17018652636057807,0.03082062750519052,0.045716256737553966,0.04150390083618313,0.11801102928697191,4,False
71,0.21041536884685694,0.06083224237539177,0.0611046322023463,0.18468730375907702,0.038273454815223526,0.143691969420047,0.00970988620899079,0.09754324283287154,0.0812215971026358,0.11252030243655932,5,False
72,0.2133030374199646,0.06008037000674222,0.04092657080045573,0.24082198804143887,0.033344095063414986,0.15748592524952607,0.0338400301190363,0.06174247567369742,0.04660174866571701,0.11185375896000699,4,False
73,0.1919028132610509,0.059796827341639526,0.05766990765431096,0.18453302582732428,0.05342263714406666,0.14355847141631797,0.03311845726616988,0.09790359563180294,0.08521557929214736,0.0928786851651695,5,True
74,0.22442747333277152,0.0532491596233757,0.05156958545886059,0.20359008176326016,0.04102931613303151,0.14075024949774154,0.023906857757274073,0.09952310526427792,0.07905885285735091,0.08289531831205611,5,False
75,0.21257813446631352,0.05714152710585222,0.0736554139163832,0.17800480192827534,0.035529779596336734,0.1455698576657322,0.022760349805865627,0.08688357584885964,0.08797824945123446,0.09989831021514696,5,False
76,0.20290538607947095,0.05996826992878884,0.06923875281641076,0.18762886561772624,0.02115358362050337,0.13787608298698492,0.015203175371684927,0.10308852723414606,0.07569490377055318,0.12724245257373062,5,False
77,0.20735993633343264,0.04365056325425152,0.06780012030007192,0.19305802217302867,0.02319463804372816,0.13206599590323975,0.03780703065929173,0.0975334913910831,0.0883334768351389,0.10919672510673385,5,False
78,0.22090579787311476,0.06249383755963037,0.04690120099131867,0.20160302937244257,0.029622153186592462,0.1496029117865065,0.027906067560249246,0.0769389710758003,0.06990174949937047,0.11412428109497462,5,False
79,0.1977068282789073,0.06032335346749625,0.07841497910246482,0.19562239707594853,0.04963650933781343,0.13743979211425847,0.020036642203374894,0.09395502929665965,0.07802571613954565,0.08883875298353106,5,False
80,0.2236738672888653,0.06337150923905374,0.0557376647559321,0.20982478261692453,0.0305001925406855,0.1348756952970276,0.0407438118924053,0.07562365884522183,0.07182926932643335,0.09381954819745074,7,False
81,0.18169740231103285,0.045749553013371344,0.07433717561304966,0.20672832434227975,0.02859653411180381,0.12280312130086737,0.04429971952715083,0.08939071742804829,0.08471704762920644,0.12168040472318968,32,True
82,0.22116601659775853,0.06340024093798467,0.023139100060934083,0.23545507990740644,0.047089965684218235,0.16545791224689843,0.02664373714077685,0.059239838555199875,0.05123213412532428,0.10717597474349859,27,False
83,0.22085965621063508,0.059371242344636324,0.05236811891365133,0.17474119725605905,0.05852045896446154,0.15405841021105432,0.015497311173710372,0.08528526812543151,0.07321493663510309,0.10608340016525732,7,False
84,0.2128449748536043,0.0642881782854382,0.05685572963535831,0.20598470748047426,0.03753537504665833,0.1385506441270927,0.028456574721704875,0.08285651568333666,0.06694316908517348,0.10568413108115887,5,False
85,0.22322973209571764,0.06766066141504527,0.025044956970927425,0.2515065615634287,0.0535333286251139,0.16454343864559517,0.01644784425766337,0.05140008037058878,0.03554275074199145,0.1110906453139283,4,False
86,0.21083491150455744,0.06437921584180854,0.039934949191267916,0.23133351191713963,0.05201055137562243,0.14046774356225358,0.02486838473631961,0.06370890882853467,0.056913476564878294,0.1155483464776179,4,False
87,0.222777066610048,0.05962635204857197,0.0713114045858086,0.1978481406093481,0.023793926985644264,0.14663823369744203,0.02431426384973134,0.08828285985326595,0.06893869408949935,0.09646905767064033,5,False
88,0.21292981750490536,0.05152875773127703,0.03683113004290261,0.23944206778840071,0.053579290825399896,0.14622235314482496,0.03151111908797171,0.06956759927961936,0.061318554570263445,0.09706931002443484,4,False
89,0.2180337597311168,0.06375480121150684,0.03835467451010992,0.24316887968684428,0.03508255192741669,0.1535720060857138,0.021392255423137944,0.066646021869111,0.04833129745286007,0.11166375210218271,4,False
90,0.23647671673970813,0.05706191750823119,0.053089608408574185,0.19293753435225483,0.040770141639096306,0.13127105185305343,0.009372290058372307,0.1015269098170688,0.06462598757904478,0.11286784204459592,7,False
91,0.2283293726758892,0.052608378779062784,0.05553761257104324,0.19562294838954125,0.027088078936061064,0.15078809719002165,0.016083647815072974,0.07801750657119104,0.09229518827514417,0.10362916879697266,5,False
92,0.21606005601381253,0.052248665955120725,0.0898731059988842,0.19889496121639985,0.03230673352730644,0.1436147210306101,0.030318160657897286,0.08590970839601396,0.06879641927342238,0.08197746793053266,5,False
93,0.2284515592222062,0.05410309769999765,0.024740764469433935,0.2435158599344123,0.03017342451802098,0.17295785329723434,0.025633666123121162,0.04580692366365914,0.06742807376838647,0.10718877730352779,4,False
94,0.21006235843896423,0.05378179239416314,0.06852899938069738,0.1919426548436943,0.04661923725033611,0.12397089498247973,0.007170470124578034,0.09364393256385328,0.10561129581362616,0.09866836420760748,5,False
95,0.22235537149140747,0.05927928328763371,0.06338653029787082,0.20210083349411703,0.02663293395779513,0.15039486857705325,0.020456234091871216,0.09142027468490772,0.0743048365526656,0.08966883356467813,5,False
96,0.2213489403518179,0.07133141885947433,0.04199480597365865,0.20042684076838624,0.054707805881369545,0.14588877100290665,0.021976025954557832,0.06713633895141992,0.06699134220643824,0.10819771004997061,7,False
97,0.20259371621323913,0.07624311622811603,0.05445129770139097,0.19449126627449803,0.03133931302926911,0.14498451661835088,0.026689473855644106,0.09029196767147496,0.08394258549526992,0.09497274691274703,5,False
98,0.22217537547715902,0.056572770530673555,0.07019708348903987,0.22777153141922307,0.04334051972749596,0.13500495767639203,0.007295353847161826,0.0690080011165064,0.07128276185924033,0.09735164485710783,5,False
99,0.22427008791531977,0.05068540938933332,0.05056491075698555,0.21118370618945956,0.02534086182181247,0.13865674138985098,0.023133362556072953,0.1032858359656221,0.08910104605745757,0.08377803795808568,5,False
100,0.22857940160591295,0.045881236924130674,0.019056411482772987,0.236255192821624,0.0389408819585344,0.155213065198281,0.05077069038316617,0.06439459620700774,0.04785834999576115,0.1130501734228089,27,False
101,0.22470746698843913,0.0607697603913639,0.05234344009569506,0.21028177218850347,0.03425434345943868,0.14840330829144438,0.025554652646580116,0.07094782419651488,0.06138227995467625,0.1113551517873441,39,False
102,0.2051549525534685,0.042707431237465274,0.040152529057763474,0.22510288150532096,0.057014503375566905,0.14171582925269927,0.044016231222636246,0.052268187516803816,0.05975555954520271,0.13211189473307297,27,True
103,0.21564101900261917,0.06771196633154854,0.025465856461553367,0.23934728803049637,0.03486921554080267,0.1638320939249292,0.022220102238341116,0.06522148988942808,0.055444079511109065,0.11024688906917245,4,False
104,0.2386469591487136,0.05912877304723247,0.04304957243508467,0.1929700200359841,0.04233145988343848,0.15228656122305917,0.03214511183519825,0.08149644999121593,0.04996825615300157,0.1079768362470718,7,False
105,0.23459545339214807,0.04872369258425938,0.059761903421368015,0.18856057618254182,0.04264348125316481,0.14092268007226322,0.02160716574524225,0.09806661800309592,0.08673874694466874,0.0783796824012478,5,False
106,0.21265897961195163,0.050689843429489914,0.05289733065489968,0.21512569015065827,0.020760417001958593,0.15841547117642082,0.01699747010272265,0.09126635051735289,0.08151159564460511,0.09967685170994041,5,False
107,0.23078899080991297,0.05061443066336828,0.044894826723496054,0.1749724943935605,0.06546148436205362,0.11589230256595587,0.03428781507466638,0.09941024865143368,0.06977975840655877,0.11389764834899398,7,False
108,0.2091759909397383,0.06430800560816731,0.025600208859090933,0.22834018310189805,0.034604954661853905,0.14355850786776672,0.05287595252911505,0.08038020089088455,0.060440173570462066,0.10071582197102322,27,False
109,0.21824552038416553,0.06115877251181754,0.016613111566637768,0.24542768768043424,0.039022655898797935,0.16043228476458127,0.0321946244506062,0.06867783316745646,0.05242297294836512,0.10580453662713793,4,False
110,0.21236913849532713,0.05292057991976736,0.01799760614032036,0.26009195273521246,0.040850394249901084,0.14467328031745605,0.018754192901946187,0.07554201471763963,0.057055756480853,0.11974508404157672,4,False
111,0.22028954495112557,0.04465969765592438,0.016765892704893266,0.24799570132632776,0.03709105906566034,0.1604878238960194,0.0371187709272266,0.06578681195469814,0.06270719809642256,0.10709749942170206,27,False
112,0.22178493772337743,0.056394944105729164,0.047519713847664756,0.22905735360229218,0.03575031062233618,0.13898124608055132,0.0313412324937996,0.06147696040694758,0.059768877852072536,0.11792442326522927,27,False
113,0.2243308342297371,0.04157701533887192,0.03669627215388866,0.21951921073295524,0.05281467855185909,0.14791875159370244,0.025721442489119676,0.06063497645467892,0.06128374493670137,0.12950307351848567,27,False
114,0.2259902593125413,0.0694966708776031,0.024224149422983194,0.22997551345387285,0.04980937605408908,0.1574933232868704,0.03223420493576078,0.050245757311779236,0.05659222800203736,0.10393851734246255,27,False
115,0.21570156787519792,0.06393025262821989,0.012458891011158168,0.22423815281227594,0.05077532316207298,0.15282399128540305,0.04793868145752596,0.0761848316038787,0.06329672191957895,0.09265158624468849,27,False
116,0.22623400821487966,0.04613722180031889,0.016790339058303367,0.24812363878763982,0.030050666440305195,0.13991304604912352,0.04430730997441629,0.06968316231013003,0.0501355971321564,0.12862501023272666,27,False
117,0.2163895214233485,0.04962331786647167,0.03911999801978832,0.22731786837843282,0.05307358828648806,0.15389727257674882,0.026930312839077535,0.05612071950298493,0.05178621381693364,0.12574118728972578,27,False
118,0.21218313550674922,0.05837679876247597,0.0237712995565518,0.22823736455295407,0.05989724025447129,0.14969825331360023,0.047408418027755535,0.05804204345745574,0.036468396102498926,0.12591705046548712,27,True
119,0.21371929676612234,0.04624227337276907,0.02269215956608983,0.21267935324248716,0.042804618633797975,0.16329069650345407,0.04955283503190415,0.06574244719159592,0.06507500934030197,0.11820131035147739,27,False
120,0.21360762856091672,0.0441705395900202,0.019181659893095896,0.24828790780137047,0.04893190216473775,0.15227746958375146,0.04923920526917008,0.0748697134167106,0.04567257175731913,0.10376140196290755,27,False
121,0.21281329054337017,0.04849081498520795,0.02603940524016583,0.21463186641088638,0.057679013309877354,0.1554819541576762,0.047960877663068766,0.055881905827270234,0.06870446961883826,0.1123164022436387,27,False
122,0.21444174092550505,0.05688094338516318,0.031847376080163345,0.231547172169963,0.03816261981277227,0.14660161979962616,0.04990180781921009,0.05220595756470647,0.05541342186325513,0.1229973405796352,27,False
123,0.21419564823720316,0.061879041874608555,0.029571954541361425,0.23002901266741665,0.04451725390102538,0.142271779951249,0.04931308393915641,0.07216573332608994,0.04288383689897009,0.11317265466291944,27,False
124,0.207637441547521,0.05529583468920704,0.02115045080904385,0.22921810992624309,0.050139230335670915,0.15933508167288324,0.048707278673824954,0.05617198440598437,0.05158194202653772,0.12076264591308376,27,False
125,0.2341307765096421,0.049969619179846186,0.027108068951850278,0.2301495574505067,0.01894857858975903,0.14174073310750399,0.048244041991558476,0.06887349478985026,0.06278379274463561,0.11805133668484745,27,False
126,0.2390599223963888,0.06283590014297792,0.021713775194607605,0.22141775597795865,0.04849289949421884,0.153156800047817,0.03366992826442685,0.0706584058241079,0.04691766626922681,0.10207694638826985,39,False
127,0.2080421959461313,0.05849853777546977,0.0412535805984275,0.2188996225982406,0.0405222454705251,0.14524225616793196,0.042108636321533104,0.065843575581046,0.05748078269016635,0.12210856685052819,27,False
128,0.20950517184421036,0.05401977938220128,0.02605153154208749,0.22572197611655354,0.04370578809938843,0.14214493141769477,0.04116886998402702,0.08502909538045371,0.0589375777998736,0.11371527843350983,27,False
129,0.2379060248876849,0.06345269937769028,0.020044889909646302,0.23186039042494103,0.06095108833165424,0.1556519978769623,0.058886214324556416,0.045410286508495996,0.015387838020021477,0.1104485703383471,15,True
130,0.22081930606378633,0.07287597337338719,0.026948596131297103,0.2429488603475255,0.04655008386214029,0.1491573402407349,0.03749817529764301,0.059838939121289327,0.04047763924146225,0.10288508632073404,27,False
131,0.2250921210936184,0.028056787031962696,0.011607977766252345,0.2440347616003411,0.0408282161500224,0.15277611418812845,0.05632510949196874,0.0713872248045767,0.04498439329275191,0.12490729458037711,27,False
132,0.2139367420665283,0.05362586976994195,0.04241790671304498,0.22280334153439305,0.04827190708539616,0.14313823847641544,0.04185860055572519,0.05843080169291159,0.05419492465573074,0.12132166744991268,27,False
133,0.20956468626705052,0.09173194978612187,0.060053967586338276,0.1861441163343316,0.026648150912138197,0.12350761584366046,0.03212689570175212,0.08608679646720044,0.08877198149650467,0.09536383960490177,42,False
134,0.21502850315778987,0.046245783213409906,0.0286256767408348,0.2269937068128173,0.03775328903122301,0.1477270341201064,0.03697271526353828,0.05868771308007814,0.06192834123847795,0.14003723734172435,27,False
135,0.23020507239244398,0.05672522554199685,0.005347943777484374,0.2413258062212634,0.022606321461555424,0.14820652837451698,0.039761742952670376,0.07173701751180714,0.05697738809243787,0.1271069536738236,27,False
136,0.22612012232414602,0.052637494183912274,0.025596272074449887,0.20929730803604124,0.026370714828981387,0.14767703224660705,0.04885509446526888,0.06471202441352701,0.0551619589517475,0.14357197847531877,27,False
137,0.21922049529144083,0.06122658258941677,0.021133485355290887,0.23021376626544787,0.0415087175671228,0.15377860844093047,0.03769823773430186,0.06593257372503643,0.07041844571211925,0.09886908731889284,27,False
138,0.202790508940891,0.06621321942007458,0.02244454083009312,0.22370446420162082,0.04515916823751146,0.14096846678462646,0.052316794385825025,0.04875936594162378,0.08033749564402486,0.11730597561370897,27,False
139,0.19859370915444666,0.0488470835242675,0.02919204205655789,0.23927015664499213,0.04330387190794986,0.16178851869670915,0.03349651861228363,0.06039423587289973,0.04252764015628364,0.1425862233736097,27,False
140,0.22098846028341354,0.04906028249513733,0.022666213548954536,0.23293336129291414,0.031138695649562512,0.15715909049354515,0.035822127868709794,0.0714005835412154,0.05085232122450928,0.1279788636020382,27,False
141,0.21588691998129292,0.03800920431041159,0.02244149314830592,0.22721049605354784,0.056836099436696964,0.14189672184210397,0.06106626231170215,0.06421005424515393,0.06285818708205586,0.10958456158872874,27,True
142,0.1912301283536094,0.057499856841847566,0.01826592828033095,0.24101291384722706,0.04972652757949311,0.1431774524098576,0.043183956782275226,0.07310857845575623,0.06515727332312556,0.11763738412647735,27,False
143,0.22184159075194979,0.05517639512040612,0.02914536253487186,0.22597714337914976,0.05584188496857181,0.14250229694730376,0.050029428300583746,0.05806492876598062,0.06199382658782242,0.09942714264336,27,True
144,0.22847856402171826,0.06264095913228049,0.013340131525364955,0.20979724308002706,0.027103198169146598,0.1572773565984092,0.052012696628343354,0.06299714924040607,0.061383168213560636,0.12496953339074336,27,False
145,0.22711144035431655,0.050184698126035654,0.016042836576842454,0.24138768803192023,0.0318901042377761,0.14596026706884224,0.05662442477334093,0.06285576481510828,0.05595847892851259,0.11198429708730498,27,False
146,0.20304076419879646,0.05389099599457786,0.02077425269574152,0.2246742255214842,0.05095616224312338,0.14518778556343215,0.05817388936001757,0.07183943836303681,0.04035809833425081,0.1311043877255392,27,False
147,0.22820561386622318,0.062386169955675204,0.011122743880987104,0.2455605074394496,0.024771135570682352,0.15504785644511462,0.04049146360617583,0.06591286014634137,0.0760755538457519,0.09042609524359883,27,False
148,0.21487666248061685,0.06805093082466138,0.000716437556945968,0.25658979570013773,0.04524874627571282,0.15304126465109513,0.032883421464504584,0.060214568464767325,0.05988279276033814,0.10849537982122005,27,False
149,0.21329868421437917,0.05523143947674241,0.025547648699237983,0.2281850026682151,0.039613356636087275,0.15799603694550302,0.03711940542631099,0.06843252597247418,0.04925251123145519,0.1253233887295947,27,False
150,0.19696303251432587,0.04888855490533045,0.036285522477687855,0.22305716988677782,0.05343751297364532,0.1457583947516093,0.016743003708394575,0.08184969737832075,0.07681958712210847,0.12019752428179947,27,False
151,0.22044933541992057,0.05041626394369294,0.04203397286104158,0.24209305427017383,0.041671530738885285,0.13878730276795984,0.04921348721408172,0.055395323029026104,0.041091992515745024,0.11884773723947309,27,False
152,0.2188098542619974,0.06652565547658558,0.022305065222284,0.23355938852113764,0.04725390937181626,0.1312953076279375,0.0460578857042234,0.06311274501596073,0.06701750986604625,0.1040626789320112,27,False
153,0.22671435823493852,0.06575355993356573,0.029286136090792125,0.2172457164592215,0.025844740273813286,0.15273730218411377,0.03271219029554655,0.08332047668953264,0.05702690368460864,0.10935861615386724,27,False
154,0.23932785130870962,0.056602976396182426,0.0301524722220395,0.23004543054011772,0.028224611397193147,0.16755771869115443,0.041414458841440675,0.05983167347676981,0.03703393611585105,0.10980887101054157,39,False
155,0.22878373609309496,0.060923746842644934,0.012620179611302823,0.2275698706039077,0.04495734452578549,0.15365659237211862,0.039166934889535814,0.06732355759576529,0.0509504670283521,0.1140475704374922,27,False
156,0.2107805956151551,0.07239866058694804,0.012238776323328723,0.23873371189111867,0.03674423966607408,0.14541625962197335,0.04516375168304063,0.06965254317195371,0.05843218412862365,0.110439277311784,27,False
157,0.2034774630353063,0.07314308867215238,0.017612219000077138,0.25051825602236344,0.04085761748202044,0.1380724811628948,0.04742233974240206,0.061942883365669534,0.055335524894402834,0.11161812662271094,27,False
158,0.22736488845065478,0.05776160614427788,0.022508118405861748,0.23402409629394574,0.047393232354539044,0.13937780699028174,0.03397913756550416,0.0708723415178535,0.0510459204030602,0.11567285187402121,27,False
159,0.21226576519926002,0.05384716936038939,0.01160052135439668,0.2249354690369264,0.05897386654922014,0.16396141449673898,0.048525985102611385,0.06341163981849697,0.05220731611825178,0.11027085296370828,27,False
160,0.22982305915705964,0.0497528895096256,0.030310530894706287,0.21729624455602936,0.03924974061926208,0.14596173902532697,0.044100942326731875,0.06607738796312224,0.0628481978225081,0.11457926812562784,27,False
161,0.216675152356354,0.0526511697334067,0.020343265216447054,0.2341536650678788,0.023350246084819098,0.14621002295460506,0.05444529834594935,0.06463582218455267,0.05743455164147904,0.13010080641450808,27,False
162,0.23458092443902587,0.03960926029778181,0.016774521101577105,0.26549325489814274,0.04247475747561564,0.16218251139895287,0.02252413689039236,0.031284008015489854,0.06245253591531127,0.1226240895677104,27,False
163,0.21909962874880434,0.06745739472291501,0.021179356127426725,0.2258962347990179,0.03984477923944352,0.14906378833861267,0.05924015885268769,0.05342146256442775,0.06528384077112848,0.09951335583553582,27,False
164,0.22763889129618403,0.05062780743895414,0.015147662518637625,0.23469151136450128,0.04448572410278385,0.1374451649326279,0.02659499261535681,0.08079148253721072,0.06230215763269864,0.12027460556104495,27,False
165,0.21099502241505796,0.03543521756725941,0.02372439546751487,0.22027822287055474,0.05492931683808716,0.15283973428498532,0.043258761931097775,0.0708408433949602,0.05976308043284851,0.1279354047976342,27,False
166,0.1806497176658373,0.04829154744457923,0.06007434549751724,0.22830032856089308,0.028597866911746966,0.11062221982376275,0.04541463300946555,0.09363872345766783,0.08420863497831058,0.12020198265021963,81,False
167,0.23210305261592723,0.027806690364790276,0.029819348667020004,0.23350293806310107,0.048277272311082246,0.16369222176126338,0.029238264943284176,0.0686631439150245,0.0593560447191406,0.10754102263936656,39,False
168,0.224794292774552,0.05819805902875321,0.015435736641843714,0.2436749762518531,0.04953848557486284,0.14970271950577285,0.03126130192159057,0.049513388508850134,0.04366500039038032,0.1342160394015413,27,False
169,0.22466853655063565,0.05118501512855897,0.035795790880554006,0.22628551313980616,0.030882869345336555,0.14536986378099562,0.05146309541317076,0.06762443072771489,0.04199491935302846,0.12472996568019894,27,False
170,0.19501738882652153,0.06021841090349398,0.06829078976447617,0.1966935678642094,0.03609685406348129,0.14251638514750106,0.020305931582871056,0.10465915049227073,0.07857918338302469,0.09762233797215006,5,False
171,0.23390518406525365,0.05485001624171263,0.0339657582992027,0.22507266043607582,0.03672497175293155,0.14697396808610644,0.03656875806794516,0.05764795259812959,0.053557951842874194,0.1207327786097681,27,False
172,0.2266334524609706,0.049756599941648175,0.010370243254297785,0.22723102588674837,0.048191304395900594,0.1571829628979841,0.05035740839376053,0.06699040165761813,0.044051958530255,0.11923464258081676,27,False
173,0.22487206494694623,0.0550074962082638,0.028547516644656844,0.23442810830736469,0.032642198748215084,0.1451107309066517,0.03421047303155446,0.07219635891266471,0.0502875374705384,0.12269751482314405,27,False
174,0.21134407444073375,0.050138598576670634,0.02385405827943071,0.23807601382113794,0.043236544997054704,0.15167509623369071,0.036978919811900234,0.0647387723386649,0.06943141001773351,0.11052651148298298,27,False
175,0.2140348736789665,0.05283077722384034,0.023730334237053004,0.22077120924723367,0.020651874852740653,0.15903791767797903,0.04521798286867252,0.06136183189224517,0.06370950921439099,0.13865368910687803,27,False
176,0.21211615423701177,0.055510412626776945,0.015321323917567914,0.23452003564233065,0.043521429519847075,0.14426259152707996,0.0549809028758217,0.06268637137828628,0.05176888929791612,0.1253118889773617,27,False
177,0.22666409208647098,0.055655838191980396,0.025825173741038234,0.23353507459163772,0.03362466336093292,0.13854514142044536,0.04327161407272361,0.07408410812091841,0.0514935783719421,0.11730071604191021,27,False
178,0.21010522123423886,0.05998694499727881,0.025401958043128992,0.235082292002257,0.03835927169085986,0.16354642964800728,0.03939438767477526,0.056858330880361074,0.05057066956189941,0.12069449426719334,27,False
179,0.22880699442770264,0.04660691187224122,0.025848650312507004,0.2278356351649434,0.06504697096290082,0.1358743547943456,0.04912817621136062,0.05978971264670592,0.05983987287721107,0.10122272073008186,27,True
180,0.238636917512782,0.042684562115094915,0.05547128833921685,0.19091109612973708,0.03359322441122693,0.1462260573224553,0.012866453635455542,0.0892234914994652,0.07977232853264425,0.11061458050192202,5,False
181,0.22206205626393366,0.06391467931172533,0.032507503655506725,0.22805757928224768,0.054441341384230124,0.13471301369579447,0.04394016053753679,0.05871240447875031,0.04673683379842472,0.1149144275918503,27,True
182,0.21755395975109929,0.05592054393864595,0.03411917785983407,0.2332248500329935,0.03287158377179546,0.1592936266539237,0.04904952371476735,0.05176456161084967,0.047853853126035434,0.11834831954005555,27,False
183,0.19933895597417592,0.0537825554533879,0.03567878661689068,0.2322393527626982,0.03534575390869967,0.1376715537668704,0.04609045067683798,0.06848353677072778,0.06400901153738103,0.1273600425323304,27,False
184,0.219608946247429,0.05482816074558524,0.023136790987540116,0.22830678087822084,0.032290055448734555,0.15327567772988837,0.04245298895628845,0.0692880632436982,0.06138991723236503,0.11542261853025025,27,False
185,0.19900053952379235,0.06588172102362189,0.03860638059995474,0.2242788545377184,0.03670620065046584,0.13623290489330972,0.04740593754689376,0.08070058424022242,0.05162641480735826,0.11956046217666266,27,False
186,0.19455844968348504,0.04439999265787127,0.01963955975136797,0.24457077151014156,0.027351489534792852,0.1532576820823345,0.04368627068075448,0.09753639729219533,0.05373154750648194,0.12126783930057514,27,False
