ID,strat_res0,strat_res1,strat_res2,strat_res3,strat_res4,strat_res5,strat_res6,strat_res7,strat_res8,strat_res9,ancestor,alive_at_end
0,0.09607948186548433,0.041623629140917204,0.02319118447653771,0.12014272828449397,0.13208674973599757,0.3572520985662617,0.05239181796960308,0.002797009482164704,0.10372347385918489,0.07071182661935492,0,False
1,0.08242393566879112,0.029359138691622107,0.0036877665065892084,0.10821828262587904,0.1366516895176629,0.37165699232767024,0.06982325689190691,0.0,0.11648536609831098,0.08169357167156745,0,False
2,0.09098032578693296,0.053330260186482764,0.021801982051804805,0.12029221076882865,0.12479892402322602,0.34637173150112077,0.06307141426326376,0.0,0.10947251134174839,0.06988064007659203,0,False
3,0.06812458329883449,0.02993562866270678,0.0,0.10620303477952504,0.13740429853582656,0.36535370539264966,0.08653052696493371,0.0,0.10879742356405697,0.09765079880146688,1,False
4,0.07078487686068452,0.031913422406057323,0.0,0.10354842568338771,0.1421742182586818,0.3697395403967668,0.0645282262783234,0.012071684665121239,0.1259720945763211,0.0792675108746561,1,False
5,0.07458768410374127,0.02022235281858548,0.0,0.11520360865812126,0.1387551566786024,0.36787096665897884,0.07306276913155679,0.009490552439866108,0.11655451451826948,0.08425239499227839,1,False
6,0.09330762060172812,0.03304476703377367,0.012117708737183047,0.10343923502730366,0.1299089294345066,0.36795368692942676,0.06764094082533925,0.0,0.12090082364403429,0.07168628776670453,1,False
7,0.07508784091071195,0.013199105204633889,0.0242795579518937,0.09927723388892322,0.14027323953387796,0.36916336524172255,0.09085139241456519,0.000573025049348022,0.10906999727039833,0.07822524253392522,1,False
8,0.0958489558307924,0.04934613864897135,0.006650930052011996,0.09731321639851896,0.13617668430128682,0.349448030242286,0.0635854286611822,0.013123774409040606,0.11094753266644679,0.07755930878946286,0,False
9,0.09462489517471244,0.0317355556550364,0.03196066517253259,0.12085006819892637,0.14490832685286545,0.3604455614397855,0.04968144731065402,0.00329549429631522,0.08901965581169967,0.07347833008747241,0,False
10,0.08265531028028035,0.054219817567036775,0.03520402316872722,0.11393885059571376,0.12373525862003172,0.35752870818354754,0.055363672794209985,0.0016407613444776618,0.10378166688918837,0.07193193055678661,0,False
11,0.08451548388387087,0.06117843198936694,0.017162040348994795,0.10278021394181856,0.12768626013979942,0.36171116532289654,0.054137117537592046,0.0,0.1135421857607513,0.07728710107490948,0,False
12,0.0821753446520713,0.05924711176831841,0.030226471862318086,0.12366660560708236,0.11592424445989692,0.358169094665346,0.060205393199136786,0.0006933580070205823,0.11431071188091924,0.05538166389789034,0,False
13,0.09550974123544523,0.0576095695022952,0.01517413706212018,0.11894402071846012,0.11231434053134119,0.34962120232255844,0.055634398969089775,0.006744318547110447,0.11025841837769719,0.07818985273388232,2,False
14,0.09049899133279407,0.03940136284193129,0.023255332398346817,0.12465142241028321,0.12833539060293706,0.3553468510711045,0.06915797784034107,0.0,0.1095804801080035,0.0597721913942583,2,False
15,0.09526258226612315,0.013184719550706383,0.006232455073341362,0.10688260964791511,0.1419655330665115,0.3668314658760041,0.07080684697304523,0.0,0.11616993122501597,0.08266385632133712,1,False
16,0.10664848787371518,0.01831547431119706,0.04817638737508741,0.11861169396012751,0.13687791210658593,0.34801660513095944,0.05727443810169051,0.0026819266677220468,0.10174310217497315,0.06165397229794169,0,False
17,0.05836194958364278,0.03452384192631003,0.0,0.11744774593688208,0.13569131186327035,0.3748012652358195,0.07709409291558529,0.0019187086285617234,0.12698565864742872,0.07317542526249951,4,False
18,0.07565105652466166,0.029760578049766253,0.0,0.11188953839164151,0.14490388335923762,0.37272719899785206,0.06463367695022394,0.0008561999585226967,0.12930723967656468,0.07027062809152966,1,False
19,0.08044143471406355,0.058799176012436324,0.027322412127015156,0.12890030936031274,0.12576065644851958,0.3410193245899633,0.04168729833679041,0.008780238163219805,0.11155832694957638,0.07573082329810263,2,False
20,0.07569467950678392,0.02662983778700406,0.006815307149811188,0.11178431833158185,0.13092294585417166,0.37193142223941966,0.07139999565805745,0.02287650428216155,0.11034341530690375,0.07160157388410478,1,False
21,0.09803474421388036,0.03856327695459295,0.02279545139090101,0.1140045143637686,0.13075355508597028,0.37280933489835727,0.05637221917136153,0.005810283874694153,0.09287962005725614,0.06797699998921784,0,False
22,0.09063849978132324,0.046754280195343396,0.0169655074823236,0.11817705263549846,0.11883530191787098,0.3585265012822674,0.060324987859380244,0.003571925186433905,0.11605609487507192,0.07014984878448675,0,False
23,0.07665546121173344,0.03325921436338539,0.027206884050825195,0.10560720972018539,0.12431782297821638,0.3785372466972073,0.05673050123548106,0.0,0.12255161885067195,0.0751340408922938,1,False
24,0.0721668359432261,0.032575606590772306,0.0,0.11363211535182356,0.12894242037912151,0.379696004580065,0.07754263272038144,0.0,0.10889582350708718,0.08654856092752271,1,False
25,0.10037789626380061,0.05594248252899005,0.020118198793704134,0.12186007561540477,0.11635543351267778,0.33848825963994156,0.05724064410649709,0.0,0.10845080614333936,0.08116620339564466,2,False
26,0.0778004843889806,0.0308368012972486,0.0,0.11832598596327545,0.12849791533096158,0.3816236686850338,0.05207329246532759,0.007225906433294866,0.12271554776278117,0.0809003976730963,1,False
27,0.06301766049350797,0.036161435655647264,0.0039332364134937155,0.10862212747907331,0.13411173376206434,0.37985799436815576,0.06713855653644774,0.0,0.1277630814135783,0.07939417387803163,4,False
28,0.0947119361415559,0.021592885616115276,0.035113297358777946,0.1213193135772707,0.12815196300481038,0.36334476555768824,0.0625791159284529,0.0,0.11165353461753526,0.06153318819779324,0,False
29,0.09331545417082383,0.05396032227424632,0.026630353278733924,0.11042491556816796,0.12531775344624843,0.3607450940263405,0.06465049259410952,0.001018186046768238,0.09741484237772069,0.06652258621684058,0,False
30,0.09064615222684017,0.037319408180782644,0.025157165865570125,0.11666498343445421,0.13180789495934583,0.35816554369777454,0.06640498858246087,0.0039148255428519815,0.09487320571993563,0.07504583178998403,2,False
31,0.10574223777183185,0.027568201484623054,0.015630845392710174,0.11324874871012873,0.13465928105138714,0.341239347408593,0.07114760751025866,0.0,0.1142953759764295,0.07646835469403801,0,False
32,0.10080467501080115,0.05893944411146087,0.008247091565131462,0.11202987101485358,0.13036195771722586,0.3770439647881063,0.043778525783570256,0.0,0.09942493760423185,0.06936953240461867,0,False
33,0.08076806682967262,0.03993815367714576,0.006417140592144096,0.10403558408558344,0.13961303627236663,0.3558660095227383,0.06616571324601714,0.015497038319026797,0.12650809989020176,0.06519115756510334,4,False
34,0.10183198749860586,0.048925110603147096,0.021801182143323154,0.11115920745303948,0.11527682774214212,0.36807227525137,0.06361874081416108,0.009654307946650485,0.09248758303922633,0.06717277750833449,0,False
35,0.09731323890861698,0.059876786266658766,0.0273869985469387,0.10086922719608878,0.12463440299548896,0.3465599209221957,0.04585171180847076,0.015968530605733288,0.09993098154036761,0.08160820120944046,2,False
36,0.09430444425478145,0.028191923033224903,0.0,0.10958472344888515,0.11744223009056391,0.3587986134078798,0.08244395944335038,0.00019603010341976747,0.11955111329104545,0.08948696292684914,1,False
37,0.09331789666340704,0.034343832517755433,0.04123358604540779,0.1187543919181928,0.1462224115789126,0.35238641093736767,0.048088142068452154,0.0,0.089070185322027,0.07658314294847744,0,False
38,0.08700354295521152,0.06023015016178722,0.02272596386445572,0.10998391993695783,0.1214608187119412,0.35087734938463333,0.08111086853258125,0.004600493077518591,0.09449273000113612,0.06751416337377715,0,False
39,0.09086593052884098,0.05444412151568049,0.033536063200138355,0.12335674070208595,0.1230069671234413,0.3431292753999824,0.05704373226615361,0.01246171411862799,0.09994535476549904,0.062210100379550076,0,False
40,0.09321061479188335,0.023704705927185397,0.009621021139724666,0.09181853508835205,0.14509623863828877,0.3522467937953102,0.09035916648320659,0.0,0.11287652172962886,0.08106640240642002,1,False
41,0.09295787822465502,0.05200590333142396,0.01319815093762609,0.11638916276002541,0.11270617433074001,0.3467633994779051,0.06877388712791478,0.0,0.12174372647287035,0.0754617173368392,2,False
42,0.08878941368341735,0.055790094893564235,0.027779654311446658,0.12059239765080004,0.12638178478981185,0.3351045560031534,0.06104561206973087,0.0,0.11105598342535146,0.07346050317272412,2,False
43,0.0876289511725802,0.03894983232268682,0.04428140743525531,0.12429607473554825,0.12938303398325657,0.33700482942479976,0.04104980857920871,0.009971226959760871,0.11435138767308414,0.07308344771381933,0,False
44,0.06577721122383617,0.03271918073852473,0.0,0.1099454034209515,0.1388589473195825,0.36688414878864495,0.07615698612440332,0.021728514997167665,0.11825252436158039,0.06967708302530892,4,False
45,0.09544455034495784,0.057348571927395606,0.02182461237234872,0.09799672206666991,0.14639639478725458,0.33824465580932606,0.04021159269833959,0.0,0.11725408081092345,0.08527881918278425,0,False
46,0.09991249473744808,0.04764567295121418,0.037420209804788745,0.1033315452667912,0.1092586522581006,0.3523590221311862,0.0646621990836907,0.005641357949401278,0.11440710120923947,0.06536174460813951,2,False
47,0.10201312887303267,0.03541501928004409,0.019724053936903393,0.11187936174253933,0.1325951647808994,0.3734306011201687,0.05157102755768853,0.0,0.10505309253092714,0.06831855017779681,0,False
48,0.09607973298190671,0.03187574679227604,0.0,0.11895241312426211,0.14151390770191566,0.35869178652695904,0.057689212989585195,0.003746742273107764,0.11913734756562025,0.07231311004436729,0,False
49,0.11105799082665849,0.041913223072665186,0.029966747380547058,0.11812723968850432,0.12093902021458137,0.35754956206730626,0.045150478107949636,0.0018990590778556024,0.10359347306060802,0.06980320650332408,0,False
50,0.07101057570383598,0.032307341857460176,0.012768321714478358,0.10046226904644033,0.12257693319856237,0.36942283576409896,0.051024053838471264,0.001258664706689404,0.13013528302317615,0.10903372114678699,4,False
51,0.07603898425057803,0.05491930846513227,0.029436795967212718,0.10848331317112415,0.12884065964121438,0.3604189035069171,0.06306113052845853,0.00021857787321510642,0.11569045347160781,0.06289187312454,2,False
52,0.09547791835329938,0.051450067450699924,0.02440020275275758,0.11614626352989019,0.12938418995023906,0.35561361825239346,0.057004514560558744,0.0,0.10022734875099155,0.07029587639917007,2,False
53,0.06897829063235651,0.045060265724270646,0.04028324609013543,0.14051259072097516,0.12145931461245803,0.37233939140876826,0.04143890251383702,0.007124809458209024,0.09478132140262871,0.0680218674363612,0,False
54,0.09055822440288258,0.051052255091360584,0.041770135521168886,0.12057544565280622,0.14226083703442732,0.3323122344919626,0.047157469472547967,0.005362056321893881,0.0921082059734725,0.07684313603747733,0,False
55,0.09110486766712332,0.06245865461279285,0.03476536216019087,0.09934277236188757,0.10620674268079565,0.34781602483428126,0.06366838661600184,0.013881754052787396,0.10594940019592117,0.07480603481821796,2,False
56,0.0794727227532626,0.07145429220319754,0.02472917656787103,0.13718098533751577,0.1247536573109232,0.34707666113671537,0.07287855019584889,0.007053084095588014,0.09811893989106184,0.037281930508015856,12,False
57,0.09320229165470541,0.05643220562539171,0.02924275935769329,0.12007244083888877,0.11729656380134315,0.3543506326427731,0.0494530070284822,0.004429959618280456,0.10795567893897005,0.06756446049347203,2,False
58,0.07101726009216078,0.024567878021381915,0.024738514365028483,0.08801980020865556,0.1446760128968041,0.3688290079160861,0.08715504511218312,0.0019085847741847565,0.10739110875622322,0.08169678785729179,7,False
59,0.10314781688082984,0.04758246975716556,0.03119184829742908,0.1291859078749352,0.1327748997779624,0.34325268201754594,0.0569533267538165,0.0,0.09448906955506363,0.06142197908525181,2,False
60,0.1004988172175501,0.06152688270653223,0.011589884738619652,0.11431510848530764,0.1352018200717458,0.3555861556820623,0.03105286935090256,0.0,0.09916947152621432,0.09105899022106537,0,False
61,0.09361648291281396,0.04473062032821682,0.026017720790654415,0.12923610559746493,0.1332684791190742,0.3523461176663351,0.03909031082807866,0.02271139772346813,0.0953296301628988,0.06365313487099494,0,False
62,0.09986903232371963,0.05617380332955699,0.01587336711579031,0.1102608797718942,0.14587089159767758,0.34877218288265605,0.050620484404663636,0.0,0.11034065819938017,0.06221870037466146,0,False
63,0.09323860081800243,0.04922244332648739,0.018018184915769456,0.1202342476995568,0.11500560024940992,0.3725775668073221,0.05318345717591316,0.0006237461860029823,0.11983586508070918,0.05806028774082654,0,False
64,0.09060772189442239,0.03362096569179143,0.024501910523814306,0.11853848491407477,0.1272384444007495,0.34391408248702665,0.055646868582535876,0.006313998316287825,0.11362797588235074,0.08598954730694662,0,False
65,0.1084768995247235,0.057167246161161436,0.034645543499119025,0.11554558500973791,0.12785354358336215,0.3479496843976559,0.04448832844117778,0.0020364620142089753,0.10671614522193681,0.05512056214691632,0,False
66,0.10008590420343853,0.05323504248032005,0.010528472224515606,0.10720733189543417,0.15228837338113954,0.35810363808374635,0.036353515580335394,0.0,0.1064764602739984,0.07572126187707194,0,False
67,0.09388258114204684,0.04932918482957026,0.05126889563939384,0.12622600141853707,0.12084687654936617,0.3395116836305344,0.05303263742336019,0.0,0.0899093852550887,0.07599275411210245,0,False
68,0.08105536497864554,0.06264905356811967,0.02162931546486786,0.10782196227953682,0.1325686518768537,0.36144141190125956,0.054769947849771856,0.013862089771745276,0.09280833004852133,0.07139387226067832,2,False
69,0.09999710631005265,0.03803676453960118,0.02330460705866542,0.11531446795066,0.12586183045023827,0.36425360550875524,0.0659500909728416,0.0,0.09989502939902985,0.06738649781015578,0,False
70,0.09761682211308632,0.04672869275826324,0.01257017956673512,0.11945657676069844,0.1311779836532042,0.35599983979130767,0.06576068723659449,0.0,0.10322276022864076,0.06746645789146968,0,False
71,0.07845819032856757,0.038681984999992765,0.02808371277118939,0.1100915443020648,0.12433428792337238,0.34536125372157467,0.07678447751669394,0.004060762564550208,0.12042298760750565,0.0737207982644887,2,False
72,0.1005429701897618,0.03353820971432898,0.030813089989329197,0.1138897673167015,0.1339546075958083,0.35765837685585866,0.05656771140712395,0.004997158619781696,0.08035710088953221,0.08768100742177382,0,False
73,0.10369776637478736,0.05442646382199852,0.02271390141047943,0.11954222092000248,0.11255286804137953,0.34748369631462,0.060294373879654875,0.009276127272196009,0.09487210679711286,0.07514047516776899,2,False
74,0.08576175754543555,0.06290967399447553,0.02849143862295614,0.11340665456999091,0.12226390006833072,0.33611645398044554,0.059846243887531306,0.014102453897754035,0.11346675633811376,0.06363466709496644,2,False
75,0.10982852065501048,0.05712951766782889,0.022959564668178292,0.12386122471999256,0.12013973008506532,0.34527965588463655,0.04723053317499328,0.007182986382625494,0.09326261580356718,0.07312565095810193,0,False
76,0.07976738793953086,0.0504843441165374,0.020552210315430544,0.1174989821641663,0.1302771637824833,0.34966133388102394,0.06626210598816283,0.0026742230016716627,0.10877402884849675,0.07404821996249636,0,False
77,0.09415857195007293,0.05052357176766294,0.03408358313862271,0.1105592667907443,0.13714879808996297,0.3342991064718658,0.06476025091578518,0.0,0.09414550436749454,0.08032134650778866,0,False
78,0.09404958254721882,0.05824669207923913,0.02866544636779887,0.13161710964628415,0.10683205847671065,0.3319858598713256,0.06661519179277525,0.0,0.1101209297159517,0.07186712950269585,2,False
79,0.08094895486678926,0.04146129313463645,0.03620541476058874,0.11343474412512215,0.12777208316747798,0.3488640888369818,0.06157934019801694,0.018513925922395837,0.102911477715085,0.06830867727290577,0,False
80,0.09620244569621521,0.03364358172227199,0.03436622759162928,0.11653632186866388,0.12383485066687167,0.34478244566727073,0.07102358765486287,0.0,0.10012463523148601,0.07948590390072835,0,False
81,0.10295557480151744,0.029887263494406353,0.029338899907971214,0.10605753955536773,0.13345829023242414,0.3779387784069342,0.05232474466225327,0.0,0.10793132310418507,0.06010758583494049,0,False
82,0.09905918068346235,0.05113617990493909,0.01954933127702443,0.11516053365718418,0.11430755691658409,0.3751075909150434,0.03268248295512172,0.008555605371729724,0.11188429401216202,0.07255724430674898,0,False
83,0.10134725760316189,0.06278563092689873,0.023525949779049177,0.10292443580261663,0.1255154367852498,0.33649136438403815,0.060936654607006494,0.0,0.11059093174011231,0.07588233837186666,2,False
84,0.09670956562723534,0.05700433127076886,0.0196224538523098,0.11538381059812873,0.12259540114372074,0.36024366233094135,0.0470570647971712,0.01054351323531865,0.10094305712962963,0.06989714001477566,0,False
85,0.07964529222134231,0.06262893670632193,0.04761865392745593,0.09569638023153543,0.11735498648561471,0.3348884571957306,0.06354060332919496,0.020461900826163313,0.10323929199216471,0.07492549708447628,55,False
86,0.08321977894582358,0.0642397422885979,0.03280297866815071,0.11877915457081274,0.11083559624482764,0.33228053401727087,0.054643802908604926,0.014410798693813325,0.10994072825532107,0.07884688540677727,2,False
87,0.09115802393181101,0.03125705598526221,0.03118757048440635,0.12260916779616274,0.14326889650180177,0.3515143208168654,0.044007283519741994,0.0,0.09429591520894184,0.09070176575500673,0,False
88,0.1018071515582107,0.0459628348512505,0.019217983788994086,0.11796209358472995,0.1241469927850697,0.35773114808395545,0.05026759812311733,0.008826389224250665,0.11335712224875716,0.060720685751664366,0,False
89,0.09178790232377859,0.057782029441260166,0.01960328578943579,0.08742648441980361,0.1225919977436808,0.36554245996460283,0.06144413337426326,0.0015094298657410343,0.10410734871987826,0.08820492835755578,35,False
90,0.09687694776276555,0.04665084077406915,0.016028816328509825,0.11228892832933132,0.14145203675352494,0.34660091767986545,0.06275803478666174,0.0,0.09842535344624116,0.07891812413903102,0,False
91,0.1041867541349105,0.06132083440428577,0.01890277465389737,0.11222365823443946,0.09971788885064158,0.3613073350671444,0.05346987876053124,0.0,0.11584495882284966,0.0730259170713,35,False
92,0.09641345113322239,0.03104236005835193,0.026228414163897238,0.12197194020772333,0.15772577279763864,0.3478690073349871,0.04695696391499958,0.018860610980971308,0.09240657289758679,0.06052490651062166,61,False
93,0.09584856998901004,0.04146417221442435,0.03190652152129018,0.12827789544788054,0.13750070469780432,0.34294768870677333,0.056683873002628046,0.002764713410975268,0.1057633061917992,0.0568425548174147,0,False
94,0.09712082584037485,0.057712457668165844,0.014668083340623217,0.11068498387970624,0.12855598286639316,0.35337682354876365,0.04239389005857608,0.016231648370390577,0.11500984763728236,0.06424545678972407,0,False
95,0.09289490174715272,0.05276965506138718,0.04480840705870332,0.09673880003265523,0.12371422353691303,0.3355937171873171,0.04744217090964275,0.024813963618682718,0.0829315382228604,0.09829262262468562,35,False
96,0.08628419296275634,0.032868589160153436,0.040262735783789444,0.11486648495022427,0.13825081087947508,0.3266075745203696,0.041513586771600074,0.011180123320882985,0.12823408866631572,0.07993181298443315,43,False
97,0.08360345041236249,0.052640098465084786,0.03820475347988984,0.15214281198745988,0.12558997141197606,0.3716571912633943,0.023581775955657757,0.0,0.09137747726699035,0.061202469757184526,53,False
98,0.08021722541203861,0.060523317408787226,0.027841842866920086,0.07974935739659672,0.10043187645303717,0.3555791319421456,0.07608033639650436,0.013620804426576495,0.12266299931457933,0.08329310838281437,55,False
99,0.1072514720518977,0.039876107423685594,0.04151824113767171,0.11290715583512512,0.14257033716303377,0.3219082175267653,0.04954405242106539,0.009554768132741967,0.08854220498309573,0.08632744332491772,54,False
100,0.07427401658060831,0.07432367179715572,0.04525247780221595,0.09378444136214897,0.13443505067151004,0.33369630514540566,0.07350130294392512,0.014058548941321174,0.10003038521681082,0.05664379953889828,55,False
101,0.08114979518469939,0.027061887313128478,0.045459687930327675,0.11952548506343459,0.13259639491349803,0.33757933590792205,0.03850632565640713,0.01965719929731864,0.11634980300406714,0.08211408572919693,43,False
102,0.09414250258980877,0.06049199285773653,0.04428698304770976,0.11739772073424795,0.12845815349196582,0.333211078263132,0.03148019223740353,0.01686198311513044,0.11282129649525328,0.06084809716761186,39,False
103,0.08151501242126546,0.03970561049626418,0.018794841744258394,0.13325435381450515,0.1360745527032417,0.35242614099908603,0.03282848461856284,0.028761789752040523,0.09271797608958646,0.08392123736118923,61,False
104,0.09613399798633675,0.06590305929971206,0.02268161906441587,0.10694232048842225,0.12879832743353026,0.3493476142647008,0.04918729033881597,0.021277592194086183,0.0879339628249056,0.07179421610507418,35,False
105,0.08009311588960921,0.04236454948821582,0.03277883434876836,0.13203288615461686,0.13775308818824739,0.3546617134286517,0.0520150902396791,0.01826975130474118,0.08910087181559834,0.06093009914187202,61,False
106,0.1044301819526404,0.06498112368161685,0.023592028675958096,0.11039449468826784,0.10861447525002352,0.3527785224512807,0.046239355397374275,0.01327324507291156,0.09048730238682538,0.08520927044310145,35,False
107,0.09342932425982592,0.046442142291586844,0.0358008974485508,0.1325056982310278,0.11908081291608887,0.35439418908929726,0.031107440015190994,0.0227070339693198,0.09006171817974155,0.0744707435993702,61,False
108,0.0944026215292807,0.04330402925506982,0.034851970948151824,0.1287040798860177,0.12418000377182921,0.33385371920103224,0.050458646678017194,0.01929454709591683,0.09714029006062319,0.07381009157406127,39,False
109,0.0857848957886981,0.059148127533112965,0.04255493702464363,0.11459780955556813,0.11485081944802927,0.3313732757901689,0.037495587100631216,0.01423520765801889,0.1297674030287872,0.07019193707234152,43,False
110,0.08863448536253726,0.05964366359952482,0.026014975934945346,0.10173884194822298,0.12056143180557943,0.35364856366987013,0.04288257350081648,0.024364326502217988,0.09682795863792044,0.08568317903836525,35,False
111,0.10570354451432903,0.04472339589801946,0.021964748291750647,0.10848145592137569,0.13850247176025615,0.3683530186813748,0.02822164564451246,0.015270864278380553,0.10454554810424517,0.06423330690575595,35,False
112,0.0820253304339645,0.04819312852719828,0.06429785134004067,0.11971688207723899,0.11315993706642616,0.3445725509511896,0.04592358126051095,0.004228086681872538,0.1057341145755021,0.0721485370860563,43,False
113,0.08864541468672855,0.06792958077054548,0.02978013542221742,0.10606604422898017,0.11984821353933968,0.3263657960607318,0.0577268894417074,0.017171059191908044,0.09181862322399723,0.09464824343384444,35,False
114,0.09947679243369643,0.05436139192763111,0.033481533744945134,0.10579399650853866,0.1130385556205167,0.3491609645494842,0.051938847920424476,0.017961387527652497,0.09550313175795426,0.07928339800915653,35,False
115,0.08139435835391495,0.04731314313277974,0.05137151596875277,0.11802016126028467,0.1203295697583494,0.3635663101452687,0.03802958301636163,0.021688987095352417,0.09725549595357383,0.06103087531536207,39,False
116,0.07907536168395991,0.05983412827330342,0.043809045414293334,0.10822315111926438,0.14112076629893916,0.34282461970895817,0.052537803939617586,0.009365479532391138,0.09158315971185882,0.071626484317414,39,False
117,0.09795545013383349,0.05782937404100733,0.021557456116268137,0.12471176109325842,0.12477966081785055,0.3256596578859876,0.04147735600326672,0.0401400898468641,0.09548303804645175,0.07040615601521179,61,False
118,0.09576373938210543,0.06768984800274876,0.040469919495710924,0.09937547520489312,0.11943292929042694,0.33342335511244964,0.04357139735681988,0.02760550964457531,0.09526131135203128,0.0774065151582388,35,False
119,0.07970847003220567,0.04436545954752641,0.030657053450494152,0.12085065570885387,0.1366748040741821,0.34115892841346557,0.03844442688226052,0.009811522059185786,0.13574914222903528,0.06257953760279081,43,False
120,0.09096794724120073,0.05683116821398203,0.02548662895049232,0.10237738913035793,0.13799504874838986,0.32996293079285016,0.054840307930488906,0.02707714551686461,0.10541641875075099,0.06904501472462256,35,False
121,0.10600532158741974,0.0804046014884193,0.011125571096975843,0.11483900619597279,0.12344785133970884,0.3364892512284714,0.0320775975448143,0.022929608090863002,0.10098712366280704,0.07169406776454763,35,False
122,0.08601725570543993,0.04363927310529387,0.029277128932180818,0.11321094789584994,0.1295214712105429,0.36993333192139605,0.029296412820769918,0.02904301799757025,0.09876479180768685,0.07129636860326946,61,False
123,0.09613001428430401,0.043495042664941606,0.03476825921752853,0.10950713931963357,0.13621139507901275,0.3617919396190182,0.061385056804927625,0.016053033964984708,0.08989292540089686,0.05076519364475212,61,False
124,0.10940854713662444,0.051402322903579795,0.04144616289007128,0.09007563795937094,0.11745689814330615,0.32821081924136425,0.06078521403618039,0.008684613352522302,0.10730008206411229,0.08522970227286818,55,False
125,0.10850340571884329,0.045974192184015036,0.02462504976575969,0.094540765128354,0.12378031244682244,0.34074811552248524,0.04995955836399725,0.019572344859659738,0.09508314662473882,0.0972131093853244,35,False
126,0.08901993754285652,0.059516002025798063,0.022841174538322358,0.13169391775421277,0.12649634092386855,0.32909003386215435,0.0496825621311823,0.00876166108924171,0.10018173252822182,0.08271663760414166,39,False
127,0.10020346319122905,0.05955126027665771,0.03472935635867781,0.09072858444681514,0.11577527921695813,0.3480912763828916,0.05598115328899124,0.016258086391830563,0.0863136255867942,0.09236791485915459,35,False
128,0.09669639035228249,0.05536556507596513,0.017420886666261723,0.1262274417648492,0.1415086793930356,0.34001276654797036,0.0346710241780659,0.017251533771011972,0.08464440036856206,0.08620131188199548,61,False
129,0.10274485800881981,0.05279495095017366,0.027136340229185242,0.09381066986077992,0.11611791953372765,0.37463475462828744,0.05759913796064329,0.008884116808838483,0.09771894938540063,0.06855830263414377,55,False
130,0.09612072940329731,0.033750528992011204,0.03905141001322136,0.12288435144678322,0.11744865999366366,0.3721485913809531,0.02843683084387125,0.012567433468282744,0.10647125913227257,0.07112020532564359,61,False
131,0.09100493830448012,0.07060641300108624,0.033538399635220685,0.10364846713023589,0.12366749009093746,0.3446889713455749,0.04005930902502609,0.015522185963522183,0.08714621697889462,0.09011760852502175,35,False
132,0.09813695424693732,0.03753137551834322,0.005775770729803119,0.1395728192488964,0.12285884604005307,0.3526035277989974,0.04968054637456195,0.026758078936325518,0.10467342936962645,0.06240865173645574,61,False
133,0.0876694784502157,0.0590036378266417,0.019231238353467725,0.08874358627808616,0.12696787625256375,0.3485547915856843,0.041923816593825464,0.024978326642274354,0.102532911444448,0.10039433657279294,35,False
134,0.10156981919505896,0.029872309222368935,0.027732586875060427,0.1280787909685165,0.13026391335704124,0.3478789873242884,0.05076499501572632,0.005542591447694492,0.10430081256959217,0.07399519402465263,61,False
135,0.10089082877649082,0.03178271147469944,0.037106757953383765,0.1283595404062559,0.11608402190741737,0.3954787834861448,0.025330679872725928,0.0,0.09576263077108407,0.06920404535179789,61,False
136,0.09561571007785649,0.02933931877484198,0.019588564171404928,0.13683133405524447,0.1368524367599675,0.36382487869116625,0.053051096584077674,0.017203752490670066,0.08157505327724224,0.06611785511752849,61,False
137,0.10464201268360973,0.0566674298037506,0.0,0.13528896017559106,0.14167603494136405,0.34461537876804466,0.04513765968553678,0.026629235416700012,0.08446266085986028,0.06088062766554285,61,False
138,0.08839039583410606,0.045109925063393,0.026408968669436098,0.12852170956483852,0.12431137548202256,0.3473192592141336,0.05544698256373858,0.024724809174723326,0.09402937883201111,0.06573719560159705,61,False
139,0.1008242766908291,0.06176520482835106,0.017924615566701687,0.133049547554446,0.14960403437749664,0.35600054384195723,0.04025757715235544,0.007756806489644393,0.07979799417683281,0.05301939932138556,61,False
140,0.09146613878583187,0.04637430591830043,0.04320311091212269,0.1251892042547379,0.13183897371058673,0.3607257152525614,0.029403291806614305,0.013006940834587368,0.09518474382039266,0.06360757470426477,61,False
141,0.08519826737100644,0.05673108719344405,0.012092956908210392,0.1334878438657682,0.14226541776837057,0.3577689836610326,0.04867167134100882,0.011129252458972604,0.08547909783554174,0.06717542159664454,61,False
142,0.10971024980113783,0.046772350407607605,0.02615018407732816,0.1319022086612965,0.11540453438090445,0.3606757070358875,0.03932813173512263,0.005933207536175928,0.09867094142648758,0.06545248493805172,61,False
143,0.08412938558235275,0.03540395245627893,0.02959746735751807,0.13564074592958833,0.13121009233854508,0.3579526828253601,0.05821546028042349,0.028730423047188657,0.08339999816163877,0.05571979202110588,61,False
144,0.08868930705804735,0.04681045724889392,0.025006005217484834,0.13179822298225694,0.1320434240314226,0.35292615123612486,0.0311157012802653,0.032206571490519795,0.10120368618344383,0.05820047327154052,61,False
145,0.09597773914574853,0.021980657540756517,0.021413388994860477,0.13011909867240304,0.1368863215292658,0.3596958642135206,0.016804735105619945,0.0428651903349958,0.09744306233656805,0.07681394212626126,61,False
146,0.08739971916179419,0.07012633673667178,0.046123158218776904,0.1053768223897059,0.1201041272664147,0.33930927855562504,0.046800654471027985,0.0,0.10617048872777578,0.07858941447220771,35,False
147,0.09010820355335154,0.035514948712777945,0.007637545667923394,0.14218967855901535,0.14167940776172724,0.3753693910300916,0.04252240619016577,0.0123854388015558,0.09348281823724378,0.05911016148614768,61,False
148,0.0898573047266252,0.05892781228588579,0.02632313302433078,0.1289870315090263,0.1419445748929164,0.3541491532033921,0.028737189226438014,0.009226867913244122,0.1028091936590847,0.059037739559056876,61,False
149,0.1008281704648149,0.055161041586439356,0.016631496828237575,0.1312797224163728,0.12821741091597885,0.36039349821305844,0.02478027155093716,0.02850959849592656,0.0937163110797289,0.06048247844850561,61,False
150,0.08990627368738009,0.03814830847039548,0.0328137359972868,0.13189840077159604,0.12776696522362638,0.35885600778375765,0.060961179629788274,0.01727730860511483,0.08478517673891242,0.057586643092142197,61,False
151,0.09438500398169983,0.05094622601123627,0.053434886215299675,0.13150993683879225,0.12787770588303882,0.34149688748776497,0.03255001898345511,0.00956525315608653,0.08474850469274692,0.07348557674987945,61,False
152,0.0813076056511984,0.05409107230706112,0.026568574229214256,0.1099258655262924,0.11652747816927927,0.3668560421825578,0.04873993701039355,0.012525616629706974,0.1052202196483524,0.07823758864594381,55,False
153,0.08972324634229932,0.046968256655358614,0.027559849391694747,0.1340247430442785,0.11997383624617307,0.3548289537903483,0.048805094214928124,0.016544565271586348,0.09978463299873756,0.06178682204459544,61,False
154,0.0954487155676126,0.04699156007131654,0.038406625946407404,0.10602574970970738,0.12062204559110422,0.35062699714014534,0.03739980471743228,0.040124497800891445,0.10854695107953,0.05580705237585291,61,False
155,0.09401355509455035,0.054377220932313335,0.031724970252188456,0.09798711668867875,0.1368761375259453,0.3524269312380759,0.04588144088348413,0.03194807024199986,0.08380822130064305,0.07095633584212081,35,False
156,0.08738383299177341,0.03642556017072011,0.029492495626931365,0.13340766600683682,0.12467924555173758,0.3481427322609651,0.044503903708255736,0.02417267743177599,0.09652664963712712,0.07526523661387682,61,False
157,0.07987221609093938,0.048443555308096936,0.007672747261832412,0.12821511097554217,0.14590715455449593,0.35196395524049046,0.0624108819264407,0.015294889819181291,0.08856340531290677,0.07165608351007403,61,False
158,0.1017773066210174,0.05355690109565942,0.03546354648171739,0.1147378559002138,0.11837200706417446,0.36333080368501053,0.058380281937292514,0.006695533796326585,0.08476107815684997,0.06292468526173793,35,False
159,0.08833632230674955,0.045432379478231505,0.014170981983586588,0.13871306132254393,0.13234288897701532,0.3427630342019555,0.038303162030007845,0.03066510983616445,0.10128659713793807,0.06798646272580726,61,False
160,0.11169146720559062,0.040243469030496797,0.03842570772102139,0.12026400210890205,0.11884421048953459,0.35938180383947976,0.03949041109611238,0.009799467181252847,0.0990728312015168,0.06278663012609287,61,False
161,0.09247025543147158,0.041261012085122076,0.02126657289193147,0.14768883743330619,0.1369103248184816,0.3276941079317226,0.04976600451382659,0.018019900568371647,0.09737484433971967,0.06754813998604664,61,False
162,0.0794112760649733,0.05101877475119903,0.03315525496092648,0.13730826913569538,0.14445437009889864,0.34240238555691455,0.049621274029603035,0.006711919273920653,0.09203400051454537,0.06388247561332361,61,False
163,0.09965254574616808,0.057573969195630355,0.030014486134025683,0.1081083299155206,0.1313363742067757,0.32993824420214746,0.041299685895343226,0.02610425256883711,0.10012247748273985,0.07584963465281179,35,False
164,0.08700234756782102,0.032451340139878576,0.028568108240507355,0.12170296248412159,0.14504174363198796,0.3785261588649007,0.03729475794474566,0.015923748052072792,0.0924998217942008,0.060989011279763534,61,False
165,0.09846073131536617,0.04808484959801251,0.03492600725037871,0.10407087521278992,0.10637838744753254,0.34129691632093767,0.04610937234744122,0.0324304583455772,0.1022566208171423,0.08598578134482174,35,False
166,0.09762598786843904,0.052813751350374145,0.03905640687072135,0.11447634446528289,0.12344129091690076,0.3379481996882429,0.04774572081552004,0.022896356901184963,0.10337862662996579,0.06061731449336821,61,False
167,0.09705662143699914,0.049162220866504534,0.00749946480688206,0.12283352390640902,0.12224116090707844,0.33686127531366633,0.036339343154445605,0.04457415987445482,0.09991825151702345,0.08351397821653654,117,False
168,0.09648239754807919,0.024675887608361983,0.02894194508961777,0.11757434309642377,0.1353928168369711,0.3451069034246741,0.030784250929759466,0.044077954695948975,0.09225691432211733,0.0847065864480464,145,False
169,0.09616293093864312,0.06930619125370274,0.02532208685344003,0.11166015597852903,0.12193868215729324,0.3333192194174713,0.024053436771518732,0.052138274173154975,0.10627817124985711,0.05982085120638968,117,False
170,0.08566957615391974,0.02887358879559621,0.033244137287341206,0.13764542073730585,0.12893247391004267,0.3713257778210468,0.02707408163061116,0.030070445159968817,0.10344610015191559,0.05371839835225196,61,False
171,0.10483555483751526,0.05978691652183235,0.018274194707384322,0.11117242462482269,0.12816477622765354,0.33986506394197047,0.032604756337449296,0.043115018161421985,0.0974855022350482,0.06469579240490168,117,False
172,0.09951368830186617,0.050852875948239507,0.03564693515202468,0.11893957584723742,0.13075593524463758,0.34136960774624214,0.037668537774352716,0.030888325891567668,0.09037872099341993,0.06398579710041224,117,False
173,0.10417910873196722,0.05814048005560262,0.034815170786723124,0.1278481694597249,0.11916518427142402,0.32603248789266737,0.02922247453774339,0.03392158392050436,0.08885075309791843,0.07782458724572448,117,False
174,0.08045644325292325,0.043809605424601855,0.019459821934140305,0.12279006076112363,0.12698573919422024,0.3483956441910247,0.05225735541958397,0.047976297585379635,0.0907313788948479,0.06713765334215438,117,False
175,0.09455931651851632,0.0500905022667798,0.04558727731593024,0.10022768814966752,0.125538815974754,0.3327886484298159,0.046119381255990646,0.00654822987611068,0.11056691101816417,0.08797322919427072,35,False
176,0.09351731324743147,0.0526816774221232,0.016144511291865615,0.13464930709361891,0.12493827258990951,0.31936907248270024,0.046317176660053735,0.052863366873540964,0.10438137459719722,0.05513792774155919,117,False
177,0.09768211315643176,0.06797881249769784,0.030708049047923888,0.11632030389510782,0.13085322331467464,0.3181075741316223,0.03899539862250516,0.042029826451368976,0.08474603443958577,0.07257866444308182,117,False
178,0.10525832439136495,0.07308914706045092,0.0010477750468200233,0.1346306108072314,0.12741433201705815,0.3117607573896872,0.03672816609374507,0.05160316084151936,0.0895885289963148,0.06887919735580804,117,False
179,0.09844626446836031,0.05260678431053571,0.011197260593761416,0.1270078248690766,0.1340065110940542,0.325544420214173,0.06248566776708351,0.030094261729917093,0.09524896130760464,0.06336204364543338,117,False
180,0.09301099672195175,0.06550591698160296,0.01002047693228017,0.12971185984191122,0.11564552270729853,0.3376940206024198,0.03722163188926956,0.030668679704540087,0.09750362716459314,0.0830172674541329,117,False
181,0.09886861202159487,0.06141912464114918,0.03312924168605793,0.12294957654117876,0.13724665291525615,0.31232159085666644,0.03552270653077224,0.019741797947830923,0.1012713275186493,0.07752936934084434,117,False
182,0.10105021719018181,0.0577519522387423,0.03996612576012399,0.11226431281642651,0.11505517567628941,0.33536492071554513,0.046163539532456985,0.03228697869028546,0.10116387524137012,0.058932902138578235,117,False
183,0.10780415478367718,0.05377335343766494,0.009715246030865534,0.1224861127164189,0.12122747060665652,0.32024988596129245,0.04239297805680335,0.04457607239484829,0.10848722129932818,0.06928750471244467,117,False
184,0.088078689898914,0.0575325100861095,0.011541502541572572,0.12075799023434466,0.14256221205833172,0.3532170331876409,0.038125611504922635,0.01186506044801245,0.10370724899033608,0.07261214104981549,61,False
185,0.11020459262693849,0.03675271280029842,0.02663038443375637,0.11870398909503994,0.13843853972152836,0.32681266189331937,0.04784488177471245,0.0260073480246904,0.09614848454210109,0.07245640508761497,117,False
186,0.11063969816620477,0.059847763144133,0.03754370839563976,0.12195046459988412,0.11220226188686631,0.32526737510388265,0.05260365039283175,0.03657099058251194,0.08995245369813526,0.05342163402991045,117,False
187,0.08936334147954524,0.04570278557861088,0.024987768616029256,0.12554106518963984,0.14503083176690168,0.3176434139921179,0.0305720517485192,0.050548613031466495,0.09456416499116903,0.07604596360600065,117,False
188,0.10264360775286686,0.05753897311946954,0.015201924850528178,0.11131241468647618,0.11811453965806856,0.31456101242467555,0.04442416201328368,0.050984938311197145,0.100883564084295,0.0843348630991392,117,False
189,0.10318733653683546,0.05586633754893947,0.012205934838725332,0.13691196032189937,0.12165021661283777,0.3199003858552763,0.055295486493864024,0.019229137250777965,0.0920427116264577,0.08371049291438667,117,False
