ID,strat_res0,strat_res1,strat_res2,strat_res3,strat_res4,strat_res5,strat_res6,strat_res7,strat_res8,strat_res9,ancestor,alive_at_end
0,0.17514200753375359,0.2050401889587567,0.18558911626670574,0.07562609985605631,0.1399452327924048,0.05947568696291227,0.04083252830519276,0.011018765399630004,0.07334516682998589,0.033985207094602024,0,False
1,0.15765962252751378,0.18731633823423224,0.1871791163154138,0.0800184291296261,0.13594709237533062,0.06731469433656233,0.04372108542239683,0.013063961506093052,0.080372674254652,0.04740698589817917,0,False
2,0.15142801620334487,0.17899139899307148,0.1875542646323546,0.07687306254272505,0.12926682641743942,0.07281962762485793,0.04046435442231575,0.01920325926508332,0.09810015076767518,0.04529903913113234,1,False
3,0.15634491333340086,0.19461421513701432,0.19416691943548817,0.05395857399879295,0.13013948101724968,0.06879309646148324,0.04884988984109653,0.030566281048085054,0.08797149245928028,0.034595137268108825,0,False
4,0.1735192158903882,0.2032414780378331,0.19879853666154104,0.04582748471153567,0.13813614676442393,0.06259993381883915,0.059827255166912625,0.021113589590056187,0.09017506608813124,0.0067612932703389125,3,False
5,0.16417524238725925,0.20559299165365175,0.18576876620585503,0.05502305015185741,0.15554793506080175,0.050397087690315555,0.054943691058795825,0.017993895091672853,0.0803555745122721,0.03020176618751849,0,False
6,0.15986464194701774,0.19462759267574783,0.21219382818177776,0.052759474933452774,0.13502279573614104,0.06613948702476102,0.05439971904265478,0.03250094707086418,0.07096017602282709,0.021531337364755838,3,False
7,0.16529637228648272,0.19206019484082218,0.17741034344391016,0.058963631668488524,0.1500210923122746,0.08527110286771401,0.034431324217273636,0.025597850430362477,0.06180671676551053,0.04914137116716108,1,False
8,0.15980260173052832,0.20688144355249158,0.19816181942196653,0.05112286485141615,0.13536936785456707,0.06977153166777511,0.04715491289484828,0.034823867306817254,0.06869295143153999,0.028218639288049737,3,False
9,0.1753688718440308,0.19611672931849797,0.1690224377859579,0.09293965529525947,0.1350213453685403,0.061773231446070144,0.04539786877955238,0.007560417095834772,0.07795978696439303,0.03883965610186321,0,False
10,0.1524681224302939,0.19487739458104306,0.19297130542226426,0.07771634282204475,0.13508733821142538,0.0696559892962446,0.04518932416752486,0.012314651046313305,0.0788773685465294,0.040842163476316334,1,False
11,0.17494177477888384,0.20309100965233293,0.17321501806334275,0.06618060420753745,0.14176592436042534,0.06487366991232658,0.03845748868135705,0.03670666717390352,0.06689670677204258,0.033871136397847834,0,False
12,0.17855701630169946,0.19459257615167044,0.20875746448378768,0.06198026268997305,0.14782508779525555,0.07200866585769437,0.04100371067161648,0.022502802197618615,0.07277241385068436,0.0,4,False
13,0.1600885308482564,0.17625117951220004,0.1846082493470296,0.0766201343665789,0.1036828592436751,0.08574569543450541,0.03570616080520307,0.03209793620602189,0.09324550683147863,0.05195374740505089,2,False
14,0.15043671478033546,0.18861756054699258,0.1882909713273637,0.07144344699666422,0.12851710644783454,0.05968594053997051,0.0449870811886896,0.01593922741807963,0.1022222256486676,0.04985972510540217,2,False
15,0.1633573153127244,0.21500718123232787,0.1757605264793266,0.06598304596456732,0.1451204333368562,0.03955175226368651,0.060297804049204304,0.022480887874219063,0.0875897335164909,0.02485131997059686,5,False
16,0.16851895200784134,0.20178258092663087,0.21114951402164273,0.03588592746432774,0.13404781305736804,0.0685395054311317,0.06743028126608358,0.015803940903037005,0.08682345526752516,0.010018029654411825,4,False
17,0.1472507660696539,0.19365647809646586,0.19568282543861748,0.07621118807592195,0.12809768832130766,0.07676914179380039,0.03639564024627322,0.0016826589859390056,0.09111067643792657,0.05314293653409402,2,False
18,0.16032829518625363,0.19610861391885848,0.18302118860189343,0.0868623198304751,0.1387977806581266,0.073649918209047,0.0482959874997722,0.0,0.07737200291200315,0.03556389318357037,1,False
19,0.18356588416262454,0.20971936239685757,0.16753703144253246,0.08257219747906289,0.13288719345552877,0.05710337097324426,0.0492291017772781,0.023646606120467414,0.06683853023740115,0.02690072195500299,0,False
20,0.15016755793641196,0.1823653198364516,0.1953988553024638,0.07576921526148653,0.14348366429227322,0.06494306900247748,0.06090536462530605,0.00028722728131543756,0.07181229725739825,0.054867429204415785,1,False
21,0.16738192723342396,0.2164573403173753,0.18914373755975525,0.06000463323494442,0.14184256598541872,0.07124976968360489,0.046608378071483575,0.0,0.06604290166552075,0.041268746248473126,0,False
22,0.16429677321303576,0.20894372404062647,0.180717661414073,0.03395391937326229,0.16656677397570605,0.06067721611801544,0.06555431371965328,0.022359466679720143,0.07512609973710561,0.021804051728802027,5,False
23,0.15158741635625717,0.1980991986891817,0.1749246677065349,0.052880979565756395,0.16436233596742061,0.07837499841218037,0.04627043037569048,0.028118478723042448,0.07386734366224927,0.0315141505416866,5,False
24,0.15498257088957262,0.18504296074196677,0.18731034909226588,0.05674680779223061,0.14841100404123997,0.07341639197254317,0.044045068686356444,0.029870751057905546,0.09128936917238423,0.02888472655353475,3,False
25,0.1525741678606462,0.18454577373519704,0.19086389416471938,0.0726630742350872,0.1347847564609814,0.05691193855794807,0.030511801394510228,0.02857847324880108,0.10899089100810673,0.03957522933400266,2,False
26,0.18088829147471425,0.1856200216421656,0.18628562500416157,0.0974025031103416,0.13112881616531302,0.056905252988805534,0.05158488318914647,0.0,0.07435995331194042,0.035824653113411715,0,False
27,0.1865100366876879,0.18911530970365245,0.1776901049425855,0.08256136889133515,0.13278358852530273,0.04873683280882175,0.04082263178075509,0.010303528381366575,0.08330483857476857,0.04817175970372432,0,False
28,0.1692103451267962,0.16974082811503355,0.19635503852546973,0.060902855275299525,0.12036253880374348,0.06589413803690547,0.03614609058320048,0.008415578503088189,0.1163413338712777,0.0566312531591856,2,False
29,0.14943350312670461,0.1956769360982605,0.1899306411947103,0.061257371264211734,0.13334667862269897,0.06633113131976433,0.048884267568160236,0.03677829761831375,0.08243136552297042,0.03592980766420515,3,False
30,0.14978067135667597,0.17556657249584257,0.1916365598466133,0.0779756688298759,0.11561728139173419,0.07970791207277005,0.03717684071301193,0.023821022043489876,0.09808952523194978,0.0506279460180365,2,False
31,0.15440539635773698,0.1756147915572395,0.19297104566147685,0.07967111972878384,0.13792252836050548,0.06721678340434187,0.02259540215982306,0.005386402640036949,0.1077883686162502,0.05642816151380538,2,False
32,0.15176378155995982,0.2113932583255733,0.1834505090966937,0.06742446012314127,0.1398539984735004,0.05795058783836951,0.06151941668912015,0.011927042184151823,0.0885507511645709,0.026166194544919252,0,False
33,0.1475381226556747,0.18248916870213244,0.18542859338269685,0.08139700114920484,0.13231086673558184,0.07785542450039368,0.02839283769934517,0.017857414000164374,0.0844345487432819,0.06229602243152421,2,False
34,0.14534491925822154,0.19109416654408962,0.1950407436167486,0.07357289661393358,0.12360672134438076,0.06283137515487176,0.05375580874230577,0.027227761129487323,0.08292211749199435,0.0446034901039666,3,False
35,0.1578325621070964,0.20268183223498948,0.20686737718687795,0.04082127286125473,0.12570179355250527,0.06418528493709487,0.05487029573437185,0.024778226325477135,0.08606908684905541,0.036192268211276815,3,False
36,0.17794261981198262,0.20906956667661394,0.17665691267572003,0.05830526911260133,0.14688787654263055,0.0625172837257082,0.04770153069651037,0.015463532471275885,0.09335061114081905,0.012104797146138175,0,False
37,0.14511473555516335,0.20061395160914272,0.19858144727299246,0.048578233177719386,0.12537731385660367,0.06621647626438754,0.06363901531376029,0.04129661318326443,0.08731947378600857,0.023262739980957587,3,False
38,0.17048575906094227,0.1971707931128626,0.19844552540125085,0.04690091783829048,0.156518764184045,0.05803419354098309,0.07323126730891805,0.01870331550514374,0.08050946404756393,0.0,4,False
39,0.16759348261857931,0.21197924445195587,0.1810937073916572,0.05212929229699277,0.1563776088890908,0.05200916939373126,0.06090907693891598,0.0,0.08505913283543015,0.03284928518364679,5,False
40,0.15079118402509895,0.1796901412608779,0.17688711581415056,0.0895820666988987,0.12234818926377515,0.08486564744637083,0.038315971120793865,0.01657793522872105,0.09093155846564219,0.050010190675670814,2,False
41,0.15409827071756715,0.17610328015706692,0.19336701284975094,0.08640664603853704,0.11194401335428902,0.06349275251125239,0.044777471401267185,0.041406054274535614,0.08571954370352888,0.04268495499220497,2,False
42,0.16328684799780385,0.2030716144579466,0.2088327140405591,0.053829966900639924,0.13768658600059297,0.05090403423708821,0.06392811014081652,0.011358268613761999,0.09278518944843658,0.014316668162354294,4,False
43,0.1682334127098788,0.20073648194570412,0.1730866679020115,0.0496815373150469,0.1723436924287943,0.0518776618263089,0.04928965149894155,0.01684640669599421,0.08615579694841884,0.031748690728901074,5,False
44,0.1732990368782539,0.18591823564545984,0.19060865520779316,0.083193011201582,0.1474334446490319,0.07309713998919262,0.03810530842559806,0.0073990841979953426,0.061368118376953565,0.03957796542813976,1,False
45,0.16105881469991973,0.18904870830205545,0.19853645342521445,0.06643804108959492,0.15457349977217913,0.06438997851781253,0.03947669934060583,0.026610203091604383,0.06696538965800905,0.03290221210300453,0,False
46,0.1661077344569755,0.207678658922124,0.20840087211561475,0.042667250658327854,0.14124796368196063,0.05277789751209071,0.057754756574868636,0.023364498489115402,0.09479331192884412,0.0052070556600784116,4,False
47,0.14593914049171092,0.1852485707958177,0.19184091529522762,0.08012547976126946,0.12194219297427981,0.07285437781303634,0.04902134128419352,0.02742581699911451,0.07888064091113299,0.04672152367421709,1,False
48,0.1538832808525652,0.19175514626741405,0.2020868428148014,0.0861701024511335,0.11634705862652897,0.06581445294935312,0.044039952767564214,0.009045027404092413,0.08307294241985423,0.047785193446692756,1,False
49,0.1844846147399866,0.1865324068522704,0.18435072399581118,0.07713597233802742,0.13926633045309736,0.07307696455216134,0.03238550428364767,0.008358517210756844,0.07362674043090925,0.04078222514333186,2,False
50,0.1597896784463492,0.17299174499634146,0.17479717408427037,0.07051373282328262,0.13647515234158866,0.07107494065163941,0.04252555860405506,0.01664581911343169,0.09356630375512943,0.061619895183911956,2,False
51,0.15109248287048022,0.19267209102604735,0.20354172975537405,0.0570058777690659,0.12248801677509238,0.06489462805862876,0.05420270414810713,0.027827742419451594,0.07633693772022641,0.04993778945752626,3,False
52,0.1546954018546026,0.204698688433116,0.2029372850442155,0.05861811080849232,0.13564312339568071,0.06101229613748926,0.03556292847676195,0.033130711215014964,0.09445692576053157,0.01924452887409508,3,False
53,0.165643358559198,0.18435320786011067,0.1875183251777719,0.07742223858453376,0.13586597622364605,0.07593729406218928,0.035835762855562316,0.014380999236191242,0.08275930262858572,0.04028353481221115,2,False
54,0.16237497604045906,0.20250434039835558,0.20267935366998335,0.05057203402376959,0.14344764972256954,0.05085784464040784,0.04609378966306268,0.03618120597635653,0.06994021918450206,0.03534858668053377,6,False
55,0.15860714503958823,0.1587406781382769,0.1772316618120155,0.08177130605125921,0.10232183815738886,0.08352679689012767,0.03391937717181392,0.04043820296377284,0.10508019610216641,0.05836279767359052,13,False
56,0.15097648434275385,0.19374952092167458,0.20017675508835453,0.03821719098910211,0.13727876292312627,0.07452734064428744,0.06370531849640675,0.031643059887955384,0.10972556670633896,0.0,4,False
57,0.16310875616855222,0.1882439574333047,0.204119663389138,0.046237420674865574,0.13253827048428077,0.07718320286652575,0.05244045936577379,0.0303597233295904,0.08437965779932743,0.021388888488641275,3,False
58,0.14786400911319464,0.19522962745236072,0.18333823564004018,0.09173123274024832,0.1546753388912806,0.07445672076902428,0.05527295191990868,0.0,0.06633138242713882,0.031100501046803855,1,False
59,0.18652930645822605,0.2048628641890237,0.1878043293176255,0.07156713758133439,0.1392479533875347,0.07924375390071543,0.03893800819703885,0.0071787178618946635,0.06423596457459245,0.02039196453201424,0,False
60,0.16198392875719575,0.20149049927480087,0.21539911386277652,0.04287652653507098,0.13590846870843046,0.06617172688456503,0.03876405368063182,0.04187235339641058,0.07864088197942719,0.01689244692069074,3,False
61,0.15749811031937894,0.1907007109447055,0.18892573744346733,0.06783823255287416,0.12661178016390923,0.06778207476010119,0.03660130864995154,0.01382681098149067,0.10056805779657194,0.04964717638754943,2,False
62,0.14727935264562944,0.18313231275859465,0.19319769525418085,0.02723444581780572,0.12134627692511774,0.08086864808399166,0.05716778642605774,0.0324716336909378,0.100576769233464,0.05672507916422035,3,False
63,0.15498254617970478,0.18775305618478802,0.18908459998919247,0.046988248789193346,0.13482496514672251,0.06446639167810962,0.06663428465073543,0.04367598604270188,0.06882107315437457,0.04276884818447728,3,True
64,0.15612065719835297,0.19958074636823667,0.19734654433123658,0.06039144067934448,0.11386180187267891,0.08898374129065618,0.06559889763666811,0.004188981364263846,0.08307740171708321,0.03084978754147902,3,False
65,0.14198470599535915,0.19039879461896642,0.20309179106375555,0.05194008614786115,0.13515647067935735,0.07946130812820407,0.04243554072933285,0.019412117213572642,0.10277774999508209,0.03334143542850859,3,False
66,0.14286079138189225,0.18937942263729524,0.19412184233971697,0.07559174928965587,0.13094122602837976,0.07425730578869402,0.035322917873311065,0.02243881830518236,0.08611953624350493,0.048966390112367524,2,False
67,0.15964566634216934,0.2031683862887652,0.17423938943207504,0.05046794785307026,0.12524673855705623,0.08344948772346152,0.061178065243741524,0.024084332671947716,0.08864329074911023,0.02987669513860298,3,False
68,0.1697858582727301,0.22359692941064152,0.15505556814522878,0.07697845952614507,0.15405722118823303,0.06349841182784603,0.04071915458626222,0.0364531090391438,0.058194677230936416,0.02166061077283307,11,False
69,0.15722080996107218,0.17330504069304342,0.20748255748006025,0.07933809583559974,0.14723943256835312,0.05337470391105262,0.039872827875442884,0.008295279127318601,0.07665818565916066,0.05721306688889661,1,False
70,0.15602597345055647,0.20192833353449333,0.18130074947290253,0.07077879936660796,0.10553775757223204,0.06826904989741593,0.04506859843442732,0.042296683994971274,0.09193275022261652,0.03686130405377659,3,False
71,0.15838824509622157,0.1752326669352616,0.17879906096679174,0.041631169908906314,0.14351446043012248,0.10368214226119371,0.05277135171318346,0.028104859009493065,0.08471615502172235,0.03315988865710367,3,False
72,0.15071386359660774,0.18326993062819485,0.19148881879573035,0.06855592771941561,0.13737910440321746,0.07123150092383439,0.04977951742737187,0.03346946799404313,0.07647012412336714,0.03764174438821746,3,False
73,0.16072564751018178,0.20139670147389263,0.20483219118228482,0.055237213800594306,0.1501778877126848,0.024063825274269375,0.06793541199539631,0.015455445398665743,0.09889920219185998,0.021276473460170208,4,False
74,0.15469239051728287,0.20041178766764137,0.2001136805906957,0.02667089966013023,0.13010686387583156,0.07993762140978042,0.036161606548659894,0.0585344355682103,0.07853200416838113,0.034838709993386514,3,False
75,0.15482656892180716,0.1875197318881432,0.20369259208316967,0.067448830686142,0.11824573520039734,0.0683456202831805,0.04763024725031165,0.03968335977931045,0.09857145929092831,0.014035854616609798,3,False
76,0.14243965075750423,0.17823066553075803,0.18369434249757066,0.062192496331244324,0.13572768911416225,0.07306445183003797,0.06700875513194103,0.05144507193512437,0.07680226563230863,0.029394611239348452,3,True
77,0.14920643175395837,0.20255651168346311,0.20156822126132345,0.06013738397032211,0.11070908781813596,0.07656187296178857,0.0439682924447833,0.022258460626925207,0.08269517802702094,0.05033855945227896,3,False
78,0.16455279887438803,0.19818367779943508,0.18862385816729313,0.056034731912163474,0.11914322315319648,0.0718494202423445,0.0529690339464041,0.0272519539170204,0.08740012312260181,0.033991178865152905,3,False
79,0.13613799665804463,0.18305098456578112,0.1845019536936356,0.07156688002819925,0.1354431898413327,0.0675156665479026,0.06120625081731349,0.03412535765644395,0.08322541889995586,0.043226301291391045,3,False
80,0.1483816292115305,0.19346987616684905,0.20442911969450675,0.06329999304980116,0.13093072759783522,0.07531815881180728,0.05351221358245329,0.0377311593686099,0.08172663579788073,0.011200486718726092,6,False
81,0.17507682228855356,0.19290010261453217,0.1859487386517946,0.051095500707810264,0.13438385262772165,0.0738698598597099,0.06965238416793629,0.02281631785322598,0.0925732757134381,0.0016831455152776197,4,False
82,0.14346676492427338,0.16848009943620462,0.18535048746926716,0.08936288563483091,0.11745982474499148,0.07387447378071142,0.05206824947069204,0.027037653164249335,0.08906223203695579,0.05383732933782388,2,False
83,0.14879383658174028,0.18682091173182944,0.18633401703823754,0.06582671320113091,0.1323455599724374,0.08378947463481191,0.03461954484711004,0.027142648853272347,0.10163134260539185,0.03269595053403839,2,False
84,0.1469056178213109,0.2029389996359256,0.1958729352003098,0.044758424431746976,0.13866988875508696,0.04955493573294725,0.07280154726254531,0.018448594919486992,0.09501074316525371,0.035038313075386456,3,False
85,0.14645292439529442,0.18629725923754914,0.18779002374056228,0.06209587050353603,0.13023438408435348,0.07454351985495329,0.04076565267688989,0.017777338651503466,0.10532852945659386,0.048714497398764316,3,False
86,0.152721454547138,0.17979178800634912,0.20129267920553795,0.06054765161395891,0.12662614064609853,0.09241473288660675,0.049600105582973085,0.029543380970861916,0.07480910892830357,0.032652957612172046,3,False
87,0.16462554781781222,0.19113333117793796,0.17902283964080368,0.059850867708868494,0.11496054220866964,0.07472396364569,0.06158504121101107,0.022948614370333617,0.09257942180535096,0.03856983041352232,3,False
88,0.1556187435309454,0.2009015273678488,0.20972699296713754,0.04936334289079678,0.10662874449523685,0.05898506522416474,0.05537734973847264,0.027868576724509903,0.09288983539611184,0.042639821664775576,3,False
89,0.16363061464123907,0.20506731940712172,0.20235088962642817,0.050060365756536815,0.1359382951845662,0.05968894075877825,0.04918189561809665,0.03489647505739554,0.07422921605202838,0.024955987897809208,3,False
90,0.15858973055348072,0.21196013186348475,0.19716754630617156,0.053002221512397155,0.13681493549958132,0.06586540768461673,0.03230864629389109,0.026771443678119976,0.10583871620722546,0.01168122040103137,3,False
91,0.16853059586303276,0.19728501798229234,0.19344864970536546,0.04378405505286535,0.12621858219655377,0.06398512192066054,0.04963225183168225,0.018116891682115218,0.09809601521772872,0.04090281854770363,3,False
92,0.15620731433067556,0.18681844025326147,0.18902311058223273,0.06210418735272367,0.13902232681527438,0.06847298371255887,0.0536966182427855,0.029232623349799324,0.08946691502345547,0.025955480337233112,3,False
93,0.16827927023489692,0.21256845372715374,0.1708341131493401,0.05773552479956943,0.15048314637663412,0.07562131947194824,0.02837356136673244,0.01961905130133036,0.056381459250560435,0.06010410032183411,7,False
94,0.1514012057520126,0.1898159491426339,0.20227650364959812,0.058219484972747516,0.10908011023879224,0.06249366743826639,0.04199913428298643,0.03653023800199491,0.10782183514493678,0.0403618713760311,3,False
95,0.1638961239917563,0.18579745606792833,0.16631531431480426,0.05490636093300063,0.14985983032398248,0.0870748960259129,0.044012041251034424,0.0328460532306666,0.05559587817965949,0.059696045681254584,7,False
96,0.14739194062146613,0.16397775878263426,0.1924343419051402,0.08562749226539247,0.12485428755322492,0.0711917362643628,0.03618351873735903,0.015407290117942377,0.11773293259384464,0.045198701158633295,2,False
97,0.15252601336724494,0.18823045995106918,0.1939586407590308,0.06985317836572574,0.12590602978293605,0.06176270937616661,0.06542148112605538,0.027920544876736685,0.09559878024845954,0.01882216214657526,3,False
98,0.14009280348292316,0.2156733041971264,0.17841280165537035,0.050776010336259086,0.1516642275275456,0.058395391811468376,0.057509647998816436,0.016626962899157233,0.0855556443270269,0.04529320576430648,3,False
99,0.15826682761832075,0.2020622749282845,0.18846777119270977,0.06572710747865385,0.11349921357221582,0.0685970940805995,0.04208971077893547,0.03379075157083609,0.09019008575589914,0.03730916302354515,3,False
100,0.15733338525243812,0.18701771121134664,0.19313436996152314,0.062375381854325423,0.12730788523797418,0.07369081045444634,0.04373575174071164,0.041767684060312955,0.094791971107982,0.0188450491189396,3,False
101,0.17231393468178502,0.182294469085859,0.17456193699345512,0.054620647166425396,0.13185305495329164,0.062231512947408765,0.058747093090241315,0.02472073991724908,0.10242348031651606,0.03623313084776863,3,False
102,0.1693867354907661,0.19519214928939693,0.1993342854360823,0.036098280922156084,0.1356279022025985,0.07380839363427834,0.06597468448608176,0.01516968336459614,0.07825548059250599,0.031152404581537868,3,False
103,0.1510637461198896,0.214199620644066,0.2004296927722439,0.04047596486340265,0.14786448746113035,0.07774876540470198,0.041574264072011646,0.023154967954172566,0.06362488439348607,0.039863606314895335,3,False
104,0.14517245698561737,0.20125922851796632,0.18398528136682965,0.07622311226821199,0.13733923394578654,0.06877461447150605,0.03221591749548159,0.04358823672819682,0.05542691503325379,0.05601500318714997,29,False
105,0.15972414010365318,0.19991046323040637,0.1684129536501384,0.05854912353443265,0.14307560496325697,0.08712317277218011,0.0415121077035039,0.04266378680203204,0.04917396235044936,0.049854684889947154,7,False
106,0.16815293597165218,0.16193647192020183,0.18702969375440956,0.07074243366571455,0.10666818547014814,0.08248271583372345,0.04468583669562752,0.042185282822973146,0.09301883759727729,0.04309760626827237,13,False
107,0.16790670639330538,0.19348185172591342,0.17961309568560746,0.05407599422420339,0.15797602619229337,0.0635301160717845,0.056426180895902726,0.025996566537299585,0.08516159361852016,0.015831868655170136,3,False
108,0.13931765712310376,0.18449675270120394,0.21478183879775972,0.0586445711660741,0.12469063196586841,0.06335134489735542,0.04562937704954169,0.042454923563066065,0.09165092712565613,0.03498197561037079,3,False
109,0.16557588577402502,0.19501348577376756,0.16381803055723967,0.05988345219414841,0.13340323137919233,0.08669898768692164,0.04236094823102039,0.04161225278617747,0.06187933992243561,0.04975438569507182,11,False
110,0.15713227681748737,0.19246763304819378,0.19840702953161382,0.0586528369152,0.14070716590148627,0.06254586134165353,0.05880646483935064,0.03070689388026521,0.08230953601947019,0.018264301705279155,3,False
111,0.16062140210882905,0.19306692974528722,0.18537424858100135,0.054216552862430566,0.13098629554588917,0.07182451618582902,0.045184636901992696,0.04549519088429932,0.07152980962506074,0.041700417559380656,3,False
112,0.17072333881715318,0.20600124736582706,0.19419964959480185,0.05192345567918601,0.13572639063026606,0.0666593699690383,0.040796296889532305,0.018654240960745968,0.08685349125142446,0.028462518842024644,3,False
113,0.15706911932673584,0.18632944952095007,0.19081855351852736,0.051326838777170036,0.13163757812693994,0.06752474902834818,0.05552626196604906,0.021998089326871795,0.09936216461250519,0.03840719579590259,3,False
114,0.15208770636578037,0.1912193528051581,0.20467639268793578,0.045318578145066735,0.1465497274318774,0.07077172715192817,0.04546245138424263,0.010011159956126581,0.10305711201867344,0.030845792053210915,3,False
115,0.14900664284630605,0.20171671431877164,0.20861477106292842,0.0604146673793926,0.13395363827253473,0.07629932745755136,0.03977111720941766,0.016969086431072658,0.08383625222900215,0.02941778279302281,3,False
116,0.19343335685456325,0.19363021701595137,0.17293473976937318,0.049003031556471725,0.15231325624843878,0.07033050027572292,0.02766561819763627,0.02689303119594541,0.07226554932389606,0.04153069956200097,7,False
117,0.14891346503669495,0.20150441995202675,0.19568510477588993,0.04695159962288198,0.13178621833024864,0.07718782405931447,0.03983679430954408,0.03675719847161425,0.09336221052688407,0.028015164914900737,3,False
118,0.15524201949404243,0.20291541619928433,0.16786770489550454,0.04869968086844323,0.1621615904300208,0.07737615527935217,0.03182248077953963,0.038322784203648666,0.07453770589817621,0.04105446195198793,7,False
119,0.15628894791343212,0.1840498511706852,0.2012611767899271,0.0752739401594396,0.14277546481085038,0.06171742902585555,0.010971695467043456,0.010857767675122946,0.1038956393962193,0.052908087591424444,2,False
120,0.14709500593219443,0.18794029405273247,0.18053796356525595,0.0881824373956634,0.12930992906578528,0.06441911812206248,0.033157912493947464,0.03692788131461497,0.09543871498678944,0.03699074307095391,3,False
121,0.15413964464145255,0.20512867238384241,0.20409549929056378,0.04245352051527947,0.13381831031472244,0.07266137624952992,0.04405902341445432,0.032792442468209095,0.07789646727530691,0.032955043446638965,3,False
122,0.1447784739697039,0.2014820384187769,0.1812550555453581,0.055492693199907135,0.1399748991554619,0.06741585734564234,0.04055884417095093,0.031958456011849296,0.09221854130809473,0.04486514087425489,3,False
123,0.1630261998813258,0.20386113924920868,0.19583388219102968,0.03413405455938136,0.1264026677205568,0.059480002526419606,0.05693704425534599,0.029015693796420407,0.09923271553930763,0.032076600281004175,3,False
124,0.1409757556853504,0.2097025440981488,0.1941145632193949,0.080070688969909,0.1306164685023352,0.04847208728942363,0.020643576872446428,0.04229858396325952,0.08990922182033464,0.0431965095793974,3,False
125,0.16152966024184046,0.21328448609421166,0.17538979055643908,0.07204081035448962,0.15158125192549304,0.057667105737600796,0.035756192955840385,0.04272895778230466,0.06384723961830979,0.026174504733470442,11,False
126,0.14470328761323842,0.19012970700730125,0.16980628470378975,0.05464813999724671,0.1278865472309071,0.07151388905103274,0.04685162314581219,0.04283496520277948,0.11681168689980782,0.03481386914808453,3,False
127,0.1633494833000572,0.17003062144614278,0.19720316769623814,0.07174720716967045,0.144183864997236,0.06126602173669623,0.03413154762140092,0.031086157043928017,0.08490378354090242,0.04209814544772787,3,False
128,0.15951745512028534,0.18503511524406302,0.19133622898746197,0.0551644953079428,0.13371328768822416,0.08141799984523045,0.04734791052362481,0.024259288091575543,0.09493640507630707,0.02727181411528469,3,False
129,0.15979481879970983,0.1863737709091479,0.1736569669659373,0.05067777321503531,0.14871387550350837,0.07801927966597813,0.04284087489277938,0.046171782466862744,0.055502265882822845,0.058248591698218104,7,False
130,0.15519396830399051,0.1858645397336854,0.2165052192492066,0.0441694156263354,0.14184472619423405,0.07078950479473017,0.05362557951491231,0.034514064596102643,0.06111475522284809,0.0363782267639547,8,False
131,0.16221745870309534,0.19301356320585486,0.1958881516051218,0.0513033119072333,0.12651566227756428,0.06270794275067029,0.04891839310470033,0.042233155658413866,0.08350689222612434,0.03369546856122156,3,False
132,0.15097435918817453,0.21660604760953653,0.184523494871055,0.08151186666124131,0.10015211151542526,0.07400477391759087,0.025946697460232475,0.025362758599572273,0.10084117498464962,0.040076715192522074,13,False
133,0.1747128806171448,0.18024528105666776,0.16592488695935245,0.048217879871952585,0.1574028674792657,0.09691413646364962,0.03526901321095755,0.01664701966862486,0.07906270533250968,0.04560332933987512,7,False
134,0.15773725707872596,0.19077207416324596,0.1828542982611546,0.06621685467439568,0.13439846816707454,0.07982214029444393,0.04891346552778143,0.03819051475029732,0.06786848032708434,0.03322644675579608,3,False
135,0.16142349120806815,0.20031738111486774,0.1884303747260579,0.056278184896267826,0.1305026068983571,0.05582032306019258,0.04715174680208758,0.03220479527042008,0.09004740819430103,0.03782368782938016,3,False
136,0.13842315549787537,0.18612080437188236,0.1914851341909936,0.07233419536791015,0.1368290828634724,0.048848509933532944,0.03672279929376452,0.03675983182853981,0.10750463903968682,0.044971847612342034,3,False
137,0.1504150762944152,0.1675742003900147,0.1797541600479726,0.09036636123811145,0.10459881217102097,0.07399111847313442,0.043233462455889715,0.026151045371633357,0.10830482481348465,0.055610938744322935,55,False
138,0.15599854605178942,0.1944349961056509,0.19595621495996032,0.06818790361667018,0.12030583763595692,0.057346886015950886,0.05102313458092859,0.047648398842510854,0.0768076178210993,0.03229046436948266,3,False
139,0.15619418703642282,0.18305555906848675,0.1947364869258908,0.045493794271988054,0.1406305896619607,0.07114393066721486,0.06008873039191739,0.03222010225075289,0.08886884847857243,0.027567771246793257,3,False
140,0.1535955146331578,0.19973517808683083,0.1954318169769277,0.045148692836691706,0.13109709671827602,0.07040624711736741,0.03716807065356975,0.03143806193787138,0.0879971218499056,0.04798219918940176,3,False
141,0.15989480159951325,0.19509364458968734,0.19615944350807854,0.046484486169200596,0.12812853710877242,0.07488511996257739,0.06644169084223137,0.027835330990091386,0.06980023380149578,0.03527671142835187,3,False
142,0.15221328961632172,0.19324975003382272,0.19988626600441814,0.06362788531091729,0.13268276559739878,0.06352649582885095,0.04904622795827313,0.024418537629916737,0.08293709983151316,0.03841168218856728,3,False
143,0.16155913646441444,0.21127092140898085,0.20362803955689143,5.9654630326044264e-05,0.1387435388715644,0.07803899135027811,0.039494013380314344,0.04200291393886326,0.08009161042771556,0.04511117997065147,74,False
144,0.1494441865997529,0.19269442528619046,0.19572478626495357,0.06199348973236993,0.1394852821889891,0.07777991404558583,0.04474742111887908,0.01920842292698166,0.07319719175122728,0.04572488008507023,3,False
145,0.17159614452502636,0.19935193273333893,0.1767394386275815,0.06044393144979147,0.13182311282551368,0.05858311361615794,0.05643215982842332,0.03022415376239188,0.09397275146655254,0.020833261165222362,3,False
146,0.1601894582599301,0.21738344635990037,0.18740695122104997,0.04903655767210894,0.12654210733179683,0.06449280672961112,0.05117428292967754,0.0062596919324111756,0.09983683730127989,0.03767786026223413,3,False
147,0.16207176876645915,0.17848917850901086,0.2069174592390281,0.032871183538238626,0.13360895600429729,0.076699355485465,0.042016570701653023,0.02871476382399955,0.09206451724506186,0.046546246686786405,3,False
148,0.15136439272198626,0.18665900131809882,0.2016545082116645,0.060767130903432616,0.11650306896281558,0.0789369937146639,0.055216564634321466,0.02741220518706393,0.07653828903184759,0.04494784531410537,3,False
149,0.14971284881871075,0.19643094971885955,0.21420943362808129,0.02559554150942223,0.129315466561373,0.08557994487186209,0.02758626186519451,0.06885456028271116,0.07006528333834029,0.03264970940544516,74,False
150,0.153177095655395,0.19026918031135387,0.17963305064749202,0.060098673328270395,0.12956446651292797,0.08729793249931067,0.05262194106083263,0.0360234405799587,0.08004584549431201,0.03126837391014673,3,False
151,0.14637854569222078,0.22458427385191052,0.18786118857693027,0.062484988365940006,0.13170703638605125,0.08219078859838486,0.04094699112803241,0.03583933692712253,0.07485514859415249,0.013151701879254893,8,False
152,0.16062969731338061,0.19649486827059215,0.1993374960773899,0.032280328162606835,0.13376528850487007,0.08381465889950897,0.03490251754419632,0.057057134367176424,0.06213929392005063,0.0395787169402282,74,False
153,0.15654647021897058,0.1948031724787202,0.2037132130005335,0.05792682211620609,0.13101637346499914,0.057090541072502964,0.061009548059409044,0.033075201367127625,0.07942269414762812,0.025395964073902735,3,False
154,0.14699882654694954,0.18963601302554609,0.19630370844166373,0.05454461815560868,0.1369784496880398,0.07157388725545569,0.04715713057565803,0.02443632310669992,0.10301853058411675,0.02935251262026193,3,False
155,0.14416966886236493,0.1733425163608904,0.19146242792884982,0.09075234032259813,0.1090379279112984,0.05705090304910281,0.06467328607041899,0.030099848004098373,0.09059179763187061,0.04881928385850744,41,False
156,0.16669084168996848,0.1836293624614481,0.19526635657996813,0.037536980692793626,0.1335735416829655,0.06333381705697674,0.06553564789784042,0.04333229204467599,0.07174937732028668,0.03935178257307635,63,False
157,0.14565543865075123,0.19242541581495828,0.20005752436628885,0.038149774466753245,0.11834388874259033,0.09036953866399618,0.036872302276141695,0.05110544117728744,0.08653908913821694,0.04048158670301587,74,False
158,0.14424436353710948,0.1917454348723823,0.2086402264479603,0.0475655567228396,0.14024929229393043,0.07490700307974586,0.04081640900148862,0.011050843153445908,0.12012786765055292,0.020653003240544605,3,False
159,0.15987436385333612,0.16600068433424453,0.19289628733354394,0.09038306333523886,0.10201052648822351,0.06460404230863606,0.05339477517097001,0.054264810379961496,0.08205545417082977,0.03451599262501577,41,False
160,0.16249428782349842,0.1956261384211062,0.20099118035497487,0.030060578522022048,0.12878366361159194,0.08136035395845287,0.031566138379456495,0.0591110111513428,0.07449807733708722,0.03550857044046704,74,False
161,0.1498267394160012,0.2108175687067498,0.1612010654731425,0.07469909946204399,0.11602539254480426,0.06362097267362044,0.04104841003592635,0.03964414982913002,0.09798484915758825,0.045131752700993254,70,False
162,0.15443330688509144,0.20945854430325356,0.18706557767341092,0.021248682231036393,0.13864051317332876,0.06128072187835972,0.04416715533034048,0.05247892374148165,0.0908783493290565,0.040348225454640695,74,False
163,0.14300010874064478,0.187218356826099,0.20146543605221703,0.038994431079587895,0.12566045605650905,0.08126037593323553,0.030858806506807338,0.06980418265579826,0.07808284036016233,0.043655005788938765,74,True
164,0.1616210160138225,0.1949717872333691,0.21093153831452513,0.023184847519157035,0.13292480696037104,0.07736898477345426,0.040464588874755354,0.0446225844115789,0.07876547641703469,0.035144369481931934,74,False
165,0.16255019431615308,0.2008571230599796,0.19929263350076146,0.05734475416765709,0.13505462423227674,0.05977390128237521,0.04773114057375361,0.03469968738299326,0.07466740731323512,0.028028534170814877,8,False
166,0.17138468713276667,0.18129186929176083,0.18034473147612262,0.06673844009203721,0.1308982967107479,0.06964570588298974,0.05375489333076753,0.0282261246414612,0.07607636558516989,0.04163888585617636,63,False
167,0.1535061603431941,0.21362925667202795,0.18807078997147908,0.030750168638628967,0.13440245815396656,0.07625042233480445,0.04019413265664411,0.04791915838012454,0.07921833329879005,0.036059119550340295,74,False
168,0.14447545443491622,0.2176063645195998,0.20859920862825476,0.026620449954587455,0.12591949693824012,0.10265408490341033,0.015805208301617996,0.07176570802850556,0.052710419652852405,0.0338436046380154,74,False
169,0.16041292444056113,0.19927974058111944,0.19695414621153987,0.05503192389802758,0.11033797764415583,0.06692339052490931,0.04407302875823174,0.029800416389495408,0.10465972957610775,0.032526721975851804,3,False
170,0.14651110194444814,0.20007746738176885,0.20103939685659095,0.05169195642858606,0.12550341871791515,0.07227932642364181,0.04345551284411466,0.020771406160074404,0.09331962526285718,0.04535078798000285,3,False
171,0.15966676147948913,0.19331463953406314,0.2094304909763846,0.020672012979096613,0.12320122163464034,0.08678936939786432,0.03005085360885944,0.04783734742720051,0.0897604455477989,0.03927685741460304,74,False
172,0.17104516966495528,0.18963536520204965,0.17409537736044559,0.060595058215322135,0.1471411738809593,0.06767871652082748,0.042709239700824145,0.030539707622986727,0.06737589515973484,0.0491842966718949,11,False
173,0.15591954750492473,0.20139162734410362,0.20601224879267546,0.02122567795318268,0.14025693325017694,0.06618788329690947,0.02380221575380439,0.06862253189654335,0.0851588675649064,0.03142246664277294,74,False
174,0.1698522552512302,0.1799665911768595,0.21667758336806967,0.0004545968981399856,0.13193209165274108,0.0698914284018784,0.052703228987872386,0.07091506141614966,0.06703997482374587,0.040567188023313286,74,True
175,0.13356719503511164,0.20184977401691512,0.2003732139877373,0.013256596220135055,0.14766718565041856,0.09272207749102772,0.045326660932808994,0.06811250088755275,0.08213696579865368,0.01498782997963922,74,False
176,0.1618604305136613,0.18925052252776542,0.20374058829616892,0.03203960258114458,0.1248320679253346,0.08883653051310263,0.03623113518821145,0.033216655169588535,0.073820091475442,0.05617237580958055,74,False
177,0.16176774418373402,0.1873145396186332,0.19654837994744676,0.047806322106467056,0.13812333764271004,0.08923970882406268,0.032334122382326226,0.04223761821348341,0.08042414462220963,0.024204082458927027,74,False
178,0.17160381605578467,0.19697453101848308,0.1784255117528146,0.03419860413590105,0.14451319080993233,0.07073115538836496,0.03837960424159399,0.05225144687088855,0.08169901212723074,0.031223127599005914,74,False
179,0.1634171743110977,0.20532835567685562,0.1935786612553782,0.02876298869100997,0.14340499525226538,0.07291504428426275,0.03153623388566657,0.053979210349132146,0.07745117766968534,0.029626158624646213,74,False
180,0.16147462084162573,0.1882641440555408,0.18506744244906453,0.06743067125398926,0.14211506189839454,0.07340205329964124,0.04045639041947716,0.04272184550173557,0.06791809498457682,0.03114967529595429,134,False
181,0.1498196327099214,0.1946928930950294,0.1700647150749716,0.09105921275511614,0.10611019477283389,0.0691875528787673,0.05009901542144329,0.05532837980094289,0.06875099509044208,0.04488740840053207,41,True
182,0.164030933751501,0.20992918530948235,0.19539642690098052,0.03401689778289762,0.13356813226190828,0.08755485189218239,0.033994835154930535,0.05136751228641995,0.059882405844508296,0.03025881881518905,74,False
183,0.1462652632857599,0.1987940718515602,0.1985903449008824,0.02187667568728481,0.15167118159264836,0.07566098078983012,0.03790461418633839,0.051480762153753794,0.08071477962266235,0.037041325929279625,74,False
184,0.15492238967631738,0.20680002530255456,0.20618554996310662,0.02457421608709225,0.14307770598718558,0.09083869793432188,0.03787694932580268,0.038283237437305516,0.06029406715709718,0.03714716112921637,74,False
185,0.15491636056202288,0.19431418483755022,0.22177382613580054,0.04204870643648246,0.13871045572941756,0.06792865870896873,0.02499060794407194,0.05633801436189249,0.06249990593447489,0.03647927934931821,74,False
186,0.193572442502911,0.15690012302653109,0.18840053825407835,0.06939989527398835,0.09419577612164409,0.08058456291108067,0.022966199395873063,0.027296830492678826,0.10198996894726818,0.06469366307394647,55,False
187,0.14979432469588705,0.21053885049483367,0.21983193623428707,0.03483482202900319,0.10826857785027581,0.06984794269051035,0.04162172312089839,0.07687142246928666,0.07046915360491356,0.01792124681010421,74,False
