ID,strat_res0,strat_res1,strat_res2,strat_res3,strat_res4,strat_res5,strat_res6,strat_res7,strat_res8,strat_res9,ancestor,alive_at_end
0,0.009888383095484024,0.015693444423438334,0.08688555413470218,0.13962282274784207,0.06922269962059667,0.22692131349027844,0.047348050802067554,0.03627051282243238,0.3673134066059007,0.0008338122572577961,0,False
1,0.005023001417262581,0.019777445192961547,0.08758982989264616,0.14778763887363341,0.05973663900510763,0.2245252653466388,0.061238012960598505,0.032583080982477544,0.3616971404839259,4.194584474791371e-05,0,False
2,0.004540004644628645,0.025237958884898524,0.07815761286681867,0.14053204717782158,0.0663646669498284,0.2234636735046694,0.06792910623729687,0.03687019183560216,0.3569047378984357,0.0,1,False
3,0.013831686671396727,0.0,0.0955226859521855,0.15297322959650872,0.047612829790332024,0.23211528321536504,0.06243418082782475,0.021046135117076415,0.3701566434732869,0.004307325356023801,1,False
4,0.008031206044447752,0.02476559101935349,0.09406754090285019,0.16083967699232657,0.0603649738065528,0.21782387168433692,0.056398969711690145,0.03380217778022043,0.3439059920582216,0.0,2,False
5,0.0,0.024216002413833145,0.10313229153603792,0.13997598872388003,0.057057835614414985,0.21822546383850994,0.06633899635341027,0.04885102110329555,0.3376567237415459,0.004545676675072218,1,False
6,0.020642238217053785,0.0,0.08175935577174409,0.1435048456371415,0.06308044733919026,0.22958752743552494,0.06498660858687522,0.02450194976972724,0.37193702724274313,0.0,3,False
7,0.004314197995337918,0.018991249356807627,0.11054703734830011,0.1406005621950623,0.06511291594766472,0.21470801876856874,0.07647331234327807,0.04375105288705611,0.32550165315792445,0.0,5,False
8,0.017474762170148768,0.03876774973474142,0.07471929535825367,0.13289818032807355,0.05761739257650263,0.206351484124285,0.0639409556217603,0.03959788995663842,0.35692037777307567,0.011711912356520358,2,False
9,0.0191925451562987,0.04770933094235354,0.05898489473275303,0.13253586966369443,0.06121704466157877,0.22834959495565418,0.06312290331410945,0.025173304732455454,0.34397073001062367,0.019743781830478868,2,False
10,0.03118398011556241,0.019685778318682158,0.08230523029097832,0.1453256885417621,0.053814954179832016,0.22912531288367327,0.054995502606299866,0.017590987944013974,0.36597256511919585,0.0,0,False
11,0.009367881239395826,0.01003169688280907,0.07642151657669684,0.1587887518231828,0.06639300809352915,0.23023833217872497,0.07237073752192194,0.0295986785585898,0.34364270496421556,0.003146692160934097,4,False
12,0.01010577951103674,0.02014485160268804,0.11992091491032517,0.14866596984381983,0.04015227676994897,0.21364577049290306,0.0587452829626117,0.04077341348320437,0.3352586716090363,0.012587068814425891,5,False
13,0.0,0.01932071662292902,0.10022688211945535,0.15486606415298168,0.0661583868434795,0.2281406767090908,0.04855773493160714,0.021306859039840056,0.3614226795806164,0.0,0,False
14,0.0,0.030119610873308937,0.0967229596676968,0.15107267406042943,0.06079362036263784,0.20727607046322757,0.04675305639452386,0.05681635363430488,0.3390276917777052,0.01141796276616554,5,False
15,0.027316220005439963,0.006982415155184005,0.06922436275217328,0.15800602535696293,0.058772086984131534,0.23094176873437597,0.049092620182053855,0.026092931362660724,0.36134178000077677,0.012229789466240891,6,False
16,0.03382799785933318,0.027477546279792122,0.07310974664625355,0.1442825477133259,0.05923580246843934,0.22276190683546307,0.062063019421655034,0.009055502897036464,0.3681859298787013,0.0,6,False
17,0.010933690580473915,0.006823468647927651,0.09775601277713579,0.15766076008529215,0.04647030395979999,0.23462295641960632,0.06193734631435949,0.007451106687947861,0.3763443545274568,0.0,3,False
18,0.010751948742975718,0.009470986262307236,0.09641970410336456,0.12544184741744793,0.0625196286156606,0.21488031002025487,0.05747188718456803,0.04047944001354674,0.37819394302441206,0.004370304615462265,0,False
19,0.014205322868616336,0.010942898371623985,0.07509569444586234,0.15973751593570595,0.059155361487739394,0.22565049298774786,0.04859247451554432,0.022640672921852786,0.3839795664653069,0.0,1,False
20,0.023262723806028857,0.020738969660282703,0.09281254609592643,0.1586464174388449,0.06444455556779109,0.2039248609849457,0.05654947777408,0.03496505620767454,0.34465539246442584,0.0,4,False
21,0.006676421567343764,0.0058317621194943015,0.08918156781401065,0.1676611288008268,0.0631733398061056,0.2001097110639696,0.056137362545879074,0.037830911078857145,0.35238695145406834,0.02101084374944466,4,False
22,0.01968597119217518,0.022010800973586982,0.08590753265630097,0.14535849366770023,0.058719852557147394,0.22998880521065024,0.046713648748698725,0.04371598666519312,0.3469191712881948,0.000979737040352251,1,False
23,0.013916797797009377,0.0,0.08179193215503687,0.15363332629176593,0.06393321185207601,0.23432257152385186,0.06740836660583,0.018783157338579003,0.36119092517018186,0.0050197112656691365,6,False
24,0.017163052693854576,0.0036455441228383525,0.09088110163759344,0.15685479501418093,0.06257705366052987,0.21529207909473222,0.05080394272904594,0.032505609322328204,0.37027682172489657,0.0,4,False
25,0.0,0.02235867742541019,0.07362061312987848,0.13970238211986016,0.07334944874490264,0.2292776009548938,0.0827040794595859,0.04038242152526111,0.3311266222417838,0.007478154398423972,2,False
26,0.02106460704440903,0.04638337273008445,0.06455208034051575,0.14706443704031555,0.0646143118003519,0.2172863296734951,0.06148786644637881,0.02191332187776338,0.3418078373419476,0.013825835704738563,9,False
27,0.0,0.027511070295151954,0.08157977938688321,0.1496626322742894,0.06210385499534779,0.2230083407965408,0.060600726994924733,0.031147376547896823,0.3643862187089653,0.0,2,False
28,0.0,0.008708637447629898,0.11253345893268323,0.13328260782487203,0.046932203014341145,0.2247162922200424,0.07645156413842301,0.049908070122006654,0.34704008066446695,0.00042708563553474517,5,False
29,0.01872847234184992,0.04340929647969093,0.056560218492863,0.139155455464073,0.059947165509189236,0.20671015711819477,0.07287861790419863,0.03386663170983097,0.33491253811648736,0.0338314468636221,9,False
30,0.018402067256203015,0.005367844147568189,0.07735439045445273,0.1551370320645019,0.04831206357124279,0.22725580990701397,0.05757537472582364,0.02850615642357062,0.382089261449623,0.0,3,False
31,0.011144785727812037,0.06287193413942137,0.054991771495180405,0.12127014726347266,0.07222280007651313,0.22801713328429601,0.06221989919461346,0.02324814751296359,0.33824589608070976,0.025767485225017654,9,False
32,0.010803832206103592,0.03618762133788434,0.09015493878540952,0.12240691305252448,0.07102807465687969,0.2070792029199908,0.0668038477983449,0.05109002733154643,0.34444554191131643,0.0,2,False
33,0.02019605245573381,0.020527818788597493,0.10179909742449407,0.1404596420465681,0.04773129856613824,0.2227956084628297,0.06442177949203001,0.03868556401996783,0.33941337624753465,0.003969762496106092,5,False
34,0.009676857586464832,0.01921884703480633,0.11467748578671177,0.14235355162279537,0.05154966658750315,0.2202043010928996,0.06175734171893958,0.04753826993632228,0.3330236786335571,0.0,5,False
35,0.006407905170302587,0.03469231150501747,0.10905459399889729,0.13870378126762592,0.054912532022733,0.20288104897972342,0.05518396905730687,0.0675403855604605,0.3292570444132001,0.0013664280247328814,5,False
36,0.018219262789820632,0.020412611231563665,0.09658209301526667,0.16533548531161676,0.055515841025953104,0.20982351975584082,0.03727425054356871,0.05758839902377856,0.33924853730259097,0.0,4,False
37,0.039619637261296456,0.04021999420162928,0.04732197650886172,0.13828889220072288,0.04842201270288432,0.21897787286364157,0.06888034289934367,0.017032980489890652,0.37041311922451575,0.010823171647213652,9,False
38,0.017658260874578766,0.05058846603609882,0.06005351816038529,0.14116624879469877,0.05506285663804449,0.23534145058147043,0.05745501116633631,0.034088479777636085,0.3465378614054983,0.002047846565252681,9,False
39,0.0,0.025189661226777595,0.08849051438027013,0.13617169841531113,0.05374236127714724,0.23857974442285365,0.05958606245171555,0.035018681523854164,0.3632212763020705,0.0,0,False
40,0.0011526898419924037,0.00651254622535084,0.10873899700415117,0.14302343388228678,0.033701589259327216,0.24261076774239382,0.07066026969662281,0.025110426586936355,0.3670442418545126,0.0014450379064258206,3,False
41,0.023052320015896695,0.053208468210843435,0.06505273711578903,0.13611385700689493,0.07385631819392943,0.22468270852697275,0.06485790720810683,0.019151638442045003,0.31987122659571626,0.020152818683805706,9,False
42,0.0,0.018010801348438608,0.07933576628461038,0.15189625379207458,0.06666243930776626,0.22178647761426898,0.05941344382021005,0.022067073355372488,0.3590636510338918,0.021764093443366897,1,False
43,0.01031188901304928,0.03735106063512694,0.07568825557634394,0.140079630343083,0.05893179844812677,0.21302056936557295,0.06880478052287904,0.03796701921311246,0.3578449968827057,0.0,8,False
44,0.005068838619777143,0.028494117706136104,0.09422571597629137,0.16936443466333642,0.05747341343718176,0.21308097190974204,0.07109388458693586,0.02486054114513609,0.33633808195546333,0.0,4,False
45,0.017467423169005847,0.047238259033074326,0.08200412729119248,0.12778288658363368,0.048790970717339024,0.1967235745345838,0.03819681641806895,0.050826763091909366,0.38416983074202576,0.006799348419166647,8,False
46,0.0,0.029636121744154763,0.09576820626371663,0.1277329936744188,0.07300575270115116,0.21436738174118836,0.04542823495402722,0.05316079159126104,0.36090051733008216,0.0,1,False
47,0.0,0.01307901528647296,0.07776018647190217,0.15310162579883066,0.061170367137856126,0.2303205444367909,0.047635490442106874,0.040756231979522994,0.3674562782603209,0.008720260186196429,0,False
48,0.0,0.019189598325452688,0.09859839864141069,0.14664425623459693,0.05858661608595988,0.21661101405947739,0.07447288762135328,0.046848479405661655,0.33385224047900025,0.005196509147087118,7,False
49,0.029065524250095284,0.0496206989274835,0.0632273439410131,0.12497639397525769,0.053310797373755145,0.2335895391917096,0.04487290056322276,0.031067768658117514,0.3519434665561238,0.01832556656322154,9,False
50,0.024810079850095052,0.04850626742387941,0.058023293398409635,0.1222346000828559,0.04272107434511652,0.22572881724768418,0.05339419083797042,0.03482847597606079,0.35098037758466116,0.038772823253266864,9,False
51,0.025824500515733397,0.052014911886506615,0.06349324533098898,0.11770371468525774,0.05030348629598339,0.23950152663644875,0.049969142925101726,0.02544320477696185,0.346642172400457,0.029104094546560662,9,False
52,0.005667413865002053,0.038198611288140887,0.06429837311745214,0.13394457895690834,0.059022976139260434,0.23635247098319023,0.07171285879009635,0.021797015910847154,0.35851716214207846,0.010488538807023929,9,False
53,0.006414664302772778,0.03577401885487403,0.06242461200112276,0.1095979426480624,0.055839122420646224,0.23166496571274214,0.07408036883982215,0.01775423570171545,0.3603124872642757,0.0461375822539665,9,False
54,0.019919815919950148,0.03243858234010313,0.06791802831911117,0.12015407214543049,0.07295389106774021,0.20239917554667108,0.053299368234348714,0.047528546081159834,0.3474164369170804,0.03597208342840477,8,False
55,0.015708877977406176,0.04486481118420257,0.07331686780672805,0.1270455960898744,0.06703992005314363,0.18758592301644256,0.07120339459008856,0.04776371367580093,0.3428461699768974,0.022624725629415598,8,False
56,0.025505943498582952,0.04870456886469935,0.07507202043693047,0.1359866606107825,0.059416047518215304,0.19114017004097145,0.05490773758939478,0.03780168915370433,0.3480735520831228,0.023391610203596126,8,False
57,0.00012795553128145136,0.022300667537295545,0.10732015015543173,0.1626598521157247,0.06906830390080482,0.2002771269889235,0.07983700133129408,0.023125496146481468,0.33528344629276274,0.0,7,False
58,0.0,0.02884392506526315,0.07472090033689986,0.1446915934703684,0.057664761495414,0.22709680161477466,0.07507775047351892,0.03787737436263431,0.34856676726380337,0.0054601259173233455,2,False
59,0.005242848137101488,0.051273755124543505,0.07329572875148563,0.14088210805680654,0.05792813047328964,0.19693914517479072,0.05488673308394376,0.04748973939895006,0.3541469651792409,0.01791484661984773,8,False
60,0.020664832741194794,0.05005044877562725,0.057028141577454644,0.12649700200577704,0.06224167826584812,0.23657574063326417,0.06065769382651634,0.027943287718829243,0.33318764327065764,0.025153531184830772,9,False
61,0.01774360626289551,0.061252966154300294,0.05842474780713311,0.11878474272498113,0.07660021666994077,0.2246713173972089,0.04830253561358563,0.031359225322780605,0.3489685531182399,0.013892088928934078,9,False
62,0.008133263054662193,0.05629574144086499,0.07145021573781082,0.12511123562073917,0.053885490779046995,0.23209369470895244,0.07189280684227566,0.02028175310531928,0.3469187650745544,0.013937033635773964,9,False
63,0.02245246986333502,0.029462567866060666,0.07068421079863275,0.1406755327868883,0.05328081678842988,0.2279234935825096,0.0708970147396041,0.02777060444783942,0.34597473081202107,0.010878558314679264,9,False
64,0.023308680000228666,0.04213363499805279,0.06662493314141817,0.1417914305181692,0.06236620103542761,0.2325080901992941,0.06840117102207932,0.02677952343829599,0.32614719865079533,0.009939136996239013,9,False
65,0.0127410953439741,0.04244472785073668,0.08407081385902272,0.1329404490875579,0.05747331547664757,0.19741264222409743,0.08323285428106426,0.03902227562029046,0.3347888867327011,0.015872939523907836,8,False
66,0.007876572850566036,0.051227316993278774,0.05930546116120956,0.12562584592466194,0.06237536014513906,0.23568473549869975,0.056185538297015725,0.043442776539447114,0.3364773014077129,0.021799091182269185,9,False
67,0.021296014172833697,0.04910668362256518,0.0729578997354806,0.1346926310717198,0.05851882444039505,0.21405273778840223,0.05903029495255623,0.018657431855337574,0.3523509051180189,0.019336577242690833,9,False
68,0.016715200173069728,0.06748315347327062,0.07147201292747657,0.13557865299467112,0.06600406608229784,0.2206342564539476,0.06728915225930407,0.0,0.34735231569316266,0.0074711899427997745,9,False
69,0.021234618300110426,0.046945020516661905,0.06901825839269413,0.12698887132226624,0.05445138803434433,0.21804313376687548,0.048288630132043986,0.04766956614586245,0.33716005596928145,0.0302004574198597,9,False
70,0.006822360689265433,0.030790594140322577,0.061054040643062524,0.14734338667811447,0.06784534609714979,0.19492900135164898,0.07816790732970136,0.03230597805843888,0.38074138501229593,0.0,8,False
71,0.01686052260878985,0.036322512541598274,0.07678672870628968,0.12858822422847938,0.04359163023764174,0.2483772581334967,0.07520332398695252,0.020898014874561863,0.35278169098134593,0.0005900937008440485,9,False
72,0.013034427554917022,0.04677708651538313,0.05597761611225752,0.128127752412728,0.06898357077208112,0.20097724073726947,0.07015236642522243,0.059610374084471465,0.35581177418052773,0.0005477912051420354,8,False
73,0.036205974487853995,0.05854574148323794,0.04497057887194792,0.1388821741502195,0.041305074474555614,0.2255783915461702,0.06060374589711155,0.022824676551342436,0.3581059913642666,0.012977651173294347,9,False
74,0.007825321772126229,0.053346381200350554,0.05990263174298029,0.12639141579308064,0.06466209295471767,0.230803475239617,0.05812634718785277,0.027059274772128147,0.3500321753289868,0.02185088400815997,9,False
75,0.02899214988200801,0.051755370280101874,0.05432090175492951,0.1147293334838728,0.06116815222596546,0.23308468988087858,0.06683975851196944,0.02709792371903492,0.3396598964744787,0.022351823786760636,9,False
76,0.017586495945023237,0.061753298779170865,0.058530481001031726,0.1216778429639767,0.06848883026703569,0.23385075206123507,0.053145966740041024,0.02762261771899596,0.33074189055742065,0.02660182396606919,9,False
77,0.013072671706201435,0.04921942979523701,0.0725536509700939,0.1276484614780718,0.05460062978680293,0.20096119611804172,0.04571880362875866,0.04312727943182984,0.376065223823565,0.017032653261397756,8,False
78,0.03144757793727341,0.048373824727264474,0.053395923026246676,0.13600260626445232,0.05897544667261399,0.22282110747023617,0.07376897436337113,0.019160941059947697,0.35067676721670105,0.005376831261893183,9,False
79,0.02947604435234117,0.04305727027567008,0.06190824402193212,0.14491354068022605,0.06754795966897652,0.2127350116814661,0.06071410878365911,0.03673247897764105,0.317582473801942,0.02533286775614584,9,False
80,0.011713613221630441,0.04991561965728319,0.04766503317935739,0.12465896023388028,0.06007775820414046,0.2343692733747973,0.07776655910695462,0.03400856480125496,0.3467004611830948,0.013124157037606665,9,False
81,0.014439596040281052,0.05885003940393544,0.04798328025769499,0.13857724542769898,0.0451694500896502,0.2249503628576034,0.05532561309494586,0.04321456518658672,0.35619996954238947,0.015289878099213871,9,False
82,0.03054615610632918,0.03392050489653447,0.050397377520710565,0.14173646831988743,0.07338832172653999,0.2216164908048198,0.054813695949953584,0.02822991023528371,0.34821455460316836,0.017136519836773032,9,False
83,0.022679222539493452,0.04997416044824467,0.06400876510758267,0.13552320778796068,0.07765491702997751,0.23920140776478035,0.05246582391385011,0.020336437332860714,0.3211927276228704,0.016963330452379594,9,False
84,0.01530198874071435,0.059798801312101725,0.0493094916140227,0.12880009228349162,0.06470491249821135,0.224201046933365,0.060124949718336713,0.025292819000941314,0.35703675708364796,0.015429140815167403,9,False
85,0.019361000122630187,0.0554391489973818,0.051581578380671525,0.11903389586060689,0.05784120890013999,0.23016827479952195,0.07051291082917024,0.02821792886039735,0.3495190150820746,0.018325038167405456,9,False
86,0.026491747951343226,0.05913569105866989,0.05227258414280102,0.12902288632965808,0.06459844362740728,0.21407861257272406,0.06838872081798145,0.02113849175295484,0.33285474558781347,0.032018076158646755,9,False
87,0.026743123578378464,0.03580319812766252,0.06139430282980677,0.1295599737675464,0.06767012294670394,0.18899531957513468,0.08561514758501217,0.036115366776979074,0.3292286132937844,0.03887483151899145,29,False
88,0.01273134468941012,0.044626746094832234,0.06304890512174056,0.13714381718305094,0.0583899454862327,0.23124963256733386,0.07661840924821259,0.02576682356867272,0.32742177368518344,0.02300260235533086,9,False
89,0.03268323733016164,0.04781261950951697,0.04627240224729858,0.11733891040809964,0.0691921911732696,0.2365831624976321,0.03910344562378892,0.04786840143922907,0.33506452607615556,0.028081103694848026,9,True
90,0.0257368249043108,0.04050361709511651,0.05457479575712188,0.13056671879926415,0.06150275223579425,0.23439423206140467,0.055908678991520064,0.02388625320893991,0.34612422273249555,0.026801904214032245,9,False
91,0.008043080724554244,0.03181397053692211,0.05915115182314047,0.15593273541795807,0.05085215189694328,0.21438695004761313,0.06866485548130798,0.016065557041173312,0.388505782271752,0.006583764758635449,8,False
92,0.012665737087055132,0.05145688136086343,0.030427711137218063,0.15134923162417432,0.05290390549313035,0.23669301710349205,0.0739617916826789,0.020704012849157172,0.34475079382147733,0.025086917840753325,9,False
93,0.01089389841697224,0.0472620885943821,0.06275110461211304,0.13526220854562215,0.06599213868253308,0.23760082708248273,0.06845843650391548,0.022758695134906314,0.32864290353110076,0.020377698895972067,9,False
94,0.02883874344440595,0.05064163331235142,0.05582793785728067,0.1056970367507879,0.06038288932715679,0.24135289402742685,0.06328225246498742,0.0319660719410993,0.3364480320856436,0.0255625087888601,9,False
95,0.019151042334553045,0.043278219392785554,0.06671526998277681,0.12537663787226178,0.06440179286187601,0.22870486187895717,0.07142347107204494,0.01649048714089358,0.33540083538596055,0.02905738207789056,9,False
96,0.006749367699856966,0.06386356361825153,0.04797392222862639,0.14053502067981505,0.06407091685641982,0.24788300537401234,0.06398687748600028,0.022160690032365208,0.3261347277772815,0.01664190824737095,9,False
97,0.01233681602370082,0.04298377222697127,0.06298796759216915,0.12203079862723523,0.05055478668319191,0.23738269416095148,0.06769665262209866,0.027093019495714087,0.3693005620380376,0.007632930529929796,9,False
98,0.0076825340596377795,0.06404558742250756,0.049256895398810535,0.1394198331362452,0.06767144531698445,0.23762167894203123,0.06334585132519203,0.024109065402961337,0.33603059869074997,0.01081651030487993,9,False
99,0.010692087445431684,0.04917001779421105,0.06824926091885157,0.14028492629216466,0.054340790659210825,0.24215990857757566,0.05139096214591968,0.0295701836443015,0.3362375000208303,0.017904362501503134,9,False
100,0.0,0.04351382428175409,0.060022708231642186,0.13008589446387142,0.06385130855824711,0.23072952183316262,0.06762748896006686,0.02539753828032651,0.3639525114833634,0.01481920390756572,9,False
101,0.019830870715066264,0.049572374952601826,0.06183722378082207,0.1279097159354986,0.06886185539398525,0.21101460581693574,0.06909349435732862,0.037403941254301055,0.3544759177934606,0.0,8,False
102,0.022529089348082534,0.046689068408009245,0.0630145496234183,0.12323102990896816,0.04663476220257923,0.22442101468098308,0.05776501691537811,0.04227767743589665,0.3369256408334049,0.03651215064327989,9,False
103,0.013923122526806223,0.05598929589475019,0.05481365904134875,0.15605855348505945,0.05916551380115173,0.2011198804943182,0.0747612338842592,0.026574839932692853,0.3201837989854863,0.03741010195412703,29,False
104,0.0033262178327672035,0.054307546590866,0.058150477406660364,0.12684555045912504,0.05126877371285961,0.2240643034270194,0.07503270427218175,0.02477409653172353,0.3526581037725168,0.029572225994280263,9,False
105,0.02439767168478291,0.03344548323560069,0.0646424380103029,0.1421545878304786,0.060671761828309696,0.21934013840929295,0.05493048255970523,0.03259894698370981,0.3433869005942535,0.024431588863563773,8,False
106,0.030218491794138387,0.046733912687044,0.0525942867080049,0.13533304592492307,0.034769520953862744,0.2021684164851737,0.09107776347237968,0.030899981584080655,0.34389258419787827,0.03231199619251461,29,False
107,0.02337090657755574,0.043525905957267276,0.07822126688322267,0.11944236257868766,0.06621376713798444,0.23304911839817352,0.056661189498244634,0.016142900407693693,0.35206276169680795,0.011309820864362342,9,False
108,0.023415662015926996,0.023585792698422068,0.04958810846231492,0.13942373882075587,0.0453663811556415,0.22462029853931362,0.08193708092756395,0.030175932033935562,0.3250772539217427,0.05680975142438297,29,False
109,0.011561507417679537,0.05112025270043052,0.056051780638632746,0.1331908285823339,0.03637012105388535,0.19202580343092066,0.0870119816496103,0.04941319847368994,0.34923577252165255,0.034018753531164514,29,False
110,0.026129836075275234,0.0502803607400186,0.04745800871993832,0.13253266722485255,0.06485949672002723,0.2265957166073722,0.0679214554557017,0.013870188508808943,0.3453238767115724,0.025028393236433084,9,False
111,0.024964350296179532,0.06238574832288883,0.041233050290127464,0.13123425959104168,0.05899758621878866,0.2200206494412077,0.08102683071229469,0.01880718040725143,0.3524020427521115,0.008928301968108694,9,False
112,0.012758711984208571,0.04758324283098614,0.0597474792606857,0.13930203711241315,0.06937399254222529,0.21454719721452065,0.07446245595683516,0.01496526001040188,0.3462604038020052,0.02099921928571834,9,False
113,0.010643363177805046,0.0599250415780216,0.05476963797120478,0.11882773278088977,0.059682756228784196,0.23337714854158267,0.06186035422373176,0.016972237550084167,0.3607027215753785,0.02323900637251754,9,False
114,0.0042988979675297025,0.03396278941619949,0.04077824082650648,0.1258979095015215,0.07083142703223053,0.2519476994870842,0.06937449708171645,0.026196177710252774,0.3633480525988064,0.013364308378152424,9,False
115,0.022087161210269157,0.0501452117301691,0.050737154730354624,0.09844415071963587,0.049227157295199574,0.24003873311238233,0.06023724892972298,0.03966736679072323,0.3607062736372134,0.028709541844329632,50,False
116,0.025253315733754677,0.04314746906572056,0.055350237348038026,0.14316738487275044,0.05447962778607286,0.22706370031152373,0.06918800281134699,0.02228453644887767,0.3377315289096653,0.022334196712249798,9,False
117,0.0,0.05834178310171145,0.04000714816474503,0.1085865337479963,0.05232381379819154,0.2349421451401568,0.05448848201445253,0.050682008350969004,0.3576388838035917,0.04298920187818563,50,False
118,0.01978421653446955,0.04210092761441884,0.06916142958536367,0.13008440685146083,0.05595560986055161,0.24237493120209747,0.043494005529889114,0.03216123311312972,0.34446949682607314,0.020413742882546018,9,False
119,0.027069833312693057,0.037152891261898344,0.05694246737012383,0.14419735027874114,0.06607385406286805,0.21047203205730475,0.07593901855684021,0.0306499711678808,0.3251287789861381,0.026373802945511567,9,False
120,0.02156335388191044,0.058069110958559066,0.05537806137436871,0.11843229557284163,0.04734436449568286,0.230206542537229,0.040536489473040414,0.0517871564454804,0.3418800384600757,0.03480258680081174,50,False
121,0.02040165731225281,0.040160683576426694,0.059093005366403904,0.1318878067789597,0.05928136863811834,0.247886355172717,0.0731768205503257,0.025904008016431973,0.32337998840795845,0.018828306180405163,9,False
122,0.034139340739879544,0.05188277871124192,0.06365636103737929,0.12432042308582751,0.060953671575561676,0.223178051215631,0.08282186846333463,0.019561508914123484,0.32200136724834816,0.0174846290086727,9,False
123,0.02976671427876894,0.0567011823486488,0.06480256476459795,0.1210612227237858,0.0414109262288039,0.2329378786207135,0.05858297933168875,0.028860564891412713,0.3357776796212892,0.030098287190290497,50,False
124,0.019948861416288093,0.05327537719385051,0.0670779773106361,0.13010011280726255,0.03890200468435356,0.2204846299140953,0.07895521342544988,0.04719406514903725,0.3189239206541178,0.025137837444908957,50,False
125,0.010618983127475836,0.04855995521873901,0.07117667788421814,0.1459527287204652,0.06658908595606958,0.21277422501476043,0.04878149422654994,0.028168565777308533,0.3569591119410934,0.010419172133320043,9,False
126,0.007345978113097112,0.0513564167185646,0.06834046996377405,0.1216311525385639,0.02347219975149279,0.23223194002480313,0.05868853464461546,0.03161597760978339,0.3597556175120173,0.045561713123288224,50,False
127,0.036143366303801404,0.0330571588673878,0.0703647269395944,0.1344051003941083,0.055966675335130944,0.2158541308707734,0.0559467434237876,0.03800809433025665,0.35126293305450285,0.008991070480656413,9,False
128,0.015363912009429782,0.04673418274757848,0.0585043515448641,0.13639662201706945,0.04398053289015351,0.22969283012075875,0.0641507122496113,0.00768375989315908,0.3840569010545441,0.01343619547283145,9,False
129,0.01600212475153301,0.04797009995531606,0.07436379340756538,0.14245583117907776,0.03411062734406595,0.2209895368466797,0.07643379364539475,0.016369121471409835,0.35224008662489525,0.019064984774062398,9,False
130,0.00877689191852394,0.024890122854455746,0.07611324994656708,0.13454733787436773,0.06365008953770393,0.20408972008434206,0.08451205510093349,0.014672251057522194,0.34940822209182365,0.03934005953376013,29,False
131,0.00512105346526776,0.057559202706010955,0.04971382057489332,0.14092660733186907,0.05810425505331561,0.20462745256010273,0.07317840088754107,0.02059578553261071,0.3469445532717308,0.04322886861665796,29,False
132,0.0353283764774329,0.056355450874958114,0.0504011043777227,0.11199500261754185,0.03225057267037529,0.22307584767998745,0.05499407669019792,0.04637121561666567,0.34847903582157397,0.04074931717354408,50,True
133,0.03844213012403175,0.047973839548217184,0.04482791458093608,0.11954382802542105,0.06023764286992955,0.22294801053491903,0.06936411006589613,0.029513857913300523,0.345831575452403,0.021317090884945756,9,False
134,0.029732844858496914,0.0328215887256106,0.05718626883376575,0.13583283336674998,0.06420052955299889,0.20569557774948616,0.07943531190422452,0.03370507330431076,0.32485169059670843,0.036538281107647994,29,False
135,0.013379382954599598,0.05526899908051165,0.06312161862503254,0.12455184696786689,0.0557639944654235,0.2022161153616637,0.08406641365968348,0.0319834461462218,0.335038648495392,0.03460953424360491,29,False
136,0.023926024489868115,0.04972587527670191,0.06894427378656456,0.13489729123725522,0.049195447452161686,0.19566124991369627,0.05837043224652479,0.03750999171203211,0.3413935886006404,0.04037582528455486,50,False
137,0.021730148212518816,0.049777570861084544,0.05494265278561729,0.11866116110323544,0.04037525448230213,0.24205410361066051,0.05207519763779734,0.04564560321535482,0.3420002003424842,0.03273810774894494,50,False
138,0.02059736348876925,0.03718799562224595,0.05251450842773903,0.1247927821531724,0.0596417456391342,0.23123026069277372,0.044299049224354285,0.04189807997853751,0.353722666109766,0.03411554866350765,50,False
139,0.020112668940305976,0.060871813635271096,0.06303630430857216,0.12502673902460695,0.02961583528942915,0.20477802607211626,0.06152634342433419,0.03816215326030604,0.3563077098541076,0.0405624061909506,50,False
140,0.019143640281513784,0.04350357158208854,0.05691661741754924,0.1343441223192853,0.058748198328294844,0.21523781745829648,0.0771718642027857,0.03949060963131477,0.325343570747419,0.030099988031452432,29,False
141,0.014736297699665505,0.05171102956748696,0.06971786205052463,0.12615988891802,0.03458817429674492,0.23590675019619162,0.0488065254992737,0.02305623267513215,0.3531868056402384,0.042130433456722,50,False
142,0.03471767792720121,0.0410869448638378,0.07180040408488927,0.12545024943451366,0.05001643271314387,0.22441637691304325,0.051741440115500026,0.022776661958569654,0.35417984615049397,0.023813965838807304,50,False
143,0.03580488052309815,0.056840676970028294,0.06741465011212441,0.1231014827317174,0.029986508395422672,0.21644791366836882,0.06249255035413657,0.03300191704719797,0.33080356058766747,0.04410585961023818,50,False
144,0.03390207646294166,0.06369695575401244,0.057014615911154684,0.125146639818306,0.06566520192416975,0.21840600594436754,0.06730096708307469,0.013622369918904129,0.33493664027152775,0.020308526911541315,9,False
145,0.047525714259166414,0.04633849020881495,0.05999524049317888,0.09670272613847122,0.047055335797495566,0.23506806859981455,0.059924477429237205,0.012159789135445647,0.34825218170151867,0.04697797623685704,50,False
146,0.01761465365548296,0.032904217418605074,0.07729800770352475,0.13003222523459862,0.04648361266177996,0.22965474037159692,0.06480665568228343,0.014142767815550206,0.36346604387426246,0.023597075582315608,9,False
147,0.023683976776572444,0.05775427234711145,0.04872042600522543,0.12966371437688654,0.02675458800210845,0.2134305695632116,0.060225984047992315,0.041037079085420765,0.3622449790334029,0.03648441076206803,50,False
148,0.031623603519009974,0.04636193379591093,0.04191917794294289,0.12832142024975288,0.059169893749446124,0.21482021312088487,0.0768616330682891,0.041540501206223795,0.34632610117298746,0.013055522174552105,29,False
149,0.005302312855922102,0.04874034802978848,0.049579249413146585,0.136276221656576,0.03978415730899557,0.21786414466698897,0.07365715198174906,0.034505775180818155,0.35620330521091176,0.038087333695103275,50,False
150,0.031692908544829375,0.05773073439139497,0.057441252702346325,0.12574479690197585,0.03096606689196832,0.20599594123030723,0.05265194477096699,0.04222420177893213,0.3507646304146241,0.044787522372654834,50,False
151,0.03274302927035401,0.04551075918711578,0.073167633606215,0.14929197552020296,0.06438128178281678,0.19794276089852714,0.051975178323964887,0.017036679399859794,0.33870147477769724,0.029249227233246345,29,False
152,0.028025006586728775,0.07460827129099522,0.04298888309508236,0.12475607493750719,0.054287632995400355,0.2134122870525392,0.036541282720292535,0.04456189918730699,0.3416276303627946,0.03919103177135283,50,True
153,0.016192266629706242,0.041818506535918336,0.05764885592394217,0.14038393043097494,0.0643092532504855,0.199486064138414,0.08378810962989341,0.041110300663712865,0.32794437798896997,0.02731833480798255,29,False
154,0.011916744439476174,0.04778437247992909,0.06737263150834528,0.11765533851902574,0.0417158483550264,0.2298246727028458,0.054919020732902134,0.03213402696347447,0.3577319531920049,0.038945391106969984,50,False
155,0.007680965734977806,0.05807228808979161,0.060286940441439535,0.1097486129269058,0.03373455849719468,0.24050334450255928,0.05632674312197579,0.030322328775215318,0.3532271902946289,0.05009702761531127,50,False
156,0.023044033214418162,0.047052892675154404,0.053930348689234534,0.130779862929991,0.06252077980886822,0.19859928482988146,0.07110786380849618,0.05007374268830952,0.34813475183264847,0.014756439522998025,29,False
157,0.02789746539262124,0.0526146933671076,0.05170791575581904,0.10813769119267408,0.0423804974863878,0.2189834151980915,0.050096970586771025,0.042896576734544306,0.3675869750027864,0.037697799283196984,50,False
158,0.023079615611349066,0.0312986748063753,0.0602430651086944,0.12748254647337398,0.056364459568253145,0.2214520630441583,0.05748752011617172,0.024400903938809927,0.35162216220171394,0.04656898913110037,50,False
159,0.019998782655877744,0.058686433960096616,0.04691979287706814,0.10595538256268154,0.05424934298286971,0.2193068618709249,0.06060798640174308,0.05146881737546817,0.34443395558587736,0.0383726437273926,50,False
160,0.024213816035081263,0.046541065332439804,0.0730333940841865,0.13219436332683,0.05342442116719609,0.21396344353782717,0.05023020744643855,0.04655054455778555,0.3353974995220263,0.024451244990188713,50,False
161,0.020893440054090846,0.0321173176377822,0.0637771294515969,0.14573311065709857,0.045588705051567334,0.20150006376246224,0.07631644324929895,0.03888542209369241,0.3442079302887886,0.030980437753621852,29,False
162,0.015657075387498113,0.06066922091537344,0.04023924333530674,0.12252664170626121,0.025147477353969872,0.22994433026429967,0.0715416171966873,0.03694903745913036,0.35001828419769826,0.047307072183775216,50,False
163,0.02932588684973965,0.048761472652070266,0.05732594009579559,0.12152401555878549,0.034073232904203506,0.23435292335396765,0.03658508420199313,0.02415600543267473,0.3504033803888224,0.06349205856194763,50,False
164,0.021561487451135324,0.02786929513714519,0.061778634765755194,0.13966455697604147,0.0472838473392109,0.23227400880728544,0.04921962299007562,0.0,0.3749448558764967,0.0454036906568542,50,False
165,0.028673016997284903,0.06260884140618245,0.051071564742685455,0.1337889906397231,0.035911071135634014,0.21790305815312078,0.05126674892533828,0.021769190421784844,0.3616292578172213,0.03537825976102493,50,False
166,0.004382087949592223,0.04320312764475065,0.06867053547438072,0.137865716943818,0.061650972372182415,0.19829036468089695,0.06608523125420578,0.032875775698916185,0.350387489613459,0.036588698367798156,29,False
167,0.02649610989912468,0.042970032801458315,0.06098306623634225,0.14737343726874044,0.03186263413196765,0.22726651619862198,0.030218099665302475,0.020257070771434432,0.36887733362044933,0.043695699406558465,50,False
168,0.02228779841620717,0.05141724081158545,0.06661259554250791,0.13204811650011897,0.042816859877406244,0.22759244791502867,0.04116342148148906,0.04169222122362653,0.33640100605580064,0.03796829217622934,50,False
169,0.029808184014852846,0.050577285839429165,0.062002102048033254,0.11588515450057,0.045112034270491506,0.22459071424672414,0.05559853312640169,0.03100930552092578,0.34668060545248175,0.03873608098008993,50,False
170,0.01851988674530494,0.04277768226533375,0.07279095135392391,0.12553347629580525,0.039695890375534386,0.21673359936211675,0.06780076046864673,0.04039092108407331,0.3336761917205577,0.0420806403287034,50,False
171,0.03310673298516363,0.046943581453673486,0.0571693635345793,0.11878519859672446,0.03902647121164869,0.23012798530844025,0.05855979880586013,0.03642525518389049,0.32360282986164884,0.05625278305837065,50,False
172,0.01957743652755319,0.045611038614985,0.0607794708627332,0.12447631407929545,0.049641740573384996,0.22180849858585475,0.06747571417864381,0.03848709572215036,0.33167958688188964,0.040463103973509586,50,False
173,0.025466337640731706,0.03003509221794441,0.0628828780314754,0.13168820339066023,0.05700654783220192,0.23977543485963335,0.046542326662420315,0.014612003580460867,0.35972653561707285,0.032264640167398786,50,False
174,0.016464725014958572,0.05529979182900853,0.07777004315611237,0.12730916524155844,0.026188893590544722,0.21669958490416688,0.03721789037118183,0.03953581798736728,0.3611997693698836,0.042314318535217846,50,False
175,0.021835820659310803,0.058675135997619685,0.04919428813249433,0.11912253895354936,0.04888472048948458,0.23747733992660183,0.05798724924793168,0.022702425364793777,0.3451005102205216,0.03901997100769221,50,False
176,0.021023066027412884,0.04620992985563856,0.053345830490736046,0.12262110744907176,0.05062227838900518,0.2210500240337379,0.04480295081685553,0.046437738761922746,0.3486327325887143,0.04525434158690519,50,False
177,0.024454292330010216,0.04937334339485241,0.053516936358649056,0.1421934369220149,0.044877102508731295,0.23423725702409415,0.05633823044242109,0.026119903581630025,0.34965290229980944,0.019236595137787364,50,False
178,0.016669909718638545,0.050537092044292554,0.04590558237954291,0.11721944049498367,0.062182166101514245,0.2394193282120916,0.056894677142501564,0.0336994110460744,0.3559047728641199,0.02156761999624056,50,False
179,0.020566085824477474,0.041548387978660145,0.04440212998682571,0.12998336555134732,0.047345449904093374,0.22625945264637218,0.05401619522027204,0.043736624777458745,0.3557337619654529,0.03640854614504015,50,False
180,0.030378488450790893,0.053693514785559456,0.048801335270565654,0.12293089869120304,0.03170637071753235,0.20281876491586856,0.06831652553746483,0.039310631789367015,0.3546643040490828,0.04737916579256556,50,False
181,0.044542856361792914,0.04782530610811011,0.04746398380642443,0.12455462756990669,0.027322281868962323,0.22100436535820422,0.049879343622276,0.039023272987514804,0.3496023393355449,0.048781622981263574,50,True
182,0.022135626423598596,0.04705684706954196,0.05151175137117489,0.12171782131595023,0.06018692002282664,0.2110113688912404,0.04348599775074685,0.04567858840868034,0.3504931481678418,0.04672193057839828,50,False
183,0.02547172927365122,0.05660396103905814,0.0629587610906528,0.13022149536303448,0.050850398254019796,0.22866197088659346,0.057296680077732046,0.02176818090299525,0.3413710878969658,0.02479573521529693,50,False
184,0.011770697697216045,0.030047607871154174,0.043749627086986945,0.12543568302299576,0.04136774831384432,0.2478162457396856,0.05765064294096706,0.02531911532009258,0.3731019286950172,0.04374070331204038,50,False
185,0.013326126369452285,0.05124903948915944,0.05618080884401291,0.12829597022026112,0.038110781269841354,0.2246857529441642,0.032368210423161896,0.05798390606414251,0.3592356479823873,0.03856375639341692,50,False
186,0.03711917767536158,0.06246094340882153,0.046470068915823344,0.11110081509218386,0.03060675709118263,0.23432030724232902,0.038395404964676055,0.04114507935997661,0.3578071545644418,0.04057429168520364,50,True
187,0.021411590033877107,0.04834605345345002,0.0623877277585516,0.1316676574920087,0.04752289966074906,0.21699033733566644,0.03485914359231158,0.04400743325885779,0.35222898199605945,0.04057817541846833,50,False
188,0.03596583541480225,0.05132154653909922,0.048729737529227414,0.1260136273114366,0.044909197181398894,0.22825867961403873,0.049469909397081804,0.02874869874057968,0.34641545663623746,0.04016731163609786,50,False
