ID,strat_res0,strat_res1,strat_res2,strat_res3,strat_res4,strat_res5,strat_res6,strat_res7,strat_res8,strat_res9,ancestor,alive_at_end
0,0.021918834347669506,0.06372025669903866,0.20689787399213744,0.06110978143035183,0.24707985963654788,0.0634892236929213,0.0939134159147882,0.011600374931270157,0.18544384629582014,0.04482653305945494,0,False
1,0.012817116192731709,0.0645999130551335,0.20310939932444014,0.06469512262733856,0.260742610758298,0.07665851974512793,0.0867051633555643,0.007233943330098765,0.1776327903157963,0.04580542129547074,0,False
2,0.01696424077156532,0.06334142844418911,0.2229550904387703,0.05149263031470526,0.2500646343149078,0.06726681294317367,0.08011654558121044,0.014015410347327905,0.18489016847353956,0.048893038370610827,0,False
3,0.011406148670719414,0.05875039387181761,0.24087097612869982,0.06141811564065547,0.2509046907554905,0.057545839878347195,0.06489905738847918,0.012449970292069196,0.19157579681585346,0.05017901055786816,2,False
4,0.013472718192688112,0.06333610107850061,0.2297206301990475,0.05504874730925019,0.2410607428762905,0.05739479672017909,0.07732426716759222,0.012262337583832512,0.20127056067285723,0.0491090981997621,3,False
5,0.04028411453106022,0.04874606090291659,0.2208249034926401,0.06036863521004824,0.25034683809841124,0.06138880290454024,0.08520833374161531,0.013566560734158845,0.17516494521547352,0.0441008051691356,2,False
6,0.021515497581937725,0.07532387707319108,0.2080244602733191,0.04843203306241013,0.24697012973470955,0.05967600637633881,0.08047119041606883,0.03187362941998299,0.1784875785340999,0.04922559752794175,2,False
7,0.006551307178192356,0.06879291973203217,0.20864313116415656,0.0618983836258009,0.24144061661738786,0.07372398327391609,0.09335969000513859,0.0,0.18768469231169832,0.05790527609167718,0,False
8,0.02527348136858648,0.05125559742000587,0.20799430840338384,0.0658496504391417,0.23814847711526677,0.06940273948286997,0.09401782986922005,0.01157039076075772,0.19233143575559686,0.04415608938517073,0,False
9,0.012526633653986347,0.05741765112847377,0.25010743250809886,0.06350022884478292,0.24079035157046352,0.04122226730113127,0.058218973784943416,0.019319780902928376,0.20252221533424516,0.05437446497094642,3,False
10,0.020269252819916084,0.04950964765552137,0.20059284174988185,0.06424735721034598,0.25071443041185487,0.08021117498454414,0.0968350960361575,0.004609468907399203,0.19008431464176617,0.042926415582613064,8,False
11,0.005226577067975056,0.06730194634009265,0.2300249513643665,0.06471581374964419,0.25299929762122125,0.06249027160232237,0.06655401152540663,0.001655421805571952,0.19211042357378602,0.0569212853496133,3,False
12,0.026391036873639157,0.061982963406477055,0.20081939476427096,0.06651457656280858,0.2409518157353191,0.07434983594877453,0.08023150393731034,0.0,0.1827874989461485,0.06597137382525169,7,False
13,0.015219582097889116,0.06660150129725557,0.22779264035127084,0.033715941577587255,0.23984869044849524,0.05446132438068908,0.08793376137548362,0.005657830085309205,0.21636737168671538,0.05240135669930475,4,False
14,0.0,0.06478751806616029,0.23625133429556164,0.06284050263176735,0.25293745861468275,0.039670372400937265,0.06800138518265951,0.027408966120185056,0.19128260037441436,0.0568198623136317,3,False
15,0.029830771894888784,0.056742533623719414,0.21254704731071206,0.07455019702940838,0.2481655160082239,0.06549243455732712,0.07467109346525727,0.007275712671915577,0.18904622817471473,0.04167846526383281,2,False
16,0.03125199684950516,0.049306734330290286,0.23074231925311312,0.06852327606910508,0.24490369961023173,0.06187113206475485,0.07623979641008277,0.010500034636689706,0.18294430385828128,0.04371670691794607,5,False
17,0.014394068431072663,0.07017922146067333,0.22440691921647643,0.04749522683039779,0.2331282170138212,0.053116981813206336,0.09004572370093321,0.016055520041842016,0.19897665046584495,0.05220147102573205,4,False
18,0.003865131921133437,0.06241449858639014,0.1787299526595204,0.08163403927722572,0.2723123209096471,0.08246720258846908,0.10184995652363454,0.0,0.180827311599033,0.03589958593494652,1,False
19,0.02497430033392043,0.06970573145313406,0.2006665395818827,0.05221805378597014,0.2602736099940949,0.07906291172705268,0.08438480527576965,0.0025077142471338757,0.17104507546165557,0.05516125813938581,1,False
20,0.01963023822478265,0.05296696033938986,0.2223470953263651,0.060352374595905915,0.2650693572065614,0.07130812102323643,0.069584784653518,0.02223877869572423,0.19089394556993178,0.025608344364584597,3,False
21,0.017936086604729194,0.07009492678745802,0.23057423488132042,0.041332010175849934,0.27440758980058333,0.04627193532400647,0.07791055362876968,0.019619887223521638,0.17333670083523273,0.04851607473852851,2,False
22,0.0,0.06899898386091662,0.21580028788867772,0.054763342128549324,0.23787484224328648,0.0822690641911939,0.1115382101123295,0.0,0.17956801576189577,0.04918725381315073,7,False
23,0.01768677202520748,0.08831596658376122,0.20281988468308038,0.05348158331506086,0.24630815484594049,0.05419205498211407,0.062414653434351985,0.0334252033391241,0.19204338897133658,0.04931233782002279,6,False
24,0.04509971111386072,0.06112349311511001,0.195643257277711,0.05502029804064092,0.24308747374092843,0.08448385151230871,0.08832318844372568,0.00239564220071198,0.18285769875317107,0.04196538580183143,1,False
25,0.028486937814194365,0.0685359395288938,0.21034042359780808,0.03218316469681827,0.2658172748138474,0.04258463346599387,0.09336281778264822,0.026982739352848045,0.178341684611799,0.053364384335148986,6,False
26,0.0013885368016214909,0.05441035365418892,0.2490670580189092,0.06237975293352824,0.24163334668942585,0.04510615357591622,0.07042387287416667,0.017298834026609793,0.19880738569169928,0.05948470573393443,3,False
27,0.017298454046122888,0.07157044903874726,0.2180992845073188,0.05398140669535399,0.24739780633021752,0.06773378581754075,0.08257095077493541,0.007475581212773463,0.18121208018599924,0.0526602013909907,2,False
28,0.0,0.04187712112788711,0.22803944634326978,0.05328979871008786,0.26048056960129795,0.06096078992970757,0.10109189669587088,0.0,0.1961590400533437,0.058101337538535074,2,False
29,0.0,0.06747995518079694,0.18922486543255929,0.07388962339427059,0.25285973788908983,0.08125282389757062,0.08505166591528128,0.014723141691494539,0.17268421617730323,0.06283397042163344,1,False
30,0.025125030876137947,0.06442338968764817,0.21813312770006446,0.05727569748776387,0.24178433560215007,0.06100332257743987,0.09415202844054688,0.024032221003947245,0.17186836268288216,0.042202483941419275,0,False
31,0.025984996448743178,0.07061124291498601,0.19931138385109778,0.06687859966921386,0.23614030185762172,0.07006292378577238,0.0984694084688012,0.010756990048697434,0.18474658200713032,0.037037570947936194,0,False
32,0.033770538621148954,0.042254835286513526,0.22370950046028248,0.06503184649842628,0.24715078895224196,0.0666219669842575,0.08404972738207735,0.011433453464662291,0.17498107729321322,0.05099626505717642,5,False
33,0.013755371791566579,0.06129434438902254,0.21919138069849142,0.0597882946508169,0.24800929010452819,0.07401159004504448,0.08252307498695083,0.007099909990209707,0.19115825062123865,0.04316849272213068,2,False
34,0.015691151650748577,0.08145820654380181,0.22212364912045182,0.037474914751665,0.23444965391166597,0.056299242431557366,0.0818672648477837,0.03419135478052305,0.1927694923557341,0.043675069606068546,6,False
35,0.01722273378115949,0.05776733470759032,0.21098249136299427,0.050738300463720104,0.25447892526813676,0.0762558868960008,0.08816833444376707,0.0032174203140850487,0.19030735775154387,0.05086121501100243,1,False
36,0.015657232975552944,0.056444386447571236,0.22830913812132111,0.0546348518513649,0.2294446590340526,0.06914748669228274,0.08966629207823268,0.01711091919530699,0.19131478081334372,0.0482702527909711,0,False
37,0.04135665636154546,0.06803590166344363,0.17871355506021547,0.05897157433459512,0.24718117170189707,0.06603654541140311,0.09191323797709657,0.007861570223267682,0.1983733269879633,0.04155646027857259,0,False
38,0.0,0.06781332184497105,0.22780034400556273,0.06399148296956922,0.24052098281753093,0.052757338629829786,0.08858266441565439,0.012390625105078408,0.18462303155814383,0.061520208653659536,4,False
39,0.031203049710517645,0.052388411279333406,0.21782481453287753,0.05118430118577473,0.23288459789208354,0.07504170227246042,0.07768025538442029,0.01829095714671657,0.1905462418037292,0.052955668792086824,0,False
40,0.022472278497241066,0.049167279764943055,0.2223213736898038,0.06195743863425991,0.2486210100187176,0.05322452819695207,0.08494194280666359,0.02535905115321167,0.1777101857819686,0.05422491145623885,2,False
41,0.008894338580977669,0.07176695725112667,0.1950770080278775,0.0631595338574674,0.23244354718614027,0.08169945438279345,0.09710910198508477,0.0014387338311322726,0.18788055513204513,0.060530769765355014,7,False
42,0.004934328056311809,0.07848652964630087,0.2014554229242783,0.053177390249504485,0.24657041078521738,0.06545088415039475,0.07575520349179055,0.024768795063261215,0.19575241948962224,0.0536486161433185,6,False
43,0.023066500483361223,0.0770641627882867,0.2056850380254642,0.05538012640861826,0.24779920361997407,0.056370364143662255,0.08585607778377187,0.014685979868472185,0.184296302020784,0.04979624485760506,0,False
44,0.027842178333237058,0.07050180229205855,0.1984579389700903,0.06993886650799369,0.24662323729425692,0.062140766699445044,0.08604422581646677,0.020214187076503264,0.18007077674260014,0.03816602026734837,0,False
45,0.01956860530058838,0.08875650736571682,0.22882564866216415,0.0564176372524106,0.24051216914233492,0.0635042525163918,0.08302532606358379,0.0004572283329207891,0.17807384952165983,0.040858775842228946,2,False
46,0.012997352409613624,0.08289143812591374,0.2057407502375775,0.031375315987616156,0.2613305504062838,0.05079982853944172,0.08921142068092155,0.02467572141953132,0.18039093410456863,0.060586688088532056,6,False
47,0.023717152027077835,0.06397879988249203,0.19209716871882812,0.06758164267166929,0.24809962862047624,0.0718980040294926,0.1071884674681578,0.014017879795046987,0.177907405380951,0.03351385140580793,0,False
48,0.02022937722508335,0.09188166854740229,0.216224352641261,0.04965686287644464,0.24814813596748886,0.05363778763098527,0.08052223048979536,0.025289759886051043,0.18074944382097202,0.03366038091451614,6,False
49,0.0030844329195309182,0.05542731490076031,0.23169606556271743,0.059698110999176476,0.2735154797372446,0.058874459693930764,0.06338071976770893,0.023215828027022132,0.1894365662852026,0.04167102210670567,3,False
50,0.04486311132551216,0.05380649670431099,0.23436719845216766,0.049664186532864744,0.2489757205659407,0.0669347326414957,0.08154414875975505,0.017240245961930776,0.1737912362154985,0.02881292284052377,5,False
51,0.013462109484521225,0.05009880090415832,0.25408389489005906,0.0549740075188692,0.22942910710610379,0.056155868821911085,0.08264305438987622,0.0,0.2117596277918127,0.047393529092688395,4,False
52,0.05162865397346144,0.05305944424456039,0.2140575959728464,0.06469278722643056,0.24926053069218085,0.06194559025174336,0.0992086832840341,0.001103461173872114,0.15543150184209858,0.04961175133877229,5,False
53,0.04603324179203342,0.049148851840845484,0.20290787893306453,0.06527883229030736,0.238658458694311,0.0641314811358017,0.07335009586119322,0.03564460114918083,0.17787821153377495,0.04696834676948766,5,False
54,0.002339060688109877,0.08487501931387255,0.2152630900491327,0.039183321305717805,0.24721454229434187,0.06408584907914819,0.06750264039654832,0.057224561524625066,0.18680740279440514,0.03550451255409848,6,False
55,0.032748477191822986,0.05552432084944799,0.2027933529345747,0.06436594268779915,0.24426401753377705,0.05385573401463796,0.09281464260987243,0.008585527986483005,0.19884526344586395,0.04620272074572091,0,False
56,0.0101511015425988,0.07475918006718453,0.20401990164647682,0.04606958781229908,0.247334039611061,0.06433853160807215,0.09913993481284886,0.040060640438890904,0.1669550915668644,0.04717199089370339,6,False
57,0.015942514507078908,0.0697300343129743,0.215370295096699,0.03645992962519976,0.2600932058802033,0.08386684511924436,0.06656374908775495,0.014624946974833866,0.18438575576260538,0.05296272363340635,2,False
58,0.07357476674558322,0.05133997046052251,0.21479975164295045,0.0580600211739453,0.22678392296299163,0.06201605883564065,0.1007302033299733,0.011892072086684023,0.15952380017892426,0.041279432582784575,5,False
59,0.03459633314894256,0.047317242842062804,0.22093352114867126,0.08039392731266382,0.24811321428869618,0.06886986122493921,0.06978088061486833,0.021443372261588566,0.16408377363214513,0.044467873525422155,5,False
60,0.012363485767064716,0.07966945178073569,0.1991953160719963,0.05144319151322564,0.23603536667127248,0.052475770363588525,0.09892830837325944,0.03733450448252676,0.17577656128549646,0.056778043690834015,6,False
61,0.0441631539531516,0.05114962197358109,0.21504346685258433,0.0657449862377885,0.2407259326342278,0.06122537560224326,0.10241490667682884,0.0,0.1660549669073694,0.05347758916222511,5,False
62,0.023678421465028077,0.0903879429666428,0.20841070834218112,0.05645956502792649,0.24971516594213197,0.05088712040114233,0.07068259516321293,0.038341514738399925,0.1685628567459498,0.04287410920738461,6,False
63,0.029057411437297544,0.07628103955723045,0.20659960746033015,0.04339096476822663,0.25029381192528755,0.060688815461996,0.08553406734289283,0.019877864124393598,0.18375338811548247,0.04452302980686277,6,False
64,0.03132287504432038,0.041382291628519134,0.2094514605515721,0.05900361850673921,0.2618615979155984,0.06656358262635571,0.08460473379027078,0.01579748046126886,0.17749787630335928,0.05251448317199618,5,False
65,0.057345899973675105,0.042939172154691514,0.22079743666649554,0.05287700685156373,0.2557615029627006,0.07627508214423044,0.07334630084942127,0.013996313229812153,0.17026032148479311,0.03640096368261649,5,False
66,0.008738934610246798,0.07038170012643961,0.22459487884522447,0.04239858888897832,0.25100154933894864,0.0789804706436235,0.07833984081860604,0.0,0.1826956668462885,0.06286836988164425,2,False
67,0.023924559021861642,0.054252223885448425,0.2186436232769013,0.0589469886795737,0.2517939587351895,0.06146072977838834,0.09162182142391766,0.01469589026704109,0.18556553548905663,0.03909466944262168,0,False
68,0.025736374280069016,0.09315613068663,0.20328076046275148,0.06622539065214779,0.24004124437800073,0.07229850373895128,0.07494928397340149,0.017900360802540587,0.16616978354950526,0.04024216747600227,6,False
69,0.04801242960067032,0.036757937446833984,0.23420191332809284,0.04704580288075822,0.25338382037321605,0.09147668315884144,0.08021163826519759,0.0,0.16792403885736107,0.04098573608902853,5,False
70,0.04358487469512726,0.047183910692620554,0.21886243441520062,0.06631684437572138,0.24222032839178048,0.05069401637225554,0.07688139800913213,0.025443084623406567,0.1812478092440653,0.04756529918069011,5,False
71,0.028667013069343557,0.042632261713679225,0.21222231593205307,0.0679888079770742,0.2480596949597844,0.06198828491356083,0.08352043320008876,0.0199901989460907,0.19082746389388058,0.04410352539444472,5,False
72,0.0323766825859368,0.06488501420863182,0.20634883837702495,0.025004370163528272,0.27173550311683037,0.06574820029807135,0.08731982190352758,0.026524674654884405,0.17546392278324383,0.044592971908320525,6,False
73,0.03183998554461184,0.07191733920624277,0.21216947314827614,0.04018354599592214,0.2538068414675734,0.07475474988466546,0.0911916155388836,0.0046562873192618395,0.17688971546411683,0.04259044643044604,2,False
74,0.03162658434991334,0.06153059060334446,0.21812182682099562,0.060389111292409856,0.24912411935767712,0.05174819108698004,0.0918079925274316,0.024691766476411477,0.17030907581974356,0.04065074166509305,5,False
75,0.051340769213599716,0.04354885131224062,0.21815392766891156,0.0518287679962908,0.2514188694745157,0.049485790654511724,0.08493054426983282,0.003770418037118706,0.185932161481604,0.059589899891374434,5,False
76,0.0366888020996005,0.04336083353474066,0.2086260293152059,0.051294545091669225,0.25015831459673654,0.06823026351658681,0.08929539232514831,0.029824099686678575,0.19110197810808763,0.03141974172554585,5,False
77,0.012727450740969506,0.0721597081422622,0.20525893737494014,0.05875657299425846,0.25130913138248767,0.049924081594443226,0.07914616922367441,0.03088462358140564,0.18669979751705257,0.05313352744850623,6,False
78,0.048079520494257046,0.0526712199036253,0.22473248909048182,0.046223243175482265,0.2601377097362679,0.0688568624376414,0.07603896921884222,0.0004717283830853054,0.1765412389725667,0.04624701858775011,5,False
79,0.018715274097171938,0.08442464526108613,0.20810214263695,0.061418930747495736,0.24777373963431687,0.05150636720006439,0.06752145250727165,0.016678207660838183,0.1976884329670221,0.04617080728778308,6,False
80,0.011001506584330885,0.0833532355104903,0.2064109175042193,0.031469138848338976,0.26347736755105616,0.060018489935245334,0.09321303899762219,0.021223225472858712,0.17905314473439857,0.05077993486143954,6,False
81,0.026721969088404084,0.08097862535779604,0.19650011255133132,0.05569937351453714,0.2514922296294603,0.06781750043184669,0.07483293417039745,0.044445150704557394,0.16050982569175884,0.041002278859910736,6,False
82,0.04094323735658385,0.07518445746034588,0.18021071264209085,0.052067098042962515,0.22630568031009274,0.05832941551112228,0.09158233879955399,0.04068531322847173,0.1687511014867783,0.06594064516199796,6,True
83,0.02651426258783868,0.07551829260969306,0.19844878960291407,0.054998819913818775,0.2511126129288986,0.06175724078145127,0.08771068461551237,0.035813204153328684,0.16875529316751586,0.03937079963902857,6,False
84,0.05831437941834767,0.06931431377804544,0.2199209769786136,0.04904336649638966,0.2632819394957179,0.04568833827316192,0.09172397867092338,0.004057559655158921,0.16782144845032132,0.03083369878332032,5,False
85,0.027208512336529257,0.06089398915915189,0.2148014258340744,0.04577215377703848,0.2437332366412389,0.06201517307186615,0.07525656813372494,0.0374363853136744,0.18480255958838346,0.04807999614431821,6,False
86,0.03497830667553144,0.05493959241529582,0.22202039415934507,0.0700582388939772,0.2356391929046655,0.06444098563979343,0.09848499778603509,0.011975532284363304,0.16809559369298224,0.03936716554801093,5,False
87,0.0248067048111719,0.06571265576932125,0.2189474549099513,0.050691636315186514,0.23564174009132555,0.05948230441730933,0.07444831853970289,0.030043454513596003,0.16979953679336257,0.0704261938390727,6,False
88,0.034793601181976004,0.0784881733668265,0.19084139901414846,0.04698296633045742,0.23424596694281838,0.06030107327360371,0.0737374644826987,0.05606812236927938,0.17192639587917602,0.05261483715901554,6,True
89,0.05417432696943111,0.0615291531103363,0.2171883241905276,0.06098523008877531,0.24870069805249242,0.0604592114909632,0.07187740058984392,0.015313797454865566,0.16168457627340185,0.04808728177936282,5,False
90,0.021593496152529913,0.08612545762692136,0.2316622253396363,0.038299976773500576,0.24470024320064732,0.056216618369148624,0.06632273738584468,0.024152523012513406,0.18136994238321624,0.04955677975604163,6,False
91,0.03781166637223797,0.06823739318919304,0.20243383647131502,0.052777406827826376,0.23534024009978255,0.05730658323261328,0.07820590089493158,0.04666155203549847,0.16900576424088984,0.05221965663571188,6,False
92,0.01232644965273667,0.06805617948542714,0.2086085389917032,0.058090739807034955,0.25182654355912515,0.05993912102682156,0.07848632753887197,0.04096481246338586,0.17640002301785151,0.04530126445704205,6,False
93,0.0,0.06184840329866222,0.23582826206544216,0.05033915428512487,0.2512211478006742,0.03953090920734688,0.09099358945676886,0.032612195050524456,0.19248109572316585,0.045145243112290574,6,False
94,0.005559566277759723,0.07820871161191541,0.21332860519599128,0.026142812548038376,0.2660718046366096,0.04123449703444645,0.09878924670014722,0.045541797273937895,0.17872937577949655,0.04639358294165744,6,False
95,0.024825926253429016,0.06847421519480873,0.21049885352620804,0.058843731636128244,0.24123159733065827,0.055493430740320406,0.08545945904483154,0.0466421019220529,0.16442937543364813,0.04410130891791473,6,False
96,0.02987448124394078,0.06530909207559649,0.21261148185076417,0.047277539525999224,0.24335725255680457,0.047832639488856146,0.07239809777728178,0.04763380778296102,0.17345656549246713,0.0602490422053289,6,False
97,0.014259206088120058,0.08402909897370471,0.19765350254109837,0.05717326673096545,0.24871181665391345,0.038777792547937506,0.09625035041277596,0.04404816299165447,0.1667426891836312,0.05235411387619889,6,False
98,0.028298555932508292,0.05939976394123368,0.20817792650621034,0.05233661187853743,0.2553220144627332,0.06995802156146548,0.054464805904453524,0.03930110542186989,0.18103617995805377,0.051705014432934404,6,False
99,0.022136904265355712,0.07502694816825052,0.20430526140335026,0.03210247058499687,0.25632781955938233,0.06570863123184925,0.07581242536130242,0.03650118179090077,0.17859217563852045,0.05348618199609136,6,False
100,0.03172903466413422,0.06859989592849311,0.20092121617158132,0.031232511114376565,0.26633902324918335,0.03964787449579485,0.09786745535333377,0.041143820235418585,0.17039799480591442,0.05212117398176994,25,False
101,0.02176420771201475,0.029710898004650956,0.22928494923171933,0.06272578462144919,0.2543703910509518,0.07870896040245853,0.08006621158439656,0.00946131885805556,0.1757057562081305,0.05820152232617268,5,False
102,0.04017708741008324,0.05649333832174984,0.21905234652692945,0.054302714871449866,0.24870168473155488,0.06222953838688602,0.08163271711143924,0.025927350473972703,0.15906547375307165,0.052417748412863084,5,False
103,0.011060457241135156,0.07308836353687945,0.20700246313892165,0.06031141782455958,0.25994977840695077,0.047986687318689186,0.08260110131155139,0.01285684011642957,0.18760627372553865,0.057536617379344526,6,False
104,0.02207926448215274,0.08502518520628222,0.19566452512916377,0.05250252635867621,0.258695540722896,0.06369606102862906,0.07529387952972913,0.02151051148409425,0.17096530481707042,0.054567201241306235,6,False
105,0.026571119564759816,0.07994825115270202,0.2099154352225741,0.05356031891200133,0.2381471164803401,0.04700468226392809,0.08611801840652136,0.023930191299579084,0.18212111327325306,0.05268375342434102,6,False
106,0.033085663775399905,0.0563935591472417,0.19782099829857885,0.056337084689190194,0.24619631796642277,0.06522966034723435,0.0841604039222721,0.03422516680629511,0.17605624514828133,0.05049489989908365,5,False
107,0.0087361019893773,0.07143010249175716,0.21584424670450472,0.03208442785907965,0.2575013751107061,0.06150255430098213,0.09366931898545182,0.033784421331123776,0.18247719914198215,0.04297025208503524,6,False
108,0.008325093484645565,0.08879074158321251,0.22400563029438642,0.05372909143124937,0.23804844135718262,0.05144079718645177,0.08482444555607016,0.027885660784484234,0.17599629076322162,0.046953807559095756,6,False
109,0.018819179745891566,0.0689100318602957,0.202826910629489,0.05132764072819443,0.24603684390112354,0.052351933810824876,0.0771816805674115,0.04113392881688903,0.18315215986574887,0.058259690074131475,6,False
110,0.022756245022697647,0.09413009557584281,0.20411325621784687,0.04583368019550459,0.24986990264932765,0.04198929340802186,0.06908568560184829,0.03458384662199498,0.1767090223997357,0.0609289723071796,6,False
111,0.050015631491781044,0.05173189381425254,0.21502886977797914,0.07223023103476998,0.2527194681615245,0.0671225015141283,0.06766760409360188,0.015336834987944787,0.16201072217407983,0.046136242949937914,5,False
112,0.02497805579857314,0.07155844455977751,0.20787422309425724,0.041753166711741244,0.2498106018407111,0.06076510623505639,0.0841435235867137,0.03676228774115496,0.17180741994765014,0.05054717048436467,6,False
113,0.034986916213673294,0.07691781466074887,0.19904733181706452,0.04990420398885278,0.24531515366256498,0.0744074058610444,0.06830856132433541,0.01507671925944279,0.18100722058042912,0.055028672631843856,6,False
114,0.0013831489615404192,0.09384156547229455,0.2145781923606918,0.054977660236046146,0.2567719041490711,0.0443979881367842,0.07497237583722932,0.021235172025535768,0.1831739492667263,0.05466804355408042,6,False
115,0.03353512090325585,0.05747383754801752,0.20627312640183326,0.05121831172978751,0.24809613007583575,0.05014735699355437,0.0815074704098583,0.04863018879683488,0.16521344121053283,0.05790501593048982,6,False
116,0.023352910626294656,0.07357618222699547,0.21883495522097401,0.04287659747668691,0.2639352128062356,0.04841726221159942,0.07702952655572151,0.022297905924339084,0.18453306172596398,0.045146385225189246,6,False
117,0.02561716725925716,0.08438586667170399,0.21043106280019347,0.04998441350546147,0.24134185982619183,0.07519383524945467,0.06944803069014054,0.0290783330448135,0.16327002348832972,0.051249407464453764,6,False
118,0.015653925161840533,0.06760885922097297,0.20932211414530283,0.034700815891000235,0.2488946387738043,0.05643561545623967,0.08816800464558085,0.03280459585755424,0.17729128526834512,0.06912014557935925,6,False
119,0.02076950022437976,0.0859587681987255,0.21689406243679535,0.05571766446977927,0.24367126666818675,0.0570110062251706,0.06782096934571684,0.03306320497850417,0.16883763676127897,0.05025592069146277,6,False
120,0.017554029364949073,0.08573918756695291,0.2095570886933568,0.04204817729056084,0.24737490731650935,0.06592224107675508,0.07629646534969227,0.03549960539995365,0.16065775708774585,0.05935054085352411,6,False
121,0.04398828948887133,0.044160635770904025,0.21120240610006072,0.06420903096875367,0.2408218359992163,0.07122175483814872,0.09828897849736655,0.0,0.18671351103670192,0.03939355729997676,5,False
122,0.05468534443358177,0.05829523852660354,0.21454991344903826,0.06676476104768751,0.23696658188357414,0.06786811214910281,0.10071188090707188,0.007672689288521053,0.16715616763729424,0.025329310677524676,5,False
123,0.03351747704538396,0.06853625426472353,0.19228331960752243,0.06126609753609151,0.23886539903470405,0.061220432045752095,0.07406182592239317,0.03440210958568163,0.1671931054328641,0.06865397952488364,6,False
124,0.01952482307727031,0.06978256873981036,0.22027164327617332,0.04183294259124178,0.2490215268484124,0.059578486034098,0.07609492496396401,0.03276946637791586,0.17657869744952262,0.0545449206415913,6,False
125,0.04088941998264328,0.05266645753453635,0.2336156054963845,0.05693789320199347,0.2385430607134373,0.06603406418643976,0.07685613493175886,0.015296177791477066,0.18269643327266197,0.03646475288866761,5,False
126,0.02980923309353333,0.08114571070104194,0.20147855140656418,0.04820487512931744,0.24448557317808708,0.06295757428140328,0.06948719835403953,0.054678659576058344,0.1821473563237048,0.025605267956250004,6,False
127,0.015919315322480695,0.08040859612845003,0.2153960055658349,0.035677078052304155,0.25040664161104637,0.06752855707063767,0.09281526151191016,0.024835188578145855,0.17915709114479617,0.037856265014394146,6,False
128,0.03684953144695357,0.07858889973942153,0.22438197910860455,0.03298341327861801,0.25384361930381216,0.05232429648399723,0.07353871530680466,0.0205121641774073,0.17187545773450183,0.05510192341987919,6,False
129,0.019947733170410653,0.05787078608701671,0.20902123159489824,0.05090568561009126,0.26509475234827,0.05954771143891329,0.07976344022001138,0.0375673370831233,0.16642750779379106,0.05385381465347404,6,False
130,0.013467548087484812,0.06392522987337773,0.21039559860669782,0.05148294218976712,0.2659593843044933,0.0549721156335023,0.07046083177704884,0.03087914427139773,0.19202156534177647,0.046435639914453875,6,False
131,0.05659992747419011,0.03918969173173089,0.21284330454454986,0.07323076388678798,0.2526119180571988,0.0724725971150512,0.08263011405239902,0.005535828100232539,0.1580391644601219,0.04684669057773772,5,False
132,0.0267592260402927,0.06831410677760939,0.19795615042161777,0.06367547701089568,0.23716165084316831,0.06018445532034181,0.10207061379279211,0.01918946754050115,0.16895841405814027,0.05573043819464071,6,False
133,0.0324104836553877,0.062010879498272754,0.20091384434747483,0.053296887251849764,0.2527243107292518,0.05404295812960248,0.08389150097283232,0.031023982106102164,0.17430737031152116,0.05537778299770501,6,False
134,0.04984483837170103,0.06089977884189365,0.2208450441511391,0.05061332595603534,0.25008044797697565,0.056399246056017094,0.08990852135299375,0.01222096491884053,0.17112607718833278,0.03806175518607098,5,False
135,0.021783427334338645,0.08217978231446026,0.21173185234038272,0.048107715297415386,0.23709137601215852,0.06554435447025646,0.07801899597005897,0.02401420021628595,0.18435126421418133,0.047177031830461805,6,False
136,0.026462832880144668,0.08112887789440418,0.19869985267275309,0.06667592231010937,0.2461583279659188,0.05297139702686748,0.05681404770922958,0.020123500921425275,0.18713044245171562,0.06383479816743194,6,False
137,0.04750988466339513,0.04583076258238925,0.2422391959632469,0.06953491640053414,0.24234839445166684,0.06207836259980648,0.08070106495801639,0.010168250784128812,0.18024061103798528,0.019348556558830905,5,False
138,0.04419975693566264,0.053044303769898174,0.21392930581353717,0.06393875210372488,0.22280325004126586,0.06708571472937455,0.08390708748275891,0.05215369977024009,0.16037937004008596,0.03855875931345189,53,True
139,0.0334657728479023,0.0536130054730255,0.21480988841468374,0.059982950430278674,0.2299820247544495,0.06352901245626637,0.09395109713834791,0.012585876899054625,0.17279757848591956,0.06528279310007173,5,False
140,0.026677655504609623,0.07675584382115082,0.20876445256203485,0.04467102117722147,0.24720744556602306,0.05704499769931754,0.08263093845868168,0.039379248751504004,0.1736491231909403,0.043219273268516656,6,False
141,0.03840631249466059,0.033026566240516794,0.2195900750909884,0.046907006796703364,0.25457701781242326,0.08792674402486511,0.06065302735441296,0.023331130041518287,0.17498102638286017,0.06060109376105107,53,False
142,0.003907987836855424,0.06805720710612281,0.22313588137753104,0.05467189982829544,0.237408949478523,0.0803421584130204,0.08356880928967085,0.021212930673726215,0.18167631461488187,0.04601786138137289,6,False
143,0.02274219895772584,0.07366115298107716,0.20130363462587283,0.06398079286494876,0.2327145075177192,0.06631773534085718,0.08765280268543134,0.02803437456828681,0.18630695288483393,0.03728584757324701,6,False
144,0.04099376878576383,0.08958303315405677,0.19324004768377218,0.05663762055407389,0.24095070081166717,0.05215023665890683,0.06306295589701934,0.036781031374312566,0.18579493564126684,0.040805669439160405,6,False
145,0.03545432622305566,0.05173379483205015,0.23295310714553752,0.060877005058265515,0.2515521773676954,0.05079199568887707,0.09226783093450287,0.01496416869156512,0.1873944882453049,0.022011105813145717,5,False
146,0.021996703030159964,0.07211162077566156,0.20863046410716352,0.04089647895398865,0.268111447122154,0.05243101761974986,0.07379693696106836,0.029382280396640446,0.1777811798467142,0.05486187118669938,6,False
147,0.0191616995893827,0.07191341254302207,0.2143334350052388,0.0443852993389656,0.24341957616241264,0.06774630428714815,0.0572727628883699,0.03845777134346288,0.19192054964711697,0.05138918919488044,6,False
148,0.019089024691837313,0.06530388733107394,0.22168436336982772,0.02730726491345339,0.2535607481596282,0.06528951897623386,0.08242206130116013,0.02549182547647548,0.19039221576337997,0.04945909001693007,6,False
149,0.049646137566813,0.057432779012882094,0.22254966284976088,0.04406508413947535,0.24222302150723085,0.0663380985856567,0.058216750729220924,0.03227670133897899,0.17317757164492248,0.054074192625058776,53,False
150,0.034580584026107204,0.04709228186177264,0.20064770049891079,0.08226827786034768,0.24385665264060716,0.06440636756422762,0.08352381673765495,0.01045872109440572,0.1654897811848993,0.06767581653106709,5,False
151,0.048699297686186624,0.04906367770145743,0.19034892646604717,0.05187994755790792,0.23718514042354497,0.07137660849393371,0.06130682624872731,0.04780584652289938,0.1950287977363114,0.047304931162984065,53,True
152,0.034452914598581096,0.05056641708548813,0.19766275099488934,0.06711066690568607,0.2386210792008075,0.0705872870295394,0.08466972020774886,0.024842315608622063,0.16124568621007324,0.07024116215856421,53,False
153,0.029597706237712813,0.045569685985633816,0.21377218899512765,0.0494813130363372,0.24838631848507217,0.06634387978359824,0.08828786273705921,0.038538901606270194,0.16902608458739973,0.05099605854578896,6,False
154,0.01186057790060066,0.06864287711603695,0.2050216481364393,0.061921725876356956,0.2376515799503934,0.06938715984964941,0.08079809586777521,0.03423644035971506,0.17644039276029164,0.05403950218274131,6,False
155,0.037505303385866794,0.048976090843333514,0.2396451346370754,0.06309903665450194,0.24738869709689412,0.057296468680525514,0.08036027836169386,0.01156317760280304,0.1620205853378552,0.0521452273994506,5,False
156,0.03878820639825247,0.08906958224777137,0.20126530418290142,0.03620266981528587,0.24301898828745327,0.06009920686640643,0.09163896812301564,0.02816134959342806,0.1729999674747912,0.038755757010694246,6,False
157,0.01527661235254329,0.07073385768693227,0.20458461870768724,0.03693521024975355,0.2635738490434832,0.06328002481483543,0.07906756261925962,0.04346653837802591,0.18302968407040834,0.040052042077071276,6,False
158,0.026229729045015807,0.07751718141055654,0.18177893620815103,0.04882004854647385,0.27006297257672685,0.04696913693365602,0.0923368551728083,0.025687821766091048,0.19634366350339783,0.03425365483712261,6,False
159,0.03087821647745925,0.08983267369571574,0.21770738895546934,0.047870694812481185,0.24276376181665058,0.06280943439100593,0.06817852448677286,0.03576585470647973,0.16769808361972705,0.03649536703823844,6,False
160,0.0324491155082514,0.07486550582134152,0.21098281337711955,0.043098454382041254,0.2424308360176233,0.06765826852310175,0.08988399042992584,0.022627712479434476,0.1670577576873335,0.048945545773827565,6,False
161,0.06969321626945109,0.06287134896926935,0.21327178545619913,0.042834792001673186,0.226643052460125,0.05443049246923674,0.10765405698097692,0.020341250095053737,0.1605267513317485,0.04173325396626623,58,False
162,0.04948785139393029,0.04611556366601729,0.22570421056425005,0.06479870093352644,0.21439161756135103,0.06651615437646563,0.11354643716905687,0.010126124605679975,0.16678373508026248,0.04252960464945992,58,False
163,0.028215128353414335,0.050251687937040115,0.2063504924983584,0.06724696771166258,0.251780651827236,0.06511725367604676,0.060458159223303574,0.03531816881044921,0.18553431531629017,0.049727174646198725,53,False
164,0.005090313345027087,0.06972343602808757,0.20926681435511255,0.04087523677880193,0.2573010271326719,0.05127902262005926,0.09993589229097241,0.03324593843117688,0.18843458784555267,0.04484773117253764,6,False
165,0.04409300545286118,0.07899901258394434,0.18274677165386966,0.05696017333716243,0.22428491875714418,0.05956371221124712,0.07959541811573949,0.0632931795659355,0.16347554540058987,0.04698826292150621,88,True
166,0.03967495846576523,0.05538878614997616,0.17617831223843294,0.04260930099954689,0.24317438328108615,0.05426333397926821,0.07656246792618904,0.062027112541069435,0.1716577198224278,0.07846362459623828,88,True
167,0.0419385321328727,0.0393770996074315,0.19629524560156544,0.052292285144556715,0.24387326037102883,0.06397665153713998,0.07445814965839331,0.03296073951610394,0.18833281458173298,0.06649522184917468,53,False
168,0.015537392297832285,0.06431433288607157,0.19406287313503529,0.04704244243296727,0.2570192789490852,0.04571818026782083,0.08444166746151942,0.04071848075771406,0.20024657690057668,0.05089877491137739,6,False
169,0.021618795272225374,0.07412546201913504,0.2061436481053951,0.046398434787303405,0.2367334577454245,0.06291175891774904,0.09104519322965483,0.022368121538625347,0.18155794792824367,0.057097180456243755,6,False
170,0.05311097567961746,0.04273689189802413,0.20243669022516095,0.057720778470561826,0.24831649746279996,0.0680965481793143,0.05701437042482123,0.040472224113300356,0.18696545100678133,0.04312957253961844,53,False
171,0.03982725941741287,0.049692418831421704,0.20098142510605202,0.0601869743577948,0.2464772567129414,0.059442293681095826,0.08220121495669964,0.031629180688035996,0.18061398006786653,0.04894799618067911,53,False
172,0.04160898788529754,0.049069313166589,0.19249942956878138,0.0702573494185109,0.24398268116535426,0.06841026128066081,0.06910663835038927,0.0479369516110734,0.166752062559416,0.05037632499392746,53,False
173,0.030333719039160392,0.06080898525452921,0.21216601145923197,0.05179024990124116,0.21843143752922276,0.0722855853538387,0.06436461267863597,0.05376475044375286,0.18106128842941996,0.054993359910966884,91,False
174,0.06340648173747362,0.06237346668737246,0.2110484984015895,0.04938573872191793,0.22848272627800675,0.05107318819914197,0.08219947617218212,0.034663047526257,0.1560456825473325,0.06132169372872605,53,True
175,0.02971374447029462,0.06928302586828572,0.2145158648404184,0.03746890068258965,0.25534518084518854,0.049903342554959595,0.08620698552866023,0.026999565578629044,0.1892327768750264,0.041330612755947835,6,False
176,0.036666751100477214,0.08986390753805619,0.20653617451426412,0.03149972337680369,0.23740679729279954,0.06925789704717594,0.07200585433328159,0.03806609968979164,0.16339818520601157,0.05529860990133867,6,False
177,0.027589457808393475,0.07814289975351281,0.19169270116532175,0.03916532911356888,0.22443199179735437,0.06376417075698355,0.05711798134389993,0.06606160785728232,0.1827637667205844,0.06927009368309854,88,True
178,0.0432829355771806,0.07608921653174255,0.19226556123299776,0.05588047977545021,0.2154724435576539,0.06778807385827709,0.07081807168379153,0.06837118509601053,0.15997597199114363,0.05005606069575217,88,True
179,0.022497951087345307,0.06621494125212052,0.23472465849711707,0.028004687247348694,0.24709703328723404,0.0636585108945763,0.07755196571202223,0.024303987806136924,0.1692755444092524,0.06667071980684641,6,False
180,0.024352319062942482,0.07454634212853234,0.18776415118836773,0.05593927728132375,0.23124064609037795,0.06997701403543456,0.06721643145954688,0.05977454435948144,0.17093939306314188,0.05824988133085117,88,False
181,0.03298986838806781,0.07419356428547856,0.1783175574283764,0.05589590282588254,0.24601937964813614,0.07260985870675131,0.07799942491098528,0.059006872362810006,0.15796545498105835,0.04500211646245356,88,False
182,0.020105402274790532,0.08224683367476805,0.20275581770583462,0.04909004973226417,0.2476927184581278,0.05651849787073393,0.08058827276887268,0.028222410986855396,0.16403796867774656,0.06874202785000623,6,False
183,0.08770562504905678,0.05719175127991551,0.1980151730109075,0.07339119754045148,0.2123823613920479,0.04955390624981788,0.0887665631951409,0.02191404709476777,0.1729580893152292,0.03812128587266524,58,True
184,0.06010446307696299,0.05864429182362353,0.19344351049183592,0.07305078306486217,0.22324900330435996,0.06958494333261804,0.05743064939267739,0.03071486568752391,0.18324341996548055,0.05053406986005535,53,False
185,0.031121418550438918,0.08957210463015265,0.20541800096425383,0.05266570388996647,0.235776014623381,0.04954420962977785,0.06784293291515153,0.053991279427732665,0.1732263879024046,0.04084194746674056,88,False
186,0.025421603110516625,0.062063174063833264,0.1970596984017101,0.04842407161879067,0.2495553323542249,0.07258895204661428,0.05837127401930689,0.04683608498047856,0.18014687118802988,0.05953293821649493,88,False
187,0.07222900352459173,0.04532078948002871,0.20837896336764375,0.06392357181705142,0.23454724077471753,0.05795389138294056,0.11001945178538394,0.01685297183541253,0.15648673492489396,0.034287381107335785,58,False
