ID,strat_res0,strat_res1,strat_res2,strat_res3,strat_res4,strat_res5,strat_res6,strat_res7,strat_res8,strat_res9,ancestor,alive_at_end
0,0.22392121504741894,0.15993837924677215,0.03551949466570425,0.02740599087602724,0.1357053440112786,0.1284330862765546,0.04572627048744371,0.13585606748997073,0.008010248593197749,0.09948390330563205,0,False
1,0.21472472646519955,0.15743520400428843,0.028925436380329846,0.025509766676238096,0.1328380384564405,0.12376606863916235,0.04576248562210947,0.1573032499370368,0.009747690879060933,0.10398733294013396,0,False
2,0.21508415167193212,0.15779507845138738,0.02131204446722501,0.04010497057018298,0.1309091352514548,0.12467263091013736,0.03321557088613239,0.15803353540010104,0.01831461870201577,0.10055826368943122,1,False
3,0.22265215966230692,0.17173573070999326,0.02156983462179747,0.02933634938199634,0.1333168733178002,0.1095478282303824,0.03876008996584251,0.15170603702821048,0.009765629678522257,0.11160946740314807,1,False
4,0.2454108297857851,0.1612331765787505,0.02425820330114365,0.02386919920927917,0.13828880325911552,0.09830117418347603,0.033693323400074165,0.15373032129936026,0.011226003732944542,0.10998896525007103,3,False
5,0.20773454910576544,0.17721847590974038,0.01407601103080391,0.01714722215480351,0.14951564761560263,0.12101185410171147,0.029313100916114547,0.15447489740277487,0.003938847530191203,0.12556939423249194,3,False
6,0.20311942538747108,0.1562908570149708,0.01019031904542063,0.018955809638858605,0.13364687505725814,0.13348892694255715,0.051837557499302474,0.16584980423819123,0.019902409781082875,0.10671801539488701,1,False
7,0.20793340034712696,0.1675528642108453,0.025361043300499576,0.001967184799735536,0.15406031498345055,0.14135489542726948,0.02839272189718294,0.1560991636090187,0.010344686890245283,0.10693372453462555,5,False
8,0.23763277230508326,0.16550222776767834,0.01070222256148445,0.030278073812720584,0.14191775695863823,0.09902744941721575,0.03768922404693382,0.15836746431203275,0.008848171335181582,0.11003463748303127,4,False
9,0.21488828006839064,0.18040290771114073,0.031367171232479396,0.010194805484144961,0.12659460122653296,0.104771136090968,0.042186986469174306,0.1545461565616465,0.034295435524652806,0.10075251963086976,3,False
10,0.24440813593466676,0.16865553132463265,0.02786890607492348,0.02779475084740722,0.14109327504924965,0.10418702059524433,0.02829838202613313,0.16377835626583673,0.00659206473827801,0.08732357714362796,4,False
11,0.24788795225942975,0.1702007549942402,0.03120720417165115,0.02600771088987131,0.13512028625790865,0.10367146177491558,0.03646730562070181,0.15003341786073435,0.0,0.09940390617054727,4,False
12,0.2043681195556078,0.15394281305356103,0.021049873881818122,0.01409028160178987,0.13639224651178294,0.12727054742371932,0.05436067076618189,0.16833656861754454,0.003315085128136737,0.11687379345985785,1,False
13,0.24695304667300935,0.16538888943948676,0.04168050684383457,0.04063500028296223,0.14305187395859723,0.09814917055857088,0.01687717824541719,0.1409513557488296,0.005039720583484432,0.10127325766580784,3,False
14,0.22918907734536115,0.16333985807717252,0.025765217547684176,0.025055925136831293,0.13672438838322207,0.11853853887807153,0.043028476133385174,0.13933501750342114,0.016106942451563497,0.10291655854328753,0,False
15,0.24500477257672756,0.18358855060420454,0.025798064223556384,0.030466104814822915,0.12625186975000907,0.11824779053856391,0.045244003285495486,0.13854476169429733,0.0,0.08685408251232289,0,False
16,0.20081541019607804,0.1570809475492724,0.026449665725783163,0.01624047149058597,0.13254773638945405,0.10795996248441943,0.05742173432996369,0.1768702825942228,0.011095817495354598,0.11351797174486576,1,False
17,0.23659266922763386,0.15924193911440632,0.01773661848561651,0.03596768030166705,0.13301419368025777,0.12531621952749286,0.040765474756016544,0.14132264630024668,0.004403995814577613,0.10563856279208482,0,False
18,0.24989103110868138,0.15830498595944212,0.015028904298887463,0.018762369869559366,0.1395949267562881,0.1024098298121446,0.027089390153096974,0.16701375779698038,0.012491634640205475,0.10941316960471416,4,False
19,0.24503851907323376,0.16136100769470868,0.029855075589106293,0.03052835154118106,0.14680862162473707,0.08245758368185058,0.028856849279491403,0.16224628912123706,0.008957686420904285,0.10389001597354983,4,False
20,0.21964956582253073,0.1761882548517173,0.037089282758379076,0.03400919215979653,0.12756595959784928,0.12616319207733087,0.05139481006660912,0.1145341627330096,0.015734223722480057,0.09767135621029738,0,False
21,0.1961224072872046,0.16597348944500992,0.011753697806083034,0.0224716772283245,0.14066370926323898,0.1208020787237341,0.04409631165450043,0.17561934148271735,0.02551440531086445,0.09698288179832268,6,False
22,0.21626883148788975,0.1772295989629536,0.044353114041735905,0.025443136691300654,0.12605014290745242,0.11726368454408145,0.03721807330732724,0.14156049128473716,0.014271293340383318,0.10034163343213848,0,False
23,0.20438298376709685,0.16007293952850912,0.02720067617232068,0.031056344341957677,0.13907758425711647,0.10495523779606335,0.04021692443298322,0.1735535044701,0.013360574896723846,0.10612323033712875,1,False
24,0.21440063919493602,0.14119511714922206,0.04356889237457374,0.044896193137284414,0.11792224838386908,0.1326123377642819,0.044574647018724524,0.14209159982966482,0.013420074546608634,0.10531825060083488,1,False
25,0.2066700606567598,0.1618429860802359,0.004443017215833452,0.0483308668932955,0.13472549556663643,0.12177934563305245,0.04825652745638843,0.16061043313816117,0.0129250913271737,0.10041617603246314,2,False
26,0.2284710798039627,0.16052572335345305,0.015106944845191195,0.02879210235327769,0.13014858110494748,0.10870755413339293,0.035241692378470954,0.1642958985171093,0.007592408659928008,0.12111801485026666,3,False
27,0.20653105555099066,0.1625702509054124,0.012887642389384146,0.04432526246040568,0.13797468848363278,0.11469614941981923,0.04256125173800411,0.16536502897310282,0.014247530445999832,0.09884113963324839,2,False
28,0.2235774683254332,0.166209091869504,0.040454898396939734,0.015505317847237887,0.12329865663749005,0.13165579780746664,0.03600913744468819,0.14566150944163966,0.012373702408454678,0.10525441982114593,0,False
29,0.22151373288175483,0.15002252194079774,0.03035318641795203,0.035529456571002066,0.14709374255062263,0.12031109949075976,0.036451913807590865,0.1580239085832846,0.007238634844474473,0.09346180291176105,1,False
30,0.20956597164015028,0.1695664377086977,0.026670571504771128,0.0273490702360015,0.13032662598927042,0.11978789688807052,0.05490415467296563,0.15472928493890153,0.0039297175443706416,0.10317026887680075,1,False
31,0.2150891990028476,0.14997425554117755,0.03568407408217179,0.021914242789165005,0.12635790962241084,0.12369470829663913,0.032827530551254196,0.1622719741316857,0.025793562919684605,0.10639254306296358,2,False
32,0.23626527027946695,0.16654272441417453,0.026624245572650848,0.02534879002646668,0.13510895319747449,0.12976313940877754,0.03725568435498231,0.1355153392875689,0.014367580954395979,0.09320827250404182,0,False
33,0.222437238910072,0.16642752488015813,0.008784140742616211,0.03252323399776027,0.11958557335341757,0.12287516508863965,0.03770547184232871,0.15211808716892325,0.02663274855787872,0.11091081545820555,2,False
34,0.224658660919886,0.15915487897003522,0.031681814393355094,0.04007508797849073,0.14354605542833063,0.10116822239490152,0.03178559661111372,0.15655818199259824,0.01733480054346539,0.09403670076782351,1,False
35,0.23117147543461058,0.15689003241633576,0.011994352703061829,0.05353956813883689,0.14814470182953066,0.12865060835417433,0.00708125478368115,0.15071069285214628,0.009434399197419514,0.10238291429020305,2,False
36,0.21791938428128227,0.15593815140788872,0.048739689500601646,0.0367032624010481,0.11655062525102693,0.14610078440879198,0.0481359981683623,0.14192143793231424,0.0,0.08799066664868375,0,False
37,0.22479251170666087,0.16848970081279033,0.03114742130535938,0.020002707253041332,0.13690188237225945,0.13958036740654783,0.050840050327159755,0.13381691640658658,0.0031749290307805534,0.09125351337881396,0,False
38,0.22384002203970654,0.16072986749791915,0.02122031420955244,0.047340277505190875,0.12952433876923686,0.10649599799433719,0.046793087966819184,0.14382352675190063,0.029946227350162655,0.09028633991517443,2,False
39,0.23758494044009643,0.15433677152929182,0.054569441932682976,0.01750561271586126,0.15145609134456417,0.12259488612770611,0.04684781540143261,0.11652935893897204,0.003035111102145458,0.09553997046724717,0,False
40,0.21330153428127957,0.14593182212063008,0.020068336747096776,0.04063529211968261,0.12800035540465332,0.13823559950198025,0.03656480333068127,0.16248805547614303,0.024034153096671257,0.09074004792118187,2,False
41,0.23012837971902042,0.16663655532847407,0.016732156984814874,0.02872403017925428,0.11735625706340982,0.12397883716572924,0.03507345794769293,0.1610022053342615,0.014650684830816475,0.10571743544652629,2,False
42,0.22175320738448234,0.17925313770253148,0.04099643866752585,0.02046785241463088,0.13372745555214,0.13876756141251329,0.03620691668562013,0.13294724234770391,0.0,0.09588018783285229,0,False
43,0.2296641379198793,0.1702839761644271,0.05428628666174852,0.012442652760973448,0.13251841761903074,0.10381620131019412,0.05502656292725941,0.13788058898050315,0.0,0.10408117565598425,0,False
44,0.21987214371418418,0.1474083281631238,0.02639169757318443,0.05420737688724279,0.13671619029956186,0.11756622681388297,0.05778008172903416,0.13088307279110314,0.0135007019757218,0.09567418005296084,0,False
45,0.21397085466035493,0.15763983324913067,0.031587246853748904,0.03409844177192824,0.12715067239819836,0.12143623493198544,0.05556752274418058,0.1523197093945083,0.0,0.10622948399596452,1,False
46,0.24223064684826953,0.16758351902187932,0.014098613719493138,0.016056367568535315,0.1264550220661256,0.11462219361222038,0.0373159231932177,0.15059760646831089,0.029684177345338538,0.10135593015660957,4,False
47,0.21867517688515392,0.14557476187992746,0.02490705912485181,0.0415323368259941,0.13496034727788947,0.12010547457475983,0.028689565482173975,0.17104638274512757,0.030165749448242997,0.08434314575587899,2,False
48,0.2439993356785516,0.13783367838840202,0.0014195043561359504,0.03108169818809196,0.13294380852553697,0.12101561750574061,0.029538795880902788,0.16958507915352364,0.012555576776239662,0.12002690554687474,2,False
49,0.2295547333517345,0.15494402568286672,0.034438274617876866,0.03189419324321613,0.13073488749138074,0.10829546620500981,0.0361040308415145,0.15129321340885696,0.02588038202697198,0.09686079313057186,1,False
50,0.21714215666416958,0.14594286921273208,0.038852813542524886,0.045551443639471154,0.1462323615811945,0.12197680027172476,0.05553121695215943,0.11289538438261201,0.01676182162411609,0.09911313212929554,0,False
51,0.22190402942753237,0.14451876618487214,0.03532844175563137,0.020187045861213854,0.14441517228251546,0.1270735859727377,0.036096829190847855,0.15011723520096384,0.012221679899296685,0.1081372142243887,1,False
52,0.22437823204246812,0.17723137599698788,0.014772802703958098,0.029594488352526226,0.13573493871223666,0.11579719265287726,0.04128985630294715,0.15604184928210754,0.010787745089228282,0.09437151886466287,1,False
53,0.2399115892579473,0.15506062290483058,0.030582357554770657,0.014650969882273978,0.14302675425285252,0.0877172991975553,0.03837834463409767,0.1697646753642099,0.0,0.12090738695146211,4,False
54,0.21556653439796955,0.17252150971920038,0.0390151947071244,0.05358472558200952,0.12020948482237497,0.1061106258933717,0.031211799844454227,0.14451822156145913,0.02481574577685782,0.09244615769517825,3,True
55,0.2306865964471082,0.15810176053876798,0.024125527754701715,0.030725200811769247,0.12524406113983705,0.12292852315000113,0.03230080452216605,0.16672610066356428,0.0,0.10916142497208436,1,False
56,0.21706694928251277,0.1670436669698401,0.009981845597713639,0.0351397961073996,0.13712010862284196,0.10887334848943574,0.025590044025590362,0.16436581045197407,0.035194535438467525,0.09962389501422421,2,False
57,0.19814913296724435,0.16503186595910582,0.039656805996722416,0.015524331371524402,0.12209645172473277,0.12272153013655167,0.06728275101772282,0.16508675765238398,0.007362708218891204,0.0970876649551206,1,False
58,0.1792753325486787,0.1478380083017094,0.028298370504151998,0.043803417929538624,0.12044230495780693,0.13437890881554676,0.05000766577020602,0.16445177953994866,0.022174983259548538,0.10932922837286427,6,False
59,0.21873039044506384,0.16161231328719877,0.023567831059250737,0.028773027657931213,0.10934280376986812,0.1184585405093373,0.0434845128652289,0.16803728325796952,0.02000226937273544,0.10799102777541605,1,False
60,0.21543932206958966,0.16082717761668025,0.026392077487215684,0.03139531931719673,0.14134696753195178,0.128318049979358,0.037565952195046166,0.14218791281496615,0.007577768083982236,0.10894945290401334,0,False
61,0.21277750664797887,0.17635043461598587,0.046354581415606104,0.016945994817432197,0.13456322163093382,0.11794190416255325,0.06284442327446084,0.13282842418139248,0.014267607202971447,0.08512590205068522,0,False
62,0.2182502000458596,0.1591336197515345,0.00864801144703513,0.04206667346021788,0.11689685476412577,0.11971229043609893,0.03966544286383467,0.16580727954642147,0.043866882058686524,0.08595274562618563,2,False
63,0.22046185830165446,0.15361006327245047,0.022342470490617477,0.03819971050281879,0.15033141971773148,0.12509597284123966,0.02681456395224499,0.14549823700353012,0.013928185828098173,0.1037175180896143,2,False
64,0.226818680897535,0.1629237782178457,0.039222739489384484,0.025108352316476238,0.14062975067851544,0.13341567038966506,0.03628692027293293,0.13422564924076164,0.007586211342675551,0.09378224715420791,0,False
65,0.21860452816341938,0.16476084242973008,0.02712978877581228,0.02606662241599241,0.14304531262875575,0.1203221545253251,0.05336930085719803,0.13640139507756538,0.0011808295748823212,0.10911922555131945,0,False
66,0.1973186454450826,0.1640235266115859,0.020023885588912965,0.04300272175293949,0.12948993842099502,0.11855409905243648,0.04137028851261198,0.15318805427871093,0.017535270052713416,0.11549357028401126,2,False
67,0.24325856187315928,0.16573311056006457,0.0,0.048751721163681,0.12990689635939098,0.10823862259082638,0.013785846384286352,0.1668664240391691,0.009739091625756252,0.11371972540366611,2,False
68,0.22525682238781525,0.15357480005209218,0.020019398497221674,0.043187751325844986,0.1212097891955736,0.13244152378955096,0.02602965054946268,0.15641362329327238,0.006856979987807545,0.11500966092135878,2,False
69,0.21433506820980164,0.166757748848028,0.024771270111383872,0.04535408727218109,0.12940455342568424,0.11441760485832697,0.026859441044515476,0.15726879720266299,0.011211188272672474,0.10962024075474329,2,False
70,0.2064197817109075,0.1565407812174582,0.023743687804745454,0.022741005790368845,0.13025351456157985,0.13851599776656723,0.03657980394286836,0.16517498496313085,0.022691865225950795,0.09733857701642293,2,False
71,0.22252016510250458,0.15644463888838647,0.011304277485916307,0.03791985914015028,0.14315939031153413,0.1224103126805782,0.03772185240346064,0.13996386381226494,0.03968478293054999,0.0888708572446546,2,False
72,0.22491301061537278,0.15688154465525236,0.016814936359219677,0.020375076817107984,0.13291567173609686,0.08979789517304679,0.04869698435084178,0.17321211089239452,0.030262343806525333,0.10613042559414194,4,False
73,0.23519685687094757,0.16254668970564695,0.017020322543870883,0.040587237886711515,0.11530746760971503,0.13851050064595313,0.03710975391155167,0.15667762374288885,0.0,0.0970435470827144,2,False
74,0.22070920735367797,0.17265487086096476,0.009872575783937285,0.023535790571886043,0.12307480416140809,0.1336620949581685,0.03715285892552989,0.1815011469566451,0.016027001451186674,0.0818096489765957,2,False
75,0.22726701810147223,0.14767760874454403,0.028330307454775532,0.02647662535097816,0.10863534066642988,0.14056246358804822,0.034861647593348005,0.15770215332771179,0.021650083277992633,0.10683675189469952,2,False
76,0.24074958677257233,0.16542856473780304,0.023920157529516838,0.036340546561674784,0.13217590155160427,0.12527846252021832,0.008746200100436124,0.14951092133577779,0.02058296306968341,0.09726669582071307,2,False
77,0.2153269559167688,0.16612665344750382,0.015764521316647993,0.05190005478618435,0.13079307440095642,0.12031952043852125,0.047862803862163,0.14335243147055374,0.01079502170668409,0.09775896265401669,2,False
78,0.2003569163756798,0.15101309890821,0.030321268362611044,0.03930026069201897,0.13129501669445995,0.13409946550048574,0.032482553410550306,0.15398588472105365,0.023165188658531056,0.10398034667639952,2,False
79,0.20982450797139612,0.1589286381284978,0.040174591519810586,0.022019152436307973,0.13608947886042772,0.12864476646100628,0.04670535827172456,0.15440067667335364,0.008380233892741189,0.09483259578473426,2,False
80,0.22812975381231795,0.1385063046979217,0.033405630270455414,0.04126128006686658,0.13360248302212924,0.11929348203074623,0.0437514453773756,0.1460411634318208,0.020524117860973096,0.09548433942939331,2,False
81,0.22292725904347793,0.15492565095514482,0.024358801225485092,0.026734448911784354,0.1368806442016095,0.13368767445364096,0.04058966973717674,0.13525018433074434,0.023712467119631098,0.10093320002130521,0,False
82,0.19590190949043393,0.1485566503428646,0.02125184028077281,0.03939372017380449,0.14831529438094682,0.12308416435652789,0.04156743443896957,0.14560063826253314,0.016478268824205736,0.11985007944894105,2,False
83,0.20680315368603192,0.1718462872248054,0.034222059290832316,0.04606977842898829,0.12090093087717371,0.1331870323883153,0.024949111455803932,0.14248422301196206,0.03357318723883141,0.08596423639725564,2,False
84,0.2152350029298096,0.15334006442185583,0.04067022694689325,0.02872815862663462,0.12436484354613282,0.13895643103285077,0.044047228214964415,0.13846275401082173,0.018183801278402717,0.09801148899163437,0,False
85,0.21315066311177183,0.1762793802299848,0.026385827621994252,0.03775542283844486,0.13789839758530248,0.12474395992000088,0.02699707326610247,0.14749435970899621,0.018902594870614964,0.09039232084678725,2,False
86,0.22814139559694604,0.16107168982433487,0.024324108829039907,0.038494755088132084,0.12950679209013383,0.11612969545991889,0.024670049961455852,0.15197556699166997,0.009518173359662376,0.11616777279870616,2,False
87,0.21158088548680185,0.17610021687927443,0.02727421701182916,0.006416554757195493,0.13218275498828422,0.1147222224539946,0.04787024018999751,0.13602624260077664,0.027115774376667984,0.1207108912551783,9,False
88,0.2127044676110341,0.13675398943337572,0.022713662422532404,0.05358650115689412,0.13774855537644043,0.12644494310861717,0.023602956321844157,0.16035550501940665,0.03331928601789154,0.09277013353196377,2,False
89,0.2027366209977613,0.1485232244309643,0.021472914182009074,0.03397094657695448,0.13503839544954188,0.1267271924048621,0.03683487992363224,0.16546626329768804,0.028526240124922726,0.10070332261166366,2,False
90,0.20278437401134838,0.15292119306485585,0.029991676558964953,0.02363646190642471,0.13155159253043536,0.13346022499608357,0.039953505006535495,0.16427975336960915,0.012198232501112294,0.10922298605463024,2,False
91,0.19895160377036172,0.16150505975769577,0.02386624361253671,0.019522889967365786,0.14314534720017472,0.12488489277580736,0.04477728594642071,0.1475533228224598,0.01016714446552322,0.12562620968165414,1,False
92,0.2125793735172405,0.14110132582603022,0.018395039684569032,0.030194211138400703,0.13393892977717486,0.11750041663528123,0.048703726356993535,0.17473254972437766,0.020522303113226198,0.10233212422670611,2,False
93,0.23152765062695452,0.168419132913573,0.009575848482703299,0.0378037482908681,0.1344119561397502,0.10961680286095858,0.032365276064015396,0.15372625491478314,0.018203566178918253,0.10434976352747545,2,False
94,0.21236142947168138,0.143710481473102,0.016910443977302403,0.030172133439564253,0.1290121392916531,0.1286253260481757,0.0451680365972843,0.18378109835001455,0.022022829583530783,0.08823608176769154,92,False
95,0.2185849888771748,0.1720799161261005,0.03448579990560704,0.0,0.11026255696398181,0.11067164879818754,0.04409893681717786,0.15903576686571944,0.03406469835451164,0.11671568729153939,9,False
96,0.2158128781746387,0.17429776056110186,0.04661539586409302,0.0001536116853936022,0.11402018500550501,0.09943396675989996,0.04519970286204944,0.16382985743964826,0.03729020294792242,0.1033464386997478,9,False
97,0.22349899444055082,0.18719160067442697,0.029574376505954018,0.009413820910846808,0.12828808433264446,0.10185189684781573,0.029465165335832325,0.16973008364276734,0.024322763909531954,0.0966632133996296,9,False
98,0.21226780809641804,0.14508351780040812,0.05562514991944538,0.03894221444902921,0.1304758364145633,0.12472608297803202,0.044957883412482455,0.14486141711232656,0.006411820048726507,0.09664826976856825,0,False
99,0.20995918146516374,0.18716740050464403,0.024185068232124112,0.013602250153023174,0.12254891119707507,0.11641995061425638,0.033786260431510964,0.16817164955060904,0.04455311552881518,0.07960621232277847,9,False
100,0.22097335075195892,0.17272702560942524,0.034912634201591165,0.018414478991573863,0.11858621249316777,0.09088379859252374,0.04993879781340551,0.1717839212349502,0.04133413714172932,0.08044564316967427,9,False
101,0.20298571099272836,0.18194141927934854,0.029441897960386466,0.018123116754649015,0.12687706611803604,0.12209480858637829,0.051556324743968464,0.1595955394539181,0.03429215670050021,0.07309195941008645,9,False
102,0.22313008185333746,0.1473488641380665,0.026740024865498858,0.04043248471951445,0.13236711614122743,0.12001548369358112,0.03153190469455255,0.1550809673041783,0.010125801486638577,0.11322727110340469,2,False
103,0.2298366725383963,0.1683607085561935,0.021710133384884058,0.040992563842101516,0.1106536067779952,0.14359062195805117,0.031413288165946664,0.1442056978352359,0.01910118755311258,0.09013551938808315,2,False
104,0.21874835631752812,0.15987939140325663,0.024204587169226306,0.05651504155534976,0.11986224387565855,0.10532101861376414,0.016887879525779914,0.16682976578416245,0.024312981072278465,0.10743873468299572,2,False
105,0.2217252562199689,0.1920780507391252,0.015302928939166493,0.012688657805373517,0.15176955643738965,0.0990074463885251,0.03412391243036026,0.14523895325060465,0.02851357428204886,0.09955166350743737,9,False
106,0.22519680931183728,0.1506734197414995,0.03209762767817474,0.03462957552571276,0.1457174395501026,0.1195784449627201,0.03190596701810436,0.1441579856192364,0.022386540921146184,0.09365618967146606,2,False
107,0.22083850945732994,0.17016285764582947,0.042769175453404494,0.010716248012368867,0.12944976948375234,0.10794674209461695,0.027769428234681592,0.148878489558524,0.03560788131014199,0.10586089874935037,9,False
108,0.22754314112836513,0.18236728832133492,0.04150450012753545,0.01585512371953425,0.11064850179486205,0.1065755444522298,0.03885654254281276,0.1503009501239913,0.03637977351494507,0.08996863427438935,9,False
109,0.22652458021731067,0.14687347406601586,0.0030164133080220986,0.04018753503830901,0.1312255750497523,0.12772247843272122,0.027736760628246683,0.16790836568831383,0.030398354990324755,0.09840646258098357,2,False
110,0.21284671343474693,0.15869903942490113,0.03679858971523304,0.03793525696422575,0.12823871227217618,0.12166908210762113,0.02113590233402575,0.1568854558307514,0.024895947503353798,0.10089530041296507,2,False
111,0.21231892457132281,0.1760896004445187,0.053618239871963236,0.0004976142552149632,0.13189450266722005,0.09960294448109046,0.04362348378084232,0.15428011313308765,0.0200235849573646,0.1080509918373751,9,False
112,0.21632202499442996,0.16155003045883565,0.01452552991807053,0.033842584966741605,0.13191026889825233,0.1185497654466929,0.046270925279113674,0.18095224127692786,0.01614352918591013,0.0799330995750253,2,False
113,0.2161905981646124,0.17852620161977584,0.03671236934372777,0.001043605731899702,0.10737093306187205,0.09550046752400193,0.029432530081013236,0.18573078115585112,0.04798647929380175,0.10150603402344424,9,False
114,0.21262091593853855,0.17959817214420262,0.026663013150370014,0.018368247671058026,0.1234562225488235,0.12103737743025943,0.027031339886629403,0.15147064942664448,0.02270353779583015,0.11705052400764396,9,False
115,0.199223964278248,0.17992817240229705,0.03744885596538763,0.008114891481815012,0.11812343818971222,0.11337295744076328,0.04904740517262092,0.15860536954647433,0.026695464970924093,0.10943948055175745,9,False
116,0.23444585829206016,0.16280135254590816,0.02787900559901416,0.0020325482660900986,0.12828206495971378,0.09226260965380333,0.04775615984556923,0.15497819696532691,0.043663827579689715,0.10589837629282439,9,False
117,0.21216981292194673,0.18431220783042518,0.020541977311706747,0.0010206361564272133,0.11571724371529325,0.11958198571323593,0.055413812094625585,0.15136939786822756,0.040661194955409846,0.09921173143270208,9,False
118,0.20318042960674038,0.15794574432796563,0.015825199239496636,0.04157302849683917,0.14253410975876238,0.12882601950142245,0.017340348455147113,0.16004866873410173,0.026587144103244826,0.10613930777627972,2,False
119,0.21584287034363775,0.16698015436980543,0.012738185396667266,0.0286680369507935,0.13188371477598124,0.12499309575760693,0.028021291230445222,0.16039277993895235,0.026021790475111467,0.1044580807609989,2,False
120,0.2101866835653054,0.19790680673820824,0.03591615277670135,0.00308919518043094,0.12760851549901447,0.10776012030638497,0.05062535021954186,0.14516006723413397,0.035880230156347094,0.08586687832393168,9,False
121,0.20896304651622538,0.17118481572376978,0.02546756807208128,0.023836264426890064,0.11534774356692203,0.11850423799667557,0.033698914005319124,0.1496383900248856,0.055182844010147614,0.09817617565708366,9,False
122,0.21925539145105027,0.18596784005600675,0.02657591645468804,0.01368130193676483,0.14085204220784148,0.08992647161377897,0.023991209833783823,0.14954533902393438,0.04187307413730759,0.10833141328484391,9,False
123,0.20534645836792456,0.18910945388612335,0.027215837854397535,0.003749349580191846,0.11928104039416816,0.11383192597778405,0.04122813934715384,0.15564128507289124,0.04203594182052539,0.10256056769883985,9,False
124,0.19885721467401582,0.18698230070129718,0.0063089888561021065,0.025311712968682225,0.13162654317905706,0.08919415391068983,0.043151787980788586,0.16364846314500087,0.05636608084452277,0.09855275373984357,9,False
125,0.20064054312903853,0.19193728788137424,0.03126543435273603,0.015249472593980832,0.12806868800088955,0.10638620093597848,0.03466771525319816,0.14922385961906878,0.04353756369181087,0.09902323454192453,9,False
126,0.20846049539120706,0.14075846424945343,0.0072621881879094945,0.04227986867900562,0.1325065912997533,0.13157552785077758,0.054281372372005324,0.1463561971726707,0.04830208705851082,0.08821720773870671,62,False
127,0.2214981338930925,0.18071487658803817,0.03338480390656632,0.011005256989921613,0.12712294204574226,0.08950216800618745,0.03878463472196762,0.16112728980404337,0.030608782549796213,0.1062511114946445,9,False
128,0.2115348542938396,0.17068357452395533,0.04847939984188053,0.014966986837504784,0.1167550240388213,0.09746834340483888,0.04255160146483764,0.15208879356048716,0.038547472465931036,0.10692394956790381,9,False
129,0.22801615134048342,0.1900457109588837,0.023790202698303294,0.0,0.12101558097278049,0.10695085246171185,0.06130532428053745,0.14401955044499093,0.029040564939138105,0.0958160619031708,9,False
130,0.20620054478124764,0.19016392909214358,0.042467926053636036,0.0,0.12734685700443926,0.0992173456232598,0.029202670441595073,0.15777170269854837,0.040214298894883524,0.10741472541024678,9,False
131,0.22619020514106206,0.16615293638121845,0.048404835815736826,0.010661147300320709,0.12991146806471743,0.0950893454613424,0.04157181752153103,0.15212647268758142,0.028093166852750578,0.10179860477373905,9,False
132,0.23594428262441874,0.18478001916849632,0.015389467152739955,0.014268132816590572,0.11986125661727769,0.11175019122259414,0.03574025313698846,0.15980393031384638,0.024876783584714564,0.09758568336233317,9,False
133,0.22098721775170252,0.17672951736051398,0.02793697533620279,0.0,0.11274108608655718,0.11963581192124297,0.03722319039213683,0.16359782281154475,0.03406552778440492,0.107082850555694,9,False
134,0.20858430939601455,0.15457596436085033,0.018148793175952777,0.03709584316705734,0.14245086400972842,0.12599556949579305,0.03512584439829037,0.16066401057623367,0.007538889523529969,0.1098199118965495,2,False
135,0.21854842843343503,0.17186504844785336,0.0156381835997064,0.02995888941689713,0.13245823379598892,0.12225949727314095,0.03886017169812945,0.15160342197771184,0.020937625893045587,0.0978704994640913,2,False
136,0.2005172429164917,0.1724858037138377,0.03248199099836174,0.03705066850972653,0.1258086878572377,0.10657180265047832,0.04519622542293706,0.13853600475441324,0.04608163482290538,0.0952699383536107,9,True
137,0.2201877110148267,0.19161826168907725,0.03378778118009818,0.007957585411335679,0.11497342646243616,0.11003088025161306,0.05201958348025584,0.1611780934328098,0.01789837622746038,0.09034830085008692,9,False
138,0.21372163530986785,0.18923157290212797,0.03071414814192433,0.010614984664595642,0.12965004603650193,0.1125422737313048,0.03920802809218842,0.1523884821789462,0.030788605786172814,0.09114022315636987,9,False
139,0.2033240573474131,0.18909435383332068,0.025539078545209152,0.014097169990647404,0.1285449609522772,0.09278364030903304,0.05919957194539014,0.15590362313899103,0.036340094084679316,0.09517344985303891,9,False
140,0.23577780772360818,0.19289105451199115,0.030015785701202807,0.0,0.13556074230566567,0.08554529706750531,0.03626476148901531,0.1640828855980532,0.020456341636385707,0.0994053239665725,9,False
141,0.20463090572884216,0.16903501250124464,0.018941942515711862,0.0,0.13674396949058443,0.10601308539106066,0.04474106185797398,0.15859341866988952,0.04383008267620314,0.11747052116848948,9,False
142,0.20277108548318862,0.17470488344452478,0.03162540124406254,0.008991587698298506,0.12243149953399972,0.10632061788370596,0.03595858075894605,0.16383349292472776,0.04975821119763537,0.10360463983091062,9,False
143,0.2111917596245466,0.1678528861845769,0.03596754502125776,0.031673454167836866,0.11923790743058778,0.10489327881410612,0.04055620279061311,0.15806605666893542,0.019638431104917305,0.1109224781926221,9,False
144,0.22738860123656784,0.15900960280143225,0.03575220478237743,0.016741350362195154,0.1225555796953818,0.08700287611022356,0.04160798148468873,0.1558478609515051,0.04036982980333137,0.1137241127722968,9,False
145,0.2008686949851938,0.20130425930809598,0.029037464870588784,0.02830817329706098,0.12112110813474868,0.09545978728859432,0.03501156796805971,0.14852810191581164,0.03688635179889183,0.10347449043295423,9,False
146,0.21100028703279844,0.16349771963530796,0.008016669633500513,0.04707623009875356,0.11865568177158889,0.11075233566327053,0.02482129733365493,0.1797730828292989,0.04807694420888676,0.08832975179293946,62,False
147,0.21705277687763463,0.16700031898114517,0.03520338973020177,0.007971230368976472,0.1470741155677792,0.12355181786291652,0.019800934249237595,0.15525074521907556,0.029589782645076477,0.09750488849795676,9,False
148,0.21165291492839317,0.1910065364638663,0.039973564996982444,0.007459491787178948,0.1252966986169546,0.1146901706067773,0.036084935664289663,0.13582633705357428,0.037804467728684586,0.10020488215329863,9,False
149,0.22185672209090057,0.17235058212031987,0.0019629200843005686,0.019326845336190834,0.12013282969591023,0.12374922838850898,0.039041452446508015,0.1702207889938448,0.046272680607204277,0.08508595023631176,62,False
150,0.20856673159661357,0.17038003006802868,0.022200559066576576,0.05273097979965123,0.10455568920380953,0.12127380257983983,0.0464134511587244,0.16823502499843357,0.009316448511528899,0.09632728301679361,2,False
151,0.20758981169712767,0.16439801639912913,0.008155453116569983,0.042531928247030185,0.12255946176856226,0.1282435983368951,0.02987049305993298,0.15593687791490166,0.03963719488598013,0.10107716457387095,62,False
152,0.21361145132061052,0.1728345932807743,0.015636548358505795,0.014240447383806263,0.1387334196052736,0.0981163627174374,0.03244620027704629,0.16653448996578138,0.046499866990353224,0.10134662010041112,9,False
153,0.20041535833081414,0.17992904086765732,0.03832518969342796,0.011127775512316722,0.12686658184327546,0.11754615695330671,0.038456681884271385,0.1440900902364076,0.03950984259981212,0.10373328207871048,9,False
154,0.2154321944345143,0.1560255018536861,0.042879313803461876,0.0027525207610201575,0.11578659016482454,0.12143186754029625,0.03821318946536375,0.17796365259024374,0.019412224273864975,0.11010294511272427,31,False
155,0.22340592631476128,0.1759364044590589,0.03481347670474819,0.027071793389591668,0.11648708474355345,0.10251671842927251,0.03753545843994696,0.155186649408061,0.03752333531168034,0.08952315279932563,9,False
156,0.2181760980180906,0.2013522561987947,0.03718174967522332,0.009873667089842011,0.12201776974008646,0.1037253233681033,0.03652633889166734,0.13519527361996478,0.02485764814474699,0.11109387525348044,9,False
157,0.22990432166279276,0.1777987130930827,0.023726581043017527,0.03152045855911775,0.1298123437413225,0.10779815391207423,0.036900112905776744,0.13925437604126498,0.024852760398553726,0.09843217864299703,9,False
158,0.2080836086306369,0.18485758847450948,0.036628811382252276,0.009893723240403818,0.12771429234264095,0.10717523606657423,0.030434028781708002,0.1632381505440987,0.04419343452857221,0.08778112600860348,9,False
159,0.22346027466722068,0.17782736314190042,0.028790956796372964,0.01787564987567245,0.12305422598624349,0.09419177765637421,0.03417828377582418,0.16026923588602265,0.05097704453303001,0.08937518768133884,9,False
160,0.23611981922069314,0.18630254639539037,0.02959710971057235,0.017263154025513774,0.12859028583397622,0.10521185933526321,0.028551616349334057,0.1313747283026059,0.034251941747730226,0.10273693907892077,9,False
161,0.21646069402898815,0.16353981572873186,0.04730105483735175,0.0,0.12765794710125924,0.11508571293127931,0.03869731883233265,0.1557943416319002,0.04117172279326085,0.09429139211489611,9,False
162,0.2113582619377863,0.18726616411060681,0.03821637627967741,0.0,0.13916990889758316,0.1174411283772665,0.03468967493979861,0.14957273715385624,0.02641565709423834,0.09587009120918658,9,False
163,0.231030829024548,0.19035562555223598,0.03887158025563083,0.006040065985429571,0.11489821999901738,0.10517280422257211,0.04673785524397777,0.1447959091784015,0.024586600156886837,0.09751051038130006,9,False
164,0.18892747040949498,0.18860059012266464,0.032886769161687916,0.0,0.13546478470139814,0.09196818007393996,0.05012261811896574,0.16432443691169882,0.0304682177234237,0.11723693277672616,9,False
165,0.22183191204007946,0.18414807645159334,0.023460910288990118,0.004174859393810028,0.13392855258093259,0.09682819326898594,0.03046882735466775,0.15619197481518785,0.041494724850387306,0.10747196895536547,9,False
166,0.2218640066171014,0.18166913293015025,0.027623871950336464,0.02000426166301241,0.12506199748090546,0.109669255250605,0.02461916604447046,0.1676639775623189,0.03104419737730017,0.09078013312379934,9,False
167,0.2315706027898312,0.1892123534777064,0.03526558784585389,0.023133094877413517,0.1314266251412731,0.10422048838864248,0.027021804796395356,0.14087173299903086,0.02377551078844175,0.09350219889541159,9,False
168,0.20220632338724331,0.201429100253373,0.027031003384555018,0.012109730514848047,0.1239096781981958,0.0970117277784613,0.04712317195522023,0.1731690551000312,0.0417335218087046,0.07427668761936743,9,False
169,0.20402323612160966,0.1890865308914492,0.031059506905771875,0.006687315141948905,0.12545449648561827,0.10986455348324206,0.027733225403028614,0.16079042909810573,0.04757164760768012,0.09772905886154547,9,False
170,0.2190479428626873,0.19216643558077168,0.030646070796704193,9.289033781904924e-05,0.13352798039280178,0.10802996165188453,0.040976122999108036,0.155269439394544,0.01875693252357653,0.10148622346010285,9,False
171,0.21533515980413798,0.1938601231694095,0.02299236895758361,0.011542093825800473,0.12688065103686386,0.09693142741582278,0.039142922784795676,0.1533709539665814,0.03018588026449796,0.10975841877450665,9,False
172,0.21724965650981393,0.17798013630500653,0.020028608725109233,0.013238223402887503,0.14219548717620348,0.10802692554637024,0.03329467386358056,0.15569952887205105,0.03353704194471446,0.09874971765426305,9,False
173,0.20578429281752028,0.17956517948189266,0.026751587993257952,0.019024072499578427,0.13413954772878123,0.09602404294919623,0.03788357972739576,0.16212979864590843,0.039477209428371456,0.0992206887280976,9,False
174,0.1938603335011021,0.17592686382701553,0.0308242506193104,0.018174322318865815,0.12405928675000884,0.10087193646409878,0.0502348059433391,0.16575632933971324,0.040336037861125655,0.09995583337542055,9,False
175,0.2053841638323913,0.17029215797481287,0.030085802723747418,0.003594608230366132,0.12769649077242634,0.10640297194052478,0.057390884715008084,0.1614820089937119,0.03758229329500129,0.10008861752200998,9,False
176,0.21138760769985623,0.18903628712673243,0.018263495285251626,0.00939907930388078,0.11886024790358009,0.10096315853987942,0.035350410989599915,0.169207070851842,0.0431880109413576,0.10434463135801991,9,False
177,0.2116092904748643,0.18142664719456184,0.04516968309918148,0.011653725781310792,0.13355869671115606,0.0820359084289515,0.035918913260775884,0.1575045123185513,0.02061776266480251,0.12050486006584425,9,False
178,0.20839751005760349,0.19689385729874348,0.023022027336452054,0.0,0.12393480564269474,0.11757383647807504,0.05740545986759593,0.16463869143839985,0.019787056410523765,0.08834675546991164,9,False
179,0.20294139275377973,0.154700016578879,0.02450082154147811,0.03633730455961796,0.13449479600864106,0.12952975393728192,0.029712077223097693,0.1640330765628754,0.0484945615253556,0.07525619930899367,62,False
180,0.22010743716517053,0.17608360149298682,0.013766567673994772,0.0,0.1259050341318415,0.12337431775910862,0.04316950527110802,0.15542996103457093,0.029779018636423897,0.11238455683479492,9,False
181,0.2236411805263543,0.18895644666024425,0.04558201521180443,0.02371521794999954,0.12181010991648449,0.08671507846028383,0.04082351400183527,0.16292971154389627,0.023655773856136916,0.08217095187296065,9,False
182,0.21285648491713313,0.1989272556440412,0.024497763714097714,0.002582176190720427,0.13887947253667035,0.11377213937161687,0.03590979928337147,0.14107510517057853,0.021950464757507587,0.10954933841426265,9,False
183,0.20860994893354898,0.18306590598168637,0.028755886283506747,0.00207558150060163,0.12221946908425489,0.1078239436960079,0.055254407930917473,0.14603377675211332,0.04073501040090417,0.10542606943645857,9,False
184,0.1895099302168243,0.1762521530506987,0.04229829085445199,0.004836801106156106,0.12543593779699994,0.10213887596172035,0.04592221457611675,0.15678490430954012,0.047562069116518085,0.1092588230109737,9,False
185,0.22770051759199395,0.17136858504102215,0.03937571277783033,0.008304449468454664,0.13084942530501584,0.10042718736882694,0.05167032997446462,0.1463936412937404,0.03823056969884808,0.08567958147980305,9,False
186,0.20949293404341593,0.19660011180284157,0.03166473233970009,0.027033611185259772,0.13834815533166006,0.08281386619452254,0.04274797845411623,0.1439802102176019,0.02503570932188226,0.10228269110899979,9,False
187,0.2155000468436245,0.14504444801341623,0.023945032853603682,0.049357068748037726,0.12907653766400484,0.1076371587520744,0.050626843818078755,0.13252526151838953,0.04395338539335663,0.10233421639541375,38,True
