ID,strat_res0,strat_res1,strat_res2,strat_res3,strat_res4,strat_res5,strat_res6,strat_res7,strat_res8,strat_res9,alive_at_end
0,0.05794760822020613,0.2626547382835843,0.0005426416853640224,0.15961906854256547,0.09676927530014104,0.056224346282443965,0.012971286274108028,0.10534871153667914,0.0680726246671512,0.17984969920775665,True
1,0.019253724061595312,0.08837485070848836,0.0404936094088482,0.09959276818625235,0.06853968874013125,0.008223628046548713,0.10930835686790691,0.019081349746177215,0.4537617741536295,0.09337025008042213,True
2,0.03933362602859222,0.12237596113462713,0.0013164539287005964,0.0215019929811975,0.03486934452662007,0.29517870676869634,0.04339909318479125,0.08599639423749132,0.1049064498381918,0.2511219773710918,True
3,0.028943858780225033,0.09659204177823866,0.238418903785587,0.030906587745860702,0.13151807240488617,0.09975919676941256,0.10117358384299359,0.05555306932932599,0.18656657844173866,0.030568107121731695,True
4,0.152083834119388,0.19306725873848982,0.16195871806610818,0.11776825088098192,0.010666446616784607,0.05122598856377476,0.13767356129756642,0.06862727314280168,0.08330533341382014,0.023623335160284538,True
5,0.0003908872709866691,0.04525960871577529,0.06643875101197776,0.18796590358007323,0.09762454703787463,0.4119052386183606,0.0252067288938173,0.014891874475306358,0.05888634525163354,0.09143011514419465,True
6,0.01190922214740479,0.1607006693283748,0.057264446794886084,0.09848362416138848,0.1352649249881505,0.021248773243842573,0.027725889308655847,0.04301070936649285,0.4136378043562127,0.03075393630459122,True
7,0.01125899260598489,0.007220942449902779,0.02298623754585007,0.08936519773779364,0.2627556522626998,0.0347071606326037,0.07996510957441755,0.027062921615321683,0.09201913171032221,0.37265865386510366,True
8,0.25147235652492594,0.03321400397660051,0.049946983749780356,0.16799016289788496,0.07532289385518172,0.05099682253321693,0.020258665839887547,0.006971558107368885,0.17336216039983085,0.17046439211532233,True
9,0.08367231481701017,0.20299190137195347,0.03272916973003381,0.007618002815105841,0.05120369305354183,0.04085654726681545,0.07421723199621956,0.2642036534561118,0.17246056372584445,0.0700469217673637,True
10,0.06301368396216923,0.2750556091052756,0.05901315450586035,0.04697373402977253,0.12096534761474206,0.18986649575253858,0.03226520501371474,0.04715399779905248,0.06690082751709742,0.098791944699777,True
11,0.02612811255271198,0.014626214278925296,0.08893537348586292,0.030977910145940372,0.4556975250081247,0.01277899148958052,0.17318404391367878,0.007123463753863252,0.05577209627597115,0.134776269095341,True
12,0.15433882474250749,0.2757174607377721,0.20289217349536673,0.06342097081604886,0.01623007692709402,0.005605730891580986,0.0015391083938599518,0.23960067792257442,0.03555427130889036,0.005100704764305089,True
13,0.12989679643851323,0.09929533435611015,0.0007684359817735285,0.05127267676880784,0.046286945439303125,0.22140493989729998,0.1400350204918318,0.07955856685462699,0.13395346310792083,0.09752782066381241,True
14,0.015282611846161566,0.3275184090524765,0.1279265575083042,0.03464338436423572,0.14216391064850908,0.06005921480966124,0.024897387251826428,0.11204007867566995,0.14161177629106203,0.013856669552093338,True
15,0.1184749215001136,0.30686925298224405,0.18566294150159793,0.008194805667996323,0.10392881918712006,0.03067153557894903,0.10452159627054144,0.0778467070348164,0.04198387951925465,0.021845540757366666,True
16,0.10729049187571023,0.09289678318348298,0.2006901150602508,0.2847155237069102,0.11151344967435725,0.09199647364387524,0.044713899950390254,0.03658443344124096,0.016383508802910136,0.013215320660871955,True
17,0.016687752698708206,0.049874130678826976,0.16765039153979855,0.15722823769857158,0.05564798619219847,0.03592318409765065,0.02151867706138843,0.4450417326813569,0.029431611809249237,0.02099629554225085,True
18,0.02940213094326602,0.1200517801640694,0.00953268173471836,0.15467776677354514,0.019393778479737042,0.08288623964572686,0.05991773471303618,0.017292549038926328,0.21289994404281493,0.2939453944641597,True
19,0.014251935888461215,0.09549167783786498,0.38116042774811454,0.015505421847716238,0.07704718731746663,0.1410305729161965,0.09955367127798938,0.011088494621098682,0.11228351966967019,0.052587090875421696,True
20,0.025679926387628983,0.027647446727916136,0.06425251612473167,0.3233433540853635,0.014516923490300156,0.3345110936800618,0.003146536892081567,0.06437398414284681,0.029613094994923688,0.11291512347414574,True
21,0.1309298986864801,0.12350689512590833,0.04699986259570509,0.29032838415877055,0.04548306277815192,0.23038434226640336,0.09585668284933274,0.005409401068181927,0.008131062841384488,0.022970407629681413,True
22,0.21887691626703565,0.0022694233786820636,0.015337843528177969,0.007638364338540756,0.0915814810394465,0.041077367999732474,0.1850407239860394,0.2223488804109755,0.11259793096750004,0.10323106808386964,True
23,0.02516690598888056,0.004768641449175469,0.04621202115964325,0.11405634838936124,0.45950927773034494,0.06688751016820253,0.17885886212910923,0.0004671929295240421,0.07740615333544201,0.02666708672031659,True
24,0.053384656396620773,0.030154829288212035,0.06487570683423675,0.03405941740471807,0.00761271176677143,0.09611719192111345,0.28096725822325236,0.35927751812840397,0.04313015492552775,0.030420555111143416,True
25,0.04902254533958811,0.0883562716888661,0.044347487647595406,0.2362662402391874,0.014952396722107412,0.058806169893265016,0.05397447604012065,0.2489152383270568,0.18485990059814872,0.020499273504064344,True
26,0.1891686609613081,0.04198693555085471,0.03859185791743829,0.12977688537419288,0.05075517212292672,0.16105391852512424,0.0348683115245723,0.031339312718852104,0.012586906569650615,0.3098720387350799,True
27,0.023648997370912368,0.11882396337906646,0.2611750113568741,0.10967739152368568,0.1607773205489807,0.06063876155079305,0.03688036073307959,0.12224026774490514,0.010044341365872258,0.09609358442583071,True
28,0.15681283244216399,0.19615149985354474,0.0017917277736100449,0.09680773411902743,0.030890300906299552,0.0523003269619923,0.12036974727837417,0.24197673170746015,0.01816835549514839,0.08473074346237916,True
29,0.006227255145618396,0.03353260966260207,0.0170716352025303,0.24798317800635442,0.019818925028444397,0.31587771552045774,0.22817758170925784,0.015161669627877534,0.11100519414130597,0.005144235955551402,True
30,0.006450464504532524,0.13438226418341515,0.0327074215935404,0.14460346712475158,0.04098580627303465,0.06383937886427125,0.05988089264006333,0.3187189932425711,0.10573957947494887,0.09269173209887102,True
31,0.01390908800358869,0.037707031435258206,0.05155625076472378,0.1282082721726671,0.004849694837105938,0.10142980516229488,0.021528253233407985,0.2610506818950353,0.2557879938245379,0.12397292867138027,True
32,0.2078057215859782,0.05532350323639386,0.020732895075740932,0.14820381502449717,0.23208898490037838,0.03754608449415126,0.033135921445302696,0.23466277385843956,0.0010877467440727653,0.02941255363504514,True
33,0.06580712158710283,0.09735705654394645,0.09148436275168073,0.14889977807158783,0.20063597008941825,0.0034161006410126237,0.04215060810972171,0.2622973403373267,0.009327542396484194,0.07862411947171867,True
34,0.10237187902581654,0.08535499370737644,0.11685403812561919,0.5715510245904225,0.019268275124707773,0.02553104602061357,0.01565560940125667,0.03758615706398629,0.00010170300665651746,0.025725273933544367,True
35,0.07918123318403396,0.0010321164034438376,0.18665710895800258,0.14250924880784807,0.0737029255089751,0.020539582809899082,0.013801079151682836,0.3540884863038362,0.09234173906543296,0.03614647980684534,True
36,0.2010096269206507,0.049960815595396196,0.05185049528374216,0.04784646304554675,0.0723819303521107,0.1268661502017711,0.12398492206742288,0.16745421622200524,0.12287213757854518,0.035773242732809116,True
37,0.012017622845648092,0.15327625137016082,0.12279457807881859,0.04369789992267231,0.002321177074373775,0.02889366872415283,0.34572125845921375,0.062260129599704776,0.1748326618253786,0.054184752099876464,True
38,0.312218172503837,0.06918146196319401,0.020665703215575603,0.006118594771457726,0.12724299519370472,0.3287944694944798,0.02797831547082917,0.07022521557848524,0.03737067650236346,0.00020439530607344226,True
39,0.045410995665057324,0.20195624086747316,0.1159649005393322,0.10735858884024016,0.14306586934936585,0.1365503336376938,0.04680624839545501,0.09139945626991927,0.08165804023201909,0.029829326203443963,True
40,0.217723343294538,0.03512267745921914,0.025749809240040087,0.3651174266616379,0.07988029919389379,0.049892900425644586,0.06857639673131062,0.13414251038565317,0.0002331812960730772,0.02356145531198971,True
41,0.008767088743934314,0.035117730236855355,0.021588329676177916,0.012602317171272076,0.3766340101103664,0.19687206556387013,0.2324554674529686,0.09123203852161132,0.024374854589907718,0.0003560979330361777,True
42,0.045932280305205124,0.193475624981673,0.0363806735563447,0.019260558794312193,0.30960973273456754,0.14425182436151193,0.11294772248957506,0.00806445446043932,0.01934548187590913,0.11073164644046199,True
43,0.043647845461864405,0.1309399760106747,0.22250080732599745,0.10284582806719376,0.2855606649443972,0.11021480142447958,0.015131162606108039,0.02170807693954005,0.045066267023638085,0.022384570196106766,True
44,0.15817716893651282,0.23180779673244917,0.14638127141013502,0.10624873688792467,0.0058298926434122884,0.10838069364798866,0.04778417634438308,0.0858429236371313,0.08877903563728758,0.020768304122775538,True
45,0.004636933714161629,0.032230204714174523,0.2133423874157439,0.01585333798929832,0.09363884137596937,0.010255755804798018,0.41401420613459083,0.16523731890240065,0.0469126154629321,0.0038783984859307517,True
46,0.12463733632508284,0.04150322046479176,0.3704770691261612,0.09902483981366572,0.11341307754338914,0.07976110780602816,0.004325825533402077,0.03301572441597652,0.050589312683688964,0.08325248628781373,True
47,0.02694598661538529,0.021878867647870143,0.052766534972346284,0.1893983751734232,0.1090911603803268,0.2391405729214886,0.04135543490735148,0.020431288803963225,0.014125271327092553,0.2848665072507523,True
48,0.20824563101122812,0.1699779804663231,0.04901356768688465,0.13162023084049007,0.1096128231305224,0.01816677282073352,0.01890100692861238,0.06312356667770644,0.040552452227745055,0.19078596820975433,True
49,0.05505392035726186,0.0498944104789786,0.011036401829425311,0.47179602762032163,0.027535010241933146,0.049490041587341174,0.12497876604722445,0.04978747863327556,0.10405632489079418,0.05637161831344405,True
50,0.07135660399884639,0.16665675103098482,0.02074246360602117,0.049405553681860954,0.023180122809424688,0.21906823357774816,0.06679489224926333,0.10737516740862761,0.1069066992876611,0.16851351234956174,True
51,0.14317655609059762,0.04735561293750334,0.03855827201536489,0.10617058808324199,0.15524605544031597,0.2112645442633891,0.1266511357822755,0.03491510129843085,0.124720929087123,0.011941205001757795,True
52,0.08898030456970707,0.05327809667963872,0.1847069151990515,0.35401365148725206,0.007862931295604404,0.08329624428187801,0.0936357229728176,0.02239289355671872,0.0993652190842471,0.012468020873084793,True
53,0.05066531887667584,0.23932307696170996,0.11549523900149239,0.004414838877329069,0.13356480410267343,0.025348798973024503,0.035389914693284306,0.19957335550076555,0.04239694413330427,0.1538277088797406,True
54,0.12958416216823254,0.06395941022071867,0.06475014914183505,0.06873374407539933,0.18013519463616695,0.12610286261166542,0.0037076768362431056,0.041151424479243366,0.20623988197999754,0.11563549385049803,True
55,0.08611706552198016,0.3525685972361783,0.02805030412627359,0.03360022531013083,0.0235285490380449,0.06775910829300487,0.13640502503731408,0.07039111918214445,0.14452217574767623,0.05705783050725277,True
56,0.22194307969749422,0.015600627371175306,0.016916907109529176,0.3030815951979402,0.010566058161474635,0.03230380423081478,0.2679610742730777,0.009886442131747242,0.0964940783359641,0.02524633349078259,True
57,0.03194555120196066,0.27567766516030306,0.07276370798342345,0.06468829249577418,0.07892191669577223,0.07381511041297341,0.09421657464625267,0.04832233378494813,0.1264921492555486,0.13315669836304356,True
58,0.02758254540318176,0.1069406144409462,0.19505813118336457,0.07471844361878972,0.01228960858521297,0.16762313393883072,0.14403399735626402,0.1839260462798882,0.04963134721637491,0.03819613197714679,True
59,0.00490655595009815,0.15569943380390358,0.0952711311553577,0.09549764105280614,0.01703890750871478,0.06864448084155927,0.019916465393949246,0.2472629578000681,0.26520961296859835,0.030552813524944645,True
60,0.1437729088540311,0.10766516318120394,0.20245761846565485,0.0012525816538723556,0.15459588516013073,0.0063620766299064225,0.01745445407681302,0.2737899044791705,0.07816699781501871,0.014482409684198358,True
61,0.1376975629079832,0.13375458000796345,0.20703828792111453,0.11077961378972698,0.07303462251883208,0.023193889722248,0.14325749012205297,0.038465833100995855,0.09058403133719373,0.042194088571889124,True
62,0.32012202233392023,0.05582452520541767,0.02144996218723212,0.04748273961891521,0.16469535111262737,0.042240738816337324,0.020574398724382215,0.013795439039970157,0.01640141979210968,0.2974134031690882,True
63,0.029420737451917357,0.04170783199581044,0.26439698040440374,0.06889512684468935,0.051580498957721065,0.14410355936914665,0.22769550199045252,0.09590925163168128,0.04952890244591919,0.026761608908258277,True
64,0.06904208992391256,0.1736099429080133,0.1272379901101618,0.15386427198561148,0.004268904124890497,0.1158061262432428,0.11101077967077586,0.18731458689262806,0.011318625601426994,0.04652668253933682,True
65,0.057303461538474154,0.08931429119266271,0.018571671254995162,0.04203455620498979,0.12701883810323492,0.20517320390976312,0.198252184060911,0.004381786861817811,0.06577712580870787,0.19217288106444336,True
66,0.17010480855919097,0.1751509024463205,0.0931761772768988,0.005195005876463421,0.05428592520340547,0.20960483372968325,0.10777399073583917,0.0925134024379443,0.05158909688328115,0.040605856850972996,True
67,0.2102655617284279,0.20830029414862206,0.05153519540420005,0.09532546664210369,0.052116135462938896,0.01929561678652517,0.011316501879758599,0.19689752230563992,0.125241126972695,0.029706578669088678,True
68,0.3300685334330389,0.23462803685126515,0.15170522977408293,0.011853035017532099,0.03739224330707663,0.043848302264814336,0.09496645469298408,0.04307684910081706,0.026003407859335748,0.026457907699053162,True
69,0.050987795831875724,0.02836741693555508,0.15052799114353393,0.0635898371769396,0.09043099529895061,0.0972468055273917,0.11419138209150156,0.1697311987928934,0.03075008919169345,0.20417648800966498,True
70,0.029788699541690482,0.1567811479470088,0.011403938353591082,0.006701332340032386,0.17167053894907483,0.24742935497430601,0.04612873316283714,0.08962263577851332,0.07124078819566312,0.16923283075728282,True
71,0.02907690321935123,0.016616677200182457,0.2640534808125767,0.008676900940463873,0.07528810226282867,0.198373488462935,0.09100931609022582,0.03205133098590315,0.28412274550629096,0.0007310545192420959,True
72,0.03861762788225604,0.03357452831791396,0.007225400167786125,0.15318024535221553,0.2724389307584725,0.03541483683678416,0.02918038055519963,0.1842114329010217,0.14142322393201368,0.1047333932963367,True
73,0.11470533407988971,0.02182426584249836,0.16427592132303728,0.17722869225016347,0.09878860316995373,0.18216266970586584,0.030724337287600267,0.1348234522810044,0.013321019252484374,0.06214570480750256,True
74,0.0034122692502629804,0.10921493232555622,0.006674025399257353,0.11452411695097252,0.024699211813563642,0.3675442564401185,0.03724449257324967,0.03861819277202045,0.24386466074491123,0.054203841730087375,True
75,0.08213980864354903,0.06199344898665337,0.14978426846251122,0.036566995700062575,0.08848461276375977,0.2687573455750999,0.019889242005675885,0.1493565998867563,0.05794614821329287,0.08508152976263905,True
76,0.014887929121714978,0.0804859137114322,0.037057448429515284,0.04887798923842446,0.007315789902944763,0.23084165408903917,0.045523515616100255,0.10346409785481579,0.04368643508876394,0.3878592269472492,True
77,0.025733291257627224,0.05727286547221054,0.0016964252098307954,0.22896035624625963,0.24989948334563222,0.02479815058647827,0.10320708051384207,0.0513678973794716,0.0014305169983691046,0.2556339329902785,True
78,0.10033817604942477,0.2125147751741936,0.09583681147693064,0.03171254250004769,0.13348938520861292,0.06288616170836163,0.05675978183676445,0.0397376587058065,0.06346355620100536,0.2032611511388524,True
79,0.3803912833419199,0.03683465933430079,0.3045722698769088,0.04034296443185457,0.026990097991323087,6.235825908957159e-05,0.024810592430084464,0.12280758049766155,0.016841694753552554,0.046346499083304786,True
80,0.05420889770749358,0.09797967326094943,0.006974273923843159,0.1282494546413253,0.1682868636457997,0.15832512526940998,0.2162822441091505,0.01138126803424531,0.047763202016581366,0.11054899739120164,True
81,0.027426896695207603,0.2582755779231143,0.07495645784288071,0.06337696373066411,0.11899129036099183,0.055060738084570494,0.03154208765297045,0.04958297299362819,0.18783873482800395,0.13294827988796845,True
82,0.1172591854283174,0.033465469132224285,0.21468054511746598,0.2630413318802118,0.07685804021039523,0.003569803373576891,0.03534248063135917,0.06988645523668756,0.10425079185418476,0.08164589713557709,True
83,0.031461851105632196,0.10314781890538267,0.05319705067341886,0.10436634244805308,0.3686212165616459,0.07764159900443451,0.16634512367323995,0.010029185452638029,0.014786008741215053,0.07040380343433968,True
84,0.042544179104112595,0.05061498595620208,0.08123151969203163,0.19857929601581978,0.15430796763820856,0.11954895059149179,0.0182710513392058,0.30092359455401996,0.02852825241070869,0.005450202698199226,True
85,0.0018606509392789614,0.06398820001078136,0.10334636825584449,0.008234873624389185,0.46018074120007313,0.027497115655772602,0.22478230255489426,0.008544749416719477,0.028732323261102005,0.0728326750811446,True
86,0.4119705514372229,0.006745906246995243,0.2432727040310955,0.12171056600099055,0.030850880079298346,0.035425260793974185,0.0322727472362104,0.10360529992555725,0.00693970982659346,0.007206374422062336,True
87,0.0018971978030779383,0.20647302712173768,0.139052166161919,0.11405098097735272,0.07209742747470216,0.010615412791670982,0.21185205463284687,0.0969832141190541,0.0042081074420259705,0.14277041147561256,True
88,0.07385777543421866,0.029900424875159967,0.11303483988346043,0.35115584366717684,0.033586445560924945,0.09628235386109808,0.088181610825205,0.08705131114493574,0.09117915091883641,0.03577024382898385,True
89,0.02371472306898148,0.6615054426362409,0.07912901810750127,0.0068446493860531725,0.07284741734436467,0.03444671461243198,0.006712363860831666,0.027568869879917933,0.03064737558449117,0.05658342551918587,True
90,0.05523272206770835,0.05637577808680182,0.08667065516886999,0.1517884196521725,0.23213239217893678,0.01150980732304275,0.01441507445199207,0.14440542761890976,0.09315637151719472,0.1543133519343714,True
91,0.05690152048368945,0.07599365996506363,0.26531519577220086,0.07810259692861804,0.04619108815589082,0.0778771587006383,0.08329322993359414,0.11305218679273778,0.08306464825569372,0.1202087150118732,True
92,0.0016537182989350269,0.1140564798847695,0.14404074134587186,0.0979963081169264,0.33007872203848704,0.023860707519597957,0.01861097781788402,0.1257622752334421,0.03968519584312558,0.10425487390096039,True
93,0.026026424596833714,0.03684159395956309,0.19318040868922887,0.0363126961961808,0.04456237790001032,0.22729440985528315,0.13417295789993355,0.019810529304400106,0.20736837250449966,0.0744302290940669,True
94,0.16726738676208808,0.09356622542209443,0.20967798928310682,0.008988176018319565,0.03443002601817904,0.012307533418669447,0.0355595430556705,0.048692365337834574,0.34731314528429674,0.04219760939974075,True
95,0.04316736413836033,0.03955122872361369,0.10346274893933452,0.17840979459931763,0.026093781014549986,0.3668448499806842,0.09487809249704655,0.06394410372431637,0.08344976080744197,0.0001982755753347063,True
96,0.1422228776229829,0.12863309337415282,0.027468453597471177,0.12488438966573001,0.013744230706868874,0.246015298358463,0.14116039784317036,0.04571024832533111,0.06297997472399236,0.0671810357818374,True
97,0.021223723107169183,0.03818514732795815,0.1197479591371019,0.0036748025316859743,0.12497428360445424,0.110985661208499,0.39116918437664183,0.03361606489278548,0.08923827364276327,0.06718490017094102,True
98,0.13681910900531735,0.09823090972960895,0.18405730241219972,0.15136809804844073,0.14214830141125392,0.003830263430423595,0.07562404068622908,0.059911476427706396,0.026052231496031624,0.12195826735278872,True
99,0.10743002560090131,0.09759993292502865,0.074166242018617,0.05679281847327766,0.12865481817136412,0.011181063585526847,0.14471271265770855,0.12840956921394284,0.12938604603069861,0.12166677132293437,True
100,0.054620570649835075,0.08305225250511795,0.45543860203697323,0.052782394090593765,0.05855794723161891,0.06078027442188786,0.15046381986454135,0.04921806454339731,0.0007269433440964144,0.03435913131193813,True
101,0.10849059829278615,0.13112598146168983,0.37720002132819314,0.05219594106620399,0.012029200829164664,0.027537213034683,0.033772850506002254,0.13973576381882327,0.09281013303514464,0.02510229662730904,True
102,0.13179091222547087,0.05538067783610137,0.16163387047950073,0.17212529955837186,0.13463665547151518,0.12183752539439721,0.06802628915676195,0.12171725539164174,0.032229047754637745,0.0006224667316012481,True
103,0.11697601226458976,0.06669475636059993,0.012934018494478271,0.06675482416276696,0.07954828171840295,0.08605970617330327,0.20298218548385782,0.17218926076710325,0.09261390760442566,0.10324704697047196,True
104,0.10152007604942426,0.09161342593453135,0.19106680845998847,0.0647309776082381,0.012521422799147034,0.09069475202988424,0.2812344512435317,0.049257264420782744,0.030261504347823567,0.08709931710664864,True
105,0.059888915247019406,0.10916101835387425,0.018016310406435553,0.17794233464881815,0.12857722579173222,0.08381496699111747,0.26321718897263197,0.04683554820539138,0.05850606600702744,0.05404042537595216,True
106,0.040457009540373026,0.047864884049112204,0.13818228590321566,0.31056248196366787,0.09445060640966818,0.003937313798416825,0.27261031634299276,0.03884946162006871,0.026628695088075003,0.02645694528440972,True
107,0.09494321568436097,0.14643511866015071,0.028948674504298298,0.1528581060527216,0.25028979631703896,0.03080671795405308,0.01972790840346888,0.07554038801072664,0.05362567244445452,0.14682440196872623,True
108,0.004707318111664687,0.004957474165084963,0.020599365869981207,0.061258561893284165,0.3382229358971899,0.014668961114487409,0.1960028930036373,0.20538339263274133,0.05297392740102205,0.10122516991090692,True
109,0.16663432005219012,0.03502449907022396,0.033199114313656075,0.11133000162067898,0.1373569603012667,0.08754272047805366,0.09563177406143804,0.07856804606978783,0.11856762419366793,0.13614493983903664,True
110,0.07876207491252411,0.07344662769721445,0.056842576852572504,0.06477284058116574,0.0011082201919890837,0.12769660072689232,0.03924311397478672,0.1963380236858649,0.1631613705906928,0.1986285507862973,True
111,0.08716456791040371,0.20154489921098823,0.14539711593887014,0.19106400077594515,0.10837161345592644,0.06348429835993499,0.02520618780808156,0.009484174911651044,0.16381553019166,0.004467611436538806,True
112,0.25098031333513543,0.025088499025147336,0.06034675949316342,0.09723414254225829,0.10812650277452242,0.006839330441240629,0.060047736807893964,0.07371625060117445,0.018644988460045753,0.29897547651941836,True
113,0.04035170466705813,0.011778755877982024,0.25524751155768916,0.01806252939832505,0.07260344409717409,0.17481189330093094,0.07452269499364468,0.2462383522870553,0.02296485940943131,0.08341825441070928,True
114,0.01909901594334362,0.04795447296635118,0.29961780015255585,0.13790080458989235,0.13870540272459914,0.04740387656904837,0.16249081963386652,0.0364667912500945,0.09279873254532334,0.017562283624924888,True
115,0.10032797267345235,0.03171288281535827,0.15225370818392936,0.0146314711909159,0.01467940607239131,0.03929456430939961,0.06327432305999274,0.13216283255729822,0.13098044005792575,0.3206823990793364,True
116,0.131806321094015,0.013343657665583644,0.004730580723327963,0.21562930401736158,0.008864381893608823,0.12283413108262914,0.0030763903305804237,0.019448763568837492,0.4046699896211863,0.07559648000286974,True
117,0.09162225651684744,0.12173404250084406,0.06448725464447522,0.020055321054126947,0.13687041153194526,0.0619860260785792,0.04471830165967707,0.14983363708774244,0.2631993098624705,0.04549343906329183,True
118,0.03374387898654278,0.03821500274117133,0.008187233520653599,0.01920802833819601,0.01502159676093148,0.08977586369234149,0.03829648155540059,0.6225105279681153,0.1094064224214242,0.025634964015223107,True
119,0.061443328735302755,0.5022707273306979,0.036658025607122516,0.06492254206721666,0.006430598545385156,0.037543209901127514,0.14035075432723354,0.022711986569324393,0.1202999785015584,0.0073688484150312115,True
120,0.2829469775845006,0.1770609219186084,0.05781090374845453,0.004056364942454428,0.019437803997241945,0.12854417464597795,0.1464335333454378,0.06777131123204391,0.04346078742373312,0.07247722116154738,True
121,0.28367568735807297,0.048975588458198833,0.011128649114799707,0.004574497849432468,0.1596711372878193,0.042939875207882235,0.04722156501422241,0.05602038698578635,0.2233392379431758,0.12245337478060996,True
122,0.004627745230030564,0.030729553474251364,0.08588943569807467,0.014894762758129223,0.2995121395469518,0.02447511529486137,0.3127398057839611,0.08185690822116073,0.009915335254566839,0.13535919873801217,True
123,0.07119563179211819,0.018355525906039276,0.0526354053527304,0.0921316953340873,0.018773298870043705,0.42560299680986485,0.11394655037515856,0.002489270452299412,0.07752037444120166,0.12734925066645664,True
124,0.06026297544402053,0.015098126538149726,0.20780633146429522,0.2213115983872394,0.06701910477834369,0.053190221879436436,0.18039207882672204,0.0705264752403973,0.09919926819624768,0.02519381924514804,True
125,0.11922419878281666,0.20220045893885435,0.25930339210367365,0.015049397491077586,0.02356196398480667,0.08628605214499871,0.06038598474435614,0.004764534954148116,0.10463072785713184,0.12459328899813626,True
126,0.1115843183850178,0.019005009478832893,0.10871625816906788,0.05813870855929547,0.14727817500115564,0.08803797670200793,0.0031748898105507283,0.2824569998744838,0.11516441796664127,0.06644324605294669,True
127,0.03892964878910187,0.032509534983624674,0.1560044591250703,0.014039813222128775,0.07937454761616916,0.2597746035352076,0.2045028702859056,0.027316945794091167,0.024831630147136692,0.16271594650156412,True
128,0.04817461525311965,0.16594096805898867,0.08041405554096555,0.19388292581407146,0.0312770203292641,0.051966560049199265,0.21404494233665614,0.10612898436278724,0.09291033626073214,0.01525959199421587,True
129,0.08872694447073817,0.08343829747958219,0.15758400155719332,0.07663797774765387,0.19173316849709426,0.17683431845598002,0.11382563610768098,0.004067427262936009,0.07733691289121829,0.02981531552992294,True
130,0.012788012012648509,0.24425476041642497,0.03377972981520094,0.18918016406925517,0.007394058695501941,0.14088749849602658,0.04415676044641745,0.05808207228232106,0.24601886298826045,0.023458080777943063,True
131,0.07831420933042726,0.023414704946266053,0.06623709847680413,0.14242452319641666,0.4981565024512061,0.0074976811870408715,0.010246829872576335,0.02324041444084797,0.10481985253105759,0.04564818356735692,True
132,0.1722826599783899,0.044639127085346945,0.11565941412029132,0.050017882278884464,0.07001400619607605,0.13724618003598393,0.17782805595371698,0.06346763664954562,0.11768047725045401,0.05116456045131092,True
133,0.1262167678786724,0.12450106567248413,0.16977141110247818,0.07875837371718172,0.03430742683824655,0.09890219244730239,0.17006960403428079,0.07510809143727161,0.005984777713825872,0.11638028915825642,True
134,0.10376996009687595,0.03717933836468116,0.16913862022264756,0.0378031458632588,0.21533823063417787,0.08379795399353532,0.06966194278996025,0.1289203524849828,0.05522794198930652,0.09916251356057396,True
135,0.39247982904360285,0.060737492501259656,0.018222451169919298,0.1563223126323607,0.16879069163700847,0.06587994278187437,0.017364504958790553,0.04243207331540963,0.07626832766987861,0.0015023742898959433,True
136,0.0873397500682552,0.19953624263303976,0.04847551948710322,0.07205754696055598,0.01904410881462518,0.2560436419244077,0.027082127110652405,0.22700055452280885,0.020530061051348348,0.0428904474272033,True
137,0.005548277189721255,0.02754216898819846,0.0736466104872417,0.24786344550610895,0.2840315703051494,0.06717701720735433,0.06968898167765115,0.07073227767666272,0.13772421320893283,0.01604543775297929,True
138,0.21015341378052887,0.07501915468209731,0.13968632963462396,0.012336580877761554,0.014167154566515332,0.08198723722396281,0.0082006607794782,0.20326780263627972,0.2544965669718131,0.0006850988469391899,True
139,0.2452009121294003,0.1796426970043242,0.08410639029277832,0.0034102186723233277,0.028070033208815057,0.014860563946478559,0.23094266472729658,0.018792910303254234,0.18970065973828118,0.005272949977048409,True
140,0.07176457642414628,0.19684715679539688,0.10951349409624962,0.10280377123374125,0.19986848280567784,0.006824038271755058,0.016887229682105695,0.05047902517673317,0.15072393664323774,0.09428828887095649,True
141,0.019132306259492762,0.09370352009785135,0.2539832204099331,0.05504388575213787,0.19048173820360767,0.09057642594580732,0.11364327374822639,0.051157689031770516,0.02275519949239632,0.10952274105877663,True
142,0.08630211490137049,0.016290682106400705,0.09928850679810797,0.0830105154383177,0.006567140383095837,0.43852897999508095,0.12692499848402136,0.06602913371695254,0.05529024094414555,0.02176768723250678,True
143,0.23972979773169045,0.15414270350076187,0.02947460863375256,0.009272600962400252,0.028395222351009067,0.170603201911079,0.007354301294157429,0.11044140894938483,0.054622697471333526,0.19596345719443106,True
144,0.15108223301937873,0.18889729859211574,0.10925447287315597,0.04327531238045099,0.03530539012633019,0.18304328502564682,0.06411068271700328,0.12783992125661206,0.06243144777906909,0.03475995623023695,True
145,0.0792631489760315,0.12408891503159658,0.030232944270345286,0.16001574323908813,0.014100771306225607,0.10929074219535859,0.014378945670181546,0.09523053674945163,0.2677204819364719,0.10567777062524919,True
146,0.22167782267776726,0.03636265331578246,0.08726445911085477,0.03994608040286992,0.021895104013821328,0.007179224362172811,0.007051012010840732,0.14075709112236853,0.412718793969133,0.025147759014389242,True
147,0.06688954451990008,0.0024048385314312695,0.26855820759989013,0.10064886334030766,0.09285762764690082,0.01547273320048802,0.046213318344911936,0.1230152600047022,0.27645152102209813,0.007488085789369826,True
148,0.16964500228034254,0.12267306224755306,0.17373650594565687,0.06110862534861386,0.08304217411076048,0.066553226117373,0.024519439470028836,0.11222077781174601,0.12558584227951408,0.06091534438841118,True
149,0.16893492660524617,0.050324244280374776,0.19597177008799443,0.012001689937966152,0.16181648434658885,0.023723489078177357,0.15436358054247212,0.11177387460541621,0.03099852985474654,0.09009141066101746,True
150,0.009386709598235208,0.06347484871570797,0.07487821248514975,0.13410301991171303,0.23449857649184724,0.023253150555849908,0.04328568581875974,0.15887443334374998,0.0030667119973170746,0.25517865108167004,True
151,0.03559037940847313,0.21584040469696647,0.07154886413447512,0.11169305738495158,0.09853532101685915,0.013664711662611517,0.0804070635623103,0.10433353476464671,0.1843189322210989,0.0840677311476071,True
152,0.03583200561835245,0.06226490444564731,0.5427836001542243,0.007753695095352102,0.09891074822890661,0.028355063129163537,0.060722790532069464,0.07371112237921655,0.060045292509216745,0.029620777907850955,True
153,0.055829938919927734,0.09988468526666748,0.01781828911340262,0.015256257980312804,0.21799460220795125,0.04003949846602221,0.04837054367415433,0.22304114808359982,0.10426936874693515,0.17749566754102658,True
154,0.04433830827584061,0.2429240867733702,0.11964253396386147,0.28981717798008233,0.03142722656986635,0.0003725710817718453,0.15606521119580344,0.010244641007017045,0.09846710313711844,0.006701140015268252,True
155,0.024491024382348885,0.04770514751066984,0.05062522890617269,0.015593322827654786,0.18913345600441744,0.06644996092674797,0.331066028879839,0.07953918986721538,0.021461586846926246,0.17393505384800778,True
156,0.08237988619991139,0.2459806885280549,0.16464485412702137,0.03602064428227339,0.06867626808759329,0.04789433023603681,0.04124972189921113,0.027008804858665414,0.17927756529064756,0.10686723649058483,True
157,0.04319256164481869,0.049681386423582406,0.1777045480277019,0.14764413199661724,0.18617085924350849,0.19329494895327973,0.022808999184016084,0.07808814964825642,0.03311428064698859,0.06830013423123048,True
158,0.15624919123407263,0.0925763234981438,0.1433603566714564,0.08761979557607276,0.15015229651009246,0.03604079267002117,0.11670272975284576,0.17077189670753515,0.036014006884395766,0.010512610495363959,True
159,0.02384217603341682,0.13261717078401303,0.07126238910248983,0.0272943103675108,0.16672522094680534,0.08277266507463933,0.2576556637782631,0.006384991714844847,0.11427388745706574,0.11717152474095097,True
160,0.23812614210573513,0.02348501096601354,0.15613353859355034,0.0030319568543873666,0.02349656982748107,0.12263835697245606,0.0731117987609387,0.17953940600217572,0.07508308452720712,0.10535413539005489,True
161,0.12952667985745336,0.4210203480561529,0.031249928156666242,0.05130134321626557,0.002315141725719834,0.026084625224930606,0.08862557025686643,0.09448064479871572,0.125007913548589,0.030387805158640313,True
162,0.03940492705303203,0.05625790045014704,0.09529397493337552,0.03048901958857595,0.0839052755239987,0.0013567453477736355,0.1635409172302978,0.24991437148237916,0.24072602964669904,0.03911083874372109,True
163,0.035073551529606076,0.04818316007927742,0.11036964751316966,0.055964871146668926,0.02060578049737892,0.00022692015651525323,0.0463173620064531,0.431161520844415,0.07385220836059571,0.17824497786591997,True
164,0.0612067660136028,0.04260032850786804,0.08437790439233779,0.2512389898665682,0.10236139321571702,0.08954414625374109,0.21394417721569264,0.06645903372897015,0.06735481592809398,0.020912444877408305,True
165,0.14279058584878232,0.052031013831380965,0.050048962479525526,0.1290868536547665,0.10617549199931735,0.06607514395008672,0.3107369517632103,0.051373635155990985,0.07805503048487475,0.01362633083206452,True
166,0.02105425192470982,0.30042769356573734,0.0005735948261899112,0.002618733580826796,0.34810422609435543,0.09786235800338923,0.046233884085782315,0.03233799579639264,0.1482802181289732,0.002507043993643427,True
167,0.023972683213326473,0.282386220503173,0.237251775139046,0.027226295432529822,0.07204013369277687,0.05830311226811549,0.017441394399708113,0.14060567683526617,0.002249285602551562,0.1385234229135067,True
168,0.17288391845801246,0.15096362376230862,0.02075029856360957,0.28483058327464744,0.0677226011333341,0.03591600473162439,0.10807494519882564,0.03362964651459676,0.09171909270150116,0.03350928566153983,True
169,0.03973226048718403,0.051562972568150865,0.0007877892680128507,0.02453134360295905,0.12845212867128566,0.17935667083169232,0.021172890382708285,0.06303253089063762,0.3096191324329977,0.18175228086437173,True
170,0.0061429726503095935,0.2734089369348244,0.00661802027743464,0.22360040362676115,0.12085975299940818,0.11342830076701198,0.15360020127265453,0.05498091603328992,0.00018632767132376925,0.04717416776698185,True
171,0.014731435722691361,0.026844635522173036,0.06141924509387734,0.007513163116411524,0.06829886553095935,0.29121781008813824,0.009267313973619221,0.1636630686052459,0.28077408044493063,0.0762703819019533,True
172,0.22949659338324135,0.03938839317490528,0.05967702545282941,0.17558589484699963,0.06737603402388932,0.027041076478177904,0.021170682233283115,0.2426538334385467,0.04608859781622844,0.09152186915189874,True
173,0.09813567587504,0.003581705283136762,0.08012781640950112,0.04602757880586922,0.025719362472881573,0.39087857677499255,0.06685842205032629,0.09687615156642336,0.09799132008668657,0.09380339067514265,True
174,0.2941341404647115,0.032366751830309064,0.02145488472781417,0.07689845608027925,0.01943057875289176,0.2374127496472947,0.168245231610674,0.06839725833107914,0.03639924473308971,0.04526070382185681,True
175,0.019178721155990668,0.4716702571755632,0.12207091403984253,0.03621114132353809,0.1576801681953789,0.02316783896461229,0.03045040826386087,0.054868564299101356,0.01225124737757455,0.07245073920453746,True
176,0.16275557501001148,0.04221272738729958,0.06234901847616588,0.15225828899746238,0.05885419078067841,0.08837178196957744,0.0229936027842024,0.32192571613049564,0.03816674563820709,0.05011235282589982,True
177,0.11984810506345284,0.017150311953653238,0.07643159941035649,0.017734146539412802,0.0022943849208180702,0.07976072625135314,0.10625396442557357,0.34118415002391006,0.1530969577034594,0.08624565370801039,True
178,0.031232089024386536,0.00262746704912847,0.08086484915971744,0.0313381519370978,0.0035821062463133866,0.15379768643053754,0.10389009863996485,0.09748011477297283,0.42004772106178423,0.07513971567809687,True
179,0.19085160148021832,0.12480623276231262,0.2568097101832743,0.038913900408622484,0.01772007966973049,0.05754447111014809,0.06750585019376094,0.11259735739717046,0.04602449626705458,0.08722630052770781,True
180,0.20737825993936532,0.016837010381521637,0.3050681692225866,0.004275827513866642,0.11634553286896758,0.21632160921513557,0.005216234961067907,0.03362615956357215,0.012352887550430592,0.08257830878348596,True
181,0.4694615433172498,0.02762381149875319,0.02167742642674399,0.07287105077227464,0.06368472098376901,0.1648332977791619,0.06725892612969857,0.014325242824637608,0.08460255349920483,0.013661426768506454,True
182,0.1946045391256071,0.008036911889700071,0.0643441665738269,0.015957624499899997,0.0682451961129868,0.07408933757689268,0.05215252542283576,0.05642768924789391,0.32717229229321937,0.13896971725713755,True
183,0.04467371364265266,0.06919850937277554,0.006248034675901344,0.04554991545917879,0.09646594888104955,0.10924253323904404,0.15300421481868823,0.2135879417312889,0.18036636103409853,0.08166282714532247,True
184,0.23165201729771964,0.12314495443946587,0.034046642763689586,0.04079032416853629,0.12635085308683452,0.08396896925683096,0.026283001228145173,0.11579650875628122,0.11194794535432762,0.10601878364816911,True
185,0.010749334795984757,0.049305605095155795,0.0001446724098501045,0.013417869990238402,0.0012437340530820542,0.054189864868818875,0.09386777179291353,0.25880944867119393,0.017968043745853417,0.5003036545769092,True
186,0.006541691945613251,0.2657150125338202,0.11248823659108106,0.000767307529977898,0.06350478434570231,0.20904870187955285,0.11232803024108985,0.00512871188359865,0.10618185218266937,0.11829567086689456,True
187,0.29765735324907816,0.1025942325911064,0.01703522752827038,0.03779532848945176,0.08925949064325633,0.01299691453579031,0.1905973287903781,0.060118107308018635,0.1262275415498526,0.06571847531479742,True
188,0.29592022391529543,0.02721919817048957,0.2154150217707528,0.2309821215761779,0.018371038936227126,0.000907183405059861,0.03601436356168259,0.1262765031346106,0.0062563890949460495,0.042637956434757866,True
