ID,strat_res0,strat_res1,strat_res2,strat_res3,strat_res4,strat_res5,strat_res6,strat_res7,strat_res8,strat_res9,alive_at_end
0,0.0741127580621345,0.12938797354572146,0.04364558002561711,0.030646750900612887,0.2558148340211112,0.11513140575846956,0.00706719293526688,0.027846135984918866,0.09890310448208284,0.2174442642840646,True
1,0.004547552630350534,0.04211394254180119,0.554137275433435,0.04533858286030073,0.027937619805525202,0.023131112758186897,0.15559271759027127,0.0175431204601869,0.06666311886150923,0.06299495705843289,True
2,0.20069698974915529,0.2180275361438067,0.1666481003072119,0.16249141184897542,0.05955024320782827,0.016648592506206893,0.07002755821841972,0.07412849137701921,0.022654596929492652,0.009126479711884065,True
3,0.01148143535190012,0.00399577450629202,0.08267889491827174,0.02148359081071718,0.05725156393538005,0.035767680691395465,0.47572117007226083,0.005581822148625034,0.23647318793886296,0.06956487962629464,True
4,0.02425423354017514,0.016265705168887947,0.06117085631359137,0.23446628090924942,0.19421302771806093,0.13426824666443182,0.19315147121783469,0.0452246386509033,0.08175634398147197,0.015229195835393346,True
5,0.2986304179438828,0.060114051601520016,0.0016082428115238826,0.05087474758480579,0.17970136686568036,0.0533308084548128,0.08455477793168696,0.1499061504156186,0.09145895642831767,0.029820479962151043,True
6,0.011222949813646025,0.29223887735584764,0.035659949258650105,0.11611479040307426,0.10331433765168632,0.20602968258570886,0.03327542830497335,0.12346222679449532,0.003583218979924079,0.07509853885199383,True
7,0.08764747553610304,0.3661779966103333,0.005416464816657304,0.07926965504730192,0.02343477129471437,0.2808857965553476,0.012680071186916156,0.07816589461462622,0.05698939076920362,0.009332483568796544,True
8,0.10475306214789251,0.018442547345786316,0.10058017548059763,0.2667683794355337,0.010231478388856338,0.06287230602394515,0.1194755794099049,0.10413626387873946,0.14591354211056995,0.06682666577817403,True
9,0.09218339080611596,0.02990379706184991,0.3412793340356789,0.019652156537538327,0.10371376895971017,0.06828412406835695,0.12576499071796254,0.00040338470147262143,0.0194897599755802,0.19932529313573438,True
10,0.08496592946279773,0.10864335973968797,0.06070824075502841,0.06507689855599315,0.16899897855796844,0.030868089182796512,0.06008548709057725,0.1624956390844558,0.21060882126843886,0.047548556302255934,True
11,0.05293310027689697,0.05194324607239683,0.18331337701125744,0.182746355810716,0.01493530709582603,0.03553291507828614,0.008871516085240649,0.033437532348664985,0.21786621773207326,0.2184204324886418,True
12,0.0008059645766191289,0.1343431605273235,0.17672463321849224,0.04704362788443723,0.08047056174194524,0.1964554366443564,0.04942389106014083,0.049019770810499616,0.21700892422108087,0.04870402931510503,True
13,0.11427962625004824,0.05876977621406517,0.05150434986133067,0.2845587249922356,0.0031079425061756837,0.009550710212404683,0.1147072485706466,0.16510902025362456,0.012595954958404086,0.1858166461810646,True
14,0.14571501301578416,0.1386400041856041,0.12493181148315595,0.004577442866229606,0.033048345214466555,0.08210598061457877,0.021363965268916985,0.10656661258172345,0.05144464936463717,0.2916061754049034,True
15,0.04389529630551618,0.057127471273169694,0.24961512311149342,0.08022396329176258,0.06751956336167868,0.037314667568842975,0.23126198839018994,0.06328080041955716,0.023007144777255965,0.14675398150053345,True
16,0.13406914130713896,0.03915961001361347,0.009472327370814148,0.12983099518428537,0.02573821295145015,0.3901600515897129,0.04132716323415032,0.050871609506677,0.12526688006476394,0.05410400877739374,True
17,0.14265166338405844,0.03796030501632437,0.06146143449866987,0.010603475032363651,0.3514055587873841,0.18938838235477612,0.1729914514781875,0.008305566560113328,0.010302747539023938,0.014929415349098765,True
18,0.008023297236688548,0.01885540309802379,0.038957452478151425,0.10326138333107868,0.031599114929968364,0.24677198963653849,0.12447317453919104,0.3093719674164545,0.05911856963458487,0.059567647699320304,True
19,0.07657372298323878,0.14643038020526503,0.07442894687278863,0.014618881753661078,0.06675071649118887,0.05174784193921614,0.04253800916775057,0.020003396552879738,0.3699195852208963,0.13698851881311488,True
20,0.16556612486972463,0.06793261625347136,0.029072779040781614,0.119204943786355,0.027748342761565067,0.2282652886782141,0.2025348858752537,0.05045798033745293,0.03736928061940863,0.0718477577777728,True
21,0.021004873098832578,0.3606310091000793,0.0743096858475333,0.03740179150295754,0.11108027576879745,0.036732753766921755,0.10782388569436738,0.12063973643308486,0.012409884259182768,0.11796610452824294,True
22,0.15160383543161665,0.021714902514275117,0.028280646950447227,0.07967481795180685,0.056142917200769166,0.04772665759803773,0.1748511561576405,0.21208122353749922,0.14297374838567992,0.08495009427222762,True
23,0.040638050965794745,0.06133357029511911,0.007969956360322553,0.08495871556332837,0.07636587741416538,0.041805709509055364,0.1664902530846206,0.2274486781250948,0.05012445317874974,0.2428647355037494,True
24,0.16866886387589797,0.09800066949615234,0.05461597611164623,0.03635806139686935,0.013089914367205392,0.4009399313365103,0.007717699264799692,0.01815849404272739,0.09768062957813088,0.1047697605300604,True
25,0.1251918390526937,0.14330843645812819,0.029600358812884035,0.13224351838100284,0.14742011277186062,0.007171661759125621,0.10887078656635141,0.028534187089097274,0.21487187734391636,0.06278722176494005,True
26,0.19582414494249575,0.004212486694004837,0.024592125269268496,0.08736485271516424,0.18054598621819506,0.11816463318853311,0.15016583155294733,0.0987084106526953,0.10597247796277573,0.03444905080392013,True
27,0.047913119975478896,0.10971329854277825,0.16776921250762952,0.17494085567718207,0.023019625794903624,0.019968387851189158,0.09366760629543477,0.054345454687343094,0.15052902710229402,0.15813341156576663,True
28,0.07397247492113612,0.6800569683823214,0.0005274650685833056,0.01944398161438872,0.05926217419320407,0.01875551268965492,0.08924606874111356,0.01521935511504276,0.02906606994459621,0.014449929329958736,True
29,0.025964657480236658,0.009941239268379228,0.06400366931484092,0.01676240351955923,0.005000811469081612,0.5152032377519028,0.035957365537441284,0.14346821508695237,0.1049618806207064,0.07873651995089964,True
30,0.24476587507396189,0.06726701016411227,0.03842426066077455,0.14470106919609194,0.111049321281705,0.11902783741547315,0.1010574181155732,0.07996686341174758,0.04168061433112272,0.05205973034943766,True
31,0.2120543770070897,0.021245839290018158,0.052019659692257664,0.01874560227476693,0.19414289674152513,0.05792500595609475,0.15558871838741417,0.0582775204296073,0.04234924790817279,0.18765113231305341,True
32,0.027800321723761217,0.04149995841699734,0.09561219008414287,0.09503079448896797,0.1044933543994457,0.008062710156849586,0.23200241170956376,0.18268594438364483,0.196735144174218,0.01607717046240866,True
33,0.0344083775728922,0.11425965765968622,0.1465493745942925,0.2570829079666689,0.07518890951605445,0.00658559541211441,0.015965618742778468,0.11786319555462879,0.13615262461894984,0.09594373836193423,True
34,0.057602998468674435,0.10337820198389183,0.049532617318139634,0.2589878077612297,0.1063213654270754,0.16587872521337288,0.11357445356532264,0.1308181551914898,0.002349102858317316,0.01155657221248633,True
35,0.1061112851096214,0.06138306285730168,0.02963869682176298,0.033465889669679456,0.09772288656954993,0.14645556461249817,0.000983510752251725,0.10410942811927591,0.28267241938419857,0.13745725610386,True
36,0.23423009565243644,0.2077604058230868,0.11208898393093832,0.0018164493510210754,0.006282254112569211,0.10694955767223732,0.033369140389804014,0.12130598710495613,0.08170506783347083,0.09449205812947989,True
37,0.08063519965519798,0.045875392956024566,0.03636797383339069,0.042190365177383615,0.25998507610314925,0.062278657307596935,0.047078818323695246,0.12226209855687248,0.2712970901432332,0.032029327943455865,True
38,0.054647136544398414,0.09556876853804462,0.17531049456860684,0.27242626095813083,0.1302238355344755,0.056096924123218865,0.08308690820048924,0.016567345367696978,0.059762288989734194,0.05631003717520446,True
39,0.009646911911522128,0.1503407138460341,0.06923730409113839,0.060256846618381696,0.05293834042973229,0.0003054001580873774,0.2698051116138791,0.12020667529913726,0.14226725929440226,0.12499543673768539,True
40,0.20173941803703505,0.2713095705837172,0.10617394176552912,0.07558779100352556,0.07223637280859646,3.126496344857547e-05,0.0013376777635905853,0.1212179308773903,0.058210328454989496,0.09215570374217771,True
41,0.20888930165000752,0.16228962751102266,0.03720943124726774,0.007042405603804052,0.07221242127171965,0.06953257413287682,0.02040880623758644,0.3342460624733116,0.05517580894207917,0.03299356093032433,True
42,0.013057929450437662,0.012167174411485319,0.126265929400466,0.42530553329906606,0.07905982364168598,0.023108277123165665,0.20271926635713503,0.022382861788857206,0.016187462441726835,0.07974574208597424,True
43,0.07567936692809127,0.22791599786381828,0.011947207762484091,0.25826623739756305,0.11944166794034099,0.0068531246101202715,0.021513067500508867,0.13617495083610562,0.07737281528403325,0.06483556387693433,True
44,0.06471920771803444,0.08168848342235696,0.29102268648185525,0.010387418562786192,0.029690456015280316,0.11327248777414642,0.19912945105013927,0.12656691397509642,0.023531058024110693,0.05999183697619388,True
45,0.012685479166802894,0.10016014106773023,0.02596936427312236,0.20695780977317613,0.03398474477232274,0.05359013117928817,0.025039134917735115,0.38337196083335456,0.14118245123363873,0.017058782782828998,True
46,0.016337518731636785,0.1318499131002841,0.02386022648411258,0.07974888238338769,0.14880554767997747,0.28466731323017924,0.03718127486381508,0.22461047432392706,0.026150924025978944,0.026787925176701078,True
47,0.0002469960220500341,0.024267165568471222,0.04975495676974718,0.2552996745102197,0.011758572001747788,0.04257303105792513,0.02505629322344369,0.28090904969382363,0.2603607328302744,0.04977352832229742,True
48,0.03288445144110234,0.0050214266058061,0.1028179468748851,0.045319692713405135,0.03576719892968326,0.038387945881621206,0.35979542766812334,0.039208053171524246,0.06550896489145307,0.2752888918223962,True
49,0.07490567284429743,0.15971531895797733,0.06021838190152468,0.06711548343530133,0.026102551975143454,0.05348130944441895,0.18350393739562157,0.031355164196639744,0.024372251285077688,0.31922992856399784,True
50,0.07065661227223453,0.13749052077840962,0.08741562714685303,0.09580813529332916,0.09781271819158195,0.05616396584427703,0.1979014201201977,0.13688859059490874,0.044505031396013375,0.07535737836219504,True
51,0.006020064797079192,0.03422247486656978,0.05244575966585946,0.08642771731703824,0.2284020208135985,0.021158804417970602,0.008451049688138857,0.11091713431222826,0.002040638792906405,0.44991433532861075,True
52,0.11123459472371656,0.2833647292630589,0.022058458944277513,0.2016087870922624,0.00329299245365145,0.14051172779048232,1.4858565277477614e-05,0.07275730039254703,0.10503046547602211,0.06012608529870421,True
53,0.031010846087900078,0.04330404519724814,0.054154694314477565,0.09326183465315746,0.18229480272381848,0.29123409216389196,0.08041944778333476,0.03807069072526406,0.00669195312723478,0.17955759322367268,True
54,0.11119570145744401,0.14397869974915947,0.03229959215767227,0.10210699981112295,0.05993859670352329,0.05689619444665723,0.10750241645821017,0.19232947938827266,0.11145588962370162,0.08229643020423623,True
55,0.348847383397305,0.05943544246286109,0.026076324251423557,0.07024539762795948,0.029488981421494694,0.19148660004072945,0.05934544770216111,0.009558305110804079,0.0829701798543078,0.12254593813095367,True
56,0.07440027324235997,0.3708421167255521,0.020888752415469874,0.038428384996377664,0.10302129690278387,0.0549826639004146,0.0848431988085334,0.005010270869370317,0.05947535754100651,0.18810768459813157,True
57,0.12088254728190323,0.09216597079804753,0.007119896747288747,0.20539438543302874,0.10261471909277266,0.014878913336882063,0.0724951117486493,0.03331512735110272,0.12121920040092209,0.22991412780940285,True
58,0.09593846297621343,0.023509755350471968,0.23770964283219864,0.00817859118670202,0.04641083324678521,0.09881345546144966,0.1955130001912697,0.001947019792823407,0.21674871839562188,0.07523052056646408,True
59,0.04887932580344098,0.19919442294701448,0.30333630453785904,0.014810931966282146,0.10499953511783758,0.1090193687541752,0.17773549528758292,0.0028225309225690005,0.03730101102588247,0.001901073637356015,True
60,0.022228958299329544,0.041297661615301726,0.08268858127603051,0.009049880308302116,0.0097291698092292,0.27538194792886056,0.10375614676981557,0.05833789184418507,0.3102552899586964,0.08727447219024924,True
61,0.005569767639434039,0.11963573769920921,0.16737942200630598,0.2624940803943972,0.22237316288427822,0.03215872506373333,0.07637997302173834,0.07745012271580823,0.018648545297706837,0.01791046327738866,True
62,0.10974165193863232,0.02835911125725068,0.02638949835368754,0.0028064089528893194,0.011325771761356414,0.10018189262955056,0.04054858383594636,0.12624366481054955,0.375551352052548,0.17885206440758927,True
63,0.07513081683608645,0.1671004804614364,0.10771694269843625,0.28676605414137246,0.0065050845541701095,0.06430964541710249,0.00415524763167014,0.1987835479444397,0.026615331390313527,0.06291684892497257,True
64,0.07644362269133914,0.03252552820089465,0.018911760202273677,0.017497594163788925,0.2428070848672731,0.22944447928440226,0.005541550106594824,0.15860464841862257,0.07977965472152752,0.13844407734328337,True
65,0.10617269405490543,0.004624844678121287,0.09097176144156675,0.06720925729749468,0.03856683860500936,0.08920484820573478,0.06883889937762837,0.32755572306042785,0.15874942240724116,0.0481057108718701,True
66,0.044770048008805616,0.026036298679412897,0.025019124410301786,0.02181386712165365,0.0028629020958689864,0.2857871170425393,0.1105594791550418,0.16774720308205016,0.13851647107738307,0.17688748932694282,True
67,0.022614850482199453,0.07161169473691112,0.1218611795848545,0.18450884614648885,0.2995235466600406,0.002774921441990557,0.20059225982604298,0.07212123748783829,0.011409887242176795,0.012981576391456792,True
68,0.08074397603414465,0.06829776947646798,0.029509474811763293,0.2509731405825986,0.03635653918204294,0.00617533430917491,0.07743380119010453,0.20620267458598276,0.009546315016575683,0.2347609748111445,True
69,0.12122832138307695,0.07133848419408692,0.03941440859753492,0.044707862619054316,0.043856901829427634,0.2074981476921948,0.07553970157663858,0.14286264813504,0.04423248233063856,0.2093210416423074,True
70,0.12186990404794612,0.179773057408649,0.025355043356952538,0.1370196364288896,0.09085604662623743,0.0026685797985644614,0.2732019516586649,0.019234165210807334,0.04875607796559893,0.1012655374976898,True
71,0.16633290465413508,0.0593887233699979,0.08260128303055786,0.004479525988533835,0.1276794341059331,0.0555484678466267,0.13917293307813208,0.037733696424352946,0.018478280712899288,0.30858475078883124,True
72,0.09463405796047422,0.0523289205467957,0.05874342747071867,0.19224612383035114,0.055105587671493914,0.26116443898665237,0.16835239440985256,0.041030056459230885,0.055607859165519524,0.02078713349891102,True
73,0.06509955896499629,0.020617714361663687,0.13663116218274204,0.01614357993841507,0.09093487615178313,0.4391254413890911,0.16807138576071817,0.02475527087908771,0.02404586480216596,0.014575145569336876,True
74,0.08713509188310822,0.1056922457729853,0.03471285389680526,0.0605272532810537,0.012390637934093134,0.1345015418222284,0.27026071947092534,0.08848334984858604,0.1262721192249583,0.0800241868652563,True
75,0.13402600880046944,0.03509134955849587,0.08363007953535251,0.1888107482246559,0.027851237965554103,0.17539887680510274,0.11175375354198791,0.024272996975173832,0.07724510674356967,0.14191984184963788,True
76,0.05447013836785183,0.021151652517341336,0.20902435586095613,0.029671283935219887,0.4291293439383806,0.04344197049925082,0.03931163229757499,0.03796252489971133,0.03183927098754885,0.10399782669616416,True
77,0.042345924029832394,0.09946385395263907,0.0339952291051563,0.19269860823724105,0.037735747821128804,0.024569048106367095,0.0324967202470594,0.0108330249163256,0.05714362386090467,0.46871821972334565,True
78,0.13796992285858214,0.005632617134952707,0.16088675380458,0.03662019235630419,0.06988445126415854,0.037203073443179725,0.34270743708922907,0.02305701066321999,0.013451957786814552,0.1725865835989791,True
79,0.028200697313145326,0.05139001779814797,0.2558963254336329,0.012959149257667548,0.015253878371649068,0.19118135655054713,0.014636896109973886,0.06965759977684757,0.12342003785678646,0.2374040415316021,True
80,0.040169179943326076,0.08136524902108606,0.0029313562909123393,0.16112422865984127,0.0764627801186203,0.08108123716347614,0.02588821680507068,0.24755781962250517,0.21246344408277845,0.07095648829238342,True
81,0.11256492288887789,0.06600119959451119,0.1632014286744778,0.10875246155625201,0.08072085106576694,0.19422317246633158,0.03151206655152954,0.07872271749915771,0.09489577223852247,0.0694054074645728,True
82,0.034013229901071106,0.30141009027271376,0.01700367082680012,0.060016624792651366,0.007019637263144996,0.06976471298136987,0.18579974861254703,0.043240557063170655,0.11222630658546058,0.16950542170107058,True
83,0.04402038360018893,0.3098656163589233,0.22652930364375962,0.04391526179229934,0.0897162416627246,0.020389425401849168,0.05260735152092547,0.09258937777482158,0.1194035592422478,0.0009634790022603834,True
84,0.10038779592512612,0.09223655641995145,0.08221103116111127,0.2797418291134214,0.06289884122566816,0.08774970523639508,0.07040609566058878,0.047639796592623046,0.15325724232660864,0.02347110633850608,True
85,0.10807940666872878,0.08009739475221421,0.09652603116394666,0.09532587848706356,0.15067234157988454,0.12534836230498142,0.06733648251764252,0.021542095708114273,0.14027346117968165,0.1147985456377423,True
86,0.3339425805003644,0.05781010280075867,0.16759427340911284,0.07877838822910405,0.04207876860997488,0.08841269123005153,0.0007052889874474782,0.07580925957847819,0.04894678830547324,0.10592185834923466,True
87,0.08842140976984209,0.26469845227912214,0.19060488653263763,0.08522597593707938,0.0893741893844313,0.04757670981460383,0.17296303883490785,0.05377684146325609,0.002424897794046729,0.004933598190072867,True
88,0.033350411737983796,0.2001386556527504,0.17883277873788533,0.13843829750317882,0.16042186795500127,0.0007892782144070768,0.009612208644545144,0.2096453414120669,0.01911180061022415,0.049659359531957215,True
89,0.02452538998237484,0.055175669342705604,0.06956011989096036,0.29799538885847887,0.05640704582092119,0.14544880991305553,0.09620686109672247,0.2030166921710748,0.005805313050733511,0.04585870987297289,True
90,0.08597345022180967,0.2403336680045055,0.07010770665096389,0.06501141191592648,0.03319593196759997,0.051703274408029694,0.007754219239688779,0.08628561587727988,0.057602196124514095,0.3020325255896822,True
91,0.0057014034234607195,0.014023804701731675,0.016676212800005606,0.06628827053369171,0.20655354021938682,0.037823165206761156,0.3283276168483904,0.24770843333345996,0.0074114553813827986,0.06948609755172896,True
92,0.19395774952376413,0.040014381889152,0.014818446316728422,0.016307135911043488,0.11806987958942011,0.12327927418124833,0.061807833556344484,0.2602608115818457,0.12018425418797558,0.05130023326247782,True
93,0.0436107171105469,0.021467595403566474,0.00019005609036780658,0.2574820069954101,0.2619542687939254,0.006896384656436236,0.07658522175270743,0.008550993468406647,0.17643419443818453,0.1468285612904485,True
94,0.12244421670817847,0.0505454937138563,0.07246347176869868,0.006849112602449362,0.017926145110698805,0.40347808298821763,0.003011408848730436,0.07437383292122353,0.17655559046068064,0.07235264487726621,True
95,0.17231321140927316,0.009250674284963682,0.11596706779555004,0.03524804399830308,0.15856682871759017,0.0644996620880369,0.01534312400614075,0.24625391226703242,0.16366316999469657,0.018894305438413205,True
96,0.0596230627228021,0.012340895813113656,0.022637106506723112,0.2891251772399596,0.06397035791708751,0.13923934061501295,0.05902641295835201,0.10541858577907331,0.23791730812417577,0.010701752323699866,True
97,0.05330473936886809,0.048351543415140905,0.008667902908335997,0.041013036319122745,0.013655244774524537,0.251313575959582,0.08440446948407114,0.11019625249013001,0.13102176211228792,0.25807147316793677,True
98,0.12441678296621535,0.06422738962116593,0.03372254080286779,0.0012727866800486044,0.11573886929319069,0.19669734761953359,0.013824693799193061,0.2060102065805566,0.041686554166658986,0.2024028284705694,True
99,0.04096946669122773,0.15383549866673168,0.02627430029338491,0.0482682663157836,0.06083847037141376,0.02040713563619772,0.33855938426342896,0.12590971637158357,0.06355404223831898,0.12138371915192919,True
100,0.07109629866259726,0.11691291442377587,0.05975220049518851,0.17751209899216308,0.040929789151450895,0.0857826943004317,0.22278381836479744,0.0449837116391894,0.0259466985990802,0.15429977537132575,True
101,0.27920797589806456,0.023892569480633147,0.06766225074289749,0.09833152620812632,0.03838925436684312,0.04859224332068918,0.2987805455956276,0.004486524032371232,0.05954176916943724,0.08111534118531025,True
102,0.005807378251719909,0.016575536392519928,0.010228707470816074,0.00918077305095952,0.2501272608288305,0.017116496064719693,0.03512723944746921,0.027637282916802033,0.1252463033017261,0.502953022274437,True
103,0.004311066534853944,0.12063351211203778,0.07116895666331229,0.14805025834395052,0.026106288692858734,0.1008412108922529,0.014004027047068804,0.2903961489796772,0.011166100587235146,0.2133224301467527,True
104,0.07659413096756165,0.1417380089166341,0.10297120138719855,0.018937295383223862,0.0621839388498228,0.06734629344146109,0.10951333510224881,0.012802728644569676,0.0633916607298334,0.344521406577446,True
105,0.05543965743573526,0.056213984897399,0.18811731864471037,0.0004011984320161086,0.018634869191032556,0.11342725189395855,0.0741268491261807,0.04665848444482243,0.09902919922320384,0.34795118671094133,True
106,0.22657933039902425,0.019219010959470317,0.023965202371509575,0.11963401719599126,0.1298480957050027,0.0765466517647761,0.01633179843850548,0.053832834550662866,0.3013326193562537,0.032710439258803736,True
107,0.06647641847849023,0.06958907566335984,0.19889273794330775,0.08432760425341806,0.011216200539139203,0.007498243297338313,0.03447488792916607,0.24949789395561256,0.18719384067280542,0.0908330972673625,True
108,0.03228175190877458,0.09754162931991062,0.26365144608831664,0.033267561294921595,0.20140364124687476,0.05927156485819883,0.15685685374853775,0.020917962976927978,0.08007362383469521,0.05473396472284195,True
109,0.04732808920522241,0.01551131360174764,0.008855511406599103,0.18603061089526476,0.3490318306080196,0.028183514647114286,0.04531572366506336,0.034194749542057944,0.25374282177454416,0.03180583465436678,True
110,0.08607155189827646,0.0680846109046999,0.03640612762420707,0.026091653827207864,0.020734681091883367,0.006036631809801612,0.06371214737396436,0.16693258762009433,0.23052353571528328,0.2954064721345817,True
111,0.09525384572779817,0.13188629845977018,0.03636596226901465,0.03302373198642605,0.018694808991015086,0.03772503656169849,0.2636867209037056,0.11731531931911812,0.06488141437389605,0.2011668614075576,True
112,0.18146772335544115,0.054494266630284366,0.0781552181294747,0.10466626783289128,0.021454253112761508,0.12362230467052311,0.030259719864337703,0.3235338590555614,0.005755241840391135,0.0765911455083338,True
113,0.33277160388957244,0.046695885562594415,0.04181179301733242,0.18928786798174957,0.0666975480801274,0.04397954292054293,0.08405654988231462,0.09560337728924564,0.005128386555139504,0.093967444821381,True
114,0.053467971087324775,0.1599943380200351,0.05046124186545182,0.01981224999225001,0.09049661794701845,0.03894571076195345,0.05796010436570832,0.05379396685995689,0.2625167128846589,0.21255108621564234,True
115,0.25756754561837575,0.09471615974396633,0.21935757544037734,0.1248049535939833,0.009288650182026698,0.041654869833231904,0.11084216563386388,0.1101237186462119,0.007564998214571286,0.024079363093391665,True
116,0.07425258656798278,0.35643988762262113,0.08101068717111955,0.07603035144676165,0.1469487684243232,0.13437523434276497,0.04295527549072536,0.0074670842164869695,0.062489577292010136,0.018030547425204248,True
117,0.08778375149793258,0.24170083008188245,0.037521017024339035,0.12382288383883178,0.16225447281321706,0.0775023626088726,0.013363016352863076,0.003134404009009077,0.041364155789829826,0.21155310598322252,True
118,0.026720199167706044,0.03404175300143722,0.10332052521551069,0.009733264204329059,0.11764347395200667,0.011721527996826306,0.22313408649276478,0.13354194647142947,0.015128870052812616,0.3250143534451771,True
119,0.03441100794394704,0.1179943051877046,0.06751183248840865,0.0886926605454252,0.009668999124767543,0.11785893777169114,0.04774932776253711,0.050854006910446205,0.08536687424255957,0.3798920480225129,True
120,0.035207431811619345,0.05647971349436927,0.3437402731319184,0.0173945428942735,0.10990748216864045,0.03198832634394528,0.148178908040251,0.05494973399837334,0.01460733415291344,0.1875462539636959,True
121,0.033185116082416345,0.30791541139487577,0.023616532346710455,0.030764138078345264,0.04700324606150753,0.13626420060169323,0.013507399873717555,0.14394123864390274,0.07591631040612895,0.18788640651070215,True
122,0.010591204485082327,0.07276450340589005,0.011042631140319462,0.1632589459357289,0.0709783408724286,0.08775851065048908,0.031881923832380754,0.20747121865066867,0.09832637587338838,0.24592634515362374,True
123,0.2637141834101409,0.055263516395598164,0.035751410139108146,0.15261124846455817,0.12081790781775846,0.0007438301662976848,0.14194902003639656,0.06890268670797527,0.06924219934018563,0.09100399752198104,True
124,0.11356332841005819,0.01437017444059037,0.12502768944301088,0.02495382040811507,0.11189762093252417,0.06092421709855377,0.30405397358178,0.008464102608695996,0.09494242024969565,0.14180265282697566,True
125,0.08897370586366556,0.06793767062750407,0.341564611613316,0.06892843534800572,0.012037834889583916,0.10046577414774957,0.11292126820860077,0.017114204006478905,0.02388912483672929,0.16616737045836621,True
126,0.06895921017067189,0.0845445975092788,0.18043612943983287,0.04398399475923995,0.0835672961620115,0.024337161217312716,0.011723939981201602,0.1613340623717018,0.3364423402400975,0.004671268148651381,True
127,0.02928641113824269,0.018402337053172797,0.042446528207572755,0.1547295015026266,0.10364248728905648,0.032191314756196555,0.0625815964574288,0.18024637504963748,0.14925893046322875,0.22721451808283713,True
128,0.08279772710858087,0.0798145797343109,0.16430261765811674,0.08402924251535114,0.06284546733081603,0.21177784764793584,0.019585983644532106,0.03774517783977318,0.1125596606610067,0.1445416958595765,True
129,0.11312765703915145,0.07356136197612627,0.08006019745861362,0.004097919041695962,0.183607859035079,0.24897589757043198,0.03578832940144314,0.02162334478355864,0.13416281042170305,0.10499462327219675,True
130,0.13382609072262822,0.18781170838041858,0.013153394936938708,0.046525393213799,0.020641182845802908,0.3338219964718806,0.002339749341818552,0.025825111801063606,0.020387870960452654,0.2156675013251972,True
131,0.11341785238785997,0.0149350009450042,0.054098417145901814,0.3117684738737954,0.3159149653764911,0.032175615135346114,0.0397032900799644,0.03736628739901132,0.014487057725081536,0.06613303993154399,True
132,0.2606154781649458,0.043639861462063306,0.11056474082544224,0.18864894153315528,0.03464383524982214,0.029557237688276315,0.1458922767857135,0.02720024822765901,0.08457208471346152,0.07466529534946083,True
133,0.057438947566148965,0.1332391259993765,0.28972857223617543,0.01879640217073421,0.23184709842824694,0.11422502933428351,0.04073709024959806,0.05143553006277516,0.015744879267835177,0.04680732468482604,True
134,0.10847355229428494,0.019870274652009304,0.12887635383901283,0.0009227085040860178,0.004392884171927165,0.27201370125704566,0.05117095458541721,0.06674718220974508,0.10614889177233357,0.24138349671413822,True
135,0.09417098617760081,0.014361533892169364,0.012106769044228633,0.1620387425891303,0.2636278771558598,0.27839818533735555,0.021450796650060652,0.047921058909820353,3.23252221960773e-06,0.10592081772155487,True
136,0.2778451446296835,0.0031697200313561104,0.10563235039570426,0.026202457744575886,0.11132521181185018,0.12224135871315564,0.03539765831367254,0.13024504052479222,0.05157314644629179,0.136367911388918,True
137,0.09997947478620942,0.23777315136398103,0.1915267649915285,0.030938964668025155,0.04288683864389073,0.14389017422564543,0.0961476842245637,0.01332640426849771,0.10008204216681031,0.04344850066084784,True
138,0.17544161453441673,0.07140107302714992,0.03787129898232324,0.1204168729920144,0.39820989257519324,0.026570901472069763,0.05037150436351414,0.011760721284912715,0.06607486895340192,0.041881251815003954,True
139,0.22117543872708093,0.05429899794811394,0.007028631085687806,0.00033584479163888803,0.10635483777168248,0.13145956838957046,0.10631804109901496,0.0035841199880781334,0.04410430645810391,0.32534021374102856,True
140,0.22006314831668194,0.2156802187326583,0.029079230355969352,0.018898787736871724,0.20865178096370315,0.04876189303072794,0.03940385168081103,0.07834467987288693,0.011937721999440657,0.12917868731024879,True
141,0.005370017203172226,0.08905466231076675,0.5735167111419982,0.0024548916588993676,0.010031492397353852,0.08458349208901891,0.16082353652910716,0.006236120719734223,0.02745561034473269,0.04047346560521661,True
142,0.2633940407730416,0.17904830157232243,0.04591174804899054,0.12312281165652655,0.04894150836762134,0.12361859131120977,0.044005803610990823,0.051188033596028026,0.09347238556249127,0.027296775500777574,True
143,0.11313737133531922,0.03685640405024202,0.12577228076211808,0.132087951160432,0.16990978577043803,0.17072675998928627,0.05132416519828945,0.07400202869921538,0.06756709129581957,0.05861616173884002,True
144,0.2888998113872543,0.0689275924071842,0.046135034750191976,0.09513221572246386,0.06193530942445356,0.08076145906323372,0.005086101900542875,0.06565437209532159,0.23917639472321,0.04829170852614403,True
145,0.06583256424771786,0.08376164319339814,0.022571837126501976,0.18743276844533438,0.01091870092669879,0.06274873162717315,0.03493500204666389,0.008143070999047883,0.25913419190043246,0.2645214894870316,True
146,0.08324639623977312,0.02743482480151393,0.0950687465904855,0.19308255729825863,0.15050429390160905,0.051042678920704125,0.10801260564369684,0.059021177649780356,0.11990625275037393,0.11268046620380442,True
147,0.00023779243022457395,0.04411018817878352,0.01716569230752806,0.06140455935496661,0.07580322288143254,0.3023268595339739,0.0253799670489367,0.007508608602281424,0.4216100144719977,0.044453095189875,True
148,0.1919487911393001,0.4375569877151294,0.0012916648692673023,0.049903937889059266,0.06063267187910421,0.056001211983728746,0.015981243839633664,0.015800590312033916,0.15227641490197838,0.018606485470765016,True
149,0.02338155173876955,0.1425933944496107,0.29733530964375676,0.11411662885814677,0.012840265840488052,0.059487096853409686,0.19432409057143382,0.07082421578806752,0.07866460424588999,0.006432842010427012,True
150,0.2044829195454132,0.05798031167624223,0.05722965692447291,0.03710056750952562,0.02246067682434969,0.002100034103445541,0.12595501759444808,0.06840617142241036,0.14190937699628944,0.2823752674034031,True
151,0.09126111174118122,0.05497966822797244,0.3210951269405061,0.15125401581025877,0.0484575993675719,0.06191852795045338,0.06609560848228378,0.03326123089860901,0.09591666235303718,0.07576044822812618,True
152,0.0739503624983476,0.10315786907379045,0.14531209894972824,0.008774886633202281,0.27689382494884207,0.2549878766172414,0.04467921022698197,0.014117459368004586,0.01592587474289932,0.06220053694096212,True
153,0.076088278105304,0.07753654073125352,0.13456685734820528,0.006170906738289142,0.05462642281370658,0.03675913574900143,0.06300523245123449,0.2144285524204197,0.1164473873102384,0.2203706863323475,True
154,0.0038236600499203166,0.006006868945968397,0.05677567259764294,0.1573386373633742,0.5324743471079375,0.055970787649344454,0.00535005941027459,0.0073268811812357715,0.005831690709478544,0.16910139498482338,True
155,0.07099356887753802,0.06532071135950752,0.25902900314018135,0.15692352077569452,0.1803158016685881,0.12601038331464498,0.09545588345753524,0.0034357856290802772,0.03754507220105093,0.004970269576179115,True
156,0.06269814425676769,0.22101598960684576,0.022823809571581644,0.17944506396800974,0.014834255128672752,0.16218659465920385,0.023708785605462482,0.03650243304005737,0.038685741007086334,0.23809918315631218,True
157,0.004643066285917705,0.10751936755866803,0.129733027407076,0.10478841385172592,0.1011739276194564,0.043076976398813256,0.09158660654161768,0.27902309953298043,0.01146830514432928,0.12698720965941535,True
158,0.03550533344638766,0.021484922922032593,0.001644792192747162,0.04763409570276328,0.017253331746425193,0.49208618908763824,0.11585271610121026,0.026995885598361993,0.11762986168775084,0.12391287151468272,True
159,0.000926195837174986,0.2859280323795784,0.10149221003410677,0.10488607731363142,0.21870597456950527,0.03275676227066829,0.0876771206457742,0.034457000539036234,0.0500156568836218,0.08315496952690245,True
160,0.04340080328164498,0.18170117534040678,0.05284433748388592,0.39740323232482755,0.02751062774701201,0.09858169735328295,0.007880704481385194,0.00696689739431083,0.024850907943336865,0.15885961664990694,True
161,0.480731225160407,0.19620167153436477,0.022953713824435607,0.024455772612494323,0.06791128490451678,0.06771443961436756,0.05553137238403447,0.019581380635203555,0.0002579179025506423,0.06466122142762525,True
162,0.026647744291703905,0.2681207053679714,0.1432388482028494,0.053661251508123384,0.031574440811075875,0.06392768774760607,0.11994154538709184,0.009745095396727159,0.2440532871887045,0.03908939409814632,True
163,0.01117083794035146,0.1391155590073348,0.016862991546610716,0.003586971113509836,0.17858144024083283,0.019846409318702032,0.008634664909164156,0.010581574729922667,0.3158679273829984,0.2957516238105732,True
164,0.05482460211857815,0.10637581958132683,0.0566388197141582,0.15697349567121627,0.0838326875825397,0.11802840715717874,0.11568038342875754,0.07875935896088496,0.14086580648846067,0.08802061929689886,True
165,0.015291350467832665,0.004459337362509003,0.11207836060004367,0.3217725407271221,0.23192628721659025,0.06834304906768963,0.053728207967438046,0.03049105614932596,0.1442941675914161,0.01761564285003249,True
166,0.08800525321519531,0.29138543457266225,0.012722426037064761,0.0033503677264619283,0.12850759492538721,0.12422512037557684,0.003692452735863426,0.08273899690856025,0.0292676095412255,0.2361047439620026,True
167,0.02302733119324413,0.1582203363370435,0.10645758529682717,0.08470468502769185,0.044077488475646895,0.13032175498532453,0.06083210623538346,0.053396263610366715,0.15112530692209147,0.18783714191638026,True
168,0.05997521047557231,0.02744888623493642,0.034266285264957744,0.06809643474878549,0.10735888335778453,0.23580696643377524,0.04804955507615955,0.25890117321372313,0.10968770818159333,0.050408897012712194,True
169,0.003158792678721477,0.059506368664468096,0.04825884792370844,0.16447950857387444,0.27849755929381337,0.2054665908850514,0.1059890167011736,0.003924678870762618,0.052197169272579884,0.07852146713584661,True
170,0.11065097906678287,0.11422387627010344,0.06821099153688799,0.09323426517665086,0.24978073387525165,0.06403680796668995,0.015228782466613277,0.16881005790496958,0.10024270489753113,0.015580800838519324,True
171,0.032046796374376255,0.10988544154208975,0.017605926921014012,0.28709747739177266,0.2535017153818158,0.025980342120534166,0.015731367191980823,0.23679841703414073,0.0010073321206398459,0.020345183921636,True
172,0.20379154984317477,0.02664013542257889,0.1608954164385887,0.05794293767783662,0.1761790808406997,0.10930740399578594,0.04904668185029471,0.034235873880682645,0.09865945581274775,0.08330146423761021,True
173,0.26848467109519586,0.0406245951707023,0.07636682270801377,0.13662479712340098,0.06108896659892129,0.2408158778854769,0.017328037571166303,0.015538315162856788,0.023002683950342478,0.12012523273392339,True
174,0.2764512144429411,0.05680898894582613,0.10591560936925232,0.03583311236744379,0.03741147420661402,0.005019305763856842,0.18448015886054422,0.2694181723331789,0.02548932797209507,0.0031726357382477225,True
175,0.04269173423720288,0.2149494872868083,0.01835884062429549,0.39228143928344295,0.06597349174348256,0.058442156320847205,0.023625992627812755,0.057112133762472844,0.03949821368730963,0.0870665104263255,True
176,0.0432382649296476,0.11998528559527594,0.13900611791085088,0.1298134032476092,0.09468361960352814,0.07014390089235645,0.05627939498370739,0.12506812561099767,0.014294328176106073,0.20748755904992064,True
177,0.01692150691236445,0.12171005992157423,0.11432877933170922,0.0747890263247249,0.04508900868232929,0.08590130097107912,0.015051690240680017,0.15612699378706635,0.17980101684978128,0.190280616978691,True
178,0.06022778800588413,0.027730087957061722,0.10622356117367905,0.011786549179613307,0.14969098675426432,0.3749723018223196,0.058256486802161986,0.10841322069941478,0.07264104802849033,0.030057969577110665,True
179,0.016134146731866868,0.01161931301487664,0.09920236465594974,0.05178685563153628,0.21697205822178137,0.12159142699083506,0.20131312150736141,0.18605829312731076,0.08240432079086805,0.012918099327613824,True
180,0.29774620305611943,0.11692550276721211,0.026862716995326805,0.005645366209640454,0.12420955125317146,0.022023682553351385,0.0879910611377444,0.028274152939837142,0.1120344128236638,0.1782873502639332,True
181,0.011476684545378509,0.2137313606004496,0.05867385876148006,0.19275621807415555,0.006293393178334709,0.045292028019051585,0.18060242813244823,0.05259303081255531,0.10441316338409895,0.1341678344920473,True
182,0.03575025732331388,0.0294873395645955,0.032079594557518396,0.0026456524533697724,0.26077316200408335,0.18776967596108693,0.3549301146074011,0.08206265523516773,0.014215133093942539,0.00028641519952087745,True
183,0.061588063379352055,0.24741654985299774,0.08809780033845672,0.012980913133281124,0.1324678431985735,0.1447769304767624,0.09494368162919548,0.09876233512422986,0.07591953520146481,0.043046347665686414,True
184,0.042417730979127294,0.012379221718816063,0.11651883768961996,0.05420054309899228,0.02552486190220666,0.12126556244458475,0.003436845540061929,0.04699579496973519,0.5099282359936467,0.06733236566320916,True
185,0.3817597368970009,0.16419051756190728,0.13874014291638584,0.07071867397653152,0.09120689908537859,0.014290125683419199,0.007489476174400875,0.017789896798674466,0.11242624056565349,0.0013882903406478595,True
186,0.023802402426647346,0.04710347413017673,0.2616217290551109,0.09485639610073972,0.07303670712014657,0.09600013606137843,0.003941890366022884,0.32108529055826657,0.056010715177932484,0.022541259003578444,True
187,0.056237479294353125,0.21428496551406287,0.007875910479492411,0.0963515196261154,0.0834540614379614,0.13939596045162098,0.027050647698310757,0.006307872759962541,0.13502261365059093,0.23401896908752967,True
188,0.20608782952472599,0.02944007003696664,0.049387553131296065,0.21879306386405203,0.0777820701047644,0.02783927910746888,0.021079627935260126,0.10235705903044673,0.057736629991037736,0.20949681727398148,True
