ID,strat_res0,strat_res1,strat_res2,strat_res3,strat_res4,strat_res5,strat_res6,strat_res7,strat_res8,strat_res9,alive_at_end
0,0.03943359073655372,0.12302831792503112,0.11449272530481464,0.13940011989038772,0.17296420246317445,0.0007996201056132818,0.19829207103119562,0.10914943467583635,0.00457358004560649,0.09786633782178653,True
1,0.06742851520821407,0.014722251952967778,0.003452215845298424,0.10328272454906048,0.052094136254392756,0.14278343393786272,0.26777483159319904,0.033948432920896436,0.21630056430614814,0.09821289343196017,True
2,0.12169073743912606,0.09772450419067998,0.13469492855879217,0.17409546669723175,0.02147216883901539,0.05571278208417257,0.039940867380550645,0.11876715715848034,0.05056926671746618,0.18533212093448492,True
3,0.07474322302990657,0.0037237169256717248,0.038095460371403427,0.45265820257909917,0.0800938062825332,0.08359774159681456,0.14095571869360152,0.026632023494825914,0.09092279834127452,0.008577308684869384,True
4,0.007821355335308493,0.14195205976120237,0.0876478290275245,0.20988612346646945,0.11513738022170522,0.3157535088271853,0.0023413614347508127,0.0012837585360071398,0.08547520195868952,0.032701421431157396,True
5,0.15737438589938027,0.05860948193439443,0.031087946934129355,0.07764541902143621,0.11273520067174077,0.15121159921577204,0.016068509652136468,0.09815841204475768,0.17043633364482003,0.12667271098143276,True
6,0.17513781467798445,0.030085179296926265,0.11967201421783404,0.08292550162175748,0.10926409690183299,0.0968610103973714,0.15551911266870425,0.06283439832017698,0.12448875704749424,0.04321211484991786,True
7,0.18165578616956746,0.012371126281645203,0.14328633806990262,0.13191383120085604,0.12169920258228276,0.03923936011296685,0.15752607937733548,0.0317243377057312,0.053793545158392575,0.1267903933413199,True
8,0.01030607527903578,0.12760624172988572,0.3761399513996297,0.11287648332154564,0.10480366946280066,0.007020067459191165,0.08441036115543384,0.028655582976640226,0.005205529559240635,0.14297603765659664,True
9,0.1749389409417494,0.09646783990488801,0.1856194826331115,0.025335357101778762,0.17987177777236718,0.02251700205911555,0.14970041863252528,0.05527355291353098,0.07006297536581035,0.040212652675123015,True
10,0.0015995789313824507,0.12495598805102019,0.18917202850084763,0.04429562434168809,0.05773993867858146,0.15368671111945795,0.16604492354903638,0.24809580638616333,6.964868766744155e-05,0.014339751754155108,True
11,0.11311913098395857,0.050317039291556204,0.037569984351153766,0.04822641444792684,0.2907503327724655,0.11961616647869698,0.26045891162263496,0.0030123558858487203,0.00840736704595382,0.06852229711980473,True
12,0.032225466945464666,0.016790867310645587,0.054667315969123054,0.04241120998688352,0.014233116717686069,0.03555124131743286,0.0540189698907779,0.09279265971678026,0.5994121065163218,0.05789704562888438,True
13,0.0015971827418454826,0.08125647592135048,0.03168697339825395,0.17874387764836236,0.025725208542665565,0.06611859484567909,0.0855729041241706,0.017620393366184407,0.13425565317648572,0.37742273623500255,True
14,0.00485534882712257,0.07698202069281042,0.024486200202760454,0.13861804635118397,0.03659139080421884,0.11024092756373753,0.19939879138668395,0.13525710459869375,0.07588261645114334,0.19768755312164518,True
15,0.02966172278471016,0.08243545569082589,0.03006503591641739,0.3046111520591873,0.06200659184824528,0.02588810147091387,0.021948307513671692,0.36044814472304537,0.030377897512561144,0.05255759048042201,True
16,0.1020996659074957,0.0085367289077197,0.16253093139918387,0.10121053490980372,0.0020481805921750227,0.13784485272915623,0.03971140910086352,0.10331970991989782,0.11740713151624939,0.22529085501745505,True
17,0.025521371731102672,0.036754796231039735,0.007458500256749034,0.01195853439407284,0.25970618332232387,0.14915498210188202,0.1534265764346719,0.0816109844738733,0.262677827061481,0.011730243992803641,True
18,0.04205670139431937,0.08659155420532658,0.015200375245480324,0.05874659538462232,0.06438540669280426,0.005484764318601459,0.00615399761107389,0.037373147583002884,0.4943501165965617,0.1896573409682072,True
19,0.2519293465932694,0.008597400476998477,0.1195114383154852,0.009436514956273912,0.21590207200173464,0.06760413618245802,0.042988465557858804,0.03039952649271728,0.1492875391541301,0.10434356026907414,True
20,0.09565667063231452,0.3587593872260115,0.009481681169359569,0.018187772407464504,0.0809411953403478,0.09465294364574757,0.06536837931333311,0.08504660616304778,0.15489172217471847,0.03701364192765523,True
21,0.06519465232540302,0.0030229575687174145,0.023688025291070693,0.03524250934233061,0.17442525818418844,0.1158335279008934,0.07115577647767721,0.13355095496705233,0.36672023442168544,0.011166103520981525,True
22,0.2277811592361895,0.03591439487087773,0.15659629540295594,0.10660062719815944,0.10014505677499373,0.04489140074162972,0.14238529830022773,0.009903912354659915,0.10271926805424554,0.07306258706606068,True
23,0.07931305647161363,0.041512698062183974,0.021719571280043575,0.10953019862606639,0.16576570785696226,0.2254949056583172,0.07329730580259709,0.1324377748396849,0.14103183749976053,0.00989694390277043,True
24,0.10313875453856404,0.16346263012111595,0.06597103473190395,0.04422624029260664,0.252072052252641,0.1478825026622805,0.04940415560674132,0.09208218579233074,0.03959180325310723,0.04216864074870856,True
25,0.005233652305398776,0.05831782971918852,0.09495058999870219,0.16071052331043276,0.08238739974312492,0.21479127622597946,0.03589880563619631,0.05377090666239594,0.23350556124430086,0.06043345515428038,True
26,0.15595898368579866,0.08174735148730897,0.07482028990384613,0.17517141082142035,0.15639794703280901,0.08164052619424897,0.0068023486966097705,0.14417807529296686,0.10485728315560779,0.018425783729383517,True
27,0.007191339508767571,0.10784895222390511,0.08494040759720888,0.27010942050147757,0.08338581038845519,0.0976420466603532,0.09474783585247698,0.1813084487373035,0.06708013997284243,0.005745598557209649,True
28,0.17495362550180873,0.01683475478424758,0.15696787622359157,0.02904650815346456,0.10370312324401491,0.1534017753434988,0.03884938615058083,0.10803532703921737,0.09683581521693543,0.12137180834264016,True
29,0.07609996452187359,0.05713001544193759,0.01904633227849259,0.16526431710600356,0.05205773162256565,0.18090961188752733,0.14031524020053238,0.09611511186071856,0.07299293600057113,0.1400687390797777,True
30,0.06632621521726285,0.015274285221944541,0.029724582380618755,0.03317589318681692,0.28421201546084646,0.010599956226244094,0.087919656181424,0.25886013301154776,0.13261451524823292,0.08129274786506165,True
31,0.03979207535084799,0.057395665976174084,0.04401225196119178,0.19497002469902172,0.07509080423014501,0.13594587087488613,0.08551009982583567,0.060319618160243824,0.2788893228211056,0.028074266100548247,True
32,0.1113511229394499,0.038686033298468765,0.17852590990287365,0.027727244429759976,0.011824526477802246,0.28690001826265743,0.09063293438418042,0.1381639319756972,0.02891892677470415,0.08726935155440638,True
33,0.017110625342619302,0.09742949951130042,0.1318057017825256,0.024631925781649574,0.026711950637570023,0.19332651516923446,0.2960615194755919,0.0034668209278764755,0.05722002888380459,0.15223541248782757,True
34,0.00709572832056585,0.06220512558830083,0.017110955937131755,0.0978602771269733,0.0011222571016282468,0.1464651313657445,0.04210578559591897,0.16189632069019516,0.13518099559032423,0.3289574226832171,True
35,0.0483260888670136,0.04725332659366363,0.1071971830456798,0.17385508575026287,0.15833641341596494,0.03333201740202166,0.056873023502225374,0.061636022357023895,0.11286558452103743,0.20032525454510688,True
36,0.2009038754638661,0.09374534268344818,0.045185447084072586,0.04673653307820002,0.08398316951308674,0.09295077079710816,0.05727647138335953,0.016218195213053295,0.16590040123509264,0.19709979354871263,True
37,0.027830360898058935,0.6108546199238072,0.05476390669372984,0.06005195377151868,0.011518761312144608,0.0011235800511768133,0.010267618104961405,0.0357246818615735,0.08160875912622957,0.10625575825679953,True
38,0.12425672053865099,0.020652206965614688,0.0598569659222765,0.11580808441856626,0.002361473998885188,0.08567308112000331,0.019819467966926217,0.01943376674601913,0.13470742727646604,0.4174308050465917,True
39,0.21885021278382996,0.1974328393049329,0.032661724637768244,0.04675591490371834,0.13881816100666886,0.010692786215072251,0.030450806684436817,0.12448856272010055,0.17180657914803127,0.028042412595440772,True
40,0.07112615577018062,0.004395736500115089,0.26541970027781436,0.10271300487102202,0.08712329875572038,0.01638326747934094,0.020968660605805996,0.014559032942670337,0.3389530799825965,0.07835806281473377,True
41,0.12353297645592318,0.042112281989345746,0.09090126904709031,0.02437783137013503,0.05774234193377379,0.22508553436142284,0.13286294413203087,0.028291398922384595,0.22155396817972198,0.05353945360817172,True
42,0.1635050159960129,0.021952164315923405,0.005175241489965782,0.22816405930380268,0.07341424578875998,0.061140593595922645,0.07995135512755534,0.17349348565192807,0.19301067441206174,0.00019316431806745202,True
43,0.03896253980557114,0.22233937841322216,0.022437035172776894,0.029187783761847556,0.10352908853338177,0.11507363168075536,0.01927726370340465,0.15493690014040193,0.11791447344138357,0.176341905347255,True
44,0.03037751737057643,0.1975203087754678,0.10717370045090172,0.009697286388185435,0.09579833838067123,0.00039911528530735556,0.15840962365023384,0.2314866719367832,0.142827690027538,0.026309747734334997,True
45,0.14266796374734395,0.019270012987389448,0.010007110359322044,0.10029021995211893,0.4449556593483678,0.06786161041035256,0.14920051011494823,0.034172345369664694,0.0017408034267305493,0.029833764283761905,True
46,0.17296728134294548,0.02465707135690141,0.08759133884701949,0.07446448408907219,0.08983614403226949,0.23436127587373817,0.14950495909826153,0.08335583659559843,0.03204306162403933,0.05121854714015441,True
47,0.06286523690000465,0.08974869305838433,0.18602673676087755,0.0530527050303681,0.13455943796867773,0.023659220993282274,0.12218380456897356,0.00473692752916175,0.22401831707580502,0.09914892011446519,True
48,0.23118432429364774,0.09489741927607144,0.024051649979160945,0.19488897513204909,0.042836575499123265,0.21330906239011002,0.09296780966138007,0.05502534364998352,0.032048033550389154,0.018790806568084493,True
49,0.10604680532498187,0.06086999151141669,0.0490052523770982,0.032442626226901895,0.045367674111812605,0.08111359740151437,0.1886721949035375,0.2672293220005311,0.07249833866025245,0.09675419748195317,True
50,0.0007030663851695785,0.34237486771804676,0.16550328285700378,0.0006707064520445867,0.06118331921103302,0.005722391463997157,0.030012323691925143,0.23003519412867668,0.1452627271370331,0.01853212095507017,True
51,0.09944636025476972,0.09084696323212757,0.19205309442229326,0.06852904729312921,0.09931336148539939,0.00943911328068166,0.1353166058200878,0.0400621318555113,0.01530254696441713,0.24969077539158302,True
52,0.10927267670221663,0.12100042735028696,0.028563679143269356,0.4562365004804913,0.022922391232546163,0.08915876585312017,0.017387163571065022,0.07024907688309773,0.014746829595976918,0.07046248918792956,True
53,0.029267429268587778,0.0262155079551578,0.08433939969466525,0.05274510338156927,0.005810081233390031,0.10220556567760934,0.07902123987808307,0.18597850877102545,0.07925212184876348,0.35516504229114854,True
54,0.2932327134572453,0.01200896282988508,0.018693269312758755,0.011761974081253995,0.2014682823588559,0.09558576416214126,0.21688377221347538,0.039404174092311825,0.03857769215022577,0.07238339534184678,True
55,0.12714991941972195,0.007786308665906818,0.223777057978165,0.028824701631166263,0.00344558150297968,0.12577872744318316,0.012239015287366354,0.37365554110004495,0.00017333260613377433,0.09716981436533195,True
56,0.0009826167672453956,0.016564551385287656,0.13679255893171652,0.11098336907001047,0.06305816849195917,0.17810907750564026,0.0561083789498716,0.21097033880170152,0.08601608595206355,0.14041485414450391,True
57,0.07505748701199977,0.07408712229634101,0.11052787591800937,0.03636864533693646,0.1332775565013861,0.04379210584956685,0.003545846617327587,0.35238335235345336,0.03628211765494149,0.13467789046003814,True
58,0.05447918263768924,0.12779341986786466,0.02741118324384423,0.1555146099615028,0.017154901895330553,0.2017515606130905,0.04641666579850958,0.14226592652359984,0.18094238515870498,0.04627016429986371,True
59,0.08295826099311177,0.19875392501399364,0.11931828426594596,0.24860521630985058,0.048680170368324144,0.046966341808529724,0.010866452560968803,0.09253300236729389,0.10825346829133754,0.043064878020643925,True
60,0.06506657447380056,0.06997000555463538,0.07716685699841994,0.028344222976942893,0.34371435348811613,0.07223553571064434,0.20477617793934835,0.08022817307261855,0.040303897835348504,0.018194201950125322,True
61,0.028646894008835928,0.1197875520256032,0.04218156497366898,0.018531556699237398,0.21037884675098562,0.19958063381346944,0.02163277477848853,0.3396811928088706,0.01870631462096747,0.0008726695198727751,True
62,0.14996034668454422,0.1359113729793358,0.052064355277275286,0.17663845580144139,0.11336582359244524,0.05669861992416483,0.03538334704670664,0.030339945035750885,0.19531616250256448,0.05432157115577129,True
63,0.0023665699207184804,0.09619444290903152,0.16684228447052202,0.10990057572067662,0.0563040416352841,0.0889113957190755,0.010295079151070191,0.18538922887416556,0.002525258722366279,0.2812711228770897,True
64,0.037516153740928565,0.07900212926904465,0.13445932624430204,0.09214295253863719,0.028092509296666804,0.025607389104120495,0.24760079533542953,0.16689571230943437,0.09545579175074843,0.09322724041068796,True
65,0.015153174038886127,0.0094562424577679,0.08609851871930976,0.055846898973385795,0.3803211239647201,0.2090951322160013,0.07732127735154236,0.033066068076865796,0.11543418011743495,0.01820738408408597,True
66,0.01962895654960355,0.028160136769923884,0.04213005485260035,0.20803707580255099,0.00516181337880408,0.0941827612146763,0.16603689646786662,0.06380542432477071,0.07352864286335611,0.2993282377758474,True
67,0.03002308776840713,0.05465366337992021,0.1795162217101667,0.07532417550283285,0.11113673118253739,0.2899010403278497,0.06255016641650624,0.06214650224074332,0.11579128612879237,0.018957125342244103,True
68,0.30894167251909077,0.04229916104533559,0.006190617619854134,0.040864122104879254,0.06757693273324414,0.07699332499650789,0.04397284998503487,0.04642309326097226,0.23778592703123924,0.12895229870384187,True
69,0.06102377470878444,0.0015358550334860627,0.151911653038908,0.03515823747997372,0.15727038097407803,0.11412900292254675,0.15885209073428244,0.1035705042443134,0.18405548672147648,0.0324930141421507,True
70,0.017455879916212804,0.032830896570954886,0.005515221699215391,0.010377870313522334,0.08155593589419567,0.5425873190923655,0.03560101499504146,0.014154473634937229,0.24672180089097157,0.013199586992583152,True
71,0.10260111857867296,0.0051887792773863415,0.011606752818378023,0.05016486579354311,0.03660189658400461,0.4047669968775143,0.008333637715809798,0.16022316101537365,0.09258685352763828,0.127925937811679,True
72,0.007780580939775684,0.012606708651803465,0.06151163401479625,0.005805582455810673,0.14191115431539925,0.2232391629960713,0.2134302756865214,0.22272599571696336,0.07911082596811472,0.03187807925474379,True
73,0.1668474686872937,0.09125188718876562,0.28242188094068904,0.16582816373623932,0.027988864729164956,0.0012881600073058406,0.18881726113909197,0.008032413109343307,0.05197655408216746,0.015547346379938841,True
74,0.022770072757103303,0.05149450548190771,0.17775441763102576,0.07133864164430989,0.013881953711355574,0.22607753859451518,0.03178314528986784,0.04029196758161863,0.1739122058425653,0.1906955514657307,True
75,0.20928915337958018,0.059456674619627004,0.08278639979243867,0.08450229826392286,0.08725741944918296,0.09996476763821463,0.13424442366661987,0.13996275714511816,0.01728372793292656,0.08525237811236913,True
76,0.042260073424992134,0.039353489781488414,0.14775928592041934,0.16150334943599307,0.26599703040799955,0.016419716305323122,0.024707747224840523,0.07944530612567653,0.21963586877515515,0.0029181325981121726,True
77,0.0996303976052289,0.08947458775757745,0.19508868763277343,0.1178763494096165,0.011978621578760744,0.351865105733625,0.011346668757060268,0.023991317420815818,0.04889856381695311,0.0498497002875888,True
78,0.1450482184068426,0.1612410141911673,0.0031546131209080775,0.04584930181411603,0.010969068743672114,0.06540764665687103,0.2953333191168113,0.05436475450936565,0.10131215057403432,0.11731991286621159,True
79,0.3995931063481717,0.11559422323881906,0.023566251553979452,0.11578436689881974,0.05062786689026972,0.024607257201356574,0.1464692615056064,0.01990165539507782,0.06177307583390909,0.04208293513399038,True
80,0.24359843792364183,0.018401569364233605,0.034039624703228626,0.07422973991785065,0.01855987593855338,0.10163869920850109,0.03729938497429043,0.020421555976107876,0.011444726056682956,0.4403663859369095,True
81,0.33618817670709916,0.2115178888890438,0.02762235323490368,0.0007298671436769052,0.14947337143254555,0.011238590299925938,0.06380728421295777,0.013311486079701892,0.047752542778302313,0.13835843922184277,True
82,0.15927890862639857,0.011428112293967596,0.11929402016075867,0.027094715541080523,0.08490132152199048,0.24484747295318682,0.0799218381081729,0.05088383852125028,0.18101266994082205,0.04133710233237206,True
83,0.004960275220363155,0.012078679145583419,0.09047815817880349,0.06045074356076031,0.006023438541959456,0.3260030998145298,0.1105675428071492,0.1868062357948916,0.11702109900814871,0.08561072792781074,True
84,0.015218021662766737,0.02817817755093318,0.18868788842262899,0.1499489939393471,0.17297751552938154,0.056596204307034936,0.05836100183910559,0.2418253164691118,0.06325796805260911,0.02494891222708113,True
85,0.13159777246292814,0.11819351139103387,0.0326186771214871,0.17480197992686675,0.10893472301012305,0.17621927131471452,0.04513645107888944,0.10237142579332077,0.06546390967508751,0.044662278225548885,True
86,0.0010395490713142593,0.006036467945260316,0.13655481937136524,0.03726150485122246,0.1086679199601131,0.02245929795924748,0.3026670836621221,0.03614686792930909,0.1668412053871273,0.18232528386291877,True
87,0.053094856503523385,0.0549160505395879,0.11234372987187341,0.08450344866237218,0.23488428398219702,0.27231425918554425,0.06429554759016301,0.017691703707676837,0.07623699535939027,0.02971912459767166,True
88,0.16864412851052044,0.014476661745535118,0.1419398004050093,0.04954093695037041,0.07739906491129817,0.2949739745284502,0.0030694558756254138,0.02612505116486185,0.1901140192524175,0.03371690665591165,True
89,0.10194108207362723,0.06925165145316345,0.2482287871731568,0.027002722054732656,0.242989898823923,0.006882094147087346,0.056830665032564225,0.1319777441735239,0.0916779127211387,0.02321744234708277,True
90,0.07428051851285,0.2964515502071959,0.13446373693329197,0.05372323262459907,0.019632377348261544,0.0008796193414998502,0.14351835577029382,0.053692918749214634,0.12795888989191317,0.09539880062088024,True
91,0.17625593531142406,0.05762955801293765,0.0169391900335758,0.17357787289869772,0.17182378088842507,0.02443682336564528,0.21364235928531464,0.0692994998846423,0.027208033273273757,0.06918694704606375,True
92,0.10910478582099335,0.04673895138124779,0.12101986004087176,0.0015756271244437116,0.36618886855569804,0.01805593613550086,0.07886978633940288,0.19391223561208118,0.03292329082800198,0.0316106581617582,True
93,0.08509847726490662,0.09710598584126583,0.10867429695579897,0.06379683215932304,0.06415749109977596,0.07625811445596513,0.30515653061522047,0.06857615759762659,0.06969620016765407,0.06147991384246329,True
94,0.04820090719554907,0.05258944792738119,0.0012725042221455737,0.07822323172793236,0.09424370022500156,0.2034871389215247,0.12498979488537555,0.024208553500698515,0.0897880822209729,0.2829966391734186,True
95,0.0484274699049555,0.06734583177441321,0.010377751404770819,0.06576212226627717,0.07898382827927095,0.25078196179901224,0.23691238816941967,0.11276789174999635,0.0908578211629914,0.03778293348889257,True
96,0.057718300476773954,0.03516261941121565,0.3116013104722776,0.03791210633044202,0.047812174266467174,0.0031016784643696604,0.07965776992588261,0.0909225526455036,0.25203490316545407,0.08407658484161358,True
97,0.02926607584563276,0.18816028363938833,0.10339382441759182,0.261903826114112,0.16567888741397468,0.07579803177458765,0.026965899418197978,0.004424336028002162,0.0564711552758664,0.0879376800726462,True
98,0.06359807550081337,0.3422893898792453,0.07587643209998866,0.04652915136502883,0.10056221630351735,0.12996117758163125,0.09821216187072015,0.04574544999183951,0.07103448874628183,0.026191456660933726,True
99,0.0380092474416409,0.0010800807692229971,0.03266046507833698,0.14122757395832683,0.14739051224668487,0.3424030739275726,0.0583938559004816,0.012603831332944937,0.13775614115848162,0.08847521818630663,True
100,0.2736970444853961,0.19138537910589712,0.07654767993628278,0.12771432197597138,0.016088789814506146,0.005445409308516644,0.14050115094722693,0.09767900675457292,0.06973413942976779,0.001207078241862136,True
101,0.13368811621265428,0.01799736455504074,0.052772773946597414,0.141625743364305,0.023434069533278326,0.28508704602176455,0.21131125686339008,0.055564802952079405,0.02499100437449565,0.053527822176394506,True
102,0.037738570015652194,0.04683776494469757,0.15188915564299246,0.09043954549861351,0.020330105245149593,0.05770308744631356,0.08940900672291753,0.030129674470337812,0.33702510056750656,0.13849798944581918,True
103,0.02197219628683147,0.2149364635259048,0.005502453369984463,0.26702150238167616,0.042541144571500975,0.009802905522105509,0.21854365063088024,0.07486061871989447,0.08289058651870085,0.06192847847252117,True
104,0.021804970123011226,0.02157896992409809,0.1188117440551,0.25785137528937246,0.14923783109152566,0.057124468979737164,0.0347254318041604,0.09822000728497118,0.0929022949987413,0.14774290644928234,True
105,0.17971640489068935,0.10046702779678197,0.06837991185020882,0.09782853740830705,0.4083296738434983,0.0019750638567678437,0.08882548025712413,0.020476040447763324,0.02146433747432966,0.012537522174529421,True
106,0.13713392918737552,0.014326917108608249,0.002834521407707648,0.042407010367869376,0.15248456031013657,0.03821835822522592,0.19849572280827882,0.19231466141401354,0.08207784527077652,0.13970647390000782,True
107,0.010431791766176972,0.10753898078771781,0.2680707295143071,0.07632695483826976,0.0018665266901183376,0.029732506862676433,0.03619294967933612,0.09354308365754198,0.34414527114778964,0.032151205056066036,True
108,0.10076866989325461,0.12258125775676558,0.11715906116274855,0.07006017685120625,0.20149243675656614,0.044936427120591774,0.030269390326993897,0.03790297625391975,0.26550548827392867,0.009324115604024772,True
109,0.015550634621199237,0.12369382641963264,0.0948107264790129,0.036940533428993276,0.23030928430504352,0.1388387733355599,0.012690498721065292,0.08240793613605445,0.054203997225183695,0.21055378932825508,True
110,0.087005814946157,0.06037308754667464,0.006429122327938434,0.024542146150824947,0.056479208734123154,0.3143687544032162,0.052678825230581844,0.14604627571165227,0.031240142502455832,0.2208366224463756,True
111,0.11480336946701836,0.039983538140827,0.1305618090897016,0.1545306968542989,0.0663646813119745,0.16607791214728676,0.04629355302958317,0.12752600893164326,0.007910823879263729,0.14594760714840277,True
112,0.0073503036270143145,0.016869140226813958,0.13722718138326218,0.06682163847519122,0.2561050067335789,0.00531277101876962,0.02479886955804997,0.04572032801407613,0.2325495284934852,0.2072452324697585,True
113,0.047331183044295476,0.11173038872319797,0.012192663649024644,0.25594856555289835,0.07486261198649194,0.2745656642161693,0.07285540247415978,0.028597573217335047,0.04636755180128679,0.07554839533514081,True
114,0.05892951074219183,0.011499619796515561,0.11617085802670984,0.010339574144145212,0.19769821900914328,0.014653966091100205,0.2769944760350776,0.3117784807072353,0.0015519681343023107,0.0003833273135788521,True
115,0.019210989628257645,0.09490214586341886,0.1631792598930664,0.06156498994435788,0.18331658225431935,0.22921781896532323,0.007815946171364413,0.011248964209561245,0.16905338354281532,0.06048991952751564,True
116,0.10014367176903806,0.13727320098165205,0.16322764376573326,0.06527303268787711,0.08035254707681178,0.02096730931667023,0.291978673921477,0.08764765771846601,0.01539634579478875,0.0377399169674857,True
117,0.018928029511081898,0.10824521786820898,0.07191998706700187,0.05055188241799737,0.06862569785950863,0.06857025049241094,0.24464067927185734,0.11177512601897799,0.059506528640148944,0.19723660085280595,True
118,0.11290506106222112,0.01342951892421558,0.2109486789076702,0.06875578436134337,0.09199066240177135,0.054223893622349355,0.013448512812232723,0.013497193350841388,0.021176669241959413,0.39962402531539554,True
119,0.048540888877246356,0.2562552665565947,0.004027040736500047,0.207900919168243,0.28638514786755664,0.1108877745451785,0.017582567226145287,0.014642485796425693,0.04433828647670745,0.009439622749402396,True
120,0.037202457988850864,0.00544731108944625,0.08729336499285524,0.19089575559450803,0.13296422979516223,0.0889863481083025,0.022667503457652335,0.26484203681813995,0.08482206038906956,0.08487893176601298,True
121,0.19350528875260722,0.011692559564162975,0.2419700687728649,0.056440358594279295,0.1487884330958028,0.05875739533704358,0.23361413785702717,0.0009608783299410446,0.01440310807398641,0.039867771622284644,True
122,0.014239120477041622,0.09018185797628989,0.15700478315140318,0.060836132039534245,0.012082297623764263,0.05796397774067504,0.05622897679618638,0.08564770878260515,0.09248350505267115,0.373331640359829,True
123,0.10684737343399951,0.1528472915190739,0.14943526962227655,0.027707037338290132,0.09100243150086615,0.010337685565729799,0.2059470119530293,0.03467188525217872,0.0898032121445634,0.13140080166999252,True
124,0.06555142693439535,0.027195488096153325,0.04038770191515639,0.16130454807826972,0.023519298026657507,0.11743434786581637,0.06963827983826426,0.16065761529598255,0.2011612217632386,0.13315007218606595,True
125,0.076693753361605,0.1297839121937053,0.048198946658297465,0.002673607123131655,0.005100493809257773,0.22928887155566235,0.06912937659072015,0.339478099046256,0.07911776002304098,0.020535179638323263,True
126,0.13067494182781333,0.06059131604921023,0.03826471789876056,0.07265182753617068,0.1450028653882975,0.32355162283169586,0.16087887361062725,0.02488816520713422,0.03347121835358868,0.010024451296701526,True
127,0.10734577226566927,0.1649724541534667,0.05204641771996629,0.014878412637008218,0.09013670293209816,0.01640246530527832,0.08610445003854464,0.05544849394050707,0.19169574408750778,0.2209690869199536,True
128,0.0535948895154642,0.19598956397759199,0.13284826759666962,0.05772777592550713,0.02524189993381491,0.05880599999182373,0.31997666238735795,0.04004837400291124,0.07760157424922336,0.03816499241963587,True
129,0.035948148348492866,0.013109363451276708,0.09403804315698938,0.16953640573400866,0.049999255216609674,0.018100495640551714,0.14385936587028064,0.015638053385509963,0.3353663054816681,0.12440456371461232,True
130,0.06058039036887802,0.042244770445346386,0.19810977175227162,0.0335137685483262,0.17457061490850742,0.02725020229398531,0.04269747216428975,0.013004481596484811,0.05925619341714826,0.34877233450476225,True
131,0.06245102233147159,0.16583080946508924,0.06374838606030754,0.161629811587449,0.1914631812614145,0.19856569113708095,0.09373197522685055,0.004774331253716289,0.0043141700150396015,0.05349062166158071,True
132,0.19455912310279266,0.09662286566323444,0.07150968522509157,0.38084003084587925,0.06235128114413555,0.09199286061626759,0.04110999330111918,0.014580308018007321,0.0018524238415635764,0.04458142824190892,True
133,0.045698786568871,0.08087913353586933,0.009217128490599625,0.13345908934996242,0.03783027981084512,0.03840676444518319,0.07022962873275225,0.05648688154259523,0.37399018150934205,0.1538021260139797,True
134,0.02629964334351902,0.09833837150007362,0.052914944538685074,0.12043549932865545,0.2530712218050218,0.0756579463251085,0.28249101664100446,0.05925146559681456,0.02365691141786934,0.007882979503248086,True
135,0.045732019531442715,0.006678447303064635,0.08851019079839002,0.31390446329380767,0.04455053438100791,0.22382855870158797,0.07541315245710999,0.09400042091052384,0.06254307710982082,0.04483913551324435,True
136,0.11789784852817589,0.1516575956007101,0.0355258991128485,0.019653948603071396,0.021092585882822618,0.04338331656577534,0.21353999089648026,0.06259307805768793,0.30522063082781303,0.029435105924614912,True
137,0.15615615171521424,0.020513034800737094,0.06380415042406734,0.1569689575937635,0.007552479537211754,0.19372621972304868,0.04808929106774764,0.3218082399417936,0.03123982990687654,0.00014164528953954282,True
138,0.1970007626712158,0.24567410064048387,0.009777422070397994,0.04072556498658688,0.02042939871298099,0.057736582334708846,0.30303043383266587,0.04263754861084351,0.04436163168975882,0.03862655445035743,True
139,0.1282618062344596,0.17210419400694343,0.0033615438525479388,0.1096435618398948,0.12362989594720009,0.027513651471169177,0.16088789084375252,0.05352504635359871,0.06149150394019449,0.1595809055102392,True
140,0.012498942707517745,0.15256729280552875,0.15167160382337444,0.1366845712093158,0.20236299468844268,0.06359841550696514,0.015698103339010963,0.005804618375972716,0.237721736611544,0.021391720932327687,True
141,0.0035265724952295583,0.04885702430435522,0.15188939585108893,0.3246660414425708,0.01895151738412297,0.09450632481894466,0.08595824343742876,0.019147686081723632,0.03542175366450857,0.21707544052002695,True
142,0.5651093332168518,0.07574041487417237,0.01382072741783804,0.03721124698025669,0.01150154498205243,0.06090897204087523,0.04622162335097635,0.007892445661323183,0.04677493885218868,0.1348187526234652,True
143,0.024373933347748844,0.0035261879285007516,0.078287798590572,0.12200902289030835,0.18441475078643588,0.05951007458935853,0.12346059572132774,0.14035419159589488,0.002854774983343481,0.26120866956650957,True
144,0.014805088328056978,0.1567954627375543,0.014802859246106727,0.1755088076083263,0.012269960619970564,0.1434521944149478,0.13552439540537722,0.10461385494436005,0.22319111468841796,0.01903626200688224,True
145,0.05402705372213094,0.27929566427927344,0.020572622592835578,0.041927263402790856,0.09383382481739423,0.2751949395542766,0.01786372839497008,0.0942281189179107,0.06958812762643898,0.05346865669197859,True
146,0.07861306251496769,0.0542747193224746,0.3413515178909156,0.06370932910672866,0.08141922447246093,0.06572402980082245,0.02042832893816624,0.031305474790216635,0.0468847264965771,0.21628958666667,True
147,0.06957084974700298,0.08907223661301218,0.05656177087929763,0.007658236399350216,0.24824031874014205,0.08131061717218926,0.08954922429564649,0.07369538346427738,0.1457792315664022,0.13856213112267976,True
148,0.192854206826502,0.16058499578477253,0.10901878755063157,0.05438066359140885,0.02743434808489988,0.0015430308794376984,0.34021597346715987,0.01150989958832535,0.005408164137359022,0.09704993008950312,True
149,0.012411530452852473,0.18053334479555244,0.08235102733314018,0.008651622477431758,0.22295210227623538,0.019571538926219927,0.004501078363452658,0.043950426960250005,0.2910742171135322,0.1340031113013331,True
150,0.25539138526632055,0.011178882384833258,0.09623154498631652,0.19920073180701534,0.11667113670828899,0.11752591563180849,0.13134930434359396,0.016556721448400286,0.0012091385442738255,0.054685238879148834,True
151,0.06539672922222801,0.025375019025342234,0.15467311612203014,0.18137297830674307,0.06964149982010469,0.20048493380233443,0.12299017904722576,0.003288070084588684,0.14987027705908287,0.0269071975103203,True
152,0.04452059318916193,0.14283767922578613,0.09538779655986666,0.010646059131848311,0.06294230229279524,0.03612631431086997,0.19024988819053731,0.1045122984172436,0.18502740662094266,0.12774966206094818,True
153,0.015124160097607243,0.19043985671064118,0.026931008659522714,0.06145869166711375,0.04183821457462732,0.04915018307251093,0.10456465835267245,0.2959976090495566,0.18338038484235322,0.031115232973394493,True
154,0.12660691774629734,0.053868310294547465,0.19618298731829778,0.2298493535549878,0.08524919434648434,0.008153950607815373,0.0055703324444023325,0.052345665746071794,0.05639639763072185,0.18577689031037384,True
155,0.2832536413176003,0.016165151051156408,0.21010993238049366,0.2868629495501143,0.055125770398702284,0.0057736077932189715,0.05415529944676079,0.061252530667985104,0.011279728036307005,0.016021389357661158,True
156,0.035972648841770496,0.2644049332878638,0.18206412795815294,0.03820692119982414,0.0203823989997363,0.13386276780598286,0.022508257049453573,0.09195265842049592,0.149113782799103,0.06153150363761719,True
157,0.13412569364403898,0.13843671670578653,0.030460573385835313,0.07244622153947546,0.21213116942849003,0.09340994671648963,0.11836014158196125,0.021420999971563697,0.0802241719257723,0.09898436510058689,True
158,0.1693809201161427,0.1389877609648849,0.278046452555418,0.061962239919451545,0.03203510504038325,0.04394365754729824,0.1343825555438572,0.023001074436914723,0.10604857080956523,0.012211663066084224,True
159,0.0732357954823194,0.0011071369573874652,0.1831873204523139,0.11494193971017168,0.058088262855244197,0.07111533656445289,0.20623048143749503,0.012987107981472798,0.03932759667814497,0.23977902188099776,True
160,0.012031696195161522,0.07146740653668872,0.03327846602437528,0.08416079567694369,0.21585582166377063,0.027374214016504046,0.2610931628545786,0.0739600423975106,0.18104331330538875,0.0397350813290782,True
161,0.04423858142180137,0.05519678605738363,0.254057623462794,0.15125404317122396,0.036157125984799574,0.13941180387489163,0.09472948809148955,0.03200035919023491,0.10775917963185329,0.08519500911352809,True
162,0.07961529244415813,0.10059832587605048,0.03158521289040257,0.22871561649947492,0.04890087381824833,0.01959438661539899,0.2372668222413218,0.07243699395371135,0.14082981360152833,0.04045666205970509,True
163,0.025259633386046268,0.04414183055205079,0.24944215787504323,0.08708314840580454,0.07342013124167333,0.06419623656498084,0.020848386344775365,0.2765622405870485,0.07687162449770521,0.0821746105448718,True
164,0.016660650658384436,0.019752761340480308,0.08436718125909147,0.03906663091295675,0.040684523029110436,0.244782665305066,0.16162883082739196,0.20893413661872443,0.0233109363300629,0.16081168371873125,True
165,0.008104784876016045,0.2173697388491863,0.0875991364802522,0.05740745710044256,0.0567053883039588,0.051024750308869674,0.09481528240126612,0.13278090314660396,0.06479034323035956,0.2294022153030448,True
166,0.023757566524358613,0.10623477937092164,0.25182240101641,0.011939197038153158,0.15052145135925346,0.03302233938932681,0.1473085134150683,0.04491422145490949,0.018672727057468405,0.2118068033741303,True
167,0.15499889322736088,0.061896814964438954,0.04413779856634026,0.09337776011494654,0.04497807400748006,0.061036506726862984,0.17836995573813003,0.3021174368227137,0.03201992827302792,0.027066831558698722,True
168,0.01002986702162892,0.11550445460374796,0.2574554460969462,0.11040221261013206,0.004268829171947795,0.26510087433720064,0.1174909725384759,0.023214097213758205,0.01144210544518126,0.0850911409609809,True
169,0.04394055642264731,0.05029905781758883,0.09047221348302935,0.08205411716785375,0.1450086321300648,0.0808037190314164,0.08420149199731987,0.15938923585858725,0.21227414606644007,0.05155683002505225,True
170,0.025565463068270382,0.1594850564429223,0.021125406231449793,0.11073900715763113,0.059397701380350235,0.26967671869799015,0.01545826717075409,0.24353048758941795,0.09120725904054565,0.0038146332206681712,True
171,0.022791864957822032,0.003567891745628973,0.05602263128534747,0.16268059657454437,0.22587505330030133,0.07239983483214277,0.024434215094169407,0.17821775877835452,0.1269208950450801,0.127089258386609,True
172,0.007101752954463313,0.13955581871968703,0.10216864109120206,0.3158752882287652,0.04818264294786437,0.05486103104778477,0.1281194083952812,0.04708786536846996,0.036588729188801926,0.12045882205768028,True
173,0.06275179549173437,0.006855208731498499,0.21057760709096587,0.0718400236884906,0.11694110352355384,0.0006649277939291636,0.06099205266239085,0.21425422825068802,0.11714583627708391,0.1379772164896649,True
174,0.019304683496046814,0.0937630055292756,0.1758656930432236,0.10781535365966967,0.20995958982474966,0.05990470941300014,0.028433041787442263,0.1856971543847025,0.015827452421458662,0.10342931644043103,True
175,0.10643488347836345,0.1073792500008374,0.06776768438892843,0.004116897612063225,0.06850081441416375,0.14126182069923832,0.3142372378198293,0.0065276730674375585,0.03078527114006741,0.15298846737907118,True
176,0.00487768118498754,0.10005910693218152,0.0018276980963570467,0.2907031335456986,0.013300246422222998,0.0975521460834698,0.07571991357813676,0.028930916981684728,0.13169189705910495,0.255337260116156,True
177,0.09875021905772409,0.0421359281633226,0.07198256891267073,0.25000357194718764,0.001968694770173803,0.08137362930113833,0.029607074498268438,0.0303256993257937,0.3102278260876757,0.08362478793604476,True
178,0.1299766935327119,0.00771695962824456,0.024078595770620492,0.12017648271883921,0.22656403418882687,0.16175091316431614,0.19859665191894732,0.07976748522174984,0.033372663377359266,0.017999520478384455,True
179,0.04874337940367328,0.2070442860912004,0.1769473576384024,0.06419402788466606,0.09810306842019102,0.014660515178247275,0.2655433751358422,0.022248828115111165,0.07795333681241254,0.02456182532025367,True
180,0.06536719812881481,0.0033528419634423633,0.4422699484569893,0.05526838311513045,0.06679096386795531,0.0687611912513497,0.1496200613079575,0.10247278714881876,0.00598707239178869,0.040109552367752946,True
181,0.009288901476726766,0.1662340394856792,0.06168728994975932,0.16057752944869505,0.14536577229316383,0.06842250907184154,0.06195558609399279,0.005564706506120512,0.1853504441815479,0.13555322149247317,True
182,0.04396232736536118,0.29164349033337617,0.041550378926405056,0.06613176305343334,0.05810093251872215,0.029425800591774,0.03598361840627965,0.08379835421389137,0.03507467127900903,0.31432866331174814,True
183,0.015779403792923752,0.04194310136531403,0.16713066694634368,0.04485174507997018,0.05106411642901177,0.08874314875499684,0.026900373396363367,0.1314654986337735,0.36738486828382216,0.06473707731748078,True
184,0.017343492614574005,0.2415242369525409,0.1921594805310617,0.17149134609590685,0.07776275221699941,0.05720039052795341,0.012309604614853677,0.034256690563924976,0.16651455862421896,0.029437447257966123,True
185,0.030737194281716167,0.18283481065478327,0.24486457375891968,0.10063524720684172,0.027540013204796526,0.09322627772802182,0.010235923574325788,0.03740433732083442,0.18107891793666592,0.09144270433309473,True
186,0.23149269495021607,0.09946289161419117,0.07360490824711266,0.06058116457498812,0.06587896714355,0.011069354112235509,0.016615644215796206,0.16691117612082407,0.13201325256642157,0.14236994645466458,True
187,0.01478888221158595,0.1378887086990465,0.07005439960454014,0.09556961511333466,0.12110228051434611,0.10001895023850674,0.05315621979853869,0.186864571548522,0.16251869378983733,0.0580376784817419,True
188,0.3670167218358258,0.026406184217832647,0.012969840975689588,0.06338665822447921,0.025720335969990248,0.050974095190367906,0.012433537104906777,0.17397185675016963,0.21029542622488084,0.05682534350585741,True
