ID,strat_res0,strat_res1,strat_res2,strat_res3,strat_res4,strat_res5,strat_res6,strat_res7,strat_res8,strat_res9,alive_at_end
0,0.05388578787118667,0.10470366044427282,0.30385558510674193,0.008490916618986141,0.029836141935671235,0.007391234544252614,0.22860503082553452,0.13340630461289826,0.021580500812848007,0.10824483722760786,True
1,0.12456676794752893,0.07470372444995037,0.032114989752689525,0.30680766023121914,0.05616376273611935,0.015952320884605197,0.26063596120342414,0.026165827726011573,0.08870064036496592,0.014188344703485801,True
2,0.028327059648160922,0.08588121037273516,0.12270791553052102,0.11867198672747865,0.026113898853853176,0.02323027373119382,0.03913258218572234,0.30091232280614333,0.05289959534355864,0.20212315480063278,True
3,0.03468236072874658,0.0644165844252562,0.11562264419832517,0.0793445238779548,0.01678439130781265,0.3244433425782857,0.07419541948911765,0.14629527341864595,0.0018319695026177253,0.14238349047323762,True
4,0.3215997446496433,0.07469445522207914,0.023812223931816544,0.020538884349521856,0.08551602583348616,0.03026525635562292,0.16775295413017383,0.010278070725651373,0.12197737497268052,0.14356500982932438,True
5,0.03616972217059037,0.42137087819717506,0.02144520114063628,0.011566333659427821,0.10845180801052427,0.11682465734012581,0.05035088682534818,0.07293423360450685,0.052299231337135856,0.10858704771452948,True
6,0.03352341276891674,0.15590723134982326,0.12314245651552151,0.005459813724921529,0.015705766853430995,0.03879886603209961,0.18138410108653885,0.2375964653270122,0.1918116464021011,0.01667023993963412,True
7,0.04566343035488124,0.04530967591108247,0.0026122618613666263,0.06578323690620369,0.03524002085895544,0.12506551282459832,0.3678023280843934,0.08371485116347928,0.20184030075932538,0.026968381275713944,True
8,0.03473905551128502,0.1062041103745683,0.018274739027012238,0.017246780253496945,0.014641167244013447,0.020912374321321158,0.36706198437189824,0.1131050296532604,0.07273064529593663,0.23508411394720763,True
9,0.014758707129741401,0.1614592863958319,0.04588437787338942,0.04910493905126434,0.1503323484361906,0.2769160509048948,0.04358082713767129,0.06103044582108939,0.16166230313764707,0.03527071411227969,True
10,0.08939949605914478,0.06738633806216891,0.0647496916960196,0.047730955209887634,0.3475368829927102,0.02262723619372414,0.032160773216641014,0.26634307572576404,0.009764300820094036,0.05230125002384562,True
11,0.21889420936628257,0.17788341627931478,0.13720924759015113,0.005430141500078867,0.09938330225743637,0.09238504427528864,0.21300529647614602,0.01495737001459235,0.03584368480391413,0.005008287436794985,True
12,0.07249804432523128,0.07294657365549073,0.050496628510732305,0.009375263156769769,0.188094169334694,0.036597771923555865,0.1978161245809421,0.16359717126749082,0.015127378345229389,0.19345087489986362,True
13,0.02427585410253997,0.014489588341767631,0.08405558569125196,0.10965537035106158,0.09478407696722625,0.31844003352112155,0.07894419846733293,0.1273407093456107,0.11983793722174615,0.028176645990341177,True
14,0.009905603113561643,0.06699041628252105,0.027956017811934034,0.17990111835089326,0.07432744169961426,0.03394321748032301,0.26863374535826284,0.0983767601078347,0.07837298811965124,0.16159269167540402,True
15,0.0795675830389924,0.09595073356421374,0.1297414938631411,0.009854483380878003,0.03699663139740431,0.23964184741889868,0.22866279395672875,0.09880711559197936,0.06970852454168568,0.011068793246078004,True
16,0.1806864389904651,0.10350693847119452,0.046305981116134445,0.2548603960595779,0.02263867320523649,0.15760506853922943,0.10411566475345282,0.008383440398493668,0.05008550784497274,0.07181189062124288,True
17,0.13022828125370167,0.14515433267414524,0.062374918118858404,0.11141429767337223,0.00938428909511979,0.06965059583788745,0.08220673450225961,0.001257539775427684,0.28342136859397815,0.10490764247524977,True
18,0.012364460389845596,0.07270213303609462,0.02803309479256316,0.06846004433252349,0.16044130511189,0.39724466606543135,0.08623795623315285,0.15906423718640977,0.009400019123396766,0.006052083728692465,True
19,0.08311458626261589,0.09728688266387978,0.09648722308447202,0.18326390160314235,0.040974170794704,0.08345032347853922,0.06207019127641941,0.021131376085763036,0.03148036095926486,0.30074098379119946,True
20,0.006500667835362107,0.04251959718123656,0.029359973541887623,0.2984764318225779,0.05310956834101282,0.0011269157938289197,0.24247665997515752,0.11953100423959409,0.11081312263066652,0.09608605863867588,True
21,0.10567530746799789,0.13522083423057304,0.13306110650162958,0.041444075968793175,0.03734807480084167,0.11431774944139814,0.22094702080503223,0.010433619402551393,0.12620992984735266,0.07534228153383019,True
22,0.2681921012053808,0.029235526282963702,0.11984739662505917,0.12375239244562015,0.039531999764422836,0.034871690020462885,0.21777335580109902,0.029334284986769047,0.12749811326989163,0.00996313959833078,True
23,0.2774917503895965,0.02059088767651658,0.0006545662525105608,0.3504015263268977,0.033722299653104165,0.012982781043763965,0.030726895352404127,0.12589005039089157,1.499549251496088e-05,0.14752424742179981,True
24,0.0424511749671611,0.036226760787667206,0.21791715038626341,0.0880090236859838,0.010947741877979759,0.233191416347482,0.0978048944824465,0.09405088986389917,0.14222440446799656,0.037176543133120396,True
25,0.10393636144290604,0.0525731351301017,0.23632008965861137,0.01837287008773048,0.06611559558125525,0.11709896449808538,0.10911729134745585,0.03104484036530072,0.0741724915565706,0.19124836033198273,True
26,0.012650442264426924,0.14662670887215395,0.08559685472696109,0.07777827927822853,0.11034761884024635,0.18694388973181852,0.035817396838818266,0.14021475326500368,0.13520870888389908,0.06881534729844353,True
27,0.07740505566501997,0.056726058012169,0.3920678023416972,0.027060052182335915,0.06416904988597494,0.03720020083570796,0.10544670539366112,0.15293563391203957,0.00854153880850855,0.07844790296288566,True
28,0.0018051175353150247,0.00931442908445352,0.14410217599482034,0.017369321530785284,0.28709155146785414,0.40342942451158137,0.0042388351204152705,0.029315145656326192,0.028167268732951705,0.07516673036549705,True
29,0.022217060217832273,0.007920511440142238,0.13916787909756154,0.0898804142006954,0.21603409687265546,0.2928405827104057,0.06648519587356196,0.021113409711282394,0.0930889816918456,0.05125186818401748,True
30,0.0283287086978369,0.31693906877384487,0.07959164185954201,0.11833473948769455,0.03865610033519291,0.05109679835067105,0.15754018553476434,0.12270348232805996,0.07648662862584461,0.010322646006548968,True
31,0.22691046511012583,0.004892970595553338,0.08082228414761983,0.13812478006634726,0.1849920244539551,0.06931370191104631,0.10167215542531673,0.13562835104008264,0.02516501901368858,0.03247824823626447,True
32,0.091660537340583,0.012902159484500658,0.12924281203182464,0.013674576690002018,0.049694918095558836,0.01853736117661375,0.030571675276765596,0.2067179938814381,0.12375927659204518,0.32323868943066825,True
33,0.021080735122351434,0.21285041291054305,0.24479475957409227,0.02084265470326883,0.011242768098988077,0.25441859611523604,0.02738501232078558,0.10067870845093235,0.01120553478342102,0.09550081792038145,True
34,0.03036583148740426,0.013385809016868016,0.03354824862019916,0.0983132499980348,0.07216996656604198,0.14566899709634903,0.1402645354468357,0.07546088374023621,0.22381477284773227,0.16700770518029856,True
35,0.05572044977525702,0.02960779497123167,0.17881447013544188,0.011662064995056374,0.11609262322151248,0.3214445917000445,0.15760275028108794,0.08926816643671691,0.004936593035771347,0.034850495447879895,True
36,0.012817239360248065,0.1413921666185781,0.12871627769417637,0.03333820077327727,0.13993630367425894,0.02739082282703099,0.010431524406874218,0.2216534441369515,0.20249268290257078,0.08183133760603381,True
37,0.15773311298606302,0.14348542269778305,0.06256267262549427,0.03824445154520073,0.03384630065224043,0.08940839103730508,0.07542122008014857,0.24615696671637066,0.07940866450289027,0.07373279715650381,True
38,0.03380591411974949,0.17892638413803125,0.2536455424690964,0.1339061357450421,0.016599556627921914,0.09883990834243833,0.04282859328237636,0.0301719719273119,0.009565935742536795,0.20171005760549532,True
39,0.02727438261828509,0.23798853053786623,0.056804576083004155,0.22301071900597477,0.14922494932260152,0.0716596912087423,0.06375665897050695,0.056911057271467634,0.06029730508722081,0.05307212989433055,True
40,0.04578190888660864,0.05030855698979677,0.03864794980259156,0.12617541435819823,0.046232448980444624,0.5190041064682905,0.03493364605259815,0.056792430063239266,0.010990650109466323,0.07113288828876582,True
41,0.13464634114485508,0.09973332542764864,0.06670437200480511,0.1623305672082422,0.013393330245919677,0.03389849688062468,0.053337599137691566,0.15160654917738092,0.18112181830218715,0.1032276004706448,True
42,0.04562543388226051,0.19302021961927096,0.0339770780746886,0.06474833767818375,0.02347194622598983,0.007161777045665149,0.03410293359270292,0.3909728871899751,0.15275561280882013,0.054163773882443034,True
43,0.15028658618873306,0.14945283545658736,0.2167052597978769,0.037179832783371176,0.07514174217895278,0.029669667586070998,0.02114945874526861,0.10483237673667305,0.138438096233665,0.07714414429280105,True
44,0.15249887293961495,0.007242368817809768,0.059245659742331175,0.06087020860249242,0.004737850912919823,0.1394956762609663,0.007225298132464571,0.10087253941528457,0.3947511704157355,0.0730603547603809,True
45,0.06394012405623913,0.007577021078817654,0.06453155113098936,0.39448611169084985,0.271632159442256,0.02243812295713044,0.01883806548217599,0.07854553629593794,0.013439176264390383,0.06457213160121339,True
46,0.33441982043253704,0.2211248232743029,0.008001913778742275,0.026606510108884585,0.04094309585515186,0.015014380899713348,0.12908018618933453,0.15072601439754388,0.02161505184740835,0.05246820321638109,True
47,0.1710678936290694,0.0937377160097002,0.07591538150252232,0.1254840419411038,0.16932819139623534,0.001122809618225406,0.07057341766159529,0.1242520348021397,0.1092798163855994,0.059238697053809075,True
48,0.03660358629544566,0.19806830957626873,0.22978345027020455,0.04728740853860804,0.04826481259333894,0.09471402307615943,0.040421396483703166,0.04923437364450382,0.0342753814145817,0.22134725810718592,True
49,0.2513069332300342,0.004729354582834696,0.21119126718305153,0.15794854791920324,0.0774852787075922,0.007301829029978897,0.024328747239988492,0.08430288579275529,0.028320946716209154,0.1530842095983523,True
50,0.09752103088528581,0.10898005337082697,0.004838377725874939,0.13582659953538043,0.058603780530120504,0.3510508116720236,0.13800104913659184,0.08800072295643582,0.008778592387623426,0.00839898179983662,True
51,0.023147837243852203,0.005224736192181734,0.08267369920338163,0.010689887991726842,0.2447065200872413,0.19316306809419342,0.05452589760542765,0.21024557430262356,0.0654339305971256,0.11018884868224593,True
52,0.15649040282031862,0.050895956546496014,0.08806308290717105,0.09213321087146457,0.13054368122289284,0.08471078672357182,0.1036429409443971,0.009513507169239389,0.16536571944775086,0.1186407113466977,True
53,0.13076808418421576,0.0038963144009975864,0.11815433698051676,0.11379861583674479,0.06228055212717194,0.21810526664460256,0.11900689785115609,0.0435913633397284,0.17323013758304392,0.017168431051822183,True
54,0.06282370808902345,0.025633844145239046,0.025122435211165924,0.030181103393559297,0.39756960720885404,0.011544417785963865,0.03852913641048624,0.1901814916599982,0.12706407423921867,0.09135018185649134,True
55,0.10090124455341988,0.02446144806903166,0.0038680302857205346,0.1578338278228162,0.047334087879699574,0.13595948918574396,0.06854021374044722,0.025526133067490665,0.13931260672294532,0.29626291867268506,True
56,0.16295231401745466,0.14058100583186486,0.09246598232506466,0.16496666465869225,0.04780778618269284,0.011028528763781822,0.1287368265692165,0.09592998953585696,0.09489334755563034,0.060637554559745184,True
57,0.024435090302255706,0.16637539179742597,0.07000734373910325,0.2338832950701389,0.07019538475595945,0.07295917462148098,0.017069406430697338,0.13482999363296208,0.008812413662057844,0.20143250598791837,True
58,0.03324412851700517,0.1280763095379694,0.06203113798037279,0.07874386713640316,0.11464544200580422,0.12160813607783719,0.12713800337610398,0.0007425977940177071,0.3305582741255023,0.0032121034489840847,True
59,0.12785097071144608,0.015160635428456599,0.07236177083395401,0.00857283243987738,0.03120834152268693,0.13274571773710409,0.03671685519861305,0.32794856130426076,0.06446077135641844,0.18297354346718256,True
60,0.033390840129727914,0.01922165551765419,0.07012100466960676,0.27476582536928146,0.17485802788569973,0.2482163781148802,0.02992477124042187,0.0315584363324707,0.006461964357990698,0.1114810963822665,True
61,0.45223040024430705,0.0394134011602077,0.15005649476067884,0.00110814150230807,0.054359264639386076,0.09594691807816771,0.04145297578105561,0.019176123606746115,0.13014496870301148,0.016111311524131453,True
62,0.07656935654861699,0.06109205457072943,0.1821401238693904,0.09301185886147893,0.016526389345289143,0.17191400175511803,0.2602657251786348,0.06035632102695292,0.018042465870778825,0.060081702973010624,True
63,0.24249177464440763,0.018611319957012092,0.056891269735262255,0.09291820052839085,0.05776168782598434,0.0849933808452488,0.0603395580224437,0.26906592793552425,0.050685008804786665,0.06624187170093956,True
64,0.1420471827045904,0.0697693913591725,7.685689073647184e-05,0.1480611287882763,0.14564355694301154,0.003307848858486631,0.27155733269246785,0.10689227482499607,0.047891003100739106,0.06475342383752324,True
65,0.04887100438396517,0.035116460824573294,0.0354985520801938,0.06928945784022099,0.06997371835544819,0.0037147275159586544,0.2313168067971204,0.2756835910961452,0.06113838160538545,0.16939729950098895,True
66,0.038441102737367894,0.07071776576138385,0.0838538801999648,0.2932255684548043,0.005474653493242122,0.2101814391398545,0.1635195909113784,0.014799100895157066,0.08390511828858846,0.0358817801182587,True
67,0.046573019010037645,0.17500367393499053,0.25348429431707714,0.09163024081672816,0.11280805739745436,0.04450628363527163,0.05338790487816989,0.03939691071364771,0.10437242578486512,0.07883718951175771,True
68,0.12439756517362262,0.1360084788387724,0.06671362156672586,0.05100580410106239,0.06350305987022405,0.1675490744432255,0.15497035754721955,0.015580970034036317,0.09120807072955747,0.1290629976955538,True
69,0.07446884178442374,0.026615382223863986,0.1374287543182774,0.10336971043632234,0.09997327242951057,0.015596694846361265,0.05649481975957548,0.12405197061295166,0.21997576630417084,0.1420247872845427,True
70,0.05425005248067176,0.031171408099474662,0.0823385061861318,0.031978020548315764,0.002527294991740056,0.13482777280162664,0.08865091380261808,0.3581303979108853,0.010929309055867168,0.20519632412266878,True
71,0.11096202749131075,0.21329856981810089,0.0582299101057846,0.041645456060607024,0.05786120472152952,0.0487984780823873,0.14577893577424303,0.127909585040649,0.04457586130299642,0.15093997160239153,True
72,0.023082604145095883,0.06500182946568171,0.0458499713741751,0.20916403235170822,0.082469700774436,0.026504631936638275,0.24276495469872778,0.013374035957784912,0.012643878703003871,0.2791443605927482,True
73,0.1766057138911137,0.12777595086419644,0.03044908498877563,0.1465558836980767,0.003518585747172512,0.08652380984915975,0.0694829866390388,0.09290360789047551,0.22639672634699265,0.0397876500849981,True
74,0.05870701265740005,0.1679986605468632,0.08507724480805146,0.2453229940110943,0.08727840759086454,0.2072166646684065,0.05298258965873417,0.045714249323224224,0.005571671673160107,0.04413050506220153,True
75,0.034213021432228104,0.06545122888508127,0.20292052350916942,0.13699304125394615,0.13860929957696602,0.07494357917346034,0.1463369143229776,0.033864979966932086,0.04854721555118164,0.11812019632805741,True
76,0.05614696675093954,0.02392039955389858,0.01646517622638826,0.016738212924170173,0.11453842515523233,0.3217854547132401,0.16224866706020835,0.015434243513312691,0.0826428175702026,0.19007963653240742,True
77,0.06399789297261145,0.073850780007918,0.2729713938865144,0.03593058537528197,0.01542826494859265,0.05970607116805328,0.06448752491725783,0.09775242488127155,0.2668314704520307,0.04904359139046811,True
78,0.0780707048798509,0.014689087352185526,0.08290608625179233,0.006495856156183292,0.09406307182894869,0.012768333526746108,0.07717192221918534,0.16304858760213234,0.10857052710205704,0.3622158230809184,True
79,0.11283254043103175,0.012918546401201728,0.07402144402518872,0.10812547165310181,0.14672584828186114,0.018190182755518848,0.06433549828087687,0.06922057216145196,0.35022415571539,0.043405740294377076,True
80,0.05877854052199937,0.009852834421689776,0.09391255661069266,0.07689827945034018,0.04265528834802296,0.1308648466786561,0.08293292037201738,0.32785364703279635,0.05086247266445002,0.12538861389933528,True
81,0.034733981121211885,0.01664004009209809,0.07285106184124629,0.29818968192448336,0.16979742109165352,0.04211098692310749,0.043520849000927044,0.11147684985927156,0.0323962434830922,0.17828288466290854,True
82,0.037146192306408664,0.07601409852425102,0.07058919312556351,0.051017023005209404,0.06467764854848222,0.08394066724463707,0.19221719247012348,0.023304968020650345,0.36037041695579497,0.04072259979887927,True
83,0.4430030065959853,0.017004358681137182,0.02912931728012264,0.06500766298658353,0.09253986599211386,0.0689520569847832,0.09916790151052864,0.03294754081269602,0.031902665312013606,0.12034562384403609,True
84,0.2505107810754664,0.04017090883180592,0.036799629229545314,0.03741469224237155,0.13984015848801065,0.1033418048676306,0.055249147879925485,0.1595655731181785,0.02526603002028566,0.15184127424677993,True
85,0.15841809376494065,0.010658059643043215,0.07349375841870431,0.011299872866180633,0.0486536924650479,0.18268540094016888,0.13461633317765873,0.06268465715951085,0.25675177823165213,0.06073835333309268,True
86,0.07901494041782987,0.3538474568894269,0.11140004159736315,0.013708484220599969,0.04688762283624057,0.02833053369478681,0.05478512781387973,0.0022764627037661703,0.14915279948096158,0.16059653034514515,True
87,0.02996005003705321,0.013647075851808223,0.08345472562685215,0.06508129561270849,0.07965459150526666,0.08490342285515068,0.21312274030517758,0.0021964539727508236,0.014089613480353397,0.4138900307528787,True
88,0.10913108966879742,0.009292635853961086,0.06143169198901978,0.2569901702112491,0.07264843355906998,0.019394600560784264,0.08366462386123209,0.31557848221504936,0.053461720170411384,0.018406551910425582,True
89,0.21448523039420136,0.17002086702471994,0.010676497418407913,0.028093291521529125,0.06908844845426367,0.06195991653584279,0.07940446713410645,0.3136459596037509,0.023500671426523432,0.029124650486654313,True
90,0.057743459824995534,0.05088145010842667,0.39184050224392636,0.1095939532844946,0.14782422745709412,0.01592940735470598,0.013942261557820503,0.051753388346020036,0.13569196198842606,0.024799387834090213,True
91,0.022869880626874037,0.12888407691508533,0.034771928928209905,0.00046159212274245306,0.00706353053630797,0.23940909816386943,0.027137730522895576,0.06900005998559375,0.02685895937208667,0.4435431428263349,True
92,0.008025809243934855,0.26282843742590206,0.055040717163588944,0.04868883679434861,0.16735658185317626,0.014835296229608953,0.016720845315379377,0.02136751580794893,0.14996659985123756,0.2551693603148745,True
93,0.1442066179977695,0.23591634589880708,0.11086395341781566,0.012246916706445484,0.04704029589349944,0.007158485314885746,0.04333655025697898,0.151599897978662,0.1590907951257349,0.0885401414094012,True
94,0.06916255563411197,0.0851947416697083,0.05930440047650271,0.03246311714798765,0.059961505093390696,0.10693453804853288,0.265543412774562,0.07836873151459288,0.2025786960675156,0.040488301573095214,True
95,0.13011168902778636,0.1147809256117012,0.053289209145805476,0.21311581378445107,0.1712165990436398,0.14046190373418865,0.050873053532870895,0.053926660545570444,0.051795021548509346,0.02042912402547663,True
96,0.06755406765021259,0.10445757760322298,0.0908262072980301,0.1342999191417475,0.03158263476473723,0.06992971661510909,0.1837870800979218,0.02980597579472551,0.2515668846224047,0.03618993641188846,True
97,0.0034470028988657832,0.10143577286176964,0.0473205129475586,0.27052889600926466,0.0779191986357195,0.04173655918294327,0.3002353760384508,0.10988207776210816,0.03192188253084419,0.015572721132475442,True
98,0.08222018062750719,0.06570274742490544,0.14181491347041075,0.029987601289091736,0.09640523558326247,0.06900572730003224,0.36224732927922,0.101956793602802,0.038468890566376625,0.012190580856391475,True
99,0.04123852095016192,0.34859811743972,0.008207455946727461,0.0903863354221282,0.11316729350275269,0.01874512207121484,0.027485409962913557,0.013562627942755786,0.07116266009998953,0.26744645666163597,True
100,0.05751322340494848,0.17412790066046782,0.07027205303835725,0.09465419860159147,0.07260490428900714,0.006331862216208694,0.053244988552042266,0.18641342485273965,0.11883159694952672,0.16600584743511046,True
101,0.07304514345630109,0.020401313154243886,0.17723428641668085,0.00634269042532419,0.1002635802410267,0.0425840533004457,0.013247336001980003,0.22802671624310167,0.2272967912674,0.11155808949349595,True
102,0.2564202249288771,0.053452247291553116,0.06669239580235453,0.028110349695375243,0.14009185818650374,0.006975031366624493,0.08872905614175255,0.13151349662423417,0.00947719080557076,0.2185381491571543,True
103,0.22231847419084586,0.16444495781767993,0.06246155689878463,0.002998481241945807,0.07393001110865656,0.048775092440734344,0.23309052883013961,0.004922111519399049,0.0367102477947021,0.15034853815711224,True
104,0.23667355370259793,0.06657137672094193,0.09359346061491851,0.24573888221521756,0.1531487727325796,0.05124146343209969,0.04496556798958936,0.0034666029485868038,0.02323663047241965,0.08136368917104893,True
105,0.2526863018106751,0.028355627545397503,0.04170674828461119,0.04583596761929944,0.13888330045405375,0.06769189873927643,0.2816719855836493,0.014523189396899549,0.0010271009023247503,0.1276178796638131,True
106,0.13048433327663264,0.13364131936475296,0.042404364252694345,0.02718201943196335,0.18114527384734347,0.14734554702299185,0.08411559631620268,0.06976579068278108,0.022707058955886487,0.1612086968487511,True
107,0.04744373377393387,0.41521622279057424,0.010419595407386299,0.01750511635764042,0.07565133720610646,0.19244855111809392,0.0589125043270896,0.09500470294592028,0.011914913293455965,0.07548332277979909,True
108,0.28817912795505884,0.009045445113510941,0.20903029038988533,0.1370932121103706,0.01567923022068939,0.004709222873263314,0.019555438531332108,0.12636519451357112,0.07609615905544286,0.11424667923687555,True
109,0.3909962823492027,0.04929922309240264,0.0071654020479108875,0.21592226845696322,0.05967613217899,0.049865479232796966,0.060301878212058985,0.09836924513680975,0.05423609729650033,0.014167991996364631,True
110,0.05021178435308272,0.013873612186711322,0.03963244649733457,0.141416643676459,0.13669684203251814,0.15058630853186072,0.09445431201516928,0.03839623377097703,0.18579171181505727,0.1489401051208299,True
111,0.01876865300682385,0.09139408456527089,0.009074068837925784,0.0008683539291588364,0.15359376862461988,0.10483594897153273,0.0007600513048786402,0.4100792111059829,0.049994891432369376,0.1606309682214372,True
112,0.08910256074002922,0.13920688794987449,0.001922165304955269,0.006778229594343282,0.16386670760278885,0.024504590991902976,0.44247310295352055,0.02158835640618983,0.03624556059293125,0.07431183786346432,True
113,0.061157442575153674,0.03707665888839789,0.05772268321723759,0.2722880311873294,0.4012405916324908,0.024214993397540165,0.08249999733169995,0.0026595615980475945,0.017319785282951444,0.04382025488915157,True
114,0.19206623314733606,0.09931884566778637,0.3043198215554583,0.0229767999518387,0.12207563726197572,0.08967461101707634,0.08883341484561566,0.04264550814999946,0.024855657805275187,0.013233470597638125,True
115,0.030367509089397466,0.054592545638945944,0.03171213881406537,0.02599614176294982,0.1328641783584143,0.22818924550907396,0.07152013066831948,0.14590864316107593,0.013414221365740595,0.26543524563201715,True
116,0.17112672345643543,0.04596930050727615,0.0435475344773105,0.047070366849549704,0.09051782690520499,0.11622089036913977,0.14057729235007443,0.13769286410560516,0.15792205994708933,0.04935514103231463,True
117,0.15856779365159687,0.13062882848133814,0.01531669850639827,0.19033881293357313,0.0038525217965879595,0.2589122862076159,0.001018304718855977,0.0753191231558352,0.15972133194065677,0.00632429860754175,True
118,0.14522953921560033,0.24645952384521025,0.23737317449859416,0.05115961560526272,0.19684369315175554,0.03949710891359777,0.025483873613479067,0.043494529336756314,0.0008184440667610689,0.013640497752982728,True
119,0.04199090187675806,0.0184454515774884,0.019087537806943226,0.034056866501151715,0.27091794729577107,0.263801600009675,0.08748082528053117,0.13693079789832496,0.12265890064571529,0.004629171107641139,True
120,0.1637265710100781,0.22341760253031567,0.07636017927766922,0.010630607415626617,0.18555210315851473,0.11856302990513365,0.013605444116945226,0.09589684381736634,0.031632762311545846,0.08061485645680466,True
121,0.16257429807641102,0.0781089528226282,0.18459476309834444,0.06893316806533566,0.2231282082871496,0.1162104715012481,0.017705661520715593,0.01171244498882684,0.016986273315547844,0.12004575832379269,True
122,0.14474934147493426,0.030712705482184972,0.001999383748802114,0.022259601925337172,0.015894227665821242,0.05998258669807682,0.017358621319896208,0.1284552229745213,0.40682858151274537,0.17175972719768043,True
123,0.013701110052686982,0.2339376115384519,0.02550523206217231,0.010418495614667225,0.3978221617764648,0.007778334469294163,0.010589829872389324,0.07401528715134637,0.06127378927631335,0.16495814818621357,True
124,0.052830611642805315,0.0015680100476176634,0.12093174533617146,0.11701834407390685,0.041376392271518354,0.03109483867143222,0.2359079304662714,0.16525039020742666,0.00013109908227245317,0.23389063820057762,True
125,0.09985649171436363,0.2196262022335016,0.024763196631504544,0.02391683297210727,0.04493557103126627,0.07902750430772915,0.045109346277126317,0.21645507792631097,0.06696276360061887,0.17934701330547145,True
126,0.3147353769920292,0.021679661353167946,0.21768007527220792,0.05999345097137344,0.05001371161211007,0.09856811144339475,0.04982365908343571,0.07637806227170804,0.07988214448190654,0.03124574651866623,True
127,0.007508006944997547,0.06301244596427022,0.16851338856587872,0.1806594493477255,0.06494953254462402,0.07407800879243491,0.0006142006320514996,0.08712552474094128,0.20015688071935714,0.15338256174771922,True
128,0.11174143817800096,0.06684208667666566,0.07975328164073715,0.011171433257912455,0.017265132081150582,0.11437436817377689,0.4472430951845975,0.09042555956428217,0.022832344379718386,0.038351260863158196,True
129,0.10835509634220972,0.027655153776895716,0.3095546637366351,0.019490544413576432,0.140508903318494,0.2266818550976532,0.06373852639890296,0.013318407731452904,0.04847272198067938,0.04222412720350059,True
130,0.11799910156943576,0.22403129049464182,0.04203836085641729,0.0017603981551002148,0.1744983889059334,0.014778551039181452,0.3045389221198532,0.019972226639471367,0.07740837636021615,0.022974383859749564,True
131,0.03137750942819546,0.12270712269677299,0.20479740945697295,0.06551146709469233,0.2111247950439316,0.030038669739235996,0.2614682100474375,0.03780524988288825,0.008557430862620466,0.026612135747252356,True
132,0.04330866397808774,0.4588131065205024,0.14792310210346984,0.01762270321877442,0.007479869651783397,0.0050258313329778525,0.10861492027855049,0.029196665031267215,0.17058955504903328,0.011425582835553302,True
133,0.001489416830422008,0.27345729385529793,0.009125710468156526,0.05315977380485387,0.12040912829579978,0.12574441288079458,0.11514832961518286,0.10889812662371962,0.07720777531662906,0.11536003230914359,True
134,0.0687926347129421,0.010474503209489533,0.11907835623681205,0.04090825851927887,0.03241047155346043,0.07489499587153353,0.3129587773253448,0.11837595185073962,0.18999233888680828,0.032113711833590554,True
135,0.2247754154382661,0.05477352214346441,0.03139951186308608,0.006246024805261819,0.09855317406810395,0.025584108304952335,0.0324651246593449,0.2577675905289645,0.03703277040875209,0.23140275777980396,True
136,0.01429840636010557,0.15453622968897582,0.09541094155488486,0.1671133673759257,0.0192338568199717,0.04275151546173941,0.051841805159508474,0.05487574878834225,0.2591191443930305,0.1408189843975158,True
137,0.19734104459649254,0.018392653739395665,0.17120375261145193,0.11686109024982493,0.15509993960523433,0.03610755094411783,0.040986813074386896,0.0924628471648771,0.059542402715805354,0.11200190529841338,True
138,0.11064668217902483,0.06865571598531382,0.10958689713074127,0.13181451682062525,0.05612805451263033,0.0002039494501114029,0.1291707749664458,0.009440790669411375,0.3378108970405898,0.04654172124510617,True
139,0.19858923561570546,0.06137205373638771,0.030423558513342476,0.004815913057030828,0.02670229018490038,0.06705667164022129,0.042059069190575366,0.1462537671910702,0.09290110028038745,0.3298263405903789,True
140,0.0007017303467666061,0.09902979719139891,0.08084572859370212,0.18352154986332278,0.01357447901890846,0.17240999869286738,0.03536208225509169,0.27595447869706663,0.08510095055532076,0.053499204785554526,True
141,0.2709763512444546,0.10909872089178793,0.021717175585923995,0.24070484236759063,0.051384038382456976,0.0021957124126487735,0.042635987384327736,0.05847654074458667,0.16090413145126103,0.04190649953496162,True
142,0.07042299297667709,0.056510139268224895,0.12703351170292876,0.003126591242904984,0.10150157094868,0.1565472260705695,0.32466539329416905,0.03530941423717667,0.12294222768112456,0.0019409325775443253,True
143,0.07005171988876582,0.017751623629459343,0.13699961817222647,0.01297601701122739,0.1628390045671318,0.06270790253770629,0.45037728919888104,0.014693034807097681,0.01796707257034215,0.05363671761716204,True
144,0.015817421675937946,0.040617420017370044,0.032805833370432275,0.1117225216163934,0.056735688648995114,0.17544313467827616,0.3650314986355644,0.1069698576309057,0.048555203185136835,0.04630142054098807,True
145,0.030806865321202994,0.06791522041150758,0.2114028742759444,0.07326286542553426,0.07376010174927641,0.12947359421791077,0.09960481177840491,0.08436391575607054,0.08547012867125303,0.14393962239289518,True
146,0.09013730117847604,0.01587816336074386,0.07032651752080316,0.028480895748218774,0.034468266009128806,0.22278247766521678,0.08989001852663706,0.09986658851428741,0.30889101478489284,0.039278756691595286,True
147,0.055579329991053944,0.2909500807724417,0.06970009699832996,0.07273961165106775,0.10738391126883755,0.02318562564663712,0.12512678306414612,0.13776836941767232,0.05770794237307513,0.05985824881673826,True
148,0.19534287880692303,0.056002604045703314,0.09678633567191058,0.15849027652274328,0.18339050284628447,0.05469547519734223,0.1001464507472228,0.0027573448059516423,0.0554257136281962,0.09696241772772256,True
149,0.28164667992174114,0.003800996663704688,0.030507307295374108,0.05971756179337021,0.17783901218588796,0.02166795197194007,0.050450742336810545,0.15332040681800296,0.06485708515593219,0.1561922558572361,True
150,0.07661096119470524,0.2759207592887814,0.04872089566456495,0.036553526161083795,0.00920234315840823,0.10345633096171568,0.16273621235391308,0.04488129082684994,0.20335713410274728,0.03856054628723039,True
151,0.06055218668602132,0.062478156230330525,0.10494806908314638,0.029325282923045454,0.13773806294057056,0.2441405540952553,0.03907917822164162,0.08517515197815718,0.1667057244621761,0.0698576333796555,True
152,0.2595560430506559,0.31274484178104567,0.13505153820353227,0.10600001728455173,0.04799216843766838,0.027542224888096906,0.0404933892523576,0.026716766682784387,0.004721188477087291,0.039181821942219835,True
153,0.029805464867377222,0.10495331575139603,0.046054362827495386,0.1713868205091367,0.017418011033843238,0.17346065539097397,0.07710387633142694,0.16314443015257876,0.10139431802318152,0.11527874511259019,True
154,0.050630815584228474,0.028384518087011295,0.20088776517925655,0.001898287291522324,0.2226007642760999,0.006027896055676221,0.005918132602527191,0.06755774074072404,0.32216095725077387,0.09393312293218,True
155,0.10054945127880509,0.13379855286729836,0.12513278404532654,0.020309760424186474,1.0395363474777784e-05,0.25520871580134785,0.06541836949742,0.18973104429319976,0.10127159791728936,0.008569328511651719,True
156,0.06521281413509893,0.17567183271176026,0.06930118141004173,0.046745030235329915,0.06113428097347258,0.16698793106348475,0.013367736198192441,0.10701680813726065,0.1355532031634064,0.15900918197195238,True
157,0.016270722868498833,0.08612026079360585,0.10602810214303203,0.13521351333711354,0.1555597446954507,0.1632788185189141,0.047512796353196,0.09196790231013753,0.08561552693492579,0.11243261204512561,True
158,0.12957260444393762,0.08661588379639094,0.0578924690717451,0.023207736969948954,0.02165693801543269,0.23611434981123433,0.01866563625568798,0.37505149273710553,0.018879537239511923,0.03234335165900488,True
159,0.3141107640325867,0.10457360307745785,0.026338145705917956,0.09002479122327114,0.00623342414577611,0.0987027003833032,0.017804027216914,0.27983334006470273,0.012036701117444176,0.05034250303262607,True
160,0.2906381460088589,0.04597716997452397,0.10816044035412846,0.23465811302822054,0.10174052739302196,0.018526693527547957,0.08743351081888123,0.030568402692560986,0.04071557645634431,0.041581419745911424,True
161,0.25107376169715273,0.0023219916468608464,0.005663271490967387,0.01483391317582483,0.09890130532967231,0.16128551186868506,0.024071596802761053,0.1173014260905059,0.057690750738386636,0.26685647115918326,True
162,0.12795183550549488,0.02862307535674748,0.0665500091186831,0.23970113112854213,0.08384356833239545,0.1034037340033384,0.05670970500143937,0.06114960764629411,0.19222482600066298,0.0398425079064021,True
163,0.280095737382064,0.00016739320503213897,0.06901132818489254,0.07224602783025968,0.21944859661363697,0.034620834417330326,0.11515971949400731,0.03770665459407292,0.0686151952103959,0.10292851306830812,True
164,0.06128319558079445,0.17596917726881345,0.25603168567566004,0.04164153180485212,0.14305349287747468,0.07108142431921875,0.09968729447783044,0.0610862774967062,0.06609286440046215,0.02407305609818774,True
165,0.03639024774782194,0.021621313452560607,0.017034518580578924,0.12323415150255734,0.19682388052097258,0.08883461979908577,0.10028096296264559,0.15368593532411165,0.13519591801013553,0.12689845209953018,True
166,0.06380948484253414,0.13640531631488773,0.12930344649454012,0.048946612376108624,0.044379640766324974,0.32591486989454305,0.07708001827885037,0.019676910204540533,0.06367905154416999,0.09080464928350035,True
167,0.11359193985831958,0.10538986814070966,0.07681408918498797,0.04961152877798335,0.07824916249118893,0.20189083788473955,0.11430192438301696,0.03500777949816946,0.054881295090685955,0.1702615746901986,True
168,0.09260875066928634,0.048174295581696946,0.005381716625570885,0.1479711520763993,0.1901068633402095,0.08247848532873431,0.1070926540358012,0.07788352733317952,0.12695001488608307,0.12135254012303909,True
169,0.20772840214007907,0.005277588950653914,0.42231259715637415,0.021044453006607663,0.11273226945999605,0.0011895331424738068,0.15959939970489612,0.019680568006232572,0.022987951567107315,0.0274472368655793,True
170,0.006455838481831144,0.04610225933821906,0.12816126427117266,0.15418350572182538,0.2631418765645576,0.028259508627213145,0.14956405993562602,0.07346861772994377,0.07489276975106336,0.07577029957854768,True
171,0.014266680191405718,0.16687730764817577,0.15564119532628679,0.05233117607050343,0.13913611343084975,0.21543997898332504,0.15489498983773942,0.031307683692793735,0.04989597429912301,0.020208900519797273,True
172,0.0811419218195578,0.04619895490926289,0.02287859524113927,0.12131538873685341,0.003181694673968523,0.2748456367607124,0.31785620703255224,0.03985438262523057,0.03858173511142801,0.05414548308929493,True
173,0.0048179951208359335,0.05452905492082187,0.17250448123543474,0.06019065874969251,0.010165675764220748,0.1557149703325723,0.030529748231387755,0.44521663580277365,0.0034838662253806312,0.0628469136168798,True
174,0.04084085523428381,0.022465240630277557,0.027721632391671976,0.16868846293943998,0.01418458750634332,0.25386870065192496,0.22287885408052951,0.03792001194412888,0.15369737727437893,0.05773427734702107,True
175,0.1799105750091323,0.012670762751212991,0.01784542713371089,0.04404589724415254,0.04768129875244432,0.20813537392296,0.21675769660367256,0.05734251603832099,0.21458783749081084,0.001022615053582509,True
176,0.030492007086392565,0.008905066820279176,0.015193784931658353,0.2307616331927381,0.005483622808383827,0.1003287321116204,0.14842034253097686,0.12769424258426287,0.14078594258664862,0.1919346253470392,True
177,0.0018587774621534943,0.3298308299708067,0.0879502749860762,0.10665269954149062,0.19476580824897108,0.0023442795540462354,0.012169138652831897,0.11651313959794543,0.14647954594182547,0.0014355060438528376,True
178,0.07715961075351077,0.26116632467288126,0.10832369708988238,0.05427054112867826,0.029374826279516653,0.101520322177692,0.023177625214110452,0.057508782278786016,0.03441163288812194,0.2530866375168203,True
179,0.1463782564918578,0.06233620652378554,0.20808030319039228,0.0313009169815586,0.05987667693342177,0.258079261763802,0.09900187947094233,0.03461798456927792,0.06889262286511125,0.031435891209850395,True
180,0.11412542814341033,0.3890711553699149,0.039841985152691266,0.07102590076147561,0.05602473391780549,0.00020542272813758262,0.1707604186808783,0.06692485030678637,0.020835856268287406,0.07118424867061299,True
181,0.015201727907477227,0.13564472955854118,0.16588049158485843,0.05401593555578023,0.0040109623011314426,0.15106872410586417,0.27464368523285565,0.014126710876077198,0.08358174118560222,0.10182529169181243,True
182,0.10300336996485562,0.06956694702078882,0.16707266696994724,0.055559498764110704,0.2690230137006516,0.00495737541252659,0.05986610582657876,0.055330747986610175,0.1211045537077798,0.09451572064615063,True
183,0.06059689400393167,0.05587900233562849,0.12442630109419957,0.061084502197708834,0.10941114917965382,0.23951954018950136,0.0263926455570785,0.008197662758484804,0.18754010236330382,0.12695220032050913,True
184,0.04279312422636709,0.10833036892567124,0.0059686749927412375,0.1787391667705454,0.20718753808626422,0.20068741937731238,0.11770418095157827,0.05042746268853635,0.06277290777832582,0.025389156202658022,True
185,0.1913095256109384,0.09307582181652738,0.2019476927223455,0.0593749001545063,0.09352335719843875,0.06165028968828401,0.008468865217763426,0.20596164848364434,0.03548142818972173,0.0492064709178301,True
186,0.028070425162917776,0.005699477265941996,0.2254917216195443,0.23186094856926123,0.0525028688252739,0.12941264147792247,0.08217765870843283,0.03158820600737139,0.07536618740959244,0.13782986495374167,True
187,0.2073107109306101,0.08895102439883654,0.05459562082282458,0.06712904112519273,0.04362659629526772,0.23033743107201196,0.0972568391420857,0.15584359371401446,0.007013489140837843,0.04793565335831813,True
188,0.0489903854545969,0.07428603083527421,0.06175250840440273,0.10277120991096127,0.05092778175990703,0.10241423285392592,0.009775060022156615,0.02998446040039444,0.032468461940394974,0.48662986841798583,True
