ID,strat_res0,strat_res1,strat_res2,strat_res3,strat_res4,strat_res5,strat_res6,strat_res7,strat_res8,strat_res9,alive_at_end
0,0.0015979938543033958,0.04649505529368786,0.24702428831495912,0.13839846050669327,0.010516868031540946,0.05752102039094567,0.13799467862972792,0.25090416889753636,0.08844449853084876,0.02110296754975677,True
1,0.07596223130018291,0.17898348485073137,0.010642545005031733,0.11478137388467621,0.11956385062695137,0.2552481306497823,0.11442514419028303,0.013406401789058902,0.10019583758431931,0.016791000118982876,True
2,0.1269282540260668,0.13405541506359184,0.1049563424898868,0.013978410272983492,0.0699646743316998,0.014307920840952695,0.08800727990533994,0.3211581127521802,0.06205341964476389,0.0645901706725345,True
3,0.04047522393364132,0.010834498153775842,0.05330675489977866,0.1850188248078307,0.011192822699741582,0.03246838313979373,0.021699512762491453,0.18505525136429726,0.03688365727549841,0.423065070963151,True
4,0.28997568911207566,0.05740392148062811,0.0234919261001073,0.0014231337792626132,0.3035428872921236,0.07793412340580327,0.05486370323148453,0.1117940514871853,0.07818221120201933,0.0013883529093101901,True
5,0.0858559805012277,0.03817667226892157,0.11338830883567123,0.08503006185940563,0.14095623077959935,0.05803723131302815,0.3665902264364347,0.07126534836701795,0.001503530007201834,0.03919640963149205,True
6,0.008058824576389841,0.11343505988616574,0.07587087854990603,0.19710442587644744,0.03259599685706592,0.047414583780337714,0.04359262600935137,0.07151782613676748,0.40099191296860537,0.009417865358962808,True
7,0.02207925420946382,0.27787398777347844,0.016719307113379316,0.009830312147091298,0.22604897661254914,0.08167803161957979,0.20220560939089635,0.0827903448069125,0.049806458059568987,0.030967718267080255,True
8,0.05701295414534487,0.014356672981399926,0.03341807505079686,0.2094897689200123,0.09968019894963269,0.14631500536458455,0.0026526747875376365,0.12970748893805054,0.2643011272847009,0.04306603357793969,True
9,0.04627433889449476,0.16374485367644803,0.163774226421825,0.04918706295783268,0.001390837719506603,0.23288952147567152,0.22716485173628748,0.01593559326227294,0.010296032710533408,0.08934268114512768,True
10,0.4394434010542456,0.20996225074395986,0.04612708507496159,0.006884931885672921,0.05710635839276889,0.05349576727425043,0.038651156920171265,0.011990815550613956,0.08582624377304421,0.05051198933031124,True
11,0.004520431101007757,0.08647348799670941,0.1627411695005592,0.0850097369742344,0.2688756878077161,0.0072039906549321775,0.14157347058982447,0.024926894631844353,0.03862562017051819,0.18004951057265411,True
12,0.012488111728983342,0.0914671325167912,0.041951352129463444,0.06885698594016786,0.013445229286746553,0.09021084458781375,0.25776945545477514,0.28601052386476994,0.0575675434995044,0.08023282099098446,True
13,0.010192051435570816,0.01173422842328394,0.37195025361478923,0.1605012915414873,0.017884377202797078,0.12293334679033224,0.025017286549728394,0.111066179432243,0.13748340964261874,0.031237575367149273,True
14,0.24250710257781657,0.036828856201735836,0.042424327272168716,0.1922590773940524,0.186743523146737,0.058479089079708245,0.029128017478980615,0.06665266158522674,0.008274954814948728,0.13670239044862528,True
15,0.13870743606071084,0.0013533856220725854,0.009552523666950788,0.05505657608584006,0.05455087330854369,0.04404718208551379,0.4141914246587439,0.05275674320629032,0.09791596732408257,0.13186788798125149,True
16,0.16975147322075024,0.008840389402094495,0.02073372111389818,0.5223579114465464,0.03582897557519757,0.00768723644099667,0.056747076345050856,0.1616572553829369,0.01360964267532786,0.0027863183972011824,True
17,0.01868257625319948,0.21282856278358353,0.04680807888016091,0.0044071172445761374,0.11756554087770199,0.1291156433611916,0.021890972941207468,0.07731617520700775,0.35982575204469963,0.011559580406671405,True
18,0.06549777104712004,0.2072302222509541,0.024854879139714604,0.04381053057336671,0.002062185434729308,0.04298716134784046,0.10199488319491563,0.31609660715203536,0.021884793021058252,0.17358096683826538,True
19,0.036015306169095526,0.0757953066009941,0.04596636867739016,0.17554087580295782,0.06991354350846224,0.008841271720837447,0.12211117429566833,0.2810576482070442,0.06561837814095618,0.11914012687659394,True
20,0.12611933134197262,0.1678989153194278,0.09166213071490685,0.12490349979547218,0.26179894817022253,0.14968773245238115,0.03181153661482869,0.01869447223375862,0.0031467454512542265,0.024276687905775182,True
21,0.031079294988910898,0.07975821621959422,0.05055158708904214,0.12288073249760598,0.2329453468980184,0.006187250138452974,0.018912437967830716,0.40530025789703633,0.02313189441765693,0.029252981885851407,True
22,0.029409775393361884,0.03801128065721323,0.09613559203415012,0.1221481261828767,0.02745190302000127,0.3865117950026333,0.0026671484815603,0.010651413988450554,0.09137779364708129,0.19563517159267144,True
23,0.033126501448139695,0.27991793919799196,0.035532936719899585,0.0229746108089963,0.006252180495026204,0.10818021753868036,0.005209738103200529,0.26389607117882513,0.00683664728432291,0.23807315722491737,True
24,0.148769306289417,0.08697670892332708,0.04648154731050007,0.03388078931632431,0.21645074047318394,0.20621131227567271,0.07407320935562636,0.005366142469758106,0.1068270881605609,0.07496315542562955,True
25,0.0025991357913399595,0.0011958611874829186,0.018891948904995844,0.1508008001391505,0.2722241472654009,0.02930069059954039,0.011780855753134678,0.21037454309507564,0.21988383353033283,0.08294818373354629,True
26,0.24444438178537242,0.13135637962680038,0.06877461873164956,0.04746323072609982,0.1518694178244384,0.10819905689097213,0.10913370769226222,0.006224097835640052,0.02125445038173789,0.1112806585050271,True
27,0.11553166687854141,0.11114533845221414,0.3132329465719529,0.05517775727956379,0.0005712459514160158,0.04797591744098532,0.10939684527138697,0.022790677223329343,0.05383578189745698,0.17034182303315326,True
28,0.03740360855535813,0.3178048460591193,0.011612802535264085,0.0442268660715747,0.14660144170308662,0.023084278541873556,0.00030079469159686735,0.027856453465513898,0.11335545627580636,0.27775345210080654,True
29,0.16320845392886174,0.004258530309011508,0.03067206025852062,0.04674593396347708,0.0319755003579713,0.32555953397623744,0.09216273273307267,0.03498103437109912,0.1589814904156682,0.11145472968608018,True
30,0.06937869907878583,0.08808249140565676,0.09258174097118262,0.03682929125193446,0.016549667939795985,0.07689684775278947,0.3103759566511462,0.2235783516411627,0.018373572024259176,0.06735338128328675,True
31,0.17430332169878687,0.11604892084394704,0.10809430884700437,0.011580309112144787,0.12496440263780668,0.13088820076883254,0.029104988879185445,0.0963882226000199,0.15614286409825084,0.052484460514021496,True
32,0.005925703339967102,0.15532082712815373,0.04081844960428266,0.05433494067866535,0.09384988016053869,0.1797191475997449,0.1126706580774785,0.20157636881543964,0.029501875754330737,0.12628214884139866,True
33,0.004682616763401345,0.046761398855543125,0.06779258160177237,0.2943732558716172,0.07794676638997229,0.13570453410917271,0.09008738426140499,0.1008933257189487,0.12000718510868787,0.061750951319479296,True
34,0.0335420186211407,0.35541333294060373,0.032505679273478104,0.04051640281529315,0.009093022223097873,0.06884678066896964,0.14845659015085735,0.06418643844217684,0.20702754116134095,0.04041219370304164,True
35,0.0499680871422505,0.010095022932061864,0.007869732120352092,0.21690092598992639,0.23033085931459923,0.030546877708175154,0.03485270450524213,0.2871432712528719,0.1082590308470262,0.024033488187494463,True
36,0.0468560161199823,0.057806631140224864,0.10803980252473365,0.14275781747176888,0.004160230191386058,0.01238845567610114,0.030761027762067062,0.21041033204734227,0.12216922410600146,0.26465046296039224,True
37,0.02431288369288703,0.08297246172195542,0.029484637574778184,0.023083205822564314,0.2507665188444084,0.21721003752838555,0.1386457855712491,0.05209963482934551,0.11062384858803186,0.07080098582639473,True
38,0.14546962904723645,0.06113245275339928,0.031145869577905303,0.060290727243066486,0.010420137905740444,0.2876265184182864,0.01961791980717907,0.2549129408662509,0.07816144869673992,0.05122235568419568,True
39,0.07868966018747094,0.0733654655317901,0.03726406670431685,0.054126407810024556,0.06199628549279191,0.023282883983715037,0.14260881456192712,0.230578972797314,0.2197068168584999,0.07838062607214967,True
40,0.0513431584167546,0.1107398397983402,0.025521306077702408,0.12434033076323403,0.027515288741431974,0.010584995099775847,0.18694517076427197,0.010480726922604612,0.4400683398205026,0.012460843595381693,True
41,0.10817633688924946,0.0627089510111061,0.01241606458091655,0.04714842362441702,0.08317552934254475,0.03977720773173002,0.18226994978324837,0.19525316671886211,0.16889940026292644,0.10017497005499917,True
42,0.02617046856970898,0.05878008992918374,0.10547694975249632,0.32322832771756477,0.02678321022029436,0.134918215811064,0.08420961888917795,0.031076193345553796,0.03460378352489235,0.17475314224006383,True
43,0.27474570626996275,0.027008582052394568,0.08796670072989557,0.03358356367880672,0.031242409687866898,0.02303376156821754,0.19684623355012595,0.15267794685107342,0.1270081576592113,0.04588693795244533,True
44,0.009565750518349575,0.1808762332063999,0.04169795854561436,0.1905366402108098,0.024124124057975403,0.12650577181698688,0.0895174389198402,0.0664305851091359,0.24816449650508882,0.022581001109799284,True
45,0.08179881664524678,0.030709546236589197,0.042309703450042827,0.028402170985722876,0.19624947913774143,0.04857083601501436,0.02260777715996737,0.24433900334136263,0.17963387687920218,0.12537879014911035,True
46,0.12498860570770334,0.3204449407608075,0.08417706844938924,0.1615200951111576,0.010265382465621318,0.01693956601715019,0.21388928365674512,0.003609819756646273,0.04042309055807064,0.02374214751670879,True
47,0.049622785442159874,0.07961780329874903,0.015876833964285977,0.2265711933677069,0.07519535614913463,0.07440492841433484,0.1217508328165897,0.11460623448258256,0.18122646750636578,0.06112756455809059,True
48,0.08495673657092571,0.09692490157704091,0.15174760924469988,0.10933672086758328,0.173195413046397,0.13825289046216405,0.0023957771591335292,0.01791543643165518,0.06558041051650235,0.15969410412389826,True
49,0.11296999602823751,0.16250667917533296,0.2435046546675775,0.06322770138751362,0.08781321155952748,0.1839293995475778,0.0854243936809908,0.04858456198731735,0.011309106706406037,0.0007302952595188918,True
50,0.01583920865012025,0.042652518955505786,0.12456866280245385,0.20382103258771583,0.13682152983079374,0.13477118507612243,0.05566430443883926,0.05209483372339818,0.0659164289372391,0.16785029499781173,True
51,0.07937691023703511,0.0015209255825800252,0.006738938333253002,0.012804701958148514,0.20764212360486212,0.2205234686751681,0.0233053049204769,0.07911135362838517,0.33959287780874514,0.029383395251345937,True
52,0.22061798577465158,0.1463939705913972,0.0327924408388714,0.02393767419065442,0.042805550811549326,0.060445494179414375,0.03385025029645393,0.008021715700181106,0.017818474615247756,0.41331644300157894,True
53,0.03129824968513324,0.1109425717112519,0.01656389047332279,0.15375137700892483,0.02829716447822401,0.019315675493388945,0.16712356872289633,0.09157357483788134,0.3121339153308436,0.069000012258133,True
54,0.199720890747087,0.025206202659684877,0.005436739899840761,0.1975085316857989,0.13166439526530951,0.055323286271948956,0.035059124597491144,0.049631557733080166,0.27559727495813907,0.024851996181619474,True
55,0.0037685037196242463,0.03159773540018715,0.061878958328556034,0.2184994107875972,0.03259276989974954,0.22280987115866943,0.1496356659230185,0.12259079826379347,0.12258743725427873,0.03403884926452557,True
56,0.17320912792235166,0.1924624273745663,0.06466375992544753,0.06801785871066611,0.13122300724734534,0.0074335812532827245,0.021010893737107853,0.05880194883211703,0.019261701003125437,0.26391569399399006,True
57,0.10306451243335757,0.09692532498681669,0.051183514046245306,0.038684976245452196,0.20308081881550985,0.1413339745419994,0.01051947650291084,0.12419278693202015,0.04739043992051855,0.1836241755751695,True
58,0.1504924741980751,0.07748446081610959,0.042976830317481785,0.00025072778186962586,0.041183872417724525,0.0025687111401661716,0.13172576807987935,0.10486747256323052,0.3172532512233789,0.1311964314620844,True
59,0.09057830157735744,0.053000491054038305,0.33591223203161674,0.041699887474568154,0.03180918619377337,0.06193080045044455,0.010554913068428812,0.05020677237308986,0.21719931615509352,0.10710809962158939,True
60,0.05024421142348435,0.07821304482665697,0.20222431172393987,0.14556326908647726,0.02262175869003111,0.023766534242361085,0.16177269039543168,0.035044643238495515,0.05830418377185364,0.22224535260126863,True
61,0.014538081437716297,0.14720673985533544,0.04477435251053002,0.1876765519195614,0.08040083173777969,0.0905103142342161,0.13807148195026858,0.1325493187570901,0.08075031925427896,0.08352200834322338,True
62,0.462134369049539,0.005316128396166317,0.06911323076440579,0.11093937138640546,0.02217987882461527,0.008090741351198964,0.0500349730202093,0.03509987335569447,0.1076173658704015,0.12947406798136385,True
63,0.16606765327350187,0.04060310181298952,0.030165854001102877,0.03799767409258156,0.00424737122190511,0.06942390075808083,0.23528434403450207,0.16998688077293828,0.22940039973485096,0.016822820297546892,True
64,0.021280485294513322,0.048214933027843375,0.07637933958446859,0.2861386560362245,0.047355058805804436,0.22274911403542677,0.035883989690682835,0.04181186667761927,0.06191457441200794,0.1582719824354089,True
65,0.1130463573711088,0.051301315509101164,0.21268286231811528,0.008107769369780003,0.06811102816274596,0.05431814939481582,0.028667402758667276,0.3000059565477682,0.14876352822351924,0.014995630344378164,True
66,0.006421208996005005,0.06839262980780025,0.10043367070035471,0.062291410430408256,0.02819092167783031,0.3349811875643933,0.08221959178950768,0.04052617832231361,0.015307606908942742,0.2612355938024442,True
67,0.027297875765092527,0.042263024576180204,0.03353858023175336,0.037453333197216686,0.05580515270392131,0.19517583457301668,0.030168948024446775,0.43557932114338216,0.09416026843308328,0.048557661351907054,True
68,0.058036960455881054,0.061926403372536167,0.08660723771014447,0.05052099808634063,0.04614366852801566,0.09243045535283217,0.40862833909773855,0.05436114705575471,0.13389523346743892,0.007449556873317617,True
69,0.025570809633542052,0.09604051633135598,0.010613887223799546,0.050122296564374356,0.058677041395610426,0.004948636405696163,0.03151996596030268,0.2908620007421144,0.005803258647058066,0.42584158709614633,True
70,0.024927774477360547,0.41233048189064037,0.02399091979302157,0.1542758757037838,0.08884717989159362,0.1504030114523814,0.04160675269241046,0.010878808192596606,0.01085217074704875,0.0818870251591629,True
71,0.009479001789384638,0.05908781740177914,0.002036842800844919,0.2220624966821777,0.15007234990566104,0.08415353477436004,0.049012425300491796,0.05536506282849642,0.07413481587640873,0.29459565264039567,True
72,0.16592319720978413,0.07086313239695063,0.07227579688867043,0.20175314954832615,0.03034660716177417,0.12187782487529436,0.0724241140005864,0.026854656753091535,0.1847318102061453,0.05294971095937692,True
73,0.07991229278134121,0.21806570166085576,0.03133432745707694,0.2038944477131639,0.14941947596760144,0.06702488073282349,0.030301591773574235,0.11284685246521191,0.08872085765344748,0.01847957179490365,True
74,0.20670432841026987,0.0026621699366371414,0.003233840289341568,0.295713246630251,0.07763632811542764,0.03063631257181752,0.11367738014098347,0.04507726250014934,0.06822022173116546,0.1564389096739571,True
75,0.0920451861090919,0.04842727459969669,0.05231548796756819,0.04210281968539692,0.12577266118431762,0.23131801633722304,0.0378170450092184,0.1149970756382043,0.16347593412817024,0.0917284993411125,True
76,0.07167994010993145,0.10248312253529131,0.03585602304430364,0.29790342029014377,0.014941307236101247,0.021755840592846673,0.03199253446139213,0.2804290032463009,0.0206074708227397,0.12235133766094924,True
77,0.1332916121528239,0.07600982088973314,0.09981503653304848,0.2541170659392466,0.08827748903497766,0.0067117987442974385,0.16362295319086897,0.085745625918664,0.05359402473412047,0.038814572862219315,True
78,0.11469819204759546,0.05156420627661851,0.08478751144923677,0.05902062468717299,0.06589838239659672,0.006990426062565715,0.0649583443510492,0.2795284355775194,0.2509385292075882,0.02161534794405703,True
79,0.20430823211089846,0.056327985278824766,0.061163890580509,0.020645658776899386,0.09708412278186272,0.11307203708907332,0.023285702907464383,0.2524733173618208,0.08264868134493092,0.08899037176771607,True
80,0.07538764753458822,0.21418388733368518,0.011991217520665906,0.17137259178950667,0.07571512019363358,0.04557179170216077,0.04005301388086416,0.08877385279578628,0.18730022139188832,0.08965065585722092,True
81,0.08993039948668606,0.06608367058318344,0.23156073248700934,0.014297401255498762,0.19798506585724376,0.22595528562148343,0.009358451324543252,0.0896425269568339,0.03757930251399434,0.03760716391352371,True
82,0.010524946492951714,0.13629100910786138,0.05432333987843364,0.017995998924362842,0.040454773619788234,0.3078712148322517,0.03188773342314052,0.02416108755009123,0.3455598996647031,0.03092999650641586,True
83,0.027648902721123542,0.6155910517590082,0.0351748804299858,0.010569965913072825,0.003464214030471682,0.007426111543990964,0.0089230338973399,0.059340460176668754,0.024245042240829684,0.2076163372875086,True
84,0.10529567787273335,0.1533659355303344,0.03962262030266247,0.046723786281070705,0.1488388449967427,0.07023330542631614,0.05193117815198898,0.1938906091138328,0.15192814240981864,0.03816989991449987,True
85,0.00502561293274805,0.17025792657724795,0.13594654857958116,0.0598170155725155,0.052036290061412534,0.1680791889432177,0.04737950684079993,0.23492766966140313,0.1029532211622722,0.02357701966880174,True
86,0.02003767469007319,0.13249858654557914,0.011571051897958639,0.029588596039106956,0.19583130208262434,0.06399738607024312,0.003559531575872745,0.19260418837095503,0.22938108769940238,0.12093059502818428,True
87,0.02188901334247811,0.20776798022463933,0.09488682724862559,0.05924355425449915,0.24963223351483466,0.17219592419815086,0.010971756603743674,0.048812468246922945,0.13417097761856775,0.0004292647475380479,True
88,0.17909924925039153,0.0383496292526582,0.0779247437240849,0.1316105266293022,0.019492915208352286,0.0024615551234849578,0.3512471186383678,0.005525576832337695,0.17492470045794598,0.01936398488307458,True
89,0.09040113899715349,0.14833926746161827,0.08217835757947901,0.10737758922373374,0.16176975053933987,0.03863920002621572,0.07944875422317635,0.0738707739977271,0.19452677540717853,0.023448392544377836,True
90,0.013988307884899935,0.07688394549986255,0.08396527574629359,0.08420455275880825,0.16553016162004291,0.2478950470300041,0.13324711868153438,0.09663352788677253,0.015621408644850631,0.08203065424693125,True
91,0.09569432810962912,0.07463293305454137,0.13729006173784467,0.09376730374879336,0.04553314971572141,0.08674120197465113,0.014746539484940471,0.11527814845607363,0.06979800328028299,0.26651833043752177,True
92,0.13173882784677238,0.2487596984387334,0.0415804205789852,0.013178607991322942,6.807237050743637e-05,0.05193268133541254,0.016379209470299735,0.17862439226593857,0.1443556508839135,0.1733824388181144,True
93,0.014862575257974407,0.20808251868733357,0.011552841163778596,0.14276783533208415,0.41770646207353823,0.013008563827692337,0.03275967419531433,0.1120204490097461,0.006880446490974525,0.04035863396156374,True
94,0.21295811905151985,0.04028191408001877,0.1642982318071083,0.08146078003524841,0.013824072549479512,0.04725828322075933,0.08242574943237375,0.14656572356343506,0.015319516973955137,0.19560760928610182,True
95,0.022620802523739904,0.09584440464930445,0.024552969783458074,0.09799893918276599,0.025150758751017837,0.17808020282856685,0.21895022038388096,0.26421631385828653,0.009672158695620733,0.0629132293433587,True
96,0.06634415623579253,0.11047216046438812,0.061474568705234406,0.24372057340309802,0.04774965446105925,0.19256221929748077,0.09760133560507167,0.041910974836009904,0.02518622710035476,0.11297812989151057,True
97,0.017333330728138377,0.2624370529806451,0.15739437419090538,0.07625872807033046,0.22462265232988646,0.015622723647976825,0.031153725537131798,0.02747657771025045,0.15069957364671233,0.03700126115802283,True
98,0.0903509344322629,0.15689867127966134,0.012925430570467819,0.1353084600474875,0.005559706766440098,0.046772095329905776,0.2912770541992542,0.10361725020559294,0.022987802794341445,0.134302594374586,True
99,0.11603146385000623,0.07602969108323884,0.22252857916482363,0.027353495734791608,0.0006209992542945415,0.2337785196451536,0.029835966942313122,0.203235062004116,0.0508441191547626,0.039742103166499926,True
100,0.04589179379161449,0.08030997236762226,0.2500790598295217,0.017197575095676928,0.02770333734047238,0.2428127727883572,0.08443576299356342,0.21547270802937163,0.0034214258696798083,0.03267559189412021,True
101,0.02459687655311506,0.0419170301131255,0.17154595926441668,0.13481773203266711,0.03238854509067385,0.18484139870989974,0.011285082147261686,0.25201366702739303,0.021312132496550357,0.12528157656489702,True
102,0.20216898495369676,0.02700805336113762,0.0007538249985498951,0.051979082484473346,0.13913816445076538,0.17983629653041813,0.04176283615090211,0.06641557027733481,0.2680559597868846,0.022881227005837272,True
103,0.03417827793135949,0.07074078903062724,0.16650156772874147,0.06513817464130663,0.11730066195866064,0.1485906090029669,0.07937623055000798,0.08143331075216508,0.03077598878176946,0.20596438962239502,True
104,0.2907486632062571,0.07891802633251299,0.12168998508930859,0.22451180039719967,0.025950254789612725,0.06793472214460987,0.011143458635784146,0.00814501476780893,0.09992631618641586,0.07103175845049006,True
105,0.040569679424567344,0.24279795008212274,0.010470178715333404,0.08247799352098747,0.03860803552430753,0.0038690618158578696,0.12982690415862969,0.018733958736404214,0.03448723215019645,0.39815900587159325,True
106,0.05404805038775667,0.05207820536653694,0.03346778778027895,0.043428723828614124,0.03192608680738457,0.003828373998894873,0.07054125566050357,0.1480178326171581,0.29132609621997224,0.2713375873329,True
107,0.015317142797893044,0.10319886981535209,0.17097595103070623,0.22857159891735584,0.3266331820903318,0.059950580650278314,0.0037631447635501905,0.021287687725242047,0.054072006178666476,0.016229836030623963,True
108,0.12254337332798668,0.2539983777694601,0.21738152952254938,0.017243537132998536,0.07034720747342073,0.16543087678974186,0.013716253302938108,0.05136116045790117,0.0052305501250717885,0.08274713409793155,True
109,0.04613634406047885,0.05398997154389914,0.015569771197370578,0.14340562279215602,0.26342638495412096,0.02675152596982752,0.03761467096549227,0.3553493980474976,0.012927008662896729,0.044829301806260234,True
110,0.1228243981414946,0.1943133162561817,0.03741876951857751,0.09765554528596909,0.09834988745271127,0.07458354539330146,0.019145062108985027,0.1592144717697159,0.13133818357170735,0.0651568205013561,True
111,0.17353302010140476,0.03896931977086516,0.17609098296710404,0.30155893653889626,0.02039531696340732,0.12852137525974858,0.03512421917860587,0.03286707121413211,0.015661659304572997,0.07727809870126286,True
112,0.016231915492112087,0.22252201559401474,0.03194507406276149,0.023206833804301316,0.1277433935409767,0.0957600258723208,0.08496413442838477,0.0005194561994550507,0.2606800544198575,0.13642709658581556,True
113,0.02551364138653276,0.3493515675704844,0.09429952360267763,0.16647065598834426,0.053792320217526994,0.1151011780156655,0.1187770851354777,0.026867604754311106,0.04537559743572997,0.004450825893249665,True
114,0.19146285805764587,0.18511293680406127,0.06189790648647393,0.1628565009503979,0.026615026397192085,0.009070038492619021,0.19595831865126892,0.05469486097179014,0.10414441864849118,0.008187134540059766,True
115,0.34123775794699485,0.167054203322242,0.0677194085715429,0.048119789411378365,0.05137802750857541,0.16683913013301363,0.017314646896429496,0.06017934235911192,0.05888697621016869,0.021270717640542714,True
116,0.1177847763619568,0.060787390956200615,0.004917606921893836,0.4161949258918606,0.1854953836675692,0.049907884084619575,0.05140970172802374,0.005159850147044552,0.002546157255500257,0.10579632298533076,True
117,0.01322787271235995,0.38498731799513036,0.06833676250797055,0.10320579802853705,0.049932655080627976,0.028446314087118743,0.0347366703404573,0.14840958121274755,0.16526049260149273,0.003456535433557707,True
118,0.04478162921944989,0.06434844823013794,0.1401100707662263,0.03312243000050682,0.1015075811117478,0.08206893541053253,0.12227976550366469,0.0015908723030708162,0.016661217138302292,0.3935290503163608,True
119,0.08206103902695341,0.27408323642183474,0.01800086561964128,0.07347158686123856,0.3137892408609185,0.04436909325118286,0.04634557275028925,0.04486593118903497,0.008231227971625003,0.09478220604728142,True
120,0.07974693592803833,0.12896603128131462,0.25766331389757574,0.00869930785053042,0.08781182899207692,0.027481829769635858,0.02930880921791321,0.06711713884570937,0.025323559077143017,0.2878812451400627,True
121,0.1547643705948734,0.08842895228520682,0.022958331241162155,0.10385015953405669,0.20249651326791906,0.24693165542331175,0.02032881507802285,0.009744028663671658,0.038766327062488656,0.11173084684928683,True
122,0.2616603671868932,0.04267383361984261,0.13439541941577332,0.041158470120436705,0.09377878513730682,0.04388506836467787,0.020238538620520625,0.10889334029277335,0.17648935434707355,0.0768268228947021,True
123,0.10733928729715976,0.18423530026994062,0.037899282275845596,0.055399850330616396,0.057051210428039664,0.2020380459746584,0.12390965014547939,0.01307489668793659,0.19921901817289375,0.019833458417429794,True
124,0.214735421181996,0.02477881447609793,0.02647249522400719,0.1381293633316175,0.17778588351056043,0.1642668745305972,0.04915942516734672,0.060757866981001545,0.05703079723977115,0.08688305835700426,True
125,0.03360588127100021,0.045414457927835626,0.12501043551512117,0.3263402968982139,0.045973298916700545,0.156517313672761,0.03576230286683874,0.0334520081198329,0.054016445754849665,0.14390755905684638,True
126,0.09947901462251936,0.031246877265525667,0.06413096973831707,0.026948828567223953,0.08912753272476284,0.020151811424689366,0.2874296131083943,0.04093655955717524,0.16131159553668958,0.17923719745470248,True
127,0.0027525142840271037,0.005484520824482206,0.08146497352075113,0.16510457297496536,0.08305919748802372,0.08632300292556716,0.09545662928144544,0.35819800128296025,0.04569650181230611,0.07646008560547138,True
128,0.013726799337415874,0.16454346435598116,0.10701999391342663,0.30862386757921095,0.04090463239065825,0.03124980932157995,0.11240040524466388,0.03083351711285189,0.06350886584209083,0.1271886449021206,True
129,0.06873941200137251,0.0313629348011769,0.07712102757374177,0.23893646130212037,0.021691978828563326,0.038367983421279374,0.08243820593935325,0.11076692184938103,0.2928953881300158,0.03767968615299559,True
130,0.35703056108987896,0.0538861837429052,0.12334877738304903,0.00395018787408458,0.005108203271870333,0.09649141785753304,0.05609765443073457,0.09260992299750846,0.0008622350245171596,0.21061485632791874,True
131,0.058354772268068754,0.2021297425321683,0.14058885727262338,0.059232511926190626,0.17804284984461216,0.1250197275199307,0.140853107068292,0.0075649739115585205,0.0756299734891928,0.01258348416736275,True
132,0.02855690896210486,0.004354985151298037,0.0716244430965817,0.00651380191186727,0.33856622820588445,0.2076349027668969,0.1083195636870524,0.08930630250359534,0.043034181308326855,0.10208868240639228,True
133,0.06804371921906331,0.09778383588097127,0.3661309008607133,0.11389471778465368,0.0069504056405835755,0.11243263286556893,0.06298484442660315,0.10362273104419327,0.06038833925137027,0.00776787302627914,True
134,0.07554215346165626,0.1921456202617999,0.07877812132130324,0.006112788763727164,0.18526040643889807,0.02766511110699988,0.026492601234030477,0.2830052034569658,0.04409931225780656,0.0808986816968127,True
135,0.005423120479392382,0.04315708346104231,0.21846674256462537,0.0062071915031781276,0.0315895273214545,0.08407810822869101,0.30478072468882683,0.09699450406098449,0.13534410362913368,0.07395889406267125,True
136,0.09438623844424535,0.035442461709593975,0.18423566000477207,0.03374917469817778,0.09415838790788064,0.0010315776320445065,0.24836946252486433,0.03364408908024934,0.050305091633712086,0.2246778563644599,True
137,0.016364562109605366,0.06427123807858565,0.06054562627011953,0.2249829881967848,0.14789964833681107,0.022443994829788236,0.0340191576845046,0.16003087793871207,0.12838515087981145,0.14105675567527737,True
138,0.18984019861066492,0.3345049968147537,0.06122209301723678,0.05772234030548898,0.011098978679315702,0.16130907534124383,0.04383537344047084,0.06042864014224236,0.014007322343392602,0.06603098130519043,True
139,0.12290828104204084,0.06676130958907302,0.09178667140748724,0.06104321097940319,0.03795000655383912,0.2962381160877203,0.041549528323704024,0.1292091281163793,0.018812909755028855,0.13374083814532392,True
140,0.07087470213879721,0.1702298148096833,0.060415086552660514,0.008342344856485525,0.03621665543773231,0.2445821710151502,0.3322470228623385,0.0614899114230853,0.010511945693195064,0.005090345210872072,True
141,0.029935670674486645,0.06554623006356365,0.31075561157259624,0.10496660589916815,0.0013489986242219648,0.09865226639994903,0.04615013032675545,0.1457703748275636,0.14890827741815113,0.04796583419354417,True
142,0.138294306951376,0.04602850001640482,0.07821556453689942,0.2426099979052592,0.08532805433900253,0.17228398005928555,0.09181342813476327,0.0750272740287321,0.061752093327101465,0.00864680070117554,True
143,0.08590049430518043,0.170917058714273,0.08797671491434617,0.20038811313673302,0.05152948036201477,0.09072792105471679,0.0016131852947426219,0.21706546040231484,0.08795540744474557,0.005926164370932806,True
144,0.10744400663763866,0.15652386139074279,0.1889106772917566,0.01347648007475036,0.06405500392594345,0.0049355620236526555,0.09714689876098011,0.07127639233566331,0.09783327568436627,0.19839784187450576,True
145,0.039070534472976336,0.055939807692062374,0.2060598499870353,0.05444862407289785,0.336592332665294,0.14997963557198143,0.06517075647881523,0.0317180426252693,0.028821562114108433,0.03219885431955968,True
146,0.20098229932772996,0.17068504707145504,0.013915519427300262,0.1713070781657815,0.017955083786894217,0.11518312328875847,0.10404277181602933,0.12233081724110603,0.037559176495709584,0.04603908337923558,True
147,0.10956012716183658,0.03749947693014552,0.320275407754126,0.01685419114027335,0.004479997750904738,0.0026730654215922317,0.3263602913389744,0.05171466500884409,0.002439941387436061,0.12814283610586724,True
148,0.12274044846341768,0.004923605910969266,0.1064096820147265,0.007286006294024443,0.11194309378617873,0.2601668665677578,0.21631090654457746,0.04156852490643067,0.10934274770715291,0.01930811780476452,True
149,0.05087172983752157,0.10892694616671204,0.2765400664417764,0.062481945821914346,0.1459129195742708,0.07775293686517322,0.2125392632508311,0.017486782816926904,0.03873156678857217,0.008755842436301392,True
150,0.1134533677239406,0.028839096581239645,0.009178247474726276,0.010476512976705831,0.03284210450043874,0.004158038356190186,0.47144584431600883,0.13006954131432874,0.02741432211045219,0.17212292464596904,True
151,0.13713981113647644,0.02539366950170892,0.19818739219962506,0.24242263777805684,0.041829013000005084,0.04436240412693883,0.08855862374250334,0.181995269895677,0.01814818964557041,0.021962988973438066,True
152,0.07895860840096926,0.2478802510094633,0.03381228144336813,0.10225267090710821,0.09258642814435966,0.13408577222306395,0.14552791832334852,0.06074474315126927,0.030773248251343973,0.07337807814570564,True
153,0.21324766083013755,3.9865146472496016e-05,0.04014882277514575,0.04590008684819135,0.025289246548071714,0.0011713353775201782,0.006921146197674983,0.1766493857586048,0.08352223814564902,0.40711021237253225,True
154,0.13026939639758317,0.18098832233635576,0.06925384887295116,0.18914766494467872,0.15432859098249904,0.06131763597517277,0.10495015469477396,0.0009027026527366326,0.07465425306408469,0.034187430079164055,True
155,0.10212780125555791,0.13085562062582215,0.03476257421796064,0.04922806126397412,0.03817409221146978,0.047514844015486356,0.2790359069841708,0.0658732346418126,0.20600042904300075,0.046427435740744906,True
156,0.0018662865929277412,0.12353870150941923,0.4831010833165398,0.04479462876735839,0.021084340662876972,0.011750809171835524,0.10534856192361829,0.17176079637104696,0.015122804038364248,0.021631987646012565,True
157,0.049850112464845935,0.13667566326263744,0.013045655027230214,0.0520856698851145,0.10907935665800089,0.14304081614526915,0.06857682546296152,0.037366608749415546,0.3214135394256235,0.06886575291890135,True
158,0.1083279043953786,0.013290104174895298,0.0017093711548197142,0.0011303226827328176,0.15084541181347644,0.02485662844185728,0.044306384528758264,0.5841922693141088,0.03219794103245121,0.03914366246152168,True
159,0.06667228646282879,0.006269732285670636,0.04445427247412538,0.17731113814471383,0.1368610152745581,0.18538694300145261,0.00042919467798782326,0.11339224100342615,0.13434986587641334,0.1348733107988232,True
160,0.011516249109328953,0.0630675688528631,0.15582209338476027,0.22954455635984566,0.3461002242951382,0.017522488421346318,0.016613889917437993,0.11269784484987957,0.022479764053848706,0.02463532075555117,True
161,0.1579311465246209,0.00041857350447808836,0.03526989227855979,0.14115250655025768,0.11592394067714638,0.039669868603255665,0.021547009160820314,0.23553349332676823,0.04845270007771881,0.20410086929637414,True
162,0.007954245245395588,0.14404585004589898,0.14401816615461271,0.03513320779765713,0.4750304151958713,0.04033697127475017,0.020437745251687622,0.06405004613039204,0.029117235761323614,0.03987611714241061,True
163,0.1010204595192388,0.12805855409110314,0.03711625226931172,0.025265260695105856,0.0027069857089924362,0.03749129172559126,0.28999805005366314,0.291088109514935,0.05934270930405318,0.027912327118005405,True
164,0.10241857704965114,0.3880336410490282,0.1606662375660396,0.08835445737367788,0.0064897983053550335,0.01572017205545069,0.0319511810868664,0.1403482506208541,0.040957937398205614,0.025059747494871228,True
165,0.011616820569751763,0.18926986799276313,0.2281647043431807,0.08639065164542441,0.07716418631410825,0.1101858884487149,0.045850604569672666,0.07408563431899376,0.12155128147682759,0.0557203603205628,True
166,0.03962672001328322,0.3170989328626217,0.014066422397100885,0.023587096690127003,0.05859741328196298,0.2191871367446464,0.06406571659474648,0.15231960448090343,0.04018288719873943,0.0712680697358685,True
167,0.00545822660709521,0.22396550798287293,0.05483983348772379,0.10914177491618901,0.040368866407010276,0.09926218626642039,0.3479604979364942,0.06205287462821219,0.032358262562269376,0.024591969205712584,True
168,0.29395870197623136,0.045423184648829676,0.029496021308138234,0.009012262753032855,0.16034023329770683,0.2436408094740578,0.006611082828864739,0.08281343930403066,0.0923804966696143,0.036323767739493425,True
169,0.011880893429025421,0.006397148141039008,0.15504031185019104,0.007102954572812698,0.23963360217288412,0.026230554712465024,0.16270042382945563,0.004972408505214308,0.07567876100612667,0.31036294178078594,True
170,0.022571106783069783,0.027101862866721803,0.029469575093193014,0.16059406085886302,0.20136925122419652,0.05004294335450479,0.1397447297952749,0.1277689926612744,0.08660848728157419,0.1547289900813274,True
171,0.15780284442783593,0.2235849311573312,0.09455928941099324,0.04851520885644398,0.02984850500645737,9.635428115471475e-05,0.2711702905750745,0.018679776201032755,0.10240911667427471,0.05333368340940159,True
172,0.2756750079654364,0.013742054383996116,0.2879457975813206,0.0032595658365887287,0.01962292820384609,0.02037006405001622,0.0694810490543533,0.07274759094776474,0.03931139006266592,0.19784455191401187,True
173,0.08963327735241004,0.12138735370440984,0.35475157475808705,0.031027374768506068,0.052183091661169835,0.011547298991959179,0.15676017925558872,0.1289838074208543,0.03274257490201276,0.020983467185002096,True
174,0.048469035055169814,0.03243995747295109,0.10710050394826975,0.07573275510962596,0.02218575941305442,0.02844239575897284,0.11934735646984583,0.00695624512648154,0.20164443261304935,0.3576815590325794,True
175,0.16394205998521585,0.014459746994607035,0.11876628119726958,0.00042911077935959,0.07403995465474153,0.059584346112020105,0.1010275235781083,0.41512240337552736,0.00969241370190724,0.042936159621243454,True
176,0.2896739878385876,0.013235527820928237,0.2388329404186871,0.06039688419338681,0.009754248031468054,0.10623035904149247,0.005653304515273467,0.07548485500518361,0.051477648604073174,0.1492602445309195,True
177,0.07217534969112767,0.06306833567548378,0.305616327493078,0.1348536667800542,0.027613751015513163,0.04653282009446968,0.2426757376246134,0.06397943719338438,0.034922280817151485,0.0085622936151242,True
178,0.0086810264588529,0.09196497660465823,0.04183190763970543,0.10943944641359933,0.1847481907298086,0.21925823209456125,0.06419448672554474,0.008731871453115396,0.23916813057353106,0.03198173130662305,True
179,0.033077944234802203,0.06419074541005065,0.0912696910632004,0.037470100874228404,0.0416118255825334,0.20197091850364335,0.38424681069334415,0.10534530485807551,0.03188591094505646,0.008930747835065447,True
180,0.09644234078873917,0.2767071981674669,0.009635809015781918,0.04451020880574643,0.25689964038792534,0.0430246431727713,0.14960837543349662,0.029745825261985343,0.04424822021841225,0.04917773874767464,True
181,8.974571837204359e-05,0.0024982570363935104,0.05098149001182217,0.3187893766135593,0.03086468812310105,0.039044482989611905,0.20342741365000702,0.018181608641409264,0.2976226365487588,0.03850030066696491,True
182,0.1978440367180228,0.027061966041451075,0.0006727021344058535,0.23539666540734822,0.014325875049912689,0.19566242715374654,0.23006820873183847,0.0015445960069498733,0.07889052270044927,0.01853300005587518,True
183,0.09467656021488871,0.047084268595712006,0.05728509801711095,0.1254551014250932,0.1689728458285064,0.016129756173595283,0.0092402801757398,0.13894085788981136,0.3290197247555386,0.013195506924003536,True
184,0.022045186205469056,0.23379790975503256,0.17972610188054217,0.007211371875889354,0.11517056890791966,0.20441000215785038,0.008981789576230447,0.0698104190393597,0.15075478141781945,0.008091869183887292,True
185,0.09320219142727906,0.03417310368983608,0.016082570195825673,0.007615041774398541,0.009643980767895558,0.021633422509288396,0.3667305248863228,0.2653990558260406,0.10617125239540774,0.07934885652770561,True
186,0.0001597763053129586,0.11592703241006005,0.3971304892699946,0.008963268467747232,0.06528576648503509,0.10229481821633972,0.13044497401147637,0.04985342007960842,0.1295060149868638,0.0004344397675617852,True
187,0.011081693771322131,0.357906374501206,0.05897615629445272,0.20776533567078131,0.010090846495524834,0.06798971708844644,0.021734880598843813,0.004750058714461628,0.16325110756552036,0.09645382929944064,True
188,0.030800742202893777,0.36909377030487034,0.00447399761181017,0.2575055821945077,0.004213177897734588,0.20243348905988529,0.04896465059781592,0.02275919549154924,0.04831993629134904,0.011435458347583973,True
