ID,strat_res0,strat_res1,strat_res2,strat_res3,strat_res4,strat_res5,strat_res6,strat_res7,strat_res8,strat_res9,alive_at_end
0,0.023949694791814254,0.06922788315829596,0.15755404859183,0.0951334039333108,0.008824562354230032,0.23119943871030368,0.31194998936317925,0.07883957366066792,0.017086566198057877,0.00623483923831012,True
1,0.07356476438523757,0.007375730939045706,0.03646959345152406,0.2602945869741834,0.05424240911419189,0.08481162122045204,0.22218313530901485,0.0047119400614306275,0.0567938397376168,0.19955237880730284,True
2,0.02363245128380367,0.06479427268671503,0.02758280489836199,0.11411933388026685,0.19906496411956123,0.15863792905925775,0.024248002841651226,0.021449627838833914,0.26466405433356444,0.10180655905798384,True
3,0.2620426153797073,0.026522884788464252,0.08876692112776657,0.06409152695328185,0.23579456547119435,0.04227687722708974,0.029888232649640866,0.015437470901248904,0.07002387897836015,0.16515502652324604,True
4,0.029790822121813307,0.02753176751275668,0.08980977440021304,0.04916630168736694,0.11060867977576416,0.0627936513838627,0.16770244283856536,0.25581917761913936,0.09341034448915597,0.11336703817136262,True
5,0.129635494825492,0.16537289447572281,0.13492070810111714,0.12622222549120438,0.047809878028257244,0.061978797012537674,0.11319418327862357,0.00965987189693512,0.049176818680916605,0.1620291282091933,True
6,0.20180820112223674,0.0011344788097910853,0.05913409018501009,0.025242803440312992,0.28392546121677104,0.1404044704819935,0.05167778516783338,0.011929189803595025,0.11827480454443044,0.10646871522802553,True
7,0.002597436447795619,0.12222730200671056,0.026628273498981492,0.05203929320067555,0.052993445111908274,0.09212090031986118,0.23062089874632424,0.037827660980151695,0.2417234521427709,0.14122133754482039,True
8,0.007602255375364053,0.010218021466327762,0.15874627012776305,0.1195655739446928,0.20707777916989858,0.057925304673490774,0.08009895974354249,0.13492810901196647,0.09019260541732121,0.13364512106963278,True
9,0.17018447828425864,0.04524994959103111,0.03765351888166146,0.09708558191615775,0.14650180327423862,0.1806695292430077,0.02331852716042519,0.09749770959935698,0.18618527293959683,0.015653629110265636,True
10,0.0201027074737147,0.25648074193047615,0.2288533808910296,0.07835213150207335,0.14033418169841627,0.0278302898992202,0.01818748001156942,0.2101696245148071,0.01186445081653015,0.007825011262163095,True
11,0.019966789425271515,0.20255394683327269,0.25190698410230894,0.30577122836523485,0.007010486377268194,0.0454632170949935,0.039936953168276515,0.012308595879765266,0.07912722737239496,0.03595457138121362,True
12,0.12256573858944929,0.07311731602595203,0.18529913718564434,0.009159203357169287,0.16012821830833895,0.00894373644304268,0.17426949774238215,0.004290807578068795,0.031474844445021355,0.230751500324931,True
13,0.18073868004923943,0.08398070585033557,0.027079831950606433,0.08363300992905591,0.034921112805009154,0.022405317662671106,0.14666259133598686,0.31547551106552574,0.042554651324589576,0.06254858802698016,True
14,0.012427067252199364,0.0028171092310608835,0.03132029105377467,0.03844723604773001,0.1928825930149551,0.2583992571314209,0.07586160417784,0.01582099677744585,0.16725931684262538,0.20476452847094773,True
15,0.24450616628562408,0.0703554751143251,0.07494910906056684,0.3567379423495147,0.04939432422103704,0.12595978909096694,0.023780106682541022,0.034411177361893294,0.012681349603487355,0.0072245602300437676,True
16,0.06553250861536608,0.06115196275198703,0.2110966651097543,0.020578656505436506,0.08941190215573075,0.14149488711038943,0.1042967574511201,0.1894900681756062,0.007511607097736592,0.10943498502687297,True
17,0.05158838342015359,0.2250340339172553,0.015850054391311298,0.009419563834254276,0.07128473540795864,0.15330700040430434,0.027331638526096373,0.048401138423855114,0.06391659389330068,0.33386685778151043,True
18,0.3436708482909523,0.09960977844199655,0.10681338946006183,0.032682897137130525,0.03336533691225231,0.06143567739992583,0.04350854543654888,0.02950038537580434,0.12162690843886434,0.12778623310646323,True
19,0.36695838622709653,0.19822080756602553,0.006443545914326092,0.06735226410071668,0.14611106830072818,0.0277721753870596,0.01425212708112777,0.1218075379335989,0.021026263511527817,0.03005582397779297,True
20,0.057713387184712195,0.19677009580578148,0.14425097421383903,0.10783838000330091,0.02101300144924134,0.08608016577743662,0.013910678452775077,0.045513262167949285,0.28832643378170736,0.038583621163256726,True
21,0.07060850614819762,0.042424641672499964,0.016213751901342596,0.1657040974932802,0.06280875781733594,0.03001751559737194,0.0841874360506914,0.1352552733801948,0.030358385822446463,0.362421634116639,True
22,0.008313785458818394,0.11485288403271411,0.0068600854220540065,0.06619057205293424,0.011617540624484564,0.33875047313706996,0.3282783871006831,0.06358956139472158,0.043760416481873135,0.017786294294646735,True
23,0.09779724396444704,0.21876746480938053,0.22687223671315893,0.007344664622128008,0.11170984150104703,0.021149458555194522,0.05674843540601032,0.0061311798278855115,0.018637666026936103,0.23484180857381196,True
24,0.02032263924759764,0.10646469855506728,0.3106289060363838,0.10164133780991322,0.06431192470936864,0.03135373698272591,0.05075962699883164,0.15969281204072297,0.028684715717832984,0.12613960190155576,True
25,0.05941862094192996,0.08685447162059876,0.09878904052496575,0.06761613416357891,0.08059347955815366,0.19781245884136403,0.16901760114382186,0.16116072511671745,0.016585242389276226,0.06215222569959352,True
26,0.06688880580710069,0.2530062654279612,0.036633902414218704,0.18864244898059682,0.009405338990230348,0.046045335673020826,0.11949578453744855,0.15463022705065343,0.02671327680261353,0.09853861431615595,True
27,0.2087515639746501,0.11240802370754671,0.09127903217312114,0.004093808612177232,0.01503693405322143,0.08688512674792917,0.14799884488744347,0.1980257417136881,0.0911893908314861,0.04433153329873655,True
28,0.02388269058651257,0.35443591199667873,0.06267042273209125,0.09232174135556387,0.14518376884846868,0.0017255847635778612,0.20692278598492064,0.05250180896803229,0.013039321240479886,0.047315963523674204,True
29,0.0010323760336318605,0.03344524985577145,0.3587800341817144,0.045584428406904055,0.1090028291576494,0.12531120170552776,0.01748333670052087,0.005901242340164271,0.06289847280900737,0.24056082880910856,True
30,0.08283429182121431,0.27851829251626414,0.04827088212620315,0.23326285414194226,0.1398605482925371,0.06110734574033312,0.01329845312612926,0.03640405642345473,0.054636920319925286,0.05180635549199669,True
31,0.00808127181113964,0.03201153305332674,0.1149740376527715,0.037322081843376764,0.06734381321460857,0.039952277610417905,0.025226250939992624,0.11097456768976202,0.00026184174880181847,0.5638523244358024,True
32,0.28180948674108963,0.024905316186888595,0.04713436492968569,0.043449416092428556,0.10880299882936059,0.16566115926513214,0.05033287747182181,0.040773325066718144,0.2260628181042371,0.011068237312637681,True
33,0.034191143155016424,0.3157019699063883,0.013433895712856423,0.13838916404929452,0.060693663620832394,0.04366499696016334,0.06649037579306105,0.1804218589359892,0.07418014913614576,0.07283278273025261,True
34,0.08282982956630264,0.07091329878086267,0.07607488865295882,0.18829522281692154,0.0030684375295949987,0.15789660756363202,0.0698189685050218,0.2218139981944789,0.047602609745313364,0.08168613864491342,True
35,0.05787413778981981,0.06603102833403085,0.0770223290341314,0.1785521710983848,0.11262382878187722,0.2472645537236388,0.09025663618663933,0.04212928056808277,0.06990149467464618,0.05834453980874865,True
36,0.0578422885708636,0.002567920888525608,0.012933659661833782,0.23193154073225059,0.018443753667247046,0.0962949320873937,0.08910818330667963,0.20423436608098844,0.18478703367763377,0.10185632132658401,True
37,0.10099440030994788,0.04506284380159662,0.13805015492685344,0.2076953301653066,0.07805938774654592,0.15283385197578153,0.06571237981563496,0.09555903771703007,0.038218995660253566,0.0778136178810494,True
38,0.09535846178630258,0.041119540386797646,0.37912256117856286,0.02625341586585806,0.01196763922666559,0.060569512899085305,0.09253611951520889,0.03127965320375295,0.0025228231241626975,0.2592702728136034,True
39,0.04534422250549733,0.07659591582304158,0.0262341399539497,0.012912448670987188,0.09525799770894967,0.22972162071355953,0.2529207500850557,0.04675021860066966,0.19702812419812477,0.017234561740164786,True
40,0.08002803273077927,0.0003154918487862938,0.04799253916938729,0.0971081558181398,0.13898004617457252,0.08429188763516011,0.06172019795178633,0.075936981494202,0.13647363889254693,0.2771530282846394,True
41,0.038396279146904876,0.033939296972845624,0.025867596745830126,0.32835084916752716,0.011583292767765192,0.0987360344039434,0.13835141826166755,0.12339364894906837,0.006794943330938375,0.1945866402535093,True
42,0.10135812406369858,0.005303012902031176,0.23772162699345936,0.17967607850702538,0.06978263260483344,0.11323253778032821,0.007635101818580925,0.05364100796472375,0.16571837478876994,0.06593150257654926,True
43,0.31689910539053806,0.030533904494509018,0.032656750683695376,0.00335441065087627,0.08598612503328379,0.37309483490111744,0.05658063843648442,0.01657570075265935,0.06198318869811765,0.02233534095871879,True
44,0.17678527223551943,0.06038692209081103,0.07317242132410963,0.09380979582890087,0.21413855402814588,0.1946592160194948,0.026840948445160488,0.017957752590351546,0.000712821978598974,0.14153629545890745,True
45,0.005276452957023592,0.06532141021047089,0.10024284027888619,0.16364868118924952,0.16610989042118865,0.1462913615679706,0.01898650497928691,0.10291105574104378,0.2219228184584162,0.009288984196463625,True
46,0.238196985850347,0.034361299232930215,0.050243776353067364,0.2357701387900625,0.052844196474430526,0.2557995094962409,0.019770018593124453,0.03969434785541139,0.024348090730243924,0.0489716366241416,True
47,0.1698734534432826,0.024003945362450315,0.2013007042697627,0.060463649965309604,0.1406660951875128,0.059120886573311014,0.08045813217411733,0.07960537071749922,0.0032242957474781578,0.18128346655927602,True
48,0.08434880841573475,0.27593387001271175,0.18476564118405944,0.04921539538414052,0.05090441005453447,0.08923849352843165,0.007388464882116048,0.004774680717439843,0.24118734200663058,0.012242893814200871,True
49,0.10156118007756015,0.17744591990054878,0.01371553049045647,0.13067738686344477,0.05347627167003966,0.04701013732395737,0.1566247083270367,0.07046741893921421,0.010789514285299786,0.23823193212244195,True
50,0.15794347567844771,0.15971133656468475,0.015693398669750065,0.3288138552404486,0.016474198927757734,0.11753490845209633,0.09230506228542869,0.010232189753674929,0.0520936659903099,0.04919790843740126,True
51,0.08702742482101994,0.015169827316379654,0.008191299602024684,0.013440337110669083,0.6564576964956935,0.05237451204399731,0.04841704765667058,0.07139646492918571,0.023284019513046192,0.024241370511313382,True
52,0.017198394551832426,0.030968648902075905,0.2814066824220054,0.2226073316640687,0.11844846497166056,0.020550237307043213,0.11314871458438303,0.0031681903364002076,0.1310947455738089,0.061408589686721506,True
53,0.024476366085357283,0.1673827498131672,0.03059266983991466,0.048984824784410325,0.036527344775519596,0.10386269626865556,0.27991508600367787,0.04670711175998585,0.04674084113722414,0.2148103095320874,True
54,0.07167906258066042,0.07023247247176236,0.04947506335919808,0.04904510404475841,0.09134233016536322,0.03136392475973863,0.12709714680555723,0.27684617421190144,0.11610352740393896,0.1168151941971213,True
55,0.021488927365834735,0.036883426339798187,0.010357436889512158,0.09181580257289057,0.15657306809345437,0.04896928490829924,0.33409051093678244,0.07824818699843342,0.007527663807234924,0.21404569208776,True
56,0.20289540419606286,0.1307702192322949,0.08447267736411078,0.014141918247837176,0.027674203159949687,0.22102204401571468,0.03645221810456534,0.03426467002707012,0.07077914857732336,0.17752749707507112,True
57,0.06686476445995054,0.3518294486632552,0.05467050236905433,0.0780600811373468,0.06911516515701019,0.01185282634824717,0.010002676647971165,0.11586229159635389,0.021247890409210487,0.2204943532116002,True
58,0.1179150439462494,0.0574893465394833,0.07785122335354368,0.01798786279970144,0.05578836336290401,0.0822021684599162,0.05530326629313758,0.2667737587748422,0.05026552738648636,0.21842343908373568,True
59,0.049397276232626845,0.036135504294272466,0.0877427793953082,0.24588592270605128,0.24348713886827172,0.07814020487499615,0.04021753177650967,0.216292040044505,0.00040091167588292997,0.0023006901315755376,True
60,0.22489806468857243,0.08484092779152025,0.0017623689223211561,0.09942867892289413,0.113979926496206,0.15137800514621044,0.0760629131654771,0.04705081016960823,0.04168112994360585,0.15891717475358444,True
61,0.00622133936595683,0.037522769178237526,0.3010604706202573,0.2158851010461669,0.007872715265996814,0.03069818369121646,0.1282179203393909,0.08836018451018063,0.041386483817020314,0.14277483216557652,True
62,0.15199041395676552,0.09380801361146467,0.05476113023952571,0.17568625448563832,0.04368951690624949,0.02166546359984747,0.0005170359644658713,0.20129062904212755,0.027388507151853786,0.2292030350420616,True
63,0.09429231910384478,0.19930869404742357,0.06554802618044464,0.06047592318620742,0.3635219942781693,0.07099649090689616,0.03492380307739121,0.07438775462651781,0.011689090729763962,0.024855903863341224,True
64,0.1685850276735537,0.30836056842040727,0.06529274284044612,0.08957516102306681,0.002239884627259299,0.15695997219764884,0.06323684237918059,0.042702687638307535,0.028254347763537836,0.07479276543659183,True
65,0.3109724880127957,0.008572926175341243,0.051918868164264484,0.10195807651801363,0.03639931604208444,0.023972154350475203,0.0830602482973043,0.004155057800894169,0.21933011232763008,0.15966075231119667,True
66,0.1081310259379602,0.04175049109042608,0.020458209689411505,0.002022022135053204,0.34348381213500295,0.14700863919119667,0.07525758028744675,0.1147472096449233,0.05397902654089819,0.09316198334768098,True
67,0.010454534007671865,0.13238198490571038,0.08420436480357182,0.10457484675892212,0.17997394761014135,0.13527870241999235,0.060341616750679096,0.036303226261760954,0.15476156149198725,0.10172521498956268,True
68,0.1976018470588121,0.015095702283913815,0.04114401266609212,0.06145882026324331,0.23977502760509298,0.1721937179353371,0.1556651241420248,0.007336535437170908,0.07143065139849912,0.038298561209813814,True
69,0.08630775921300471,0.13940579346507712,0.025779111938695788,0.17420209904683348,0.20533059931396896,0.014149889815091589,0.0037693288752779683,0.25789695326996476,0.02073341330964726,0.07242505175243812,True
70,0.08125569195734175,0.12160500778115872,0.008166802417769601,0.014705417122814356,0.1565332048659169,0.07032069521070683,0.4517084482178309,0.06948640190390093,0.003650437312840358,0.022567893209719723,True
71,0.03791024136112407,0.22286028382632092,0.04078278086285913,0.14984707593156635,0.12297296648751273,0.05319161052827711,0.018942573979589736,0.31770722470288515,0.02807457099034322,0.00771067132952167,True
72,0.15046727745909622,0.026925588594891813,0.22274922882392176,0.128623894555428,0.014197394331256477,0.05591319236477578,0.22236010638793857,0.09112130305551876,0.04051546919054257,0.047126545236630096,True
73,0.09469865451629814,0.20144098515462838,0.04413733537301812,0.09363318025886942,0.03952326398165576,0.001660743653540951,0.0012072473158787715,0.07645835179055474,0.42617451427182174,0.021065723683734012,True
74,0.10711893818887634,0.17469185927833128,0.18609261637172295,0.0015989913225210148,0.14261444525522726,0.09597063641181468,0.029354980564039863,0.024939947258842847,0.022394696779562132,0.2152228885690619,True
75,0.2798877469277584,0.10913771730916176,0.048672724695136074,0.0466794139877682,0.001284651235084027,0.0826021999638878,0.03579942641400755,0.07816082638313064,0.182787373358942,0.13498791972512358,True
76,0.055575298625405785,0.13250565885463433,0.16605418109995654,0.3131849629922377,0.02377213807604607,0.0018326766907743675,0.13607208069528492,0.08903371212905502,0.06752460393110143,0.014444686905503516,True
77,0.09830451055125812,0.40348053034097675,0.008504643808273376,0.08379107309422447,0.018675411640196482,0.01711260743644551,0.11054077179025852,0.1124986643181513,0.021801437277166984,0.12529034974304845,True
78,0.11796898852638651,0.02882698561828378,0.2073213617568394,0.23065145911266582,0.13199026146336149,0.1003673711422325,0.00017994164206109746,0.015091151868744471,0.01984881380083534,0.1477536650685895,True
79,0.05531017791279289,0.074668164949969,0.08319997632428451,0.12947969632404044,0.03080178672564821,0.06544660480654813,0.13569086724711876,0.2680731921070547,0.11571221995183448,0.04161731365070896,True
80,0.016079406520859516,0.1976915968961106,0.002521899008827508,0.056918845118557465,0.06162315170887055,0.0617494960918575,0.03472697896526816,0.042755743451404156,0.007551303441620186,0.5183815787966243,True
81,0.19122332195459676,0.05516867050225325,0.2338192303658041,0.12167474866402186,0.07942596230331805,0.02717328948971217,0.0886642716481967,0.11930015765201576,0.0747958479739152,0.008754499446166233,True
82,0.004475987284817398,0.5179497257905638,0.029159609134122143,0.17782753159126188,0.046859759204431035,0.026027074577838184,0.02229155973692668,0.02788481346488126,0.07480294400458044,0.07272099521057727,True
83,0.09245330269073983,0.09902179140356487,0.2510355389912118,0.1306020549687697,0.07319545904833547,0.18875029219693917,0.016347897043381583,0.0033088061033484236,0.09284999169593999,0.05243486585776925,True
84,0.07514848238230952,0.16009500909983693,0.11410246824906532,0.013170624099317985,0.19891955172876152,0.005115876014346686,0.1475485417715027,0.03465829826721956,0.13876260115837888,0.11247854722926094,True
85,0.16037823951293204,0.14764298368042808,0.0033615637216001908,0.1903050145432428,0.0948358617704732,0.2933849801435311,0.0071148340862929775,0.04413850269112342,0.012941543824551698,0.04589647602582456,True
86,0.010452015639698838,0.07924521882554342,0.049867260880618894,0.18698079320814337,0.03398632798060672,0.5266153685221245,0.046970444253323175,0.0015051436623789102,0.05494569539117925,0.009431731636382917,True
87,0.014662117404309238,0.11840242242736572,0.14823267116703917,0.04610855956453514,0.25456662958018983,0.10106943278962167,0.02669325556146371,0.14541975920096464,0.027335705621524133,0.11750944668298674,True
88,0.059665607920294086,0.027574418578993135,0.08138927696777679,0.05758198397145287,0.0818523271798706,0.2233088131902205,0.018348099451112956,0.27129314957811923,0.043339921106597616,0.13564640205556217,True
89,0.05453642832008253,0.03991413837546025,0.015320923996518994,0.3539316376968398,0.07393984925669633,0.035911097110742536,0.05962934734579886,0.11776765464638046,0.10824442305280917,0.14080450019867108,True
90,0.1198866729361974,0.04129182253688827,0.04189754800361389,0.024288737971341366,0.021128118727453602,0.12011927694601121,0.12329882424413205,0.16705477206505698,0.23016412510850198,0.1108701014608034,True
91,0.029087155222897166,0.03331022817991671,0.16177566881239402,0.06800307772869266,0.036939637596028065,0.24178145256823252,0.09642470220316773,0.08120690470570849,0.05236067357918824,0.19911049940377437,True
92,0.030427675567921555,0.026842846563446238,0.12552142453002432,0.11467075153923452,0.0036050148618084923,0.05692633658675642,0.049480318217977416,0.16736626079577205,0.007141950136147159,0.4180174212009119,True
93,0.005825874936261294,0.04580582477394242,0.12059683049714673,0.14814674103731923,0.06914395915629012,0.30070550300689963,0.10010066900970198,0.025812563347896014,0.03454019531225855,0.14932183892228412,True
94,0.25456784375381597,0.022441690651406984,0.04513446186836698,0.04346144511916472,0.09235799864240299,0.03795026584847292,0.2526160699869637,0.05783601582646368,0.17787549098775118,0.015758717315190914,True
95,0.07437337729789177,0.18673636346863817,0.03333404963386408,0.031717900369017074,0.09627487793700899,0.09286067780283878,0.07536445643456365,0.23591588216364537,0.06483996152242022,0.10858245337011174,True
96,0.07335878790414313,0.28076551545823264,0.17222723052686714,0.05690744954549837,0.01886189082383498,0.08582124105308425,0.04318329587455997,0.05496329205972454,0.05395284382136552,0.1599584529326895,True
97,0.03931096511991026,0.158159886871489,0.08658163962452572,0.37687442094930657,0.057858316487869856,0.06915042856696471,0.00758709369328331,0.06379158304485512,0.10384119666817301,0.03684446897362253,True
98,0.04389328739222607,0.07276727201004533,0.19498140311128917,0.10416453520776854,0.017731441176657387,0.03414825571821443,0.025353811686561898,0.4372421080834829,0.0677616515114038,0.0019562341023504604,True
99,0.015991172473974868,0.10061755241544472,0.1591655122551164,0.03756137515341026,0.04585401543631855,0.22704279906132274,0.19723822526489815,0.13650315038469507,0.013368054337643064,0.06665814321717627,True
100,0.021029660511608286,0.023813632464045883,0.04182959031997064,0.10344704341665281,0.41121745675586724,0.06761358620836075,0.014378844614484194,0.000889783646764969,0.31018495824972775,0.0055954438125175926,True
101,0.1289211484342746,0.06426359913644497,0.004276299277405462,0.18202283192540952,0.06795612347154133,0.08940574449804216,0.14523310229723077,0.0962169652280534,0.17936286802934837,0.04234131770224941,True
102,0.16240602269821297,0.05983487061336836,0.2438803960885093,0.12777704928687056,0.04011065085474848,0.22584805791474852,0.002696661682419861,0.0171712092772031,0.06853005787603848,0.051745023707880394,True
103,0.05004379726688409,0.07506143135891838,0.014401473969543237,0.48627902706222426,0.07265645660288514,0.0442224523914413,0.008699417488699387,0.1103830556104271,0.08554836470501416,0.05270452354396298,True
104,0.009467172889507327,0.018118804923394256,0.1032598381535508,0.1481458465148396,0.33345701689805285,0.24720631499603296,0.001331587828193204,0.042812067053690034,0.07840351117053335,0.017797839572205796,True
105,0.06336866273872654,0.010171435603959266,0.23217348010234815,0.0463935363866549,0.11462710882635335,0.039392118757499615,0.29239523556787905,0.005713733760702674,0.07355254648805527,0.12221214176782111,True
106,0.06951688827341444,0.1547977203753037,0.005727158445132439,0.10706796914847343,0.00899651591477307,0.19877326468309617,0.13577396620458304,0.07095174737118722,0.06940827773434868,0.17898649184968793,True
107,0.015292884558293916,0.031450522317059346,0.3123568101005446,0.12165449411253329,0.12642069629800223,0.014331472090795178,0.08468723451798857,0.1426771725715883,0.10412010188029996,0.04700861155289449,True
108,0.04328164514757317,0.045040239438473545,0.3003535840516107,0.25449169300958047,0.003653506602885663,0.05469062459086266,0.012762196923398658,0.19353073788742045,0.017734500166205043,0.07446127218198964,True
109,0.07761029526897215,0.2946605095196385,0.32566966327539837,0.04021817088220587,0.04507046437730162,0.012918200915970257,0.06781063491859791,0.012578993368982477,0.010218795445809673,0.11324427202712321,True
110,0.019263139688831463,0.16639309584892464,0.08511184373606644,0.07835042931558968,0.16476165546290764,0.16898178914626813,0.1312366852436893,0.030727546085001004,0.05703222090211991,0.0981415945706017,True
111,0.006467504240159422,0.08262494721617249,0.06766864447660356,0.0005957514129921544,0.0032690354552321996,0.4751526351276056,0.10618808615924656,0.05249571311149273,0.17116620394673895,0.03437147885375633,True
112,0.0660910268816968,0.1547379639483395,0.1234156240618284,0.035894339207303894,0.07188512848192101,0.2512175489593358,0.12577534098623946,0.04059143049069179,0.09006343737367342,0.040328159608969856,True
113,0.1372669022693857,0.03549352119919457,0.07603335073607335,0.06966898282197112,0.03859943387704164,0.23325052810550312,0.08080018008380413,0.07648302245923284,0.14382007021500248,0.10858400823279106,True
114,0.04384955532843234,0.11890847751665122,0.1842961871744798,0.08171246150171915,0.03361636362935108,0.07551636007933682,0.06338428613188164,0.1268264037547372,0.19880594807808263,0.07308395680532806,True
115,0.0765034125520232,0.23834149285130068,0.17338669291050726,0.026685610423135643,0.06323452713655651,0.24125741981048232,0.1088460676879066,0.002945497481733382,0.02785560768445351,0.04094367146190089,True
116,0.03366799691156613,0.2020280428523456,0.1837295862166142,0.0022427983870811435,0.08633288578960137,0.12326452096917995,0.21911585393790348,0.0019261691599872471,0.07426536991198582,0.07342677586373506,True
117,0.022599818437624174,0.16351129974080625,0.03300175197051063,0.13378588852182272,0.2292656973690455,0.07807294862648353,0.11263504283516818,0.03380866332135841,0.0443836378707082,0.1489352513064723,True
118,0.13678850508679904,0.11632766229163828,0.07923986338700958,0.21925680614195905,0.12372554476787141,0.032151633090500675,0.048827741442060195,0.10275094016402594,0.020151097121308022,0.12078020650682786,True
119,0.20397199880969472,0.005442086079799256,0.06702019446603584,0.08505806763286598,0.2771092860498532,0.04302568537102985,0.04895221905860382,0.05181138276513949,0.026542081315949116,0.19106699845102876,True
120,0.016920042802858175,0.061921865988908975,0.09410482184310726,0.326029558407207,0.030396172824313717,0.05717716380635109,0.18776821633588223,0.036881387153176945,0.018932386937531,0.16986838390066353,True
121,0.08250078732724798,0.1138275476512684,0.16380239714373998,0.05697839686939751,0.14870721071431914,0.001576268218003857,0.0661355955925829,0.16589214248966314,0.16145785691353848,0.03912179708023851,True
122,0.25392678551284364,0.038701723607630155,0.260038069869901,0.013268506852013964,0.13276615111194864,0.03158731177442393,0.020029027746336792,0.08063381933897013,0.06868722603411205,0.10036137815181964,True
123,0.19994026404163487,2.790765945343239e-05,0.16174210684295445,0.18733073308327622,0.07073940168754089,0.21479122337900583,0.00871775124616544,0.09026456353647266,0.0482541672063897,0.018191881317106435,True
124,0.0006540440547886121,0.42125152477743477,0.07919130153819234,0.15262377904897503,0.031104634333672353,0.16545251144195197,0.06861807884450494,0.014916018073089995,0.03649444265550638,0.029693665231883676,True
125,0.043343639809170977,0.3526780994498204,0.001392990123395999,0.05927446921828634,0.2868105252136046,0.15708361692409437,0.041483532532748404,0.029626287807044044,0.01959115389460671,0.008715685027228186,True
126,0.000359980816369518,0.1814244462918221,0.008578597046313488,0.014468698121476586,0.05192798271321384,0.0093758836094797,0.010726402473448601,0.02034509169200118,0.638440848726453,0.06435206850942203,True
127,0.01570270060151756,0.1715730595655639,0.02533196791441629,0.12547019581949895,0.052108560439488374,0.007901118147381469,0.07196832018041709,0.11992439182350717,0.3595413435033145,0.05047834200489479,True
128,0.14192100629263166,0.05419977432372623,0.1164565194052286,0.2096389360993761,0.012355183709917079,0.05286715659293497,0.021681951431143223,0.14785502090561728,0.1277897015344072,0.11523474970501775,True
129,0.03524510641966539,0.00012001744483942296,0.045085495173182874,0.324737017355334,0.07349744862635373,0.002263108248597136,0.15477311487416734,0.020720144511482984,0.09184883186759701,0.2517097154787802,True
130,0.06527305046498101,0.030517407031618107,0.035305785774500054,0.013839146354174504,0.23336087897964583,0.17526486862424967,0.3216428896938025,0.06059932798264648,0.020597111817694903,0.04359953327668688,True
131,0.2506221163859085,0.005150926380826977,0.09500360915157967,0.01573206821481364,0.04239989550591568,0.06748821442819761,0.2044902137049391,0.12840863316618073,0.04020497523776178,0.15049934782387644,True
132,0.009860644431753293,0.05293272523460027,0.1196522216048026,0.002128520229364721,0.0739174816773878,0.018207077676381616,0.21603764984051577,0.1650035950882495,0.1602692285678798,0.18199085564906464,True
133,0.22421284259692129,0.03205660684978988,0.017997867373738832,0.1583479513799987,0.0803548558299038,0.04545756062501614,0.25106603035842334,0.008964334263297086,0.014078626808264454,0.16746332391464663,True
134,0.08181904308428838,0.019585913472346755,0.050816049225945764,0.032906562800324335,0.028946833517786104,0.19253744821483207,0.007422458090198896,0.16555908903754932,0.15251132762146155,0.26789527493526694,True
135,0.031678015621166324,0.09485566938681157,0.069428334104873,0.05005479739934854,0.0842966718118664,0.06403754157047549,0.19091724746501978,0.34136305705065173,0.03918617076990924,0.03418249481987796,True
136,0.09313565761205747,0.09228043805059968,0.3732137627801532,0.21999969187904841,0.02520043579106112,0.06981302874460657,0.003492056029289787,0.0369601303608235,0.08203963068227245,0.0038651680700879784,True
137,0.029415959346807,0.2597648142334898,0.0780288446574659,0.1979949336838023,0.06061704629204315,0.03276557252964119,0.1388887435810463,0.16727114577009963,0.016823725340371302,0.0184292145652333,True
138,0.026397464301004887,0.049519986277273775,0.01911989141746991,0.19902981115362378,0.12311987827376425,0.046724986626028454,0.2422851966790692,0.14571389361947623,0.036740008372722066,0.11134888327956757,True
139,0.07358877890351194,0.0675379517479914,0.15057155548405898,0.03890196094174203,0.10379626970473144,0.15977698139300295,0.108409546874678,0.08762566880447802,0.0045559938723745514,0.20523529227343065,True
140,0.05282755837277998,0.13076254629929412,0.019716462416580486,0.12217161346347089,0.03764829789616311,0.19950034239658512,0.11033376414181179,0.22763312495300955,0.060830598176570654,0.03857569188373423,True
141,0.0219993479943608,0.09004232921084371,0.02066030801007708,0.1162644454459475,0.12711107449309958,0.24836485429311,0.05653570516982624,0.19366302040021494,0.09056690456883107,0.03479201041368901,True
142,0.04658982867011164,0.07654849049848918,0.032981264157738235,0.2198754001625905,0.37462145716449685,0.002280425259633599,0.1275266547669202,0.07305991015258805,0.04597723146544415,0.0005393377019876317,True
143,0.12907814217600733,0.03557424799054613,0.08720567161739691,0.18872813667496682,0.023111788029578417,0.10822396923165362,0.20081559773304555,0.03670626078624565,0.11288262469983643,0.07767356106072322,True
144,0.04608044039806686,0.3023394304194779,0.33241154839780945,0.05368259662926999,0.004275512999006505,0.06457014966590417,0.0940640620606165,0.07622118180409285,0.013180757163931243,0.013174320461824662,True
145,0.030425884214720856,0.10254532306106355,0.09415607187605246,0.16936797821352348,0.03900946994921468,0.02063830830168082,0.22018684549993794,0.29110911938591666,0.016941383945580497,0.015619615552309028,True
146,0.07901004953360125,0.0677030668611022,0.19854847947995188,0.16621485149360674,0.0037516620972643127,0.05644097972634565,0.15912495563341242,0.012693656967614002,0.05187039804970463,0.20464190015739694,True
147,0.025778831030766128,0.01223351113721387,0.14275751037761686,0.002256144683646793,0.07379482434076307,0.33217796854618,0.023091624376385157,0.047834109916155304,0.17466021066744963,0.16541526492382308,True
148,0.1356834856825383,0.22920515746848336,0.19803931016472084,0.058260151519252824,0.08778374307679801,0.029288785687457294,0.006917971672234524,0.09466274593936354,0.06704785395535982,0.09311079483379157,True
149,0.010767830675868915,0.09429602102466626,0.09884743191390206,0.004518785752719251,0.08550837851954934,0.03834523497771432,0.06093878731233556,0.3729554090440311,0.14143335106457816,0.09238876971463494,True
150,0.036880926844662945,0.017673517181015584,0.07286820485950614,0.07188835785117224,0.02574699674088419,0.11681098567707673,0.18418078157836001,0.33125085334441506,0.11802148149364408,0.024677894429263183,True
151,0.020546745804758296,0.06011310090050636,0.07282060686731891,0.11783818997316826,0.20165081523262673,0.01285011507633225,0.1434780145449022,0.05028051672721094,0.23298630794048433,0.08743558693269181,True
152,0.12874633554313325,0.08111787901694778,0.0030998649492756224,0.009042278844367922,0.16052579707867526,0.0069597577194085445,0.24160572076493805,0.08937397532576499,0.20806416022845145,0.07146423052903715,True
153,0.12284692596858952,0.13190321320458492,0.03832696734159965,0.210481384029372,0.17130512804446305,0.10124888446514507,0.03529084867728554,0.0822661162249825,0.01353582661346532,0.09279470543051219,True
154,0.1938240862610391,0.005518839850959551,0.016060078910513885,0.2969741476421218,0.011345601029066737,0.08471738652755079,0.1538669492793811,0.009307604944047846,0.13030214906746176,0.09808315648785738,True
155,0.1295332085143675,0.08972089674811094,0.026774011331462243,0.040234464184477424,0.13531121489134268,0.2790896777388418,0.07659444385702677,0.03386406996396132,0.09548852585418766,0.09338948691622156,True
156,0.08302163214074698,0.023911991042460265,0.09319895619964648,0.1515305457633129,0.06367163937243442,0.1885393462218408,0.030589942516056155,0.0060212907032248415,0.049190842529798905,0.31032381351047833,True
157,0.07933072282844972,0.17415366735008597,0.031189888925572857,0.11084970707609859,0.0112037328874833,0.19048909893904614,0.11224978538938254,0.1484468585565091,0.13929755605143676,0.0027889819959349567,True
158,0.0212548092749478,0.3333795205974533,0.09381057749549687,0.12867757248288056,0.054779749442547265,0.03368700669807799,0.07960170303993463,0.03886226243880683,0.10719977307221293,0.1087470254576417,True
159,0.12513761735376344,0.0020496866357895024,0.12018200595974764,0.19468979019926289,0.1352951796503077,0.016317653422645118,0.0371553317525312,0.2567978585687772,0.07866342992812077,0.033711446529054494,True
160,0.01506863011777638,0.0534581821188635,0.04969286399961824,0.050922077531923446,0.3517090044242214,0.13310568516894944,0.17510184856101868,0.09120834390262285,0.027335428184658807,0.05239793599034717,True
161,0.3043403566803333,0.04301065750811344,0.15333158906614147,0.20166359615722862,0.07953687417068481,0.00878876781056975,0.016570361149910166,0.15152035159289523,0.00394858842195616,0.03728885744216701,True
162,0.2163796333609122,0.06638962157412878,0.02962424251292418,0.10609174782299491,0.02091824385401371,0.019757179228140794,0.09272657310060789,0.19316423228119758,0.1723268959936674,0.08262163027141249,True
163,0.16224670728165722,0.03173272632496596,0.02644336226650267,0.20847793971182513,0.1251611899813043,0.08224756937385755,0.06451450820257972,0.18591198660412597,0.06924128657309073,0.04402272368009075,True
164,0.03084979185773321,0.04143302795502177,0.13749598451923353,0.26776567048920485,0.15773396903101675,0.090108095594397,0.1610330447797423,0.10699784230812528,0.0047023072926945094,0.0018802661728307061,True
165,0.1374537102363677,0.03390871198883162,0.015310437263633373,0.01792852667482522,0.07421013716589442,0.11819788848802405,0.1760605596977849,0.03336323066553519,0.19814179739036838,0.19542500042873515,True
166,0.11530720634854645,0.0549789654567437,0.038333983051830015,0.05609390764217798,0.08653338625030334,0.06983256768987585,0.07928373096729906,0.307060158583971,0.14869288459852395,0.043883209410728596,True
167,0.10607641554773105,0.0480467630548969,0.10200689929034065,0.23148664772145716,0.0022711595770888732,0.2119142251065921,0.012380124954119071,0.2062707093065237,0.045652653314540215,0.03389440212671032,True
168,0.045229510529715175,0.18195937855547503,0.13176619175142115,0.2001032137786582,0.08205491508877046,0.011763505471170707,0.017261807263128006,0.12646672302158313,0.11790201041874626,0.08549274412133193,True
169,0.1262434801571031,0.017602236427504758,0.09987751065946189,0.06813834427201913,0.24480186630495457,0.10138274560098066,0.004823569530629541,0.061651605250620405,0.15105745599832848,0.12442118579839744,True
170,0.05407227197669878,0.010420830239973741,0.21783277804023315,0.11158571066498899,0.04703097314113856,0.054069539211526164,0.043558701459935276,0.3252799464828576,0.03686860803065952,0.0992806407519883,True
171,0.2597500812472505,0.18884966906845813,0.020366106805941593,8.952551395965342e-05,0.3589486994186534,0.13499293644037547,0.015201354513749366,0.00016181306498255999,0.018251091683032607,0.0033887222435966297,True
172,0.06327990091050288,0.04341584686642773,0.23720408138702684,0.04534765002782514,0.07041392037070102,0.1263480599862169,0.08465062112061074,0.011374455544574825,0.26950764111341696,0.0484578226726968,True
173,0.013595339027891926,0.1347036738508778,0.30029049806075564,0.12022957552503896,0.033347054461393556,0.09683372791076174,0.01732347156563945,0.22788275521320261,0.021543031338911313,0.03425087304552711,True
174,0.06591086576730519,0.05970816721242331,0.10633605951266097,0.016993151350786356,0.5877089476819625,0.014916584540189714,0.07975913325508487,0.030515023460678938,0.037427866947579644,0.0007242002713284994,True
175,0.004837361762159217,0.16327574437203213,0.16796900481596436,0.10919920015798022,0.08797798814463607,0.033293597100346836,0.046512919879680446,0.19304496776757138,0.18571461924084642,0.008174596758782796,True
176,0.03891519694960809,0.03733971544709762,0.031800707194955785,0.12598068193727238,0.005302498263873092,0.18193171147331957,0.08026103786112751,0.3911677008075325,0.060067246239372776,0.04723350382584055,True
177,0.1530397822088732,0.10984291273551214,0.05189931013151205,0.05082190365783928,0.0017997640630733564,0.06873539684722516,0.25622163821871197,0.004153249130312322,0.1314438989912653,0.17204214401567525,True
178,0.17287040965914632,0.028131579614394307,0.021751262229310217,0.333049308045329,0.0768917823577639,0.0015464443817788764,0.08118970503575952,0.03482358608501379,0.203472068491318,0.0462738541001861,True
179,0.023277568712222876,0.01854750635814874,0.11123154860284538,0.24824428963909956,0.08344886370186916,0.015211003957044129,0.39999583350673024,0.08597903718164755,0.004329486950835707,0.009734861389556575,True
180,0.3321759031011643,0.049440921440127426,0.0066825915734245196,0.3089236719741468,0.07693401747878105,0.0003495371674519365,0.01414920539695494,0.0005513535462893495,0.08593516186419169,0.12485763645746793,True
181,0.3019362522065705,0.02325140861954449,0.05477231746227352,0.0564332812203889,0.21953216162886577,0.21973253906321003,0.06064519318052584,0.02122024584247634,0.04175309234703615,0.0007235084291083322,True
182,0.08021352015505102,0.06716378675069108,0.25658144838084385,0.033053737579554376,0.03811447301408637,0.13761315326102116,0.014816944527272216,0.06496258222607043,0.30143272996185716,0.006047624143552367,True
183,0.18241101949379124,0.06496542140580021,0.0751092047003442,0.13383060359281412,0.06922877426460622,0.0017417877198200044,0.1777151932010527,0.14457965774479284,0.0774641891126898,0.07295414876428867,True
184,0.13961324610418124,0.15619695072316253,0.22181394229432108,0.1009479153118131,0.005711704831108906,0.039053570825962614,0.008949862745625904,0.15032197948880863,0.0675675134865639,0.10982331418845216,True
185,0.05236235962691223,0.061181014332127096,0.022589335232855015,0.05184399027642105,0.19536797041638437,0.0425468180880675,0.12408153877783877,0.12365081797403944,0.268071854872207,0.058304300403147546,True
186,0.16034975126777212,0.1549124565089166,0.06117429845731667,0.049765734121539014,0.02435620855221722,0.053164688952178844,0.20814061947142992,0.08412357880076896,0.09841016374452628,0.10560250012333439,True
187,0.20317204572983477,0.01689362322602788,0.006180854802596968,0.16084621566340795,0.03490034261779349,0.1835263435851358,0.019036557796403692,0.07507883289132099,0.2312308360894626,0.06913434759801573,True
188,0.046902172945492315,0.010427101413249724,0.28016809367344825,0.20160274071631443,0.08435145952522659,0.18280771846519095,0.01791795198681657,0.029003529258494067,0.09794285858661296,0.048876373429154164,True
