ID,strat_res0,strat_res1,strat_res2,strat_res3,strat_res4,strat_res5,strat_res6,strat_res7,strat_res8,strat_res9,alive_at_end
0,0.03498967581064931,0.0723213765771506,0.021946294921758307,0.07686131683880884,0.39710999429714855,0.14815657119588077,0.08561711025830303,0.10233866172740252,0.023071459055630017,0.03758753931726796,True
1,0.11775779179879477,0.0216336496289769,0.1989386562225445,0.08600702563872938,0.003242508537991838,0.013191001379471576,0.3090515020799993,0.11414261893192862,0.02709135137606334,0.10894389440549983,True
2,0.03017533896653866,0.03771751954093742,0.05003036953740979,0.16809720278194437,0.12455937997866796,0.03657736827692905,0.29242468282578643,0.11319387860477295,0.027080967297870805,0.12014329218914241,True
3,0.033631978664500774,0.13769058295983852,0.0634293359114539,0.15627957708098872,0.05528493947179526,0.03873595639744023,0.32867293641748735,0.009435635523046175,0.053550794105097964,0.123288263468351,True
4,0.059572789170832856,0.06973934128004648,0.03999663829847593,0.29413698224976054,0.09318752739947457,0.1520547475313826,0.038495760850204806,0.09266433448119157,0.076029703695045,0.08412217504358564,True
5,0.011891939788250242,0.06482514981219298,0.27557403002234304,0.016026013253099047,0.011532006649570227,0.11988598458352677,0.22362884982182135,0.09630443579742252,0.10059704406123374,0.07973454621053999,True
6,0.17143291476654152,0.08117446404557101,0.08037322465921244,0.033683467635615055,0.13783203374777958,0.1547316514315357,0.0580118783076199,0.14349476546692866,0.1354538330462369,0.003811766892959222,True
7,0.13809452034728723,0.22145398920905413,0.026449783413517204,0.01791110395725778,0.050706383859396575,0.07712539489407542,0.07737180137010521,0.1162112208096906,0.0943763681011026,0.18029943403851342,True
8,0.46924104127078853,0.006142045063985588,0.05751166224157182,0.13615473788636748,0.05079302372902037,0.005650598445813261,0.11551122802590826,0.012315311979337117,0.05485597080458387,0.09182438055262372,True
9,0.11204058401551573,0.2472039384977827,0.09426620778635983,0.009344121687215755,0.1252981565990189,0.22330082320506733,0.06748649234688299,0.05468965008394846,0.019182121495252308,0.04718790428295609,True
10,0.12588600067680158,0.043209613447851236,0.10385604265964823,0.10834089870533371,0.013009283443215615,0.21129595487196015,0.0644944021432437,0.08830208141675995,0.03054159805735063,0.21106412457783513,True
11,0.30243374044136084,0.09368951596708061,0.011969142798053502,0.1291741385826947,0.06534228301403974,0.22575922660533163,0.013969247540042582,0.10134481381307874,0.0402097770994498,0.016108114138867972,True
12,0.03149269444196678,0.04398151763125305,0.0787426726670437,0.1252418843432441,0.1520419674842677,0.18925349117205545,0.1473560078648635,0.03525683797021497,0.0827594795671686,0.11387344685792217,True
13,0.2374306633236058,0.01464048835249158,0.096876394419924,0.2213031388546317,0.10421570964720925,0.06616270789199499,0.0261527437156625,0.001150284510399244,0.06657281420927204,0.16549505507480888,True
14,0.11493376386834366,0.1715854617330935,0.16100152129591705,0.12056500552594135,0.15925912378424276,0.022711332251004742,0.03816707054204421,0.053459349595378035,0.0371426647972725,0.12117470660676201,True
15,0.07528695807893858,0.00870254553453762,0.0292754898498773,0.016457530489231324,0.129718411983369,0.0989364378014168,0.01722477033109328,0.004513599910336693,0.3281275558931173,0.29175670012808214,True
16,0.2465871873517513,0.00453048956892529,0.002701461779816622,0.22733071054971618,0.28068951801693814,0.02237426119002561,0.11555551533813782,0.02125956968006011,0.02635616751624149,0.0526151190083874,True
17,0.1263185163729354,0.12468916592698241,0.042898711055599434,0.26505669169189394,0.09181976744922182,0.048599577442616324,0.15999358470336436,0.06588425358349825,0.06150364136742091,0.013236090406467168,True
18,0.04877431640503381,0.054489557094582565,0.1589921602356621,0.03379977926859207,0.13064571312517578,0.16348027291810238,0.01987199960625304,0.05264641943580695,0.11298800935218885,0.22431177255860238,True
19,0.012484286763743165,0.03535666938500967,0.052061020373417505,0.25541637480905355,0.024380687382745056,0.11864485984262675,0.04749737001355809,0.0178007728131084,0.21483740432093043,0.22152055429580725,True
20,0.1804442022830567,0.01313793169706525,0.01098168874872395,0.00047416827625287975,0.026395091261115385,0.17578577026259562,0.23597749145084188,0.23229396526618495,0.1029460298637918,0.021563660890371567,True
21,0.2946867278691011,0.13411324455469537,0.039761140581275764,0.11152097687589979,0.05388330276269619,0.09080134318960643,0.0729481095662577,0.11652320130406396,0.08512413529885532,0.0006378179975482472,True
22,0.012392330712533338,0.17190145337227603,0.07354431517861455,0.27528842191276104,0.09107370277729429,0.027037561753940075,0.26583413747224727,0.019620613997015753,0.03272648685192646,0.030580975971391422,True
23,0.17950925666346515,0.026305154562874317,0.2401170627592138,0.07012639706445471,0.016995411470637618,0.18823790523223743,0.09793851404278361,0.008219785084884308,0.08705391827370974,0.08549659484573928,True
24,0.154626281936724,0.1521387265611012,0.05850696206174574,0.0020567624242418675,0.12469176643249537,0.024234980271668705,0.012075551679814334,0.26316433141055506,0.05051775535781029,0.15798688186384352,True
25,0.21319894601307113,0.05349146227139841,0.08300571578571729,0.11459948673447984,0.020940172997033827,0.3751365731535325,0.015206996232679728,0.018702346628198138,0.059271291295138515,0.04644700888875064,True
26,0.29111657129921975,0.04101800570104279,0.23446979680789423,0.09602927750223825,0.11201338522995109,0.009341288531092142,0.05756061544777687,0.1313780608931995,0.018764341035988594,0.008308657551596777,True
27,0.15373442445989438,0.44937669711790634,0.03850086522970594,0.04808397696497883,0.10964981473369538,0.004592604270134094,0.07829151881175678,0.038713479865143695,0.02536604027430898,0.05369057827247562,True
28,0.09842654450616359,0.17438642249755196,0.004331185059022539,0.07631636873158978,0.3263543950646554,0.035238353344321426,0.059806513441785954,0.01682365828526067,0.17357844406612175,0.03473811500352683,True
29,0.32324554401892064,0.06608541119866361,0.08223825798903914,0.04720325151468104,0.09561850023562737,0.0861048720666842,0.12293463513077903,0.06210112063289949,0.044362200674359094,0.07010620653834633,True
30,0.21859632423444555,0.00830283449190711,0.05754672259627709,0.10132016629576066,0.016105786977747567,0.04207212638282323,0.3993606629445432,0.0989675248816355,0.02061727539823273,0.03711057579662752,True
31,0.2771379962915876,0.0949374923927778,0.100444357544192,0.13819329314009723,0.0036217493234879422,0.12500537154112462,0.02149909237874456,0.04041988681293886,0.17570052201531752,0.02304023855973191,True
32,0.023429845809339492,0.013112556250267117,0.020034136925708483,0.1908968263547853,0.07697000524222299,0.31257457820692935,0.01076532990653649,0.0624432926892298,0.13615173391453067,0.15362169470045026,True
33,0.08290901738989684,0.10738609019352043,0.001922329908627045,0.051365162902460036,0.09360916509928695,0.29875787742373366,0.13212752999738664,0.038096303825151855,0.014855597239209024,0.1789709260207277,True
34,0.023724593339750116,0.09644184709090237,0.16046432314692652,0.23297198837745092,0.012528405103233086,0.11141229268030488,0.020928869803967718,0.0004339432456343366,0.17978530425028863,0.16130843296154132,True
35,0.13853700543374672,0.2410298859226967,0.34606984234449906,0.02207717185666406,0.052425237558881295,0.00580817552574209,0.02395025288867016,0.06657825422419736,0.06820121513958084,0.035322959105321586,True
36,0.034093357891262076,0.06066701060581752,0.27890316574403606,0.07530476921219777,0.16252451602106105,0.09828131591125616,0.08774098559040275,0.14877664839236884,0.037492719668818404,0.01621551096277945,True
37,0.06559897577146231,0.08962637446835398,0.148722045553863,0.08492811258897282,0.06852826366983517,0.009798140250487771,0.06733221577613338,0.20753333400884513,0.2566203711723296,0.0013121667397167683,True
38,0.08070566929078576,0.02834391598572892,0.0034875617696759186,0.07963980457307701,0.012328654465648728,0.23806195689567283,0.13080304199359222,0.15030969547069414,0.11315235880060344,0.16316734075452102,True
39,0.012791560052726319,0.023967168142472666,0.08879286526951097,0.15193391518075675,0.019553014697482902,0.4765524543815039,0.09567462759664708,0.06296349501230611,0.06702791114157232,0.000742988525021044,True
40,0.13217035741271374,0.025663817616244675,0.0648188457304856,0.041217473589306074,0.2803357731334352,0.08268487708911708,0.15925307571993855,0.10084775869460058,0.015783821406053788,0.09722419960810455,True
41,0.5659251463044298,0.04708760027829462,0.1482654032358527,0.008094237890907676,0.08549161216736376,0.09366732734675191,0.007125770684406663,0.011919482150930007,0.0021704272830357064,0.030252992658027156,True
42,0.033763482469747995,0.40795120955512454,0.056742469483039105,0.08818189921834606,0.013211664986966925,0.024855757240551824,0.11079782472869666,0.10598305992115456,0.08024067811699645,0.07827195427937586,True
43,0.08861737019428689,0.08466337889846948,0.1214617812264702,0.09698381832136861,0.16609061348925439,0.04647509015805162,0.07286361544295203,0.07378989566427882,0.16686626259209836,0.08218817401276975,True
44,0.0026681921947213348,0.1113618015664482,0.3096677419624477,0.0467050732433323,0.14883797046846545,0.006389075872296925,0.09230954718676172,0.150134246148919,0.03915384941443999,0.09277250194216753,True
45,0.09449633144585237,0.348681107544458,0.09835920635362311,0.06461521214838416,0.0195574467992637,0.09819556493316356,0.15822816139054927,0.038259913495702236,0.061758973286529996,0.017848082602473583,True
46,0.03133602990689678,0.21861746325891304,0.11881115413355281,0.0047726057747870705,0.122185932707169,0.04290935450396449,0.007380066230344081,0.06738177746006783,0.37292249239598196,0.013683123628322963,True
47,0.0672277920885337,0.005169970208231426,0.30232764645799626,0.04301600672807575,0.05050304531210115,0.02583381362937933,0.1178327578667179,0.21665194149576442,0.07930253776048536,0.09213448845271467,True
48,0.09520251234523514,0.05793935622578689,0.09545357721407083,0.3162142077808407,0.023642801617135365,0.17115038062350266,0.0008170862595809529,0.1846603511030639,0.004895801663265922,0.05002392516751778,True
49,0.031481670436895495,0.2644702222409972,0.16433923969708789,0.010462875061787938,0.14550863190754698,0.06917647812008278,0.040713317579449806,0.11146736018177149,0.05548818318487656,0.1068920215895038,True
50,0.04850595905995798,0.06427778979160795,0.2573057709618801,0.01700922257388964,0.013803276295702745,0.15537574037476745,0.06576954799771798,0.2107947431644297,0.006320370433834942,0.1608375793462115,True
51,0.12625637279357774,0.1028111369948206,0.062499807570602875,0.04197382431582699,0.012809455886902627,0.06584992411830244,0.271237786040177,0.020416285580528545,0.07058946200269085,0.2255559446965703,True
52,0.27904910333648925,0.05864152411352291,0.2631242278197926,0.1362544717884623,0.01352449427277636,0.09084822336255942,0.012024046069760277,0.08226991906705118,0.06279242050296219,0.0014715696666234835,True
53,0.037766948562323065,0.22806318125425676,0.004546326167704151,0.06805547145002909,0.10973019097540496,0.05304258060679468,0.015535264947543117,0.12665894158417415,0.19238919514923927,0.1642118993025307,True
54,0.14235581538539085,0.3370700218788514,0.0012942459210639288,0.06302733439734914,0.02539953644335358,0.32550481968931616,0.02850084684863715,0.011939673542859497,0.020477414910646353,0.04443029098253192,True
55,0.18237777618283957,0.13965870272973946,0.15613541123671124,0.13780844799014244,0.07174306799458577,0.137937452323288,0.033821017065542525,0.022285441530354274,0.04537706798219193,0.07285561496460478,True
56,0.0005159385309028515,0.1859642330768284,0.030880707531866555,0.04496182399432801,0.5412187798389524,0.015197366026394763,0.1385148979047813,0.025192788300600157,0.007996481263702013,0.009556983531643696,True
57,0.2838028462929402,0.03712424638030323,0.0018497145175799382,0.23147826098757707,0.11742811143405825,0.0265499848830742,0.013198471238704167,0.0023167972288296763,0.026977956994010066,0.2592736100429231,True
58,0.09916948653235849,0.021319786965513326,0.06660209872588793,0.007839860171164835,0.04874607278745819,0.233298618621717,0.14631982351977815,0.11905255993999696,0.13752702309048903,0.12012466964563617,True
59,0.013019050191889968,0.08503105335506703,0.2849657803556341,0.08155442289970086,0.02068993891758658,0.031710869016774786,0.006393713173148094,0.06826440936362489,0.2618260949548386,0.14654466777173514,True
60,0.0019541036408194956,0.017677463777285417,0.18491949526289767,0.1764449336169661,0.18282956125692162,0.0769173307575684,0.09669718095572112,0.02798539694891998,0.15162629261338945,0.08294824116951066,True
61,0.03553588636713062,0.18754192307544665,0.06784570416704191,0.0784790634634989,0.013113592895501177,0.13940286305950136,0.11516224094236774,0.11266701887541918,0.24803173858949215,0.0022199685646003167,True
62,0.007617244328335471,0.3000312891311345,0.017549570996024572,0.13144890423169409,0.005347776244542819,0.09670329426668613,0.041583495737874294,0.07538552703967848,0.23411170930924582,0.09022118871478386,True
63,0.10524319168981791,0.17424694481430178,0.06464760907257627,0.03782463899309108,0.09092228155429721,0.14698414542671415,0.036749544790708064,0.20334951022762687,0.1092999057408661,0.03073222769000055,True
64,0.004242747485348642,0.29423102267367773,0.09114128372890676,0.02171777384853748,0.15128207753270298,0.02382303105153136,0.001073205784740079,0.09782671419861173,0.035519205455819,0.27914293824012415,True
65,0.008644982252754134,0.0041498044572070535,0.23494461518793544,0.08749116276377468,0.06578527998082001,0.15372506734335176,0.09307308357453722,0.0856492395583145,0.2526906762805674,0.013846088600737945,True
66,0.13948411138829553,0.04901897614607704,0.021043889314239155,0.03642617309343595,0.1325222759695732,0.024554723288855336,0.2280090666723757,0.14198424886826064,0.20978576147962824,0.01717077377925921,True
67,0.0664805523772472,0.3213998655265139,0.07336490959838886,0.06322444015261923,0.23480499973391478,0.14900406859327117,0.012688689236146914,0.029053698300662067,0.013693788429392123,0.036284988051843735,True
68,0.00323642042770986,0.21216394439542224,0.10284465353027006,0.24012777910098512,0.13213589794519295,0.06709006962925564,0.10149206834375245,0.010044995403346703,0.1281861597544288,0.002678011469636163,True
69,0.04683032538366777,0.48514619302920703,0.08628289632760075,0.05136306834746012,0.05128489369044345,0.07375460217380497,0.012451704353550704,0.040437890632657625,0.12835260765907056,0.02409581840253698,True
70,0.24158866300033527,0.06984244959769137,0.1605683123532315,0.0355351575129866,0.02581455955396668,0.20934520996477748,0.022779513328326655,0.12125215106184703,0.1080201087388556,0.005253874887981904,True
71,0.09107808035719026,0.07787872752316775,0.06967309420166988,0.02034553738647991,0.03368217830330715,0.06733981239613757,0.1755081592823898,0.11008964653022893,0.1834244850779098,0.17098027894151896,True
72,0.16310371827712616,0.0303836787721823,0.039433089389126326,0.035992025027620826,0.2259124859961313,0.018973512696994228,0.28651364855963657,0.1303905561038968,0.04579837040012238,0.023498914777163156,True
73,0.011183120198610645,0.03648491526256042,0.14447184004029426,0.05765605680436471,0.4829053725060689,0.0736141245063036,0.08523836575413053,0.005504638697317502,0.023011709385247138,0.07992985684510222,True
74,0.031982684644989635,0.1421900855503826,0.21247851418968844,0.030647507116460814,0.000123014012402922,0.08902009966318973,0.010979301004047787,0.1468386889690677,0.26574073146328064,0.06999937338648989,True
75,0.06464225291886393,0.1516151030378718,0.004575888743901154,0.06779260888272182,0.24818980536318283,0.0218383463120983,0.13609409939407005,0.006133097280970078,0.29645922983497786,0.002659568231342325,True
76,0.01617671933415525,0.024065646714219444,0.02847952126105333,0.09258138732162387,0.16489594310933736,0.1289752103190962,0.10217295905333527,0.10416774455226696,0.2858096527777162,0.05267521555719608,True
77,0.17324439581195228,0.11786792977690184,0.0021796952593179553,0.07774186238003002,0.1455713907325121,0.0032572534305006,0.010760306252618373,0.16322388198612114,0.16645769169682342,0.1396955926732222,True
78,0.08543089388524376,0.10349687695187357,0.19082657807391556,0.003939924615849519,0.07688989710973493,0.2164722987580945,0.11401543121563333,0.08913991444450894,0.10733667792284293,0.01245150702230298,True
79,0.07281042884497699,0.1013363402452621,0.24643549108660603,0.06276428751510502,0.1552101277464269,0.008447815290022266,0.08320694250980472,0.030096786167360855,0.22225466843843764,0.017437112155997532,True
80,0.06060190821958702,0.20853978962304515,0.022308947286660278,0.04396606100751904,0.11845174116095804,0.10685818323732255,0.3838572566951149,0.007136762701808269,0.0017837242656627127,0.04649562580232204,True
81,0.021036140684609655,0.1406209405859611,0.004622043957566925,0.05147647499410628,0.07247877783573137,0.03477780544205939,0.2412263514209671,0.2483130942990963,0.11307343090336436,0.07237493987653744,True
82,0.15598748053466388,0.24023874105251533,0.0665715737370812,0.07480265221740531,0.032672553856367706,0.06521061660274029,0.13294286995385823,0.12893231979449848,0.020388690362880265,0.08225250188798938,True
83,0.006285061634556452,0.12335629241104985,0.106579353151726,0.13233461709719324,0.11231850614343745,0.019330860673583992,0.3929295854453225,0.04688295185291379,0.0359304135881637,0.024052358002052913,True
84,0.05774549455011549,0.4654090483944517,0.020988180038365525,0.09027081106960978,0.17431130224547728,0.03440079913694335,0.028212876309814457,0.0313456875534824,0.08624274401093959,0.011073056690800198,True
85,0.09245171473522935,0.058214788929808275,0.035874543532265844,0.05925370059460726,0.2614496062942068,0.07237401408980744,0.19668367994346161,0.00901960991979968,0.017786390315078542,0.19689195164573506,True
86,0.16754068554414953,0.03407498386615413,0.06697242904347121,0.12548082973658,0.11028298746660392,0.0289589077299385,0.022409946591256027,0.31009179884373683,0.1122828452889808,0.021904585889128952,True
87,0.09432557518391921,0.14879270723437493,0.00010098021259890397,0.09926272323579398,0.038152646746222124,0.1450872848829575,0.07409316162707513,0.11898266991446232,0.037887393964821145,0.2433148569977748,True
88,0.0743734907652111,0.13252945903093874,0.02189456102858293,0.11638292069409541,0.25406804444892084,0.08427549932166477,0.0751880559850755,0.0076901443717737415,0.069044543251801,0.16455328110193612,True
89,0.03154447958245732,0.1845492232187951,0.07552543547268925,0.021363143846086653,0.06788406316513085,0.042199828559087736,0.02724428865752311,0.2596492415741866,0.12755503591685163,0.16248526000719182,True
90,0.04183981314231714,0.36028295874452154,0.06946059615367617,0.03274095715002182,0.13233825703804392,0.04671509036741457,0.11710520801361769,0.02975861467909159,0.12715508736479963,0.042603417346496024,True
91,0.18078282253360245,0.10222170274779309,0.013242916251906071,0.12558834680100875,0.01018840314504573,0.030686183440071037,0.05540914186116903,0.24875138304388725,0.19222376314619477,0.04090533702932174,True
92,0.006574371591559306,0.3811133229121493,0.02457819208154122,0.03161018653922563,0.018721653062464337,0.1060746706045146,0.012506611058847733,0.2950288225326658,0.06661205682853877,0.0571801127884931,True
93,0.049715833144918065,0.01589071602293372,0.22368594662075061,0.037391656045697365,0.05872371038581749,0.001579723141389421,0.0625183140646976,0.2439609183570875,0.23605670221785516,0.070476479998853,True
94,0.01583888462679175,0.15141919027193265,0.0008612254873502509,0.21203776551349876,0.014194464426313533,0.05493412274893482,0.019220673466661252,0.005881397691677768,0.31523116979544497,0.2103811059713942,True
95,0.07745560535128009,0.010969892435569771,0.369978096686538,0.05019333801743055,0.01230677605771391,0.06689522348196802,0.04659352112950292,0.022857953032139895,0.08680208305641315,0.2559475107514438,True
96,0.0446170116511326,0.04313606186816438,0.32286724825040386,0.08489100970356009,0.02958100131926154,0.006364599910621283,0.13853127001220902,0.06272117329040054,0.11439622459897973,0.152894399395267,True
97,0.28868848608367825,0.13505337789810476,0.016739328601999393,0.025162182197121942,0.1688038140028002,0.10098711176749917,0.04795512315122163,0.05791796203081789,0.0745093635466675,0.08418325072008918,True
98,0.06871740970505659,0.0015529833517095976,0.10285199768527513,0.3698466024631183,0.1012092779137061,0.12462973268863041,0.12295048867606952,0.0009342419806234346,0.09193816996978729,0.015369095566023831,True
99,0.018493466064356697,0.04129188043375548,0.03132886333935883,0.0394018580046843,0.02146793853984777,0.11944550518313775,0.3283332918840823,0.07992986862859146,0.08081186084637514,0.2394954670758102,True
100,0.10117501659586436,0.16439761425540944,0.11517337737518876,0.25471840469643775,0.12162933770980074,0.07122489557303893,0.11081804450488227,0.03399455904529182,0.011814364560855837,0.015054385683230124,True
101,0.14026169386994924,0.1744906842138225,0.04821701590325883,0.01720856484551803,0.0923801111037756,0.07928321066309217,0.04894975817362013,0.0770465593478925,0.23468332190420715,0.0874790799748639,True
102,0.05254081970698092,0.02577752976844143,0.15516674047095105,0.08293880961104626,0.05705046404422598,0.23249468618555622,0.1638573179896729,0.01979589778025446,0.13744558846106497,0.07293214598180595,True
103,0.03668409811052089,0.003853390426861464,0.24646388019899207,0.10169641340726815,0.17472204714529657,0.17055049800733793,0.004337569242161749,0.04919332695353774,0.005450170342652507,0.20704860616537094,True
104,0.05614981562941536,0.11435940775293109,0.06859251305310594,0.3010488347701847,0.040740026089492794,0.009619974724259978,0.008380488910224625,0.19039382032820862,0.12924656024089737,0.08146855850127963,True
105,0.05125193830257947,0.14348646578385632,0.01386074790683594,0.009171441804989475,0.012051706164662989,0.10391065318013107,0.236813842242718,0.04476328331389205,0.08902151087553689,0.2956684104247978,True
106,0.0007710655926196213,0.14813119857634366,0.04984276439788228,0.050301945075628816,0.10663580629361058,0.25768812976597916,0.11297781299026212,0.02932031081578345,0.04562982854204574,0.19870113794984465,True
107,0.37151454885463797,0.00648077583222862,0.02661353500720395,0.004068459714295158,0.0017566346764981648,0.1166958219079688,0.10396669291701019,0.046934874293769614,0.3194300130962174,0.002538643700170187,True
108,0.0077607607249244835,0.04787754776047004,0.09578627063987873,0.20530622833965861,0.2882319805823532,0.04108337016552566,0.04885777724404802,0.034296314194321546,0.030128976001158533,0.2006707743476611,True
109,0.11586962853613104,0.08033341127393057,0.04139204748646506,0.04213986168798998,0.1707977448587077,0.07950260435024052,0.16655737728094927,0.19404860485249611,0.05677750668426598,0.05258121298882376,True
110,0.027540180397685864,0.10289122737233697,0.0565913151968795,0.015047316995396163,0.1555996459301438,0.08517862650757917,0.27655968227650884,0.15067411209302564,0.014792796321777093,0.11512509690866692,True
111,0.04033503418873695,0.03943080005716163,0.003291971684317423,0.03836117398508067,0.7196384346664111,0.02626664658881896,0.07498485184007175,0.00678006953703314,0.0053868371401735865,0.04552418031219481,True
112,0.024491948681104447,0.027621012745238652,0.12589576302643418,0.16707417671286082,0.16899151737421003,0.013195870726399994,0.029667916953497776,0.05273906188437322,0.28148748197840895,0.10883524991747197,True
113,0.019092022256129118,0.22650945253856408,0.11680993941014227,0.0015457240778118365,0.12262733399755889,0.032149045354026407,0.18157171630227148,0.010493933442964759,0.010841591374398711,0.2783592412461324,True
114,0.02136395973951986,0.03874142450397137,0.14312257582018087,0.07123854537697423,0.38840660897479584,0.07785156267337298,0.09307916796377183,0.07215496061916392,0.0196377412938955,0.07440345303435353,True
115,0.04562157630025852,0.08385878536774118,0.012920101456984311,0.12250800559278964,0.16420947407573072,0.021841473826601645,0.3044123575467384,0.04471990733017929,0.05443671824126184,0.1454716002617145,True
116,0.025137209609195375,0.01256746356930983,0.24791274053646387,0.011196588588545747,0.45818001151727844,0.07671681263118771,0.07891872445016222,0.013941432653342948,0.03364197458305715,0.041787041861456674,True
117,0.09983080913640976,0.010070877913300854,0.07721264158224693,0.1298928526590922,0.006704258804027199,0.06090692158549652,0.12540141580991557,0.013845144654055938,0.3232521567751587,0.15288292108029633,True
118,0.1544218978778424,0.16045489682216996,0.2044601700627696,0.001378506752951103,0.09534629605453353,0.0810640820012953,0.15569688674850082,0.07830395770276488,0.03184080410800196,0.037032501869170426,True
119,0.03132699369234696,0.027530607447196098,0.046671384260312025,0.010311934698468656,0.09251030227288376,0.07884342408151271,0.11529736049224217,0.004083353752291463,0.5715074438099751,0.021917195492771054,True
120,0.025552097180596884,0.07860323223194028,0.0414636465659801,0.07044883255706158,0.3774053856504242,0.04723016185980667,0.04096322595775422,0.005976816912688083,0.22453483078231606,0.08782177030143173,True
121,0.027439937165718256,0.0051705399418556066,0.08977029847904387,0.30233845773003726,0.02820354099891584,0.12936298672241955,0.0387055330547722,0.07825087201860263,0.10787974990347443,0.1928780839851603,True
122,0.0018612836858049769,0.0717653777096016,0.23580001940855508,0.17826527609947776,0.17956951739774468,0.0017735742811308152,0.0331067175947689,0.06682947453000836,0.041427944249653605,0.18960081504325418,True
123,0.03724041306037931,0.010097769115740285,0.014401612855304915,0.011307628570477145,0.06645998770670168,0.005511129878096492,0.1608275205038875,0.5303734673312813,0.05116463456886903,0.11261583640926232,True
124,0.0782688093133285,0.07082437857123154,0.015530978060352677,0.16364832308384963,0.05046772163757287,0.11794818185915637,0.0845540627760874,0.06929152244281296,0.2755706207758724,0.0738954014797355,True
125,0.04710220581479277,0.17247673966893612,0.023519088124576412,0.16067375325111527,0.10824030183629516,0.21586250713253677,0.1829560916694162,0.002623704741795044,0.05411348991937147,0.03243211784116475,True
126,0.022550121175330447,0.06077747684413596,0.07511116699574903,0.12271654172881329,0.33378449534376514,0.13615186001022012,0.027849067639429275,0.016195617919126895,0.1081014300596722,0.09676222228375773,True
127,0.002089187057388994,0.05579442922876523,0.004316787858057174,0.02800326350873023,0.272848369473372,0.14882325250206155,0.09190476281128841,0.09449010176502393,0.10117926540181227,0.20055058039350018,True
128,0.03290445290177488,0.020841491665806195,0.2178630676501255,0.08558267743021669,0.0029155664550321245,0.024520553958793694,0.4291621487487551,0.06833934515478343,0.08872106930098127,0.029149626733731164,True
129,0.07558633190108117,0.05975648318798961,0.10824309215604817,0.15890854153321043,0.15943760309614297,0.2679401799256783,0.04132627232904346,0.07430961444986976,0.011256590410333984,0.043235291010601945,True
130,0.008075337597859323,0.0032225661952650936,0.029183873758174703,0.1977619893633205,0.010976484952388968,0.02749521750483316,0.08227841848309847,0.08288857499848562,0.38961888972912956,0.1684986474174447,True
131,0.0763456534233374,0.0712027898572347,0.17695129913802077,0.004790235118599362,0.2328558852816115,0.0029872939489617874,0.09803562623718433,0.07774260086556091,0.16019679503725423,0.09889182109223506,True
132,0.08451111233361612,0.1441098614914177,0.059061480491232464,0.01569524396652549,0.04900862690656982,0.11827721929493444,0.03378557951708206,0.1459224301333433,0.16681730872856448,0.18281113713671399,True
133,0.11165289232860337,0.10766022346396482,0.08359891466784154,0.015815139792294118,0.1250479551535812,0.35463417663344105,0.035759245469218846,0.006249502833277055,0.09766751905197743,0.06191443060580053,True
134,0.020424653526590984,0.0020023653311296765,0.010763941130925261,0.050788076359092355,0.12471532959005473,0.12363907850566912,0.009280884956441861,0.08434166392185666,0.08703925181715172,0.4870047548610877,True
135,0.09511681672905899,0.015414601502717952,0.023885544850368704,0.027436911995853214,0.24205514816602608,0.03018509469397503,0.3655681116323428,0.007899009882163422,0.032181896023973755,0.16025686452352012,True
136,0.07790589835197455,0.01753429126865806,0.05757696293612429,0.3130047135575613,0.020118219466265345,0.0095834974506057,0.21053701374236639,0.16148477509201986,0.10674186340478536,0.02551276472963916,True
137,0.08840325526783022,0.0003288389427779593,0.015433959273633972,0.008095496587660511,0.40094028795137654,0.09343149522035649,0.032065147760594284,0.049934089609444496,0.13831902348052225,0.17304840590580334,True
138,0.07760920626664869,0.18401760822130148,0.061386640825643685,0.050816986337883015,0.030222271198091177,0.007033900473386329,0.20345658992904014,0.1701919406203181,0.17291481758750804,0.04235003854017935,True
139,0.07597219590708312,0.03229782048848298,0.0688893095023097,0.08134888658620076,0.06742760936428586,0.2164675471367055,0.3523133630846382,0.0014523869576429187,0.0961405328033007,0.0076903481693501394,True
140,0.12176460100417721,0.09284798004181842,0.3320111162267656,0.16904395854739485,0.08531415429112711,0.03032028764230358,0.10794652748190214,0.025880532028924194,0.030797302448573666,0.00407354028701314,True
141,0.04632081634504076,0.20283285190906478,0.01827649050997803,0.012679975537549584,0.15943365896174125,0.21115170942439623,0.14768886449638377,0.06570498377825137,0.10737833815457638,0.02853231088301776,True
142,0.006252379328181347,0.07344610247480364,0.2801856367407544,0.0363163690044866,0.0025921014066588913,0.2058511511144405,0.019367559935347615,0.015074864271287921,0.35659683974769224,0.004316995976347,True
143,0.10771995616095867,0.014424452263025498,0.3837093869657842,0.08741348859579197,0.026948184518942403,0.001396632254098419,0.04271730097390121,0.06768337355918719,0.19137027059000272,0.07661695411830781,True
144,0.36417943693681387,0.019740210433515603,0.074899881465771,0.025037145531801305,0.09444486141471455,0.03867173931730752,0.09092463538144681,0.25807111104340397,0.032294876197884445,0.0017361022773409581,True
145,0.01856494391602423,0.13192159572179893,0.025576363842927007,0.3700254373352568,0.01911861723001602,0.1400572791756927,0.06548352079751495,0.025065089259795226,0.07408685697797347,0.13010029574300067,True
146,0.04575131319560603,0.19795964277271244,0.029924820300539626,0.04654570904478303,0.0879112063004051,0.011164754205002686,0.01644336390983575,0.31832894830099834,0.20670460056288514,0.03926564140723192,True
147,0.12312690443857466,0.21905076187604086,0.1950019030995467,0.058413835137594704,0.09265888819324598,0.09509948067921266,0.052496829433216645,0.04370963456942111,0.07153564649021316,0.048906116082933625,True
148,0.5647350671471251,0.13190543096397453,0.056948242925570214,0.000815718715243041,0.00473485520851372,0.008873721543294856,0.08129159844269256,0.061886220853515375,0.06557633895781839,0.023232805242252408,True
149,0.022011135060811964,0.00713614846311849,0.06581989214473985,0.11660853706344464,0.055270833739826976,0.011630428242418323,0.037241961238688545,0.3234261162980767,0.10729520333505524,0.2535597444138192,True
150,0.22580265873632,0.045978413242520715,0.01321664052357796,0.17910709535346428,0.042672479212290504,0.06044777603935514,0.19886217454571528,0.17046761550323716,0.0326047974142497,0.030840349429269345,True
151,0.016289032336992734,0.07845336295323149,0.08530023871095795,0.293265892382892,0.15625296408777306,0.206511693255874,0.030062145776383567,0.054787685951447514,0.0028101043741465496,0.07626688017030119,True
152,0.010383820009977552,0.3013992197798365,0.005765343144350856,0.10285079431693298,0.19855672091050228,0.021146248631669366,0.05970304493770931,0.10576887599337322,0.05570098609713333,0.13872494617851464,True
153,0.026845577566315636,0.11227958240788061,0.203904075320788,0.036609682511832456,0.04405923339877947,0.048505050464105776,0.29465599195143566,0.008034781699125653,0.03744350887825565,0.18766251580148102,True
154,0.09780314891159607,0.062479279008296924,0.22192766024031566,0.005897402915752074,0.08918716259194717,0.06593210044281704,0.243836825107522,0.10831677596904124,0.095506347161605,0.00911329765110681,True
155,0.13792152269617772,0.007533055823560165,0.12340368634585602,0.3210356168284458,0.0511168775047162,0.004201223665542767,0.04757445799693835,0.202623887698844,0.07337158536969736,0.031218086070221605,True
156,0.29072355990731297,0.006574863311781389,0.09101841510155909,0.13747207073068837,0.0017932479907701896,0.023157872354920648,0.059775770620371455,0.06481101008768125,0.15367553128252226,0.1709976586123923,True
157,0.025676916778967548,0.09451562099220717,0.0521559296951419,0.006417091020382953,0.1389579495619529,0.19341496929893565,0.24982835702614137,0.04332924263503218,0.054976520461005915,0.14072740253023247,True
158,0.24820114795724077,0.056528891101289266,0.044229011314239154,0.1501270932317748,0.045950816182107126,0.09526301148684378,0.008257498686099408,0.08360934494551617,0.1932071135506142,0.07462607154427534,True
159,0.05692169128046022,0.07936459882852846,0.030555081365304985,0.0354699597896466,0.3460189460045502,0.10481883996679826,0.1529674209502431,0.01409114405692364,0.045596352981431075,0.1341959647761136,True
160,0.020312694775769306,0.047295752464710974,0.043676697123936986,0.06264681942395368,0.039161303322706086,0.04160909950113581,0.11709307175241457,0.28468340125052755,0.08542688641347658,0.25809427397136836,True
161,0.060154706521249934,0.1254581604500438,0.005978187540528494,0.05121913349076774,0.01666129405108188,0.023330078592274373,0.20911990996789037,0.0001687476636003434,0.1528281631530994,0.35508161856946363,True
162,0.03164669109091085,0.08519653633180028,0.0031008339157034153,0.05086076269322446,0.08039827713528397,0.46516858469271805,0.06387223113152593,0.04809650705484566,0.16485953527046485,0.006800040683522479,True
163,0.06774138227220715,0.10932415843223184,0.004410685750118641,0.22832825308999422,0.17176563070365078,0.25292370916333057,0.06228546390331982,0.08308774848581556,0.01591688094093231,0.004216087258399106,True
164,0.005653321936936677,0.02022216414371837,0.06167467937711869,0.21790859004975946,0.06448996041694541,0.07038365528020206,0.19557752434191078,0.010706214196503,0.3037461972945723,0.0496376929623332,True
165,0.06017723913305335,0.29329850657854806,0.019058801742410727,0.0068069927389182786,0.13449970934139058,0.006881870672947622,0.006816274425764041,0.1381259442289216,0.22664346481422862,0.10769119632381711,True
166,0.06994062041948138,0.015556222815922467,0.03638277804847267,0.13546770655478807,0.26215641751733826,0.08396341826827047,0.07000536465780019,0.044371350673005724,0.06080605378530989,0.22135006725961084,True
167,0.2127119872891609,0.10670408449749992,0.13809678142053347,0.2889131355789114,0.11970452931047722,0.0052669289104578295,0.087168050738731,0.01096068374465047,0.013220581746816375,0.01725323676276133,True
168,0.1451735536082602,0.0009685983228547165,0.20123642144777468,0.3706061037137284,0.07243895222803963,0.008952159019031198,0.047096232244887494,0.0894395165883146,0.05012660893455812,0.0139618538925512,True
169,0.03405091427903254,0.13164516909397156,0.09583796891221429,0.20425986738967192,0.07705047479968472,0.11392354411745403,0.040972402790404205,0.00038578416215340715,0.2027254611569184,0.09914841329849496,True
170,0.30560148777019897,0.10405721800202238,0.1722485381973685,0.15331985726213573,0.01863963861987847,0.043824416445333476,0.05560703377858067,0.0075434591714481,0.13203746817946907,0.0071208825735646,True
171,0.3148445402530856,3.296664324652678e-05,0.1228690131122278,0.2124838193211187,0.09852955709503072,0.08658250202076805,0.03082030357019744,0.0500812343427136,0.05461173784519373,0.02914432579641788,True
172,0.07798812134399617,0.08321609236351171,0.23412405073096004,0.05668519104025783,0.01495147252406429,0.4801005879507725,0.015564576017631898,0.011201389065359123,0.0006307400763873027,0.025537778887059256,True
173,0.1887195341107233,0.08333668287515858,0.008686468104117327,0.043591263534205366,0.07147440614171507,0.022167486458956154,0.3063645053197505,0.16132198414840004,0.011507419099874277,0.10283025020709935,True
174,0.27780060957382163,0.03198337893393953,0.07999100159712581,0.08235483108984909,0.0724464546278538,0.014381129936240881,0.10903850632017835,0.03840604559382239,0.2713448580184561,0.022253184308712388,True
175,0.09767193927565021,0.02368979624893704,0.20093771577382533,0.05654416239366433,0.07556264594477388,0.043682220108349164,0.12031110525133937,0.07471959511015998,0.011060094912621148,0.29582072498067963,True
176,0.10523677430358298,0.014089906762945015,0.009945762771891228,0.12083281864213409,0.026746081448954184,0.03903986976910509,0.04895502407480634,0.20949957152417226,0.16841925977074115,0.2572349309316676,True
177,0.028702070783995476,0.029881088621466274,0.20482242411817783,0.0268962618923228,0.14381242790435128,0.10485603079050639,0.007643206357678993,0.013353367672654578,0.2734604229638892,0.16657269889495718,True
178,0.06364557897747253,0.16632333328027454,0.014414235285048036,0.07190147194569525,0.10826583187681552,0.18408694499024789,0.0060741447218828045,0.3028346872483792,0.009968285046142058,0.07248548662804219,True
179,0.09277379818115714,0.0628483837412931,0.12842815976579558,0.09181297960424727,0.20432717496673838,0.10687176700431189,0.008862779993919795,0.081619676493112,0.19893180964071022,0.023523470608714892,True
180,0.035756519766518044,0.04702990768636114,0.0709403689159066,0.06405403510797235,0.013553887834351394,0.07188066304923196,0.19200655544955098,0.1510800279906678,0.30281070102946916,0.05088733316997043,True
181,0.20564365267855425,0.17435626242057514,0.14145870910145322,0.008440314177381643,0.27134979377908397,0.015277254260637821,0.03582285114238797,0.11128698657464978,0.03503672210784071,0.0013274537574355964,True
182,0.05913688158280686,0.03363511170546152,0.09204434512681132,0.20848921773432755,0.1143324444006817,0.0189793797453345,0.05743447214375725,0.0007899890849885045,0.27283526361746296,0.1423228948583677,True
183,0.0734256905922286,0.04288485038828647,0.02977588653850864,0.1894827196505727,0.0772416604818142,0.27629619947070416,0.04031400486532255,0.07048338761505167,0.04676167400950364,0.15333392638800739,True
184,0.05859133784538074,0.159616626362882,0.015024126361866105,0.16457945872155547,0.13255113985465952,0.22426736153694635,0.005025866381032932,0.11412789640347874,0.02736865367701993,0.09884753285517824,True
185,0.03483677689711917,0.08610874857832347,0.3855713322508078,0.19027712250117848,0.0005679604268422014,0.0044793602928342915,0.037629109466184155,0.21414798288143527,0.004412711477112847,0.04196889522816228,True
186,0.1813128674239776,0.08499069575527049,0.07513664890856755,0.08077273791678873,0.03615699649743969,0.05218724355870639,0.019468866902875217,0.021652757628511304,0.23635155082403794,0.21196963458382526,True
187,0.054318258448204274,0.04162500929378085,0.04099667068250212,0.17927857425257523,0.20644433804118914,0.11663643375791055,0.2764855621647103,0.0519624667658685,0.02050357302576696,0.011749113567492229,True
188,0.3246321555132261,0.011835317011746907,0.13000884489767714,0.016966201719699297,0.027940910458530907,0.1791783799132321,0.008372123425480382,0.14476536788369626,0.1142929113794749,0.04200778779723621,True
