ID,strat_res0,strat_res1,strat_res2,strat_res3,strat_res4,strat_res5,strat_res6,strat_res7,strat_res8,strat_res9,alive_at_end
0,0.022835477463176056,0.03718409474383021,0.31004035686192555,0.02903030392445736,0.05728704659858096,0.0015948662177728292,0.15544724062989648,0.1987722661722846,0.10503260240821952,0.08277574497985643,True
1,0.05998548396999409,0.027074719038823716,0.0575462745786205,0.0717141735889815,0.062230949699065216,0.018576774505544694,0.0893784172797005,0.011176439477431526,0.03252437887382029,0.5697923889880179,True
2,0.047165260638948055,0.08088204236845084,0.01771930711589125,0.14801123317625767,0.17014098849288545,0.03255309805633428,0.07315175948119049,0.052903287399733864,0.14901700309724714,0.22845602017306105,True
3,0.07685198555966395,0.1897520315245035,0.05946257567091649,0.011873046011792706,0.2118921000187096,0.046929045556300036,0.02583157953913636,0.01627388636290221,0.09558495798926345,0.2655487917668117,True
4,0.03302361079697954,0.024368199550815126,0.016696840203616784,0.010974663783369884,0.05456517715814556,0.4728946936073784,0.0019298395518644001,0.16987994507572168,0.052841730537799496,0.1628252997343091,True
5,0.09620018900902695,0.03038800103208624,0.16442600238930313,0.35966491732929806,0.02166759620793833,0.01808255132788127,0.06024757927757154,0.0409967842623119,0.17964227661916393,0.028684102545418515,True
6,0.010741800718979146,0.287321096791798,0.08371835979603244,0.10160796451155352,0.0792769924935886,0.1646719287921472,0.024636296212349848,0.09226289000115222,0.05526995874577199,0.1004927119366271,True
7,0.09213780863673646,0.04023358846333708,0.05164148947705408,0.10280569001720993,0.1374754964459317,0.08074783595657231,0.12984018707360628,0.10595497127404489,0.0005873283646492284,0.25857560429085796,True
8,0.059122512985334774,0.07087178582151722,0.036040030908104474,0.08232965594599635,0.17283405734519253,0.1539505168056891,0.24714383456107597,0.03497871252145267,0.13026525908216163,0.0124636340234752,True
9,0.1915385347843364,0.12356506852675951,0.1341304896530899,0.055250446537690075,0.20642804930156997,0.1310025803686473,0.053180185621107295,0.01816721875918967,0.011697909462082254,0.07503951698552754,True
10,0.05216090062872488,0.16637194811655115,0.165284569064287,0.054809160982054475,0.058843162163177976,0.14038155811369413,0.0479540129563166,0.030952501200407632,0.18715658274435798,0.09608560403042825,True
11,0.06476126352394355,0.05387343038473457,0.02077480031105135,0.3478294807799644,0.13956014951566834,0.11136370065966393,0.10750807392110963,0.12160704449403764,0.009142870738199856,0.0235791856716268,True
12,0.0567720108231585,0.259458497374525,0.09972935078832461,0.13034977704006437,0.07622325145534468,0.03850737839038906,0.007943596273152595,0.22056434782686182,0.030009957444923557,0.08044183258325577,True
13,0.11435454874868305,0.1905960044838016,0.008276867313072287,0.17247638647338018,0.22327257625453534,0.039362933857517206,0.1887272767700785,0.004341581625943661,0.0184964438111483,0.04009538066183966,True
14,0.03159186641331399,0.09401461666997293,0.32335216004825795,0.08561326151341987,0.026461178987066132,0.0827403748162173,0.1207773601340607,0.04862048169415356,0.03519449044362769,0.15163420927991,True
15,0.060363073563072966,0.08258364805922455,0.21350223451960423,0.06118509657557154,0.156967896523768,0.004966619433864246,0.023015466664944875,0.05434231566103434,0.09776703657083591,0.24530661242807933,True
16,0.14879552549742994,0.05898224864268537,0.07626527758380013,0.40895667459465956,0.02114089254397834,0.06603504548048722,0.04603359497730275,0.036767648465725555,0.12022886125646502,0.01679423095746612,True
17,0.07962591301991179,0.20709709314881447,0.014960728989549709,0.05976877985385803,0.049135470368761244,0.05998659141200533,0.17772308237675757,0.048296703546633124,0.0737626363827033,0.2296430009010054,True
18,0.1919606088892892,0.09543542870519087,0.06716735270895077,0.11563964540933622,0.2499139871836229,0.036815757468864535,0.1147304130711633,0.02881481681158343,0.09778076163285547,0.0017412281191433654,True
19,0.4356971500098215,0.01230585591740787,0.2447319528315873,0.0028357843159598868,5.277669533447891e-05,0.03913038448352382,0.04707125074647253,0.04546657019855826,0.12657641437709333,0.046131860424240924,True
20,0.08711674259116803,0.0005377019712203011,0.43837976825634173,0.06196801532376268,0.10602586181086583,0.01506127144986106,0.003700948492920667,0.15199817261419116,0.019119863933392586,0.11609165355627586,True
21,0.2088671232895807,0.06926448279414119,0.002048697392207842,0.17596661084455587,0.05695575934420294,0.0002486051893051094,0.2010522014490989,0.04646011746132934,0.15432174544866398,0.08481465678691405,True
22,0.08678500191019467,0.13602871714685913,0.04665902372896464,0.048816684682318076,0.023697303065486498,0.0007299191453389634,0.1445333795275579,0.03428082428276328,0.22852981959384588,0.24993932691667092,True
23,0.009143468635165467,0.1133585307989389,0.16702492488956172,0.18028540797626424,0.051333591489729866,0.10639208644991663,0.0958531781275592,0.0996217631248825,0.009175168036800399,0.16781188047118098,True
24,0.04300934633550621,0.07003401879414813,0.12434139261356046,0.1757911721007698,0.0012750767793927237,0.24478567147612934,0.10965332941349758,0.16005443205245962,0.030671723040092542,0.040383837394443726,True
25,0.22795052738880303,0.010338228769518301,0.257638232034965,0.2054564422883938,0.07594125513974562,0.00827407014428635,0.06305906127390008,0.04645643293889419,0.10020986345450958,0.0046758865669839144,True
26,0.07711432409426869,0.04475675442555275,0.07623345220987013,0.07533876937994907,0.045749762685086966,0.2514571082195162,0.14542105372822423,0.022435124295432877,0.14124265975944142,0.12025099120265757,True
27,0.1281587023382514,0.07318983371213303,0.007483596658011167,0.08180934587893748,0.1475618363707857,0.22868255293617054,0.06601119612527473,0.12889523930240557,0.01240024079152769,0.12580745588650263,True
28,0.09254243236445696,0.1735999407490097,0.08040535120764943,0.13110394365640918,0.010850629887364549,0.06359691594419932,0.02622280314538026,0.2141837673848453,0.18272808285676684,0.024766132803918522,True
29,0.036498751184828614,0.0003883308471779838,0.12418053513061544,0.048200888498863205,0.09673833484611373,0.1829435088475214,0.12692299575989746,0.11550161664890023,0.06429498090953,0.20433005732655202,True
30,0.017150749933168136,0.12160469101708293,0.31709200862790493,0.054414360044066065,0.12106137974726716,0.2670831241981724,0.010052040835778434,0.006639409825075735,0.012241658893196457,0.07266057687828768,True
31,0.004475452938950742,0.1636113705062707,0.15669193818501692,0.3306499708316992,0.03216901810651168,0.02340682096408049,0.0060781677502932015,0.08836878343981433,0.0880296878298245,0.10651878944753826,True
32,0.1367574086992398,0.12407404946762049,0.06423601300824712,0.21354905464422885,0.002178878484693608,0.09179560597444233,0.011077584560538043,0.2701339186090461,0.07366538977779892,0.012532096774144774,True
33,0.22143331073061995,0.016754204938546336,0.027973880750546864,0.04106269542474366,0.0013307373288551849,0.005578895428721263,0.13649980727759034,0.09492085305568128,0.32335184338370015,0.13109377168099492,True
34,0.20558094420919604,0.1337602864740631,0.018808584800565544,0.08779961114936694,0.02744762817511047,0.14598512905069022,0.0378703878374869,0.12008000903289513,0.10201587752595553,0.12065154174467015,True
35,0.5406003421987211,0.019402488424767578,0.03611260305132398,0.11430359634755761,0.02209716221891468,0.036546712916480394,0.10049674535286404,0.025792155648867988,0.05118561278773842,0.05346258105276406,True
36,0.11059771972625768,0.08113042472736219,0.04488950572044,0.029359293654923832,0.168387188883836,0.051215557147973684,0.0005850043000002142,0.17101773419916377,0.09644114921377239,0.24637642242627034,True
37,0.005157802300149817,0.07393503541620555,0.062507059882886,0.47671752633402215,0.1744693673333612,0.07783626432298321,0.015364791869965906,0.10858174253346749,0.0015761049177104708,0.0038543050892481156,True
38,0.10442718123026723,0.07518588054983627,0.23317938801100083,0.0167724392593459,0.13465018960803415,0.11549624364199618,0.05588123015057399,0.06336853643844957,0.15910078546934,0.04193812564115592,True
39,0.022533078826802902,0.1951653366628282,0.10268508250103899,0.027033818743791856,0.04541062011634174,0.02866943767916261,0.19873844238576796,0.13595055231638128,0.07407465485172735,0.16973897591615714,True
40,0.10890046294624095,0.07235047456126201,0.07814237700732972,0.20965102928662105,0.1594727435514054,0.04050979032721147,0.07815095773455684,0.07499303999244479,0.0945570346001449,0.08327208999278277,True
41,0.054881620502228175,0.23776884975663692,0.05287034548739695,0.13664443935685797,0.018297915412895348,0.03272108269609126,0.07355244910010449,0.062083101584944685,0.00148680912894654,0.32969338697389766,True
42,0.009410628193300687,0.08008884378699235,0.05836219760198934,0.15026876113678633,0.04758078467588031,0.14224041367241871,0.0003270440656506464,0.07140263629969724,0.0654677233457585,0.37485096722152583,True
43,0.03833660458884601,0.18255525851645102,0.04080691551236246,0.1550953044971433,0.0927883461448303,0.044244249273731905,0.29130089938884957,0.041741659712414204,0.10018228243929245,0.012948479926078936,True
44,0.0700269970059888,0.17928350166294826,0.07056204923119858,0.006042920349770789,0.06965234383280423,0.17195706517064238,0.022232562841040596,0.2117234580559163,0.135006020016201,0.063513081833489,True
45,0.40854312670929493,0.035078872296182284,0.09624168571350653,0.06474427501157382,0.04604627730902541,0.07577554941553784,0.11131164198157438,0.013634639609743638,0.007156169061030527,0.14146776289253063,True
46,0.21597931618327057,0.055913194980458006,0.05387611482490266,0.05597750128088107,0.16770747524290106,0.2872965296379136,0.07960550416191195,0.06453263705705392,0.011557867646308156,0.007553858984398939,True
47,0.06653969612942234,0.29460311349822565,0.13306707832481043,0.027555033069895145,0.03283050236277084,0.13475734037817164,0.09739590556829596,0.10093430881006406,0.06859037284200008,0.04372664901634385,True
48,0.11653167438462488,0.009595105027750753,0.18026666695734364,0.13130980445792237,0.13079827616028888,0.001447415310476764,0.3363622219922551,0.02831888129936905,0.06297945478554409,0.00239049962442439,True
49,0.0641969166354755,0.030003561861510313,0.09976582419786476,0.015136219277732541,0.10889453258238091,0.03132153921797447,0.08486504342065083,0.23869440443613685,0.27560693871724584,0.05151501965302792,True
50,0.033300934082471284,0.12165102972370467,0.09818297828906838,0.21685627354714684,0.14482237081761629,0.1654599170314861,0.14552478932147442,0.0054529553321013904,0.06533103859595221,0.0034177132589784066,True
51,0.13565848950980197,0.1976405328168089,0.11555936343118817,0.09429243507455415,0.01334470799940321,0.018332924104663077,0.0680759760363911,0.03462531129528362,0.10250667421517887,0.21996358551672682,True
52,0.07111410954737463,0.1586458261767367,0.06908829054325102,0.123490304098053,0.0750052916921215,0.0731429007147724,0.21271680764653028,0.16448295092591952,0.027335567836699035,0.02497795081854186,True
53,0.1892763081733888,0.02521752940414947,0.021385997595280967,0.05023142288040484,0.1780092964774302,0.07909817726932006,0.11697941298883481,0.11895719895657658,0.17794819672884454,0.04289645952576977,True
54,0.02439729665296318,0.26757218379310826,0.16262107565538245,0.12167601661670546,0.10238976443710358,0.0856724372725727,0.02228284829376937,0.018056846179155324,0.10237330301745848,0.09295822808178111,True
55,0.0671710567086045,0.09248311786701463,0.03311253075162774,0.03702842455647317,0.18561243801667432,0.27677571344981977,0.1330835178064033,0.013399250664049747,0.07841109398490685,0.082922856194426,True
56,0.09791583906737956,0.05960871755244766,0.05034439201797349,0.07319217988589358,0.1733662052808891,0.07313935401039014,0.01897917476833262,0.21677513313237534,0.1606880663137444,0.07599093797057406,True
57,0.005461990550906408,0.02672545513910872,0.035453584009592504,0.042224341950524755,0.22755730309560268,0.17175881746072835,0.20301385441714306,0.1425803716842674,0.10944366190567449,0.03578061978645166,True
58,0.10176960349781161,0.26994901292302403,0.055969362991726834,0.26497031501626256,0.051995509346444715,0.013224646668601195,0.048293006705260336,0.11251504885174735,0.06990666568391622,0.01140682831520521,True
59,0.09329939224671131,0.04307096650215995,0.0668261167616599,0.04953720638170012,0.10250985433607801,0.12278312219742517,0.06407717457665928,0.055209416114133554,0.2952288433659391,0.10745790751753363,True
60,0.26441332663679534,0.044114394583822866,0.014707065015997256,0.13335095075579426,0.09665801951751875,0.026829457346288842,0.09408870985380226,0.2449231712212697,0.04697364438015956,0.033941260688551064,True
61,0.28693700656108145,0.07343320183510323,0.0487323900333405,0.0027058359270370376,0.025519323868577068,0.2692607406951888,0.09074554992696057,0.10741069299422651,0.0771274522555635,0.018127805902921325,True
62,0.23936667202404616,0.021340195194853816,0.006063673582759922,0.0005080646950628088,0.07353275984490677,0.0053704466918974405,0.29822092282418505,0.23362620448600896,0.00757272378116357,0.11439833687511555,True
63,0.01821534841990924,0.1979768610957011,0.09463799444714152,0.05953777584298627,0.01247925557122061,0.11530327548177588,0.13263681754384044,0.06728138517045758,0.1223035688825202,0.1796277175444471,True
64,0.09053479915249382,0.1311122053512597,0.06941026695133401,0.10405698093965043,0.11940931516536159,0.011823861061301089,0.28033242932447283,0.18589119559691794,0.0008894370428653121,0.0065395094143431195,True
65,0.003297169247139626,0.11927108474125432,0.07630311391527912,0.10295590475157217,0.3242516245375584,0.003947399721355527,0.09664854231285985,0.0017609431646774835,0.014493099133150283,0.25707111847515335,True
66,0.06641797231424983,0.14465506990769506,0.037098085715270145,0.013780059632916364,0.3056907728627962,0.04483067716125826,0.2268756475746937,0.08372784469726051,0.05413043256338916,0.022793437570470736,True
67,0.0353755513066675,0.02081406617808214,0.10192203634932115,0.12006603077548342,0.18749153675913754,0.1885855703907881,0.0962217163457534,0.05486347385960537,0.026771600833084493,0.16788841720207687,True
68,0.005156202499978153,0.039204440169647845,0.2554724399619666,0.04071285415072129,0.2256861641195892,0.01887561791084169,0.13196167159705485,0.06432611777267282,0.16957214633806525,0.04903234547946244,True
69,0.08877914171073238,0.017712004710549224,0.11701505802133058,0.01757928461644126,0.16368879760305816,0.2525453493697832,0.05776350986693892,0.10489490291374709,0.08922223703814192,0.0907997141492773,True
70,0.044007577470609786,0.19309671508579165,0.11278962677591312,0.18203036348439533,0.20501836798535006,0.03768448179968743,0.02148241112465126,0.0417611959062348,0.15429473709680003,0.007834523270566628,True
71,0.1536329720736349,0.09761598750778616,0.03194406358782084,0.0006717219964489434,0.08165305904548406,0.29496190423174423,0.0602371874054278,0.026260442779722934,0.24951407053861632,0.0035085908333138153,True
72,0.0464545011736099,0.13587152739499422,0.09515912488891623,0.042733679399621985,0.009954151413866201,0.044729395897182216,0.03457703739594141,0.31523870811793153,0.2593275080089895,0.015954366308946706,True
73,0.0022668291773453773,0.1442336082716708,0.05035683631600739,0.007023643353326154,0.09459133805549907,0.08262449663037603,0.36595763816998617,0.08384806464437035,0.1402433236014262,0.02885422177999239,True
74,0.0779496423100921,0.32354904580327537,0.05874946108743581,0.007142174458924004,0.08380352407566509,0.010097670447090132,0.06977720551765085,0.012837550085915549,0.20273440210596333,0.1533593241079878,True
75,0.08844467253855326,0.33158501134748225,0.052121556021876195,0.004420473095007554,0.2158574685606273,0.015644195586717122,0.02837498059839394,0.10439086599822495,0.043101525092760495,0.11605925116035681,True
76,0.006561004570881776,0.25370761290006416,0.047340429536398596,0.03836018118837244,0.05795919707263838,0.010596397534269636,0.008263925525554312,0.3793157862660427,0.01503477835206133,0.18286068705371658,True
77,0.05452829005057541,0.01590707123640247,0.08745454411552643,0.12106472548269438,0.36744046142395137,0.0185384507307746,0.00930191202382823,0.20020383008844989,0.07874791864852931,0.046812796199267856,True
78,0.0075018807216343615,0.1443624427173598,0.03292452363746366,0.021964987937580335,0.039976141660406916,0.09189762629313589,0.054591214397694765,0.17841079322424436,0.31697904860310716,0.11139134080737281,True
79,0.31248018337632666,0.10476468118472017,0.031474153702973705,0.02544974870005798,0.011848204504816042,0.0600404882807769,0.027602001312802757,0.07892544242945743,0.1210430030053458,0.22637209350272255,True
80,0.02821740022037006,0.15266969540345635,0.1209363300925619,0.2654648281505316,0.06646436955046488,0.011021358160734048,0.16257282439247242,0.07674630684752994,0.05051747034030553,0.06538941684157336,True
81,0.04320183551083472,0.031481366004121075,0.13610454134456135,0.007092211155751233,0.17278752741900757,0.17901315207963847,0.1178583234653381,0.0825072251661999,0.07869984182130357,0.15125397603324398,True
82,0.00933192879367006,0.12466696874783477,0.0005313968303409036,0.22634191674165768,0.22429959006790742,0.03192461447026268,0.15735551448511742,0.04113121710709157,0.013155158328231668,0.17126169442788589,True
83,0.10369709590242268,0.14260830290191595,0.045005764357506306,0.37034990423579683,0.02373197176865863,0.011607876090116835,0.05402859985968158,0.23293604757154945,0.0005075743728905304,0.015526862939461265,True
84,0.0322887012067956,0.2411473861031906,0.007463100071379103,0.044911356711749575,0.023383922447371842,0.10083706337805083,0.184316872869121,0.1782604002593031,0.12294062480345225,0.06445057214958616,True
85,0.008679079084310254,0.07568608484131986,0.05535430388836407,0.0849926292459485,0.009086666167315911,0.024592281269565343,0.07319371615484313,0.353473257556857,0.139581945199777,0.17536003659169902,True
86,0.008589471557207852,0.0096535985752504,0.31153352545664675,0.08669167742725892,0.10764038971700662,0.07959197348186202,0.060136726057053475,0.034323681869730824,0.19831980181781822,0.10351915404016483,True
87,0.08037939235729265,0.057232079062181494,0.23460694616735134,0.08538461431907207,0.21296654124477443,0.02312669687123083,0.029928714859064932,0.056425331827598915,0.09883837310353887,0.12111131018789453,True
88,0.032454812326168675,0.11226038572119412,0.20107070203416066,0.024925249843678,0.013102930539521346,0.051298365781450625,0.3521751884903862,0.0743538337666772,0.10874593095764523,0.029612600539117923,True
89,0.07550760419655805,0.01433927747992207,0.04421115465981122,0.19242915911733913,0.04165798658154249,0.16783801569844595,0.041030406448104344,0.07364538071276139,0.3353263416459363,0.014014673459579088,True
90,0.006778949312924821,0.1589174826747926,0.049639889837625246,0.11607997142066513,0.22887238658923018,0.07431924828192744,0.11976458521076573,0.050237058825336973,0.12552540962635558,0.06986501822037637,True
91,0.15664682282564674,0.21329634986332846,0.07665724003045005,0.107110298275988,0.03587829685014978,0.0017143877228935683,0.15888612805941382,0.05812378969136385,0.025149513577401073,0.1665371731033645,True
92,0.041238154946035076,0.122013852700683,0.06288177853134357,0.17616819308264017,0.44570624768616973,0.0016151820130823492,0.01779634392554442,0.04296844504167458,0.0754729484730321,0.01413885359979503,True
93,0.12367943034490844,0.00440827452740219,0.24233521223614005,0.07936783062788094,0.015216056943873502,0.22842492001472778,0.09289044571216547,0.1754483360410991,0.014093955034949722,0.024135538516852878,True
94,0.20270893613648924,0.09707735626939885,0.0861051486028405,0.0068411212554480875,0.08621582225718058,0.031867786528168414,0.03721377498151836,0.07468790964098258,0.06406306850676953,0.3132190758212038,True
95,0.3214760508299698,0.0748802087565671,0.10887000979475238,0.12417171879777059,0.26162411470286495,0.005741187068976455,0.012820822357082293,0.0009348428931930559,0.06463919545726929,0.024841849341554,True
96,0.06345031003147507,0.14160024070440755,0.06296426345930099,0.03232365014947348,0.049703570084867574,0.028765836625996872,0.34430340207680693,0.10392338746982883,0.14699782918243123,0.025967510215411493,True
97,0.004162349654771468,0.028911332117907716,0.05704625959912411,0.24061162646432957,0.050539605055936965,0.07953941384429739,0.1587380655601305,0.07221252845063093,0.011273555308046183,0.29696526394482514,True
98,0.2635253273240724,0.011381766047159682,0.2396532639105614,0.039525274292842826,0.06589582469678044,0.0031409033237896206,0.17003705605749275,0.1137629818642687,0.04717679589867854,0.04590080658435362,True
99,0.23415816651658355,0.09459996845923237,0.04261398174745314,0.0687248075372064,0.24430030055689406,0.0904864047836767,0.017974454643016734,0.17918569090880748,0.0028926958555587933,0.02506352899157064,True
100,0.002441865561306619,0.12845459050887198,0.010671201615566213,0.16223202737476028,0.12856244208129933,0.052108864216728126,0.0325694960438429,0.34145980781490043,0.084219449490598,0.05728025529212619,True
101,0.11969108774501991,0.05872772322513578,0.3535032875657011,0.049654576623361174,0.14524680045084587,0.005981331946693292,0.1704611541886623,0.029760099197511592,0.025143498428389862,0.04183044062867917,True
102,0.22484218587660387,0.06974410787345028,0.06709884753736424,0.010512233395058796,0.2075440552852323,0.07697076265085644,0.1367472192777935,0.04079904219975678,0.08428305800003341,0.08145848790385024,True
103,0.28890810849879556,0.01593520113205663,0.334489870221513,0.09510154979591132,0.09860626468638628,0.006571755938601003,0.09494458093745894,0.05809682624701844,0.005019958275598268,0.002325884266660622,True
104,0.1168266684880013,0.018966646711687518,0.13482705639714174,0.06797248189294158,0.05944499010997137,0.2571236008189877,0.08000116929014149,0.02306373703180023,0.17322280022797884,0.06855084903134827,True
105,0.1558159503596264,0.11106008844419991,0.09714393053553873,0.07454398173030029,0.12078514083176145,0.04330903737373266,0.0676527099811483,0.18231149420819226,0.08090024453791345,0.06647742199758669,True
106,0.10798902202603769,0.14557608459074353,0.01490584011050326,0.07988231847443425,0.008576177261899664,0.07699070533942066,0.20225226680783653,0.09449640127368605,0.14600537766254607,0.12332580645289239,True
107,0.04226356193505652,0.03656147954056671,0.20866252120738105,0.235880646370646,0.04072258289272884,0.009061195540082504,0.0250933423853779,0.0056125204615752496,0.3898312878889734,0.006310861777611717,True
108,0.016017676475871434,0.02422536170953516,0.18824628707572377,0.10137867727200557,0.3616560122845992,0.004151058010736201,0.10331542938882537,0.017080344900047992,0.17158484456860856,0.012344308314046627,True
109,0.010291394322074664,0.06750505487477944,0.10920602787048048,0.06459949244049068,0.14441085827628178,0.12459934023802412,0.2111670898506094,0.19772730264956498,0.06968990602488963,0.0008035334528048748,True
110,0.01008813212809166,0.017327734105411535,0.12918778961535599,0.03582422133821481,0.380269478831696,0.09174611830836789,0.10794207314425093,0.002425998349448505,0.11969948227923152,0.10548897189993112,True
111,0.06131392867058467,0.04239113213489719,0.005597348476417526,0.0398559750813155,0.07373556353684489,0.2797157324908004,0.16117305961239703,0.06258248395507611,0.21967878968431911,0.05395598635734765,True
112,0.03316942536312366,0.2580522713205104,0.26737450245534317,0.04214802174033117,0.03214127677695372,0.016345913245872066,0.006939784984336524,0.025798089611799163,0.05374449315509619,0.2642862213466339,True
113,0.1532699623572536,0.20828042044291661,0.08837466552330567,0.10010145608994062,0.02619537408029109,0.02478928953485412,0.042141243465675444,0.24283714939367215,0.096452294964824,0.017558144147266773,True
114,0.020066167320674323,0.10946032888168379,0.039151081841510685,0.0037407636559114027,0.08720484585298238,0.0027808277167674952,0.2563323844060426,0.08632269880820391,0.1546401818763818,0.24030071963984156,True
115,0.09903193964130325,0.047891391081319123,0.14737206586427026,0.1255120323715451,0.06661206256754604,0.0647896518464694,0.006160846495363952,0.18495735228066215,0.14356853087443142,0.1141041269770894,True
116,0.26488116654658633,0.03646351189253806,0.00024033478805020003,0.04488643014455542,0.1804110663443476,0.11963313153414372,0.019085158768844486,0.1963900972323388,0.03177900965936212,0.10623009308923316,True
117,0.18046489740534125,0.18533526580344817,0.07348213132668706,0.04810344668487333,0.01795308345714614,0.0062449973226176535,0.08438342587831602,0.23643381177132936,0.10498043892230989,0.06261850142793111,True
118,0.04286200269167425,0.011857189444972766,0.06179622950032753,0.020819071768674032,0.5174843094294809,0.21844322056263688,0.09990962734649125,0.008811657720189563,0.006765242721304992,0.011251448814247817,True
119,0.0012414206963102627,0.04254854667301795,0.005633428672372874,0.2408043820477361,0.0040836282324152135,0.17703058593487628,0.02266018093604768,0.16956215969207433,0.2576273774738163,0.07880828964133296,True
120,0.0460457717357775,0.15210141994961557,0.12317138346349334,0.027408635833176355,0.1523127721345699,0.2956876054314146,0.033120926966997144,0.004713289779871927,0.1470017490796006,0.018436445625483095,True
121,0.07602550273299026,0.12774377966024655,0.05870720942858956,0.12890956451068777,0.029118931885692433,0.00446561741998327,0.011363740140150147,0.2438230750355262,0.13119368200042475,0.18864889718570904,True
122,0.2527313613732599,0.16370615430225985,0.0018316831175108081,0.11199985566207128,0.03901511771783616,0.09736183148848586,0.036503705295178546,0.03504700671314662,0.08461205715461756,0.17719122717563335,True
123,0.037647346400361194,0.12256189158853036,0.2033560567848845,0.17330337381608904,0.04809452770714312,0.02798609130341632,0.0650134211032975,0.026922175597224745,0.07697455989257587,0.21814055580647734,True
124,0.07620682111130601,0.062027465017055916,0.16516881008530743,0.014968891680192933,0.06442729241630053,0.01846599542293968,0.21011126028011726,0.02504568187320925,0.3016619056504015,0.06191587646316941,True
125,0.06647071247518313,0.0396329740499958,0.028164879365716825,0.1153665515851297,0.05254897563682398,0.40024567017158813,0.11023430946901563,0.07629958978703716,0.07513177362204015,0.0359045638374694,True
126,0.12182626687613517,0.23815086060445845,0.007666148520489193,0.09000290090610448,0.20874310217801567,0.17316055988894466,0.13226913149213798,0.0065243125604839015,0.01062333463072927,0.011033382342501282,True
127,0.011769771167278675,0.08423789695334237,0.039717241526243646,0.013626271097687898,0.10005786293942222,0.050778370318491764,0.08249693898146863,0.49698433175080114,0.03243089695740964,0.08790041830785399,True
128,0.03254791189845023,0.11102946551364878,0.17390816960824682,0.045544993545075296,0.3413288118491337,0.04626924362908066,0.08576186216468108,0.04066685436010035,0.09697762183191065,0.02596506559967244,True
129,0.15330216583408707,0.1449729799133379,0.14866140324870183,0.04669406244799911,0.06593418118516947,0.14789512319272927,0.013004882992762975,0.07380962957285957,0.009717030573326487,0.19600854103902643,True
130,0.008692924841842867,0.015061732282800208,0.0682252079372733,0.07205838402763401,0.08488594097869424,0.19770868945167372,0.07394672593316666,0.166070953680501,0.31320790062727405,0.00014154023913989105,True
131,0.18506076609357344,0.00910172542948397,0.09695986732824083,0.0031213667710023683,0.025115378560043644,0.0867648756396386,0.017431168892477072,0.2169523150115521,0.10695125455280288,0.25254128172118523,True
132,0.11812228208959288,0.00825434625131866,0.008457568529801614,0.024986261115012863,0.554507853254658,0.019081497937889432,0.016670337879817962,0.03855641969514883,0.05096775899058346,0.16039567425617618,True
133,0.2740025696695725,0.012572916238433368,0.022278923803589267,0.2477834077299549,0.052072827466295026,0.04951682628424351,0.037313194537968275,0.003910972432391836,0.20787478330372655,0.09267357853382466,True
134,0.02360375133267094,0.032222237343665514,0.214304416845942,0.10473855438502602,0.012042627270342105,0.0899045577275018,0.1447069385670531,0.003701152350970138,0.09026169125908244,0.28451407291774594,True
135,0.032425284139951695,0.05374780396759999,0.008745506835913096,0.38204559806073457,0.006103994148807252,0.05850755942327369,0.22874829566628632,0.11489504083046818,0.00264776584686686,0.11213315108009836,True
136,0.07520986788164034,0.07377228736709093,0.08678204112909323,0.07456982336142261,0.018914607169034786,0.09761040189744766,0.02255251722316263,0.38228204064178595,0.11547714788832539,0.05282926544099634,True
137,0.09374033796164387,0.08687179903596243,0.11632616899772064,0.1483607695841479,0.03008298747043961,0.05950556727448011,0.24512402844731834,0.18292925398589066,0.013913199338130695,0.02314588790426575,True
138,0.47864408632770905,0.10552914106690912,0.1058880693740909,0.1242427219884971,0.0002546985892341567,0.036270210161816335,0.02104633623404657,0.03277174008563664,0.017664697946475044,0.07768829822558523,True
139,0.22951769444768977,0.25993509899164474,0.025851106086341002,0.10179066855458349,0.06594292943032287,0.08471583302253918,0.07051894188776983,0.07974731816041682,0.08186787185270895,0.00011253756598343727,True
140,0.2528496746455738,0.120572862255426,0.1151741734037916,0.0868589439352425,0.0706468365890208,0.13795671442262514,0.10175284673583616,0.09423461479886615,0.007072705048419129,0.01288062816519866,True
141,0.15888386639656016,0.0759175990817795,0.04061911945763055,0.3157556531732809,0.026473729025686447,0.12001312811324222,0.0321571094939469,0.046966193921816425,0.1285591776044293,0.05465442373162741,True
142,0.022036318061238364,0.5554737201520243,0.06872511604729994,0.010728811420067232,0.09005717090881159,0.036672198158763186,0.029447119019034528,0.06391692796983825,0.009923211037051426,0.11301940722587103,True
143,0.02777359971546675,0.012948827993123425,0.3526007814957754,0.0826035667431608,0.1162379590702811,0.12724868222665603,0.010769689324818761,0.019029415642757896,0.14199603629167917,0.10879144149628064,True
144,0.00014300840198449045,0.12113790143636387,0.03477434147665901,0.05052488153474294,0.08363915886107627,0.11907436795288774,0.1532316605850336,0.19896122136461106,0.12272418645782619,0.11578927192881482,True
145,0.1420809052242868,0.08429778968468528,0.3862758519124631,0.07089976618629747,0.02763262851346119,0.05112047473425548,0.10227394380721463,0.10934592884434172,0.02049396258950425,0.00557874850349,True
146,0.2384411781064774,0.23528064497805812,0.11004684674251186,0.0004390569550898055,0.18427990072405898,0.014594974098767177,0.0995875224096859,0.09153867386256417,0.01356706880927276,0.012224133313513703,True
147,0.16436029048086045,0.008064396134235433,0.003977624271999095,0.13583186415411622,0.005864790586772861,0.11432203026304492,0.03782885297036448,0.20428663780191175,0.2713580706235292,0.05410544271316554,True
148,0.030307968259401147,0.2539216253570917,0.021916505330976766,0.008036172684387324,0.21681102137754663,0.05737048039828307,0.03314220533099023,0.2549587009949542,0.11284154787960402,0.010693772386765025,True
149,0.08919801032337209,0.10436453535958895,0.10967297520580957,0.1050510947531218,0.07003494951363591,0.03186216078636325,0.11803072470949971,0.17204179362164734,0.046386506517875244,0.15335724920908622,True
150,0.1235227030939507,0.0097638631432235,0.3064223441855643,0.011159771065238475,0.0029854325858870057,0.10260643952302287,0.17752825096058755,0.015048229588134971,0.014074972590706121,0.2368879932636844,True
151,0.04878636485546105,0.2007629316478915,0.36044032442778257,0.021467131731782232,0.060925638029886466,0.057831033570579164,0.05277705429144811,0.1061498863255425,0.0032583735909913632,0.08760126152863512,True
152,0.04082761937890605,0.01805181248797414,0.18597318121832465,0.03900399693994607,0.09087126864181103,0.04799674204119541,0.09802028937371063,0.09247030785058533,0.19772489162067935,0.1890598904468673,True
153,0.3196065145252111,0.08705121918444361,0.014638645470514307,0.20593763732017145,0.01183657780345461,0.08436325400615079,0.06449553377752557,0.10021526450061971,0.08039306082999884,0.03146229258191001,True
154,0.08904292343365558,0.1731078419225528,0.04057932940581346,0.09794227188699653,0.14745681510500686,0.052729186402104916,0.09248362325843917,0.1634486655204709,0.08026561327208023,0.0629437297928794,True
155,0.008073108702146326,0.03219885366505729,0.058071406118041714,0.005470515941748884,0.026962581446858456,0.23372673322013685,0.41941833085032987,0.008104979354377116,0.02397172247092692,0.18400176823037662,True
156,0.11787166989227303,0.017774778218709306,0.026855636511730785,0.012364546657210809,0.5277881859335259,0.15545544329744207,0.006798119602086223,0.02271881741497939,0.11228306735072623,8.973512131621678e-05,True
157,0.040883260032275846,0.09132615207431982,0.14576815191262704,0.014877646218181047,0.32286125153479683,0.016250624485355702,0.12823678344987982,0.17355113539488345,0.05860929198732554,0.007635702910354873,True
158,0.06432172739280317,0.08252080381729554,0.12351124985188619,0.005819412679714895,0.2537798414681831,0.04203161100514183,0.04287883899146432,0.01796217988484541,0.25001213360440216,0.11716220130426333,True
159,0.09570284571446687,0.058836306779590175,0.21564410529062997,0.03001672599848881,0.0018156015638339904,0.1616061735610743,0.15139876999932633,0.09938991897226471,0.05076132824251521,0.1348282238778097,True
160,0.11077972429553629,0.005637842901190451,0.02626984963504227,0.012045523152722382,0.04506918907372731,0.026136000415239665,0.04630897071772888,0.22882965481554998,0.014958368929532194,0.4839648760637305,True
161,0.0185845775208258,0.16437728180182334,0.06026343216090011,0.04085651290050376,0.08226508701335569,0.04426238730531395,0.19636988049695145,0.18853301756677077,0.17302592338034162,0.031461899853213536,True
162,0.05924490532321743,0.022842335871290125,0.2741068235098733,0.16655019603399895,0.06506730436415036,0.04199577957218165,0.017421091337810685,0.005592275837318678,0.18926014300119154,0.15791914514896735,True
163,0.13435435482234395,0.27453180335932226,0.13504877809170432,0.041388125472632195,0.05118978881218489,0.09601817476246899,0.024777335606586355,0.05323417556355298,0.1628698148433653,0.026587648665838657,True
164,0.05083554078831705,0.04791063092073325,0.058577018703094584,0.009006481418616052,0.14023720986664873,0.3194549120072817,0.15177844446169927,0.0905859407025338,0.053810638790154484,0.07780318234092093,True
165,0.059006262254369495,0.11446386857344834,0.03585042100797955,0.07834056062092083,0.047324012045795935,0.17954544493675273,0.16107160961467187,0.14457463535632106,0.000717990561051845,0.17910519502868835,True
166,0.031137253860875753,0.12625521945994456,0.02224231282239581,0.12225412261284731,0.02740700310398439,0.25783817761488187,0.09949608172152274,0.06844946744751164,0.21632857147347107,0.028591789882564767,True
167,0.06817819902741214,0.1359949397576493,0.10485347654821255,0.05367954218977769,0.19467315011936837,0.13070618111202262,0.01046384380078361,0.014972728105830987,0.24566913391034476,0.040808805428597904,True
168,0.028551906739346957,0.21643646524003812,0.0885922299713868,0.09499381764751388,0.11370331849563703,0.33899720565922126,0.015222099793613435,0.014124868640192356,0.08052848276592901,0.00884960504712114,True
169,0.4070279283057371,0.008985418030086683,0.040845675062150796,0.03795893727131558,0.0003940464140465519,0.07209492438611496,0.0407871042218156,0.019257743987906945,0.18750788827458995,0.18514033404623578,True
170,0.029217703910306494,0.14474855839836526,0.04144996526122657,0.12295413023881754,0.019425616769246187,0.08004360639634728,0.13106891695079606,0.0627820632942017,0.015793393529963142,0.35251604525072966,True
171,0.07013047366421864,0.08398515678314258,0.24763134825895317,0.05063436939847174,0.003288236658877049,0.20666362101903468,0.03446815759698868,0.04298129149315921,0.2515884761167498,0.008628869010404402,True
172,0.00035930872325415966,0.045379429520841515,0.0008605135260469558,0.1606385988931669,0.47318706019405893,0.013634014568200573,0.02134289831924595,0.1008613046677585,0.0979377945771399,0.08579907701028663,True
173,0.0043896529013821226,0.17401290032999747,0.2309735793035958,0.08122217077679185,0.04063949001660146,0.01808207314075277,0.08640864918863442,0.025230496609610718,0.05271585323241463,0.2863251345002188,True
174,0.18880582275374702,0.1251964394237071,0.23688062237444238,0.030186528627121078,0.08660996545107506,0.22881074172428406,0.03108243953552843,0.0447900868951791,0.02430575693695853,0.0033315962779572783,True
175,0.08213603356647513,0.15869622641715508,0.03102300046484689,0.008710424955879793,0.26775785539660624,0.052711429386348915,0.05205445382154041,0.2061996613372971,0.042925842716059606,0.09778507193779076,True
176,0.0012947657503329932,0.027619405130291454,0.18827475310364863,0.09464029109336929,0.36786605509275316,0.1241073425165257,0.09774394684152418,0.00014255591373354466,0.03340548927473806,0.06490539528308294,True
177,0.08516351963281633,0.267831024964868,0.05844210988988548,0.09240401956447916,0.05444777391456521,0.05852938994448073,0.08932130048360941,0.1503132196748193,0.059290491879738644,0.08425715005073768,True
178,0.02715206336746141,0.01565052157548341,0.09265934615558309,0.2092685828632458,4.282988088147968e-05,0.2595433462022443,0.1157955995034183,0.17283473633674162,0.01467834975549128,0.09237462435944943,True
179,0.19602877259499008,0.18438018597241815,0.23890547894767963,0.011273632531259766,0.03682293481484806,0.11376103935057524,0.03239827329306219,0.08427339466600291,0.007751630640809677,0.09440465718835438,True
180,0.25213943918026266,0.1656324190598455,0.03585369601970381,0.005267790633876029,0.24318218776157013,0.007980913517540262,0.11987669277821378,0.05206467652745618,0.037798777106170925,0.08020340741536076,True
181,0.3167499120580549,0.046209371636569026,0.06685925404967817,0.11889326721060015,0.1306786275710696,0.002982066754146766,0.19735736526126607,0.0004063202025439532,0.0005430806189330754,0.11932073463713833,True
182,0.15754074499148463,0.00848588769432202,0.1113625772240693,0.02475537803258444,0.051549085362280846,0.118041039506278,0.010040880045379175,0.19263182062917253,0.20151219374358312,0.12408039277084598,True
183,0.2527778296949521,0.03418152954250538,0.0811458563307249,0.04842194522713451,0.003176940981737718,0.08716348543547166,0.19331749506309132,0.0867727939702784,0.17960205718785188,0.03344006656625212,True
184,0.1246256984652236,0.011997487392851091,0.16382559079666614,0.0413264746525639,0.013425895187233436,0.20397346836093885,0.17167918431886647,0.017338377881399226,0.12188133840107797,0.12992648454317932,True
185,0.24685269429580048,0.03827778889413387,0.15373488381922895,0.18958407114687442,0.052234491895190194,0.07402888473164906,0.11780343672603037,0.0213887801515165,0.06059713298305936,0.045497835356516726,True
186,0.07409893435460636,0.024429669384056458,0.12819075679287006,0.16791951494418736,0.3708662003983247,0.005530397301638262,0.07336444774490582,0.04170001491655588,0.01993007944302519,0.09396998471982994,True
187,0.12621693110993515,0.3451075634688812,0.010386700821560721,0.04461641531914297,0.08030794098039687,0.08067698308074919,0.1402184113128009,0.002547034565797095,0.13226988590228267,0.0376521334384532,True
188,0.0021813363454842626,0.1576007403293751,0.09913834532486925,0.35143206047398734,0.052005836108778215,0.12911510678290994,0.06701415547245482,0.05693574736376913,0.00511382450289716,0.07946284729547468,True
