ID,strat_res0,strat_res1,strat_res2,strat_res3,strat_res4,strat_res5,strat_res6,strat_res7,strat_res8,strat_res9,alive_at_end
0,0.07867679138398842,0.06136077100209516,0.408629832102069,0.00669085753078752,0.007580943634537989,0.044925660209126785,0.012659809370161467,0.14054497889897372,0.19441603856211048,0.0445143173061494,True
1,0.31936357161547146,0.04199147529077742,0.017897627956894726,0.1156192020074409,0.07158915241965552,0.030281504072049447,0.1472030836799241,0.014064282282178736,0.14148038016183787,0.10050972051376983,True
2,0.045167685130396415,0.11195096166935121,0.30365229783834424,0.05958769053849756,0.07791337945240354,0.12041495888958058,0.06725754953938505,0.012530398547390645,0.1902479270486811,0.011277151345969606,True
3,0.01306532286735593,0.21808366028331863,0.042639644977384684,0.035095562937467635,0.29292527891731485,0.0847833957352728,0.03541456502656169,0.18018774608915997,0.02992986226473156,0.06787496090143227,True
4,0.03584425301315473,0.2824036581245463,0.001304831470202771,0.033348638996101125,0.05614915179774788,0.006545877419583414,0.06589184162721823,0.12230691755314342,0.24250794627135183,0.15369688372695037,True
5,0.10937867793343113,0.2355890293310777,0.014470494412259376,0.003426753928767161,0.030451857685254786,0.03136949759731762,0.1586914957611777,0.13013835003468235,0.25583949532008493,0.030644347995947164,True
6,0.10171025560017007,0.03264787052487,0.0812444509152659,0.04821246595557133,0.08976869226748108,0.0009792631571455893,0.16912047989153572,0.23270785290905865,0.2086363367302185,0.03497233204868312,True
7,0.1025891252170382,0.012023010997837041,0.01754373247242785,0.2650356118848391,0.018205697567742596,0.03294795423756898,0.001840011664834416,0.07708891744437375,0.34268321428764925,0.13004272422568894,True
8,0.24152044194080322,0.02329180245723385,0.2240004668616363,0.00822140367615852,0.0012180679102435869,0.09487251093124047,0.06181210401898709,0.1497235903080936,0.19329113462576072,0.002048477269842649,True
9,0.18145941858965928,0.028278787125677482,0.06047670366161787,0.1483055710287568,0.000665121637959811,0.06587289055764091,0.16609169160552795,0.004171818884713969,0.1470791268112047,0.19759887009724122,True
10,0.12466891854598741,0.25387133135969986,0.126331199988659,0.34313786543851604,0.05337512035285936,0.03286158584487543,0.011032132183565796,0.025821098873475955,0.01156104226816829,0.017339705144192762,True
11,0.11888385609149754,0.07887311203844283,0.08362376304935683,0.3263269919882309,0.006660418728950713,0.08236193259983529,0.0073177128434848936,0.1742954058978822,0.0715445831168505,0.05011222364546826,True
12,0.04371058622174099,0.010196989139774376,0.03496003310581487,0.04877500095440962,0.0245629867148144,0.2340259975999106,0.3888697175878402,0.14540368064565906,0.06408908744481792,0.005405920585218,True
13,0.03655068346233378,0.0960216357756688,0.009138357539714963,0.12370493464821353,0.16337131145258513,0.078217072745293,0.3728610252154214,0.03442899451989209,0.06830783085535666,0.017398153785520516,True
14,0.1291973071678662,0.0008464215038299014,0.036666052989214125,0.0737209290730415,0.030159451780437337,0.042177898358850635,0.20471006957652277,0.051417160798937246,0.044352500196898084,0.38675220855440223,True
15,0.26467409087200056,0.07553138400314681,0.11225662688885658,0.0448992104163911,0.012311148973763703,0.07352407350299714,0.12742494772332885,0.10980798223002501,0.15088170161004733,0.028688833779442997,True
16,0.05702294404069862,0.06980727601032893,0.012299849585204765,0.10504408880203812,0.19034705753253608,0.19963936579629965,0.004735788882864731,0.05975950876453918,0.21762568929031836,0.08371843129517155,True
17,0.16869598864061527,0.05002707068662928,0.0024414146158526443,0.1928766642242575,0.19229055083468807,0.0897021528500157,0.09439147893995727,0.004604878667201835,0.10890206518631755,0.09606773535446482,True
18,0.050622021301664835,0.09059871981534237,0.07890060176476024,0.10795301407124779,0.007639713446691296,0.30569472745193293,0.02479096499238993,0.19851018959513794,0.09462520354127264,0.04066484401956008,True
19,0.10098337145504527,0.31486895269215776,0.07872395062226045,0.0432746888839755,0.10348425996813919,0.1414738036092843,0.022500091409684536,0.12761853912724785,0.053728560428872224,0.013343781803332922,True
20,0.029278143074811306,0.07188929072524242,0.10599389713686745,0.0208982835484497,0.13116057900945166,0.016653342612373667,0.23713171697865162,0.25271294383661974,0.06583754131876705,0.06844426175876553,True
21,0.028580286665256173,0.055524650250332604,0.03383892885630335,0.19938865395258207,0.1271650257475221,0.05112444810030391,0.05302516884742271,0.05811577121656735,0.16389763266036336,0.22933943370334642,True
22,0.0796492610230798,0.13974787193316263,0.10809985041291734,0.05263131942932608,0.17845493959477335,0.09980203535902218,0.022579575714929214,0.2051597682303303,0.07970158841386528,0.0341737898885938,True
23,0.06333981666272985,0.0637430106354476,0.10087447910037838,0.07795181488804187,0.1163958551149905,0.3001622062135099,0.03644371285142814,0.1679850232682197,0.054101407809161534,0.01900267345609243,True
24,0.03793897618905318,0.1154878993393561,0.1818546926048294,0.17496727371813434,0.024287897998405437,0.09540181551387154,0.06313383858894586,0.03823466112206129,0.0659056489993642,0.20278729592597858,True
25,0.20178251110898404,0.05535998824634629,0.14734412908029346,0.02271199894471229,0.14150177899845165,0.013899564563134929,0.005187795125562808,0.02248327218537665,0.05796097524563754,0.3317679865015003,True
26,0.06911271985265449,0.2546436111398925,0.06304418460105503,0.1505376519271494,0.024312058055967926,0.016439988903548114,0.12998334929994337,0.01834322736363875,0.25113442850367257,0.022448780352477816,True
27,0.23153842717302386,0.049188014546767106,0.12565975845395388,0.0040514229373360975,0.0646275759596978,0.1937182226758538,0.14466899618579593,0.02469372371060201,0.15643943358609572,0.005414424770873815,True
28,0.21532165393430544,0.27112276573604294,0.05182382093942122,0.02323368615571659,0.044237232089409516,0.022405736603291475,0.03359494428090568,0.11444880814176221,0.0015856916771883874,0.22222566044195668,True
29,0.11014829804019023,0.0348179259191178,0.1950017772153105,0.01434379624753046,0.030544888414403903,0.04112351861718589,0.33817118462326884,0.10635502397533361,0.04627395202364018,0.08321963492401863,True
30,0.006915168410670427,0.049466847777317906,0.21180714967262343,0.2282053933759701,0.13075556864067178,0.043025064141409615,0.2540277505956138,0.02762672356934488,0.006745071631384436,0.04142526218499368,True
31,0.05491500384406089,0.014313976515825761,0.1369431986721578,0.053805470088836814,0.18237736768244467,0.029398488169703023,0.17472327145614527,0.005419477256200817,0.25787018914658966,0.09023355716803534,True
32,0.06629465809611537,0.1386152272584366,0.30242481902009094,0.06476216474272947,0.07766450002168965,0.008298047054832584,0.02478109963105695,0.16823417360025356,0.13074046065063422,0.018184849924160768,True
33,0.0866395040862486,0.06284194559803753,0.005989833134234212,0.20977905581003714,0.09105856946206482,0.028164004576554193,0.08182320672420451,0.08833127554509727,0.16511276831060076,0.18025983675292093,True
34,0.04991081006671206,0.03460907212750744,0.010633556021074188,0.23688602306147172,0.09610957038980868,0.034455331660275715,0.1675721999992809,0.14050294268382507,0.10594990737030459,0.12337058661973965,True
35,0.19845428563998793,0.08060484183404092,0.11658002257589754,0.04395442761480383,0.04499112786465251,0.04365806253039982,0.06533750166164198,0.18231795440411697,0.1853542205341215,0.03874755534033702,True
36,0.1899473969979812,0.06422223747450222,0.15999708401034282,0.07022911852641522,0.05611587267999636,0.14999623726303787,0.08279641919059806,0.10136076425638835,0.0707350299041677,0.054599839696570125,True
37,0.03594574605732546,0.21719403355998898,0.07405066810783509,0.24485016914796753,0.03882269968943438,0.05385480013080561,0.0046889827705664895,0.14916712116129796,0.0253406272606583,0.15608515211412025,True
38,0.019799758718299615,0.02725486342301615,0.04345195285181464,0.049389286115506546,0.0013854764033689906,0.13004069868314044,0.051551525997969985,0.012189776776877822,0.19842759053129563,0.46650907049871004,True
39,0.23009078754517176,0.05374968282604661,0.021734380030903992,0.17473578215837193,0.018454998807939084,0.03906449275316476,0.10758419148769631,0.005742688456311844,0.247168678905893,0.10167431702850076,True
40,0.12802280558972884,0.2095901347459482,0.047723918521401995,0.02525926526224441,0.06240998074097682,0.13048343058624928,0.03952835909474731,0.1724090205641316,0.09981798250462645,0.08475510238994517,True
41,0.11511842565171511,0.06432766035110224,0.11940520395486774,0.006815579735312847,0.1987019457391665,0.02462882087131073,0.015896635367469106,0.19274124328622633,0.1486088982496563,0.11375558679317305,True
42,0.23270818572569302,0.20519860253601577,0.0744396130841014,0.006168929884915495,0.17215412387868176,0.023872620606715515,0.1116469485818995,0.051521868171142335,0.11398737089914693,0.008301736631688383,True
43,0.08751017747937628,0.023480308062513906,0.002877859394735285,0.05499118890508424,0.011639466398693324,0.09135944148927949,0.05710257990276798,0.5129481302161296,0.04161025218651568,0.11648059596490419,True
44,0.24918698409787032,0.1015046325723845,0.0347356021548286,0.03723491461709831,0.04955583435406348,0.2927888427759556,0.13927497088487642,0.03325726547751013,0.007907741348668468,0.05455321171674397,True
45,0.09402849333966713,0.01420013359800715,0.0264052339897905,0.06514649198946193,0.3784848018827237,0.08654218333774735,0.1719824527285487,0.053534049378915885,0.035300965231706914,0.07437519452343071,True
46,0.04901030525812565,0.4513414986652504,0.05886705354966018,0.07729254765911327,0.10300644232277499,0.02490042116362534,0.17067141451707313,0.01338136426649219,0.017381738200184228,0.03414721439770063,True
47,0.008921761713778713,0.05669134118478356,0.1096419877122858,0.24435291194871758,0.06970506503206589,0.07179509347146258,0.059970732034650406,0.24218230841595484,0.06599405576355319,0.07074474272274742,True
48,0.039475703584439636,0.13165694337493475,0.18145160994861198,0.0523839690307184,0.04086098780743808,0.06255094691942288,0.2205254609745105,0.07404881703239839,0.05618917106463981,0.14085639026288566,True
49,0.21663146793832022,0.18979827692479218,0.19412909698398287,0.058362443717263235,0.06532905845910715,0.032660605404612346,0.05562754175462686,0.04063192767204477,0.13478387484016208,0.01204570630508836,True
50,0.18837013541470726,0.06064386631987993,0.10058303107254614,0.29484129203748716,0.0596796704912691,0.15637662461941906,0.02984504356253356,0.014144139499695526,0.051465134740280534,0.04405106224218177,True
51,0.02855744418639589,0.11294604382148274,0.03664506347863733,0.03037782212446462,0.1779373043609749,0.1363199935909666,0.08549774766456283,0.2324140604648609,0.14021891074376613,0.019085609563888016,True
52,0.025644964271367855,0.1221309938189649,0.16216987627099566,0.40268690386879463,0.004591529740876701,0.05064928091405137,0.07431721368763065,0.013850438137632783,0.13900734399827844,0.004951455291407183,True
53,0.12021616216128901,0.11439315040786828,0.13730570431593558,0.040658268732245886,0.20114549217237596,0.15617693657721882,0.022950845676198622,0.04859493100997282,0.09138008291455275,0.06717842603234217,True
54,0.08191068664280315,0.023759289693428887,0.16156945719052843,0.013574014869240255,0.07375681265497729,0.007144424037679902,0.0005233088505730623,0.2097491195471079,0.36874436573782465,0.05926852077583654,True
55,0.025946958299513736,0.002775706556170332,0.34681824905951897,0.031211801236620592,0.02762242858481189,0.12180759018554015,0.04687562357108451,0.09688292840512366,0.21762752706874675,0.08243118703286949,True
56,0.012167693326880202,0.05174459337787303,0.2600984318874139,0.20546849868520567,0.0844976099127284,0.0989940195938218,0.03571573253511096,0.09084483067410855,0.09092004972980298,0.06954854027705468,True
57,0.017728238291420177,0.060629933445504776,0.09125925019056254,0.040990272364664085,0.15517751369570634,0.2590218791575243,0.056177906676093035,0.024244758794176386,0.2223401098315392,0.07243013755280901,True
58,0.2173810314425294,0.012630992383743782,0.090040579076118,0.007351778473224794,0.16214540175849138,0.15367424217611483,0.07706138147945198,0.18014766279512848,0.031195976082385047,0.06837095433281236,True
59,0.005365119691372305,0.0508866109930124,0.046002100511572754,0.10295552516344181,0.028297531582181918,0.37461499642429247,0.10362369562299135,0.18179838375941476,0.013288450657568562,0.0931675855941516,True
60,0.35812281946420305,0.017504811878354096,0.037630265592420116,0.022947024524356322,0.12826392563566386,0.005331280532566155,0.03064308059487508,0.28060823127596246,0.0543578581353484,0.06459070236625046,True
61,0.056485901319290474,0.37000948206981155,0.10844277548821384,0.030041805610694836,0.06565991356870703,0.06218042880840278,0.045301019240796415,0.13623557451572813,0.06652157022240793,0.05912152915594702,True
62,0.11109012601675086,0.038611215292835045,0.1367876240777357,0.20012967193070177,0.010889963928427417,0.08412623286590384,0.009193330660151796,0.2653835201066486,0.12423781411537015,0.019550501005474803,True
63,0.15245613825880783,0.11946133975576693,0.21164964132637404,0.009638114735209004,0.09447817190749705,0.13285518457626982,0.04056618124180753,0.1488778189213574,0.03851344655332682,0.05150396272358363,True
64,0.05337857365406317,0.017208750929973867,0.014927100167000778,0.054897242729031986,0.006637042600605181,0.27205068386008535,0.07494299309940362,0.12314454537535932,0.3073866615676378,0.0754264060168389,True
65,0.06196725416409468,0.08155579584319216,0.012519675097480082,0.11618573783806486,0.21052856330749473,0.1982002440572386,0.009221554524378969,0.16209654696065146,0.06776346007258802,0.07996116813481663,True
66,0.030824500915266576,0.05281250034915955,0.4072140229061336,0.10868456408214233,0.006786545509726044,0.06633203961666506,0.03345232879789316,0.17843122826783717,0.021595093827653972,0.09386717572752243,True
67,0.07556387686183842,0.41255832791683955,0.008792138104760013,0.005593750527245431,0.04231756020768918,0.0707823630122762,0.06853764203943813,0.059583548085250536,0.14715444238085149,0.10911635086381088,True
68,0.06023996434590675,0.18433036842971948,0.03237313853453485,0.07037429135321727,0.05209656664895484,0.06579389659749452,0.2349452111566264,0.07036315106960171,0.02473806616530069,0.20474534569864344,True
69,0.22661418378331033,0.04390013231223397,0.05785133441158055,0.18421757805796446,0.02007501834228083,0.09325658331324393,0.00690781763029056,0.09443197195649292,0.09079201270226435,0.18195336749033805,True
70,0.10369316884264425,0.1633044831730841,0.0621489317918974,0.0884704001297678,0.26626512601810176,0.031910197275301394,0.007491778068392595,0.05558226672185529,0.19171169818502914,0.029421949793926212,True
71,0.008401980673375229,0.004427995682522555,0.08923064609251405,0.13049957890551284,0.15529257726176604,0.028410851057767528,0.07720727741691333,0.29904628531477173,0.06060077413156527,0.14688203346329132,True
72,0.0926072938926193,0.2795074540983498,0.05657819039428887,0.03701920275644564,0.19475856883772485,0.006540049628560767,0.273154087640359,0.0045378538663518675,0.03882836921218756,0.016468929673112448,True
73,0.06010293037621402,0.12214432130757939,0.04335880581869084,0.1892343423218853,0.10192235410354952,0.19594566528877447,0.054553356694016265,0.018777938142336678,0.12005589219577124,0.09390439375118236,True
74,0.04657558932536202,0.13752523431979694,0.36231788882748583,0.06345149415076183,0.029987156472692806,0.07778685789880155,0.0765685167501201,0.017788696233297638,0.08364401753472715,0.10435454848695419,True
75,0.10390346801834593,0.07232586140322748,0.25286854127224184,0.029643710585653252,0.10495446552306975,0.09744397528576319,0.007725157445843892,0.008522761902945864,0.3014272414440965,0.02118481711881212,True
76,0.12543612345887536,0.17312024437873458,0.018132146179989768,0.1790446901058969,0.06453407899395701,0.09935935344167572,0.037404402402706434,0.008661084815708186,0.03673957347016257,0.2575683027522935,True
77,0.3125561728556327,0.04005542905917974,0.12207709419675122,0.12002098166544309,0.0708461094812543,0.026249616857546534,0.06489394705806793,0.03363502150754289,0.10825656625903128,0.10140906105955033,True
78,0.0411655507674042,0.3469732444738684,0.19088150797262507,0.090167633824734,0.02068656872307201,0.014449959871006609,0.06099488860803603,0.10299604441794862,0.024558674248227285,0.10712592709307789,True
79,0.05474821707390923,0.06095972711946333,0.012957387843582243,0.03288972316269858,0.15093241076031175,0.13236635566786586,0.18040835001112787,0.31819526426512634,0.046503294517370605,0.010039269578544195,True
80,0.023717680394364324,0.01358279073139452,0.05578052215084963,8.934595296689537e-05,0.1411119457304618,0.3345899840684796,0.15077143335977386,0.028311468931322453,0.186111316133994,0.06593351254639278,True
81,0.028462220261333427,0.004698327040445432,0.07161914143209745,0.05579868135462246,0.33551000131570397,0.06803148003821675,0.0010095449842617411,0.02717217435211239,0.32793630137811597,0.07976212784309031,True
82,0.04595174413357736,0.13711009753458192,0.03418755397977001,0.039295856267893184,0.07304078097713164,0.026619907606910333,0.21708437938684993,0.06986697349166109,0.10425956535445528,0.2525831412671692,True
83,0.12926477636938263,0.02142509993109198,0.18501452321479256,0.07289925168977518,0.08242129669806263,0.051306952744996796,0.18979144891533337,0.012136897866655645,0.154093885082733,0.10164586748717627,True
84,0.05714923760335261,0.11038712552546005,0.41615857001745965,0.03891903365038745,0.032022753885733765,0.18605773459082062,0.017883579749394085,0.108360825079957,0.00019470370173707484,0.03286643619569786,True
85,0.15491510498811162,0.19681864645639902,0.04396313904962572,0.07165770550920879,0.08207512628843601,0.060125722357147506,0.12683611834366337,0.204397833252843,0.048127246605931005,0.011083357148633809,True
86,0.030902819233104777,0.1471624994715119,0.041023285472958415,0.11197836118434538,0.0767267713096955,0.16202486674882785,0.07964534001821272,0.06307621051241914,0.09156463220332199,0.1958952138456022,True
87,0.06098799237782353,0.07144758764484557,0.10852400880427403,0.029757129890813968,0.0725424707905426,0.003764335606645827,0.44273419323315905,0.019805080896679986,0.06491550685591323,0.1255216938993024,True
88,0.36959702243459147,0.02635169218866892,0.08281811151438526,0.11488712822391728,0.10862488956237,0.06321819603706054,0.019014055374154015,0.08714077705149449,0.06112072575943314,0.06722740185392483,True
89,0.06660277182536778,0.01898609707960826,4.623645504644368e-05,0.2791557308742586,0.00867502840082906,0.23601861804153637,0.25434657477757344,0.011373985391789163,0.11167389018852471,0.013121066965466171,True
90,0.011824936647943334,0.20702130899691354,0.03018220043828747,0.015295333543949664,0.019207205645852838,0.20523079246694936,0.020495688962650586,0.008929097856773776,0.19477051722227434,0.28704291821840505,True
91,0.0885484074660336,0.014491934010812212,0.10186220685575689,0.04774799531649044,0.008731869353310617,0.22634794441957512,0.3910027742409585,0.005533500118707424,0.07792267883251092,0.037810689385844344,True
92,0.2956274571717336,0.013305747981539362,0.07072702464425071,0.05961068080215003,0.2205430735942096,0.07994306172505382,0.02669319863087878,0.006395987641372815,0.12694273512174625,0.10021103268706504,True
93,0.049364705653566335,0.26205426511621016,0.029080661810993256,0.12061674577005155,0.026048554781277967,0.1684780929885793,0.11236754731133397,0.008139614506096779,0.034552657526624495,0.18929715453526633,True
94,0.011832422204248244,0.03025319551809287,0.08833172501960812,0.4510139647723067,0.03020128086962086,0.029397453277702015,0.13723959254459459,0.008919672920061798,0.022965184797810782,0.18984550807595396,True
95,0.3364484199744747,0.027038538472441875,0.10643394197889162,0.030241042545106407,0.1430350605213908,0.020616336553324534,0.1104315941344778,0.0013604356703171138,0.1043439689211335,0.12005066122844152,True
96,0.10704284217499098,0.013050305191533674,0.20373222799490692,0.009061486480736892,0.026999986631017044,0.037045588373369825,0.00847547694642364,0.16164342311673105,0.3352121640572012,0.09773649903308883,True
97,0.14145059605248397,0.03494303217795582,0.04791897409103076,0.009301515134328003,0.026149528723769876,0.11662010334406503,0.03579230006605381,0.09357689541606148,0.11572852479990096,0.37851853019435033,True
98,0.01158423940513389,0.4775859768375026,0.1740471208019765,0.13475524140532627,0.03225648766619672,0.021616624362374662,0.06237558680977113,0.01259850047994903,0.046911584518363435,0.02626863771340563,True
99,0.0011547729032148168,0.01536667783201705,0.2334597755523891,0.2235260255028953,0.06878024351992792,0.03532351475086312,0.23844415127765003,0.05921752030447577,0.03018091791744944,0.09454640043911748,True
100,0.042008386806600864,0.004694912672928836,0.004148503700995068,0.37659598443870596,0.06934121465510405,0.09723516628797116,0.10536680610982091,0.15974169149243095,0.07752875607831555,0.06333857775712654,True
101,0.06210995403465744,0.2552904343482637,0.07147200745029403,0.06544269904625509,0.05119630415456458,0.13291356513317593,0.0060771101843524475,0.03088004159618472,0.08135348863510358,0.2432643954171486,True
102,0.014911501890845714,0.09694770104191057,0.058788833229335015,0.07335793310423352,0.01233868492375505,0.35868330124245085,0.20334874007244097,0.013131462236203383,0.1132187634709982,0.05527307878782675,True
103,0.006062838381435671,0.016935002334358625,0.07448877365085069,0.1086650651495693,0.13508411480144228,0.20240203241807833,0.049814166325046295,0.3082811316312139,0.06277804889268108,0.035488826415323756,True
104,0.09690358747226929,0.1015510558941946,0.13206511696666595,0.008921360889284654,0.17122000673923485,0.22742331235649885,0.055928718384365146,0.11018854407852244,0.004319819629292348,0.09147847758967179,True
105,0.29145152848247574,0.026931014935643892,0.031094574760133494,0.09277244330079422,0.12764965655947066,0.014203128598378724,0.04325729464495525,0.06403938169919954,0.08381847044280136,0.2247825065761471,True
106,0.02664350633972293,0.2916039105385989,0.039457286045359696,0.119897649710691,0.0895682334052213,0.009327427580545349,0.14435844020812078,0.015914001062418748,0.010228482773149064,0.25300106233617226,True
107,0.1663714660246758,0.09901429220357624,0.041386901777717526,0.3001925756426225,0.04263245100703192,0.13064724249358825,0.0032040595498399453,0.11478086494692646,0.04439697041060521,0.05737317594341608,True
108,0.02685853126622523,0.025622481782790866,0.16475445881842685,0.12328689586366784,0.020439463973560276,0.005053968414746171,0.3456899052102471,0.1347970884684857,0.023786290319061484,0.1297109158827886,True
109,0.16851855938844904,0.04327446739315822,0.06674556547321112,0.049237930542362196,0.01953341134941179,0.0030894137523358933,0.026581779448150624,0.19816351942249227,0.05842687985300754,0.36642847337742135,True
110,0.20088038431472321,0.10699848932325955,0.4102141530644548,0.05843040497416542,0.007866703702157921,0.012183532679594433,0.08367638359847382,0.042437123908080486,0.06358982468429944,0.013722999750790974,True
111,0.027212260515669502,0.053449506487459005,0.114208693851213,0.2434034324474651,0.02701499534865648,0.07584229010674805,0.2402041495839393,0.09270943630956271,0.034406198366258654,0.09154903698302837,True
112,0.0011417704580329844,0.12975595031183,0.02182389737463273,0.08959409861879432,0.07629614883165978,0.010719898226284998,0.040860865334926146,0.34191101509466454,0.06209343395724248,0.2258029217919321,True
113,0.015990558041459824,0.031222731121943247,0.017067984631649182,0.013233752623496929,0.17132891523187127,0.06554157718430961,0.5717730138822175,0.07514033800506066,0.008409068543409198,0.030292060734582744,True
114,0.07510195609257629,0.07934475152151373,0.046730634302211936,0.031929890259971595,0.13770811130909552,0.01095425859019557,0.31904607147390107,0.005058698700361969,0.19098084631439455,0.10314478143577772,True
115,0.05959875396998693,0.19206078868782403,0.11251017059588077,0.08838367532678165,0.008309583757391513,0.2505469029595966,0.1613255735949002,0.07291250039504639,0.015840602887864708,0.03851144782472724,True
116,0.05896815182429034,0.18208435642321646,0.03054141191113664,0.0869780712493995,0.05295929557952402,0.01503729022553835,0.20341244943710451,0.023832850779446687,0.05834166213668977,0.2878444604336537,True
117,0.09659175779307198,0.02444183770769064,0.053313498126744074,0.03847253822203569,0.06446944163596885,0.4615967756380067,0.01692225649643559,0.15081924578669148,0.07885983058873312,0.014512818004621682,True
118,0.176524027359104,0.01842409589283039,0.021310426293131467,0.10162430323656367,0.5305131693345482,0.0005723047143619861,0.09309147302308855,0.02173387142067975,0.02799641973050815,0.00820990899518403,True
119,0.09625314374971572,0.006242446969015707,0.12830021037103329,0.021415415045408264,0.09088994198858852,0.08133389422398886,0.0800206948994052,0.19337570966032344,0.09631480041352573,0.2058537426789953,True
120,0.08740061257706182,0.08966870802084212,0.22099480356503706,0.12054917950908887,0.12668425885133228,0.15499567327376151,0.1351578906315281,0.010219111702743117,0.005487153044725868,0.048842608823879134,True
121,0.0296677176018641,0.0678941854512051,0.007315161940150598,0.460306137232388,0.13976305706303613,0.09782638759019849,0.04271342982987421,0.04655904045567618,0.09915790326097526,0.008796979574631991,True
122,0.07554824111263277,0.007591704721954866,0.12868872370826065,0.2428775684310864,0.05743673845292954,0.12076391673497773,0.1690379493304792,0.11543608836355104,0.05038277315023711,0.03223629599389067,True
123,0.12229675186006536,0.007220885822935679,0.1387549908047193,0.06448499584458678,0.04404536623194978,0.2673733135544659,0.19298125399691096,0.02268802945327951,0.08564461967627206,0.0545097927548147,True
124,0.021440332137533966,0.038110382794397824,0.18745652872972177,0.2363784837045869,0.0232474253972929,0.20241220869197546,0.12772378594610898,0.07369855048956671,0.048065605049267546,0.041466697059548085,True
125,0.11665582720565958,0.04367282587297884,0.1521772768458952,0.082299481712718,0.25243970786409997,0.053137010711540415,0.05050274843343635,0.12985841583749272,0.0894797345797557,0.02977697093642313,True
126,0.028269569464760155,0.03243568391368908,0.0851909690973885,0.08478049008802056,0.055024959315424525,0.0012487261721558526,0.1995265861941524,0.10033092971715801,0.29261776587126676,0.12057432016598416,True
127,0.13797189160314613,0.030226954749402905,0.007934048977048046,0.25298231800356014,0.019946792405459345,0.07404838343092879,0.15515304831288954,0.11641854533045733,0.009862986275938953,0.19545503091116886,True
128,0.16585643703773975,0.003243032935819844,0.2897167143293087,0.0920750474608691,0.0016080882740932955,0.013336157265536133,0.044733714840901044,0.29973225101595347,0.08255925995801193,0.007139296881766742,True
129,0.012936763608060205,0.03337334756769534,0.1570015819514246,0.02693238338041057,0.13034806741635643,0.007215743687600912,0.15967981797561334,0.31400180503941977,0.04810397353855467,0.11040651583486409,True
130,0.07589359786352039,0.15285737563235613,0.16306441850527506,0.020066929582298876,0.04694842467973818,0.0386417287767971,0.24738869775966393,0.05387674078307277,0.16524852572460078,0.03601356069267679,True
131,0.02393606142489336,0.08336297875776648,0.10398633382770824,0.08314580866203633,0.11715523713116169,0.1284102209422393,0.13440446434246792,0.1931407920009752,0.061113736503470066,0.07134436640728148,True
132,0.0014524522651582518,0.03491594301718696,0.30344952642652584,0.2312506476873806,0.016424680487638624,0.038616181864579824,0.01936205837905207,0.15712051037084454,0.12956128490914648,0.06784671459248662,True
133,0.11732470979127035,0.0817259035600051,0.058159185569654895,0.064590596000572,0.048018955886134015,0.05812062053662363,0.14317068831538288,0.02866909222269017,0.3526239523001417,0.047596295817525204,True
134,0.24908792992485718,0.07227952478075325,0.0740739471911455,0.0024271570503005715,0.14964674220712304,0.044977761177437056,0.10037662995244526,0.10111775630218968,0.033629020341919474,0.1723835310718291,True
135,0.019503336213900158,0.020501309605119214,0.17194522365684564,0.0033942780664997997,0.348459048987297,0.08738763024506255,0.09095856255069114,0.006559119958748902,0.05217385500359947,0.19911763571223592,True
136,0.005261337768604192,0.34780382817321215,0.06856210872244194,0.10751130599193776,0.1176513177357265,0.03046562455764714,0.08719069692300523,0.0885399778751903,0.12225699522874628,0.02475680702348861,True
137,0.013043686976741535,0.047704177142477974,0.16643647778988283,0.0683906207218532,0.1281808649252089,0.053269637505822566,0.02513182237737981,0.044409601318065914,0.18086488174383253,0.27256822949873477,True
138,0.0661723398866128,0.012446133919054136,0.3474458785406754,0.15193345837035868,0.00022359945949808202,0.0019182070061625808,0.16376253238837835,0.1520915031206335,0.016669837796518327,0.08733650951210808,True
139,0.12662173504086943,0.0994102523829539,0.24036628783553782,0.018933583438471697,0.04170104432229917,0.18450898241712604,0.14245989797161804,0.0402630845329827,0.06329355847788258,0.042441573580258435,True
140,0.003567157898347694,0.13371637601448652,0.07033580710824701,0.05979627408705926,0.11938719350237209,0.04753661854455184,0.08011711387537639,0.1769215588173453,0.06282325297198857,0.2457986471802253,True
141,0.27447291258257667,0.2213902462941659,0.04456650947044886,0.07463363117838243,0.04859410716603455,0.12167160391742142,0.0006830991729228401,0.03436171873176669,0.12179907214824245,0.05782709933803828,True
142,0.13851819035796578,0.02375667864069017,0.00026916093468734104,0.101818241638766,0.027370257988237525,0.10958077508401702,0.17461519112755264,0.24593068681651398,0.06484529119312675,0.11329552621844273,True
143,0.008952994048835452,0.01660396541826235,0.04018065015153689,0.05450598417959283,0.32681682793456057,0.2960821079099563,0.022412319423407337,0.03407413744645871,0.06572195675119259,0.13464905673619687,True
144,0.18671988549130272,0.13017081621258644,0.05817892071319808,0.022941449136115198,0.04540780824040368,0.2240393610984582,0.1122559196506054,0.13066585049198606,0.03737351698602558,0.05224647197931854,True
145,0.2597823671894634,0.19527169639831604,0.1151248610474904,0.0900365097192792,0.047962371068121755,0.015296736788936238,0.1775492536345532,0.009948016723694629,0.07929735192425744,0.009730835505887683,True
146,0.22794586679753093,0.2007453936144632,0.10739842247671609,0.076784067134383,0.06488679113292599,0.001299459464094408,0.04259367744331332,0.1990385388419369,0.004495129768656658,0.07481265332597963,True
147,0.17205636475550717,0.13702358700254694,0.13179435294270148,0.025960528048796495,0.17448006321121878,0.07226522737699602,0.21282343002217638,0.021911799231588973,0.03229328127747489,0.01939136613099285,True
148,0.05854147223685405,0.02660247901398313,0.04752597699363972,0.26460838906008927,0.10656088508696099,0.06656413376222169,0.004077424379144721,0.22095248476396714,0.12224963869336676,0.08231711600977246,True
149,0.13533943952630398,0.08177906909136486,0.11621740162633293,0.07754118595307193,0.0043041911734787155,0.06404035058347775,0.10876269826110438,0.1073969880434263,0.2735631440969248,0.031055531644514488,True
150,0.196491511197511,0.14885895323403775,0.002302649198173999,0.015439311762586495,0.1762677244811144,0.0017697362301297413,0.1951988114640125,0.0010301438677001993,0.2555673700358976,0.007073788528836146,True
151,0.06136438148288377,0.14369649908650414,0.24958109022421796,0.18035299160837226,0.14783772300135684,0.0032983089352245447,0.008903007028728377,0.13886245112211812,0.011015387313255052,0.05508816019733909,True
152,0.09588265528999322,0.06295495340487459,0.03339052001324463,0.12776432149463374,0.09470672077853605,0.03704270273192071,0.145209129914662,0.29372380680407095,0.06262947477340008,0.046695714794664216,True
153,0.03229422968064654,0.09025399724874394,0.20371637834341288,0.0932103939891633,0.030848553932636445,0.02860480515629035,0.11383578689246986,0.31077193451325424,0.007225390778039239,0.08923852946534329,True
154,0.15027303299393951,0.028548510055138435,0.09534217835266075,0.1909778880154591,0.04143941513462226,0.047905226068815386,0.015281222460024172,0.2603953546353991,0.09225533423314652,0.0775818380507948,True
155,0.19128491386644872,0.22081860026097555,0.02266745595015679,0.19512224166811637,0.16927094007785515,0.0007386020582465237,0.019726632800038193,0.08868892205241458,0.08175611065938862,0.009925580606359423,True
156,0.09372017080014246,0.04440574847711706,0.09644714147358689,0.01160469305048358,0.05253948513254503,0.1093007445473916,0.2137992537351936,0.015200319311898596,0.11437865348307061,0.24860378998857052,True
157,0.057315193745204086,0.014272122435544723,0.1783003829294335,0.010637728017608547,0.041883702689126306,0.11586511541431248,0.048170310735578245,0.02967719559479038,0.04529580276899637,0.45858244566940537,True
158,0.07051394399066904,0.12313881424340145,0.03494652686415895,0.014707277783423109,0.06161554565955412,0.10924574001028321,0.31467474907688786,0.12899356192350253,0.13965141893669092,0.0025124215114287777,True
159,0.004749583469269369,0.140081495621577,0.0005030838642587384,0.01646727421870633,0.0656353447008004,0.3043652178030018,0.00807146481807412,0.02878226203598207,0.14921707215102398,0.2821272013173062,True
160,0.06531087091998192,0.028061272536708995,0.005768104230605269,0.1589650237189101,0.04635636921440305,0.14921037466940903,0.14394367561993351,0.028646279477005033,0.1235055879551368,0.2502324416579063,True
161,0.3201053236378351,0.05035565987566825,0.05802192912257144,0.06110938143442983,0.018262324465922943,0.028658152278814148,0.0978675407192534,0.18083725881571847,0.11020706928968661,0.07457536036009989,True
162,0.0110712560079776,0.0386564795146821,0.08862211724066761,0.15154236628604895,0.012756309600313548,0.0050107672831541305,0.08539397174907007,0.21485694498401378,0.033842729570281595,0.3582470577637907,True
163,0.039589310227677976,0.2645843269425639,0.0870424314547183,0.1681662418787896,0.06921531660294337,0.21779184647455657,0.05813558701170685,0.05969488090259973,0.00915238943222791,0.026627669072215542,True
164,0.0037287589318105636,0.1821792781855577,0.18013133713008836,0.013809711794452218,0.12591845268954724,0.03692793267529099,0.052410701153664724,0.178376783761624,0.1604715653762314,0.06604547830173293,True
165,0.00537446254539187,0.21489265247344394,0.06698301913967836,0.2027328928778167,0.009093963868992836,0.0698049191552539,0.1310008087897375,0.23600695984248754,0.03292178179560328,0.031188539511594063,True
166,0.029608502011057445,0.14749734921876123,0.012546587579572131,0.048105568498355754,0.18923462352697373,0.12237114345852927,0.24156694517062816,0.040561350218785645,0.000279601872133427,0.1682283284452033,True
167,0.03865827178506819,0.33096086019647986,0.005731786242627772,0.17270073359276208,0.10269881563996051,0.009443056616937591,0.1340960624014566,0.0266601375800439,0.14141158248269475,0.0376386934619688,True
168,0.006331288338139696,0.07713687019608262,0.014780952807080939,0.22561342217806163,0.057786178605240934,0.018513748100706606,0.060015801465700055,0.21470871589029672,0.055400151724118454,0.2697128706945724,True
169,0.19570435258380894,0.032024152412253655,0.009866699124738925,0.17462839083146647,0.029284152396646834,0.3270387953827461,0.0007499064108076574,0.10533843599064559,0.012844945870786662,0.11252016899609929,True
170,0.019644346585082902,0.06381277146490114,0.2637983416936389,0.20733554771789264,0.020535985794900624,0.01967204208828595,0.01927522743917338,0.1917219369748636,0.14272468698669497,0.05147911325456571,True
171,0.030319601684687083,0.18660727558884851,0.13322827622956596,0.1566796446737109,0.16408986076602394,0.09024662420339791,0.012019776551622202,0.1195603674048352,0.012520856569651469,0.09472771632765682,True
172,0.05982523258134352,0.03193709920879463,0.12505057574046005,0.1117353911596441,0.1399169804565469,0.02062566497732645,0.0011202355922935554,0.03122962959263819,0.17003531595160404,0.30852387473934856,True
173,0.07893915063280782,0.22224799997360603,0.06492854218983642,0.052751274923482416,0.0612371385156099,0.007919756293437382,0.0014906684349189415,0.12691336327604807,0.17716364217860608,0.20640846358164694,True
174,0.1367376826668191,0.06972098523095355,0.0012519085570835893,0.1783498600393224,0.006910079650920665,0.21127063197632936,0.07894876728630137,0.10415995518032044,0.062086895716641305,0.1505632336953081,True
175,0.19142220982377822,0.141805554975216,0.04082260548194919,0.029641770062557794,0.07245549618095681,0.11287772810151464,0.012074988741487339,0.3128541617927488,0.016782404070074006,0.06926308076971725,True
176,0.13712389069119607,0.035569147997472524,0.08397569187950571,0.42060845855268963,0.07305318059745523,0.056343596698965506,0.08544255918028239,0.02084786012966424,0.010352719662355394,0.07668289461041344,True
177,0.07563116310403031,0.03213616115114627,0.07855498384793665,0.09644186132594533,0.09044442479011455,0.03142423445524949,0.021683495726464382,0.4849631771185935,0.02819779415688587,0.06052270432363384,True
178,0.10138024268894445,0.09756824496153942,0.05820118378918295,0.09390723700437748,0.16740063488290294,0.038946994383911825,0.02359328892422893,0.20434861103828653,0.03102555733112419,0.18362800499550125,True
179,0.06077032460915369,0.0372734798232196,0.29374873916900146,0.10356312122748304,0.07106225740785324,0.013919070410958856,0.14445461789679367,0.05837788811907308,0.10410191536885513,0.11272858596760832,True
180,0.12335410213247588,0.03683483468776865,0.11631565602898838,0.21583673388180877,0.023571251051302672,0.03444388340245315,0.15020144543048528,0.025913407052131257,0.09195776229285212,0.1815709240397339,True
181,0.07116577901687991,0.03823189181869592,0.272930622605725,0.04148615897657095,0.13717155278624787,0.13697694280074793,0.07140791698478126,0.1362964878640023,0.031733270395910555,0.0625993767504383,True
182,0.04929782213472218,0.08607598242389194,0.00554135902984278,0.04122992097092884,0.30572151316612,0.028829445203571752,0.03079412064955935,0.32268031294110383,0.06711698700759029,0.06271253647266906,True
183,0.1397378108947003,0.057238261706853893,0.0007492288803349558,0.07645226300609528,0.2635449134175908,0.103880310421227,0.11683056874732171,0.12666994206034027,0.07373261038612187,0.04116409047941394,True
184,0.07143062628494523,0.08015445651180372,0.010019691275454922,0.013525726318942385,0.16114433923264582,0.03527594185391773,0.41336383969525353,0.1923135777426649,0.011912540603239706,0.010859260481132225,True
185,0.03040688619857568,0.19138540440363902,0.03805063878993606,0.13396372758099845,0.01213991276738728,0.02812468544626659,0.04408970243153398,0.0700503486055121,0.050500816041959586,0.40128787773419133,True
186,0.08410311545230725,0.05611693403603091,0.09299162238419564,0.008930724660388677,0.17685710650774883,0.011869727532621279,0.024757326965194157,0.055942437323460006,0.35089715270392113,0.13753385243413202,True
187,0.05524505888623268,0.3275831175418618,0.14924421046428707,0.02297516933583422,0.13887964815945933,0.0041151943319223585,0.05685325344159393,0.1830269315627181,0.05252367521927537,0.009553741056815206,True
188,0.11334886608000766,0.10358642625106831,0.0673542592024808,0.22387509954205712,0.01587992184587668,0.11345730524079982,0.11636240301660694,0.06418940448914133,0.05453246866719456,0.12741384566476668,True
