ID,strat_res0,strat_res1,strat_res2,strat_res3,strat_res4,strat_res5,strat_res6,strat_res7,strat_res8,strat_res9,alive_at_end
0,0.0835093280551667,0.18516138280964606,0.08774191685533904,0.008858278883782477,0.07423604501881076,0.06650366247105505,0.0036269368059513784,0.24414413015859246,0.0507666075849879,0.1954517113566682,True
1,0.1941514409637766,0.08642406149497771,0.02964938951564441,0.01693231868351491,0.47927189292649164,0.007866681389521568,0.006117749126271957,0.0009386462227227331,0.026023660996608744,0.15262415868046958,True
2,0.11938248106580153,0.17477176165432823,0.1277573408958271,0.13143267571908315,0.11934810108661081,0.08113454212757075,0.1003590372675508,0.014207046592118711,0.07262875903307058,0.058978254558038255,True
3,0.07966909480471718,0.07218561965753442,0.03748714615526563,0.22382838464032503,0.11296329398517763,0.015082791105973698,0.05864766443605496,0.07379192542402638,0.06909478386283649,0.25724929592808865,True
4,0.05661986008125412,0.0024146749063165378,0.09734347450420794,0.1824361234587121,0.008318001853834382,0.144638502370913,0.17891364399935997,0.23961225532485175,0.04343688151850842,0.04626658198204179,True
5,0.05032497709899909,0.3600945164808363,0.11021448246588172,0.18108601770084334,0.018127746682226765,0.012265056245875145,0.0407445738303584,0.21400980781826942,0.005631945563898031,0.007500876112811734,True
6,0.2362409026573344,0.08320696390696859,0.049931025737638926,0.062209194467748356,0.08563578597709566,0.05824406957292808,0.027543724357283635,0.10992977202911217,0.25686367004406724,0.030194891249822893,True
7,0.35866607580726045,0.0024528717531490866,0.16275699330592916,0.1599378625195859,0.01833522771919235,0.16278556606178166,0.003873217124634294,0.12489033044142082,0.0033314275422112903,0.0029704277248352117,True
8,0.023836932237074383,0.008984693378454523,0.12462101878730897,0.12047204024028994,0.07983320441933033,0.00034543111038493247,0.038003845371305925,0.09842825000036001,0.09017064416910554,0.4153039402863854,True
9,0.007503164170904625,0.1875030166430022,0.015341833320761703,0.005990648719246363,0.12202751007428533,0.12443799720099162,0.10954600830705999,0.07608212246053238,0.3065024715748122,0.045065227528403584,True
10,0.2465921858453536,0.0019329801485431656,0.032163154652916796,0.25732812757180706,0.09135319401931492,0.0027080556888325388,0.09071832353147903,0.04745346295174193,0.03455244937667676,0.19519806621333421,True
11,0.03633219447335972,0.0851032853551298,0.09687052670206413,0.046444307397937055,0.024493060341914952,0.15723228363583855,0.08462505445871292,0.19274202219398154,0.004820361168921465,0.27133690427213986,True
12,0.22012025339003596,0.02847684811712015,0.17821129481995898,0.15666638085386855,0.10476970797694242,0.03566648721139632,0.0407956914665783,0.11629757603513345,0.11332916583246985,0.0056665942964960496,True
13,0.026186266090118704,0.18797471515692626,0.08945780264291144,0.2605617192278816,0.09374576565887005,0.14150163843467584,0.040789869901783536,0.0008226885231289283,0.08854054040888397,0.07041899395481961,True
14,0.0298970867812267,0.08137970299239947,0.21121314363938246,0.025742199427370657,0.04095499916076657,0.1002944442174458,0.09865896641493968,0.12773758691155582,0.09155472753187724,0.1925671429230355,True
15,0.007744508455733586,0.03424393628867264,0.017910210318444277,0.06394887600002316,0.004933571985601277,0.323485010589222,0.3684548545525544,0.10679399173476387,0.051085005475820684,0.021400034599164064,True
16,0.10322988483794683,0.0029047473367478658,0.14191113419730939,0.35858361030156666,0.08831518537412832,0.005307785140861812,0.05613819502122148,0.07610812192275944,0.048355650767428225,0.11914568510003003,True
17,0.2837931483673549,0.04786415609340464,0.05968377995153722,0.0596638206293194,0.08487694137565056,0.008547659324412028,0.12601836457507568,0.005336771522183853,0.14466029501548583,0.17955506314557584,True
18,0.09262008901917997,0.12631302788043786,0.030415430631385968,0.06435358408852405,0.0736443563732013,0.06292443667933706,0.16292020757912395,0.037888455005746516,0.16084232201009457,0.18807809073296877,True
19,0.2371659297924633,0.06122656230016656,0.04031998388469366,0.023620002011413874,0.055860088118078875,0.4156703849845936,0.07213726694190126,0.07694128201172157,6.25295498205736e-07,0.017057874659469195,True
20,0.11410946937447979,0.19794442047975247,0.016969584443457194,0.13474094735965067,0.25095979535709584,0.010751883477484726,0.09474622514185539,0.07982222138448657,0.09548521907187756,0.004470233909859735,True
21,0.007659049523593614,0.0596905803038651,0.20417828446327438,0.0002322751268373826,0.09009583917897082,0.4141969617398068,0.14459905858722966,0.03907622778964192,0.03701582589551235,0.003255897391267951,True
22,0.03595641482460961,0.008675191758080958,0.11005153210202535,0.04242436665551623,0.2660828178977119,0.2796441684635424,0.008509271232102381,0.09826302994734805,0.07527905471432383,0.07511415240473934,True
23,0.04062191536787279,0.0016422900885976605,0.019040661279622565,0.23347925295942737,0.050321084188767164,0.10745132311654301,0.04919196237723778,0.050176598775938726,0.000873988356650694,0.44720092348934226,True
24,0.11754193092079909,0.10081524920045697,0.0809775529750261,0.033194516456706465,0.22395664690119643,0.059078523602483654,0.001266842914652027,0.16573801159384755,0.006382822450174307,0.2110479029846574,True
25,0.10146676741207858,0.003988087586960429,0.026727292365008683,0.22140427398484674,0.03332487276190372,0.021352316457361326,0.2142328139990127,0.05731543440301342,0.26881497928948694,0.05137316174032755,True
26,0.2941950787761299,0.05537478499597031,0.2028339879324276,0.035914327593674605,0.07356881210041195,0.05345185265233035,0.14200885942662214,0.08421927348535654,0.0035019966606796584,0.05493102637639689,True
27,0.2109198768856515,5.759540854547683e-05,0.0701307502620042,0.10816418833511064,0.04780810873417323,0.2635755794307536,0.015302396283513542,0.1073259650651849,0.10717559362568697,0.06953994596937581,True
28,0.11661495710411256,0.002952661650151023,0.2524873154920733,0.07490140874236267,0.026367746970156803,0.01205320738251748,0.021471720221958934,0.30566846147971427,0.17765993412168687,0.009822586835266068,True
29,0.16482006457976922,0.3095200556896118,0.012057304455087807,0.05233216558143998,0.12064860695606075,0.042468246842827226,0.03194040230445038,0.06906514619302748,0.09098940177024824,0.10615860562747706,True
30,0.2658891011031242,0.1440094620343247,0.005516638723875847,0.059456554390728646,0.047685359998414875,0.08101219153238944,0.10546530965612838,0.055017428720398096,0.11959853414347535,0.11634941969714054,True
31,0.046381552711767735,0.2555939607538608,0.04536691785133213,0.0031885474378675906,0.06200554112660991,0.10301385833867995,0.060358867557459395,0.23454809065640994,0.06253478881739005,0.1270078747486227,True
32,0.022778797641332914,0.19833703994869814,0.0420465836621482,0.05295661867682136,0.19965044360162798,0.2169782191504851,0.027981915289302994,0.04251246351391659,0.12180619943716728,0.07495171907849935,True
33,0.23885204520045766,0.211040139493377,0.06107425517763564,0.03514779305865481,0.14358444083102806,0.16799041883885346,0.06054356040228056,0.030648049368136636,0.05095823567057923,0.00016106195899696045,True
34,0.1057522270523773,0.1088160217212716,0.010654572791433434,0.3859974590000027,0.02679217988001725,0.037943669630999884,0.0817163574019741,0.08473101703856123,0.017391490821794687,0.1402050046615679,True
35,0.0973252357943575,0.2085993144950516,0.008921162084304247,0.01705689978958436,0.013727761674547034,0.1312508292677843,0.012543208387438876,0.04485904564584243,0.14607855931601585,0.31963798354507383,True
36,0.07962626570901828,0.03729132185332733,0.07639683096404887,0.013288561886497394,0.09830553935691357,0.08613685137959046,0.024630512933702917,0.19345643036172225,0.026057115454822758,0.36481057010035617,True
37,0.33718106697711375,0.08144929136433203,0.1404021140210156,0.02953915555063902,0.04255752153893905,0.18584440096204463,0.002676414487905006,0.10724590884434314,0.040811423908713826,0.03229270234495405,True
38,0.05420534444451901,0.02538397698440134,0.0008287588544118026,0.10699257286948509,0.01302131783370681,0.19960862348931802,0.2884899406523391,0.0491931507542761,0.234838212655487,0.027438101462055837,True
39,0.018415064834405807,0.0026475511818249246,0.014194151449072514,0.010658613768614473,0.18890386747231908,0.36426027896044827,0.0779160408047089,0.044044112173114845,0.08314675550762982,0.19581356384786144,True
40,0.15249758624297602,0.09689409676245676,0.07693259053166905,0.1467350168912643,0.14301509997387168,0.006825257736216464,0.07993167980958439,0.07479685173537048,0.21263872596487302,0.009733094351717797,True
41,0.0038275926631867784,0.031026461857950247,0.23875729011163574,0.19681121976296026,0.05561679736123284,0.20976605298597018,0.12154804501290335,0.1203121480937693,0.015285752356909765,0.007048639793481586,True
42,0.12896099282178658,0.0675557899597998,0.09024344721596592,0.1104784408451769,0.015137767986481667,0.0021879733762699047,0.03394098949331356,0.11279763999768497,0.15648949013069852,0.28220746817282205,True
43,0.0666794408799272,0.14428299238226833,0.03109554938170441,0.01959764145436586,0.19663835167535745,0.07333273481511383,0.015113893104073345,0.03439039179277541,0.2634217208621924,0.15544728365222182,True
44,0.015495258266731789,0.04424033669627303,0.19640960281226788,0.010602215783590408,0.10419424849783818,0.06617756660557506,0.08960533665666617,0.1832514145622711,0.26550728501598875,0.02451673510279759,True
45,0.025234737092296955,0.0022720330140714364,0.13236950804970146,0.09834587147812764,0.016222317044242235,0.46443323764297983,0.008951705585229236,0.09923455240633258,0.1413188181173281,0.011617219569690461,True
46,0.11493112106035788,0.051753697292487556,0.07514042491257338,0.016212908877160065,0.05511306740532056,0.058653444840493306,0.06811938071227686,0.4378273382542849,0.07874542517485794,0.04350319147018755,True
47,0.2172445065329644,0.06525923859447953,0.09268836371512451,0.013361820202914218,0.05024527447598406,0.006297552538047565,0.11492912550484523,0.3303165670214262,0.09278723987233925,0.016870311541874856,True
48,0.011926939816840792,0.08076089272237655,0.12758384568674236,0.05495047192710646,0.014611707966475219,0.28677264403675445,0.040828771135596985,0.08092114688128259,0.13124912894703603,0.1703944508797886,True
49,0.01989676413365719,0.17795960757444107,0.13202701977883724,0.06160276138812792,0.048087414416728265,0.19947864607367147,0.12765160906161002,0.08645323287626622,0.13936701997784534,0.00747592471881526,True
50,0.0453213960737968,0.005981282455125303,0.1010601555647342,0.2506572437029982,0.12249669640092446,0.03600377544407496,0.22731494851613063,0.029936079622536284,0.06434288301575453,0.11688553920392455,True
51,0.07474380103388747,0.03167763548915633,0.06993129005131885,0.385097018444341,0.05880103642641658,0.01697806998673563,0.0690745030756111,0.152394118483851,0.03210475961418515,0.10919776739449688,True
52,0.011417206833160859,0.22249184050037807,0.12897780995335936,0.001970423498390564,0.007331160122884679,0.16458642286861505,0.13829465910173336,0.09985651691682933,0.17132026762688038,0.05375369257776838,True
53,0.09416283114109325,0.08798126369317731,0.0009795817289963466,0.15370793921579168,0.2066238672107395,0.2970328036752629,0.012737194547305312,0.01857175947655934,0.05221783607924142,0.07598492323183278,True
54,0.09551552978362556,0.14139096435050288,0.10757371647429263,0.04567924811581699,0.10561022040660427,0.20464160220193855,0.033415303728569754,0.05217292315334378,0.1855459575309712,0.028454534254334515,True
55,0.10630006787855927,0.1971748199216972,0.13460827717859836,0.03786917674484243,0.03210193450634314,0.033952652267669706,0.07429049545232258,0.19087810890757914,0.14648376037008692,0.04634070677230135,True
56,0.0025081627143256585,0.1961258489445222,0.034898007991275876,0.17085424251431378,0.06938317670221582,0.036120134234445544,0.06066141681981311,0.15582669166585505,0.22317728233595233,0.05044503607728065,True
57,0.02756780063067705,0.1379851049196624,0.16239571038206035,0.08537292532542516,0.11360877497286201,0.02901563163799927,0.10846741615637417,0.15691559675487732,0.12414561763977182,0.05452542158029056,True
58,0.03501414284276495,0.03935873297619201,0.1296313801272412,0.0791614607797605,0.03784831948145001,0.3036916365099072,0.2025214558136065,0.02652413919287211,0.1408479082921974,0.00540082398400818,True
59,0.13081271021999394,0.011908447168505637,0.08626853848409777,0.06841144213740344,0.0005672043921815985,0.00842952744453428,0.051867099164115624,0.36974004377063324,0.011199139010941075,0.26079584820759344,True
60,0.016611356297433603,0.0024000646441887886,0.14487957548784147,0.16099949658473142,0.15704651527645808,0.22647420012496955,0.021491000983643715,0.07574880105042815,0.06011421368103109,0.1342347758692742,True
61,0.185902745270819,0.008352477050129488,0.01967919338674868,0.2144652449871567,0.04064303076952801,0.2505586769512579,0.005592571527299451,0.24543258720909208,0.0016533336311547965,0.027720139216813933,True
62,0.09289775076687655,0.003672861514395821,0.1220158281363028,0.0012323005941707434,0.12337194078833745,0.04591305690984154,0.12983973411326144,0.05084817497994524,0.21515039259412932,0.21505795960273918,True
63,0.28363117283897943,0.0044970856481638495,0.12082619571224082,0.16969436926344966,0.13468982127076967,0.11049928410221596,0.09468118067473386,0.030143468211986896,0.022176350549065568,0.0291610717283943,True
64,0.029941328666790258,0.0526844973060997,0.0817695354288781,0.06520494677884943,0.2597458238065029,0.008346268750245734,0.2819509587291893,0.11259660314490284,0.09733655937674765,0.01042347801179423,True
65,0.17287222051466228,0.08484790482690932,0.20616611336410204,0.08663562458005511,0.1227692257311411,0.023061457739548204,0.12384038425340112,0.1533417419799423,0.012734829254189681,0.01373049775604873,True
66,0.05697341771466718,0.6236487084140135,0.018820683844892477,0.05881776401305347,0.003729264420721775,0.14189159973455726,0.016412848402871587,0.017221153147987618,0.017185367136318668,0.04529919317091642,True
67,0.18113845565323547,0.013296653709230699,0.11731698925166012,0.24745044225524412,0.04738403285099864,0.06057566154994032,0.019363614880481803,0.11212903910204815,0.020701617998778492,0.18064349274838207,True
68,0.06466825414661932,0.12925347729872055,0.01590166583733239,0.01661933648853203,0.15863033689033829,0.28359343033346385,0.02796596555521744,0.01071720725464109,0.10890493329599446,0.18374539289914066,True
69,0.0004884494015659077,0.12476524522310863,0.4775158682258021,0.11908472970121085,0.010104117377111366,0.17845852621966354,0.0021018991908551585,0.04256903809724494,0.0017354462230868765,0.04317668034035076,True
70,0.03924548438316205,0.21043046344720162,0.03879950856876841,0.10533557068404437,0.050061107306156476,0.021657594970410345,0.21306452223419267,0.23789427496344595,0.017411278777220297,0.06610019466539785,True
71,0.05369568430761466,0.08890795296911291,0.01613270925056031,0.027635595476962243,0.2487358404537637,0.11441214911473307,0.07590819695353689,0.2577042527466321,0.09718572973253752,0.019681888994546662,True
72,0.01694493125142019,0.038660451783220674,0.01935459079179895,0.2671035822832049,0.007352978965801793,0.03467810223524543,0.08418338066098659,0.05011314223488516,0.32708274357383577,0.15452609621960042,True
73,0.1630969247649005,0.1096500467907357,0.13211788194315008,0.03080743018037853,0.1723920629165866,0.05016636218259289,0.013599663535951188,0.13564727634435111,0.0587832848702508,0.13373906647110248,True
74,0.01209837877325246,0.13036406507198695,0.10340520393403999,0.13228670205424709,0.08044185738035056,0.06254621088973694,0.012564768985412516,0.07184160503321987,0.24573558563648232,0.1487156222412713,True
75,0.30896336050466183,0.15282992061006,0.012417738135924221,0.024083643701757654,0.13235049890696016,0.15162968028851112,0.061606232102694405,0.04105151412313007,0.005938830172608386,0.10912858145369214,True
76,0.03125527669904627,0.07840581534693421,0.022261297097911678,0.09958544936645754,0.07153799068963197,0.041826235742471456,0.01189918651020791,0.011353220280535432,0.23002069184795246,0.40185483641885117,True
77,0.11764507531720657,0.033546112338490267,0.02943083076761429,0.24883572692400777,0.22899672881330171,0.12470395031371663,0.09818995834232383,0.037412742600459625,0.044013324538550246,0.03722555004432902,True
78,0.10915326393183032,0.011928039112939126,0.02272438692493669,0.10900007884822606,0.03987840034642016,0.038885949782768686,0.3264916107203491,0.1735156840987194,0.01795441426993595,0.15046817196387446,True
79,0.06080868511527603,0.10515900576527953,0.17841223531959782,0.02751585079360946,0.14013693010973793,0.05118269914446759,0.18745554357450417,0.134202025694049,0.11302969912800276,0.0020973253554758295,True
80,0.1608169764249729,0.10321453362074404,0.051065911079787786,0.14106813512981256,0.11637863374372112,0.054356068539454135,0.081829964927483,0.19285226139366962,0.04705100741351821,0.05136650772683652,True
81,0.0968652559370274,0.13449024436759668,0.0723486752106253,0.022637527869389558,0.11315462017861044,0.0935957703194049,0.25460430507734877,0.05320504268091609,0.021635175426429336,0.13746338293265145,True
82,0.021446335583670356,0.06782029952095804,0.06553293892304357,0.006256697021447796,0.42410049686404544,0.08187050971908984,0.01256545660254848,0.12306169340207684,0.08736356709252686,0.10998200527059278,True
83,0.06295849267001367,0.03248897866112501,0.0164252573075205,0.049525679125765824,0.2653107678966841,0.05429574824482832,0.24325280982606254,0.10614260204544533,0.15930652774511705,0.010293136477437797,True
84,0.04878093385079404,0.13166168373414758,0.0003231081565914706,0.04863557254419893,0.020735124882072423,0.06765105889263963,0.44085035406543777,0.09332688272795962,0.004113189487474777,0.14392209165868383,True
85,0.02129602128219333,0.03889258710354146,0.3332249886568163,0.03895788575086981,0.11285763714692088,0.1719571737230609,0.25503708874782755,0.009849185716466854,0.00309432127200654,0.01483311060029624,True
86,0.1814988507467976,0.02504546891064237,0.05396462028496591,0.17125054591887925,0.02676962904066281,0.10130280109886516,0.06474862296884054,0.297247403178484,0.05852486386607765,0.019647193985784503,True
87,0.31788056570492784,0.03449246451313083,0.06009818193182324,0.22018688686431626,0.058540945509511035,0.1617256285204766,0.0060540847257916615,0.05633381754940592,0.053751305949987276,0.03093611873062938,True
88,0.11417194289223895,0.1298546543306173,0.4198552204282506,0.03422476596661083,0.04873644812205243,0.05657607523982409,0.05032545082058624,0.11408119548275104,0.016447344967209367,0.015726901749859107,True
89,0.01620187648973361,0.05088824994566377,0.035327919107623916,0.332456564001938,0.09871408744258643,0.03470662927921116,0.02346194916489445,0.024159238085072848,0.14194426482852268,0.24213922165475316,True
90,0.03989172217925475,0.028387472031725848,0.09198060191556195,0.3209297093911464,0.035504804619996444,0.10541910756341691,0.015103911252666177,0.038878416626654394,0.033479643694759496,0.2904246107248177,True
91,0.07820429970359476,0.30885265183775845,0.0913109522227179,0.24470189879080473,0.03250023809053289,0.03380980115787646,0.08121804239628892,0.07761250146966026,0.002885169552474962,0.048904444778290666,True
92,0.17722050956489593,0.14095336178611076,0.0028942076977966427,0.02974706581404904,0.01952174748347051,0.210106899996047,0.13642624331924502,0.012932371873512366,0.2658882584593242,0.004309334005548441,True
93,0.1589128468010709,0.01905411087585216,0.19708845832432523,0.018715569561488912,0.2598321390429054,0.00897495233021904,0.12130316663664516,0.13222016724919836,0.0026651319466022764,0.08123345723169255,True
94,0.019485836337023155,0.08870042744289972,0.13730794839358598,0.03046708401003853,0.06362444916326786,0.24266028553767324,0.004992902912146945,0.19613430524466174,0.062057309994924065,0.15456945096377875,True
95,0.05518429770589387,0.06248457343614228,0.2689600834512304,0.22699259573275113,0.04539758765447434,0.07183622763403931,0.045099540778742835,0.09701243256847518,0.03303182481798507,0.0940008362202654,True
96,0.020133052911727463,0.009717309901255284,0.5105616094792639,0.004268902260808649,0.051837783362131205,0.11081543758763455,0.024657702431033723,0.17225667251098037,0.022706403574267668,0.07304512598089719,True
97,0.09859150329785646,0.0782842691811136,0.009099630301963996,0.02662714142740272,0.08976194380396137,0.325596070398653,0.03954624093423684,0.273528623739214,0.02912140283390269,0.0298431740816953,True
98,0.09886773227021513,0.15008267164917713,0.14349317019675273,0.0014263644722515895,0.04206339134104872,0.016708500288830332,0.08024770740210091,0.04821868656144625,0.3626156152150706,0.056276160603106806,True
99,0.22428072017383646,0.044100277431229476,0.16901023074875202,0.025767619312608434,0.19723761358222522,0.022470758682884662,0.03782944477311299,0.06531195729666435,0.02712104331928675,0.18687033467939976,True
100,0.120391614844439,0.0074495932067126965,0.2732208819203569,0.13191192023150045,0.13132576735472612,0.00854115713751833,0.04155862486134081,0.00034843240847431424,0.12694559828921784,0.1583064097457136,True
101,0.16996069468446035,0.017258648439971713,0.03787325681679143,0.10040888395639162,0.03456044892244521,0.14782457870621107,0.06576010201768033,0.36828154633072663,0.007396727103629508,0.05067511302169213,True
102,0.009430275302977487,0.023742412516494543,0.07435273447219344,0.04154304224060636,0.058347688670664165,0.010776145775758373,0.004411705699211716,0.18057783619179296,0.30994814853013336,0.2868700106001676,True
103,0.11238039169565216,0.045933626498900294,0.02657654838537726,0.1127132685843276,0.03459538218689007,0.08656923524953829,0.46198458745617765,0.06078642385218459,0.020731756898470767,0.03772877919248131,True
104,0.3197269022567826,0.1034120308092714,0.014698043629002774,0.23211686622313166,0.08845136303017007,0.1207835172372154,0.023116972787756786,0.025997570794705927,0.007848764804429791,0.06384796842753367,True
105,0.0428298645653941,0.01068464076175256,0.20611173209767247,0.11797253605620757,0.026567878932336718,0.1827463641518692,0.007103981214828869,0.1253621047730261,0.25444921860497616,0.02617167884193609,True
106,0.010996370983017378,0.11732425209160745,0.014405912286662974,0.006796968516998963,0.34757917881154676,0.02120965309459,0.05144036189229198,0.013957778685580588,0.21390645928502616,0.20238306435267778,True
107,0.04494200926424317,0.14621904278640876,0.010602650963153635,0.16811294094958418,0.21953262428837003,0.07377852025700249,0.05148787527057941,0.03323887512360911,0.10180214262304872,0.15028331847400067,True
108,0.15609419998187016,0.16425466035144495,0.04979874912147347,0.05189632532788124,0.07012169627768342,0.009500062367483693,0.1025647261279345,0.00976790568350209,0.001371335235277505,0.384630339525449,True
109,0.3026128668910917,0.11898249033441724,0.024118194552801595,0.05856555461880255,0.009546031440731888,0.2724535846214653,0.10033994851648713,0.06681880612424412,0.04509463919690456,0.0014678837030538477,True
110,0.037216742360749455,0.3274116035181664,0.16520522150727043,0.0374917270857897,0.1270682653090545,0.0009281369552857165,0.030574320334384994,0.0270167651121835,0.21713801298029387,0.029949204836821428,True
111,0.1124703492913854,0.020527376843505776,0.09448419900220552,0.03457408246523471,0.01971794112148932,0.0013761408114552134,0.010221830461768663,0.06520930414466312,0.501020574015153,0.14039820184313936,True
112,0.049231558509616635,0.036494120699837776,0.12899709792106462,0.01359396101421035,0.032448938423702736,0.19098220137178964,0.040691251650882256,0.15389801804550285,0.06268811313821772,0.29097473922517547,True
113,0.11550684029644631,0.021134922316571544,0.23361272892859075,0.22187409496176982,0.0006404003175377956,0.05955887820978799,0.07666208877772597,0.08405531354190068,0.1108423294264301,0.07611240322323899,True
114,0.13140936611030873,0.1551009125864232,0.09392131247180215,0.02784444839552757,0.021206895953635466,0.17317844605416827,0.0026652666804613213,0.1963155410106398,0.07194644548465677,0.12641136525237676,True
115,0.07254145482604088,0.10463853719683995,0.11153301272922005,0.012330249871324282,0.019468357981508092,0.18656437667196502,0.13324684415200677,0.059505963565174166,0.2945561858526809,0.00561501715323979,True
116,0.052286814728169005,0.13137399113310952,0.022089434667459773,0.26116723891589955,0.15170014642534269,0.04145934054009191,0.08124262950643633,0.0839597252055098,0.012505898805153156,0.16221478007282825,True
117,0.041601014678223656,0.04110725460604135,0.060134483347080145,0.0677566397590458,0.10932114250302366,0.04499537967664345,0.31470112820134044,0.16315992834834092,0.14879643235523707,0.00842659652502346,True
118,0.10617815512514055,0.09210643284752126,0.025140476173720415,0.12057138231795125,0.3811582224010042,0.00672318864587247,0.07047398404343128,0.018049614269263613,0.05417737219700022,0.12542117197909483,True
119,0.08404610663397792,0.001968221037868438,0.0494608543332164,0.05271464957180364,0.10256054591883407,0.04358051060550638,0.1594302652025951,0.36153240047239726,0.03224140662957249,0.11246503959422834,True
120,0.06902599230800045,0.0709395939168566,0.00014715884562203975,0.2156678025142043,0.08656772676042891,0.18568415319418777,0.08165320879606386,0.0397172682943804,0.1132710684089045,0.13732602696135113,True
121,0.03474810469755787,0.06256219011993482,0.03373334654383133,0.00965208527538545,0.06218424637137548,0.26122500777717006,0.3451075340667974,0.06781640117458378,0.07769873766049072,0.0452723463128731,True
122,0.2760203450103043,0.12172200129609642,0.021038654682150718,0.009329315941796345,0.11491441519729137,0.04326509845798296,0.1087589156373607,0.1557273482850026,0.03056488055734525,0.1186590249346692,True
123,0.1779548583526535,0.013943161202893493,0.1246212613384289,0.07888286076383502,0.026431555428786935,0.02221991425399607,0.12487383532659227,0.0631764545205243,0.07214387525404989,0.2957522235582396,True
124,0.22102930773277138,0.060071047213041684,0.02146595541010395,0.04135510194978066,0.04902985713547394,0.06305954205418406,0.14871108489267196,0.32257682143967653,0.034465803338671115,0.038235478833624714,True
125,0.06041553746486799,0.05594080148409215,0.028333850769522346,0.2006518014096646,0.05111725347315331,0.2776948304833801,0.0872617270039664,0.019369148360677046,0.0457635249862161,0.1734515245644598,True
126,0.04366761456128861,0.24449169570468185,0.07117698194090266,0.006719302256881297,0.176085075666791,0.22968635605225815,0.055704546803570086,0.014853309230978086,0.01779322057483428,0.13982189720781396,True
127,0.05498579125638094,0.06073976467408122,0.0629830150888514,0.08620084421572573,0.26275913675135204,0.14408775166272056,0.08515347976222958,0.0005267753101198342,0.08004197160353681,0.16252146967500183,True
128,0.0017486339652657825,0.09329826442630283,0.024336577764717482,0.12014759368988503,0.015800830513831066,0.32156524471805664,0.022241290443446134,0.04481628450572198,0.025695672796524394,0.3303496071762487,True
129,0.08942039951520368,0.10880514586667533,0.0490207328134382,0.23263438738644796,0.03661205304097889,0.1108738342340119,0.0002279165823080263,0.10524594166302738,0.2206088616172149,0.04655072728069365,True
130,0.03602290825912007,0.021609133858775054,0.11402804379010138,0.06706622515113546,0.07549714885581833,0.3298805630244021,0.14357777782966286,0.04865121115151169,0.06043714924452884,0.1032298388349442,True
131,0.03572843427243245,0.0023965924867164648,0.15565664573638038,0.025995951337072,0.14079559502435052,0.08956929089045929,0.05733770004550845,0.1827357503731546,0.26505414966376467,0.044729890170161005,True
132,0.0682005810859666,0.07653790518012434,0.046150764773712626,0.046083204904690714,0.038329341375006494,0.35663750663150784,0.0343812355549961,0.1798697669800913,0.10128659694385603,0.05252309657004799,True
133,0.020736574235794506,0.12303298801133893,0.26100298898742813,0.03391216941667549,0.0927646321797819,0.13172033526713997,0.07921310875634564,0.1723549976116527,0.05878070159665577,0.026481503937186724,True
134,0.12106765095097025,0.004173007852790899,0.007997852140902468,0.11846630452584492,0.014656904989408996,0.003972586304862336,0.3539112783764335,0.07548684720790158,0.2741135897010549,0.026153977949830202,True
135,0.2717287591642218,0.08880433084674484,0.08510918034648983,0.08066361535811051,0.12846152769173905,0.006246103549777427,0.03550502437289867,0.03624772460883813,0.14228399776737072,0.124949736293809,True
136,0.06996824340668945,0.2495380726480395,0.046240079938867334,0.02508554438599115,0.12487904747846026,0.03284579906048349,0.14771874216452355,0.001525945233216431,0.19268637971065022,0.10951214597307853,True
137,0.06421820469387018,0.09030180827968333,0.0544867934138443,0.21601751983181589,0.19261958998406387,0.04157690753734677,0.07301347433762394,0.23772218736615505,0.02948814805164978,0.0005553665039468999,True
138,0.0013794601930059,0.056834407313566995,0.546120694907174,0.07715246290556926,0.02793092563019892,0.012185346134533015,0.1746978788964644,0.042648526737963585,0.026017429895459906,0.035032867386063996,True
139,0.13839279780720773,0.20682054801517685,0.0854451478920154,0.1827567459322413,0.05701739506671836,0.02960020053780166,0.05425223433676726,0.038717238536392654,0.010634032914031179,0.19636365896164756,True
140,0.06680939367064374,0.07360593637075431,0.09315506621466371,0.0033751810846544845,0.22462902161368614,0.13166105927586919,0.2691152517042363,0.008418123146655444,0.00693386585311236,0.12229710106572436,True
141,0.10423124454825153,0.020000925263130784,0.14582200575669094,0.08115051963511752,0.005514433088525932,0.23725806259022275,0.22074185764784984,0.02715236981241656,0.024118753686492703,0.13400982797130148,True
142,0.0809037198549148,0.02627048235012963,0.22164968722940945,0.15183514716846547,0.03440135628621061,0.06479877747209092,0.001995649974241652,0.11494680707922877,0.059002305476949214,0.24419606710835937,True
143,0.002691978373241939,0.028894801359648288,0.06992479411310101,0.058506958309741196,0.03817464582474412,0.06380940230705645,0.14099953562355239,0.529631517257843,0.04575720373617612,0.021609163094895422,True
144,0.2448677150152252,0.032107743366630775,0.1490411971990771,0.14611072436511308,0.07605917575994112,0.01966797799056067,0.1061566121904366,0.09408504026218427,0.04133273783411069,0.0905710760167204,True
145,0.16056583323172532,0.04140242765741301,0.025712514589312924,0.21208131452467605,0.05010908860587098,0.0020689231009683403,0.01896319247154193,0.4505526938117527,0.004144412786502905,0.03439959922023565,True
146,0.010499680481142755,0.049442789952913714,0.11780893372170848,0.17735726552660977,0.21579133574112008,0.17797211747688763,0.15563163205493333,0.061499719923218545,0.011520482719378038,0.0224760424020878,True
147,0.00037495229660314185,0.31369076586682554,0.16425600913115124,0.06033187890510088,0.055921135519295444,0.044207625591325926,0.041991231948440365,0.08209546554407472,0.0900357135600597,0.14709522163712302,True
148,0.04828019382022912,0.14607193884099404,0.08107087339107358,0.10487544016589152,0.007013068806350464,0.275200229789169,0.05589283877121376,0.02993238134149625,0.2331894231042289,0.018473611969353345,True
149,0.15210621077605865,0.13665736510075932,0.015091655013708889,0.004517842825747086,0.1083809710987905,0.10387307852459361,0.13376059803342225,0.15076314035944735,0.10549209936654551,0.08935703890092665,True
150,0.014767115796003852,0.09404164641734132,0.0333488577227853,0.0759947944764845,0.020971663407216706,0.06259523477066427,0.06447117583138855,0.061221479580927,0.2136301244992111,0.3589579074979775,True
151,0.03920451525582912,0.008860406113835378,0.10380189487037256,0.24073768083536135,0.08430344132382478,0.028056560256620403,0.20065855062485793,0.27980538013072226,0.005263107923306946,0.009308462665269284,True
152,0.0180571792803816,0.31542856540690173,0.0399947954312342,0.006759416240699065,0.05792331017604742,0.007629388432657069,0.03005096845405231,0.32030417151644125,0.07111590686467305,0.13273629819691227,True
153,0.17328315437477357,0.054710786536213474,0.15656982851237392,0.048456940743356096,0.04568834396882117,0.02530837406004802,0.03771156353554822,0.3899703685916202,0.02589934512947692,0.042401294547768344,True
154,0.0942535784906986,0.004040951884207592,0.15078722167603495,0.11253146446798815,0.04162353564224535,0.03720990313240543,0.14608689379066664,0.21678989554339972,0.07428052554488698,0.12239602982746656,True
155,0.10160140615727575,0.12016485483607346,0.005422272977617511,0.06868700341209744,0.019247463715683005,0.17683076525362593,0.18230907218073192,0.1052725538911791,0.2180728105498096,0.0023917970259062123,True
156,0.15961531707845045,0.09058388930484144,0.000149360466561515,0.16116190867144095,0.07002764686306524,0.027566487408911888,0.03163220697492833,0.2389093867567221,0.053421811621484384,0.1669319848535938,True
157,0.020822641233001565,0.019556901508067916,0.2779215557679623,0.15429741783397466,0.078229283422542,0.1402418219750298,0.03022352776119488,0.12352401983199916,0.10540456368053518,0.049778266985692605,True
158,0.06855084091396499,0.11505260874461716,0.01189468486180335,0.06238891476834584,0.13986999936813663,0.19293601775759586,0.04307239764966119,0.07851641786672454,0.11424894343164832,0.17346917463750217,True
159,0.08842858786525787,0.16145392494985109,0.029241210001977044,0.22224924917356137,0.014559705047413628,0.1285254702880397,0.03294878954552034,0.22150470742975562,0.022627973502392876,0.07846038219623037,True
160,0.048585879650442074,0.0919579269948146,0.00961750007360515,0.30889006176087164,0.09815919396299917,0.08049517960462334,0.06734733322229725,0.07737752812471736,0.028825012368695797,0.18874438423693354,True
161,0.22034228216731383,0.1559898147584485,0.11262402094556764,0.05492326521399105,0.05777956052322002,0.13939183654976756,0.06589958836156203,0.03799752212092199,0.019254532318500977,0.13579757704070639,True
162,0.039231312441298204,0.15524993380144872,0.06816297280348303,0.18820956918220103,0.003994256781619667,0.018835844602895967,0.027784257367010717,0.2279166958458474,0.2633346785460371,0.007280478628158364,True
163,0.0007925676653974853,0.06414215206281432,0.010563925540166188,0.03145613845249232,0.23861754093780654,0.09379408209567172,0.13313016269834993,0.2147258512257693,0.017975780656890507,0.19480179866464173,True
164,0.010339571523542892,0.05261019820286679,0.05466434060498239,0.2590976057409073,0.046153117360520864,0.0036491588739280224,0.25273856405517314,0.2664623546508127,0.019398750053669405,0.03488633893359654,True
165,0.05891018390925772,0.010109960665697464,0.011915772585360517,0.46966014714613813,0.01952534518194367,0.07796839386346457,0.07334150607664944,0.07913377678070176,0.14879583682418526,0.05063907696660133,True
166,0.02631503544170947,0.21131164026539556,0.07562216550852585,0.0012464497004135494,0.1774399137501475,0.004812367269553854,0.21753573959757097,0.1692045870415974,0.0702661537204043,0.04624594770468154,True
167,0.2775145976315213,0.29131734107218527,0.1522220958137015,0.013894484533441415,0.056660240735081455,0.015694352070370156,0.08075595475529453,0.019650407271516342,0.06227147423331441,0.03001905188357363,True
168,0.02318979859761344,0.060328295194151595,0.08210109168311094,0.283287740089732,0.09536629767711767,0.19100240660560405,0.051126147282269156,0.04332924261599509,0.0824949570348733,0.08777402321953272,True
169,0.014209204501279304,0.08577962432615703,0.05125788883189572,0.17597421408260627,0.08703438453268707,0.0034140700580341512,0.3764494238519379,0.05484416174909491,0.04972004623462557,0.101316981831682,True
170,0.008744552696916964,0.11623414986266767,0.031759739293066594,0.12869253556389218,0.20910251295300383,0.28399156814734083,0.06143532374274652,0.028374537607684183,0.029470252438992917,0.10219482769368832,True
171,0.2641525371565401,0.017461060840823488,0.24968240092967087,0.08091453149677691,0.09276285480785915,0.0006213917945612578,0.1363247880871151,0.019497015636849156,0.06083185887906792,0.07775156037073622,True
172,0.07022382975606876,0.00909829793268682,0.00390778945206668,0.018874257256542,0.0018362704736422672,0.09062568629408757,0.5792690994385215,0.08666448301411653,0.11399048468566678,0.025509801696601206,True
173,0.08126417418133894,0.06499496246589648,0.13075288390767392,0.10117202347729323,0.023747696099229058,0.018923844563821676,0.06191258563160658,0.0448533290986846,0.26450475463979006,0.20787374593466548,True
174,0.1667910169814648,0.04679043443507235,0.17531909036653368,0.042328704545455995,0.05277386511457352,0.009224440606419403,0.07715040228161306,0.25684360896363423,0.0050562072146589625,0.1677222294905741,True
175,0.22893350866219753,0.012919911607657467,0.35961581234052215,0.023028626176037924,0.028627477761316945,0.0895123796438068,0.058250943239170384,0.008506949507773927,0.12712250116708174,0.06348188989443529,True
176,0.3609386551436275,0.08151230174141778,0.0525904422742362,0.11632301086554045,0.0022984144280192714,0.00745534747915746,0.01768967288475768,0.06276741150505039,0.21763522728896037,0.08078951638923289,True
177,0.019700072901987487,0.07958839587200607,0.2097378316384826,0.08206936037791807,0.16745867101317144,0.09992482012420521,0.18078454133743302,0.10719130673215674,0.048272981395515044,0.005272018607124353,True
178,0.054275111615850774,0.18407945535957174,0.01536333125106138,0.018618115714457335,0.001986210221111185,0.05470567011685893,0.19302947256123684,0.12346828373520556,0.2731415936478485,0.08133275577679781,True
179,0.088892777068666,0.013746006596633322,0.1390005308374791,0.08564746792638964,0.01702248257394308,0.03760781012186065,0.05624242556046209,0.24757215482209097,0.27799785380451636,0.036270490687958845,True
180,0.048089941675820196,0.19915540727970127,0.041077607197737995,0.052524356745116754,0.13229372123363428,0.006786251259052907,0.09140540109819215,0.012295228849435149,0.36972930870984455,0.046642775951464835,True
181,0.1700261384060878,0.08236315140396294,0.2149238209687137,0.06055084821197221,0.04007724335700038,0.02168154001139027,0.20507923647430434,0.14732856962961854,0.03067926935362044,0.027290182183329258,True
182,0.1957992978422819,0.24368091172732992,0.07061380356628019,0.042492230923956806,0.050954000454505204,0.12240973117230965,0.12675857919521502,0.0015637769667092504,0.030313520086407968,0.11541414806500414,True
183,0.12837779189922383,0.007331285426456625,0.04630429801720412,0.048857383016180186,0.018768883668755187,0.14634010338368847,0.17270878001846038,0.12883452481546262,0.19418408257757136,0.10829286717699722,True
184,0.0856186533238439,0.09836605787642456,0.16489902777985552,0.1888775286291013,0.03900197391298813,0.15060311022282374,0.12692415499621335,0.019946172267637553,0.042142022806295504,0.08362129818481656,True
185,0.10512650756255876,0.07879178079247015,0.24387783162789367,0.11259833202546193,0.013906042823812807,0.07371245898793613,0.09064932371779473,0.17040874851203336,0.10072686812345112,0.01020210582658738,True
186,0.012857776069453136,0.2836314624210406,0.04332519247344558,0.02403405071923545,0.0006639565737790341,0.10418181307259256,0.04824701958629107,0.10681845041250798,0.1544196509197776,0.22182062775187705,True
187,0.05071074862779305,0.02708402328574005,0.05204594181213239,0.30206496350204876,0.18474830899646716,0.12388401637839244,0.010548880262735646,0.10578638182143571,0.036809055774119775,0.10631767953913517,True
188,0.25775886347134563,0.09428370722513763,0.053606899881545614,0.01987293999875242,0.030368202744028242,0.07371693303087642,0.027034617844508446,0.15527984310482487,0.05313959330565373,0.234938399393327,True
