ID,strat_res0,strat_res1,strat_res2,strat_res3,strat_res4,strat_res5,strat_res6,strat_res7,strat_res8,strat_res9,alive_at_end
0,0.04455982955775404,0.01889000849355674,0.027865571721572013,0.17667086287002892,0.0512860318079536,0.17784587532622845,0.3464272868255256,0.09124422106375392,0.01727688326070875,0.0479334290729181,True
1,0.12037058177370036,0.09497435896601479,0.28162748192049514,0.02838145265210383,0.0012364744028342208,0.059976815026322086,0.11260666057186146,0.027540087838889428,0.24786906284051424,0.025417024007264387,True
2,0.09583544610355645,0.11732914438703056,0.010238941780630166,0.02970625390160658,0.11551308542152718,0.05296928839680847,0.3037066237383718,0.12088183944626302,0.047848454073849724,0.10597092275035613,True
3,0.03460196357088288,0.16673689192729388,0.051377554280633383,0.23080756298089275,0.044691074248152815,0.07776127113668843,0.039937100453950235,0.17828711578213832,0.02053864229802003,0.15526082332134714,True
4,0.003226148588351341,0.44548815649074963,0.05539967002591715,0.02321896546163083,0.12246825217223284,0.22785108758350087,0.021603044209641556,0.021155837242800256,0.06202665233107755,0.01756218589409796,True
5,0.09344187464104632,0.12185179024940346,0.0038881917112795683,0.03725879998825465,0.090776357968539,0.0385751585730248,0.056734460938961014,0.20657955741289424,0.22662869011089237,0.12426511840570464,True
6,0.16641676799697547,0.05028204129607174,0.05153565549101037,0.07602240233928421,0.09564242454500207,0.386532550631582,0.010087452962578198,0.005320040426221851,0.01665721252052444,0.1415034517907497,True
7,0.09959688615729141,0.25612798072411264,0.0015378982304683538,0.10310359437021917,0.20908503836802167,0.054352938893676414,0.056595923918544205,0.056750245483437614,0.06803527206090877,0.09481422179331982,True
8,0.04132406363601914,0.004322754153599713,0.24437643244311927,0.2895844557093448,0.01806710424790231,0.04037441719179683,0.07698272979226628,0.07954286779799169,0.11625673648830068,0.08916843853965918,True
9,0.02014829392281155,0.00971651660676383,0.20088756487113638,0.07171587622933229,0.24955557521825059,0.054696795789433574,0.1482343233018071,0.09869800490561408,0.08028154441833063,0.06606550473651997,True
10,0.07293450067380339,0.18152779301886493,0.1704084258758381,0.06914312041723103,0.028832762973856556,0.005719554752903707,0.06356942770144297,0.08249199202172132,0.21449883965500222,0.11087358290933594,True
11,0.33854492797157587,0.12687111785545688,0.004112781704239831,0.027282452832949156,0.06611944777008033,0.03838647099510866,0.04691672509822546,0.03303812435269288,0.2859774913206148,0.03275046009905621,True
12,0.37222140658363145,0.01625341602941193,0.1142802168151433,0.313621435149362,0.0033701689582555684,0.01617016502642207,0.037295822415927694,0.10215135261693489,0.017234150742674436,0.0074018656622367555,True
13,0.26253177203744854,0.11764909647101786,0.15108356069536266,0.04133375808241756,0.024707128929030854,0.0031976510507228575,0.06918331128323568,0.037708903499673756,0.05747857557765027,0.23512624237343993,True
14,0.19374425755180122,0.023237090215347218,0.09812385728588115,0.26574147986955304,0.03564137049945274,0.06570144050326382,0.010583925034365196,0.07628927964371053,0.017584904116099725,0.21335239528052533,True
15,0.21574187854911447,0.02544741831264874,0.0018535474795798987,0.07599659342085718,0.10333775690836035,0.01665855592961058,0.5126734821046663,0.0009740967371079756,0.036287943431100964,0.011028727126953432,True
16,0.1400277529421343,0.03875621930569269,0.1509379994432851,0.03346612939223765,0.03710630848726774,0.01585642459678943,0.05663359402333863,0.06226681614271786,0.3387696393790462,0.1261791162874906,True
17,0.0556511052459803,0.009065769277825118,0.03336749606603733,0.10915049515767307,0.01717604814892852,0.1455064785097283,0.37177798290714004,0.01859217295560077,0.23385394172989343,0.005858510001192865,True
18,0.25813830731489723,0.04610592029680799,0.04792820172755586,0.06251797624967802,0.03592956599144058,0.1026029656987001,0.1087447305888292,0.2693664022529481,0.018984874041753384,0.04968105583738934,True
19,0.06177113121631961,0.13994344332298736,0.05469251796332387,0.1258295111869742,0.10068608033487826,0.06094497442227942,0.0017968948742964823,0.09195043905119152,0.22966437559159053,0.13272063203615875,True
20,0.047130431698241354,0.0012919139195170335,0.04203517613069933,0.07375604136048497,0.08810644074413979,0.06780163427927688,0.1409344529079099,0.18236106340622138,0.24359751198804414,0.11298533356546525,True
21,0.13940802202196595,0.07194133279133397,0.16602778118234585,0.10417110160646267,0.007038247774434356,0.07426436418148889,0.07881567816122045,0.140710567543311,0.21443619819616253,0.0031867065412743553,True
22,0.007137593767231313,0.010902746138987039,0.08599607591118834,0.047123700300426695,0.09901178822069419,0.1078602502729033,0.279839912906184,0.06794570895249401,0.19203888881565967,0.10214333471423152,True
23,0.06406198700019117,0.014572036345591236,0.08048826593107634,0.3335694844027556,0.2014647391359267,0.004791338140183968,0.004301047323553586,0.13218639674773194,0.05249067138040732,0.11207403359258197,True
24,0.33896524948583456,0.03211232143736575,0.12941697235098037,0.3255885278836539,0.020051903366234455,0.025985646868193078,0.04507547460209395,0.0006664064585174515,0.02402102564707821,0.05811647190004848,True
25,0.0024788402330120974,0.06607732082486735,0.0790763289972999,0.14238020801765913,0.018124389963917267,0.24431508707496047,0.08165803972314854,0.20967117645439545,0.056755662701467716,0.09946294600927201,True
26,0.4106108244020527,0.0917173940098638,0.07291747367178704,0.09086724693125496,0.05645537496813643,0.03424864402669347,0.12695251185211492,0.05373706291502041,0.050078035453010795,0.0124154317700656,True
27,0.07853919761626632,0.008154579402493084,0.24309103068587876,0.10898337007034292,0.009986936396285414,0.012708964745590834,0.061352335911038273,0.19264191562219388,0.18395436310509616,0.10058730644481423,True
28,0.12392982160018746,0.1556337865347651,0.07483403217677574,0.031652025264208745,0.006269368491615524,0.0006800593100021774,0.2744757931578818,0.11683138955117842,0.14818679424228612,0.067506929671099,True
29,0.1374033741292563,0.187363842602997,0.09479918588134686,0.14591581788261868,0.10593453246578204,0.0890678707967663,0.012158264606177171,0.008482069179393278,0.11375575936569708,0.10511928308996525,True
30,0.10293981908401811,0.16125413986125928,0.06818842620019418,0.010997838326569483,0.03708486528449744,0.1919963543874099,0.058065165026636736,0.0986175402278988,0.24628119511420227,0.024574656487313783,True
31,0.008344947885823769,0.0863498347210279,0.16192336087782588,0.12982445718512828,0.3018779661516055,0.0007483507503031858,0.12134455137818749,0.022222707452975197,0.056110548689596834,0.11125327490752604,True
32,0.040147399756781166,0.023027945986838504,0.02127100730146445,0.15316223160720296,0.40048292983394784,0.002880213183269544,0.09303484938734169,0.05967179086889149,0.017015679464183982,0.18930595261007846,True
33,0.09457809184373797,0.07527009008988267,0.0006901771635152568,0.04921948911907362,0.0049025644093690845,0.3182753362143094,0.1517939452456056,0.2053377992196697,0.07162421126412943,0.028308295430707276,True
34,0.1707486876677431,0.07992303334775014,0.07609825868555276,0.26516044713834236,0.01360475176494228,0.09648323885859147,0.0012976525575994827,0.06326381762997658,0.17143266847265254,0.06198744387684918,True
35,0.13992564610554903,0.24482431668371996,0.05211982968565841,0.07218202548493514,0.04978764489629585,0.05867951329185289,0.110373267376565,0.023595014531665192,0.1270599278183082,0.12145281412545042,True
36,0.13831682917357535,0.1259696692278146,0.0466800402083161,0.26805268248105263,0.008370574423840909,0.1802973897568828,0.01164226142744104,0.05671783084616207,0.032689653085467646,0.13126306936944704,True
37,0.15438685601193966,0.082691085619455,0.043329215712277984,0.09212615844463617,0.20943713036436587,0.01311540937414828,0.10723350223172891,0.1949543146591717,0.0058968216605601725,0.09682950592171623,True
38,0.07351406366935316,0.02868900274964754,0.14427735770638678,0.0016706542643864003,0.3196134450677272,0.004940959977944102,0.06384528478345863,0.0014531479195110009,0.342005122312913,0.019990961548672116,True
39,0.10997935737672969,0.009577194537388551,0.08459127922904865,0.17017645183617316,0.08040166133230844,0.019179360889502475,0.011107589487140844,0.10150035113528658,0.23550680319474093,0.17797995098168068,True
40,0.0460235711926258,0.003563665299245095,0.04271728422616942,0.3189839304452519,0.18234003330740708,0.15091123816851626,0.05635860887952946,0.14537248999050084,0.00406780181864553,0.049661376672108536,True
41,0.11784513733063005,0.06392981425908266,0.18541180521827322,0.36310144113034354,0.10359325264474599,0.01950395947650359,0.007787119093128682,0.0772241475854176,0.05071740585597366,0.010885917405901047,True
42,0.061557200452160975,0.18510803214677507,0.1355094808036208,0.045653456952705146,0.02777226892400941,0.03079576577585229,0.34240468716779415,0.13796276681976405,0.005273578146317133,0.02796276281100102,True
43,0.004814436366844523,0.17191887822391488,0.1481572745183918,0.1397940647716242,0.05609127454797515,0.078815332872945,0.19390340764459255,0.031089707679864503,0.09109350365870916,0.08432211971513819,True
44,0.13302324095866194,0.25872056611068556,0.019354994012185184,0.08181444217119764,0.13585348493135133,0.12232066891282557,0.06473616062631068,0.11603449285433493,0.031569280586135166,0.03657266883631193,True
45,0.28605243844810274,0.09246983211017945,0.010057333611440216,0.02614853784693507,0.07470106669908941,0.03668439909846856,0.23711229253780075,0.004080957501782076,0.14881664068830827,0.08387650145789344,True
46,0.13842305857848977,0.06118990887519278,0.17965701237407164,0.11876558681681908,0.024627798207390895,0.01448222504762519,0.2919229888140103,0.022866496899968846,0.021022483165500733,0.12704244122093084,True
47,0.027411108232632337,0.25843022573553553,0.06556343695267065,0.007929523321353335,0.06289733573653236,0.1331191480564323,0.15140276821677864,0.005838580408421222,0.2243649287340861,0.06304294460555755,True
48,0.014973798911032283,0.022833425575920444,0.06457858600298072,0.0633496341930848,0.22123902989620656,0.12899256679637813,0.04315083185085199,0.0248017870645858,0.25004146849025577,0.16603887121870353,True
49,0.09834394998486509,0.16119528035301534,0.10142008568584937,0.05677749761806164,0.062338955227113066,0.05905333414751291,0.21917355588048595,0.04315084604271704,0.012710441776718694,0.18583605328366087,True
50,0.06673341009542626,0.052717901762423726,0.23431859925413331,0.03420267463268267,0.05971950387940112,0.007204977397557647,0.01509622514875481,0.12030681563968598,0.14219318565723915,0.26750670653269526,True
51,0.09907820462892529,0.0015066631536108225,0.07123666951061305,0.2767867788050273,0.02888282885616787,0.052965383354485945,0.149747546310985,0.05270144955518895,0.11686385411179867,0.15023062171319704,True
52,0.10010694607544461,0.0368854756454416,0.11778994377942735,0.02792506613962548,0.05275134377526705,0.013015666879483767,0.40988046175082726,0.14757359606602669,0.03595747627721837,0.05811402361123788,True
53,0.31231825411563807,0.10303501096420017,0.06070934504142971,0.04982137307832677,0.061290964823490085,0.14444412971478793,0.080964483470321,0.07609726617176335,0.01994473398204333,0.09137443863799949,True
54,0.1307247136627393,0.05003567116459675,0.017646341057611377,0.18291586434545967,0.2514168024399896,0.17095946712216217,0.13994643445026508,0.01705875988054368,0.024258990541543114,0.015036955335089216,True
55,0.010860807201693627,0.05296788937629361,0.019125301944942427,0.07334529528398756,0.16537627471965005,0.22413362345472437,0.03422946460794853,0.24373839447808907,0.08422475283835125,0.0919981960943195,True
56,0.0006062885645956085,0.08439680205223414,0.13705793668624766,0.10052395904062252,0.21385013220310267,0.2123229033634315,0.044548075947443574,0.15236907968081037,0.013039665888988883,0.04128515657252306,True
57,0.18628953740482304,0.16654326868240973,0.10303175544044757,0.14984964296523806,0.04816069994221245,0.05502018253999822,0.0660626253950127,0.07539181180333211,0.10415428504076486,0.04549619078576128,True
58,0.0021223882929369,0.14554440624794232,0.12136407825838985,0.10557480641147651,0.04435072735417521,0.043856434014241,0.04143635272498961,0.08102966369292298,0.3418863622629162,0.0728347807400096,True
59,0.06018821804115162,0.11323016190015894,0.03972669605623884,0.10830059076724115,0.27126464875991413,0.054689618410517865,0.2748552722536455,0.006187827155029186,0.05733893249415673,0.01421803416194597,True
60,0.04286938988693982,0.21645245630937468,0.04611041048615554,0.028330196765759316,0.2980005362619336,0.06659234568630829,0.1761329326286464,0.025715655587876755,0.09505072387669485,0.004745352510310636,True
61,0.02694674306647035,0.03856421522249238,0.009085606708289128,0.013230037115995368,0.5438020194826193,0.06974599882678323,0.04733313144719244,0.008820862036245849,0.17854676946350104,0.06392461663041081,True
62,0.21335312158154046,0.05776260578126544,0.00098538754585226,0.06472283304493981,0.001268727097806267,0.07936654936338775,0.42852246855600756,0.051005688720571506,0.05507882467656779,0.04793379363206123,True
63,0.1983971894205092,0.11080248684657866,0.0009387564900437134,0.13864269882452046,0.10704153249796024,0.13809206815279507,0.09758170511509509,0.02226198550607441,0.1205271782271943,0.06571439891922887,True
64,0.20227449227313649,0.03951413073460965,0.16029381326651906,0.036951851658501435,0.166738837333267,0.05138248569865191,0.026331120453840798,0.053008825063672244,0.07039585287119476,0.19310859064660663,True
65,0.0945038070056141,0.18019687543274948,0.2553908400073755,0.17835599596038088,0.1405334233239527,0.03393173159424947,0.03132744092825522,0.024511225951374994,0.039258954785089194,0.02198970501095855,True
66,0.10734364078339691,0.04770048462519868,0.044345592277869945,0.012401708566382239,0.09068218509753037,0.13995372659303928,0.05078072855210056,0.13429705792567037,0.33008005117147476,0.04241482440733687,True
67,0.0693192837956177,0.3594678360490666,0.0009787757675732596,0.018171553593582225,0.1404316664468367,0.02441698778044934,0.10017429190569785,0.24904255242541232,0.012796581469279455,0.025200470766484698,True
68,0.12876815762680538,0.33977940586556415,0.03736436653615258,0.006631367187834462,0.2840536360161774,0.023792261717071373,0.05481753084936095,0.04745518643483666,0.04599401285229563,0.03134407491390144,True
69,0.11794425477790355,0.07277634074140447,0.01760098063485808,0.10922152946878558,0.04613164432510711,0.3377007948652952,0.03529607703358741,0.13575280106874546,0.009474402091426052,0.11810117499288707,True
70,0.03876301216443885,0.034343815360992305,0.03435180385960928,0.008597040248504688,0.037148248850634336,0.041919247365503925,0.2305964508033663,0.3354954704317929,0.12111837483021239,0.117666536084945,True
71,0.06946653370574782,0.14150274612120886,0.14738021384267197,0.09642936680905821,0.10205548168633236,0.05362036430441276,0.30533124864984407,0.036097085598643296,0.01732339954567259,0.03079355973640817,True
72,0.07901824716290126,0.09049685875612219,0.11674614666861849,0.24795868694135068,0.03987795746678474,0.06600328191153457,0.0771786604860249,0.17666113974127018,0.06047428742411495,0.04558473344127791,True
73,0.013730539785930113,0.10835482092508403,0.32671237677402226,0.005636769982325857,0.040866171912115286,0.030512692501828333,0.24373847205316068,0.008620337920311697,0.10144677337146901,0.12038104477375275,True
74,0.2604743174890406,0.12344044518618663,0.00467511616555075,0.005398539057137836,0.09620906186236666,0.20088117166935812,0.13693532373496126,0.02421352588290983,0.04998456724536373,0.09778793170712466,True
75,0.2955773529173268,0.11072034964336622,0.10331931731899614,0.09813924308238009,0.01912575190720874,0.07298959450248475,0.060789747209618675,0.03378201233884369,0.0210363742971931,0.18452025678258197,True
76,0.20243724648127262,0.03843757344008736,0.021561360461750737,0.29084947791106386,0.17624899355148452,0.07372787889202301,0.010389819656048786,0.17051531425311625,0.014770170245209652,0.0010621651079432727,True
77,0.0441717240405005,0.2396925379872256,0.019569428489696086,0.010906400005596681,0.0884401048632813,0.01219738079071073,0.00926318304390576,0.5074796960678751,0.04649775934579901,0.021781785365409093,True
78,0.3211369741555873,0.05244851790544355,0.049612696941518646,0.20369145240328604,0.008928954834909707,0.06804503032347771,0.014187075364155451,0.1571621487606704,0.11426505387844713,0.010522095432504095,True
79,0.13729729363273202,0.005553158698066631,0.15510767669013523,0.0921903051756009,0.050078171887834685,0.14618766555689186,0.08277229420871864,0.09618193099306853,0.0109608335384052,0.22367066961854626,True
80,0.10749621054326142,0.09348970634525122,0.14793644981341617,0.12395006539789433,0.05524819200616514,0.13823822862337976,0.02225951469589923,0.04103536190187259,0.20630287215724244,0.06404339851561756,True
81,0.02270171358221246,0.058164440412963626,0.04925227612528936,0.03131750529889657,0.038160172074266155,0.0032929325792561202,0.505514097692228,0.12803945812906986,0.06603619348576496,0.09752121062005281,True
82,0.054745435421940436,0.0583013014952124,0.03298445496114616,0.002957902934754338,0.03501820399608425,0.19402692508108352,0.03989886589872039,0.3630575311039368,0.19833856078080964,0.02067081832631209,True
83,0.04136826989806145,0.009529230104920515,0.04180707772822929,0.4542028285095969,0.012261676420773327,0.15320857330857882,0.06351818503237487,0.10427004119139299,0.09892157278031981,0.020912545025752172,True
84,0.024555046279829854,0.2661788534802083,0.09314705865981583,0.006508531907798415,0.032366019488138026,0.0554800381569474,0.2477209560003603,0.18772531535156967,0.024980692726413428,0.06133748794891873,True
85,0.034574048701577535,0.11402601786122851,0.0794554632486334,0.18025476293820009,0.17728212316809844,0.07985179239409779,0.025287159310023816,0.016919593368812144,0.038788426930824536,0.2535606120785037,True
86,0.050742442732156945,0.3822996223835325,0.023620980291989144,0.0005753731333280281,0.018228242274742963,0.06809997792043111,0.3755554579107719,0.009711579884243737,0.009914932371663661,0.061251391097139986,True
87,0.15415386955216206,0.18142179603921105,0.04341626483540765,0.17210721786581448,0.023401781339895487,0.03174638299432656,0.08261484751069575,0.08150022501772607,0.21016954247173497,0.019468072373026085,True
88,0.034863252600948136,0.29769444458270244,0.024634637163731668,0.18638536012923768,0.10046093696076099,0.009282967615931744,0.04471482232967998,0.09246616542055255,0.1905433461904925,0.018954067005962232,True
89,0.1936958582422309,0.052000039282482764,0.3507034853175222,0.03109902446923518,0.0032562766544538195,0.20509079470023953,0.058474781574106294,0.03779529196915619,0.048975043729860404,0.018909404060713026,True
90,0.03458514958292992,0.1463240654985998,0.14106728616765107,0.10360733362918956,0.16234910582912357,0.1362441292319109,0.18067692476500957,0.019739814382047503,0.06436320156727801,0.011042989346259979,True
91,0.034446593432214345,0.06960520747092613,0.06386279214282699,0.03286048252764391,0.2992150487864688,0.19754143279155878,0.07664969219614468,0.1144564725322363,0.05688539131732387,0.05447688680265629,True
92,0.007980354871238427,0.007228559596596873,0.09609354281643301,0.04055357187888108,0.05716870305526835,0.18867428729624788,0.09322581779500327,0.3339516328621078,0.13134096058315234,0.04378256924507096,True
93,0.2705024670637174,0.017834406940857087,0.09172149642357223,0.07718637412231787,0.039216955278878855,0.10093301886872,0.13509366586274554,0.025911043202327965,0.07908633592955834,0.16251423630730474,True
94,0.14080440302952027,0.10704118862530337,0.1650193813455486,0.06328255302522626,0.02581643005709162,0.10914173085093153,0.16268026576833525,0.14905865727917372,0.07429920662505943,0.002856183393809989,True
95,0.3956841013110428,0.07525884292223607,0.04870595846082894,0.06430618141728525,0.11947280769979526,0.07829945804662457,0.003610605031699589,0.12463980959981556,0.001903794079844359,0.08811844143082774,True
96,0.02682976344130491,0.06090309657484372,0.1291105378837688,0.17001004248066234,0.04612229668547707,0.1397426428939618,0.12245175700988295,0.012736424893661252,0.029740041242719038,0.2623533968937181,True
97,0.07434220881884322,0.02534434375941024,0.03532325521840301,0.15924925390420175,0.1327679984829272,0.07439571083052227,0.35620587089206984,0.05488673200290796,0.06851959199895895,0.018965034091755692,True
98,0.0210639327957539,0.1989268883117137,0.00023439339885464878,0.12457026752681016,0.04396213811968403,0.1623328852749151,0.14970632238926568,0.0955835271645215,0.08016343971713465,0.12345620530134674,True
99,0.020593323761475543,0.061563248897772246,0.05004624522185957,0.22859172989034268,0.08558434329593863,0.025909524202395035,0.06025943207902794,0.10379278227299239,0.1560548523846324,0.20760451799356355,True
100,0.0878455767327273,0.053880178423932994,0.04876312668483609,0.1425922971162762,0.010940889322138094,0.0714440995719343,0.05996327507393244,0.02461464377371855,0.18291623158379416,0.3170396817167098,True
101,0.07322441444002356,0.017448586462735973,0.05207612841995065,0.10075063558711217,0.005939137336167285,0.05156493012046937,0.08430576526700286,0.14544165014168325,0.22825826491003484,0.24099048731482,True
102,0.11618080205058944,0.17540773591088726,0.21927303953061794,0.14682920118495502,0.007146858774507128,0.13041991194253538,0.022180772916325173,0.005258015771739241,0.09878112790868035,0.07852253400916312,True
103,0.018647944404250417,0.018150270659928466,0.29091633011496626,0.10385369005640897,0.06314099826832864,0.14046650032877017,0.11884682506027953,0.03432456482580971,0.03824856279406055,0.1734043134871972,True
104,0.0378848455481775,0.3320510139408758,0.00012324182011632615,0.07197276052508879,0.04370132603444005,0.12646133486045058,0.07393072455735021,0.059329595857122115,0.19873908458264253,0.055806072273736226,True
105,0.013636066187187146,0.011588474918753467,0.3570564714839282,0.02984514556524438,0.02423643020613609,0.21474826187987406,0.08555984722129063,0.06642142170172181,0.1451308182666791,0.05177706256918497,True
106,0.48660901805304974,0.09015329011832288,0.021140098190977306,0.037988364094546125,0.027063351060087074,0.031844947859351734,0.03102372320667513,0.062367790428613755,0.138772809325271,0.07303660766310538,True
107,0.05714493374199346,0.07515698504333254,0.3233985649255178,0.02051937651271012,0.02861421120401783,0.0210273439501661,0.020670480076453675,0.3441832545614388,0.08789307198874587,0.021391777995623886,True
108,0.029633304867169294,0.22166123776973076,0.02667432434666657,0.09352661497946481,0.1950999065293122,0.02718441959010683,0.24960445143103221,0.06707222352783301,0.048870725016233955,0.04067279194245047,True
109,0.26188665300672426,0.028161956729803306,0.07954890796501742,0.07388635650954312,0.06649376581825267,0.021112818324694523,0.23591586480274204,0.012880279537429599,0.1313747562585574,0.08873864104723579,True
110,0.07916055142284446,0.04845985578630128,0.05178851384391984,0.104108074885305,0.3135947052748999,0.16257493590371544,0.12481100882913931,0.045299510811138165,0.0431212449195665,0.02708159832317017,True
111,0.0885374345503285,0.06442780718389177,0.25428089232629697,0.0021917810516938717,0.10344686639634386,0.24390939056751032,0.031267958285311606,0.03900150909006623,0.16333628750005164,0.009600073048505395,True
112,0.07187008463227607,0.14169996363360182,0.12518899859324162,0.0766939985396462,0.04149173164122313,0.003155264532614296,0.04075630407715661,0.2879303661112422,0.04329212625578631,0.16792116198321191,True
113,0.1308369964445701,0.13780101405261264,0.10234585072686728,0.054698557217251705,0.07837113641407337,0.21799374505923222,0.0718300631163105,0.0031031955728945603,0.06083618800176732,0.14218325339442037,True
114,0.18883665914783182,0.0017409341818495334,0.03424326297451129,0.21028142776635697,0.05443904761002702,0.05275323344668897,0.18289121314423348,0.01996178759870443,0.08124324517873673,0.17360918895105978,True
115,0.018531360553648422,0.1291338648399915,0.0073090307848655885,0.05824795502640156,0.07306244329227268,0.26370259415472364,0.1173010973200745,0.13482929732826937,0.1327674910181476,0.06511486568160504,True
116,0.3398541864005064,0.16226509314049817,0.006661480453299774,0.07631292688872293,0.07231072335411888,0.04043490710075508,0.12483722443119347,0.0013881871944577818,0.02682152219163869,0.1491137488448089,True
117,0.12579713247778077,0.04641511318484668,0.05266223764101518,0.04373578257923007,0.12249536207032062,0.06635445599926156,0.3534556431347076,0.02875335613399331,0.1457151211568575,0.01461579562198651,True
118,0.18568629357971372,0.16848582203806678,0.029836932879276662,0.3513058286268533,0.05102344324924684,0.012229499682663979,0.06621671746128352,0.05147874182040612,0.07667905959164112,0.0070576610708480035,True
119,0.03606757459884893,0.08146893028184585,0.007207586236486276,0.011918516635455276,0.17655204512475148,0.17222277850936601,0.14450612800735196,0.026773911101876713,0.09582391203625704,0.24745861746776043,True
120,0.065166717731624,0.03210187958654656,0.051748326535789604,0.46911884420552125,0.009791419983743705,0.05009710279673898,0.00720658789148617,0.24907344464300263,0.032955680646528894,0.03273999597901814,True
121,0.04458444078598986,0.24376679536835094,0.04121842934571824,0.005211334636904827,0.18036617417627682,0.24244307497579914,0.16328300852741948,0.05050889754643992,0.010829009384183208,0.01778883525291759,True
122,0.05811270196583416,0.027790223592673535,0.06638202924934476,0.06261848935458648,0.14240463164440212,0.18876120555787537,0.09865727469737756,0.19091176135363594,0.02308273405722905,0.14127894852704098,True
123,0.1269116239361104,0.09031237167229828,0.1454218871389119,0.01439137146800232,0.023338360660083542,0.030765982465673823,0.04369786068012234,0.3448897486787024,0.09812314648099393,0.08214764681910082,True
124,0.13602453895860872,0.06568739471898581,0.0531118791715249,0.26303533349034364,0.3666718397892758,0.02226854251433779,0.02426103112232285,0.026492635712715047,0.015712394005162538,0.026734410516722942,True
125,0.14475333061665127,0.06317562979618305,0.19929784780278215,0.09060797976540146,0.14088501337776466,0.004444329334886432,0.03843283723654765,0.004581916760892132,0.24373866588884002,0.07008244942005123,True
126,0.2914366415413595,0.0040649895666311385,0.11314927104379961,0.030240619448883666,0.1620806643329635,0.016535756464686,0.13447097912175912,0.19182016485024836,0.028370774767027523,0.027830138862641463,True
127,0.020891309857247544,0.17033026483135788,0.2636118629668476,0.2358435302446,0.13986087350341542,0.08251280887303579,0.03732305426584421,0.027825737183208323,0.0023667204872977092,0.01943383778714553,True
128,0.10942196094621856,0.08225509021122078,0.03024614546642693,0.017857922961907267,0.14724596613794458,0.20345651868038198,0.3062777769921141,0.019162753359583593,0.0342580011232507,0.0498178641209515,True
129,0.02567112422753628,0.16176465304860638,0.14583794207384645,0.21411798336955792,0.06935364942581033,0.13489493179101747,0.06424834223806411,0.037625459143122146,0.13253772304506295,0.013948191637376007,True
130,0.18291631215775833,0.026590158360270556,0.10275333478449047,0.15626484455831668,0.039384379719981426,0.10612462808750299,0.26128598020224775,0.06764764214252016,0.04044492536492718,0.016587794621984352,True
131,0.03437079535041013,0.14029365667362778,0.03255129465946657,0.02294959695136696,0.06471054251880773,0.16234031796427625,0.0008339035509358413,0.020972993750371375,0.17584827094346858,0.3451286276372687,True
132,0.014292188160115765,0.21496227484856625,0.08218110006759283,0.0224778223281134,0.2224206232457583,0.039505825770303545,0.10661801141362845,0.057111764539123595,0.08707089562584641,0.1533594940009514,True
133,0.03933947877232031,0.13806172642069842,0.12372066575398345,0.15104035171181507,0.11907148041715494,0.05719153947774812,0.05557935391370621,0.13003010650233274,0.004825973012949048,0.18113932401729183,True
134,0.043505511725765916,0.37286614001935964,0.09205442475150843,0.0029078888467923628,0.04513499541402145,0.03453002168920538,0.07206031535542701,0.084831668102418,0.19324880829147426,0.058860225804027416,True
135,0.12374877186381025,0.172569365231119,0.03664395390794353,0.07885296791047264,0.016594897510618642,0.05371788301455221,0.01795348810014744,0.035035588625993534,0.20379140346436528,0.2610916803709774,True
136,0.08933253281820072,0.10180541679035561,0.13718362524777536,0.020164534777782885,0.36249980210842303,0.020020244028535722,0.03952355854549592,0.019069041651284997,0.09540337562888944,0.11499786840325647,True
137,0.0006719928228326567,0.3924357808066205,0.26341103625212114,0.029920446202075415,0.003583819730842391,0.12056283702478843,0.07356425093593964,0.09082775674620094,0.01714814384468164,0.00787393563389738,True
138,0.22298209530200644,0.08218052104045587,0.0676851423657667,0.06434075281725236,0.00712793220468266,0.002286240593298676,0.1809600878543357,0.20450289027606924,0.0041203569588010875,0.16381398058733113,True
139,0.009783708751915955,0.12941091242166897,0.05227192059600189,0.06814974739376485,0.07323766721842741,0.19003040226404894,0.028367966326122963,0.21828580845265408,0.16321831387342783,0.06724355270196715,True
140,0.09027437528989593,0.10755851621672871,0.0620297773146313,0.014731004886269617,0.2358638744976106,0.00963141181787933,0.041238795251940415,0.07386045294817888,0.2888313462841832,0.0759804454926819,True
141,0.18476740949107884,0.17746082179125408,0.12336175785312042,0.06760486039772017,0.13241555627387333,0.14504915999228898,0.06687397250554442,0.024849210604443086,0.013387728440068091,0.06422952265060862,True
142,0.013615973593145965,0.13791879495951673,0.08387679279891355,0.03655870331658879,0.3134191865523649,0.01002308343261233,0.03412409943290605,0.004844496977439998,0.04157006517896167,0.3240488037575502,True
143,0.1015134604969425,0.03173401819233213,0.020828711764466584,0.04548574434375572,0.05850237463253732,0.05138557799168735,0.17031806463244037,0.03730723351967414,0.2692380042992527,0.2136868101269113,True
144,0.1648058215703658,0.020411903922816825,0.1147911063840782,0.012545470269891073,0.21377088429273705,0.012407694124142494,0.07646804929851882,0.10677525177335669,0.1803342543297865,0.09768956403430673,True
145,0.09300143997766318,0.13381783109383627,0.043576876691086244,0.09642360507468706,0.03693453647092496,0.039060833071354197,0.20122291045921803,0.13283172936747828,0.03750667406057793,0.18562356373317387,True
146,0.10451816266365078,0.10027823458679762,0.032132580461281514,0.0370807751730132,0.08671658900372074,0.12305320612936656,0.31293618152210545,0.004198415206981571,0.060971996879567024,0.1381138583735156,True
147,0.04272513045661904,0.005758786272547446,0.04404047511897085,0.21101170598244612,0.23158280094897232,0.05197946029605148,0.1385469473691223,0.007564374872827796,0.06703270320652864,0.19975761547591417,True
148,0.06535453576851184,0.007364810146778272,0.11737987725190976,0.09058547298283506,0.3911347255143364,0.1239469417666933,0.10923757003065358,0.056640622760250336,0.021419598672403978,0.01693584510562748,True
149,0.02181322837210646,0.17007859722805474,0.07366435718735244,0.013158861740206218,0.2821269975598603,0.19842275177280042,0.10212440516351472,0.1010990933953007,0.029612069546632275,0.007899638034171633,True
150,0.13932281110346076,0.09651569674020238,0.12358550300645309,0.05488313348746675,0.06411136155194692,0.177775168924688,0.0011141737274821648,0.09420473984102541,0.23355543058308886,0.0149319810341855,True
151,0.056485142160088445,0.05494624171356468,0.12043493215128984,0.2439746429763109,0.037494743559992175,0.26528056089906077,0.008515398108790062,0.012357225290204683,0.1413447113082977,0.05916640183240071,True
152,0.20112561513009636,0.09352593973338878,0.03928001545606446,0.014517580394473744,0.09490468650216362,0.20269901604523036,0.06090586720835558,0.10601345493765817,0.10182177549816543,0.08520604909440345,True
153,0.0050401253734291525,0.004705554687015692,0.06502740081794496,0.022843036435436212,0.04417920751296234,0.17033638625863814,0.3485145471579144,0.07165550451495144,0.18312773478454347,0.08457050245716428,True
154,0.01932302799718174,0.039713604944242795,0.11077563345454274,0.07919325507442619,0.1643340155850312,0.013674982022312774,0.0700717212978728,0.15410191016642727,0.13508324535320615,0.21372860410475633,True
155,0.04173632785531861,0.04227954821923897,0.2465744420912475,0.2198857667801344,0.06454904001524786,0.054779068221666144,0.19366070197263055,0.020197793719997508,0.040872877022193235,0.07546443410232531,True
156,0.0713227126299789,0.028372413787642346,0.15637889465596316,0.14192759408796754,0.01601302568401223,0.11763996151258424,0.0277309871613446,0.177014971250322,0.09120514281822965,0.1723942964119555,True
157,0.23576806756065147,0.06867726486637847,0.14732599150238948,0.0841780385567173,0.0737435905035545,0.12563328287344297,0.007235371822460654,0.0425864488638144,0.13869134770508207,0.07616059574550875,True
158,0.18239930774198201,0.22038137041534359,0.10585979166404175,0.016556046321314404,0.09029708423256554,0.0961802980041568,0.0012368967481045919,0.017612172005347603,0.11420404099832539,0.15527299186881838,True
159,0.08667979499864871,0.07905501076207556,0.05178151357609678,0.05397934697030142,0.006437199594644686,0.05288969341028067,0.018016040357592175,0.07913757928162707,0.20660556518457407,0.36541825586415877,True
160,0.023568957050875364,0.05785174175573041,0.47031049547263154,0.0063287396459982374,0.05336884560161906,0.03852420379272074,0.1330832253327313,0.021521284222937802,0.07099461780959543,0.12444788931516003,True
161,0.006066204263853838,0.04046164844561876,0.07189126427896816,0.46502584911864586,0.1019514824927747,0.1353635714615928,0.07530424873012251,0.047237752342911755,0.014326172813865012,0.04237180605164669,True
162,0.0014306731397661992,0.06799577340553016,0.010175068810788198,0.10244153040117542,0.05594663013591563,0.13493231706968173,0.010842888669679437,0.5868769231730381,0.0018726093829709689,0.02748558581145408,True
163,0.04985830531645693,0.12919749172888104,0.025410896925397417,0.06965011792604832,0.20030899598609447,0.03149291012909512,0.012455325339370294,0.12502159109089234,0.2663341832203012,0.09027018233746295,True
164,0.02480923363603227,0.10889801030552582,0.23718938267600637,0.08701422639530591,0.20328877891769973,0.012254376805678842,0.1702986072723117,0.07865308186021705,0.018918005179323003,0.058676296951899416,True
165,0.02768048449439485,0.05027232588402095,0.13518881066794078,0.021185099793973247,0.06697372617799548,0.052771614626387006,0.25554625701881956,0.021686840852167773,0.2596303095251317,0.10906453095916861,True
166,0.10394161398434053,0.07411877831811961,0.05254730671135039,0.03203159611493253,0.024299518874560447,0.14265687350272255,0.17591722178735136,0.12398252159499269,0.2260291631322682,0.044475405979361615,True
167,0.07974160922151281,0.15677224995792893,0.03802252155753544,0.05031131069727645,0.005784902981303131,0.0021598260210743243,0.10552460067244003,0.12791661472359406,0.20506530715120652,0.22870105701612828,True
168,0.10049206200893215,0.08985241440039524,0.08537183812037577,0.0173682755659186,0.07234056342840527,0.12055653936621241,0.14133292956981292,0.04449371470419969,0.09213679676961366,0.23605486606613424,True
169,0.03584357910245937,0.009481243529694991,0.0610166005346895,0.2241594828601039,0.03723786638987754,0.18997835006540817,0.12797092865634693,0.18728287705371618,0.10113940696333519,0.02588966484436818,True
170,0.007209101344901046,0.10840825286364013,0.08569568454633096,0.33440434929010987,0.1685139533272982,0.01418674826703679,0.07031829764305605,0.11345179766532294,0.03888542775924821,0.058926387293055646,True
171,0.06823894868108865,0.22186016994416227,0.03508314932823633,0.03186431448792244,0.040039301145059124,0.06347560268527296,0.02560488690517633,0.01439678957809481,0.3074315792646724,0.19200525798031476,True
172,0.018283134151308087,0.08607912641509993,0.316570279037186,0.024751488340434398,0.0221063564550923,0.09407873748609626,0.009251480485141088,0.15834332307094365,0.24668124086487264,0.02385483369382572,True
173,0.20561823120198863,0.00024794910800164975,0.33622635946895746,0.0012239800132909783,0.07586002054187516,0.2344985064446326,0.03210044670781887,0.04266823767465329,0.058271092793815225,0.013285176044966129,True
174,0.06299532576924821,0.0662115842981634,0.0734731739911644,0.034621547189887976,0.1002722685906772,0.42691549137653007,0.07038777347114676,0.008780948370731585,0.14646916798575263,0.009872718956697793,True
175,0.037300915884036064,0.264247477133237,0.00530798473657034,0.018605970852940495,0.17145063413967754,0.06217144840414393,0.09264990488280972,0.017145583853480542,0.27540806141436885,0.05571201869873555,True
176,0.28056763533286877,0.027404345066962578,0.08724410664478728,0.049663342706931596,0.039892676700191566,0.3357534592690845,0.006844267225139267,0.04369385666313936,0.10932015167219125,0.01961615871870385,True
177,0.04589780431694034,0.037364478151123474,0.25028284088959163,0.056167097523609016,0.002956173698032129,0.020730359341756564,0.14175277399942307,0.03154068733270316,0.1877542082363404,0.22555357651048027,True
178,0.2958961121546851,0.09088057669050018,0.008440716825351585,0.047213769341901406,0.0018276598313893917,0.02219106458314554,0.3455029280551047,0.038920532099135784,0.11779287872378064,0.031333761695005714,True
179,0.09163588280469062,0.02454587228875088,0.08332437913770313,0.040871945358832276,0.00477130057722901,0.07857822377169932,0.29035652100638115,0.10394713204678986,0.035810604270907695,0.24615813873701606,True
180,0.1707417906572018,0.007546550050199483,0.0073769038700912575,0.045718302696780184,0.17362807712596712,0.09616228286223014,0.4439298915975035,0.017862387821724474,0.01361769059392348,0.02341612272437866,True
181,0.1354646770685369,0.220797082305922,0.07073992622125527,0.071964143883955,0.10684239999560205,0.035097992587132885,0.019893996049570734,0.07036220155260241,0.051875763910335757,0.21696181642508705,True
182,0.15763626842546682,0.31702428023782864,0.06562844705575593,0.09694242476151982,0.0003837837494375948,0.05525689176401059,0.15787772952097448,0.1279965437133479,0.008324768280712052,0.012928862490946193,True
183,0.20640652579472749,0.1550753206500194,0.10732494187422958,0.006449832896182689,0.031511246651913294,0.07030597475183983,0.24832180553137745,0.1279320657084699,0.012144485897197545,0.03452780024404272,True
184,0.04346828289225275,0.09762116198933032,0.09114188474326228,0.02844684477765871,0.2732603627069978,0.02067995937894845,0.006073518294725507,0.16742109392822313,0.2693863130874145,0.0025005782011865547,True
185,0.008384152907505892,0.07208109342067806,0.207428520660959,0.05407553761245684,0.09860529911640276,0.08348495669600127,0.09888721466941038,0.04809667202253087,0.18345154450268708,0.14550500839136798,True
186,0.16161555169733144,0.012340800874883871,0.035402543104152834,0.08624901293950524,0.21893106902428058,0.20564435889838376,0.007245677481567276,0.05739011754790818,0.14506400190611837,0.0701168665258685,True
187,0.024039557457996567,0.07658149654138402,0.1501677516507175,0.1561577992713942,0.2346417194911042,0.10871417744188758,0.07360341807532768,0.062240972054298016,0.042056368321913624,0.07179673969397657,True
188,0.009724894130560142,0.04755498967482728,0.06970664415052799,0.14678617941404706,0.10359635629195536,0.1422259260764811,0.22999335412056607,0.1781085886021031,0.023480076775244642,0.0488229907636873,True
