ID,strat_res0,strat_res1,strat_res2,strat_res3,strat_res4,strat_res5,strat_res6,strat_res7,strat_res8,strat_res9,alive_at_end
0,0.06883599170759774,0.3839933461183298,0.03323882344025869,0.027315460928417794,0.01828637848583974,0.11174992691064622,0.10157239628531249,0.048920840669229936,0.012657584383149083,0.19342925107121844,True
1,0.02894655808046691,0.01540883454623834,0.018926370033743745,0.08537411418615927,0.07928861832534835,0.1641646079614435,0.11051727949221485,0.16595873234229544,0.14108548290055067,0.19032940213153882,True
2,0.007719845145494559,0.06826820870835207,0.006992423685646255,0.0017411780474408348,0.517557646961738,0.01102412505355199,0.14801119082281186,0.02609130597511848,0.15349276578075222,0.05910130981909363,True
3,0.041509753419128825,0.13756241627576332,0.07521334793693284,0.03226205203238388,0.038872926365536915,0.003278935477618457,0.1316850356010782,0.12579413162944353,0.31743750461605613,0.09638389664605808,True
4,0.06345818329432264,0.021343610827529877,0.07358449081327943,0.06715394790429971,0.04183153813369964,0.26198059640038396,0.05387837954572707,0.23370762745261056,0.058547451218009895,0.12451417441013715,True
5,0.032678065660255794,0.016962473091876522,0.28987463059454865,0.13441060140695404,0.029792159554690043,0.21875134537692908,0.1786079625546751,0.02781288935269729,0.014798327696855015,0.0563115447105183,True
6,0.07171459969436346,0.13277906076046467,0.0026320538687817524,0.24502996848275793,0.17574698105703632,0.12310650707616079,0.08176267201309892,0.07366837402496111,0.06888687873768276,0.024672904284692345,True
7,0.17106135227991076,0.02757019216239941,0.11317521382782256,0.0819628627447303,0.12334490443559487,0.14976857592982415,0.09190751035236984,0.08779615476127187,0.0930589810692274,0.06035425243684874,True
8,0.06276257381341395,0.01304282249940741,0.14939060914680705,0.09630295648289482,0.25527832349984403,0.12389614780734896,0.009905428403886123,0.12374308074960826,0.09785405155368915,0.06782400604310018,True
9,0.07276150801186022,0.002314213886112586,0.057082209390013634,0.10809777599397814,0.1144603021223762,0.08925087038630002,0.18484232015318214,0.30806821685644015,0.026837340702990122,0.03628524249674677,True
10,0.17554864428226952,0.14399910688913894,0.05750739774032794,0.028557529031847478,0.17113734246669937,0.17849010440683957,0.11855744849510287,0.07338419618857545,0.022765709735141783,0.030052520764057,True
11,0.03130390239124396,0.05474799877856433,0.050518465676101944,0.017702365093241995,0.0865704075458353,0.038421506856030026,0.009030754090846652,0.13100404901576163,0.3466685347631218,0.23403201578925237,True
12,0.05324432809353836,0.12437215630556704,0.3240309493355944,0.0032500712862379346,0.056460447236138765,0.1600205711983193,0.13055670850963952,0.020517204522790843,0.0974678619348704,0.030079701577303476,True
13,0.0039953357385243415,0.03244075356228142,0.1615662315835092,0.1287797913883752,0.037760474288343546,0.09190234580514722,0.11349650531669778,0.09693255686010735,0.09171205284466856,0.2414139526123454,True
14,0.14438843040396857,0.14146892757398094,0.09345022430564637,0.013733036882385658,0.06991088463120665,0.18329996642142665,0.0022190399397056535,0.026624346190689867,0.3121368971216276,0.01276824652936202,True
15,0.08834522174677367,0.3093022495503595,0.1605360158633126,0.09912745212814603,0.061878817057411974,0.07691192811952209,0.003722744882621502,0.056775411148114525,0.014214571957993544,0.12918558754574438,True
16,0.029146641931488894,0.17319451676732195,0.043996303126001515,0.24096407036039746,0.02921410699864717,0.07981960571085212,0.08096819362518187,0.002383876337603573,0.2807384267842972,0.0395742583582082,True
17,0.024618061582506033,0.0919697478095946,0.03185148077149448,0.2925256477876542,0.03493895400000703,0.05314100625163492,0.22272606738094208,0.13858040502397115,0.10425557029854902,0.005393059093646469,True
18,0.14331382745026128,0.04905455282631147,0.036969940865349424,0.023660962283029375,0.278975301373023,0.002426486498017136,0.19787736064248324,0.07150892636863729,0.14731945771179394,0.04889318398109393,True
19,0.008315234135015873,0.186909475661627,0.0022296220808676864,0.39203556829397856,0.03175831848770144,0.015438819015700852,0.00904858095277147,0.11426604825075579,0.22643787770477256,0.013560455416808904,True
20,0.07671340874775621,0.11360462480439869,0.029355809808938337,0.33185595193094697,0.14447822549913478,0.028227555382223126,0.14284097099139462,0.023303303225324805,0.027718311516075938,0.08190183809380668,True
21,0.2594754688885981,0.11820018428938069,0.07409501511576987,0.22909652824148952,0.08006541613313777,0.03281725188608325,0.005115680658115051,0.029049121940755665,0.14274213665891886,0.02934319618775135,True
22,0.0011343526843415818,0.05349247736514561,0.0934323652966941,0.18908291478992217,0.2273422225367589,0.13978747424293975,0.046949853793667944,0.06726344961654135,0.13161610267442309,0.04989878699956561,True
23,0.3867866848788663,0.05045662708037937,0.07918948274211436,0.1613963403625608,0.11958412345937462,0.04010709697060065,0.028237829766481842,0.021699249570711863,0.07828816488300903,0.034254400285901224,True
24,0.025895159466697765,0.02047116919675964,0.040025454420475524,0.08358759682697547,0.017919482698063715,0.17121303906134902,0.13284742242914285,0.10414808653300861,0.02333238435799844,0.380560205009529,True
25,0.03254206270094622,0.13417261737361047,0.07050997728024738,0.4260800602055115,0.04394412904190145,0.05272039131453097,0.12425470379324954,0.07982670676429124,0.03556312722092047,0.00038622430479076067,True
26,0.061114790936960116,0.007959160415807251,0.06895383929460314,0.04987274580420026,0.04500651477908089,0.3404752254800202,0.14377495441002272,0.04932618623248642,0.17336615136302605,0.06015043128379315,True
27,0.10465769960337964,0.0005751110413144962,0.023150779591016437,0.03563295887831728,0.09958328940292534,0.1299026026339369,0.08742744556839496,0.2747748726363034,0.0894990490990126,0.15479619154539895,True
28,0.0139975646881694,0.03270311418572213,0.1103195921752994,0.0920955982610015,0.12013647127161593,0.1916852769138419,0.13723346900907507,0.10762691449846726,0.09557735293164536,0.09862464606516194,True
29,0.013212783283917536,0.15898064218569227,0.005902887543339737,0.1285512526098974,0.2757915899199992,0.004283046619026571,0.1329917523262813,0.028226730288387552,0.14419723309216953,0.10786208213128891,True
30,0.017507843673145434,0.05250014620715505,0.003845530805245152,0.0027613088514546386,0.18741518479585734,0.13481880239816124,0.20639720840781128,0.04071441848162343,0.2462130337920936,0.10782652258745293,True
31,0.05944019163218686,0.04544549453419547,0.14309151831896133,0.2382617312814412,0.3472761411771992,0.008928919089152557,0.03176567817946271,0.03074204911839611,0.0719376884380545,0.023110588230949945,True
32,0.2114259257397975,0.0919800825407185,0.04090447403249889,0.032918193832994685,0.001041086545099693,0.18512557668265725,0.08544886430493578,0.014471538560548296,0.10924202234333397,0.22744223541741546,True
33,0.10168693959590694,0.2857000471639025,0.054880085158651566,0.15316895874998362,0.19456158024035047,0.03352148643076233,0.08230963957153511,0.028602665241301676,0.015037119683102817,0.05053147816450267,True
34,0.08804579726012492,0.025635211612517327,0.006925359947813921,0.20815267298363282,0.35133996057762445,0.06503606961666501,0.013396560846464995,0.06522211767438786,0.07597727308335844,0.10026897639741034,True
35,0.01491385555083799,0.29695676817607575,0.0015587761109288243,0.10173176383393831,0.000126209657861265,0.1741708574262147,0.1254191859505883,0.22943695560125457,0.02025067382022269,0.03543495387207763,True
36,0.14637057567393363,0.30222443711460834,0.044143342645098935,0.09804332251250426,0.03304946454501536,0.051930178111524866,0.10758096494152745,0.03632770884992175,0.1404372217885308,0.03989278381733444,True
37,0.0015757301050214792,0.07450945039284705,0.20510926895251236,0.07426832795949595,0.042216386129640245,0.17038680002023324,0.011592574749099747,0.10321484273602709,0.2694636448187282,0.047662974136394774,True
38,0.1871967663437201,0.0513132418152361,0.08818654071956021,0.20082955383645584,0.020338661852665512,0.006743236339107179,0.1926684977038107,0.08918409849838288,0.15041594614584006,0.013123456745221489,True
39,0.4563979329943526,0.021927943747485322,0.04526706689570972,0.0016539552602032285,0.25043105038590097,0.10758154350951099,0.07003290124498106,0.026599945598565128,0.004379875556796227,0.01572778480649478,True
40,0.17266321334051174,0.3098207848240845,0.12477939185177013,0.06387638266802893,0.030978364102614734,0.007797966203266978,0.06722276689945073,0.04512245292822377,0.07184722947853388,0.1058914477035144,True
41,0.10895387809510368,0.00127327589797281,0.12035334634838342,0.03437319271746353,0.02153127074555756,0.09881318147277234,0.0015044998525345133,0.5325170965460667,0.07646936854337104,0.004210889780774403,True
42,0.0980252017839805,0.009477671272250245,0.14688649563185457,0.012117940972093445,0.19331307862872116,0.04206197775969936,0.08957145990450673,0.2002647337955961,0.17758110537592595,0.03070033487537191,True
43,0.13776750636564214,0.08562690741795842,0.12468000560486062,0.032585667703200295,0.3353535794727842,0.006960143513618762,0.09681280908707586,0.018193390152216854,0.15259354456187288,0.009426446120770031,True
44,0.058762376972253616,0.08183212277742032,0.018813932819024357,0.004499716208198801,0.3726484589738853,0.10951644963940836,0.07969957060557069,0.1367089860079519,0.12727772523106132,0.010240660765225432,True
45,0.18672853803448294,0.13141130332286816,0.07915326230213023,0.041194461441028445,0.1664578286448607,0.167442216749908,0.0118841085365446,0.047721044952897966,0.042763714256752246,0.12524352175852677,True
46,0.01623850864906159,0.062274543468047304,0.03382011574986029,0.022317362315377426,0.0951897058312121,0.2284270157219377,0.202256764012463,0.11165550727415374,0.06528804247682166,0.1625324345010651,True
47,0.049600150167029074,0.095682488984397,0.15477356382945093,0.0653118781011456,0.03149062092757319,0.009812372361472392,0.04973355883506856,0.07701635356722443,0.40381101869278424,0.06276799453385455,True
48,0.1590760740310877,0.1561783956720307,0.01648915692269858,0.17965261577616848,0.011867017205537869,0.22866738324245445,0.05613275240257117,0.07873763116043055,0.09531884056694201,0.01788013302007845,True
49,0.3224847276492402,0.12653990761168435,0.026941232302960562,0.028642127246514697,0.08791842002911242,0.02288298361758789,0.13013970030343064,0.07436262775649527,0.15717262405049215,0.02291564943248181,True
50,0.34280959174475706,0.013559708404788163,0.14316019300038385,0.04982414280674004,0.01233761845694121,0.024833600778207142,0.14799586427951134,0.030831851485839,0.06933704871682912,0.16531038032600298,True
51,0.08555029121103462,0.19848027967228934,0.08415921557166668,0.17505032189991693,0.08949676009491761,0.033805589346368056,0.11354110652327518,0.04626798857989831,0.07968709063277339,0.09396135646785986,True
52,0.022231327013345663,0.0016461792361078015,0.3032087357168678,0.15440148171760038,0.02676016513022986,0.015048438188532956,0.14494204233797015,0.08503782868916238,0.15412217544014878,0.09260162653003409,True
53,0.04275524659471211,0.04980960840643272,0.030379792406004,0.05854027341868269,0.2598065710254004,0.02581591035702854,0.187557435662661,0.13786250428188815,0.06014888334931546,0.14732377449787484,True
54,0.22545920776401157,0.10445172748480804,0.05468202408967606,0.079628142068089,0.004309659940434091,0.022554565373006822,0.07727952099930387,0.10596874189335366,0.03235600343112375,0.29331040695619315,True
55,0.032086365672774814,0.10378722004444499,0.20036912617857608,0.05568584525212434,0.03811143012784042,0.10865430723083555,0.047283948261613064,0.3024164212549867,0.03628390017303331,0.07532143580377078,True
56,0.1580804365570334,0.17327629035499006,0.13232224403442838,0.2011870293143627,0.024764426476530262,0.13958668839248742,0.05318923801347362,0.021619226600240574,0.0562478689229626,0.0397265513334909,True
57,0.12483835278062133,0.1775187482293773,0.03187096303002501,0.028439068537468266,0.07838167713117232,0.03742518668691079,0.024602326344231113,0.18243955144191631,0.2721216272727107,0.04236249854556685,True
58,0.2991841809993375,0.09924199267149457,0.1253272684228043,0.02834285606710545,0.12336478124668147,0.023508851981444315,0.020277239152321835,0.03077254377426643,0.12357350996273636,0.12640677572180772,True
59,0.08247979176327301,0.03516776915669884,0.1653968055974875,0.0788859341795315,0.03631598747130735,0.1655770419211115,0.06004602910780482,0.13804503994409506,0.01401200650623568,0.22407359435245475,True
60,0.22041587415003439,0.10878897789027225,0.3726462530520861,0.034435290241344806,0.01879865847893776,0.0816504841580935,0.01881135435970901,0.07230403824955818,0.037578298092283684,0.03457077132768015,True
61,0.0019545270348713625,0.11465512793069027,0.03078282976830124,0.0334140160192383,0.036040255429034045,0.22835844205325986,0.23030712996948163,0.05710090240094178,0.20616763535182953,0.0612191340423521,True
62,0.17654584573187437,0.016306919786653492,0.03964854451637468,0.0672663253985973,0.13751414390460154,0.04427766310290315,0.1647510205904175,0.06861028306535502,0.01856942033945572,0.2665098335637672,True
63,0.023313504871935353,0.03349866394213484,0.022147632961660377,0.11230335725157373,0.1745000225092992,0.04843032634730166,0.21093984107935435,0.02896773329807836,0.2874991850566563,0.05839973268200582,True
64,0.019129974297870885,0.05760425678324855,0.12991171212960265,0.048243037528895624,0.04294506361973718,0.30289547776820136,0.05856968876661637,0.18092660172341965,0.12617784968390278,0.033596337698504904,True
65,0.029992413173006244,0.06243631873107618,0.19930173792629,0.008814357794449511,0.010942832261503615,0.19801879661382465,0.1614634169946948,0.19307874137104722,0.12059997521087779,0.015351409923229935,True
66,0.04505731137391521,0.18797023455014644,0.061323385404924116,0.13713692709255335,0.03630669392405224,0.056356299772679246,0.07652940899151593,0.17882645816267018,0.2129972696111429,0.0074960111164003255,True
67,0.28799762221244013,0.20590930368127738,0.0022411228270460015,0.08710029128852674,0.13464933113798902,0.04883543086654938,0.13914680999203233,0.04386726970295342,0.024700184152170568,0.02555263413901522,True
68,0.07897894111513636,0.1388801360574335,0.05753854576894027,0.18715976351326002,0.08729599741843728,0.047662664919942775,0.05375309473590393,0.019580134768822224,0.1806263321339303,0.14852438956819344,True
69,0.106140710321147,0.03353365377341658,0.36077426546702346,0.10217636619898825,0.03258992095093611,0.12589622510528656,0.0045884757836835745,0.0573876763260632,0.14595658906202622,0.03095611701142893,True
70,0.030487072242699302,0.045987223501743,0.030864157150021113,0.1583818336477338,0.13687649679272773,0.1438785568026108,0.07339174182462056,0.14655385137262186,0.09341533045253135,0.14016373621269052,True
71,0.031156908008818984,0.021406476843499434,0.07348561983611351,0.39677367597278895,0.04857788685278559,0.19992923309084878,0.006410008117828947,0.11980576276024306,0.03759039433559247,0.06486403418148015,True
72,0.03586845689624222,0.057624172899541075,0.13400563668764617,0.1721373517233486,0.12926021422581213,0.04746221240571112,0.17227578677817254,0.02107736159194575,0.0024968286164787877,0.22779197817510166,True
73,0.12999001780866398,0.009660218269816735,0.05524645448986434,0.0362259174682545,0.19533087437339822,0.08766787939111083,0.05360147885266842,0.1239915550564767,0.19970022127397266,0.10858538301577367,True
74,0.22317478416907147,0.15616979235961476,0.030184559143088704,0.3336847532277544,0.0074956086471203685,0.07964717817591807,0.012472858710010644,0.1223462149420043,0.013928004482848925,0.020896246142568208,True
75,0.04497102661613786,0.025930853778824797,0.009680668018648059,0.08578038927897255,0.6441041731319762,0.15445295566334652,0.009492310117309225,0.008004227224662817,0.01025979520236976,0.007323600967752197,True
76,0.05783874656569269,0.07968466225766015,0.014877949129191525,0.09494750609564527,0.2724730088320704,0.03323971069168832,0.17416293102285102,0.10120998349441376,0.15914095648391308,0.01242454542687385,True
77,0.018725096594921383,0.18613003611410298,0.03833907726276109,0.08139645463158963,0.0073647138139961875,0.5924959848493657,0.006191407799696702,0.0228932598060607,0.04020445064057155,0.006259518486934034,True
78,0.10743608427444802,0.050567559349683426,0.05374205246836898,0.041132219587020506,0.3397128895204194,0.05451237804174038,0.03440496430533539,0.09627144508836381,0.0472937121564525,0.17492669520816753,True
79,0.10813561694877157,0.024183769225227338,0.16024788878306725,0.1604900331769069,0.06108490646990056,0.08505237406205284,0.1443712499456117,0.12774977140131175,0.020150894491123422,0.10853349549602666,True
80,0.019030272070525687,0.15283195772532307,0.008045420225394407,0.02824697763038809,0.09539781112995942,0.18852858940327474,0.17584853838200143,0.09543772384464323,0.16378273154559506,0.07284997804289492,True
81,0.23855924730668024,0.06948478370691477,0.023824465692547907,0.009621509085463819,0.1653004954409418,0.06804330219528527,0.23285801586401234,0.007356242171650947,0.013682716228679635,0.1712692223078232,True
82,0.0076475434137712,0.05476346203823389,0.030071839822879264,0.05569113129602539,0.054745916811361504,0.39442793369861173,0.12816448237505532,0.038581662055674634,0.1644565315265507,0.07144949696183632,True
83,0.12966164622244528,0.02055683879373762,0.013758018479082135,0.06511773248645127,0.1495571909066082,0.05423816286734243,0.048646802233142224,0.0940222182265774,0.06912119238304403,0.3553201974015695,True
84,0.11870073816869191,0.19667911450690678,0.02167165788230075,0.05460816294405918,0.059173148812227634,0.007391222625822064,0.26105622995765826,0.05766812120728661,0.07148144166239388,0.15157016223265296,True
85,0.20705537395320958,0.056637721082640494,0.07910248218027305,0.29900635862605207,0.05143967026079376,0.07335218606407846,0.05766405845243904,0.004457993484317533,0.09322058835469864,0.07806356754149749,True
86,0.09035393574190906,0.04275216599930533,0.16753821035782712,0.05502939758820428,0.03670693439862237,0.09041584276502614,0.22746323563188287,0.10208298863857809,0.05023879290993419,0.13741849596871064,True
87,0.05250862981980186,0.16536175427305122,0.07948069167303502,0.0056473505767933455,0.013083241874386682,0.23910477411170525,0.003668790515601861,0.048050286839641895,0.20409794960558086,0.1889965307104019,True
88,0.1252829212765325,0.07976820157840783,0.1415064484376783,0.04848631879099089,0.11986400072996646,0.11257092269594747,0.11785416414547509,0.11746581520001234,0.09532562253123651,0.04187558461375271,True
89,0.21314756219790335,0.04834735890647693,0.004662128417473753,0.021594414818398626,0.1315989932378816,0.25992246671053554,0.08799265237703686,0.0931893450703084,0.061409706524706356,0.07813537173927874,True
90,0.13705363510805169,0.14348028529223703,0.02264949413763782,0.05040838247080205,0.0993181175098829,0.0745714530512187,0.1611616669501401,0.11273856991252527,0.024644321391147223,0.17397407417635735,True
91,0.4323085935894269,0.010098784739949357,0.059529523142434655,0.04752973483940067,0.01715584575591488,0.03950030336518647,0.1147685740683582,0.050134492962284824,0.1935668319030757,0.03540731563396834,True
92,0.04403724197195631,0.09519815824413017,0.11471513712005496,0.18154943537561316,0.2510213242523698,0.15070869020960487,0.09531682684534058,0.022932197594102262,0.028516652458478068,0.01600433592834994,True
93,0.18297913275888952,0.02980171244241621,0.105942316436282,0.2065017093978577,0.08114619501478514,0.12434025740803305,0.16482181556851663,0.024388969483920733,0.07166166661736205,0.00841622487193703,True
94,0.09796171717414273,0.06500248740121618,0.10015913401519609,0.014016311865026932,5.1215829340458243e-05,0.1891971918562616,0.17801696626086697,0.06620397228420578,0.13765379653460397,0.15173720677913938,True
95,0.08386608554512572,0.07759825995206991,0.04478741619354454,0.023268494749893467,0.08292083773537312,0.39351409604273313,0.022406357936096397,0.04373949974100541,0.011794460916085632,0.21610449118807268,True
96,0.027533205398625128,0.06115486118156505,0.1074397031009366,0.03765937778561234,0.10269191748461957,0.23406916235055106,0.0479187794293341,0.04038458436947616,0.22329604180118615,0.11785236709809395,True
97,0.1146264157658549,0.2482389051743286,0.1875944964386614,0.1291696079757894,0.009643755472949801,0.05035438466572972,0.12061803636451449,0.010960515605610928,0.09790112088048916,0.03089276165607149,True
98,0.051618426167745354,0.2069350674547037,0.3600817535818457,0.13697664968551845,0.034716601259051745,0.09209488565705888,0.011785589190893732,0.0856427472816854,0.016128919231409605,0.0040193604900874355,True
99,0.02472517372472865,0.3657557717575378,0.014785270176062308,0.005546701135920975,0.043183854991949176,0.01930045355595996,0.3184737902248497,0.07491949262527763,0.013147546553782828,0.12016194525393104,True
100,0.07793804728459397,0.023800506658515352,0.11716559611298014,0.04267827195137687,0.005406518640584662,0.1179432955288382,0.22804918585344172,0.12226709956146745,0.1541697457374874,0.11058173267071437,True
101,0.023966977127513667,0.04463754018620996,0.018950809981065592,0.4043215635038807,0.11350624907547413,0.007540387152788013,0.2748738100507567,0.08488552425972533,0.020390969371812954,0.006926169290773088,True
102,0.0021277134878935336,0.11698713580166847,0.5893750335639943,0.011137794856978972,0.12314499285200987,0.0019563222445055737,0.031340279448871695,0.011845148072852717,0.08671734070054031,0.02536823897068466,True
103,0.46706265340991276,0.014963985143618304,0.029036229752182872,0.005150552797300967,0.0998762080162172,0.28118145372845094,0.053943606506399726,0.014605610733925085,0.015575899823186164,0.018603800088806056,True
104,0.10617324897599058,0.06213530455158085,0.00482465443596697,0.0819684554062883,0.03009543383047375,0.27839310524574995,0.16972830350753612,0.1697444258604351,0.0785352020802016,0.018401866105776845,True
105,0.06233653871594163,0.06163238988853832,0.2266900457166458,0.03328472235055406,0.09616891869911323,0.014524437659831394,0.3214267463362632,0.04687952571622471,0.09774669064614244,0.03930998427074515,True
106,0.007104993212253461,0.06991387284515745,0.0021004375226162633,0.02195357936275379,0.15676728569613543,0.06559770960320851,0.0064395348619506135,0.3663669937042375,0.08825565301261233,0.21549994017907476,True
107,0.06571581374376238,0.02157334529284237,0.11755002135465341,0.19871135891414582,0.27358245431752715,0.15455872842648444,0.09299269909866059,0.004568187791388578,0.03877741293979862,0.0319699781207366,True
108,0.0028000200031198645,0.0756666966695161,0.010117087860218416,0.08538877172582496,0.19802554132481973,0.2859209023037537,0.1515529834016402,0.008056290361193411,0.09719114403144472,0.08528056231846887,True
109,0.20065727172678982,0.08412045216603208,0.15149144690601335,0.127554510221697,0.2040735034527326,0.01452097074915125,0.021388053773560716,0.011849762728408006,0.10566672382962682,0.0786773044459885,True
110,0.10063448444478197,0.14324211583974897,0.016712251884722265,0.10451092848946283,0.06981869821440438,0.1107433368525535,0.020832492110952023,0.11578329040350345,0.03521409565204426,0.28250830610782635,True
111,0.16916622460590722,0.14770041749222831,0.04020348128165191,0.045004636596316636,0.07176219602423174,0.08665753769885563,0.08933289145292936,0.020369331143052193,0.07028869934866144,0.25951458435616565,True
112,0.10053801045238969,0.12430181647241251,0.18926406164806753,0.0522922723900356,0.07827389748885602,0.10562067107723064,0.05506718567265641,0.2125170970288363,0.011388744754379244,0.07073624301513605,True
113,0.10898438464645994,0.1192848501273911,0.04603633067800171,0.013849859595206033,0.2810216674444655,0.04961592455389877,0.006597171360150505,0.027788657650436584,0.007002509643286841,0.33981864430070297,True
114,0.03524680836648951,0.10627318050981834,0.009798535682587694,0.010159031956671548,0.15499189715266928,0.05138170835708777,0.5699928170221367,0.027448247650503393,0.002431563552400881,0.03227620974963504,True
115,0.013969643724211217,0.017584797463511298,0.196260121682884,0.13290772860027844,0.045107086261184245,0.08507290297002187,0.2841798205272689,0.11844347425659053,0.006232632361264931,0.10024179215278453,True
116,0.03629816127556751,0.27384501205708833,0.03799119358459441,0.09261129405305336,0.09195725939189224,0.003929170375460996,0.1314993927916476,0.20597759722583056,0.07946385847543008,0.046427060769435126,True
117,0.03131113546358275,0.012691623513552746,0.24270977030242818,0.03979084390351857,0.15109120166955242,0.04397074741921004,0.06155379663608707,0.2784839884272072,0.1065446605470455,0.0318522321178156,True
118,0.011406487395358206,0.002625522839259586,0.14008407548390234,0.08124928928810461,0.06956717601978553,0.013660965085560266,0.1738434263447217,0.37126972517411094,0.01129848616137664,0.12499484620782013,True
119,0.06286745608420692,0.07568295575464308,0.04601783375492062,0.35564109575922354,0.037468516249525935,0.07711424785597253,0.1244793511965,0.020842927465462683,0.09201780570899352,0.10786781017055126,True
120,0.04373120415110392,0.02257775342465104,0.4304410118637133,0.03932391524667363,0.16187277715818685,0.007149322103101658,0.013328974371685284,0.13204703323528172,0.08872974190785393,0.060798266537748814,True
121,0.03615228714053625,0.06968907645314394,0.06634643654573753,0.054917625087594776,0.1561971710920282,0.06296642198740521,0.0693767837632995,0.029196200656392907,0.26097231260462633,0.19418568466923533,True
122,0.049428377842615306,0.0981915704650939,0.025693678110345484,0.17638766198343983,0.050393257503257016,0.13680034017748932,0.25171993221262706,0.06548242193707654,0.02396577932677667,0.12193698044127883,True
123,0.01230449981359525,0.024733984359887697,0.014601475025713025,0.041079812258153776,0.27191168838312374,0.25426874765110635,0.23582636447926478,0.0005346148900469104,0.0003751756625320179,0.1443636374765764,True
124,0.02634310706577772,0.057673924095837825,0.3366704241808163,0.07216450299198673,0.0782079912295242,0.11012639231424518,0.04512199979264964,0.18377032924479214,0.07963061103962508,0.010290718044745085,True
125,0.15335064473421192,0.07517033863899952,0.00980712314703841,0.14370915767424441,0.008467131589520721,0.0815037436642815,0.239594432525507,0.015401004294619328,0.0018792896352144,0.2711171340963628,True
126,0.00886998964411261,0.008595048250938975,0.13149342864378177,0.055837148472428086,0.030796961609714586,0.1685192922473766,0.05825694781350762,0.33912202582523393,0.19791057638850498,0.0005985811044010221,True
127,0.1344643091861466,0.17495289261932898,0.11988692877249846,0.06542485522697439,0.04888642256398088,0.022211251980585586,0.0413632727821104,0.021721728647704986,0.19415730340607662,0.17693103481459316,True
128,0.062050834210197796,0.17282956417419268,0.05871161513870595,0.13813917042028775,0.037032998669815215,0.1636007117116948,0.14466858723226123,0.06314907945613438,0.031015294558135117,0.12880214442857513,True
129,0.0036200106652321167,0.018974521724865582,0.04819591848480494,0.003994944181185226,0.07169642973769481,0.24208133273797994,0.32292333217169283,0.21877178622270285,0.042182882911421256,0.027558841162420394,True
130,0.01808587868920443,0.3690766027973554,0.24784016733834677,0.0881596387881392,0.11110735219590502,0.08037772807527879,0.002651757780125006,0.02957172164190569,0.043143516017144105,0.009985636676595713,True
131,0.018676815653003633,0.03792788561765652,0.03437549541359982,0.12148053790746244,0.13057035771932188,0.09615249767969075,0.26754175270166836,0.04251665232304865,0.15393469493642425,0.09682331004812379,True
132,0.2691779719896152,0.0908615194876705,0.07216217412229961,0.0440604390910864,0.03938737470346521,0.09049896079492271,0.11209530287224863,0.06960822630185612,0.0731752442769579,0.1389727863598777,True
133,0.031488778289837024,0.21701618366047232,0.05447499442284256,0.10461560544736502,0.10176019310010277,0.2210612846437484,0.043329773725963056,0.182620422711491,0.0017329270341596115,0.0418998369640182,True
134,0.08385373629081828,0.01813639482130988,0.24638173064400912,0.2067698333834389,0.11762045238982016,0.1331184804734092,0.01034933489686505,0.002298157186051019,0.1729361082488373,0.008535771665441165,True
135,0.08312003501432953,0.03807662018839629,0.0038665555677485377,0.08852589539827677,0.17511133454542022,0.12393909550502846,0.08727826655710393,0.15788365749405023,0.10907889549432159,0.13311964423532438,True
136,0.048415505810697,0.1700789494663013,0.04430391719271452,0.012466411470467568,0.039475845865224526,0.2622154575424772,0.009553914388730551,0.1057953331882776,0.27083362480017975,0.03686104027493002,True
137,0.11448128181088696,0.21414943986800858,0.11243816732652677,0.00015988798327102818,0.14452169447944216,0.05928011292106956,0.0038390675775404324,0.16112225559917404,0.12726826053009596,0.06273983190398445,True
138,0.05523607131558468,0.12175976845285422,0.05510968372840883,0.24610206399540113,0.120151183560834,0.0024096921893554833,0.00500213027191127,0.10963530097677038,0.20320828928106996,0.08138581622780999,True
139,0.004365871295818659,0.07190414455792511,0.022938129779327552,0.1405956675568453,0.012650221636591134,0.20592691364802687,0.3323069114793223,0.07782377521867469,0.09628307233842011,0.035205292489048266,True
140,0.00042808151523006854,0.033441234757638286,0.13279606319293244,0.357872077363051,0.07380538284585264,0.005917931584586477,0.04236510211327753,0.09154539427402672,0.23477008766110624,0.027058644692298586,True
141,0.20371663024208958,0.04451951181362135,0.06236365743801093,0.2079754734946625,0.22544278871116197,0.060376607861887574,0.08003417970009223,0.05515977372491947,0.011594117735582169,0.04881725927797214,True
142,0.013822620970818569,0.4110534430712439,0.06144694228459151,0.06123617367687952,0.03075412177174779,0.08790672466839873,0.165819397870942,0.004691559239821814,0.05013821320554373,0.11313080324001247,True
143,0.030441505869946445,0.0029104869269172204,0.1541789306786084,0.1001054686297544,0.02712422813489346,0.020205797697661655,0.15055709495042008,0.40296057312030453,0.08865867913392907,0.022857234857564798,True
144,0.2411431444109726,0.22258370301125915,0.0889961139449813,0.06781093973677985,0.0033988408274306455,0.1282265310763975,0.021156711369581718,0.00036946319517726573,0.03743916361295388,0.1888753888144661,True
145,0.049858536505647734,0.22866491731009597,0.3901888634579927,0.018914793176074144,0.004132407802813715,0.03454699775590358,0.21370471876797337,0.014884444574602142,0.03177668792145627,0.01332763272744038,True
146,0.01651346553638983,0.2166305541750888,0.10994948765017448,0.15639530931155926,0.040845286347720895,0.08884134854195136,0.07820241531977354,0.03788747500261032,0.24480954564796253,0.009925112466768969,True
147,0.17030227550099572,0.06868170049377534,0.1664087391573276,0.12320536495605071,0.09550123730353506,0.0716939374256329,0.06143257415113008,0.06414721542246567,0.06601106152132676,0.11261589406776011,True
148,0.09182766520900855,0.0325886553227547,0.05158481034188899,0.22966442509424057,0.17263033112543177,0.09265033612386556,0.10418506424673626,0.03727365513949328,0.12220308904463555,0.06539196835194477,True
149,0.1499578419341905,0.09914882049498266,0.07409809713830738,0.09683299800478086,0.06388979943671982,0.21438486779842109,0.008459591260131277,0.13049472380049976,0.062256030736955424,0.10047722939501125,True
150,0.399622807418167,0.094939039020884,0.0036181361225860616,0.05236366133419576,0.016788547674069957,0.02385912726798954,0.0418944972974024,0.29098501572160795,0.07570857547991608,0.00022059266318134383,True
151,0.06384277331373894,0.234734663455651,0.006521987089152177,0.004200908081208412,0.03256282823985292,0.035285764389289376,0.11256074703747909,0.05059582604405165,0.30845269868847475,0.15124180366110174,True
152,0.045109001976816596,0.005939814176675726,0.16232260208627491,0.2289469361034997,0.2510353079166758,0.03557482835788474,0.04513524885722214,0.035718212805746594,0.16293226048435083,0.027285787234853056,True
153,0.24340101008395174,0.2977986946337505,0.04298303877365797,0.1849901202621881,0.0005012415237150266,0.009561162098534172,0.028676268018012162,0.0004560460620951633,0.039304819390562705,0.15232759915353236,True
154,0.22611028937106273,0.19760173211179957,0.040299800482431085,0.2919080219847691,0.054793843266910565,0.010331990150517535,0.021368686834406504,0.11557367072371508,0.03039261290419894,0.01161935217018877,True
155,0.2686191767542437,0.06018663058924952,0.12757648194445645,0.0018523503233327202,0.07851442450304515,0.15191331135598565,0.07096427173637039,0.17233490267899507,0.042309165467607754,0.025729284646713497,True
156,0.09285722486288037,0.1479433094151747,0.16905096024043273,0.21122589322070787,0.0027661938901218865,0.15491846212225158,0.13326291151801273,0.01047799298604795,0.03475989497943408,0.042737156764936085,True
157,0.050563931888277236,0.034818863778067144,0.02966667610492113,0.2545297135280226,0.09355123423089932,0.10739766105097401,0.10712255201741362,0.045991006331084924,0.05321874850006047,0.2231396125702795,True
158,0.10288805215098629,0.028954300112136663,0.002292602741833677,0.2013807950238089,0.20425765095063828,0.014089235803833684,0.20845910672440562,0.02924273109223361,0.1559698217920265,0.05246570360809674,True
159,0.13525953209551503,0.010645622323374153,0.27224367667564353,0.10055927670475377,0.1484823622202408,0.020958323719207,0.0036290213846803367,0.05203402873897527,0.05711768248025512,0.19907047365735495,True
160,0.06779004013927363,0.08718194906446451,0.04381212477845113,0.1236922986260963,0.021104135766142725,0.18581688575071673,0.005282613693648018,0.13400630077669015,0.2654731337090529,0.06584051769546406,True
161,0.02420194286012401,0.03319230536279628,0.18072734535027016,0.0010725680025077803,0.10171684355576774,0.13482324767114326,0.16638099083344077,0.08738602936870916,0.018208946696060345,0.2522897802991806,True
162,0.14615081399749058,0.13071678315839863,0.29207260025882004,0.0341863913258625,0.0614974215265248,0.10866940969900714,0.045160435341920005,0.009179088429508543,0.10271523855962543,0.06965181770284234,True
163,0.04005809571388292,0.03987993902090838,0.1954576286710236,0.087100478164114,0.0498270076264934,0.1068442979381624,0.055984480475388454,0.12792508516976753,0.1533260513197711,0.14359693590048828,True
164,0.056651151629274046,0.05947399696168348,0.2474527997804967,0.009605303457345908,0.12089145777264278,0.18788262913676262,0.18844556169736978,0.0723007966473465,0.025879514224660307,0.031416788692417874,True
165,0.019560813374489342,0.12110117047771189,0.054648145615362985,0.019985171134113536,0.09127971723455555,0.0130600072222841,0.16735803087896703,0.24745343418568821,0.23409641609662424,0.03145709378020305,True
166,0.08792190410925098,0.025429883813246228,0.08359323284251029,0.04646203801640111,0.1872391649954972,0.07216808334877159,0.18510408594790156,0.024054542112781983,0.2706604814790131,0.01736658333462596,True
167,0.15527687738145093,0.08525325986541167,0.03983256265960789,0.0769143888800001,0.2548703814052636,0.05165326509198978,0.14670794910648757,0.07246000299770523,0.028183986983931618,0.08884732562815185,True
168,0.03833872563232627,0.08168242958027083,0.25853147244552477,0.06471452742067038,0.03669676885392342,0.3705681636199906,0.007729296550372547,0.031083222691313354,0.08710801659283936,0.023547376612768477,True
169,0.2880160072827902,0.16323635441995327,0.004990021623328202,0.10327451349305375,0.21627619056216632,0.020545835259668434,0.09380717200172413,0.00939039338568607,0.06883055577706826,0.03163295619456146,True
170,0.16588145749811659,0.07557547083128269,0.05488265503473552,0.23797260681945615,0.020481736204913142,0.09990297880625436,0.22874853314938712,0.04174472315741277,0.00847249738139573,0.06633734111704584,True
171,0.0099041938444876,0.28401162061868146,0.16016119918833202,0.0038517911947479467,0.11475993864008943,0.04994600470791223,0.20214577661073663,0.10301349627113875,0.030220637660829535,0.0419853412630443,True
172,0.01946198010670863,0.006948552352602553,0.037846397085090924,0.058414193284570426,0.12172457375959742,0.23749727420949926,0.22072988175510433,0.03857599273933133,0.23280838863091022,0.02599276607658471,True
173,0.057100774977770004,0.1201866002700409,0.001309492894852923,0.14246855437062075,0.054831245671384844,0.25128558183535876,0.11252627501910122,0.0762814828997288,0.03565620601252302,0.14835378604861876,True
174,0.03685259258962599,0.10655994834402113,0.08285181750163305,0.15017119335899737,0.20149442875806833,0.056596008612687675,0.024156107080734696,0.1938331559446881,0.14562524865661117,0.0018594991529326326,True
175,0.1342104812225418,0.029501141210039526,0.04037053817503577,0.04406145443112889,0.1255165304312343,0.37013619757179483,0.04175534544029073,0.027788952222639978,0.12125405701009068,0.06540530228520341,True
176,0.03651988183436937,0.005542004591041674,0.4272786352664829,0.01625497905903402,0.0752019787386609,0.020788782048618316,0.03699390850081696,0.07710816259764652,0.037968905910434184,0.2663427614528952,True
177,0.06500935585383096,0.008876597467502169,0.21712908836106545,0.030048154497870832,0.0005390822003371597,0.19979538983908496,0.1277817323811364,0.2622405854313666,0.02932306590679759,0.05925694806100791,True
178,0.1396355128791121,0.050999772466988884,0.5181536983031297,0.023023886511080918,0.01350858677905578,0.04677867891999257,0.10469354109431282,0.04110858187867485,0.007305250815601247,0.05479249035205097,True
179,0.20820009570124637,0.039939604819548724,0.073120738845549,0.07654149027819858,0.02428893505194291,0.03282784508019853,0.1858209428121815,0.20304992502860103,0.03410944544761166,0.12210097693492167,True
180,0.05883266688429261,0.02020002666080102,0.13084744929659886,0.09751815797046086,0.201908828971922,0.09057344531558703,0.25906233501814696,0.018664369462987447,0.08123774044533912,0.0411549799738642,True
181,0.10672102320637923,0.005483525795653744,0.005907878504782618,0.05629803599850298,0.04327887356521687,0.18490369730518555,0.04019980347226684,0.3478805869172471,0.1301331101335976,0.07919346510116732,True
182,0.02042487520527706,0.11822422312939793,0.07428063019615336,0.30689991605539096,0.05883058065142795,0.10164523464626758,0.0426990489317595,0.2174140335252947,0.04855939188138616,0.011022065777644691,True
183,0.08305072466363486,0.22914870531463724,0.05633316392476508,0.022423631772794946,0.046347727947846806,0.08808396798841095,0.18023536151526,0.1266380142653091,0.06163330714925328,0.1061053954580876,True
184,0.028018224083702057,0.004298967195748813,0.22918577885884936,0.44804357707349063,0.02388592320123829,0.14580054247077545,0.03952545418497571,0.004836682049898669,0.03091661773760509,0.04548823314371581,True
185,0.019448993717620516,0.016572350654829756,0.028741738224444775,0.03900366774054707,0.0031891085733505493,0.17649315147754233,0.11199011699531208,0.00689890028850732,0.015250723156687473,0.5824112491711582,True
186,0.00025109804680626926,0.07000774660577015,0.05111016848829761,0.5710811021277117,0.029059226092549642,0.008655229748487933,0.01702878362571485,0.03531079695349807,0.21538294005543202,0.0021129082557318074,True
187,0.0411175508890487,0.04949835842378262,0.21531464413205473,0.11413808901616074,0.008725973449598879,0.06517958201080071,0.23692549824217454,0.11787157927155709,0.05540022315372264,0.09582850141109926,True
188,0.10798041457526866,0.00415638371892082,0.050342121029245096,0.08745505741652498,0.05933043302019597,0.16599427455983062,0.2067814938420874,0.08758739392064432,0.05162920101468596,0.17874322690259614,True
