ID,strat_res0,strat_res1,strat_res2,strat_res3,strat_res4,strat_res5,strat_res6,strat_res7,strat_res8,strat_res9,alive_at_end
0,0.09705264019467708,0.4013730717749479,0.05922557228425757,0.09147004580206473,0.00982716685525758,0.0878003546698215,0.08589339193471712,0.10168444609909909,0.013541212246708158,0.05213209813844916,True
1,0.21551928451725808,0.03803944359989544,0.0876080538697776,0.14073249687597353,0.010563519733681146,0.2286030822131254,0.008112308839329174,0.05094289030378618,0.08354664272405153,0.136332277323122,True
2,0.09887983867073032,0.10995048804834677,0.054525076577989384,0.19864013439225614,0.03333308726524349,0.2365730468831228,0.09462850310371236,0.06532330287058609,0.08425712909440916,0.02388939309360347,True
3,0.020454175870878312,0.1714125580730274,0.08463600467490284,0.0211341538036957,0.05249079410347535,0.22460945138942512,0.09837324149346909,0.15634407455409388,0.16164081661308635,0.008904729423946088,True
4,0.27364490429011207,0.07822544807573568,0.21435110117645065,0.01932541739285049,0.018611031849312894,0.1650734054351041,0.15077815303432096,0.008608885968462173,0.024361161302379752,0.04702049147527122,True
5,0.16540595935395658,0.025697417612512985,0.2838014873754115,0.012808243810600212,0.05403992890728419,0.06017555171778621,0.049823139318067755,0.1751451438569104,0.053333452695226165,0.11976967535224396,True
6,0.0009781306785532613,0.01311396994002475,0.004082857827659412,0.037466082454256394,0.09844847271634123,0.09130328717450137,0.3508952226727328,0.13373668044210785,0.2011991465455491,0.06877614954827371,True
7,0.04719895294819062,0.1439248208316466,0.2770872991341081,0.0018033994935533065,0.20754496616230791,0.008398134163582616,0.08744093635843231,0.15278183944162896,0.05718832329606078,0.016631328170488888,True
8,0.23165770077930156,0.16365313374865675,0.012298593980921256,0.02736146953667727,0.088735861893378,0.03347726885616971,0.053836740758384724,0.2843495955824525,0.025495119283761303,0.07913451558029697,True
9,0.33652735192308564,0.01452946866514061,0.1681599428234006,0.028436169485115983,0.285021286846192,0.07700887145298566,0.004473620424105059,0.027240216612869544,0.049270055241812764,0.009333016525292307,True
10,0.10670022555174496,0.18124582444785478,0.0586495228400866,0.11187606307327339,0.11084106557342302,0.0496514486097733,0.1440879783848534,0.15413027927146428,0.024783402832674283,0.058034189414851986,True
11,0.05168720778963137,0.03340874327695822,0.01111943292359807,0.016219331949437435,0.13028523187107127,0.13657625081939126,0.4569961765878655,0.07844361041039252,0.027455694227688756,0.057808320143965614,True
12,0.044512955982062084,0.04884132608965383,0.08095904934930107,0.061947767990629704,0.03517219546979013,0.1266170658569751,0.17929527887945365,0.20122516313072647,0.10670461994991601,0.11472457730149208,True
13,0.1493890207981576,0.06292371509476948,0.10968548888924401,0.07492097738575501,0.08662930700043221,0.17477317444987414,0.16543072186785154,0.0017592638761149038,0.09632245643773725,0.07816587420006361,True
14,0.03940821541154553,0.15420217283858578,0.10763408136167033,0.08243329624895707,0.03554037012200847,0.23969168314740544,0.1875046897167698,0.002828284129248984,0.014026339389688055,0.13673086763412062,True
15,0.024139045196022963,0.16660218307714325,0.041203899700671946,0.006012753941904907,0.11233768811952459,0.021471562738691646,0.11082457613945651,0.20040996857134116,0.23381531092183305,0.08318301159341022,True
16,0.044942898609025145,0.05276568431065167,0.07175155201939395,0.07123637759456419,0.21697579213909501,0.062100432532187826,0.038930216189699725,0.14086587705404596,0.02202264508827471,0.27840852446306175,True
17,0.3093375533775857,0.05202172628721486,0.013227378725527915,0.016065772799587003,0.19445826287395296,0.06220895172533657,0.0022957460280177036,0.14346281638248617,0.01722564243136171,0.18969614936892942,True
18,0.05842004481440698,0.018048242945516473,0.25733418824194204,0.13975890047589898,0.16022596809998832,0.18742190882802315,0.038238543486870495,0.05274426337334857,0.06936916520726143,0.0184387745267437,True
19,0.09163650472608134,0.012771217995999857,0.27538593278155604,0.1167760868390645,0.2019305938657981,0.0007743056217956537,0.006937340203950463,0.08119465255969707,0.04702447025478451,0.16556889515127254,True
20,0.03235392003858143,0.10651535046409155,0.062339126844118506,0.023320512032286765,0.13933475069433435,0.22220486030679912,0.09038362926972504,0.16087336561294646,0.017322473171795378,0.1453520115653214,True
21,0.07633536096020871,0.017272976197314757,0.043449999413499876,0.10541989393839224,0.12320029195373954,0.07349459591965095,0.27740517443343377,0.11057791193224956,0.14943874982777453,0.023405045423736164,True
22,0.009248281610649351,0.26363373126437956,0.09160592647803495,0.10426999084291269,0.004610189718943839,0.012359952493973614,0.18177364317756217,0.02145008773341696,0.2654936032209376,0.04555459345918934,True
23,0.1076281509646408,0.20915167834407358,0.18564554675803302,0.09509555054801976,0.03885142590911108,0.03573867476393365,0.05628194985651468,0.23911900717580242,0.012984018974351296,0.019503996705519912,True
24,0.009850942170640595,0.06622420078930152,0.1610938037004072,0.03020176809791284,0.01209626821727099,0.07686611239646361,0.0315465317596793,0.40243725523500185,0.2067402854341252,0.0029428321991970367,True
25,0.25347603041302164,0.002954157759066785,0.06951039385734062,0.0779270132427987,0.04793688279657683,0.041384027847906964,0.1351252215631334,0.02441259188737548,0.2567790811512833,0.0904945994814964,True
26,0.04584108240005838,0.0960950991855991,0.09966668796246596,0.03410762030457048,0.052724699372948665,0.2557245421873762,0.07712143654024352,0.04564082986096241,0.07948695182799674,0.2135910503577786,True
27,0.0031064354934838383,0.12784356172255418,0.00151772000257043,0.025793840675236396,0.2576865653485882,0.10603935671707142,0.34082939922092736,0.020215893937433643,0.10730258823475831,0.009664638647376059,True
28,0.009744960490036614,0.21206905153441247,0.13958578665714105,0.09121965096797965,0.11181306701034108,0.024913787024552204,0.08272197437464035,0.04083384710956646,0.187678612811403,0.09941926201992721,True
29,0.25707920553504265,0.07835603133291379,0.06122644009276543,0.037702163368284365,0.07958168990212873,0.3133825440264478,0.11466685658909578,0.035602987833022695,0.013580400395784809,0.008821680924514078,True
30,0.15332577148600354,0.09666387500191845,0.16062027908123075,0.038557410755380946,0.05440602690755783,0.05422237640320698,0.11301712823749496,0.16347554520450744,0.1345728571983851,0.031138729724313887,True
31,0.056148917996236884,0.016389189868373708,0.18968369234575339,0.034795342691814383,0.23324323300571295,0.02241530204325429,0.03183064221468218,0.06091692569665554,0.2088706549246888,0.14570609921282793,True
32,0.03139741224097428,0.6038048489182821,0.14052039919731743,0.0782876359307469,0.036922816563885075,0.01787694502197835,0.006870986688362052,0.029268221336254688,0.05376754563920046,0.0012831884629986579,True
33,0.027815521162563715,0.1573899423947477,0.12504448018142686,0.10157005674600539,0.3046106572478562,0.0265106802947298,0.0010923567684540658,0.04074685971002072,0.20731140308987578,0.007908042404319738,True
34,0.06399962981044521,0.12885329906647747,0.09476846637038575,0.03228851620942525,0.023533672732557468,0.19352325307090812,0.03215759384057823,0.13416675999604802,0.2122015814848286,0.08450722741834589,True
35,0.26360838562809463,0.0002547009818391063,0.02451057927285954,0.03429800119833005,0.0754084961902283,0.2061962239107665,0.018401553329222824,0.002002827749585976,0.19722953503830296,0.17808969670077007,True
36,0.04800899872339995,0.004995599386929325,0.12537288091642457,0.06539340256801976,0.007170924513683651,0.08249975467199537,0.03507837468690993,0.008163144651065199,0.5257463942908779,0.09757052559069433,True
37,0.024555270920311918,0.02380724805230655,0.023954085429912602,0.03512026808590537,0.22540136135133862,0.14324500741672883,0.09579686257634705,0.06287201167029047,0.03221351923304427,0.3330343652638144,True
38,0.0046738871363959265,0.09444045428771916,0.3457104076785925,0.03987208218891283,0.2497703740918648,0.05728945063025546,0.035012690807116935,0.14084167770916314,0.023766031963499235,0.00862294350647998,True
39,0.1686853613544633,0.08152290753700486,0.07832135534883387,0.02544906321424336,0.19234938523363743,0.04449971855680361,0.11368262121481636,0.08737738300763045,0.14828502855211564,0.05982717598045097,True
40,0.0006644507326126506,0.0013812982859226326,0.11422760365423558,0.08215044017933988,0.08931438577843702,0.06897706154195456,0.18069107713177415,0.10316474542465985,0.006994743742278689,0.35243419352878497,True
41,0.18498526657498937,0.00018485051306677656,0.09771814692098298,0.19223184704351276,0.12257114859805554,0.1621223937239465,0.04024536010140411,0.021548040669405567,0.004975056406265853,0.1734178894483706,True
42,0.0249316051714407,0.0731670492935776,0.4797717305421427,0.08645381601484736,0.1921326757573026,0.002697730200304552,0.03463879199893808,0.05689254380505674,0.014234577099676363,0.03507948011671332,True
43,0.10888429995540456,0.07450424912485072,0.028080660740059195,0.2501982769126033,0.10311728029650036,0.07830810444163984,0.15547077639871232,0.024278916740867212,0.13544787356567103,0.04170956182369146,True
44,0.06587990537044386,0.20596325261719833,0.06467803392263274,0.16510455989325057,0.16737940937154966,0.0762103558565695,0.04786884099343905,0.16478262813257263,0.037445729575799475,0.0046872842665441625,True
45,0.00026804642291535554,0.11181660282206904,0.1821162055350011,0.0010730143568343387,0.04004732466735512,0.09121575809626419,0.2980058224492621,0.20307533718348167,0.022521589332315337,0.04986029913450171,True
46,0.12236542859113304,0.033254298925360894,0.015539923989518012,0.1299054004105501,0.07764436956425147,0.10032702353942693,0.25683027158300553,0.09531530181107287,0.03705775844336675,0.13176022314231448,True
47,0.1296477001063674,0.004327668188669893,0.212747042014271,0.17988581059150582,0.1391355663094286,0.014981914451629377,0.11979123328975737,0.14418310995809724,0.011307234899779358,0.04399272019049396,True
48,0.33495452971349804,0.06557758068801965,0.08362290660103518,0.024769413121103746,0.020453017275859086,0.07717065714613403,0.014939101072660301,0.04795278093228346,0.10926944733256788,0.22129056611683864,True
49,0.12805001775871533,0.0859873341993394,0.06399200723554506,0.03248059620713894,0.0412695939936863,0.046793247501526,0.30354681769452774,0.14034971491891673,0.15291855467280205,0.004612115817802318,True
50,0.019109195816255906,0.2293745117867425,0.057331644860462036,0.05592033267411591,0.04230605129393875,0.2165800489816789,0.17061601144888328,0.07723192160565569,0.033803458839049914,0.0977268226932171,True
51,0.009339688233550065,0.017168349196305183,0.08252629271527992,0.054860316609393424,0.24064471459564826,0.16304684129857633,0.038391690064274495,0.1641348686458896,0.198055103635552,0.03183213500553068,True
52,0.021884086126966497,0.061373478704810296,0.012751706088675128,0.41377436309029425,0.09618275288944782,0.023350469542743422,0.17169661009376014,0.05933745546490705,0.09262366936883615,0.047025408629559354,True
53,0.14541938309897406,0.06442249225151048,0.016524449489798344,0.051255614167721085,0.31485652398961006,0.238901374598624,0.039598060109896555,0.0022823009404684884,0.027571122610291706,0.09916867874310514,True
54,0.005197301468048282,0.09666101600244874,0.13752595883593877,0.21578392269099383,0.03847196106351316,0.03783361076748101,0.08832341106720945,0.2260304403058948,0.14870940844803468,0.005462969350437231,True
55,0.06302809052067493,0.2648786511403107,0.06339027006707926,0.023577146840604586,0.1852757325381352,0.0018406213410405608,0.08335991938202786,0.02209592216021242,0.09760224772229903,0.19495139828761548,True
56,0.04699931452552543,0.07625348854699025,0.0157391095598932,0.07462823701580125,0.19868136907132092,0.259794429944286,0.12631708297551092,0.10143832530390742,0.0795030100904016,0.020645632966363067,True
57,0.037884252739038414,0.07401217519025456,0.0067008379895527465,0.0740686030425949,0.28502451040544613,0.006992337457633836,0.06230962139520205,0.1914296879364155,0.022583645978605602,0.23899432786525626,True
58,0.16825505699759655,0.01041006392312481,0.11720336953551541,0.0894118137770969,0.0038568776736888203,0.12501960347042948,0.1485698167100864,0.088735690953528,0.00012685609232652724,0.24841085086660714,True
59,0.2006650519889917,0.03649035008230402,0.016353558706179574,0.06740900167400028,0.05544090947943471,0.28649464098969535,0.009653023704007746,0.15251519989395176,0.06521129252304922,0.1097669709583857,True
60,0.11774710299576109,0.042962827914456436,0.0783269452794977,0.12138551325761149,0.14815669984365124,0.07119286622518227,0.08865507173713909,0.0077182508357558815,0.00278983015755891,0.32106489175338593,True
61,0.06145755189180862,0.014109508804308755,0.0782451957273528,0.08136936739244814,0.08592309925314313,0.16181173795115694,0.06796079642406695,0.1538644932538743,0.26252300496912423,0.03273524433271615,True
62,0.019245362135067952,0.1871022345114866,0.022576486473094307,0.06577249396049066,0.3498392566811163,0.0632288385683389,0.11767117070567316,0.10988867959632903,0.028159748529116936,0.036515728839286124,True
63,0.10685875735276716,0.05919440003383719,0.012932493259358004,0.14866479265362434,0.28698218282201043,0.039333565865701726,0.2090483785643879,0.03363080884308841,0.05749024110078706,0.045864379504437815,True
64,0.006439798396588388,0.012642103130811794,0.19189970682533034,0.028828592702643756,0.04248592193845072,0.015562998441684463,0.3344261366639336,0.0003219701219535427,0.1925744594581747,0.17481831232042863,True
65,0.0907996406876367,0.08933186591959433,0.21367428988570134,0.11735512928250857,0.1535469091557548,0.015671476141354838,0.009144583102727163,0.07280589935104513,0.1498183535471592,0.08785185292651781,True
66,0.28552850968693766,0.06107832250553924,0.02409134937040504,0.06000887821263698,0.092154143857572,0.0064222989934312425,0.1382809021896774,0.004349711478524366,0.04824467953124632,0.2798412041740297,True
67,0.10375037638127502,0.0888843019686731,0.29363747745776597,0.010872216409348316,0.1354102316095707,0.06606719394030883,0.009829438917214042,0.20540611963244862,0.05968214519813491,0.026460498485260445,True
68,0.17330375722539498,0.03028146088961856,0.057219685850905824,0.12157329747947587,0.0429727496216104,0.05776226951448208,0.005374022627326489,0.29127891407642603,0.04471881252453509,0.17551503019022482,True
69,0.013173675311345362,0.035044458879850575,0.10596673631844467,0.07220820136967965,0.08564801962390374,0.08543693930703804,0.013875932424005907,0.47683784520211997,0.025486021795186293,0.08632216976842594,True
70,0.0004309037844662408,0.11457235027397983,0.007769761551949822,0.03835272247972776,0.1270143136012952,0.4288128946628827,0.0037473552720722653,0.086833771386466,0.1550982978167128,0.03736762917044749,True
71,0.10602547761262462,0.19811933040230764,0.09507876252088591,0.0897727861585548,0.12025206994945478,0.049816471174134874,0.043988093118041666,0.03901208932607076,0.19356745857511234,0.06436746116281263,True
72,0.03186494047597743,0.030235280090080755,0.05220817992865801,0.2917467476198534,0.20771730510167388,0.009478263048579584,0.17541424072733178,0.03298110849752906,0.1429161863392332,0.025437748171082863,True
73,0.002737847575051847,0.0012380642492710796,0.07757882530849428,0.0641478237690521,0.24129829525266477,0.09893432466025051,0.16977007735048896,0.05201836854119548,0.1832320933211434,0.10904427997238765,True
74,0.21965937515346737,0.10460365929785265,0.17961099720933751,0.08482117924832483,0.04375698297115641,0.010731468268746686,0.09304537107089111,0.025683627802005237,0.11847108990018046,0.11961624907803767,True
75,0.010402143053659437,0.13885446402381024,0.008817023132022376,0.0109982961360406,0.17657455835115518,0.03160698877078139,0.19762652361741717,0.18502251805961487,0.015942828087062585,0.22415465676843613,True
76,0.11125814734575862,0.02936435843930874,0.03948673759011418,0.062329996954612,0.27716303194168695,0.06963850449159281,0.04766069323831417,0.06260051058558876,0.05919560331110072,0.24130241610192316,True
77,0.02392513296548095,0.20939937557454621,0.19228630413333941,0.02945960529135707,0.2933732811424155,0.08968195004856779,0.007589341864928274,0.03078113828241074,0.08680960039320819,0.036694270303745724,True
78,0.2841444304662227,0.048799805210045094,0.001493134085981243,0.06669564956077478,0.052703291956231094,0.1884576713811642,0.01966073688911616,0.009022271824532028,0.028765339846759934,0.3002576687791729,True
79,0.04753414332317766,0.029510598794692214,0.016542458544502495,0.04803438539260729,0.0002227846290723401,0.02143078810242216,0.24296329323979343,0.35744240613957967,0.14078376393553874,0.09553537789861401,True
80,0.04552799242807008,0.20229446942895973,0.0481422619867355,0.01487789940022783,0.10382268995420896,0.06437323852831373,0.04267474074406493,0.15264179029304092,0.08293285389122992,0.24271206334514822,True
81,0.28235299123419755,0.02705898982021465,0.17289183865612012,0.24150352908795822,0.08611391780540659,0.04260698323305773,0.04168643384631399,0.07651931604608071,0.009448661994984134,0.019817338275666282,True
82,0.01691631961359929,0.038627293229823195,0.0533742889712276,0.0327846885567126,0.014485126705613223,0.2342158171736646,0.004264100265443518,0.2353476293047733,0.17077974364868242,0.19920499253046026,True
83,0.03188213881327691,0.16711434792024196,0.013638744368588307,0.1912624016446692,0.07133584367476295,0.14552165136899334,0.029251811582449164,0.19604967133026685,0.12215846710736956,0.031784922189381816,True
84,0.055776399541762375,0.026270923168417802,0.0067400195842678345,0.035128698185500455,0.03521787332043444,0.47084199708777025,0.2534510939520045,0.02675777749684085,0.03946915986687916,0.05034605779612243,True
85,0.2284221140253996,0.12309711244243245,0.055107811625570574,0.24122626402224456,0.07233430360496856,0.13038665651263925,0.026201951454934543,0.02587071057765493,0.03923240301856794,0.05812067271558762,True
86,0.0054316910759451345,0.23475149622336647,0.12968644988453393,0.005221476790734396,0.05802300894735318,0.0018910576880143588,0.19732377287226832,0.0542095689526824,0.22265890348903758,0.09080257407606417,True
87,0.0582063337257899,0.03893965639710233,0.2842214520854862,0.015309981420412531,0.1584769667124394,0.08032062267427403,0.0465962660765035,0.13380396992985608,0.13446754804387012,0.04965720293426602,True
88,0.1083760597038309,0.004943521293230145,0.017936051214591166,0.05179395197727556,0.07640407552510714,0.20628716909100303,0.0030015551625101307,0.04598781216794395,0.4038672397388319,0.08140256412567616,True
89,0.06923090859400906,0.2325594959929914,0.0223074530513007,0.006580649341143627,0.08428081582807989,0.14173467981713853,0.09531091078146463,0.2217420084981634,0.04373389910829981,0.08251917898740904,True
90,0.2398906881689511,0.05814710983573072,0.08666394526371528,0.25587966143263474,0.047572799887601235,0.030099584797370904,0.11837290974044928,0.024994295627329556,0.038280537754114434,0.10009846749210262,True
91,0.035551677759948226,0.12594028293452683,0.08401384791302731,0.11268891410907499,0.043970567895919,0.1333893270349824,0.026016703718453337,0.06368055748501994,0.11706559556088324,0.25768252558816496,True
92,0.06595052053155534,0.09811701474312012,0.13146869390142618,0.007911919106228862,0.03696814847916259,0.010331577835086368,0.18394717938775212,0.049721959986580314,0.022752509469196304,0.39283047655989173,True
93,0.13611287438656156,0.04564042800955724,0.23735957723773543,0.005105655902885964,0.04694416716358449,0.007208039937058717,0.0716547917757128,0.14805814311810347,0.015580717517976479,0.28633560495082383,True
94,0.06736883147530358,0.043433898561771545,0.04512635383155903,0.22219657433804668,0.06540744769657318,0.031051122934059164,0.3131171093358246,0.11614805029352628,0.05128274240571144,0.04486786912762454,True
95,0.06000058316686862,0.023426422012480987,0.12286470395620172,0.00772227901243889,0.06903216181061962,0.16372999742619415,0.25224082693523875,0.24807813002349127,0.046017682471047705,0.006887213185418393,True
96,0.055356760505696136,0.07406961692370263,0.18001190248785848,0.07411890044556209,0.18300052062215091,0.01730309844663155,0.08521697177262541,0.019538487110263725,0.047032533771932845,0.26435120791357625,True
97,0.028283431222008038,0.12339854035142252,0.195072973797334,0.22984509318932594,0.008553738280482056,0.0037143711839571045,0.052939464517656534,0.2168046101320173,0.11426793368134405,0.027119843644452357,True
98,0.11408878074287064,5.49105527575625e-05,0.06529523307556045,0.017075850043958063,0.11944028777854503,0.11070669913046913,0.04540293509077508,0.06013425997027464,0.08863689473936344,0.37916414887542593,True
99,0.05035098053508691,0.1341096016554231,0.005586363037830306,0.02393353979575105,0.3315725240026805,0.14207720148902556,0.0862102600107111,0.13786582486261173,0.046599154903714066,0.0416945497071657,True
100,0.24119528258542947,0.1417514767387251,0.004787451527135083,0.055206913201744916,0.011067005832529078,0.056923982548087296,0.0007237001356354615,0.09740021230339531,0.11540745473239768,0.2755365203949207,True
101,0.06927787576824146,0.14774019204565572,0.2799144944343879,0.14321691440642773,0.030076047778425357,0.09836511125819096,0.03901929324388432,0.0022289279231710512,0.13711135791911996,0.05304978522249559,True
102,0.047677092902911125,0.062078033204511975,0.2759226504759294,0.14035673779640115,0.1515608779814582,0.058348517637691666,0.11463712227155243,0.09521938093887382,0.028929927984819512,0.025269658805850862,True
103,0.10507717500489507,0.10061886062567872,0.0718816885183295,0.08983350729916302,0.09489239636276474,0.08976784144875773,0.024825610479143955,0.029438935032133174,0.026152739887929786,0.3675112453412044,True
104,0.22433572301313023,0.0573085792555756,0.05912364495119289,0.03134896193650227,0.039960102977638544,0.09262907882494917,0.11871399431638435,0.1585096905656871,0.09136493486228332,0.12670528929665653,True
105,0.00951087587754671,0.03025059669251872,0.27479140620716025,0.3082813134867476,0.00816575811764043,0.04035856215336482,0.02143879033480683,0.05494021777283515,0.23552644650152865,0.016736032855850715,True
106,0.12358999277725065,0.47895108257680646,0.11575349458049446,0.06875696937301813,0.04054496100149455,0.011007759716369967,0.03791277935456175,0.0705822150874336,0.03122993023376503,0.021670815298805362,True
107,0.20412103377017674,0.040620062184772765,0.07446934601032688,0.28650383466186274,0.1915012837815735,0.006586136524658434,0.06028001960180214,0.039101916744315714,0.061919948106902316,0.034896418613608704,True
108,0.0790212715215576,0.07013411311470145,0.02504208330327246,0.10068174924287254,0.014517025893082765,0.29475652728815527,0.19519828423137445,0.0608189585093132,0.005561246237104298,0.15426874065856597,True
109,0.07086236873676369,0.020422732058670654,0.042453192086847086,0.16108226162437003,0.028299413923532475,0.05067961932036065,0.1616391537369711,0.025298280453500632,0.12643085713339977,0.3128321209255838,True
110,0.1677108404447464,0.5108435145128163,0.028134575445708618,0.0034149130005003275,0.02854433749331874,0.008950263715149561,0.06033857423854402,0.10522419474001286,0.07804441018083864,0.008794376228364528,True
111,0.0751687462204248,0.09463048046938252,0.04849942393507679,0.2738608731215731,0.12199576859074063,0.10166180190272911,0.02450402424086602,0.12872577817115693,0.083916392498557,0.0470367108494931,True
112,0.11879501452589604,0.013998070507588575,0.05644857383319815,0.3773267559069226,0.031965694384289985,0.14741723356955289,0.1338059642951274,0.01632249850750932,0.08034790433464188,0.023572290135273052,True
113,0.006336167370550256,0.08600420822251668,0.1202440967347608,0.017876092719848136,0.3759552154465573,0.055014821790256366,0.010031290106555665,0.1249810749233193,0.05356409609976554,0.1499929365858699,True
114,0.1654902192479069,0.15564777540508362,0.13352794785025485,0.014928304454897125,0.09791476372299572,0.03221097740389752,0.07236465922324833,0.08162960832289738,0.22369165018868256,0.0225940941801359,True
115,0.07309909876383136,0.0005514137259869303,0.0674687002444298,0.31341142415294054,0.08106003002193073,0.1016940832022268,0.03790361172314998,0.10426341318282774,0.03327963019857561,0.1872685947841004,True
116,0.055555297752519786,0.026753169333301796,0.0033844223417104887,0.09190945507010741,0.18925077463577022,0.13231821496826668,0.05428503665577204,0.09982183739354362,0.20832342440521012,0.13839836744379785,True
117,0.10737368750673627,0.2694821135902214,0.10471536384650053,0.002697866264574696,0.04943898792498848,0.0033531863556192343,0.05637856147530463,0.24594284096565044,0.08868397667989054,0.0719334153905137,True
118,0.1221709935119164,0.09495396734051269,0.11781390047598785,0.034843219083230875,0.033831767097918894,0.03552027317035758,0.1432017639658808,0.022983772531681698,0.3449439434370575,0.049736399385455744,True
119,0.012706419883714298,0.020344151383289773,0.11140385050573097,0.22209356031063657,0.008857050483023538,0.26137258715815015,0.0009697571268295754,0.10861643089723837,0.014472151841819943,0.2391640404095667,True
120,0.024660243663654074,0.05026908187714773,0.10409720427079122,0.04778156500335903,0.05094259620565201,0.004020974140952034,0.3086518395536528,0.09548238447931401,0.04244704970650775,0.2716470610989695,True
121,0.045141873589267356,0.07173612857966177,0.1829908676044943,0.22019724263015492,0.07960603143985456,0.03575435433741266,0.04428305445404798,0.040129773581996216,0.24474957016069054,0.03541110362241968,True
122,0.050888525514940844,0.3414615570112516,0.009780204521122045,0.2523723276482762,0.031146350733570447,0.03281852660389652,0.03801871444450956,0.08798949045739674,0.11426845177195813,0.04125585129307814,True
123,0.054249630806011015,0.006023938914217431,0.02938483740306598,0.23547954102910715,0.06142880074419105,0.1398314073178743,0.11107915320695452,0.0330982695686781,0.1096708553035954,0.21975356570630508,True
124,0.06111609961775502,0.11186269490057495,0.03668097906461545,0.1828534193807634,0.00941660044092527,0.34149583050467014,0.09505721222424716,0.0044818480310590035,0.0624250654037681,0.09461025043162156,True
125,0.035241756014391466,0.06924139372256226,0.09361113222210424,0.3179637356378604,0.07583613798942382,0.07631671406204547,0.08662192838806836,0.18460520866559504,0.01857134735999175,0.04199064593795731,True
126,0.06829551400282143,0.04001502637878638,0.21875264076419396,0.09789815959307022,0.055785273629102634,0.2396066239684542,0.11362826333471371,0.08082633129326494,0.04056642665797638,0.04462574037761613,True
127,0.06957747297830706,0.004346570585373342,0.06906790933292535,0.16561450151649643,0.01726763303155955,0.10258337822919004,0.1132281143737014,0.26862072639569234,0.035992797980302055,0.1537008955764525,True
128,0.17940301700269498,0.05638221597074541,0.08128825300564332,0.029190880496736477,0.074064538363155,0.18585635112868779,0.03520761454489874,0.2704047960807621,0.03516372430474238,0.053038609101933774,True
129,0.09646694042478116,0.026119103786343204,0.03718798718571198,0.10744826825583563,0.0010770689505559157,0.17288007009718323,0.11606621944761027,0.24326145913765587,0.18501434954863666,0.014478533165685965,True
130,0.1547893938762776,0.5197661285237534,0.06698959756575906,0.02973356448443704,0.08511481643516415,0.0011995927480912209,0.002730833978423196,0.0034453193068847,0.04347212539385442,0.09275862768735531,True
131,0.010136020862138542,0.09525002972741217,0.053948409521789205,0.166401632774636,0.15934844179758414,0.08015980529896491,0.03184405339948656,0.1379724189585116,0.18426964229194506,0.08066954536753167,True
132,0.08721615009795294,0.053887599790822194,0.07998699645127844,0.26790260452706366,0.07706691382396615,0.015967253233743033,0.22232839717971142,0.041273858304344185,0.04612795310620176,0.10824227348491623,True
133,0.4933905438357571,0.006346058106991098,0.009143082609339605,0.1104278101664777,0.0573133705287318,0.0004986680654484298,0.034058105459883026,0.06575730460085767,0.045738084633542876,0.17732697199297073,True
134,0.03426947889998939,0.016786821985294718,0.005215954127356097,0.025454282903022523,0.01614493511112855,0.005433813856456293,0.23611778827705163,0.061863813428663685,0.38015871437610105,0.21855439703493615,True
135,0.017716561866266026,0.11938951482544181,0.13477022275813164,0.15437166278126047,0.012602192547204426,0.05515220499809177,0.04982146193086102,0.34153248490742955,0.02028751022114585,0.09435618316416743,True
136,0.017026947467566042,0.07910021080733645,0.09538954033834211,0.003804410657188879,0.12055976252909999,0.0023692911844209836,0.5824667123222129,0.00016577811852562928,0.05222073535429944,0.046896611221007634,True
137,0.15058938943316352,0.056197989982521575,0.013062526483871541,0.029451799784264227,0.16964200627854495,0.1433172691529896,0.07581394418455213,0.27652096697165013,0.08395189795861552,0.0014522097698268395,True
138,0.07036172030607864,0.05494662362947299,0.09420972915633084,0.2548421654956801,0.053107371513433775,0.038125436634403397,0.23417606881741498,0.13197400447482582,0.0006943159803825276,0.06756256399197699,True
139,0.3247779449504101,0.0578532707225677,0.1668191327278353,0.08817289254601224,0.20136414526670574,0.00993699455728218,0.020050990555769425,0.04001504159510149,0.05373689464717509,0.03727269243114077,True
140,0.02391538557776427,0.06818342122625662,0.09080178513112297,0.014306868303293202,0.008471038943498002,0.05739318202220528,0.10993364713794192,0.4239081009818003,0.0989160430075887,0.10417052766852869,True
141,0.008666348675825363,0.2427596739774036,0.14189311996161738,0.06373031157425191,0.03768851176399253,0.05902690131546303,0.16322361403459756,0.0824019619938117,0.03922457928968612,0.16138497741335087,True
142,0.13335798731250803,0.10336205592721272,0.0066679426569930264,0.21373817216531132,0.2504941787836063,0.024495186826884664,0.030215371193937454,0.05797569563550377,0.14195123147670405,0.03774217802133856,True
143,0.0282982671297755,0.14282226501880554,0.05491431212382802,0.02552512756161721,0.36624100468229315,0.06080989697346226,0.03343461039624084,0.13607660321798531,0.08841913977488651,0.06345877312110554,True
144,0.2154613058972224,0.08295514547643187,0.0015711829985334924,0.023781561367423043,0.11190530548777587,0.01815465884999938,0.07787370689985204,0.04298417141143932,0.15552880644475764,0.26978415516656495,True
145,0.3927855152012694,0.18584704926386086,0.05522819600812119,0.04821445724750828,0.0008016176184107869,0.05542672362376493,0.024975026495650622,0.11923655780064549,0.09389815999181617,0.02358669674895211,True
146,0.0353547448243033,0.1355962766479562,0.0876546937336798,0.05630443342882273,0.05097219282100841,0.06914299167212803,0.13608103827143755,0.18863761192690143,0.08047317957652787,0.15978283709723465,True
147,0.09113630007987253,0.06951618369123679,0.05067275330670104,0.11996873789810673,0.09197490984215251,0.18233298546414622,0.061846728347432496,0.08406190750708506,0.01744702415332278,0.23104246970994383,True
148,0.28878375907446124,0.013277585409908414,0.004200829985326932,0.027074628138602667,0.26367978772140166,0.10651430592951719,0.09234716777794222,0.09433605050033131,0.037594554617947494,0.07219133084456088,True
149,0.03684331740401969,0.004166945692375903,0.3566315637323757,0.008763460005104999,0.07654730821318877,0.1547434419820521,0.0397936740805112,0.19449626928629,0.034443672925031546,0.0935703466790502,True
150,0.012670990265402037,0.025044940492400396,0.19890006244864572,0.1963387855412754,0.12929945714379415,0.14839154787274272,0.13305342728128292,0.042186558970878724,0.0987788545037288,0.015335375479849275,True
151,0.18881203801273,0.1735025067433005,0.03786663130515983,0.10457928749476772,0.020127786426946744,0.09594330968066009,0.06370954680373947,0.04095518338740175,0.015494072453862424,0.2590096376914314,True
152,0.00753958127728029,0.2080818745288728,0.01594560724007414,0.19861693016617876,0.14943187890993326,0.260749423414687,0.0915833453835781,0.0030989764727820794,0.03445745605043791,0.03049492655617573,True
153,0.20195642122839141,0.028917533113943808,0.16290461000408654,0.016991624713156937,0.27398691178039075,0.07212402999543246,0.022267094246972097,0.04907326836961196,0.04939205436089396,0.12238645218711999,True
154,0.15967879184518372,0.007158365842556443,0.11153808644170371,0.009848453894804354,0.03269791803259782,0.08563500568051471,0.06661277401892046,0.05336646230247344,0.3036026393952916,0.16986150254595375,True
155,0.04896289839899266,0.08820448975957487,0.14730950014726468,0.014297009038765499,0.26061360092509855,0.2820069571891593,0.05281837624213142,0.023455247682418183,0.0749448846969603,0.007387035919634533,True
156,0.3366087447243631,0.2492143829384515,0.03517687360990142,0.04069622132326296,0.027054812406561945,0.030723789077840243,0.02616736826103874,0.2282860890238009,0.00284142863570033,0.023230289999078762,True
157,0.025941107751435835,0.14090904113535327,0.1268165993961337,0.12756800685876785,0.11248388324017349,0.006760348345040516,0.09519066266033431,0.1781170023042513,0.050221855963674386,0.13599149234483526,True
158,0.06882512250027863,0.048899756505691984,0.2707508360429873,0.059735642339374895,0.00620141057614669,0.07193870716217975,0.005281793231131843,0.1639536319538309,0.0005872473361047048,0.30382585235227344,True
159,0.09443194951115734,0.027617718004177217,0.06449942831256703,0.2375499554944554,0.06227506750629263,0.16900232255406825,0.03707439090178408,0.016221878686588663,0.029720050777171853,0.2616072382517375,True
160,0.023797657176230166,0.0444603911006936,0.05772303700842497,0.2320551021209931,0.26692537415612966,0.03950379247333354,0.18962091951756782,0.03127450720708093,0.07224978068427126,0.04238943855527484,True
161,0.022919312184712246,0.12202254988489249,0.055789927654924354,0.020039499904319514,0.3179393635460606,0.0830571932719028,0.1815031838600862,0.15399942005709025,0.011526360112013998,0.03120318952399759,True
162,0.06927269228049979,0.003335562917645935,0.17829657553052652,0.08005606225903772,0.05609133752969584,0.017001064329551913,0.22833629727580726,0.17494274710449062,0.05585952262760565,0.13680813814513867,True
163,0.02823640934251349,0.18658563471595188,0.1542471447238109,0.12046847948966297,0.214675275241172,0.016321991435537444,0.050988980717366336,0.14302869189427422,0.042139459060929696,0.043307933378781055,True
164,0.3382337675529122,0.07069807646399313,0.029209266632388934,0.06590788761727837,0.08447161486433909,0.0998668379137382,0.00336187237163123,0.07459118817242094,0.20352134710556483,0.030138141305733068,True
165,0.046306261688123476,0.19907756001634963,0.0034762234569437962,0.05311615542457594,0.4043052196698179,0.14865268194498354,0.07784234568729734,0.0008451523362218054,0.007307413389666921,0.059070986386019646,True
166,0.047240520933874576,0.18270918935540914,0.052356743593559775,0.01913347813549726,0.037701441353608194,0.1368897263123312,0.07148809508222893,0.06368147745872443,0.1989006577019853,0.18989867007278122,True
167,0.0660858769162043,0.011206800517855237,0.012267089611948718,0.003744088136304708,0.2200402101418711,0.1000614432975668,0.5159827346355766,0.04097641081482311,0.02341591403350821,0.006219431894341177,True
168,0.009108654707328821,0.09668358786535859,0.06196955503453115,0.06314911979810109,0.0033719885313127427,0.16555611194558675,0.2071456257830105,0.043628997433944806,0.3085084354940486,0.04087792340677706,True
169,0.011548244838305398,0.002956341437357504,0.08328807686669164,0.0019656668557026485,0.2806347373883759,0.011630150760175333,0.19286133261152633,0.09605585610408074,0.10471059302248434,0.21434900011530025,True
170,0.07396026427972768,0.08973328803787925,0.09425966819694898,0.014670005436017534,0.10606377968471792,0.05785357134985928,0.1629806431317543,0.10464031944705396,0.2538232802323153,0.04201518020372582,True
171,0.06730230648315363,0.19815624758395614,0.017924828949769638,0.02747485222120041,0.25180229309717955,0.11985119576623977,0.048437726780089355,0.07356703869318125,0.1489046226672758,0.04657888775795456,True
172,0.009217185454856667,0.007930709540835334,0.31139000881720297,0.0594296963766859,0.19768111114430878,0.010101722483216155,0.09533871964278079,0.13852945056276392,0.16236908473475536,0.00801231124259404,True
173,0.006139686060091719,0.11409684766973938,0.09695192089038832,0.18790949891519107,0.016278595161875208,0.0012894418198410727,0.19222336144733504,0.10725399998374809,0.12452008870545586,0.15333655934633422,True
174,0.26712228493477824,0.07610700671509166,0.020903241886254288,0.06882841333175133,0.14014500072976094,0.05780654753314617,0.06264231537840033,0.10539181900639562,0.007949279148143305,0.19310409133627804,True
175,0.04587165967699768,0.22356016952492266,0.02152131664542048,0.08417855776408732,0.024555345659771577,0.0038697194290943674,0.11072081698230511,0.27803579033523834,0.16068527723510984,0.047001346747052565,True
176,0.027694776669122147,0.20808744183559647,0.0579872756054522,0.0539135020838828,0.10604218925237237,0.15115796282108193,0.09434998330328002,0.004921864485190489,0.2772394645116166,0.018605539432405012,True
177,0.05470762096584556,0.28554406432664414,0.0015466985711109268,0.0219780220001244,0.16480194634571257,0.020168743161059113,0.3472470136768993,0.03101974093765062,0.05486759466744689,0.01811855534750643,True
178,0.006179862856182713,0.028059991955224177,0.021988090672566258,0.24880111047740736,0.15352574763406465,0.16907735473311444,0.1605945747470955,0.019481707062010727,0.19155865440571654,0.0007329054566176715,True
179,0.2503477640760146,0.023038133663884987,0.19928934538983373,0.02293419433974241,0.05204224136155918,0.1530065976747653,0.0414884570713849,0.05397665865158474,0.13951652644906426,0.06436008132216588,True
180,0.07181461649013264,0.19977509753052483,0.026850284192231406,0.36990467514893377,0.0619443674951114,0.013224143337375599,0.0026874538766152693,0.05372206921651565,0.06419709952142758,0.13588019319113187,True
181,0.043345150303263746,0.3008257122350562,0.05949116265950821,0.0527627049382504,0.10124206455550132,0.2760611712645416,0.09827367439503024,0.016263551758373948,0.021397326085850384,0.030337481804623992,True
182,0.21382565925736702,0.03332788469113379,0.1621551906503875,0.06175263652432268,0.14820006793451437,0.1276220048887625,0.21339843921274496,0.007549270357958058,0.03180973098785008,0.0003591154949591342,True
183,0.1875921296146856,0.018131101351650036,0.15219295644856004,0.0048513804285645855,0.07110617261028321,0.024437876181179576,0.029685146685748783,0.10373289519137543,0.3660096242870575,0.04226071720089527,True
184,0.18817887266163932,0.013579326629656009,0.19494312124745983,0.15157111961223538,0.03461398184922214,0.11095057265931034,0.005033147622265927,0.0080889398154176,0.08280090549513287,0.21024001240766063,True
185,0.20451336953153637,0.056254736273733855,0.07258051156942331,0.046153735457540514,0.4997122966751616,0.08429336020160907,0.017092972390820325,0.008687441588041437,0.0019814910305058215,0.008730085281627937,True
186,0.011593063411358866,0.13881193259741767,0.08741141072341879,0.07278834720709786,0.0463883824053357,0.2317628962819974,0.20874413865303967,0.03737965143849344,0.054921436134478814,0.11019874114736183,True
187,0.0384998588909878,0.015783952018735926,0.03896827746408947,0.18469267541230316,0.010990990007803784,0.040125659867004476,0.1978681045031246,0.03988042961148101,0.04735782938184675,0.3858322228426231,True
188,0.01930463412984172,0.0058419549276341465,0.15307311636315474,0.11505047873312964,0.02795127042731681,0.009954176134784396,0.033499482891463345,0.08425877750441586,0.44024343511972547,0.11082267376853386,True
