ID,strat_res0,strat_res1,strat_res2,strat_res3,strat_res4,strat_res5,strat_res6,strat_res7,strat_res8,strat_res9,alive_at_end
0,0.11937460981086258,0.07062776402374202,0.09319012772447884,0.13641882244429848,0.0009032226937231427,0.028305383232290728,0.24036612913011032,0.06237210742483327,0.12144713369110147,0.12699469982455922,True
1,0.09010549021140234,0.047518634277220924,0.041048560434321445,0.06005435488352574,0.05305161095867676,0.08947814461105896,0.5073222015915645,0.06600922350940548,0.01237651921171837,0.03303526031110538,True
2,0.04743553042241208,0.19437517780033212,0.1249077421072006,0.1598236152613969,0.006907540216238,0.11406991164314068,0.1428082427182032,0.042869788020296166,0.09167593348461306,0.07512651832616722,True
3,0.005952469241117698,0.14182560872836342,0.0361770538144728,0.05819513833298028,0.08031467285840775,0.37912638288622547,0.0329821389187457,0.03168278999497686,0.1561516405839097,0.07759210464080021,True
4,0.038959939159986495,0.2895649021506607,0.026709274049697203,0.22370348185289868,0.006465059661637676,0.04146196402139315,0.19868153702897615,0.05002157826646138,0.08319051706310335,0.041241746745185194,True
5,0.0002616813983433003,0.1388649481492872,0.2545534062072769,0.016598532463836097,0.1743771726593188,0.05720480014408887,0.1857070372218497,0.006248927762304,0.1149518288647513,0.051231665128943636,True
6,0.019443642174126786,0.02384951824245972,0.14636146588581797,0.10413425817267598,0.1941393674640771,0.1610600716106357,0.05018694907876423,0.12691820994912414,0.12184380937847056,0.05206270804384796,True
7,0.024750321409950496,0.03658325593617173,0.09299047128774818,0.2811985492307692,0.03340988064004646,0.05049541896420127,0.19011854054917923,0.10706050506025065,0.02008599740858534,0.16330705951309749,True
8,0.10244579171171256,0.08165196467360965,0.11116148380098437,0.02722516872922284,0.048953916249189454,0.0854220670787346,0.002433810453063322,0.18997261544553337,0.27012151209797747,0.08061166975997235,True
9,0.03220063074944841,0.036262051918347374,0.1051554207204984,0.07612783633986701,0.23912142217217464,0.002669792735205668,0.19898048999387902,0.009385342041007832,0.09743503590829097,0.20266197742128064,True
10,0.06244664874307499,0.062139359718380284,0.40472799645242974,0.017931992340814436,0.12048953231866531,0.1773661000123264,0.09093470529680413,0.02233892385472699,0.0399952388900594,0.0016295023727183008,True
11,0.17250096194776177,0.1377299860811842,0.13542856893626412,0.21662113015987888,0.04122160861534572,0.045885013816054275,0.07631991940215838,0.026123491985527426,0.1414129193986801,0.006756399657145081,True
12,0.21672093694913458,0.019543382964493844,0.023007791794009507,0.13513633073061734,0.1068890766323953,0.012963594015325104,0.08286726595209831,0.17363408875837114,0.14078476232925316,0.08845276987430163,True
13,0.07228607624050709,0.0210890438931194,0.08267660142971654,0.27191902602333107,0.11157772956925524,0.02618771443219168,0.16577258558044564,0.1802420120764039,0.024491400380469232,0.04375781037456015,True
14,0.21350713116748563,0.07606244366240386,0.00155718014711121,0.03894263948298138,0.0113111045357916,0.009194134459444378,0.17077494432086912,0.22914934767482573,0.031318648467770646,0.21818242608131638,True
15,0.0217899913369249,0.028344051859504667,0.03507763156904224,0.034720711691009515,0.026016806430182414,0.42650300554306647,0.001801061040626416,0.3490738636741189,0.07071634793545764,0.00595652892006696,True
16,0.05572069748093862,0.004004484389173312,0.022992352775368534,0.3050068764227353,0.04835130706471938,0.14238161754439194,0.026648227171219174,0.14391593017097387,0.08031008296737202,0.17066842401310792,True
17,0.0448054186724562,0.09533941424918603,0.17685112513126508,0.027347284396167154,0.15149617984924812,0.0012142723765960926,0.11893232338674248,0.11282573895240097,0.21055061591575971,0.06063762707017811,True
18,0.05569034835277131,0.059115817806954074,0.03489254318869713,0.25644898299487445,0.11619960377950886,0.2436379787513518,0.07528081391265704,0.04567960379664557,0.06745868737571097,0.045595620040828885,True
19,0.06568971258102262,0.11128494149742021,0.1665767725143657,0.01492864267346048,0.3335564329285085,0.08678888217630587,0.17833855555575806,0.004560947677327604,0.004942821976660203,0.03333229041917071,True
20,0.1316260746536169,0.01322955537210193,0.5101852029775306,0.034424183457256986,0.008293211642498789,0.0885472184525913,0.017245213956615553,0.015076131654216467,0.025916109736602515,0.15545709809696887,True
21,0.2702855662527701,0.14424220807588195,0.007433531002321295,0.023600317362121703,0.03540842580367118,0.042477017508015025,0.04793664857449216,0.02590104852786879,0.1547944873429405,0.2479207495499172,True
22,0.015283725571569404,0.18671207525308148,0.016953895653170813,0.3747178682653043,0.057883281349668116,0.14824156430637037,0.027475352706024733,0.008093470476266757,0.08154871392059097,0.08309005249795297,True
23,0.047115553965741755,0.055596245973784285,0.25684246991354837,0.212671193171268,0.07988031032815397,0.0492400442738396,0.03723864293983805,0.020905806838974722,0.06833897848426834,0.1721707541105827,True
24,0.024816890984608504,0.11008903839717424,0.09563537785244398,0.08654816842185539,0.05529469649539563,0.21049835260607214,0.02756408547012478,0.09556092260293271,0.1562267620737325,0.13776570509566013,True
25,0.030303863183887135,0.07083392763134891,0.016631564483130728,0.0002977972225207989,0.3441566888159165,0.026930706204004597,0.2775866403297295,0.08475785413155446,0.12153286787661602,0.026968090121291442,True
26,0.037010346867373436,0.20772467202891565,0.046572612695392084,0.11256620053585242,0.06613460059344688,0.10233905808257532,0.2272402326984176,0.010352327265171045,0.12852739087901505,0.06153255835384061,True
27,0.036281015297627714,0.018285871600238607,0.030567419066771975,0.047555887649010774,0.14068894864651854,0.16324221396815228,0.017217131054011764,0.025130887632833117,0.044772592654819775,0.4762580324300155,True
28,0.0631817998752806,0.024916411750312534,0.01363652154642328,0.02448110528356028,0.001959972880545061,0.16512164862828638,0.21815822294852677,0.07255440002426536,0.20013836486786876,0.21585155219493096,True
29,0.049783807027536015,0.024280705238068055,0.0008933516367549968,0.35665468558678615,0.12460655708705301,0.013482082323770336,0.1380914519770699,0.11314055122645737,0.045725496215874455,0.13334131168062974,True
30,0.14855328670171736,0.007285090810647887,0.040965517408676294,0.17663949251214603,0.025283259086915623,0.22750106615829727,0.054714370332237604,0.1454665243500078,0.1292645024283351,0.044326890211019127,True
31,0.07229133288702572,0.03125775405082845,0.027845421582828996,0.026799422625471733,0.01905275048256083,0.009154229126980487,0.341215067893202,0.2102054096751772,0.1869431172289135,0.07523549444701107,True
32,0.16929131667849545,0.08335357560124293,0.1146738754567443,0.024595332361611,0.0038579434838748464,0.04613338794134876,0.11506156212070141,0.25305684789206717,0.06342457551411072,0.1265515829498032,True
33,0.2982364978090288,0.06391170794314728,0.04778857964003085,0.10580953341579086,0.09694709554694249,0.10621471108286658,0.048354762021759194,0.06563009744096218,0.1094002559372141,0.05770675916225766,True
34,0.007733585167244441,0.3314108401785737,0.0012095860087067128,0.027177984047440703,0.02268175188099386,0.05946278859831251,0.024941271723105663,0.04661431627890125,0.26379602907718097,0.21497184703954028,True
35,0.025349392285592246,0.28231190440101717,0.1217776261756296,0.016235528165222838,0.14252097566131128,0.08768881879725865,0.1337399701667002,0.08176206231620421,0.07114698091448222,0.03746674111658154,True
36,0.004965111726250529,0.24059321892640492,0.1331572068481311,0.032963701266448216,0.00439881264023885,0.09208896625292837,0.2295651368498447,0.12629680685946504,0.022873586496495357,0.11309745213379302,True
37,0.13529165427875675,0.16016203747666619,0.020091703582136137,0.13612194196936675,0.015341443006405333,0.10223323867405512,0.036369535637103066,0.14237560605405378,0.039938378342210944,0.21207446097924587,True
38,0.2657780734865617,0.0711701110471601,0.08629854452432198,0.07352144816888555,0.08131170448081099,0.06991160791641433,0.16389894617209647,0.049943981374334014,0.07117816998943383,0.06698741283998107,True
39,0.11834623393095058,0.09324262116335612,0.03816148104909023,0.019385833290278515,0.26747532507476596,0.0007558301914029493,0.00594896146746141,0.04175341550498107,0.18329116784928906,0.23163913047842397,True
40,0.0212270637039444,0.0019149708483617162,0.027594041763606657,0.03995653059075357,0.2228476321135079,0.06827121826698161,0.0190511039757393,0.2044757920954816,0.2604292049604605,0.13423244168116275,True
41,0.10889834347953911,0.11550647363528234,0.048048337707680314,0.013245154349329501,0.3041357588194843,0.12029594446023355,0.2047454144019954,0.023415096518468896,0.05036113920441063,0.01134833742357584,True
42,0.09112482567842048,0.038662444510724946,0.11461094222034351,0.11838718365262367,0.0909486866260874,0.18293108182985207,0.10815702989315305,0.09877280955341562,0.03992190512553278,0.11648309090984645,True
43,0.00019725559142394941,0.0015175035901358012,0.22459490401500945,0.01833870462373798,0.4103481682739009,0.07961369508672371,0.11013591185271883,0.05746901010222375,0.015170851254635867,0.08261399560948963,True
44,0.034755380733753394,0.04245685079219753,0.28941329725433784,0.10698465535116007,0.19373670439666452,0.056642248363031514,0.14456210697417698,0.09053338568860803,0.032347812290561814,0.008567558155508252,True
45,0.0004110389094726697,0.10671298484403076,0.035325644108727704,0.007159785349392495,0.45822404394838934,0.10207897385708692,0.07867380822945465,0.029538023249823724,0.09339264845305476,0.08848304905056707,True
46,0.014118572215890114,0.2556639477687737,0.11535308918638694,0.022305973478771453,0.0017623854129847703,0.053229707130249,0.06302158429326157,0.1435076670311605,0.3189889149510813,0.012048158531440579,True
47,0.0034454001751570637,0.13663123721869289,0.0594792810480179,0.11475534366432354,0.011327361382441028,0.04540530469135297,0.13454601877175437,0.045929249559888766,0.1842500134967096,0.26423078999166205,True
48,0.009033865520293304,0.11121883677831593,0.00986210792759973,0.028900005841281138,0.19582592624032355,0.03196057940200036,0.296768215494085,0.10425310663502951,0.17732706249763583,0.03485029366343586,True
49,0.09973091906190874,0.08816404138210751,0.26788459767804246,0.011062106457836632,0.27316623454511885,0.1426676764072013,0.011688527373630896,0.010325549978638866,0.06583585199009348,0.029474495125421295,True
50,0.06729941926514431,0.062392491571086325,0.012277813233378355,0.2610604054905438,0.07426974002088922,0.03287602082950931,0.2065330573264427,0.05292646256542892,0.09734453708981099,0.1330200526077662,True
51,0.44888787690114346,0.10691452402964903,0.07033071674135247,0.17769135378235035,0.026884395412299564,0.02342183989198101,0.012311912067107685,0.06476750972853344,0.021041167061339267,0.0477487043842438,True
52,0.21775992916451437,0.1695191552845547,0.06519590945223545,0.13202449924314394,0.15588822989199538,0.02448406860780118,0.04680632637148353,0.09767155002724785,0.08353220909084266,0.007118122866180816,True
53,0.048033479533455214,0.0020700946196493737,0.26862497664810225,0.02913940609158937,0.05981473195940082,0.023607569684073643,0.09875533644348405,0.092158963709479,0.07794867926163293,0.2998467620491333,True
54,0.001032106066083508,0.030463424808177483,0.09658200931303672,0.016419001991463934,0.0003958659494226165,0.0691270792016989,0.3201267793029962,0.04418111540503039,0.07359961523942747,0.34807300272266267,True
55,0.04382392757670618,0.010495135009444179,0.05655813763783756,0.09619894979158496,0.024372726484528616,0.03451194419169747,0.09008194634575369,0.0858710394964758,0.1968486884586527,0.3612375050073188,True
56,0.03447785641089268,0.237202317599562,0.21721197609836992,0.09828034360901428,0.03923745358630614,0.044283511183420166,0.035884318409989326,0.1368197563918512,0.13462642793522012,0.02197603877537412,True
57,0.036590915737434254,0.14671274382929825,0.038231445250578006,0.06341281517544144,0.033572485037726855,0.019690852754368587,0.16040328564499104,0.15387762563914595,0.11964309921038441,0.22786473172063118,True
58,0.09679830803018306,0.08030680358468253,0.05052062671038388,0.019317815546592083,0.21675166743220714,0.07866505633515253,0.010647395726494239,0.01667559280982334,0.049400884348876184,0.3809158494756049,True
59,0.08128347508480041,0.05377980560427845,0.05359892521211444,0.26233980855181893,0.20519088720536227,0.20658042927211656,0.02641593731038257,0.03403647432212438,0.005231115733577055,0.07154314170342502,True
60,0.16421815945233464,0.13566523922326484,0.06734979042369679,0.08073479834076677,0.13321002535592025,0.015022916043353929,0.0013635752298282878,0.1371143682783578,0.01930640093330175,0.246014726719175,True
61,0.26593115092074754,0.177031577660743,0.059594610530398724,0.13180988400059848,0.1391093107076812,0.08250460165677075,0.010528588776069036,0.053719146576958456,0.07149779555157498,0.008273333618457857,True
62,0.08073783909346295,0.03459350764321575,0.06300749793048335,0.1611436602026623,0.0020192439218884133,0.45522746617508286,0.03771271681714264,0.007954089743599636,0.10638986437713994,0.05121411409532226,True
63,0.00648258280994587,0.05155892129369608,0.106588755136935,0.16288727614220036,0.25271128365005435,0.1743930751368603,0.09788280743298898,0.005834875953568686,0.06180071355353405,0.07985970889021635,True
64,0.07041012591836006,0.055621106560465344,0.06879369741532318,0.10398187647060843,0.095731222488252,0.005786914052499527,0.09984230758201923,0.17293170180565004,0.28108178878696694,0.04581925891985512,True
65,0.0831704183530744,0.01682584232503231,0.23129279219678137,0.0684228035325626,0.03668971563821082,0.04622188634377248,0.10730336596667754,0.04526236008912726,0.19559784222570858,0.1692129733290527,True
66,0.06535752291197641,0.046654874295059164,0.002252015333638487,0.20239872779693635,0.438949173069628,0.10140789768732197,0.026548042205227072,0.08763221974783524,0.005525646475293557,0.023273880477083977,True
67,0.26725607316515604,0.05472307415245048,0.07336374318236905,0.062286358300366995,0.14715013333766125,0.031946811987944336,0.08917807755538677,0.04448493178204086,0.04990309350881017,0.17970770302781391,True
68,0.29854650027596535,0.020996680281616165,0.035240673359392315,0.264572917719499,0.04152507810445206,0.04548563864041925,0.011730621275257319,0.03043477369254332,0.04521638746687618,0.20625072918397921,True
69,0.024451379478152624,0.01792310670325556,0.020436244436169374,0.013153119429546944,0.4977745777713623,0.0785738383410297,0.018871310202577787,0.007906323994767492,0.2203379242827094,0.10057217536042881,True
70,0.08386298644779928,0.1026050560430739,0.15917793539229255,0.17504048794338556,0.03918496508907771,0.10674067613113676,0.04309489932286973,0.08370884496447141,0.19859277432743128,0.007991374338461874,True
71,0.09319605885423204,0.03550915957966379,0.038613984312606424,0.18341773536005732,0.06907971253313709,0.022625912826494222,0.23508540183589352,0.014899005958302083,0.16086144333119787,0.14671158540841572,True
72,0.10924242414652,0.004347791103156617,0.03192939912743028,0.06831580615579097,0.10580707852222682,0.016595577801556367,0.1125302831499539,0.2016173941568476,0.06782323733900747,0.2817910084975099,True
73,0.2104542212008472,0.00880582744890589,0.23109684902841104,0.039005458157594534,0.0043721955529425725,7.143018459167995e-05,0.1810196187322426,0.1038583819026314,0.031204978906496362,0.19011103888533679,True
74,0.0077118708336024085,0.0773364088597302,0.03218394875626234,0.2837500302981752,0.054709711629912776,0.08959141699724375,0.01618983380477871,0.02988990480896639,0.13465171360542189,0.27398516040590626,True
75,0.02752363126803217,0.1585510622007175,0.045120700082052136,0.10463335150751904,0.18626011615948287,0.04271073438953093,0.036714271844421505,0.055811190767834105,0.21912655680088525,0.12354838497952453,True
76,0.04547321989566203,0.02095915298408466,0.03515491467590624,0.10592804487369975,0.1987345401574644,0.05196700674225126,0.223942451610785,0.2706777417990657,0.006514297546924494,0.0406486297141566,True
77,0.02737855587761062,0.1541334040052898,0.11291973774432744,0.14818875553828165,0.011890816352488929,0.08827665094621011,0.18742858872202212,0.027344504687572907,0.13520269010544278,0.10723629602075367,True
78,0.40341033131346216,0.04928009603891051,0.035303054904937584,0.16101131242609865,0.02348236314042895,0.08277220051204248,0.005448027518425925,0.019711774643501274,0.18211706286914003,0.03746377663305241,True
79,0.016940206148455764,0.10461265891437407,0.06476711261989535,0.05079625047382238,0.12561232367440653,0.03282951715493625,0.15156091148498854,0.13180303921840067,0.029855296102701653,0.2912226842080187,True
80,0.298119015405168,0.04782309242426619,0.03220330874036996,0.03362777129732251,0.07842702863451799,0.12137576693150791,0.1496097334599168,0.05456411218210725,0.005138171044741313,0.17911199988008206,True
81,0.015100864594130339,0.01753442074345369,0.09206904606733943,0.3369595079640065,0.22257645090892775,0.12213411983205551,0.0026371731245648606,0.014028915410909087,0.04439396112851997,0.1325655402260929,True
82,0.01383052047222778,0.0034333848664713095,0.44775913816340884,0.08532956656823455,0.012697067749322328,0.001979629624135318,0.12031556167698032,0.07773011725635993,0.21398747610224872,0.022937537520610847,True
83,0.2434197873173577,0.023353794505494463,0.16379156252672245,0.12010535276467871,0.04770190553105208,0.0115381098473289,0.011167272930452436,0.005564604686805562,0.21326783068101307,0.16008977920909484,True
84,0.06186896977670853,0.0828821461264782,0.009482542934441866,0.017901491604498224,0.036627201603005755,0.2200544332213598,0.2574864713707246,0.17565055042755953,0.06451936188480661,0.07352683105041681,True
85,0.036606534154735894,0.020113240855901444,0.2058635307970614,0.16691418207508077,0.04104337812162241,0.1364201003810545,0.00561910029891642,0.09829771886331878,0.22194696384423104,0.06717525060807725,True
86,0.012437681785155362,0.4064368267286011,0.18927063170306582,0.08965210317884865,0.003509877752508717,0.026103344246197178,0.06912299846786946,0.10438216157984344,0.016033893213153357,0.08305048134475691,True
87,0.16356855209222274,0.13146438695884707,0.14031447127008684,0.0017242550655319465,0.24146048573611073,0.02999970539573216,0.1288292801974343,0.026914900982858418,0.04334987665661851,0.09237408564455736,True
88,0.03097427042317081,0.009239830862607882,0.03219945957164596,0.0699058923777879,0.06266807873834096,0.0122666084059547,0.2661168171023396,0.14575092307917084,0.15998397144464502,0.2108941479943364,True
89,0.09186503776253994,0.15861352106046214,0.03675640910262086,0.14535958350519324,0.0743204989408295,0.029336937940367912,0.09743315479261289,0.08773100972684351,0.029638493523108843,0.24894535364542117,True
90,0.004143323839979054,0.02015045262913228,0.010722565125151485,0.1627317449907599,0.07816118531836014,0.1291695836420336,0.047582124422447566,0.1256560896353793,0.24985464262396254,0.17182828777279407,True
91,0.058333284324992137,0.1878611494518212,0.05297919332385505,0.0981467895076937,0.15257698056578278,0.3017081158748114,0.011456832910763794,0.04466100415556261,0.027155875890647687,0.06512077399406971,True
92,0.021625120464981284,0.03614372978337901,0.16071276529301182,0.038008624710690095,0.10930259668428441,0.12618436965492533,0.31708259983811865,0.06575397511151855,0.017836170953193013,0.10735004750589781,True
93,0.06927236503481149,0.15870235536398275,0.0720783180631155,0.02571406405996543,0.030260017558665142,0.060850646417178446,0.11330831877315603,0.10658587294479228,0.03982732497264889,0.32340071681168414,True
94,0.12638734436982896,0.024144631032655944,0.07611964976917457,0.07479074170796408,0.13688708047053602,0.167159890282062,0.01596660064023019,0.1363979521724791,0.221291580105349,0.02085452944972019,True
95,0.09880515668471881,0.18736516429397312,0.024438128786543303,0.26007982185578826,0.05633992364001025,0.1349245162136497,0.018773937322647774,0.09202026874592908,0.10898235733955318,0.01827072511718648,True
96,0.00040720821730092107,0.08438006350226036,0.051496100780274785,0.13974660225730823,0.27193034376762537,0.1033881792543997,0.16194760457043758,0.14512503782054814,0.035035204520350194,0.006543655309494734,True
97,0.07241838632464215,0.05019398974032266,0.10848325371125289,0.042498589334672536,0.032647759752094094,0.06649001897590097,0.126149329918418,0.13968480025465246,0.22393680765695892,0.1374970643310853,True
98,0.026174967375975976,0.23980206270096205,0.051718114917061575,0.020255675109167346,0.01661418742546112,0.019070018595171507,0.2023305621678915,0.16335167148567625,0.019626512358139815,0.2410562278644929,True
99,0.12529515287274917,0.05198965466535958,0.03560580685024972,0.036760800654953324,0.21164148154207804,0.006123562994973921,0.12274314637452007,0.014924936425066293,0.38643814269102894,0.008477314929020978,True
100,0.07102203908963896,0.21184718918989826,0.1645925790855861,0.014476770598977331,0.11738440687965265,0.01528429533384652,0.013299802999662927,0.13016937856105307,0.14341611561271497,0.11850742264896914,True
101,0.004016821651894847,0.061618245032669654,0.014455934653394441,0.16372676824981527,0.10754065252948808,0.056747804328899615,0.3871692891268086,0.018204039318832976,0.0937676523235776,0.09275279278461898,True
102,0.018501003911436803,0.2919370814232178,0.08458759920302189,0.0854633190125845,0.07924516522423958,0.09219076242000185,0.1330802935123368,0.1656509761040483,0.04623487129896655,0.0031089278901460767,True
103,0.00776991051395012,0.012579821602923246,0.04519637579969645,0.022890839194980975,0.031161703102231736,0.09434662454126302,0.05077023020737703,0.11674876924183103,0.3052114863115762,0.3133242394841702,True
104,0.0495101246223761,0.042612206713248245,0.2142840000556936,0.0706270346357081,0.09694443387875812,0.09028648223007622,0.10877636487498797,0.05151339792709141,0.04672294373845575,0.2287230113236044,True
105,0.025762362385694678,0.041592750173514756,0.03512688074143281,0.09608410445002787,0.0775897284503872,0.17732398846039552,0.04893414817922451,0.23775061162694827,0.05633122150098037,0.20350420403139405,True
106,0.010334801517505989,0.2547202521576973,0.0023581461851526512,0.06114841586466359,0.09712343948506152,0.29497062449984834,0.15431184447804033,0.09155646875643879,0.007367409228915722,0.026108597826675694,True
107,0.01948260617491672,0.01691320411387588,0.22927732302090717,0.06009773444309895,0.25559026520535166,0.04120356202855155,0.08906920146154415,0.15028660856970213,0.008543041109768822,0.12953645387228302,True
108,0.028528637088944625,0.06730693150632987,0.17807843658925698,0.0909299061975826,0.04275971238654533,0.12123097955889475,0.018957456075424192,0.0038472054083808125,0.06331205774673705,0.3850486774419037,True
109,0.028396903663418852,0.02244248962777865,0.2500769432734829,0.05774546354321226,0.14915019174626462,0.02302991916430783,0.06625841385939746,0.1465132581800666,0.08734684279879584,0.16903957414327497,True
110,0.04319036972149202,0.08912508974134205,0.02297744283436663,0.05364480099971349,0.12015448923164518,0.11114861792216725,0.24047934702208612,0.10445630095220822,0.1813049492198819,0.033518592355097146,True
111,0.2982586402437842,0.0022242889819208823,0.01521481357570043,0.20155650929269023,0.05328652213978079,0.040887261426296284,0.18134162558795602,0.15911132699468955,0.0192434626698805,0.028875549087301052,True
112,0.11315975683994398,0.10968114286190594,0.16481096667769113,0.034974984436929,0.017417600891286134,0.24512818227364067,0.0703235985525597,0.10507677074619634,0.13844850197627576,0.0009784947435713327,True
113,0.2021979777461453,0.007728822527010616,0.2834159962717919,0.09291692743176418,0.11638190148427553,0.04859737533012726,0.0757627033491169,0.10500200748313596,0.027930027962248197,0.04006626041438401,True
114,0.016857756328164615,0.052676576480090345,0.05144688465814181,0.04666547920051457,0.19174632192135788,0.43500868545848614,0.0663498364809546,0.022805244788673313,0.0060865085592366934,0.11035670612438005,True
115,0.1589699124029222,0.029316893453261165,0.009142332700764986,0.0397066638355746,0.019675571876671342,0.05561210987525461,0.0023023020661449923,0.40361455890805353,0.25811653896476777,0.023543115916584978,True
116,0.014639897201660285,0.15119489266688166,0.007642929341708094,0.029349271371191372,0.350348059776084,0.11656628236680151,0.09191808884579473,0.16322580661806155,0.005237196051126083,0.06987757576069065,True
117,0.008853821967470569,0.0406996518630448,0.10941954168948395,0.1821947744020047,0.3468132079261349,0.04576624383720797,0.04567554508412115,0.04236063495297449,0.07751470791242962,0.10070187036512783,True
118,0.11846428466501413,0.021079465819422147,0.07465096779781653,0.20688054275417536,0.167288580662553,0.23813842257625648,0.03518642838764901,0.018497379590746515,0.08412251110080475,0.035691416645561816,True
119,0.10276114173051745,0.09284083448205914,0.05939157646452001,0.0637759004018851,0.20589816373010367,0.09391939072668022,0.031187374540128827,0.25055612358475304,0.01982284730030656,0.07984664703904586,True
120,0.02218848065227982,0.023191841466366152,0.03978207422882195,0.12657372653558313,0.08685217956945966,0.18883699692198488,0.006575361301226528,0.12204468649508625,0.04911311404969421,0.33484153877949746,True
121,0.04728201001794989,0.2134870056192662,0.0011558571202350202,0.12941884894565894,0.07706776134750638,0.0008775530007994726,0.00826111039917172,0.20421234774247676,0.2614287002886352,0.05680880551830033,True
122,0.04786171528876799,0.004754030677658158,0.07621995588780452,0.03527866105566034,0.06956829421307724,0.09392120081563941,0.1061761218129548,0.3609095502677568,0.057997872875162206,0.1473125971055186,True
123,0.09520668414677963,0.18555998992424602,0.10661037554630619,0.038311866666998914,0.17728748478920447,0.02902916685810755,0.09527368109274183,0.13104311060388657,0.11512932144066952,0.026548318931059325,True
124,0.0641379277478263,0.037094845174050636,0.036041651869982524,0.29910938247317026,0.01128823441988737,0.04445594282636968,0.04324154653477357,0.06922552027344145,0.29163831665725115,0.1037666320232471,True
125,0.025430612571122606,0.02940490192230561,0.05778210534537758,0.08957036297211823,0.01878110721093148,0.14540450473510846,0.2036883771088572,0.06793436831771937,0.27157651987109077,0.0904271399453688,True
126,0.154023400863422,0.20237533845399816,0.05676290072006433,0.09364269043803118,0.06090322387950097,0.08184729301305292,0.1840343394902371,0.046823962143556754,0.05268214854545033,0.06690470245268625,True
127,0.028820353228720126,0.0973088662163992,0.26576807025459487,0.16393224576314458,0.054431167759603494,0.1511406862076718,0.01210544867007785,0.2027628191953153,0.007200589968908146,0.016529752735564698,True
128,0.04256183331176545,0.17528458025621382,0.07281457426044807,0.014225354212293387,0.047929089584438055,0.06919634919070622,0.04840747852761061,0.07156677436983286,0.3952063780060023,0.0628075882806891,True
129,0.020428355462911257,0.030971955813850625,0.17848679410856025,0.12182681265366103,0.10072725001285764,0.03542185797976043,0.03280720384322847,0.22720018680225454,0.08198532476149797,0.1701442585614179,True
130,0.028806643054727153,0.12238344970493308,0.12854527958338902,0.037760442740036426,0.0020744956892834545,0.3754917784700488,0.023219563172594417,0.24854178596144763,0.032024505480264684,0.0011520561432753478,True
131,0.12615312848144106,0.1089531798566365,0.20767854759649085,0.07735387170915115,0.013792510825040577,0.09100370592348941,0.01442022118382922,0.015609826091621556,0.2819357941911485,0.06309921414115129,True
132,0.0024874981801150647,0.10801362409039797,0.00464567334780287,0.08388210304878464,0.08383309422240783,0.14883217405529822,0.21064007104847124,0.19464352751920744,0.10032620267236167,0.06269603181515293,True
133,0.24673118747891576,0.00779587952329712,0.04815699986481849,0.3528563160347262,0.007404852283992629,0.02077478683815983,0.02573187799744505,0.07420028440604101,0.06057189051000014,0.1557759250626037,True
134,0.07246665064656485,0.08300001039220462,0.09264830653337067,0.054518013138590664,0.2549514158645505,0.17847183741100323,0.04640677852077944,0.03179212394544018,0.11895870946039658,0.0667861540870992,True
135,0.020975421039484705,0.15986285816035023,0.01336870004096901,0.027510529710426664,0.06057244512873396,0.24871931251555382,0.3827446545040263,0.02357379567687698,0.028118904660877783,0.0345533785627007,True
136,0.057257100654658694,0.2695491766425784,0.06320272978331669,0.11202351062267314,0.08805086406956655,0.14891471253871186,0.008405370640282649,0.12634753534393803,0.0026370347427632952,0.12361196496151067,True
137,0.07036210827148405,0.015697392663687346,0.36347224277553153,0.051231054239490925,0.05310213022784548,0.10524266341237737,0.0076868971964341405,0.047773773817004886,0.110745837504714,0.17468589989143013,True
138,0.27076879196140413,0.012940820276937923,0.21134938223020996,0.034929971216490864,0.11270729779148564,0.018189782425540042,0.08089569489439288,0.0492667649244666,0.02403133177565964,0.1849201625034123,True
139,0.044916999353140745,0.016733503035605553,0.25437279810036284,0.11289542496296383,0.00329926702613651,0.07541534137249044,0.05397727634995623,0.12654987890036767,0.29195893146559637,0.019880579433379904,True
140,0.19204553383401085,0.16359897568663062,0.045875400504515176,0.10906355322349533,0.022566006073017095,0.2203859343154968,0.0050130203817751705,0.031462586543768274,0.09872720179940106,0.1112617876378897,True
141,0.025801543511443904,0.14352089668125623,0.0366617968443483,0.11874787658214983,0.1468934677200213,0.06426646509039222,0.2920785676985908,0.01360789002295184,0.11936303330708269,0.039058462541762845,True
142,0.1964197245772002,0.1500234117631598,0.0772185877769534,0.05513951274892626,0.01678680744409105,0.24248274027358557,0.046599989127853264,0.07345353788208453,0.13029316289022982,0.011582525515916067,True
143,0.11498207595774054,0.1649976698415144,0.03102876668172046,0.03630653039770084,0.15896661069780602,0.008472416711318079,0.01829765517598139,0.2630089883875539,0.04697159889291933,0.1569676872557451,True
144,0.044578885276575796,0.11469456987733503,0.4588180960595761,0.03486536097778936,0.07877568045316169,0.01883548238886837,0.12316785132836036,0.03716531848448428,0.0240839768588944,0.0650147782949548,True
145,0.022699435962587805,0.16906453757871198,0.06185097243244284,0.11558190352851032,0.01745507993060702,0.2820941088190218,0.10418151242803914,0.06953903420852361,0.05612231249052145,0.101411102621034,True
146,0.13713898143583345,0.07863102269957715,0.03795199047822909,0.030928857299056346,0.15844667654781272,0.18090228822461882,0.14490859691173072,0.15676747993145862,0.03202190347441558,0.0423022029972676,True
147,0.13634785956616827,0.17507909438249622,0.2478352120866476,0.05184136852920938,0.08460126294824137,0.040055271341986914,0.010931682163343576,0.03363297853017442,0.17891249977272847,0.04076277067900381,True
148,0.005483199658852867,0.08094000769402994,0.09556297048149154,0.23176830530164064,0.04291148749832033,0.09680263286605088,0.05771880232861246,0.03194854959290892,0.20706306704123761,0.1498009775368548,True
149,0.08619306858008542,0.21870579512619087,0.028535364153328965,0.1296733128638276,0.20369410405346008,0.045118220471906924,0.056834825947601586,0.11742281214660674,0.022784940100165876,0.091037556556826,True
150,0.17443882431483296,0.10635987148257892,0.13116986495780264,0.01360375810736296,0.10247911402544549,0.10809616909704649,0.028282590253428174,0.16959673178201545,0.008599954302323253,0.15737312167716375,True
151,0.028098023152679816,0.03332460922713352,0.043719452751880376,0.11306693217892907,0.05299193865363839,0.11868103820446463,0.049234368491576,0.015206170756335097,0.12407173810209349,0.42160572848126954,True
152,0.19039725995462484,0.041065677770832185,0.14525180103378582,0.16531783255320512,0.012063154894613416,0.13661103261447755,0.05633427873879181,0.1474992719275803,0.011156842555406112,0.09430284795668283,True
153,0.0297845961962357,0.12903457751902928,0.20913911385337194,0.0460988462955094,0.0117211870812969,0.001399872084320524,0.05328391676188169,0.01070135286628211,0.3792997466408694,0.12953679070120305,True
154,0.3197592875548777,0.02716729813832976,0.013284346519228964,0.03468028949382046,0.13417157001796118,0.013125904577308473,0.07506638566089475,0.03077996624297546,0.12065249602083658,0.2313124557737666,True
155,0.09474765960101814,0.015018500054316807,0.07450824351604553,0.13262954388019135,0.0861454514346139,0.07241008525074641,0.017878105165840815,0.0947681996009761,0.1611497154904099,0.2507444960058411,True
156,0.18734956942501874,0.03841907856327851,0.15254094875071242,0.25898807303361654,0.1361822083130937,0.07996751874185679,0.06772153022630326,0.03462998192832749,0.025640661711813024,0.018560429305979495,True
157,0.22466690036367776,0.02551554087169569,0.22024614065373047,0.03470657975511746,0.07063410508358832,0.1388567721082992,0.0988199176219547,0.06340901237153027,0.024666666914421792,0.09847836425598429,True
158,0.06152700041004186,0.2555726718437783,0.06044848453508587,0.03645244627160147,0.027422021485983803,0.14823638390284152,0.07745709785688744,0.17898017212159,0.124418459789744,0.02948526178244571,True
159,0.22786315823718423,0.0035738243218955724,0.047054774218790944,0.17553181047086705,0.06930893216264002,0.08203284471482722,0.052833889912324176,0.16785367711943816,0.03528584744390385,0.13866124139812874,True
160,0.03390363297188849,0.13540093595428349,0.21532837453282233,0.12109397921233524,0.21872832540039608,0.19699512820160298,0.02875033739025136,0.0018834151230407738,0.03229521705863583,0.015620654154743431,True
161,0.0758315597223874,0.059596705613210225,0.2053384057466735,0.03129240361924838,0.11176395903343145,0.024825196060328736,0.14891226768320187,0.019999444751915767,0.1411821992971094,0.1812578584724934,True
162,0.1802102540216388,0.08475495033500825,0.08902986530954834,0.012497085220215325,0.10922495892434023,0.16617824032939782,0.036471291311514054,0.02459729479175882,0.23628425082785837,0.06075180892872009,True
163,0.09569327028297064,0.11251459426562245,0.29056932713243366,0.11331076305070469,0.1234654115529683,0.04893805804673323,0.01425493441366481,0.03266787300598217,0.01946636247472989,0.1491194057741901,True
164,0.138778620155049,0.014702401935834135,0.15463842359530292,0.037434611756022265,0.022856822713516307,0.05749409129922324,0.11558321863405933,0.200319542994592,0.10909474305866283,0.14909752385773808,True
165,0.11318239883348362,0.10571727763848875,0.07492514086217618,0.035888705722660494,0.285487789894638,0.00596514755092622,0.11139660300231652,0.05939724134151932,0.05692354019818076,0.15111615495561,True
166,0.10484980159964234,0.022860417604109052,0.004217341537709709,0.2178899877360666,0.21572258393582536,0.01791110804594734,0.0742932432702214,0.15734287711737044,0.10140112023851763,0.08351151891459023,True
167,0.08554733100859677,0.2684261903812955,0.10705354271100438,0.1502662215662166,0.02665999273989802,0.0076151114591743495,0.06464493399910472,0.06425579436048594,0.21752848135865688,0.008002400415566985,True
168,0.0531368573458972,0.19290669623478476,0.1583002556777278,0.1568957167846937,0.004334694998763275,0.08333280939993018,0.10518727449133385,0.08455088223239947,0.027381064274843762,0.13397374855962607,True
169,0.05873610289762815,0.18033962479711388,0.13326780300060165,0.09921700035392389,0.1040563441625012,0.0712596677807018,0.047345378313216835,0.021973815791019483,0.0875312567864137,0.1962730061168793,True
170,0.021768709330760805,0.1424157430886304,0.27729663313508174,0.08516872662253853,0.23362465044915917,0.02626174659479373,0.07518434236853738,0.004072243871188343,0.04360101948431531,0.09060618505499468,True
171,0.10401862095168168,0.02708556038106428,0.058725660434222705,0.1721907705060178,0.04773135833602839,0.12526215282431608,0.11850327740040835,0.029780349060102556,0.18032379563578982,0.13637845447036823,True
172,0.0556690988583918,0.11839487882675896,0.20665979972382134,0.024998623225318706,0.17059291533660373,0.12008323012527027,0.014501571437628744,0.039530522531193574,0.14165254003770442,0.10791681989730859,True
173,0.061961364452063454,0.10975864402177592,0.4688194699145338,0.04554080271821223,0.0400529410333765,0.15336527896984914,0.013009596473057094,0.033254826970287095,0.06932453328798942,0.0049125421588553314,True
174,0.040377185366891735,0.029694186127562864,0.42109711926082416,0.0683889829125239,0.17340793317808745,0.13805073611968635,0.053662202353681236,0.0243856784239127,0.025305166894787626,0.02563080936204196,True
175,0.21767808030165306,0.09588698954501096,0.1743123548910267,0.09429374866501335,0.05631514219740668,0.15203074684374177,0.007934387230974487,0.09908630330650234,0.06002504761908455,0.042437199399586,True
176,0.2090251133159023,0.11720788385539761,0.1954310814488125,0.12494726681350476,0.021371360346053764,0.008145229666045783,0.20896097532895966,0.09240930450278556,0.021641227941422803,0.0008605567811153089,True
177,0.036031530352429224,0.317235886746562,0.09694982330688032,0.17218906711495702,0.006838485511025061,0.12073236908990026,0.11911208185295437,0.057299132539143594,0.01368018690304219,0.059931436583105756,True
178,0.13407772068125728,0.035066203234580054,0.049553765980288086,0.041386940466568815,0.12650304484721428,0.08622243204087561,0.028985136233702396,0.1583345204309482,0.2359106807847603,0.1039595552998049,True
179,0.020997006820621066,0.054074552315767965,0.09117489717505567,0.13251151833442198,0.25030626073666257,0.07479639894385802,0.02658670546932436,0.2309360365464033,0.10631077988535931,0.01230584377252584,True
180,0.009367274944322705,0.04806971769778623,0.16485162927522565,0.005729200977380201,0.2940138442561991,0.0009235876766272975,0.0642417036304936,0.151456443249444,0.03645362864676052,0.22489296964576064,True
181,0.1627188509227421,0.09859590440095278,0.011079588918899833,0.11432708811905748,0.20563087062269125,0.0037675670146250493,0.14954230528692358,0.05398701874887414,0.1686351185617856,0.03171568740344811,True
182,0.037942819968114834,0.023486410370548032,0.06538796142252859,0.10552687172187046,0.0009910863949721637,0.22358348916544613,0.026307396854374176,0.07882179364939836,0.039959930098924415,0.39799224035382275,True
183,0.08252139485975897,0.108318971110596,0.051964273902165105,0.06694002757579354,0.11758429728590478,0.058030580899654155,0.16704547050858037,0.14280058088639327,0.05734095657748927,0.14745344639366448,True
184,0.11202462312697722,0.11630340651564952,0.08951493473537042,0.08757798547044,0.1319729906445754,0.01997025649179535,0.009876705492963857,0.12469782807557195,0.0018655137098717274,0.30619575573678454,True
185,0.2042188163020133,0.13018829006342927,0.18679427290176034,0.05398416818111946,0.010036038829070395,0.05792492558980962,0.08729992258323142,0.12433191061441043,0.07627205024906487,0.06894960468609117,True
186,0.07246186247696851,0.2683428854178008,0.03330408956439194,0.18576487859506657,0.06166307810634096,0.11202799111776222,0.08487178557154502,0.04912825425857005,0.12904665253241118,0.003388522359142606,True
187,0.1489055533910031,0.23228724878200782,0.025029541303635442,0.05226452472449555,0.02671876212361739,0.019923442601770674,0.24372882176492108,0.16716961454538345,0.07410921542581236,0.009863275337353001,True
188,0.07692144321675709,0.13789951026777258,0.05334457287675207,0.09449996488717317,0.08129964908226515,0.061087986220119676,0.0474113856238984,0.2567660969728559,0.12631304316809266,0.0644563476843133,True
