ID,strat_res0,strat_res1,strat_res2,strat_res3,strat_res4,strat_res5,strat_res6,strat_res7,strat_res8,strat_res9,alive_at_end
0,0.03880591059926734,0.03064394128232445,0.10722833259381968,0.007115504159976025,0.03265026044264237,0.5398582882421016,0.03313640486357846,0.027427108803575427,0.030411573240160455,0.1527226757725543,True
1,0.1101419433388945,0.02112398635652948,0.1774690094203023,0.027638004571171788,0.20691810049182463,0.07258332334676425,0.08731022746178604,0.12605619221147107,0.15581929300901576,0.014939919792240157,True
2,0.08052476950715223,0.22478164580193383,0.16351897424773468,0.015298903719625162,0.18674029286046487,0.01307000693770738,0.14951778652981795,0.008005806075988225,0.15185083919808018,0.006690975121495414,True
3,0.038829776860503644,0.1227664368728858,0.1719820277332422,0.10522650744660879,0.03035244985711425,0.1802882782660118,0.20429871282534479,0.002552412259182064,0.13533153477207643,0.008371863107030355,True
4,0.12100760881184433,0.0007718422393226858,0.10061937150242305,0.03790119708367766,0.08874696091918764,0.17557291045384138,0.15460799294748276,0.013969658754011067,0.22100570811411513,0.08579674917409423,True
5,0.1161739976302265,0.04075226569364294,0.08219119257390664,0.2578482451706464,0.13096790267906538,0.0678294385558774,0.07648085665266346,0.054156150019305224,0.14139962764505778,0.03220032337960833,True
6,0.005736830115876201,0.0016495065590568488,0.039304220385893415,0.007033274306671823,0.028386639844973225,0.3230587173710414,0.08888450521566285,0.11342424147866031,0.14905234927107652,0.2434697154510874,True
7,0.13156348598753193,0.10476224345748579,0.13260167696823058,0.078276662438652,0.01969382117917242,0.039598359819406216,0.20439451849237364,0.1949400043289781,0.02840996165603034,0.06575926567213886,True
8,0.026899487495043704,0.10398840954392162,0.19956085807970858,0.04788186749377982,0.23256041684003362,0.21804254179902452,0.03764156212923274,0.056848864475275505,0.01248951082871671,0.06408648131526312,True
9,0.18117260078393374,0.09244368079086764,0.07771113816183163,0.21211997458415754,0.10251483406474543,0.01277345419761099,0.014425163767912226,0.011121215000637065,0.19374599483365032,0.10197194381465355,True
10,0.17970649352520907,0.1360552678030489,0.21220128042559833,0.022240991804063255,0.0024106620206590314,0.06197521488304532,0.09481889929199926,0.018112718762783843,0.07347734020178279,0.19900113128181016,True
11,0.04735101596643749,0.0031516195325904162,0.15689639009848277,0.06677361188268809,0.10929060517060538,0.09490953158905678,0.24542385101607128,0.0738553591065204,0.05363026323288977,0.14871775240465746,True
12,0.014851428016194972,0.220940549729752,0.04506825272632385,0.09495613158881408,0.10356570503187905,0.28513670382406614,0.02049303862115939,0.01075505546907125,0.19670522625312695,0.00752790873961242,True
13,0.04394971267673256,0.24098923437469785,0.06659151533478024,0.0860084751899589,0.07992228757969348,0.0020083826908503166,0.0578117036754564,0.01362805286285463,0.2895029174589133,0.1195877181560622,True
14,0.025110865535317835,0.0643929343123185,0.2974297348983472,0.1259707934649978,0.04419968845337269,0.07132399463942289,0.22563878890489827,0.025462592973270744,0.012972111464509089,0.10749849535354486,True
15,0.057337999817944144,0.03423362100447041,0.014810265040348347,0.06869310456353249,1.977634015825946e-05,0.07775225609462978,0.1142862400792021,0.2375365045954209,0.3700662070846287,0.025264025379664903,True
16,0.149354894819583,0.030891192432351448,0.0359751944039846,0.014027300243494172,0.0607303319304999,0.17187714046215433,0.0004917807432685078,0.16190304848204037,0.2863070310946182,0.08844208538800548,True
17,0.37018377659792845,0.06944697730891247,0.045316636784138324,0.03983510782367231,0.1396223915116889,0.11479935801565032,0.057946906471040484,0.0027211417819844696,0.021065423722341724,0.13906227998264256,True
18,0.05009432585695948,0.13288246640754542,0.06810150782231171,0.1691043839178423,0.026784604100470146,0.02149578574555016,0.23645425857245525,0.013921761375652292,0.16171804299674009,0.11944286320447313,True
19,0.3146188247527582,0.12104473694359157,0.20587895406898263,0.05756007639367382,0.04000162213012742,0.007824316861114651,0.04539408768269082,0.1008971548488357,0.01939370944624396,0.08738651687198128,True
20,0.1659116770845249,0.047095734101004635,0.051133171962510555,0.19332056440619294,0.2938489514316547,0.04482389117465181,0.09751808621433719,0.06383110211109241,0.01716930351367522,0.025347518000355652,True
21,0.04298346449192727,0.29034583425170146,0.029649996747903484,0.010047121039538096,0.021972583108059347,0.030411092131099205,0.267189938623295,0.05983105824754848,0.0537472828621767,0.19382162849675103,True
22,0.02677185749839171,0.014437705261507595,0.09315149463633036,0.2818792077292847,0.27060555917484974,0.0018978107905574075,0.015867993333732823,0.10648409800587003,0.03625999842372056,0.1526442751457551,True
23,0.10683017977325669,0.22333880306804996,0.2522665041501292,0.027666921185877692,0.022526450154652454,0.1273616832174695,0.12889377683271996,0.004077212855777083,0.09870046453448302,0.008338004227584512,True
24,0.006492409389496536,0.19731499660487545,0.030310711910503833,0.031208440476549398,0.3254804647643006,0.139542279929528,0.07922349290329894,0.0200374074078155,0.09571371829592593,0.07467607831770565,True
25,0.031724385567161006,0.10177554089594014,0.10072057211832244,0.004608903415591687,0.1145493636514138,0.10045315017952006,0.11012900850641605,0.2830049682660512,0.12326108322157987,0.02977302417800378,True
26,0.060520974578190175,0.1272897594338252,0.13639033245584842,0.02774914386429866,0.04142103652533518,0.01758288943846161,0.29517508133151105,0.0014294617147387692,0.10500204496677343,0.18743927569101743,True
27,0.15536983362584322,0.014446374247618058,0.13992392716930893,0.010209816802443443,0.12160706153501326,0.4211918305030331,0.009934757280485988,0.03389249399546777,0.06050858328927497,0.032915321551511334,True
28,0.08214254018119851,0.10390183891929071,0.19425644867941644,0.1870976969093185,0.12111585438111361,0.06051542579143028,0.16649066762775483,0.03984157400959792,0.027154519701872933,0.017483433799006406,True
29,0.04994588644379749,0.15797924636992183,0.030464071709545352,0.12286443603875706,0.04644384114083108,0.18376555864097316,0.14577444957055313,0.04710157061174494,0.010776733499972999,0.20488420597390297,True
30,0.02253081574541902,0.07538466067474664,0.07955176773378377,0.02080507073031242,0.16977509271064373,0.03673421428924438,0.3743898828568563,0.005395759185230696,0.13571525183736144,0.07971748423640158,True
31,0.0006586901499886448,0.09721073798871252,0.12916318384807024,0.26121683529556355,0.03324803684816018,0.06382622739247873,0.22838543357813498,0.1466201544677383,0.03663457732477136,0.0030361231063815064,True
32,0.08495451217850654,0.14560398851280967,0.09107061892633324,0.18246071616108678,0.03267155490048377,0.030779467268495602,0.15690717644986468,0.07696035876015074,0.021896287567062342,0.17669531927520668,True
33,0.04466409968955993,0.016557459462757395,0.016390219245945085,0.003963846798670717,0.09344940410290056,0.21716007844795196,0.23732131481797333,0.18341099687849835,0.12704855972955983,0.06003402082618279,True
34,0.1034018713713488,0.33838606457326753,0.15901770001636964,0.04948137114284445,0.08488096659916591,0.005152047371455013,0.030938693669417833,0.007770125582217088,0.08008448726557672,0.14088667240833705,True
35,0.2892219722613728,0.08460188848739396,0.0004823069613966964,0.005004711064356299,0.21464783660742787,0.11283619794885219,0.1639617958128326,0.0024012601367064752,0.040786681078785435,0.0860553496408755,True
36,0.08162392739610844,0.035063176143777054,0.1847189203549418,0.11678195318742599,0.32762649655787646,0.10688344013904676,0.004311536252330958,0.09223619740552193,0.03716458651815329,0.013589766044817276,True
37,0.027427083809838177,0.17120192632819425,0.06333586663947337,0.07055241082916298,0.04583525618280302,0.08215157053301912,0.10620661938567597,0.05263944859830634,0.2774159182502915,0.10323389944323526,True
38,0.0004415069345913511,0.0662061569044018,0.013503505371223143,0.0032146844462489815,0.31223999308723477,0.17204850877614208,0.03865874020824986,0.1617617529906767,0.044389789879168876,0.18753536140206253,True
39,0.12379930638917547,0.16333554160844957,0.007069867710128431,0.10550757650822985,0.20744511287912012,0.06280759837644125,0.06268182271683978,0.030734958732326255,0.16168271662186268,0.07493549845742667,True
40,0.2334808354849432,0.04503657809038284,0.03531387624641466,0.15131929924955323,0.1428682766708523,0.0698962779166329,0.011163590606615608,0.08158497956241685,0.10058304843085526,0.12875323774133315,True
41,0.003990271808986937,0.03663533179411315,0.02128792075743504,0.010346630347648576,0.008598494708678649,0.10875818845066261,0.19010805035388512,0.2765494994219978,0.3120380314839677,0.031687580872624355,True
42,0.0135987050580933,0.17782235432871873,0.09713224925616477,0.06061019633823761,0.18376295772141155,0.08269021004798287,0.07505015543983773,0.25469809930811765,0.031511793409872826,0.023123279091562844,True
43,0.3726173059747542,0.2016231882353373,0.020399296396809437,0.11292891578332907,0.0033384366297126776,0.03249982547925898,0.0517386119236397,0.033051921333868736,0.07243598090775032,0.09936651733553978,True
44,0.32855857927433496,0.23378225423937368,0.05446912684099292,0.024307899147291735,0.07103669414395757,0.03935231104578846,0.04442394039586868,0.01899746942931716,0.09671269355644582,0.088359031926629,True
45,0.009648664155253964,0.182166013196635,0.06318957387344055,0.17217345294287012,0.013649698998022182,0.05814574832439848,0.09794574969531962,0.020105791394528564,0.07858820352582487,0.3043871038937067,True
46,0.043970492886564114,0.0037209769628800825,0.13657615812475385,0.10231849826881702,0.0026683851487929876,0.12751556400811667,0.2601315283275942,0.07097078572152231,0.07546584818964819,0.17666176236131065,True
47,0.051669470023497505,0.17551703027714818,0.32953735033647436,0.015611274577193595,0.035802745070342444,0.05894197533609002,0.0802231151079177,0.019008310776934743,0.09285209802741708,0.14083663046698444,True
48,0.11628006038410588,0.17601504842118382,0.05758363802038226,0.03549564259001307,0.11757611284265189,0.14094686687120747,0.0739621870998858,0.07604108314156305,0.05588144901005313,0.15021791161895376,True
49,0.0236128881997235,0.2594303624684438,0.03786001301566064,0.08511853431508172,0.05111373182966763,0.015061342146887844,0.11603645025477492,0.06528474941016083,0.22541282579145538,0.12106910256814377,True
50,0.03717815292644682,0.06825582336316063,0.10295121194449534,0.170880479458141,0.07143071711292044,0.004262742594592943,0.23110103100530713,0.10006614077236935,0.054630312610766354,0.15924338821180017,True
51,0.2865149830832886,0.16327613713139807,0.07600702326973946,0.02630391938757099,0.09419196032771969,0.008424376298293014,0.030355693993691604,0.0464489465285141,0.08644880232368023,0.1820281576561042,True
52,0.015178573822741879,0.03319860846145254,0.10154841425108643,0.1580471144333331,0.20085884118215028,0.15844493242493002,0.09516625020581701,0.00969544530494266,0.10559224031333671,0.12226957960020936,True
53,0.2064753705390176,0.05956005758097318,0.0837970901132327,0.023893616029645737,0.03884493474044277,0.061329318614282924,0.04797191979236717,0.34002877018648947,0.0410723440949792,0.0970265783085694,True
54,0.02974890699409959,0.02513883338525871,0.042888679845699704,0.11521046227561503,0.34463371557039785,0.3026695626003424,0.041264604707392225,0.011055569744181152,0.03820862889285699,0.04918103598415644,True
55,0.14108416797400442,0.05570271273817658,0.14906869562355957,0.1444466392177814,0.040587160739042116,0.07951038909081566,0.07504551335103052,0.2181684840934001,0.054807423256480095,0.041578813915709466,True
56,0.015532487105646241,0.022379870357624967,0.1398890497441008,0.10073800534822135,0.2170445825938065,0.19875699906033406,0.02590007166095762,0.024681547377118564,0.03044284301414759,0.2246345437380421,True
57,0.45512157395961433,0.017926393144245004,0.004241327209356275,0.024325982177651483,0.13616312433092484,0.14524377511896583,0.040605109493362324,0.11769286035826201,0.03724092193986851,0.02143893226774948,True
58,0.006962586300856009,0.03721410790745207,0.20735550472590916,0.06029636048131532,0.10353247411187276,0.11391829950965164,0.13670273363840546,0.06857782270974822,0.1337618749796094,0.13167823563518,True
59,0.0951225084465554,0.20648765029650587,0.10017982861667668,0.08853413318765584,0.05051522112064097,0.015566133351234274,0.17879948671373327,0.1606627035501082,0.0857284166239155,0.018403918092974248,True
60,0.00697592135919804,0.017919763597454275,0.040526009716491916,0.016266177523544523,0.29775887898274733,0.046490521332381685,0.0004168808141097717,0.20795825563180673,0.09742158290588081,0.26826600813638474,True
61,0.024111632371845625,0.07194232631154987,0.1546791645438398,0.08476046951219134,0.0370575204542779,0.27226630851569616,0.21516081927639402,0.08378129882376237,0.04847466431081984,0.00776579587962298,True
62,0.022051008896886402,0.012315728194261941,0.09302668818861151,0.09598328225834354,0.1515447050345531,0.029205845028562567,0.18537485517200514,0.04145216703594764,0.04467601271091522,0.3243697074799129,True
63,0.25757578454242575,0.015465514157682903,0.3009257985066866,0.02678465139500614,0.10901666974878045,0.06691856377373023,0.009667720620077307,0.013558124696589787,0.1270207092728768,0.07306646328614405,True
64,0.34432339940118445,0.12420909374707503,0.0032390354629396032,0.009447019570276256,0.003355819068661186,0.002564235885598618,0.09980451238797379,0.03545313480358108,0.35190920725681524,0.02569454241589466,True
65,0.025702475019619125,0.12158395221126836,0.08532962633601293,0.11570069655599866,0.003187323389920029,0.256149068042074,0.14067948644848216,0.11948374903913131,0.05286865238115047,0.07931497057634292,True
66,0.13518431781475992,0.0003394834457768508,0.04635139046721385,0.09941873281063285,0.028788738984880005,0.07012848997190253,0.003531630276828398,0.038888935603160785,0.116448827165911,0.46091945345893376,True
67,0.03593579143092764,0.05997185699092953,0.2105775994417637,0.03961557889197803,0.07867243066721157,0.17358402681455745,0.10684158961620403,0.16555789943387544,0.07296320577774933,0.05628002093480326,True
68,0.18582815561229707,0.08125130781423105,0.21425954172828246,0.025699732048868325,0.05397890386983381,0.2896498899668202,0.053927816126425866,0.013110993147695114,0.060223092297476626,0.02207056738806956,True
69,0.026790371239176766,0.14708259692190975,0.0736859224940602,0.04124132148086231,0.17904415530792178,0.21302619160103475,0.016405873697576612,0.02337701247097506,0.020464222972126443,0.2588823318143563,True
70,0.0003212020480145355,0.06589136209593807,0.011092171313052089,0.26429157069699627,0.18934873027140756,0.1553187101111618,0.14699845260241834,0.012442142766353238,0.12069034427862872,0.03360531381602938,True
71,0.022418274044240367,0.057853797825597846,0.026673979135351137,0.014517382041452306,0.004545248248085326,0.31388632721325727,0.19167448450600602,0.04349321872080573,0.11437613742196276,0.21056115084324117,True
72,0.00675666387610818,0.1813534170948706,0.09588262642076466,0.28646867005490334,0.007844170283693646,0.003871279182641395,0.07041812822813233,0.20191836602005273,0.014274842656174519,0.1312118361826586,True
73,0.12530252964126837,0.08757623487164518,0.02335871032559368,0.11976855394278393,0.003196320464686458,0.16960678677517735,0.05586560388209454,0.05200172691020453,0.030388324355132328,0.3329352088314136,True
74,0.10941459898180311,0.3164625009253512,0.1308648141818034,0.05755763955971618,0.09197543188510651,0.09874930625773716,0.019872293419475745,0.0010876651144192068,0.10044629832709892,0.07356945134748841,True
75,0.17555682265208727,0.048526623420889835,0.07821625773973127,0.011406497887410369,0.06578715143870288,0.11606266261105816,0.10713724066881858,0.12344671708854639,0.25704481300898097,0.016815213483774332,True
76,0.2506361939920494,0.3408509184653674,0.033743590855560154,0.07580713797194054,0.010224310844248985,0.06293128909350988,0.09886679387504417,0.03751303763081892,0.010145221252341257,0.07928150601911929,True
77,0.07735498856918833,0.018104356456450837,0.2859586232403929,0.04450874606171627,0.059090581745200245,0.1395080424705234,0.07095866514199549,0.1186999777286823,0.12374488745920773,0.06207113112664242,True
78,0.15570378461549053,0.10064634222194165,0.27704322306449813,0.008967048466972577,0.19868565799815602,0.016190905292527653,0.11622053879858904,0.07911544995104189,0.015401579472349802,0.0320254701184327,True
79,0.18181500901226794,0.1711743131376433,0.007656236995808314,0.03022191663945037,0.09735027298643673,0.12036910951204234,0.10042054184083424,0.01022795063058663,0.16065241632345456,0.12011223292147553,True
80,0.1518843416888077,0.04401250929741689,0.01804889107470957,0.11359349734993192,0.05897007418077263,0.017469490615875886,0.14102517208166737,0.1238669036588558,0.26386576509584464,0.06726335495611767,True
81,0.035906392596060106,0.15283511285781104,0.23840013088167128,0.06912566879023478,0.27186922946640096,0.07070229886236828,0.07409774031452977,0.0023265712420871337,0.0014440141655260633,0.08329284082331039,True
82,0.04844844348981714,0.04192125296814828,0.057636690392643006,0.031097657051441668,0.06965240611758369,0.24879991329180212,0.027164163638664626,0.1306855205700443,0.002520824621339719,0.3420731278585155,True
83,0.1779918417098019,0.24579476711116524,0.0050820536475326104,0.029238689664758434,0.0854322005300091,0.0067009159720962976,0.025115770583721223,0.09459964085988748,0.15756266959685034,0.17248145032417736,True
84,0.07234084717792628,0.09044688110221502,0.06522628387485385,0.11631232093902634,0.037996358977752706,0.2647594748605108,0.16892865252048445,0.07556862951568288,0.10762409165747079,0.0007964593740768682,True
85,0.03982571637593138,0.1741627888317702,0.056355098221631435,0.18020613683746525,0.08957155315052548,0.07873372278856057,0.09654043859772776,0.03638892005855647,0.11496867592663666,0.13324694921119476,True
86,0.19421398282056068,0.37512619111299167,0.10354177576297371,0.016197126844730507,0.15942177563935883,0.025929021760359324,0.014188215015268435,0.04132721527154242,0.00814559066612743,0.0619091051060868,True
87,0.027241075833008308,0.3079381973567405,0.02950874509056133,0.005315747756839178,0.08366936495384136,0.20128386969808335,0.05237079168778055,0.24714421941718118,0.005800134501278779,0.039727853704685456,True
88,0.03848465080342896,0.09900014216858573,0.030621438127571194,0.01857505529122344,0.1663181050427799,0.055091760121848264,0.014805203928846976,0.37486744653646653,0.06595270206816237,0.13628349591108654,True
89,0.042100734201669675,0.059693647893050636,0.09127570881063843,0.30073685763765984,0.11910195700090681,0.04019980598775416,0.0009246591376921481,0.06410119181309838,0.07158853218598829,0.21027690533154172,True
90,0.17103370152804231,0.27249112495884414,0.02154288768086752,0.08651286460942344,0.06724350669482967,0.04060079971072425,0.16504862907171008,0.01813505194658976,0.1542767180896013,0.0031147157093674716,True
91,0.0930815181684947,0.07542937964562312,0.15187148957155783,0.20250995631182445,0.12628549744992637,0.135008545637032,0.10525921064510699,0.030031142209834643,0.07642174205409619,0.004101518306503765,True
92,0.10114215273020064,0.08025196610791305,0.09202835256761842,0.06483446071480235,0.055238574432720663,0.1408460463661349,0.0036341252417528115,0.056291557081698716,0.07953069254649207,0.3262020722106663,True
93,0.03309279969786522,0.17449138609104273,0.1920517520305033,0.1548964307229445,0.10092498988945363,0.028775751987557233,0.01345451210807168,0.05760866230280552,0.23077052573387244,0.013933189435883609,True
94,0.09376444201087136,0.04780638535283341,0.12839678248991918,0.28794953561556846,0.0005587958408299931,0.030932146283746412,0.012679070287545767,0.026584632370541057,0.09313744372538345,0.2781907660227609,True
95,0.10683811856954638,0.2262964589415461,0.11248809774292882,0.3123129602959039,0.05435925396267859,0.014514860209367372,0.03143876174990583,0.059977521226424045,0.010705050134486143,0.07106891716721284,True
96,0.10157859787020411,0.12961668308310198,0.1853367591774167,0.0037622427349886488,0.0536670162080701,0.12215689835866661,0.023060116056198225,0.23693198554928882,0.06936090243593508,0.07452879852612979,True
97,0.2094295752591752,0.12262357135817485,0.12108023470481344,0.10424510120776848,0.015786229769502093,0.22278341257227063,0.05422675075556195,0.019245602861213677,0.09575491045512627,0.03482461105639345,True
98,0.055144546845886176,0.08035119990612836,0.04584062999092891,0.046114912562229174,0.06522230655491283,0.007592525881831813,0.03333313587354912,0.33023277527948586,0.2961759112014409,0.039992055903606966,True
99,0.11785017371554746,0.06558718967218999,0.07713869041866518,0.03590539695648122,0.08489942221198082,0.0056360972362554185,0.04223508116389381,0.10484890667579189,0.19154307879569388,0.2743559631535003,True
100,0.028913983567790996,0.0725726076779667,0.05739450816485857,0.007343760271388369,0.20980720691205032,0.181045976446382,0.004610770525737594,0.3387183723331317,0.012326658993282068,0.0872661551074118,True
101,0.2906001527597318,0.10976120018582763,0.07035571375026674,0.06564439939451855,0.02636467874731584,0.06449315228793204,0.11814443961107626,0.11102175448012495,0.08411829557350803,0.05949621320969806,True
102,0.19568516244041548,0.07278841836091017,0.0433485591474872,0.003723438163759563,0.04492986957712273,0.15726347444006686,0.15872087213240782,0.06772346140924894,0.1297401044836582,0.126076639844923,True
103,0.07597090525394808,0.01712069694312021,0.05302570670253964,0.1794137087305914,0.15940587578918589,0.268306676217469,0.028886188273527468,0.11016723540419822,0.04518375465672916,0.06251925202869095,True
104,0.09714591350287316,0.09276194079448923,0.04646250141673887,0.11486916933952772,0.024094033559267744,0.013710916026605272,0.21018331216247582,0.21444205308068526,0.17764482970249806,0.008685330414838871,True
105,0.1037406936020987,0.2024757147350314,0.04770787607467576,0.05339932010329296,0.1912758000577459,0.1684078776851911,0.02824805238452131,0.061090361169868324,0.08270412280465995,0.060950181382914546,True
106,0.02514735465574879,0.02673713732282742,0.09530104879923423,0.29407628715219714,0.36001196770199584,0.007095502163367051,0.028243555556417298,0.04037832361287188,0.08511483803885667,0.03789398499648367,True
107,0.038984714013673434,0.07998974329768989,0.3544125307871149,0.07446617850016637,0.029240822210787564,0.20149067934150025,0.11942079528696467,0.006234668927043376,0.03085401505091348,0.06490585258414594,True
108,0.013102821024106096,0.07369177586533421,0.0017139476719451752,0.034974022269058276,0.44100447385221453,0.06435913932226885,0.09306305116338903,0.21310118576752402,0.032453096539736465,0.032536486524423355,True
109,0.22559887699057443,0.09795810216804492,0.0741070538912405,0.012693116731327317,0.019880281464679142,0.06593211065016147,0.011403428551654706,0.3260455719020485,0.14578324610035853,0.02059821154991049,True
110,0.05127913867547519,0.1980979456038739,0.06738805399369235,0.008619552772033266,0.00372766871203636,0.14859900500524376,0.020152662563952074,0.17683857908261255,0.20437908850254113,0.12091830508853951,True
111,0.08621207646708175,0.03826510360076936,0.10552550344010263,0.09771478485275822,0.052197063033325664,0.32154548691441626,0.0005159724979952566,0.11724345797447895,0.037433821342484346,0.1433467298765876,True
112,0.18638900534959216,0.06578151866515212,0.2986556099851259,0.03604054851979646,0.05864695112472082,0.06206860080118634,0.03258068921019401,0.15876576636599032,0.08950317950961152,0.01156813046863049,True
113,0.02432223912323477,0.022950132273863184,0.07171884346374668,0.23632891523385716,0.11872282912514921,0.1994244573613402,0.04514713212643594,0.0018664304555830802,0.16669315057856918,0.11282587025822063,True
114,0.009214218677901443,0.11544461084593763,0.022720352307212224,0.07742368281710961,0.04115709365355544,0.04618954404568185,0.05615159477866842,0.14377057518670436,0.2494183263839994,0.2385100013032296,True
115,0.14702744607695856,0.0006019240701326269,0.00452973235859349,0.005001380163249459,0.03034151123144066,0.12716116440646544,0.2482318569711983,0.010956942321097016,0.1445034519942337,0.2816445904066308,True
116,0.21969468530524894,0.051559003136244425,0.024923757037823426,0.020846332011120964,0.22290370621339964,0.0659940939136004,0.10784053938180133,0.10251077179573258,0.13123049682812404,0.052496614376904255,True
117,0.03958510223202306,0.08261904221323473,0.05076906767626303,0.03734098284876677,0.16217057189653064,0.08789421808605487,0.2936665672323901,0.08671286191320438,0.11161929771035385,0.04762228819117856,True
118,0.08111903770919077,0.15431696341845386,0.13080681972679473,0.01795090803984849,0.037672704054131055,0.28382237531888627,0.14637459465197922,0.0339841869837563,0.011148195086452302,0.1028042150105069,True
119,0.09925647540750894,0.0066734083561618696,0.07214644965951333,0.013309407173276699,0.12945371115225285,0.19281281098420575,0.1379784341536972,0.2884981037784504,0.03960227616138009,0.020268923173552528,True
120,0.10488565500794379,0.12056460921946001,0.32357061143319815,0.02054788642987296,0.05245627627224387,0.006689948617578552,0.0825262101420382,0.06676752388615138,0.01301093284844583,0.20898034614306726,True
121,0.36248678783042865,0.017144910722922298,0.04801798562716372,0.07986865139014182,0.038924957414892096,0.20295561052815497,0.06687708728232826,0.027236715604885983,0.04119142425926021,0.11529586933982207,True
122,0.054196057535976186,0.28567837828817966,0.09034892464428286,0.012570752787444541,0.22248668539267805,0.05047197860599296,0.015099054469752031,0.13799717399785127,0.11316132160887325,0.017989672668969135,True
123,0.13150071895945037,0.10137008531631232,0.08112199398681053,0.022325801190936682,0.08465072744469501,0.3390611281001605,0.06915413463220546,0.06708006052852893,0.025249887920729294,0.07848546192017093,True
124,0.017355440298734506,0.12666789745931614,0.039258265823433884,0.27673154681775164,0.04116244208824972,0.14450309341746365,0.008401927466529782,0.034873888895222346,0.20367867847675214,0.10736681925654605,True
125,0.18751343786289668,0.05817924299348949,0.11093260632312348,0.20185571877938774,0.1080667324815743,0.24518792621991956,0.00044582046967989625,0.022366608662618293,0.02130322760021212,0.044148678607098514,True
126,0.041893806815916736,0.03210647489848782,0.09893817094235004,0.11724776853969116,0.2242797522644399,0.10098879688859586,0.06656208884243972,0.030815153529809174,0.0688910928024673,0.21827689447580226,True
127,0.011041390615412467,0.015433312507781356,0.23600370251811953,0.1901818193569622,0.17461782055040193,0.05922647441966014,0.06194869187385199,0.19195473325593337,0.00740505349290944,0.05218700140896746,True
128,0.13800682828891195,0.24889775836777767,0.2089377285466234,0.15883062638747628,0.03160252164638189,0.07388683021730022,0.012210407217795174,0.075154690470235,0.0491803084131757,0.0032923004443226366,True
129,0.05965455216136597,0.11166565731301678,0.3115606596708831,0.07742287740482014,0.0491296237985921,0.18428113830097936,0.030187059458616397,0.01757611777440217,0.019610394578619607,0.13891191953870427,True
130,0.046140388077372516,0.06467404742452455,0.01989711836593842,0.11427346044680563,0.13729239147529312,0.08412748228784955,0.18336019042099533,0.145032959226289,0.0056496316152998575,0.1995523306596321,True
131,0.0433597799672373,0.025428871820574635,0.23449142581129026,0.0022848245611015116,0.05525563174404338,0.37842193408416575,0.017516891857439425,0.11217039904689985,0.03831533576967643,0.0927549053375714,True
132,0.09109909861482561,0.007088279021759768,0.004731885048606932,0.36433647296635135,0.13244732973978907,0.10022608269081208,0.10429694399369784,0.009737872470011805,0.0781928855826928,0.10784314987145274,True
133,0.17380909285153326,0.061786901338359665,0.018663269254750283,0.011373352003939165,0.09809102004614566,0.22119961076162484,0.07682501269419958,0.11724750316042319,0.14196853558966457,0.0790357022993598,True
134,0.04076312427434753,0.2886338556716888,0.01894231374460559,0.29368586908452565,0.04594420957103205,0.0668766237159721,0.025917456378497565,0.001399278120802435,0.16725121622015562,0.0505860532183727,True
135,0.08596116579677902,0.036301550584349765,0.18572630417234806,0.010794774204445122,0.029632844662414053,0.43911959983122795,0.001356013985153009,0.14805952846219153,0.003696887497095799,0.05935133080399584,True
136,0.030642612177708667,0.1705557510807979,0.102672968490743,0.05889915175237246,0.06930158614905688,0.18406440356219333,0.075488572841103,0.20525043859794645,0.06085379973176639,0.04227071561631196,True
137,0.035750186397297,0.03974246292180696,0.17432845628732288,0.0631097426549531,0.21006568043810642,0.10399986762060867,0.0546474886956368,0.05014661253910489,0.10788634096777563,0.16032316147738757,True
138,0.1404214032189204,0.2633785160857958,0.10182971570196325,0.022712233554135968,0.055491688639890215,0.10545173859673812,0.08373217600714736,0.10576105243430609,0.07248944689092976,0.04873202887017317,True
139,0.053248664248771,0.08408151731468247,0.02438814808229039,0.13390032153424566,0.033637013021141256,0.1809189825269171,0.15782906044701184,0.1600097881739237,0.020641304494144825,0.15134520015687167,True
140,0.10594492017009191,0.3328890131224442,0.023671647629305178,0.1539345169632169,0.04259853732257484,0.012616423941818248,0.11172481360978845,0.11414397199905972,0.035221559669655074,0.06725459557204536,True
141,0.09643662036029693,0.12713020070610473,0.09718231851871753,0.09570048482040724,0.09612224288675918,0.08219747754595987,0.01807776661245765,0.13759251345884832,0.21837111956906566,0.031189255521382804,True
142,0.03922550058242034,0.010401504730816635,0.020666775736695626,0.016813125912285776,0.002525370029399379,0.07431871961567207,0.08228655372254227,0.06697723382405657,0.3814287157061337,0.3053565001399776,True
143,0.017685180417627934,0.08596403742655888,0.028738146898777673,0.1467832991884791,0.06710293330688587,0.1253999161509987,0.03259084041534655,0.21712188923287945,0.019507912714589522,0.25910584424785627,True
144,0.08909066066828272,0.12608923262345176,0.21762090703301576,0.019086207596248086,0.07740096112609622,0.005645312375184668,0.13110303005921203,0.0361503235551143,0.12602365742182162,0.17178970754157286,True
145,0.021969332856369723,0.27740693684063833,0.008059795358013546,0.013145104858529117,0.12511656084246955,0.1857891474108897,0.08711610231703852,0.13156283513348313,0.037876396399999075,0.11195778798256925,True
146,0.023538801882780878,0.005545555400857596,0.21744344489218095,0.07859419963565954,0.12063097543152655,0.011495721399083449,0.1735230101155343,0.01705012746790701,0.29436685453547784,0.057811309238991956,True
147,0.020154977602474006,0.002669374300818172,0.3025182415841711,0.01974077289737094,0.016174809652582,0.1682748169759559,0.07429794684802835,0.19004702276038363,0.16322008962194137,0.04290194775627459,True
148,0.06677982037544031,0.1052695074750712,0.005934480767679278,0.1595991069894734,0.14256586528844764,0.12279807242106319,0.16862787341046281,0.1552896922122536,0.054979528606719036,0.01815605245338954,True
149,0.004669390856289804,0.01247084076315492,0.5360792647314191,0.07616627191712233,0.019478745182888557,0.014326084957839973,0.14992310208718262,0.1565430796647032,0.003738771721053326,0.02660444811834622,True
150,0.020070943127113387,0.10005098738232769,0.2108040967991267,0.05135517722251339,0.20902224452788234,0.06524214128650341,0.17504211485801383,0.0020502828651536497,0.10613987564187383,0.060222136289491635,True
151,0.3507221607707851,0.014875871654022195,0.2634739054335804,0.03088684431442774,0.14157843091453065,0.059750185973125196,0.019815200416330805,0.022931973659937745,0.017314282146684356,0.07865114471657572,True
152,0.30828534117938233,0.1498859066000578,0.00718902498191609,0.05099355918079877,0.12653517812249215,0.01802570041952868,0.04461735484753824,0.17826202780160771,0.02743342349916003,0.0887724833675182,True
153,0.053642013816076764,0.008399048832176863,0.05024970686649562,0.10308251373104627,0.0667437371454725,0.10802770934060642,0.07187761296799908,0.08548778997749097,0.29904721309614873,0.1534426542264866,True
154,0.09590428905183933,0.013893628539047473,0.16309083402664526,0.2042888454493219,0.0007015421725662611,0.011007732239083483,0.07079668483830491,0.23772118215626428,0.13654570942249294,0.0660495521044342,True
155,0.10057224548945634,0.249932176869199,0.04379167011823514,0.06684799702532968,0.13165821009501716,0.02791283758305988,0.030003016654497682,0.08251839072685549,0.10958349657028572,0.1571799588680639,True
156,0.12300714974837487,0.06534036497675198,0.014785343422330654,0.016771778169253276,0.3376208166561364,0.040489083760592764,0.13935924188143145,0.04761777270334233,0.15072133359721196,0.06428711508457427,True
157,0.15940207914942897,0.07434612146230855,0.11760928210566689,0.01728655119977131,0.0744778003307191,0.3050792635279968,0.10821891203744448,0.045806123148292716,0.009262209188680814,0.08851165784969034,True
158,0.46044932435416364,0.001558959124371515,0.05454488602538803,0.0771997796569319,0.07408421866069499,0.014732714781586588,0.062056193531124515,0.0005465662004839044,0.13136448034124565,0.12346287732400926,True
159,0.0007195849019163958,0.045113814792432795,0.03866144450524994,0.3335247021827496,0.011548043858282977,0.020124357660122983,0.03497835816062252,0.38498681829127496,0.0214335341063389,0.10890934154100888,True
160,0.011042052293408072,0.007728588428918492,0.04259270935825734,0.11110438635880619,0.23115082826856542,0.14471064671373923,0.0275324440934875,0.24382228490118368,0.09420738094171123,0.08610867864192297,True
161,0.13487622498444563,0.028393775086301,0.05017183434819008,0.08162664627022595,0.007332751455562852,0.02661294036388333,0.027653517880713064,0.21471589725322063,0.29634623652521414,0.13227017583224338,True
162,0.0011791485640709933,0.31285340462747885,0.009882630314838077,0.0843052925664294,0.013435054136816045,0.012884689344077448,0.004253254480698242,0.3023229977000293,0.08693596441615734,0.1719475638494044,True
163,0.254098268858224,0.029742490125913297,0.040670627364703456,0.27447317760054774,0.08337599498385642,0.11018687126072335,0.10732411435210885,0.015566042140438023,0.0622762372510368,0.022286176062447975,True
164,0.016021309152337498,0.01864903458721245,0.15649600835900568,0.08896967019727892,0.21795750630464042,0.03528649166644796,0.14675572039642404,0.18390672697330357,0.1053553966682053,0.030602135695144264,True
165,0.049327799845548144,0.2885552867732864,0.0017158351211794699,0.011023676758733949,0.18973360187519397,0.06615926850593243,0.001836804041437019,0.026953221731315192,0.20928935097736306,0.15540515437001043,True
166,0.04741541699376699,0.1809004382586235,0.14028470681625077,0.0035642980870764333,0.03190193635053387,0.05483460921760387,0.0827030802453177,0.049364923217571764,0.2637241059203138,0.1453064848929414,True
167,0.264165529305749,0.1433971726847424,0.03319634093251077,0.014219391560871037,0.10563680297435218,0.19261458559036168,0.009639199903191958,0.15170984604997667,0.0056914927772086085,0.07972963822103576,True
168,0.18259793013408532,0.01139092124616564,0.17097517050453223,0.17660183373329968,0.003844561055286206,0.09649203445260612,0.038434538618671056,0.023050054307534255,0.15304330819507794,0.14356964775274147,True
169,0.14423003976245924,0.13103225904267318,0.002774469066881433,0.1633250975246563,0.06427872760131878,0.021575215215549157,0.1881220616898506,0.010147362211181897,0.09157106825117937,0.18294369963425014,True
170,0.3255064091940886,0.0020092856748392483,0.03489560033607749,0.07216563913879231,0.015077368249926027,0.03913946182303018,0.1042140837069366,0.09483891218615904,0.11239675626472935,0.19975648342542127,True
171,0.01778377921142439,0.03264869948606067,0.06785100053932741,0.200298183135006,0.2910900523953836,0.14410214361797266,0.037920894517215246,0.1203461364429127,0.020909514289357195,0.0670495963653401,True
172,0.044350266322106695,0.22894252800236536,0.038255329134751326,0.07255782058312782,0.01853170638998389,0.0766320304413484,0.06561324430211604,0.09448450058629052,0.08136131399835882,0.27927126023955107,True
173,0.027504137092714074,0.2074206887753096,0.3097136552041788,0.13571701402899924,0.08455503841307639,0.05240169044746676,0.03497616143886953,0.0594054262317555,0.04219413350769396,0.04611205485993622,True
174,0.031483580344595634,0.0034021053071862585,0.20414412444351754,0.13954365127933233,0.003619337833619174,0.043670580741202114,0.231912357231193,0.10716918604559568,0.23276853805926992,0.002286538714488514,True
175,0.06291828938784307,0.004154136807353344,0.10259498493384064,0.03455435268587567,0.04704406633232765,0.3651283888048742,0.17037208810460147,0.1587713005507139,0.004074767892328664,0.050387624500241535,True
176,0.06387186137114917,0.018453458846345035,0.046129785315603446,0.10394521966421755,0.2001483829931423,0.25631359624442107,0.10054941443983219,0.14420559299825852,0.03356529616530983,0.03281739196172089,True
177,0.22800865084066854,0.01834111473961258,0.0451553608191951,0.15085295540696886,0.008113684755539299,0.11503807317852253,0.043035081223390816,0.02822443408649798,0.3222298242553449,0.04100082069425929,True
178,0.014298609998360301,0.2374370741560251,0.15330970021541715,0.009901729582688888,0.206949587779706,0.20252728179058152,0.05443442842610884,0.028255781319155925,0.09232977388333811,0.0005560328486181294,True
179,0.11367297713370213,0.013388656984241736,0.1878087805127725,0.1628357917663104,0.028396729745781623,0.0053578170727158515,0.08270573673544354,0.18026282223509038,0.09294366136201075,0.13262702645193103,True
180,0.1713670596128616,0.05340492100611158,0.09133351810357393,0.09373202549814713,0.09803968915692271,0.15110449992586109,0.11229852026783702,0.09038468820863675,0.0993880811416369,0.038946997078411275,True
181,0.23034675424715326,0.1724688228208867,0.06839601205066347,0.0701800555836287,0.13288604251165997,0.023485667210414295,0.028209314532616707,0.16720997323799563,0.013172544793823113,0.09364481301115807,True
182,0.09847031837896501,0.10808053616576636,0.04519161505314008,0.25248051990040116,0.06871904425338782,0.13962998215030242,0.028104705880835478,0.17433182358890578,0.02199625875388921,0.06299519587440662,True
183,0.2278161021890098,0.005690669916481559,0.33671809380435397,0.02650599164933822,0.05021636885850149,0.09538110723118073,0.03790133445148112,0.0478765919610679,0.15280958976072975,0.01908415017785544,True
184,0.22238732921476884,0.10240240702745192,0.15548406803887807,0.15829669207326677,0.01796796821411599,0.08146036670652261,0.1616798565649551,0.027311579346597063,0.03306645540576027,0.03994327740768337,True
185,0.03500016468381444,0.19631431845782935,0.06078353812959183,0.02931546970085335,0.12016637895113573,0.11707580819845867,0.3589602570744447,0.030727629423678897,0.02472302711580131,0.0269334082643916,True
186,0.04226856425748433,0.008385481927122875,0.15144399725809662,0.017555036853769287,0.2433875502739431,0.07429077538956289,0.04224242915796268,0.041755227203696434,0.24751640793110122,0.13115452974726066,True
187,0.09471534955299578,0.08734820903969914,0.0349328770199784,0.3180876122266745,0.029083751624816273,0.024477929194501997,0.17545077921755772,0.09210166868382971,0.03154643714037461,0.11225538629957185,True
188,0.19142553782908434,0.03446903361955254,0.028123232338307793,0.07646920357675874,0.19116968501595272,0.11157875169593472,0.1098071708602948,0.10731056510669079,0.08024659506905209,0.06940022488837148,True
