ID,strat_res0,strat_res1,strat_res2,strat_res3,strat_res4,strat_res5,strat_res6,strat_res7,strat_res8,strat_res9,alive_at_end
0,0.0027474808692244195,0.03713574999726835,0.0153069780701185,0.19578615957100703,0.07413166422522154,0.18250734330992555,0.27984056980430233,0.13919003865446222,0.04769837182287565,0.02565564367559446,True
1,0.03085305248359801,0.056773048953307675,0.30797986942582634,0.0829287335977792,0.059597847368988724,0.00046927025207221226,0.0599086507840646,0.19849651923824463,0.06536420296815175,0.1376288049279668,True
2,0.06317813331882062,0.04770397912489611,0.13098851573018225,0.08748047705554017,0.06181303229087536,0.07111408282307627,0.07659779096604634,0.21866335752456884,0.09075873465612984,0.15170189650986424,True
3,0.11339446450747966,0.1634054032256262,0.059945277295722355,0.04657106484298129,0.10076890097993912,0.0027829923821944,0.25877671462670354,0.15661121803448075,0.03613747410015555,0.06160649000471702,True
4,0.3404113526359282,0.0036813400743368595,0.08787790326921566,0.003728535721492884,0.050348321364569015,0.23585700147936672,0.04613630812350727,0.0042432612764724195,0.041148852693249645,0.18656712336186132,True
5,0.0012079714622263988,0.1486018347430526,0.02209787185285868,0.01599200079423062,0.2317192759732271,0.10844938609100035,0.32816388844220185,0.007546739973860366,0.056535473921051,0.079685556746291,True
6,0.001807664273034022,0.017258886407282036,0.0911436788869793,0.21406005044772367,0.015514315101176922,0.2160422491957577,0.012416847707419998,0.08379285140021576,0.0038728007926449085,0.34409065578776565,True
7,0.07756272295149118,0.06388375614958464,0.10061407864085868,0.14376903452114984,0.018283255608234742,0.03340602313574928,0.2592271386022631,0.19641163935823627,0.08172060763950277,0.02512174339292949,True
8,0.19383670507580636,0.007111885822160401,0.052018885418909894,0.38413516589081925,0.0001573822058419276,0.1390916697003998,0.08262240786608634,0.036709276965037854,0.06134194292139694,0.04297467813354112,True
9,0.07692495285680444,0.017382596587830534,0.09950769331456047,0.06537844826156394,0.2011069972888639,0.10349402380563115,0.11928298229823821,0.02331414174683825,0.08207075378458875,0.21153741005508042,True
10,0.06864300591508127,0.016489942030559274,0.20840120199529877,0.04884361429965898,0.1311752133240273,0.07904325560515481,0.09850172013653925,0.18760020514588793,0.12502467965950972,0.03627716188828259,True
11,0.06102633753306882,0.14149968129804966,0.06216823715767649,0.04809462085411428,0.04457275646752216,0.020097365873708962,0.3338791624331562,0.0509026688902157,0.1590411580620275,0.07871801143046016,True
12,0.032600876292387365,0.024555452899717466,0.21014659346558612,0.2215778757912474,0.010274288675021379,0.06503459009891173,0.21623439160074723,0.006826338070041294,0.18128873175684967,0.03146086134949046,True
13,0.1510263365368071,0.1458944108613129,0.04403990442285221,1.2220481556184028e-05,0.006290767947585668,0.2628792633462849,0.19434590170732022,0.041178871769022525,0.037132319310962975,0.11720000361629535,True
14,0.057344418255564904,0.2593968924767268,0.04710039572657342,0.025664637654920257,0.0312423229344929,0.04066655933666737,0.03952867069830725,0.08768975282306844,0.18918973246244863,0.22217661763122998,True
15,0.19537713733297107,0.009806541916876072,0.08342825020176045,0.1702355443214868,0.012485570967068097,0.1893123292689052,0.012063937333836799,0.06474185619501213,0.15683320261803643,0.10571562984404693,True
16,0.24392481792028373,0.08533681862435823,0.17891819661168382,0.011799305033372232,0.04878417345042425,0.13612513667812864,0.030554826054900106,0.012992437429394245,0.204179392225683,0.047384895971771916,True
17,0.07617182114654057,0.04044650132082399,0.030729491172404137,0.06485135588837056,0.23950706930779486,0.012022653347097378,0.16060030200738493,0.09796082819501689,0.14951991334125214,0.12819006427331447,True
18,0.014638478804184235,0.1734551587882768,0.056712327968635526,0.038135503914916095,0.0751517118020926,0.014152806942934547,0.010611890085395634,0.34451110355881187,0.07505722731367052,0.19757379082108223,True
19,0.008396192854195824,0.013513708996228809,0.004643261070345352,0.3219650673908003,0.225580238036309,0.0768583840516163,0.1918787795786266,0.035747376599779744,0.07555326325697934,0.04586372816511866,True
20,0.13265380332465215,0.1352512684040689,0.06852518024779539,0.020748415468831338,0.07084278637272595,0.12296712588148093,0.05068557886338746,0.051259558442243676,0.2684326154564031,0.07863366753841115,True
21,0.024750155842276862,0.011636940112109286,0.13804094505355394,0.05829861080556605,0.04773973378641658,0.08299869743503398,0.016669609003613847,0.13979517116584078,0.2520286679378266,0.22804146885776194,True
22,0.05680040685951364,0.25673343886820577,0.0015641312459412856,0.28444981525850266,0.08728732798378318,0.17426771006954592,0.06863671772501202,0.0012978569332550542,0.05834673658139942,0.01061585847484091,True
23,0.07168995695097316,0.09466069534363815,0.009908661485225923,0.1285158397903939,0.07436548040874294,0.07766866332113265,0.03575262172066233,0.21476058999141556,0.20755193741100614,0.08512555357680915,True
24,0.13828852874477207,0.14050156029029115,0.0324543691050313,0.2117015099198523,0.05039966837214532,0.08686081111435107,0.03389253486391554,0.07444736688356572,0.05461596313737891,0.17683768756869672,True
25,0.0018384944113348715,0.054719980278087714,0.00732521485383794,0.08343163862575455,0.0856157825979817,0.11907538587414958,0.11343519484761896,0.1592068945564523,0.007607250775854203,0.3677441631789283,True
26,0.13710026566054195,0.12775661856040618,0.2641190028217251,0.06656940824769297,0.02682666939156921,0.10783024001920048,0.059173447810771426,0.07915327605674356,0.09517935346162894,0.03629171796972026,True
27,0.20101936778622875,0.19708369419504188,0.08886669356902631,0.04956046421123742,0.18515246470599606,0.023670496742700612,0.0236006764171656,0.1384965615648085,0.06820961683753213,0.02433996397026276,True
28,0.13998631080253338,0.060047842495131086,0.015686887847560886,0.13192677439366718,0.02160454736875934,0.05972653301132132,0.07931383754925969,0.1576114640542564,0.04275611266527499,0.2913396898122358,True
29,0.27899481373290486,0.1531106223674894,0.11496331464967278,0.0585957942642716,0.1359934428473162,0.013982759521041345,0.025918237940987073,0.05587429576475592,0.1476705888511582,0.01489613006040245,True
30,0.10978396409854581,0.03742183896770584,0.16122352703521953,0.0847123944530463,0.02162941352695132,0.08337034231887491,0.030408507944349225,0.17963655388792657,0.21267441737642107,0.0791390403909593,True
31,0.019865835876846632,0.3074425624277144,0.2495175188291178,0.024757200600811012,0.0675723425178841,0.04960436527504815,0.05920744908865832,0.05137930714950469,0.11451284111130008,0.056140577123114675,True
32,0.017986876979038377,0.004109371343529249,0.058242286160547906,0.11034410280257756,0.06384543252689337,0.16854692800566148,0.0613251300810182,0.1033151272471398,0.32955098386238874,0.08273376099120544,True
33,0.0006019360392786657,0.25973277547085233,0.04982369116910992,0.10438986108554262,0.12824703578627486,0.02349225292037465,0.37446458979349745,0.003311697769975777,0.037431137967915806,0.01850502199717788,True
34,0.30177294334208526,0.03734154602734852,0.0040346390615210075,0.04534731367379391,0.28122701394665955,0.0019030878824695147,0.11281226604788312,0.12155298314405188,0.09382757289391296,0.00018063398027436643,True
35,0.10784077801949622,0.04876236827332901,0.12680918839667682,0.09163881577640949,0.15806599602434215,0.12076984793100982,0.06703553639130268,0.08148805811620648,0.18325286064494006,0.014336550426287337,True
36,0.058472854851984495,0.3150443044820063,0.022202295905134305,0.10628366238801568,0.036617989741689054,0.17087110026323446,0.14207061719370942,0.02559243561192486,0.04505055688966274,0.07779418267263875,True
37,0.0636774507532471,0.059439380799608615,0.2635538972680204,0.11623992966462283,0.0784924345182786,0.04822872825689966,0.05871353482894594,0.2055689538281644,0.008213614886629632,0.09787207519558272,True
38,0.011517206222719949,0.17999432497316026,0.01377604383329104,0.24964129628781473,0.13846489994536262,0.16557659772818173,0.015273860747828431,0.02847747130993202,0.1691119862666056,0.028166312685103615,True
39,0.03038846754787674,0.10814830626275669,0.1536647481621796,0.09800340387987756,0.06102176570235087,0.0535436998537894,0.30677474361106893,0.04354976486062184,0.07296333068835349,0.07194176943112483,True
40,0.05774029075861868,0.07344374427148628,0.047945460823521975,0.05477335570935412,0.08723780042561344,0.029789030505376964,0.3536684994168106,0.003975111709816093,0.05529889245122003,0.23612781392818183,True
41,0.0273355530431702,0.2904639069555564,0.019312542220026242,0.02736276425673834,0.017718027183798564,0.03469143529664085,0.19849603324982976,0.1579411023268908,0.03816187481302476,0.1885167606543242,True
42,0.050529295273805654,0.022889806971442037,0.13070550549313348,0.17375640576637444,0.04637587313019588,0.12171056365566756,0.40034407242939857,0.018072530858961513,0.023314996904223485,0.012300949516797494,True
43,0.2946149280488255,0.04299212432313626,0.14073757572985618,0.10407382449577592,0.09152660130878257,0.008079150548171966,0.1513747240884553,0.018663258121942725,0.11075704517224486,0.037180768162808846,True
44,0.002065180741016904,0.06386838982223454,0.1189837150182469,0.12830321213245754,0.34301395608312424,0.28211810005727556,0.023947158787931633,0.029159025586154345,0.006204741136636077,0.0023365206349221608,True
45,0.00585887356588753,0.048016182524704,0.06275332137222811,0.3111176973925294,0.1168493462423757,0.07982368871418354,0.1431936218564544,0.11199037296541749,0.003274138627685222,0.11712275673853466,True
46,0.11801011422125945,0.12256918213889169,0.09099715486047687,0.03523726480686464,0.19851673408844467,0.264552415673066,0.1351606465132407,0.0021035070534608973,0.02750157247863183,0.005351408165663338,True
47,0.020987900023291293,0.15184313896911925,0.19033979897049766,0.06777592754560302,0.19649721038807222,0.12937881850185792,0.06704060747059949,0.048657479829906855,0.1255441286145082,0.0019349896865441163,True
48,0.14076850676757613,0.08153890872589198,0.029580581989254246,0.14041668846472974,0.09747473202528774,0.046658944507784204,0.05642217736916943,0.22922965176406213,0.11638716792237123,0.06152264046387325,True
49,0.023320358969353538,0.10761372390702215,0.09094220459661399,0.0908259276328222,0.4727451544251121,0.10270738372179111,0.013764142306309804,0.07245215091340297,0.007392299844744291,0.018236653682828,True
50,0.04501719449928198,0.016547899734169216,0.07080431757612386,0.2669682358289348,0.16419575963486568,0.07110150832516907,0.0780433943302144,0.05266168852220575,0.17962566507398417,0.055034336475050995,True
51,0.48965121418543256,0.005143704444021454,0.009412458601127209,0.03356440777927075,0.0056981267967994315,0.015516358191283915,0.0172328493988609,0.2309231562224121,0.14294635132820965,0.049911373052581864,True
52,0.2221105741059744,0.04098799710175455,0.15784707741859813,0.032369956869064416,0.07303679433391796,0.007623632594693282,0.048327180516116945,0.07128809290091873,0.027713997813775804,0.3186946963451858,True
53,0.00011116582036134141,0.2705184903026884,0.07824425381049928,0.07874970309876804,0.2944317947394834,0.06599502451808835,0.04755295887877742,0.12114684476896027,0.01146668073241735,0.031783083329956135,True
54,0.12611798853442419,0.011655189836507457,0.01921675553811464,0.09350807098864308,0.21037555372549527,0.010872003763001743,0.20270681140295937,0.002454740386009909,0.30349767643560766,0.019595209389236652,True
55,0.1305969420339645,0.19131106475450163,0.08845560906032889,0.011727274866880098,0.01393174718298881,0.1542653074435941,0.15264659794351335,0.024034123592909514,0.13440408176844487,0.09862725135287417,True
56,0.01516476298540193,0.0011516277639068897,0.044989139241734845,0.23631180248753814,0.008715619202971432,0.08353781246539475,0.12876828020368286,0.029419501249943934,0.32998803037975294,0.12195342401967221,True
57,0.006120607912739426,0.013378969894508168,0.11850602095227519,0.035943975545302445,0.024308651656260036,0.10493295934539348,0.11448058593368973,0.1999741144384899,0.2874108290884554,0.09494328523288634,True
58,0.051526935519987674,0.12895842396743745,0.007268969913437957,0.21740187151926157,0.15358049101070337,0.1032091281445063,0.11344596547686538,0.04733458062554525,0.04161981166786525,0.1356538221543898,True
59,0.11604265677797466,0.12041802905338829,0.0033406866125296236,0.1346153494267526,0.11174964179300255,0.09895597069260205,0.14607603950887788,0.08023616394061299,0.14697546856664837,0.04158999362761105,True
60,0.05235659011145668,0.03388695985226684,0.19849304234027698,0.04528884703742238,0.019359636635744092,0.10001687549321654,0.31236246807254847,0.07333486319267064,0.04604623121233799,0.11885448605205932,True
61,0.09272577401257007,0.014159134128589802,0.03249577822690125,0.20840891592201793,0.01503178853108746,0.12030561306363924,0.00728213049477093,0.2382755968540088,0.1818240036800644,0.08949126508635012,True
62,0.11218697574813816,0.03504374002296523,0.16121429659082845,0.04392470518327119,0.1178749660365938,0.1436709461670998,0.15960645713237445,0.11829645024148064,0.08734381250271325,0.020837650374535048,True
63,0.008600328759282874,0.09246844721178267,0.2723722008511692,0.18219945903850288,0.08027556378914832,0.127126683567889,0.009162024713375311,0.037534735283143175,0.1890119970223795,0.0012485597633269748,True
64,0.10386642024836003,0.023109908774403207,0.1790009965183598,0.046626649740055794,0.15332517081577304,4.523718770689784e-05,0.21963493082963173,0.13096678821155644,0.12594615568393108,0.017477741990221916,True
65,0.15858613124715792,0.019660502854928662,0.03261250281799051,0.01488482139050899,0.049232775083671854,0.028673825455361568,0.11321577761646291,0.24003631879285378,0.29015551600934436,0.052941828731719515,True
66,0.14994139404677825,0.011021340058399984,0.21233591504987293,0.043641695469368504,0.025764204312631798,0.002508074705752401,0.31927411576407067,0.02470019708950298,0.20295815253964936,0.007854910963972953,True
67,0.08494613586589822,0.054768772178753776,0.06452383623274384,0.060698760113898666,0.04924736848687294,0.004263206840503822,0.02528027888061443,0.22579615532429642,0.29499509792217765,0.13548038815424027,True
68,0.05743255367868906,0.05066004090015541,0.12345652805655781,0.010805423482331803,0.11310804856810046,0.1468143693650598,0.12251887465685672,0.11966098693084766,0.03280168630496928,0.222741488056432,True
69,0.10988485320956182,0.09849361390597852,0.03510922959012775,0.17864189908424094,0.05238794934419796,0.014853830300715376,0.046616312029642816,0.2271514734787464,0.22632836726923525,0.010532471787553089,True
70,0.11731727038111564,0.3421566499485391,0.05415400802448548,0.03868027850700751,0.010720391558775348,0.18720534633384942,0.015446757795507615,0.11482892023685391,0.06760258717140438,0.051887790042461565,True
71,0.15963926310014467,0.08406590642007819,0.36724523884021854,0.07554585057330493,0.056360852241610644,0.08516148973605453,0.11584999026786401,0.01624406471213174,0.021885801200982314,0.018001542907610316,True
72,0.03896906635679251,0.16636751883598805,0.19262769319582917,0.04122795820658898,0.18002831773855757,0.02431487085505414,0.1435756324210303,0.12161593698419346,0.079828896506529,0.011444108899436827,True
73,0.1103431714903512,0.09120918665081916,0.10466124026200908,0.03344164065428114,0.2554920874356444,0.07242870093528743,0.023828587251815674,0.0709078950370862,0.22040075378187515,0.017286736500830586,True
74,0.24407202187504565,0.012834082139293964,0.024702322808733093,0.046476050228292015,0.114865960990624,0.014951263327987551,0.21451974778646796,0.08714061127758037,0.0773870420348516,0.16305089753112387,True
75,0.22759597755124045,0.1205819086433211,0.03583973055672179,0.08538101909495643,0.0052749133760823285,0.13572328481326706,0.036253760591387865,0.05672031000643187,0.23576359698560637,0.06086549838098483,True
76,0.03583095838353065,0.04905089881440516,0.04109701813705209,0.21569534407231614,0.14976097066030733,0.08914648952165413,0.0395098798367921,0.11831122173306884,0.14910398209620904,0.1124932367446646,True
77,0.10718930749798791,0.18977781578794128,0.12059175866742815,0.009363055657763051,0.2612382111991928,0.006467690669818789,0.015029922756121793,0.00796394733734452,0.09878310468833924,0.1835951857380624,True
78,0.02881934118490525,0.09542633874562977,0.24291548761657628,0.16233798108742886,0.033530675797991696,0.1084997579185921,0.09314466594349638,0.10152986363451041,0.02231591371450644,0.11147997435636285,True
79,0.11276022575401588,0.013467592804285729,0.14290684669300763,0.09224851142275979,0.030111927064926092,0.021345423968381988,0.06580557714583368,0.5035037998500367,0.0020293230703937308,0.015820772226358797,True
80,0.06125746090627115,0.035617864200149923,0.038505099163195694,0.25292736225780915,0.020702632490237752,0.009132713469145706,0.11184837594098639,0.16984406220384285,0.23039640548392049,0.06976802388444096,True
81,0.029585273969759945,0.39698280144626197,0.20637995785447827,0.048559271026055895,0.02066633175909694,0.044295935938670906,0.050041633503183934,0.05489306786633065,0.12374910854225729,0.02484661809390422,True
82,0.0023373086411279886,0.0013503646109097732,0.006237397367546286,0.3029763112790486,0.2434912764539151,0.028164353427117404,0.021612992984423773,0.14506718701565333,0.03927555934959691,0.2094872488706609,True
83,0.343114668087761,0.02455330209546546,0.034936057887628845,0.0033763275316624672,0.022460303356542213,0.005182812078182696,0.05961808963365975,0.026777459879036042,0.3957221372771228,0.08425884217293868,True
84,0.01523731155786293,0.044595892548241034,0.04785114186272571,0.14475768625771712,0.19520035306684186,0.050140256770893635,0.2760963498874504,0.020832736974166627,0.06329555191977498,0.1419927191543257,True
85,0.17055733949782875,0.03493749213914734,0.24454140796901996,0.1256597902070567,0.1221883453657963,0.12907076956434155,9.831603988431639e-05,0.04417025705053579,0.0868567691337092,0.04191951303268,True
86,0.126236514617665,0.06528735598884408,0.4180616733558377,0.026232744250157553,0.12179827640396579,0.04627858389447438,0.0681030164456308,0.010504039304622032,0.062443692039167845,0.05505410369963505,True
87,0.21527760646496863,0.07651934819311057,0.08969191252574626,0.002118908084577705,0.19052335139801163,0.09302529649396547,0.10935965901398922,0.009773420576955719,0.019385902722602356,0.19432459452607245,True
88,0.3199495740013723,0.00576573051784789,0.0033217813972709277,0.05557897504152752,0.11679284735219204,0.1694592740709902,0.12603742474581855,0.05890853937131861,0.0467182676354482,0.09746758586621378,True
89,0.008424684674275219,0.0518386295650815,0.02035003225390405,0.15039608626561501,0.22942055751894636,0.3159561049811641,0.09291839198914101,0.07069881426864832,0.04087222472983798,0.019124473753386537,True
90,0.07189954673896422,0.25359525190239635,0.051217304829300724,0.03601587005008058,0.20671515532535875,0.03214200536313259,0.13394834149762555,0.04665261256881205,0.0320181940842128,0.13579571764011658,True
91,0.0893161803712698,0.02350482170473144,0.2846126945983612,0.13742995011312073,0.002984982453234049,0.2151923085914076,0.15206326428058958,0.00954585567334995,0.004135765126191413,0.08121417708774407,True
92,0.2886297966418708,0.05201717182937632,0.0067987906131619855,0.15532311777675903,0.0357446405182879,0.003097961730780766,0.011572085301136164,0.0383285032777642,0.21571673635975216,0.19277119595111075,True
93,0.18900517680766232,0.03657223891142694,0.03616780484567881,0.008669386114909739,0.06159758607260302,0.06263166049164336,0.1743842227266123,0.13430747848319297,0.22880341806080515,0.06786102748546527,True
94,0.1342609794050266,0.0017285026517608036,0.06571060060034686,0.13768968527935846,0.23694938604451582,0.024247780487310487,0.11337115993421217,0.006856585523830184,0.1692731494714091,0.10991217060222958,True
95,0.31082838719800465,0.07572531706632424,0.05352913958923174,0.0023204396017865595,0.025060423627074127,0.0703218320526482,0.30741052716468065,0.03622221250428712,0.018638351039753823,0.0999433701562088,True
96,0.005136328598403654,0.12725261754698325,0.20265995958138588,0.054141422484847865,0.1542385387173757,0.039746208147326836,0.19777029579962627,0.09619907945274121,0.02231356203368366,0.10054198763762585,True
97,0.06829411059993946,0.0794895871542752,0.04536206977606586,0.13982699267235668,0.07035076322996515,0.21160211401878656,0.0019806557031725016,0.1381569687549528,0.21866400775700506,0.0262727303334808,True
98,0.2140007045573179,0.10236758982614418,0.04656918363196596,0.03916971323450017,0.20311744017268574,0.14713720238063943,0.07111539313902505,0.021179117388504594,0.008168411480713867,0.1471752441885032,True
99,0.11949546287234383,0.02696924290500141,0.16355454129303743,0.06160055461670479,0.09972071299016862,0.27839960358234694,0.04086361915694204,0.04137672073315679,0.0869214956268307,0.0810980462234675,True
100,0.40630831814893936,0.0627180708624099,0.14147848738062788,0.08555742855767177,0.007287540594790169,0.005987301396280861,0.06580663568588423,0.14822038006631097,0.02114385878877181,0.055491978518313015,True
101,0.10468009783784374,0.055452385010549624,0.05312073202777574,0.22156792825940008,0.10240408800273966,0.13909817145681813,0.07019964200766762,0.055597242892533864,0.11105010888886285,0.08682960361580855,True
102,0.03722915958010657,0.04575044772941618,0.15561833216979823,0.04567460099304184,0.45155454168129644,0.059619662297656896,0.0629108818361706,0.08242421605487339,0.014901490048019309,0.04431666760962055,True
103,0.22524720657682096,0.11725134403155583,0.06037284532765777,0.007339489968236462,0.1012755606612473,0.017916578742281586,0.17099804575809135,0.008866223787338942,0.06722442989831395,0.22350827524845573,True
104,0.06902525949112805,0.18235200280936278,0.140663115566266,0.06971160947963796,0.007667398357236117,0.19674942404773674,0.07712596834291915,0.10066009148050416,0.006333435489299163,0.14971169493590994,True
105,0.07809559655547203,0.04873979363908416,0.01928898122101083,0.09729367968830815,0.15470430735837554,0.03776419388965123,0.040486529676104006,0.11353708423663629,0.33167034083910085,0.07841949289625691,True
106,0.3782204303473365,0.07796570185568992,0.1640887247824372,0.15911608954561612,0.010032949681845073,0.08114460146906496,0.048954124311609164,0.02370689707640263,0.004241366419327362,0.05252911451067109,True
107,0.3371106716965283,0.06975927733488886,0.0014849752296380333,0.06350047368746672,0.07409792708991823,0.13881511046108178,0.017466209904434354,0.06559112157901925,0.18732862353516383,0.044845609481860574,True
108,0.20317184937109614,0.0553517830364869,0.12126640752207929,0.01995041521502681,0.14309967860712286,0.1573636532507233,0.16468085013310527,0.008767241710974804,0.10649633312782332,0.01985178802556121,True
109,0.12879033811859952,0.02726779469277786,0.06237702562276379,0.06672548208462044,0.10177303946598609,0.07361077794437708,0.2679265102321165,0.1589722898999421,0.10613154590911737,0.006425196029699138,True
110,0.13730538589868746,0.17978348615006345,0.06111281078981278,0.031392634542379456,0.2165453337843111,0.17560303362677454,0.09675959140884012,0.03853544833642073,0.04640045535637383,0.016561820106336517,True
111,0.018024021981299324,0.1358335242267808,0.022771319745010087,0.3368342689093347,0.0441524018194093,0.029482203093697437,0.15130134283329824,0.043750210054377736,0.06082945797592456,0.1570212493608679,True
112,0.09772835728289486,0.006574607765670218,0.18975317477453021,0.11662555072153229,0.10674259752765798,0.007540848976834821,0.021260420633371316,0.023224843026160544,0.11233446573329212,0.31821513355805553,True
113,0.006867865520753461,0.04459806768244355,0.11159309912912072,0.23214378157170024,0.14953088113225316,0.09176003525680788,0.002251978878120456,0.14778719288804806,0.030883810335674708,0.1825832876050778,True
114,0.14114997031226403,0.06003977551055786,0.20363372525119458,0.008666043804387508,0.04925912559121945,0.15216597697277484,0.06136951142677768,0.23375435525780716,0.048814835876237334,0.04114667999677949,True
115,0.04653311758367242,0.09767166325388955,0.1496537522461075,0.09320406937057375,0.01588245652499657,0.05266389642684668,0.0657158211812837,0.11592446964864501,0.3387223561477282,0.024028397616256525,True
116,0.03656916152585956,0.040542069466088855,0.14034442492326374,0.043918530727667764,0.15841508650552896,0.0004983028590728817,0.04550051853277199,0.050731194494208175,0.35322782574446365,0.1302528852210743,True
117,0.013065177261357433,0.09347636928048186,0.1722446233382858,0.019194630999297104,0.138139408757535,0.05920391722719544,0.10826180527015988,0.033040803004006934,0.3067150068566998,0.05665825800498079,True
118,0.04699495517924375,0.077231923315435,0.007779436562291373,0.25084821559901804,0.064863303846326,0.30657268765392587,0.02343651290512825,0.025121632514503316,0.02604421094502286,0.1711071214791057,True
119,0.09931202075294161,0.1560159245253828,0.045778721518507745,0.022977507563256967,0.003486195924403315,0.2590405364366388,0.10791881537554177,0.01752952293032336,0.25034742779716346,0.03759332717584027,True
120,0.12262725449192838,0.038626740370417766,0.07864072417296988,0.13205940614758582,0.02844682532783706,0.033522122281386665,0.3776408707389963,0.023798263570698804,0.14009316597795987,0.024544626920219432,True
121,0.04682390457985975,0.17837752180392386,0.0449654941810668,0.12431231765669595,0.15776773398524602,0.06431022775499204,0.17107422148142298,0.03847103829313518,0.15775720527319084,0.016140334990466652,True
122,0.17064579514918715,0.017750140012981877,0.009031882297928303,0.061779744679827144,0.10257252584524724,0.08022302197804992,0.2857751069723894,0.1194136254151999,0.13245332279764838,0.02035483485154075,True
123,0.205081073795169,0.045755206790170075,0.020595609108564436,0.1526906269390159,0.052795970988323344,0.12885078437403535,0.2304920574820611,0.08464079676733309,0.028350026886307354,0.05074784686902053,True
124,0.01821652898827363,0.11041894086897865,0.1884400465421006,0.041607206769718234,0.0710372166509901,0.019531953123841136,0.40468987533303913,0.04505354223891948,0.03405954841469409,0.06694514106944503,True
125,0.05142581737614736,0.015851322451474432,0.07126523060918219,0.03779926609473641,0.0004492366192744628,0.014660580773159277,0.3752992536470856,0.14860858518008865,0.046792027557371434,0.23784867969148019,True
126,0.07628244524659214,0.06537036911756959,0.043932978441233485,0.04002955492910178,0.3627861256014937,0.02925904884263148,0.10458035416363021,0.004443464328474989,0.21219293577188442,0.06112272355738818,True
127,0.17938107675641715,0.04245804216229044,0.09052822212818512,0.113083907527686,0.05860953369527367,0.03709706706452085,0.08555461021862064,0.14819115718964476,0.008767095996929427,0.2363292872604319,True
128,0.0018977202685939059,0.012327341493003775,0.011801068059419793,0.3967577228687119,0.058940277380979025,0.058167258048644206,0.10174738307168321,0.13109304970135527,0.18800599316344677,0.03926218594416204,True
129,0.1480049533618492,0.0037594364150854934,0.0029185400709710934,0.10672003743333405,0.3059030701869099,0.06745891362043625,0.11534530143856625,0.06009552513858574,0.09575321168111983,0.0940410106531421,True
130,0.006915083131234211,0.06735459560634581,0.19018417380537644,0.07770016580006009,0.06828025120668024,0.025366114624749973,0.44807116318558715,0.02763553788936262,0.0477645820702214,0.0407283326803822,True
131,0.03078218348073272,0.21703232312509066,0.043862887405520426,0.009922445459997105,0.23237861237694735,0.05007923853588941,0.04369011574676023,0.07822871764622913,0.21611123173541483,0.07791224448741815,True
132,0.02929380237432846,0.2545424715907654,0.10267943297133836,0.09403325603969774,0.06905807028070007,0.13449078667355258,0.15502494214618162,0.02718338578030914,0.006014200926877361,0.12767965121624927,True
133,0.0652906920983585,0.1640456170249546,0.07410102514927182,0.08853754356069413,0.023041261782806084,0.18107093626039758,0.15542449945545947,0.13454016801682997,0.10575159867445164,0.008196657976776068,True
134,0.34034560532474895,0.0020696192851513435,0.04091954938234395,0.0037702436677639673,0.06074623158847078,0.0008386857116748206,0.00418120295523814,0.07755809146342106,0.2245331223446162,0.24503764827657082,True
135,0.1362149384310444,0.0204281983629865,0.028973587767817114,0.2387300458791404,0.0288535643464423,0.013150085229130215,0.10679805427341764,0.14588483524038046,0.07926978043529338,0.20169691003434745,True
136,0.237133461819663,0.07617980448951395,0.05517246162684614,0.06055009561805853,0.1846242179931618,0.026910442308389477,0.04750124029298437,0.08787462209421633,0.019285619702013538,0.20476803405515281,True
137,0.0872177868243059,0.07255584009811654,0.06792996357339533,0.2027898356526662,0.13483132100614048,0.045341687011755186,0.02257905817728961,0.29779908698079877,0.06835965472302706,0.0005957659525048174,True
138,0.12705147348499324,0.054598986484394804,0.29695480664236495,0.36954333760581837,0.004578806951324308,0.10401480760446864,0.006607708510009294,0.006238744226491915,0.009421090723711733,0.02099023776642278,True
139,0.19841526773802926,0.15102230142629114,0.049547623824093744,0.006806588194255836,0.02541141235959615,0.004826529523872222,0.013843804874477658,0.06348861758672177,0.07254774165043272,0.41409011282222946,True
140,0.3190189802957942,0.03948247904712392,0.07639270141055322,0.22415768128260574,0.031137888678037216,0.02277762757711517,0.02309510617866412,0.1958851733762326,0.0408726518272911,0.027179710326582594,True
141,0.15301983739409758,0.058821482447858904,0.07371282287109213,0.12019865862928228,0.06125062957464296,0.07344558064493079,0.1500337927297501,0.16009282393900948,0.0019759145063572344,0.1474484572629786,True
142,0.26389441214162546,0.02903473925024306,0.010573420045473837,0.2116123105229676,0.034862544266347065,0.010550077791624346,0.028179803164356882,0.06495823911454886,0.19954662978865412,0.1467878239141588,True
143,0.41049113794448233,0.04677721423716906,0.09658626091267351,0.02982415956682035,0.004035487146492968,0.059251111980494146,0.1019700223327683,0.14053218810850177,0.09651751903909521,0.014014898731502374,True
144,0.044317053799067134,0.010578177336329321,0.04078979037278337,0.29174080214061776,0.042099357544650814,0.019053098655553977,0.07652491674675344,0.25509188986620746,0.1785217452520252,0.04128316828601152,True
145,0.07680836316391516,0.14992742499954273,0.11205952597037205,0.029446195111802777,0.030668744002777786,0.010974934755249258,0.022761000175939763,0.37659904266518496,0.04922449208472774,0.14153027707048782,True
146,0.12346470978937904,0.03758640180529979,0.13011565760180321,0.14271451314461417,0.08660597036814509,0.10555233150370405,0.04741540448198622,0.0336189052009122,0.2776529037740508,0.01527320233010533,True
147,0.021273540733317196,0.08221195133210679,0.11180455211800767,0.13434078398626922,0.11153059181153908,0.14143132593894933,0.08591383041191109,0.18354040714877642,0.10003079617793986,0.02792222034118327,True
148,0.02988771658671509,0.05062838042920501,0.22742929044946197,0.014850505747723333,0.18596832257674514,0.04433463256225915,0.2878454953926945,0.03311902840692911,0.05782673441370595,0.06810989343456074,True
149,0.21749988181140334,0.040930170334626675,0.08242679319610158,0.05398352308189124,0.013447144192944247,0.014313109319726113,0.0374004855114485,0.2359263613176084,0.29309292566486306,0.01097960556938688,True
150,0.0719744859449013,0.08497434186962854,0.040841188675475704,0.07008483872503009,0.010959438729390184,0.24745393704937177,0.12499956623760461,0.18155926548921927,0.10270252911200749,0.06445040816737103,True
151,0.061914174933611135,0.024913689679397867,0.07542024759610987,0.29983134539542505,0.06462510433415164,0.27092212320031867,0.11125666676395185,0.037388198029768484,0.017928699531642604,0.035799750535622885,True
152,0.19016421651987905,0.04297174909745961,0.02195629479348156,0.05083559768991795,0.03371056080092726,0.2656443540158739,0.17257716206810048,0.08642057039830933,0.1271203562251491,0.008599138390901831,True
153,0.11378505208720001,0.1673410521678975,0.01737508856693679,0.3824003257114824,0.07501835441195374,0.02883715257476423,0.08743750553118182,0.019611326348431213,0.022075628030938512,0.0861185145692139,True
154,0.13899791385327712,0.09653285579665312,0.0021342792057667415,0.18530344594893863,0.06667329484950364,0.17813660174605506,0.26547974327674745,0.03208722296980494,0.031333709754399905,0.003320932598853483,True
155,0.026993411670454392,0.004032694131798288,0.004930343219986035,0.04592079778213593,0.3029932219437055,0.043486222671923314,0.2367241040491747,0.20209879648897658,0.033206916489994354,0.09961349155185087,True
156,0.09456378698613023,0.035106016227017096,0.011203606848561616,0.04748031167855323,0.018099824945855214,0.1671297547150086,0.22830979400391122,0.06660182655312283,0.12814945443133732,0.2033556236105026,True
157,0.04553081527265805,0.21872049657274947,0.13233119388533293,0.10293324024386674,0.02893687993901539,0.047332567284629104,0.04402884887560823,0.1726395401791437,0.2041654242439037,0.00338099350309268,True
158,0.011863717500111818,0.22105661511731264,0.10285320458929745,0.2948415298221208,0.05999284709062535,0.0538203327243364,0.0043766331230076444,0.0897519446228861,0.11424190328367549,0.04720127212662638,True
159,0.041342056548866385,0.10139520907135878,0.051780848859261465,0.09798069830503134,0.2864228465109617,0.039794975382975835,0.014348229690982657,0.30916525877855217,0.032120237066537466,0.02564963978547224,True
160,0.14789288049948748,0.006151342125401581,0.022839018450927822,0.03591720807003208,0.05137873306841403,0.1692584477888077,0.008976854447653655,0.17637711799194716,0.37510582696717565,0.006102570590152892,True
161,0.0061906157669436145,0.09150375183183135,0.2579419843754215,0.16686595712173719,0.09857261061068423,0.06798813923999793,0.1788240442704773,0.04521159299205837,0.03703805069007281,0.04986325310077579,True
162,0.1937978644321197,0.07072738165636008,0.05398869883732263,0.10239803847827941,0.04935011868375245,0.025950736000750232,0.15759309658564966,0.0035660239084247328,0.2021075655276266,0.14052047588971472,True
163,0.009408774540016422,0.004924092029724632,0.04552775125917776,0.36384578066888684,0.05226451895698584,0.0643714106131305,0.02717347870394272,0.11702809569143287,0.2548012420461656,0.06065485549053678,True
164,0.015634702449022382,0.026188579272914642,0.021255246825751844,0.0864274376325352,0.03795670712827846,0.3880481423270477,0.1003039407285576,0.048006671787077626,0.06513871356926623,0.21103985827954833,True
165,0.1506045203889984,0.25956347619951986,0.013265236947277409,0.02294440658323909,0.03128760594574412,0.20297210622016887,0.2212418857216103,0.018323551438150364,0.004846528033775902,0.07495068252151577,True
166,0.09812004238504161,0.05483655427730153,0.23592071360099548,0.026270471615889104,0.023738627297263577,0.18857190065086146,0.0018496593294790493,0.1324136119255005,0.09625317310263776,0.14202524581503,True
167,0.0013041943533470216,0.05637206843310858,0.2733545628855034,0.10345216901085046,0.26119683004280014,0.04121749220291403,0.029773555703708345,0.024139822381680644,0.023603112824336945,0.18558619216175043,True
168,0.359917362276497,0.06237344917175341,0.0031921089566200956,0.1088282357119529,0.005999131181731656,0.1571829021308774,0.09141224117727963,0.010324258681390018,0.19971502078210052,0.0010552899297974535,True
169,0.05208076338449626,0.24730523395576218,0.40202469624594284,0.12560253860392714,0.04308033578413858,0.011391996222838856,0.014316545240876668,0.019741925229373163,0.005810083361430141,0.0786458819712142,True
170,0.03626900455287553,0.05947250972599563,0.35582827437381004,0.04287283110918255,0.2815111237446259,0.09256256886931677,0.010129711167006169,0.05180517678308641,0.002273006998918923,0.06727579267518212,True
171,0.18401760997614486,0.2800480641946966,0.08685081687227567,0.023587330078090385,0.03316570982828229,0.014326249337935476,0.1733943794854343,0.045482956942074645,0.1546697350779801,0.004457148207085626,True
172,0.06549418831492003,0.05308301144998649,0.06934435765779198,0.03324821914077171,0.1332410663934478,0.20785453119824682,0.067554189411461,0.06510521524402088,0.05265492179099085,0.2524202993983626,True
173,0.07625927248515911,0.04524408282118562,0.0065768969009926065,0.007942872499813656,0.11175648186298615,0.1352974606315985,0.18717773835322846,0.06250034358989907,0.31448221930221,0.05276263155292683,True
174,0.10464520266426341,0.025139386507383614,0.024468888096291982,0.014089770611984796,0.09044702181699887,0.00893321303326838,0.27933638460282917,0.1329715663077883,0.10112325403761079,0.21884531232158086,True
175,0.01745984862217968,0.005128200923573809,0.06607711819822103,0.00014333062649287925,0.2333298929130821,0.05167833812288608,0.4010770809341802,0.08475211757955414,0.0821395471216587,0.05821452495817146,True
176,0.011299746774684047,0.09761074822902466,0.0970257908474521,0.07457007863378919,0.3662059481066348,0.05368273243089119,0.019061576612211025,0.14640968595285356,0.05201070981748433,0.08212298259497508,True
177,0.007158891060395343,0.046938829309715116,0.02488364120944546,0.021756729211477928,0.11555882238192385,0.37342491643339093,0.11885929073731272,0.03815007543967442,0.12183900531371465,0.13142979890294954,True
178,0.04648630090729156,0.03669701145104574,0.2798205318438082,0.11909547019407463,0.14283625689832252,0.1104530824892559,0.0627614258342236,0.16756884974088376,0.020658233889599902,0.013622836751494241,True
179,0.05530093315396438,0.5171316303413473,0.045363128095735804,0.01328168519179839,0.11654230797520698,0.02034986831609207,0.02861256138126979,0.030753248942679078,0.09482839609381953,0.07783624050808657,True
180,0.15460315454656395,0.126719730020928,0.22717296309159057,0.17737390833612257,0.05641152475183246,0.05126778232242548,0.053332761101361446,0.05241434866232738,0.06154779235120642,0.03915603481564177,True
181,0.19819791329244144,0.005660651333351402,0.0698135965631679,0.037977915854612194,0.09574811250408967,0.1025846062405381,0.04648633494504401,0.01924133242715324,0.10931192858775898,0.3149776082518431,True
182,0.09499443439408836,0.08871758265755243,0.33152737786066366,0.008555149133940801,0.008646610057517856,0.19319742632849485,0.0138372133011586,0.09485808664140633,0.07595126995278538,0.08971484967239167,True
183,0.18496891251016967,0.06923977925157646,0.27436031815689205,0.019516144935809183,0.0026425923131501504,0.06964178712461683,0.15115128414745374,0.00296123261551084,0.2018170936289719,0.023700855315849152,True
184,0.292303567412656,0.03092177841805965,0.35605502694695906,0.047339574437946154,0.011736176726065363,0.11670270690939574,0.06865559032268759,0.025274811446548695,0.03917226055554377,0.011838506824137987,True
185,0.0012787692858225578,0.23151413972606363,0.0023290620587856498,0.06524753315746251,0.1263552558639503,0.07556523289138944,0.0497180114873142,0.21878892334915587,0.06816524713607809,0.16103782504397776,True
186,0.06970507413406586,0.07088076403247032,0.1510339376114452,0.0907862140231742,0.1232148734897778,0.12244000539910378,0.037688998477269614,0.005686585969679828,0.20409411767247518,0.12446942919053824,True
187,0.13263750252158046,0.027131606377847624,0.2248019990218364,0.24076444189356697,0.0027863303192957782,0.029004320747163217,0.06518847833003372,0.025509310386514463,0.0035348425632756994,0.24864116783888568,True
188,0.04517401096820587,0.25131540693246157,0.08446193362448959,0.08901001006550871,0.0966739359819527,0.027218837729887528,0.05160000954735472,0.18031693793092265,0.16699629534444516,0.007232621874771614,True
