ID,strat_res0,strat_res1,strat_res2,strat_res3,strat_res4,strat_res5,strat_res6,strat_res7,strat_res8,strat_res9,alive_at_end
0,0.16061882780815648,0.03539895693907914,0.01515046301849139,0.03981276408421597,0.00890658945877411,0.1731306665940001,0.09910278086809458,0.020719312576758027,0.12326315516451361,0.32389648348791655,True
1,0.033179555793446,0.15987342681915062,0.10920107583810974,0.061231427958872715,0.08184587335892161,0.06727321873077573,0.08016830024878302,0.17703687996355622,0.1082639379052765,0.12192630338310784,True
2,0.02972798073056056,0.2690585235986809,0.009765847245898176,0.15845493619759593,0.24566104241361864,0.09045726253404635,0.09353085226464909,0.0674080590149231,0.00033250154691368136,0.035602994453113726,True
3,0.030949561273643723,0.06578699899956195,0.025860828859763957,0.18156000203228426,0.26140019883666,0.09377587930752336,0.11125417263658745,0.08412239616135889,0.0005437534787625485,0.14474620841385394,True
4,0.06352245724420157,0.19401429803308398,0.0653729657472771,0.1530010901197624,0.12042459686601575,0.17000317174696997,0.00888731480774581,0.07374826999336341,0.05711264708280832,0.09391318835877156,True
5,0.09603656961375952,0.06221273325617972,0.12298240388685154,0.03744894294791347,0.048533069563266966,0.012460014138296484,0.03443383068501073,0.3750871101331864,0.036774580998855506,0.17403074477667965,True
6,0.09732895339823716,0.4231558104678108,0.06485447947854421,0.022197462130903355,0.041611898384276536,0.07958388138649136,0.004016575575851898,0.02219203562571995,0.21628758535636336,0.028771318195801407,True
7,0.21490328718687557,0.09329392735650224,0.005693838526168626,0.024002586097294182,0.2323130131859393,0.01824733693349727,0.03631158635188912,0.04092377428151643,0.06274056038577577,0.27157008969454155,True
8,0.0912373317304322,0.18243669332260176,0.08886686125082104,0.033328157649966585,0.08665599596427775,0.1031368903129088,0.10823494732862135,0.04989234366994584,0.11203330593474829,0.14417747283567633,True
9,0.052153912837435715,0.10403089442915206,0.056062183255220346,0.3249710433924391,0.06684743991979351,0.021860306983054804,0.0192118617642793,0.18093155941827194,0.0723748800934012,0.10155591790695195,True
10,0.1296061137566628,0.10355278790293493,0.29455075118717233,0.0300834765770029,0.08565962901132915,0.058127716127496544,0.001676124071355846,0.18674805572479228,0.0029356487133496154,0.10705969692790351,True
11,0.05380334100267308,0.16285905864620986,0.03177823502739111,0.012549446975321843,0.2119209013088367,0.14810439506243087,0.1137220978604026,0.12909135683750939,0.12231580175767273,0.013855365521551682,True
12,0.010074300105687013,0.012078617371468788,0.015966221411841293,0.3142555820888294,0.27293863279892844,0.003228567647597004,0.04232633338459844,0.020675469767531374,0.19588892055088547,0.11256735487263293,True
13,0.017656702991209656,0.11081791027035401,0.0202052299938878,0.3317714363854115,0.11731913797724101,0.002052753416852061,0.007071947657493771,0.1493980375680628,0.05369144964196655,0.19001539409752083,True
14,0.0189879746213841,0.12011682204100915,0.13667850612608656,0.1182691752465834,0.08385134612005334,0.25688241621593494,0.02233812086446924,0.08228429757771559,0.09497584613752877,0.06561549504923506,True
15,0.021110271676473384,0.2982289564552556,0.004909659881779866,0.4348563320420317,0.0018531973993082972,0.002611188823777201,0.13461902121903963,0.004026440524881779,0.055390787660350535,0.04239414431710197,True
16,0.03182349643784657,0.07023654404378601,0.04255139528198721,0.09706335354796707,0.3655258950476623,0.12182541675376116,0.0813103385933981,0.13846681195299007,0.04741311471440995,0.003783633626191577,True
17,0.07842207676901501,0.261281243261746,0.010020456798448107,0.052817622374722116,0.03132688497198012,0.1778918493739889,0.05558191661744692,0.06718445613514874,0.020201097985349678,0.24527239571215445,True
18,0.04678529904674928,0.10090778272082643,0.16326784617974407,0.24798362181432348,0.01940985007227154,0.20891624156143312,0.06881564228890322,0.08166726241490344,0.029691843278714648,0.032554610622130845,True
19,0.007695177435501291,0.04891386049439071,0.1131156071342705,0.16660121015038115,0.08739628594092867,0.209705652156781,0.0015546108089339792,0.20438591769788553,0.14334920509113888,0.017282473089788225,True
20,0.06648639249863617,0.06724839925676163,0.021435459232754993,0.0696445338710951,0.044354122519586245,0.03026935025131138,0.45524910920834627,0.1723414667370309,0.07246810164184327,0.0005030647826340117,True
21,0.014690713333921553,0.1122342056648192,0.15092299989120442,0.06326537752634537,0.10564875840797576,0.024095237948707177,0.14001372794219755,0.2840303267912528,0.05928113127540765,0.04581752121816842,True
22,0.00277270934165872,0.3010594628623171,0.05860500411437255,0.06519449213415038,0.10827062391046574,0.2751078560618921,0.02862289251506134,0.06263205693532756,0.050281710039810225,0.04745319208494421,True
23,0.0754310970531098,0.4372639619841368,0.018129212988309433,0.07823642852212208,0.10601938717632077,0.1689821022825552,0.05088788257545329,0.030923905801481865,0.006943807724810355,0.027182213891700543,True
24,0.02349382181654444,0.25511607625374255,0.22252649162899157,0.0521597314970613,0.0263047223021758,0.036509401764628614,0.09365567271754523,0.022373353005711374,0.2586490726257146,0.009211656387884461,True
25,0.015233066708370102,0.03732566685936757,0.07108041586022204,0.17871170426126878,0.08379356639093366,0.04876244713463486,0.21131203805535176,0.27119429278993745,0.009352250364080177,0.0732345515758335,True
26,0.0035988260729611266,0.16501349720635902,0.14001567157155834,0.048740301046733325,0.028677708157730436,0.02584967010997409,0.28792530181253323,0.15100384427824406,0.13886234731764813,0.010312832426258042,True
27,0.12392914383427943,0.08620769682053506,0.03169897606003798,0.01619158807529168,0.15836266529294854,0.09698907337658974,0.012175347581319005,0.05409846229448534,0.39488606587968444,0.025460980784828835,True
28,0.12944494775831483,0.02692688106771306,0.0467922188048958,0.07145747059284648,0.19475270562085142,0.23574850947931653,0.24126904040275773,0.0132516467866087,0.011038281857959758,0.029318297628735786,True
29,0.17751254700036162,0.1366787907750486,0.018026447407232,0.23815084499610403,0.00430115704037881,0.12180555800330689,0.008207472931143413,0.08335319245582226,0.10877305093055921,0.10319093846004311,True
30,0.05492949221174606,0.0844018388287797,0.06227847902154226,0.08782616912504734,0.046602993945965586,0.12946331351431228,0.08378595736563625,0.27802531400576347,0.06923208842000507,0.10345435356120185,True
31,0.08307217013018706,0.0918012576570182,0.2149597737301347,0.04153379863108587,0.24295952452825678,0.021349680615076153,0.07098154966533438,0.0873777812597194,0.11100453038883663,0.03495993339435083,True
32,0.12058916886018078,0.04156094218208958,0.10311290772585767,0.007959454859752604,0.011872451995294346,0.38341733049071186,0.15176362836238072,0.040281583381399734,0.02667830316027685,0.11276422898205576,True
33,0.006614589750214412,0.20789744711368677,0.13367746867666128,0.10693255686780624,0.19931067196615448,0.05164328101677634,0.16604900152949903,0.032501284132875424,0.08756492703272623,0.007808771913599762,True
34,0.17302694182669048,0.100482330706351,0.2942541797960926,0.013204596081165454,0.004196110820824119,0.01041570873730582,0.00052558862587478,0.14167046796319177,0.1115976458776429,0.15062642956486122,True
35,0.023783351488497022,0.003766952839511938,0.4400737425401261,0.1903701117908363,0.0063045529440283535,0.02510517144425535,0.025484974212643015,0.035948464776446844,0.22498797673329557,0.024174701230359395,True
36,0.08316166622828157,0.0719941962000713,0.3209125207631276,0.03741358357960357,0.009870263524924029,0.18578685959625538,0.18121099633516086,0.04288509236705108,0.014444358978891056,0.052320462426633685,True
37,0.030057373709367983,0.20727846495806296,0.06959225970740683,0.27668806168618976,0.012177706313508375,0.06729632018457297,0.2353107917037919,0.006389095390970805,0.03477419920421273,0.0604357271419157,True
38,0.10542710055262229,0.01861665637620315,0.025511112609193306,0.003204609663010325,0.33073639444816166,0.031051115575805418,0.039596789809247794,0.08684863139249628,0.26701130450673477,0.09199628506652503,True
39,0.09497856056449991,0.04052121259272561,0.0349434379086988,0.04199227684000916,0.20086132359389924,0.021365641928077474,0.19135519900040962,0.06366922807079718,0.19416288835883866,0.11615023114204426,True
40,0.2924451135208274,0.012712211943890267,0.01359531114337071,0.09765449801464156,0.200519761668631,0.11957221499375241,0.07772373614109943,0.13661188252644615,0.003978333689764628,0.045186936357576535,True
41,0.000892736149758713,0.01444619066430577,0.25715548129774224,0.01273548179644983,0.14302883569108982,0.07520126673119805,0.07320727887018837,0.032701574895367076,0.21626102727969515,0.17437012662420484,True
42,0.08678737053089776,0.011920052546332698,0.05454405790532849,0.09430281632756006,0.08139652059745742,0.012923672021125718,0.1750369359402946,0.11883852654477822,0.3164462824877199,0.04780376509850518,True
43,0.016167101870281142,0.07058515136567192,0.068650327517165,0.08070902393783477,0.06368654307836723,0.031416476109068135,0.02011465419734629,0.4396679486238744,0.0016909290716971804,0.20731184422869395,True
44,0.34640847508208544,0.012261906149340175,0.08647507853398288,0.0004750563796042757,0.13118238178802935,0.045612037325585233,0.15242637404130088,0.007256973148006653,0.02560166917327272,0.1923000483787923,True
45,0.0927700840948913,0.0015967700176997112,0.03288279383562251,0.0494212521545047,0.16039524339341762,0.24927752733385491,0.08108893393371625,0.05302876045112871,0.056018968239152964,0.22351966654601133,True
46,0.06273050565326867,0.0638195537410147,0.06648738644967614,0.12039558768204452,0.1950229342601311,0.2704875782395354,0.02280993068542338,0.1501108730473345,0.010740108260809351,0.03739554198076209,True
47,0.005651191872706056,0.2570965190415852,0.016046992825354493,0.03123889490105215,0.2598267169396052,0.13864949691040873,0.05583559984008898,0.03316141192249312,0.04609344316292344,0.15639973258378265,True
48,0.12782441564857672,0.026054193537705796,0.05869932390987573,0.00045642137826754493,0.0059852695823804985,0.29785198037255733,0.10006929759554804,0.10515089915907884,0.22082486710721375,0.057083331708795634,True
49,0.014089642132136707,0.04962136155867647,0.14435106132184172,0.11686345033765101,0.0787398069153774,0.22077764289984217,0.10775737523948928,0.028936575223028137,0.08200094338333871,0.15686214098861825,True
50,0.04062778559677853,0.10372919420060545,0.19792496718733035,0.052843765988914625,0.030165026456489583,0.01451614029893767,0.07835025659747825,0.10375739041974938,0.21851938972425208,0.15956608352946405,True
51,0.16249080924175766,0.05589651815931549,0.04374828902485704,0.09761397557521298,0.039788476726552724,0.4063833095982109,0.0425798309352921,0.01313545868054503,0.03224803217602606,0.1061152998822301,True
52,0.3020263440136753,0.007381690525541508,0.02765793572114309,0.011671560174010968,0.14431764405093692,0.010765585035690271,0.3857933645382563,0.012843271187300241,0.014872901898963953,0.08266970285448147,True
53,0.1209145511517818,0.09522339062006868,0.04885750953054575,0.08856883933852777,0.2047209332988942,0.13918377425859665,0.015614653763312607,0.10050393323252974,0.1652540904565929,0.021158324349149937,True
54,0.24813713439524426,0.030345644145783588,0.018564476952014564,0.012523257155556496,0.19840604668198808,0.05223488631355807,0.01760252863258493,0.09035243794701826,0.2525473442296167,0.07928624354663508,True
55,0.029993988592342955,0.0015529294801442186,0.03082817861191182,0.36092324525684005,0.1585546771827415,0.08813815572331528,0.0289749463005483,0.21979964480438774,0.04007673190103835,0.04115750214672989,True
56,0.2572984455859246,0.0010317633022835376,0.02254813192019257,0.0946442923325519,0.06190559367240138,0.23201364765999313,0.01746055104241025,0.05674503443106877,0.150912047211139,0.10544049284203477,True
57,0.07981280865163427,0.25524651921966107,0.16923026020913243,0.0055189359567237575,0.16898825242246848,0.09809681258244023,0.05385692473014783,0.028674207244969982,0.029007789823773653,0.11156748915904839,True
58,0.26871276641922553,0.09011038363677952,0.05905743748272417,0.10731339791946914,0.0799953450850859,0.11702077227824527,0.04887999161288907,0.157651528226572,0.02148610762735986,0.04977226971164965,True
59,0.08913791148128958,0.20692507515432737,0.0526926600423742,0.04081850343655532,0.07704385699465202,0.1605188163991311,0.004368208180012769,0.055557771819660956,0.24746366423648636,0.06547353225551025,True
60,0.004229846368009667,0.028049073819734625,0.23116116030094444,0.07613574676345619,0.0071525838221719595,0.05569807266198804,0.03548852973444952,0.4327702286988554,0.04107780472999307,0.0882369531003971,True
61,0.08555760058782276,0.025142395508879666,0.06715586482046142,0.025512005098529654,0.10513422050148587,0.11765232487483018,0.31089355704707167,0.025297203863506777,0.14709613343071914,0.09055869426669289,True
62,0.04315643517774951,0.08662329644615205,0.011568702512855234,0.19474368188372868,0.11569401167418086,0.08257150183699222,0.022708298553908973,0.0876231795122612,0.023241807595300173,0.33206908480687114,True
63,0.04310747266995727,0.0363853355917125,0.0686493252104087,0.010194066358463212,0.1196226399652623,0.024813052660404608,0.024635923114363047,0.04797401864946283,0.16573325461630603,0.45888491116365954,True
64,0.19226682004433732,0.10482761497221564,0.0011709686598888754,0.06983644700415383,0.05770462439128805,0.1669068558557743,0.17519154621148178,0.05931817382416996,0.007946323461715159,0.16483062557497521,True
65,0.0900467742062862,0.2580542418472465,0.06142919344020994,0.0373591769702505,0.01864129340339801,0.02801593124651883,0.1891243454857866,0.060656071853353914,0.030785764187037094,0.22588720735991238,True
66,0.019663860904883458,0.06400797491337754,0.11619829826967656,0.036205234229319545,0.011211779408170856,0.00020513311140705836,0.4474587863829789,0.05985920364844314,0.12049588312683367,0.12469384600490917,True
67,0.025271187959025262,0.0005072272413039778,0.022521860941326365,0.17539879846660023,0.20729167889602093,0.1089945342299747,0.015115872023098852,0.09837704467942894,0.12749445151415983,0.21902734404906093,True
68,0.3751368775077143,0.005787659525308647,0.10074088172245205,0.15891934468265373,0.030266384343255535,0.15318350767250988,0.014214449062368956,0.12595279210900615,0.02523179730165515,0.010566306073075661,True
69,0.007947518748432941,0.020638766476686575,0.23693483985296393,0.08367702703712432,0.12974370544329153,0.08376851634611383,0.3125476410276063,0.021840135790278783,0.0959031638256291,0.006998685451872754,True
70,0.12155587715767023,0.04641777384208698,0.0477034232909876,0.1584850498509115,0.0362505730640614,0.04664714022018477,0.35854869982409,0.005539228847247541,0.02921401183948149,0.14963822206327856,True
71,0.12312193309693006,0.030376577680171702,0.0959661720527978,0.06643133493428029,0.16520638272654994,0.14478592727663334,0.16993466996083886,0.030743469003607252,0.07825557369487918,0.09517795957331154,True
72,0.14965095395671021,0.1260558343567856,0.03190558074666307,0.22610038335557206,0.03171504917021493,0.05254972921704668,0.038837778845770575,0.1489121432326597,0.08892999579808938,0.10534255132048796,True
73,0.1602363007370234,0.07507825513693143,0.04010727946126502,0.010958008474661697,0.10439459954029667,0.03219297743663131,0.09158640281743682,0.21452434791621142,0.25176617371669346,0.019155654762848816,True
74,0.05199406491124027,0.08735094212146113,0.026516859100384437,0.04486985515542807,0.24972274535417455,0.025223325422220347,0.4013119529576982,0.011499548917292483,0.010376473532068808,0.09113423252803157,True
75,0.0838738283867495,0.09418144804290356,0.038446567552453466,0.01306642702370919,0.32299746584683653,0.09983734833974968,0.05008779683792043,0.20981634795463386,0.01778324145596249,0.06990952855908118,True
76,0.11080442784495616,0.09522534058492557,0.05015314415139294,0.021746120603969802,0.15136848791667556,0.09724806794280917,0.060923500585980964,0.04380870771883066,0.3666589680385808,0.0020632346118784318,True
77,0.29324193674361876,0.061102001949456725,0.1249290441656431,0.15135756791453508,0.022083436490897657,0.005208539685737009,0.2316720177092824,0.011229184018069216,0.030118780992198637,0.06905749033056155,True
78,0.012623890742034806,0.07813318241818577,0.09573572116289734,0.07030069667609382,0.07017029442444968,0.326870043688039,0.19508211806849482,0.008163123961418417,0.07052674593027677,0.07239418292810963,True
79,0.06347036382585468,0.0663473624389222,0.0706166673703799,0.0853575424534125,0.01359823119075806,0.04051357801208704,0.14798704874499655,0.14180282026510946,0.2808273779101307,0.08947900778834901,True
80,0.007632431803083244,0.12872989404318502,0.008968590357983952,0.03187246795959507,0.35695531132156955,0.05315575416403552,0.03467251443178707,0.05632988131781664,0.1798648086562354,0.14181834594470857,True
81,0.006900924939271944,0.21369558032537203,0.40671889106043374,0.008843934364431264,0.01821322207747957,0.09353213048706015,0.04394896564190604,0.03233041345507708,0.13271938778596815,0.043096549862999975,True
82,0.0005613698272829152,0.08586153813833897,0.08349333349212351,0.11040444911758689,0.05803846059038002,0.02955182824965563,0.07963367461196603,0.07164611632506696,0.1020178870912332,0.3787913425563659,True
83,0.03289182712984857,0.05239295895607333,0.0759684314862619,0.24489931780508492,0.0010257634212101035,0.018321584892351306,0.0031791335070927578,0.26129843128617103,0.053389097765572435,0.25663345375033375,True
84,0.0012683749820182149,0.004196928077330819,0.039192307162803135,0.08674552703083435,0.030926355805097158,0.2521106990459691,0.0922070609877403,0.06964662311949657,0.08717498840192717,0.33653113538678314,True
85,0.09402730162317471,0.1723956089058753,0.0795061277187928,0.09955691830847482,0.22171757840001505,0.010427800710243072,0.22015880916381175,0.009368199547585242,0.044227264230657926,0.0486143913913694,True
86,0.08890988288360982,0.18910038093641265,0.10221166526366225,0.17577732815967037,0.006589491086617056,0.056385521500969135,0.02340948092806075,0.11886313538625431,0.007388270622444274,0.23136484323229936,True
87,0.0536449032623662,0.052197856584372836,0.14051684974310433,0.16857630947463395,0.051327171610010165,0.05952189109035406,0.32273016306961955,0.033165487555368085,0.03975682833539779,0.07856253927477308,True
88,0.05342240478515274,0.5585350906000358,0.021014071521893576,0.012246865041544005,0.0013409685153937053,0.03722905893738875,0.14235182463428103,0.1217780563414263,0.009136536454543038,0.042945123168340954,True
89,0.031480507702950904,0.11034148469778517,0.1023053632401428,0.016513615846741693,0.10508709350894226,0.04112893408566185,0.13670929379502336,0.0027398901385650818,0.39001278384112337,0.06368103314306352,True
90,0.07128683532825242,0.1505469648633635,0.09913831053977734,0.1779414710351668,0.09893589559506709,0.023811658429940534,0.2227159444029342,0.007833816927010444,0.11206812569040664,0.03572097718808103,True
91,0.08885474706007246,0.05548454670782674,0.07067208667809684,0.027249488124792297,0.17878681473285465,0.0012075155335645126,0.05470843406229799,0.16978627609425623,0.08102343071135105,0.2722266602948873,True
92,0.061756380190096154,0.1075150285166757,0.03261786078697156,0.15344974793018581,0.23801499810242166,0.06961180745771348,0.06701441742792649,0.2126099503081937,0.005360411075843792,0.05204939820397184,True
93,0.23151431976267678,0.14434693859849418,0.11246141167202109,0.06355253337951522,0.05392429232923745,0.008969454478291115,0.08837051427835495,0.06012626681777084,0.15933982560505386,0.07739444307858444,True
94,0.06652855344666768,0.08568983563309762,0.007943058576851243,0.3647015403830675,0.03206502280481635,0.1653139798691712,0.09107773354873852,0.04510060123659091,0.07759514694991793,0.06398452755108104,True
95,0.05290535810087171,0.09354205092289163,0.3992632899108716,0.0029846581202137503,0.0906705081656447,0.0068601829560931355,0.11814397568205572,0.07169941718566104,0.09751553374684029,0.06641502520885635,True
96,0.16699370556009824,0.05268760645612294,0.11373640631759158,0.23992935750455086,0.07695623844592116,0.12523869856288042,0.03905646512654972,0.1414889794254363,0.032044620050601345,0.011867922550247385,True
97,0.004353737168011406,0.045403308598032335,0.3412941337487024,0.033434704933106386,0.04710956357864094,0.09473437349311734,0.0060759436669924624,0.04486678225105788,0.03548072307379038,0.3472467294885485,True
98,0.01979362020196971,0.10267933830897367,0.05572128872109722,0.042147859779123775,0.17527090517622282,0.040309429879477124,0.09517604953679892,0.3799724629640578,0.046976084404314875,0.04195296102796413,True
99,0.07773865126133163,0.32777482168143585,0.09589084693276065,0.03839027349416808,0.005484438222527859,0.11586130943756218,0.01367027446667632,0.2148002089832604,0.016494494011941505,0.09389468150833555,True
100,0.08968372124233746,0.17930736518439186,0.006572339020991022,0.20732121640908815,0.012545798104995494,0.0008282513293500077,0.018767466198052248,0.043777523925413356,0.21873157267039353,0.22246474591498683,True
101,0.04027511983018129,0.0003797610301524457,0.09573895238630521,0.07560655649327785,0.1311987591572939,0.28723468856526935,0.11707305996976211,0.07375580625919226,0.068292506355081,0.11044478995348457,True
102,0.07732283983945605,0.029999989608059108,0.0063985345794766975,0.10864852206161207,0.05366849290435265,0.016481731440082997,0.05354980987132246,0.30151182373034785,0.14841947928680088,0.20399877667848923,True
103,0.0821193567235334,0.24422673864832256,0.11312980474375454,0.1157452621495032,0.05974934511862408,0.050330744482291655,0.032289780134042774,0.025430546129827633,0.11868414182202625,0.1582942800480739,True
104,0.01679287746946745,0.07463437739166746,0.010693835299562337,0.052915819453077814,0.07738042974454945,0.27846844499094386,0.07428686249715427,0.2486872553946834,0.052762628271056024,0.1133774694878381,True
105,0.025788672634118024,0.14201451005186294,0.011670656752146152,0.012619895475635278,0.1955927533368441,0.037851462566815534,0.09523344037502679,0.06413164195831153,0.17633878377426815,0.23875818307497143,True
106,0.12082380527088071,0.23769168775257166,0.04198606360632851,0.028768929836551185,0.14913075120299749,0.18392549178249698,0.032775070033295314,0.001955384270349013,0.07800642546391086,0.12493639078061831,True
107,0.154279992913124,0.12530880916609308,0.2623741719897685,0.027158669381504442,0.05420589399167632,0.012786750572048157,0.1894959087186739,0.0459467641547701,0.07822285144279037,0.050220187669551115,True
108,0.07773050128270069,0.11924687900120007,0.013470164115452439,0.19771768750083393,0.11701867590613572,0.3108896802944266,0.006006868692901777,0.04419878841868485,0.08748810674627147,0.026232648041392408,True
109,0.1147067229675894,0.058393516869481674,0.1558018127307972,0.20299468549043895,0.05782841830365723,0.019027647552959718,0.17026380796338592,0.046303364095508726,0.0011565795623667736,0.17352344446381437,True
110,0.031887057542498036,0.29764989443656625,0.08404584157774903,0.2955969452106694,0.013921181916643675,0.011934815745633992,0.0557179014867048,0.09201084499405131,0.04771938763587658,0.06951612945360688,True
111,0.10823767372882921,0.021792451592425696,0.1022003417789694,0.22193060024286182,0.35764284723216205,0.03723835107452996,0.0004753003639603756,0.08216645096868277,0.0036413271637359594,0.0646746558538426,True
112,0.03269899112878655,0.10603446916900082,0.2592611585055236,0.1461320473927744,0.18141547578509212,0.028508384681748322,0.10267777514277109,0.006301950386808276,0.026228885885947482,0.11074086192154739,True
113,0.015574940635573116,0.15755787575735214,0.1507658324433696,0.23701491028949145,0.017824199279025742,0.021162056138733388,0.04984077476708551,0.2541006105899813,0.034111367834770076,0.06204743226461768,True
114,0.0707150585507258,0.019469518978003513,0.12626700382314332,0.05498013793175725,0.04966710271347801,0.28175143763956817,0.0076755525909733505,0.2000897100646507,0.10321620752107827,0.08616827018662164,True
115,0.06301856206201115,0.09792553798907663,0.05716222550866684,0.17687758199318993,0.014207136082536454,0.42939672009579044,0.01114291188172827,0.04378586614064707,0.07421172615214189,0.032271732094211476,True
116,0.13324195651356202,0.2481364959544144,0.08445400300776366,0.08767261639402187,0.028714687368942466,0.24558901653977971,0.11841201629331097,0.027904999928232223,0.025422708563431165,0.0004514994365416046,True
117,0.251633747388799,0.009557298385935767,0.08638623777734132,0.03006101151062799,0.07846004846262637,0.0900846483507055,0.12876350269620582,0.034663938029826084,0.260854670498943,0.029534896898989086,True
118,0.014392917548049595,0.04775124471354194,0.026899393935247158,0.20895703228229368,0.15041867800327108,0.40002318437687806,0.016872638373456716,0.06453921794588138,0.04297485766901357,0.0271708351523669,True
119,0.034786109327277,0.21371746389489063,0.06841700036521746,0.02296463158476436,0.043672065893734444,0.22434635296503655,0.1431601286867173,0.03795492877105092,0.1903341288679619,0.020647189643349467,True
120,0.005979097286798011,0.08253812928590178,0.00859008148923226,0.05192712827165961,0.4335401905386984,0.0294498696928103,0.012829209219963871,0.3521307776685077,0.017634927821631795,0.00538058872479611,True
121,0.10358064928431443,0.050263311025017784,0.2919787874257592,0.0015381718443274644,0.03630603265003768,0.16728679701418953,0.0755405193275271,0.05609511829609957,0.03689871357329864,0.1805118995594285,True
122,0.11840909075931931,0.18770292192745622,0.006091503459535784,0.28104261785031764,0.12419503969275486,0.10399588111874616,0.006758756043391756,0.06456787126753455,0.0657665651528921,0.04146975272805168,True
123,0.3291971942653732,0.13355397768876273,0.16709404775725184,0.00912838784414702,0.012532922689986382,0.20786473486633927,0.05170796951057515,0.0013590827652823453,0.008072223806431347,0.07948945880585068,True
124,0.1338207447536137,0.17563374203507248,0.06387160331912199,0.1153361829679593,0.031354613002751865,0.03157916395377096,0.11641313297222194,0.23100231450656616,0.009724012996095667,0.09126448949282605,True
125,0.006317049140497369,0.2620542180572696,0.040818760556068735,0.09523534524289769,0.01992952527729178,0.03800703278153661,0.10064481167205958,0.013639364327891269,0.37313109519512644,0.05022279774936103,True
126,0.2206028171308534,0.12062173340596148,0.050556822578547975,0.04896863348470594,0.03961774674478556,0.15878592281897858,0.1720846836036536,0.08232994831237772,0.03741904962618934,0.06901264229394656,True
127,0.0549352954719971,0.0349725480203544,0.06325711410958913,0.14753903331299417,0.1019739183166384,0.029938528434688534,0.04229140892403419,0.15259973375304986,0.043622204992835534,0.32887021466381866,True
128,0.056376238809392853,0.19974609539216157,0.11167290920755824,0.20018544010279696,0.018240707502494898,0.09912192055246571,0.08751470237737267,0.03605937206654769,0.0379478742246985,0.15313473976451086,True
129,0.1668063497543812,0.14517220792874524,0.019188426932380417,0.03591780762862569,0.08657632202268703,0.00830921142139591,0.2694473937032357,0.06081723480572977,0.05835030158777406,0.14941474421504505,True
130,0.07773431351148465,0.020144506481947502,0.015594694137164525,0.33324056070558794,0.03908259219488304,0.30751349370573505,0.04365445893216167,0.08249087575022637,0.03838197272075318,0.04216253186005614,True
131,0.047570372331579514,0.16337486690655126,0.08010749876289919,0.10036547265014328,0.16931090658191747,0.08333862698216342,0.014686848161244147,0.26780819630539504,0.06555033572901402,0.007886875589092478,True
132,0.40168268716140754,0.011699516862345502,0.03632152062509409,0.10733120927312828,0.05192304273426262,0.04158750028926019,0.0789841694598078,0.1658571772154578,0.08884964379889453,0.01576353258034161,True
133,0.045575573523594495,0.13183487850917153,0.02565402566210106,0.2950060301622298,0.008298410085254367,0.14811942628315994,0.12196849207857802,0.20333278380677453,0.007792184382571366,0.012418195506564724,True
134,0.0020527400718290826,0.1428459148342134,0.007231357937977278,0.07607210423333892,0.028561403371641727,0.3060122132835613,0.16055058569051667,0.15989904064028157,0.07478340098683203,0.04199123894980796,True
135,0.08499723336679668,0.18803784775519242,0.02736233393844757,0.011889008246852356,0.14939187389814362,0.19525855661444314,0.13296067546241438,0.029277519790396275,0.16959158825656767,0.011233362670746008,True
136,0.3919100190989743,0.019045325708385727,0.07730832901115725,0.06960099280228245,0.11023147777530973,0.029531262217887103,0.02601174373550738,0.1064554836495137,0.12776468479860792,0.04214068120237439,True
137,0.16122758221745626,0.228558192147573,0.16943443137210062,0.012523518458899992,0.012902575101428233,0.10013994049761075,0.035642903361884845,0.13582803359607237,0.05805599015772094,0.08568683308925293,True
138,0.03187850686182574,0.011838246539293393,0.11969482937484387,0.131588228378215,0.011549332138813208,0.062268577188929176,0.21197718406123936,0.1883952479021314,0.21106212834330393,0.019747719211404936,True
139,0.031484849555951926,0.07960496591419115,0.018829818290376527,0.10293040916187401,0.04311600846432432,0.005945916239106218,0.3107276911909131,0.09322872950235832,0.23948893687045453,0.07464267481044988,True
140,0.07638219179360582,0.15113124706882114,0.010281489706243844,0.08031661935308072,0.05312760995075539,0.16795522601910806,0.17869080375630275,0.03692216633451583,0.03643672861194003,0.2087559174056262,True
141,0.07669066370519301,0.21026192883660189,0.015184117157786052,0.1503000997241726,0.014275537707858029,0.04311972273501295,0.2123803209162641,0.007983629162729652,0.04322981849654674,0.22657416155783505,True
142,0.1186284033334449,0.0028205140389814965,0.040691843128802,0.08327498500581293,0.03533548853111441,0.08605062404064331,0.22357338974958604,0.06536612217895067,0.29949639157902436,0.0447622384136399,True
143,0.1850344209286578,0.10119365989682212,0.04422239788182778,0.024691373783828418,0.11089110658774164,0.12333882761143392,0.17189726953266898,0.16948001579327865,0.008104476300843398,0.061146451682897146,True
144,0.06914050773436324,0.01798201603169913,0.000639218653766832,0.06317983230932808,0.1081385642539842,0.2952745066800462,0.06002148234939508,0.0030461453875638166,0.07138330959392775,0.3111944170059257,True
145,0.06490926524160501,0.04465029402277321,0.15912090725659145,0.2613070930727368,0.024083048629831214,0.1085531344752894,0.09560910447188424,0.05869024203062854,0.1657841864805836,0.017292724318076654,True
146,0.010494377975364606,0.040139964227332854,0.017217499713254564,0.26382463809637324,0.32551854191296187,0.02859025298002478,0.16449677466926863,0.11479317223152538,0.011336278744856232,0.02358849944903768,True
147,0.02926439615874094,0.07573160454246881,0.14981628145801734,0.043270164254889415,0.04602315888538554,0.21344681361046716,0.03912218108949871,0.2434504661870048,0.0021179360427509082,0.15775699777077642,True
148,0.018213861193942586,0.024139172383365805,0.0021684273381158753,0.3447090694078041,0.17692203944665655,0.014396822863192197,0.042127163098855426,0.05635556036829317,0.014011418308599349,0.30695646559117495,True
149,0.10409472634244027,0.23833225861845012,0.04831447422080869,0.05083549350256472,0.06837849575451628,0.013480855532838893,0.1497226939570447,0.03656617787585885,0.04212310040719328,0.2481517237882842,True
150,0.046121294058625834,0.07376961824186652,0.09388344347587128,0.05986759287772949,0.23061176630661454,0.011229514870095499,0.05498732848872489,0.032017695370263104,0.38968243941251596,0.007829306897692836,True
151,0.008954886455701161,0.004147682650682655,0.14099893957999216,0.25051668220576934,0.04233492565480771,0.2797262836487176,0.03696284813333765,0.08518725932058564,0.0066852300829156885,0.14448526226749037,True
152,0.0463190952853748,0.20870927451227542,0.085130199209017,0.019379124400208562,0.042784369637295656,0.15704229175563839,0.022263512165978713,0.2330509340433928,0.18245868031999263,0.002862518670826072,True
153,0.011313995918846123,0.073210265375303,0.06125489073772965,0.0463165693176881,0.3376842842805332,0.056577716431775345,0.054178066955491634,0.3257010613197298,0.009188299890364912,0.024574849772538272,True
154,0.06728471261591132,0.05404137528878991,0.27978710386116024,0.023503988117102838,0.18670623082355375,0.07938117311299843,0.024806782170295808,0.028324298242007193,0.025704939855944343,0.23045939591223633,True
155,0.11733578323061547,0.1993402762934044,0.018680811507805227,0.15217904488068532,0.09680746826231845,0.12774644934769452,0.04488437479915785,0.015176102497346898,0.024249792326103813,0.20359989685486796,True
156,0.005395235799194168,0.0884990147739902,0.2043737814638634,0.04172584033650015,0.02390068605255443,0.07307095702409477,0.056508586123289,0.12496345441849531,0.30050986226969795,0.08105258173832071,True
157,0.003917662299244659,0.11877794078376827,0.06886576162268816,0.03321091547908927,0.006595665904388318,0.17411307036593032,0.2994194951601684,0.09991893686148329,0.0654083775599515,0.12977217396328775,True
158,0.16290565006191457,0.19598008208676038,0.035328981036758,0.0271028077398479,0.06476106650120268,0.07392574068714512,0.13934739949962863,0.08011987740748605,0.1075036764113217,0.11302471856793482,True
159,0.10375904756794328,0.06301418283907832,0.09402809613616261,0.06638756617740298,0.11073315897846936,0.24463912733248694,0.1021011699511508,0.04506898549430226,0.002917018457552524,0.16735164706545078,True
160,0.12482067200077082,0.13466458251144978,0.03517520230371015,0.16376400101795843,0.020684380506897554,0.05174190204319419,0.05819513986893087,0.022097978048651472,0.06523824070320869,0.32361790099522797,True
161,0.050827815869464985,0.019569423494693233,0.2159390793034303,0.20523584051790913,0.16684358644525107,0.08455844791542919,0.040203977907646654,0.11362123607952043,0.04746525484226022,0.05573533762439487,True
162,0.13470858117323858,0.3700053386945738,0.012005820780787997,0.027847962808086903,0.017088764148111644,0.21429477810138767,0.021790869915059772,0.08341551978238908,0.05207681963238277,0.06676554496398189,True
163,0.08072211278022151,0.4233322904402929,0.032124269924942064,0.002461012332745483,0.1128385894208515,0.030093352286126772,0.0964463344744235,0.10386527282735035,0.022162696636061803,0.09595406887698425,True
164,0.1037815392670911,0.12081423618177935,0.020759268431042206,0.214247834977777,0.02783481343325048,0.15333532393357568,0.04164628287279383,0.05253723271299227,0.22578811857120465,0.03925534961849346,True
165,0.16246105707719002,0.035743472223161675,0.29857986357589983,0.0478105410349649,0.02907788009204261,0.08484844975302565,0.078551097178784,0.03700686914215359,0.01549284266565217,0.21042792725712567,True
166,0.17023174489144202,0.0563473962068823,0.059165010175436426,0.17957024229905175,0.053093575324441956,0.15849238209926406,0.18792157812672106,0.006332978563332687,0.0012455710061616831,0.12759952130726604,True
167,0.08115510912348367,0.12638804761019984,0.18981499470364713,0.1655092484115123,0.0485950569269905,0.04084882367831103,0.009595296284786687,0.024189832524796832,0.0451045873299505,0.26879900340632135,True
168,0.054324229147505794,0.07126392676533969,0.019812229067441994,0.16051972595038722,0.06813519320382656,0.05842051557124417,0.06554996476837731,0.40936029063525575,0.03889156198994305,0.05372236290067836,True
169,0.03763678824300309,0.42203787007466104,0.03349942115838315,0.09199361123751536,0.10127770046667911,0.09924223250743848,0.08754331103655633,0.021343126461806448,0.08348360134857453,0.021942337465382357,True
170,0.006414941078568751,0.04978354771423234,0.09085246828784484,0.03398791441899153,0.05718614344724202,0.1574741785355909,0.5094214478744138,0.05242160123345234,0.012334597459891428,0.030123159949772,True
171,0.003860757006127714,0.1363561506608291,0.2812057507454464,0.03635080176504777,0.04492695984951456,0.14004575332830677,0.04157039843939791,0.09349248771945036,0.18572269733536412,0.03646824315051521,True
172,0.186457930894273,0.002983978006995062,0.0044524061149581835,0.036260169160862485,0.09339041804426061,0.23878711271687517,0.07484706059247322,0.10996619066470015,0.18750948323179636,0.06534525057280575,True
173,0.021851600026963295,0.03420163218351326,0.0005141000849039091,0.2855783550288928,0.06127922752301436,0.04503735893958575,0.06649706890141764,0.0927071946749415,0.2273774608541712,0.16495600178259617,True
174,0.14807446640809474,0.028151447105354617,0.035908252441491526,0.41160180420790565,0.1792792442744288,0.08296626779002945,0.0340053533919892,0.010424468531506192,0.0673007022414931,0.0022879936077067234,True
175,0.4117366438230628,0.06574217376773601,0.09953774475620641,0.037078956760572775,0.10657843054684049,0.000584452396016309,0.10474188802603601,0.11455803077938696,0.05447959924215878,0.0049620799019833095,True
176,0.014133951561482864,0.16779445954853592,0.012616248180164756,0.2298471743758598,0.0421423948366491,0.012773215499732461,0.06921393643980438,0.1355578756514398,0.06486463905299583,0.25105610485333507,True
177,0.19878407748639434,0.088725650264368,0.02430954556480471,0.08007902697036316,0.047288783053490796,0.013223722112397732,0.014463006973158679,0.04327019502763749,0.2264381208013288,0.26341787174605635,True
178,0.035476908957139154,0.2919255251035085,0.007618040798835673,0.006048779888426622,0.09915352758233698,0.12505003296810127,0.05846249013073774,0.12352815958280268,0.24321548429189185,0.00952105069621959,True
179,0.06151864032548122,0.19267879017192752,0.016940553321135674,0.052224332536925926,0.02560173270923492,0.20812321014005644,0.17134694219645233,0.1879648906464425,0.050875443076021674,0.032725464876321726,True
180,0.038495365676250656,0.07471938394357525,0.16626334752474284,0.057559725477960566,0.0917332292328887,0.006192152285227371,0.2580012587619859,0.046813552285697085,0.07008796058390158,0.19013402422777012,True
181,0.048702642483277346,0.0728927489892596,0.023556476410373305,0.21555322295253007,0.01854864165115104,0.09531940538528473,0.2539298447840207,0.04002295548538611,0.13116418168520394,0.10030988017351328,True
182,0.30909522635148906,0.0011051284657202804,0.020689445487225067,0.05234334282942566,0.23036043986023252,0.020946827358894343,0.009084294677155607,0.02412768785544953,0.12630973421208358,0.20593787290232415,True
183,0.04984909394714606,0.030021982715701025,0.052611149644105404,0.06934692737385087,0.03287861253421284,0.15937838445284114,0.05362134807804957,0.13966379281702343,0.006303725563635495,0.4063249828734342,True
184,0.23791586603926748,0.0191587406621769,0.020913339333613324,0.19016285752589954,0.3027156892569646,0.055564564395588545,0.08554246576667757,0.039984423006743576,0.03606044771990434,0.011981606293164066,True
185,0.009951287566193134,0.024415571405536594,0.05939844535228339,0.06476526909753166,0.052960002652558014,0.16659894504850337,0.463128761614662,0.051171929459478335,0.00951508011522545,0.09809470768802808,True
186,0.11543453817730434,0.09937921506889137,0.0702804310639182,0.06413382919214262,0.16702549330406327,0.07909047125204945,0.060115197033015495,0.014469903931796122,0.20972857369949113,0.12034234727732802,True
187,0.01272856149985015,0.1740769132874035,0.18543579532794024,0.054767636974021566,0.0011968827696236136,0.02446317040520186,0.2837038879687467,0.09841562714770272,0.022043690400792407,0.14316783421871734,True
188,0.13367839702989837,0.0581053168344166,0.23520524861978942,0.12326151123035843,0.12827096014294254,0.1302552746094622,0.04705295516643349,0.10430037811145652,0.0050006722520047914,0.03486928600323758,True
