ID,strat_res0,strat_res1,strat_res2,strat_res3,strat_res4,strat_res5,strat_res6,strat_res7,strat_res8,strat_res9,alive_at_end
0,0.03203086494391136,0.10664090264366903,0.026390554080464246,0.06620060573229164,0.025799713154873505,0.29833038464854533,0.026558298202338845,0.190507318125679,0.1150076350662417,0.11253372340198547,True
1,0.01486881709620509,0.06313983337892227,0.12283978187836476,0.007688692678156618,0.18251413947895462,0.1471721292561232,0.21967596455725288,0.10804491358564494,0.03978577183003999,0.09426995626033557,True
2,0.036335453544013206,0.056105299908179855,0.1769359529267906,0.04134035630308856,0.04776788673635485,0.11164373534508172,0.06674625413452234,0.1880024027671082,0.19786041661291412,0.07726224172194653,True
3,0.1309587538670576,0.03342229019218289,0.15504893821780585,0.1295192347035327,0.21074096114216812,0.11753417295093176,0.015308662033467601,0.05528046203112821,0.10869704679925948,0.043489478062465683,True
4,0.16296706783148032,0.00021493457007378916,0.08805289123766895,0.15193635378110545,0.0018311893146002423,0.10696440502919352,0.3553233413362003,0.01764610601364785,0.04463320997757054,0.07043050090845916,True
5,0.04207759168690987,0.02140771282975711,0.022206497719445703,0.23732478880383306,0.37263678538124495,0.050894006028755635,0.07289268322925478,0.12805862055899342,0.014764737048413669,0.03773657671339176,True
6,0.053685211853244645,0.13430615283616607,0.06501426790651672,0.017948380136469263,0.3122123235192216,0.015116121109637951,0.02516871032957284,0.021273745537787027,0.14136385451218575,0.2139112322591982,True
7,0.008055672417817725,0.2578208020069533,0.004018887240460619,0.14799336242013095,0.10559745653981222,0.15390416203104854,0.04262843576485901,0.10412715256646453,0.12059185640318826,0.055262212609264894,True
8,0.016724760065031645,0.11466086758818933,0.03449099264556354,0.04967527100933066,0.09563948696569706,0.19243959559889176,0.2304113258126714,0.17910950075925522,0.06081110211179585,0.02603709744357367,True
9,0.109431769982379,0.013195412307984124,0.11726483280637763,0.032368201091270865,0.043807027037460096,0.05173861238511614,0.14931591199254468,0.15641255569535614,0.2987937209811435,0.0276719557203678,True
10,0.13603337500727952,0.19010045383681254,0.21511731251097752,0.027263031430077286,0.06826280886845495,0.01749617839006002,0.09818392184833452,0.037789863975426836,0.12576507289095704,0.08398798124161973,True
11,0.014182659204755494,0.07520831596937498,0.011036923659881317,0.12150338681173851,0.02631159930459615,0.02566124996138949,0.1337119576103247,0.4257491760470106,0.06387977233333983,0.10275495909758892,True
12,0.0020135524577065706,0.04773770726241758,0.02079383307985096,0.13589731562378532,0.350383995290779,0.017191671055327977,0.013884872387453515,0.12220089525313825,0.009592865248634548,0.28030329234090623,True
13,0.009702901858131162,0.020545058285431704,0.03459010273366467,0.24257639194523212,0.14553018823433417,0.014678665965980756,0.0027929271983576963,0.13600400046647962,0.05518672958102367,0.33839303373136437,True
14,0.04101560621953272,0.11345676944417318,0.02550040397853617,0.1674540676196714,0.024629339281041118,0.20853045035249046,0.13331493943071748,0.22137474474949884,0.018149935563593678,0.0465737433607448,True
15,0.22558808062064792,0.013672083774752805,0.26191463518414104,0.03706250810381576,0.052542507514444364,0.06735917032982866,0.15317336636819476,0.05187194425432505,0.03871918911523103,0.09809651473461879,True
16,0.09477615015230298,0.008106056782017267,0.07496872553871207,0.16362265387410244,0.09520242554896326,0.032527160927688446,0.023386287675071348,0.01672819921604131,0.4196918363999699,0.07099050388513102,True
17,0.3905585478483739,0.018126037396717684,0.05284664507166977,0.10823090044971265,0.006281419633499441,0.0406499858993444,0.02507004446740239,0.10739478331316113,0.07643779461790894,0.17440384130220976,True
18,0.11111357572518628,0.20070477324546648,0.14396255543055922,0.15353546466217424,0.007768759358254133,0.12451330232474525,0.10565511547743342,0.02097861606112713,0.037478597164202015,0.09428924055085187,True
19,0.32936940491598404,0.03528399917167143,0.04613407162054694,0.08033379452451564,0.08894073678110728,0.0718533879230622,0.13135937981202506,0.03256438868972645,0.014534836165675623,0.1696260003956854,True
20,0.05612554523348309,0.19903519664002742,0.04807062968842371,0.009848465708321777,0.07273136286550894,0.2667453535053632,0.04621534902525805,0.06889005253247722,0.0729077001580718,0.15943034464306471,True
21,0.2518723361418272,0.06300411978911208,0.14632139008057488,0.12849620818982632,0.005389024524311387,0.1424866522210285,0.038815032464800656,0.06473660364607137,0.15536457097228673,0.003514061970160936,True
22,0.16340320033765093,0.014193533536023567,0.1711515989304377,0.23300744793296146,0.21458584630332245,0.04847385229860552,0.03904536874259875,0.03310656809551025,0.011475652415727603,0.07155693140716181,True
23,0.14446440696953103,0.03463828592782096,0.10002109400406609,0.2607515529641012,0.0021496858857156342,0.11794175758686731,0.0190322828972316,0.11463354268843427,0.04100450656353903,0.1653628845126929,True
24,0.05351492357966478,0.2430720468798733,0.034776471476147076,0.028433529157810476,0.23747911941395122,0.0833798621485339,0.036447206494080966,0.03743352447945467,0.20538832606679186,0.04007499030369174,True
25,0.052704437004737696,0.08957852624127617,0.20912015461536587,0.0013707360544393762,0.053935814508124465,0.24955442864550198,0.13505754918475654,0.05530155281796432,0.14052627168212647,0.012850529245707098,True
26,0.04750020486014153,0.3173402137778771,0.09221753505792453,0.014205423086547394,0.042154187786336825,0.016759170481300663,0.2544542284540268,0.09903100220979655,0.0866093475901697,0.029728686695878966,True
27,0.19720367266707495,0.15249832860653617,0.2765877158469826,0.02196876733644771,0.0184937720155676,0.12736581617633866,0.052126074366103614,0.11618988813855975,0.004615551144622369,0.032950413701766476,True
28,0.12768783324941632,0.03395773695925513,0.016716603192818622,0.13572069791015362,0.2625157869466422,0.016235476880954093,0.0177176263869042,0.15219101366838364,0.20456671554138486,0.032690509264087377,True
29,0.041937776901908815,0.043606028795141735,0.0001430016520035413,0.16291557963070308,0.23190410288230445,0.0706594829784433,0.4311711002459221,0.0022764764378574074,0.004896935365903206,0.010489515109812327,True
30,0.1240800300567188,0.049081591660889684,0.02397181179117189,0.029084847356862724,0.3814971339046895,0.12722141137789492,0.13037170359460004,0.05087659176543408,0.0296131339110821,0.054201744580656165,True
31,0.07866531661077797,0.09604493844783205,0.15550570066154154,0.1521953952945396,0.025432678898651438,0.033459841870789785,0.07038150975154163,0.0052706547252256665,0.014455176436515529,0.36858878730258476,True
32,0.00429058897254786,0.04765577447623785,0.018196272699041213,0.022956631749917678,0.4412000502789864,0.12064127541879563,0.04548143616346351,0.1421816532292104,0.06519281206529712,0.09220350494650228,True
33,0.11076116675452184,0.055216597034159876,0.23445311929910392,0.17675568642795814,0.025034006076299423,0.014898674319304783,0.0755006286996428,0.1539137337087577,0.15336586281264292,0.00010052486760874547,True
34,0.16974420648623834,0.08327137617054817,0.15790195268395146,0.16223905756373816,0.018258034674122157,0.10885793138993073,0.016546840347490693,0.0960673453573821,0.14443482724817464,0.04267842807842339,True
35,0.03906533012259995,0.1235061216493237,0.013836487975727684,0.26739641528169056,0.259115016145835,0.033219868381981765,0.01384225531226032,0.10113031438302786,0.06534954276752719,0.08353864798002597,True
36,0.07281133119244891,0.08272774296731708,0.06952838398767323,0.23734071366757956,0.1824536792397219,0.14303583874228898,0.012797823336864588,0.05079271138873671,0.11772983711142632,0.03078193836594268,True
37,0.029913504841006657,0.05605255473834955,0.17095196268362928,0.13502170390445606,0.10948471735908955,0.03715660292072817,0.1226045160250061,0.047134091606422554,0.09588735490351216,0.19579299101779987,True
38,0.012070900710410948,0.05079077932318242,0.08711098083180241,0.08255927770784553,0.07321667455893917,0.14995616699742492,0.11644880757276023,0.033066975435397335,0.12818201500497992,0.2665974218572571,True
39,0.044180564039018676,0.08902646572453408,0.08546540788143137,0.11759930345767425,0.05725192056309989,0.1619523837367247,0.0951919752926406,0.06497290188073894,0.10332179158553129,0.1810372858386061,True
40,0.18595624232258323,0.015553588847849196,0.0125460229448238,0.09155044074295181,0.00018981811573608865,0.16541573254329928,0.09479500778446479,0.08750853616899149,0.06978759341256065,0.2766970171167398,True
41,0.04421240206807669,0.13358649537933873,0.008209128193291998,0.04019352611937574,0.06713978160926948,0.0007945768654395464,0.4310303633839351,0.02695465768575715,0.16340259577136884,0.08447647292414669,True
42,0.050036112831517314,0.18540961771005335,0.0577997341378771,0.03266181165896254,0.1785039918288416,0.006802660487752969,0.03324262558450622,0.1351214126283877,0.13088949334502098,0.18953253978708037,True
43,1.997480706810763e-05,0.14316838631268555,0.13236759696887684,0.017527809499931213,0.0848930750269043,0.03597286308785174,0.24783121319710072,0.1830836322403479,0.09672959724545996,0.05840585161377371,True
44,0.009588461841259166,0.019564984713752582,0.026722227844549955,0.16756681900612252,0.026626004802297605,0.156389607203504,0.050654167796589586,0.4818674991397822,0.03348157315598993,0.027538654496152483,True
45,0.11061739882255474,0.03628477333075382,0.016353668311603876,0.001314709547009695,0.16097787287259727,0.1580321132773211,0.07369398046623529,0.15284900474281646,0.23416491844086748,0.055711560188240215,True
46,0.033390063030210256,0.027038344091481283,0.1706582706603535,0.18586679092116445,0.03554074946657203,0.0552112716726599,0.026872733507649328,0.19706980659917725,0.06316170665499936,0.20519026339573268,True
47,0.07960112053254677,0.23215923499628263,0.023086869697412984,0.08778604240583371,0.036738914693296494,0.1947314047671038,0.07844201450892997,0.04343268175410846,0.07238614576501423,0.1516355708794711,True
48,0.14731835983966515,0.25716159644076936,0.0029031044694390233,0.17244261062730146,0.006493671528734518,0.08880782673109337,0.1277255467876244,0.1439305908028461,0.05075208959901902,0.0024646031735076324,True
49,0.06819758197396003,0.15089780928798557,0.018388214804329887,0.03539589890857167,0.15723373617221623,0.02711927096818096,0.10382769360525297,0.21862242988938474,0.046546316281420155,0.17377104810869773,True
50,0.07426260909202222,0.1280482950529055,0.030598947508366663,0.012525290937771754,0.05154483423949992,0.1399230639270097,0.09488530458227215,0.09927627424733985,0.13860921646927984,0.23032616394353247,True
51,0.5540617654983038,0.0521533223731485,0.008100882836585874,0.02439313345245531,0.012121061516347035,0.05962907508310716,0.03438097495544838,0.0928906228434442,0.12410919671595042,0.03815996472520928,True
52,0.10398562981669796,0.13364792465266284,0.2452497983620947,0.036914471203357786,0.06520904727672086,0.003905937597928768,0.08928961342704339,0.049613251973958085,0.1813731689974657,0.0908111566920697,True
53,0.03310891696584373,0.26976661521335893,0.08473050310926376,0.23382294069722695,0.0700270790059728,0.04970796438725695,0.04924494137682089,0.09252263211743042,0.06546521024123331,0.051603196885592326,True
54,0.17153986029788565,0.027273717803492806,0.13043361459398387,0.061100139133420106,0.02366505537525552,0.07733276643905593,0.08789028072560469,0.13205399909040888,0.0661734024863501,0.2225371640545425,True
55,0.2937161351145238,0.009728144974086165,0.15131547244867613,0.11141009417969686,0.13578333099611492,0.02731772410166386,0.08814173189964376,0.08765817089671876,0.042127211257797836,0.05280198413107776,True
56,0.08511772674390758,0.2748748086664256,0.015564509130256806,0.039452704551470354,0.033952270663559575,0.11909490967657857,0.14439172983623338,0.004227762713780437,0.16516317244276865,0.11816040557501893,True
57,0.05134345083952069,0.11391776003268693,0.382652419541827,0.03282753425714675,0.05435226443279444,0.014894534262478828,0.06319818063783318,0.12241816694913044,0.09395092889591362,0.07044476015066818,True
58,0.004975007364182401,0.13586940753818016,0.18883310083427274,0.09735726156348333,0.052961729738481574,0.2051355119313733,0.13240078345152548,0.10584410516643934,0.037670965928269316,0.038952126483792184,True
59,0.06797284917959495,0.021325330954631783,0.08612579215444575,0.09017505815169288,0.2945827064121756,0.10273676778008056,0.038792694565608465,0.01244271984835629,0.0999102080140809,0.1859358729393328,True
60,0.14769449898382708,0.03125540231784284,0.029558975793176737,0.0506299545527752,0.05031416969043547,0.23536020305190744,0.21851075747294915,0.10092623504539615,0.07895200240128042,0.05679780069040955,True
61,0.1943500424763985,0.10995589216639905,0.006118160753784411,0.0013038628404770586,0.16046577626347844,0.14517700019927013,0.014340843370795685,0.15440169089708813,0.12106207756880205,0.09282465346350645,True
62,0.14237676197433707,0.017071474217552465,0.14369904524716742,0.03295939461415457,0.026437783009851907,0.25043825645341383,0.0006493287693626808,0.1679683772976427,0.08607027960582442,0.13232929881069297,True
63,0.033818004244836254,0.07510498824882417,0.016059287781594826,0.23957216980504048,0.09187913664471403,0.05261067720516539,0.06678467549332896,0.22993155945583296,0.05175951601301109,0.14247998510765172,True
64,0.16212267189992172,0.0818803813322052,0.12123741261473,0.188564947010039,0.22931177796624472,0.028677735926824596,0.052781865080876164,0.020588904750057944,0.0733111600847266,0.04152314333437391,True
65,0.2032963740263894,0.011778714013498885,0.22029059409809557,0.0008074468293725054,0.30721152191321677,0.09508010345659541,0.03268147049209663,0.05230540931294494,0.05963145041419188,0.016916915443597986,True
66,0.11970869931366228,0.21465646918585213,0.030324234989786033,0.013714518217229478,0.054034959641026364,0.03208129433871725,0.22691359726892854,0.11620272097446524,0.0003874522527448197,0.19197605381758787,True
67,0.011619985245188385,0.11843220401347619,0.05298531094772345,0.07821883953649571,0.3721380720769011,0.00842655719498029,0.14051921282588845,0.10747109525076566,0.019699128693584405,0.0904895942149964,True
68,0.06353994324184473,0.13223608386030813,0.3716185978888411,0.007261339691677851,0.06267094195454789,0.07858844218725394,0.10533830285696018,0.03738449964492335,0.0945419644799725,0.04681988419367023,True
69,0.2638361033964717,0.11951109918297803,0.07176069821611139,0.08368484169436538,0.008204460280071463,0.009766790864920967,0.06705565541244424,0.0580823481946383,0.29459618392190007,0.023501818836098594,True
70,0.12136927206805893,0.09016001466767633,0.017480758685340457,0.18095188016755237,0.13463266455581033,0.11118663089390926,0.038397603081916344,0.059393742422913794,0.04040582876024995,0.2060216046965722,True
71,0.017519897324633608,0.07592326494017537,0.04594392774862447,0.05049644714375717,0.04942088338379188,0.20541693047583628,0.019661748623501923,0.044361280358316026,0.30976567818010226,0.181489941821261,True
72,0.017718827839895063,0.00023584304351033974,0.2300637582537171,0.12039973969816889,0.06444559479233337,0.2400705461231823,0.11707567978229413,0.13580315621413136,0.011003896345125575,0.06318295790764188,True
73,0.10334865524391337,0.10720996920221489,0.15454867069310663,0.0007923371596554423,0.291481909664209,0.11930487068277204,0.011076293427548473,0.11346232050889676,0.06969393049155395,0.029081042926129362,True
74,0.09192082089499748,0.04256895517841423,0.004436086001699389,0.15410073596293886,0.0704322282460043,0.11560100430561152,0.18064732376067605,0.17506695590691274,0.0017417708811548885,0.16348411886159053,True
75,0.10480392219764079,0.2017378373303501,0.1010701209885453,0.18073959669467202,0.003940212924433166,0.05339337791203137,0.004762913348550913,0.14190837019228428,0.060300722104599074,0.14734292630689297,True
76,0.12588748514684248,0.05703084499170178,0.003865912292403189,0.07985700853448086,0.01722942414316752,0.14556196604614777,0.0184550843451479,0.1818267416407345,0.08894566921582811,0.281339863643546,True
77,0.24310728511156324,0.0042524037934858205,0.08883180337252576,0.027045857387275968,0.17451160634139473,0.08239184051143908,0.036100284178486826,0.04121159730262473,0.18285137492904494,0.11969594707215886,True
78,0.20093757447572666,0.02445495091294445,0.10400112518916164,0.014258204332200057,0.25779525031511435,0.11023728032842763,0.14693640567071595,0.12191085280257338,0.005344706374104134,0.014123649599031788,True
79,0.18188322221733874,0.05088560988786678,0.12865935167065837,0.02403905622606841,0.06926066280823917,0.08931562309299346,0.1699529396615761,0.08442221314907332,0.10334863527331156,0.09823268601287416,True
80,0.1588515945516274,0.0027252398426280667,0.17531300884492917,0.030721514628091716,0.031215668473235467,0.03580336319961183,0.03941963339572935,0.0647855985648575,0.26411310653055065,0.19705127196873898,True
81,0.11537942469084167,0.2005079515481622,0.09409859208652975,0.013635277214980826,0.4343583515072291,0.06923962496454361,0.019030232154895767,0.04083830725708045,0.0013206656013291516,0.011591572974407386,True
82,0.12279391212496926,0.06589545142219207,0.08020537988229941,0.09152260735031481,0.0800712708334216,0.02871994586520335,0.20820193431818146,0.05487078378008345,0.11025568119936013,0.15746303322397437,True
83,0.07095723367267064,0.05047905653385878,0.06564269946618094,0.2684574369635575,0.09930582984003847,0.0956368613064062,0.0032034580542865784,0.281052236317102,0.010187677881365525,0.05507750996453348,True
84,0.08597168435667403,0.1625862771450818,0.08344822095641491,0.008119811671058602,0.1489452269853562,0.01299623126472432,0.13844387978643335,0.14859490699489875,0.008542493851225387,0.2023512669881327,True
85,0.35471881012732803,0.007847281142734598,0.002219062980089473,0.0639413492180038,0.013091114804984249,0.1491481324580069,0.00438118048236929,0.05535926362681303,0.05985895378195095,0.28943485137771974,True
86,0.10580170755370213,0.15958453298758601,0.1681260403434214,0.24571521694755072,0.010264881738497926,0.01381512081885891,0.1478527494949694,0.04212765161155643,0.10519616495790775,0.0015159335459493366,True
87,0.20159565553766473,0.03899450968977844,0.1279220251610072,0.05766546050331039,0.07320473340650059,0.14880367096646172,0.06182583609343275,0.02872194190709176,0.14915256651103145,0.11211360022372084,True
88,0.008847581769659182,0.09915224264124228,0.09411632931818285,0.193413138661728,0.026846257176569046,0.0870339915715779,0.32300992035900916,0.10887010646367552,0.024797023474313597,0.03391340856404238,True
89,0.09604031488875119,0.01127504378211699,0.18656560019365975,0.07104192495061769,0.2596081366872364,0.07593578691601514,0.06026636384356939,0.09758393879578715,0.03963244328132974,0.10205044666091659,True
90,0.007992909166066531,0.11978399944548332,0.14470981837167793,0.06128290909487229,0.13237385279101746,0.02115419729723694,0.07549239800763502,0.25475746998534365,0.05368259510522689,0.1287698507354399,True
91,0.030842667441764556,0.007881305164653195,0.036104999123340684,0.020780338238280165,0.062129578526805326,0.21611904710430888,0.08894175959177596,0.2772083667549094,0.14099125856742736,0.11900067948673454,True
92,0.21348173447200036,0.03807446274461995,0.02622775942049845,0.010934243129484903,0.21272886777210862,0.20462646051562555,0.07828615380376004,0.09281458740491669,0.12032016522958804,0.002505565507397358,True
93,0.07977092513453471,0.02929244246142823,0.0696783834025713,0.2840763942330913,0.004006319535324212,0.11529424334352435,0.044448947525943826,0.2248156390718946,0.044215649593325815,0.10440105569836176,True
94,0.06819937054233646,0.2592197260892479,0.12327965698015324,0.11348356879902191,0.04108291743065889,0.06790045877601114,0.16678372255401652,0.05604882144726488,0.08129472772849133,0.02270702965279785,True
95,0.15716010706904404,0.13540896083325257,0.09705219421164195,0.00248265582018632,0.087575247925751,0.10568145596345978,0.0350029809097668,0.14072868774143474,0.09898490472259133,0.13992280480287145,True
96,0.0064686804240918876,0.03201313799182557,0.06100422301628393,0.0005426561079871486,0.15390787167373263,0.04965546806858277,0.009089227072167133,0.15654776454292535,0.09781809421291135,0.4329528768894922,True
97,0.0146046641640661,0.3615421526620645,0.10022546291827043,0.060207389832455285,0.012690665391696459,0.11065630838955963,0.244764039989379,0.03836104848887744,0.02592199309883255,0.031026275064798537,True
98,0.23223759070342861,0.006898092322397175,0.21218102271239492,0.0071415667784149334,0.010838888822413847,0.07270861961301268,0.1385274165896482,0.11589542836612537,0.10033277369579525,0.1032386003963689,True
99,0.06736270315052349,0.21570677834074745,0.13450781168890188,0.08644851984863669,0.07745983134619153,0.13914719135234022,0.17694892369557658,0.033465142337242744,0.06484862190431767,0.004104476335521773,True
100,0.11019199599144466,0.06019723998725525,0.08188378865221041,0.004417940415284657,0.29805837036798294,0.1764996090013885,0.12720946615058756,0.030935478136758243,0.00703746310626581,0.10356864819082195,True
101,0.0922244491948311,0.14021007272477484,0.24591494112439993,0.023430086320141045,0.016621069413132614,0.030731974234484156,0.1325302418654253,0.1304168960337385,0.12715588833825503,0.06076438075081756,True
102,0.1620017995947831,0.11831185940746486,0.022512487098108595,0.1565839782151216,0.01559651142870539,0.07434174262209164,0.1657607454016317,0.02308416262649213,0.23216648419225488,0.029640229413346098,True
103,0.23371158601969308,0.006489035033861502,0.14725901090614052,0.044112046595433815,0.052688586526920045,0.10941895328209464,0.25960796429542504,0.0658946715298501,0.062156344593467375,0.018661801217113923,True
104,0.26225115077035105,0.07702269916947786,0.2902374871873102,0.00406280398018,0.043380861067698895,0.0788461831083641,0.12399060814552058,0.06538373125637273,0.00739997051091795,0.04742450480380665,True
105,0.3179345885108348,0.0010384568983425903,0.18116202221045127,0.13756814110163465,0.0024533023804277293,0.13570288379810325,0.1349810074494119,0.007976782937222173,0.072806515871937,0.008376298841634648,True
106,0.12526713651836263,0.018108323166695087,0.12585998220694952,0.047875939513107015,0.10802014928574168,0.013357581643276367,0.052772810921343574,0.30042800827816907,0.007709232628232799,0.20060083583812238,True
107,0.12449689523921524,0.08789630549684137,0.14869766662320022,0.07393904511265731,0.0543903438575018,0.03455991891903767,0.333744724014425,0.037475961167307704,0.05093982944386677,0.05385931012594686,True
108,0.14683447038304517,0.031518490961298565,0.012149476976852668,0.012758408680278928,0.16103354225944488,0.3131873975373943,0.033357487846104775,0.07735174007202027,0.0466981785454741,0.16511080673808626,True
109,0.3245647732769662,0.27346104110847214,0.017587317763291792,0.12469871424078477,0.01506999415113467,0.03856380085794704,0.0679213946701516,0.02038449091068111,0.009705284909402421,0.10804318811116838,True
110,0.021432723119650665,0.35779391688850193,0.03747111077998466,0.06181816483252517,0.1472964211721031,0.02803687199387776,0.09424943959428102,0.02142554429155159,0.07483791971720029,0.15563788761032385,True
111,0.01612513951354917,0.04544921558268342,0.05979311245125772,0.046730254057926114,0.16444241222767034,0.11386794523047825,0.053862711326071705,0.23076124606376133,0.26162815748534063,0.007339806061261444,True
112,0.07565644479242582,0.18303989405622056,0.2100733514961732,0.05967365653839463,0.20064546342597123,0.012212276383266583,0.07560962993224946,0.008408169441108723,0.0224842178751702,0.1521968960590196,True
113,0.0044282830811418,0.005462590652481161,0.21289350064810753,0.16502317971955796,0.08447999257082034,0.33106289119640425,0.06150133538395088,0.00529262647395792,0.05802081828517423,0.0718347819884038,True
114,0.01919793635982138,0.11805676477834617,0.009955729046937223,0.0626830075083851,0.05647845449407333,0.005545862828313574,0.13956067832417862,0.4350436517570788,0.0753653646169583,0.07811255028590769,True
115,0.15429378296661908,0.050128099914351756,0.06724003759696658,0.11833625556079616,0.12832132407739705,0.025737405464469846,0.12481583265508438,0.10547860836312892,0.040414854173163095,0.18523379922802316,True
116,0.08919984087268888,0.028184222889693036,0.19162719359442817,0.09839891159266796,0.05559985906589195,0.13068630977799775,0.02713229139707546,0.017282906837303463,0.16022928070097717,0.20165918327127605,True
117,0.17420088610050508,0.114653519125124,0.005719516744289604,0.12409093125257842,0.04651756633315053,0.13035556660905903,0.15081218055449103,0.011004346666317586,0.08220715766654571,0.16043832894793908,True
118,0.0568863958607336,0.012823853205604118,0.11668451428800182,0.0539580787072112,0.08978195766226994,0.24648599450654368,0.08355015171573511,0.14136233812803037,0.08205666663818462,0.11641004928768564,True
119,0.2860676775549609,0.01527891755966869,0.07665848725940064,0.05208936725847375,0.09127645305679537,0.08935059889888836,0.03953504735437392,0.09161888089548349,0.13952236220603487,0.11860220795592002,True
120,0.25858092328087,0.08929390985597717,0.1803436334692723,0.03855119634152671,0.09392914955794929,0.03521679961189727,0.19770297453722818,0.0028893383952559057,0.028411115368911454,0.07508095958111156,True
121,0.08955116997142275,0.04553932090937986,0.08418583702313678,0.031865902888337044,0.13832188150342686,0.30120677758172115,0.07869900365138982,0.010042186503167143,0.17652698489275048,0.04406093507526806,True
122,0.11442011874947212,0.03939202492075699,0.2121763202131883,0.05283263237648892,0.08223500807349461,0.11145346954330794,0.17814187519738264,0.0497124348749366,0.12446248979785791,0.03517362625311397,True
123,0.14307149963379404,0.13546095175908887,0.1531145031057095,0.06219780935122184,0.035301046190502235,0.022417744349588885,0.008969277002262783,0.0696640707348362,0.26337880456504764,0.10642429330794805,True
124,0.09543292599330845,0.03211597010365837,0.1089387491403301,0.08681404313539748,0.28829766810874285,0.03063405528658591,0.10803334859584267,0.1748479169216211,0.02594886850959196,0.04893645420492114,True
125,0.139484969248563,0.095928981344657,0.03573382930630543,0.12971839886357514,0.08170395720204411,0.1312909671666527,0.2648620644738752,0.0025446729246009613,0.029053201158192817,0.08967895831153358,True
126,0.012809668198391803,0.05521475566498208,0.12668689807702038,0.0281624768343403,0.04817492808598465,0.1356432400006855,0.0025617273176659684,0.2631850386216242,0.17020442053770332,0.1573568466616019,True
127,0.1067056997693789,0.16044504316402203,0.057934807158708475,0.006155499230073439,0.023944527637280097,0.028247224932089865,0.22252351116089894,0.1052102774452608,0.17317325178083356,0.11566015772145383,True
128,0.020220103538123913,0.007754382591182555,0.12074351231374057,0.19497736664689103,0.09061072249148688,0.4201579054558067,0.010680316560995386,0.04744232604406028,0.050378341307913466,0.0370350230497992,True
129,0.34592255252358817,0.05804554979414938,0.21116146904013972,0.014881656178407185,0.04413187033213096,0.1485781600191407,0.0107366873723077,0.05547034876649815,0.05101902204028222,0.06005268393335576,True
130,0.021760567137995547,0.01488527116331536,0.30021105288346867,0.12656710692083364,0.25352408454610115,0.023748331758729972,0.05245014514999433,0.023531040622122277,0.008377789543409024,0.17494461027402997,True
131,0.3243239495598162,0.09807085743403894,0.06654704192839067,0.03191554749585901,0.0411380208511129,0.04871120791202885,0.08490044614500125,0.13414053216537064,0.10751214459200599,0.06274025191637563,True
132,0.057914411272742564,0.01630694211776329,0.017151366466486503,0.02618320382341795,0.009099842090069896,0.3340038392558976,0.18813206787298103,0.2411646188867868,0.08752446566509399,0.022519242548760254,True
133,0.052050819306612824,0.10798421845248547,0.10429553094006688,0.05807576109642469,0.10647632267039153,0.428135286339438,0.03900372160168059,0.0022821768717880284,0.07064530273524051,0.031050859985871496,True
134,0.03823118913664171,0.031099016963063556,0.1646436153823393,0.36408230100917544,0.007032274766835123,0.11554265140429336,0.09374488888728333,0.08559772197974204,0.07259266279774161,0.027433677672884727,True
135,0.013008719238069358,0.04533286515077929,0.11717335043401289,0.030445295490966227,0.3595126756154636,0.054806180896023154,0.17985386326630165,5.668383468534449e-05,0.07532188642314591,0.12448847965055246,True
136,0.020427200548201574,0.1881832139068871,0.022853062806534163,0.07385155592102202,0.30091464532247475,0.039160377848457044,0.030499702614004302,0.15782617535939614,0.16204444541431678,0.0042396202587060795,True
137,0.005993587372624184,0.02524310456990147,0.26107538105063116,0.037432171293688546,0.09732300120720296,0.2657680850879899,0.010197333710043102,0.09149251298057397,0.19169433008798425,0.013780492639360556,True
138,0.20098030097101202,0.08539654289713984,0.057990342433949724,0.07300941208530914,0.03881775972159969,0.1530797148666604,0.018217975960392273,0.3038050274174562,0.041188517466119845,0.027514406180360877,True
139,0.08477445726355137,0.3109943221257887,0.012000289895057683,0.17380354314293664,0.0947151512943501,0.13207269049753437,0.13043828402958763,0.012873327208672267,0.03978419721416755,0.008543737328353767,True
140,0.22572520691316478,0.05163260999648833,0.03718311561917585,0.02437534618312669,0.18426878796348467,0.18626015917496586,0.1011539976809823,0.04049875396890901,0.03785467212642791,0.11104735037327468,True
141,0.12931874251345515,0.10552245915657718,0.039515257645770185,0.027610908141338143,0.10640087346017645,0.04089593905169081,0.00035871595854992515,0.40964453012219876,0.01728208116758995,0.12345049278265358,True
142,0.2135733567315916,0.3143533259409483,0.026435976544728994,0.004378888118406264,0.10908725885024917,0.002874776012081625,0.09672914605868077,0.056463681714226575,0.1382909787644602,0.03781261126462644,True
143,0.06854130036788325,0.0013105217669576081,0.0284596636475402,0.0906064376312403,0.4051989467138625,0.02421851545814961,0.06430628976884174,0.020303407143838954,0.054955401789327736,0.2420995157123581,True
144,0.03036685853350882,0.09464827067983492,0.04233487213175815,0.11259882334720527,0.03078443167534746,0.3300098621759917,0.008674388649307412,0.018366503717870783,0.2215065995087738,0.11070938958040168,True
145,0.09059167879222065,0.16308671112180503,0.05277489342957883,0.19199362163553854,0.020736648119480856,0.029503460787210268,0.07065109598686338,0.10875896421678637,0.007003284075485909,0.26489964183503023,True
146,0.26244034817987805,0.07000032284368032,0.0702061856291072,0.15009073217858176,0.01257099051760129,0.1366956769050086,0.03164313530012183,0.04879360678357139,0.06607651514280384,0.15148248651964555,True
147,0.2638489917877905,0.03885549414158044,0.03053535103763721,0.08814050333878166,0.19353181341166778,0.011818000972832695,0.06117651900884442,0.16803715382613785,0.045472031484012444,0.09858414099071512,True
148,0.1976327773517907,0.11995734514201535,0.12995715324218732,0.013802926275471496,0.16206316696091,0.06224489246411948,0.033025840129899314,0.23299509900796564,0.02712547870401355,0.02119532072162709,True
149,0.26608160004351133,0.002322374084292578,0.057981134829647174,0.006536865918629885,0.004112850933268349,0.12241471800424848,0.043302530923997856,0.12604551893829852,0.14981677666398496,0.22138562966012093,True
150,0.05427442381353686,0.032665654867426536,0.33021360577298636,0.018963309845287043,0.08148560050383716,0.03759106837700042,0.0944017547712163,0.10314480760222675,0.0517434232244687,0.19551635122201386,True
151,0.12393727567740147,0.05148923116551828,0.024348437977216846,0.00681211934768877,0.09728994210253257,0.2203239602398292,0.12056507094438147,0.05292482943500383,0.18213934734729856,0.12016978576312908,True
152,0.015284834620763934,0.019771616907688336,0.062032116557793615,0.3036397486594735,0.344359400725684,0.0036552078998278834,0.12952709103107776,0.017916301134481904,0.06807842038468298,0.03573526207852637,True
153,0.1377630876859828,0.003386082181957101,0.07028653708489156,0.17837789115743508,0.035920279162194896,0.009876159559128815,0.1867410309686946,0.14411810346487122,0.16200141359121287,0.07152941514363109,True
154,0.010997845733620741,0.08244054023330853,0.06950601995557491,0.039290599982730906,0.42821631459803644,0.1423440902625869,0.09127755487648084,0.021366368418687016,0.10045781204793681,0.014102853891036866,True
155,0.15726796940829552,0.008543606562450285,0.08576705270406021,0.3380813634392612,0.02140992913223686,0.03340488088219243,0.1140703271856364,0.046800375216029144,0.0017750330197260989,0.19287946245011192,True
156,0.055371536648748436,0.08324720598930824,0.027818383930829957,0.06071324033307055,0.003302218412387413,0.16248515108536732,0.1403869437534819,0.08988904456269897,0.00036535184367612086,0.3764209234404312,True
157,0.27481666161115864,0.02077461169167566,0.016578401619196607,0.2560409931111902,0.3097485355954445,0.00022941531849437306,0.007777937906862946,0.07303161345616332,0.003227605675663667,0.037774224014150135,True
158,0.041278083348580796,0.04190762541389777,0.05992030182689347,0.3901292275971157,0.1146286672108632,0.011860587226556953,0.1764413528955495,0.03221443137279121,0.0661510984851636,0.06546862462258773,True
159,0.027880281783344608,0.05168592309139209,0.10573701416267764,0.07799171629057089,0.2761857500546441,0.013331319353705877,0.0013143278231216866,0.23938504345843786,0.05888336053835914,0.14760526344374608,True
160,0.049113991395811366,0.17942016583765694,0.19191465861601376,0.04344104589782689,0.04538284878303453,0.13325832969563786,0.054894099125509514,0.2059381883826094,0.03720642403328632,0.05943024823261346,True
161,0.061348892352194415,0.4074157118291821,0.04926614634110995,0.030656331656707905,0.010529537458796161,0.14126493687531194,0.03751573096463129,0.103435859139977,0.05907941618334567,0.09948743719874341,True
162,0.12088916547752536,0.09450192534543969,0.13197289114853658,0.30559685132485087,0.018868891161628716,0.004782550176245849,0.06150683420802754,0.02011053030350718,0.0353187188745523,0.2064516419796858,True
163,0.013718996142690893,0.023700759265371307,0.09563453407578493,0.07812459490072377,0.04551139062766995,0.2171401555155174,0.07897233531992538,0.12249407773480414,0.28701333829494935,0.037689818122562786,True
164,0.0782479174614856,0.050782673679468815,0.16199133332300705,0.29025112730846797,0.006359056128308067,0.19145019250496367,0.029160075400135106,0.0841824628648298,0.048941272149601804,0.05863388917973219,True
165,0.053948867721141366,0.04434561731468652,0.02560679550234604,0.0679577422456416,0.19380506160755603,0.18588426977654232,0.11993149685656829,0.2074866637650264,0.038692571950654994,0.062340913259836477,True
166,0.05290377330421103,0.2345909524138704,0.2533548480164638,0.032247933313458,0.10882101624462077,0.052217998901551585,0.06321104312673506,0.082003472605903,0.0505150038902494,0.070133958182937,True
167,0.08661591826234855,0.15185913475969498,0.03638173415232123,0.0960276991478066,0.007654358658928365,0.2920714096899319,0.0014227889879996707,0.006796567727091602,0.2615203940784167,0.05964999453546045,True
168,0.1586917866288613,0.13160134726386036,0.04970958808029511,0.0007468318740243246,0.09059690855583094,0.07584896779587585,0.04380055840955256,0.08991242947584709,0.22600369770488865,0.13308788421096382,True
169,0.24799279398639792,0.09893848392458837,0.07910499287636749,0.07252278052114346,0.030659020006789592,0.3715753794115736,0.047703730524974786,0.021159905911327156,0.004182862104671632,0.026160050732165915,True
170,0.256904044465023,0.1787348688738481,0.01819635467735072,0.003813446092808259,0.06421840220850737,0.13142270501870065,0.03354962198385864,0.04573526469966521,0.026857003894450796,0.24056828808578729,True
171,0.4967585978465137,0.013010294292988063,0.20093143528181004,0.0053366855504234844,0.014775696130875308,0.01232278795339485,0.11536433469731511,0.028751822403866197,0.05916036884867953,0.05358797699413378,True
172,0.14978946885353628,0.1849631919442064,0.14766956038016962,0.0014797819442592356,0.02767463055957617,0.03408853750985196,0.048340723214575144,0.13440724796849765,0.2642784850476931,0.007308372577634537,True
173,0.16554187908685414,0.0314682024332955,0.16040748374772007,0.06603987503633711,0.05260601097644104,0.26150208290792276,0.10271142885103099,0.08166656583751658,0.03355945373109578,0.04449701739178614,True
174,0.45517249720251035,0.06296083085089725,0.17552027659617653,0.041708657817064704,0.03698712738991787,0.022616437582121195,0.026417071170222375,0.020553079929946698,0.027017418166915486,0.13104660329422757,True
175,0.01995902901492125,0.028278760617650472,0.2166874386385938,0.10345420708869658,0.06848279894043184,0.13180930443043734,0.2247444222495487,0.08177117127237842,0.020370994745934366,0.10444187300140755,True
176,0.12045826597985076,0.044942202753037744,0.0691486742940456,0.06094823136814713,0.03428939560393891,0.01724825956993012,0.3829303463304639,0.020073526789424322,0.16406545288615407,0.08589564442500745,True
177,0.16417786108493612,0.010194266601404758,0.032827661645592886,0.0062327881622999196,0.018449364789453623,0.23472543843602567,0.03938473598381001,0.34553833845334786,0.10267819986539597,0.045791344977733156,True
178,0.12571879323847537,0.0038260977365376283,0.05631044114020614,0.02271232129900116,0.04343040711081525,0.06504435687133331,0.3247112730664356,0.10519311281677665,0.23057619298284387,0.022477003737575094,True
179,0.006109581304749667,0.0634397782957085,0.31099615604621084,0.01940197749114143,0.043103685582357255,0.04082553267158838,0.060754172386156755,0.14060934376062964,0.003607917958528825,0.3111518545029286,True
180,0.1949425644679549,0.10380910583983577,0.04334608413628725,0.01947367592738842,0.03678443523036094,0.19054473533527597,0.014191720430602779,0.23398746379732177,0.030240739453594085,0.1326794753813782,True
181,0.00025448165536203616,0.06859078411230074,0.22817367062762403,0.10732562064659537,0.1687724844814774,0.25290687249538507,0.034691582640755336,0.008640401174100427,0.08765187049527937,0.042992231671120325,True
182,0.19240260495903644,0.15717317986139126,0.20258680198790166,0.07896063567620933,0.09894381373413008,0.053432956294022727,0.020314237727211068,0.09372155515351585,0.08377737426781268,0.01868684033876905,True
183,0.024190906938286946,0.3035129771921443,0.24761152983049903,0.12947283764547343,0.08829770255436377,0.04415902639291007,0.02221643355455568,0.07555538893890254,0.03212490509852478,0.032858291854339416,True
184,0.18076772202874272,0.2023612290683125,0.10771292595745056,0.14456788301251766,0.020715484711959716,0.05832478702655636,0.06514192088961143,0.11369100441682174,0.03817948291632235,0.06853755997170496,True
185,0.09972826384533519,0.01984700403361829,0.025613401138927322,0.01707592012584173,0.005039039255319503,0.7006243172890869,0.05988226194776085,0.03653987220414257,0.033588029941425304,0.002061890218542306,True
186,0.00501569112623339,0.07898311164761632,0.19423257133523247,0.08506666194576464,0.01245520986068904,0.2669204181662717,0.15129772836244668,0.02128023758039106,0.014419960036135201,0.17032840993921947,True
187,0.004936916381188044,0.049685106846170383,0.04182941847455192,0.008135234671319056,0.21783267856316654,0.05913250141485439,0.0829871827668347,0.15115715130155913,0.11472505340560088,0.26957875617475485,True
188,0.28010593680313883,0.35358826276811534,0.019658842524528923,0.07206518638886729,0.02799761413182326,0.06530007539811164,0.15223007668253394,0.007156337803829863,0.00964560723933921,0.012252060259711702,True
