ID,strat_res0,strat_res1,strat_res2,strat_res3,strat_res4,strat_res5,strat_res6,strat_res7,strat_res8,strat_res9,ancestor,alive_at_end,DIST_TO_GEN,DIFF_MAX_MIN,DIST_TO_GAMMA,SKEWNESS
0,0.06092477281046929,0.05822849484005922,0.0813361752151269,0.11446145526690492,0.1320100838496849,0.15767803284063997,0.1674997721268306,0.03149620539463671,0.12135497403331595,0.07501003362233152,0,True,0.13605192926135148,0.13600356673219388,0.13605192926135148,0.1025349977208105
1,0.0,0.08543030153331317,0.23803861999221504,0.030977805406299606,0.2656835681632461,0.0,0.307015075798687,0.0,0.06161688998942238,0.011237739116816687,0,True,0.36563545852079976,0.307015075798687,0.36563545852079976,0.9177041163318465
2,0.0,0.081604830952902,0.21878931719897582,0.0,0.36756207221249293,0.0,0.2908442981922957,0.0,0.0,0.041199481443333526,1,False,0.41942555209066157,0.36756207221249293,0.41942555209066157,1.147201891337583
3,0.0599914800602689,0.06006732775637051,0.05245082811622571,0.006433652403624726,0.09594307746458555,0.14496493675237934,0.2794041716862674,0.0,0.17097457322345724,0.12976995253682058,0,False,0.253690138207971,0.2794041716862674,0.253690138207971,0.96342533362756
4,0.0,0.07854650195587466,0.3484714114688614,0.030146313747242876,0.23389437432326757,0.018740900717997205,0.2235562110592853,0.0,0.06664428672747093,0.0,1,True,0.37146644258875344,0.3484714114688614,0.37146644258875344,1.148783462326503
5,0.1844829928724599,0.012657771868077643,0.10715526204096584,0.0,0.1500772964438428,0.18897759899309252,0.2333611425939444,0.0,0.07167878697375756,0.05160914821385926,0,True,0.2572371423689438,0.2333611425939444,0.2572371423689438,0.22094425757999026
6,0.08636704116669956,0.12174117928209151,0.22527575875440523,0.08981755648600925,0.10637543933921685,0.03841004114443054,0.2337074755407882,0.014854418726991146,0.08345108955936772,0.0,1,True,0.23599052746183252,0.2337074755407882,0.23599052746183252,0.715595828680485
7,0.0,0.06759649046789452,0.12563346077881393,0.020467950357619457,0.10564571749595003,0.1068180457726257,0.14903833261885904,0.21874057614162748,0.01233233846938915,0.1937270878972208,0,True,0.2260204347142944,0.21874057614162748,0.2260204347142944,0.13703294130799715
8,0.17876976172089123,0.027196263437074812,0.13983114083974021,0.10289977791901045,0.020638003779387532,0.11109019684572347,0.042855872593815694,0.09732791272001612,0.14005748956129951,0.13933358058304107,0,True,0.1610764762488436,0.1581317579415037,0.1610764762488436,-0.35344722888741525
9,0.1412318980309953,0.06785954857012215,0.0828754838622452,0.1223470458890071,0.052705848018490306,0.06576184788015234,0.13448990448805767,0.11222782041506654,0.11179008629132096,0.10871051655454259,0,True,0.0921339120823952,0.088526050012505,0.0921339120823952,-0.27680871946115543
10,0.07040635437861034,0.13993586909942898,0.13811656558947857,0.03971385562068148,0.058056889784670475,0.22404899353969973,0.11958130604319024,0.01772287028187371,0.19241729566236637,0.0,0,False,0.22449774326183242,0.22404899353969973,0.22449774326183242,0.3145325573524126
11,0.021521914881038436,0.0,0.11106604380155892,0.0,0.0,0.12488871437572861,0.10292470379219305,0.2996596382966956,0.1130027131721819,0.22693627168060343,7,False,0.305049386079833,0.2996596382966956,0.305049386079833,0.8639950302251529
12,0.0,0.01984185705342108,0.20205644787612365,0.03233602195006073,0.15271189740139662,0.12761167776737303,0.10696311430504629,0.17507892124749763,0.0,0.18340006239908085,7,False,0.24000231044876855,0.20205644787612365,0.24000231044876855,-0.16023593381628878
13,0.0,0.055752052525849284,0.0,0.08671597001320051,0.1922254015158805,0.052807745885018846,0.22013312863853396,0.11735502132200894,0.0,0.275010680099508,7,False,0.2970334717705161,0.275010680099508,0.2970334717705161,0.6710564147711402
14,0.16294446129444973,0.1376124983237273,0.14624474280786318,0.010200082968899186,0.003941558077313201,0.1489868901713548,0.24700998911787528,0.056575522477619856,0.08648425476089754,0.0,0,True,0.24675198837118065,0.24700998911787528,0.24675198837118065,0.24994324544715732
15,0.09334444041291917,0.14192006791774658,0.03249586292405536,0.042316989923903855,0.0,0.13863252391200698,0.16235580564038846,0.23086236753518927,0.0,0.15807194173379024,7,True,0.23571965296931432,0.23086236753518927,0.23571965296931432,0.08898709223624694
16,0.0,0.0700502781796588,0.04664353839585454,0.08186659603386964,0.12199293180444626,0.29037668517707366,0.21999394043643206,0.08824384649539292,0.05575547199030007,0.02507671148697218,7,False,0.2700139251721815,0.29037668517707366,0.2700139251721815,1.3228986677821541
17,0.0,0.0,0.0,0.1531131813315831,0.1540016900350615,0.16462282969784017,0.27371662915320255,0.0673644904288746,0.13547065352052393,0.05171052583291415,0,False,0.2733969403299634,0.27371662915320255,0.2733969403299634,0.49854462582187914
18,0.0,0.19479915063423428,0.04531039189852764,0.0,0.07280426633128151,0.05614792949588057,0.4014900586488489,0.0,0.029256750038583672,0.20019145295264343,7,False,0.38804591781965,0.4014900586488489,0.38804591781965,1.6455053295722164
19,0.041873756502256845,0.0032156018087146888,0.08334307777358,0.1329619559221941,0.10098013002063302,0.19081909209486209,0.0658103203965439,0.028802723657967606,0.15705560918965097,0.19513773263359668,0,False,0.20224591149649696,0.191922130824882,0.20224591149649696,0.14653825967271872
20,0.13653238445618157,0.16090899336835748,0.041560300775045224,0.10552533272561554,0.08371657502741028,0.23224325095879833,0.006287021534741923,0.0,0.1709435653512451,0.06228257580260449,0,True,0.22689511139089152,0.23224325095879833,0.22689511139089152,0.27740866182108065
21,0.0,0.04610896233503544,0.20598793232616067,0.0,0.06187652647331901,0.27948913026098104,0.14579876253225385,0.06781825729349607,0.12123615633785591,0.0716842724408981,0,False,0.2686882558491996,0.27948913026098104,0.2686882558491996,0.9300381909526153
22,0.001895484181335374,0.0,0.07938403105457673,0.031919142391134345,0.182947918758546,0.16467309239455413,0.176798767812863,0.025804827013795283,0.14203081889835076,0.19454591749484437,0,False,0.24053269666059032,0.19454591749484437,0.24053269666059032,-0.12487068189833882
23,0.07606940330502052,0.04532213251307055,0.07710627084336749,0.04955266786379808,0.019379726652481284,0.11234110871607231,0.2360240740829155,0.13837457219368712,0.07997960928919205,0.1658504345403952,7,False,0.19492455601837166,0.21664434743043423,0.19492455601837166,1.0182980057125488
24,0.1451889970262307,0.029080785600460728,0.10783994361116499,0.0,0.11638392614349678,0.21123969351829672,0.31646573060141553,0.0,0.05136141990780692,0.022439503591127695,5,False,0.30824422491007175,0.31646573060141553,0.30824422491007175,1.1111792793862125
25,0.0,0.0,0.023866745263193354,0.16842682040909673,0.28218216350276387,0.17515467768168316,0.09053638577705644,0.008511943071502732,0.1902091618130674,0.06111210248163618,0,False,0.29567998665319123,0.28218216350276387,0.29567998665319123,0.6178295814387159
26,0.0,0.13284062217554324,0.12480284217994192,0.09931226829774834,0.1914519978136291,0.03477921400157531,0.3064794920179283,0.0,0.051723384745373795,0.05861017876826008,0,True,0.28458550341918476,0.3064794920179283,0.28458550341918476,1.1645690560326574
27,0.012146386259315585,0.0,0.07757849432328272,0.2283542615019437,0.1723585938236338,0.16117780113880023,0.19331823759044425,0.019919964213762017,0.022675993067458367,0.11247026808135929,0,False,0.2548134660781617,0.2283542615019437,0.2548134660781617,0.19759995640703482
28,0.13619527273093748,0.12392873867054689,0.203402161430891,0.0,0.1693688759444269,0.0,0.20121522420215235,0.08969459706432809,0.0,0.07619512995671719,5,True,0.24146247124250947,0.203402161430891,0.24146247124250947,-0.1271054004488905
29,0.1323357111671786,0.1802270702011658,0.09311699411341604,0.0,0.041877340385679064,0.0,0.20187637185913382,0.05884556312343711,0.21652268468573027,0.07519826446425937,9,True,0.239108229239793,0.21652268468573027,0.239108229239793,0.24907412775432783
30,0.0,0.0,0.016289092643423077,0.10743092812497163,0.07812739386818587,0.05852638393291633,0.2552855772812266,0.12458971638330396,0.04518711065627765,0.31456379710969495,7,False,0.32096969789008095,0.31456379710969495,0.32096969789008095,1.2253257723870847
31,0.11520874467728841,0.04293569310132353,0.07436635949328589,0.10719293851395881,0.07518541211744038,0.2477005833549006,0.11544004837815604,0.08925726746103893,0.012388222549047785,0.12032473035355966,0,False,0.18727094977630962,0.23531236080585283,0.18727094977630962,1.3397717490368892
32,0.0,0.12930225686976898,0.03388639458302842,0.15145976649079715,0.09772719242735696,0.22362717814302213,0.14398604608620894,0.0,0.16067210210406932,0.059339063295748125,0,False,0.224579098479224,0.22362717814302213,0.224579098479224,0.0010368844319987472
33,0.07419500192990873,0.0021846311103589557,0.20877349251706945,0.21211814702654702,0.025650396967847336,0.2149094991677187,0.12809845595054137,0.05483530304668583,0.0,0.07923507228332267,0,False,0.2581249845602398,0.2149094991677187,0.2581249845602398,0.3860834172193164
34,0.0,0.1095313709136145,0.07381169453005258,0.003908455033876682,0.0,0.0,0.323672947869299,0.1583183169777735,0.09669458484843806,0.23406262982694576,7,False,0.3338032168478305,0.323672947869299,0.3338032168478305,0.9975113770609135
35,0.006775796562080542,0.02934124122663943,0.13717926659179538,0.09811507393714314,0.08979410559973204,0.20133538146959684,0.19368796448178732,0.0,0.18756861930349727,0.056202550827728064,0,False,0.23196162884440635,0.20133538146959684,0.23196162884440635,0.10148982263521482
36,0.0027982137054158238,0.03937230441626028,0.12751461122633304,0.07344372070564542,0.2977801800054157,0.1628896937500818,0.15929281198407666,0.0,0.10274077755072746,0.03416768665604386,0,False,0.27480056515458773,0.2977801800054157,0.27480056515458773,1.0425676518872815
37,0.0685855162170968,0.03642010552847558,0.19533147218016456,0.008673486705828196,0.0731885958396609,0.09015790507181301,0.18501304026137316,0.057075956233337395,0.08854567050624985,0.19700825145600054,7,False,0.20465850991091292,0.18833476475017236,0.20465850991091292,0.5438324639823705
38,0.1027868544325125,0.15077116286036446,0.07739327874662681,0.1982384929137271,0.04734940938930438,0.017913032652534196,0.060507191271459086,0.19923731455138594,0.1210702677897667,0.024732995392318758,8,True,0.19943545943375718,0.18132428189885175,0.19943545943375718,0.40986748651317173
39,0.1290982057203643,0.050026675869526104,0.2014721319262537,0.050377442253988054,0.0013723746266483333,0.017799087705565597,0.15010678357156604,0.20216920015858914,0.0,0.19757809816749874,7,True,0.2550649905954412,0.20216920015858914,0.2550649905954412,0.09695443336391789
40,0.0,0.0,0.08232450771803235,0.1929651320532066,0.27153788219361213,0.048961549764504106,0.10553333019599011,0.0,0.1786715080818975,0.12000608999275726,0,True,0.2785770536112532,0.27153788219361213,0.2785770536112532,0.5563875220319865
41,0.17033233620592333,0.03267704180495973,0.0,0.0,0.06498358078242412,0.06141754598580326,0.2115710247214773,0.3251972473499172,0.0,0.13382122314949513,7,True,0.3263426764853182,0.3251972473499172,0.3263426764853182,1.0563714382928202
42,0.07817007167704292,0.054197320246726584,0.0,0.06701051872202217,0.10440588596053331,0.10608763924428637,0.11207835429945188,0.22303922002755147,0.04632755809199715,0.20868343173038822,0,True,0.20903723104139948,0.22303922002755147,0.20903723104139948,0.7601187522441092
43,0.18246086982859813,0.0794828147339284,0.1007626591408023,0.008864732598570747,0.08589374636858457,0.020995842913620454,0.2576275176970648,0.03172640210663838,0.08040440532479276,0.1517810092873995,0,True,0.23353926981133005,0.2487627850984941,0.23353926981133005,0.8916992396697162
44,0.19017813720170607,0.0888738423900235,0.07534725748190871,0.0,0.0826357643741905,0.22902704480907063,0.21147015651503664,0.12246779722806399,0.0,0.0,14,False,0.2621898895891941,0.22902704480907063,0.2621898895891941,0.26136308450248963
45,0.0,0.11121275864972077,0.0,0.014160576086864739,0.1516550661714308,0.16241024387756206,0.2020623498935969,0.2359724394751373,0.0,0.12252656584568745,7,False,0.2710536677260252,0.2359724394751373,0.2710536677260252,0.0637120067842579
46,0.1606467617918485,0.04691157766267698,0.0,0.0,0.16854451546241905,0.15529114241017822,0.26885007385528154,0.0,0.04149368313529497,0.1582622456823007,5,False,0.2820987365392757,0.26885007385528154,0.2820987365392757,0.3968925763958956
47,0.0,0.17298124620724664,0.03567292025135201,0.0,0.09181578658831357,0.15983664990846766,0.24529851865775748,0.12217957121539422,0.026238558886403435,0.1459767482850651,7,False,0.24953926743069613,0.24529851865775748,0.24953926743069613,0.26799912152470495
48,0.0,0.0,0.07199971488585231,0.0,0.17033094275542104,0.04204493019270518,0.28693215530637445,0.11734699044563726,0.0,0.3113452664140097,7,False,0.3591665602367856,0.3113452664140097,0.3591665602367856,0.9800343788151408
49,0.01035740745327169,0.1439790530507119,0.133684211486827,0.14778883375997437,0.08562144756036057,0.12584214261001953,0.10254865086630362,0.0,0.12711893948216402,0.12305931373036719,0,True,0.15980167019118094,0.14778883375997437,0.15980167019118094,-1.324580746661398
50,0.0,0.05602479565033631,0.0,0.0,0.0,0.1893009756609076,0.143625907332261,0.39131451389216976,0.0,0.21973380746432547,7,False,0.4012630475090911,0.39131451389216976,0.4012630475090911,1.2855658497467395
51,0.048777811071454825,0.06898628441234368,0.1502014149923951,0.0,0.22834718702174406,0.0,0.18203400880074058,0.0,0.2619003444286965,0.05975294927262532,29,False,0.29519463222612846,0.2619003444286965,0.29519463222612846,0.5550099279102095
52,0.035732972040343286,0.08020513408393841,0.029209236240584094,0.11155364031564739,0.2250576339739391,0.07864833880143605,0.22788701329491867,0.10204812379221659,0.05190100042314308,0.057756907033833384,0,True,0.21498717946168455,0.1986777770543346,0.21498717946168455,1.2169547199800068
53,0.006299325928298036,0.04694811629941233,0.0,0.31236130157980685,0.2990049904930303,0.17675695476393272,0.0,0.0,0.09073155968438974,0.06789775125113003,0,True,0.36510644447985785,0.31236130157980685,0.36510644447985785,1.0713399540137771
54,0.09579890287364314,0.07436579170927513,0.05321239145280103,0.03788657492251206,0.07043588125934659,0.021843165679657325,0.21320257775379292,0.22002930088769604,0.18694207324472423,0.026283340216551595,0,False,0.23220545712683244,0.1981861352080387,0.23220545712683244,0.7710331106117154
55,0.0,0.07560040282929854,0.0,0.19688129625662518,0.0,0.15109649840289588,0.08093265531160539,0.2693610296596445,0.07219030747441287,0.15393781006551757,7,False,0.27444774804936223,0.2693610296596445,0.27444774804936223,0.5468484213516392
56,0.06848766897086515,0.0056876750077117875,0.0,0.2841584997336042,0.0,0.07591949799446444,0.18358861754432523,0.1662837288999169,0.0,0.21587431184911235,9,False,0.31494366337436563,0.2841584997336042,0.31494366337436563,0.5753071720674788
57,0.06551362878441266,0.08444019645652925,0.13038863781511853,0.09280493715135098,0.12356204567833803,0.012656253162259148,0.08145135067538656,0.07812217221524226,0.17203767046959853,0.15902310759176405,0,True,0.14172720475833506,0.15938141730733937,0.14172720475833506,-0.14193316582197077
58,0.08773421721736613,0.004246154549873546,0.1528797691279832,0.0,0.17775520165520714,0.23698207221335238,0.0739175804113484,0.0,0.20683499137213432,0.05965001345273479,0,True,0.26579617609841427,0.23698207221335238,0.26579617609841427,0.28846340801995163
59,0.16130142350014717,0.02969273061131019,0.20701978902380314,0.1605304826582717,0.017375916167972683,0.11265465898765088,0.0,0.0,0.23340185673607441,0.07802314231476987,20,True,0.26283848367981705,0.23340185673607441,0.26283848367981705,0.23372289336448432
60,0.28641077509594287,0.0,0.0,0.2675121702980148,0.04774549021426793,0.005685198522373796,0.0876902426698858,0.15468719426047708,0.15026892893903768,0.0,9,True,0.3318196865751337,0.28641077509594287,0.3318196865751337,0.768285701479983
61,0.08151198848428352,0.0,0.0004671703578486565,0.23670631772448872,0.07756759191984915,0.20276189691664548,0.1876993457682621,0.0,0.12276068343528279,0.09052500539333955,0,False,0.26134159241071436,0.23670631772448872,0.26134159241071436,0.2776996979067498
62,0.07356454147479914,0.0,0.05601038226522868,0.11902215023173957,0.0,0.18262824905785585,0.16706456485786333,0.07754894950362026,0.21445487406849345,0.10970628854039974,0,False,0.2191324381302882,0.21445487406849345,0.2191324381302882,0.09194721591007983
63,0.06456852404831048,0.018678979873516605,0.07407513187770096,0.0,0.21753970795857758,0.07049242350908011,0.1835339882770178,0.0,0.3037894727541261,0.06732177170167028,0,True,0.3046355521186394,0.3037894727541261,0.3046355521186394,1.0624703085245233
64,0.0,0.13335471727929712,0.0671578923738016,0.1391554362943369,0.17736075442656873,0.10202253495311568,0.17648246975940765,0.1736488730838484,0.030817321829624024,0.0,7,True,0.21394633441225935,0.17736075442656873,0.21394633441225935,-0.3674377323022183
65,0.07067329281880509,0.14210477100054125,0.10713318886836498,0.22811940020159524,0.0,0.0781276722303838,0.14795189369093673,0.1549060813633997,0.07098369982597309,0.0,9,False,0.21385213785143645,0.22811940020159524,0.21385213785143645,0.1509581241458147
66,0.0,0.2669792903370194,0.052676314559141006,0.21208160610481339,0.0,0.06640874161286033,0.0208936049022404,0.23601882388174772,0.12180910409083527,0.02313251451134255,38,False,0.3081484434722277,0.2669792903370194,0.3081484434722277,0.7045584176436046
67,0.08545756399995522,0.08799452607116294,0.1431749174145839,0.0843192508489669,0.0546887891839328,0.10274197505903913,0.23142849876590507,0.04551134097599628,0.04381946835511776,0.12086366932534004,0,False,0.16840488880469007,0.1876090304107873,0.16840488880469007,1.5067686667753482
68,0.07182686092814956,0.0943114065911224,0.05978567318238602,0.13592874452981296,0.1588325543617189,0.3250999053004713,0.0,0.0,0.0,0.1542148551063389,20,True,0.30133808248912525,0.3250999053004713,0.30133808248912525,1.1960892103154688
69,0.008293062171490095,0.20639350974579068,0.051584313931353196,0.07109932828630572,0.04379549482270627,0.0,0.10680186662427466,0.22576016003000357,0.15077596503706187,0.13549629935101393,38,True,0.23615267176244908,0.22576016003000357,0.23615267176244908,0.36527021377554025
70,0.15523527709749987,0.0,0.0,0.11761406173848206,0.21436178499357883,0.12047379007373323,0.18547773089035285,0.034514028744073645,0.17232332646227957,0.0,0,True,0.2523578875603665,0.21436178499357883,0.2523578875603665,-0.13993902682327425
71,0.14671789391634005,0.006403828866881476,0.037859021591867555,0.2797217655908564,0.21286805432073586,0.06542223890316633,0.035021362488965035,0.16170112182941512,0.0,0.05428471249177237,9,True,0.2848827436257769,0.2797217655908564,0.2848827436257769,0.8285788886539921
72,0.08488229904347457,0.21917384016781136,0.3179866609118079,0.04326067546969899,0.004879590998619831,0.0,0.32981693340858736,0.0,0.0,0.0,6,False,0.4086957296523971,0.32981693340858736,0.4086957296523971,1.0515271674874267
73,0.15729826569669267,0.057173917608472194,0.10889596877738006,0.08027562076906883,0.08734846010034286,0.25628233088061797,0.06222328156079198,0.11693321655470026,0.07356893805193314,0.0,0,False,0.20635405909098595,0.25628233088061797,0.20635405909098595,1.2163411972307483
74,0.10809329864963575,0.17789902446379788,0.16549978742924373,0.13296572289990502,0.054558651654659965,0.0,0.25907984870895195,0.042011122742104307,0.02532253169811394,0.03457001175358745,6,True,0.24920383716803957,0.25907984870895195,0.24920383716803957,0.6858309249593456
75,0.07303201228947603,0.10745965084694074,0.0,0.1891159335020251,0.02953327018693673,0.06591728972611444,0.10298650951011624,0.1395126436084279,0.16950526366189733,0.12293742666806544,38,True,0.1782667522811107,0.1891159335020251,0.1782667522811107,-0.19289427650815236
76,0.08273078979214421,0.1262468416723599,0.06233702325769256,0.06845184847896318,0.019365514265509826,0.03430270233007526,0.08908436315582631,0.14047025451945658,0.18437663573886146,0.19263402678911068,8,True,0.17797874990463605,0.17326851252360084,0.17797874990463605,0.3863678284451542
77,0.19207927914945586,0.19310221417062493,0.0,0.214509597739654,0.0,0.011795005674010739,0.0,0.22664028939703193,0.14054831789376923,0.02132529597545335,38,True,0.3031679781352735,0.22664028939703193,0.3031679781352735,0.13642291487062805
78,0.0,0.12222504120199211,0.1053840959489313,0.0,0.0,0.16809476044591135,0.16136647968074197,0.16184266351424617,0.06205535133146112,0.21903160787671586,15,False,0.2415750757860626,0.21903160787671586,0.2415750757860626,-0.1525840189136837
79,0.0028812982319948183,0.0,0.192839068137147,0.17883651555618793,0.019061381144344296,0.35912807198479485,0.12794238793185925,0.06370637944866961,0.0,0.05560489756500233,0,False,0.3493331901778131,0.35912807198479485,0.3493331901778131,1.3309324702631844
80,0.0,0.15145013182939615,0.165921068167814,0.019270260050779017,0.2137778134831337,0.10229350611178578,0.25664634188720387,0.004729233495864628,7.365668374526013e-05,0.08583798829027782,6,True,0.28330386029554344,0.25664634188720387,0.28330386029554344,0.38721147228701264
81,0.0,0.03977091271071161,0.17571347010964927,0.12088905793804698,0.10992091109508438,0.08881248622353105,0.2546347864367326,0.1854507231725416,0.0,0.024807652313702664,0,False,0.2586264538139149,0.2546347864367326,0.2586264538139149,0.4597113749983641
82,0.0,0.0,0.09421357461732403,0.15031465816477202,0.1574804709562048,0.15264686902405955,0.20975550514223792,0.03568518779942646,0.12217434579013858,0.07772938850583674,0,False,0.21403526024769418,0.20975550514223792,0.21403526024769418,-0.18396322219271696
83,0.19769226099305057,0.0,0.0,0.03293887221915268,0.17792695262859928,0.09791783570419828,0.35420792005671725,0.0,0.09943955883218798,0.03987659956609388,0,False,0.3440272112274098,0.35420792005671725,0.3440272112274098,1.3182971737695874
84,0.020112033323444772,0.22970809666094338,0.2792748648557885,0.009591454332661299,0.08502290858801846,0.16435204566079614,0.0,0.05776235532417967,0.10344888056793922,0.050727360686228525,20,True,0.28654609628405925,0.2792748648557885,0.28654609628405925,0.9186015016293264
85,0.06059857709891701,0.22974571637842373,0.09419424374438776,0.09664460834378831,0.0,0.08816409823945925,0.0006226056718356061,0.10519146400813066,0.1622724699695507,0.16256621654550696,9,True,0.21509692430498104,0.22974571637842373,0.21509692430498104,0.23595250003725943
86,0.0,0.23601722267642464,0.07886848828135486,0.04628887485017482,0.23993019128879917,0.0,0.13635455599654714,0.1642894229304173,0.09825124397628204,0.0,6,True,0.27725513672638435,0.23993019128879917,0.27725513672638435,0.423282841004816
87,0.0,0.1094728381744709,0.08239363638533753,0.17054830369925603,0.1729487042565498,0.07443698138393184,0.15383879261561095,0.09758436746077805,0.1387763760240649,0.0,0,True,0.18910267433212014,0.1729487042565498,0.18910267433212014,-0.5920581226286555
88,0.0,0.062144423330979574,0.0,0.03111058374024154,0.1798354085128877,0.21328459258473506,0.11294140336249467,0.26859377646271465,0.009989205077551624,0.12210060692839526,15,True,0.28734580062911746,0.26859377646271465,0.28734580062911746,0.5780623232223944
89,0.060779433086632466,0.0,0.0,0.23594223440855058,0.0,0.0,0.395833649592131,0.12679241727319604,0.136355379375569,0.04429688626392073,15,False,0.3907409324715958,0.395833649592131,0.3907409324715958,1.5235034976619997
90,0.03903673121818721,0.12387205228784942,0.18364583283799427,0.0632227727413875,0.0,0.11021868405080598,0.21721610173724704,0.0,0.06998678750757854,0.1928010376189501,0,True,0.23662723075433764,0.21721610173724704,0.23662723075433764,0.1998973975194175
91,0.1725437844901472,0.20313742814234545,0.16686928581846067,0.0,0.008774958989083747,0.23827004241558675,0.18961588282434072,0.020788617320035542,0.0,0.0,14,False,0.3035086382219634,0.23827004241558675,0.3035086382219634,0.11869419223667134
92,0.2350415341887918,0.1442225877085908,0.1787132240646385,0.04957207515968097,0.0014411347669517254,0.22630356413863892,0.0,0.041929787315125235,0.0572184484924071,0.06555764416517508,20,True,0.26643146834096576,0.2350415341887918,0.26643146834096576,0.5256518745669739
93,0.18389194066186662,0.1453187477179292,0.060775405606240104,0.23238122685041832,0.0,0.01937669906032555,0.0,0.35643456376806737,0.0018214163351528369,0.0,38,True,0.3742363438661137,0.35643456376806737,0.3742363438661137,1.0972132608744334
94,0.10654746261493052,0.00648619889943891,0.2744912624352827,0.0,0.0,0.07177396607592393,0.2319105146689459,0.07168402965114443,0.0,0.23710656565433372,7,True,0.3271574518834327,0.2744912624352827,0.3271574518834327,0.6771217324657877
95,0.12433963329738075,0.05211538696322015,0.20980772042238702,0.1845029368416324,0.04404319731764194,0.0,0.005473480323404748,0.19552363781818402,0.03145205516362815,0.152741951852521,38,True,0.24648643372624132,0.20980772042238702,0.24648643372624132,0.1273309899123951
96,0.13985882418496373,0.043456479386147974,0.20499821571828739,0.15979777011906574,0.05603136733664716,0.09334593570147459,0.26105472082334447,0.0,0.041456686730068935,0.0,6,False,0.2659506609544975,0.26105472082334447,0.2659506609544975,0.627078304622764
97,0.08593412532425768,0.09247484612435518,0.0,0.1603542595153713,0.07206589788628255,0.0,0.15103413077978337,0.2557248756337963,0.13113952682124105,0.05127233791491262,8,True,0.2342567011898119,0.2557248756337963,0.2342567011898119,0.5888573906471044
98,0.043952007322722204,0.2504833831711915,0.0,0.08354171810540724,0.09807042545009724,0.22215679811399047,0.14300989481895612,0.0,0.057074291397425786,0.1017114816202095,20,True,0.25432047577974265,0.2504833831711915,0.25432047577974265,0.6954446852936815
99,0.04796880952192924,0.06326457359390512,0.12322243941666224,0.0052272465198726645,0.1493848973627184,0.14579980946828394,0.07275901387772658,0.15381601044940732,0.0,0.23855719978949452,7,True,0.2257226514651028,0.23855719978949452,0.2257226514651028,0.3205377583689891
100,0.1465954913547051,0.10862517623436733,0.11866024115903295,0.23040604373548232,0.04492375806347074,0.0,0.015637097168355797,0.115386471047938,0.1717098670020135,0.0480558542346344,38,True,0.21869432758669274,0.23040604373548232,0.21869432758669274,0.28348867836814784
101,0.07405981273518952,0.0,0.09833662513044791,0.14895484885736607,0.08192749765025772,0.07622655394699172,0.0918768393673929,0.1542698763021599,0.026090809363471485,0.2482571366467227,0,True,0.21075573936692918,0.2482571366467227,0.21075573936692918,0.8391465022762971
102,0.09573713665269423,0.15429506018514302,0.048615740392533094,0.02199989687077982,0.08548988347886309,0.0,0.0,0.20652831068718017,0.07447462148749312,0.3128593502453134,7,True,0.2986803578784312,0.3128593502453134,0.2986803578784312,1.1798696432418758
103,0.2138015484316065,0.0,0.03876602652793612,0.03932824713087388,0.14759846499316234,0.22930834118299842,0.13046996735834074,0.0,0.03918636717594877,0.16154103719913315,0,True,0.26034924736908116,0.22930834118299842,0.26034924736908116,0.28205259153495055
104,0.20106968284422486,0.2704988296633566,0.004843671421105145,0.0,0.059561924679630805,0.15170342472251327,0.0,0.12017789562121274,0.19214457104795657,0.0,20,True,0.30256554675703906,0.2704988296633566,0.30256554675703906,0.4047851605296798
105,0.08522430294068603,0.08471647478380244,0.0,0.23316139811031586,0.03373558683423449,0.16022133849469616,0.20498757330363201,0.04918941803745636,0.14876390749517665,0.0,0,False,0.24936614011803782,0.23316139811031586,0.24936614011803782,0.34433473357234495
106,0.14302127994654235,0.0,0.14389113213622579,0.0,0.10660676186986985,0.20017704284073545,0.22823051817162945,0.0,0.1396270902855284,0.03844617474946874,0,False,0.256239334804774,0.22823051817162945,0.256239334804774,0.02391567535237475
107,0.04943127538130514,0.11434401468865923,0.0,0.12472391880408445,0.12022803725407305,0.2033707333556291,0.11352326005292218,0.10417866622147896,0.11695855236567883,0.05324154187616907,20,False,0.16475189392514,0.2033707333556291,0.16475189392514,-0.0781644557812119
108,0.05542636404388561,0.11739571163480805,0.0,0.20733570194894357,0.09718295047961356,0.022696241425008815,0.3823696297185933,0.0,0.11759340074914715,0.0,0,False,0.3603280659533177,0.3823696297185933,0.3603280659533177,1.6200242564885496
109,0.07156042564803465,0.10932049753738694,0.10106553226797065,0.040243066191519426,0.047823592865608965,0.15140784476991728,0.09744172801675964,0.1088973607252814,0.0716265749431903,0.2006133770343307,38,True,0.14438373245395428,0.16037031084281125,0.14438373245395428,0.9401393691996709
110,0.09213838217205317,0.0,0.12340376036142568,0.12566939738122193,0.24367561303218818,0.19844230842114993,0.16965501691796536,0.01050875831417464,0.0365067633998211,0.0,0,True,0.26171343809132513,0.24367561303218818,0.26171343809132513,0.2749611023994677
111,0.19977855913370826,0.09880588243735904,0.0,0.04948420576645665,0.0,0.2132519335767119,0.25499478481397886,0.0,0.1836846342717853,0.0,0,False,0.31042154248408094,0.25499478481397886,0.31042154248408094,0.3292811417427103
112,0.18475801185943,0.2840158723041006,0.0,0.0,0.07502167665448306,0.14351389862821948,0.0564227736320656,0.11756003375914054,0.13870773316256071,0.0,20,True,0.2779725811933811,0.2840158723041006,0.2779725811933811,0.6787239382892948
113,0.09864270336701585,0.17727628379315757,0.04336538859188957,0.09878781521599735,0.037430942470712186,0.2820286946010805,0.0,0.042231645114686064,0.08087448975514493,0.13936203709031605,20,True,0.2479598464324145,0.2820286946010805,0.2479598464324145,1.2120269318625267
114,0.09509359649764335,0.011492899733371538,0.3407275689256848,0.0,0.08102836054043244,0.0,0.1439510407646224,0.14313154458611552,0.0,0.18457498895212993,28,True,0.3272800299690154,0.3407275689256848,0.3272800299690154,1.1788317160517967
115,0.12515034910595174,0.12419652273074705,0.10358445328240627,0.11156038315909472,0.06652050063121441,0.05581472989523229,0.054643435059438916,0.14983492944802543,0.08246156452400077,0.1262331321638882,9,True,0.09987106501442874,0.09519149438858651,0.09987106501442874,-0.18449645766640277
116,0.26227701290400246,0.11365572800389835,0.07443169008839165,0.0471222551271062,0.10449094307048849,0.1559322022973803,0.05505865507746709,0.0,0.18703151343126542,0.0,20,True,0.25042541970818616,0.26227701290400246,0.25042541970818616,0.681684456032729
117,0.17954226471507315,0.05653002976550146,0.0,0.12728408533714702,0.16718304843838644,0.22293680982608657,0.04675725419231495,0.025640692690039248,0.13408101428122174,0.04004480075422926,20,True,0.22739457056922333,0.22293680982608657,0.22739457056922333,0.27575909578146796
118,0.1732285492894902,0.10496962865325751,0.11949223658340133,0.05136954853533966,0.0767105861226884,0.1616992454655331,0.045336493159736264,0.0,0.16228893631880928,0.10490477587174418,20,True,0.1713862503837331,0.1732285492894902,0.1713862503837331,-0.30846552525691906
119,0.32972522718404573,0.05171466183204663,0.15576587004199519,0.0,0.1776837009886889,0.0,0.08363033841052302,0.0,0.061268754507006674,0.14021144703569377,9,True,0.31246564486082734,0.32972522718404573,0.31246564486082734,1.1868748599749983
120,0.07424051470671139,0.1955013427480978,0.1864574584736636,0.0,0.0642747634220119,0.0,0.23453955805659313,0.12955616780942364,0.0,0.11543019478349835,28,True,0.2602840618482857,0.23453955805659313,0.2602840618482857,0.19551474924163423
121,0.0,0.14351651346755298,0.025614816650081394,0.11730601900007954,0.08498924454590484,0.28781830283969334,0.12965194869486968,0.05875507822767991,0.10930400419886557,0.04304407237527272,9,False,0.24318368000345525,0.28781830283969334,0.24318368000345525,1.322012856980181
122,0.0,0.24825596033069508,0.1354235571028298,0.07459602531281112,0.05493895533150692,0.2721045279649222,0.06900283057893006,0.0,0.04375019905628328,0.10192794432202167,20,True,0.2822393806356248,0.2721045279649222,0.2822393806356248,1.0149666269278357
123,0.03321637960539096,0.0,0.2749147143238736,0.07866920831958082,0.04504547529194484,0.21186860260984167,0.026373187519271063,0.0,0.27504708706105496,0.054865345269042104,6,True,0.33036997928354456,0.27504708706105496,0.33036997928354456,0.9516580546008813
124,0.0894016135775715,0.0,0.20333700528111665,0.03411268823281802,0.0,0.07420871598540214,0.0997110565796516,0.22024051369757316,0.0,0.2789884066458669,7,True,0.3037958277765493,0.2789884066458669,0.3037958277765493,0.7050838351240671
125,0.07066974659777528,0.1423470449635541,0.20218309590220207,0.0,0.02211668375292994,0.12210146251324867,0.032535523810954994,0.07378448053898047,0.2479768873526266,0.08628507456772783,0,True,0.23869054033008164,0.2479768873526266,0.23869054033008164,0.7083154154547214
126,0.13541969135284349,0.023312520104190673,0.16809375130292079,0.036577808281198686,0.040021066873047476,0.11805230413680072,0.11785360391830675,0.024693522786793654,0.2599689420467215,0.07600678919717607,8,True,0.22775769767063264,0.23665642194253084,0.22775769767063264,0.9847775510091529
127,0.04238550153081626,0.25282370048850816,0.2051942777648272,0.1821804722065658,0.0,0.0,0.06525525830936195,0.10396521221846358,0.14819557748145706,0.0,38,True,0.27935589061853044,0.25282370048850816,0.27935589061853044,0.3727680914732976
128,0.0,0.0,0.04952159649156097,0.323235480704712,0.0,0.065857793190834,0.10520801008367585,0.0661246150046251,0.29243252857839935,0.09761997594619264,9,True,0.34893903048987546,0.323235480704712,0.34893903048987546,1.3277874142431985
129,0.12701716375301228,0.21800836278538965,0.1501899155038513,0.06289751721496156,0.06597515091455201,0.30989415200248244,0.0,0.0,0.06601773782575072,0.0,20,True,0.30809018519623627,0.30989415200248244,0.30809018519623627,1.0139112178426952
130,0.06589939662893497,0.08403898635632459,0.14908399293127594,0.0,0.10269079938710929,0.07280046204965407,0.20485208381753897,0.06053951036636348,0.0,0.2600947684627988,7,True,0.2505101262366444,0.2600947684627988,0.2505101262366444,0.7750082030785176
131,0.0,0.09406769290114549,0.1240482532297825,0.11765693259111777,0.2510298604222371,0.07167276838545496,0.14386054342563442,0.0,0.11826882492149732,0.0793951241231303,0,True,0.21730114346927892,0.2510298604222371,0.21730114346927892,0.5566729019924113
132,0.04504217463477004,0.16060623264744625,0.0,0.12432229439111583,0.10490280368490824,0.06672550751378115,0.26771365159893773,0.0,0.14492361826479863,0.085763717264242,0,True,0.2424148376234661,0.26771365159893773,0.2424148376234661,0.74747049677407
133,0.2013655552035781,0.12650028844165434,0.11905019840349086,0.0,0.0,0.16203538216595365,0.34237114088292236,0.004209485922285544,0.04446794898011515,0.0,6,False,0.3408693899128317,0.34237114088292236,0.3408693899128317,1.0882154292573643
134,0.0032126392089985994,0.0,0.25856750616819413,0.0,0.2248213507624072,0.08746734733101776,0.26134970018642645,0.10611596940573799,0.058465486937217974,0.0,5,True,0.32870219168381737,0.26134970018642645,0.32870219168381737,0.6496105043471262
135,0.012376810210773408,0.01156512809137292,0.14737659370323586,0.07976751593125378,0.04748432219596866,0.23040572495214778,0.08631504022216317,0.26321669609563414,0.0,0.12149216859745032,7,False,0.2742350740439241,0.26321669609563414,0.2742350740439241,0.7567497966077046
136,0.09930331226296353,0.08010400224857364,0.03649928050818179,0.17393966310471584,0.10435083936802747,0.06247085680486582,0.06934156736235472,0.14858870643548486,0.07315362709275967,0.1522481448120726,9,True,0.13444149622776855,0.13744038259653404,0.13444149622776855,0.45787943850158924
137,0.09478328069768471,0.013671194857752757,0.1726981266078978,0.0646846758186675,0.20605970106909097,0.0,0.16357218784675762,0.14070546264090925,0.05199917860592591,0.09182619185531336,28,True,0.20815853197332213,0.20605970106909097,0.20815853197332213,0.042782005463680405
138,0.1809393293659062,0.04198283124919478,0.027929548600355326,0.056865890546819516,0.0,0.052994230356283395,0.20358641653304696,0.288158230144077,0.1178595103892492,0.029684012815067534,8,False,0.28386330526746906,0.288158230144077,0.28386330526746906,1.0177001845111975
139,0.0,0.35325882483077164,0.03209550534402087,0.1686848281978811,0.0,0.17682564512202503,0.0,0.0,0.2691351965053013,0.0,20,True,0.39746390127786707,0.35325882483077164,0.39746390127786707,0.9882161096839298
140,0.0322973282646377,0.2401021075459516,0.04042977690174054,0.22432358844718372,0.0,0.0,0.09497189584512257,0.1632748812130051,0.17062328643557773,0.03397713534678101,38,True,0.2767541835116063,0.2401021075459516,0.2767541835116063,0.436528281143263
141,0.16360996381806028,0.0,0.07200844402491716,0.033967045384574304,0.052425937955818694,0.07976826777151098,0.12685087607848342,0.3250732322931523,0.14629623267348282,0.0,38,True,0.2922071025270596,0.3250732322931523,0.2922071025270596,1.4055911409710438
142,0.14984367909677956,0.11464273722159807,0.0,0.19567730063411296,0.0,0.017816667174349907,0.06136688774554655,0.09901488535930796,0.18040815634587629,0.18122968642242873,9,True,0.2305737832598386,0.19567730063411296,0.2305737832598386,-0.16949855680064832
143,0.06341248170764462,0.03729812962369178,0.10501282889842674,0.0,0.0403873105859422,0.0,0.2978362359628642,0.27304272650575656,0.02479021893987977,0.15822006777579425,28,True,0.3270749473005416,0.2978362359628642,0.3270749473005416,1.0920396047871317
144,0.12635451928300453,0.2558487298720104,0.06870188415541842,0.0,0.20373531959803068,0.07254646434378094,0.20553918669299842,0.012771399623930424,0.046724807177921004,0.007777689252905204,29,True,0.27851072137004323,0.2558487298720104,0.27851072137004323,0.5979777358306961
145,0.16224653715014117,0.21679551277598016,0.15592775189278404,0.09262831891967431,0.0,0.0,0.12351671176414769,0.1403107021372933,0.0,0.10857446535997935,9,True,0.2301077751852987,0.21679551277598016,0.2301077751852987,-0.2806663534218169
146,0.16690874859838634,0.11140253814743045,0.06121390781877055,0.02696435103194578,0.12549331774904748,0.25033584675013104,0.0,0.0,0.1985572205982162,0.059124069306072335,20,True,0.25706129423185115,0.25033584675013104,0.25706129423185115,0.47605052027010375
147,0.1578746873861379,0.0,0.14434697942447924,0.14081487220787722,0.07467096064039289,0.0,0.09171571707522513,0.19690518222165448,0.08802393915207195,0.10564766189216125,7,True,0.19302360958083722,0.19690518222165448,0.19302360958083722,-0.3959254675257542
148,0.09921483770027396,0.0,0.2040732404868605,0.0,0.032418042536445556,0.013970585008012449,0.020427477701728862,0.17034603225983785,0.23018309362052058,0.22936669068632004,8,True,0.29624983741276945,0.23018309362052058,0.29624983741276945,0.3457900514805301
149,0.13242315637143828,0.053563564877696604,0.0,0.08387773648414026,0.0,0.2877928250046798,0.05320594124730185,0.08124588502388194,0.1394228258501573,0.1684680651407039,20,True,0.25984055107946424,0.2877928250046798,0.25984055107946424,1.0314972183493603
150,0.09009959468389153,0.06578501574264434,0.12668205316794096,0.15144447795795854,0.11508902803626245,0.16825832629439252,0.08075249713264339,0.05124536442264442,0.01686880583399556,0.13377483672762633,98,True,0.14252383386199763,0.15138952046039697,0.14252383386199763,-0.2893821138007713
151,0.09277505714860844,0.0,0.0,0.04424442387444942,0.2733607681566668,0.3379497021781336,0.04979685983126957,0.0,0.0,0.20187318881087227,68,True,0.3778007446421021,0.3379497021781336,0.3778007446421021,1.073712540175088
152,0.11003604850384593,0.21945252916529925,0.24832885950558797,0.0,0.22753736413637451,0.0,0.1605041756549809,0.03414102303391146,0.0,0.0,28,True,0.31723023015682067,0.24832885950558797,0.31723023015682067,0.3499564493307963
153,0.09767405443274293,0.31807218764880835,0.0,0.10505549050655799,0.024306526601645517,0.04775923520030279,0.21161039631145845,0.16356338684763372,0.0319587224508502,0.0,38,True,0.31172399108475546,0.31807218764880835,0.31172399108475546,1.1298624939653885
154,0.1673150193216572,0.11748523130486374,0.11372669868689818,0.09803819352722769,0.2258318582144376,0.0,0.12748494419036213,0.03249653562976258,0.054230181499779324,0.06339133762501158,6,True,0.19902307134801173,0.2258318582144376,0.19902307134801173,0.41553711864011666
155,0.18968133359914746,0.19063700855452373,0.05525033099770569,0.03793155808642924,0.08321221971037737,0.0836479476118645,0.005056715317498923,0.0,0.27818226893669284,0.07640061718576029,20,True,0.2719965654131095,0.27818226893669284,0.2719965654131095,0.9161489753018061
156,0.019181015724468616,0.13014842630696732,0.06632090847058321,0.11395406467693713,0.04651596188115128,0.05096240275059781,0.0711709561857857,0.09285430282528251,0.22363532651187723,0.1852566346663491,9,True,0.19357536957099605,0.2044543107874086,0.19357536957099605,0.8676877874932493
157,0.0,0.0,0.08507938833925462,0.0,0.005831668073182936,0.15906568161608667,0.1113076267968063,0.34303639415810383,0.0,0.2956792410165657,7,True,0.3873809117767048,0.34303639415810383,0.3873809117767048,1.1106497741591528
158,0.10786146942690354,0.124778684957899,0.0,0.13517355976440726,0.2422504875153819,0.22747967611856337,0.0,0.0,0.1602988313463641,0.002157290870480681,20,True,0.2856718030353922,0.2422504875153819,0.2856718030353922,0.20781236932043978
159,0.11041027007279884,0.20880460171871587,0.1322868687698748,0.04929269088512736,0.08193780619080432,0.04299366669547327,0.16115693395181765,0.18398944518266303,0.029127716532724893,0.0,38,True,0.21202294943982702,0.20880460171871587,0.21202294943982702,0.18356890171326937
160,0.27130517831387724,0.0,0.04883626729554432,0.0783854378694511,0.0,0.2638231777651869,0.027465388945163052,0.026284697271417603,0.28389985253935973,0.0,20,True,0.36576329224215887,0.28389985253935973,0.36576329224215887,0.8979277719160191
161,0.0,0.24677671604317644,0.0,0.17432528626335964,0.0977867546937485,0.014499494889769749,0.0,0.2686769462291799,0.11062400089609714,0.08731080098466865,38,True,0.3051371572511817,0.2686769462291799,0.3051371572511817,0.6264251883029361
162,0.04138186600027192,0.11706121847371188,0.17216192260895058,0.0,0.09161189421637561,0.0,0.1330325832139308,0.28937087966575303,0.07717944628996788,0.07820018953103831,7,True,0.2587534835126993,0.28937087966575303,0.2587534835126993,1.0787423533496037
163,0.018145616286389544,0.15569084944726266,0.014458036659491356,0.0,0.056617920049168075,0.09550400462128378,0.09824506987053336,0.20631646634859022,0.0,0.355022036717281,7,True,0.33965242113193866,0.355022036717281,0.33965242113193866,1.4072209065784351
164,0.10011968724350581,0.0,0.11851226615582866,0.0018886541953036819,0.1744787323512155,0.21816713294013154,0.24251893870456864,0.0,0.12098471498751313,0.02332987342193292,70,True,0.27587936102739635,0.24251893870456864,0.27587936102739635,0.28190575610160784
165,0.0,0.0,0.13783131312083272,0.11649308922893506,0.016156112202441442,0.013960184237986253,0.15614920700018758,0.26840386844228953,0.07066779862792749,0.22033842713939986,7,True,0.2880801782471771,0.26840386844228953,0.2880801782471771,0.5493981122232148
166,0.07890068050033637,0.1495723981774994,0.0,0.19338127035812896,0.05256495079811082,0.12834180686230223,0.09356979444071506,0.03944835489629385,0.14978542590364918,0.11443531806296418,20,True,0.17626917999300848,0.19338127035812896,0.17626917999300848,-0.17331354824271392
167,0.08911345487899626,0.41863334021269716,0.06339534485882625,0.26110103577879346,0.1039293089610684,0.018575054755476484,0.045252460554141984,0.0,0.0,0.0,38,True,0.41058728806325384,0.41863334021269716,0.41058728806325384,1.7757520430444054
168,0.01704111866359642,0.08467283277281279,0.046643102190603795,0.0,0.17319734810732473,0.0,0.04707356768008321,0.32546030545904253,0.0,0.3059117251265364,7,True,0.37597221105019274,0.32546030545904253,0.37597221105019274,1.1789834483639368
169,0.0,0.14848139624244824,0.01877053885685867,0.15299768132564753,0.0,0.0966586230046953,0.12288040162976473,0.27785614315183255,0.09263040641474649,0.08972480937400665,7,True,0.2531497601281479,0.27785614315183255,0.2531497601281479,0.7774550542034135
170,0.07446903556215569,0.12531936370507513,0.05307523238492063,0.0,0.05524428738421104,0.17559140239198925,0.015802270773502068,0.2599063163318484,0.0,0.24059209146629773,99,True,0.2892012998919748,0.2599063163318484,0.2892012998919748,0.6991194475496645
171,0.11608233635473783,0.01960559132969628,0.3363126402674218,0.0,0.23807749799318562,0.0,0.2599432262777656,0.0,0.029978707777192932,0.0,28,True,0.39002022881766674,0.3363126402674218,0.39002022881766674,0.9520305489314997
172,0.17069280744961782,0.1539095450429577,0.12253030512847027,0.13099707548359044,0.011299878311002563,0.2969080538128298,0.0,0.0,0.11366233477153131,0.0,20,True,0.29359716968147603,0.2969080538128298,0.29359716968147603,0.6653861410172257
173,0.0,0.0,0.0823037661339613,0.20863616096128634,0.19310831551767724,0.206469742448399,0.1541708508626306,0.0,0.15531116407604545,0.0,0,True,0.2794883585977141,0.20863616096128634,0.2794883585977141,-0.06547222922981465
174,0.030663205155292316,0.0,0.09449730484275899,0.0594497116026558,0.0,0.08534064014995953,0.19425567765099563,0.22262405514955327,0.0,0.31316940544878447,7,True,0.3256671315681223,0.31316940544878447,0.3256671315681223,0.9732826665970876
175,0.04363095339154266,0.0,0.0,0.3885704420066676,0.19054497633833126,0.15093137828938477,0.0,0.0,0.06919507833188773,0.15712717164218576,53,True,0.3761053368258015,0.3885704420066676,0.3761053368258015,1.4719327230272174
176,0.15250433374418026,0.0,0.08870023835762285,0.14032042773592612,0.04470574605763564,0.16747624311482967,0.03459138778434659,0.05560022825094249,0.10011309512192579,0.21598829983259055,8,True,0.20450806645153333,0.21598829983259055,0.20450806645153333,0.23678230856653112
177,0.22146522859369344,0.16994660712507273,0.2550917989215705,0.08600471130858912,0.06715991812772465,0.0,0.07207372411829124,0.0,0.10034444569758035,0.027913566107477857,9,True,0.2663655087658514,0.2550917989215705,0.2663655087658514,0.6806495429816292
178,0.06280929383644494,0.004061679387753277,0.21330305099005736,0.0,0.07248805790570147,0.16708491541161868,0.2014107401529689,0.10100764702803403,0.13492561616987084,0.04290899911755046,7,True,0.23118503152581663,0.21330305099005736,0.23118503152581663,0.21262676651232387
179,0.06818377322122796,0.2150584276453465,0.10099045114698402,0.08502247364957281,0.09200766607108395,0.1818585859454259,0.0,0.0,0.2348991570962387,0.0219794652241201,20,True,0.2559799079504404,0.2348991570962387,0.2559799079504404,0.4506226912709397
180,0.013395746544044311,0.31379368337887825,0.24665024248744777,0.1823025869388096,0.0,0.0,0.0,0.09778374438607679,0.0,0.14607399626474318,127,True,0.35159034419131713,0.31379368337887825,0.35159034419131713,0.7706420455706505
181,0.1167028417192585,0.06934928620793816,0.20532441654331549,0.04529017655205861,0.11339490620804972,0.06468231648685514,0.23567756559545663,0.00170202758668223,0.07968613406776719,0.06819032903261821,28,True,0.21500468009570858,0.2339755380087744,0.21500468009570858,0.9229082706584076
182,0.12274435914068983,0.10005363064816587,0.10535253367843038,0.056444128013268605,0.24479450732156918,0.19061086979795658,0.0,0.03930182813427223,0.03160503775310212,0.10909310551254514,38,True,0.223749133903948,0.24479450732156918,0.223749133903948,0.7251451831217828
183,0.06404386624669582,0.0,0.0,0.3606508967137183,0.3125569292557283,0.09795373185924061,0.0,0.0,0.06516429150807719,0.09963028441653989,53,True,0.3944997239236378,0.3606508967137183,0.3944997239236378,1.4184340059525162
184,0.0,0.08095950040305006,0.03096298673569355,0.0,0.17842471146313138,0.10488018695251149,0.11381530615093075,0.19811477081223655,0.07894081397778593,0.21390172350466033,7,True,0.23353236239749794,0.21390172350466033,0.23353236239749794,0.16548362799297672
185,0.09913119754361291,0.17476025214036114,0.0,0.18083453772658312,0.006256717222452054,0.5082011325699395,0.0,0.0,0.030816162797051478,0.0,20,True,0.48200253488408723,0.5082011325699395,0.48200253488408723,2.1368033193514147
186,0.0,0.2526806134955126,0.1414203886338802,0.0,0.107725644249809,0.0,0.1561624779477674,0.11679525968603838,0.06310752315532032,0.16210809283167216,7,True,0.25247074807014797,0.2526806134955126,0.25247074807014797,0.23348139726805145
187,0.12825727023300743,0.2968589034631898,0.0,0.031141512212917537,0.05148948289429934,0.20766399003896324,0.049105033954170096,0.007327414017149861,0.11299802899548253,0.11515836419082012,20,True,0.28251624392114305,0.2968589034631898,0.28251624392114305,1.0870942396078316
188,0.05191398823242121,0.040335630915384856,0.047507651320519394,0.20299756943620345,0.1536965773880247,0.10814681693950709,0.020201392689706665,0.1290273334293695,0.02006101984605865,0.22611201980280463,9,True,0.22735572655321878,0.20605099995674597,0.22735572655321878,0.5714887068215174
189,0.05156659026158206,0.07543093944938628,0.12178245718717053,0.19917504829706525,0.015596322073885737,0.10302133536406616,0.03911272560185224,0.23253934231348494,0.0312898010795201,0.13048543837198665,28,True,0.21752494042949036,0.21694302023959922,0.21752494042949036,0.7514747988673447
190,0.008049404690722147,0.0,0.11084832936813956,0.0,0.12763912942931932,0.14090070537753188,0.04364952226588859,0.27185917254648384,0.008132991017583599,0.2889207453043311,7,True,0.32840665991837703,0.2889207453043311,0.32840665991837703,0.8658356164452082
191,0.0,0.0,0.0,0.0692616538588592,0.05824844705674807,0.11750354334123174,0.08024960554823586,0.08462699294550234,0.38871056505485635,0.20139919219456634,9,True,0.3567301586704818,0.38871056505485635,0.3567301586704818,1.8173234849831188
192,0.0,0.0,0.0,0.1103029508012154,0.19050937115830258,0.14763087185579377,0.19196572450815605,0.08921071576186117,0.16555519105840433,0.10482517485626681,0,True,0.2312177881180545,0.19196572450815605,0.2312177881180545,-0.33097326706468366
193,0.0,0.08707126723070491,0.06133228866950164,0.05462450540835257,0.18811599872094414,0.0,0.05549157090839609,0.29014157307072524,0.0,0.2632227959913754,7,True,0.32597884589623155,0.29014157307072524,0.32597884589623155,0.9381130467094212
194,0.05913035276795284,0.1537057402838902,0.0,0.20638184941384738,0.06467207720590645,0.023181394666020327,0.0010457252817232473,0.24670460666688612,0.22822744357625382,0.016950810137519555,38,True,0.29609884847572093,0.24670460666688612,0.29609884847572093,0.5080593980868358
195,0.04766280871629994,0.26659141840566714,0.017779359074502097,0.03435826437310663,0.025148437450537187,0.3146729900197672,0.07284903455317576,0.0,0.22093768740694406,0.0,20,True,0.3586241789789791,0.3146729900197672,0.3586241789789791,1.0458849769529113
196,0.0,0.0,0.17943622754458294,0.059926082031896824,0.0,0.07314224071407119,0.06487558238338653,0.32882913636289285,0.05766412492276459,0.23612660604040508,7,True,0.335494634731792,0.32882913636289285,0.335494634731792,1.172098683169712
197,0.00803441707975539,0.0,0.15699800975734782,0.06446582941382903,0.10407644752304396,0.0,0.23880675863160702,0.17057612146200768,0.2182074711987301,0.038834944933678894,9,True,0.2737667102346673,0.23880675863160702,0.2737667102346673,0.33106074846927086
198,0.11128644556613816,0.1830349440114451,0.0,0.0,0.007264960687207232,0.4006157299456017,0.0,0.0475918180007072,0.07790474364110407,0.17230135814779657,20,True,0.3800711705347114,0.4006157299456017,0.3800711705347114,1.6506152760549522
199,0.1192020744198334,0.07629649465366561,0.3068008307539841,0.02347123459609836,0.16125701612966836,0.00857406722323519,0.1126653829620732,0.09912635991042662,0.09260653935101505,0.0,28,True,0.2681058988621363,0.3068008307539841,0.2681058988621363,1.3342802616924296
200,0.16564586904885925,0.06341422542787521,0.142007470513527,0.0863104485226874,0.0732180248777188,0.07403405711870094,0.0780576865883617,0.047778166246698256,0.14577870598271903,0.12375534567285248,8,True,0.12190170717378616,0.117867702802161,0.12190170717378616,0.46605528519888223
201,0.0,0.15827849477706354,0.18647921701630538,0.2076360915000943,0.03176660207481532,0.012378578104135136,0.0,0.19458382788469308,0.1048959597234826,0.10398122891941051,38,True,0.25254662419593704,0.2076360915000943,0.25254662419593704,-0.01218851046635182
202,0.12752205187820598,0.11517360437191373,0.21372588144347887,0.0,0.204856230205218,0.05551979650337425,0.19892882396608172,0.0,0.03678758209986416,0.04748602953186316,28,True,0.2518631261572263,0.21372588144347887,0.2518631261572263,0.26543710796125897
203,0.10774926210481535,0.025142059513773317,0.09336072227339934,0.022873621922437668,0.07072511381447813,0.18498566023658,0.14497666325163147,0.0,0.18665359644364599,0.1635333004392386,20,True,0.20809643967808952,0.18665359644364599,0.20809643967808952,-0.12120698296548109
204,0.10153158622417931,0.1986700627993678,0.08198632513274258,0.274376985621543,0.0,0.08502668708526942,0.0,0.0,0.258408353136898,0.0,20,True,0.3252496873004784,0.274376985621543,0.3252496873004784,0.6788613552840488
205,0.0,0.026607534111482103,0.1517880805309879,0.0,0.18397375399268376,0.046508386855424744,0.10525943172382136,0.23257919742494895,0.0,0.253283615360651,7,True,0.2984663721772474,0.253283615360651,0.2984663721772474,0.4393021438161411
206,0.216125412100418,0.0,0.048792584827724916,0.16659030950083456,0.20124180792443952,0.06574182778867639,0.08191963191663523,0.02630665500718184,0.166398658437314,0.026883112496775635,0,True,0.23974481421982655,0.216125412100418,0.23974481421982655,0.3320615057362076
207,0.14742094286617022,0.048193344726688334,0.1965194740748651,0.0,0.1948372152851683,0.02726948000027632,0.10570628458575203,0.1167645075466592,0.0,0.16328875091442036,28,True,0.22989472930115556,0.1965194740748651,0.22989472930115556,-0.1254853628960204
208,0.0,0.03409585398526841,0.21311442389606597,0.0,0.04370902888459508,0.20598570262719076,0.036454341586972444,0.2279397905009144,0.07236831673804062,0.16633254178095225,7,True,0.2776869256218929,0.2279397905009144,0.2776869256218929,0.3995746899727171
209,0.0,0.0,0.11075172209579029,0.3765716351632782,0.3193443240556171,0.0764548922650845,0.02914176373667917,0.0,0.08773566268355076,0.0,53,True,0.4128499450341966,0.3765716351632782,0.4128499450341966,1.4569321927515249
210,0.04652750580633465,0.1110966747683448,0.21877141246355872,0.19942818365345458,0.16691234801744279,0.0,0.006290197659170822,0.13071206498221624,0.1202616126494774,0.0,9,True,0.24816850969454982,0.21877141246355872,0.24816850969454982,0.005112581701807692
211,0.0,0.0,0.0,0.14055949131800988,0.37771517987119724,0.0,0.15619353059774435,0.0,0.023506923830313064,0.3020248743827354,40,True,0.4226035339643628,0.37771517987119724,0.4226035339643628,1.2153646252314443
212,0.19425408080301182,0.28402084828620955,0.18119300685446763,0.2525828861389338,0.0,0.02666005129331643,0.0,0.06128912662406085,0.0,0.0,8,True,0.34568573249467544,0.28402084828620955,0.34568573249467544,0.608592310135828
213,0.10135042090350305,0.13938370853168897,0.11458813839687522,0.1808054139987724,0.033003436376059056,0.0,0.11815405332046089,0.17673799306046806,0.024119716829523744,0.11185711858264877,38,True,0.18681666481116466,0.1808054139987724,0.18681666481116466,-0.39471042003857654
214,0.31868381601975154,0.1711072827430162,0.18526595914806362,0.0,0.0,0.04397678112685643,0.01958019652101025,0.09189610911128267,0.0,0.16948985533001934,102,True,0.323495903719546,0.31868381601975154,0.323495903719546,0.8946463162014697
215,0.22549396897778787,0.055436243345085776,0.0,0.0,0.03445179547917667,0.2299075627560041,0.17107290514992876,0.0011734927296107695,0.1893289845555091,0.09313504700689698,20,True,0.2859231331689274,0.2299075627560041,0.2859231331689274,0.3055944217875356
216,0.08758563510777864,0.20626576885774323,0.16351510032487535,0.10649512690629043,0.0,0.11765210248029424,0.0,0.030243822040085615,0.19340684595442048,0.09483559832851197,20,True,0.22237786699835865,0.20626576885774323,0.22237786699835865,-0.022000633305317582
217,0.3215565313794957,0.0,0.24582033670172912,0.0,0.04374152284840603,0.0,0.04209479355269328,0.012097096055898015,0.2601855715558898,0.07450414790588808,8,True,0.3753735109305646,0.3215565313794957,0.3753735109305646,0.9939006144722622
218,0.08985641626720604,0.11727721970939613,0.04807062070172501,0.17804217660877475,0.111409772186046,0.0,0.094918896700129,0.10824557206675728,0.19203318353523932,0.06014614222472655,57,True,0.17167138141799448,0.19203318353523932,0.17167138141799448,0.04265221347068678
219,0.11433050919568749,0.03574581735183953,0.1140532623648342,0.059157935523665835,0.24420450678131578,0.0,0.12090266276496764,0.18080674086930998,0.0,0.1307985651483796,28,True,0.23432813311081976,0.24420450678131578,0.23432813311081976,0.36052676085012264
220,0.2913046844230309,0.1464815455543773,0.0,0.03919860593975803,0.22580743113817808,0.037851871464409,0.17340720012782027,0.021654753422380175,0.06429390793004613,0.0,9,True,0.30813348599571844,0.2913046844230309,0.30813348599571844,0.8328079951667875
221,0.17133880589435457,0.11050721691029423,0.06471877869879959,0.0,0.09172096003342016,0.0,0.0,0.1255252360262194,0.17298757586859778,0.2632014265683143,102,True,0.2629189294292183,0.2632014265683143,0.2629189294292183,0.42752027029474227
222,0.13399800052312466,0.12923050108199352,0.11773470441321242,0.18784333249786075,0.048544449039692454,0.044924902286670156,0.0,0.17398004349322044,0.011782192873270744,0.1519618737909547,20,True,0.20415107594172724,0.18784333249786075,0.20415107594172724,-0.3071717448497042
223,0.05641819962938091,0.14897241309249176,0.08926090306259987,0.0,0.0,0.02582180900912642,0.24016013012789392,0.23224316549454863,0.0,0.20712337958395857,7,True,0.29752972648179404,0.24016013012789392,0.29752972648179404,0.4158393504437352
224,0.06121359843603446,0.08378377899795454,0.13870835547514423,0.1041351748445254,0.12374634457823436,0.0,0.2835591329520315,0.02643048621818693,0.0514028052182153,0.1270203232796733,28,True,0.2367380196847821,0.2835591329520315,0.2367380196847821,1.3285132328247808
225,0.13173112757360153,0.052035717635445865,0.18660218122060399,0.17234726699482616,0.06988550179184966,0.06865098813513182,0.03805185617520858,0.1987160920060492,0.04382499876382681,0.03815426970345645,38,True,0.19619915821669284,0.1606642358308406,0.19619915821669284,0.5968680896717524
226,0.06570348471922204,0.09272573044734891,0.10356895275038859,0.10346648609052651,0.10654810989870461,0.0,0.0,0.20240007000287652,0.0,0.3255871660909328,102,True,0.30442099384283144,0.3255871660909328,0.30442099384283144,1.2645736108190417
227,0.13838971207102746,0.1978288576779568,0.0,0.10744197549992868,0.16689308435459205,0.0755971555671272,0.0,0.0,0.22454807639946706,0.08930113842990074,20,True,0.2485890402077313,0.22454807639946706,0.2485890402077313,0.05098135514478477
228,0.0,0.23334989308870588,0.16834382242236529,0.13855900840029328,0.10508645443146934,0.0,0.11680791096178371,0.029090126356537824,0.2087627843388446,0.0,0,True,0.266656709095675,0.23334989308870588,0.266656709095675,0.13502789570504528
229,0.08385512145939582,0.0,0.0,0.0,0.1510687607076363,0.15768209832716798,0.24775276541020078,0.0,0.26050691563645983,0.09913433845913928,0,True,0.30625152883557094,0.26050691563645983,0.30625152883557094,0.4806451750606107
230,0.08095150565492173,0.1286726872073145,0.0,0.13029138000931365,0.19982076944817018,0.04492877679515619,0.24333600610353748,0.10148017075640123,0.030601423072387307,0.039917280952797896,9,True,0.23253614477912532,0.24333600610353748,0.23253614477912532,0.6757452006416091
231,0.008285428509235972,0.1545480454411042,0.09359382490028283,0.05980954704947512,0.06638590030017795,0.06714889206766521,0.12151544649598467,0.1192930583737822,0.06946861376365425,0.2399512430986377,7,True,0.19132725627487046,0.23166581458940172,0.19132725627487046,1.0612410913180028
232,0.0,0.0,0.11059696735303284,0.40685927249166587,0.1517721851095378,0.058423757156736714,0.0,0.08627766522289264,0.14659102130726315,0.03947913135887096,40,True,0.367022687623585,0.40685927249166587,0.367022687623585,1.9599228411415142
233,0.006777234160009998,0.12074074949802999,0.040027438296291455,0.03003148445815254,0.13026610599135718,0.0719565376057928,0.03655563702718854,0.14031718849681907,0.12493931908990757,0.29838830537645084,9,True,0.25484502990658836,0.2916110712164408,0.25484502990658836,1.4228658132643581
234,0.06286091417677503,0.06149078967295966,0.0734238632918949,0.0,0.028941581080269382,0.03145080041100953,0.3825646251178796,0.030055266302392844,0.14183205356639947,0.18738010638041974,28,True,0.34269095482440265,0.3825646251178796,0.34269095482440265,1.9708452596514736
235,0.3484321020579765,0.0,0.06218766790096298,0.07752273548976835,0.08188166380767681,0.0018122319203869378,0.17349918436005562,0.020861197562174746,0.09043202866858337,0.1433711882324147,9,True,0.311865848267146,0.3484321020579765,0.311865848267146,1.6439227118358668
236,0.0,0.03474855321022746,0.0,0.18003853328280972,0.28430456803186493,0.0,0.12749790129736707,0.0,0.19822413852735069,0.17518630565038,183,True,0.31731559753372757,0.28430456803186493,0.31731559753372757,0.45643878297642204
237,0.05128875868195871,0.1343205664977831,0.22826040033857475,0.0,0.15142159648083092,0.04897374865830833,0.06300986010921315,0.23014332582110036,0.04014574401145712,0.052435999400773585,7,True,0.24372053122166354,0.23014332582110036,0.24372053122166354,0.7433106680119015
238,0.0,0.24729722240476235,0.0,0.22317661327361205,0.0645252400970649,0.19965618510993907,0.0,0.002942606100932546,0.2332356305946871,0.029166502419001917,20,True,0.3320361711569272,0.24729722240476235,0.3320361711569272,0.4205494384402693
239,0.1380553917455157,0.022196872546178983,0.15818548626456946,0.0,0.15624950134140747,0.04815482502453403,0.13683316942535642,0.1519497577352175,0.04591541709537191,0.14245957882184832,28,True,0.1884739677093349,0.15818548626456946,0.1884739677093349,-0.6002942572428078
240,0.09672368319950395,0.24148603701628885,0.0,0.1267597018522534,0.09571982852447657,0.012336605259506847,0.0547880581027434,0.12620804488646237,0.2459780411587647,0.0,38,True,0.2692375809917748,0.2459780411587647,0.2692375809917748,0.6175454101569524
241,0.0,0.0,0.16501309452839416,0.12391067603724189,0.21949751707237708,0.0817654842863986,0.15413142275395544,0.1213153520550266,0.0,0.13436645326660615,7,True,0.2323277540700023,0.21949751707237708,0.2323277540700023,-0.23992762607058163
242,0.2883522569307916,0.0,0.017337760696233447,0.0,0.1396802636365372,0.05246773297382434,0.1863017610117523,0.010314743971901554,0.21920715819944536,0.08633832257951421,8,True,0.3098901181500195,0.2883522569307916,0.3098901181500195,0.7163928991203442
243,0.05827126464606908,0.07376255831218038,0.0,0.0,0.07305355870038482,0.2809598797041583,0.17425503560798936,0.16338203879109148,0.0,0.17631566423812653,7,True,0.2850569297954057,0.2809598797041583,0.2850569297954057,0.6352851451253235
244,0.0,0.0,0.2325744979717042,0.023007191281378757,0.09177437873974297,0.0,0.09202610235152914,0.26683821982755007,0.057237414742913176,0.23654219508518154,102,True,0.31928441134423147,0.26683821982755007,0.31928441134423147,0.6894367350368423
245,0.04981321806296814,0.0,0.2319654983855488,0.010111956380953259,0.008372751328706914,0.20532814942361094,0.17033794971875593,0.07572698336230624,0.07777689511607094,0.17056659822107897,8,True,0.26175017798195266,0.2319654983855488,0.26175017798195266,0.31760118696846973
246,0.2285091564968473,0.2224776869106903,0.11607309153717826,0.02693117674385937,0.013829830724362634,0.0,0.15380472861106692,0.037164530684662404,0.08452272609692968,0.11668707219440322,28,True,0.24879576319141183,0.2285091564968473,0.24879576319141183,0.4486137371360888
247,0.0,0.10063457777307051,0.12964191714734036,0.06352482203700018,0.13080316951075593,0.019441336673366512,0.13058287817677083,0.2681923906551342,0.1571789080265614,0.0,38,True,0.2492818450517588,0.2681923906551342,0.2492818450517588,0.594895274290341
248,0.03427919442380509,0.1480853011824475,0.08716823381021904,0.06872638464071082,0.01940062192216169,0.5330999866180265,0.0,0.0,0.10924027740262934,0.0,20,True,0.4815925192505873,0.5330999866180265,0.4815925192505873,2.6022817221490926
249,0.02638464786254133,0.17728878420150884,0.013993066717818263,0.20540452079938287,0.21678545352493722,0.19424476939573926,0.0,0.05796588595153149,0.1066655302487924,0.0012673412977481458,53,True,0.27199344561304517,0.21678545352493722,0.27199344561304517,0.18469772907088097
250,0.22748736038258255,0.06851648616106443,0.17069426297929055,0.13833202799060718,0.01668440731208342,0.08376507786978916,0.016830137107852985,0.0014743727615698888,0.14968105891654396,0.12653480851861593,9,True,0.22519580716556178,0.22601298762101266,0.22519580716556178,0.15677530404671663
251,0.0,0.1968741185514231,0.12055574167404635,0.2340690349882391,0.0,0.04120481161624326,0.17122396908344492,0.107492424370377,0.06966580084072195,0.058914098875504195,38,True,0.24284916879708762,0.2340690349882391,0.24284916879708762,0.3636439841006049
252,0.12774378084430174,0.06317420081465162,0.0556320840323683,0.08330959943415067,0.2068904611288934,0.0,0.11289151113914167,0.14636296910959207,0.06291079708742205,0.14108459640947849,40,True,0.17657230241125238,0.2068904611288934,0.17657230241125238,0.15043190252054633
253,0.09988459636981076,0.10353556888098998,0.08540645021324672,0.09439211695775233,0.09267149410534846,0.14687068406272147,0.0,0.08468619824900862,0.23078921785399387,0.06176367330712781,20,True,0.176945896663222,0.23078921785399387,0.176945896663222,0.864438266144368
254,0.21418040193923543,0.186049981930839,0.10384218179397088,0.14553729819734174,0.0,0.18498904766200572,0.0,0.0,0.16540108847660712,0.0,20,True,0.27208567044549464,0.21418040193923543,0.27208567044549464,-0.16497309473902422
255,0.16930343435652784,0.021461618547917883,0.2686629040272767,0.10810969672088641,0.09898362736633017,0.07191196197175873,0.10085849948034788,0.0,0.10656493777411172,0.054143319754842816,199,True,0.22895595034108668,0.2686629040272767,0.22895595034108668,1.1025062759984052
256,0.09328974170303704,0.04361232460863871,0.10859134957098161,0.048499719127324085,0.08654991489816545,0.0,0.12774728294776044,0.3464148455555575,0.1452948215885352,0.0,38,True,0.2994551739292627,0.3464148455555575,0.2994551739292627,1.7817293404326673
257,0.0,0.0,0.03140334952030634,0.4568880157231401,0.21221333194871225,0.13494127921503818,0.0,0.0,0.16455402359280297,0.0,53,True,0.44727452760700437,0.4568880157231401,0.44727452760700437,1.7542475346885393
258,0.07933311813260158,0.0,0.24576164949328586,0.0,0.0528757867930159,0.0,0.10687661492400465,0.20271804626656445,0.12654113903605135,0.18589364535447622,57,True,0.26939692866613474,0.24576164949328586,0.26939692866613474,0.3298884382952663
259,0.06664233973610567,0.0,0.0,0.17323541583200594,0.21719279015338516,0.12098346649462806,0.24371334540400375,0.0,0.021950346189649302,0.15628229619022216,9,True,0.2838372536014339,0.24371334540400375,0.2838372536014339,0.2698442947863166
260,0.0011063826329607341,0.040590186894046996,0.12611797182021542,0.1970849020460782,0.07357304461915923,0.1300550041183159,0.1585230696158534,0.12710786963248702,0.02138254734319901,0.12445902127768402,9,True,0.18962468512077804,0.19597851941311747,0.18962468512077804,-0.2674015515192189
261,0.0,0.16787759362943735,0.13485405315629828,0.06381415039515456,0.11137712787995613,0.15261445918262265,0.0,0.3578738364353167,0.011588779321214342,0.0,38,True,0.33814903262264073,0.3578738364353167,0.33814903262264073,1.3492700807607558
262,0.09616898118086532,0.15710193984796092,0.21358170325297884,0.0,0.2250516017154423,0.0,0.16046032966456084,0.0,0.14763544433819178,0.0,28,True,0.2788164300493829,0.2250516017154423,0.2788164300493829,-0.011060088025394786
263,0.11874900931796811,0.0,0.038151884869327496,0.24224183971908592,0.08106369171909776,0.19980984501968438,0.16538601393757318,0.13282713421570852,0.013376275392256762,0.008394305809297814,0,True,0.25686235424638293,0.24224183971908592,0.25686235424638293,0.338919650438723
264,0.06935168682991288,0.16181613028204625,0.2213266735974306,0.048732283249247485,0.13547688505227798,0.10434291993840678,0.13151318737487383,0.057593826887798315,0.06984640678800581,0.0,90,True,0.19258028865129426,0.2213266735974306,0.19258028865129426,0.4362990714244748
265,0.028447527021807157,0.165194028174296,0.27344046399255245,0.08902650389267305,0.008639001412639881,0.151724838265996,0.12086421121791067,0.0,0.12101467137308528,0.04164875464903953,20,True,0.2547079118889924,0.27344046399255245,0.2547079118889924,0.7539509451582308
266,0.08984516137280175,0.23766642370921534,0.0,0.1762339792659229,0.005403043877397219,0.18173954854841626,0.0,0.035187476816777884,0.11359515123184774,0.16032921517762083,20,True,0.2617667434301912,0.23766642370921534,0.2617667434301912,0.14645435345907548
267,0.03760032351104423,0.1329491189241249,0.12965999888540344,0.14111317629512793,0.0,0.09570034405551794,0.19524700472805967,0.19671299925256686,0.0,0.07101703434815498,7,True,0.2164099543368323,0.19671299925256686,0.2164099543368323,-0.13592246363337232
268,0.16587086686318725,0.1931325857853522,0.0,0.0,0.011729829499687667,0.0,0.4609178678192152,0.03343437528299553,0.12544356377916804,0.009470910970394089,9,True,0.4408399406133437,0.4609178678192152,0.4408399406133437,1.8996356053013088
269,0.09410990700675864,0.042146595236320514,0.019296255270393272,0.0,0.1833888969723013,0.07421513882452076,0.17524088172865604,0.12366426554520361,0.15786040092852088,0.13007765848732503,0,True,0.19490266939804943,0.1833888969723013,0.19490266939804943,-0.25154288285490467
270,0.08446077813216113,0.12032831387719008,0.0,0.00503512173714699,0.12270999854297505,0.03007478513828803,0.21298327619347418,0.14642507875190847,0.27798264762685604,0.0,0,True,0.28579126485059314,0.27798264762685604,0.28579126485059314,0.6423569584761138
271,0.008188679487449314,0.36623823266571964,0.0,0.0,0.10205341709515173,0.2573243222732266,0.0,0.20409189923876864,0.0,0.06210344923968427,0,True,0.3953966945415504,0.36623823266571964,0.3953966945415504,1.156571914377804
272,0.08676759035116337,0.16814542770292404,0.03631223274532373,0.18326394263725687,0.0,0.0,0.14619755376319216,0.07252087210438202,0.15655348782071649,0.15023889287504133,9,True,0.21075927407570905,0.18326394263725687,0.21075927407570905,-0.3931164287176845
273,0.17329488462274487,0.1760911964607854,0.038197987187523944,0.018683072917793753,0.07088640428125945,0.0,0.2094902315205959,0.1838323459208518,0.11225966080378882,0.017264216284656117,28,True,0.24177060486167268,0.2094902315205959,0.24177060486167268,0.0990073032887545
274,0.0,0.11733640703762041,0.011270084957010599,0.0,0.09143341276392798,0.1312442729577788,0.21377721579423983,0.2791107073352116,0.0,0.15582789915421072,7,True,0.2955770533753003,0.2791107073352116,0.2955770533753003,0.5415708924901211
275,0.0022544349874862356,0.022596734436562665,0.5373847855174618,0.0,0.0,0.0,0.07678877207757989,0.0947225603984563,0.0,0.26625271258245303,28,True,0.5244592343672613,0.5373847855174618,0.5244592343672613,2.1539515826292464
276,0.10375469532558562,0.1486029865149308,0.15734298808805913,0.07097595071906851,0.07248789340385191,0.05634515676629208,0.28703390807463414,0.0,0.10345642110757784,0.0,6,True,0.2533046638306306,0.28703390807463414,0.2533046638306306,1.0885216243724039
277,0.19365209493066568,0.13409359311390645,0.12547495033083958,0.18157744665597364,0.07749824918170235,0.0,0.0,0.029134729420548625,0.0,0.2585689363663635,95,True,0.2791223097821696,0.2585689363663635,0.2791223097821696,0.3518284404062521
278,0.16574910382124064,0.0950874058986935,0.133465563127901,0.07437502100605696,0.11436572583113856,0.13465236358004565,0.06180356151716347,0.0817061289436554,0.0720051141643032,0.06679001210980157,8,True,0.10588235281654462,0.10394554230407717,0.10588235281654462,0.7231829439588437
279,0.07647359257511213,0.0,0.17878632054452173,0.12832007312468324,0.038102327003240115,0.08511623356850681,0.025790069050889375,0.15226079982433113,0.12250994757425018,0.19264063673446544,8,True,0.19733966018711918,0.19264063673446544,0.19733966018711918,-0.098168761495207
280,0.13035009058172928,0.19195416762441136,0.03683821201676752,0.0,0.10864524287828647,0.15662040679682662,0.10237762538044368,0.08910337059076073,0.0,0.18411088413077428,7,True,0.20939376675897395,0.19195416762441136,0.20939376675897395,-0.2738907307811016
281,0.050999813281718286,0.07183424030610162,0.1535434457575872,0.15717392628434668,0.04201882560628224,0.08038781325127545,0.0,0.19023524474734266,0.06144954828290656,0.19235714248243932,8,True,0.20306383156729912,0.19235714248243932,0.20306383156729912,0.2074306654930827
282,0.023418768538303696,0.13758022294200203,0.12304636746198222,0.0,0.12596893825020444,0.2429002726512989,0.06346393269310843,0.017836223753956548,0.0019264438797781428,0.2638588298293656,7,True,0.2888890371125055,0.2638588298293656,0.2888890371125055,0.6850845819423963
283,0.24136393350436322,0.0,0.16969457255057904,0.0,0.0,0.1033142953444474,0.1949577108288015,0.14855574384169518,0.1421137439301136,0.0,9,True,0.2792852918184951,0.24136393350436322,0.2792852918184951,0.035968984184229905
284,0.0,0.13135318435177679,0.0,0.0,0.028432557248945615,0.0,0.09038018685807349,0.24128951886324113,0.23318548613789364,0.27535906654006936,102,True,0.33859912272775494,0.27535906654006936,0.33859912272775494,0.6026653323584958
285,0.05517097220032658,0.3015846794006407,0.0,0.005393076552143218,0.09872994704424307,0.0,0.1620768036990934,0.1313796531146257,0.1480559294373991,0.09760893855152822,9,True,0.28062681521432464,0.3015846794006407,0.28062681521432464,0.9563254324389676
286,0.09617446769799774,0.1666907209499548,0.0,0.05839872487755102,0.1610910670535633,0.12012988081971626,0.0,0.19532282676588691,0.1557370717826246,0.046455240052705384,20,True,0.21305019928867747,0.19532282676588691,0.21305019928867747,-0.2534129259519439
287,0.1649067247190751,0.12189192059180787,0.07614581317446172,0.31950004423059913,0.05160126727421986,0.0,0.039741138653284366,0.16215363481210468,0.050594429617396595,0.01346502692705071,38,True,0.2884567293676568,0.31950004423059913,0.2884567293676568,1.4038481091255708
288,0.027151420099679597,0.0678791130095318,0.0,0.17114075533556053,0.14858618608255988,0.17315524151700618,0.0,0.1430737367506469,0.21432244430499045,0.054691102900024505,20,True,0.23683294768606492,0.21432244430499045,0.23683294768606492,-0.020451600574783072
289,0.07839918790613004,0.26535174076892626,0.08281223380580192,0.06785203418186489,0.0,0.19586790006969557,0.05955243386680504,0.08251003783018125,0.1174067718225869,0.050247659748008176,20,True,0.2303205461608383,0.26535174076892626,0.2303205461608383,1.2781067145523861
290,0.052251038262133204,0.13206987944725776,0.027390709601818636,0.2560480394424936,0.13010155307942287,0.019131576752648878,0.13675717731058654,0.0,0.16999139176613223,0.0762586343375063,53,True,0.23914615406861084,0.2560480394424936,0.23914615406861084,0.6083610412476943
291,0.0,0.07620434813288002,0.02106403463001195,0.0,0.22737449737291665,0.040614579836507896,0.21937184220594994,0.3141606278839864,0.0,0.10121006993774725,7,True,0.3415609548854062,0.3141606278839864,0.3415609548854062,0.9293399942496988
292,0.13786073652878458,0.0,0.021799372078050314,0.0,0.06989806590511542,0.021152567998412416,0.0,0.2902820484690594,0.15154708554170837,0.30746012347886936,102,True,0.35577504181530273,0.30746012347886936,0.35577504181530273,1.000456797500171
293,0.062366559493601786,0.20356265109675056,0.2506367825636346,0.0,0.15002468106496697,0.0,0.21987881475290275,0.0,0.0,0.11353051102814342,28,True,0.30313266481617385,0.2506367825636346,0.30313266481617385,0.31314722784546933
294,0.0,0.08860394847476905,0.11299452001677486,0.1834714661642738,0.0406409519510965,0.08158079022208856,0.008058653338497567,0.23107008058327513,0.058915521791786635,0.19466406745743803,7,True,0.23960545558443502,0.23107008058327513,0.23960545558443502,0.4417271075404715
295,0.20598061042432317,0.2031884412009091,0.01742516370488013,0.2642496707972434,0.03100022978940784,0.07424231780736273,0.13997939222906391,0.06393417404680972,0.0,0.0,38,True,0.2898272316662064,0.2642496707972434,0.2898272316662064,0.5897255552629573
296,0.167953959383406,0.11226756677950141,0.17105553141218396,0.0,0.11807060652426367,0.02301278288926882,0.07591626010213288,0.21066413176091986,0.12105916114832334,0.0,20,True,0.22212781367398815,0.21066413176091986,0.22212781367398815,-0.14554891051136168
297,0.0,0.08954504065182385,0.0,0.0,0.021511731740013463,0.0186561287777918,0.15952448563061059,0.3586544452210295,0.0,0.35210816797873085,7,True,0.4323081708672855,0.3586544452210295,0.4323081708672855,1.3235549409197782
298,0.0,0.04303440402685661,0.15606246342838134,0.021988047518610394,0.1398897033971486,0.03677726492740492,0.106899808731585,0.24009974994570446,0.0024210803139199212,0.25282747771038866,7,True,0.2839290001623078,0.25282747771038866,0.2839290001623078,0.609115717795978
299,0.020268135688425604,0.23214832187996956,0.0,0.27352858069569275,0.03943871942223462,0.0,0.29902672615713477,0.07044310461377375,0.06514641154276889,0.0,38,True,0.35958337920963085,0.29902672615713477,0.35958337920963085,0.9371876033101234
300,0.1840928506389762,0.09293712758997523,0.209958991986987,0.0,0.16375581717557355,0.0,0.07776558243189827,0.08525393652113605,0.09882084934183066,0.08741484431362294,28,True,0.21011632038094824,0.209958991986987,0.21011632038094824,0.06742625813517131
301,0.03819515226290476,0.16813443580790274,0.0,0.2458322272176039,0.17819000711537872,0.0,0.1138236098835271,0.20643721228050482,0.0493873554321781,0.0,38,True,0.2827091586649121,0.2458322272176039,0.2827091586649121,0.2885217176465213
302,0.0,0.07308476188032498,0.26744465778109966,0.03733569251823113,0.05789886454143886,0.07954389131234664,0.16799939206230455,0.09118868704661048,0.0,0.22550405285764366,7,True,0.2744681051136526,0.26744465778109966,0.2744681051136526,0.8409208926058982
303,0.0630434076374134,0.11013252372938323,0.19405119305197177,0.13115431622945561,0.0,0.18420906419546998,0.012024797843696984,0.11333931187228609,0.0,0.1920453854403231,20,True,0.23402087299984167,0.19405119305197177,0.23402087299984167,-0.14301939268850072
304,0.2702025442355137,0.05348416900580925,0.29876235271826007,0.028596358586815637,0.07116074732280839,0.0,0.039580877854783654,0.0,0.0,0.23821295027600933,28,True,0.35961447955033576,0.29876235271826007,0.35961447955033576,0.9445497961813907
305,0.16044668295957198,0.07945554960950636,0.0,0.03926744954805018,0.16297563277311972,0.2175753861350971,0.0,0.15753681336330938,0.18274248561134526,0.0,20,True,0.2563416161535249,0.2175753861350971,0.2563416161535249,-0.08454132641154082
306,0.15520230211371996,0.0,0.09904210960043959,0.029769501280125104,0.008738311199490565,0.18816052940006148,0.30725816327790184,0.08475606755547875,0.12707301557278275,0.0,0,True,0.29665262740087295,0.30725816327790184,0.29665262740087295,0.957558678439024
307,0.0,0.10640753410932864,0.18422648547865045,0.0,0.11327256557531205,0.09768315191064116,0.1320927654725437,0.1724157286033156,0.035251420329023335,0.15865034852118506,7,True,0.20303426170811095,0.18422648547865045,0.20303426170811095,-0.4734943241707778
308,0.21295258234823275,0.20272031939344834,0.14189698480872442,0.13305007689821585,0.05150742511670005,0.07973539889771804,0.1781372125369605,0.0,0.0,0.0,9,True,0.2550000444199177,0.21295258234823275,0.2550000444199177,-0.0024236249192146776
309,0.07127595661915107,0.16060755701709228,0.16069221859489152,0.0,0.06251171031707317,0.15652128275023583,0.15578518079025847,0.03671699563835121,0.0,0.19588909827294634,7,True,0.2215702225147036,0.19588909827294634,0.2215702225147036,-0.22331961201408793
310,0.22166505111456478,0.13226850611971538,0.0,0.15207196274145487,0.023203733266286435,0.0,0.0824387755329152,0.2131475114009761,0.11600614978974978,0.05919831003433756,9,True,0.2438945011968376,0.22166505111456478,0.2438945011968376,0.2331792492639666
311,0.11568687419594587,0.05443140724042538,0.0,0.015420061279849353,0.15889091727442822,0.0,0.0,0.32923385879900774,0.09947534088281348,0.22686154032752992,102,True,0.33404605751423194,0.32923385879900774,0.33404605751423194,1.0659847431791398
312,0.05374817877257545,0.1708589071311953,0.15539367803397602,0.04266011792947174,0.10803194230954109,0.06163909826912262,0.1573042552189639,0.09199762436378191,0.0,0.1583661979713719,7,True,0.17834527455248536,0.1708589071311953,0.17834527455248536,-0.28502187815152674
313,0.09016442431307041,0.0,0.11640524403439202,0.1989615007929719,0.042037240883734305,0.0814203462643644,0.069667283089702,0.10916855282485176,0.1627838642720113,0.12939154352490198,8,True,0.17226127457205792,0.1989615007929719,0.17226127457205792,0.012629863206319569
314,0.12397496803985907,0.17433988379318024,0.0,0.12006916103256518,0.0,0.37612421593425305,0.0,0.0,0.20549177120014248,0.0,20,True,0.37931132998593137,0.37612421593425305,0.37931132998593137,1.2134605395474378
315,0.10115197923829168,0.11560041170164469,0.07324562902523352,0.14917859523476085,0.049100288552136925,0.0,0.17005559255554853,0.12690578592039528,0.2038701435287472,0.010891574243241393,100,True,0.20082538869439623,0.2038701435287472,0.20082538869439623,-0.11661883270572002
316,0.14853270737277235,0.08758354505408728,0.13159926647453907,0.019241972560693484,0.10695655320658685,0.04763046572273331,0.1286027093443177,0.07770817883924488,0.09706494885387418,0.15507965257115086,28,True,0.13106620218039927,0.13583768001045737,0.13106620218039927,-0.5773367193023519
317,0.04460891132841516,0.12936686339661482,0.03428817036791148,0.04612259609468787,0.21182638966111386,0.264784488424278,0.10612709578967129,0.027020873338202488,0.12820434743912043,0.007650264159984755,20,True,0.2559256274396208,0.2571342242642932,0.2559256274396208,0.9249538137440485
318,0.09949520697108612,0.17169384660453085,0.08291942284144664,0.21264845298415902,0.028911516897939395,0.0,0.08489380905617813,0.23844555312888563,0.08099219151577416,0.0,38,True,0.2508623525598628,0.23844555312888563,0.2508623525598628,0.4933664769989325
319,0.11900455797679424,0.14564363489306278,0.009494061346500356,0.23661476008800972,0.0,0.05401961450647706,0.0,0.26534126385429224,0.1133981568302953,0.0564839505045682,38,True,0.284296533198711,0.26534126385429224,0.284296533198711,0.6941098076638516
320,0.0,0.0489366182777351,0.052489726891131454,0.3813544070601215,0.0,0.0,0.0,0.4281625344134514,0.08905671335756045,0.0,38,True,0.49176762997491397,0.4281625344134514,0.49176762997491397,1.6513444058733284
321,0.0628452611707308,0.19326932626283977,0.059576133984859565,0.07869131101748332,0.10575145433747549,0.22591313243349162,0.060494566540038146,0.06817150237002759,0.14528731188305358,0.0,20,True,0.2065905619983705,0.22591313243349162,0.2065905619983705,0.7144078768595102
322,0.0,0.0,0.0673490865369937,9.152986104312676e-05,0.2834182173874863,0.04164656933164745,0.2834109118238213,0.0,0.252498524805429,0.07158516025357932,0,True,0.36850768737916084,0.2834182173874863,0.36850768737916084,0.8717499541466226
323,0.20609912378852324,0.006386985459776001,0.12866087131559897,0.005848397959058086,0.14633966591866399,0.11022611382997458,0.0,0.2546875615150709,0.04892789199723122,0.09282338821610323,9,True,0.2618137390836945,0.2546875615150709,0.2618137390836945,0.46624706077451555
324,0.12964051692187953,0.14935521590120973,0.24427797581398072,0.0,0.014523019095970488,0.06973155783624027,0.18416102610867388,0.0,0.08796110930432759,0.1203495790177179,29,True,0.2449392645362624,0.24427797581398072,0.2449392645362624,0.28073599941119276
325,0.05370134260241897,0.10042998246149425,0.0,0.24720747794687936,0.22547865825592694,0.1111002741353151,0.057241150328542684,0.023388134407661763,0.1163692573314348,0.06508372253032597,53,True,0.24262460320728066,0.24720747794687936,0.24262460320728066,0.9194133382952597
326,0.10352616920158267,0.18856002844107267,0.05422111564414271,0.03665998816183053,0.005688137036738635,0.07695357528561245,0.10679659626033883,0.20598663805744727,0.0,0.22160775191123427,7,True,0.24383733827967324,0.22160775191123427,0.24383733827967324,0.38351715331089253
327,0.0,0.0,0.4107085551108565,0.0,0.0,0.007205416199101108,0.0692070330069231,0.07130008893423362,0.0,0.44157890674888567,275,True,0.5230666135866844,0.44157890674888567,0.5230666135866844,1.676974748616381
328,0.09362987310800047,0.09631304426356012,0.13057603990587097,0.05302987327270144,0.04798396836645361,0.0,0.14625266254508057,0.13040492158162348,0.17453903689252,0.12727058006418923,8,True,0.15894793906818744,0.17453903689252,0.15894793906818744,-0.6112880021024877
329,0.07772010310511608,0.1135656824063359,0.11591333306569096,0.13686044149527266,0.0,0.18694859569484673,0.0,0.0985102085991617,0.15071828084697808,0.11976335478659779,20,True,0.18115617526736447,0.18694859569484673,0.18115617526736447,-0.7310221393477014
330,0.13783399136681065,0.04430834754799612,0.06731244724670288,0.17142977142164534,0.0,0.05157665931333401,0.12227132233353276,0.19824385461015026,0.14118358277268273,0.06584002338714534,38,True,0.18989296350447887,0.19824385461015026,0.18989296350447887,0.04746870352202229
331,0.25135792828898745,0.0,0.3199558034009315,0.03492432881161576,0.12724157750209836,0.0,0.17747607638363522,0.08904428561273164,0.0,0.0,28,True,0.34984181356813726,0.3199558034009315,0.34984181356813726,0.9036251519867874
332,0.0,0.0,0.0,0.28171897582832334,0.4500972767791838,0.10141730630058636,0.009284467921873511,0.013074484896956869,0.019897191753933965,0.1245102965191422,53,True,0.4565024267207724,0.4500972767791838,0.4565024267207724,1.7347706973384047
333,0.13692927980870623,0.15345775858238883,0.0,0.11459334710014765,0.1497465658358043,0.21837105438328447,0.0023838393917326767,0.0,0.025412307525449693,0.19910584737248616,20,True,0.25658352330516127,0.21837105438328447,0.25658352330516127,-0.08519953050115124
334,0.0,0.1331643747114221,0.09493908781495092,0.11823473621320889,0.10460101452548576,0.20876023982324962,0.0,0.21656952219977463,0.07061355448989642,0.05311747022201166,8,True,0.22351273246052497,0.21656952219977463,0.22351273246052497,0.2634904145810053
335,0.07261536731748841,0.2799267841814419,0.030882506981845775,0.03346340456907385,0.16988680364741374,0.021327125566855436,0.061934306418055335,0.060072751034150426,0.269890950283675,0.0,86,True,0.3087193156695182,0.2799267841814419,0.3087193156695182,1.1239480516713847
336,0.06274083635308451,0.16014740267803587,0.0,0.05527827559326607,0.0,0.26999495722103345,0.09938911736424161,0.14303746614299384,0.19348068641870458,0.015931258228639993,9,True,0.2712251134851087,0.26999495722103345,0.2712251134851087,0.6186245581152979
337,0.023253003374593403,0.1532527934609552,0.0,0.07825032232696336,0.06931412839685054,0.08033189011471606,0.0,0.19638103130267556,0.28102035463730995,0.118196476385936,20,True,0.2700300927390309,0.28102035463730995,0.2700300927390309,0.8542444851555658
338,0.0,0.0,0.17747405936019775,0.1230916696236563,0.0,0.014787075416119927,0.0,0.251134947871131,0.09118976666948783,0.3423224810594072,8,True,0.3680166777498377,0.3423224810594072,0.3680166777498377,1.0186503919575356
339,0.08887802616046545,0.25160802808535854,0.05476979954735235,0.0,0.29884727452075727,0.0,0.08692716246803145,0.09158893171783751,0.0,0.12738077750019736,28,True,0.3093316250024204,0.29884727452075727,0.3093316250024204,1.0478877403557696
340,0.1797424764556647,0.19392720992942802,0.2121807451125468,0.14022489508940497,0.0,0.0,0.0,0.2640221667172734,0.0,0.009902506695682236,9,True,0.32311696728850303,0.2640221667172734,0.32311696728850303,0.277225781005774
341,0.20871411315232646,0.0,0.1707238365929084,0.05573042939827316,0.06824267662647425,0.0,0.0,0.13377468403520448,0.20315007422172884,0.15966418597308435,7,True,0.25520467102207606,0.20871411315232646,0.25520467102207606,-0.029722154681941514
342,0.0814440090550833,0.19281685858709044,0.0,0.046201367020654686,0.21974757335475067,0.32303290690007663,0.0,0.13675728508234428,0.0,0.0,20,True,0.34247312863879475,0.32303290690007663,0.34247312863879475,0.8867869910492868
343,0.0339853691043028,0.12682528286708078,0.04338319912244265,0.009137291660723868,0.24075844274965416,0.10932440861791007,0.19938047262714373,0.12827890842551806,0.037120463601299,0.07180616122392461,28,True,0.22773626994159935,0.2316211510889303,0.22773626994159935,0.7374526605355638
344,0.05101645911609588,0.0,0.03294313341951666,0.12684625562077684,0.008233768016134528,0.29220284213937686,0.0183370636640076,0.12386668355253619,0.19406229148772014,0.15249150298383526,20,True,0.2860441089293413,0.29220284213937686,0.2860441089293413,0.8610103186319739
345,0.06672462512241151,0.0,0.1999386381897038,0.1312390943648389,0.0,0.21375261396954515,0.06266912591809924,0.0,0.25875846394093405,0.0669174384944674,9,True,0.28758098004991073,0.25875846394093405,0.28758098004991073,0.532434475881723
346,0.0,0.1550804873167436,0.15474148873466184,0.03618285650930403,0.09606508679146507,0.12902642933996303,0.033727140047521795,0.10967548840700476,0.1587302835157863,0.1267707393375495,7,True,0.1720835882533667,0.1587302835157863,0.1720835882533667,-0.7158530582621664
347,0.04710284300994906,0.046227221122936354,0.0,0.03729747497950911,0.15534049937613503,0.1462249641708144,0.23706097456112774,0.08246115850647787,0.050703705834586096,0.19758115843846433,0,True,0.23636005289123357,0.23706097456112774,0.23636005289123357,0.5955378903670723
348,0.13991435562594082,0.1478296768973848,0.0,0.1882821124287082,0.07364278135530933,0.03228189269840564,0.0,0.3102539237597888,0.07840760810021064,0.0293876491342518,38,True,0.2943026641441432,0.3102539237597888,0.2943026641441432,1.0981476537114252
349,0.32441750550311615,0.06840824778475639,0.004769010774786305,0.12714918327686361,0.0,0.1511779113787141,0.011596207138994544,0.14770570573959313,0.15426932120820894,0.010506907194966752,9,True,0.3079475466622616,0.32441750550311615,0.3079475466622616,1.0814774231995592
350,0.012427605570844907,0.12196859102329059,0.19019485260283303,0.0,0.10394020814971427,0.13347382103130473,0.18669108861388298,0.09453403700124163,0.020299941142626465,0.13646985486426133,7,True,0.20651888030057394,0.19019485260283303,0.20651888030057394,-0.2963524377463094
351,0.23857122377115653,0.02111094957094284,0.0,0.03849140207830674,0.0,0.2626884072136765,0.07600218766481096,0.0,0.25885525128013864,0.10428057842096788,20,True,0.3339243941415763,0.2626884072136765,0.3339243941415763,0.7289728607531275
352,0.13815079755713705,0.15774716025326505,0.06970521427641586,0.13619621394997977,0.12918023352823518,0.15268415383240516,0.0,0.0,0.13689329851642054,0.07944292808614131,20,True,0.1800804614410033,0.15774716025326505,0.1800804614410033,-0.9758479982903608
353,0.02690190616637537,0.00851069722486632,0.10206655628966849,0.16523643689063183,0.04295735199276061,0.1993195439244117,0.07394178411524986,0.18031048915684755,0.09592967844327917,0.10482555579590902,9,True,0.19560312237928895,0.19080884669954537,0.19560312237928895,0.2083040034463855
354,0.15913492737978485,0.06602543975441029,0.255501409396839,0.15066344093932438,0.0,0.0,0.17390364808385128,0.0,0.11132636327074642,0.08344477117504374,8,True,0.2593507167115578,0.255501409396839,0.2593507167115578,0.3134859041467748
355,0.19914140999143787,0.16908376274284045,0.10509806901313364,0.031221544029810172,0.04756539574920465,0.09976121710325397,0.10736366407798142,0.0,0.03875062622914348,0.20201431106319434,28,True,0.2152211084001483,0.20201431106319434,0.2152211084001483,0.25092443498538125
356,0.17737133630048021,0.0,0.1692228469549438,0.019063636331739447,0.1938265306225938,0.021284163482437172,0.1731179722359826,0.09707221641974183,0.14904129765208107,0.0,28,True,0.24512911008005042,0.1938265306225938,0.24512911008005042,-0.22613803686197384
357,0.0,0.20438211340024,0.020269434597489,0.0848818934851173,0.0479341213858215,0.12383907940930934,0.21904846313421047,0.07024341355145665,0.06941597549213112,0.1599855055442245,7,True,0.22439237435133783,0.21904846313421047,0.22439237435133783,0.44724156451220065
358,0.08767416737874462,0.12356656234620607,0.019884507448776567,0.007793302297303299,0.07924791547658251,0.0,0.0,0.27959162892123385,0.2255936726617364,0.17664824346941674,102,True,0.2999339965539853,0.27959162892123385,0.2999339965539853,0.6848820853313897
359,0.0,0.06204186208284909,0.09013394697312932,0.236841285646353,0.27228174758055573,0.17949378219518491,0.03364387492700428,0.003983921664534893,0.01079364562889921,0.11078593330148934,53,True,0.296581002934967,0.27228174758055573,0.296581002934967,0.7527537740422596
360,0.0911384573576848,0.2924911817553506,0.02298907933734463,0.07645337027577855,0.02435027226574378,0.0,0.04989351203039303,0.0,0.2062073462734092,0.2364767807042954,266,True,0.31899210206683176,0.2924911817553506,0.31899210206683176,0.906113167947205
361,0.17242086255775352,0.1447226298782045,0.2044645566202628,0.0,0.19142699264745727,0.0,0.21877753846502873,0.0,0.016122943862964947,0.052064475968328104,28,True,0.28276830123879854,0.21877753846502873,0.28276830123879854,0.057883053409708764
362,0.01848614031105383,0.15600663998580855,0.0,0.16530754332562494,0.0,0.16139859971539725,0.1180720528156967,0.07308340071464903,0.24555028339271395,0.062095339739055774,20,True,0.24796948800485025,0.24555028339271395,0.24796948800485025,0.28516422472321973
363,0.19626272134772862,0.09863241169796008,0.10681194489247982,0.0,0.1234301602401882,0.0,0.08395762254481233,0.0,0.05328974465507644,0.33761539462175444,102,True,0.31426746317617443,0.33761539462175444,0.31426746317617443,1.3549990517246457
364,0.0281101193535045,0.10437264940621245,0.08804059537443196,0.08741414909844386,0.21147026338483596,0.0820189976844515,0.12967964845996402,0.14542108618673516,0.0,0.12347249105142075,28,True,0.17813634246474422,0.21147026338483596,0.17813634246474422,0.09081819120990833
365,0.0681748760333027,0.15272775278141998,0.0,0.03786138584133492,0.12616555692131606,0.1546878608994814,0.1370973075654723,0.21375072901386807,0.037329813266623046,0.07220471767718145,15,True,0.2008612180128173,0.21375072901386807,0.2008612180128173,0.14400153644469177
366,0.026360192586555146,0.18920623825546118,0.32023523800637843,0.0,0.10386390935884594,0.028416078463393432,0.12485638902250058,0.05088102819952141,0.0,0.15618092610734394,28,True,0.30530334387564584,0.32023523800637843,0.30530334387564584,1.1464723094263118
367,0.0,0.0,0.0,0.0,0.07862236296663552,0.2986118302065742,0.054695083145757016,0.08169071101525423,0.3014844182243655,0.1848955944414134,8,True,0.3606863745142088,0.3014844182243655,0.3606863745142088,1.000327422272375
368,0.05517839651425146,0.08485178956748084,0.17132387154127912,0.0,0.1167919596641865,0.0,0.3484909319884531,0.10690242829586238,0.0692484945816196,0.04721212784686702,28,True,0.3051804553181017,0.3484909319884531,0.3051804553181017,1.7734682583933126
369,0.18372773539849308,0.0,0.11019882251530286,0.21192801590626167,0.12593800010732262,0.03933886011914215,0.0,0.02338926608921811,0.26387282175042076,0.04160647811383873,8,True,0.2830690618888736,0.26387282175042076,0.2830690618888736,0.5846775495171984
370,0.10902592423789585,0.18616633997220003,0.12296955030811445,0.0,0.027437330057548098,0.1717202605781969,0.1432861225847207,0.0,0.1350641507971887,0.10433032146413533,20,True,0.20387441552098165,0.18616633997220003,0.20387441552098165,-0.5470771902973434
371,0.01595177880888986,0.068696134715883,0.1770476109656707,0.1314209314072928,0.0,0.0,0.4004679644035656,0.09106649786909189,0.11534908182960625,0.0,6,True,0.3681902282235262,0.4004679644035656,0.3681902282235262,1.8026325780019985
372,0.24631519166561838,0.16981925404231504,0.0,0.06485771268575628,0.0,0.0,0.04008396567740332,0.22314483580239494,0.20602953318164896,0.049749506944863055,9,True,0.30006632536423844,0.24631519166561838,0.30006632536423844,0.43676065552625
373,0.1404686425280864,0.004368838761618779,0.10494587028885949,0.11830575633405546,0.0,0.0554342297708106,0.029564605726861034,0.2453422119836785,0.06393689010206509,0.2376329545039647,102,True,0.2635480632893861,0.2453422119836785,0.2635480632893861,0.6945728986458781
374,0.1399607476862897,0.08359588042466069,0.19265315271780248,0.0,0.07168647099959259,0.0,0.08141799291145019,0.1374178542126748,0.08073717702057952,0.21253072402694997,102,True,0.2145502881102252,0.21253072402694997,0.2145502881102252,0.1123580714017592
375,0.05910397121489996,0.08456979796634394,0.11913210380651858,0.03538630201677799,0.06429105298922981,0.0,0.12698480235261533,0.0731271191812435,0.22562095699190296,0.21178389348046792,9,True,0.21783770914068698,0.22562095699190296,0.21783770914068698,0.7252045267114013
376,0.2098406744540756,0.03150845101972477,0.09570258769347784,0.04292998490790877,0.33478411533631963,0.0,0.20840961538204006,0.0,0.0,0.07682457120645331,28,True,0.34270227084554356,0.33478411533631963,0.34270227084554356,1.1200784966272255
377,0.127746050333327,0.08080553617396792,0.10287556666882158,0.1740574916705233,0.09257852864269965,0.21676804628606708,0.09561189640694975,0.0,0.0,0.10955688381764361,0,True,0.20107584653280575,0.21676804628606708,0.20107584653280575,0.00598131615535699
378,0.262964587167903,0.2523462056489655,0.06751801110804141,0.2674578558225328,0.013430511580583782,0.06579826984371694,0.0,0.06940828558255996,0.001076273245696741,0.0,38,True,0.34387472646639844,0.2674578558225328,0.34387472646639844,0.8152272820650984
379,0.11163431356171584,0.0,0.0,0.07603994534454243,0.0,0.503505080088605,0.16136141285490435,0.0,0.1212770247746337,0.026182223375598713,20,True,0.46172804771319315,0.503505080088605,0.46172804771319315,2.343761282371616
380,0.0,0.027517088255950235,0.051300192814613337,0.09165858716962562,0.23365000845191225,0.0,0.16865375536504806,0.15111246463930222,0.1054463422324058,0.17066156107114255,7,True,0.2406364242294661,0.23365000845191225,0.2406364242294661,0.18852133152361622
381,0.07784423741482165,0.11296423000687845,0.3977053849567575,0.0,0.25373467367007085,0.0,0.015185407813178727,0.04610674745776415,0.0,0.09645931868052848,28,True,0.3911934679128736,0.3977053849567575,0.3911934679128736,1.643892683536459
382,0.16102113293863576,0.17158368497514173,0.03198889026315618,0.10730606895954495,0.1314678262182822,0.04394590385550078,0.0,0.12595163580210464,0.14514958248549265,0.08158527450214104,20,True,0.17524283839026142,0.17158368497514173,0.17524283839026142,-0.5308690715128161
383,0.014744977903972854,0.060658246205708165,0.2129857437607318,0.0,0.0,0.3136078750271405,0.19519226662464426,0.08197891954529365,0.12083197093250864,0.0,0,True,0.3271553039915542,0.3136078750271405,0.3271553039915542,0.8968286855933733
384,0.07412460335186713,0.0,0.20617172965722624,0.020843253761634584,0.04899476307445582,0.0996486121215306,0.05246450775654734,0.16225295518975713,0.1423048598727088,0.19319471521427253,8,True,0.21776002855856375,0.20617172965722624,0.21776002855856375,0.2069264029573174
385,0.0,0.24573439302296676,0.0,0.018581497461806516,0.0,0.48817585397544416,0.0,0.0,0.12332550430175758,0.12418275123802498,20,True,0.4792461414380623,0.48817585397544416,0.4792461414380623,1.9103274494959608
386,0.044605254943869486,0.16580359226054944,0.14770194752599308,0.023273846319863473,0.0,0.0,0.15232948731458526,0.25097926580499197,0.05860284551627352,0.15670376031387387,57,True,0.2569498467974857,0.25097926580499197,0.2569498467974857,0.32450413027140146
387,0.0,0.037475022540135676,0.11398953387940843,0.12811877005270686,0.2036565608273054,0.1772157068143879,0.1895622186693286,0.11681468543820961,0.0,0.033167501778517405,7,True,0.2331810467277949,0.2036565608273054,0.2331810467277949,-0.0652674467168311
388,0.08222291147893525,0.04567657630541782,0.0798765587878847,0.14165222308405967,0.023762512360489648,0.1538230205800937,0.019005709590920277,0.2331351047312753,0.1639088562837794,0.056936526797144144,9,True,0.21057024411029712,0.21412939514035503,0.21057024411029712,0.6509242270618982
389,0.09039116083990084,0.0,0.28163593020497435,0.030512869819520855,0.157239658421282,0.002468073915793957,0.11434747398107555,0.08133873115343819,0.062287414715259296,0.1797786869487549,114,True,0.26275887851556506,0.28163593020497435,0.26275887851556506,0.9025752745820944
390,0.22238983559483594,0.03316653367578297,0.0,0.0,0.0,0.37688159683298667,0.06624350596074384,0.006096073503901615,0.2166766534945238,0.07854580093722523,20,True,0.38747977388753996,0.37688159683298667,0.38747977388753996,1.3197008699219923
391,0.1950201243008463,0.08756704673016807,0.0,0.003387325330290334,0.1474800210590493,0.08600453927484991,0.0,0.23839021166071006,0.15171125313898762,0.09043947850509838,38,True,0.2507687072435979,0.23839021166071006,0.2507687072435979,0.20126017723240885
392,0.05865689973197369,0.0,0.0,0.17934594437506482,0.0665773946668125,0.36192977373377233,0.23592299834773073,0.0719337756440127,0.025633213500633144,0.0,9,True,0.3640364008003958,0.36192977373377233,0.3640364008003958,1.3556064873576057
393,0.18744546248153887,0.11637638766557816,0.05508765428959464,0.016825115663469496,0.26981900991655894,0.054341165023586074,0.09186601500056348,0.14730775332997237,0.0,0.060931436629137956,28,True,0.24820120544549557,0.26981900991655894,0.24820120544549557,0.94543808794484
394,0.13884162762284558,0.1458692153657743,0.14669537648882475,0.1411226408455503,0.1335034685518404,0.07480427685049301,0.14251876457734058,0.0,0.040681277652971935,0.03596335204435905,20,True,0.1693184633869011,0.14669537648882475,0.1693184633869011,-0.8083611339036582
395,0.10960627609139754,0.13480627780585053,0.1131928730422667,0.09956224564651861,0.11790867881409654,0.0,0.13460576014371287,0.1304660348931479,0.0029638853296340803,0.15688796823337522,28,True,0.16302364312322504,0.15688796823337522,0.16302364312322504,-1.392435361296837
396,0.10240722421832518,0.0,0.07717844239443081,0.2555329064715161,0.03296271335887638,0.0,0.1544393224673649,0.034774908825062276,0.18335125613944317,0.15935322612498107,8,True,0.2586489719999174,0.2555329064715161,0.2586489719999174,0.45972741270261896
397,0.0,0.12594002566610848,0.0,0.18026082024895246,0.05585956385771468,0.23008017241170678,0.2032507562718571,0.0,0.20460866154366056,0.0,0,True,0.2959520303980869,0.23008017241170678,0.2959520303980869,0.1294764110023651
398,0.1325871024854075,0.040633023994529206,0.08754895013064584,0.11041126898164416,0.0242697259384863,0.03719243737491925,0.09796269261805321,0.037582427195704586,0.33461865198792307,0.09719371929268684,9,True,0.27107846774247446,0.31034892604943676,0.27107846774247446,2.2240575552217856
399,0.18601466721117432,0.0,0.0,0.19214400662604655,0.205968314595646,0.1888336834136349,0.22703932815349814,0.0,0.0,0.0,0,True,0.3180388951642832,0.22703932815349814,0.3180388951642832,0.04196449847084257
400,0.1583561775469636,0.17497006594814107,0.0553440586256364,0.04776503260354362,0.14800263748322728,0.08403951543084236,0.0,0.0780471316393559,0.08516505250116362,0.16831032822112624,9,True,0.17797723021881276,0.17497006594814107,0.17797723021881276,-0.1330477289826779
401,0.1997475862657595,0.1410882943031869,0.29972703613661006,0.00650847883885278,0.22910226742454332,0.0,0.09364195215208022,0.028829772319900717,0.001354612559066521,0.0,28,True,0.33432516564795745,0.29972703613661006,0.33432516564795745,0.7067824804127978
402,0.0282268232583728,0.0,0.1429703872472207,0.07777117911636915,0.12140962157392508,0.26294780448193006,0.0015506980739186623,0.0,0.36512348624826363,0.0,0,True,0.3801118920123698,0.36512348624826363,0.3801118920123698,1.2779715551228255
403,0.1130587325303858,0.005034111107051298,0.1569293528902119,0.039069163197020876,0.0,0.11646476456023318,0.13804744513935124,0.1186632074580545,0.14302312148364835,0.16971010163404288,8,True,0.1868691193344721,0.16971010163404288,0.1868691193344721,-0.8111446929256646
404,0.14238406271451365,0.0,0.06464432003322708,0.13604210461276303,0.1377147606836571,0.13647016059003517,0.10200306443628078,0.0,0.15987707257283557,0.12086445435668777,0,True,0.17641582557281346,0.15987707257283557,0.17641582557281346,-1.0895962958112966
405,0.0,0.03795517329355954,0.05977143787551255,0.34946466376239804,0.25954799827693764,0.2003338316952337,0.0,0.0,0.09292689509635839,0.0,53,True,0.3785141827561094,0.34946466376239804,0.3785141827561094,1.126570516806031
406,0.0,0.0,0.03695237958672977,0.4074413807627689,0.2661202353017749,0.18343061719460843,0.0,0.034820007650409435,0.07123537950370867,0.0,53,True,0.42205170335193815,0.4074413807627689,0.42205170335193815,1.4801194933799877
407,0.030793240306485656,0.08603282340796398,0.083599890221035,0.26513656240992667,0.0,0.04625315304882776,0.0915588489295193,0.3184037921573318,0.0,0.07822168951890991,38,True,0.3219599249584641,0.3184037921573318,0.3219599249584641,1.3951518103538172
408,0.0,0.09393206736129275,0.2503704470191412,0.05695713182402303,0.18735794695178998,0.10737321806688242,0.19045361472203082,0.0,0.11355557405483982,0.0,6,True,0.2656165749507929,0.2503704470191412,0.2656165749507929,0.3461344734998961
409,0.020056684447689203,0.16220525615044704,0.07687473706004198,0.0,0.11856745985090332,0.12427999842173763,0.17376636664800318,0.06433074696338027,0.12235015855534741,0.1375685919024499,309,True,0.17422449717125255,0.17376636664800318,0.17422449717125255,-0.596813521186999
410,0.1271539974366208,0.0,0.18666090081575834,0.13462976400714638,0.04353419670529764,0.008739862569666206,0.09388790457875956,0.0529387954340094,0.1754152027899454,0.17703937566279626,9,True,0.21175009890835753,0.18666090081575834,0.21175009890835753,-0.17615778250386496
411,0.0203464951421931,0.2784709246886858,0.059963255660073427,0.042456094256613314,0.08867561186119431,0.15336828767426988,0.035725054500053324,0.0,0.17822584653374443,0.1427684296831724,20,True,0.26108791611145105,0.2784709246886858,0.26108791611145105,0.9200274307795794
412,0.2446005758305513,0.371605675561675,0.03506734841762078,0.003352296178621684,0.0,0.016402118111793543,0.0,0.0,0.19010168819622822,0.13887029770350953,20,True,0.3935146979959818,0.371605675561675,0.3935146979959818,1.174723995688459
413,0.08115256827835167,0.15195831374396918,0.03499387059611542,0.0,0.017012188381911954,0.22846946401748933,0.1168511682794178,0.1531079779863187,0.19054879482298334,0.025905653893442456,0,True,0.23971972079664913,0.22846946401748933,0.23971972079664913,0.24441656114778224
414,0.17585139321103896,0.04036152872697628,0.13483118272041625,0.0,0.08992968904102364,0.1035698263633111,0.14705478026581909,0.0,0.16058933231818673,0.14781226735322794,28,True,0.1969994407776361,0.17585139321103896,0.1969994407776361,-0.6369189557393197
415,0.07156955895657925,0.0,0.296922798263281,0.1893917086782204,0.14418940265459793,0.05094837323916843,0.15828956245859602,0.06489790205940206,0.0,0.02379069369015506,38,True,0.2870090768054277,0.296922798263281,0.2870090768054277,0.9529874995916472
416,0.17555065929111052,0.17803827875702305,0.1154310105050886,0.2044515711652844,0.0,0.0,0.010658892784805803,0.12116536546164192,0.08706272360954585,0.10764149842549993,9,True,0.22716006168985017,0.2044515711652844,0.22716006168985017,-0.20973727780838186
417,0.0807574448523254,0.21521150071488285,0.012601278286654496,0.13468924993458198,0.11356223045124221,0.1525309106734789,0.10340805671012003,0.0,0.14005781724767047,0.04718151112904363,20,True,0.19958785898579498,0.21521150071488285,0.19958785898579498,-0.018526919294018004
418,0.17318911742031864,0.3210568180255156,0.10550709090805561,0.023515920766547987,0.004609379581735454,0.15087090123180125,0.0,0.11578948645912705,0.0,0.10546128560689835,9,True,0.30342916588526864,0.3210568180255156,0.30342916588526864,1.0758421724085463
419,0.12673379909668678,0.0,0.1569025869623181,0.16121146762133562,0.13605483963083093,0.02542173601008192,0.14254365678948103,0.03186261375558985,0.10169904269825002,0.1175702574354257,0,True,0.1769903385378353,0.16121146762133562,0.1769903385378353,-0.7907661969512058
420,0.0,0.1289596261319475,0.10779392207208763,0.02326348685264863,0.07657138069947911,0.1253684652917705,0.1635310481385151,0.14968851038547792,0.08141762399141503,0.14340593643665842,7,True,0.16344686906925998,0.1635310481385151,0.16344686906925998,-0.8323412921322109
421,0.13428282670864836,0.0361486125296002,0.12330713347559223,0.0,0.0,0.0707588042004079,0.24739234387399767,0.1337999432816264,0.22186036823255728,0.032449967697570026,9,True,0.26254614318251795,0.24739234387399767,0.26254614318251795,0.520030582659325
422,0.0,0.05986787134904323,0.2804820787989022,0.0,0.0,0.15984027962891798,0.07949283157948236,0.09047849705259414,0.06755345423565697,0.26228498735540323,7,True,0.30929860331350206,0.2804820787989022,0.30929860331350206,0.9199692916707469
423,0.20469292659507124,0.14111526632576893,0.15310472830057315,0.08533942950581984,0.020767262631600402,0.1647290229488806,0.010677906003785374,0.12244295940211224,0.024300760142651052,0.07282973814373708,8,True,0.2027424783534292,0.19401502059128586,0.2027424783534292,-0.008001390544965584
424,0.1880655708023013,0.18514716505797224,0.0,0.0464842392758655,0.10379669629419896,0.10304063872467667,0.0006220267263755791,0.22429176945188417,0.0,0.1485518936667256,38,True,0.2560759524334733,0.22429176945188417,0.2560759524334733,0.044718211543766664
425,0.19533635025254295,0.07233300710256677,0.19880706903125347,0.0027048382409933557,0.05081244619265285,0.3098056926216936,0.021148938818519536,0.0,0.11423809296759008,0.034813564772187416,20,True,0.3101467332606434,0.3098056926216936,0.3101467332606434,1.0358665333963628
426,0.19822711291462045,0.03230182626542322,0.40198580535273226,0.0,0.0,0.06217097079766648,0.15448538333811573,0.1508289013314418,0.0,0.0,28,True,0.39039762388048765,0.40198580535273226,0.39039762388048765,1.5388166506080965
427,0.19879150817126393,0.1388900573050349,0.08977718287412634,0.0,0.071154011702577,0.16800235553979284,0.14051532211787368,0.13144167724948402,0.0,0.061427885039847176,8,True,0.20236352062765997,0.19879150817126393,0.20236352062765997,-0.29296181475091343
428,0.23222341721558926,0.0,0.0,0.010847923653837153,0.10631120456685793,0.2846652207079153,0.05182198502884615,0.04039625338601347,0.09215939556958203,0.1815745998713589,8,True,0.3035816496071185,0.2846652207079153,0.3035816496071185,0.8201904204314815
429,0.01971241890239137,0.0,0.0,0.0,0.0,0.13743462681448793,0.15011695131864256,0.17309768795064426,0.44743614115642216,0.07220217385741179,0,True,0.42093588475725,0.44743614115642216,0.42093588475725,1.9090576099924126
430,0.02509070267130323,0.22989186927193733,0.041437066895006085,0.06811732514483546,0.05272429377461722,0.126017226220337,0.12918155625922179,0.065766910636738,0.20798154431426571,0.05379150481173825,0,True,0.21368204803269442,0.2048011666006341,0.21368204803269442,0.9973895119832906
431,0.20095789459425983,0.03653904776360134,0.052561543482634435,0.20134654811150404,0.07999991501486362,0.19199019197505157,0.012804266745165705,0.09554609412093686,0.07366853774090339,0.0545859604510792,20,True,0.2144346795595899,0.18854228136633833,0.2144346795595899,0.6477173737389794
432,0.02104478565543275,0.1293761434340752,0.19582223532916793,0.27537295739400364,0.0026295263033795147,0.08729186659785154,0.03432859773288004,0.06914751822556396,0.18498636932764545,0.0,8,True,0.2813614332583469,0.27537295739400364,0.2813614332583469,0.7041987267204198
433,0.1546851281769506,0.23800201476047417,0.17425344445446836,0.019527316217203997,0.08244514540742238,0.25788638010560505,0.0041022931367172355,0.0,0.06909827774115837,0.0,20,True,0.2990184187187391,0.25788638010560505,0.2990184187187391,0.51882229145261
434,0.0,0.13307179133919222,0.08538270666825036,0.0,0.060816199280741126,0.0,0.10267775917177738,0.009057562821176503,0.27865790859765593,0.3303360721212065,29,True,0.35509693125181524,0.3303360721212065,0.35509693125181524,1.1845500803783642
435,0.0,0.09138186436184582,0.15034225987643707,0.0,0.2105007842391945,0.0592108233028258,0.2668197151661307,0.08238869965057861,0.0,0.1393558534029876,7,True,0.2759903152460945,0.2668197151661307,0.2759903152460945,0.5540944591959037
436,0.0,0.09412785727323475,0.0,0.16878453267989296,0.2558676481999456,0.24457002602671057,0.1304560003565819,0.0,0.0,0.10619393546363415,0,True,0.3015409474203932,0.2558676481999456,0.3015409474203932,0.4324781749669007
437,0.09828349233929143,0.05008598895377998,0.004573511393243207,0.0,0.2581650189430554,0.1707831207368165,0.007799844682663158,0.24376776930909907,0.04114646256141752,0.12539479108063367,7,True,0.29138577082504524,0.2581650189430554,0.29138577082504524,0.6545431481752926
438,0.07489688405002055,0.13938934494516952,0.060963588653986385,0.19553140810216774,0.10558116895149224,0.0,0.11967145472238237,0.1561763850649414,0.024911844229332385,0.12287792128050748,9,True,0.18046415296741708,0.19553140810216774,0.18046415296741708,-0.23523250953005206
439,0.05811667470775952,0.1085230181312963,0.08238074526584822,0.201266286346988,0.23539200365053486,0.03113370699019861,0.2026682606447533,0.019224583332542868,0.0,0.06129472093007832,28,True,0.253040022404398,0.23539200365053486,0.253040022404398,0.6046955871275168
440,0.04233773492778155,0.20650904826464553,0.10982342480951977,0.006482677995736427,0.20863895020345757,0.0,0.16053983166438146,0.13076591948001332,0.07011776142001538,0.06478465123444899,86,True,0.22816267630197307,0.20863895020345757,0.22816267630197307,0.2091557876956863
441,0.0,0.050741233011503566,0.1418401037922145,0.14377706540107132,0.23190310308865864,0.11837314258220116,0.0,0.21009477001781718,0.0,0.10327058210653377,7,True,0.25682875215025047,0.23190310308865864,0.25682875215025047,0.1490210960510062
442,0.0,0.024953060070628003,0.1448799690231503,0.11216709794806608,0.1978185534722546,0.1603490533294458,0.07193528627856557,0.04829578778142222,0.17363373436088855,0.06596745773557897,0,True,0.20259779172597972,0.1978185534722546,0.20259779172597972,0.011178988813966263
443,0.08552195118735302,0.19059442480555172,0.0999893806975623,0.1254058677265013,0.0,0.0,0.1302041202100309,0.1439815599832612,0.12284914557034834,0.10145354981939124,9,True,0.18009243373215833,0.19059442480555172,0.18009243373215833,-0.7181139285476764
444,0.04952464716087913,0.11663660703329529,0.2232539945715502,0.0,0.02201777555115034,0.1563582183631337,0.06700198421920064,0.1602397228731214,0.07600377389262614,0.12896327633504304,8,True,0.20834093386435565,0.2232539945715502,0.20834093386435565,0.26802587711692905
445,0.13463210975533585,0.09291052000438435,0.09040064322230539,0.1570584613845327,0.11555831483860143,0.0,0.0,0.18755106795640192,0.0,0.22188888283843825,102,True,0.23950283889623444,0.22188888283843825,0.23950283889623444,-0.07866379020300175
446,0.0,0.0,0.0,0.3726567795035403,0.39719905211073514,0.0948073409931517,0.0,0.0,0.0,0.13533682739257283,53,True,0.47322790604791637,0.39719905211073514,0.47322790604791637,1.4353796940482466
447,0.07384475699513103,0.0,0.0,0.01709376552948206,0.0697673324758254,0.20090203092236822,0.172946657825791,0.19531003211454803,0.0,0.27013542413685415,7,True,0.303321700734495,0.27013542413685415,0.303321700734495,0.48249493837811946
448,0.17907281794074772,0.03063750064714841,0.09577208629557342,0.032174141244405235,0.11298577047636539,0.20172895073348493,0.12068286424298491,0.11041025717208987,0.11653561124720012,0.0,0,True,0.19237692076492158,0.20172895073348493,0.19237692076492158,-0.04316438541633641
449,0.3063109865302209,0.0,0.03654614579067956,0.0,0.0,0.34179573713703515,0.06882196296260165,0.24652516757946275,0.0,0.0,20,True,0.42130450745562636,0.34179573713703515,0.42130450745562636,1.041956617445343
450,0.0,0.13865134846334315,0.0,0.122065492099519,0.23206046388196364,0.0,0.24444190526447412,0.26278079029070006,0.0,0.0,38,True,0.34173356359076634,0.26278079029070006,0.34173356359076634,0.4414942119984958
451,0.0,0.03444944801269118,0.08900583318622686,0.0,0.20776691858983298,0.20930130594235782,0.17748465402623861,0.1162609412499423,0.0029890778480310912,0.16274182114467928,7,True,0.2599887992780628,0.20930130594235782,0.2599887992780628,0.01662113366143127
452,0.009146185305570667,0.05151546773303483,0.24538337481578412,0.0,0.24686308362713938,0.014696571350993908,0.0,0.0,0.2622465550641755,0.1701487621033016,20,True,0.34904401572447735,0.2622465550641755,0.34904401572447735,0.5619132114541672
453,0.03543038944475574,0.17122510417685366,0.19480482893176052,0.0919298456885101,0.0,0.0,0.12442554376506608,0.3009661272140152,0.08121816077903872,0.0,38,True,0.2993861753852241,0.3009661272140152,0.2993861753852241,0.847991682211787
454,0.158560603554616,0.013669600627836133,0.0,0.0,0.1985608794877677,0.38043830381579097,0.09038925890846776,0.0,0.1583813536055213,0.0,20,True,0.3778133403548103,0.38043830381579097,0.3778133403548103,1.3050347966254419
455,0.19043072239661976,0.08882417052420107,0.13470928813161984,0.08335685750360647,0.11748719392220622,0.0,0.12180164037943612,0.24227159358308845,0.020511725592777016,0.0006068079664450386,38,True,0.23875522151031886,0.24227159358308845,0.23875522151031886,0.32695817339171723
456,0.0,0.09861421813430497,0.07517388095169618,0.18539145334446516,0.026100920372873655,0.10925332266096967,0.39273447869187694,0.035455891023679936,0.07727583482013352,0.0,0,True,0.35189836534763574,0.39273447869187694,0.35189836534763574,1.9800879344313347
457,0.028699791059262087,0.21069328221325484,0.10000169902673606,0.06133199952937741,0.0,0.1583978043576599,0.016872744158314586,0.1168472858178747,0.0,0.30715539383752044,8,True,0.3038907192370159,0.30715539383752044,0.3038907192370159,0.9961925291810679
458,0.009361125095086997,0.003187270713080064,0.0,0.09961842212548287,0.021935481209551338,0.1722940603640941,0.43585775240653596,0.0,0.0,0.2577458880861687,0,True,0.4433880367299741,0.43585775240653596,0.4433880367299741,1.5943664219597726
459,0.0682065602421346,0.030117831150116334,0.17443700161828818,0.0443375193974603,0.05353502920084842,0.09307670448862518,0.24323867390248152,0.18403073392566016,0.0,0.10901994607438531,28,True,0.2332386893211866,0.24323867390248152,0.2332386893211866,0.6794346729535
460,0.0,0.0,0.2151156482117861,0.1286378965407065,0.08319598761632432,0.14584765859818918,0.056420817609718614,0.2809445922572638,0.06321615132181553,0.026621247844195887,38,True,0.2789869308930046,0.2809445922572638,0.2789869308930046,0.869906298630459
461,0.2847396916057586,0.08061000817991115,0.06943038012063898,0.07207487520117893,0.17123108224046865,0.11736876879323864,0.030641329115084298,0.04065607156098419,0.13324779318273652,0.0,20,True,0.24704720949553907,0.2847396916057586,0.24704720949553907,1.2704204257773282
462,0.048685702703611916,0.1510542121826323,0.08505523800952841,0.05812155192404406,0.18076795238130539,0.13366757155091977,0.0,0.05841525762354882,0.048085770014027675,0.23614674361038168,102,True,0.21871013096809688,0.23614674361038168,0.21871013096809688,0.644487945942424
463,0.17925195087270432,0.0,0.16214827765671813,0.08623197207900335,0.15097277740374698,0.0025427401737427727,0.05104291907625439,0.0,0.1540031735332885,0.2138061892045416,8,True,0.246361456969743,0.2138061892045416,0.246361456969743,-0.13639215964608753
464,0.07152132328465288,0.06369520224904865,0.18058686863715165,0.12932434012644445,0.261166369844225,0.0,0.13122486521939672,0.039782874405572814,0.12269815623350781,0.0,28,True,0.246118128498854,0.261166369844225,0.246118128498854,0.6257303201744602
465,0.022420894321606284,0.09255966791336734,0.19057804202662645,0.11491611937115119,0.0,0.22840268548143272,0.047670188275383954,0.050337325543671485,0.16481828499983328,0.08829679206692718,8,True,0.22479137818935052,0.22840268548143272,0.22479137818935052,0.4625454493022683
466,0.10701046357243045,0.025653039419165673,0.16628703137103182,0.18102660612211338,0.10641687003104999,0.04978485189466054,0.11777922837965407,0.005977016308420437,0.24006489290147368,0.0,20,True,0.24056856100193466,0.24006489290147368,0.24056856100193466,0.3255103701440829
467,0.17364007195238387,0.08632191559242787,0.11259192303946311,0.10588376039500019,0.09047654324767311,0.06983764095172865,0.04080980884102584,0.11048520520945658,0.03185563187534223,0.17809749889549864,8,True,0.1454643667117908,0.1462418670201564,0.1454643667117908,0.39516519465821626
468,0.1379667059413421,0.16734348692112966,0.07246624910928076,0.0,0.1299161240226981,0.0,0.2806710488525609,0.11275384709704833,0.0,0.09888253805594016,28,True,0.26539712721851777,0.2806710488525609,0.26539712721851777,0.6550936948786529
469,0.1571256855645034,0.14525075332006543,0.1610488599042853,0.07254950658952825,0.010144640226770595,0.15425194494317757,0.12129812553311507,0.12518735768023453,0.0,0.053143126238319724,7,True,0.18464102057313223,0.1610488599042853,0.18464102057313223,-0.6893328159994723
470,0.012803801197177602,0.0,0.1048145010959805,0.16190789261185454,0.024559727423224282,0.07825649018283785,0.33181530964907124,0.12503677918456466,0.05048919091115293,0.11031630774413638,0,True,0.2907677477669559,0.33181530964907124,0.2907677477669559,1.5998075469138116
471,0.13524408155478992,0.074848784111408,0.0,0.05561202489379712,0.14711395029428911,0.25493571978011975,0.0,0.034475339925204594,0.18741050842061108,0.11035959101978042,20,True,0.24922123112171843,0.25493571978011975,0.24922123112171843,0.5213092379057676
472,0.12729736992095428,0.05286893920105074,0.2099293922446281,0.0,0.09436022400377762,0.12878005566333994,0.12394360410619999,0.0,0.03565825324496759,0.22716216161508174,28,True,0.23831580969982835,0.22716216161508174,0.23831580969982835,0.29682594311569255
473,0.0,0.13110385540798652,0.15558743173896847,0.0,0.25812612943055835,0.08407084250067165,0.1288584268116655,0.09096895409067034,0.03286589111834279,0.11841846890113636,0,True,0.23468195588106155,0.25812612943055835,0.23468195588106155,0.5450233855196313
474,0.13129453193431673,0.12083135527296,0.0,0.06136556335464334,0.0639467545137925,0.2198963216479909,0.0,0.0,0.22225465591867444,0.1804108173576222,20,True,0.2645618598421207,0.22225465591867444,0.2645618598421207,0.20369692866898076
475,0.21695525088536993,0.09327149032410056,0.0,0.20631337778475398,0.0,0.06553059330100361,0.15336828315243903,0.0,0.0,0.26456100455233283,9,True,0.31006930791714127,0.26456100455233283,0.31006930791714127,0.4237315806222399
476,0.031182852631151784,0.2941583169824969,0.0,0.2847814002090624,0.0,0.18886607645678488,0.0,0.08700373772491464,0.1140076159955895,0.0,38,True,0.35332663835678885,0.2941583169824969,0.35332663835678885,0.8505812259461264
477,0.0930736501003408,0.006416559043292308,0.13369641876793276,0.1418248748369731,0.0,0.15303165963720403,0.10211055442801455,0.06788228216537359,0.08339054471121858,0.21857345630965022,9,True,0.19968600663572691,0.21857345630965022,0.19968600663572691,0.0329891692509756
478,0.1830638949448772,0.12920099867013327,0.16210585492619253,0.012181717081897483,0.19404144097747883,0.04963836141682412,0.10742288071461911,0.024271323972124746,0.0,0.1380735272958525,28,True,0.21895458266780654,0.19404144097747883,0.21895458266780654,-0.18378244173733427
479,0.0,0.2941417409306421,0.06735528730961063,0.11655492393000226,0.12004597284699818,0.0,0.13093614745391335,0.0,0.11934052279919131,0.1516254047296421,40,True,0.2709776426697691,0.2941417409306421,0.2709776426697691,0.8423702800463638
480,0.009306134313714682,0.0725319522707013,0.09912831671479556,0.0,0.35349421605149794,0.0,0.22376136148575854,0.06328419765347844,0.0,0.17849382151005358,28,True,0.3550579573485205,0.35349421605149794,0.3550579573485205,1.2443156386906027
481,0.08316607301099516,0.0,0.19606223650099738,0.12701228442782467,0.04210467099295728,0.0,0.32460401513415493,0.1546352828750143,0.01809955061079118,0.054315886447265135,9,True,0.3095473576058406,0.32460401513415493,0.3095473576058406,1.208203867015083
482,0.033328105069909325,0.11256264462106355,0.0,0.20641412299843176,0.055448457001693784,0.3508059592017261,0.12315963815954874,0.0,0.05812015826239501,0.06016091468523174,20,True,0.32356272814396103,0.3508059592017261,0.32356272814396103,1.6023641223855554
483,0.03066410914738193,0.07685090305803965,0.07650518909725658,0.08563187291497963,0.004194616988283425,0.11004923703489917,0.10784771578439137,0.19358266825509227,0.10501534780010963,0.2096583399195664,7,True,0.19039659112519108,0.20546372293128298,0.19039659112519108,0.488330727523941
484,0.0,0.0,0.023228439916228045,0.2721051975836369,0.0,0.0,0.0745129817059719,0.0007606001427738891,0.22144662334154672,0.4079461573098426,8,True,0.44225811036260637,0.4079461573098426,0.44225811036260637,1.3285249061404822
485,0.13328076344534248,0.0,0.32813853414463967,0.0,0.18896642171743752,0.012613329660175197,0.20785989827277543,0.0,0.0,0.12914105275962973,28,True,0.348122410848266,0.32813853414463967,0.348122410848266,0.8201764706164373
486,0.19126883468896258,0.1290368590930151,0.21755551443127286,0.053647656614392365,0.1272637524088574,0.0,0.1356616629712382,0.026518123412107658,0.007391024732236457,0.11165657164791733,28,True,0.2264242227167832,0.21755551443127286,0.2264242227167832,0.06004537001162354
487,0.06556953335851586,0.0,0.0719903812545381,0.11613551528323415,0.0,0.16682043356078424,0.19716561887344936,0.1031898209136008,0.07303381378105628,0.2060948829748212,0,True,0.21938539789894898,0.2060948829748212,0.21938539789894898,0.11782290102949478
488,0.15301091644738782,0.1501330239039429,0.0959346104635188,0.0,0.09555850131144912,0.23025678258326354,0.04102795818156405,0.0,0.16703003875973366,0.06704816834913997,20,True,0.22667843320767406,0.23025678258326354,0.22667843320767406,0.17551915023218514
489,0.03423161193859131,0.0,0.13116496076240364,0.06997095906730799,0.1271853718518959,0.12813800561185285,0.13454126888466678,0.0884054897254145,0.1780718446391089,0.10829048751875789,0,True,0.15881041459147496,0.1780718446391089,0.15881041459147496,-0.6767563484324249
490,0.0,0.09890985842907073,0.020274217621484316,0.0,0.24586987034481095,0.0,0.22818657083596067,0.33063983090640336,0.0,0.07611965186226997,28,True,0.37125760252056705,0.33063983090640336,0.37125760252056705,0.9496500210896912
491,0.03902897968253395,0.10399016111416955,0.17871953931170229,0.0546514675912675,0.058976330866562746,0.0,0.21234094392836916,0.08389720999631808,0.23407710290461994,0.03431826460445679,8,True,0.24256984728320619,0.23407710290461994,0.24256984728320619,0.6934773874477664
492,0.20804852049660477,0.0,0.1326229628131119,0.037428288703375626,0.0,0.18416537076459616,0.0,0.08741382235326405,0.2250025617692227,0.12531847309982486,8,True,0.2648827034207236,0.2250025617692227,0.2648827034207236,0.12406031069562358
493,0.06646509030048135,0.0,0.17286883898950323,0.16477826000255896,0.1164101626964547,0.0,0.19000057184235333,0.13613880710896192,0.0024470836008625924,0.15089118545882393,28,True,0.22893792791826154,0.19000057184235333,0.22893792791826154,-0.43593431873985816
494,0.05684597212302095,0.028256838662485215,0.04097698310012198,0.013871723832757914,0.2176821260133528,0.0,0.13279154942526702,0.09620631106134975,0.09089867681235775,0.3224698189692866,380,True,0.30401572789693043,0.3224698189692866,0.30401572789693043,1.385388259232863
495,0.028907131325861517,0.05778823472698963,0.0,0.010317573863943724,0.08746999840320369,0.01580457270789392,0.3361943517120267,0.12077983178961788,0.0,0.3427383054704631,7,True,0.39656814762520765,0.3427383054704631,0.39656814762520765,1.4270613774781955
496,0.1530537149242174,0.04912055941259687,0.04209659788268886,0.0,0.09282437127463923,0.15429053574059698,0.2398345569477201,0.05603350307355341,0.11101654290578632,0.10172961783820081,0,True,0.20824572504933006,0.2398345569477201,0.20824572504933006,0.6784104172226759
497,0.09109346822238462,0.11817841893181222,0.07272673614264646,0.0,0.0,0.2545169802457742,0.0049464289053961445,0.0,0.15441563801927538,0.304122329532711,20,True,0.32968360253675694,0.304122329532711,0.32968360253675694,0.8875817635519171
498,0.17404429621364706,0.048009219734146985,0.11773135078768528,0.22306964978668758,0.0,0.0,0.0,0.1266752249415923,0.20563616257089432,0.10483409596534665,38,True,0.25600795590370146,0.22306964978668758,0.25600795590370146,0.07440461633940719
499,0.0,0.060133414569915056,0.04411574241494328,0.2028289038250045,0.2440211344899787,0.04984148818272446,0.2649025981412112,0.03661114310602089,0.09754557527020201,0.0,40,True,0.29960170240144657,0.2649025981412112,0.29960170240144657,0.8282890727427452
500,0.1483061543336111,0.0,0.10549039791159953,0.04558024010974048,0.2094170516942171,0.10703962476524746,0.18546301018760053,0.0,0.1497840826012368,0.04891943839674687,0,True,0.22302105632655123,0.2094170516942171,0.22302105632655123,-0.04180287494324075
501,0.2159240628440452,0.16561772052440796,0.0,0.0,0.05183714157027064,0.0,0.15461204144269783,0.17856655380087877,0.23139421153563308,0.0020482682820665093,273,True,0.29339034330309793,0.23139421153563308,0.29339034330309793,0.10470434692492217
502,0.005058467501930024,0.032949733068766966,0.09730163487181774,0.0,0.04382432613010642,0.23119551180352643,0.21917595103765888,0.1932269778954028,0.0,0.17726739769079075,7,True,0.2876617982532087,0.23119551180352643,0.2876617982532087,0.2974086365502061
503,0.20843510214922675,0.1674081350922443,0.0476193612126782,0.03710213088879459,0.16540762349222177,0.1830285240629102,0.03692663496076006,0.08680741766172745,0.0672650704794366,0.0,20,True,0.22225585155183827,0.20843510214922675,0.22225585155183827,0.2570762844309667
504,0.024032148541351203,0.06398291513946255,0.0,0.0,0.3171886033378394,0.12741470253462528,0.15533128500103585,0.0,0.31205034544568566,0.0,0,True,0.3781768108907503,0.3171886033378394,0.3781768108907503,1.073621105238517
505,0.0,0.16685275318896098,0.01519364528954546,0.15684721567633425,0.18954337184519193,0.1815817769861944,0.10829547898773337,0.048926529766443745,0.07334758623679688,0.0594116420227989,53,True,0.21119113715311774,0.18954337184519193,0.21119113715311774,-0.0338247504655098
506,0.0,0.19514797518663557,0.11353434818630131,0.08193956726462859,0.18936162205042695,0.04966278806300758,0.1419566844245074,0.1406740486630161,0.08772296616147653,0.0,86,True,0.20891935419443056,0.19514797518663557,0.20891935419443056,-0.17135307721893553
507,0.005164203904459427,0.0927194723549788,0.02205343723401235,0.16312954387828438,0.24131854693771293,0.06637069833666422,0.2353254786480433,0.08110001695874686,0.0928186017470978,0.0,38,True,0.2625480316271212,0.24131854693771293,0.2625480316271212,0.6589222126625203
508,0.23597465794993802,0.0,0.006499760139912877,0.16314887689277197,0.0,0.0,0.15640141443018898,0.0,0.33654548433566067,0.10142980625152749,8,True,0.3610486299192258,0.33654548433566067,0.3610486299192258,0.9054121159561287
509,0.11276306999907296,0.13664034353935706,0.0,0.1823809118633229,0.08889870961749848,0.3088382879883865,0.0,0.0759237043810741,0.09067976589995573,0.0038752067113323714,20,True,0.2862432622913444,0.3088382879883865,0.2862432622913444,1.0895306287222712
510,0.00768853533723247,0.0,0.11150131905914169,0.0,0.06581902404076308,0.1647048760455943,0.20909167401785753,0.24811493953035946,0.014851860936223739,0.1782277710328278,15,True,0.28498695645375854,0.24811493953035946,0.28498695645375854,0.300521431616596
511,0.013272247496314645,0.0029402550312925446,0.002872319161162311,0.049794783249494004,0.0,0.0027612564746269863,0.35613076620082745,0.1698849105117514,0.023713166225912845,0.37863029564861767,7,True,0.449770400689719,0.37863029564861767,0.449770400689719,1.3931909601644616
512,0.114361415667058,0.09983447185834736,0.12854690207614897,0.0809487867859214,0.04370312644421779,0.14302145939746896,0.09776014974323183,0.04932300550500373,0.0,0.24250068252260193,7,True,0.19820180413677127,0.24250068252260193,0.19820180413677127,0.8110736295033822
513,0.10849147242077799,0.1539469249880737,0.1487757614980926,0.1943196704083212,0.0,0.0,0.12866828083678428,0.0,0.13400749385257615,0.13179039599537412,9,True,0.2173629687803497,0.1943196704083212,0.2173629687803497,-0.6544413203164853
514,0.4666250566210544,0.0,0.05190578212402399,0.06892643897320343,0.0,0.07342225571295231,0.05071654717586444,0.12049386179524622,0.08200406313317965,0.0859059944644757,8,True,0.402206763308461,0.4666250566210544,0.402206763308461,2.708812212177105
515,0.27054094138794715,0.0,0.051424333071446664,0.12539146562100872,0.21375615628930603,0.1525895390903364,0.03017748923845661,0.0,0.14335760260247904,0.012762472699019114,20,True,0.2866358460328097,0.27054094138794715,0.2866358460328097,0.5663210622082816
516,0.04619037924989913,0.09636522198967203,0.0,0.1970207754466353,0.05797568823498929,0.2452638123713931,0.20895215548467977,0.0,0.1482319672227313,0.0,0,True,0.28175562208347693,0.2452638123713931,0.28175562208347693,0.3611285728157111
517,0.05705191331460715,0.1330010167398155,0.0,0.2345011160447847,0.04820061082054375,0.1730488665245742,0.06414996977475029,0.0,0.2900465067809242,0.0,20,True,0.31055815638904616,0.2900465067809242,0.31055815638904616,0.8086250548154326
518,0.0,0.11183714082110448,0.04034388016551736,0.032088174425062704,0.13325781096779096,0.09390614481828775,0.0862492797223355,0.20790190393918073,0.0,0.2944156651407206,7,True,0.2812179896179369,0.2944156651407206,0.2812179896179369,1.0310605943559075
519,0.1200096833995287,0.0,0.16865016868349123,0.021597587392796196,0.017071919512697892,0.0031790261046752287,0.2017758466196346,0.04000053283751809,0.14744848264799743,0.2802667528016605,9,True,0.2936277551563824,0.2802667528016605,0.2936277551563824,0.6183949485275623
520,0.18962535517180892,0.19245750557651042,0.03373965120865461,0.16791316233525136,0.038948582726887546,0.18982422259791307,0.0,0.0,0.11749374796458491,0.06999777241838934,20,True,0.242044536111664,0.19245750557651042,0.242044536111664,0.0021534732724497753
521,0.11481768453613406,0.07957246847253693,0.08821413434919982,0.052265613757367185,0.09658543569410474,0.07684662945216558,0.118317419527818,0.24727444923022465,0.044698964012409866,0.08140720096803916,7,True,0.17038559770975245,0.2025754852178148,0.17038559770975245,2.1961093410074772
522,0.0784899548633561,0.06978500998020827,0.11789937130789069,0.15624622547586325,0.11767300407636995,0.14716650823702646,0.13290694885329427,0.02677380922070166,0.15305916798528932,0.0,6,True,0.16326936398388864,0.15624622547586325,0.16326936398388864,-0.8194407915944089
523,0.024435188917669,0.21694527947028616,0.0,0.2714191993272237,0.12161223502788948,0.19672864040543603,0.0,0.01052034267020394,0.0,0.15833911418129176,53,True,0.31623466106544773,0.2714191993272237,0.31623466106544773,0.42714264472767943
524,0.0,0.0,0.027190799940239853,0.2642785825295418,0.19468982835311066,0.0,0.10497888287577331,0.0,0.18765509169898514,0.22120681460234926,40,True,0.321953555914973,0.2642785825295418,0.321953555914973,0.3765264711300523
525,0.0,0.47492096907195064,0.0,0.0,0.07238201633202106,0.2430504313002764,0.0,0.00046379584599313777,0.0,0.20918278744975885,271,True,0.4833427862083159,0.47492096907195064,0.4833427862083159,1.6911292803642057
526,0.014646938544493558,0.15465808297467595,0.1276851761841031,0.0,0.01906508214829154,0.20085484770030365,0.23961596520434092,0.07581564119472024,0.167658266049071,0.0,0,True,0.26910299749813676,0.23961596520434092,0.26910299749813676,0.20695154012328776
527,0.0,0.0,0.30897184541854983,0.04490410875900332,0.157055566742731,0.030360669842937442,0.0,0.14384162811686696,0.0,0.3148661811199115,7,True,0.37802027400038335,0.3148661811199115,0.37802027400038335,1.0281481589656394
528,0.2682025268675344,0.18296847264519225,0.1501555350485706,0.0,0.0,0.0,0.24804113702513797,0.15063232841356478,0.0,0.0,285,True,0.3349197607278239,0.2682025268675344,0.3349197607278239,0.3823434920429439
529,0.0,0.0,0.147847842962743,0.059607122484958655,0.21290318225742694,0.1288384676915978,0.1653121892018301,0.22224666866468554,0.0,0.06324452673675807,0,True,0.26088442131629763,0.22224666866468554,0.26088442131629763,0.11882858878848293
530,0.18498993438800418,0.0,0.24751475928714908,0.19329209650292056,0.0,0.1257815649159618,0.0,0.14675781265189572,0.10166383225406875,0.0,8,True,0.2837975667549115,0.24751475928714908,0.2837975667549115,0.12390616115510732
531,0.0,0.046803889263179715,0.16683468855053046,0.3173262611437937,0.0,0.0,0.21398679160206435,0.11794323332703832,0.12812763185817666,0.008977504255216673,38,True,0.32698411622192003,0.3173262611437937,0.32698411622192003,0.8760634678425249
532,0.01756995642855506,0.16367546295486507,0.11275581485703193,7.60794473762619e-05,0.033522445995231145,0.0,0.0,0.19683075830639768,0.15539813784570258,0.3201713441648403,102,True,0.32609295114392406,0.3201713441648403,0.32609295114392406,0.882408064425295
533,0.023797022420579544,0.0,0.11890907934521047,0.2003406467211955,0.3004400042383376,0.07127826482531942,0.022252262668080385,0.0,0.14934693814112582,0.11363578164015124,40,True,0.2930863206184576,0.3004400042383376,0.2930863206184576,0.9319106709732949
534,0.1484835345869711,0.25985616544661916,0.0,0.0,0.0,0.20631973398807732,0.0,0.0,0.17094401903013043,0.21439654694820204,20,True,0.32760976234303235,0.25985616544661916,0.32760976234303235,0.24048300778429876
535,0.1756527681247549,0.0,0.17430469567589235,0.01830275321251681,0.07473440375297766,0.0,0.11897540020832215,0.12372650322454223,0.0757853803488075,0.23851809545218644,9,True,0.2434213280542207,0.23851809545218644,0.2434213280542207,0.24584561573647562
536,0.17622846583668558,0.2922715724732649,0.0,0.11838655465680233,0.0,0.11414162960225524,0.0435950456052446,0.0,0.20291553667862802,0.05246119514711926,20,True,0.2989151254153533,0.2922715724732649,0.2989151254153533,0.7530158553246487
537,0.11367414505214134,0.3407449125573766,0.10579521014369837,0.0,0.1528725985008044,0.0,0.0,0.0330554953282565,0.10957564479031644,0.14428199362740643,20,True,0.3122632638280012,0.3407449125573766,0.3122632638280012,1.341378030132061
538,0.12266946235156559,0.11468394130060053,0.1426526461578467,0.05938317346020825,0.16749535276999195,0.0,0.393115423959787,0.0,0.0,0.0,28,True,0.3669751652176614,0.393115423959787,0.3669751652176614,1.6326403910390839
539,0.18915650388949243,0.13487899763041702,0.18857209857118143,0.0,0.1797823760950657,0.0,0.21470984462381879,0.0,0.03218226281665497,0.06071791637336966,28,True,0.2695855093778536,0.21470984462381879,0.2695855093778536,0.017355215184648057
540,0.27283637011605827,0.1821243302290679,0.014288399926119766,0.21405604815228232,0.01637748813906387,0.03220769952867679,0.0,0.22937280872432497,0.016269083179784774,0.022467772004621293,77,True,0.3291200903889599,0.27283637011605827,0.3291200903889599,0.6087177055572861
541,0.1394931675207407,0.0,0.0,0.2476200626367669,0.2133983550137755,0.2707649671867051,0.047482827711098116,0.0,0.059485850053157784,0.021754769877755754,53,True,0.3254120770343833,0.2707649671867051,0.3254120770343833,0.6557745297297454
542,0.05107461157885675,0.0504350683401458,0.06663801219743162,0.27756772621006703,0.049434343692432985,0.12782417598381632,0.08966612726220784,0.01465178423456869,0.23546034894817205,0.0372478015523008,0,True,0.26552441974032187,0.26291594197549834,0.26552441974032187,1.3683092613819052
543,0.1420999638869871,0.0,0.12002878943615321,0.13859219799974845,0.03419677978867376,0.379472760761984,0.13745512045100197,0.0,0.04815438767545147,0.0,20,True,0.34668264807374927,0.379472760761984,0.34668264807374927,1.673665861085189
544,0.03207610316437367,0.1159060992391569,0.08513541459708988,0.14632341530589993,0.1363674763100656,0.10459361126971047,0.08851989781559401,0.08635680901480176,0.07815356310561118,0.12656761017769652,8,True,0.10039025440133098,0.11424731214152625,0.10039025440133098,-0.595863141098761
545,0.22847467288072415,0.08641895086801364,0.09522600767975056,0.297518358160616,0.0,0.03621073285983596,0.06278830237975676,0.14480040563097843,0.009313813732654233,0.039248755807670524,38,True,0.2917225303569563,0.297518358160616,0.2917225303569563,1.1529132781318026
546,0.03764111720317781,0.048970055737791694,0.1378208336271186,0.0,0.0812866198408177,0.22085962258150205,0.14085934997087768,0.2949889743942523,0.0,0.03757342664446212,7,True,0.29405374266471546,0.2949889743942523,0.29405374266471546,0.9846355083205623
547,0.21149660754649338,0.12529947893579232,0.07915300954180193,0.022783700444765232,0.21607068047662373,0.08222915666140837,0.0,0.01004350232133559,0.02215119583143007,0.23077266824034945,102,True,0.2729666927301332,0.23077266824034945,0.2729666927301332,0.46602962529332
548,0.1752785222645037,0.17395256823983707,0.10440943049230265,0.06586794707757944,0.004941676813648983,0.0,0.15988656461131595,0.1391600229094716,0.11952784487599727,0.056975422715343456,9,True,0.19674532313577703,0.1752785222645037,0.19674532313577703,-0.42590754332150227
549,0.12559710931169504,0.21277196125404624,0.060618450909358176,0.02317083645166446,0.0,0.13197324773466151,0.22388799128533446,0.0,0.2183088031107174,0.0036715999425227003,6,True,0.28367765251611826,0.22388799128533446,0.28367765251611826,0.26819210478816474
550,0.010986514617582923,0.25113872995570097,0.09600923448447098,0.1412042205196152,0.040314027622242815,0.25446239694939216,0.023131499630819365,0.0,0.0,0.1827533762201756,20,True,0.30439770903449936,0.25446239694939216,0.30439770903449936,0.5852970985567847
551,0.04034353296650223,0.23642647952401508,0.022173204726171642,0.0,0.16169062871573825,0.0,0.045013460768138315,0.2902100973827535,0.0,0.20414259591668102,102,True,0.3347878478013972,0.2902100973827535,0.3347878478013972,0.6930852684012752
552,0.21257143164126557,0.27173843637325235,0.0,0.13741852667465074,0.0031559541032624232,0.17434510482158877,0.0,0.0,0.20077054638598021,0.0,20,True,0.32958645412654136,0.27173843637325235,0.32958645412654136,0.3215742645439772
553,0.10304145770443372,0.2326561663267909,0.061287876251200954,0.0,0.0,0.16665413270141038,0.0,0.32661293412727993,0.10974743288888403,0.0,38,True,0.3391117002147033,0.32661293412727993,0.3391117002147033,0.9818950988696163
554,0.40315532370438933,0.06832307071443196,0.048617655798893704,0.17277563588602618,0.0022519175413717113,0.06029136311683772,0.24458503323804948,0.0,0.0,0.0,9,True,0.4035830917139591,0.40315532370438933,0.4035830917139591,1.5462511112153812
555,0.0,0.0,0.2005893098072272,0.16638280467268338,0.022730405820724425,0.03286651380663422,0.21911846613906436,0.22683983410039762,0.08988649722057497,0.041586168432693874,481,True,0.28070338847900217,0.22683983410039762,0.28070338847900217,0.35212880974423993
556,0.11802186086895594,0.15670808036549866,0.21464439590933457,0.0,0.05581252308979339,0.0,0.11933051902662833,0.1077429894842867,0.12285475238087781,0.10488487887462464,8,True,0.19903841105934744,0.21464439590933457,0.19903841105934744,-0.1766815498921026
557,0.0,0.05393868305895039,0.2479422039754481,0.024096120352505378,0.11205264386166769,0.04683224428054358,0.25026764794169604,0.1099322885887292,0.15493816794045984,0.0,6,True,0.28007005324470474,0.25026764794169604,0.28007005324470474,0.7023083214120917
558,0.10336440542492809,0.13162938840002797,0.03417098438044947,0.1007161419490988,0.06088623507878144,0.1111150178123181,0.16504583822745192,0.1804061970386215,0.042480276879052765,0.0701855148092699,38,True,0.14796175007905948,0.14623521265817205,0.14796175007905948,0.3081531143727673
559,0.15572235777852741,0.2529461993913999,0.10386051251289553,0.08973341356604399,0.17402047785864255,0.0,0.13415765646132743,0.08955938243116315,0.0,0.0,86,True,0.2517391716660535,0.2529461993913999,0.2517391716660535,0.28067772649224143
560,0.003975573220564334,0.027366739449343834,0.08337550442407753,0.20630422929031494,0.4559220615725962,0.06555771323938354,0.010852707660196702,0.0,0.14664547114352297,0.0,53,True,0.4290257204828255,0.4559220615725962,0.4290257204828255,2.011990839299941
561,0.06204844741789938,0.14185039982543646,0.03276910337624267,0.07702886821570168,0.04559202918893952,0.07199570122176428,0.24540294669992965,0.060680550354799676,0.26263195369928666,0.0,29,True,0.26668539348178716,0.26263195369928666,0.26668539348178716,1.1535344212048013
562,0.006747720573995127,0.1491037099333538,0.01538582349126855,0.0,0.07427299199641371,0.12820012290393076,0.10607116547680781,0.1979687833726606,0.09121179294629647,0.2310378893052732,102,True,0.23792172929094701,0.2310378893052732,0.23792172929094701,0.24974655020477665
563,0.3247444882393164,0.12537408317674262,0.0,0.0,0.31909797448319727,0.02907025038777848,0.19268992041297073,0.0,0.0,0.009023283299994514,28,True,0.40131915631001297,0.3247444882393164,0.40131915631001297,1.0195045535593084
564,0.03826790234687382,0.030552315817961466,0.42557678083090367,0.0,0.030978482432309246,0.061412646153603694,0.16386672343232267,0.11210753966685466,0.0,0.13723760931917084,28,True,0.3827521614908322,0.42557678083090367,0.3827521614908322,2.131288385046736
565,0.09339360440556763,0.09339764679242253,0.07531035687440213,0.06969375224750224,0.009562292487855268,0.13499254670469416,0.08947705329784057,0.23443241914981938,0.12489997952924509,0.07484034851065101,38,True,0.1745123625863133,0.22487012666196413,0.1745123625863133,1.1906960211885658
566,0.0,0.08605854649595704,0.06501492956793149,0.005267044889069509,0.21645498706391056,0.1224794487600469,0.19790298160212164,0.04887770072849632,0.0,0.25794436089246653,7,True,0.28566526936035325,0.25794436089246653,0.28566526936035325,0.5533622789895599
567,0.08033365843878605,0.07658220457949375,0.0999365096760843,0.09221512387366772,0.14062322510644973,0.2638711217650835,0.0,0.0,0.19349422120999596,0.052943935350438946,20,True,0.24587639180418688,0.2638711217650835,0.24587639180418688,0.7971317155937463
568,0.09778177154006937,0.11361472957111012,0.040214247026675844,0.19126271939814654,0.11327490160461705,0.016981701399429627,0.013732013870238773,0.09150143152278027,0.2948121718212145,0.02682431224571797,20,True,0.2645422786428099,0.28108015795097574,0.2645422786428099,1.2838250755557903
569,0.1853518308351241,0.0927410268402301,0.1667903175253398,0.0,0.1699763575164126,0.0,0.21274801640315535,0.17239245087973804,0.0,0.0,28,True,0.27321794778503095,0.21274801640315535,0.27321794778503095,-0.17014103940312073
570,0.19797025692323303,0.0,0.014985405225015111,0.11442297330372424,0.16566014248494412,0.05798936812230496,0.23013298081494118,0.07661848019096268,0.0,0.1422203929348746,9,True,0.2497472161428891,0.23013298081494118,0.2497472161428891,0.19355960853234583
571,0.17077927820416752,0.0,0.11042000360879993,0.06956557324961761,0.0,0.0,0.21518990867327686,0.07127349145955976,0.22885540226375128,0.13391634254082696,9,True,0.2605618877865995,0.22885540226375128,0.2605618877865995,0.21425727800888675
572,0.02183413015974076,0.13351334660409475,0.03725380260517614,0.0239955424355822,0.22863639908425112,0.16094098346742775,0.08460570387840073,0.09177719109928653,0.1523583371381247,0.06508456352791527,0,True,0.20364925536864847,0.20680226892451037,0.20364925536864847,0.5885842223621925
573,0.0,0.02311658867446818,0.0,0.28441225395014474,0.0,0.24311380160216056,0.0,0.0,0.4493573557732265,0.0,0,True,0.49239319713609664,0.4493573557732265,0.49239319713609664,1.42570949562034
574,0.19993258295002844,0.18580309603120726,0.02024136044184615,0.14427178195688212,0.002564274406150797,0.24979732946592814,0.0,0.0,0.10947563790410426,0.08791393684385276,20,True,0.2789963169270123,0.24979732946592814,0.2789963169270123,0.28396206687930237
575,0.06922713117568988,0.06481491318900491,0.08113277087973966,0.016022443416174044,0.1445388110127914,0.17806004856173716,0.09375064609715111,0.20550072671256897,0.04867427855291757,0.09827823040222533,0,True,0.17741756095615224,0.18947828329639493,0.17741756095615224,0.6252696019065359
576,0.005195624811412536,0.153533313134268,0.027220223507019872,0.18550891741059644,0.2820341678461053,0.15476968770083208,0.05143007382933382,0.0,0.14030799176043193,0.0,40,True,0.29083033692409754,0.2820341678461053,0.29083033692409754,0.5622480478438908
577,0.11060762083768697,0.10066586661334292,0.32270799357247404,0.0,0.09295055154448853,0.13836751747869624,0.03309844790468599,0.07330488042675293,0.003935639642540294,0.12436148197933206,28,True,0.27612291961583735,0.32270799357247404,0.27612291961583735,1.5875999865526564
578,0.10374185154702766,0.35074799554853675,0.0,0.17989715382772134,0.004535793184982538,0.21203234118878767,0.0,0.040076216904847244,0.1089686477980969,0.0,20,True,0.3529986835573217,0.35074799554853675,0.3529986835573217,1.1592282436064467
579,0.0,0.0647620385422714,0.1816789176936744,0.0,0.13354611522241625,0.09337442267573684,0.12822045721251837,0.15511788119244355,0.05902349961275361,0.18427666784818555,7,True,0.20420187316650432,0.18427666784818555,0.20420187316650432,-0.32663951398260177
580,0.0,0.0361749367682242,0.14369452471754385,0.10227237623269475,0.14054138730021,0.02164358998856534,0.17791166952340676,0.05392045781902677,0.1386569501421409,0.18518410750818737,0,True,0.20178104315438522,0.18518410750818737,0.20178104315438522,-0.2464940680890837
581,0.07792155100750614,0.21861559668016983,0.0,0.14641908837615533,0.0,0.0,0.1974394452569296,0.20124184015046026,0.15836247852877872,0.0,272,True,0.28259933481951416,0.21861559668016983,0.28259933481951416,-0.01332813128978878
582,0.0,0.19682738771981728,0.3360490333358292,0.0,0.032347277387873456,0.0,0.07991205329327013,0.14249545876994169,0.05860344135513418,0.15376534813813414,7,True,0.32632094228729697,0.3360490333358292,0.32632094228729697,1.1767162363207013
583,0.1386346078748091,0.15911599100521368,0.0,0.1205199937170321,0.1784222117367421,0.17544058446537367,0.07759504173606704,0.0,0.15027156946476253,0.0,20,True,0.22422966215408346,0.1784222117367421,0.22422966215408346,-0.5653407942378917
584,0.1790821208657062,0.09950965560942196,0.10398395730590375,0.21730866230065934,0.0018394288848662453,0.0,0.08112532791279504,0.09050313960679027,0.06428340626771291,0.16236430124614423,38,True,0.21278707410921102,0.21730866230065934,0.21278707410921102,0.13721885877376777
585,0.0964810471302768,0.11531378331141165,0.3054075980778771,0.1469218641810104,0.06539991202791084,0.0,0.15191920583035384,0.02966648925104034,0.0018518696353643038,0.08703823055475476,28,True,0.2707055104577339,0.3054075980778771,0.2707055104577339,1.2431691029339147
586,0.0,0.08920343071498701,0.18672788858685113,0.0,0.0,0.004472014916934125,0.171124696095419,0.29036441204711355,0.04003833321440345,0.21806922442429183,7,True,0.32495686407530994,0.29036441204711355,0.32495686407530994,0.5975632649676228
587,0.0,0.15328918670845754,0.07097057627829848,0.0,0.16572591237189319,0.1957986145527442,0.03691074377700973,0.12799541192190858,0.18784657329008211,0.06146298109960622,20,True,0.22615444849260094,0.1957986145527442,0.22615444849260094,-0.10326318783763269
588,0.1766349276656322,0.12449010830520918,0.250375090368271,0.0,0.07815270888033142,0.10021068524005787,0.1045171309647559,0.08291793651899912,0.039375384857584864,0.0433260271991584,28,True,0.21624564361632662,0.250375090368271,0.21624564361632662,0.9066983487729403
589,0.14316196843675158,0.08250988917304662,0.0817359880690994,0.28429580071143407,0.012650112603041339,0.0,0.11750206549091825,0.07166788338370318,0.11719927216635935,0.08927701996564612,38,True,0.23583300661335302,0.28429580071143407,0.23583300661335302,1.329032447786904
590,0.061036794347995964,0.09779014164729684,0.07205430182162173,0.14511873942250902,0.10114579216130294,0.006256772111236583,0.12896596291302123,0.06566772714992095,0.09819173174424492,0.22377203668084988,8,True,0.17455458184131234,0.2175152645696133,0.17455458184131234,0.7523361848489563
591,0.06668697783546122,0.1688538937613658,0.10977111256696888,0.0,0.0,0.1869150331850007,0.035503628845810854,0.25198563532445817,0.0,0.18028371848093439,7,True,0.277858245255286,0.25198563532445817,0.277858245255286,0.2983892803372727
592,0.0,0.13120424926332586,0.009676043907069533,0.0923416959017199,0.18884100207247476,0.05360227569629523,0.12626771752438812,0.16833522228696468,0.0,0.2297317933477618,7,True,0.24784325308954347,0.2297317933477618,0.24784325308954347,0.10222498042925775
593,0.00420032091094209,0.25092068008293655,0.1366147365068325,0.29670682633061024,0.1511001542546398,0.09179432846455401,0.0,0.0,0.06866295344948471,0.0,38,True,0.3250375577398602,0.29670682633061024,0.3250375577398602,0.7994465995135575
594,0.08426824696762565,0.0,0.16177060325171735,0.305349112034836,0.0,0.09243579599751113,0.05128557444928436,0.11062649432284698,0.1568527944240962,0.03741137855208239,8,True,0.27554339745700424,0.305349112034836,0.27554339745700424,1.203626073083825
595,0.10931055160687425,0.0,0.135720878737159,0.0,0.2608364915614573,0.0,0.1964247025744236,0.1351255433735451,0.0,0.16258183214654087,28,True,0.2857954816743058,0.2608364915614573,0.2857954816743058,0.22360625328928596
596,0.0559412124484959,0.09091355918554125,0.33781276470287386,0.0,0.06980168983840558,0.060170770634166884,0.0,0.1870781265097516,0.06222884443096081,0.13605303224980395,7,True,0.3023012373695714,0.33781276470287386,0.3023012373695714,1.6188129190077742
597,0.09653471315086071,0.09125658911813196,0.026863250640705886,0.11099488238659183,0.14350889458789207,0.21317585703348935,0.1110179731140917,0.03137134284711902,0.07635019525287365,0.09892630186824383,20,True,0.16016204270134096,0.18631260639278346,0.16016204270134096,0.7359461679173355
598,0.02057763711201851,0.15476867872242264,0.04659901769569553,0.07806547844265778,0.019249076107342816,0.10920997216298417,0.21718090520878147,0.0540093038006426,0.0,0.3003399307474544,9,True,0.29193910302292636,0.3003399307474544,0.29193910302292636,1.1344756618497445
599,0.0,0.04736547574469411,0.031112880089794355,0.17645460227602844,0.24495666429253973,0.0399520551805992,0.176718738089586,0.0749387905031452,0.17010245659288253,0.03839833723073045,0,True,0.2514006227397707,0.24495666429253973,0.2514006227397707,0.5546517690905689
600,0.07977149047534451,0.2893127310953906,0.0,0.15458014269058146,0.0418572677963345,0.3346661009832704,0.0,0.0,0.07085967070684493,0.028952596252233648,20,True,0.36547659755163286,0.3346661009832704,0.36547659755163286,1.2507098216690398
601,0.011480686806991746,0.17151903764417206,0.11226740650213733,0.1815294411766444,0.0855815682111216,0.18014676886286823,0.014977835310774202,0.0,0.15067586737041444,0.09182138811487596,20,True,0.21504250287684226,0.1815294411766444,0.21504250287684226,-0.28554238246156827
602,0.1636833780127347,0.0,0.09438712837397983,0.14233209607367556,0.08229382316912233,0.15520509521117337,0.008145181998086384,0.07609037457036066,0.16540866936652757,0.1124542532243396,0,True,0.18078322595379528,0.16540866936652757,0.18078322595379528,-0.6411943654793502
603,0.0,0.07157362469124888,0.19708057517164523,0.20882689362900989,0.2693715287551914,0.0,0.040490715427478376,0.12669293899885947,0.08500651700008093,0.0009572063264858744,38,True,0.29163479194450587,0.2693715287551914,0.29163479194450587,0.5855317090937575
604,0.02079843623881916,0.1269793091314762,0.10700769268257851,0.25403531067033597,0.0416796022938313,0.08998804814567404,0.013890557182780433,0.037411068876937695,0.2295339343493882,0.07867604042817845,20,True,0.2506875053194301,0.24014475348755554,0.2506875053194301,1.0136915167543652
605,0.0,0.02424875441635187,0.19491900745517446,0.15059217270184108,0.03746526061077502,0.0,0.298639437101153,0.0602842670318318,0.23385110068287288,0.0,6,True,0.3319173290504718,0.298639437101153,0.3319173290504718,0.7669548518693707
606,0.14427740811293732,0.17732895527205703,0.017701724317643087,0.1673934261952846,0.061271345906285905,0.0,0.0,0.2266156543557828,0.20541148584000915,0.0,38,True,0.27910240090358945,0.2266156543557828,0.27910240090358945,0.07605381805200205
607,0.0,0.00600185690234857,0.17744876743547902,0.0,0.07223680675140645,0.13668387301150986,0.13990692440147406,0.22605217044554568,0.032893132191845816,0.20877646886039064,7,True,0.26602223233320044,0.22605217044554568,0.26602223233320044,0.14208202363721886
608,0.0,0.027973614777920923,0.12230692294154669,0.0,0.2544470615649497,0.07885893794641115,0.20363296965512237,0.0,0.15427864728093416,0.1585018458331151,0,True,0.27765926641506067,0.2544470615649497,0.27765926641506067,0.3127540923327095
609,0.10486312354251111,0.2897969020160311,0.06055861824442291,0.0,0.06563501211340905,0.18578897789427795,0.0,0.06380082901575822,0.22955653717358981,0.0,20,True,0.30698226985480837,0.2897969020160311,0.30698226985480837,0.8417570812996306
610,0.23375318480423685,0.0,0.0,0.0005113454461833948,0.002946650768968158,0.29103925440793826,0.0016353629958463145,0.09140966428698122,0.31633122657108037,0.062373310718765444,20,True,0.38944527108252647,0.31633122657108037,0.38944527108252647,0.9259458568379673
611,0.2018076473648025,0.14793986354377556,0.0,0.0,0.21460644914834656,0.039159267115564146,0.2751684234820033,0.048788187530502326,0.0,0.07253016181500545,28,True,0.3058765745760058,0.2751684234820033,0.3058765745760058,0.6113281397744493
612,0.011849031121955187,0.22519161253828202,0.06356794298610488,0.02484748562288235,0.04651453922275759,0.16853806999692886,0.0,0.0,0.29667221047915143,0.1628191080319378,20,True,0.3171798994603563,0.29667221047915143,0.3171798994603563,0.802483766639449
613,0.002380680195027077,0.046925981646263375,0.0,0.07523204749073682,0.1859689262104563,0.2386207293709474,0.038090390648955655,0.0,0.1519126163203187,0.2608686281172947,20,True,0.30326990018063416,0.2608686281172947,0.30326990018063416,0.5740497455211986
614,0.18576627880105184,0.05101198353597227,0.0,0.08363606038977685,0.18271874686507988,0.16124378257617974,0.0,0.13168136511667383,0.16658547834312007,0.037356304372145446,20,True,0.2235580870086063,0.18576627880105184,0.2235580870086063,-0.2061327422700557
615,0.01593823568326101,0.09532650547883736,0.12770282135986458,0.0008805259730358781,0.0,0.05607768997014344,0.1873258054429192,0.20025130422611365,0.16229593274697415,0.15420117911885087,7,True,0.23260305002751014,0.20025130422611365,0.23260305002751014,-0.16595302276130783
616,0.12158664565480107,0.24486406677592476,0.24610526412943587,0.10881698757819606,0.0,0.03749164495190774,0.0,0.09595860658448978,0.11916472065281837,0.026012063672426453,38,True,0.26952030932945065,0.24610526412943587,0.26952030932945065,0.6756309833831381
617,0.23093151042031004,0.0,0.10517047512542745,0.0,0.0,0.06106177432404512,0.08259363105284535,0.14335486165572991,0.14848683954712733,0.22840090787451475,9,True,0.264019643424762,0.23093151042031004,0.264019643424762,0.30417461124695616
618,0.027143243316075462,0.23520975331953053,0.07761775349111079,0.16174780252643653,0.0,0.0,0.12865994176589426,0.11494252860270215,0.13257727005054282,0.12210170692770761,9,True,0.22471754684267242,0.23520975331953053,0.22471754684267242,0.12610252928743435
619,0.0,0.08179249259371325,0.1766928513083929,0.0,0.0756648191465578,0.24452148551599018,0.0,0.22529796175417663,0.03684811908856268,0.15918227059260662,7,True,0.2843980450101223,0.24452148551599018,0.2843980450101223,0.3866504811519251
620,0.1553455227501132,0.0,0.2477966541955156,0.16817150033123413,0.0,0.2798231537725482,0.0,0.0,0.06102328510545194,0.0878398838451368,8,True,0.3218039010000652,0.2798231537725482,0.3218039010000652,0.6153673752311773
621,0.16687498643421858,0.0,0.02873651899424123,0.12693800096547173,0.0,0.28945764789239964,0.2049357884862607,0.029217223234015877,0.1538398339933923,0.0,9,True,0.308368371745456,0.28945764789239964,0.308368371745456,0.6028636789225724
622,0.0,0.19421670696510726,0.0,0.17465474904704992,0.0,0.11439436515186728,0.2413736710459669,0.27536050779000865,0.0,0.0,38,True,0.3396986013102426,0.27536050779000865,0.3396986013102426,0.4279573785728518
623,0.0908143018123953,0.18529375342516968,0.07486811925896238,0.17328700350730428,0.0,0.09470135269774275,0.03731809372174117,0.20627130558577564,0.09221667017643484,0.04522939981447394,38,True,0.20413986390180966,0.20627130558577564,0.20413986390180966,0.3466821647624032
624,0.0,0.10633508026558494,0.190188790513169,0.10167366494905886,0.10223097673003669,0.07356195794469542,0.09102762533595893,0.10970811519794513,0.17177957044018424,0.05349421862336682,38,True,0.16239071739876787,0.190188790513169,0.16239071739876787,-0.01328521186340065
625,0.15758851585255812,0.1312878487082705,0.027222465578089633,0.1866786950963913,0.016935406532425444,0.0,0.03819046137087578,0.2670559324591,0.1750406744022892,0.0,38,True,0.28524387017611064,0.2670559324591,0.28524387017611064,0.44641177851990316
626,0.03052200353973168,0.022487675555638794,0.0,0.08042446116806135,0.30152561528991273,0.0,0.08450514985018494,0.09735541754921177,0.19116232844996764,0.19201734859729114,40,True,0.29808719284839974,0.30152561528991273,0.29808719284839974,0.9781583587199072
627,0.0,0.1317788708988705,0.07913610813399242,0.09816648554719382,0.14649884290512133,0.0,0.12880898030467028,0.16423131664706486,0.24834142889229832,0.0030379666707886083,57,True,0.24489413550291814,0.24834142889229832,0.24489413550291814,0.1953573506558393
628,0.0,0.10122709467518391,0.04655180393042922,0.17881222805102795,0.18368418056251418,0.0756462678507805,0.23934458554645552,0.0,0.11196737107502493,0.06276646830858366,0,True,0.24002540789381507,0.23934458554645552,0.24002540789381507,0.42417750406922733
629,0.11042612893716379,0.18668133125091552,0.18495005838525563,0.18380789348753124,0.09372766627998523,0.021493005857150724,0.04241687494671239,0.14938698666913536,0.027110054186150104,0.0,9,True,0.22166000547249728,0.18668133125091552,0.22166000547249728,-0.030208605334936713
630,0.05510743100814115,0.1443248923258057,0.2424362327616327,0.08614591994850702,0.03221463184112389,0.1798513401342568,0.06465689304654397,0.0,0.1952626589339887,0.0,20,True,0.2564278784019988,0.2424362327616327,0.2564278784019988,0.4229509589617448
631,0.20966309963681945,0.11587078764300351,0.056796097054293344,0.055662182011687183,0.20467880783409853,0.06904023359382311,0.21237738929053032,0.0,0.04375936053945564,0.03215204239628901,28,True,0.24170537665357295,0.21237738929053032,0.24170537665357295,0.5845956582887999
632,0.0,0.0,0.10292784708732562,0.1703417585372931,0.1958382541464009,0.1278100272560536,0.1532575817299944,0.14211055706191766,0.0,0.10771397418101482,7,True,0.22267482633193092,0.1958382541464009,0.22267482633193092,-0.517594916502651
633,0.11597541647026986,0.08098941273072842,0.21139440022437347,0.07329188292419843,0.11148565041170375,0.09447722067525144,0.0,0.0,0.3123860165634747,0.0,20,True,0.2983435830839237,0.3123860165634747,0.2983435830839237,1.121535076120224
634,0.05369473168595959,0.01596587781994982,0.12344012422692797,0.19889671731370415,0.00539889288773388,0.23338232185803381,0.09826811384668235,0.005117937842924691,0.0,0.2658352825180837,8,True,0.3046031369030755,0.2658352825180837,0.3046031369030755,0.5997842614774073
635,0.0,0.041805846772946735,0.0,0.4114465204619979,0.12286889792093564,0.03384122730723869,0.06692274578786093,0.32311476174902004,0.0,0.0,38,True,0.44289927289460135,0.4114465204619979,0.44289927289460135,1.588665836178109
636,0.060646856519056484,0.0,0.11848717262988047,0.31938101039586586,0.0,0.10162866667600015,0.10450160659698493,0.13325900278465222,0.16209568439755992,0.0,38,True,0.29155346933301296,0.31938101039586586,0.29155346933301296,1.1772263642535081
637,0.12256314829597664,0.14129347671853418,0.0,0.05149757499571635,0.07781751667729993,0.0,0.13398689937516967,0.3109497283919758,0.0,0.16189165554532756,7,True,0.29076497199992324,0.3109497283919758,0.29076497199992324,1.0099312971471681
638,0.20569900882819062,0.0,0.09450030147120295,0.15888392951644065,0.0,0.1013706841225859,0.0,0.11674665309811356,0.11341735055153751,0.20938207241192888,8,True,0.23894902496635237,0.20938207241192888,0.23894902496635237,-0.08226317627869352
639,0.14801873350092037,0.0020036186837003723,0.12428619967262483,0.10029369459988137,0.145329480655562,0.2765351915852237,0.017884581870974404,0.029073230086989258,0.1565752693441237,0.0,0,True,0.26588106483890733,0.2765351915852237,0.26588106483890733,0.6083801450373308
640,0.15740625760859073,0.1101697882673104,0.05280864355002813,0.08923799933091736,0.0,0.03966284719372849,0.0,0.24264530643547594,0.1619771998275965,0.1460919577863524,102,True,0.23599924812571407,0.24264530643547594,0.23599924812571407,0.3146031665351784
641,0.049671466771235316,0.0,0.27405040412975884,0.07503935726900744,0.0,0.04231313277490722,0.0,0.1346613745055341,0.1514361389276345,0.27282812562192266,148,True,0.3170078248984777,0.27405040412975884,0.3170078248984777,0.8566654324777517
642,0.0,0.3960672122810161,0.10422072234469505,0.0,0.09516484891949088,0.10100627056507008,0.0,0.0,0.09246167255422695,0.21107927333550086,20,True,0.37429057067578836,0.3960672122810161,0.37429057067578836,1.6679089897172823
643,0.08219912972710125,0.14541340400849456,0.13928360908239543,0.1024585754619736,0.028432296920291745,0.11374127948326644,0.05923267860841946,0.029198865995763053,0.13027836571635287,0.16976179499594157,8,True,0.14730076784977686,0.14132949807564982,0.14730076784977686,-0.31763102420577266
644,0.21800024437888665,0.044297925881794736,0.03575452913709981,0.0,0.13239940320187094,0.05756893053671553,0.0,0.17944977515508262,0.0,0.3325291917085498,7,True,0.33821068583562364,0.3325291917085498,0.33821068583562364,1.089228335858498
645,0.08043665458821152,0.05909897427732675,0.14231490806507954,0.033261910647774486,0.11697307458159631,0.0,0.0404619159544094,0.09796592188479715,0.06198830648778409,0.3674983335130208,7,True,0.30844350514489755,0.3674983335130208,0.30844350514489755,2.2469007789898536
646,0.06963423529873831,0.18239551465677406,0.0697662991336435,0.11349240165114823,0.19194600890708233,0.17402365805761733,0.03066144675503657,0.0,0.10238431595579621,0.06569611958416342,325,True,0.19680210547216542,0.19194600890708233,0.19680210547216542,0.1551754914995704
647,0.11036118533422236,0.10999735169682782,0.04484875388971316,0.14941197578044443,0.13550277126564808,0.1764539711959013,0.10065712939703834,0.0,0.05346124354154897,0.11930561789865561,0,True,0.15917020931657352,0.1764539711959013,0.15917020931657352,-0.6016215782757339
648,0.041218432499889976,0.0,0.03727066968697063,0.12957347557987722,0.15077264521223452,0.25798293007852846,0.06442661361759833,0.06567363535657944,0.04897718035926869,0.20410441760905265,40,True,0.2483669115107017,0.25798293007852846,0.2483669115107017,0.8713163560193508
649,0.0,0.21434657026007656,0.18267359941498304,0.018576304541996422,0.05625609029131587,0.11324942056258049,0.0,0.023899742209760606,0.09177457489928936,0.29922369781999775,7,True,0.30688425466494224,0.29922369781999775,0.30688425466494224,0.895910176224284
650,0.16360042077503198,0.006874202096313171,0.13125274644557855,0.06694821710453959,0.2523630731180863,0.037652901574845965,0.11576806983081811,0.1344227344888975,0.0035398878890779005,0.08757774667681101,28,True,0.22974044329395446,0.2488231852290084,0.22974044329395446,0.5826431037605999
651,0.11263702675076083,0.1618604930246968,0.0622513261969089,0.05298307467189574,0.150369901463629,0.02590810922532778,0.04086304450333917,0.0,0.21419874531412542,0.17892827884931625,0,True,0.2200384286310696,0.21419874531412542,0.2200384286310696,0.20284224062059678
652,0.3055282083055824,0.08736743492312894,0.014293514095960884,0.13396721341859263,0.0015962823028822192,0.03444261882724369,0.0,0.08631386430013237,0.15933204717721128,0.17715881664926544,8,True,0.29076269778869646,0.3055282083055824,0.29076269778869646,0.9947157017545779
653,0.018833865171707105,0.06877380137004727,0.08127461660436995,0.018178871761961295,0.08317604450296968,0.24896385121148445,0.054027065680942184,0.03622460135972675,0.1385939516894512,0.25195333064734016,20,True,0.2604644857616521,0.23377445888537887,0.2604644857616521,1.1440302993005518
654,0.14761262765797453,0.0,0.20803085976741284,0.03904746898173625,0.0,0.18725064427440427,0.0,0.0,0.418058399318472,0.0,643,True,0.42003173727165305,0.418058399318472,0.42003173727165305,1.4665872226162167
655,0.12180319895190035,0.19890364710391792,0.13081012292674488,0.1445329464162885,0.0,0.0,0.04488070425208676,0.15678611675316306,0.1965922167773152,0.005691046818583348,318,True,0.2401599314999276,0.19890364710391792,0.2401599314999276,-0.2237646868234456
656,0.1738873282100724,0.0,0.048165017333812545,0.12148294181296825,0.039267292182078445,0.13037387895194408,0.20299728386113491,0.08997997955426895,0.13988087320746093,0.05396540488625937,9,True,0.19400325537482704,0.20299728386113491,0.19400325537482704,0.06960869981709446
657,0.266568878055426,0.09288900130892026,0.05578062554387744,0.006010531618024286,0.006231516340213026,0.14693562541493588,0.0,0.10413404106382619,0.17393353705617362,0.1475162435986033,8,True,0.25946418586554065,0.266568878055426,0.25946418586554065,0.535587873311994
658,0.0,0.06713347901570176,0.04952328184447398,0.0,0.21894135290624564,0.0,0.18820856393257143,0.2858504078465601,0.009758742976123612,0.18058417147832348,28,True,0.3236256644928029,0.2858504078465601,0.3236256644928029,0.598841891716892
659,0.0,0.13379725599701275,0.17329720135551932,0.39684710262674483,0.0261648419627938,0.0,0.019695150208078382,0.0657138799647516,0.14331242908088723,0.04117213880421218,38,True,0.36475424306330406,0.39684710262674483,0.36475424306330406,1.8164658163571332
660,0.03797968723552401,0.10818087016177348,0.0,0.1309916056699041,0.12273753293497139,0.13922715971261487,0.05740758523446175,0.09699715993879199,0.23860583785509665,0.06787256125686182,38,True,0.19747549814798349,0.23860583785509665,0.19747549814798349,0.6896544726431749
661,0.09506304153644514,0.03679420277586798,0.004487743290587722,0.23110178136390452,0.11334512735092338,0.0386277382868083,0.2615494765281443,0.14076768144342705,0.07826320742389163,0.0,9,True,0.26927121442927104,0.2615494765281443,0.26927121442927104,0.8017510840679052
662,0.16231126727223694,0.06949523000582614,0.09169918454971014,0.19807739975200908,0.06240367268850334,0.09393558906622175,0.0,0.0,0.26639871305520935,0.05567894361028317,20,True,0.2561336829742274,0.26639871305520935,0.2561336829742274,0.8086055572112423
663,0.006496804573522631,0.15129359771755613,0.13421901910035375,0.21820844074491877,0.10235891414156335,0.0,0.0,0.23352031344457314,0.09899726717805524,0.05490564309945684,38,True,0.2576544246252292,0.23352031344457314,0.2576544246252292,0.2845645611108452
664,0.0,0.015059441526286708,0.03838998847942384,0.2991869269731043,0.2008364495053201,0.18695531378238128,0.08961325353382806,0.0,0.16995862619965565,0.0,53,True,0.32158581109263457,0.2991869269731043,0.32158581109263457,0.6855800398057098
665,0.0,0.0,0.29774756713364603,0.023351503980665586,0.09642121517299107,0.0,0.2123597647588942,0.10021155296279945,0.10596388668062981,0.16394450931037396,28,True,0.30288798202760336,0.29774756713364603,0.30288798202760336,0.8046716092019633
666,0.10370768692202983,0.0,0.25736538888449606,0.03392265657493432,0.01342048148967175,0.306741518865224,0.18201623447664436,0.060914823834182105,0.0419112089528175,0.0,8,True,0.33318240932308946,0.306741518865224,0.33318240932308946,1.02320950721605
667,0.039992370790048214,0.03182860968550599,0.17478696159432516,0.0,0.09522512357327136,0.27390607923615945,0.04353723534597043,0.08366413429093957,0.0,0.25705948548377994,0,True,0.3036940133864604,0.27390607923615945,0.3036940133864604,0.915045402724134
668,0.15310850382707644,0.07667070278310484,0.07176971705315828,0.1868998311040862,0.06443716107033153,0.06824130928685403,0.2441582175859317,0.03206698950172541,0.06516200521328555,0.03748556257444584,28,True,0.21096173856274808,0.2120912280842063,0.21096173856274808,1.234005223588779
669,0.057134971853090515,0.1821621084597896,0.0,0.1044353457459169,0.09237347852038806,0.26391125700322327,0.0,0.0,0.29998283841759155,0.0,20,True,0.33989100408850426,0.29998283841759155,0.33989100408850426,0.8477952639717284
670,0.15729821861491966,0.22008092977659977,0.0,0.09519615459938797,0.12791320171849227,0.11180096144125704,0.08657831436488528,0.11671839250219404,0.08441382698226396,0.0,20,True,0.19835971639092484,0.22008092977659977,0.19835971639092484,-0.02817347660132162
671,0.0,0.0,0.0,0.15207478797164622,0.2247436097435117,0.22420872775653614,0.05573643798487053,0.07723709673519158,0.2384853558559572,0.027513983952286374,53,True,0.3010155955450839,0.2384853558559572,0.3010155955450839,0.43654286546586424
672,0.010050159062344029,0.2890740311272928,0.0,0.021082358965319264,0.23718514637730226,0.20270493035658163,0.0,0.11510243028959898,0.06570146003317504,0.05909948378838589,9,True,0.3201770600385192,0.2890740311272928,0.3201770600385192,0.8111553310247396
673,0.08163060374784499,0.014659500166140612,0.1720175994050836,0.14947587425381306,0.04320444764215596,0.12263233757402148,0.13993532848114018,0.14107902866475588,0.02193548965506159,0.11342979040998279,9,True,0.1689660734061616,0.15735809923894298,0.1689660734061616,-0.5014202167150029
674,0.0,0.2930626404373486,0.0,0.0529552221752806,0.13328135790015358,0.3070583674735934,0.06715412288090244,0.042648774454081745,0.1038395146786395,0.0,20,True,0.3432928300533453,0.3070583674735934,0.3432928300533453,1.1847781997356202
675,0.0030635949757400415,0.04015655018314952,0.1093014560700397,0.07034443714548631,0.15082207999967115,0.004766710701958426,0.29745037896437326,0.24480795771834546,0.07202092626445773,0.0072659079767785715,9,True,0.3081145484498753,0.2943867839886332,0.3081145484498753,1.0297398079040403
676,0.17499844982171542,0.0,0.03760900124240539,0.19982325322945468,0.10197724125028264,0.08255202390632614,0.0779092163329875,0.06275747670374297,0.13766479989279654,0.12470853762028868,9,True,0.18356084736801098,0.19982325322945468,0.18356084736801098,0.10578075649113042
677,0.10270037341076962,0.1196463305072501,0.14102980730738116,0.22852262132367307,0.04995929847548595,0.0,0.03943108130544344,0.06704488220206795,0.15608927343306742,0.09557633203486139,8,True,0.1975324290870511,0.22852262132367307,0.1975324290870511,0.4829810533731002
678,0.054269745785306744,0.0,0.0,0.0,0.2611252600138836,0.23158794731705432,0.09505211612155634,0.0,0.20677492729035568,0.1511900034718432,0,True,0.3152995029370972,0.2611252600138836,0.3152995029370972,0.44471506160016483
679,0.010761811325761591,0.10826914175223984,0.053919745901392015,0.0796199150383717,0.20027691074189063,0.12066165711756241,0.10009256079973086,0.06935006095563129,0.15836629967958232,0.0986818966878374,20,True,0.1593760435961045,0.18951509941612904,0.1593760435961045,0.34347809997334927
680,0.026401062741096496,0.0,0.24239034361794573,0.07525277417651031,0.06526398094312363,0.0,0.17100869926441495,0.22167834460151026,0.16141376091027917,0.03659103374511951,28,True,0.2741368849206554,0.24239034361794573,0.2741368849206554,0.46734236503869253
681,0.0704029424897732,0.14554111327055771,0.006870517908775979,0.0,0.1116892545041109,0.20694403341370812,0.0,0.0,0.32072495392337325,0.13782718448970083,20,True,0.32147650827130797,0.32072495392337325,0.32147650827130797,0.9360710926975596
682,0.1720719722545145,0.09607997155518919,0.24873996744678656,0.04259135090677097,0.16441481739335306,0.0,0.10041228714478236,0.08548015089795573,0.0902094824006476,0.0,38,True,0.23470233413360508,0.24873996744678656,0.23470233413360508,0.5044153018007648
683,0.046643484633513504,0.03509036649542451,0.0,0.0,0.17007944072551123,0.10811999711024303,0.09187987827170258,0.20548274984306109,0.11018391635657172,0.23252016656397234,7,True,0.24676931375083896,0.23252016656397234,0.24676931375083896,0.35455418697530056
684,0.0,0.11761041115360268,0.011814629525121929,0.10362121807098756,0.18251064467618888,0.25802023560314824,0.033173947731449584,0.0,0.2932489132395012,0.0,20,True,0.334199288512274,0.2932489132395012,0.334199288512274,0.7781779994858139
685,0.06365019474736217,0.1660329378959546,0.0,0.15959739837786294,0.3194304823057268,0.0936582040673647,0.0,0.0,0.1103667508653516,0.0872640317403772,53,True,0.2961302694323477,0.3194304823057268,0.2961302694323477,1.1575364944145714
686,0.11302803031884948,0.146425340794013,0.22404589353902044,0.0,0.11186686234082048,0.0,0.1549201584212236,0.1068067772235066,0.08311341946759133,0.059793517894974973,28,True,0.20692395170704875,0.22404589353902044,0.20692395170704875,0.046066968654522075
687,0.21095699764029274,0.0,0.0,0.2825733908622987,0.0,0.24535956502431525,0.0,0.0,0.2611100464730934,0.0,20,True,0.39080730366118555,0.2825733908622987,0.39080730366118555,0.5469035401581809
688,0.2460383962057239,0.11224172432226456,0.12283612040847947,0.22632301376484784,0.07312107271386122,0.0007091006362589256,0.0,0.05560902519540822,0.09943630652340314,0.06368524022975267,38,True,0.24865008100298128,0.2460383962057239,0.24865008100298128,0.7343450078904371
689,0.10941763110504384,0.06495517486645652,0.20708635769578954,0.021767726864061455,0.06402206387819563,0.12162585252799185,0.23924886187690317,0.020119062121667208,0.08629734780549957,0.0654599212583913,9,True,0.21867484304546783,0.21912979975523597,0.21867484304546783,1.0102758500614004
690,0.1561830636469148,0.03875210541254657,0.15061700307212736,0.0655104909878702,0.049238397003414563,0.07392610424173308,0.1605640343131681,0.13664920316998802,0.14208620236787967,0.02647339578435756,0,True,0.16156922090968334,0.13409063852881054,0.16156922090968334,-0.14568894760188228
691,0.20916298544844675,0.11888675273475871,0.0,0.0,0.09407094462710199,0.0,0.0,0.27073099696321107,0.0,0.3071483202264815,9,True,0.3665623008646709,0.3071483202264815,0.3665623008646709,0.7745161222567176
692,0.1572838348890893,0.0,0.14064952001149666,0.08806782770532763,0.08877117545310988,0.11846374954430043,0.1244656937289077,0.0,0.03433241624381168,0.24796578242395684,7,True,0.22879656683333605,0.24796578242395684,0.22879656683333605,0.3849049411648627
693,0.0,0.005130744231682655,0.43780517680481823,0.0,0.131744760217529,0.0,0.16653752527972485,0.0,0.0,0.2587817934662451,28,True,0.4513968798896872,0.43780517680481823,0.4513968798896872,1.5095047069147396
694,0.021516547391041415,0.3032228809958448,0.08377065149248822,0.029889252014590466,0.16688439269864225,0.08584555610007186,0.0,0.0,0.22453537175130142,0.08433534755601962,20,True,0.30506787908911975,0.3032228809958448,0.30506787908911975,1.0282053190716278
695,0.0,0.1311072401459792,0.06404275543460357,0.038940106849931794,0.09384622248043414,0.05930180163232348,0.2652400654000564,0.11725130286012717,0.0,0.23027050519654435,28,True,0.26880364189091227,0.2652400654000564,0.26880364189091227,0.8526102662986003
696,0.11907543129568536,0.06608619850190989,0.0916069780225736,0.08308132607610931,0.16153017807486966,0.12122637220774575,0.08047487099916145,0.19059991755066727,0.0,0.08631872727127782,9,True,0.15774655937172283,0.19059991755066727,0.15774655937172283,-0.05857407031949238
697,0.07607282194612901,0.2234183583235395,0.23557651860283807,0.0,0.11028525518825716,0.012496247476380212,0.041649099341056185,0.0841351948679075,0.05978417865033596,0.15658232560355642,28,True,0.24581228224906007,0.23557651860283807,0.24581228224906007,0.6571387223375182
698,0.12979542779745137,0.23122007961602284,0.19014382844525723,0.08820878065894942,0.0,0.04381480274501202,0.17962444796828245,0.07341131991311567,0.018395335618568973,0.04538597723733981,0,True,0.237101706482914,0.23122007961602284,0.237101706482914,0.4555093700066484
699,0.19628023300897077,0.22765786557029602,0.0,0.09053396750154674,0.0,0.0,0.08062932545662259,0.0,0.3237713363535277,0.08112727210903621,38,True,0.34126387670722297,0.3237713363535277,0.34126387670722297,0.9589278981324751
700,0.1926778106836568,0.04326254698417375,0.08516760936406637,0.010598312480331292,0.1407620247480313,0.08540349686769765,0.07029823454521433,0.1958062590267911,0.14264902630226398,0.03337467899777329,8,True,0.19548525330431274,0.1852079465464598,0.19548525330431274,0.29877838440028565
701,0.0,0.06895238468120564,0.14327710267438537,0.06928003031282999,0.0,0.11927682010160061,0.08178284425603854,0.05722522248640241,0.2634708342234608,0.19673476126407674,57,True,0.24978800691176686,0.2634708342234608,0.24978800691176686,0.774427312977425
702,0.23189419753459423,0.0,0.0,0.38367385193216075,0.19865627076300316,0.009724564419699981,0.0,0.10687509094581343,0.0410227554421664,0.02815326896256229,9,True,0.39298496492272267,0.38367385193216075,0.39298496492272267,1.345168822284179
703,0.05651745385369023,0.11125562926615387,0.06258190611481831,0.045855132706777664,0.06479123578759825,0.15014225437240947,0.13204382696214417,0.0957812724771046,0.18880346386854166,0.09222782459076166,0,True,0.13818165789493023,0.142948331161764,0.13818165789493023,0.743583525339186
704,0.0,0.026702458103778186,0.18899553012589898,0.2957161047161138,0.0,0.0,0.208978388893315,0.0,0.27960751816089396,0.0,605,True,0.38174949574474293,0.2957161047161138,0.38174949574474293,0.6670542048236302
705,0.0,0.24297853350147747,0.15495955065590655,0.09746796541050146,0.040885279846816565,0.0,0.0,0.24767489411131619,0.1651420065238848,0.05089176995009689,85,True,0.29227957200575,0.24767489411131619,0.29227957200575,0.48973030357386554
706,0.20815874693733222,0.030264014784879313,0.0,0.07885539186399311,0.10757655080128271,0.2815932150521319,0.05534068086376456,0.0,0.14379634626681123,0.09441505342980498,20,True,0.2720032772990859,0.2815932150521319,0.2720032772990859,0.9130940695722819
707,0.09153576557625684,0.09433780120002855,0.1966128815850707,0.16589977203951956,0.0005080370572532107,0.04608502618475679,0.14701292801888718,0.09518712792187652,0.047377635240439135,0.1154430251759115,8,True,0.17840119711589053,0.19610484452781748,0.17840119711589053,0.004883984102664497
708,0.0823987969507076,0.09839876540455908,0.016216764734613764,0.1989751665186721,0.15045310489726074,0.03441903548453858,0.14361817616536568,0.05138296574055978,0.1629641023824439,0.061173121721278666,0,True,0.1836099808789603,0.18275840178405833,0.1836099808789603,0.23113175347980985
709,0.15333680162886895,0.12848698321269186,0.10818744856503136,0.21292224734387172,0.03859832592658973,0.0,0.06208549873138448,0.14266380521369473,0.15371888937786715,0.0,38,True,0.21537963045868996,0.21292224734387172,0.21537963045868996,-0.16439703126218613
710,0.1855093718025652,0.0,0.0,0.011836287560202594,0.07866054289497787,0.02446369569985431,0.0,0.20757409566104432,0.16281874519806783,0.32913726118328795,102,True,0.34535208674949036,0.32913726118328795,0.34535208674949036,0.9124843982715465
711,0.0,0.2278284487796889,0.16103016632096745,0.07591046383796565,0.13502877403314764,0.010016564835420343,0.17982124601923027,0.08763005627703348,0.09899207452000446,0.02374220537654185,6,True,0.22871346017178457,0.2278284487796889,0.22871346017178457,0.2130386697291538
712,0.14541689397203533,0.0,0.09098884437003574,0.1405776645448382,0.0897320241793856,0.05818853653434581,0.13939147986960873,0.17490072211668292,0.09341197541422612,0.06739185899884144,8,True,0.15463690256783133,0.17490072211668292,0.15463690256783133,-0.47465903693445605
713,0.1854066572746407,0.08382044259456481,0.14950915293549163,0.025122686547008152,0.14919752703037506,0.0,0.14672773432576453,0.1250428982537734,0.04659490875858115,0.08857799227980064,28,True,0.18392235884722752,0.1854066572746407,0.18392235884722752,-0.359654278142679
714,0.08334514360189628,0.23325176981355233,0.0,0.08688150703766179,0.13896451931656115,0.1520812415456554,0.0,0.0,0.241365375579556,0.06411044310511702,20,True,0.27149296943209383,0.241365375579556,0.27149296943209383,0.43820430670655197
715,0.07507136999710243,0.05416191663348409,0.14742258722248086,0.15289543414976306,0.2000689452996801,0.10150186113937636,0.0018808075367273058,0.1379608781430548,0.03228268902756001,0.09675351085077079,38,True,0.18289347366635558,0.1981881377629528,0.18289347366635558,-0.03406409945026936
716,0.19633038496660676,0.219496818451247,0.23013213404195978,0.022676127759403187,0.1506965615178852,0.0,0.0684807561672936,0.07199444499043386,0.0,0.04019277210517068,28,True,0.2727585120903835,0.23013213404195978,0.2727585120903835,0.40743027282514005
717,0.16277476009183345,0.11553790087854002,0.061568316951019414,0.15739105844764553,0.08415675607109518,0.19171606739918667,0.1230119742418059,0.0,0.012115720601191086,0.09172744531768286,20,True,0.189571365987338,0.19171606739918667,0.189571365987338,-0.28416666704188204
718,0.0,0.03894792955920392,0.05566528192898122,0.10169376852585327,0.0005551000811985451,0.3058940649997307,0.05881710326403667,0.20648685273393158,0.012295252385497054,0.21964464652156715,7,True,0.3209671174582765,0.3058940649997307,0.3209671174582765,0.9759923950479499
719,0.04373360001416317,0.39294126560951315,0.11656240117805992,0.0,0.0,0.0,0.3067104946367925,0.10957223974208806,0.021072661494901262,0.00940733732448205,29,True,0.42013357121022665,0.39294126560951315,0.42013357121022665,1.494935155185599
720,0.0,0.24215019756241885,0.028008513866594965,0.1331012668041773,0.031940130248448,0.1848071539647516,0.098421369687622,0.1380401440339354,0.14353122383205197,0.0,38,True,0.2483023518234846,0.24215019756241885,0.2483023518234846,0.23705906975005755
721,0.06213349771617468,0.061882440461908564,0.147059182406026,0.022789847072451994,0.1381623146629228,0.105488349025624,0.18296587645893553,0.08373120801650984,0.19578728417944663,0.0,9,True,0.19716108388651238,0.19578728417944663,0.19716108388651238,0.017440013313371326
722,0.0011023797144110899,0.0,0.05427645309807057,0.18263377472389572,0.11735629039781945,0.06155805199039914,0.32155095366687314,0.0,0.10233973604715961,0.15918236036137134,40,True,0.3050763808640811,0.32155095366687314,0.3050763808640811,1.1268087933330235
723,0.06535554499420253,0.017382114110194188,0.39209535304512944,0.06008399073947649,0.0,0.0,0.28475653408379936,0.0,0.09691652097037075,0.08340994205682713,485,True,0.39919750894705847,0.39209535304512944,0.39919750894705847,1.6242746969412385
724,0.0007431980956916737,0.22473077725408516,0.3235599146496359,0.0,0.057668107747329465,0.09950427877863818,0.0,0.03049123045148652,0.0,0.263302493023133,102,True,0.37239780218171487,0.3235599146496359,0.37239780218171487,0.9497092672555765
725,0.0,0.0,0.0485733825714385,0.1667462756183053,0.07774103200225735,0.0,0.11195485777010641,0.22133888684988126,0.0,0.373645565188011,102,True,0.37059838555870783,0.373645565188011,0.37059838555870783,1.3578038038249525
726,0.027379647266688564,0.0,0.019452774135710973,0.1708833542138407,0.07152838525206266,0.0,0.25427546676415475,0.24222336894155846,0.2142570034259838,0.0,38,True,0.32354245954244226,0.25427546676415475,0.32354245954244226,0.4946897200470794
727,0.040013384398399,0.07168835116493726,0.29716824822759913,0.06577436458189863,0.001682913740216492,0.09148331475013784,0.35052565851349343,0.033502508347396244,0.0,0.048161256275921965,28,True,0.3661389305152681,0.35052565851349343,0.3661389305152681,1.5834503234686412
728,0.11042473455697573,0.10860633537868546,0.12321062019024814,0.0,0.10494035809228151,0.0,0.21286897281600176,0.1657749117925282,0.06175081316822978,0.11242325400504943,28,True,0.19856728256726888,0.21286897281600176,0.19856728256726888,-0.15192818645876133
729,0.042730207120758645,0.19882766786554693,0.07519735354831296,0.09458996127951858,0.0,0.1831414583853043,0.020999303221040412,0.05712320780931705,0.09777904795421095,0.22961179281599015,85,True,0.23555754683232463,0.22961179281599015,0.23555754683232463,0.5572275461835275
730,0.0464772015837242,0.1505922216570251,0.03804714272186491,0.0,0.13489726526856152,0.11602802762374509,0.11881954934033748,0.15273333888683158,0.1064245838274643,0.1359806690904461,15,True,0.1587702757232563,0.15273333888683158,0.1587702757232563,-0.9508775056361329
731,0.0,0.1007938061132024,0.17971658917926658,0.0,0.04417936117994325,0.09699474606697685,0.21004463700249434,0.11439559327601069,0.04517265864373229,0.20870260853837377,7,True,0.23794892243930252,0.21004463700249434,0.23794892243930252,0.21929694046977374
732,0.08893416522109908,0.0,0.09412857693661354,0.051883236506832194,0.008129574946373869,0.10371785359008433,0.026997198313123454,0.2678993284063348,0.08652518901619048,0.27178487706334825,102,True,0.29006439754682517,0.27178487706334825,0.29006439754682517,1.155899959735125
733,0.1300128026638064,0.061261079466412176,0.13400960425353112,0.25295440535171504,0.07196857757718693,0.08113420654297246,0.0838776121735222,0.18478171197085375,0.0,0.0,71,True,0.2356750399715005,0.25295440535171504,0.2356750399715005,0.6196756125271277
734,0.0,0.06656389460842285,0.0,0.38874659328151673,0.27463549131007464,0.10546867910739618,0.06562700095339964,0.0,0.004814928519342523,0.09414341221984736,53,True,0.39407617292649305,0.38874659328151673,0.39407617292649305,1.5600673349054146
735,0.004809985593159908,0.21200565262371096,0.12264630837510634,0.0,0.2706135452783502,0.0,0.17652226442721528,0.06694918072753127,0.14645306297492597,0.0,28,True,0.3005563887946959,0.2706135452783502,0.3005563887946959,0.41889236198452606
736,0.07162588642883289,0.12703068559644215,0.12133011572518053,0.03568758397635993,0.16847469638189336,0.06611877817559035,0.19370049551142188,0.01402258449644582,0.0,0.20200917370783325,28,True,0.2203209036147718,0.20200917370783325,0.2203209036147718,0.09516016705619595
737,0.20692829604317658,0.02308688098228209,0.13392303300858663,0.09972007213488342,0.0,0.16372478486188655,0.10767593981403097,0.0383008057304389,0.07618922476141271,0.15045096266330216,8,True,0.19884403531962935,0.20692829604317658,0.19884403531962935,-0.025805960065339393
738,0.028838113041898154,0.15266998205467636,0.03372557981328077,0.13062915748250828,0.0,0.0,0.00826122472925976,0.05297844547776619,0.2179950308820844,0.37490246651852605,102,True,0.36508876744286156,0.37490246651852605,0.36508876744286156,1.469166338367237
739,0.0,0.08868096684912581,0.11652821692826865,0.0,0.42799222994900815,0.00777140233682175,0.15423257825236447,0.20479460568441107,0.0,0.0,28,True,0.41280673628780334,0.42799222994900815,0.41280673628780334,1.695932632334957
740,0.062028662028788456,0.13752243673686848,0.0005918614656466861,0.06065906782141147,0.11116734092993051,0.20605208772085856,0.10385749208764476,0.0,0.23803017775347823,0.08009087345537282,20,True,0.23476537450521265,0.23803017775347823,0.23476537450521265,0.5132639064675159
741,0.16224170101423435,0.03419957488275859,0.0,0.27043664720453087,0.046135473825116166,0.055952747941965454,0.3201305152842846,0.006131466811131641,0.08587865131285191,0.01889322172312646,0,True,0.34079376585926247,0.3201305152842846,0.34079376585926247,1.2287424405065683
742,0.14561417983629626,0.1859594816328375,0.1763222259232874,0.3044452796774054,0.1288288817781598,0.0,0.0,0.0,0.0028662894253853027,0.055963661726628366,212,True,0.3151156957056898,0.3044452796774054,0.3151156957056898,0.6881684685396287
743,0.003933494274426764,0.3422924437273695,0.101477934262258,0.21859973920334436,0.0,0.06840723413132853,0.0,0.1561685845669847,0.08026472606630036,0.028855843767987967,38,True,0.33407554383579363,0.3422924437273695,0.33407554383579363,1.2857178460666774
744,0.19336673244105704,0.0802109674124602,0.19085171115537317,0.022640817415926377,0.09500742373880314,0.0,0.0,0.12307792015268926,0.0,0.29484442768369085,28,True,0.30309948251867547,0.29484442768369085,0.30309948251867547,0.7410179168558739
745,0.0,0.11820068273007295,0.0164354838763092,0.11743816281860976,0.06474985644384516,0.06972692434389013,0.13245686626098035,0.11265231334349848,0.20589465077516025,0.1624450594076336,20,True,0.1900105422532314,0.20589465077516025,0.1900105422532314,-0.09651594343425807
746,0.00833619048811458,0.18100980636994507,0.11568939839871768,0.11637300814247019,0.07375464477002314,0.20737238868969468,0.14704014039753377,0.006365703204618214,0.0964637515253965,0.04759496801348612,523,True,0.20355754129955456,0.20100668548507647,0.20355754129955456,0.05722028773409528
747,0.04318607549744889,0.0,0.14132228123130683,0.0,0.07362949454816609,0.28457411517577036,0.0,0.03754472706979518,0.17187703327635384,0.24786627320115884,20,True,0.31722194797025116,0.28457411517577036,0.31722194797025116,0.765644488084085
748,0.186405221881644,0.07451045525616388,0.06478138422197631,0.057752400741745896,0.13003042346761806,0.1378324627150049,0.15599425815490117,0.0,0.19269339356094586,0.0,9,True,0.21260605241845554,0.19269339356094586,0.21260605241845554,-0.17065666363043577
749,0.0,0.16264277601400723,0.06023775979338899,0.08651277574916871,0.011274274275811907,0.20489919827820469,0.0,0.00668447219839513,0.2128591159617246,0.25488962772929874,20,True,0.299998198525175,0.25488962772929874,0.299998198525175,0.4135049546128072
750,0.0,0.18595892409319942,0.14801741560864318,0.13730788375321135,0.019849721526599938,0.09098369021557735,0.14432121786312935,0.0,0.24149793904945985,0.032063207890179544,749,True,0.2533639533061433,0.24149793904945985,0.2533639533061433,0.20490325269737888
751,0.15623849436884846,0.032722997204391945,0.02690189620774665,0.25858939822249727,0.0,0.060578200250380354,0.13814392250981136,0.0904825286836635,0.10053605148987643,0.13580651106278382,9,True,0.22927037821426488,0.25858939822249727,0.22927037821426488,0.781226707262748
752,0.0,0.09331500970585896,0.19838042251498594,0.03712433362777436,0.11569732899671849,0.0,0.02368108803937639,0.24215979687648312,0.16404049048784056,0.1256015297509622,57,True,0.25438899171774615,0.24215979687648312,0.25438899171774615,0.3223370976882479
753,0.002684225090297138,0.21456971161171193,0.044980525870057,0.0,0.0,0.2609007504491983,0.0,0.11759987385506326,0.17696143962158375,0.18230347350208861,20,True,0.3074401622959617,0.2609007504491983,0.3074401622959617,0.33553361780062113
754,0.13924593915436242,0.15782411313517003,0.042714728121385104,0.07223626750979184,0.17764035771046702,0.1912095597254852,0.09384825450086241,0.0,0.12528078014247593,0.0,317,True,0.20966752195797048,0.1912095597254852,0.20966752195797048,-0.2900318875477215
755,0.0,0.25772779750828506,0.26550005710921787,0.11705653899322518,0.07000146016744462,0.05123034466151019,0.12908214189432718,0.0782947696510506,0.031106890014939124,0.0,9,True,0.2861831455753348,0.26550005710921787,0.2861831455753348,0.9609789891650337
756,0.1663008231403026,0.18822834264542562,0.04531648096455483,0.19551089790165763,0.07899948479024174,0.15674862527367173,0.0,0.04450138979388663,0.06581650924456774,0.05857744624569142,20,True,0.2095674624344471,0.19551089790165763,0.2095674624344471,0.23530731039842404
757,0.1564880425252661,0.14712347962893185,0.008773622240867567,0.12776636938370028,0.13621346027983935,0.0,0.053022555282131754,0.12259726860873345,0.24801520205052954,0.0,501,True,0.24584990574082566,0.24801520205052954,0.24584990574082566,0.18806816588936348
758,0.05984329429769765,0.13397780621047703,0.0,0.14444565166785867,0.10176570947028678,0.2477524823107364,0.0,0.13266823902426447,0.08309083629312813,0.09645598072555094,20,True,0.21895678973182484,0.2477524823107364,0.21895678973182484,0.4707719044020521
759,0.08799516259661858,0.07103844792182595,0.13983930549457207,0.11804738877342479,0.0,0.07981751136998283,0.11498660449275343,0.1279518530275277,0.0,0.2603237263232947,9,True,0.22363519534069226,0.2603237263232947,0.22363519534069226,0.7312456961502928
760,0.06443079813616662,0.22628964386828793,0.0,0.2354115150868318,0.07208295766108905,0.09337902883145481,0.06879411351319825,0.17083677672015773,0.02769584069966672,0.041079325483146974,38,True,0.2471131579359246,0.2354115150868318,0.2471131579359246,0.7884242069285673
761,0.03651472716404109,0.01368981713392465,0.16060358039477957,0.0,0.2911240478411846,0.0,0.15996922291902954,0.22376354135374812,0.0,0.11433506319329258,7,True,0.3174905338053189,0.2911240478411846,0.3174905338053189,0.6350425571089571
762,0.1846671423216312,0.10978742812731364,0.0,0.07018587278203803,0.03350856785233607,0.16029055665611408,0.12103661919085981,0.20757772611289355,0.023078300446991464,0.08986778650982225,9,True,0.2103434781634906,0.20757772611289355,0.2103434781634906,0.12277012803671952
763,0.01999474553167652,0.11665570599595258,0.0685174383860512,0.13088519881224311,0.3041455704996846,0.0,0.1933436951450951,0.0870789323989003,0.05148618651463508,0.027892526715761562,28,True,0.27700503902361945,0.3041455704996846,0.27700503902361945,1.2915742934941046
764,0.0,0.01651818954620974,0.04639674916311176,0.016195295012949598,0.17371836080248232,0.2738665379326217,0.13418042363017238,0.12678208371347466,0.21234236019897781,0.0,20,True,0.29501882439875377,0.2738665379326217,0.29501882439875377,0.5562969768652551
765,0.1766195278797829,0.0,0.2046142679715421,0.20591756459448973,0.0,0.06072627075833646,0.051950543883601354,0.06608585693172254,0.16652659890265803,0.06755936907786675,8,True,0.24189410005875792,0.20591756459448973,0.24189410005875792,0.22062654390918213
766,0.0,0.09686113228102165,0.0703898280975797,0.12636830262653775,0.0,0.20824004584454892,0.23793977251250814,0.15095967611627184,0.0,0.10924124252153183,7,True,0.2549656441023034,0.23793977251250814,0.2549656441023034,0.23037337857811419
767,0.025156363282129637,0.2177476537613098,0.2039524267627134,0.049693011083867714,0.21677828348555833,0.021734256697246684,0.12564611455986752,0.009272287415395075,0.08791972498528568,0.042099877966626204,6,True,0.25485931875143225,0.20847536634591474,0.25485931875143225,0.5428965507531367
768,0.07736849377829111,0.0,0.1664450833903575,0.0006005661608542088,0.23036787444078355,0.20517051841966577,0.13757235663377623,0.045065357551569214,0.13740974962470243,0.0,6,True,0.2620934729251422,0.23036787444078355,0.2620934729251422,0.1287755490706947
769,0.03348846821540268,0.18015505217386824,0.15370345099347482,0.030451930784899345,0.0005901895534706908,0.18001299801234674,0.0,0.05213239799912443,0.17898739995196883,0.19047811231544426,465,True,0.24813425111031603,0.19047811231544426,0.24813425111031603,-0.0753816938551923
770,0.04837394401857543,0.016991138514265248,0.025601744982376065,0.05323163574080587,0.27709977397279684,0.0,0.09367947542987594,0.14953687155935574,0.1575364005596299,0.17794901522231907,0,True,0.265561232046276,0.27709977397279684,0.265561232046276,0.8242322738410718
771,0.10554741240375674,0.18956853238600557,0.12468291481184965,0.07774007711817493,0.05200396260491309,0.06728864478021176,0.019011094936838703,0.13237046635562766,0.19629147824656418,0.03549541635605751,38,True,0.18322564919742365,0.17728038330972548,0.18322564919742365,0.42936852347723525
772,0.11042858685907025,0.16461838617010843,0.10487808711394726,0.13511441929463655,0.1962034111547438,0.04835034929811534,0.0,0.13268423259550957,0.019004544534968946,0.08871798297889985,38,True,0.18766912090496457,0.1962034111547438,0.18766912090496457,-0.2444846298340203
773,0.0,0.04512569673969154,0.0,0.25709831786382603,0.3388450888139397,0.10571889046534654,0.041088185986052746,0.0,0.06707394436803474,0.14504987576310874,53,True,0.3483604039910479,0.3388450888139397,0.3483604039910479,1.258606582846711
774,0.11571597115759352,0.0,0.07950563914066525,0.09305490229193529,0.013430643475628183,0.0024396062059771372,0.07576698331408066,0.19196622116257406,0.16039874880816773,0.2677212844433781,8,True,0.2618224435194094,0.2677212844433781,0.2618224435194094,0.6517907462847141
775,0.07282297630276231,0.0,0.16253023379908085,0.19219694233907914,0.056879611800880796,0.04456224984131584,0.2939494787881212,0.14422581288276212,0.03283269424599762,0.0,9,True,0.2866450396629243,0.2939494787881212,0.2866450396629243,0.9293245440184649
776,0.11894285345404802,0.03240388246285807,0.20270926326435032,0.09675014566338302,0.14632756478015277,0.022895711987971294,0.05243086557505056,0.17887931959999837,0.14866039321218766,0.0,38,True,0.2107883751134178,0.20270926326435032,0.2107883751134178,-0.03171061980102172
777,0.05115046071145921,0.035996025114755234,0.0,0.31375104912964963,0.17729426036443519,0.0,0.09822204392017812,0.10953014812443478,0.05802737374991585,0.15602863888517204,40,True,0.28834284204723104,0.31375104912964963,0.28834284204723104,1.2438860492041102
778,0.11260219669244002,0.10889587974722952,0.15920821995059267,0.0,0.11112162898065475,0.0,0.24319743856169007,0.0,0.0971755253922329,0.1677991106751601,28,True,0.24285275261901965,0.24319743856169007,0.24285275261901965,0.12033468394631644
779,0.07254652961817176,0.11939462976335313,0.20739288815804607,0.07398069872869417,0.0,0.0,0.15548804487955323,0.0988117197669192,0.24516700029087832,0.027218488794384148,38,True,0.2505813693125044,0.24516700029087832,0.2505813693125044,0.48907297837040675
780,0.0,0.0,0.0,0.32964503174241877,0.16675248933890532,0.25410677948630034,0.0,0.04576242472958919,0.17286321095616133,0.03087006374662505,53,True,0.3660209626360321,0.32964503174241877,0.3660209626360321,0.9150087241219861
781,0.08610500307734936,0.06233452828299568,0.11759590962743965,0.15737562677649092,0.0,0.2222485577153811,0.11762785817173411,0.0,0.23671251634860915,0.0,0,True,0.26298117928159703,0.23671251634860915,0.26298117928159703,0.31460848433950767
782,0.04590374902793789,0.23105614344028025,0.008365692967872982,0.1410002836771451,0.1148643218519907,0.2839057256288287,0.052364388713123496,0.0,0.08196153626177599,0.040578158431044876,20,True,0.2834567753024742,0.2839057256288287,0.2834567753024742,1.0359331844511683
783,0.07741228964087159,0.0,0.2000231422717668,0.19969240567611599,0.07399060316311443,0.0,0.0,0.10537902718499516,0.20788971606331855,0.13561281599981753,0,True,0.2531151823806963,0.20788971606331855,0.2531151823806963,0.060946341118923095
784,0.0,0.2563461329090988,0.06520754551160905,0.0,0.0,0.15015057174315485,0.04717573209859625,0.018367546126868084,0.46275247161067284,0.0,609,True,0.45739843077501036,0.46275247161067284,0.45739843077501036,1.8398022541851704
785,0.09917285152043318,0.036863905424785924,0.25661293017641235,0.00020131942641615517,0.09850842317828126,0.01950237893629889,0.13391606916046875,0.09009696616267503,0.21473799881319003,0.0503871572010386,28,True,0.24865828223195968,0.2564116107499962,0.24865828223195968,0.8537946580316366
786,0.013971314635440565,0.2531107249723879,0.13079456813158244,0.0,0.2274344075653376,0.04120168756416148,0.1599601659596563,0.07645116685256596,0.0,0.09707596431886767,28,True,0.27504040255850787,0.2531107249723879,0.27504040255850787,0.5498191112474766
787,0.0,0.13757618539386585,0.12768345827067185,0.08359343793995817,0.1513891463445894,0.03722892831443249,0.08304429588676288,0.1989019890489188,0.08088570552090152,0.09969685327989919,7,True,0.1716482395568454,0.1989019890489188,0.1716482395568454,-0.06391941646127644
788,0.0,0.0,0.2100263272517688,0.12857341926117874,0.050554254406771686,0.2508713030153014,0.28917644070584364,0.0,0.07079825535913575,0.0,0,True,0.33877681800234705,0.28917644070584364,0.33877681800234705,0.715045433817522
789,0.16351301859943707,0.17587108473994673,0.10640988598345853,0.09765462924957712,0.0,0.1533341340406137,0.0,0.0,0.3032172473869669,0.0,20,True,0.3065594427234372,0.3032172473869669,0.3065594427234372,0.6816924222929491
790,0.29819090432581513,0.0,0.053065880934922156,0.03804371639016566,0.0,0.047508193206217526,0.24985082042968307,0.01690849261804606,0.0,0.2964319920951504,9,True,0.38212748062661106,0.29819090432581513,0.38212748062661106,0.9858890369557535
791,0.0727507069909546,0.18801178683362613,0.22439216138873783,0.09584131652059466,0.15451765757053626,0.048114914510818056,0.01900692331300945,0.12425110066115773,0.0703523886509785,0.0027610435595867896,86,True,0.21708507548978961,0.22163111782915104,0.21708507548978961,0.42008631336327645
792,0.03329760910565143,0.11550642416095891,0.1858526991146756,0.05141284946577203,0.16429942326028774,0.1447308134044162,0.11800598288545679,0.09495394695001404,0.0,0.09194025165276713,509,True,0.17598566531821416,0.1858526991146756,0.17598566531821416,-0.28513195371757577
793,0.17744050797279337,0.20010049757747872,0.054115092330296426,0.0,0.0,0.2297625489518458,0.023358529513625544,0.0,0.21882236834467036,0.09640045530928966,20,True,0.29149015882532164,0.2297625489518458,0.29149015882532164,0.2699972775076212
794,0.06571259771991564,0.0,0.18360940840271267,0.0,0.053121556758818814,0.22262367235739927,0.17682107365642927,0.13574384933752706,0.0,0.16236784176719712,7,True,0.25781613681379195,0.22262367235739927,0.25781613681379195,0.005821812627181454
795,0.0,0.022379662764170364,0.26388850231540434,0.0,0.16332784262296277,0.03553366757457446,0.1325350143715405,0.09624901411418621,0.006773954532353388,0.27931234170480795,7,True,0.3208851665439272,0.27931234170480795,0.3208851665439272,0.7842511599396631
796,0.19934673831075866,0.033965721804646756,0.09763457501074135,0.0,0.022999229053688758,0.254044713077023,0.1426648583042323,0.06670575959741223,0.1782973288116459,0.004341076029851025,20,True,0.26852315712192754,0.254044713077023,0.26852315712192754,0.4913458208989884
797,0.2456146487993497,0.08030158814166954,0.08530623194015503,0.04066013955404363,0.08830347584948721,0.17940704914054395,0.086823271887485,0.10897835541852889,0.028052901699567232,0.05655233756916999,28,True,0.19771036572972295,0.21756174709978246,0.19771036572972295,1.412434502339402
798,0.12133280788558837,0.13529061375958942,0.05500341267213862,0.12433354086240103,0.0,0.0,0.06532361846341209,0.2188913423949682,0.2545656537997678,0.025259010162134332,38,True,0.2629290585372985,0.2545656537997678,0.2629290585372985,0.5964258923812548
799,0.09603266972167158,0.16681473037841585,0.044714909935903574,0.08792343659527092,0.0702050472158306,0.16537314460542119,0.11575262617574676,0.0,0.147989692934354,0.10519374243738547,0,True,0.15944199741293366,0.16681473037841585,0.15944199741293366,-0.4672338067029855
800,0.22347112872669206,0.13597575358326047,0.08074320418803935,0.1731167159511826,0.0,0.0,0.024341951296481572,0.184705587694832,0.07403497804325429,0.10361068051625763,38,True,0.23631049301863832,0.22347112872669206,0.23631049301863832,0.13352398806278623
801,0.1457614040161927,0.0,0.3374239497409484,0.03017789968500648,0.0,0.1707259045042318,0.037282085967781896,0.16282712761998105,0.09453102206059724,0.021270606405260458,8,True,0.3200789419963324,0.3374239497409484,0.3200789419963324,1.2586023682351355
802,0.0,0.09295416094434023,0.013145458952495652,0.00366407874194475,0.04090836406489062,0.07015315426314046,0.2651588815849686,0.21694513854998881,0.0,0.29707076289823076,7,True,0.3479182773257262,0.29707076289823076,0.3479182773257262,0.888252603462593
803,0.0,0.0,0.15315779321849501,0.10599591203534986,0.146156477349764,0.3629577655730158,0.06905294375097426,0.0,0.07356173462943714,0.08911737344296394,173,True,0.3254443770363115,0.3629577655730158,0.3254443770363115,1.6734578436118368
804,0.1439929882761902,0.06016241187873807,0.13480225265719223,0.09972929092729753,0.08171451245237307,0.1532525439923245,0.06461295939333339,0.13408782524023702,0.03470365023447082,0.09294156494784321,8,True,0.12096088741948337,0.11854889375785367,0.12096088741948337,-0.15781131731412623
805,0.08928576866752394,0.06247936584091962,0.0,0.09285265708228274,0.09936609885340039,0.13323351603448835,0.18051521035696877,0.04459996896513254,0.16728883694609134,0.13037857725319224,0,True,0.16637624151658223,0.18051521035696877,0.16637624151658223,-0.2712122991685201
806,0.013947370478330279,0.061301831215586314,0.2781452644305161,0.051553555374006105,0.01847633838695222,0.15015270239490408,0.18896674301142016,0.14560240917744835,0.0,0.09185378553083627,7,True,0.26871512686507687,0.2781452644305161,0.26871512686507687,0.8170297553192046
807,0.06506150635951499,0.0,0.19724749687344267,0.1378712559645517,0.15050895360510858,0.2144422054835344,0.09367939764442255,0.14118918406942518,0.0,0.0,0,True,0.243919408213061,0.2144422054835344,0.243919408213061,-0.09594940421287534
808,0.15189524657954145,0.04350269936832929,0.2747814619106808,0.0,0.16318565184026593,0.0,0.20103635854953722,0.08687628451640994,0.0,0.07872229723523527,28,True,0.28506028470188793,0.2747814619106808,0.28506028470188793,0.5780345844369963
809,0.21357087296593236,0.0,0.0,0.04025368525201679,0.06563422213031093,0.3263643735000855,0.0,0.0774645887507357,0.10186606079398686,0.17484619660693174,20,True,0.3240417900217006,0.3263643735000855,0.3240417900217006,1.1261403984741363
810,0.0,0.14204920130567938,0.045172621337693224,0.0,0.19989288754146406,0.0,0.2241758985235225,0.388709391291641,0.0,0.0,28,True,0.4043829028988628,0.388709391291641,0.4043829028988628,1.2411302027164621
811,0.10514048486704873,0.25772948534890394,0.0,0.2855379606040062,0.03303496596068711,0.0,0.0,0.121781383845855,0.17714171061318182,0.019634008760317276,38,True,0.3266460324090646,0.2855379606040062,0.3266460324090646,0.749011491305644
812,0.012292159646714968,0.08279071859575324,0.15404295971920734,0.144697163951591,0.16840404002577916,0.0,0.11705649458070506,0.11030122434413259,0.11781944055235039,0.09259579858376614,28,True,0.16839183225098608,0.16840404002577916,0.16839183225098608,-0.864906552721476
813,0.25924026905577496,0.0,0.0,0.08358702567837507,0.07030220305101205,0.25813353738371825,0.0,0.0,0.3287369648311197,0.0,20,True,0.3922188456516361,0.3287369648311197,0.3922188456516361,0.9278656731484819
814,0.011235284684933657,0.03985164428994158,0.017388335664810812,0.17563851292660834,0.14073617220897078,0.16174131687472104,0.1263954338201283,0.11655551518568696,0.0,0.21045778434419848,7,True,0.2295343616304028,0.21045778434419848,0.2295343616304028,-0.11612408279870187
815,0.3666835127712156,0.17587666139170927,0.295319970714936,0.0,0.04957379629699352,0.0,0.0,0.11254605882514558,0.0,0.0,28,True,0.409545431301549,0.3666835127712156,0.409545431301549,1.1861960476380753
816,0.04183517128817439,0.1864070579915775,0.0,0.17747286029926918,0.058390029990879666,0.3173813261163168,0.02432952563028698,0.10797305316547601,0.08621097551801947,0.0,20,True,0.30301341400227794,0.3173813261163168,0.30301341400227794,1.16969880052257
817,0.09802816967208275,0.04776145246006275,0.0,0.2168674071797127,0.23124147169666096,0.1395921045741804,0.0,0.0,0.10339878520536012,0.16311060921194037,0,True,0.26301540677026103,0.23124147169666096,0.26301540677026103,0.21179877066123365
818,0.0,0.09691201628940106,0.0,0.12758516622269264,0.11509911943004086,0.08988831395956039,0.1824208881490233,0.13368178263350078,0.10985615591436561,0.14455655740141543,0,True,0.17638254602593673,0.1824208881490233,0.17638254602593673,-0.8809514602397103
819,0.07342549559705576,0.019063065700722127,0.06954944695258806,0.2076798102027758,0.0,0.29976450929550974,0.0,0.0029305108248833924,0.32758716142646516,0.0,20,True,0.38846290720373367,0.32758716142646516,0.38846290720373367,1.0565797108919706
820,0.017590959459662804,0.06769434180200616,0.2800861434669884,0.07433845770690092,0.10933526104004143,0.0,0.18770341677960337,0.03166216148327547,0.13040882332768094,0.10118043493384064,0,True,0.25357370897927367,0.2800861434669884,0.25357370897927367,1.061312322562419
821,0.19219580051407376,0.18439249694730975,0.0,0.0,0.17798532903186298,0.31488040265953027,0.0,0.08307996630937518,0.0474660045378481,0.0,20,True,0.3330518974335256,0.31488040265953027,0.3330518974335256,0.7745967135026396
822,0.23191235997598647,0.04039083847997908,0.0,0.09752370803004652,0.03542132874177221,0.38082917762605983,0.0,0.011391601767996317,0.06917842733473066,0.13335255804342883,20,True,0.36593646629971727,0.38082917762605983,0.36593646629971727,1.6280310478167757
823,0.032513524062575246,0.18131676454509227,0.1036602615693046,0.04813684562483822,0.10355425018514722,0.14161614535104786,0.16134253535003823,0.12333482187105915,0.04106070527267459,0.06346414616822262,28,True,0.15725994661192855,0.14880324048251703,0.15725994661192855,0.14754770439016665
824,0.01743581417079572,0.2905239615771834,0.0344221548345962,0.20700051691579724,0.0,0.10224453037398858,0.11243131342215003,0.10545262987029605,0.13048907883519287,0.0,38,True,0.28281562842991803,0.2905239615771834,0.28281562842991803,0.8830141482747305
825,0.14470896546281142,0.0,0.0,0.36512264439828956,0.0,0.0006090586409651752,0.10199378614962278,0.2627391017895152,0.08023024146751889,0.04459620209127698,38,True,0.3769826017196864,0.36512264439828956,0.3769826017196864,1.3211708736623753
826,0.022406618261167778,0.17306738171797167,0.26954437918358265,0.03586423355772714,0.185409607324703,0.0,0.0,0.1557765130063263,0.02393559897193082,0.13399566797659063,28,True,0.28559689631036,0.26954437918358265,0.28559689631036,0.4714251574377753
827,0.10885553337331373,0.0,0.28138255484180086,0.03563596590927708,0.06614921735746018,0.0,0.0,0.16045872487224,0.3296671136986078,0.01785088994730019,8,True,0.3625153415408595,0.3296671136986078,0.3625153415408595,1.136909132131224
828,0.10648566508569968,0.12863045448562127,0.0,0.15670524262926153,0.0,0.0,0.09692174107639381,0.2232948888584989,0.18135030935866667,0.10661169850585818,9,True,0.2365374050838768,0.2232948888584989,0.2365374050838768,-0.10796267146268768
829,0.07102292237826827,0.16342441909920152,0.10926202224045725,0.09938927844995743,0.127018337893203,0.10059795741237268,0.09987096570217022,0.08453186655480743,0.05118652556881973,0.09369570470074264,8,True,0.09132695859017624,0.1122378935303818,0.09132695859017624,0.6452103045212422
830,0.21932459124684103,0.11725260944996113,0.0,0.11664713469002783,0.14430671890257135,0.18392215353855082,0.2185467921720479,0.0,0.0,0.0,9,True,0.27905643305824146,0.21932459124684103,0.27905643305824146,0.00910269278869675
831,0.1521015487849993,0.08258189669439817,0.11227525110199231,0.07991496836318272,0.017602053621735274,0.09594748968774909,0.14536827184707624,0.16877490338046722,0.0,0.14543361651839967,9,True,0.1709689367591063,0.16877490338046722,0.1709689367591063,-0.6881973193812778
832,0.07249298777712339,0.0,0.0,0.0,0.17767553407382536,0.054412710897854814,0.19701376732173603,0.1165835002608253,0.2737215569592647,0.10809994270937034,29,True,0.2807130157257923,0.2737215569592647,0.2807130157257923,0.5957294513012691
833,0.08135445110020692,0.1865559369801514,0.1025774490811504,0.03609993498936353,0.017839319190421754,0.04735507543943021,0.0,0.2132497740627968,0.14607531356147324,0.16889274559500575,102,True,0.2261547480513692,0.2132497740627968,0.2261547480513692,0.18085485925453146
834,0.04598911182144032,0.06921724610540224,0.15884634682075702,0.0,0.1946708414276942,0.06617963301870629,0.21858820021671183,0.1469635884914811,0.09954503209780714,0.0,28,True,0.23173903172130114,0.21858820021671183,0.23173903172130114,0.1802419372895916
835,0.12105092262551155,0.0,0.0,0.1636724513607208,0.19712646306145845,0.3096715887410796,0.0,0.1710933534180588,0.03738522079317078,0.0,20,True,0.32690659649669185,0.3096715887410796,0.32690659649669185,0.6993362495953019
836,0.08044082071062401,0.07371851121229747,0.05707828613461092,0.2039592939982699,0.12904138708477664,0.07280367850065289,0.027522523335078278,0.0,0.2061696072772972,0.14926589174639276,20,True,0.2103763930832875,0.2061696072772972,0.2103763930832875,0.38616346799560575
837,0.0591437338556904,0.0355988533038349,0.34897711945302834,0.0,0.0,0.0,0.2869550726650187,0.07977202270829062,0.0,0.18955319801413706,94,True,0.3888283602378031,0.34897711945302834,0.3888283602378031,1.1701195409901564
838,0.0,0.0,0.18291610509107153,0.18441690659155588,0.10058460495442405,0.12525822609305562,0.027240961094714976,0.055488579250622526,0.19478293715089434,0.1293116797736611,8,True,0.22750327122029404,0.19478293715089434,0.22750327122029404,-0.13023153282798028
839,0.185206443179919,0.20112678503203202,0.19757650386659956,0.007107656213001713,0.055890091382965926,0.0,0.02414539205030449,0.25130760131113444,0.0,0.07763952696404289,38,True,0.2945004461892784,0.25130760131113444,0.2945004461892784,0.3979949458775792
840,0.0,0.0,0.07337618606032618,0.11143614449944378,0.1511546881995418,0.12461792109350986,0.22265427466845003,0.21526113287418974,0.032815798622852645,0.06868385398168605,347,True,0.24059525098279852,0.22265427466845003,0.24059525098279852,0.31608886270095343
841,0.021885901419960718,0.2999873659414153,0.07091743201519544,0.07338799503647607,0.1654967372104272,0.1756998649787529,0.035044774644591596,0.0,0.15757992875318078,0.0,20,True,0.29190011158122825,0.2999873659414153,0.29190011158122825,0.9212353240636564
842,0.11211895150575409,0.10713940012396006,0.20224042977522105,0.16011203249646105,0.08518041745387904,0.0,0.13727939481778445,0.11840488865832571,0.0775244851686146,0.0,1,True,0.1916185375935456,0.20224042977522105,0.1916185375935456,-0.35629207054954765
843,0.0,0.09738796013645104,0.1666269753448486,0.1249346778338031,0.11519924264497526,0.12028484495626986,0.317803670454788,0.0,0.0,0.057762628628864006,1,True,0.29143205223573004,0.317803670454788,0.29143205223573004,1.148391514633633
844,0.04424773655318794,0.24077277046000675,0.0,0.07131847578511809,0.13397515360708492,0.07697151965175153,0.0,0.0277698842600337,0.23908631177844036,0.16585814790437678,85,True,0.27263900486325365,0.24077277046000675,0.27263900486325365,0.5956902940456635
845,0.03902724338948931,0.2737622994055173,0.14029315271377635,0.0,0.1921093355977638,0.11829563916549973,0.06666788440462292,0.0,0.0,0.16984444532333076,28,True,0.28344785850014087,0.2737622994055173,0.28344785850014087,0.5230678316206783
846,0.0,0.0,0.30013232041131166,0.14949834654952474,0.1442357353221751,0.03666006640289646,0.2390238142764859,0.016804270900778365,0.0891758336301606,0.024469612506667168,0,True,0.3170850544266643,0.30013232041131166,0.3170850544266643,0.8996765934476739
847,0.17927678433897154,0.15995912776052132,0.21852035201853326,0.0,0.031322567594362555,0.0594642565969283,0.0,0.0,0.24255540568406667,0.10890150600661633,20,True,0.28405632556507626,0.24255540568406667,0.28405632556507626,0.3085505223513498
848,0.10603878514369801,0.2826045361076722,0.0,0.0,0.038455701061045414,0.0,0.11495706812279968,0.2732712532829447,0.0,0.18467265628183988,102,True,0.33850359538399644,0.2826045361076722,0.33850359538399644,0.7413952397044749
849,0.22726669175336608,0.17851629434717275,0.13427914814359337,0.006720842759551566,0.006088165073442559,0.0,0.1556074180382151,0.17974050805115674,0.0,0.11178093183350188,28,True,0.2657943512192629,0.22726669175336608,0.2657943512192629,-0.07461490922448713
850,0.08703770848037126,0.172973376609284,0.0,0.08889720057519682,0.06766057431557344,0.21101925765108623,0.0,0.0,0.2869708926721964,0.08544098969629191,20,True,0.2900992939683341,0.2869708926721964,0.2900992939683341,0.8068040309932546
851,0.013025042418770784,0.0,0.1447459532059578,0.037910355881973785,0.14895877734672233,0.05416951884658955,0.15024956820310353,0.15208135297430678,0.06373770975236709,0.23512172137020848,7,True,0.22962944514062889,0.23512172137020848,0.22962944514062889,0.27900848799182376
852,0.009368938549649033,0.0,0.01728381898446478,0.0,0.1671570739706638,0.14700731931533947,0.32436693377621634,0.33327245381791504,0.0,0.0015434615857513937,7,True,0.4077081863218059,0.33327245381791504,0.4077081863218059,1.0585435232095919
853,0.17405380266595757,0.0772654971808423,0.23264850319638164,0.09051196006131014,0.17520701185910229,0.0,0.028138908998302355,0.0,0.0,0.22217431603810375,28,True,0.28183886556319626,0.23264850319638164,0.28183886556319626,0.2689241152812737
854,0.057089351442206365,0.1668897201967012,0.05088860759448933,0.13139650763547275,0.03388540560806881,0.06086373359729008,0.0,0.1833693061920342,0.08062256111114355,0.2349948066225937,102,True,0.22619800859161704,0.2349948066225937,0.22619800859161704,0.5884411439505225
855,0.19824295749109855,0.2671847663329515,0.0057924808652512145,0.124811122326685,0.0,0.17093847984551702,0.0,0.07073272523657084,0.07082740521598546,0.09147006268594049,20,True,0.27185605502714144,0.2671847663329515,0.27185605502714144,0.5798638057327886
856,0.0781014869635851,0.07740931698746793,0.16739907163214213,0.06558582913059893,0.15250471616089173,0.06088001010523819,0.1563888318961589,0.042598039302190714,0.050111534100516296,0.1490211637212102,9,True,0.14956801680551735,0.1248010323299514,0.14956801680551735,0.3497376928470325
857,0.12055010680346719,0.10857042112203684,0.17166860808258746,0.10029688786708327,0.06752420111890375,0.22846542887148308,0.06660878135464006,0.006428151743503964,0.0897760704508386,0.0401113425854557,20,True,0.19170843683559005,0.2220372771279791,0.19170843683559005,0.7402935510674717
858,0.09385050107806195,0.18176644419204277,0.013698669863000758,0.11604051130608868,0.0,0.3203507437529396,0.0,0.0008231539377486992,0.2734699758701175,0.0,20,True,0.36456976686895715,0.3203507437529396,0.36456976686895715,0.91718386656595
859,0.0,0.12519982517160644,0.26201983471301243,0.18447401410309852,0.060892034655854126,0.007422335711093957,0.19727756284009973,0.09762728500750589,0.06508710779772899,0.0,842,True,0.2735120436412677,0.26201983471301243,0.2735120436412677,0.5308703585035434
860,0.10887592090784494,0.20399684835634288,0.012002034086724312,0.1296186735753999,0.07156198578796312,0.29296228380119155,0.12777716961762803,0.0,0.03727884873591075,0.015926235130994525,20,True,0.2816595636552366,0.29296228380119155,0.2816595636552366,0.9754497604649808
861,0.03234599546813464,0.061987575782144776,0.24361455037047935,0.07802166692242608,0.06357870238138166,0.0772029131732107,0.09930039175205586,0.30490835415937567,0.0,0.0390398499907912,15,True,0.29099909958668546,0.30490835415937567,0.29099909958668546,1.5071481937511864
862,0.0,0.09755443464670005,0.16015177480901774,0.06799179930479914,0.022688652248986554,0.0,0.2414807250419323,0.11523018438080124,0.0,0.2949024295677631,7,True,0.314422482229683,0.2949024295677631,0.314422482229683,0.839895976329747
863,0.0,0.10473811227278161,0.12658568803881173,0.07241243827869087,0.11618900510899523,0.16862839107884875,0.04585726776437854,0.18489616821555038,0.0,0.18069292924194286,7,True,0.20763527081854483,0.18489616821555038,0.20763527081854483,-0.29158512353689076
864,0.23400335362662755,0.0,0.08342282418676063,0.0,0.18683175640888117,0.10447440707099998,0.273527466708191,0.0,0.11774019199853969,0.0,5,True,0.3101902188901541,0.273527466708191,0.3101902188901541,0.5386816428839836
865,0.0,0.07173194928059062,0.16754497671377788,0.144360613239408,0.1972343831196414,0.16179456003724624,0.020469607342806843,0.0,0.20065536288684316,0.03620854737968592,20,True,0.2472413766950618,0.20065536288684316,0.2472413766950618,-0.05327091641189018
866,0.13967014986336568,0.09648106168683374,0.14305808753893096,0.17522040548200757,0.0,0.09272346827426393,0.0,0.05344476143443778,0.26590208024147244,0.03349998547868787,8,True,0.25152395975742825,0.26590208024147244,0.25152395975742825,0.6454031425372527
867,0.09218946000635356,0.0,0.1028624282574663,0.28406612973609463,0.09427070783140483,0.0,0.32322804264332766,0.09977357660639828,0.0,0.0036096549189546926,38,True,0.35086218355654536,0.32322804264332766,0.35086218355654536,1.1689174270104274
868,0.0,0.14263677363556776,0.0,0.17564005008245112,0.23670807425863952,0.06613966133477815,0.15916787812426106,0.10947201338403044,0.11023554918027183,0.0,0,True,0.2471239669697215,0.23670807425863952,0.2471239669697215,0.05850785944360448
869,0.016276076618650763,0.06736385322328961,0.09448700098441672,0.14057596183642068,0.0,0.1114944007995129,0.06639556261461681,0.3891055456067264,0.0,0.11430159831636628,7,True,0.338820818334097,0.3891055456067264,0.338820818334097,2.0800904150324713
870,0.0,0.09217983614313358,0.03648406573483223,0.3686302643088593,0.11492361127143273,0.14076995323765815,0.17196918553853927,0.0,0.07504308376554479,0.0,0,True,0.33755734678180077,0.3686302643088593,0.33755734678180077,1.6142042629830697
871,0.028743988339021795,0.14272083310562403,0.05513405036354825,0.1462974868134318,0.0,0.08850573668133138,0.07395053695141379,0.17445135749970572,0.2117918969322497,0.07840411331367346,272,True,0.20093881479314915,0.2117918969322497,0.20093881479314915,0.23370462858999272
872,0.06981604902268049,0.1380421318869259,0.19020351778282366,0.052195065362596785,0.14827373273800065,0.0,0.2606123035888154,0.0,0.0,0.14085719961815732,28,True,0.2693997720644725,0.2606123035888154,0.2693997720644725,0.37902074188196394
873,0.0,0.1704500964436764,0.0,0.03204369274551381,0.13846418451642015,0.029652689783760282,0.20244724147636192,0.18467395950216797,0.0025012705494095256,0.23976686498268995,7,True,0.28760286651078815,0.23976686498268995,0.28760286651078815,0.19395594048150058
874,0.2594342699145092,0.0,0.15224901767259577,0.18230543506066887,0.1077741828976929,0.0,0.19525529583920703,0.0,0.0831917669966415,0.01979003161868467,0,True,0.284206959698418,0.2594342699145092,0.284206959698418,0.34253170857181714
875,0.07960630693979981,0.11208345516461178,0.13497441756872477,0.17522332729829093,0.24388546587756532,0.0,0.03500638383410766,0.17227862949476347,0.046942013822136204,0.0,210,True,0.24578490407561893,0.24388546587756532,0.24578490407561893,0.35213794465837134
876,0.0,0.34602955109745115,0.05300684972672977,0.005661669079794885,0.18166667620581772,0.16049753186308888,0.0,0.25313772202711765,0.0,0.0,86,True,0.381338663314272,0.34602955109745115,0.381338663314272,0.967443602363034
877,0.07967191194358852,0.20888745281947016,0.01790822120960999,0.08991665662670788,0.1566358447625683,0.19283604578395783,0.009616695871667174,0.0,0.11461992035180041,0.1299072506306298,20,True,0.2240846272937915,0.20888745281947016,0.2240846272937915,0.0005574206107227743
878,0.0,0.09587061113015526,0.14736831395750197,0.053321162132706816,0.2728940254455413,0.021653997299128286,0.1784840768995585,0.09968370410781062,0.0,0.13072410902759724,28,True,0.2599499650771881,0.2728940254455413,0.2599499650771881,0.6840531202266468
879,0.015296695322130426,0.0861444150520444,0.19137913578658733,0.09517627175090619,0.0,0.19696456529175796,0.11053782218738951,0.07026715696520432,0.07804482828613192,0.1561891093578478,85,True,0.1994404723669314,0.19696456529175796,0.1994404723669314,0.09733815931917215
880,0.059696988659846864,0.1055116746820114,0.2228558521780503,0.058265922507748535,0.00825756490488984,0.0,0.0,0.358865367117426,0.18654662995002697,0.0,38,True,0.3625027955273396,0.358865367117426,0.3625027955273396,1.2547797601012605
881,0.06925366669084207,0.12486736260428831,0.1067225503460034,0.0,0.0,0.40683058524303517,0.0,0.0991133289788328,0.03655812338860203,0.15665438274839613,20,True,0.3646769809525499,0.40683058524303517,0.3646769809525499,1.9948974378471707
882,0.06335689846532512,0.17683626519705542,0.03891234122869615,0.0,0.06925824396677727,0.10198629313235011,0.0,0.29165345937634946,0.0,0.2579964986334466,102,True,0.32190242867899665,0.29165345937634946,0.32190242867899665,0.9141299100341528
883,0.1779385118585592,0.2207522548760997,0.03157946434412556,0.08350272605620733,0.12090925496605728,0.0,0.2219493705606917,0.11108326178816136,0.03228515555009783,0.0,38,True,0.25617578575955713,0.2219493705606917,0.25617578575955713,0.3173972995922272
884,0.19683120062959933,0.18631225471952473,0.14119562192922488,0.01710635799769769,0.18556114545650096,0.11822033998351811,0.13206883052619475,0.0,0.022704248757739656,0.0,20,True,0.2450515360756713,0.19683120062959933,0.2450515360756713,-0.1898953938734853
885,0.0,0.27720625384960257,0.11490021299313616,0.31356138400408246,0.0,0.0,0.0,0.17892717228426747,0.0,0.11540497686891127,38,True,0.36564921622439167,0.31356138400408246,0.36564921622439167,0.8287076164056677
886,0.07944848896367511,0.1855995271816822,0.0,0.1248115525092879,0.06635053886906495,0.1038805503364036,0.0,0.15559531999631762,0.28431402214356855,0.0,20,True,0.2767220628483992,0.28431402214356855,0.2767220628483992,0.713021862037711
887,0.19787003290112018,0.08960384511682269,0.0,0.07562240116315963,0.05271871590229308,0.2864114317749415,0.1321773806602136,0.0,0.03975601548117363,0.1258401770002757,20,True,0.26944028775972884,0.2864114317749415,0.26944028775972884,0.982649277554884
888,0.0554057060059816,0.40505717190167073,0.16616938306107112,0.05395065843618862,0.0,0.0,0.12061139316107537,0.10639619933714055,0.09240948809687191,0.0,29,True,0.363415485448221,0.40505717190167073,0.363415485448221,1.9923722208315493
889,0.0,0.09522237275870228,0.07600711392666046,0.0,0.14078467808951348,0.16169262258519274,0.010581628297654836,0.21249369739763216,0.0,0.3032178869446441,99,True,0.313074816423845,0.3032178869446441,0.313074816423845,0.7808549697264641
890,0.0785632157247384,0.09690655017882463,0.15844791558465401,0.19694105953771618,0.12715892979572174,0.14952349400415313,0.0,0.07055961210573539,0.07993990494272418,0.041959318125732295,20,True,0.17638276997449634,0.19694105953771618,0.17638276997449634,0.00900534547896245
891,0.10442504597277791,0.0,0.0022604350270242772,0.0,0.19467316417419148,0.18364671154270804,0.23159354619641018,0.0,0.23863140856386303,0.04476968852302504,63,True,0.30841254855537464,0.23863140856386303,0.30841254855537464,0.2907913088333564
892,0.012010760747974953,0.0,0.0,0.10207842252562353,0.4082722588347919,0.1496101599392043,0.0,0.0,0.15754738657690082,0.17048101137550464,40,True,0.3918145661751089,0.4082722588347919,0.3918145661751089,1.575866169487498
893,0.0,0.3103977547794869,0.0,0.23981804444452137,0.13304940806897383,0.0,0.10098417196761518,0.0,0.12845615792759132,0.08729446281181134,299,True,0.32539317192582745,0.3103977547794869,0.32539317192582745,0.8820887555401737
894,0.0,0.07634820443174722,0.2246400484277963,0.003545354976085919,0.012322971347042685,0.04403770448657814,0.19251290636821278,0.20836874207059483,0.038903309197657304,0.19932075869428498,7,True,0.2830493390951133,0.2246400484277963,0.2830493390951133,0.3295053849513488
895,0.2135355905196547,0.0,0.05511298872660035,0.12222867079291586,0.019399598705883037,0.0,0.2395140108591107,0.2097833793262648,0.05705877691739753,0.08336698415217295,9,True,0.27483243630985776,0.2395140108591107,0.27483243630985776,0.5085772437102368
896,0.12342439513262594,0.12966515582348725,0.10925202458412743,0.04666561830142157,0.06948760790129346,0.0,0.016476909319164828,0.09138929075433322,0.14242556815062554,0.2712134300329208,8,True,0.2312014370763188,0.2712134300329208,0.2312014370763188,1.0230615199358963
897,0.022838965301786217,0.12106995242001549,0.08478846757341406,0.0,0.10848723624771572,0.111784613400379,0.13920137027934829,0.1924686045437648,0.08012668438521457,0.1392341058483617,7,True,0.1698867951750863,0.1924686045437648,0.1698867951750863,-0.41902792535577205
898,0.1962922255081378,0.21453970752118048,0.23767293838491152,0.03212129461887901,0.0700778564506977,0.19137309839456906,0.017650570369009584,0.0,0.04027230875261479,0.0,20,True,0.2924826445230578,0.23767293838491152,0.2924826445230578,0.3981854105495865
899,0.03210040172818317,0.3443610833385816,0.07107662594237728,0.12243375392107225,0.0,0.15287999459596419,0.0,0.0,0.208771985295655,0.06837615517816656,20,True,0.3336019117941181,0.3443610833385816,0.3336019117941181,1.2795987436949618
900,0.10613571086272407,0.11835029389494427,0.14909538464859987,0.19251210726218598,0.0,0.03937889142722074,0.27149378635954347,0.05356440247044589,0.0,0.06946942307433586,9,True,0.2598396533009772,0.27149378635954347,0.2598396533009772,0.7713969447440414
901,0.11142064534628238,0.15384305474422902,0.11030998513420802,0.15479923308751342,0.03598495280752774,0.053377810076750416,0.2496163480059617,0.07879085884866369,0.03604274634289271,0.015814365605970937,9,True,0.2154598405219865,0.23380198239999075,0.2154598405219865,0.9151438168831723
902,0.0,0.03608842269611553,0.1165082029069093,0.21206964728767694,0.0018952605844074941,0.2104974179949779,0.14398534157213763,0.04945289367588454,0.22950281328189062,0.0,0,True,0.2828634555366102,0.22950281328189062,0.2828634555366102,0.27898421608186813
903,0.08403550174188008,0.21770279871170647,0.16619430624098433,0.18629004536409127,0.176656666094822,0.11530731438548951,0.05084329441511286,0.0,0.0029700730459134264,0.0,20,True,0.25274140716552174,0.21770279871170647,0.25274140716552174,-0.004441944145255131
904,0.18224269608816338,0.24449892981165866,0.0,0.0,0.1496869753836708,0.17590198408713775,0.0,0.10258800169949873,0.09457083930027402,0.050510573629596565,20,True,0.26145570437241933,0.24449892981165866,0.26145570437241933,0.2123333063202591
905,0.0,0.07116453292979441,0.11760823977823726,0.18096152968902063,0.2656870971975349,0.0,0.07259366005039654,0.0,0.2919849403550162,0.0,40,True,0.3357943455883805,0.2919849403550162,0.3357943455883805,0.8038375511815706
906,0.15771926518683524,0.0,0.27507649791510846,0.0,0.05495625882901977,0.35041919956045314,0.03112506042120332,0.11770181824829204,0.013001899839087935,0.0,8,True,0.3759624834022539,0.35041919956045314,0.3759624834022539,1.213134635788713
907,0.15184263515408464,0.06482934570782907,0.0,0.21952947118169602,0.066645767773843,0.03241040104212368,0.08979725439248948,0.08702536492612732,0.22632399706617676,0.06159576275563009,100,True,0.22715162725599575,0.22632399706617676,0.22715162725599575,0.7722539527825364
908,0.03522199909943722,0.0,0.11871498376363472,0.34001079673716855,0.0,0.0,0.31110745933005274,0.12124308792106968,0.07370167314863706,0.0,38,True,0.3845267906567112,0.34001079673716855,0.3845267906567112,1.2505366242134008
909,0.14946620270125122,0.26328959745726516,0.08117661407584979,0.08458818536560947,0.0,0.18205525178608412,0.0,0.023972144922600608,0.043107304191212954,0.1723446995001266,20,True,0.26586852993709836,0.26328959745726516,0.26586852993709836,0.553143422285923
910,0.021886569177930002,0.10865218406905543,0.07639334257227952,0.015318788566547031,0.032615164026481014,0.36650151229395866,0.03338471330625676,0.0,0.1296484209858422,0.21559930500164926,20,True,0.34372714031329965,0.36650151229395866,0.34372714031329965,1.6437097785925205
911,0.1375823437812818,0.08313581114690333,0.35999786417517765,0.0,0.010932483164091495,0.0,0.1760550350438126,0.15045522371506664,0.0,0.08184123897366653,6,True,0.3404241235846849,0.35999786417517765,0.3404241235846849,1.37634986750358
912,0.0657001543265921,0.19905082165249138,0.0,0.1795743395556232,0.0,0.15036697492494921,0.0,0.04235186315503051,0.239293899538703,0.12366194684661058,29,True,0.27044858701983227,0.239293899538703,0.27044858701983227,0.20614959925268503
913,0.25082529675578774,0.20252618797099844,0.1540636846607039,0.019629320388207885,0.10779094709993799,0.0,0.09480517001704729,0.10213958047666431,0.0,0.06821981263065235,239,True,0.2524766538331853,0.25082529675578774,0.2524766538331853,0.49300575664697915
914,0.011872423971747365,0.0,0.0,0.1974904697597187,0.0,0.16922706554366457,0.12644697557976659,0.28871839493318346,0.20624467021191925,0.0,9,True,0.3311574444373645,0.28871839493318346,0.3311574444373645,0.46598978947402675
915,0.05421553389979863,0.07823680586955727,0.0,0.18636113834602386,0.08541088582418231,0.11200828858356825,0.10325338266328572,0.09717783459522114,0.25111044673681593,0.03222568348154692,20,True,0.2187039451570809,0.25111044673681593,0.2187039451570809,0.9591623588318757
916,0.0609171696574763,0.11391552311504229,0.011614794229563151,0.30181629472527044,0.17855155478521978,0.0,0.0,0.11427718947064003,0.21890747401678806,0.0,38,True,0.3174524265181738,0.30181629472527044,0.3174524265181738,0.7784827753331728
917,0.275347382592317,0.17850402843748983,0.0,0.0,0.15018255177861978,0.07700496102624203,0.08812760647321934,0.23083346969211208,0.0,0.0,28,True,0.3117931973328486,0.275347382592317,0.3117931973328486,0.5229832479067157
918,0.03487738220561222,0.1358310659307744,0.06412577374801588,0.2561910975463665,0.09626223968895116,0.12580954533354902,0.0,0.17762245737704802,0.10928043816968287,0.0,38,True,0.24082964020316697,0.2561910975463665,0.24082964020316697,0.5422279792575823
919,0.05810761123534692,0.1827932768377505,0.16305443375894182,0.03785289472298818,0.10135630016219568,0.0,0.16913954250488983,0.12573025961312284,0.16196568116476426,0.0,28,True,0.2138497861275558,0.1827932768377505,0.2138497861275558,-0.3488794914462789
920,0.1403718966427768,0.058582872657298134,0.0803112064446697,0.0,0.19441117293286322,0.016036193317123384,0.10093773308516267,0.09297811365742917,0.08466031526365977,0.2317104959990171,28,True,0.21755333688551856,0.2317104959990171,0.21755333688551856,0.5527131616168962
921,0.052406206102753976,0.16159765127236939,0.03215393953460742,0.014449913349251014,0.06262800626099735,0.10565075676231991,0.15589484698641884,0.2100153282476407,0.015795940631994413,0.1894074108516471,7,True,0.2229833114220937,0.19556541489838966,0.2229833114220937,0.25682375519797745
922,0.0,0.07556418644436462,0.12345549572679568,0.08367071971021162,0.16714472148309506,0.12430012483424369,0.11174263737700946,0.1894279859228668,0.10585772776470408,0.018836400736709107,823,True,0.17683303245555135,0.1894279859228668,0.17683303245555135,-0.3435863850816625
923,0.10128659816103809,0.19049844032507735,0.04150177653165703,0.13430930728008644,0.07526174526685349,0.23110845541456732,0.06080215665128514,0.017331399746749094,0.14263530104698705,0.0052648195756991745,38,True,0.22305894686369568,0.22584363583886813,0.22305894686369568,0.4804792621868562
924,0.0,0.0,0.0,0.2858742352401489,0.32571221452400156,0.0,0.10192344586208626,0.0,0.2522313791781674,0.03425872519559598,40,True,0.4037266931660807,0.32571221452400156,0.4037266931660807,0.9211628495608835
925,0.1256929946239454,0.0,0.16211469925115565,0.026959834683084195,0.09218377826394605,0.27364832244310094,0.1459170664231334,0.13551316752438317,0.0,0.03797013678725115,7,True,0.25939416103986224,0.27364832244310094,0.25939416103986224,0.6457651659327946
926,0.016332137460811847,0.033082290415904644,0.11176493212672065,0.20000648452179043,0.011108330326636162,0.008853308338614712,0.120346183851175,0.12993561361257006,0.25545373780802844,0.11311698153774813,38,True,0.251943402281467,0.2466004294694137,0.251943402281467,0.574738573969721
927,0.09167579000854043,0.0908443219449452,0.12621259674438962,0.06481282016040313,0.1021733384748018,0.188512682131449,0.047809383717151474,0.06240439415073753,0.07589757809912137,0.14965709456846055,38,True,0.130773158001298,0.14070329841429752,0.130773158001298,0.9720406642952228
928,0.0,0.14645295154102805,0.04277145442923968,0.3283211193935217,0.0,0.0,0.059340359647832026,0.11583572777048279,0.06687521219169978,0.24040317502619596,136,True,0.3320810088645518,0.3283211193935217,0.3320810088645518,1.1759075050017938
929,0.025443706283582303,0.14710016722873767,0.0,0.1447911934458812,0.21818355517384097,0.27148574632409583,0.0747928303729681,0.0,0.07920958475675553,0.03899321641413831,0,True,0.27919079858038887,0.27148574632409583,0.27919079858038887,0.7274383139452477
930,0.11468688750902115,0.010298369657977107,0.2042992465359806,0.15537164232665443,0.0,0.03465507850190559,0.17810602190686828,0.07795512691889529,0.16629189729120525,0.05833572935149234,9,True,0.221795968630302,0.2042992465359806,0.221795968630302,-0.002912770235503087
931,0.1757856563088773,0.05282880206873468,0.1350317880822116,0.0018722779873586598,0.2404616822209784,0.0,0.145685883984725,0.10888895739264697,0.0,0.13944495195446743,28,True,0.2495525307146704,0.2404616822209784,0.2495525307146704,0.08616413396782097
932,0.0,0.0,0.153737849000532,0.0,0.06480520629737187,0.12612326476993704,0.2662138389874044,0.2911931318389439,0.09792670910581072,0.0,7,True,0.33014391914687946,0.2911931318389439,0.33014391914687946,0.8035261449064012
933,0.0533693234718433,0.0,0.0,0.15310083940316013,0.05412609944724408,0.1144151353203469,0.13084240977804046,0.2558223463226472,0.23832384625671782,0.0,9,True,0.2857825647492959,0.2558223463226472,0.2857825647492959,0.5485473380335485
934,0.036703669794164874,0.26114302259096606,0.09068541836247287,0.04005505138242177,0.07133069546435694,0.0,0.05400897079060855,0.2121199335421324,0.1506609178626723,0.08329232021020422,38,True,0.24901268219422173,0.26114302259096606,0.24901268219422173,1.0026892283515567
935,0.08020316898472221,0.20680117284377408,0.09277993957689258,0.0,0.2975561501774532,0.0,0.1473445860480376,0.07171722811057106,0.0,0.10359775425854927,28,True,0.28971250513917646,0.2975561501774532,0.28971250513917646,0.9259045365513999
936,0.13478962713030895,0.11607312448566275,0.13409164265218224,0.2155943541615623,0.0,0.06809557684821962,0.0,0.229163783068087,0.10219189165397705,0.0,38,True,0.25238648490258114,0.229163783068087,0.25238648490258114,0.17561171590365762
937,0.1104176458011859,0.17667755907121024,0.07800280422115725,0.13507616367490208,0.0,0.0,0.050501983742590836,0.0,0.23197844149048272,0.21734540199847094,9,True,0.2670964157215469,0.23197844149048272,0.2670964157215469,0.25148635058539076
938,0.034427646073643604,0.0,0.027920816413397196,0.1272308288300415,0.09923089920536719,0.19262481630678957,0.09480127966222039,0.21077657042274564,0.15167015781427073,0.06131698527152414,9,True,0.21279394855454764,0.21077657042274564,0.21279394855454764,0.23263079152058008
939,0.0,0.09600247665171306,0.0,0.507796405457922,0.16165567908296674,0.1320886467763348,0.10245679203106327,0.0,0.0,0.0,53,True,0.47026697559952496,0.507796405457922,0.47026697559952496,2.2746290356233563
940,0.0,0.040166592175674906,0.17481162820906998,0.061066508249683744,0.0,0.0,0.4850938098388337,0.17746897430406494,0.06139248722267272,0.0,6,True,0.4544027482155002,0.4850938098388337,0.4544027482155002,2.1447115802479457
941,0.08581309480230115,0.015094104098653395,0.02231582848593208,0.16308173395159378,0.08607548047443163,0.05452982841302289,0.15785763329425329,0.11453987646733478,0.22402957808555804,0.07666284192691884,0,True,0.19792098618726567,0.20893547398690465,0.19792098618726567,0.5623174539185039
942,0.0,0.14491263778720134,0.051344269891445506,0.06913239551045984,0.11564051338009837,0.22393620789739188,0.0,0.037947721142152446,0.2635718054190193,0.09351444897223136,20,True,0.26756387388944247,0.2635718054190193,0.26756387388944247,0.7812811382683943
943,0.06725848710669312,0.0,0.1667223718320202,0.04370271636055608,0.0,0.022784503778088192,0.047552053399885344,0.15726985248868425,0.17589551846164866,0.3188144965724242,732,True,0.30712543904870376,0.3188144965724242,0.30712543904870376,1.11071967000289
944,0.12777346154871075,0.19811180207753057,0.13020138347865476,0.10025711315415714,0.1935694991690249,0.0,0.1091419567958834,0.08477195807544788,0.056172825700590685,0.0,6,True,0.20567212149735734,0.19811180207753057,0.20567212149735734,-0.11824770940120342
945,0.0,0.0,0.10176439108187203,0.29326309238112946,0.1589063428404181,0.0,0.023081985976288022,0.1231364476581582,0.2219767691240449,0.07787097093808922,40,True,0.30437377581551556,0.29326309238112946,0.30437377581551556,0.7692224703158985
946,0.1450348657562863,0.23329156628575418,0.08486437433910546,0.04112495867377809,0.0433893040508894,0.2930182274070246,0.0,0.036045318684218834,0.05273661738318384,0.07049476741975924,20,True,0.2848605497209129,0.2930182274070246,0.2848605497209129,1.2765573302498419
947,0.16311536603072804,0.07466243152758137,0.014817717291311764,0.11706214578816702,0.08281522285251225,0.15616942551699528,0.11261624645050532,0.0,0.07083128563507102,0.207910158907128,8,True,0.1956465864964918,0.207910158907128,0.1956465864964918,0.013991235768862393
948,0.38511712738992154,0.08644469214579917,0.0,0.0,0.03724174394157572,0.021771242658990973,0.0688204687293526,0.0036038666481295186,0.04385392727235888,0.3531469312138716,790,True,0.4347803903603556,0.38511712738992154,0.4347803903603556,1.6228929297162251
949,0.0,0.0,0.06949655478686409,0.042919622856941016,0.307121092341807,0.14888048867502343,0.15253180981427475,0.0,0.2790504315250897,0.0,40,True,0.3525559909607565,0.307121092341807,0.3525559909607565,0.9133338020000237
950,0.17563918572031137,0.379191881715552,0.0,0.06343013284018977,0.05409936319058984,0.08083844842990659,0.005009615435234353,0.0,0.0916269378416381,0.1501644348265779,9,True,0.34509496343124346,0.379191881715552,0.34509496343124346,1.7620687078380004
951,0.21951876831140316,0.10061516210031914,0.19656349740226256,0.08445019828784957,0.0,0.12935918818561248,0.0,0.030358563190330944,0.1303515183852246,0.10878310413699749,8,True,0.22485922041431125,0.21951876831140316,0.22485922041431125,0.10559061851554312
952,0.16464399736393304,0.0,0.19777518374342087,0.10174701154291514,0.08766873158165565,0.13361787538291067,0.19952778013625386,0.05235095323742318,0.06266846701148758,0.0,0,True,0.2204403791462677,0.19952778013625386,0.2204403791462677,0.023342857617594855
953,0.18528656477183686,0.0,0.0,0.1469770015830738,0.22799582386610415,0.24196438179108995,0.0,0.047414014909471336,0.13329179609691372,0.017070416981510177,53,True,0.2945647614493735,0.24196438179108995,0.2945647614493735,0.29391789235182
954,0.19331350523254157,0.009754216850786058,0.040212625157022557,0.07271635774704273,0.006556134497173052,0.03343016032194158,0.1674344233333265,0.09482083229359457,0.2402812651378637,0.1414804794287077,9,True,0.24557611297888438,0.23372513064069064,0.24557611297888438,0.47375457492570777
955,0.0,0.03347245787580151,0.11022816809291834,0.0,0.0,0.19404687490373101,0.08891244980449711,0.23733368813808006,0.15276384864732362,0.1832425125376484,9,True,0.26846258444592513,0.23733368813808006,0.26846258444592513,0.1649310827326429
956,0.3051137959487507,0.0,0.020359528542611714,0.11470908732268029,0.0,0.0,0.0,0.15919964218371013,0.4006179460022471,0.0,20,True,0.43875548808603676,0.4006179460022471,0.43875548808603676,1.3542369756575519
957,0.0,0.06036895644255005,0.23018246061233583,0.036439121352586736,0.15632001950611932,0.006709852671816526,0.08456976467399711,0.03211827292875868,0.18583203262064119,0.20745951919119462,6,True,0.26113939049027773,0.23018246061233583,0.26113939049027773,0.3813010601791092
958,0.0,0.21458388817756485,0.06860852093743686,0.0,0.04754084665390901,0.08744886914938298,0.13523275510883578,0.1660079331093449,0.04696195081877372,0.23361523604475193,102,True,0.25157274548967723,0.23361523604475193,0.25157274548967723,0.44625834317496277
959,0.021229076511144078,0.0,0.0,0.20426679687622754,0.04362985053035825,0.045641150120142304,0.36519221371164223,0.0,0.07948033167478044,0.24056058057570512,0,True,0.3790964856640642,0.36519221371164223,0.3790964856640642,1.2887605778694655
960,0.04781253884828847,0.08088253418932365,0.08853285229364082,0.1620091875305628,0.11193866349224112,0.06287263427979846,0.12935906342533007,0.12881503045075016,0.18777749549006445,0.0,38,True,0.1672834889823404,0.18777749549006445,0.1672834889823404,-0.18915256565288874
961,0.060771386885616924,0.15159528374133902,0.11165856996662399,0.3173854643604378,0.0,0.0,0.0,0.32787784407412585,0.0020916420427130817,0.028619808929143422,38,True,0.3849711804994926,0.32787784407412585,0.3849711804994926,1.1753704069227096
962,0.1550258380725611,0.27980848383839624,0.27172692597320697,0.0,0.13190179915766748,0.0,0.1245406440413488,0.036996308916819425,0.0,0.0,28,True,0.33232289104066093,0.27980848383839624,0.33232289104066093,0.6990315387290316
963,0.04301947702441298,0.1478773387369712,0.035729678070175123,0.224551363845098,0.0,0.08267563807108297,0.09685398812291159,0.09469196602005127,0.11256282822559563,0.16203772188370114,9,True,0.19881510455947723,0.224551363845098,0.19881510455947723,0.39453305398508887
964,0.0,0.0,0.0,0.13321883190199232,0.0,0.13008462486669833,0.20644004015908965,0.1460553761003493,0.2537544682341767,0.13044665873769393,9,True,0.2828897148950101,0.2537544682341767,0.2828897148950101,0.17070289222288615
965,0.18500346392006023,0.11919023379777734,0.15337944093747802,0.13651534298213097,0.07343615977995814,0.0,0.11181412443828949,0.07756937987147995,0.02651729080159612,0.11657456347122973,6,True,0.16970373451327164,0.18500346392006023,0.16970373451327164,-0.45926637829098843
966,0.17805539398587242,0.0,0.22107515902378028,0.0,0.1554789240328102,0.10572258743717093,0.1906456322374423,0.12103368201424347,0.02798862126868047,0.0,28,True,0.26020603907543216,0.22107515902378028,0.26020603907543216,-0.04213271220997056
967,0.03234893142292529,0.1585584928933106,0.06194296012394181,0.19202771835644245,0.0,0.013935482669404035,0.20895971363099225,0.12921327295826632,0.20301342794471727,0.0,9,True,0.262045235391389,0.20895971363099225,0.262045235391389,0.08120382488171145
968,0.1536959861689936,0.15127928995565584,0.11025578682470341,0.0,0.08162272692219928,0.18397184622924725,0.3191743638992007,0.0,0.0,0.0,28,True,0.31787482219885616,0.3191743638992007,0.31787482219885616,0.8645700911211652
969,0.24767688788698913,0.0,0.09338513644699373,0.0877450334676128,0.12810831090155977,0.10571529248226431,0.023811166547881974,0.1765779316687801,0.10229598349383115,0.03468425710408707,8,True,0.22082907716632255,0.24767688788698913,0.22082907716632255,0.6856752567947427
970,0.18771028000057527,0.08196837414142394,0.06586902983932941,0.18749307759201042,0.03395790923302366,0.2427937485109352,0.0,0.0,0.10549327114234873,0.09471430954035337,20,True,0.2482899945983918,0.2427937485109352,0.2482899945983918,0.4709861161505926
971,0.11040195772719687,0.10059213912540556,0.10633970182084465,0.08131647887014087,0.07885244718073725,0.0,0.21998691395502226,0.09673614153195564,0.13253338556177968,0.07324083422691736,673,True,0.16470283102018898,0.21998691395502226,0.16470283102018898,0.6110877887732687
972,0.0,0.0650028639461478,0.0,0.2275725951412994,0.2832697495817009,0.15526247785992317,0.03573942041343156,0.011720270751495834,0.06952521715327524,0.15190740515272605,53,True,0.2994781008992991,0.2832697495817009,0.2994781008992991,0.7701166261052271
973,0.0,0.08244661747971696,0.0,0.07535932310232261,0.13341641384477188,0.12224293766547266,0.1413309498119348,0.062380652413211744,0.25159827227605414,0.13122483340651506,0,True,0.22272668966622705,0.25159827227605414,0.22272668966622705,0.5293975546614826
974,0.15755233255040954,0.10172421438176368,0.12898458073634295,0.07393896695053752,0.12012593371949598,0.05129914004447747,0.19656987980468632,0.12684841625895407,0.0,0.042956535553332384,28,True,0.17581777557166053,0.19656987980468632,0.17581777557166053,-0.12126517240829914
975,0.18111105902000524,0.1361409134236937,0.07856975665185215,0.15511723054215837,0.08037124092182335,0.0,0.0,0.10981880204227648,0.13453951868865832,0.12433147870953239,606,True,0.1834367199199089,0.18111105902000524,0.1834367199199089,-0.7366814293325803
976,0.0,0.17344307187172744,0.05417388378780707,0.0,0.10399689806807276,0.2785522911867717,0.11947289183641661,0.16540043554275785,0.03810289437727074,0.06685763332917587,7,True,0.2626345222051573,0.2785522911867717,0.2626345222051573,0.8292422797926443
977,0.0,0.10453966642486796,0.10168531432044035,0.14568314436134827,0.0004443993931163837,0.016326082137223245,0.0,0.21050538681300152,0.16109972169596903,0.2597162848540333,294,True,0.2836845939254408,0.2597162848540333,0.2836845939254408,0.35720267373557696
978,0.019523488127909258,0.13281875142040467,0.046432080307787525,0.13999590287529456,0.09253912933565338,0.22991731725213638,0.011855446618999,0.030209667137438022,0.2203558856163808,0.07635233130799629,20,True,0.23799540305810574,0.21806187063313737,0.23799540305810574,0.6459998725083446
979,0.02462837777596406,0.24903992337289266,0.0,0.21162742543936156,0.027423690520340716,0.18313994669240127,0.012765196621863087,0.2913754395771766,0.0,0.0,38,True,0.3560456481034182,0.2913754395771766,0.3560456481034182,0.6489626163923405
980,0.1307020531264729,0.0609876213050436,0.20196315268967585,0.0640190235411404,0.09043107280225773,0.06499790844110362,0.19477483693453998,0.07992762627867724,0.007275536586154118,0.1049211682949346,872,True,0.18297437423785187,0.19468761610352173,0.18297437423785187,0.6032030632084664
981,0.06827590677686696,0.12965974294340488,0.015460067764667884,0.052139413262157826,0.1826266729006762,0.2078474556225373,0.0,0.0,0.2807163776971854,0.06327436303250353,20,True,0.28946360165847196,0.2807163776971854,0.28946360165847196,0.7655240724941411
982,0.0686160639212206,0.21725755561635746,0.19238226499049874,0.04327022448636953,0.06741472259533846,0.1680248442492319,0.017147824520357426,0.0,0.21357071699994593,0.012315782620679831,20,True,0.2638702873860713,0.21725755561635746,0.2638702873860713,0.34480218524655065
983,0.11941501880617059,0.05315152295272,0.07508100884131871,0.04926414433095283,0.0,0.21544846681967006,0.170001436269412,0.06907149393678096,0.11404640079376978,0.13452050724920497,9,True,0.19063287959275943,0.21544846681967006,0.19063287959275943,0.35428262061240434
984,0.003163399750456478,0.1057132374552511,0.1180831635487751,0.017597808434550572,0.14978938179774112,0.3513683564140362,0.0,0.0,0.24930529255973638,0.004979360039453105,20,True,0.36539446596765296,0.3513683564140362,0.36539446596765296,1.1541956128936885
985,0.10945498659820563,0.0,0.0,0.2305635988040698,0.10476860083679285,0.1490921794771181,0.08323443026394715,0.019459740299418018,0.264116488822942,0.039309974897506476,9,True,0.2774064717264548,0.264116488822942,0.2774064717264548,0.7052225574185309
986,0.0,0.07546522882236692,0.2063241804320373,0.0,0.13598990776591044,0.0,0.040872129483529515,0.25686199871507315,0.02149936432466466,0.262987190456418,863,True,0.32253840944806944,0.262987190456418,0.32253840944806944,0.6406965909825831
987,0.21191640039723722,0.09026210429697139,0.06678725678378697,0.16951087511406077,0.018584314775831022,0.026047496665796754,0.1366253327052461,0.0,0.1863176822201967,0.09394853704087301,9,True,0.22244374429317015,0.21191640039723722,0.22244374429317015,0.1526379025859875
988,0.11331556460891368,0.0,0.009868179884864794,0.1301297074138224,0.13786323963349348,0.0,0.05537204321229384,0.2692949478652351,0.09588326626745809,0.18827305111391857,9,True,0.2628763709271533,0.2692949478652351,0.2628763709271533,0.5785857353549163
989,0.1288825861661621,0.16910696406220765,0.05574896800535149,0.10148017316398875,0.07469127321498663,0.17294979430729607,0.14888091848839738,0.0,0.10565352352386587,0.04260579906774403,520,True,0.1710202501835368,0.17294979430729607,0.1710202501835368,-0.3243195632346989
990,0.08475345108602195,0.0743981122531991,0.03287787495175894,0.13219050059846824,0.042819952083062544,0.2210968837511232,0.08386085562519069,0.04953871768629498,0.10007153580227521,0.1783921161626052,20,True,0.18252582565623665,0.18821900879936426,0.18252582565623665,1.0166160354253506
991,0.20889341545000245,0.18963912911998076,0.22163240309106544,0.0,0.09253145330584583,0.0,0.11390313704853855,0.13193358398941757,0.004189328661182567,0.03727754933396695,528,True,0.2628117418140466,0.22163240309106544,0.2628117418140466,0.14864758977790055
992,0.15409808300239566,0.007464944874588485,0.17162139966160944,0.07069811143928899,0.0,0.059281635086399984,0.17636281560330425,0.06585540650712388,0.1413092610245892,0.15330834280069996,8,True,0.20169510937491528,0.17636281560330425,0.20169510937491528,-0.33447298577248896
993,0.24243522044453983,0.058655301282811156,0.014805732572371538,0.11221345145111411,0.09846621203963851,0.1551989722264026,0.0,0.11232419741526693,0.191433659827232,0.014467252740623241,20,True,0.24141569464184834,0.24243522044453983,0.24141569464184834,0.40277099227336527
994,0.1724252501847601,0.07728981935235425,0.0752895989603421,0.2344882240225924,0.10853913312358647,0.042463036209174965,0.04260001882920008,0.0,0.08791388154812611,0.1589910377698636,8,True,0.2115727986326242,0.2344882240225924,0.2115727986326242,0.6375542578200143
995,0.0,0.0,0.19553274733434137,0.08497033279415789,0.10642825852889752,0.08706845515125322,0.038785896765407585,0.2929266083627488,0.0,0.19428770106319368,7,True,0.2990300274059546,0.2929266083627488,0.2990300274059546,0.7932670382957538
996,0.0,0.189124283016737,0.14138425043425235,0.037605757713612,0.08371743876977362,0.0,0.05868710447372126,0.1854847313604061,0.3039964342314976,0.0,9,True,0.30731563105324244,0.3039964342314976,0.30731563105324244,0.8495167104570955
997,0.022128597489652055,0.14906347610665638,0.10295068803326496,0.0,0.26772861560756783,0.030911234566227144,0.13101535258257946,0.09531389588728467,0.0,0.20088813972676753,28,True,0.2693480294792697,0.26772861560756783,0.2693480294792697,0.593269526142757
998,0.0,0.10420311302470849,0.0,0.06556206673954282,0.00696793179758474,0.13043914738109436,0.0544708298900754,0.237698358479015,0.23242079887085446,0.16823775381712472,9,True,0.272048795424594,0.237698358479015,0.272048795424594,0.4355439156918231
999,0.14210921049171277,0.13381711616651254,0.0,0.11495812256977309,0.0,0.0,0.025573958977452182,0.29730655951126445,0.0,0.28623503228328506,15,True,0.3497043460451778,0.29730655951126445,0.3497043460451778,0.8632491712094832
1000,0.13992200846128178,0.1014627646394124,0.0,0.09534332344474275,0.17011382649818063,0.3295163989370917,0.01775617890644892,0.0,0.14588549911284188,0.0,0,True,0.3131786107969111,0.3295163989370917,0.3131786107969111,1.103498952724353
1001,0.1859031630406267,0.0,0.14804423414775061,0.15161005873201866,0.0,0.13311747815052005,0.025733747122085694,0.08484549372153034,0.0906482766025612,0.18009754848290674,8,True,0.21376663621141925,0.1859031630406267,0.21376663621141925,-0.3767684291230436
1002,0.05219821217391358,0.3416024049888894,0.0,0.024561001544310502,0.0799794752619622,0.2509318165893759,0.09641559441699904,0.0,0.12559793405983427,0.02871356096471522,20,True,0.33952741974012185,0.3416024049888894,0.33952741974012185,1.4035002075926675
1003,0.07395618845830086,0.08635735162625413,0.037435238699614355,0.12501204773778493,0.26161421698765086,0.07987070618851268,0.04253809341750362,0.08464930532907324,0.09436957309851844,0.11419727845678695,53,True,0.18894305073860057,0.2241789782880365,0.18894305073860057,2.097583666721725
1004,0.0,0.24979062060943116,0.15404205191260423,0.011871824090331558,0.19065398563906322,0.17984532655259963,0.1188909361398051,0.0,0.0,0.09490525505616515,845,True,0.2794648349353963,0.24979062060943116,0.2794648349353963,0.1881183633201092
1005,0.12397622754949508,0.004660443077805745,0.045161229526951494,0.2259145977062547,0.2285632173416481,0.0,0.13159747024558638,0.1134024831253411,0.0835076147693647,0.04321671665755263,9,True,0.24439544765599686,0.2285632173416481,0.24439544765599686,0.5009187797482524
1006,0.20432709881960084,0.1446451612818515,0.0,0.0,0.17605167889894557,0.02580066258062889,0.04136960111146141,0.1152275658385906,0.29257823146892115,0.0,29,True,0.3080949710425577,0.29257823146892115,0.3080949710425577,0.6667616339687519
1007,0.13436667067545688,0.15431610304725066,0.0,0.14578445082457747,0.06832162132029028,0.09554414162819083,0.01679687338535898,0.13409222348888775,0.1655808534824757,0.0851970621475115,38,True,0.1727886358644299,0.1655808534824757,0.1727886358644299,-0.7215614341818846
1008,0.19598287377837229,0.06439639565917672,0.06644717809327534,0.17084684880814044,0.06509422613549705,0.0,0.0,0.0755236569464824,0.1423242415987124,0.21938457898034341,8,True,0.23342433482465805,0.21938457898034341,0.23342433482465805,0.2586171978274982
1009,0.0,0.1591676954208617,0.2684344283811656,0.046192751260727014,0.0,0.11081269297453264,0.1855388628893383,0.09577509397973605,0.03910839255426475,0.09497008253937388,7,True,0.2568091548485464,0.2684344283811656,0.2568091548485464,0.7153864998513463
1010,0.12742291224261215,0.13796207090235163,0.19721585153798782,0.0,0.03944871845457319,0.08479812994369251,0.1659902342847105,0.16507634401200036,0.0,0.08208573862207177,28,True,0.2108368412184066,0.19721585153798782,0.2108368412184066,-0.2697614147307953
1011,0.17875420982390258,0.20582272302140972,0.01749748222245048,0.09850207489894552,0.0,0.24513131519627476,0.034161209139600045,0.0,0.1990433477506868,0.021087637946730187,20,True,0.29265025908573233,0.24513131519627476,0.29265025908573233,0.3536415814196786
1012,0.046053633937900476,0.17325699710825507,0.06852628142908064,0.1274182526046781,0.0,0.21613563801943006,0.08662399812350295,0.0,0.27842124622460485,0.0035639525525479735,9,True,0.29123806373688305,0.27842124622460485,0.29123806373688305,0.6941454314144984
1013,0.3272271838745038,0.020973998368524635,0.39263783307017114,0.14558620334512898,0.09859546373363269,0.0,0.0,0.014979317608038962,0.0,0.0,38,True,0.43911592371644026,0.39263783307017114,0.43911592371644026,1.4074737378411262
1014,0.2588587290486451,0.003950172909407236,0.1985945877524292,0.1187405612981079,0.023516353820189902,0.0844377493991238,0.0,0.0,0.18429953372338326,0.12760231204871364,8,True,0.2801678019403023,0.2588587290486451,0.2801678019403023,0.38482846033748674
1015,0.21825834311284575,0.11179952240583034,0.1352183604976987,0.0,0.08074323018135411,0.02497210133971947,0.30593993406501757,0.1040318804286437,0.0,0.019036627968890392,28,True,0.30057808675170467,0.30593993406501757,0.30057808675170467,1.0319675757199593
1016,0.06272340682326048,0.0,0.0,0.12692079575095022,0.06018489038759239,0.2255264769054634,0.2498006866240243,0.08416290296526566,0.19068084054344353,0.0,656,True,0.28349689098411035,0.2498006866240243,0.28349689098411035,0.4914078726992453
1017,0.17521829359908347,0.0,0.0297134320161405,0.07481008245499197,0.27863345374977005,0.0537662625383316,0.12543613576314058,0.01969360233546298,0.10038310853325431,0.14234562900982467,451,True,0.25331681375676446,0.27863345374977005,0.25331681375676446,0.977731572014545
1018,0.0,0.0,0.1527310151223219,0.24627723424711223,0.08898338404192793,0.11489765392825706,0.20374649409186407,0.0,0.15701455551474944,0.036349663053767474,9,True,0.26941836445353057,0.24627723424711223,0.26941836445353057,0.2536191624478825
1019,0.1403819102110666,0.13422550987547216,0.26520689322751817,0.02729416956102896,0.08935627429708536,0.04461307173391205,0.10445351031585738,0.06143630372551418,0.0,0.13303235705254524,28,True,0.2261872439037233,0.26520689322751817,0.2261872439037233,0.9846004446189582
1020,0.1341551251405087,0.08015768003847482,0.0,0.2676681270486213,0.09455035746183629,0.14840227035849543,0.19775610365039792,0.0,0.01944700938523351,0.057863326916431916,20,True,0.26432160100700075,0.2676681270486213,0.26432160100700075,0.6488978531157561
1021,0.1415098555617261,0.0,0.1193360133845631,0.2855311007618286,0.13434816137860672,0.037117035214287726,0.050725375644453424,0.0,0.0036521719410971746,0.22778028611343706,53,True,0.2994853859854785,0.2855311007618286,0.2994853859854785,0.7439998330495609
1022,0.0509778701143308,0.02831968388657898,0.0,0.0,0.038206442443724654,0.06614155881341569,0.4951606664445895,0.09705433646489324,0.0,0.22413944183246717,458,True,0.46268488735722085,0.4951606664445895,0.46268488735722085,2.266168673860089
1023,0.15292001744241018,0.05828790903935252,0.24024061643888128,0.0037795602931873385,0.04006847207460414,0.1236659075710307,0.16005736676337246,0.03261438037833721,0.042200081601409874,0.1461656883974142,0,True,0.22635791106566977,0.23646105614569393,0.22635791106566977,0.5033827697201928
1024,0.31370719844564227,0.1474344586980221,0.08402673340103904,0.09356509861186145,0.0,0.005614511585860873,0.12868719155988048,0.18891937628716188,0.0,0.03804543141053186,9,True,0.2994894775653227,0.31370719844564227,0.2994894775653227,1.0484787086108247
1025,0.0,0.017126160524979832,0.38477436718073726,0.08006502567840426,0.21067306249801918,0.07435584990853399,0.008272069179975099,0.0,0.2218309045708377,0.002902560458512755,20,True,0.3923681450333502,0.38477436718073726,0.3923681450333502,1.364319556382441
1026,0.12546518851946495,0.0505070081573872,0.21611347027596206,0.19229113657462674,0.0,0.019477544892247168,0.06608214828351719,0.06213130036967949,0.05510719132559078,0.21282501160152428,8,True,0.24271628767868458,0.21611347027596206,0.24271628767868458,0.5185354414674453
1027,0.0,0.03176818548050778,0.038340416039075245,0.15473129373363279,0.19124712728375753,0.22165876185603767,0.11268731555378554,0.0,0.1562763986928925,0.09329050136031092,0,True,0.24073410703989362,0.22165876185603767,0.24073410703989362,0.09467327661752861
1028,0.0,0.13613960016894952,0.0,0.2588123503090291,0.06990826916817296,0.13468524528428463,0.1291795266581624,0.20841997431608403,0.06285503409531738,0.0,9,True,0.2694848714022555,0.2588123503090291,0.2694848714022555,0.44362637469799227
1029,0.1253187573900495,0.009667515200856947,0.0704414904604512,0.12573339803001415,0.03631050584123923,0.2851102523197445,0.006378859332413298,0.10860084016137844,0.2324383812638527,0.0,20,True,0.2916125597250295,0.2851102523197445,0.2916125597250295,0.8858468479799545
1030,0.0,0.07516617276351699,0.11776068960752663,0.17150034720107266,0.09145238362245595,0.17057292735497512,0.17847129474055068,0.008069753821304117,0.11897027507591211,0.06803615581268571,0,True,0.19258383492398645,0.17847129474055068,0.19258383492398645,-0.32175936158408247
1031,0.0,0.0963757149405037,0.10685030004985016,0.20886635829568906,0.19336184395509554,0.0,0.04708736015486125,0.22444133511825773,0.0,0.12301708748574246,7,True,0.26352145944106453,0.22444133511825773,0.26352145944106453,0.18349193701371788
1032,0.032965688319111626,0.2009750189479826,0.13162193066248007,0.2408033223502406,0.05756543374146767,0.0,0.0,0.19739918568211062,0.13866942029660678,0.0,38,True,0.27981724987735845,0.2408033223502406,0.27981724987735845,0.24935548498328206
1033,0.18298820517057424,0.05501067170343018,0.1375453199276592,0.16890042331773808,0.0,0.1353099380371927,0.0,0.09465329959339677,0.12143036272306655,0.10416177952694217,20,True,0.19188528089602153,0.18298820517057424,0.19188528089602153,-0.5762658032616748
1034,0.0,0.2566446388800934,0.19195630368889824,0.0,0.0,0.25663669369212566,0.1267707875856137,0.03201967947670168,0.0,0.13597189667656714,565,True,0.3227391127299488,0.2566446388800934,0.3227391127299488,0.4702929960853797
1035,0.05287801822862312,0.2231715763535576,0.1859293691327524,0.01841027850338629,0.1469574461787676,0.0,0.1713666538355247,0.05224483081647245,0.05489074362562503,0.09415108332529076,6,True,0.2303915570781743,0.2231715763535576,0.2303915570781743,0.3439037822426052
1036,0.0,0.060256780185981,0.2852641858222626,0.1830602533402907,0.07889893134846007,0.0,0.11005817454065817,0.01718387538609616,0.0,0.26527779937625134,7,True,0.3279070465704785,0.2852641858222626,0.3279070465704785,0.8304098136080519
1037,0.02163707966088565,0.13774285660403554,0.16606174087057748,0.058751191141116654,0.14037477564314407,0.0,0.2390539801761787,0.1090926633970635,0.12728571250699833,0.0,28,True,0.23542346292069827,0.2390539801761787,0.23542346292069827,0.16275573252073317
1038,0.03825811526074155,0.29184547680453615,0.11205430616022317,0.0,0.1635396910003068,0.19358540221928489,0.0849441046910632,0.0,0.0835630477319793,0.03220985613186498,1002,True,0.2804459492104623,0.29184547680453615,0.2804459492104623,0.9493540140964407
1039,0.1554589682640612,0.12222154759877321,0.18944284151114704,0.11165965672486686,0.0,0.002238495730453883,0.0,0.0,0.17319938339015084,0.24577910678054699,8,True,0.27905639797468446,0.24577910678054699,0.27905639797468446,0.07844601447585164
1040,0.15167312414140788,0.007844641150298445,0.0,0.1538583774416199,0.23986521366642552,0.0408279461654446,0.0700775974930464,0.006722888348957435,0.21962801626250847,0.10950219533029133,38,True,0.2666911704830068,0.23986521366642552,0.2666911704830068,0.37858275832178345
1041,0.0,0.13615771853823577,0.027506585306092558,0.1865777849649823,0.14710225959581094,0.1382897463138067,0.0,0.18305443805704033,0.04835603958559628,0.13295542763843496,863,True,0.219987078493738,0.1865777849649823,0.219987078493738,-0.3709576870012017
1042,0.0,0.0,0.013143448066061504,0.2615428783516245,0.15113243323351888,0.3362910583850764,0.10349674898678818,0.03049790089674649,0.10389553208018397,0.0,53,True,0.3562949569731845,0.3362910583850764,0.3562949569731845,1.1235338841245324
1043,0.040871883649477636,0.10941010075153988,0.10007736601155472,0.10992593230369604,0.0,0.16121462617650018,0.31092671381285514,0.11119668717123281,0.0563766901231437,0.0,0,True,0.2719354377107805,0.31092671381285514,0.2719354377107805,1.366346111350151
1044,6.54235154151951e-05,0.09161158528252049,0.08306842837811829,0.0,0.17929928918027788,0.0,0.09011698809023136,0.2187463014532116,0.08335064337244577,0.2537413407277794,102,True,0.27339403691160175,0.2537413407277794,0.27339403691160175,0.5134472037495107
1045,0.07855604064635358,0.10321925067245735,0.17432354284288076,0.0927360017696752,0.05069225280890144,0.0503969854917176,0.16966344216507953,0.047193389314841225,0.18500010254786597,0.048218991740227236,8,True,0.16877943653158256,0.13780671323302474,0.16877943653158256,0.6431064732697387
1046,0.2580221144657627,0.13663342176351045,0.007695087672012486,0.0,0.0,0.0,0.144576288510246,0.10152167346494878,0.00031590598201332304,0.35123550814150617,9,True,0.37400368076932283,0.35123550814150617,0.37400368076932283,1.0870058519233265
1047,0.014597853424523594,0.194428442868859,0.17071999726641413,0.07779833458280001,0.0565102684017007,0.12621636390484675,0.06322539088085283,0.10877287119851241,0.05487169645942994,0.13285878101206064,7,True,0.16979028926549078,0.1798305894443354,0.16979028926549078,0.30042109696847097
1048,0.11242920850951761,0.08910235199820184,0.05817923356129889,0.0,0.10520816061814937,0.08790888806570632,0.1167367177932063,0.24138599328810426,0.0,0.18904944616581537,7,True,0.22448933397711426,0.24138599328810426,0.22448933397711426,0.4849387747074814
1049,0.09669089366619667,0.0,0.053242030989733256,0.12550186958384446,0.3097170172890106,0.2511426106173916,0.0,0.0,0.1362974266510002,0.027408151202823194,53,True,0.3259754576361255,0.3097170172890106,0.3259754576361255,1.0020679907010697
1050,0.11535274671038159,0.0,0.0,0.14297114381915368,0.22215757756106652,0.15859879358356746,0.0,0.0,0.18431073634408557,0.17660900198174517,20,True,0.2709534237562574,0.22215757756106652,0.2709534237562574,-0.15910788643546717
1051,0.0666462998102056,0.0,0.0,0.22982785335103095,0.0,0.16245726465353436,0.37385213431867637,0.016245191006378577,0.11013808347195113,0.04083317338822294,9,True,0.3707856582155435,0.37385213431867637,0.3707856582155435,1.4079133486696638
1052,0.07704781879781404,0.11763066455195602,0.19120174293089176,0.0,0.08948691318475806,0.0,0.2863396585339569,0.06843947991333617,0.05595831600414728,0.11389540608313987,28,True,0.2590698995881172,0.2863396585339569,0.2590698995881172,1.101362942597197
1053,0.0,0.02255272396453999,0.095757035780058,0.23477267745145095,0.35612218615694996,0.18953014495944748,0.0,0.0,0.0,0.10126523168755372,53,True,0.3712082701228725,0.35612218615694996,0.3712082701228725,1.1365095077063845
1054,0.16240400690270554,0.012182411671930866,0.0,0.0,0.0,0.2821506109174041,0.13703358467205243,0.024509719399892653,0.1396985441580759,0.2420211222779385,0,True,0.32187152156560167,0.2821506109174041,0.32187152156560167,0.5799413404142552
1055,0.0,0.0,0.22770919396170033,0.0,0.019954833978126713,0.06882492070262457,0.0,0.0,0.30785566680175325,0.3756553845557951,8,True,0.43917948682881225,0.3756553845557951,0.43917948682881225,1.1716307109089001
1056,0.1615220553291916,0.15257544524647032,0.20251942911175216,0.0,0.23406285607026567,0.02972805987842308,0.13493246967749364,0.0,0.004890735469960657,0.07976894921644309,28,True,0.2657926147946561,0.23406285607026567,0.2657926147946561,0.13823578437365774
1057,0.31116873117885885,0.0,0.19617067149996922,0.14439092546075927,0.192409222506378,0.12576419399881433,0.030096255355220355,0.0,0.0,0.0,0,True,0.3315137658675899,0.31116873117885885,0.3315137658675899,0.7058754362340872
1058,0.04957275842029274,0.18430520015604895,0.0,0.1317996951545024,0.06143875851042986,0.06810411992598975,0.14190966948979042,0.030034046825130275,0.1336358576946999,0.1991998938231157,643,True,0.2019639954232154,0.1991998938231157,0.2019639954232154,0.07223158662534834
1059,0.09480236426177205,0.0988521584818544,0.07685014333210732,0.09727155717288513,0.0931669492564584,0.18587242204819515,0.12953414722264733,0.0923107578267464,0.13133950039733389,0.0,9,True,0.14108866451573104,0.18587242204819515,0.14108866451573104,-0.4320400144104006
1060,0.10948911002280962,0.0,0.11229133735434119,0.03184475119005344,0.0,0.3598563493058988,0.0,0.0,0.2630807820000216,0.12343767012687544,20,True,0.37357227712536845,0.3598563493058988,0.37357227712536845,1.2647422229983523
1061,0.12693669891576387,0.07836931598855669,0.08185264436658661,0.07617532620626809,0.03268836817641066,0.28030365656107525,0.0,0.06104639045497383,0.1361048945394873,0.12652270479087782,20,True,0.22946694568262171,0.28030365656107525,0.22946694568262171,1.4131246629342655
1062,0.11464288367385195,0.19596920890908232,0.11060340813738975,0.21672314153462133,0.18040181705860808,0.13343758174147205,0.009290428345228497,0.0,0.03826340564404436,0.0006681249557016991,53,True,0.25030023185383565,0.21672314153462133,0.25030023185383565,0.017661294460064758
1063,0.09637495052293477,0.16517209952861941,0.0,0.05055878789173603,0.1126091306588807,0.25699020101172404,0.0,0.05134106513433629,0.1945036657898213,0.0724500994619476,20,True,0.25212600459833523,0.25699020101172404,0.25212600459833523,0.6399274889896203
1064,0.034354727563652675,0.08585787402156371,0.15079165722764082,0.2508288305424922,0.09941937491097592,0.0,0.0,0.21638273616086626,0.16236479957280847,0.0,38,True,0.27798035310920555,0.2508288305424922,0.27798035310920555,0.3658331078420463
1065,0.027905715253930742,0.0633275538641858,0.1279269669217861,0.05574454010579365,0.12428958783620213,0.20755930369606002,0.0863595088231129,0.0,0.21958461523078326,0.08730220826814541,20,True,0.21468041460196216,0.21958461523078326,0.21468041460196216,0.5591520708545382
1066,0.014477468206830118,0.03405022235899153,0.18320037906737865,0.0,0.17555237789104555,0.08084431762940611,0.20311928006698568,0.21015037830474192,0.0025154606494564324,0.09609011582516419,7,True,0.2587394365633149,0.21015037830474192,0.2587394365633149,0.12866797853864168
1067,0.10729468266352298,0.028718260695247598,0.15982341374714001,0.2846972893006325,0.0,0.0,0.11929267535575719,0.08456205759800656,0.035218062633476065,0.1803935580062172,9,True,0.272206886809802,0.2846972893006325,0.272206886809802,0.8188283382748297
1068,0.16404297290359562,0.0,0.0,0.1999277176535288,0.2581074213693396,0.2537071554871895,0.0,0.0,0.12421473258634652,0.0,20,True,0.33659656972112373,0.2581074213693396,0.33659656972112373,0.37942384063599865
1069,0.11884408867954624,0.21502474483379988,0.03761907532289418,0.1219010515364307,0.04316924924550836,0.1564504783059209,0.0,0.02919962343836145,0.12569419320634997,0.15209749543118817,102,True,0.20678552191219687,0.21502474483379988,0.20678552191219687,0.04075987706441503
1070,0.17056835645106852,0.07074872528564144,0.13051142935791224,0.1070532246130241,0.15104058267093767,0.06357728962930678,0.10961659835957539,0.0,0.05071327129034241,0.1461705223421915,0,True,0.15937803467830935,0.17056835645106852,0.15937803467830935,-0.5378171804736094
1071,0.0429811873033934,0.19142203041594372,0.07962254118005577,0.29374869513214297,0.0,0.08436446386696865,0.11625588707507542,0.1420997873850019,0.037467328214601484,0.012038079426816766,38,True,0.27109349089242574,0.29374869513214297,0.27109349089242574,1.1280787564000452
1072,0.06905024797709136,0.14458222497487466,0.1706293464527246,0.0,0.0,0.13235594420773517,0.0,0.07230385094311091,0.183314263709543,0.22776412173492022,8,True,0.25102367946598814,0.22776412173492022,0.25102367946598814,0.020818460885945654
1073,0.12739511142784543,0.0,0.1249916846976619,0.0,0.059869774671464,0.1844927850308662,0.18559933658205424,0.19308247309291499,0.0,0.1245688344971932,7,True,0.23815911275929413,0.19308247309291499,0.23815911275929413,-0.2711451175798338
1074,0.040879788979927556,0.048055636040267975,0.0,0.16214974092449824,0.08886664885911906,0.247035007327423,0.0,0.1610447584047916,0.02730298547718264,0.22466543398679004,653,True,0.27631872966371196,0.247035007327423,0.27631872966371196,0.5068343299253867
1075,0.03964830644591997,0.17910526336644955,0.14655312426756129,0.0,0.0,0.0,0.297549714445343,0.15334518328597224,0.0,0.18379840818875393,28,True,0.3177435041954619,0.297549714445343,0.3177435041954619,0.564128890627779
1076,0.0015402074781046089,0.22671431028578798,0.029665354951795283,0.032720583229204375,0.17690198442519017,0.24997245720343697,0.040162224779675335,0.010485255030699095,0.08076534340490661,0.15107227921119956,20,True,0.27964581374713426,0.24843224972533237,0.27964581374713426,0.5916154686475996
1077,0.0,0.22996337218509955,0.0,0.0,0.0,0.03357204757937722,0.0,0.31697584170162735,0.0,0.4194887385338959,102,True,0.48005699755823683,0.4194887385338959,0.48005699755823683,1.3127413443256404
1078,0.10861417945509737,0.19900715766264923,0.10113398980816614,0.09768507506939442,0.037503902118519825,0.029112028134000364,0.1619801382456055,0.00480218171207477,0.12227914519011755,0.13788220260437484,9,True,0.18343859108817157,0.19420497595057445,0.18343859108817157,-0.11445513690204925
1079,0.09441859559436526,0.12446619388941196,0.0,0.23209125894363605,0.12262171004551257,0.016599471707845016,0.0,0.21084908747346742,0.1989536823457618,0.0,38,True,0.27861189625744337,0.23209125894363605,0.27861189625744337,0.1875565711620366
1080,0.13613833326682917,0.12316897176306253,0.19948191894859552,0.054968344003713525,0.07536321054997525,0.10304276336168171,0.0,0.05917456307829483,0.23774739654822408,0.010914498479623502,8,True,0.23013213718080247,0.23774739654822408,0.23013213718080247,0.546608343844128
1081,0.10996207041095754,0.055305929257620116,0.10818424574446807,0.20895554801434127,0.07608827692017092,0.05852974985819161,0.00992831924966665,0.08815922449637159,0.2373744419275536,0.04751219412065858,38,True,0.21495689561870565,0.22744612267788697,0.21495689561870565,1.0708138154565532
1082,0.01974674539359439,0.0421167077026909,0.09936510362967013,0.17838483131276278,0.18671805529515667,0.1257635799578225,0.02734792848937923,0.15900737064560413,0.060482603729485995,0.10106707384383325,38,True,0.1855865969883754,0.16697130990156228,0.1855865969883754,0.11749946167977422
1083,0.12767892740009926,0.19513529045012426,0.025902384719859287,0.2414981178630167,0.0,0.0,0.02269369608308953,0.35951953345094734,0.02757205003286351,0.0,38,True,0.37934348717799615,0.35951953345094734,0.37934348717799615,1.1640760122777334
1084,0.2127540776243375,0.18049960040103644,0.2184048438508967,0.0,0.0,0.23275719640854944,0.0,0.07801287628452351,0.07757140543065642,0.0,433,True,0.30302528507517446,0.23275719640854944,0.30302528507517446,0.2605132017583912
1085,0.0053150413000277045,0.0013737778371035992,0.0899940009597823,0.10050484979130296,0.19591540813726002,0.11764015120048973,0.18676524521748034,0.019357943721584305,0.1169105073181904,0.16622307451677867,9,True,0.21680982062497176,0.19454163030015642,0.21680982062497176,-0.18299128260299377
1086,0.43494920005421267,0.04353487069811625,0.0,0.13957519316558495,0.14938971013265356,0.0,0.050977701913125055,0.1118683157429864,0.06970500829332105,0.0,38,True,0.3909560665546932,0.43494920005421267,0.3909560665546932,2.161074519547155
1087,0.12639639574530084,0.08466277481889838,0.04306806495955805,0.3719744096105585,0.11716025805123353,0.029170333496751442,0.0,0.20934499849365149,0.018222764824047635,0.0,38,True,0.3494259376420207,0.3719744096105585,0.3494259376420207,1.6136189471736255
1088,0.12738412519222408,0.09131284326660055,0.06221408898653088,0.06276616680653949,0.04731333217903157,0.07535576335858796,0.15729858477832145,0.23003879203162242,0.04071188755293228,0.10560441584760957,102,True,0.17539218563247452,0.18932690447869013,0.17539218563247452,1.3427540900018924
1089,0.17341296235085848,0.2453143990419309,0.14159651186063327,0.031110770084122726,0.19693463512696546,0.04878382941620773,0.08129604357524957,0.04891094108852788,0.0326399074555041,0.0,28,True,0.24999693001692724,0.2453143990419309,0.24999693001692724,0.6096594803491723
1090,0.0,0.0,0.12256745937922513,0.2521558040956499,0.235387916451294,0.0030368650056333602,0.35151480317643974,0.021499106363551214,0.004870366844362574,0.008967678683843966,0,True,0.39768207598397415,0.35151480317643974,0.39768207598397415,1.0085959602470085
1091,0.11315170844695092,0.058698310510484214,0.0030366645786350107,0.13117346458196402,0.15780508704574175,0.05123829098495467,0.15061923522134554,0.029801327147072756,0.2912391163155375,0.013236795167313575,9,True,0.2637461215278196,0.2882024517369025,0.2637461215278196,1.0735697034988165
1092,0.15002047124913837,0.19151787763531042,0.0,0.0,0.14456731147084168,0.05999330711865168,0.05923826219003077,0.12145679302520919,0.0,0.2732059773108178,102,True,0.27674279396275153,0.2732059773108178,0.27674279396275153,0.5404404981438704
1093,0.12117704746218025,0.014066358355860313,0.22923507378353555,0.024468603365072075,0.0,0.16016298961657355,0.17713979241606523,0.05493405180004228,0.09302511571314055,0.12579096748753024,8,True,0.22924800953206614,0.22923507378353555,0.22924800953206614,0.21928802848087472
1094,0.0,0.05152488256327333,0.0,0.17029191906186192,0.26054462485033136,0.13236530780849093,0.07018797419492052,0.015290670277247655,0.15557867496405628,0.14421594627981804,53,True,0.25927079869247993,0.26054462485033136,0.25927079869247993,0.4365810246439351
1095,0.1689690496965161,0.15356881468391775,0.0,0.3396216099194484,0.13300571535002012,0.20483481035009768,0.0,0.0,0.0,0.0,53,True,0.3565453384493706,0.3396216099194484,0.3565453384493706,0.8628083164579922
1096,0.13912340763928102,0.0,0.014461823461127577,0.0,0.05035824236758891,0.04798857089567923,0.1124265410733605,0.22841387368986982,0.20616241232447682,0.20106512854861605,710,True,0.2686002111082561,0.22841387368986982,0.2686002111082561,0.2939980884048725
1097,0.16540190792644957,0.0,0.018750557809782804,0.20659370436153482,0.28581599302219945,0.10082576860753856,0.0,0.0,0.0,0.22261206827249472,0,True,0.3343696811447379,0.28581599302219945,0.3343696811447379,0.5229857732036279
1098,0.06632413451166204,0.06337164813554172,0.14080434892655283,0.0,0.09690841395914286,0.1988579786095822,0.028548282436900545,0.20733354678111895,0.0,0.1978516466394988,7,True,0.2452018265927655,0.20733354678111895,0.2452018265927655,0.19214333062637134
1099,0.156188238442735,0.10378725162550266,0.06409173474837343,0.07247565700437059,0.06363479501046902,0.2607402094876938,0.08242278569816766,0.09861622994837783,0.09804309803431008,0.0,20,True,0.20662284533043448,0.2607402094876938,0.20662284533043448,1.3645341187987
1100,0.11012852835094059,0.14112926890239647,0.026932408239958336,0.0,0.10108328364481363,0.3697013276068228,0.0712024345643659,0.0,0.16939259120986352,0.010430157480838668,20,True,0.3369576302856156,0.3697013276068228,0.3369576302856156,1.6555162829398282
1101,0.0393992025194518,0.14735326799142964,0.0,0.11340857416420301,0.13123811111947464,0.23528407630378714,0.19044432882192394,0.0,0.07194165334837062,0.07093078573135908,0,True,0.23491412482993124,0.23528407630378714,0.23491412482993124,0.31404864598445054
1102,0.11713675908717618,0.0,0.04623232363659715,0.07365118248313206,0.0656754833899328,0.18603868182808023,0.14154610849724614,0.0,0.21490720114528133,0.1548122599325541,0,True,0.22448573846576117,0.21490720114528133,0.22448573846576117,0.060117877172093596
1103,0.2762662706127562,0.0,0.07243111044070309,0.0,0.08698961100588395,0.09410150777031315,0.1440073740066924,0.1590874274732268,0.0,0.16711669869042448,15,True,0.2682657796944925,0.2762662706127562,0.2682657796944925,0.5918553458307126
1104,0.0664924865671954,0.09623975947378136,0.19878345390070523,0.04108746587934429,0.07471812185088778,0.09755383778398956,0.24913948092544,0.10481929056143457,0.0,0.07116610305722185,28,True,0.21933561344159397,0.24913948092544,0.21933561344159397,1.0658175939458612
1105,0.0,0.23860781226893063,0.211475326919452,0.0,0.09674143157862668,0.142295452297983,0.0,0.011522577089393611,0.29935739984561405,0.0,20,True,0.347864952136791,0.29935739984561405,0.347864952136791,0.6551556554320058
1106,0.09671125974212333,0.1843778102785685,0.2320714727876444,0.0,0.23005037327499173,0.0,0.1554256139408717,0.02346833396886674,0.05512224794264985,0.022772888064283736,6,True,0.2799884608819231,0.2320714727876444,0.2799884608819231,0.3886814484443449
1107,0.13186808113470858,0.08862403117704938,0.004350973810301401,0.1699751787132976,0.11432819362911951,0.1618672219330324,0.0,0.01034694170074062,0.08217586836300558,0.23646350953874498,853,True,0.2370669933961786,0.23646350953874498,0.2370669933961786,0.15570410198310972
1108,0.18519684422109173,0.22134452568925395,0.039796389863299475,0.0,0.10009215904897659,0.157881391954266,0.0,0.07710997778423066,0.0671430215768418,0.15143568986203984,20,True,0.23066620736694557,0.22134452568925395,0.23066620736694557,0.14344373898758317
1109,0.08553350938498738,0.0,0.21254003914868771,0.08004681218403158,0.04165557408592401,0.12392573576341918,0.11958084608031194,0.07225521011255047,0.05681632641732982,0.20764594682275797,124,True,0.2045845662897571,0.21254003914868771,0.2045845662897571,0.6054267678398749
1110,0.08903826645885632,0.1456983318734501,0.1900036077187764,0.11566405243968174,0.008543393863626044,0.028708236418060962,0.04986235791295563,0.19701034102624612,0.17547141228834665,0.0,9,True,0.2272048831626494,0.19701034102624612,0.2272048831626494,-0.026682943303312952
1111,0.019078763266801038,0.04120456711268752,0.0680952643406959,0.2570041290597685,0.24722116664218396,0.1354791749421176,0.13302147259729735,0.0,0.023186815357654315,0.07570864668079379,0,True,0.2760198448982865,0.2570041290597685,0.2760198448982865,0.8753182923087318
1112,0.18026727387429475,0.12364705335854397,0.15754350951255214,0.015109263852203842,0.09885637599531566,0.0,0.03606385748162777,0.08575008727696444,0.1289480287958404,0.1738145498526571,28,True,0.19518833292031523,0.18026727387429475,0.19518833292031523,-0.3674462583240585
1113,0.08469834960951313,0.035082407657776475,0.026473555289188207,0.0,0.2684021662766986,0.16365191682679772,0.09973246827263739,0.11585797604147495,0.008123519763374986,0.19797764026253842,7,True,0.2656273349711015,0.2684021662766986,0.2656273349711015,0.7058927678451457
1114,0.051133550139798895,0.022709721536792682,0.004828199851244296,0.23255346940358865,0.26533514998770374,0.0,0.10146920303008841,0.0,0.18611587577920768,0.13585483027157566,40,True,0.30171044754095944,0.26533514998770374,0.30171044754095944,0.5588397575436606
1115,0.09372529128644765,0.19099453456582502,0.23233018119752818,0.035482507106269955,0.03260006969552544,0.2683273129640251,0.0,0.0,0.14654010318437866,0.0,20,True,0.30827905724279053,0.2683273129640251,0.30827905724279053,0.5588249661955224
1116,0.08142284652343319,0.12213620058845369,0.0,0.24183970023080545,0.05725686683354711,0.0,0.11890682566936488,0.2744661499176047,0.0,0.10397141023679103,38,True,0.28912328793348147,0.2744661499176047,0.28912328793348147,0.7908927492614602
1117,0.19154273481095996,0.0,0.0,0.29935763358400014,0.0,0.195581778630179,0.0,0.0023388979759731295,0.3111789549988877,0.0,20,True,0.4017382937360594,0.3111789549988877,0.4017382937360594,0.7547605519876386
1118,0.0,0.15220686413254658,0.08906629872513512,0.17558404025785862,0.04700033228407233,0.04681678697810985,0.1972425536734787,0.23521068438674075,0.0,0.056872439562057814,267,True,0.2525737485166517,0.23521068438674075,0.2525737485166517,0.3688251690135888
1119,0.0,0.0,0.17483835417184965,0.07726001757254723,0.0,0.0,0.057815700371439536,0.23290669357037644,0.18122831381794677,0.2759509204958404,279,True,0.3211204692571848,0.2759509204958404,0.3211204692571848,0.5280918061769981
1120,0.0,0.06431698705421007,0.010952891486995346,0.0564603588569535,0.2696835337676811,0.22122269636199754,0.0,0.0,0.15934042186492242,0.21802311060724006,20,True,0.3194316035522442,0.2696835337676811,0.3194316035522442,0.539122371321207
1121,0.06753117318268602,0.0011485466168520758,0.09128342662067543,0.09565427440745185,0.3341119627349355,0.14103577680339313,0.0744719130173421,0.014412080666300554,0.18035084595036335,0.0,40,True,0.30306150895902806,0.3341119627349355,0.30306150895902806,1.4515861356286712
1122,0.15755164438534916,0.0,0.1809174724093493,0.052981983167694445,0.21674679639880715,0.0,0.19802251441573063,0.05855010224789275,0.0,0.1352294869751766,28,True,0.2612813839472292,0.21674679639880715,0.2612813839472292,0.025666589422883693
1123,0.0886898975791117,0.3923889816091947,0.1269542077848139,0.08643345712365755,0.10809789175252146,0.0,0.06774994179351339,0.10115177443431607,0.0,0.0285338479228712,28,True,0.33577402366527953,0.3923889816091947,0.33577402366527953,2.24013366110829
1124,0.0,0.0,0.1876130088059361,0.013653653123871802,0.2628694137809167,0.058388291702306964,0.10372613798899974,0.11318381381808369,0.06146313661899812,0.19910254416088694,7,True,0.2736490677732759,0.2628694137809167,0.2736490677732759,0.5847693144533094
1125,0.0,0.09731257904689025,0.1344463372231233,0.05329398987447378,0.07204791406084174,0.09182161234588364,0.08269658768404872,0.18529045669183106,0.0,0.2830905230729076,7,True,0.25557667854065447,0.2830905230729076,0.25557667854065447,1.048893007610719
1126,0.14424874751686653,0.15163769673647845,0.0,0.06982126018470966,0.024613906585682886,0.0,0.0,0.2593304117550953,0.1528063539646566,0.19754162325651056,38,True,0.2809044004546296,0.2593304117550953,0.2809044004546296,0.3195022277598304
1127,0.015655648954661094,0.18641267608250853,0.3067677700936034,0.07222347904944498,0.0929629893130182,0.040084615535973644,0.1505185284748226,0.1006683276753062,0.0,0.03470596482066137,28,True,0.28028702829888913,0.3067677700936034,0.28028702829888913,1.2770768798467262
1128,0.015591436727252047,0.1736932731168127,0.0201668277909597,0.22918971253800177,0.07030182233846326,0.0,0.08329956205415953,0.27377466822076557,0.13398269721358547,0.0,38,True,0.29687062279079574,0.27377466822076557,0.29687062279079574,0.6739487650010275
1129,0.11812769004105499,0.06501490121739768,0.0005877494323035406,0.022779068051057713,0.13805414965107551,0.0866567069110417,0.26786628868590334,0.22793128406293583,0.03798514219065932,0.03499701975657038,7,True,0.2676589888309115,0.2672785392535998,0.2676589888309115,0.9550996094694653
1130,0.0,0.09692691937190495,0.0,0.2786325992200253,0.14308995765668733,0.4203122043521381,0.0,0.0037587124322056324,0.05727960696703872,0.0,20,True,0.4329701138069781,0.4203122043521381,0.4329701138069781,1.5558261644478368
1131,0.07525295562102498,0.18272546310988602,0.047558782981577195,0.06007330337966676,0.21834800759979356,0.09700692649465541,0.023729394442701782,0.06773368082679143,0.0,0.22757148554390288,99,True,0.2427924107924654,0.22757148554390288,0.2427924107924654,0.6811287413202635
1132,0.164312853159274,0.26187410109461995,0.12317234480636591,0.0,0.0,0.11876732676111584,0.10897829049430112,0.0,0.17597392695562797,0.04692115672869515,20,True,0.2643833366241906,0.26187410109461995,0.2643833366241906,0.3685851886800933
1133,0.0,0.08128505719582206,0.21935212544211755,0.20172473587387554,0.13942192656930147,0.0,0.2904227278306944,0.0,0.0,0.0677934270881891,6,True,0.3221727296466389,0.2904227278306944,0.3221727296466389,0.6368482800180492
1134,0.1864232141928953,0.0,0.1182889776485227,0.07433003280554479,0.03629557673473955,0.1422256929770539,0.1313793893551353,0.10538339106905899,0.0,0.2056737252170495,8,True,0.2156020680293387,0.2056737252170495,0.2156020680293387,-0.12626061340180125
1135,0.15902631602872463,0.09828542197242508,0.06622629127050159,0.18325596444318873,0.09435769058072165,0.04962692594609978,0.20494796789307876,0.14427342186525974,0.0,0.0,0,True,0.21703170015510306,0.20494796789307876,0.21703170015510306,-0.051757136916471554
1136,0.1618197891748391,0.06042159150095431,0.12999626526712404,0.29179648029373156,0.0,0.0,0.2516980827066783,0.10426779105667262,0.0,0.0,38,True,0.3257365881711233,0.29179648029373156,0.3257365881711233,0.7321235671167682
1137,0.0,0.11952687091996532,0.0,0.2860990815777491,0.2506810334919143,0.14171236366015955,0.03994803616073387,0.0,0.13202527915528506,0.030007335034192603,53,True,0.31462627354252815,0.2860990815777491,0.31462627354252815,0.7729716588461827
1138,0.06051309923390366,0.11828713930536819,0.02744814158277619,0.0662370686448499,0.10898832141817952,0.1417535772331441,0.07483007502604236,0.08630521978439606,0.17194211959961264,0.14369523817172733,681,True,0.13426655638307286,0.14449397801683644,0.13426655638307286,0.05413351682122326
1139,0.09492107652486727,0.0,0.21587246658238868,0.07443923582085746,0.221992534916335,0.0,0.13487314045465035,0.12048997018421981,0.0,0.13741157551668143,28,True,0.24904488752481616,0.221992534916335,0.24904488752481616,0.1111438905089565
1140,0.12724365710070576,0.09078550739680334,0.07412894378007372,0.15314491688475934,0.11683029681593428,0.1590629385189085,0.0,0.04081348881959983,0.23468973698122506,0.0033005137019902313,20,True,0.2215573651862126,0.23468973698122506,0.2215573651862126,0.2396145735410796
1141,0.08272232266234221,0.0,0.0,0.09282571744530296,0.15169551926624153,0.2396066869226272,0.17814928444901632,0.032328064091879556,0.22267240516259013,0.0,0,True,0.27972801570078454,0.2396066869226272,0.27972801570078454,0.3198623886421114
1142,0.15031934921310958,0.17425452579991485,0.00010955964951639607,0.13165379470953903,0.0035088836371154706,0.1298377116291883,0.1922599691991369,0.028774970706501205,0.15871376917626875,0.03056746627970944,20,True,0.22600829413174084,0.1921504095496205,0.22600829413174084,-0.3275369860283172
1143,0.03235206309659915,0.01260287310321596,0.16794955435020936,0.0,0.16944464254041225,0.06323536833607098,0.0,0.04698154664288622,0.33388179745075514,0.17355215447985092,8,True,0.325464914570289,0.33388179745075514,0.325464914570289,1.1599686727183216
1144,0.06296369307574463,0.24267415346665722,0.08760969256496004,0.02921717892934484,0.05452043478964239,0.1194476850303684,0.0703040594193962,0.13361165003371,0.024133285559493522,0.17551816713068272,8,True,0.20690161118648667,0.2185408679071637,0.20690161118648667,1.0229088294130073
1145,0.03584702426399011,0.18341581544100707,0.0,0.0,0.13282557934590003,0.5958842056236522,0.0,0.0,0.052027375325450605,0.0,0,True,0.557094102756467,0.5958842056236522,0.557094102756467,2.5415493545691104
1146,0.011808870701643034,0.10810791055680528,0.11341814462669095,0.10209400808404162,0.0842965462677335,0.08292891704109567,0.1471106773108321,0.11937665223313232,0.10865985011950477,0.12219842305852086,0,True,0.10829819419977964,0.13530180660918906,0.10829819419977964,-1.6780849038328063
1147,0.06395237508661784,0.07356441319569881,0.12547244897365778,0.22664068839063944,0.01756811305365455,0.09132620918165228,0.11878154937021017,0.09972539289191323,0.1829688098559557,0.0,38,True,0.20686197613813176,0.22664068839063944,0.20686197613813176,0.4233136386551175
1148,0.0,0.04444648232317921,0.20070441835647504,0.0,0.0978096495414283,0.11667859390466803,0.15408937758066601,0.23566690501269125,0.0,0.1506045732808921,7,True,0.25961998970087147,0.23566690501269125,0.25961998970087147,0.13700394500583185
1149,0.0,0.15723204143907407,0.0,0.2793683619638711,0.2717462762807428,0.1871816907839103,0.0,0.04912551692428991,0.0432118840755199,0.012134228532591955,53,True,0.34070433428291524,0.2793683619638711,0.34070433428291524,0.7295153741800248
1150,0.0721734172438613,0.18441146954914317,0.0,0.13390156726507857,0.12537224241400202,0.0,0.06769151068146133,0.20381206196271168,0.1595472814445569,0.05309044943918506,1079,True,0.21739330532407072,0.20381206196271168,0.21739330532407072,-0.0627136478009083
1151,0.11940689442178413,0.0,0.16404889546056978,0.0,0.25197773833579556,0.00533387325571885,0.2849324434948995,0.17430015503123228,0.0,0.0,0,True,0.34096674142488514,0.2849324434948995,0.34096674142488514,0.5360860790555516
1152,0.057865323121674875,0.010391280945071546,0.22283378346626692,0.0,0.013117207586524873,0.0,0.29254227907276703,0.012716233626777235,0.2470411900495127,0.14349270213140478,368,True,0.3473406444935654,0.29254227907276703,0.3473406444935654,0.7282240284686587
1153,0.12264271502567091,0.04610754282317514,0.12592702526400568,0.0,0.21177688851180707,0.03341516142702558,0.1604203397747774,0.17063949253915736,0.0,0.12907083463438096,28,True,0.2247277963393242,0.21177688851180707,0.2247277963393242,-0.1415896544796809
1154,0.00996834108067588,0.13691704059016066,0.0,0.2836892218002898,0.06815758944336181,0.24831662367790633,0.0,0.04949882306022869,0.11372621022039371,0.089726150126983,20,True,0.2984399225624785,0.2836892218002898,0.2984399225624785,0.9341642760229357
1155,0.0,0.21077126439222113,0.0712846467397902,0.07931758355230296,0.1722871082237031,0.018947098897844256,0.05869936741148219,0.1372270823827385,0.1396581611282307,0.11180768727168679,7,True,0.20030325710823768,0.21077126439222113,0.20030325710823768,0.10129438747628414
1156,0.0829649171370041,0.0761934524506697,0.23487771288174178,0.0,0.20523752192631736,0.0,0.08578099340743746,0.10177904649658698,0.13445193841420308,0.0787144172860395,28,True,0.22796762150501682,0.23487771288174178,0.22796762150501682,0.5156670490121084
1157,0.4233946716880164,0.1489607060887105,0.0,0.0,0.045031760537119256,0.18025036560529464,0.09358014542233876,0.0,0.04722705255779539,0.06155529810072509,20,True,0.38826162128775643,0.4233946716880164,0.38826162128775643,1.9916937700152495
1158,0.14643706582253127,0.048885094114348944,0.03422529227251621,0.03372045567025297,0.11887157273459388,0.041224832413554575,0.15421034642720477,0.18847733344487377,0.08374804687366606,0.15019996022645754,7,True,0.17564237422052545,0.1547568777746208,0.17564237422052545,0.11674194350942081
1159,0.13225989260550491,0.0,0.08322950211972213,0.049868153275377115,0.0,0.07905832224834441,0.12509010224906278,0.29438140216012215,0.23611262534186647,0.0,8,True,0.30201654873070327,0.29438140216012215,0.30201654873070327,0.9223470410530668
1160,0.18248154463063956,0.0,0.049150380236239494,0.24675795653610452,0.06788341416929523,0.16891306631997563,0.0,0.036065384661591454,0.16818241152892818,0.08056584191722581,20,True,0.25655688534363563,0.24675795653610452,0.25655688534363563,0.4292395488107675
1161,0.08122947956311091,0.12449054449026767,0.03445715067111507,0.2671571724466048,0.0,0.06395029714807063,0.15156806470966075,0.2412935605978969,0.0358537303732732,0.0,140,True,0.2850034476150469,0.2671571724466048,0.2850034476150469,0.8171031361333633
1162,0.02881649120608143,0.03561275003140992,0.1994827846518133,0.002457640732342808,0.09863475924541391,0.10535723804090419,0.22854595111755074,0.1170124539164886,0.02777060189991045,0.1563093291580848,28,True,0.23206900201269318,0.22608831038520794,0.23206900201269318,0.4079837979379102
1163,0.16325861168299505,0.13587281714995073,0.20784560538242544,0.002438350469326838,0.0,0.06572347438005033,0.15100376564545362,0.01613031405275694,0.0,0.25772706123704114,598,True,0.28657577603093987,0.25772706123704114,0.28657577603093987,0.3268557783492094
1164,0.0,0.0046132816067904195,0.11815789179050575,0.27503270994416207,0.1197490592568965,0.17632881702502365,0.2415762995876722,0.0,0.0,0.06454194078894954,0,True,0.31238121078007075,0.27503270994416207,0.31238121078007075,0.5838582243956103
1165,0.010836079515967061,0.08445222844040186,0.17894595322211812,0.04899376857509067,0.0,0.113100672027016,0.09475693411788336,0.27628027263866156,0.009615218709364859,0.18301887275349651,7,True,0.2708531537236633,0.27628027263866156,0.2708531537236633,0.7474365893767597
1166,0.09519516628875256,0.0,0.13703203708642625,0.22325549253416477,0.1779509630148553,0.0,0.10080408726161645,0.03305823652605196,0.10845230730336754,0.1242517099847653,38,True,0.21864162563841336,0.22325549253416477,0.21864162563841336,0.04007862911797458
1167,0.17904667895981224,0.11273940692231531,0.04706252932714538,0.2628588987330357,0.0419448289419817,0.3327825251542233,0.0,0.0,0.008595060322685161,0.014970071638801208,20,True,0.3589973889311188,0.3327825251542233,0.3589973889311188,1.1109612714984691
1168,0.0,0.03060125250321662,0.31526213354447874,0.02914837319372378,0.053236805800057074,0.0,0.18178792403153082,0.09579801950284308,0.0,0.2941654914241498,7,True,0.36437327133392794,0.31526213354447874,0.36437327133392794,1.0890784336279846
1169,0.19973225827829094,0.1213562943843734,0.29651075226976803,0.0,0.14667535374388355,0.0,0.14221545444035527,0.03147384547855457,0.06203604140477421,0.0,401,True,0.29852457127544674,0.29651075226976803,0.29852457127544674,0.7598644528376789
1170,0.1260869415254478,0.04177503882252418,0.12562555848706575,0.18081929606909933,0.09776081963265469,0.03084278468185281,0.060041524898967205,0.19617913384702365,0.11470825128079323,0.02616065075457141,38,True,0.18045089226467798,0.17001848309245224,0.18045089226467798,0.29408010737374035
1171,0.0,0.043342381071763934,0.11443754783391245,0.1833524604958984,0.13538959123608924,0.08237003486929109,0.060703332788447584,0.19570592418226115,0.08889477121595195,0.09580395630638418,9,True,0.18103641883804075,0.19570592418226115,0.18103641883804075,0.1602703285206105
1172,0.21690638180514443,0.0,0.3180935322612977,0.0,0.0,0.05400814710894288,0.04385129548975085,0.13367580099632653,0.17378245660418037,0.059682385734357246,9,True,0.32357879869805584,0.3180935322612977,0.32357879869805584,1.0040683671621524
1173,0.02820417192995309,0.10727302104555295,0.0,0.10403475045442866,0.0,0.19329124619695937,0.2529245425275824,0.10090394112117794,0.0887254068858458,0.12464291983849975,0,True,0.24093193303603688,0.2529245425275824,0.24093193303603688,0.5448756295262842
1174,0.17418160420263276,0.07410284773117748,0.11412932966804272,0.06463184418374603,0.20486054796300146,0.0,0.11295980766360554,0.01760581351768323,0.09357625781212157,0.1439519472579893,28,True,0.19377731686590272,0.20486054796300146,0.19377731686590272,0.015411086857371798
1175,0.08097936368978055,0.07106580269926657,0.16104704280461232,0.21039822220963786,0.14828275985695688,0.13658733388661953,0.0,0.037878714256433015,0.0,0.15376076059669339,0,True,0.21801975301340146,0.21039822220963786,0.21801975301340146,-0.13783505175339006
1176,0.06314288455725034,0.171862418521588,0.010779995891753125,0.22025096158229554,0.0,0.10695398505941056,0.0,0.0964088586090166,0.17328423896968445,0.15731665680900145,38,True,0.24012536326447811,0.22025096158229554,0.24012536326447811,-0.018454203040146513
1177,0.05016430075058423,0.11775513997450343,0.045820609641991736,0.08233778405158276,0.01811858228388394,0.2686343616987996,0.1960351536023214,0.08215062993912911,0.0,0.13898343805720384,1034,True,0.24949824813308866,0.2686343616987996,0.24949824813308866,0.9424093762924255
1178,0.21602603003013618,0.0,0.0037651195956574573,0.13028250147135845,0.08585407673892907,0.18546076738103798,0.1425828062611234,0.07253774513762602,0.0,0.16349095338413136,9,True,0.2402965743522851,0.21602603003013618,0.2402965743522851,-0.09938991181271244
1179,0.0,0.0,0.1403610232700206,0.2573940070014114,0.2609625192488305,0.19190964494926402,0.01908761508020757,0.0,0.13028519045026588,0.0,0,True,0.3289714392937644,0.2609625192488305,0.3289714392937644,0.46447571804282545
1180,0.07598782727514738,0.19221088719121388,0.19985697125931257,0.04370857898196128,0.09619461662914927,0.0,0.2186082787206313,0.0,0.0,0.17343283994258435,28,True,0.26775802070260285,0.2186082787206313,0.26775802070260285,0.12737483876178224
1181,0.0,0.033410345467007434,0.0,0.30005151174967576,0.07556736534466428,0.0,0.18186506719225612,0.022214169314383806,0.2809472803161781,0.1059442606158345,0,True,0.3472484992772316,0.30005151174967576,0.3472484992772316,0.9582022518677802
1182,0.04998498037830702,0.09009558075656027,0.09924487910075645,0.1385312152922425,0.07637198872811196,0.11138810738598666,0.017560856896105797,0.2728852112971486,0.04047725265758818,0.10345992750719253,38,True,0.21216322378014688,0.2553243544010428,0.21216322378014688,1.6946214074221049
1183,0.10663164315067832,0.0,0.05285896255389435,0.21837004512618763,0.07797815149539565,0.15449795459474577,0.05262686900869774,0.17588841715481365,0.08367483420004841,0.07747312271553841,0,True,0.19623951994663738,0.21837004512618763,0.19623951994663738,0.5062395683147705
1184,0.13582110156565244,0.1161440763236165,0.1369950140684203,0.008339878925627108,0.10761065296000075,0.0,0.15393226461631979,0.24867689977151528,0.09248011176884777,0.0,86,True,0.23757519194733145,0.24867689977151528,0.23757519194733145,0.2164775916324094
1185,0.15005176779319696,0.1677782506822486,0.282456569235727,0.0,0.0,0.004677107391517668,0.29041922313520924,0.0,0.0,0.10461708176210044,119,True,0.3546219426667,0.29041922313520924,0.3546219426667,0.7188909014648811
1186,0.15882609724339597,0.12411629198832426,0.005947551457885612,0.2772611396073625,0.3418437543192145,0.0,0.0,0.03346933812784553,0.0585358272559718,0.0,71,True,0.37275124150233174,0.3418437543192145,0.37275124150233174,1.139286000836801
1187,0.12518142617375838,0.1318019887679301,0.09178465314295933,0.19243466314336813,0.0,0.031679715011202585,0.0,0.24126308446362088,0.15267741046629815,0.03317705883086249,38,True,0.24923937289522471,0.24126308446362088,0.24923937289522471,0.28705765044775333
1188,0.0,0.12829249163766107,0.0,0.17787733207574513,0.18915433780991306,0.2950839936465479,0.11366199775604542,0.09453119024098731,0.0013986568331000797,0.0,0,True,0.3046479729111892,0.2950839936465479,0.3046479729111892,0.6196170513759865
1189,0.05137540378935904,0.10124833514284784,0.0,0.0,0.0,0.16448259513173577,0.1945171180440361,0.2960145040784438,0.049026297978146394,0.14333574583543107,190,True,0.29724634791632754,0.2960145040784438,0.29724634791632754,0.7821272516960127
1190,0.10587432825439468,0.046961346019910796,0.21841874715101348,0.04205758047849258,0.0852360919044658,0.0,0.18685387089383562,0.2894885463045243,0.0,0.02510948899336272,28,True,0.29917218436247645,0.2894885463045243,0.29917218436247645,0.8896716291032278
1191,0.11842413014178561,0.11633995953711429,0.13399729854344072,0.0786113870511899,0.0,0.19451952119209,0.01290010872390761,0.1418161823475056,0.1553768308427253,0.04801458162024106,8,True,0.19041463465919087,0.19451952119209,0.19041463465919087,-0.365965679663679
1192,0.22168605571378666,0.24644338994313084,0.16133957338092098,0.1457579134056369,0.007992505226469365,0.0,0.0,0.1774271580868129,0.0,0.039353404243242435,38,True,0.3004127926633468,0.24644338994313084,0.3004127926633468,0.23946542260890802
1193,0.0,0.035286828740555706,0.10186267319037061,0.0025556162808479956,0.006420185924647894,0.0,0.0,0.0743197025379076,0.1600036714011757,0.6195513219244945,943,True,0.5715219575655013,0.6195513219244945,0.5715219575655013,2.720445004771944
1194,0.014871661436219936,0.16358715779878477,0.09638349786050587,0.0,0.0,0.0,0.027915356769370316,0.14028377796352956,0.247523369148041,0.30943517902354856,9,True,0.3372661515263564,0.30943517902354856,0.3372661515263564,0.8531544670770975
1195,0.0,0.05901866882285191,0.10580159714099217,0.0,0.021112533624511667,0.11893432537150797,0.0,0.3089246704945091,0.11839130753204331,0.26781689701358397,7,True,0.33233287246389065,0.3089246704945091,0.33233287246389065,1.0522246382052278
1196,0.12886111695431504,0.24680960653889986,0.0,0.15441486324961642,0.04916676280923184,0.19086518998748392,0.15564673125661463,0.0,0.07423572920383822,0.0,20,True,0.2644765756931793,0.24680960653889986,0.2644765756931793,0.22772997405768217
1197,0.040081075500825666,0.27043548374035653,0.36890188013337627,0.019560316752167805,0.0,0.0,0.3010212438732738,0.0,0.0,0.0,28,True,0.4492514172482726,0.36890188013337627,0.4492514172482726,1.1076681487783517
1198,0.22586525359848192,0.24069800350902784,0.10375808966712508,0.24966317230213186,0.04073617844651981,0.030088644238961983,0.0,0.01774000833567793,0.09145064990207355,0.0,212,True,0.3054353850841463,0.24966317230213186,0.3054353850841463,0.6612482009013191
1199,0.15636934221139592,0.21621534467250084,0.1040833929482143,0.0268936109498918,0.2503054216114891,0.0,0.1373118892813922,0.05983710405553332,0.0,0.04898389426958262,28,True,0.2650364605081846,0.2503054216114891,0.2650364605081846,0.5253393160151141
1200,0.19298131961929546,0.0,0.04609339044293679,0.08374218087577752,0.04269741084877446,0.12421599680870408,0.12859557916448747,0.1281216984134738,0.07875798853270115,0.17479443529384917,8,True,0.18259171375269465,0.19298131961929546,0.18259171375269465,-0.04717263663116894
1201,0.0755289020882778,0.061381389185947946,0.11477991548833738,0.08722048183855828,0.07772517098967875,0.15189809157215742,0.3072683872422807,0.03596837593391012,0.03729798012311673,0.05093130553773491,7,True,0.24302486897474856,0.2713000113083706,0.24302486897474856,2.177559393442461
1202,0.3719803748605542,0.0,0.0,0.23283716519870368,0.058300275130902045,0.0,0.09867582633796351,0.0,0.176148172224185,0.06205818624769159,8,True,0.3749637084055735,0.3719803748605542,0.3749637084055735,1.335691900579683
1203,0.01131802271523978,0.0949881872908586,0.175700514393747,0.10619242631900785,0.15245610569088944,0.06601409094856021,0.17615713587175644,0.025396465785740292,0.07697230339512087,0.11480474758907938,0,True,0.17227960542913104,0.16483911315651667,0.17227960542913104,-0.10334550369102251
1204,0.026002222957296754,0.08098559159404314,0.20974018939645425,0.0,0.07855098218511303,0.025332459651573245,0.10491848551552865,0.21143645260758073,0.005413368242402734,0.25762024785000764,7,True,0.2831050648770528,0.25762024785000764,0.2831050648770528,0.6506637713273342
1205,0.1213047018575202,0.04020436908229644,0.0,0.274582456657341,0.11033724728200289,0.18562596629046252,0.0,0.11598950068863621,0.1519557581417408,0.0,38,True,0.2736826112333337,0.274582456657341,0.2736826112333337,0.5287117320961316
1206,0.09615267407295117,0.12393442544884299,0.0,0.0,0.2969010391067061,0.10383758340395961,0.046924683902836065,0.13711016780864643,0.021620106348463862,0.1735193199075938,102,True,0.27407126217124467,0.2969010391067061,0.27407126217124467,0.9954801060371637
1207,0.32055437660922065,0.0,0.10294389799750046,0.10412671415329917,0.0,0.06984783974151114,0.1381096957740815,0.21690140668208854,0.04751606904229851,0.0,9,True,0.3121729215032513,0.32055437660922065,0.3121729215032513,1.135252178511714
1208,0.0987481795774967,0.2974581198396381,0.0,0.06052039082918232,0.0,0.19189452964763182,0.10168755559414316,0.0,0.20241243188094918,0.047278792630958605,20,True,0.3037518724526944,0.2974581198396381,0.3037518724526944,0.8484492989073097
1209,0.0,0.0,0.3229289602628875,0.0,0.10454701625277964,0.0,0.3793244407543687,0.1230658829614195,0.0701336997685447,0.0,6,True,0.42327788830712776,0.3793244407543687,0.42327788830712776,1.3775500967146181
1210,0.0,0.13889154567824394,0.2875333159095935,0.0,0.08246483911643653,0.0,0.017912547964062085,0.0,0.07466945682547109,0.398528294506193,57,True,0.41651879620078147,0.398528294506193,0.41651879620078147,1.4885599018046436
1211,0.07077698024682219,0.12868112543485163,0.22378049499283598,0.22530006340505948,0.140951282879507,0.013420498262421752,0.1189086974234989,0.07818085735500302,0.0,0.0,38,True,0.25040954491454315,0.22530006340505948,0.25040954491454315,0.3053192679161277
1212,0.07261086755441407,0.0039048100097907263,0.0,0.12477008945753106,0.2569215226307666,0.0,0.2595788023386811,0.07749169293779272,0.2047222150710237,0.0,0,True,0.3196265509683211,0.2595788023386811,0.3196265509683211,0.5939849599017579
1213,0.0,0.012633986427067045,0.10816829715907443,0.22460579121253202,0.21364834595807008,0.07245586739576834,0.0,0.04977924962153297,0.1970713716328458,0.12163709059310934,232,True,0.2632753483300771,0.22460579121253202,0.2632753483300771,0.3110235071470257
1214,0.0,0.014092124594974869,0.0,0.11057838930036046,0.24117196210837455,0.10062098098935081,0.09558384831386932,0.25642405214166464,0.0,0.18152864255140536,7,True,0.2975850801369597,0.25642405214166464,0.2975850801369597,0.5051492567442488
1215,0.0,0.11489242055250673,0.13082414230359385,0.15180432981822148,0.0,0.03407146873346002,0.4415284582644229,0.004885004865456473,0.01970941182983392,0.10228476363250465,470,True,0.40042792180244957,0.4415284582644229,0.40042792180244957,2.122677968050192
1216,0.11038975356959879,0.06819245241293163,0.21613628622760508,0.19496184499236008,0.01650158367394577,0.047927920802786836,0.0,0.16785110326795472,0.046931880962154435,0.1311071740906627,8,True,0.22736797654796104,0.21613628622760508,0.22736797654796104,0.27480867295617195
1217,0.04910083258674006,0.0,0.058439899299558444,0.07830076107681574,0.16387080767876722,0.2421868159887694,0.036965832845838355,0.10197828282324893,0.08152139804830133,0.1876353696519607,269,True,0.2260177680490502,0.2421868159887694,0.2260177680490502,0.7592228545770454
1218,0.08938632040546676,0.056327035013486605,0.1807674912398404,0.1062327970481603,0.19109371859603497,0.0,0.25865205779955475,0.0,0.0,0.11754057989745623,28,True,0.26899521635206786,0.25865205779955475,0.26899521635206786,0.4233322365226585
1219,0.28046624937951226,0.10882513904171492,0.0,0.11423749299168501,0.0659704226885628,0.0,0.11159734750278702,0.11034570014272155,0.13461665241900958,0.07394099583400685,9,True,0.2369083892272761,0.28046624937951226,0.2369083892272761,1.0908944915824033
1220,0.0,0.09482530357844855,0.09601576006960506,0.2734763436079184,0.09878632896934515,0.02970062323768081,0.09828323001260089,0.0,0.12850290371567083,0.1804095068087303,1058,True,0.2497222865857783,0.2734763436079184,0.2497222865857783,0.8225866848270914
1221,0.171676378521731,0.10036148407587152,0.07481328271502347,0.12268806654103825,0.008686235817544505,0.2664670868726466,0.05659572254047597,0.058978681344895145,0.10491685855064724,0.0348162030201262,20,True,0.22400006766390346,0.25778085105510207,0.22400006766390346,1.263827681064923
1222,0.0904620225007549,0.13409008057659874,0.0123676838728807,0.27308124921732424,0.10107917307711788,0.0,0.07899277531590107,0.19908326453443126,0.10092004611188274,0.009923704793108605,0,True,0.25935341741768836,0.27308124921732424,0.25935341741768836,0.8132806436818287
1223,0.0,0.05197083518917746,0.22197020979561116,0.10385830743573504,0.2470620468996107,0.175822599103228,0.02123317465587949,0.08879176534959696,0.011165061287135956,0.07812600028402526,0,True,0.2632008490826232,0.2470620468996107,0.2632008490826232,0.6414050962120358
1224,0.12457983705159448,0.0,0.05666964012482756,0.0,0.2192087352682205,0.22861569017716254,0.07807735362681746,0.0,0.29284874375137754,0.0,20,True,0.33302499484405,0.29284874375137754,0.33302499484405,0.7022660262879452
1225,0.08439951689569687,0.04508641272218121,0.11977203108674729,0.08593450515583792,0.13825055533054068,0.0,0.00829780774469651,0.2410033286167969,0.0,0.2772558424475026,102,True,0.2915846667944431,0.2772558424475026,0.2915846667944431,0.8309122136940464
1226,0.0,0.1709988904867193,0.02135221907600727,0.22641914413205888,0.17802912860922754,0.0,0.19422850119409177,0.07260708809639455,0.11189046595083045,0.024474562454670376,86,True,0.26224324160213575,0.22641914413205888,0.26224324160213575,0.15675633679061704
1227,0.06731552534169255,0.00905679558269811,0.1914642414239211,0.0330344807558356,0.1781258462480912,0.10178027011780608,0.266104010493701,0.024998291837787425,0.05655368862062611,0.07156684957784097,0,True,0.25339232683466795,0.2570472149110029,0.25339232683466795,0.9705092102016754
1228,0.002435005641522729,0.0,0.07385927122498652,0.23762569874976752,0.28126859750937305,0.18015235595648968,0.001272403722610623,0.0,0.2233866671952499,0.0,53,True,0.3512793920771239,0.28126859750937305,0.3512793920771239,0.523172235648975
1229,0.165969822985275,0.07678061687816455,0.23598642420447788,0.004338068399394622,0.12410017433301895,0.10210942489079136,0.2224897663608537,0.0,0.0,0.06822570194802394,28,True,0.26293209575635745,0.23598642420447788,0.26293209575635745,0.3576420333150052
1230,0.08048953673202375,0.1054073721508677,0.16968373050612756,0.17555771090944264,0.11819901890185074,0.14440742830909784,0.12449448020017859,0.06795341416918346,0.01380730812122779,0.0,0,True,0.17981672658751724,0.17555771090944264,0.17981672658751724,-0.5175880197381826
1231,0.16973725243825488,0.13008924979027037,0.0861269155583904,0.16280770250553517,0.05870332011796431,0.0033313457814657258,0.17999789179883297,0.16087930711134635,0.04832701489793978,0.0,38,True,0.20912248059498778,0.17999789179883297,0.20912248059498778,-0.31272646039108404
1232,0.1104084151097747,0.23522378656502507,0.0,0.040700431416803164,0.13830757035570412,0.1682572898767313,0.03794476844788737,0.0,0.2538188342796691,0.015338903948405204,0,True,0.28760278282191126,0.2538188342796691,0.28760278282191126,0.5411728601827834
1233,0.2364167803166649,0.08066180564063552,0.07799114366946855,0.2918465343219404,0.0,0.0,0.10994356655113205,0.04666781078237169,0.15271205894092996,0.00376029977685695,38,True,0.302087444592948,0.2918465343219404,0.302087444592948,0.909502121243144
1234,0.14485990629310677,0.06883502057364645,0.0,0.1828138276538279,0.08450283765340565,0.08174460629401196,0.1393843495441937,0.0,0.29785945198780767,0.0,0,True,0.28480644015899886,0.29785945198780767,0.28480644015899886,0.8806243327014651
1235,0.06382546585578003,0.04632573538764251,0.0,0.29696722739247644,0.25618920480674245,0.015062631481509358,0.0,0.16266466226644666,0.08580953865288614,0.07315553415651652,71,True,0.315347254585402,0.29696722739247644,0.315347254585402,1.0596046759896383
1236,0.20672155708998954,0.10028338935972057,0.0,0.17881210551323612,0.0,0.10866231535101478,0.0,0.0,0.1566585824332629,0.24886205025277613,8,True,0.28817713252220045,0.24886205025277613,0.28817713252220045,0.18589225085278316
1237,0.0,0.09542317941430212,0.1491772361119862,0.1804454039145138,0.08379510847259418,0.24387845252836002,0.0,0.0,0.22308866124703366,0.024191958311209925,20,True,0.2842043211721171,0.24387845252836002,0.2842043211721171,0.3337139196490375
1238,0.09842370084449313,0.23573439692923598,0.0,0.15288596658897113,0.006988132906402859,0.04476486191673531,0.10221575991885576,0.28815991543097325,0.0,0.07082726546433268,9,True,0.2986393751624736,0.28815991543097325,0.2986393751624736,0.8887466699106786
1239,0.0,0.09761772294547684,0.19585240595606998,0.034854141273174176,0.03158656781175873,0.0,0.2650056748564418,0.33637165941078057,0.0,0.038711827746297924,28,True,0.36738591936844517,0.33637165941078057,0.36738591936844517,1.1156760695518297
1240,0.0,0.0,0.11518947823241865,0.10714011867099031,0.23125951834276096,0.001057767874557542,0.17672069969589457,0.22486473384082112,0.11286843607634361,0.030899247266213202,7,True,0.2715107846689356,0.23125951834276096,0.2715107846689356,0.25617337568055004
1241,0.10633083817629319,0.15932627971387503,0.03274153278118084,0.06803596234833745,0.11839502357498437,0.06672189340715956,0.16208991968725395,0.06303713419370861,0.09526501100821506,0.12805640510899202,9,True,0.12877069125709334,0.12934838690607312,0.12877069125709334,0.09195571916313917
1242,0.18077034741013723,0.11487382918272035,0.0,0.0,0.25072308453345876,0.22441714914367045,0.0,0.009241779968059463,0.1445875167563921,0.07538629300556174,20,True,0.2928704333890761,0.25072308453345876,0.2928704333890761,0.3293660711464911
1243,0.09681162990933811,0.15549253871241617,0.21055483629102362,0.0,0.06481861582913628,0.15670007265953587,0.016615006242899914,0.047257046465736065,0.1228521004904533,0.12889815339946056,20,True,0.20213061498399315,0.21055483629102362,0.20213061498399315,-0.013441074965249619
1244,0.1609171813867785,0.17763192025411492,0.11391931219654314,0.0943684045142306,0.05883950835649892,0.11981633443805151,0.010179837470255854,0.10767755027468709,0.1566499511088395,0.0,1191,True,0.18271775137848661,0.17763192025411492,0.18271775137848661,-0.5581160134142982
1245,0.26935369853695307,0.05539815700254507,0.1464435403196116,0.07726439875086615,0.03686702696691744,0.13678598508100723,0.11627324834397783,0.02290994554000429,0.0,0.1387039994581174,5,True,0.23746280818947973,0.26935369853695307,0.23746280818947973,0.9127504619536048
1246,0.07294527941890043,0.05576252304802817,0.12670294420779699,0.08735420880417842,0.144473896431797,0.12037312717192405,0.16224479338253175,0.09761551972430366,0.08599685161035228,0.0465308562001872,0,True,0.11353415725959765,0.11571393718234455,0.11353415725959765,0.2372910422012677
1247,0.10631357539145316,0.04396350638734433,0.19219912274120032,0.0,0.0,0.09386093188852339,0.13246418422872022,0.24457892736228895,0.1866197520004697,0.0,1159,True,0.2667925920516502,0.24457892736228895,0.2667925920516502,0.25949663360134495
1248,0.11966888375164686,0.0,0.10443672837664136,0.07740122007588521,0.1702041559299278,0.07457826780851666,0.23421234329757035,0.0,0.0840144467471958,0.13548395401261612,9,True,0.2145221302729025,0.23421234329757035,0.2145221302729025,0.2977625170527865
1249,0.001556283516516473,0.2495077573552177,0.18511830525587622,0.20932255718437046,0.0,0.0,0.0,0.2757286670693328,0.0,0.07876642961868624,38,True,0.35010242953246157,0.2757286670693328,0.35010242953246157,0.5005628397375571
1250,0.03187127028686503,0.0,0.0,0.0,0.2769048797328993,0.11256965909176285,0.0,0.18792545786335424,0.15437142322765116,0.23635730979746744,683,True,0.3246156347972221,0.2769048797328993,0.3246156347972221,0.5040574915676308
1251,0.0,0.0,0.0,0.0,0.16800224150188758,0.4811866326037367,0.0,0.0,0.0,0.35081112589437574,103,True,0.5318211866759932,0.4811866326037367,0.5318211866759932,1.6075236355497193
1252,0.09465805619666569,0.0,0.06419834278177612,0.020189089115860846,0.0,0.08369172241795035,0.16497965995481975,0.02868148994113837,0.25911240320204837,0.2844892363897405,8,True,0.3108178851325629,0.2844892363897405,0.3108178851325629,0.9566753689792726
1253,0.01745428580799917,0.009311388439936704,0.03533954119244529,0.2630536088668774,0.10899756495927788,0.08328500435478697,0.06132110245156206,0.040959886111081284,0.22781400429537327,0.15246361352065987,0,True,0.26502200541036863,0.25374222042694067,0.26502200541036863,0.9511228517960102
1254,0.0,0.018802101215277086,0.0,0.1595519884221529,0.09959961755136186,0.16003940526911745,0.2565522527125647,0.1678860458400308,0.0,0.1375685889894951,7,True,0.2725306414168798,0.2565522527125647,0.2725306414168798,0.2028675745191869
1255,0.1757590645018704,0.04981805378026804,0.0,0.3665872663682083,0.18164729304873245,0.22618832230092073,0.0,0.0,0.0,0.0,53,True,0.3897642971304316,0.3665872663682083,0.3897642971304316,1.064496297492245
1256,0.0,0.07678634232677711,0.07736989830002804,0.0731664012934895,0.3619912730570899,0.3417194683846887,0.0,0.0689666166379268,0.0,0.0,929,True,0.4120701843887899,0.3619912730570899,0.4120701843887899,1.5023995137394435
1257,0.1910624222606354,0.0506613685048286,0.1715979025765001,0.0,0.30954477111121836,0.0,0.20151178950911888,0.06556306910337838,0.010058676934320322,0.0,28,True,0.3306689027908805,0.30954477111121836,0.3306689027908805,0.7758655392835401
1258,0.2967224647643858,0.0,0.0,0.07029969948838512,0.1712929381491294,0.022228266475849297,0.2745447830231457,0.0,0.023566510545881048,0.14134533755322368,1248,True,0.34457271814068835,0.2967224647643858,0.34457271814068835,0.8635165600200171
1259,0.0,0.014648662294148365,0.21065582717225884,0.13006364218549132,0.06365488732645562,0.1320786677506279,0.0753614917155574,0.15686826905049822,0.0,0.2166685525049623,7,True,0.24543023635160716,0.2166685525049623,0.24543023635160716,0.12742306889049154
1260,0.1841064556608423,0.03304652068895941,0.13865279084136897,0.1266143587249021,0.15637427481567612,0.1660654445179295,0.002121946283746761,0.0,0.18792311862297306,0.005095089843601794,158,True,0.24004011870030753,0.18792311862297306,0.24004011870030753,-0.3453839148049816
1261,0.2986753339926164,0.027572327106528384,0.0,0.0,0.23672720840053593,0.028961333884695923,0.23860229054879958,0.0,0.12039871281408547,0.04906279325273837,28,True,0.34738995264593553,0.2986753339926164,0.34738995264593553,0.8228165964471519
1262,0.0,0.1172467843765923,0.06776265160770911,0.08996522160516933,0.3341520423027725,0.07329084142295998,0.17021348078498486,0.09185280577115269,0.0,0.0555161721286591,739,True,0.2897465679631389,0.3341520423027725,0.2897465679631389,1.703030147106915
1263,0.0,0.07755230115628965,0.09519477651758154,0.07721043718436255,0.0,0.24839736493840717,0.17789161800944206,0.16599560731838262,0.04379547376033752,0.1139624211151969,7,True,0.2384209591557726,0.24839736493840717,0.2384209591557726,0.506321759162951
1264,0.07551629358039268,0.17744596248206015,0.008580060880927002,0.14628284213848036,0.13323912940328309,0.1549331237398879,0.0,0.0,0.28368376797235717,0.020318819802611535,20,True,0.2851461741480081,0.28368376797235717,0.2851461741480081,0.5950495317524976
1265,0.09870064493224218,0.06007468024269406,0.0692695341717903,0.0,0.013889140861832286,0.10542557517291905,0.24098042908942077,0.1540463792364709,0.05501730421024851,0.20259631208238182,0,True,0.23522443879629684,0.24098042908942077,0.23522443879629684,0.6390106049045933
1266,0.0,0.20334657040846607,0.0,0.2687746088525107,0.19734675884258154,0.0929595844969071,0.06485152728056977,0.08577587464871604,0.06954057023226873,0.017404505237980147,188,True,0.27906786738963285,0.2687746088525107,0.27906786738963285,0.7239004578204405
1267,0.11362924902748713,0.00959670638275974,0.2612151573251596,0.10480487750665687,0.0,0.0831374653921232,0.15981428724000346,0.17830109751783854,0.05671465462652723,0.0327865049814442,28,True,0.24648804568531907,0.2612151573251596,0.24648804568531907,0.6907082873399222
1268,0.0,0.02903996825149462,0.23900579048261436,0.09368701996425598,0.13243802982513386,0.0776434102676005,0.06792479631678364,0.11379640686373795,0.0,0.24646457802837907,7,True,0.2619558448374018,0.24646457802837907,0.2619558448374018,0.7224194782838196
1269,0.017749419311633676,0.10672024638776771,0.292489607101936,0.06525359117251904,0.20891335298712316,0.06767918728650434,0.03664825455426344,0.0,0.15882855650128413,0.04571778469696844,1025,True,0.27999542229536417,0.292489607101936,0.27999542229536417,1.124381644292321
1270,0.11437376181796587,0.13955930802056016,0.2308892785733974,0.0,0.08878583043407129,0.014725624316520044,0.05912347471727923,0.13781352582349343,0.16117637535273166,0.05355282094398075,28,True,0.21284188091290543,0.2308892785733974,0.21284188091290543,0.311249647152749
1271,0.06097542403737907,0.15919472421567024,0.0,0.002105185851500055,0.14037703071586238,0.310198995045396,0.1849373346096168,0.0,0.09841105835607888,0.043800247168496495,20,True,0.3013296159244573,0.310198995045396,0.3013296159244573,0.9591712065406888
1272,0.2045199123545081,0.09170547877475846,0.09262820121779733,0.04815719055034473,0.07590775146256971,0.2033643514525896,0.03500362672095939,0.09782060488286541,0.09730061679605385,0.05359226578755328,355,True,0.17717251431187678,0.1695162856335487,0.17717251431187678,1.1579694972608328
1273,0.20491092182183498,0.04721172758443825,0.023257344200116648,0.07610795063289764,0.11164596894579899,0.21261100360053672,0.0,0.04797304877655359,0.19899381641943184,0.07728821801839131,20,True,0.2368384250339964,0.21261100360053672,0.2368384250339964,0.5050417704777637
1274,0.1729275643050281,0.17862021195289135,0.10176439288535549,0.11700755089251602,0.06916788828942284,0.016728101849595292,0.020077587393374268,0.2043889038810367,0.058734330464819615,0.06058346808596032,38,True,0.20054405782113602,0.18766080203144142,0.20054405782113602,0.35685591084761187
1275,0.08524769717444576,0.1303313091461386,0.149934359269128,0.13761377909898967,0.12865487591553035,0.18736663978324888,0.0,0.0,0.06867612054196298,0.11217521907055562,20,True,0.1860895171990338,0.18736663978324888,0.1860895171990338,-0.661134183604054
1276,0.0,0.0,0.07796518370584965,0.14298694080575586,0.2694827239196745,0.03352343367024026,0.0734774755615686,0.0,0.22983265834033886,0.17273158399657237,40,True,0.29719822437581767,0.2694827239196745,0.29719822437581767,0.5996823773340803
1277,0.15387260397185107,0.031221201572363938,0.14130589542272945,0.11449563509644829,0.04528908206898561,0.0404738338864287,0.3528861403900091,0.0,0.0,0.12045560759118382,0,True,0.3169472541002599,0.3528861403900091,0.3169472541002599,1.6148541833033652
1278,0.2881645503644154,0.07508032284047181,0.0,0.09645474170393592,0.008915767259754941,0.2369835700567796,0.022344092131781138,0.0,0.18464086658690054,0.08741608905596063,20,True,0.31056909736387106,0.2881645503644154,0.31056909736387106,0.8259110596166249
1279,0.04701534213808309,0.1256350569310402,0.1255162930019218,0.07348996699675923,0.10695878919413908,0.0,0.0,0.13834214706421016,0.08115564155919396,0.3018867631146524,102,True,0.25971198109731913,0.3018867631146524,0.25971198109731913,1.3153832585472882
1280,0.20995233979915143,0.08858642273877894,0.03215171870877,0.15889326404943274,0.0384249099321083,0.26605293806586355,0.0,0.04532729944193086,0.16061110726396408,0.0,20,True,0.2798561649580487,0.26605293806586355,0.2798561649580487,0.6200630347113328
1281,0.0,0.1693859224009652,0.21751580314289296,0.2741572379387242,0.1425536488450375,0.02746083571635137,0.0,0.0,0.16892655195602876,0.0,53,True,0.3174566532485048,0.2741572379387242,0.3174566532485048,0.3823602566408615
1282,0.12107785164875996,0.20802605437631577,0.09716121029951821,0.0,0.06335936146298429,0.2793787707667433,0.04886842732840118,0.0,0.18212832411727714,0.0,20,True,0.2915488674674917,0.2793787707667433,0.2915488674674917,0.6677581709898863
1283,0.07422517510360167,0.03509866963483104,0.012383358104253098,0.2889595320831408,0.005824318428231748,0.0,0.23008526475684082,0.06793005682230899,0.16821291934079158,0.11728070572600013,9,True,0.3000504066001954,0.2889595320831408,0.3000504066001954,0.8939211603303936
1284,0.09061153060681783,0.21258389352508908,0.2501586452193076,0.08968719686216237,0.0,0.0,0.1539962048394936,0.0,0.045755898944352405,0.15720663000277701,28,True,0.27303454036834146,0.2501586452193076,0.27303454036834146,0.3677103358006921
1285,0.21437716292899875,0.08381271072983296,0.3083781484565604,0.11145601483785375,0.004431138272535909,0.0,0.03679576346464545,0.1612865290693857,0.0,0.07946253224018703,28,True,0.30692485373297884,0.3083781484565604,0.30692485373297884,0.9906137918598322
1286,0.15567283938971715,0.03706607178076334,0.17777510162407925,0.13135391845684144,0.0,0.21811942240785348,0.0,0.1819833400891913,0.09802930625155401,0.0,38,True,0.25449858278199994,0.21811942240785348,0.25449858278199994,-0.08562366286814733
1287,0.18324121906480573,0.11608537726339595,0.05875272155156966,0.0,0.2413868115664654,0.11659110307563937,0.23477895050627542,0.0,0.04916381697184836,0.0,5,True,0.28267358575421503,0.2413868115664654,0.28267358575421503,0.44140069187420833
1288,0.10482469884820421,0.09836867955353189,0.1446458219607448,0.0,0.01831816939199222,0.13005781986707937,0.01475690334599621,0.07937246705095632,0.11756767869961125,0.2920877612818838,7,True,0.2539543154633703,0.2920877612818838,0.2539543154633703,1.1530814935829867
1289,0.0,0.0912759703873293,0.19423719523303756,0.002064933583173595,0.17841518657606312,0.09746761026653296,0.17142723609345525,0.0,0.07705283594405878,0.1880590319163494,0,True,0.24101079824743676,0.19423719523303756,0.24101079824743676,-0.15691009388376118
1290,0.0,0.0,0.0,0.39804344329428737,0.0,0.27032177755221853,0.2599323939984042,0.04878717390336258,0.022915211251727255,0.0,38,True,0.44942473325629684,0.39804344329428737,0.44942473325629684,1.2357854626052611
1291,0.031207248204399744,0.0,0.06553979998278074,0.1997787756339526,0.165325881086706,0.2516581440523897,0.24922718653084563,0.0,0.0259909817972864,0.011271982711639277,666,True,0.31426448188776174,0.2516581440523897,0.31426448188776174,0.5573567201767178
1292,0.0,0.02691956154105235,0.0,0.12129325538357862,0.04669246990460731,0.08527380250709496,0.17221957754270853,0.1808952921512568,0.0383252956812289,0.3283807452884725,7,True,0.3107635057590644,0.3283807452884725,0.3107635057590644,1.255507188598773
1293,0.0,0.024540793176071007,0.11318160136111215,0.09231622473119651,0.12911336128358655,0.051371684228407696,0.14445732278883663,0.1808908873504779,0.12783241490262362,0.13629571017768802,7,True,0.17248477878886764,0.1808908873504779,0.17248477878886764,-0.6077141749452648
1294,0.12593709984942295,0.06314874951713971,0.018883027887702554,0.19788529630493137,0.0,0.12488680165856424,0.10971243468289198,0.0,0.21150113048410601,0.14804545961524124,9,True,0.23161777734288114,0.21150113048410601,0.23161777734288114,-0.034699768892714984
1295,0.2870325633177189,0.16975226837657756,0.024664419572267532,0.20245750086776645,0.0,0.0,0.04641173175957816,0.09082237246506934,0.0,0.178859143641022,424,True,0.30853564416984147,0.2870325633177189,0.30853564416984147,0.6212446066799507
1296,0.1497217281075386,0.039024967480129374,0.04775825002777445,0.16029886883556763,0.22764115264245569,0.27838879234279246,0.0,0.09716624056374192,0.0,0.0,835,True,0.3011282353645469,0.27838879234279246,0.3011282353645469,0.6494803905561926
1297,0.14298478554458954,0.0054026371934289595,0.014214307215786816,0.0813190641057976,0.36101203897205003,0.08242032583251796,0.17836523007687374,0.0,0.13428161105895536,0.0,0,True,0.3380195007164583,0.36101203897205003,0.3380195007164583,1.4460873749709284
1298,0.22588940381081257,0.05179381141867226,0.0,0.09471102247052711,0.07157522160024783,0.1377090692047628,0.0010077126478456118,0.1909709086891278,0.142535273699745,0.08380757645825901,733,True,0.2248922343965143,0.22588940381081257,0.2248922343965143,0.25356071059644153
1299,0.098474494622574,0.03273069503889324,0.08364487161458997,0.13885830688225823,0.12029065166328122,0.23048941342977475,0.056628540439020734,0.15391404883225726,0.05568897422600944,0.02928000325134122,20,True,0.18840577344721549,0.20120941017843352,0.18840577344721549,0.9053351207939134
1300,0.0,0.024468664523069682,0.21912549327319097,0.14262327774044095,0.2165828702982667,0.0,0.16992204119798998,0.0,0.22727765296704175,0.0,40,True,0.31047200844669237,0.22727765296704175,0.31047200844669237,0.16606158978137775
1301,0.181831350618181,0.20047833899126535,0.17421856173093592,0.0653880800678533,0.16502511946564458,0.056111496334847265,0.0,0.0523558824447998,0.10459117034647279,0.0,944,True,0.22791260201114139,0.20047833899126535,0.22791260201114139,0.0038341509518307593
1302,0.26594803693623786,0.028507394904235248,0.1556452506976052,0.08949694531752121,0.0,0.0,0.14300376360900904,0.04488330665526902,0.10178877830450804,0.17072652357561433,8,True,0.25641619696100254,0.26594803693623786,0.25641619696100254,0.5875773239937909
1303,0.19544187375919866,0.0,0.0,0.303161782479891,0.13183143353387797,0.0,0.31816468986793955,0.0,0.05140022035909286,0.0,9,True,0.38904353454878804,0.31816468986793955,0.38904353454878804,0.9269997958985229
1304,0.07935206925710798,0.14812088850510147,0.09732662960553307,0.12517317787360382,0.16103913794887123,0.07223486324023375,0.08108604584114686,0.0,0.11967005588823662,0.11599713184016519,20,True,0.13740461752254476,0.16103913794887123,0.13740461752254476,-0.9692114191433089
1305,0.022906714317713312,0.0825365680137034,0.18646277670489014,0.10897737837678378,0.11291224954523056,0.06333214052305598,0.145157691238469,0.25856465071623635,0.0,0.01914983056391745,7,True,0.24297062532660965,0.25856465071623635,0.24297062532660965,0.7024269995504956
1306,0.08789146817455781,0.0,0.02098148715093619,0.243241923558439,0.0,0.0,0.015519056247737925,0.26113320042507954,0.24571413095979952,0.1255187334834501,330,True,0.33450492139434623,0.26113320042507954,0.33450492139434623,0.6146773605336452
1307,0.0,0.12149823584898256,0.0,0.004565679120484751,0.4355551466317788,0.07175945226359724,0.2402829482484769,0.0,0.012582265379420218,0.11375627250725952,878,True,0.42482357472561755,0.4355551466317788,0.42482357472561755,1.7605985389651007
1308,0.09709713676013598,0.0,0.08641758311538233,0.17618631926437744,0.0065932799509092945,0.17915932355785208,0.20686885001508543,0.0,0.11921801872754313,0.12845948860871417,0,True,0.23149190828658575,0.20686885001508543,0.23149190828658575,-0.19000553693665118
1309,0.13970653116696669,0.1942430278312036,0.18137628832792263,0.04166588833708652,0.015114949564540245,0.3042719884840849,0.015263440753578597,0.03027198572928887,0.04195580611689148,0.036130093688436546,20,True,0.2981721259392903,0.28915703891954464,0.2981721259392903,1.096093366085031
1310,0.18056282544099944,0.0,0.15155649586576228,0.0,0.11319226575581096,0.0,0.19298745986039056,0.2114565776388214,0.011625141718217909,0.1386192337199974,28,True,0.26399483738220425,0.2114565776388214,0.26399483738220425,-0.1593440627648476
1311,0.1738425742978774,0.006317882001087443,0.05989952792426738,0.1251690848735995,0.0,0.05253418140290523,0.212439516985231,0.17096733512562473,0.0692666251917076,0.12956327219769975,9,True,0.21959311160806055,0.212439516985231,0.21959311160806055,0.07108882210338428
1312,0.09299266220249969,0.16253118948469003,0.08373486711044378,0.04117641974470688,0.11123581785785341,0.14810917548210345,0.02571873272395496,0.0,0.11411723571489418,0.22038389967885363,8,True,0.20083337189346898,0.22038389967885363,0.20083337189346898,0.22529969984516585
1313,0.0,0.2271981083980719,0.1178459443838354,0.2537926439949826,0.05230672089762529,0.011451038343534246,0.0,0.20926830713843456,0.047357269658474276,0.08077996718504166,38,True,0.2921400537482994,0.2537926439949826,0.2921400537482994,0.6091397276684413
1314,0.03562035909241007,0.027497925121264467,0.1882845352251771,0.21562626200737672,0.003538717225432123,0.0056622403760118595,0.07944121730932527,0.18595944109841556,0.0652598563018968,0.1931094462426901,38,True,0.25779295614830944,0.2120875447819446,0.25779295614830944,0.27155733975271307
1315,0.0,0.11955909463839648,0.008133655765180865,0.0,0.2626410629825127,0.046298968650516206,0.0,0.1402400453217789,0.3798571066056021,0.04327006603601263,86,True,0.38899286149612117,0.3798571066056021,0.38899286149612117,1.4131166074049581
1316,0.06769593167628125,0.16058310241751894,0.1472578568223125,0.0,0.08503251939340394,0.0,0.0,0.20930645153220184,0.1416794679165019,0.18844467024177963,102,True,0.24223693715551214,0.20930645153220184,0.24223693715551214,-0.1685613190127715
1317,0.1585283475842238,0.0,0.0,0.6306352098177684,0.05675385681337618,0.0,0.0,0.0,0.15408258578463166,0.0,40,True,0.5914342299486537,0.6306352098177684,0.5914342299486537,2.6045977449518753
1318,0.0643530620719499,0.15197781774601837,0.0,0.09169097020193874,0.0,0.09393506488029393,0.08207740261292533,0.18159037748490897,0.10898966402662398,0.2253856409753407,9,True,0.21646894316001453,0.2253856409753407,0.21646894316001453,0.2231883399007316
1319,0.08504662636958216,0.19585001972230676,0.0,0.23555856880954848,0.06956618128819111,0.18820909343430145,0.0,0.0619320531722397,0.16383745720383042,0.0,20,True,0.26836245312116075,0.23555856880954848,0.26836245312116075,0.2389330194179294
1320,0.23366174422165012,0.10974361273418849,0.0,0.0,0.24679594138469688,0.0,0.023433224702204356,0.18096731975380406,0.10689417375834476,0.09850398344511126,9,True,0.28631694659846396,0.24679594138469688,0.28631694659846396,0.4208960756679824
1321,0.03599046021241706,0.10019035151135401,0.3910030700474661,0.0,0.09592731210841365,0.2179768439884101,0.0,0.12258876012968961,0.036323202002249345,0.0,616,True,0.3705133646525283,0.3910030700474661,0.3705133646525283,1.6791808751784196
1322,0.10760979847169161,0.07991498136415355,0.22966718002252678,0.07423287105659257,0.16682614348145713,0.057782531963196916,0.13264211576182974,0.038799843200599815,0.0,0.11252453467795193,28,True,0.19787551252740823,0.22966718002252678,0.19787551252740823,0.5740875960245608
1323,0.002043535804302688,0.15926622576028038,0.1892564135936535,0.0,0.1431940702896405,0.18320755085693463,0.14237438297470653,0.0,0.17622676088331923,0.004431059837162556,0,True,0.25807637574967296,0.1892564135936535,0.25807637574967296,-0.3747822346759501
1324,0.1173964378519079,0.02294804500514071,0.10887133462672281,0.0750254426015429,0.11603127415060362,0.20282510955129976,0.1527723364275183,0.015193324159150782,0.1676469476372006,0.02128974798891277,0,True,0.19626660152551403,0.18763178539214898,0.19626660152551403,-0.008349587233746101
1325,0.04216253032326339,0.10007161118666809,0.0,0.0,0.059456729743324305,0.0,0.43007194811870336,0.02034527624168374,0.25812678017861523,0.08976512420774187,29,True,0.4187960506426774,0.43007194811870336,0.4187960506426774,1.8454599009834525
1326,0.2444578507440061,0.0,0.05542924832121375,0.3031303679183255,0.0,0.0,0.11600631570181315,0.0,0.09826018131638918,0.18271603599825229,8,True,0.33349323927193186,0.3031303679183255,0.33349323927193186,0.7964605073958153
1327,0.19896411434161865,0.004624892857308981,0.06541191100695065,0.15697716590817684,0.0,0.09667763674249213,0.15376784918920705,0.0,0.2426123680956598,0.08096406185858586,8,True,0.2587193740403753,0.2426123680956598,0.2587193740403753,0.2802637957937186
1328,0.21610863571875621,0.18971325977455752,0.10235799324405113,0.0,0.06531663214437562,0.0,0.20199225007892624,0.0,0.22451122903933324,0.0,28,True,0.2977308274916173,0.22451122903933324,0.2977308274916173,0.175749725256076
1329,0.16447503051784382,0.14160892965881688,0.06063437056553101,0.06621499740788506,0.15218456911925196,0.22614199980589894,0.04093929322285643,0.0,0.124271976841911,0.02352883286000487,20,True,0.2171165136195929,0.22614199980589894,0.2171165136195929,0.27510897764227005
1330,0.19508377651869474,0.15109147359517688,0.22993715731465897,0.02202417767254432,0.19860138628519358,0.030140817398923547,0.09479149841152776,0.0,0.017426853943828917,0.060902858859451396,28,True,0.25998410548467854,0.22993715731465897,0.25998410548467854,0.3643758767441615
1331,0.0,0.0674194941483284,0.09586867037864369,0.21762604824248463,0.0,0.05999668707197185,0.12997384702661863,0.31082703459769334,0.10953807436038702,0.008750144173872319,38,True,0.3004641252961452,0.31082703459769334,0.3004641252961452,1.129145759561352
1332,0.09396101146763132,0.0,0.20054236879544723,0.0,0.2824252245527373,0.0900165387599971,0.21739345213475622,0.06729887994739597,0.0,0.04836252434203486,7,True,0.30172981971637824,0.2824252245527373,0.30172981971637824,0.7550898841158943
1333,0.026741523412979515,0.15061313686806313,0.18643684475670896,0.05518864914715876,0.05357653116942127,0.0,0.12768501972534302,0.21749537306133948,0.0,0.18226292185898588,28,True,0.24678295948319745,0.21749537306133948,0.24678295948319745,0.09785917407653454
1334,0.07652467677654252,0.10808310825745493,0.05953980801600097,0.27406828277558587,0.06306215268288988,0.09327997669707282,0.0777638435043355,0.16521477851683208,0.0,0.08246337277328541,38,True,0.22139948556438163,0.27406828277558587,0.22139948556438163,1.5224090512588273
1335,0.12061267339040553,0.0,0.18871546987742183,0.0901914302190588,0.06585409593506111,0.04566222270179968,0.2546243354960783,0.13220680970067916,0.0348430500174502,0.06728991266204543,9,True,0.22972027209309226,0.2546243354960783,0.22972027209309226,0.9046431764412591
1336,0.10982619124240965,0.14800862114321808,0.19291591951035764,0.06192276079299542,0.0,0.10976646915121299,0.03340953979690606,0.014163294602612165,0.13658197631444696,0.193405227445841,8,True,0.21081986811253722,0.193405227445841,0.21081986811253722,-0.08178306312047748
1337,0.1138490255123198,0.14238189906950055,0.2387248997712558,0.02632594525589243,0.08986937439029528,0.0,0.19411731895502637,0.05391118366312892,0.0,0.14082035338258095,28,True,0.24374508113908624,0.2387248997712558,0.24374508113908624,0.2981530595700893
1338,0.0,0.16683592214723397,0.2113229548919277,0.0,0.0,0.0,0.05921630165622405,0.24214057937307132,0.06334261898012422,0.25714162295141874,7,True,0.3236732123257839,0.25714162295141874,0.3236732123257839,0.476996147493416
1339,0.12270255290989573,0.0,0.12432867978387498,0.1793394242534615,0.033106564414369294,0.15628354407239262,0.1411461116943593,0.0,0.04929230833042872,0.1938008145412178,404,True,0.21933414959357908,0.1938008145412178,0.21933414959357908,-0.29530505439471516
1340,0.0,0.08530457221324164,0.0,0.10398893417462901,0.10767218136899952,0.21416353820248904,0.11401949090783547,0.24505268874926328,0.05243430741864829,0.07736428696489372,15,True,0.23944883016964652,0.24505268874926328,0.23944883016964652,0.6612184279713151
1341,0.0,0.05950257396624295,0.08808583218197828,0.14670890029260478,0.05708621749568597,0.26278729613177587,0.30721452183737297,0.01652925714118853,0.020936675202819693,0.04114872575033102,0,True,0.31925649808564477,0.30721452183737297,0.31925649808564477,1.2545630202645395
1342,0.08571055968239423,0.33717951158515874,0.0,0.0,0.0,0.3974553781728792,0.0,0.0,0.09653828700733183,0.083116263552236,20,True,0.44185411035500916,0.3974553781728792,0.44185411035500916,1.5063967442129258
1343,0.0,0.15076730392653348,0.144215413106782,0.0,0.13186525092814116,0.007050775839165656,0.31927560924345877,0.07030728921943816,0.02564897182361241,0.1508693859128684,28,True,0.30210344931763566,0.31927560924345877,0.30210344931763566,1.0451124143387334
1344,0.028594071565878787,0.015462513814624232,0.04080909762126397,0.0,0.026250529719025476,0.2173783842230269,0.4027364752300226,0.0,0.20818149126933613,0.06058743655682192,0,True,0.3998394480352601,0.4027364752300226,0.3998394480352601,1.583405202640944
1345,0.11960466578350756,0.01928068168738586,0.2754152955512246,0.1258345262361955,0.09156830072697512,0.08384535653816741,0.08385781618753158,0.005443275009330814,0.053407414892571524,0.14174266738711008,1285,True,0.22756280362418282,0.2699720205418938,0.22756280362418282,1.2772077815024412
1346,0.18747001719091377,0.0,0.1293832057115992,0.022804648525632673,0.047974546344803345,0.06752328881396297,0.21397498162838444,0.1769023130406952,0.0,0.15396699874400838,28,True,0.2450542444309948,0.21397498162838444,0.2450542444309948,0.038748541131796876
1347,0.03167957705135302,0.10939680120469777,0.21907118488801078,0.0,0.12805699525265166,0.0,0.16451991643907118,0.09860834348588064,0.09637667496614104,0.1522905067121938,57,True,0.21594745661776565,0.21907118488801078,0.21594745661776565,-0.07309255788078531
1348,0.1672042534856369,0.0,0.11201438259740447,0.14660360786294122,0.0,0.12973526757332685,0.10917933553497951,0.14194397634635253,0.0,0.19331917659935868,8,True,0.21970176502032956,0.19331917659935868,0.21970176502032956,-0.5940736592721516
1349,0.025640145931911478,0.32085082184900043,0.1490949278705895,0.0,0.18799706316743553,0.0,0.06160372411220682,0.15788002444898638,0.07936602198967076,0.017567270630198917,86,True,0.31065021427526934,0.32085082184900043,0.31065021427526934,1.0918897587692273
1350,0.09992079932516655,0.016417392890972847,0.2636093194391891,0.0,0.23794496051746405,0.0,0.28296496600768845,0.09005026214281059,0.009092299676708425,0.0,28,True,0.3530187899688896,0.28296496600768845,0.3530187899688896,0.7495238862876241
1351,0.07788557106096798,0.0816722340114968,0.12996677937783185,0.0,0.023503217410960595,0.1094463330561115,0.22977739790343368,0.16774609185107908,0.12185152158209363,0.05815085374602487,7,True,0.2032842832087875,0.22977739790343368,0.2032842832087875,0.4450290795835223
1352,0.21173776831654534,0.0776407561038525,0.19534467552412188,0.04127252112027968,0.08665422440197265,0.034731525605394636,0.003456554811818348,0.14214380861750645,0.09542680888576408,0.11159135661274441,9,True,0.20301448986989376,0.208281213504727,0.20301448986989376,0.4231457373195299
1353,0.03500057934154228,0.07954695095235097,0.0,0.09068708164314056,0.0,0.3816123633017923,0.16227863952374594,0.0,0.12242973244697095,0.12844465279045714,20,True,0.3452916529905754,0.3816123633017923,0.3452916529905754,1.760349989392121
1354,0.1588591487948614,0.13866051563951798,0.01244254313211566,0.126853750621919,0.07827106822865958,0.08975882064177346,0.12858843254314287,0.056363088608647346,0.16678318893366423,0.04341944285569844,9,True,0.15590486700079406,0.15434064580154858,0.15590486700079406,-0.34093635484892676
1355,0.1595419936284491,0.05784521167481386,0.0,0.12046415609208631,0.22317354561345756,0.0,0.23182561082413236,0.09240149943156564,0.096110492633111,0.01863749010238431,0,True,0.2549186034246699,0.23182561082413236,0.2549186034246699,0.399610089564799
1356,0.13284310985642264,0.05055451181162538,0.1358785600156312,0.2182889340513238,0.1523045093057055,0.0,0.021458959138776282,0.15979402958736988,0.12887738623314532,0.0,38,True,0.2282909445384332,0.2182889340513238,0.2282909445384332,-0.15371019992430623
1357,0.21254240331838087,0.2780129720102562,0.12475607065111846,0.0,0.01880454996152451,0.0,0.2083341638370483,0.13661387445094125,0.016515726398570015,0.004420239372160318,28,True,0.31739873397140445,0.2780129720102562,0.31739873397140445,0.5174062435021478
1358,0.19267094581685604,0.22928148846012034,0.0,0.08067912727594603,0.10138260317188423,0.2260921344166307,0.0,0.0,0.10548142171544284,0.06441227914312,20,True,0.26994920520897314,0.22928148846012034,0.26994920520897314,0.3639594927414218
1359,0.14138970365341003,0.09490469631245205,0.17486499494818347,0.17184342674589514,0.06498936566887585,0.051330115069619486,0.0004947093096571096,0.0,0.17114987620858546,0.12903311208332152,57,True,0.20471039713674372,0.17486499494818347,0.20471039713674372,-0.39236280052192213
1360,0.005020029322634209,0.1263341115609659,0.21106708095871674,0.0,0.1681342071236666,0.0,0.16187795227552415,0.24641123686094307,0.07610133426961298,0.005054047627936257,28,True,0.2855588525455544,0.24641123686094307,0.2855588525455544,0.21800647090149525
1361,0.0,0.1491677861543721,0.15014214667666922,0.09140717459511154,0.03840651894526717,0.0,0.10282972828754282,0.26759440520152494,0.20045224013951218,0.0,256,True,0.27746323034165404,0.26759440520152494,0.27746323034165404,0.47955662775700075
1362,0.0,0.22905879230951956,0.08720423438311835,0.20540326903346628,0.10008901160897664,0.0,0.0,0.21591858094019784,0.16232611172472144,0.0,38,True,0.29197846178448394,0.22905879230951956,0.29197846178448394,0.1684703617222138
1363,0.125056730773406,0.0809633675130466,0.03318163610951824,0.09598343348337102,0.08090742876274787,0.1314551062697416,0.08764748573284814,0.15507285857429448,0.13836808760778788,0.0713638651732381,38,True,0.11091777316881055,0.12189122246477624,0.11091777316881055,-0.18478274178905904
1364,0.0,0.08515709146647102,0.0,0.15905225318755584,0.33771338365535486,0.242823150073614,0.0,0.1447307602392918,0.027997543485742234,0.0025258178919703484,53,True,0.35679125036832365,0.33771338365535486,0.35679125036832365,1.0187310406982673
1365,0.10119383160312637,0.1089695328992245,0.27131838928228763,0.0,0.17963923030176374,0.0,0.014085267025077366,0.12489332278355647,0.14083157971776428,0.0590688463871997,57,True,0.25907117045966943,0.27131838928228763,0.25907117045966943,0.62860814290349
1366,0.0,0.0,0.08505310846523001,0.0,0.15283373695199207,0.15681715557288947,0.25938771244623865,0.228318698002359,0.0,0.11758958856129086,7,True,0.29735925621355624,0.25938771244623865,0.29735925621355624,0.3558438054184911
1367,0.2540292194402699,0.09180080882080327,0.0863905247577248,0.0,0.0,0.08444511088174693,0.11620526650722483,0.110292661032876,0.17579597250971235,0.08104043604964206,125,True,0.22514982482074405,0.2540292194402699,0.22514982482074405,0.6838966513239793
1368,0.0,0.05005330076937753,0.246489736748541,0.0668100785765268,0.16766226610506255,0.0,0.05918445778817289,0.21845968541837407,0.047088361410117754,0.1442521131838274,28,True,0.2647454729551119,0.246489736748541,0.2647454729551119,0.5709061920392269
1369,0.09911500405905448,0.05169281028718753,0.1250255018373639,0.20836637690378637,0.0,0.0,0.11481330231234886,0.0,0.0,0.4009870046002588,9,True,0.3814662842832428,0.4009870046002588,0.3814662842832428,1.6514790150433225
1370,0.040284244471570425,0.22293741072977447,0.0,0.20207349632085497,0.08319608704497666,0.00625511868446145,0.14928661643298452,0.08070485441464204,0.20649190989085442,0.008770262009881106,818,True,0.26577042066117956,0.22293741072977447,0.26577042066117956,0.28784115369816676
1371,0.08325269343283193,0.2243955331180286,0.0,0.0,0.0,0.05922294870955531,0.01811454337967716,0.0,0.399217917283837,0.21579636407607,20,True,0.4087332587541054,0.399217917283837,0.4087332587541054,1.4083855675460348
1372,0.052218309208469905,0.0,0.09338155144061486,0.1956185691311685,0.08567970361138325,0.356772545575855,0.0,0.0,0.2163293210325085,0.0,8,True,0.3621319187547122,0.356772545575855,0.3621319187547122,1.2054460221219723
1373,0.0,0.22979185764769247,0.0,0.10358288001650771,0.34309692220451604,0.0,0.030700335965741638,0.11379361959611894,0.0440623736551538,0.13497201091426947,86,True,0.3395580125567162,0.34309692220451604,0.3395580125567162,1.2538166256690668
1374,0.0,0.010796997473846052,0.06284888981592265,0.34990482924943567,0.06995392395896886,0.02548586249085231,0.0,0.3964875309679706,0.06639429959484959,0.018127666448154334,38,True,0.44043411065039506,0.3964875309679706,0.44043411065039506,1.6626921548042162
1375,0.12343469304906672,0.1605939571826359,0.06727670979996851,0.12736318285828455,0.1440520790319007,0.0,0.10968022598099073,0.1900758130788635,0.02534750600488143,0.052175833013407884,9,True,0.1845222488876433,0.1900758130788635,0.1845222488876433,-0.29090928386348613
1376,0.15527497571856527,0.21220911440874665,0.00015742356944284898,0.06635755409898203,0.002349003351900102,0.14146035404138851,0.08827690801409985,0.0,0.2112055386059094,0.12270912819096536,20,True,0.2470243871376189,0.21220911440874665,0.2470243871376189,0.018352894075746782
1377,0.12990599717980078,0.17973568474631751,0.04322757036781249,0.27715576744601284,0.020629832468580817,0.18290565672035514,0.0029102336167211623,0.06025069295343642,0.06565806541944916,0.037620499081513645,20,True,0.26666344885984034,0.2742455338292917,0.26666344885984034,0.9332704585533028
1378,0.1726575401402337,0.19941837200346052,0.0,0.10125232749788247,0.04751856514614888,0.3103448806913383,0.0604948826506303,0.0,0.05382834010105553,0.054485091769250316,20,True,0.2965266469281425,0.3103448806913383,0.2965266469281425,1.1900240530882975
1379,0.15925189458193934,0.10567203280491361,0.004423769349204107,0.1963533037851712,0.0,0.3490606334819803,0.0,0.0,0.07577668630222364,0.10946167969456778,20,True,0.33862844748043497,0.3490606334819803,0.33862844748043497,1.223192446235958
1380,0.12706592077079876,0.2637102861660309,0.0,0.05093527996814642,0.13096219450337662,0.0,0.07453720036655724,0.012510379373723445,0.13516939255853552,0.2051093462928311,102,True,0.26737104337895173,0.2637102861660309,0.26737104337895173,0.5567146255552432
1381,0.034684916207443586,0.0,0.1443808069930979,0.07274267340344205,0.17011751616341245,0.05393105014162503,0.10236956950852055,0.16534568649340167,0.0,0.2564277810890567,7,True,0.2505250817118998,0.2564277810890567,0.2505250817118998,0.5109159111228276
1382,0.0,0.10514433950072309,0.05614472926547959,0.0,0.10304488346575467,0.1436291183198264,0.16849378356815764,0.20504825916477895,0.04184409059184353,0.17665079612343615,7,True,0.22101246518524853,0.20504825916477895,0.22101246518524853,-0.09271760592615236
1383,0.1507607271324778,0.1567350049092355,0.010394804839240507,0.07465237877567374,0.10933120789975481,0.06616889164309095,0.1287993683508554,0.27266939739887763,0.0,0.030488219050793693,9,True,0.2473352634428705,0.27266939739887763,0.2473352634428705,0.836680220802554
1384,0.11182440530205248,0.0,0.043341849681301246,0.1855615855432944,0.13398530898199681,0.013677542147335662,0.056134141584876625,0.13587144322547245,0.24068386815175616,0.07891985538191416,9,True,0.2296184066318004,0.24068386815175616,0.2296184066318004,0.4890818386748504
1385,0.002579604576023117,0.12137192584411842,0.0,0.05334344406050611,0.11347048654940993,0.1746095293839009,0.17656426362446087,0.23650780884688571,0.0,0.12155293711469489,9,True,0.2506658337160341,0.23650780884688571,0.2506658337160341,0.09617713543606043
1386,0.25011664186071747,0.14497853995555046,0.0,0.0,0.0,0.0,0.17723157493449312,0.07088626547702626,0.0,0.3567869777722125,9,True,0.38380978736633997,0.3567869777722125,0.38380978736633997,1.0507534140872703
1387,0.0,0.1436774270084476,0.0008730158315493283,0.17610741776141378,0.0,0.0,0.1394171420821263,0.167226351879476,0.24096061127940957,0.1317380341575775,9,True,0.27290383998785894,0.24096061127940957,0.27290383998785894,-0.0464884929098027
1388,0.0,0.031983081641126586,0.1134032018701999,0.0,0.1443403084093661,0.0,0.19431286359407288,0.24014833767427568,0.10432549668123245,0.17148671012972647,7,True,0.2654007204062125,0.24014833767427568,0.2654007204062125,0.14682845284930474
1389,0.07372979554514857,0.10264453039569044,0.28480002744776517,0.0037676501752819474,0.14126231672299364,0.0,0.1920983040591383,0.0,0.0,0.2016973756539819,28,True,0.30762942818823485,0.28480002744776517,0.30762942818823485,0.5545320186886802
1390,0.046305763692459895,0.0,0.14764639821316647,0.0,0.18118153583688731,0.11821496970459093,0.14928340987248323,0.04736314978464039,0.15100348210922854,0.15900129078654326,156,True,0.20822458343939745,0.18118153583688731,0.20822458343939745,-0.49580138977853094
1391,0.2222261848706023,0.0,0.19505900315869498,0.09086377612684896,0.06749433595050144,0.22407034690896385,0.06263220399982042,0.04312708971790215,0.0945270592666659,0.0,8,True,0.2552838171442805,0.22407034690896385,0.2552838171442805,0.5237039495979594
1392,0.1271000666069179,0.0,0.04650720659653326,0.19978978639537148,0.1873633386650664,0.09064020501505421,0.0,0.0,0.2268843294602094,0.12171506726084742,40,True,0.26047078519215283,0.2268843294602094,0.26047078519215283,0.12298080719761481
1393,0.0,0.05811070765070888,0.18692904668930746,0.13208946149601752,0.0,0.3854190609001321,0.22676543693215184,0.010686286331682211,0.0,0.0,20,True,0.39478039627858874,0.3854190609001321,0.39478039627858874,1.2916511307009766
1394,0.35402778930975415,0.0,0.1652482443847425,0.06606305006435667,0.0,0.006872243419463558,0.17556847535654882,0.0,0.13932897595379082,0.09289122151134359,9,True,0.34047003436783957,0.35402778930975415,0.34047003436783957,1.2651772591737562
1395,0.11113265309663228,0.03267249163350545,0.0,0.1818317097383733,0.13574919572449562,0.0,0.17887228398186708,0.3347055863318671,0.0,0.025036079493259204,637,True,0.33099622637593135,0.3347055863318671,0.33099622637593135,1.063922131359531
1396,0.033032458683879024,0.17668367093233034,0.29155723195482813,0.0,0.040470889232117654,0.0,0.21661085600183327,0.17036977838915468,0.07127511480585683,0.0,6,True,0.3161930448286785,0.29155723195482813,0.3161930448286785,0.6974089474964703
1397,0.21080823868764287,0.38429556232799,0.004932268340629479,0.1022425020321658,0.0027923188727094067,0.2949291097388625,0.0,0.0,0.0,0.0,20,True,0.4354216646337187,0.38429556232799,0.4354216646337187,1.1795903706338842
1398,0.22388073737240863,0.15931914602477443,0.09808521178190176,0.1038421487573716,0.09648520465637171,0.08979337201140068,0.0,0.08603997820218565,0.06461619548832548,0.07793800570525994,310,True,0.1758800249085051,0.22388073737240863,0.1758800249085051,0.7244382521150814
1399,0.17320946173364496,0.0,0.0,0.1925609003930097,0.2844407266192275,0.07925762169432535,0.03061062764526177,0.0,0.23992066191453063,0.0,40,True,0.33581013994351616,0.2844407266192275,0.33581013994351616,0.5799049072003671
1400,0.0,0.17566676951589838,0.27736302919287475,0.08013428161724281,0.054736000531429053,0.1365688927206316,0.041521957724740835,0.14359949486598986,0.09040957383119277,0.0,1127,True,0.25763625156027115,0.27736302919287475,0.25763625156027115,0.8427140485393576
1401,0.0,0.09824904669704553,0.11233701944854904,0.06059792608685831,0.045215537916375274,0.12348368865191281,0.18585680637309318,0.15328021462148325,0.151512641995163,0.06946711820951965,6,True,0.17045994796415723,0.18585680637309318,0.17045994796415723,-0.2410773935536196
1402,0.0,0.024385434109690355,0.17123009271155235,0.0,0.19882884947239166,0.09538979055555613,0.1334813477720729,0.19370277167548183,0.09659433643393005,0.08638737726932474,7,True,0.2251172945641217,0.19882884947239166,0.2251172945641217,-0.08153531757618777
1403,0.12769205464786598,0.14746999305353142,0.0,0.07982866712777818,0.15611075419949608,0.0,0.05224742193912205,0.29454109525453565,0.10541497897582633,0.03669503480184446,38,True,0.2659679240211944,0.29454109525453565,0.2659679240211944,1.055755748313104
1404,0.08872161971448596,0.171932560776114,0.1607365127392255,0.0,0.0,0.0,0.28743542100837655,0.07688738084625318,0.11307748436095008,0.10120902055459471,28,True,0.2735491394284434,0.28743542100837655,0.2735491394284434,0.7638881707646219
1405,0.0,0.34960509781835664,0.0,0.0,0.29414960798990103,0.181082321001618,0.0,0.1751629731901244,0.0,0.0,1349,True,0.4149946872639847,0.34960509781835664,0.4149946872639847,0.935369665887041
1406,0.0,0.09176174302354931,0.08176284788873733,0.0,0.15045560197627403,0.24195808287584297,0.1899624690192869,0.16867761949591117,0.0,0.07542163572039817,7,True,0.2578997574679829,0.24195808287584297,0.2578997574679829,0.22293040866724836
1407,0.08661881284266865,0.12218425996079996,0.19324658126025504,0.2592630025543387,0.0,0.01784070969354287,0.0,0.1557947282032532,0.05299621382410722,0.11205569166103439,38,True,0.2587445125105595,0.2592630025543387,0.2587445125105595,0.5143481435330078
1408,0.041418459117736374,0.0005815106180552911,0.0705072659637224,0.1576965405546789,0.12493430200666744,0.3330895862883515,0.005923511293531841,0.0,0.1288607988615437,0.13698802529571247,68,True,0.30580788940479614,0.3330895862883515,0.30580788940479614,1.2986849580467625
1409,0.1394041297790426,0.20919866538098406,0.1269968551026632,0.02962623647671548,0.2533861867067037,0.0,0.21799443363083962,0.0,0.0,0.023393492923051446,28,True,0.3041001419093948,0.2533861867067037,0.3041001419093948,0.3782309754300482
1410,0.0,0.04847424042019115,0.10794201766452834,0.3377047011719415,0.2012208284305027,0.16679272749259566,0.0016824206393300661,0.0,0.13618306418091045,0.0,40,True,0.3389749099904311,0.3377047011719415,0.3389749099904311,1.0327693287642887
1411,3.743886358672321e-05,0.23042271326560737,0.08581293769232336,0.19803589431658142,0.014722936258844915,0.0,0.05670071019602015,0.12679061500357547,0.2440772806961799,0.0433994737072807,38,True,0.2839745281102133,0.2440772806961799,0.2839745281102133,0.5381564959004768
1412,0.07249542346029131,0.12134088207504204,0.06545976340981244,0.2583320068610641,0.17537314329741088,0.0,0.02701660012936077,0.013010707298168389,0.07293847392816087,0.19403299954068912,40,True,0.2561705348916194,0.2583320068610641,0.2561705348916194,0.6936996945953399
1413,0.033425707580333204,0.015042508961399402,0.1393845603269055,0.1886320265530953,0.2586246576487275,0.0059883195318628886,0.0337469410606432,0.0,0.1892354296968317,0.1359198486402014,40,True,0.28053401710801423,0.2586246576487275,0.28053401710801423,0.4204852056990085
1414,0.10207496779435976,0.12605625630726805,0.0,0.07395475548126702,0.10260893240661216,0.18846448505327335,0.13244029663617618,0.1506807930276606,0.011240007985420034,0.11247950530796287,1273,True,0.1756398310551932,0.18846448505327335,0.1756398310551932,-0.5818073343444833
1415,0.0,0.0630059009739376,0.13309240881486412,0.0,0.19817049235420867,0.09671069142209643,0.2195358728968628,0.05523030374982694,0.0,0.23425432978820354,7,True,0.2764585171094138,0.23425432978820354,0.2764585171094138,0.3495958270850098
1416,0.08337109598464924,0.11943207494729541,0.1919690069176327,0.048537860170241615,0.16791538401161285,0.0,0.19343533556905632,0.19533924239951186,0.0,0.0,28,True,0.253363392214507,0.19533924239951186,0.253363392214507,-0.0830255917976357
1417,0.16685535978887314,0.24567008199059123,0.05513197365608235,0.0,0.0,0.07922496395323733,0.0,0.0,0.16327622474340636,0.2898413958678097,9,True,0.32890392219188347,0.2898413958678097,0.32890392219188347,0.6730378715981586
1418,0.027420487964813473,0.07468062380654342,0.0,0.15117832956115992,0.0,0.10297452338693264,0.20723448305121506,0.1564907481816121,0.0,0.28002080404772345,102,True,0.29263433574943004,0.28002080404772345,0.29263433574943004,0.5960146345664558
1419,0.22126657633715352,0.0,0.05606270363104907,0.22497610695722475,0.048550611018999344,0.0,0.0,0.09096186751240927,0.2273257102982607,0.13085642424490326,8,True,0.28661433799524233,0.2273257102982607,0.28661433799524233,0.41523879916232637
1420,0.11111193327135016,0.08076773933039443,0.08434139980134721,0.0,0.1944852995745142,0.04095041146503403,0.10807555274367736,0.2059263381692092,0.0,0.17434132564447352,7,True,0.22352876499935653,0.2059263381692092,0.22352876499935653,0.07653860036100775
1421,0.09543730471785714,0.0,0.06646705404771219,0.0,0.13339330844823458,0.015738343440855073,0.24256024498448053,0.2234703299988563,0.041158292246222805,0.1817751221157814,7,True,0.27400415959649305,0.24256024498448053,0.27400415959649305,0.460078056552821
1422,0.08165051597990905,0.10230970507174446,0.038250084058635433,0.0,0.0,0.009937450310144974,0.1261279728729474,0.41617377825594204,0.0,0.22555049345067665,1346,True,0.39834383226745296,0.41617377825594204,0.39834383226745296,1.7579559157066593
1423,0.0,0.18770117595804234,0.0,0.0,0.19290252213281742,0.23002078366131593,0.0,0.0,0.32626678539172244,0.0631087328561019,20,True,0.36849070928579886,0.32626678539172244,0.36849070928579886,0.7650793357058046
1424,0.0,0.0,0.11306098153805637,0.20603461988987865,0.11312197416421092,0.09370301866936077,0.0654725389472804,0.07747135882688154,0.038980518990297655,0.2921549889740337,0,True,0.2719786207111356,0.2921549889740337,0.2719786207111356,1.1205262397355604
1425,0.19994220504121693,0.019905879207646488,0.15694808297051427,0.09635705763310799,0.19845336487253448,0.054234867342789546,0.013853944774030113,0.0,0.09133632028801636,0.16896827787014376,8,True,0.23173304828721208,0.19994220504121693,0.23173304828721208,0.06498942246052707
1426,0.11603429841136645,0.07663068726525293,0.0,0.0,0.08066874673408311,0.1729501621085208,0.04431155889102632,0.1134625584557136,0.11842941655861185,0.27751257157542497,102,True,0.24825681546145315,0.27751257157542497,0.24825681546145315,0.931812878322885
1427,0.0,0.25671528723268006,0.15891386046149103,0.05976540845418709,0.0,0.17552058391064818,0.029409111693856006,0.0865736063388471,0.06017278832615988,0.1729293535821307,7,True,0.2596554334501324,0.25671528723268006,0.2596554334501324,0.5118499028983887
1428,0.0072338947548578215,0.30559271406763777,0.0,0.07993287629932136,0.1927822787573235,0.18309711440647317,0.0,0.0,0.10101007679057881,0.1303510449238075,20,True,0.3125899737209155,0.30559271406763777,0.3125899737209155,0.7715310898481382
1429,0.06850862601405651,0.2403762422109048,0.0,0.0,0.05829863972393729,0.40529513411364193,0.0,0.07307135659979441,0.15445000133766507,0.0,20,True,0.3991632158104814,0.40529513411364193,0.3991632158104814,1.6072971129531133
1430,0.2107796518525194,0.0,0.11367955185376273,0.0,0.20148846374868942,0.18394198916230903,0.06336697307133515,0.09700985467442272,0.10452245480014269,0.025211060836818754,28,True,0.23826494679595056,0.2107796518525194,0.23826494679595056,0.14733544510310503
1431,0.11182272337176556,0.1612380171430306,0.0,0.21484004292462272,0.0,0.32173425031996306,0.0,0.0,0.19036496624061808,0.0,20,True,0.3527180345248718,0.32173425031996306,0.3527180345248718,0.7166046848505309
1432,0.21919212734148658,0.13990406116306028,0.18078196026901272,0.07458164070269897,0.1280810942892065,0.0,0.04428894714001749,0.00979276571573639,0.06971449692866,0.13366290645012102,28,True,0.21691226973867173,0.21919212734148658,0.21691226973867173,0.1444623273717041
1433,0.01807023837428311,0.1696403501874737,0.0,0.0,0.17220491528813758,0.12389710305332428,0.03157464570919102,0.16229593826076813,0.00972024046789365,0.3125965686589286,518,True,0.31505147922320054,0.3125965686589286,0.31505147922320054,0.8361013241940103
1434,0.2491134291508802,0.0,0.0,0.0,0.0332565379936411,0.32081049026276814,0.1617990870714813,0.008923779103187604,0.09011461651677723,0.1359820599012643,9,True,0.34489594329431433,0.32081049026276814,0.34489594329431433,0.9424228567252118
1435,0.0,0.10642199912355027,0.12722307653897574,0.2600351852146781,0.05139505453445197,0.050630730660432194,0.06894333928330633,0.049051048186885784,0.2862995664577197,0.0,38,True,0.2991006591142504,0.2862995664577197,0.2991006591142504,1.1474801195411135
1436,0.18475866738098268,0.08999180281604391,0.09266562505660296,0.13219312223118304,0.0,0.0424904390905206,0.1499014177515375,0.07489189892062986,0.0927716663879046,0.14033536036459468,76,True,0.1627313547348855,0.18475866738098268,0.1627313547348855,-0.3268879948984522
1437,0.18758914794645543,0.0,0.04536908968765919,0.0,0.0,0.4418856634663762,0.12213745509089313,0.12204625466010578,0.0809723891485103,0.0,0,True,0.41095055215991694,0.4418856634663762,0.41095055215991694,1.9714195615786076
1438,0.15015701254604658,0.2383224975675006,0.032892048443658235,0.11141249814821994,0.06994408854960635,0.1331159200286827,0.019643679367426326,0.034396804305833174,0.1078268192461982,0.10228863179682794,20,True,0.19776247868413555,0.21867881820007426,0.19776247868413555,0.8147429339430146
1439,0.09432193117514952,0.0,0.16944406634493683,0.20503754257596057,0.03887842620994458,0.22034992375953302,0.029092703280886173,0.1197814060216082,0.1230940006319811,0.0,330,True,0.2450714930696534,0.22034992375953302,0.2450714930696534,0.17119274249670557
1440,0.0,0.0,0.059008493391810454,0.08468181943303044,0.17978211532980892,0.11709598852493128,0.0,0.2682786127107065,0.12635631886074575,0.16479665174896663,7,True,0.267924172365319,0.2682786127107065,0.267924172365319,0.48667199663360194
1441,0.15279116445903215,0.023889652245557388,0.10066203217130326,0.0,0.25305821541377943,0.03981247327750668,0.0,0.0,0.2829066475167072,0.1468798149161139,20,True,0.31824840109233926,0.2829066475167072,0.31824840109233926,0.7324837594069279
1442,0.08308319219134644,0.0,0.02053463521780749,0.13234468634790003,0.1675846382511926,0.1640311466881677,0.12756749249374905,0.1367258979049101,0.0,0.16812831090492658,7,True,0.20752107690826305,0.16812831090492658,0.20752107690826305,-0.6356540894717014
1443,0.07822275847102142,0.19612137384388775,0.06654954048743983,0.23267276730531314,0.041973959624128386,0.17276452012217738,0.0011044349394628765,0.1354200349744059,0.07517061023216325,0.0,38,True,0.24237918680671897,0.23267276730531314,0.24237918680671897,0.375927154863157
1444,0.15250230281373164,0.17415673903549558,0.04286742208200867,0.09876928749459624,0.12363772632245715,0.11986309442006628,0.0292763620956435,0.025986550860402143,0.22073666568580128,0.012203849189797672,20,True,0.2126969079078599,0.2085328164960036,0.2126969079078599,0.2771502808194918
1445,0.2089273455568817,0.0027118273151598873,0.07671878799649769,0.019994362297590204,0.0346579254550784,0.12230057425605821,0.05902962892035007,0.32283689271044763,0.15282265549193616,0.0,38,True,0.31171310425036747,0.32283689271044763,0.31171310425036747,1.2038155960460144
1446,0.208009098861887,0.027933733104316964,0.00552396774129542,0.13387738234831204,0.0171151737535792,0.18507899255857826,0.06558874756249522,0.10060615029463649,0.2562667537748993,0.0,38,True,0.276848405109877,0.2562667537748993,0.276848405109877,0.5130359507528159
1447,0.2676811823130391,0.019352446709685178,0.08254348233566429,0.05913454691808794,0.0,0.1592200767854023,0.05565093683090522,0.03021151159459202,0.24159311176638124,0.08461270474624269,118,True,0.27789456667131573,0.2676811823130391,0.27789456667131573,1.0016505345650897
1448,0.24428144416050418,0.013128347040003112,0.1615173526500168,0.13134550568426312,0.0,0.0,0.057763049412890594,0.0,0.22930547006095742,0.1626588309913648,9,True,0.29250767221476265,0.24428144416050418,0.29250767221476265,0.29130883461049334
1449,0.15799815651807014,0.14593608661208404,0.13406784859852924,0.054543651117264516,0.07066514305577397,0.0,0.17961561472975443,0.0,0.04394187014533418,0.21323162922318942,28,True,0.22773647906008393,0.21323162922318942,0.22773647906008393,-0.002325691362899218
1450,0.06939105298389343,0.0,0.0831695398375536,0.07296168522200665,0.17073622651782683,0.26506860142710664,0.1071112598343821,0.0,0.1869825764299136,0.044579057747317206,0,True,0.2547361750337469,0.26506860142710664,0.2547361750337469,0.7456227552221033
1451,0.08194824148404979,0.0414946386778604,0.069915667328894,0.09901992408957921,0.10458799181800195,0.31649662890739483,0.0,0.0,0.21311280515745923,0.07342410253676063,20,True,0.29162886675321165,0.31649662890739483,0.29162886675321165,1.4125541763275413
1452,0.5207267716511825,0.0,0.0,0.11253499551101213,0.03228893866264732,0.0,0.11700013616382819,0.029998950251263555,0.1874502077600663,0.0,9,True,0.48434452691933116,0.5207267716511825,0.48434452691933116,2.3266408138121744
1453,0.0628685828515239,0.15099638816036012,0.0,0.0,0.09646636215076285,0.38449400486038804,0.0,0.057378313131694246,0.13732098432107345,0.1104753645241974,20,True,0.3438719186949072,0.38449400486038804,0.3438719186949072,1.8521349859106127
1454,0.0,0.1517746585497808,0.12070452691185876,0.012068430031595521,0.0,0.2962041650829111,0.0,0.1129130317421936,0.22200947068428736,0.08432571699737292,20,True,0.3076297589126615,0.2962041650829111,0.3076297589126615,0.7516576676486488
1455,0.0,0.19744171459981982,0.12120258725594131,0.1662766501129905,0.012201302739268496,0.0,0.16531365549390747,0.057438404791593796,0.0,0.2801256850064786,231,True,0.3009456236948697,0.2801256850064786,0.3009456236948697,0.49458543762495816
1456,0.0,0.08899600667754815,0.03476771203955348,0.06312508752478505,0.03582157912345936,0.08622845139287275,0.1682885983187896,0.18061430072089077,0.08663086523328145,0.2555273989688195,7,True,0.2357416539866789,0.2555273989688195,0.2357416539866789,0.8604093392666026
1457,0.2127211219470677,0.04700111233672618,0.0,0.0,0.15830336240431356,0.06814493914343138,0.18447043548256523,0.1823704073702427,0.06140380443096281,0.08558481688469032,9,True,0.23568318288325044,0.2127211219470677,0.23568318288325044,0.15764321263650655
1458,0.22156377206130695,0.09677905288639138,0.0,0.0,0.1588004577962466,0.10852558851194734,0.15708772552917613,0.1043989401550553,0.0,0.15284446305987626,28,True,0.23321492454659548,0.22156377206130695,0.23321492454659548,-0.19688628018858934
1459,0.0,0.14788818485155453,0.1557946904975115,0.13676659992065307,0.1681219186055153,0.06562308820586994,0.16288729604079805,0.06766637593670033,0.0,0.09525184594139735,1111,True,0.19391569477524753,0.1681219186055153,0.19391569477524753,-0.6050350238431021
1460,0.05209109111300466,0.006784015792937338,0.014081553081396622,0.13046436306226644,0.04030947073167586,0.28775298234206453,0.0003972429900262014,0.12751707720771968,0.34060220367890875,0.0,20,True,0.3696971747525143,0.34060220367890875,0.3696971747525143,1.2498548593841308
1461,0.0,0.049653419462732176,0.1613625475277449,0.15586372323056386,0.021906756996749762,0.2999099010381731,0.13897373926177248,0.0,0.1723299124822637,0.0,20,True,0.3037004901406397,0.2999099010381731,0.3037004901406397,0.699932504408262
1462,0.0,0.0,0.19817326646070976,0.11292458635553151,0.11060809836324594,0.0013521631193839706,0.007556247374671191,0.21267371602858692,0.11711310262392803,0.23959881967394261,7,True,0.28402616969401734,0.23959881967394261,0.28402616969401734,0.22184455380440088
1463,0.06045335385950009,0.0,0.4016928043050664,0.09895918423680097,0.1431752361586185,0.015939245132943012,0.22898119323209615,0.032641820719717295,0.018157162355257567,0.0,28,True,0.38650407864771047,0.4016928043050664,0.38650407864771047,1.700105663684086
1464,0.12816465153449,0.26943670696184696,0.04832398361862916,0.09278620610927327,0.03635303970815037,0.17771248935120884,0.0961114385929017,0.0,0.11029831541510976,0.04081316870838999,20,True,0.23651409792564385,0.26943670696184696,0.23651409792564385,1.0638854584376098
1465,0.126534298397303,0.1331573831508268,0.0,0.12316177238733048,0.017148489941365374,0.1706503042325136,0.13782857132286924,0.056390124252306495,0.12767872241195896,0.10745033390352615,336,True,0.16837525999030886,0.1706503042325136,0.16837525999030886,-0.907908060488673
1466,0.13050534488679286,0.11957777347210154,0.06708868144105694,0.0,0.08941695148247328,0.0,0.2249577353928126,0.0,0.12265484629090925,0.2457986670338535,478,True,0.264374639649519,0.2457986670338535,0.264374639649519,0.41828553139056507
1467,0.12492535058903557,0.12389282476587767,0.1336262012658693,0.09895436049009589,0.05442246217466217,0.0888741902476721,0.18653823915581674,0.0418820733210148,0.08037692478219262,0.066507373207763,708,True,0.12999396876702712,0.14465616583480195,0.12999396876702712,0.6448301908586445
1468,0.35201809767974046,0.0,0.0,0.28256292899215213,0.0,0.12354083442904677,0.0,0.0,0.24187813889906054,0.0,20,True,0.4213382510328082,0.35201809767974046,0.4213382510328082,0.9505595759885396
1469,0.1436163120439268,0.042568157803214754,0.05335369823987549,0.08007443189832565,0.17579301545526332,0.054631363584614,0.1367814094960282,0.17269859688809533,0.05683651049037514,0.0836465041002813,28,True,0.1560291030458609,0.13322485765204856,0.1560291030458609,0.46926313525514485
1470,0.10199075696704418,0.1184160314094347,0.12339722083297337,0.2203504112565748,0.011445104133093848,0.0,0.0,0.3443193346907317,0.05591999013856407,0.024161150571583325,38,True,0.3325706691761008,0.3443193346907317,0.3325706691761008,1.3385646509321587
1471,0.03324871053980167,0.006771132533929405,0.0,0.0,0.16116966556300893,0.1754545748432388,0.2819879540430718,0.023867586039597197,0.13223706653557188,0.1852633099017802,7,True,0.2996786571811828,0.2819879540430718,0.2996786571811828,0.5281097953069369
1472,0.06634113016040125,0.045504268505113465,0.14378870547410563,0.02458083719910221,0.0,0.02855764007453595,0.003167839523606196,0.10662131337234204,0.3243834688548275,0.2570547968359658,532,True,0.33353661763629544,0.3243834688548275,0.33353661763629544,1.2485464496517529
1473,0.05551368779735286,0.06817799716252364,0.17656810876119636,0.07574552104167735,0.1315784600866105,0.0,0.13545769162795324,0.14706463768007974,0.16509948164945085,0.044794414193155496,0,True,0.17662885732255582,0.17656810876119636,0.17662885732255582,-0.2706306995369922
1474,0.10888249601911325,0.2299946402895871,0.0,0.29877283824216927,0.08095592938994546,0.0,0.010499909907777766,0.14363296463220154,0.020653087441580405,0.10660813407762532,38,True,0.30513034065043293,0.29877283824216927,0.30513034065043293,0.9122598052199934
1475,0.0,0.1351873576253292,0.24346313865195068,0.0,0.03212595163286978,0.19513318631855306,0.1353899213684184,0.1805870342254543,0.0,0.07811341017742454,7,True,0.2714825432751888,0.24346313865195068,0.2714825432751888,0.20648885483267668
1476,0.11816168248579886,0.19589610175475564,0.0011408842664402878,0.24628368507437692,0.08989952720392766,0.054279652238959114,0.0,0.12563261761742606,0.1687058493583155,0.0,38,True,0.2612811606241401,0.24628368507437692,0.2612811606241401,0.2725860370810513
1477,0.0,0.0,0.0,0.3203077542062565,0.07417303746954343,0.0,0.2020237551948677,0.08734314590735277,0.10213341242106792,0.21401889480091152,0,True,0.3358220376281439,0.3203077542062565,0.3358220376281439,0.9126995624098239
1478,0.1648029884629667,0.135269003336825,0.06392975339675483,0.25128558637838805,0.014540192700809265,0.0,0.012853563082816159,0.18886164797983762,0.08262783887420244,0.08582942578739994,38,True,0.2508557175237184,0.25128558637838805,0.2508557175237184,0.5081764118138963
1479,0.199930556832777,0.1735780142053929,0.0,0.026740739243152237,0.0,0.327469520901038,0.0,0.0,0.2722811688176399,0.0,20,True,0.39011529541672374,0.327469520901038,0.39011529541672374,0.8139197945162647
1480,0.029437431359134528,0.04283558337938052,0.2026780570269133,0.06883783405395866,0.19975683595469848,0.027065879973202603,0.2443894810742703,0.08213977067898773,0.0,0.10285912649945393,28,True,0.25730722381319826,0.2443894810742703,0.25730722381319826,0.6875649512670723
1481,0.1140718752123929,0.1758561915789473,0.24471370497204797,0.0,0.01414575106208531,0.09440483915477402,0.1125138058971053,0.11371032365668739,0.0,0.13058350846595984,28,True,0.235746501709057,0.24471370497204797,0.235746501709057,0.24901404801619298
1482,0.14182631089896214,0.09637812172918135,0.13975549598437687,0.2182514204986772,0.13420916293210722,0.0,0.020539830904022404,0.07791421647483901,0.050512062097441544,0.12061337848039215,438,True,0.1953775593612647,0.2182514204986772,0.1953775593612647,0.10289144789430028
1483,0.0,0.11807361293038236,0.24778076451845457,0.006937377553679134,0.04951298915159625,0.08690727284928637,0.06760347529927298,0.2581896108055679,0.023502229816109384,0.14149266707565117,7,True,0.27783782563738973,0.2581896108055679,0.27783782563738973,0.8470793892937425
1484,0.028917201073802346,0.011384666051119052,0.12294694032433345,0.15522156612111693,0.21148631824984032,0.04240125678384089,0.18552785328745602,0.05401615239912286,0.06022770885736288,0.1278703368520053,1226,True,0.20980075851454227,0.20010165219872128,0.20980075851454227,0.3277780750752839
1485,0.16230995519641161,0.0,0.3322971811442788,0.0,0.0,0.0,0.3017749751422691,0.0,0.05782405937619606,0.1457938291408446,9,True,0.3904273763873424,0.3322971811442788,0.3904273763873424,1.0089839295755738
1486,0.0,0.2233940421127848,0.2668686062413413,0.25956662155786825,0.09986855177367442,0.0,0.019562085263120605,0.0,0.1307400930512106,0.0,6,True,0.34051131672809676,0.2668686062413413,0.34051131672809676,0.5790693205609336
1487,0.0,0.032286849439438055,0.20796481693547716,0.20470002523199768,0.21645517664893713,0.013894990216735445,0.2753028424961668,0.0,0.0,0.04939529903124747,6,True,0.3338732857894045,0.2753028424961668,0.3338732857894045,0.5334567499759711
1488,0.0193018456362627,0.13298987229213827,0.03004875090671048,0.22513081601013682,0.21159306875844655,0.0019623001962002706,0.0,0.15912767560134725,0.13944126310731664,0.08040440749144102,38,True,0.25622550270741373,0.22513081601013682,0.25622550270741373,0.18621135927724572
1489,0.034543895039530405,0.17622956370790183,0.0,0.14859938983305337,0.12753510028989815,0.013588168084133127,0.0,0.33563111118866173,0.0,0.1638727718568213,7,True,0.3320907808710533,0.33563111118866173,0.3320907808710533,1.0235231453440021
1490,0.04301966362408977,0.22386285785454577,0.0997239442461172,0.004891807635449846,0.0,0.05010723719146292,0.07308749870859874,0.08240430874842443,0.28288222273812624,0.14002045925318507,8,True,0.2760527742308736,0.28288222273812624,0.2760527742308736,1.0493510710495966
1491,0.0,0.13285276706180085,0.09595096625193741,0.07205461995777573,0.0,0.09593311888899755,0.16413283636139112,0.20484827943589698,0.1102996963849947,0.12392771565720558,7,True,0.19410817728319776,0.20484827943589698,0.19410817728319776,-0.28473309377426465
1492,0.19462292602447517,0.21563182905360817,0.10542620341321515,0.0,0.0,0.0,0.24981961049362925,0.1695109451797768,0.06498848583529544,0.0,273,True,0.3014252063374126,0.24981961049362925,0.3014252063374126,0.280596993186552
1493,0.2595200549381148,0.0,0.0,0.0,0.0854491081460743,0.19393655761631062,0.13197510133798454,0.009632949989670798,0.22683683979093136,0.09264938818091363,9,True,0.29968763653747094,0.2595200549381148,0.29968763653747094,0.44860958564399384
1494,0.0,0.22639760401969708,0.1520283254361679,0.08332649803216235,0.05265026029929697,0.0,0.0,0.17974596149691238,0.04228668730271055,0.26356466341305274,188,True,0.29605227312451954,0.26356466341305274,0.29605227312451954,0.5405361396558797
1495,0.12150321281826867,0.0824401089564902,0.09806861115425039,0.06850685541904009,0.08140517729837089,0.062383737114180306,0.22908602681194007,0.0514563197746007,0.011950183592215835,0.19319976706064282,9,True,0.19744795510655422,0.21713584321972423,0.19744795510655422,1.0119060488269722
1496,0.1330417760585809,0.04375009183250564,0.10850799043822773,0.0,0.12633655303011415,0.1161938040985578,0.14527921752117479,0.19442121454252123,0.0,0.13246935247831762,7,True,0.1931421303012896,0.19442121454252123,0.1931421303012896,-0.5985006687391871
1497,0.0,0.009837397482534099,0.19031310398852228,0.0,0.0,0.12927649312195671,0.16848635841537712,0.2903045308499476,0.0,0.2117821161416623,7,True,0.3324820324986155,0.2903045308499476,0.3324820324986155,0.47329295353174095
1498,0.18988797883507053,0.01148365043878314,0.19911537352974393,0.08500082603911126,0.03884467840478974,0.09860525966536278,0.04347435339297089,0.0757366561757478,0.13379269196730073,0.12405853155111925,8,True,0.18764424205616234,0.1876317230909608,0.18764424205616234,0.35868923342912007
1499,0.1476441930892436,0.17219985539953578,0.0,0.14843485669364398,0.004070845360806264,0.23271432699986452,0.03831365951965931,0.0,0.17223449189900455,0.08438777103824222,20,True,0.2567313518320432,0.23271432699986452,0.2567313518320432,0.042382068111840684
1500,0.15550444144349798,0.0,0.11100199348874348,0.0,0.20975381755854336,0.21504997058286907,0.15608784879804286,0.0,0.15260192812830317,0.0,608,True,0.27275812124679516,0.21504997058286907,0.27275812124679516,-0.12210369003630368
1501,0.07003196588287453,0.13036294720306085,0.06915773405165476,0.14864578851579313,0.16515283916598963,0.23016798202646335,0.0,0.0,0.07717847714569201,0.10930226600847161,20,True,0.2166416391079191,0.23016798202646335,0.2166416391079191,0.20574898993762217
1502,0.10991511140436519,0.08154775856723671,0.17424440151317377,0.26602741229365146,0.0,0.0,0.02522203647199704,0.15827287753804245,0.05282833866408627,0.13194206354744703,8,True,0.25641579627598565,0.26602741229365146,0.25641579627598565,0.5978683061081156
1503,0.1004082406035692,0.09492181858659042,0.1455536120272644,0.0,0.22569625233977209,0.060904511979445,0.20789545611938784,0.06258705334725002,0.102033054996721,0.0,9,True,0.2290728760296369,0.22569625233977209,0.2290728760296369,0.3819378677392176
1504,0.0,0.0,0.18349405177987957,0.1187342288165342,0.0,0.21842812233192174,0.21430817107488956,0.05773858470969177,0.20729684128708323,0.0,902,True,0.29616286991796886,0.21842812233192174,0.29616286991796886,0.13035376491895795
1505,0.4460351488259216,0.13829618995152743,0.028690095689716446,0.08141185224687793,0.014629997662492844,0.07579932189727845,0.0,0.0,0.10092885083877924,0.11420854288740603,20,True,0.3933370051902266,0.4460351488259216,0.3933370051902266,2.3717133811406343
1506,0.0,0.018248755538295656,0.23794471757652563,0.101787941408389,0.048831267057419685,0.06750793467191737,0.1877326233987348,0.19712011656180026,0.0,0.14082664378691773,7,True,0.2611232016602965,0.23794471757652563,0.2611232016602965,0.33060190845133114
1507,0.2103273965479528,0.0,0.11907248569471146,0.09488559596497168,0.0,0.13684385753455158,0.12944960355642363,0.026503366301488505,0.13747676928062777,0.1454409251192726,8,True,0.2089448284412335,0.2103273965479528,0.2089448284412335,-0.33925780391841937
1508,0.07314539860049434,0.0,0.07807668470907782,0.20941803888221114,0.08665852873621982,0.12070947933988407,0.014618189228272621,0.0,0.4010808992631205,0.016292781240719707,573,True,0.37246160335888895,0.4010808992631205,0.37246160335888895,1.8412641676720505
1509,0.008389281450925483,0.24948001064398578,0.07556129772048514,0.14926605783631533,0.1872454315253279,0.17448549545096706,0.03617380186568654,0.0,0.11446779000318706,0.004930833503119656,20,True,0.26503262676117256,0.24948001064398578,0.26503262676117256,0.3298014033385652
1510,0.08012040156648488,0.09494616413703892,0.20429156385519467,0.28190445975086836,0.0658568112808991,0.08943115280889985,0.0,0.0,0.08683086959013425,0.09661857701047974,8,True,0.2566106395757356,0.28190445975086836,0.2566106395757356,1.132294955004478
1511,0.1823506216021488,0.15958839252403748,0.06088701900001607,0.07078465649222232,0.095744426614371,0.09220918306628727,0.08525634397585623,0.1596693803294173,0.08600958388643591,0.007500392509207504,38,True,0.15913607128810545,0.1748502290929413,0.15913607128810545,0.09286245558622376
1512,0.20810100419598124,0.044448628790097554,0.0,0.03741554165014289,0.047447292606246666,0.2668472744892273,0.07167527374067599,0.04339633971013455,0.15810206162180043,0.12256658319569327,20,True,0.259190588476954,0.2668472744892273,0.259190588476954,0.9367914966977801
1513,0.0,0.09156086269910906,0.2055279258313338,0.2171733204468802,0.04790878283129829,0.07241190474957682,0.09142092737894542,0.11648236473029998,0.0,0.15751391133255652,7,True,0.22817683039644154,0.2171733204468802,0.22817683039644154,0.25728056457617954
1514,0.16304211573194877,0.08627952849278753,0.0788119187301509,0.049611578270229266,0.10592933468029675,0.11593518095209199,0.1516119298570257,0.15798971594408587,0.09078869734138324,0.0,9,True,0.15346341936726632,0.16304211573194877,0.15346341936726632,-0.5743116940220873
1515,0.1327528564509388,0.07413984409002042,0.16942237939674404,0.06970015794702325,0.05086734052066223,0.07322050322585871,0.038713110695912774,0.09178162913177043,0.1567736655510865,0.14262851298998297,8,True,0.13955023387317145,0.13070926870083127,0.13955023387317145,0.29873880404373343
1516,0.3141562031699015,0.09190862885046837,0.10849772575909236,0.08421450849781688,0.07401841202188554,0.0,0.0,0.08898088580913968,0.11808739733413419,0.12013623855756148,9,True,0.26034367394898505,0.3141562031699015,0.26034367394898505,1.6604193274500205
1517,0.25600811676286767,0.037046230704965426,0.18259993029658222,0.12782717115187145,0.08396593098013447,0.0865941174375633,0.20663497298237185,0.0,0.0,0.01932352968364356,28,True,0.27242490503978073,0.25600811676286767,0.27242490503978073,0.5218472513550173
1518,0.0,0.10775431322545152,0.26142604077222226,0.0,0.17819930122033736,0.174059147394059,0.06021625548128885,0.12007930372575035,0.08976603746679673,0.00849960071409395,118,True,0.26111561780508236,0.26142604077222226,0.26111561780508236,0.478006065016356
1519,0.08143124550088303,0.25039945014336157,0.12380809804474925,0.07413982727581357,0.17271499455637312,0.00024764573508459286,0.12661873903852994,0.17063999970520485,0.0,0.0,1089,True,0.2552193894553985,0.25039945014336157,0.2552193894553985,0.2605562810102356
1520,0.013316560530286573,0.0,0.07787266118894826,0.16588002462731016,0.13215649813407582,0.07076744475874738,0.11591581846532821,0.12126790334739695,0.10478309559894564,0.19803999334896094,101,True,0.18593749862204156,0.19803999334896094,0.18593749862204156,-0.2402634793385006
1521,0.012544730686898733,0.14329753236919066,0.0,0.20857428882078377,0.2410304369969835,0.19374209285435917,0.0,0.16757084393214888,0.0332400743396354,0.0,53,True,0.298347695464508,0.2410304369969835,0.298347695464508,0.1880859538887379
1522,0.19929881294212742,0.19624705551207808,0.0,0.04860606380270369,0.03890058275565894,0.016153166798704974,0.0,0.07508170249102206,0.04924012259096549,0.3764724931067394,102,True,0.36354235379083205,0.3764724931067394,0.36354235379083205,1.5534729247183123
1523,0.0,0.08047051171059824,0.0,0.0,0.16395054604758486,0.17004841698950054,0.2004167939539719,0.08095805392416139,0.13806871885534744,0.16608695851883554,0,True,0.23588280063470604,0.2004167939539719,0.23588280063470604,-0.3007912577313821
1524,0.16108257057103556,0.0,0.1251633123820245,0.218363646972776,0.0,0.1586786641429894,0.0,0.06907476046024856,0.0,0.2676370454709259,9,True,0.30145639937263713,0.2676370454709259,0.30145639937263713,0.38130004164524417
1525,0.13811825904549307,0.30050087172092144,0.0,0.07116949660752894,0.14160716881716684,0.07077539279030544,0.0,0.028651302913543567,0.07222579177821643,0.17695171632682424,20,True,0.27722489640513726,0.30050087172092144,0.27722489640513726,1.0929772914138216
1526,0.08505375097868258,0.0,0.0,0.22637802102946664,0.14775221913169698,0.07510396531597252,0.1260433698129873,0.08594995040550939,0.10666739044070678,0.14705133288497788,71,True,0.2054965317480734,0.22637802102946664,0.2054965317480734,0.09848466325161206
1527,0.0,0.1780024004410347,0.0,0.20618231103071538,0.18373395239837914,0.0,0.0,0.12513923179078243,0.1544452444022114,0.15249685993687684,161,True,0.2659372451367435,0.20618231103071538,0.2659372451367435,-0.28296529344191035
1528,0.0,0.01603853217999394,0.030734713696603525,0.12232576340188325,0.12510183160400773,0.0,0.16744160333644392,0.3287838765586755,0.0,0.20957367922239206,7,True,0.3344735756957064,0.3287838765586755,0.3344735756957064,0.9721245452399768
1529,0.04174132903353066,0.1275340424588755,0.14627703254251015,0.13685514716789085,0.11690869630144297,0.35760618675530187,0.07307756574044806,0.0,0.0,0.0,20,True,0.3240736502437305,0.35760618675530187,0.3240736502437305,1.5483078147086473
1530,0.19253307620335733,0.08269460580059973,0.0,0.060021288248879145,0.0012523473401710064,0.030240429905052376,0.0,0.2828958328677485,0.11130068612870576,0.23906173350548623,102,True,0.3130405687637117,0.2828958328677485,0.3130405687637117,0.7615241490445634
1531,0.03303538961896167,0.0,0.0,0.22376344518023322,0.5128000318570908,0.03780089230529178,0.10142642507309177,0.0,0.0911738159653308,0.0,40,True,0.48389480356654063,0.5128000318570908,0.48389480356654063,2.240509883686745
1532,0.07556382543607713,0.10768662060109821,0.18502955714592692,0.13900576152966873,0.0704481309758623,0.15515637863187173,0.02326592847192595,0.02513898663103013,0.0802180140899532,0.1384867964865858,20,True,0.1633648504953792,0.16176362867400096,0.1633648504953792,-0.01730762374266134
1533,0.0,0.0035261263841547086,0.05792185620604508,0.19353976876739162,0.3433072215932503,0.0,0.10804406078548635,0.0,0.16941131249753136,0.12424965376614065,40,True,0.3383733940787945,0.3433072215932503,0.3383733940787945,1.1226635517113495
1534,0.0616243898884679,0.12537885210890318,0.06947026639691266,0.0,0.2819713759487264,0.007849710375443018,0.23739180206943275,0.16546650500037496,0.05084709821173913,0.0,28,True,0.3003872069001817,0.2819713759487264,0.3003872069001817,0.8204154260239096
1535,0.04339404692967085,0.13799604663922838,0.11714565136614746,0.2134603116443602,0.12976261456967395,0.13368135057313263,0.0,0.19162938299037563,0.0329305952874107,0.0,961,True,0.22962936362879816,0.2134603116443602,0.22962936362879816,-0.03985647687154693
1536,0.0,0.026999436663597158,0.11669212878871171,0.0,0.13610772168920335,0.007311449776087384,0.42175854899777926,0.12118392993903994,0.011667222160606974,0.15827956198497406,7,True,0.38817412851184363,0.42175854899777926,0.38817412851184363,1.9039117972937236
1537,0.0,0.04822503865486017,0.0,0.0,0.11224074992674794,0.28126016418064853,0.1550379495143471,0.4032360977233962,0.0,0.0,7,True,0.4250494518866158,0.4032360977233962,0.4250494518866158,1.4097248004484306
1538,0.0,0.21349966344814272,0.04613080284799786,0.0,0.16981642340084935,0.1728170859035163,0.20437276500785267,0.0,0.12314431591905063,0.07021894347259051,0,True,0.2612986217783088,0.21349966344814272,0.2612986217783088,0.03262115944903124
1539,0.31664497450265494,0.0,0.11397781161284304,0.04750342227904988,0.0,0.01796999061693918,0.15516528367907126,0.16288915130508144,0.10862360869741924,0.07722575730694099,0,True,0.2901836038424834,0.31664497450265494,0.2901836038424834,1.209276931391863
1540,0.11643741425708881,0.07718814803449395,0.05742184678290395,0.13689418385992302,0.0,0.1640452154899438,0.09779084129920979,0.12775189335421835,0.07549415953423035,0.14697629738798784,0,True,0.14713529637345546,0.1640452154899438,0.14713529637345546,-0.7786401191682992
1541,0.24509044825059856,0.29074515871013884,0.05740791463661703,0.10309625175088584,0.0,0.0,0.3036602266517598,0.0,0.0,0.0,28,True,0.3882474908808406,0.3036602266517598,0.3882474908808406,0.8563587262466742
1542,0.0698268111802171,0.17118317509114112,0.07219222658124003,0.290693943560163,0.05328036150757625,0.09084834449618186,0.0240009548287182,0.08178788766254215,0.1461862950922204,0.0,9,True,0.2522342270372,0.290693943560163,0.2522342270372,1.3546180890743191
1543,0.1730299986384702,0.11554762726626847,0.032422594433104024,0.1337013215483367,0.1722334493719388,0.20869310295958493,0.0,0.0,0.11035382466891758,0.05401808111337935,20,True,0.2247910020906636,0.20869310295958493,0.2247910020906636,-0.10306014879090052
1544,0.0,0.0,0.08347144599724428,0.0,0.09383144810516635,0.10393706001337047,0.1671883347150654,0.3453758746897561,0.0,0.20619583647939746,7,True,0.3410687503400973,0.3453758746897561,0.3410687503400973,1.1597269456179489
1545,0.05399040134698221,0.11271930530374473,0.147294856263015,0.0,0.09070027420170315,0.21809725916848535,0.11581715869400329,0.024480180125774645,0.18704234218965288,0.04985822270663869,20,True,0.21117032867942695,0.21809725916848535,0.21117032867942695,0.30400451145153684
1546,0.0,0.04773066493239379,0.0,0.17542765596367454,0.0,0.24454028129472458,0.21103519825419798,0.14822281159602374,0.0,0.17304338795898544,7,True,0.29883590634902585,0.24454028129472458,0.29883590634902585,0.16536638663275097
1547,0.07265199692694721,0.0,0.0634693471447604,0.0,0.26585045241813005,0.44183858774841717,0.0,0.041527373164527724,0.1146622425972174,0.0,0,True,0.43597754983286063,0.44183858774841717,0.43597754983286063,1.820992582194413
1548,0.03353350943478937,0.0,0.07555789064350764,0.0976212810827261,0.18570876431296174,0.10712772250290224,0.2280285118368159,0.10959508959689505,0.0,0.1628272305894018,7,True,0.22988756508503583,0.2280285118368159,0.22988756508503583,0.20654497508393505
1549,0.16050586419262053,0.297794053649385,0.0,0.07996318351283893,0.0,0.10213754496777075,0.06907184154910742,0.11673249012811399,0.05327454639976585,0.1205204756003977,1069,True,0.2589022508945145,0.297794053649385,0.2589022508945145,1.2605073007938608
1550,0.13881996859765416,0.12676943564554805,0.028218094010326947,0.15245759882694854,0.11851344325642289,0.023010181028673114,0.09754257722965984,0.09432173297537334,0.11096782769222453,0.10937914073716855,0,True,0.1290145624481163,0.12944741779827543,0.1290145624481163,-1.0405924200432237
1551,0.06508662277783515,0.15470376111801545,0.21600397032619065,0.04906359969937022,0.21264549007733766,0.05694310824562455,0.1658462952850769,0.047444051363999505,0.0,0.032263101106549875,28,True,0.2376803222194726,0.21600397032619065,0.2376803222194726,0.48291900925593984
1552,0.19582197426923126,0.16218048511327152,0.03494747342100371,0.05082735146776367,0.008530419522362736,0.10125010618186257,0.1013123769707162,0.13303108403621283,0.15638414330056227,0.05571458571701315,20,True,0.18520106737774622,0.1872915547468685,0.18520106737774622,0.05265719984644063
1553,0.04273013344073243,0.051566280567074047,0.0,0.0,0.14919671050059063,0.0,0.30257979338558577,0.140952340664544,0.0,0.31297474144147314,7,True,0.36894428644988725,0.31297474144147314,0.36894428644988725,1.0349360922970479
1554,0.0,0.09499397918390431,0.19139491449209162,0.010407464872580024,0.1472803574644001,0.06664756963314841,0.1072581009169415,0.15484404820368686,0.10573763950382636,0.12143592572942075,7,True,0.18249849006105498,0.19139491449209162,0.18249849006105498,-0.4391906218300086
1555,0.15556473738740226,0.16225631216919845,0.0,0.2793171619074333,0.16072624504317082,0.0038748075639897113,0.0,0.0,0.2026885186367635,0.03557221729204214,20,True,0.3110330103104111,0.2793171619074333,0.3110330103104111,0.4149917703468353
1556,0.05362908161431972,0.0,0.08308037658561683,0.0,0.24526537744304913,0.15082832935693063,0.06024335499174677,0.2302990199175353,0.08921802431615579,0.0874364357746458,7,True,0.2548619317135814,0.24526537744304913,0.2548619317135814,0.7335510088849123
1557,0.08938632059695584,0.0,0.057650298117253224,0.15833100273436296,0.18013459485934774,0.04983088076490228,0.21249111422670466,0.0,0.025103388959170376,0.2270723997413029,9,True,0.26202727918959495,0.2270723997413029,0.26202727918959495,0.3261924463051705
1558,0.10002986481115758,0.1671616804260846,0.07234736083663569,0.10409187128770488,0.12053121531616208,0.0,0.10021093875022258,0.08930705790902502,0.16632066865117462,0.07999934201183317,38,True,0.14361920411724627,0.1671616804260846,0.14361920411724627,-0.5405233071746585
1559,0.11125015878149501,0.12813608329341789,0.15036342776048928,0.11395187903095394,0.11384198943017887,0.013818884141281537,0.13326301521966996,0.12350154232381592,0.013944551109912363,0.09792846890878523,8,True,0.14260681133754058,0.13654454361920773,0.14260681133754058,-1.3845623610432634
1560,0.0,0.0,0.11299402933912205,0.048852130929704356,0.1122817780530761,0.036076791601399504,0.20121825380297323,0.23369889897796525,0.05850062331495684,0.19637749398080273,7,True,0.25720287334150066,0.23369889897796525,0.25720287334150066,0.40986970074539936
1561,0.0,0.0,0.07072453093428216,0.0,0.0,0.11251677320349864,0.15144436469886977,0.2433121356554255,0.060043839527568026,0.3619583559803561,7,True,0.3666296341179539,0.3619583559803561,0.3666296341179539,1.2912168810173377
1562,0.0,0.1655718859215181,0.05050622078777019,0.4121230688445305,0.04011775298108391,0.04512551265427167,0.0319075747494502,0.23482172262020398,0.0,0.019826261441171646,1087,True,0.4000106411080989,0.4121230688445305,0.4000106411080989,1.7463991252580717
1563,0.09799877117801803,0.14343015120504446,0.34047243966155166,0.0,0.14482464699057865,0.0,0.1442897509383287,0.02945192081999066,0.029240370349028898,0.07029194885745906,28,True,0.307497208394317,0.34047243966155166,0.307497208394317,1.4745814341393788
1564,0.1962156724601907,0.06893265982301434,0.0,0.15917715886014486,0.1259670729680819,0.002955745197251585,0.0659651733814598,0.0,0.17314243808679533,0.2076440792230615,9,True,0.2488209820657495,0.2076440792230615,0.2488209820657495,-0.05581307376251903
1565,0.031981461372997844,0.23854063936273062,0.021557145878736243,0.07056120000432416,0.0,0.008844497077985562,0.09289852381478084,0.3093272297249368,0.020187567100905912,0.20610173566260198,15,True,0.33263373731033746,0.3093272297249368,0.33263373731033746,1.0124540814166434
1566,0.3188099128333911,0.16525698856313997,0.0,0.10364352307401507,0.14236971796289571,0.0,0.06891494915164668,0.1418553756049262,0.059149532809985125,0.0,9,True,0.2972063833332805,0.3188099128333911,0.2972063833332805,1.1149208921679072
1567,0.13727763282363722,0.1617226331454304,0.23491152577452118,0.012508946563503537,0.03318800413262524,0.1852643465339831,0.0,0.04076637987394547,0.02555653163338096,0.16880399951897299,20,True,0.2580182226834417,0.23491152577452118,0.2580182226834417,0.24008789927248958
1568,0.08997459024776669,0.1459764924439063,0.10957018199741762,0.2464514886570852,0.014983142687457514,0.087337665139929,0.02670460559786672,0.11304949378996176,0.14897518627138795,0.016977153167221253,970,True,0.21442024265019682,0.23146834596962768,0.21442024265019682,0.6753164842855457
1569,0.10602410927304033,0.0,0.24024809416285398,0.19492315801847115,0.013315857053411269,0.23006501682985997,0.0,0.05796972904167851,0.1401738239664795,0.017280211654205232,8,True,0.2887391836437774,0.24024809416285398,0.2887391836437774,0.4031054129271939
1570,0.021058473808734,0.15384698712744402,0.17392989271055484,0.016451764116440195,0.06196580876050034,0.0,0.1023420066159238,0.248279031216377,0.14618025665968043,0.07594577898434544,69,True,0.24026480555021296,0.248279031216377,0.24026480555021296,0.47985167417767516
1571,0.15461172497003814,0.0,0.18164377283685007,0.16077589670312004,0.1284264587507845,0.09535222249452324,0.2254644423905294,0.0,0.02613634938993858,0.0275891324642162,28,True,0.24619508541653218,0.2254644423905294,0.24619508541653218,0.03688141611201135
1572,0.09124940431513472,0.20655583715381132,0.0,0.22937413373818802,0.21209654406229528,0.01111809489115947,0.0,0.23875931599864494,0.0006183501107258723,0.010228319730040406,38,True,0.32530574660310113,0.23875931599864494,0.32530574660310113,0.3319883618072291
1573,0.12844555253798962,0.01487966628171128,0.04245902681195311,0.2908798894713544,0.13740947218651287,0.0016699585487639395,0.14980360269854112,0.2177447713437468,0.006953909687863289,0.00975415043156356,9,True,0.30333990907866404,0.28920993092259045,0.30333990907866404,0.7372540566908546
1574,0.2538576436926251,0.04984137165645606,0.0,0.10498333451157503,0.026246581169285264,0.0,0.21023457813572147,0.11405378667273271,0.0,0.24078270416160447,9,True,0.30630279766871643,0.2538576436926251,0.30630279766871643,0.5542549323057949
1575,0.11855760647882124,0.2795342978913278,0.15605025272421624,0.2090389922257185,0.052115617662677235,0.07429188232845678,0.0,0.0,0.0,0.11041135068878216,1230,True,0.2840251734315275,0.2795342978913278,0.2840251734315275,0.6775960988065531
1576,0.11958881743217202,0.2293861593190909,0.10998080462316043,0.21109708633417307,0.0,0.022675038103154223,0.0,0.05565090101607996,0.1780952251258883,0.07352596804628111,38,True,0.25359891544127006,0.2293861593190909,0.25359891544127006,0.33429722956250485
1577,0.09725466582269642,0.0,0.30692897621371884,0.23539201901603213,0.0,0.0,0.04692318754803603,0.016089616924214248,0.20703073176971595,0.09038080270558643,8,True,0.33550610095432887,0.30692897621371884,0.33550610095432887,0.8765161189904385
1578,0.07241004858371539,0.0,0.0,0.22073098863359944,0.19673121198653704,0.264569895772548,0.0,0.0,0.24555785502360009,0.0,20,True,0.35066286396144425,0.264569895772548,0.35066286396144425,0.45092395755180326
1579,0.04872788579978578,0.2481836260764683,0.11526330885006907,0.0,0.1335613699843025,0.07714205459792553,0.1591975075033842,0.06895661980327178,0.05701393001314899,0.09195369737164386,28,True,0.2070014929887314,0.2481836260764683,0.2070014929887314,0.9495917745248984
1580,0.11880113587560422,0.12707182715677856,0.3973940391310506,0.0,0.14704494599628135,0.04484854483646561,0.08055288393438878,0.047027130411744764,0.03725949265768618,0.0,28,True,0.3491492195239783,0.3973940391310506,0.3491492195239783,2.1023815790723055
1581,0.2261537909566871,0.049406866586954847,0.053647079045593245,0.177101925259328,0.03807221164207847,0.1853036118935773,0.0,0.0,0.2406110445990053,0.029703470016775646,20,True,0.28704105881370623,0.2406110445990053,0.28704105881370623,0.48407482625318665
1582,0.08667809235943773,0.11041218143448564,0.11829766898084153,0.0,0.1622713180357286,0.16659960418696335,0.12773208051291626,0.17684108234755458,0.0,0.05116797214207228,7,True,0.19491563029665882,0.17684108234755458,0.19491563029665882,-0.5568540489595886
1583,0.05253619172034457,0.31658839935894495,0.08995745263573145,0.0,0.0,0.1571920830554794,0.03834071905091268,0.08222272866205742,0.2111540013315885,0.052008424184941116,20,True,0.3021778228455602,0.31658839935894495,0.3021778228455602,1.2587983562022016
1584,0.2963731111999699,0.1172372427078639,0.08863136794420039,0.024659512611224246,0.014868909897637915,0.10882602964948539,0.0,0.30293536667635845,0.0464684593132599,0.0,8,True,0.34064431063952655,0.30293536667635845,0.34064431063952655,1.208297265428916
1585,0.029114182214337522,0.24830618192137915,0.0,0.2542937644578933,0.025386491881273794,0.13515330489584362,0.0,0.17556870460512777,0.0,0.13217737002414473,38,True,0.30720519397640134,0.2542937644578933,0.30720519397640134,0.4749357086656664
1586,0.0,0.15223563554283365,0.008352612492589229,0.0,0.37712823936831114,0.1237974686985238,0.13646106333228405,0.0,0.1683352121174667,0.033689768447991514,1287,True,0.3590130122882392,0.37712823936831114,0.3590130122882392,1.4381164983374586
1587,0.0334832587406492,0.21076926410054816,0.0,0.16442676927634925,0.0,0.0,0.0,0.18121154369599946,0.23535362897970233,0.17475553520675155,38,True,0.30224067411259914,0.23535362897970233,0.30224067411259914,0.10395609913085083
1588,0.03379374600725541,0.11760219480035214,0.0773309379232386,0.09463776693476555,0.0,0.061882555716908295,0.0,0.2069333188565127,0.026889346858274203,0.38093013290269323,338,True,0.3498432887226867,0.38093013290269323,0.3498432887226867,1.8086845399117581
1589,0.09511618459498859,0.00733023030565723,0.13398486730860695,0.0,0.042485302267516054,0.0,0.2604605282858407,0.05953540518519698,0.13255656495948281,0.26853091709271054,9,True,0.2998699952291388,0.26853091709271054,0.2998699952291388,0.8260054748871307
1590,0.09626638616769435,0.02225053684362331,0.12147977591267965,0.1209307017085951,0.0,0.0389578706790376,0.1475001457626282,0.14088827067467097,0.14500295250035258,0.16672335975071823,9,True,0.1763233464095796,0.16672335975071823,0.1763233464095796,-0.7625280903957761
1591,0.16096262735932773,0.0,0.1568819761086598,0.2919220269181328,0.0,0.013465105852910133,0.0,0.0,0.041544908242119837,0.3352233555188496,641,True,0.3873259327697543,0.3352233555188496,0.3873259327697543,1.009797034845799
1592,0.15211212646621577,0.3291606269649672,0.18317715630275272,0.02575839188743941,0.0882715738034531,0.008474619732778984,0.0,0.034274573397461594,0.17877093144493125,0.0,20,True,0.32664914654481236,0.3291606269649672,0.32664914654481236,1.0521126310671376
1593,0.0,0.18257114793267182,0.29546802953044443,0.05344074983280462,0.2403743474302143,0.10352070216388343,0.0,0.034986858682662256,0.0,0.08963816442731916,7,True,0.31819009688570454,0.29546802953044443,0.31819009688570454,0.8637993740049029
1594,0.15057494917172295,0.0,0.21564278674806553,0.1792096420903151,0.04552324085425367,0.08702321201367832,0.03969411524017072,0.18179712795412448,0.0030979320261969156,0.09743699390147215,8,True,0.2346604163044807,0.21564278674806553,0.2346604163044807,0.12393023413610485
1595,0.07634274183140473,0.3026280534099978,0.15272462932415418,0.0,0.02335329900045042,0.0,0.07464991180380161,0.08371812580962258,0.24280782530082679,0.04377541351974199,285,True,0.3077911673440258,0.3026280534099978,0.3077911673440258,1.1210199263522718
1596,0.1477928324949088,0.10182073527915096,0.02459163418088952,0.19781771047804317,0.0,0.0,0.12018165746309098,0.11426963855123538,0.14322654289403722,0.15029924865864408,9,True,0.2062805525056902,0.19781771047804317,0.2062805525056902,-0.4975152645206885
1597,0.13028373475801366,0.11242452311824666,0.0,0.14309585629698446,0.0,0.0,0.004685308911422878,0.3310315070791434,0.163293468240648,0.11518560159554085,38,True,0.31563561176441973,0.3310315070791434,0.31563561176441973,1.0532881956103683
1598,0.0,0.0,0.05549529018078918,0.0,0.011243891165728997,0.1106637296750712,0.09834140890154143,0.25833857787424247,0.08570270923217098,0.3802143929704557,7,True,0.37917068175275154,0.3802143929704557,0.37917068175275154,1.525983804919071
1599,0.0,0.155301216565339,0.15239190688895296,0.023741500257964274,0.044899658627800904,0.1025179847441383,0.2213198832559838,0.15250870442757153,0.0,0.1473191452322494,28,True,0.23318589736494832,0.2213198832559838,0.23318589736494832,-0.07731822875398486
1600,0.0,0.06490055866823424,0.05194186863602002,0.12885936898778216,0.2651501111167712,0.13909505256566754,0.0,0.07345898562905558,0.2266618080488798,0.04993224634758968,0,True,0.2691316022046002,0.2651501111167712,0.2691316022046002,0.8313858511674685
1601,0.07696762865189767,0.16891812629994118,0.06602922192352755,0.1362059587587253,0.04027236774811023,0.0,0.1740865157080226,0.19908713473301654,0.13843304617675892,0.0,38,True,0.21930947231610154,0.19908713473301654,0.21930947231610154,-0.16119483604096096
1602,0.16422711224727546,0.1339126352348917,0.29349157627831773,0.17127398900328916,0.06542966568268185,0.0,0.09705570656008887,0.000659652580800033,0.07394966241265533,0.0,28,True,0.28203734144215975,0.29349157627831773,0.28203734144215975,0.8141614227005333
1603,0.15443178605413432,0.0,0.10819512781311248,0.07770716411875397,0.19865522494336568,0.0004833943643696901,0.26113369674823167,0.0,0.10349369130887515,0.095899914649157,57,True,0.26297612628716915,0.26113369674823167,0.26297612628716915,0.4761153694778549
1604,0.09179272221387931,0.2201435930920652,0.04512531242506148,0.19172277380369462,0.043856980821516615,0.22252343996490412,0.12677658130998812,0.009318852313854055,0.048739744055036505,0.0,9,True,0.25623786327473214,0.22252343996490412,0.25623786327473214,0.47727999274714833
1605,0.2996412573922761,0.10377792042956809,0.04956805398779072,0.2466467286901532,0.08941090414470255,0.0,0.0,0.12956500310055866,0.08139013225495062,0.0,38,True,0.3086293798180917,0.2996412573922761,0.3086293798180917,1.0205810469065892
1606,0.03236346235301631,0.0025358553866717255,0.14963552968874266,0.052665102960003964,0.10549805285136932,0.3421843725176845,0.0,0.05838076240112068,0.2567368618413909,0.0,20,True,0.3517958821113302,0.3421843725176845,0.3517958821113302,1.2716730138281238
1607,0.0685635263451113,0.0561421481162275,0.15260866204127538,0.1649433491138693,0.0977116192828151,0.0,0.006797918232749827,0.23303300798881624,0.22019976887913542,0.0,38,True,0.26595996568810587,0.23303300798881624,0.26595996568810587,0.31604334837484904
1608,0.039186302708569404,0.010248569805714482,0.14182114760255285,0.0,0.1545937823515748,0.12142266434490524,0.28062666624173604,0.0,0.2521008669449471,0.0,6,True,0.320472637348435,0.28062666624173604,0.320472637348435,0.6505407447728395
1609,0.2664073863973104,0.019024546964046266,0.039445711200348774,0.038715469464624896,0.16542017383334034,0.16319132046054746,0.0,0.0,0.3077953916797819,0.0,20,True,0.3508887640637994,0.3077953916797819,0.3508887640637994,0.8792542379832567
1610,0.12385620860482333,0.13103524860599702,0.07249978089624613,0.1282029559323732,0.05916619071159208,0.0,0.0734607040445836,0.21156355685790387,0.11005077422865055,0.09016458011783021,9,True,0.16763021534187275,0.21156355685790387,0.16763021534187275,0.2762174988636374
1611,0.09717207194705149,0.11892617710128582,0.10525337873978115,0.2343428841515594,0.06577300355210752,0.1117243602073908,0.04302627454207887,0.06000422951431439,0.05873349729287634,0.10504412295155405,9,True,0.1622491548407175,0.19131660960948055,0.1622491548407175,1.8209070601429154
1612,0.06275129687920267,0.13683359250236005,0.16175828851116994,0.0,0.12357407111886842,0.0,0.22076782439542336,0.11978467888733219,0.08732103221551385,0.08720921549012958,28,True,0.20594820652313103,0.22076782439542336,0.20594820652313103,0.005125793666842332
1613,0.07330945984379497,0.10704894932112863,0.0,0.23393954520078988,0.006366973467019344,0.12415187314420875,0.1264972471498336,0.08268156521625497,0.1490250044061513,0.09697938225081854,20,True,0.20363432545016596,0.23393954520078988,0.20363432545016596,0.31468315809498454
1614,0.26593016390559343,0.09336478742397558,0.12522707805029312,0.1474553970574481,0.06772107970663634,0.1088242201341493,0.03780056974923965,0.0,0.15367670397266442,0.0,20,True,0.24152643487964476,0.26593016390559343,0.24152643487964476,0.684616081292673
1615,0.12392470386757377,0.26270674696531643,0.3085286025104259,0.0,0.0,0.0,0.049303358888450916,0.053398207594811876,0.13879182121428352,0.06334655895913771,8,True,0.3288163798182265,0.3085286025104259,0.3288163798182265,1.0723571291748792
1616,0.0,0.13776509052647093,0.08247170063390935,0.09715115770247593,0.03721185057372491,0.0,0.18175839347630252,0.3937113032191703,0.0,0.069930503867946,9,True,0.3599150595517186,0.3937113032191703,0.3599150595517186,1.8224087991945448
1617,0.07766789130063903,0.2264591739307695,0.19726121755571271,0.07552071423953209,0.09532535149337425,0.0,0.11885581256782073,0.03824781662674256,0.0,0.17066202228540903,28,True,0.23607937896617814,0.2264591739307695,0.23607937896617814,0.2965592816505663
1618,0.0,0.13277478432640477,0.06278584158896598,0.0,0.016066373079509484,0.14219107843887693,0.2680736739388348,0.2633365409097056,0.0765674714127297,0.03820423630497274,7,True,0.3009641277229531,0.2680736739388348,0.3009641277229531,0.8699364520311079
1619,0.0373893555005956,0.19238475494678337,0.2212860324721128,0.025404321360713487,0.08687703047006065,0.040199636664276776,0.24906585565969172,0.07562798238481562,0.07176503054094992,0.0,28,True,0.264745135076365,0.24906585565969172,0.264745135076365,0.8025776012704626
1620,0.13063439843677696,0.18055084541060767,0.22293537509311726,0.10504956385146291,0.019225010876199308,0.0,0.10920198221880713,0.11830877460770876,0.0,0.11409404950532,28,True,0.2229543415413163,0.22293537509311726,0.2229543415413163,-0.03649097442799046
1621,0.16845041692335236,0.0,0.1707846711647031,0.21528144032248192,0.0,0.0,0.03320005043845648,0.12189176914776077,0.10142661144807527,0.18896504055516994,8,True,0.25660092792262523,0.21528144032248192,0.25660092792262523,-0.08345109146686679
1622,0.13041301923655207,0.15767140710027286,0.0,0.006167274322416098,0.012886418513479058,0.37157652554003134,0.0,0.0,0.17832675221314379,0.14295860307410485,20,True,0.3638387422172558,0.37157652554003134,0.3638387422172558,1.2708269857884202
1623,0.08876532555784916,0.1722934313021712,0.2532695435606406,0.0,0.13737994303059164,0.0,0.2035649710451149,0.0008532554198891691,0.0,0.1438735300837433,361,True,0.28761439128447414,0.2532695435606406,0.28761439128447414,0.19699119289247835
1624,0.03056290843652873,0.03492986688242786,0.12288130877201817,0.0,0.04383075624567596,0.2868975687519351,0.14961671900935142,0.019418808968101324,0.05021053726541787,0.26165152566854355,7,True,0.30859394817933206,0.2868975687519351,0.30859394817933206,1.0785914945899613
1625,0.0,0.08360490710322453,0.0,0.0,0.17879580207503512,0.2988604741171471,0.0,0.14614381597040668,0.057638009100100196,0.23495699163408643,1138,True,0.3288772495598858,0.2988604741171471,0.3288772495598858,0.719935885276453
1626,0.04286923357368173,0.0415971074626531,0.08706451847614814,0.0,0.1437920352455884,0.11173334676798503,0.0829147334245022,0.28386848093286826,0.0,0.20616054411657325,7,True,0.27251999656981735,0.28386848093286826,0.27251999656981735,0.9459376328348322
1627,0.009593616510591487,0.0,0.07247967388351267,0.1342107692651466,0.2044399772491765,0.17036108817426263,0.14455265600154305,0.05719031197223486,0.093074029439977,0.11409787750355518,0,True,0.20005943766768347,0.2044399772491765,0.20005943766768347,-0.1029108743585664
1628,0.17314777447349083,0.17945286526236393,0.1024362358547065,0.16531692805020354,0.0,0.19844828498921427,0.029309740237172126,0.09497399413074109,0.03544607459682373,0.02146810240528398,1011,True,0.22579747041611545,0.19844828498921427,0.22579747041611545,0.006216406543090076
1629,0.11593462570122652,0.10627519939722323,0.0,0.1386570655610037,0.09062874348175529,0.22872734863336458,0.08659780643267262,0.17375139749198787,0.0,0.059427813300766144,9,True,0.21380177649964036,0.22872734863336458,0.21380177649964036,0.20194565309085374
1630,0.03279053664106971,0.12381203277710387,0.04553569547030938,0.09317707974594629,0.09082669030715773,0.1359060908457344,0.08858220656576643,0.04804366260348636,0.13754302169466104,0.2037829833487649,0,True,0.15646292743814824,0.1709924467076952,0.15646292743814824,0.609507166308455
1631,0.03540140468953774,0.0,0.08283789449696895,0.0,0.029257234109334392,0.35566246787862527,0.23422217993344635,0.21027296438857687,0.0,0.052345854503510474,0,True,0.3705158439704894,0.35566246787862527,0.3705158439704894,1.2336361096977149
1632,0.1516108527162129,0.014635643579906541,0.14471219674112923,0.0,0.0,0.27731005088416766,0.03345376448388798,0.26961058318840936,0.0,0.10866690840628632,7,True,0.3265885099621174,0.27731005088416766,0.3265885099621174,0.7282231614130082
1633,0.14798919165131932,0.0,0.27542022388866,0.1497707874434506,0.12370716015427363,0.0,0.025646395000676003,0.0018143244253527148,0.015819146495882716,0.25983277094038504,8,True,0.3223603487053344,0.27542022388866,0.3223603487053344,0.6463979571597388
1634,0.09663078726984109,0.39571323695990057,0.0,0.14293890538888024,0.0,0.12308681808197619,0.0,0.0,0.20279887618529086,0.03883137611411106,1464,True,0.3796625216767135,0.39571323695990057,0.3796625216767135,1.5628745989537536
1635,0.09608421239988227,0.2363818898599767,0.015725890847396524,0.09538012525914749,0.0,0.07684588430778096,0.02931579925378478,0.24248701749236107,0.0,0.2077791805796702,38,True,0.28842692873465825,0.24248701749236107,0.28842692873465825,0.5809674687486652
1636,0.023607823388033397,0.06989053718621228,0.19157954781321496,0.006931051767570284,0.2944121666457524,0.01933398962513519,0.21294104549895507,0.11764475466297072,0.06365908341215565,0.0,28,True,0.3041081423028067,0.2944121666457524,0.3041081423028067,0.8946939140500263
1637,0.0760195064572277,0.03784372834546526,0.11091795082236103,0.33161939737707763,0.22633842887862415,0.20432003862158124,0.0,0.01294094949766296,0.0,0.0,40,True,0.3501836095706411,0.33161939737707763,0.3501836095706411,1.0186725706075122
1638,0.0,0.19542948722092363,0.1287547904104237,0.03889517360378288,0.23177744176398238,0.062320147621903355,0.14405414395905064,0.10898984296196718,0.08977897245796612,0.0,86,True,0.2336205139221793,0.23177744176398238,0.2336205139221793,0.2896004984064979
1639,0.09913579572465475,0.2248006963190885,0.061778133864739605,0.07525959588052687,0.03166640636738739,0.21738573876095812,0.12246170580163848,0.0,0.16751192728100622,0.0,179,True,0.24730596340067026,0.2248006963190885,0.24730596340067026,0.36948412611886383
1640,0.049184548219133074,0.09888919895220939,0.040131984444602906,0.1657989651718357,0.03284856764604354,0.0,0.107212375400593,0.3097044452141498,0.16354072671108114,0.032689188240351365,38,True,0.2785724035547737,0.3097044452141498,0.2785724035547737,1.3548081339231552
1641,0.21662204041512287,0.0420296676619208,0.27330950604611887,0.0,0.0,0.04623040984922678,0.133542872468136,0.030646355992673405,0.0,0.25761914756680115,1163,True,0.33266719309709425,0.27330950604611887,0.33266719309709425,0.7192744110882482
1642,0.0,0.15806862139938954,0.0,0.02735534541122273,0.1399833308184749,0.12866601941961917,0.11771660739499762,0.26257955015212964,0.0,0.16563052540416637,7,True,0.2685572047336251,0.26257955015212964,0.2685572047336251,0.2876018611898933
1643,0.07309395190602568,0.057098841874594054,0.11269646676020353,0.06274686263090429,0.0,0.044693835861947265,0.07148783072830767,0.0,0.26709029281493657,0.31109191742308107,1455,True,0.316960755373827,0.31109191742308107,0.316960755373827,1.3814725473890055
1644,0.03280556734306419,0.16298157229122884,0.0,0.0,0.02992650950405931,0.044357173997453245,0.18372033840327393,0.1251683318871497,0.2605155778356515,0.16052492873811935,1252,True,0.271218078496263,0.2605155778356515,0.271218078496263,0.4492853664497646
1645,0.0,0.03890496867320035,0.17835134801880898,0.0534127164592243,0.08044175840255754,0.1556917403237151,0.1513173796670867,0.2933794324774373,0.0,0.04850065597796971,7,True,0.27965562237769315,0.2933794324774373,0.27965562237769315,0.9511158005675153
1646,0.2562461482421992,0.15118350683753018,0.0,0.0,0.08408926847521213,0.0,0.2642098998055194,0.07968751415142923,0.01474826059650037,0.14983540189160952,28,True,0.30726971249843715,0.2642098998055194,0.30726971249843715,0.6292708472949041
1647,0.15602303046286226,0.17358155147132437,0.0,0.0,0.2766276367932748,0.14105683902268498,0.0,0.029604352816777025,0.040309658708496045,0.18279693072458061,20,True,0.29463473402186247,0.2766276367932748,0.29463473402186247,0.4632776931043831
1648,0.15438562681646287,0.1735343093797095,0.17530442701166993,0.0,0.037939746128756155,0.30983062912515674,0.0,0.0,0.11518215210339984,0.03382310943484477,20,True,0.3106864889317074,0.30983062912515674,0.3106864889317074,0.8376458702289529
1649,0.06988537584643685,0.1318021337815985,0.0589921497871983,0.0,0.047693738444566154,0.3198271279615821,0.03967045194381834,0.04667385282769977,0.1242309757041456,0.16122419370295457,20,True,0.2747338633748097,0.3198271279615821,0.2747338633748097,1.6796793725619756
1650,0.39127324851800305,0.08643166977535173,0.0448663343856281,0.0,0.0475294146829316,0.21217617372133565,0.03305467223557209,0.04077958449696997,0.03216434217901372,0.11172456000519418,20,True,0.3551456863694496,0.39127324851800305,0.3551456863694496,2.0083957707537237
1651,0.03164117238347143,0.0,0.1501786100914318,0.0,0.07818290814441291,0.12296845768695626,0.2342261390373038,0.16690061496314618,0.16453032044680008,0.051371777246477464,1351,True,0.23919776913217336,0.2342261390373038,0.23919776913217336,0.1863505681844566
1652,0.16533558244127947,0.01983141101684638,0.22095360390585986,0.08432374040074135,0.04731879861716207,0.0,0.0,0.1645684378573388,0.1210565724544384,0.17661185330633364,8,True,0.2425456820113819,0.22095360390585986,0.2425456820113819,0.029254688230808772
1653,0.07809044818783983,0.16564001190742259,0.0,0.19434257944133135,0.15772854506270273,0.0,0.12628720082755754,0.0,0.20409054145997124,0.07382067311317479,0,True,0.24337822774344936,0.20409054145997124,0.24337822774344936,-0.1476455142627931
1654,0.05016377500744428,0.16753116067248378,0.11729218292769521,0.0,0.15867937484347444,0.06348241269015743,0.0,0.21890337330223653,0.03066775166486682,0.19327996889164145,7,True,0.24447097011080982,0.21890337330223653,0.24447097011080982,0.12887730819072094
1655,0.1524519168582986,0.009019848791724619,0.0,0.058471199367978545,0.0,0.2769127367112958,0.11804307044911781,0.1407968232905413,0.1083533148114079,0.13595108971963543,20,True,0.2596219195114392,0.2769127367112958,0.2596219195114392,0.6380488429429375
1656,0.14723485578251128,0.04841433744556316,0.0029735346458588637,0.15762589840592817,0.08735386178266988,0.18341987625440898,0.18741456988851704,0.0,0.11567945342708506,0.06988361236745759,0,True,0.20866250498567396,0.18741456988851704,0.20866250498567396,-0.21915878720863424
1657,0.003796033063236262,0.09699274966434211,0.20854263868524095,0.05839683366572561,0.09838614421572395,0.24994279843494108,0.09042302920178419,0.0,0.0,0.19351977306900595,0,True,0.2722125792983957,0.24994279843494108,0.2722125792983957,0.4656251616011736
1658,0.10477031091669647,0.17130479755837702,0.05440505175161293,0.03756996938631409,0.1061257159727547,0.1638170153091772,0.04513992855370353,0.1294830273029802,0.18738418324838382,0.0,20,True,0.19159474342596333,0.18738418324838382,0.19159474342596333,-0.09999589999624718
1659,0.08649579988606101,0.0767127916786118,0.06340122704470447,0.20768847876041027,0.18242898530575508,0.0,0.09917543768527448,0.14906626582929736,0.0,0.13503101380988564,28,True,0.20997815130201658,0.20768847876041027,0.20997815130201658,-0.03811084722615633
1660,0.12578802367150824,0.20225714416573753,0.1437548469587251,0.0,0.13209900732222804,0.19747598368319563,0.015180545209089812,0.09176615707213405,0.09167829191738151,0.0,609,True,0.2256088050189433,0.20225714416573753,0.2256088050189433,-0.15738070190568748
1661,0.02636722684965262,0.09618305253001487,0.1136170278963749,0.0,0.15084496849804888,0.26307792134735214,0.05082927911005571,0.0,0.26980897258155717,0.029271551186943665,20,True,0.3017561225635903,0.26980897258155717,0.3017561225635903,0.8864809382151206
1662,0.18256026381301985,0.0,0.031411085676548656,0.15791435342381674,0.020275651609958815,0.13063983198716203,0.0,0.13004837187161822,0.18694208028428555,0.16020836133359018,8,True,0.2329299389143278,0.18694208028428555,0.2329299389143278,-0.3385819055203772
1663,0.051766064430113425,0.05284294823201082,0.14546915569878535,0.20059514714703144,0.14900848659083743,0.009274683019792543,0.17478951293906705,0.0,0.07559522415201002,0.14065877779035177,0,True,0.21263170803491233,0.20059514714703144,0.21263170803491233,-0.10265332513209575
1664,0.18386408917782937,0.20211764672821828,0.05074932948527145,0.17283777014059365,0.0,0.15275565041553105,0.14099684673543947,0.04219733375731537,0.054481333559801365,0.0,9,True,0.23466820373542835,0.20211764672821828,0.23466820373542835,-0.043534623136967904
1665,0.1629042549301751,0.1991236448011858,0.0,0.19783005751159305,0.08280682273545197,0.19153697913608858,0.0,0.0,0.1657982408855055,0.0,20,True,0.27632805647843944,0.1991236448011858,0.27632805647843944,-0.14112916072708367
1666,0.13851710227716083,0.17415322143666756,0.056428023329134214,0.0,0.0,0.039380558298760894,0.002862027754366028,0.1369393233247373,0.1502422799739235,0.3014774636052498,102,True,0.2940633530005176,0.3014774636052498,0.2940633530005176,0.8256456102485544
1667,0.0,0.11824252406601939,0.10422025379880011,0.06476661236785729,0.2208106868034821,0.0314296012642939,0.043219968838886166,0.2204489037347826,0.0,0.19686144912587847,7,True,0.2607741630903996,0.2208106868034821,0.2607741630903996,0.39679866818203047
1668,0.024419764759561154,0.0,0.09757183976969368,0.028206312304313627,0.1215881729453767,0.12613643245677036,0.15105170109614016,0.19934246980331183,0.08615204900932033,0.16553125785551204,7,True,0.19744132754044708,0.19934246980331183,0.19744132754044708,-0.1859554748970083
1669,0.14897398770785175,0.07618625836499002,0.0,0.07825805431386838,0.11833950482100215,0.16754198604516116,0.12998863956864581,0.18174801061781065,0.020936379214615247,0.07802717934605476,7,True,0.1806998395218552,0.18174801061781065,0.1806998395218552,-0.33278099530243715
1670,0.19748652744445971,0.0,0.0704123045708824,0.1495233671070755,0.052524000718231184,0.12153066794743846,0.0,0.03573410378622851,0.1375262424273826,0.23526278599830144,8,True,0.2436873086079236,0.23526278599830144,0.2436873086079236,0.3076483338092525
1671,0.15854441372327238,0.07764859367404278,0.06462132548275525,0.03789421667250955,0.0,0.05253440111972228,0.17281192266153977,0.12611873306629698,0.3098263935998611,0.0,29,True,0.28513097955696404,0.3098263935998611,0.28513097955696404,1.2036672217407751
1672,0.0,0.11646501294080326,0.0027276386861046064,0.08767517188082605,0.3074164929384782,0.21772045593757083,0.0,0.0,0.04983569714912902,0.2181595304670878,53,True,0.33651560071511233,0.3074164929384782,0.33651560071511233,0.8030262713834493
1673,0.0,0.0,0.0,0.2168448386599695,0.004766249504530192,0.2042282522629197,0.10135825546208432,0.1556717579472333,0.06589416238895514,0.25123648377430785,9,True,0.3012018987308905,0.25123648377430785,0.3012018987308905,0.33702272818411116
1674,0.06659611506812435,0.0,0.023378817979371067,0.010385315952819395,0.01514208474264343,0.13889388278294076,0.2480082521130801,0.19250930748309913,0.19741735577125472,0.10766886810666705,9,True,0.2715591721291817,0.2480082521130801,0.2715591721291817,0.41196329102075835
1675,0.0,0.0,0.05359840568786101,0.309705539576876,0.014285557870403972,0.33060418983875384,0.09310104755540363,0.19870525947070145,0.0,0.0,334,True,0.395531418520355,0.33060418983875384,0.395531418520355,1.0736838800269772
1676,0.04328445526551828,0.20156142464942714,0.04198505056511852,0.0829202377133559,0.1144532515718485,0.029092535185499233,0.0708392195084794,0.23246442718644877,0.04125656052212445,0.14214283783217968,102,True,0.21459165810305408,0.20337189200094954,0.21459165810305408,0.9422847150423047
1677,0.0,0.0,0.24975739553692228,0.0,0.22957642555127042,0.03723834967872298,0.2911247946272684,0.14050411386921222,0.00199080350400088,0.049808117232602735,1240,True,0.35135544735049934,0.2911247946272684,0.35135544735049934,0.7147349609906196
1678,0.04856481470799838,0.16098850073118356,0.18374046849970116,0.0011520882286235271,0.23396738965263936,0.0,0.18266838669283303,0.13140900343463602,0.003960947591820412,0.053548400460564485,28,True,0.26513704204863453,0.23396738965263936,0.26513704204863453,0.14615249733639255
1679,0.033115201724094205,0.0,0.0,0.21643931901523966,0.20141463171724805,0.22428742080208264,0.0,0.047775080165682215,0.1928966581562488,0.08407168841940453,53,True,0.29218987697596366,0.22428742080208264,0.29218987697596366,0.2852650355660318
1680,0.0,0.15703328164031133,0.0,0.2345496494751278,0.07375938935520591,0.3154440429205491,0.011775254090327527,0.0,0.2074383825184783,0.0,20,True,0.35747408366833966,0.3154440429205491,0.35747408366833966,0.7516959050636878
1681,0.09724607577886489,0.0,0.13476534703877244,0.07603054918590386,0.002454196075008724,0.025526902014253717,0.16590247425749996,0.012292703173861825,0.2945143109224265,0.19126744155340808,57,True,0.2916392348155144,0.2945143109224265,0.2916392348155144,0.8191497851731592
1682,0.21159074820133855,0.24295896431409367,0.0,0.0394545951921386,0.0,0.012140371737595183,0.11909940236234573,0.1385198802434283,0.0,0.23623603794905998,28,True,0.30770708029597427,0.24295896431409367,0.30770708029597427,0.38662639816178557
1683,0.18186779602001985,0.0,0.1040159300297588,0.20652519884053122,0.0,0.0,0.0,0.185067153495575,0.18966508122053027,0.1328588403935848,38,True,0.2728040184699069,0.20652519884053122,0.2728040184699069,-0.1607805156848401
1684,0.22450341341882515,0.14901770580994655,0.06894258228688312,0.044970447368037694,0.019983723441997052,0.0,0.22938000688513963,0.11584005807344476,0.0,0.14736206271572616,9,True,0.25987018569654036,0.22938000688513963,0.25987018569654036,0.3450350078684654
1685,0.12225093654360887,0.05113206996644887,0.091049748869736,0.09711218914388828,0.16778960168820067,0.0,0.28452940071786365,0.08895286212995611,0.0,0.09718319094029743,28,True,0.2484917075163769,0.28452940071786365,0.2484917075163769,1.0966467165191578
1686,0.2647865668594222,0.0,0.17101782379102817,0.11858869772526842,0.05265998435236786,0.10411396683202583,0.12365048297103048,0.036893790827350656,0.11965197374204257,0.008636712899463658,8,True,0.24099144110059376,0.2647865668594222,0.24099144110059376,0.734181922724625
1687,0.26561327620480457,0.19370513998801742,0.0,0.035754229202249736,0.010179958559186846,0.2702584205214091,0.05771255881596068,0.0,0.0849923030130032,0.08178411369536837,20,True,0.3158112986394639,0.2702584205214091,0.3158112986394639,0.8602661069716251
1688,0.17196186791971993,0.12329666877577378,0.06381953432087743,0.24314399760984212,0.05331285840635712,0.04392547663681787,0.1173626451661382,0.012149564484860287,0.17102738667961337,0.0,20,True,0.2364499246046003,0.24314399760984212,0.2364499246046003,0.47612981091339507
1689,0.09564780375356574,0.10400296014738873,0.0007953014155571319,0.09829836761019185,0.27173398044772407,0.17707398647232628,0.06568028834602363,0.020533935171976637,0.13888343547801948,0.027349941157226536,20,True,0.2441209601385762,0.27093867903216695,0.2441209601385762,0.948421634371925
1690,0.18525561604214105,0.10557690640164985,0.05478714747557171,0.05086626547930176,0.0,0.008741721089755084,0.31319875740294495,0.1411212491659612,0.09404211546598501,0.04641022147668953,15,True,0.2830866463897068,0.31319875740294495,0.2830866463897068,1.3645367181613033
1691,0.0863248152226189,0.0744920009238167,0.17821954145843272,0.0,0.21693371668793424,0.11816107156109237,0.13712955829110837,0.10350521718711338,0.013716634026784448,0.07151744464109888,28,True,0.2015099248922919,0.21693371668793424,0.2015099248922919,0.20625770591552392
1692,0.0,0.11249768819180701,0.09360755058233401,0.24709708477244444,0.09269936180824254,0.013835883445591654,0.10092965319092875,0.1729967420393508,0.03664782656453047,0.12968820940477033,38,True,0.22256782904977887,0.24709708477244444,0.22256782904977887,0.5800181439944555
1693,0.17815711508134371,0.1469702681396679,0.0,0.048219587213920556,0.12372162280218187,0.3601435984952297,0.0,0.0,0.0893078293805745,0.05347997888708182,20,True,0.3339338167639885,0.3601435984952297,0.3339338167639885,1.506423272861741
1694,0.0,0.1946860855333685,0.0,0.23715048048595752,0.0,0.17618774582043722,0.08180743386771251,0.0822280736756455,0.11128315338780202,0.11665702722907674,20,True,0.25422796588613095,0.23715048048595752,0.25422796588613095,0.19750511183947417
1695,0.1247359445073658,0.10524182485823629,0.02944237817719689,0.05796573067861585,0.25604366641524623,0.3382278862736876,0.0725989531218764,0.0,0.0,0.015743615967774897,20,True,0.34108167455923644,0.3382278862736876,0.34108167455923644,1.350543441378277
1696,0.04076244303300614,0.17460187225313284,0.08734924877863127,0.24194424060823788,0.0,0.08798345883796417,0.051157637615605975,0.04749632225264606,0.1710789877978837,0.09762578882289209,20,True,0.22299597672217195,0.24194424060823788,0.22299597672217195,0.7309027439019563
1697,0.20208920434933209,0.1585778166138126,0.17694523806684734,0.04858264298595343,0.0773553270618962,0.08424242361434145,0.0,0.0,0.20149001480706996,0.0507173325007469,8,True,0.23644865691054295,0.20208920434933209,0.23644865691054295,0.14035381226782254
1698,0.0,0.2707840671364313,0.022886650554807198,0.1990942800264823,0.09955774321769924,0.12629201860513167,0.0,0.04806358859538528,0.07586732903566094,0.1574543228284021,20,True,0.2687109678945226,0.2707840671364313,0.2687109678945226,0.6860283696821818
1699,0.12084127936609258,0.06332118565484215,0.1627358679623563,0.023221393268106905,0.099141160252205,0.06046168572314365,0.004969134484901278,0.24280628268301468,0.020296258152228863,0.20220575245310854,7,True,0.24371634311831236,0.2378371481981134,0.24371634311831236,0.597786577167103
1700,0.25165386779220345,0.16516261565363585,0.04891272440885569,0.0,0.10205569614749788,0.11630825506059438,0.0,0.0,0.0,0.3159068409372127,1092,True,0.34167370524484797,0.3159068409372127,0.34167370524484797,0.9119667073703506
1701,0.07730283446930585,0.23771679508676624,0.0,0.0,0.15363367362686992,0.2747046350963183,0.0,0.005453398585053833,0.17070385870482943,0.08048480443085657,20,True,0.31176641219977586,0.2747046350963183,0.31176641219977586,0.5677202688006217
1702,0.251504484994486,0.04870593685448722,0.0,0.23385203936605156,0.21564382061414888,0.01965908745458751,0.0,0.11680886110109315,0.04499445728242599,0.06883131233271943,71,True,0.29598791941025154,0.251504484994486,0.29598791941025154,0.6618664258541411
1703,0.2027431903721108,0.0,0.15409799230674506,0.2439066251245374,0.04076765794311171,0.0,0.03599289472878041,0.15421035623880008,0.1374775468387505,0.03080373644716405,1324,True,0.26632443503216463,0.2439066251245374,0.26632443503216463,0.32430975268651513
1704,0.031636150488225656,0.1148926785973353,0.21831857696003776,0.20927396017509253,0.09698532107433429,0.0,0.0020330283520781415,0.05705527384822463,0.20239261943867332,0.06741239106599817,1032,True,0.25265105960742995,0.21831857696003776,0.25265105960742995,0.38701882690539285
1705,0.0,0.0019534988267083356,0.11202336088052102,0.06317650820191352,0.0,0.13927524996427942,0.14988367282622833,0.2561417190215087,0.11901602754178434,0.15852996273705644,7,True,0.251619107943425,0.2561417190215087,0.251619107943425,0.28439346225378104
1706,0.01446750391763979,0.3882742566325859,0.20206920074596962,0.010650285223681307,0.10193420270308781,0.0,0.20273111584114567,0.05542376749708649,0.0,0.024449667438803335,29,True,0.3834992369627406,0.3882742566325859,0.3834992369627406,1.4789996501025457
1707,0.0,0.011726392525441956,0.21956492260867833,0.13944118199524702,0.1377243454185684,0.12987426967912144,0.06541867492760405,0.0,0.1418704743919803,0.15437973845335856,0,True,0.2277396895188057,0.21956492260867833,0.2277396895188057,-0.20446056942227844
1708,0.06480082238895486,0.15453806366287576,0.0,0.13187276040224416,0.0,0.0785346725217456,0.3623372371932787,0.0,0.207916443830901,0.0,0,True,0.3551855859959803,0.3623372371932787,0.3551855859959803,1.2931658053695234
1709,0.17215780967557448,0.0,0.04086313123967118,0.266761184323133,0.008387045509872007,0.23195530591551544,0.0,0.0,0.20369698040471232,0.0761785429315216,20,True,0.321929919535906,0.266761184323133,0.321929919535906,0.4986609565367915
1710,0.1355768181567874,0.13308379576083815,0.026991157743707854,0.11872883322040884,0.05182192832629752,0.21351646367222052,0.0018489472590011667,0.010419540774568243,0.21560572706566114,0.09240678802050906,20,True,0.23308592989732818,0.21375677980665997,0.23308592989732818,0.2753390333823777
1711,0.0,0.15359623797285424,0.0,0.06112293884480522,0.24088713633124728,0.0,0.11230365025488322,0.15072528214547096,0.24862518025688568,0.032739574193853385,38,True,0.2890865111638298,0.24862518025688568,0.2890865111638298,0.4661007118244197
1712,0.06685164597641326,0.09008469870146141,0.3733559582006314,0.0526672475183106,0.0531283142838126,0.0,0.07854940298813322,0.032472291784416255,0.07970741708153335,0.17318302346528797,838,True,0.3180339827306311,0.3733559582006314,0.3180339827306311,2.2435700863406023
1713,0.0,0.1648355331106097,0.12315608232058423,0.15056482776734484,0.17283509539628625,0.02822602772537583,0.0,0.2078930239073396,0.041935995487614175,0.11055341428484529,7,True,0.2299495907970532,0.2078930239073396,0.2299495907970532,-0.15658824530493967
1714,0.06174212632813134,0.015121467253144614,0.0,0.15700711173131676,0.1291958677830523,0.17333203499369085,0.09868100392711235,0.06379038551948454,0.14849744829137188,0.15263255417269533,20,True,0.18596475805916482,0.17333203499369085,0.18596475805916482,-0.49598314770691754
1715,0.010192680755974036,0.01793846344452328,0.13971563153168798,0.0,0.0,0.09984347142084828,0.22552602142881964,0.03375726520252184,0.22180737155270522,0.2512190946629198,0,True,0.30696243839474974,0.2512190946629198,0.30696243839474974,0.48465231156516503
1716,0.0,0.0,0.18983514610773078,0.08318550444826399,0.0,0.20242638912905625,0.12095461071639045,0.21210694312956882,0.1194603290665069,0.07203107740248278,7,True,0.2510224559150994,0.21210694312956882,0.2510224559150994,0.04705258972604181
1717,0.037851707628425414,0.0,0.0,0.35114352719967445,0.3810900467561972,0.0,0.22199901224403343,0.006425713195274396,0.0014899929763950521,0.0,1212,True,0.46828540817296566,0.3810900467561972,0.46828540817296566,1.236120741977104
1718,0.11863193172707731,0.196509162937667,0.061683411986361764,0.1872259803332523,0.0,0.12248270330594116,0.03563326501698138,0.12601388300575453,0.15181966168696467,0.0,20,True,0.2162134314505487,0.196509162937667,0.2162134314505487,-0.21733969130104677
1719,0.0,0.0797953432273909,0.14468321623468539,0.0,0.08026879744174703,0.16640378219444696,0.0,0.0873565405766131,0.07614375635979875,0.3653485639653178,7,True,0.3291541256581251,0.3653485639653178,0.3291541256581251,1.6860313954201471
1720,0.1334374211860098,0.1494571700629782,0.2375794596317492,0.15938211240065847,0.1377489101226148,0.0,0.08378540980618569,0.0,0.08507502555612416,0.013534491233679627,28,True,0.23538340640517774,0.2375794596317492,0.23538340640517774,0.1068613088487612
1721,0.16018745249474264,0.0,0.10102203869648978,0.067221277801782,0.14364427997323062,0.08292695605793601,0.13148991873971996,0.0,0.19454627480765374,0.11896180142844531,0,True,0.19283281258471469,0.19454627480765374,0.19283281258471469,-0.44758882636307
1722,0.021706664074359828,0.24767448227838534,0.17328284466815774,0.22617756668058686,0.0,0.0,0.11961804253565447,0.20834543379550874,0.0031949659673469162,0.0,38,True,0.31736976550071117,0.24767448227838534,0.31736976550071117,0.2950498069189404
1723,0.0607194028282058,0.12194662462907588,0.1774304561634853,0.2468790874094568,0.2762063679633391,0.035559494048801765,0.008902685309145602,0.0,0.06388049899747944,0.008475382651010336,1230,True,0.30458975541244865,0.2762063679633391,0.30458975541244865,0.8249536392907745
1724,0.049354146105397644,0.10123311303705552,0.15363652116329696,0.0964611269083829,0.0,0.06573089632507045,0.2540898428178954,0.08422159225863328,0.17795849380826453,0.017314267576003333,38,True,0.23138148043925325,0.2540898428178954,0.23138148043925325,0.7711329902627413
1725,0.12199044533322295,0.0,0.30372001210332994,0.05763547427040756,0.14573827988600122,0.0,0.2856165426681662,0.012593783855811055,0.07270546188306114,0.0,28,True,0.34454390960848913,0.30372001210332994,0.34454390960848913,1.0261436849542924
1726,0.05309644024743262,0.05335245450252115,0.06306486813709601,0.0,0.36383745655031746,0.1918949446196672,0.1473181739143676,0.0,0.049070343662278894,0.07836531836631908,28,True,0.3302967221096569,0.36383745655031746,0.3302967221096569,1.7535969362590056
1727,0.08742745750252105,0.22512548664941462,0.14008379209433,0.10648285195965407,0.2212228208458214,0.07059371637547476,0.08029638453948917,0.03002149707456462,0.0,0.03874599295873004,0,True,0.22816698384129322,0.22512548664941462,0.22816698384129322,0.6937406818537005
1728,0.10720635137426629,0.1512601933964315,0.12430296182903784,0.0,0.0794799208629621,0.0,0.3967836868302917,0.1409668857070106,0.0,0.0,28,True,0.36530821099687155,0.3967836868302917,0.36530821099687155,1.7192474332936794
1729,0.12948352100601335,0.20368520282573443,0.169799034409205,0.026766151533500072,0.061749569659899195,0.1480414443739103,0.1250644780618608,0.10808247758626251,0.0,0.027328120543614245,28,True,0.20396282364318552,0.20368520282573443,0.20396282364318552,-0.0994441170204946
1730,0.0,0.16501131912036784,0.1455205821850164,0.02039734410770924,0.12695760675800294,0.028785485398743448,0.007474304938874927,0.17028951972859216,0.1302947033523239,0.20526913441036918,102,True,0.23223776186116982,0.20526913441036918,0.23223776186116982,-0.2177670817151031
1731,0.0,0.15027455690341696,0.0,0.17271508098424787,0.33446564469203227,0.1570586033083121,0.0,0.18268098370451086,0.0028051304074800812,0.0,53,True,0.34975394860984604,0.33446564469203227,0.34975394860984604,0.8093351243953025
1732,0.12476093757353729,0.0050397273148206564,0.07750113026253404,0.0,0.32948593730766873,0.013765471215990034,0.24906542485021477,0.1710428835979271,0.0,0.0293384878773074,28,True,0.3499965534475394,0.32948593730766873,0.3499965534475394,1.041710429247259
1733,0.0,0.0,0.052521307251316145,0.0,0.0,0.08044787041504398,0.0,0.2632033650934842,0.2001003031922196,0.4037271540479362,148,True,0.42607758122142614,0.4037271540479362,0.42607758122142614,1.3697802030575583
1734,0.034574478740066,0.0,0.16341506673798742,0.22707657259261219,0.06684094335482912,0.027036467020015113,0.05682406785607187,0.09815883694166137,0.21264568441712672,0.11342788233963019,1610,True,0.23581885896966814,0.22707657259261219,0.23581885896966814,0.5585989440013481
1735,0.11698770054349428,0.03277256571377203,0.1577376624866071,0.1665365117645023,0.15266042162645121,0.0,0.0,0.20002679402427295,0.1544995822164034,0.018778761624496883,38,True,0.23433827794735626,0.20002679402427295,0.23433827794735626,-0.30276951771212957
1736,0.03330699833171248,0.11199650926749023,0.17490298235011026,0.0,0.22602799434554816,0.0,0.2251317215690794,0.18222710548895357,0.01051530938106066,0.03589137926604536,28,True,0.2839402306073306,0.22602799434554816,0.2839402306073306,0.2723020662372186
1737,0.054766028207425946,0.18457074114693162,0.062652820385338,0.09246711563257665,0.0,0.36174368896641157,0.0,0.10607796230795373,0.07575978410885198,0.06196185924451049,20,True,0.3181683001062204,0.36174368896641157,0.3181683001062204,1.9004369958003007
1738,0.1327664423564963,0.06540606018509793,0.035168480736492216,0.1336579393910495,0.1021924931352833,0.20670994353318747,0.0,0.0,0.3240986406623934,0.0,20,True,0.31498949667000276,0.3240986406623934,0.31498949667000276,1.1073598819223074
1739,0.1903156135759529,0.02920007750715499,0.186644246500366,0.012673060098021974,0.08482256190712138,0.18364628129851698,0.12289524006377871,0.0,0.17773206161457203,0.012070857434514871,28,True,0.24459724753095335,0.1903156135759529,0.24459724753095335,-0.06408738355462713
1740,0.0,0.21502090373122576,0.03499446743122356,0.1702433556052765,0.21350667913807392,0.1261480292760388,0.0407740315780655,0.0,0.19931253324009587,0.0,0,True,0.28165197816532883,0.21502090373122576,0.28165197816532883,0.14193139543458494
1741,0.051819214093183505,0.0,0.0,0.040174716889468005,0.16795600480678347,0.4603999968876448,0.0,0.06971234176205957,0.16233271746838374,0.04760500809247685,20,True,0.42184662385906185,0.4603999968876448,0.42184662385906185,2.191473859238424
1742,0.17309274343718264,0.0,0.02336228124123993,0.042199775937892835,0.055617994047455634,0.1293272223040802,0.06204531179449045,0.2487347001415643,0.010954588890306562,0.2546653822057873,8,True,0.28774926320901345,0.2546653822057873,0.28774926320901345,0.7735099434453377
1743,0.059674316668989404,0.20675120384256768,0.0,0.1516800481772449,0.14896347991241704,0.0010257683074083102,0.0,0.05398414969452814,0.20634288715044696,0.1715781462463975,1698,True,0.2577514843579454,0.20675120384256768,0.2577514843579454,-0.019990657380507405
1744,0.06646575010777603,0.17864158053508297,0.0,0.0,0.09397322287553825,0.4065062203054517,0.0,0.022740352703745303,0.1670656471287563,0.0646072263436494,20,True,0.3781678619152642,0.4065062203054517,0.3781678619152642,1.805561098341261
1745,0.153508981408144,0.270431387706171,0.09340310005641551,0.17077396626413008,0.01930510852512606,0.019765589638386278,0.2026108767352389,0.0,0.07020098966638821,0.0,755,True,0.28518194464913926,0.270431387706171,0.28518194464913926,0.5610211004087091
1746,0.12520928642719906,0.08905591037300503,0.08856330874197557,0.16712132546195216,0.09987412404012025,0.1046974673020105,0.0,0.0,0.3254785776537374,0.0,20,True,0.2936903513621041,0.3254785776537374,0.2936903513621041,1.2996195744950543
1747,0.07839706146805472,0.0,0.20456317810483304,0.12838916126887787,0.0,0.0674523496848286,0.02788977266470184,0.15113001966253442,0.14710084417938693,0.1950776129667826,8,True,0.2287746598600877,0.20456317810483304,0.2287746598600877,-0.048785518277001165
1748,0.15221401833138262,0.10930629000836864,0.0,0.1654256579905492,0.18267025220233313,0.0,0.016009428826465954,0.13576544934448487,0.08518135583582363,0.15342754746059206,38,True,0.2129212918477417,0.18267025220233313,0.2129212918477417,-0.5474866762814922
1749,0.0,0.004076998118156012,0.12864986857699573,0.32458917307676033,0.18497119583573957,0.0765118950217608,0.1399102990925387,0.05095072104274801,0.09033984923530088,0.0,173,True,0.3038521208955266,0.32458917307676033,0.3038521208955266,1.2049919056884233
1750,0.2748660303361097,0.05621342170356676,0.0,0.27951475778613005,0.046197565969654956,0.0,0.051862241604518466,0.25251032473220936,0.03883565786781074,0.0,38,True,0.3562770871902243,0.27951475778613005,0.3562770871902243,0.9203695527106316
1751,0.0,0.38434154083421984,0.04068629841445527,0.27482844062685424,0.15290333185660152,0.08155993794195278,0.0,0.0,0.06568045032591635,0.0,53,True,0.3990611990557853,0.38434154083421984,0.3990611990557853,1.4294969020606338
1752,0.3103653771227636,0.04983671725302106,0.07126964896062041,0.011380302890685806,0.0,0.05526002362540856,0.28594225030334536,0.0,0.0,0.2159456798441552,790,True,0.36806034454005326,0.3103653771227636,0.36806034454005326,1.0049169229967547
1753,0.16486314387514645,0.038111910936379785,0.15922080282983908,0.01589227096090733,0.055859359329914315,0.06180176648993984,0.04704676865382192,0.05539535089843302,0.17346879950290234,0.22833982652271592,8,True,0.2206546459493831,0.21244755556180858,0.2206546459493831,0.621334015750528
1754,0.13723230067235734,0.0,0.1370697069238384,0.09721812692167385,0.0,0.16636535564370777,0.05325379764269353,0.22088881097644228,0.13516766229763147,0.05280423892165522,8,True,0.21779812446779362,0.22088881097644228,0.21779812446779362,-0.0008245616050558143
1755,0.16679251492256258,0.03959074706744513,0.1501763400511083,0.14779212445060877,0.14616244213812032,0.2725185633775257,0.0,0.0,0.0404742169264388,0.03649305106619039,20,True,0.2690396761397469,0.2725185633775257,0.2690396761397469,0.5929040255328667
1756,0.05445530013018065,0.12004722491904411,0.12265484061706126,0.18623725627077806,0.08566265146245435,0.10607320922358048,0.11467436916671717,0.08574826984609386,0.09376104329528466,0.030685835068805362,0,True,0.12621643111234143,0.15555142120197268,0.12621643111234143,0.4304975487974922
1757,0.20485746482098258,0.0,0.07239338431200126,0.10756667078172595,0.0,0.04766691395276203,0.1488183446145086,0.2002711125426832,0.12747614280571604,0.09094996616962024,8,True,0.21869519399756954,0.20485746482098258,0.21869519399756954,0.04785728691861301
1758,0.2820772432722789,0.11233948486911453,0.0,0.09927338317552954,0.11264476523928726,0.07201843657413916,0.0,0.19220223217024285,0.12944445469940774,0.0,38,True,0.2713226840607146,0.2820772432722789,0.2713226840607146,0.7186204531541759
1759,0.009823960371174882,0.10391610334950716,0.21503231257207292,0.25157830251912994,0.2646859840878768,0.0,0.11956571103819655,0.0,0.03539762606204174,0.0,1533,True,0.3256274341032798,0.2646859840878768,0.3256274341032798,0.594745466405433
1760,0.18288377811446735,0.019174004531375324,0.2666446465723513,0.018954311668708732,0.09964444841328791,0.0,0.20770089136988673,0.0,0.09188722714766649,0.1131106921822562,28,True,0.28209700423434036,0.2666446465723513,0.28209700423434036,0.5659203377205916
1761,0.0881655772879311,0.0,0.01931554428934083,0.10480903865207548,0.3006293901503786,0.1291178587167129,0.18852121722422563,0.14253147502779956,0.0,0.02690989865153585,0,True,0.2876808281366649,0.3006293901503786,0.2876808281366649,0.9377593626825101
1762,0.05553196989808547,0.0,0.03913619517700489,0.21443245517240014,0.07800362386165195,0.11862797325939782,0.2084778056846425,0.08260927512012077,0.1606099442121239,0.04257075761457256,9,True,0.2205651650709966,0.21443245517240014,0.2205651650709966,0.5191106681802181
1763,0.016659373006322045,0.02402810917505315,0.050162273474778536,0.27420246568153,0.24114451994108396,0.13871788433589924,0.0,0.0,0.03468565758922146,0.22039971679611164,53,True,0.3251624079501317,0.27420246568153,0.3251624079501317,0.7070204310605518
1764,0.0,0.07950674091514415,0.0,0.29746041696326764,0.07674568780546828,0.15455129754350652,0.06845771967236339,0.22787028920405883,0.09540784789619125,0.0,53,True,0.30048961912999395,0.29746041696326764,0.30048961912999395,0.9535958840109109
1765,0.025591830841238585,0.006319405492505552,0.0,0.132521934916167,0.12398451708925938,0.17790320896323608,0.2573573369566688,0.04114396979171844,0.2234661624897123,0.011711633459493793,0,True,0.2885802582204854,0.2573573369566688,0.2885802582204854,0.49515341861718737
1766,0.213612415859181,0.11074941576199993,0.15822287375906238,0.0194675443690889,0.16969676236432338,0.03797809360397601,0.14878249843898994,0.0,0.08037095143964351,0.061119444403734936,28,True,0.21419569388101029,0.213612415859181,0.21419569388101029,0.11162949278852896
1767,0.0,0.11984937397109686,0.045462097091625464,0.11668111231008836,0.09331531950739405,0.03609963684280447,0.07711390992728841,0.11323324487028318,0.09090306043847356,0.30734224504094565,102,True,0.24808674722789606,0.30734224504094565,0.24808674722789606,1.8401036827681343
1768,0.17230407456101224,0.013192540227007324,0.0,0.1200106117062626,0.20934578497659112,0.0,0.0,0.1628023708913025,0.12490623963290289,0.19743837800492123,8,True,0.2630190784217375,0.20934578497659112,0.2630190784217375,-0.15920580905835643
1769,0.0,0.010492652280247636,0.03816846419442449,0.21370677159567772,0.04299568575603531,0.21159456401683535,0.1693558437843742,0.037098368212831696,0.22532899748029206,0.05125865267928149,20,True,0.27805880219789786,0.22532899748029206,0.27805880219789786,0.46375354681282
1770,0.07228827042475915,0.25179055508881537,0.10399657628041122,0.13350193141516262,0.10021386424274557,0.03693391290481262,0.0,0.06973068228973982,0.23154420735355358,0.0,8,True,0.2591218859206316,0.25179055508881537,0.2591218859206316,0.7568213630295271
1771,0.33794075891029685,0.0,0.16444611188577388,0.025302605220822817,0.28087115516800404,0.0,0.0,0.03351304321702401,0.021397546448909517,0.1365287791491689,119,True,0.3754948661157001,0.33794075891029685,0.3754948661157001,1.09846307199031
1772,0.18265258747492757,0.047385579785280615,0.0,0.05436127440695275,0.10001203439736987,0.33074229130409577,0.007555036287754814,0.0,0.13368983940933474,0.14360135693428386,20,True,0.31065540517971985,0.33074229130409577,0.31065540517971985,1.2433384909154566
1773,0.21077068242061797,0.2826917059245078,0.17429286071491415,0.0,0.0,0.198159451503809,0.003987866889662862,0.0,0.13009743254648812,0.0,125,True,0.3330544936201252,0.2826917059245078,0.3330544936201252,0.4014278570075509
1774,0.16269054032004865,0.16869044659756957,0.0,0.12623455718449642,0.11465717215827288,0.11732048796590575,0.0,0.0,0.037294192254402385,0.27311260351930433,20,True,0.2715723791392892,0.27311260351930433,0.2715723791392892,0.4752190721860726
1775,0.0,0.14970325335468168,0.05871305440243096,0.2344445356131672,0.0,0.0489839916326801,0.034176466905449544,0.39212965725200005,0.08184904083959048,0.0,320,True,0.38059811220032896,0.39212965725200005,0.38059811220032896,1.6317022043704275
1776,0.1834533850142184,0.010739260123474896,0.0722797763203032,0.1219229791221165,0.1503460224380784,0.12636613433664728,0.0,0.106315758119761,0.2208919915058245,0.0076846930195757675,20,True,0.22932018728631914,0.2208919915058245,0.22932018728631914,-0.004491864098272874
1777,0.1208035588315456,0.12485042542499582,0.06972942343456846,0.07423506226373358,0.11160423541503577,0.15226333062665703,0.19358131383814806,0.04355141535020863,0.09760059424864753,0.011780640566459598,0,True,0.1588360886865434,0.18180067327168845,0.1588360886865434,0.07195989308513355
1778,0.25105601646230136,0.06165536155549657,0.0,0.25693065439050816,0.00028586295103846576,0.0,0.15522025671386236,0.12697175634050673,0.14788009158628637,0.0,9,True,0.308103272270352,0.25693065439050816,0.308103272270352,0.45664046814701703
1779,0.02986211981989782,0.0760215598630866,0.0,0.027824749089371888,0.0864110045609667,0.16848225201519096,0.18290226897969827,0.2156464934688008,0.08082883382878409,0.13202071837420284,7,True,0.21729655308094567,0.2156464934688008,0.21729655308094567,0.265375697412179
1780,0.28810288513023985,0.10264462099048449,0.0011474724425039717,0.01739359667510749,0.023216224518064425,0.0818509450118269,0.10564184024562165,0.2683192707406889,0.020799753975743327,0.09088339026971895,15,True,0.30484334447519,0.2869554126877359,0.30484334447519,1.1832352855332628
1781,0.011926150538608401,0.03839114877704651,0.43216822580706815,0.0,0.0,0.0,0.20852910096615637,0.1022515750665966,0.1427084608962263,0.06402533794829755,564,True,0.4083995690894356,0.43216822580706815,0.4083995690894356,1.874126662140304
1782,0.05644881437976823,0.09330558424982813,0.0,0.0,0.12225104585658907,0.17887233929271618,0.07641785104148564,0.18191882298024373,0.0,0.29078554219936903,7,True,0.2869205645098634,0.29078554219936903,0.2869205645098634,0.7779030036385488
1783,0.09609898643441905,0.24272056590519192,0.0,0.04809240843803306,0.0789105584825881,0.21278203340600024,0.1366184879270861,0.0961165309708522,0.010293943938268095,0.0783664844975611,286,True,0.23688501003761486,0.24272056590519192,0.23688501003761486,0.7079272176262179
1784,0.0,0.0,0.19957163670798547,0.0723640546194035,0.03253327278219919,0.06149296294775445,0.06610176284947351,0.18892554669092707,0.251963867099138,0.1270468963031188,8,True,0.26380713094486324,0.251963867099138,0.26380713094486324,0.5709416324193947
1785,0.2785991926764259,0.0,0.14012161299840648,0.036121397015553704,0.0850124919945368,0.1292316731985789,0.06232871415274947,0.0887458419430664,0.0060446499526497464,0.17379442606803258,8,True,0.25394096648610676,0.2785991926764259,0.25394096648610676,0.925156914486776
1786,0.040941921242090784,0.14534917159955146,0.1772486331708076,0.002847538760804595,0.07515170289726873,0.17286131159383702,0.03388395346707046,0.15251767505472996,0.10984291507019078,0.08935517714364848,9,True,0.18497620850269622,0.174401094410003,0.18497620850269622,-0.20245129364356806
1787,0.015947011007912026,0.22642470994079608,0.09428599661452167,0.05275550580118883,0.07581402966756658,0.011070788878097083,0.21109198202398102,0.05870216897474901,0.25390780709118776,0.0,29,True,0.28555336184611724,0.25390780709118776,0.28555336184611724,0.7328050899488303
1788,0.0,0.0,0.23511075490286487,0.0,0.41668851286653497,0.0,0.34820073223060016,0.0,0.0,0.0,28,True,0.5001501112184678,0.41668851286653497,0.5001501112184678,1.274382774472035
1789,0.10722290519734001,0.3380638213063387,0.07794073683278992,0.1517596827366218,0.03445302949465753,0.07606474686074106,0.08623864171598236,0.050882667011507614,0.0635205816076528,0.013853187236368187,38,True,0.2758902673265413,0.3242106340699705,0.2758902673265413,2.235076422685562
1790,0.0,0.008146694196851425,0.057136928007482976,0.2140377583900726,0.23370999743292267,0.04067563008548419,0.034386832854166056,0.0,0.1854660584383137,0.22644010059470634,40,True,0.3037651415679379,0.23370999743292267,0.3037651415679379,0.4246769615925328
1791,0.1300598340771106,0.10263586744931243,0.1644497228349743,0.052578183260708435,0.0,0.24936279058797584,0.12994721920839752,0.02017458528594963,0.017840193705376976,0.13295160359019434,20,True,0.2339387843703187,0.24936279058797584,0.2339387843703187,0.4451548407516527
1792,0.09141153543338398,0.0,0.12031739001339149,0.10706908502279142,0.051129800179778764,0.0,0.22256709809373207,0.11696174237581095,0.0016451466764493413,0.28889820220466217,9,True,0.28912182322005475,0.28889820220466217,0.28912182322005475,0.8575047408242593
1793,0.15807580137172456,0.19887067963377816,0.0,0.060372021386133914,0.05064916904524966,0.3248289558652046,0.0,0.025995782389965708,0.08707521350657296,0.0941323768013704,20,True,0.30558182853136373,0.3248289558652046,0.30558182853136373,1.3058778726519846
1794,0.14615246316892114,0.04533079293919008,0.13539093536844363,0.04988235358627568,0.0,0.10484406863675702,0.11715560588565398,0.0634981433715515,0.12071634624002271,0.21702929080318423,94,True,0.1861672798977813,0.21702929080318423,0.1861672798977813,0.2450282835814008
1795,0.3062850019185566,0.07946734163981256,0.019096133580363595,0.21710718214530247,0.0887725822759787,0.015521389768068841,0.02272886801790709,0.07531130308076357,0.16549278451906654,0.010217413054179938,38,True,0.29904495919361573,0.2960675888643767,0.29904495919361573,1.167001553300477
1796,0.28975650185564744,0.08963545015429619,0.0,0.01057347918438261,0.15857005867408863,0.27964172686044714,0.1402972197590822,0.0,0.03152556351205582,0.0,20,True,0.34077305159053495,0.28975650185564744,0.34077305159053495,0.8394935387727648
1797,0.06468848776081126,0.08931366619662177,0.19934429686173039,0.0,0.09540064099510467,0.0,0.24685481256713648,0.12806670451916174,0.09051718756512625,0.08581420353430733,28,True,0.23215680149140344,0.24685481256713648,0.23215680149140344,0.6355538302692875
1798,0.2748410321566568,0.0,0.07008844456919289,0.19048801861232137,0.014204948333830415,0.07044194249273543,0.030845276113846815,0.028914404688083813,0.09458464389306362,0.22559128914026885,8,True,0.2890063572425039,0.2748410321566568,0.2890063572425039,0.8843229645969467
1799,0.1511600183286566,0.12717065574214959,0.06900641902727916,0.12158642563675073,0.09335455833221562,0.04598014220666753,0.2591939377804486,0.08506461181601585,0.0,0.04748323112981625,38,True,0.21463518218576882,0.2591939377804486,0.21463518218576882,1.0856292415312314
1800,0.09374934845564932,0.17484085824747755,0.05587670449157825,0.0,0.0,0.0,0.05097133318096822,0.0,0.18762562777037467,0.436936127853952,102,True,0.413757302026067,0.436936127853952,0.413757302026067,1.8603028628518166
1801,0.11202660485430031,0.06509092680819085,0.18970199103900076,0.09398075260112869,0.0,0.19577209789781397,0.14373842434943157,0.17904557725363357,0.020643625196500308,0.0,0,True,0.23038433791530935,0.19577209789781397,0.23038433791530935,-0.11131014023829158
1802,0.10454110687103152,0.0,0.23433922019967598,0.016989009320989124,0.16888270098351507,0.0,0.22810745853745448,0.08257579843566905,0.05332698024495303,0.11123772540671169,28,True,0.26215087217519994,0.23433922019967598,0.26215087217519994,0.45298440731454465
1803,0.014158952527493501,0.0,0.09407456169366694,0.16710177334712598,0.21546522111454233,0.15050247540402095,0.08794341180350515,0.0430543010336335,0.17094188542566716,0.0567574176503445,0,True,0.21927153835214308,0.21546522111454233,0.21927153835214308,0.15201279674971907
1804,0.0,0.0,0.21335470906701737,0.16747027836566672,0.26303682020720054,0.10802519728272275,0.1271636268670421,0.11141499855441248,0.00953436965593807,0.0,40,True,0.28826920084398183,0.26303682020720054,0.28826920084398183,0.3724221271853009
1805,0.023271877256458653,0.0,0.0,0.10567678546430143,0.16958026283059613,0.2091288029396696,0.13188917561630656,0.012789858321550883,0.17229789828407693,0.1753653392870397,0,True,0.24939805154568445,0.2091288029396696,0.24939805154568445,-0.15469706043866294
1806,0.05492588809385466,0.25113805306085296,0.19369897660032465,0.11878971549582326,0.0,0.14815220592507672,0.021089792600799063,0.0940699621889528,0.05688786963971328,0.06124753639460257,418,True,0.23653322939257698,0.25113805306085296,0.23653322939257698,0.7571216178019322
1807,0.045348232081942594,0.0,0.050110376542956234,0.11516856620551574,0.10406289452518247,0.038912482527160536,0.2125315408277159,0.17148650290259046,0.0,0.26237940438693613,28,True,0.2712836270700118,0.26237940438693613,0.2712836270700118,0.668668569010296
1808,0.185938511294499,0.36954722771012133,0.08016899184200724,0.17079143539669203,0.0,0.0,0.0,0.1189175026410523,0.07463633111562815,0.0,212,True,0.3555938968897855,0.36954722771012133,0.3555938968897855,1.380799276346613
1809,0.10067327360496048,0.19332788008869653,0.0,0.14739398642975773,0.0,0.2150080844367433,0.022980153121419773,0.05399907052463602,0.1626156425202144,0.1040019092735717,20,True,0.2369988865513105,0.2150080844367433,0.2369988865513105,0.03715132352886288
1810,0.1252321227088397,0.09434693049829544,0.13513782762174573,0.11292878291094544,0.07681874103805007,0.08706762442450316,0.0,0.0002861587560892966,0.03112850665079889,0.3370533053907323,9,True,0.2892325310234696,0.3370533053907323,0.2892325310234696,1.71254298625849
1811,0.0,0.07816459702058405,0.07222409313728356,0.1721031398770635,0.2869721563264011,0.1518605009544225,0.0,0.0,0.23867551268424533,0.0,20,True,0.32144384458918684,0.2869721563264011,0.32144384458918684,0.64194022034662
1812,0.09422171062207718,0.0819849426321259,0.09558659901413179,0.15487257015903577,0.0,0.09366231452641802,0.2082002931468094,0.15804241453316475,0.062316995494924386,0.05111215987131282,9,True,0.17976325904994625,0.2082002931468094,0.17976325904994625,0.2909884683922168
1813,0.20442328529784087,0.0,0.21346466450359808,0.18734542341341706,0.15825601558093538,0.0,0.16273499451113044,0.06930180364025455,0.0,0.004473813052823701,9,True,0.2807218376519069,0.21346466450359808,0.2807218376519069,-0.03224394045217337
1814,0.2170599775998975,0.14793851751487624,0.09160799149438406,0.0197695096727752,0.1510342140454759,0.0,0.07792588924819145,0.17174214666071874,0.12292175376368072,0.0,38,True,0.22643453131960967,0.2170599775998975,0.22643453131960967,-0.09668266915030424
1815,0.0,0.0,0.08122946559103342,0.0,0.128295812578723,0.08446525972688715,0.18353866867763152,0.15347744084668843,0.0,0.3689933525790364,7,True,0.35155409783203134,0.3689933525790364,0.35155409783203134,1.3992275743796452
1816,0.054960214496136806,0.0,0.1797241687062305,0.03858732647934047,0.05706892997975014,0.0,0.006135749504537694,0.24743095445482494,0.2452223841352476,0.17087027224393184,8,True,0.30109406967019825,0.24743095445482494,0.30109406967019825,0.5358918170154351
1817,0.3101707162570336,0.027408296441715888,0.20365520330126133,0.031896478442608095,0.10635678769167699,0.1648721523138749,0.014846782448983884,0.0,0.14079358310284526,0.0,8,True,0.31302997938645327,0.3101707162570336,0.31302997938645327,0.9074665591339863
1818,0.08946104600161837,0.3120228540483952,0.2248335652572212,0.0,0.11136153170945752,0.0,0.17723446139102228,0.08272402166434428,0.0023625199279412343,0.0,28,True,0.32645667794740857,0.3120228540483952,0.32645667794740857,0.8624465397582457
1819,0.1309030643496828,0.13202495047750915,0.18855600119973884,0.0,0.38177347885961804,0.01606139553413252,0.1506811095793187,0.0,0.0,0.0,28,True,0.37260343498724696,0.38177347885961804,0.37260343498724696,1.3532369718430237
1820,0.16904537317322627,0.1225825607932683,0.0,0.13027273254902363,0.0,0.1566306117195611,0.04083718189495288,0.17584317897484905,0.04564525512675521,0.1591431057683635,8,True,0.2123804892678077,0.17584317897484905,0.2123804892678077,-0.45976883443104866
1821,0.22323311327578005,0.0,0.07480218924479977,0.11319448342514396,0.0,0.21102220502479868,0.0,0.12284406594298117,0.07179105501937622,0.18311288806712034,20,True,0.2579664752724775,0.22323311327578005,0.2579664752724775,0.1725308526905876
1822,0.03924229319063862,0.18333099975276473,0.0,0.0,0.0,0.28156178253211855,0.0,0.19239980879679516,0.117766510305368,0.18569860542231492,7,True,0.3159079927102393,0.28156178253211855,0.3159079927102393,0.44763838665491046
1823,0.13856555114159264,0.14683917909474026,0.05086842393353473,0.0,0.035332858977571,0.3018131257783687,0.036710044079239036,0.0047493957069562375,0.13966508864609306,0.14545633264190438,20,True,0.27878915444748736,0.3018131257783687,0.27878915444748736,1.043444567038494
1824,0.08295173605454072,0.08689840747334335,0.159194231033186,0.02844429175823,0.09142194317408316,0.31656351998966026,0.03396782653802457,0.0,0.04849888155042696,0.15205916242850498,20,True,0.2752863639476673,0.31656351998966026,0.2752863639476673,1.5650315909112276
1825,0.15895892983010174,0.0,0.022741889841551784,0.10334844915349664,0.1627112569415803,0.10316239639387763,0.11968491305499854,0.1792025848777773,0.15018957990661605,0.0,9,True,0.20634540166030166,0.1792025848777773,0.20634540166030166,-0.5884162294887925
1826,0.09580240045051382,0.012022757495501885,0.21901350820478208,0.0,0.12191115734505903,0.0,0.439113410318321,0.0,0.0,0.1121367661858222,28,True,0.4213634240691212,0.439113410318321,0.4213634240691212,1.8052460371912142
1827,0.062415025905269164,0.0,0.06321845570618105,0.22406012189407065,0.14477468561946172,0.10628069137279894,0.08082021144087627,0.14389287173513365,0.0,0.1745379363262086,71,True,0.21920537883284918,0.22406012189407065,0.21920537883284918,0.13820375033095122
1828,0.17726391051294604,0.10199532890609722,0.09651370724137012,0.04567158194736213,0.02271329475086321,0.12629065558491206,0.0,0.16226941689649396,0.15178489285746244,0.11549721130249292,20,True,0.1800032688505708,0.17726391051294604,0.1800032688505708,-0.4877464905635833
1829,0.15627676868601992,0.21772783743313423,0.07061611149878527,0.048560817815060116,0.0,0.1529391137158134,0.0,0.0,0.3023812690169214,0.05149808183426576,20,True,0.3108850022812301,0.3023812690169214,0.3108850022812301,0.8701253072476869
1830,0.13808849562211292,0.30306517490181084,0.0,0.07392004386578128,0.12777312393749551,0.27235834905787143,0.0,0.0,0.08479481261492813,0.0,20,True,0.3377518430671241,0.30306517490181084,0.3377518430671241,0.9294081050870168
1831,0.1845080885179837,0.0,0.1426995744007909,0.12687295646119495,0.0,0.00397449608613162,0.08426564664341266,0.20568939534410638,0.11956624986526836,0.13242359268111145,9,True,0.22750795487134773,0.20568939534410638,0.22750795487134773,-0.30775012686881936
1832,0.21453071722687728,0.17699270419939336,0.007554416078742624,0.19350114880731661,0.06150790646650848,0.0,0.08307526776059185,0.08298922050811272,0.17984861895245707,0.0,38,True,0.25449375021161413,0.21453071722687728,0.25449375021161413,0.09746647100950805
1833,0.0,0.18139371238111887,0.3433117539217115,0.04435583957196136,0.0,0.10504784626042495,0.06739964240680056,0.09368117730293189,0.16481002815505097,0.0,9,True,0.32287822772399805,0.3433117539217115,0.32287822772399805,1.3378493947179153
1834,0.16755869344106314,0.07653917704993266,0.010247071066079468,0.3016244906511057,0.041681855236734386,0.1618473327237532,0.0,0.04359852453617356,0.12754135310178372,0.06936150219337427,1205,True,0.2755486879703573,0.3016244906511057,0.2755486879703573,1.1865529304023263
1835,0.0,0.1301264856106992,0.130859255606738,0.0,0.09001109800864117,0.11700020508160303,0.0,0.16438941393575635,0.21788716429205573,0.14972637746450665,8,True,0.22970584815197478,0.21788716429205573,0.22970584815197478,-0.2818949892780019
1836,0.013220906564079342,0.0,0.02817940543314225,0.1983117522048437,0.23048983454442706,0.16427046306105791,0.0,0.14491375356249997,0.03407989639986392,0.18653398823008596,0,True,0.2781422931906057,0.23048983454442706,0.2781422931906057,0.15088121670106533
1837,0.05059472777933511,0.09272393750264436,0.32520731912963563,0.031226031153123415,0.10126490634041502,0.0,0.08269967861827457,0.12386871712340554,0.1208340315929639,0.07158065076020255,38,True,0.2646778238498278,0.32520731912963563,0.2646778238498278,2.0164641186246675
1838,0.0,0.0,0.027385470890646458,0.26592192911214296,0.05907215221430874,0.25459895236220703,0.11700831681518323,0.0,0.15931877893774518,0.1166943996677663,0,True,0.30408154259959064,0.26592192911214296,0.30408154259959064,0.6708214371319906
1839,0.22653736134230146,0.09526646383843836,0.060368285967551436,0.15981415581343508,0.07062108564475977,0.10008275930898437,0.05498277652688612,0.06167859014873844,0.10907208349624874,0.06157643791265633,20,True,0.16461894579708594,0.17155458481541533,0.16461894579708594,1.6382370449504107
1840,0.23541407216826654,0.18703321130773398,0.0,0.0,0.0,0.24783618673831354,0.0,0.0,0.32971652978568594,0.0,20,True,0.40067065400130397,0.32971652978568594,0.40067065400130397,0.728484883652852
1841,0.047303595229921724,0.032874017400743985,0.05072224407450146,0.05584820817194234,0.09082614767808556,0.1931546879587121,0.09581588836099214,0.168748690710149,0.06126773542074009,0.20343878499421145,0,True,0.19330313460076615,0.17056476759346745,0.19330313460076615,0.7925662563023099
1842,0.0,0.04323825083558946,0.06045025535268673,0.03751984734950928,0.09762601771384559,0.11306133056550408,0.0994185399500895,0.2706248139036854,0.06457512498404473,0.21348581934504515,7,True,0.2492251999114562,0.2706248139036854,0.2492251999114562,1.1865335407337159
1843,0.025215927040172646,0.27385570415507576,0.024234960718902174,0.17206094735493757,0.10904539651716187,0.14444467023524996,0.0,0.0,0.13385673188415215,0.11728566209434774,20,True,0.2650543436072375,0.27385570415507576,0.2650543436072375,0.585722096721765
1844,0.0,0.10701719133927393,0.18332571088764502,0.2965980707360555,0.1925682099156443,0.042669888154720524,0.030683714684077656,0.13181535744229397,0.015321856840288983,0.0,232,True,0.3008092152938425,0.2965980707360555,0.3008092152938425,0.8093111818771626
1845,0.0,0.19926036349667575,0.10112268585478289,0.06815127996492906,0.037688184431019595,0.0,0.24752896201968383,0.20165699589948533,0.07582234847704342,0.06876917985638004,28,True,0.26155275934755046,0.24752896201968383,0.26155275934755046,0.6121063110856912
1846,0.06964711913507189,0.10944602469070375,0.12810209409191475,0.09766037735266786,0.0,0.04204786454961826,0.08336126212122026,0.21612122767605296,0.14403724318169736,0.10957678720105292,1794,True,0.17594361893609756,0.21612122767605296,0.17594361893609756,0.30838183432819377
1847,0.0079088562643293,0.03562092505862637,0.0,0.1880705569649011,0.29162417721522355,0.19995522317520514,0.0,0.09150412129876019,0.1603765727452318,0.024939567277722584,20,True,0.3105548551129048,0.29162417721522355,0.3105548551129048,0.6844779333843797
1848,0.084720472599645,0.18862304909097122,0.03384342046223456,0.08862328507415526,0.0,0.0,0.0,0.20305161186512363,0.3448456628144798,0.056292498093390535,38,True,0.33922413015052133,0.3448456628144798,0.33922413015052133,1.2575738317453569
1849,0.04453925420516207,0.036808493012334034,0.12071120661449797,0.1886679845767058,0.08544460388104651,0.0,0.046422576380901776,0.0,0.36408014985051407,0.11332573147883779,57,True,0.32917826020284396,0.36408014985051407,0.32917826020284396,1.7394270067978228
1850,0.09775329304347039,0.0,0.0,0.14095603730112513,0.13835578908692714,0.12867654643560875,0.06748706788736857,0.1311669889195865,0.20768602898519103,0.08791824834072248,0,True,0.1942850407780903,0.20768602898519103,0.1942850407780903,-0.3111028630608774
1851,0.038668007776964226,0.0629847774177825,0.0,0.14507093435847768,0.22166685610531509,0.0,0.26746423814565173,0.23483414657362625,0.029311039622182372,0.0,450,True,0.3212279568010755,0.26746423814565173,0.3212279568010755,0.6115601280917917
1852,0.22258807686754872,0.24935401112997468,0.047344828578921944,0.0,0.0,0.0,0.06572459780884224,0.25662155033422085,0.15836693528049167,0.0,828,True,0.3304827327812716,0.25662155033422085,0.3304827327812716,0.5224112268049995
1853,0.0,0.0,0.0,0.10279651072108999,0.202476425801753,0.215955241888499,0.05499911159750451,0.08668693488271757,0.2020489468294602,0.13503682827897576,1003,True,0.2603819137025822,0.215955241888499,0.2603819137025822,0.13754654050104134
1854,0.18072688119384367,0.0,0.07628074939632658,0.11548991061074011,0.09955328325977787,0.16091784886414948,0.0,0.18188978665091385,0.09258321863476507,0.09255832138948342,38,True,0.1945427402330629,0.18188978665091385,0.1945427402330629,-0.361181433331294
1855,0.0,0.06792859487021942,0.2027326402052205,0.0418044785992162,0.06284361342564838,0.1521320530130635,0.25349367139048723,0.039355468989370174,0.0,0.1797094795067746,1483,True,0.26955389913324096,0.25349367139048723,0.26955389913324096,0.5445917877692471
1856,0.02769577689612546,0.07911308958926522,0.09713686791519853,0.03117303983226305,0.12724435427047984,0.18356228687861503,0.06035432612213884,0.1253558391332618,0.07170237204473039,0.19666204731792192,7,True,0.17462367388013336,0.16896627042179646,0.17462367388013336,0.5105931222154153
1857,0.18373063671717993,0.10643102299733509,0.07574765624402781,0.19480299404195842,0.06184831644541884,0.20812456904822446,0.022502452047784227,0.0,0.11570084236167451,0.03111151009639667,20,True,0.2253274179042981,0.20812456904822446,0.2253274179042981,0.27702081992672134
1858,0.23136082588815307,0.0,0.12942037106795576,0.14118934957362453,0.0,0.059352528751255525,0.12391796318957896,0.19791134037053482,0.11684762115889721,0.0,9,True,0.24882231838003627,0.23136082588815307,0.24882231838003627,0.06134530516744743
1859,0.11676365997200366,0.0,0.03275227729668607,0.11561066142936821,0.01951331580263657,0.2736195449496054,0.09181966611751771,0.11005950834498118,0.2140894361684778,0.025771929918723294,1581,True,0.2652605122895208,0.2736195449496054,0.2652605122895208,0.9027270033517256
1860,0.08102217107890863,0.09620698544514848,0.0814963103011145,0.21798095775814508,0.05120352420227909,0.11826733057061341,0.0708099345926925,0.09174040816448521,0.1465140666232321,0.044758311263381166,20,True,0.15325375243857214,0.1732226464947639,0.15325375243857214,1.4851750831030313
1861,0.04347673408129666,0.2756733077211353,0.24848868987722672,0.05083521293068735,0.04152236587864608,0.0,0.21827993636531015,0.12172375314569765,0.0,0.0,698,True,0.3261958865997166,0.2756733077211353,0.3261958865997166,0.7412916380982748
1862,0.0,0.11312581430939103,0.2686975535541329,0.15593682143665363,0.10353563420482015,0.16910597105956993,0.0,0.0,0.1252235527965459,0.06437465263888649,20,True,0.26163640515888986,0.2686975535541329,0.26163640515888986,0.4772053369265868
1863,0.05836003216765025,0.10452451985877285,0.13075258686305194,0.1716262645697822,0.0,0.0,0.11864653350583557,0.1376539000483142,0.11702240476922203,0.161413758217371,29,True,0.18345932230105716,0.1716262645697822,0.18345932230105716,-0.8375586442760623
1864,0.2118711649716538,0.1356679411501385,0.0,0.12585919904066745,0.058143414758631176,0.09170412136406968,0.0,0.008120845662566347,0.18371851332412498,0.18491479972814795,20,True,0.24277138375697158,0.2118711649716538,0.24277138375697158,-0.04919990078947734
1865,0.18656987245118092,0.03721458105441152,0.16251719182657096,0.19697820393287693,0.04613990712791303,0.10141104335401582,0.0,0.07547259048029188,0.19369660977273895,0.0,9,True,0.23881597959203416,0.19697820393287693,0.23881597959203416,0.0576126271237975
1866,0.08708757245184341,0.11684625756383943,0.10950550689756801,0.09931742996177288,0.13255700315883512,0.059585333017889604,0.0,0.1566103406849129,0.2384905562633385,0.0,38,True,0.2135860865105228,0.2384905562633385,0.2135860865105228,0.3115909498034054
1867,0.0,0.0765841897285476,0.0,0.0,0.0,0.04839554590710138,0.17794435178887924,0.0,0.3987985330435309,0.2982773795319409,29,True,0.4334525630466414,0.3987985330435309,0.4334525630466414,1.3719976950797779
1868,0.05258328230282877,0.15174230342156803,0.10620472578261393,0.015513515698749066,0.31392518658007523,0.047984372328829385,0.198350209409232,0.11369640447610362,0.0,0.0,86,True,0.3007192077236246,0.31392518658007523,0.3007192077236246,1.1076145546577123
1869,0.2061352178731935,0.2226774406622243,0.0,0.2250102669804607,0.0,0.0,0.0,0.0,0.14210615157056605,0.20407092291355539,1743,True,0.32333526063068435,0.2250102669804607,0.32333526063068435,0.1328201498093657
1870,0.09662247836040852,0.0,0.06483008416407576,0.1292588687687176,0.1366528891617154,0.04683227021568537,0.0,0.13146291038901353,0.18492243378864331,0.20941806515174047,8,True,0.21551960764756406,0.20941806515174047,0.21551960764756406,-0.06217244161036969
1871,0.14399409539014502,0.05328807495698004,0.16157857102429282,0.0885015008143013,0.11294400946161476,0.0,0.06777447932517738,0.13083853499576847,0.08724337317509175,0.15383736085662852,57,True,0.15251183567083285,0.16157857102429282,0.15251183567083285,-0.6689341445035284
1872,0.09517731985530922,0.00017025760406914897,0.10742342048118278,0.013436208574996627,0.2506461356654368,0.09189682383313362,0.11983424719073273,0.21764569693470706,0.0,0.10376988986043191,7,True,0.2540584026586881,0.2506461356654368,0.2540584026586881,0.5513851326505754
1873,0.22649112679250394,0.014112471578851227,0.053063511726786715,0.013744629316757427,0.0,0.21015874074435684,0.0,0.1621486546828415,0.19581643168368154,0.12446443347422086,20,True,0.2807069577437184,0.22649112679250394,0.2807069577437184,0.18925439891576948
1874,0.0,0.19967701741051413,0.2114566583967864,0.0,0.0,0.158124397424458,0.0,0.0,0.2766820128762787,0.15405991389196286,1583,True,0.33147480755075515,0.2766820128762787,0.33147480755075515,0.3340808947608365
1875,0.07758653356553247,0.09373407407473765,0.04697764039307053,0.0,0.15172233810624167,0.30976321236004895,0.1791949946802437,0.001282949871520215,0.13973825694860492,0.0,0,True,0.29601492137418645,0.30976321236004895,0.29601492137418645,0.9838197580726685
1876,0.04075674407040036,0.0,0.1895155314145139,0.12192648640493177,0.03089697370618158,0.10571547593961263,0.018480218525897162,0.09003632951814376,0.25092515126413223,0.1517470891561865,8,True,0.2429246209693554,0.25092515126413223,0.2429246209693554,0.5817125360495695
1877,0.0,0.05339039417699993,0.17072900364638094,0.14064893238265336,0.07862883841188445,0.24421706429518586,0.0,0.23833779516352116,0.04613213952470136,0.027915832398672954,1865,True,0.2780609472379188,0.24421706429518586,0.2780609472379188,0.5975891786552813
1878,0.09992280684931026,0.10565372225098589,0.02376541385797879,0.08909447638027329,0.0,0.3099215997150628,0.0,0.16857721630625255,0.10582682439126717,0.09723794024886916,20,True,0.27344854467255914,0.3099215997150628,0.27344854467255914,1.307500661374949
1879,0.20945677166008878,0.1737185055666779,0.03962094405176227,0.19075373722167666,0.0,0.0,0.0,0.14094910843579522,0.09933863863463159,0.1461622944293677,38,True,0.2512076799177534,0.20945677166008878,0.2512076799177534,-0.140424051733606
1880,0.1281942178363564,0.08575025784624493,0.18393677978430764,0.02671001012399145,0.11295577499163659,0.0,0.23768542733763487,0.0,0.1353069605218926,0.08946057155793555,1725,True,0.23215849049172882,0.23768542733763487,0.23215849049172882,0.2614441940213729
1881,0.14824060385780347,0.027085115101119477,0.2892797861744002,0.0,0.10965642740120186,0.0,0.12992556170689273,0.12994541331583023,0.0,0.165867092442752,28,True,0.28230225155629707,0.2892797861744002,0.28230225155629707,0.6410944902489443
1882,0.10445643909149475,0.03187800164105285,0.2169931619286608,0.05860813418880216,0.03301315167561273,0.17846493032763924,0.035443526028416605,0.004370086798013527,0.16160432733017693,0.17516824099013056,8,True,0.23122091681542034,0.21262307513064727,0.23122091681542034,0.27660121635954177
1883,0.0,0.12903295245393565,0.0,0.2829616690883947,0.2712774744059604,0.2346130836774583,0.0,0.0,0.0,0.08211482037425079,53,True,0.3634479603328211,0.2829616690883947,0.3634479603328211,0.6723098830851063
1884,0.1127339767146584,0.1640990303669189,0.26059176047507926,0.0,0.11680444981455038,0.0,0.2560420350647386,0.013300425185778907,0.07642832237827575,0.0,28,True,0.30457265124928395,0.26059176047507926,0.30457265124928395,0.6034386517555013
1885,0.08176184990176233,0.14266496520402233,0.01569297148812281,0.06336152346705212,0.04083044615402993,0.0,0.02049601360680651,0.2322624437457803,0.0441571312623863,0.3587726551700374,102,True,0.3435112362455813,0.3587726551700374,0.3435112362455813,1.5895176646369438
1886,0.08805877612317962,0.09717956277098024,0.14252620350169445,0.03555884437384618,0.19403404328697013,0.07081691672641713,0.1150638455568801,0.1444514136628052,0.018180941482364522,0.09412945251486245,7,True,0.15728131213485094,0.17585310180460562,0.15728131213485094,0.1518374735030113
1887,0.2926378567682537,0.0,0.12479544639401427,0.0,0.19472086801374805,0.23082885741488984,0.1342945210735339,0.007993944248013632,0.0,0.014728506087546528,0,True,0.33275343264445884,0.2926378567682537,0.33275343264445884,0.5999442957742438
1888,0.10794514260861457,0.2519556932801606,0.06710577871576799,0.0,0.0,0.0,0.20463011004476386,0.14436314822544172,0.17701363721331587,0.046986489911935256,29,True,0.2754864229365124,0.2519556932801606,0.2754864229365124,0.3612668640338266
1889,0.06783293852247534,0.0,0.21771706040833697,0.0,0.25400585332102776,0.0,0.18798025834764046,0.17369020445243638,0.06792565985139733,0.030848025096685806,966,True,0.295958375506714,0.25400585332102776,0.295958375506714,0.42936011419049935
1890,0.12497166414903894,0.0,0.0,0.14569444730445302,0.0,0.16313195654614915,0.0,0.1782896651199138,0.1844731895244057,0.2034390773560393,8,True,0.2658229572468484,0.2034390773560393,0.2658229572468484,-0.28908299239578256
1891,0.2396201240999493,0.033144471687363654,0.13481074766813228,0.09982088201150892,0.12105057648211598,0.0,0.06432652600204415,0.13729390704892314,0.0,0.1699327649999627,28,True,0.23059143868960338,0.2396201240999493,0.23059143868960338,0.2516794135766702
1892,0.281289571690428,0.0,0.17706676791161877,0.11662835625837169,0.028866387162595136,0.0,0.016399322483482776,0.06591708973248518,0.10355613628420914,0.21027636847680936,8,True,0.29063022938164634,0.281289571690428,0.29063022938164634,0.7298630350406823
1893,0.08596523461003426,0.10393386111273036,0.23304098825965772,0.04522564141528405,0.07829639321919335,0.0,0.2012365204816416,0.19595522482558542,0.054259798732131624,0.0020863373437417076,1781,True,0.2500382390014017,0.23304098825965772,0.2500382390014017,0.49518126462636936
1894,0.06303246574119045,0.10890092532757258,0.12412579010623784,0.0,0.15375522208006656,0.12659356826289564,0.1099300342303514,0.1623143646401418,0.12165750920211349,0.02969012040943026,9,True,0.15817374332089584,0.1623143646401418,0.15817374332089584,-0.9060052385494624
1895,0.15674833735345167,0.014539616080326154,0.0,0.26899145322346135,0.06672950943239887,0.07746841930850094,0.024638426823310414,0.0,0.35173558704059554,0.03914865073795495,38,True,0.36530756787544527,0.35173558704059554,0.36530756787544527,1.3565924594262087
1896,0.18773910477632466,0.1490847514572778,0.14076151490729252,0.0,0.0,0.2252594669721116,0.0958987882008989,0.10944029783533372,0.09181607585076086,0.0,8,True,0.24006627058412422,0.2252594669721116,0.24006627058412422,-0.04690350904059934
1897,0.033392776059194614,0.0,0.257841767276338,0.07803578094053418,0.0,0.23481403716413307,0.0,0.1840847966831737,0.039776559204930444,0.17205428267169606,8,True,0.3064257378536981,0.257841767276338,0.3064257378536981,0.49875520394164047
1898,0.0,0.12157592669217684,0.18078716454585753,0.032000604274337166,0.35639605958886506,0.17331023487807776,0.07711087357497892,0.05881913644570666,0.0,0.0,28,True,0.33904145753756226,0.35639605958886506,0.33904145753756226,1.3846544288675344
1899,0.08028867236056261,0.0,0.06995007540017135,0.1765437664666385,0.15392928573055376,0.2131655109733736,0.05307643584489777,0.06276128216940162,0.19028497105440087,0.0,1372,True,0.23367756054211816,0.2131655109733736,0.23367756054211816,0.17655397042306928
1900,0.19177780551553897,0.14956321473133705,0.006590355987618573,0.0,0.11950596694852607,0.16356118271647868,0.0,0.0,0.13169353030362607,0.2373079437968747,20,True,0.2718151898294495,0.2373079437968747,0.2718151898294495,-0.006618272181020492
1901,0.1289506321033414,0.0,0.1320242573363217,0.2538839937548392,0.12115801204620899,0.050988316023712274,0.0775792531529789,0.16730913709176146,0.0,0.06810639849083609,9,True,0.23333279660914683,0.2538839937548392,0.23333279660914683,0.5473130894178385
1902,0.08916266926218804,0.0,0.13381986574246055,0.03082492735894705,0.060286385576849975,0.14343543256602562,0.2015021542339574,0.10554754071065223,0.14701423937938546,0.0884067851695338,0,True,0.17941135293119007,0.2015021542339574,0.17941135293119007,-0.08183126240386719
1903,0.06343245222826792,0.1552934917076582,0.08952296156251566,0.08993085301672578,0.21281300757374252,0.0,0.06731206781638756,0.24874590420596124,0.049641531017699914,0.023307730871041255,38,True,0.24278387709929738,0.24874590420596124,0.24278387709929738,0.8466771514068725
1904,0.0,0.017904668631345735,0.020960166603619892,0.25713113822599665,0.14980464720491707,0.0,0.11180521321004014,0.1527523836431644,0.10941323385060106,0.1802285486303149,9,True,0.2638276752069108,0.25713113822599665,0.2638276752069108,0.33117046540946615
1905,0.07243018397483998,0.003064168328071697,0.0,0.14881566960375528,0.044145884923386836,0.28257836560803706,0.0,0.09781990872088414,0.14529162768446124,0.2058541911565638,20,True,0.28680194507229145,0.28257836560803706,0.28680194507229145,0.6955233642791282
1906,0.18918768245926615,0.13514104900164106,0.15557226539639707,0.0,0.15194528571483865,0.15322259011624548,0.0,0.0,0.11737159522447485,0.09755953208713675,20,True,0.2193542744503353,0.18918768245926615,0.2193542744503353,-0.632214247784926
1907,0.0904354663900918,0.23806495220651358,0.1472618993359738,0.0968489766137828,0.08658646796106664,0.001066824671314422,0.12966616840282025,0.10109392444605426,0.0,0.10897531997238233,28,True,0.2057341926310911,0.23806495220651358,0.2057341926310911,0.34129344812139206
1908,0.381731428974894,0.0,0.0,0.025793562997010373,0.04171407697389,0.08445728097094099,0.07954762017585798,0.0,0.35572579209674027,0.03103023781066626,20,True,0.43484345112139583,0.381731428974894,0.43484345112139583,1.6025465911122536
1909,0.1138280666723488,0.004042257878712422,0.016847992412464513,0.28322442868336906,0.0693733211724092,0.0,0.04574678192607797,0.21672643107544587,0.0952414431568055,0.1549692770223668,38,True,0.2836111447945626,0.28322442868336906,0.2836111447945626,0.8651862598841443
1910,0.19702306137771267,0.10468371194719914,0.08921320967964375,0.2302377587174993,0.12273623258775393,0.13099151150473748,0.0,0.08258087721388642,0.0,0.042533636971567264,20,True,0.2271494200165756,0.2302377587174993,0.2271494200165756,0.3096278775675971
1911,0.1328382797863822,0.0,0.10782989121535068,0.1994281122344557,0.0,0.21349139638295828,0.0,0.020874519174892376,0.141646716493032,0.18389108471292875,8,True,0.26256220439355216,0.21349139638295828,0.26256220439355216,-0.07295022703160106
1912,0.0,0.0,0.026045503168356406,0.05363085298937078,0.30249196891831237,0.0,0.21298497498772,0.20251542917882986,0.0,0.2023312707574106,7,True,0.3498129066230284,0.30249196891831237,0.3498129066230284,0.6473830178588409
1913,0.11777597834212515,0.2471579854161857,0.0,0.06714808373022801,0.11960155327191732,0.12316738161280157,0.07079332796817557,0.08159400640402592,0.1411528015667536,0.03160888168778724,38,True,0.2037998120069015,0.2471579854161857,0.2037998120069015,0.8397639890307199
1914,0.2987119442391385,0.0,0.0764622052380074,0.0189118081769996,0.0,0.0,0.0,0.05594241122127119,0.19534181456881977,0.3546298165557635,8,True,0.4030920932394636,0.3546298165557635,0.4030920932394636,1.178929409680034
1915,0.03423910787082921,0.031717643809485274,0.0,0.42446375540970815,0.2637322613700519,0.06925330289459158,0.0,0.11093476094778962,0.03991815765550666,0.025741010042037667,53,True,0.4138370583181707,0.42446375540970815,0.4138370583181707,1.8672684736640006
1916,0.15436246660386946,0.0,0.02959886018863339,0.2651655402736904,0.21063679053342055,0.10211904887816625,0.13703894991367274,0.10107834360854738,0.0,0.0,38,True,0.28072992426748195,0.2651655402736904,0.28072992426748195,0.46145180653895046
1917,0.08844724884560692,0.06858266569893001,0.09895008662748182,0.15347008701695036,0.047941566838619505,0.0006742802995018785,0.03199533830679995,0.166901193263797,0.08396066218666656,0.25907687091564596,102,True,0.22631716997320422,0.25840259061614407,0.22631716997320422,0.9723388377622266
1918,0.09411150877394571,0.08847376640941333,0.03528643276116726,0.11770881225946375,0.043961023137289425,0.1732377035752853,0.08797134619710428,0.14639487974356521,0.13028239709527312,0.08257213004749266,20,True,0.12919377679504468,0.13795127081411807,0.12919377679504468,0.12217427480288365
1919,0.0594388010302671,0.0,0.3178872562477926,0.0,0.23492147020683937,0.0,0.20813717272493706,0.1650892571604915,0.014526042629672414,0.0,28,True,0.3613307727429545,0.3178872562477926,0.3613307727429545,0.7670328735310822
1920,0.03463131792358535,0.0,0.2351372194644545,0.08877841768475012,0.15843331081846176,0.1859868810546678,0.0,0.0,0.14532224261595966,0.15171061043812067,0,True,0.2611462138821641,0.2351372194644545,0.2611462138821641,0.05344070923330682
1921,0.18414507349673576,0.0,0.0,0.25464357280410393,0.18828556245625774,0.0,0.0,0.01496859223600082,0.2881983675226199,0.06975883148428189,1253,True,0.3497897406433038,0.2881983675226199,0.3497897406433038,0.6138243232946902
1922,0.057348679060102686,0.17851274063013248,0.047472999196135186,0.2667248573497884,0.10330229976235272,0.01306188181742574,0.0,0.12456071166361955,0.1442609986428156,0.06475483187762773,38,True,0.24477188870871966,0.2667248573497884,0.24477188870871966,0.8429759185197202
1923,0.08507720328101487,0.10595258702125165,0.0,0.11815288254718291,0.1376876818915642,0.0,0.0,0.3174615164242321,0.0,0.23566812883475433,102,True,0.32818190683269444,0.3174615164242321,0.32818190683269444,0.9375594919464363
1924,0.0,0.0,0.09246325498045789,0.17254562813874014,0.010110241037574838,0.1835740621384698,0.18529952256498505,0.28484596992667366,0.05853412832164497,0.012627192891453703,7,True,0.30196345871678226,0.28484596992667366,0.30196345871678226,0.6042987233309325
1925,0.07032964975502518,0.18085203881004883,0.0,0.18917315260714596,0.0,0.0,0.22240750674508927,0.18405109947092435,0.0,0.15318655261176642,9,True,0.2832776507560082,0.22240750674508927,0.2832776507560082,-0.03466731046880902
1926,0.1581435253987885,0.11976333793638017,0.08460305938488698,0.04154039849404599,0.20245685203808012,0.02868233813606022,0.25388580926811216,0.07763515575377761,0.0,0.03328952358986843,28,True,0.2482756159979187,0.25388580926811216,0.2482756159979187,0.7472895260648
1927,0.0,0.05433886904020613,0.0,0.0,0.1265209073375065,0.11247180267676254,0.28917417560093855,0.2092826660256,0.0643415341290979,0.14387004518988836,818,True,0.2896023482807535,0.28917417560093855,0.2896023482807535,0.7780689994421887
1928,0.23931705990464242,0.02748442842882404,0.11888641051201383,0.0,0.13833966618081617,0.007884062425732452,0.2947672658407595,0.08166283041404901,0.0,0.0916582762931625,9,True,0.3054829745611846,0.2947672658407595,0.3054829745611846,0.9189362444694136
1929,0.1285095665132176,0.0,0.046056704930798054,0.202665780377352,0.1792362535842895,0.23535849221479502,0.0,0.013116416437051167,0.15395185571342246,0.041104930229074174,20,True,0.2697988719285273,0.23535849221479502,0.2697988719285273,0.23347490388941494
1930,0.07813431066802252,0.0,0.045349361637621564,0.2566287961942739,0.18966343282125173,0.18663035271650483,0.0,0.12010529286791177,0.0,0.12348845309441371,632,True,0.2729425944549431,0.2566287961942739,0.2729425944549431,0.3800816071950981
1931,0.051654246118201144,0.22713350764003165,0.04503062181464846,0.10876028689820172,0.07899515505354075,0.0,0.0,0.24827028343219862,0.05950769041512716,0.18064820862805045,102,True,0.26864038601558127,0.24827028343219862,0.26864038601558127,0.6740737904293933
1932,0.056416343562367896,0.003651466613426908,0.2160414450945385,0.21297495646400766,0.0,0.00028898965369223556,0.2771059539175147,0.0,0.05911859294085351,0.17440225175359866,1724,True,0.3254647780764398,0.2771059539175147,0.3254647780764398,0.5367595374497469
1933,0.018684322765689054,0.09185446273984127,0.23792434173930568,0.0,0.11069319507082355,0.04201968536904719,0.2382828460463789,0.0,0.027410070525355684,0.23313107574355876,28,True,0.30214748251729084,0.2382828460463789,0.30214748251729084,0.6135637795782788
1934,0.06392818532140959,0.05441396516343405,0.11374272244102417,0.15896566789581718,0.21728442654967714,0.0,0.2464364560649734,0.12638423453580694,0.0,0.01884434202785764,28,True,0.2636791911124299,0.2464364560649734,0.2636791911124299,0.471135732089355
1935,0.14949855240982998,0.004383797657266844,0.0,0.30206883459019906,0.08926847462421314,0.09242470713157086,0.09895083782854625,0.0791071100374924,0.07014604727778553,0.11415163844309587,1160,True,0.2532312587511696,0.30206883459019906,0.2532312587511696,1.4925851343513978
1936,0.01689068219793522,0.16099795653514493,0.11162610976836108,0.0,0.2235341516161893,0.05975486434903951,0.17459934751209602,0.11078514741334401,0.0,0.14181174060788984,7,True,0.23467645195257525,0.2235341516161893,0.23467645195257525,-0.010441558208840749
1937,0.0,0.10708469966107179,0.0,0.2800412684997608,0.05422862401889034,0.1533268390549582,0.14741610637557132,0.028503291487283512,0.22939917090246406,0.0,290,True,0.30250294851010134,0.2800412684997608,0.30250294851010134,0.6502457922082021
1938,0.0,0.1931675275260202,0.023080307624250368,0.1183545677191104,0.0,0.17990670289455574,0.17938193610503053,0.09100366660589512,0.21510529152513758,0.0,9,True,0.2663652614654055,0.21510529152513758,0.2663652614654055,-0.020923493404660196
1939,0.032748253365933414,0.1445962363173648,0.0,0.0,0.2024078238938309,0.20021619989972048,0.010342144584380274,0.0,0.0,0.40968934193877016,1438,True,0.4135073039067318,0.40968934193877016,0.4135073039067318,1.423831107447234
1940,0.11545665143799377,0.16915873600809853,0.0,0.14036917965243262,0.05734080170838492,0.18405985721055826,0.060082040026477226,0.0,0.1791050218509168,0.09442771210513791,20,True,0.2083734020976086,0.18405985721055826,0.2083734020976086,-0.2703115389201884
1941,0.10774278649700691,0.2413644189451457,0.012176983286586857,0.15142949900388386,0.013921328736618305,0.0,0.0,0.2872075960503089,0.18615738748044952,0.0,38,True,0.332085896119864,0.2872075960503089,0.332085896119864,0.5986945373834633
1942,0.057925337120642933,0.18986519808737057,0.0,0.030612506760882254,0.2373127213458447,0.08686257854782518,0.11279064569301381,0.108778393067552,0.17585261937686858,0.0,0,True,0.2442996341707063,0.2373127213458447,0.2442996341707063,0.3454391145140154
1943,0.2617779331108576,0.09716485300386922,0.023500321769848488,0.1768973641281901,0.0,0.0,0.1467324026337846,0.23366305468810153,0.06026407066534835,0.0,38,True,0.29928952003680315,0.2617779331108576,0.29928952003680315,0.51313454919809
1944,0.1294365723732093,0.14976630529221657,0.18124784585064957,0.035600701145245314,0.19977832931674105,0.03806407047776338,0.09202913445352529,0.04663512745619294,0.1274419136344567,0.0,28,True,0.20383291293114916,0.19977832931674105,0.20383291293114916,0.01858713249302403
1945,0.07756683580744078,0.23729545597330742,0.0,0.06463665644013962,0.08904951614131398,0.22091363216444496,0.10561436520188709,0.009992652209791982,0.11283518643745481,0.08209569962421935,20,True,0.2322972759847982,0.23729545597330742,0.2322972759847982,0.7677387319763933
1946,0.02719749341378938,0.008259139708610726,0.070764727235849,0.07790853089286162,0.12702143009324926,0.13209836643549144,0.15969637402884634,0.0,0.2555408308967557,0.1415131072945465,1324,True,0.23727564693990502,0.2555408308967557,0.23727564693990502,0.5351367321682656
1947,0.05979530046685329,0.15154215235829474,0.07016873119772832,0.1519741794999458,0.09329270110007228,0.11987478636648445,0.0758052469285043,0.04022130915271531,0.12267325867760845,0.11465233425179304,57,True,0.11485587391449564,0.11175287034723048,0.11485587391449564,-0.048610756422512114
1948,0.1904409323657566,0.0921149799703791,0.12885318198380302,0.0,0.12202751938534133,0.12499161870096992,0.0,0.02532375938954549,0.11306964972121175,0.20317835848299293,8,True,0.21581743402469195,0.20317835848299293,0.21581743402469195,-0.19629892721954584
1949,0.0,0.0007791004311409795,0.08965916419943304,0.08775175091102302,0.1951643292376595,0.11612335118993448,0.18185171808239012,0.07383887236587244,0.2548317135825463,0.0,0,True,0.2660355602131733,0.2548317135825463,0.2660355602131733,0.4239234688684093
1950,0.16061752709421248,0.178205620292349,0.010115743207265496,0.04041756373183663,0.0,0.09022474476716343,0.14903186240479493,0.0,0.2512373193905635,0.12014961911181445,29,True,0.25922627767976186,0.2512373193905635,0.25922627767976186,0.29012129092943617
1951,0.03464062701041891,0.09982894919139473,0.1407705831266767,0.0,0.17073043629928594,0.12989617514132185,0.1874078686488163,0.013680535384171593,0.18010398531663427,0.04294083988127967,0,True,0.2158570706323534,0.1874078686488163,0.2158570706323534,-0.17822088325252125
1952,0.14208450889476362,0.017325282379302552,0.2392351755392462,0.0,0.14935739774984433,0.05415245059546261,0.26168859442600173,0.026833805251259536,0.006980526951538771,0.10234225821258063,28,True,0.287550693948515,0.26168859442600173,0.287550693948515,0.6723808376998083
1953,0.05460828217180279,0.0,0.13156851370287395,0.06621889074715274,0.12075713599082973,0.24634832288525085,0.06272828372704407,0.060058104608355464,0.15429581139480572,0.1034166547718846,8,True,0.20491724490457802,0.24634832288525085,0.20491724490457802,0.9097064813090756
1954,0.06553067152300741,0.0,0.07387157012462527,0.15114756534993726,0.2990868399706412,0.0,0.20343213866545085,0.0,0.16467997637836707,0.042251237987970716,40,True,0.30387349162318544,0.2990868399706412,0.30387349162318544,0.8219802707215443
1955,0.08513362215419329,0.0,0.2872677261513091,0.0636586036307132,0.02016058792225246,0.18337445161259555,0.09400483194353555,0.059900422549211796,0.0,0.20649975403618906,1785,True,0.2879629389389419,0.2872677261513091,0.2879629389389419,0.8998517786254979
1956,0.07208463037901268,0.01229810964185056,0.04027038521175892,0.08520050012806603,0.005692062494369007,0.14564868069929682,0.11695073079615155,0.30812673821110964,0.0658340621362302,0.1478941003021545,7,True,0.2651425149341685,0.30243467571674065,0.2651425149341685,1.4955833474199143
1957,0.1245066929809767,0.0,0.1671536817039321,0.09749566924057163,0.21347986012988898,0.033627207473372334,0.2442503777066733,0.029757644764890716,0.05841609669329888,0.031312769306395365,0,True,0.25414328536233677,0.2442503777066733,0.25414328536233677,0.6272255118539397
1958,0.051766050529929435,0.0,0.1057175980202917,0.11199677360563196,0.0,0.018884182889532804,0.25801710704966657,0.10272357325769481,0.16892854049983067,0.18196617414742203,9,True,0.2559869616650126,0.25801710704966657,0.2559869616650126,0.4872891233922786
1959,0.04957560783297974,0.00010316977734513721,0.0,0.2204488163408691,0.14999265497461273,0.18108533539069452,0.08539022969876377,0.019149752505372878,0.0805414563815846,0.2137129770977776,648,True,0.2572226555478399,0.2204488163408691,0.2572226555478399,0.2670159677394846
1960,0.1379671097598605,0.10177003536974316,0.0779870954229821,0.33309229573376314,0.0,0.0,0.0,0.27987145363119925,0.0693120100824518,0.0,38,True,0.3599398745674903,0.33309229573376314,0.3599398745674903,1.1659532657687972
1961,0.028357950812357962,0.02836598332909733,0.0,0.11989351485882414,0.1522112346654414,0.15255725255462418,0.17245878716250568,0.0,0.3128825850372514,0.033272691579897755,1234,True,0.3019434547216177,0.3128825850372514,0.3019434547216177,0.993215381613361
1962,0.0329319307270689,0.16750786142363475,0.05059977980166152,0.013820799565231918,0.09747553566554255,0.16569979676449548,0.0,0.12359596958766408,0.06360702979229903,0.2847612966724016,7,True,0.26317952929069416,0.2847612966724016,0.26317952929069416,0.9876658274126997
1963,0.0,0.13995012377905963,0.3188965704430972,0.04126853057264627,0.0861101999788094,0.09837980491574032,0.07504953286068704,0.025777413691172986,0.16596464220507035,0.048603181553716714,1025,True,0.2761904109777027,0.3188965704430972,0.2761904109777027,1.615102397928311
1964,0.1157074633049616,0.20985495504628515,0.0760223346470115,0.0999090763430416,0.04023209388717246,0.0,0.11710990100576783,0.16623534135758572,0.07975968718321094,0.09516914722496317,38,True,0.17769313834343675,0.20985495504628515,0.17769313834343675,0.26034184063413096
1965,0.23134380069047597,0.05059182891694562,0.0,0.30119669787387654,0.1444669546207903,0.0,0.03324510304903387,0.15035040731075758,0.015453387136684999,0.07335182040143506,38,True,0.31144729513042996,0.30119669787387654,0.31144729513042996,0.9414672544399528
1966,0.060050095257055826,0.0013087957740153407,0.0,0.13519639710929732,0.3024814195702671,0.0,0.05296587895282737,0.19868258504758798,0.1959311700918042,0.05338365819714479,40,True,0.3112873177208301,0.3024814195702671,0.3112873177208301,0.8650992436908198
1967,0.027328758770918823,0.02132450177395258,0.15529413851072,0.10398711690379168,0.187724683644019,0.06794445857562266,0.10511927648758058,0.0,0.21990032737449466,0.11137673795890002,1174,True,0.218630248815312,0.21990032737449466,0.218630248815312,0.23891916669134686
1968,0.043326351789293324,0.10736069492443585,0.08542418544502238,0.01879517156539858,0.0,0.0009062614401987498,0.2061525923759582,0.2194475971222749,0.008750399098128532,0.3098367462392894,7,True,0.32830836243924455,0.3098367462392894,0.32830836243924455,0.9205426902772076
1969,0.054264931124775054,0.11990417988255998,0.00143175951873936,0.04398801277906078,0.08966311031462637,0.14046244911974262,0.3447691799571828,0.01852196415701523,0.1194445054649713,0.06754990768132645,0,True,0.29166195121917204,0.34333742043844345,0.29166195121917204,1.9559363850555882
1970,0.05413213079022345,0.15006557047995206,0.07030248771160595,0.0,0.03470133033136795,0.09947965312147714,0.19204679401459882,0.1760263863564684,0.06735465757945909,0.15589098961484726,9,True,0.19544486906410455,0.19204679401459882,0.19544486906410455,0.04193403653974942
1971,0.0,0.04127776158027994,0.1902870844278583,0.09040498456000248,0.15135437677675748,0.06180157511893411,0.07616768547524994,0.1312270257897827,0.21148513003500125,0.04599437623613371,7,True,0.20658451749986212,0.21148513003500125,0.20658451749986212,0.3646729519770541
1972,0.2095464497997278,0.026845909682725287,0.07475288357414067,0.0840362032807223,0.04083283635504423,0.06746154191217496,0.201047159086578,0.13550356803883093,0.05127044440989952,0.10870300386015634,9,True,0.19163781819636852,0.1827005401170025,0.19163781819636852,0.8646861550582458
1973,0.2068638186719922,0.2690643324451366,0.0,0.0009983456072506275,0.0,0.06776297736331342,0.037075007083376646,0.20254780541962733,0.0,0.2156877134093031,102,True,0.3297005180630926,0.2690643324451366,0.3297005180630926,0.4631527462501514
1974,0.19834930684102134,0.06514047381864775,0.14679290444584878,0.0,0.18343150175281345,0.1565573742172003,0.0,0.11290347483650015,0.004229524646984542,0.13259543944098373,102,True,0.23159846065075607,0.19834930684102134,0.23159846065075607,-0.3225736442233985
1975,0.1472116300624963,0.09103038150677037,0.013844122446534055,0.2663588112880864,0.0921341574927048,0.21544854198864918,0.05998138632160512,0.0,0.0,0.11399096889315367,8,True,0.26943451036611726,0.2663588112880864,0.26943451036611726,0.6798293116040958
1976,0.03366647395882525,0.1384398742168449,0.0,0.04046874008928339,0.38449564853988016,0.031050231244391508,0.09733297338467654,0.08236066720673903,0.16850641503822078,0.02367897632113851,1942,True,0.34051411543742915,0.38449564853988016,0.34051411543742915,2.0063322572281095
1977,0.0,0.13000974409771424,0.09387408502232694,0.06754619015629142,7.374960841544117e-05,0.0,0.26284608928955455,0.24328099730235356,0.0,0.20236914452334379,7,True,0.3154431035878215,0.26284608928955455,0.3154431035878215,0.5170254763161859
1978,0.1437163953713089,0.16348552666849595,0.05812884158324547,0.17730620741461736,0.15516431415635704,0.17835458363021708,0.0,0.0,0.11257408748641348,0.011270043689344748,20,True,0.22557622677898131,0.17835458363021708,0.22557622677898131,-0.43113055208194373
1979,0.10276997834254448,0.02577196378311518,0.16255212131370403,0.0,0.0,0.16342037411091692,0.047624708619659006,0.15812760484937352,0.22052386764370144,0.11920938133698529,8,True,0.23338675727147215,0.22052386764370144,0.23338675727147215,-0.029078668438914098
1980,0.14128810516993143,0.0556428075962421,0.04976095840420439,0.13022113430114673,0.11689027259963282,0.23152959754522964,0.0965172598794544,0.0,0.16018905668136493,0.01796080782279361,38,True,0.2122737473648302,0.23152959754522964,0.2122737473648302,0.32541825998854346
1981,0.004636246711956554,0.20347959535183147,0.22351758390681203,0.0251273184780661,0.018620066559467557,0.09841774527241873,0.10275622687770368,0.32344521684174393,0.0,0.0,7,True,0.3423818670442211,0.32344521684174393,0.3423818670442211,0.9644790019876719
1982,0.13165176373466425,0.04568345685760318,0.045518865821084706,0.14038084580995647,0.17790059138992453,0.04626125994064392,0.0,0.14977650629955164,0.0,0.26282671014657133,102,True,0.2578711308673679,0.26282671014657133,0.2578711308673679,0.5540275565628489
1983,0.13554353031921235,0.11817340430714675,0.1423406655727254,0.14894769891285828,0.0,0.0,0.07275528148840034,0.21595225220242772,0.12108148872252367,0.04520567847470555,38,True,0.20836571377612953,0.21595225220242772,0.20836571377612953,-0.15433491388217202
1984,0.15858460354274223,0.0,0.12031495480070635,0.0,0.13269342553945157,0.10865163061243152,0.16358309931158374,0.13047459976377296,0.017843725655211494,0.16785396077410017,28,True,0.20325818335887685,0.16785396077410017,0.20325818335887685,-0.7643949990941499
1985,0.24149041860866308,0.09512089047104347,0.06209397156040014,0.03035970183193157,0.07605256126209128,0.09099746322692749,0.15460418418379201,0.03724957283474081,0.008365615473165238,0.20366562054724485,8,True,0.2303196957061316,0.23312480313549783,0.2303196957061316,0.8244476433785107
1986,0.05899303603445205,0.06858240087211884,0.05117974301474396,0.07496449460800718,0.17249169918822888,0.14931273182623353,0.12127512578956053,0.02343042568300408,0.17503663256415355,0.10473371041949751,0,True,0.1591667601972367,0.15160620688114948,0.1591667601972367,0.23449918876108428
1987,0.0033556193192376517,0.0472379532415222,0.0,0.3384334851326663,0.3254830772063238,0.15597693767607332,0.0,0.12951292742417678,0.0,0.0,53,True,0.40474874338407774,0.3384334851326663,0.40474874338407774,1.1407678202037277
1988,0.13725030958231035,0.21132752967311158,0.08610651952701158,0.0,0.05532141336220292,0.0972414660309577,0.04363596327652822,0.0,0.2279879172453693,0.14112888130250853,20,True,0.23922294061006466,0.2279879172453693,0.23922294061006466,0.3633924505402081
1989,0.18181213332769988,0.2109308788248271,0.114333727470355,0.12152226996206454,0.050393586266123225,0.0,0.17928981638465652,0.12910336265075084,0.01261422511352287,0.0,28,True,0.23853406364696111,0.2109308788248271,0.23853406364696111,-0.09412366834447145
1990,0.2082060453008315,0.0619391333812081,0.0750416608328295,0.10969655806198716,0.0,0.00767642787969572,0.060716614027917906,0.2234055163069321,0.19222020100078424,0.061097843207813744,38,True,0.24328545137929242,0.2234055163069321,0.24328545137929242,0.508964855223171
1991,0.1481788105799446,0.0,0.0981323182661091,0.0741661306085747,0.0,0.16569629467336427,0.08015625374343764,0.0538516986678922,0.3223978022196355,0.0574206912410421,403,True,0.2847899189110258,0.3223978022196355,0.2847899189110258,1.4927948933476647
1992,0.035627255525471184,0.06053520228314734,0.003288224108572066,0.0,0.2725553828477142,0.122903939474358,0.08533063216266654,0.19862258552458525,0.22113677807348536,0.0,0,True,0.2999502665602768,0.2725553828477142,0.2999502665602768,0.6462656725283996
1993,0.21803032321154453,0.058391265641287,0.07980060569675601,0.0,0.21913882519549957,0.0,0.12804358579976105,0.13425660869696054,0.06472278702967542,0.09761599872851598,1158,True,0.23124584824917108,0.21913882519549957,0.23124584824917108,0.3861735555843288
1994,0.0,0.15267557258073347,0.1399383463439549,0.09601290165654297,0.0,0.12412385995300514,0.0,0.10137873051238408,0.13138022993872314,0.2544903590146564,7,True,0.2445844144358768,0.2544903590146564,0.2445844144358768,0.24143425244367855
1995,0.03838082944779105,0.1552795501517953,0.19998668488159277,0.0,0.14750651905280487,0.0,0.1455215860740539,0.11353012628706742,0.0,0.19979470410489458,28,True,0.24763121659854898,0.19998668488159277,0.24763121659854898,-0.2142470834635138
1996,0.24914428192596927,0.0,0.1599643415443015,0.05063096339873288,0.1403713815796694,0.006913295671896982,0.0,0.0,0.3032490434662786,0.08972669241315145,8,True,0.3316439933950893,0.3032490434662786,0.3316439933950893,0.8293512518294074
1997,0.00484545554981464,0.20782052373800763,0.0,0.11428156181321507,0.0,0.10548977933012618,0.07101777764978424,0.27944461794561665,0.0,0.2171002839734357,15,True,0.3125165115353806,0.27944461794561665,0.3125165115353806,0.5841438554329424
1998,0.29418476683858186,0.0,0.0,0.005867659157196774,0.03916139783024641,0.22543900890256577,0.22870301702507012,0.0,0.06829547410261054,0.13834867614372862,1051,True,0.3391830866196573,0.29418476683858186,0.3391830866196573,0.7104937611013333
1999,0.03598630596624961,0.06601496801361413,0.0,0.0,0.13328337283712632,0.17568813707945238,0.11712548036060148,0.31180972925797124,0.0,0.16009200648498478,7,True,0.30142479187061455,0.31180972925797124,0.30142479187061455,0.9439060439209193
