ID,strat_res0,strat_res1,strat_res2,strat_res3,strat_res4,strat_res5,strat_res6,strat_res7,strat_res8,strat_res9,ancestor,alive_at_end,DIST_TO_GEN,DIFF_MAX_MIN,DIST_TO_GAMMA,SKEWNESS
0,0.14072570351450606,0.1053828229894544,0.2226813335878941,0.12531412109204254,0.06393618770039798,0.14780190897263967,0.0535651009343514,0.04105144324463283,0.044183674854562816,0.055357703109518264,0,True,0.17805679466350124,0.18162989034326127,0.17805679466350124,0.9465165718206745
1,0.09315578603669727,0.203033194867848,0.1322038061904813,0.11623724266088961,0.1944229202254478,0.16549699625702582,0.040407093651535844,0.0,0.0,0.05504296011007428,0,True,0.22525854034231294,0.203033194867848,0.22525854034231294,-0.01592436204540459
2,0.25772069138256803,0.09818881170967336,0.1738852173132872,0.09730536463015609,0.0,0.11051744050496917,0.0,0.003674910278093459,0.10432484222068593,0.15438272196056677,0,True,0.2504210603427943,0.25772069138256803,0.2504210603427943,0.38088958426796643
3,0.024771500296660746,0.24579862308002348,0.18426976113428772,0.26727319220106877,0.03493485072026414,0.14226982327579146,0.04840938266520993,0.0164091505027003,0.0,0.0358637161239934,0,False,0.30295375153158494,0.26727319220106877,0.30295375153158494,0.7777956500402858
4,0.16173145785057982,0.10437956680913113,0.14989400534626746,0.04879484029152686,0.1229923167542305,0.3007986406304201,0.07708379172684426,0.03432538059099985,0.0,0.0,0,False,0.2731819587544981,0.3007986406304201,0.2731819587544981,1.1106921103464646
5,0.14691445611626447,0.2969007663872544,0.0,0.16121895551182347,0.10450385158432395,0.11687683448259772,0.019671145244689776,0.01857529324133409,0.0,0.13533869743171215,1,False,0.28170069585463015,0.2969007663872544,0.28170069585463015,0.8316070430183036
6,0.07263187040352764,0.0,0.23948194826069535,0.2555777925914945,0.1364004755123374,0.02313918536378212,0.0,0.0,0.15880837783217838,0.11396035003598462,0,True,0.2920523481780235,0.2555777925914945,0.2920523481780235,0.4906219004223315
7,0.23318475467046887,0.1113684797034,0.19295975365789664,0.09090732252933337,0.0,0.22362282418150514,0.0,0.014640400463478751,0.07834458707101567,0.054971877722901505,0,False,0.2676881887340096,0.23318475467046887,0.2676881887340096,0.45597319520953006
8,0.2578692370620544,0.20535772713593473,0.1128706192143078,0.0,0.24863377930371888,0.17526863728398412,0.0,0.0,0.0,0.0,0,False,0.3375588357982346,0.2578692370620544,0.3375588357982346,0.37206066268202465
9,0.14775408261432815,0.12263564278401161,0.3433038586701304,0.11610323433531997,0.0962309563314809,0.0,0.0,0.05662029320821645,0.05055263180996754,0.06679930024654493,0,False,0.296128755555705,0.3433038586701304,0.296128755555705,1.7745208270795205
10,0.2226567839395993,0.13198868496558486,0.0,0.0860866231772897,0.12577609907490492,0.23892455997604478,0.06602969279714586,0.0,0.1070061189492849,0.021531437120145627,1,True,0.25216337590839427,0.23892455997604478,0.25216337590839427,0.4798509517690876
11,0.18921738353180287,0.19242753045229033,0.08429795719109907,0.06734893189574656,0.14792305621852186,0.09675786147561279,0.00963751160670827,0.11045126158120452,0.0,0.10193850604701372,1,True,0.19596104987723145,0.19242753045229033,0.19596104987723145,-0.0825278566500376
12,0.15648772476093528,0.22698622552768613,0.22007203214061122,0.06416385148545423,0.0864526715717255,0.040528920517052945,0.08144051753281385,0.03591519303541742,0.06943173789824947,0.01852112553005396,0,False,0.22530594504701112,0.2084650999976322,0.22530594504701112,0.9381144133835018
13,0.35408425090256834,0.19767439251754576,0.2988424313953076,0.0,0.0,0.05613723645274956,0.0,0.008082901692834217,4.322926007920867e-05,0.0851355577789155,0,False,0.40524364113468425,0.35408425090256834,0.40524364113468425,1.1457995746578573
14,0.23697716974053815,0.09295316458323682,0.14904704096516008,0.05261997455579,0.0,0.21951690407003746,0.011143679724331904,0.0,0.17137787580779315,0.06636419055311239,0,False,0.2680835444436117,0.23697716974053815,0.2680835444436117,0.37225870587557897
15,0.016938868405164117,0.1120564699722445,0.14486177353785096,0.11622877857442061,0.2771630991408836,0.1104380248305149,0.10779450490256415,0.11451848063635728,0.0,0.0,0,True,0.24715929817673188,0.2771630991408836,0.24715929817673188,0.7670956395337292
16,0.025323445242165007,0.1092022560470424,0.1756544558258254,0.0,0.07937362108178105,0.16792011910323087,0.15287524959622842,0.0848811854274265,0.11074129405236735,0.09402837362393306,0,True,0.1720431992636446,0.1756544558258254,0.1720431992636446,-0.3922825976506018
17,0.202461271803639,0.0,0.10584869567404714,0.1415524332196037,0.05488482199666132,0.15267505260649628,0.0,0.0,0.194870637372202,0.1477070873273506,0,True,0.24154827392720865,0.202461271803639,0.24154827392720865,-0.22233987002982086
18,0.5397401707826517,0.17579061046376826,0.02668929906928299,0.013225756737485569,0.018560682466963695,0.05321398063038039,0.0739065816951855,0.09686373856503211,0.0,0.0020091795892497664,0,False,0.49105402976378576,0.5397401707826517,0.49105402976378576,2.591207686321736
19,0.03582868108520263,0.0480657908295576,0.27650018861537357,0.061044514775716915,0.20327178823559883,0.16842590571278787,0.0,0.1925965212659283,0.014266609479834333,0.0,0,True,0.301258134300759,0.27650018861537357,0.301258134300759,0.6337288627626276
20,0.15808597571152402,0.07470358632601068,0.16291756579853695,0.17554119914271055,0.0839037719486636,0.19255336023620398,0.0032532967255450517,0.1145815176844072,0.0,0.034459726426398,0,False,0.21534221075792156,0.19255336023620398,0.21534221075792156,-0.20105242711526697
21,0.22436798154565435,0.13200512529111605,0.07216232079711979,0.03632593446852947,0.18014509834897321,0.2885202009901407,0.05534584348994286,0.011127495068523553,0.0,0.0,0,False,0.30524820176456136,0.2885202009901407,0.30524820176456136,0.8043344813082172
22,0.0617566523553627,0.051129656054435674,0.3110841675089088,0.14601400144461046,0.13800014139633482,0.10907194600830078,0.11445854298372024,0.04586283999043364,0.0,0.022622052257892798,0,False,0.26679246159648656,0.3110841675089088,0.26679246159648656,1.5337114430797179
23,0.08658403120059847,0.048023649630482716,0.19908115487365882,0.1256406401320972,0.07426703530674561,0.0,0.16123307825184893,0.2648124136187955,0.0,0.040357996985772596,0,True,0.26170216362221077,0.2648124136187955,0.26170216362221077,0.6954426374563295
24,0.2047143174369866,0.0027470681511998405,0.21633568473207399,0.14185605493003858,0.045735099323923695,0.18094193847126114,0.03452172739910743,0.10324274094414806,0.06913486889865199,0.0007704997126085602,0,False,0.24556564977935047,0.21556518501946542,0.24556564977935047,0.24298860430782968
25,0.011461480619223167,0.3391525153892677,0.08750532815883418,0.0741358364555398,0.06166145456811673,0.20969418764847703,0.0,0.09302920524233167,0.044718095977124644,0.07864189594108499,0,True,0.30483040396597316,0.3391525153892677,0.30483040396597316,1.72760296912502
26,0.17859524875881233,0.19128330876635954,0.16144406061658476,0.2503954484766058,0.12084822067601299,0.050700886597226234,0.002443324378250799,0.0,0.0,0.04428950173014757,0,False,0.2763874717816019,0.2503954484766058,0.2763874717816019,0.29621154050336823
27,0.12102112945135071,0.18749763580704454,0.2792014224136759,0.06227796422253958,0.06269152428809158,0.07795952259814626,0.13166703236800914,0.07768376885114232,0.0,0.0,0,False,0.25497518712464323,0.2792014224136759,0.25497518712464323,0.9814038082174094
28,0.24867343124929642,0.0,0.2556583914474832,0.07876581423067368,0.08308881112153374,0.14991447140456288,0.17132240747634825,0.012576673070101744,0.0,0.0,0,False,0.3037949658854433,0.2556583914474832,0.3037949658854433,0.5165872277165864
29,0.21095778528346412,0.09070151833183307,0.29479130997183584,0.09590407489915194,0.0557166079256168,0.03648725243974129,0.06511684070500585,0.0,0.08160784319161354,0.0687167672517375,0,False,0.2624636312353257,0.29479130997183584,0.2624636312353257,1.5211175724115802
30,0.06760958316093288,0.24464232828893376,0.036357626198055874,0.042165283987316594,0.0,0.43778560283198653,0.12058391094334858,0.030049440256780153,0.020806224332645583,0.0,0,False,0.41839370709703516,0.43778560283198653,0.41839370709703516,1.9585148238492065
31,0.15209922845191337,0.00544501861369224,0.26806799411413235,0.05103660917113652,0.0,0.15898837152140982,0.021838437688522887,0.194044038512171,0.14848030192702188,0.0,0,False,0.28824072760383884,0.26806799411413235,0.28824072760383884,0.40705460802264587
32,0.10899006609269868,0.18858272181886251,0.4387433423819448,0.0,0.0,0.23885412284370391,0.0,0.0,0.0,0.02482974686279019,0,False,0.44452874630184175,0.4387433423819448,0.44452874630184175,1.5717824235786624
33,0.07028003022343986,0.1355080563700059,0.12772061599440557,0.09055363148092095,0.18849558463874266,0.029748967172777377,0.15765125069221894,0.07979731075189199,0.05838404106596456,0.06186051160963216,0,True,0.15062126405577037,0.1587466174659653,0.15062126405577037,0.48411424323282515
34,0.11250655147347823,0.1623658808286352,0.15207757941393504,0.06887801813533145,0.07081251205505604,0.15202826767912656,0.06469307010334309,0.047057373513339266,0.11454145088950156,0.05503929590825359,0,True,0.13254372391308364,0.11530850731529593,0.13254372391308364,0.30820684194125164
35,0.04079588304613572,0.0,0.15413308271057935,0.057416905135514715,0.0,0.35997598744206316,0.0093866761141301,0.0,0.33323281602359245,0.045058649527984516,0,True,0.4140811817148663,0.35997598744206316,0.4140811817148663,1.3849956227403466
36,0.17772104737285963,0.0,0.16871830754035014,0.1761704129741117,0.15608167754136643,0.08341569231552173,0.15285747704699612,0.006106769381341178,0.07892861582745307,0.0,0,False,0.22812002869662243,0.17772104737285963,0.22812002869662243,-0.4048788112507625
37,0.2829879054356531,0.23624718399766323,0.06501571517961668,0.024688435961887363,0.18916506004890182,0.04298907266687045,0.025309080603494363,0.13169281148371864,0.0,0.0019047346221941867,11,False,0.3104031300482788,0.2829879054356531,0.3104031300482788,0.8001340904064909
38,0.1252592141490821,0.06642194630163276,0.14070308618298105,0.16238476770139576,0.11073847979036565,0.13397844988697014,0.0,0.14415498017135123,0.012879053522808798,0.1034800222934125,0,True,0.16773728328753282,0.16238476770139576,0.16773728328753282,-0.9901940002658498
39,0.058633301352339136,0.0,0.03822425252011529,0.16717239513433818,0.15324255415765356,0.0,0.2844974283509732,0.1886525584283577,0.10846496980182736,0.0011125402543955254,23,True,0.29090085865758364,0.2844974283509732,0.29090085865758364,0.6334045475070009
40,0.11449403603098315,0.11572864601970267,0.07945718016746098,0.127630692158784,0.06045841707546429,0.15587674543715202,0.06481647857215801,0.0968934104577308,0.023268639039070057,0.1613757550414941,0,True,0.131266498327753,0.13810711600242404,0.131266498327753,-0.21910890208265105
41,0.03280607927617371,0.04546365861968477,0.22886838072208865,0.17712990678030407,0.06796504550825326,0.21055085738028326,0.0,0.03249449452236637,0.07686931840803309,0.1278522587828129,0,True,0.24322996932958382,0.22886838072208865,0.24322996932958382,0.5611356457583625
42,0.23565232599919422,0.11569114582401996,0.09840432249733104,0.3303514980311712,0.0,0.0,0.054593652445894314,0.05871657169202225,0.10659048351036708,0.0,0,False,0.3248409099268812,0.3303514980311712,0.3248409099268812,1.2645872692851665
43,0.10571202087146164,0.0695100580756852,0.24017637523581803,0.12864850602888928,0.08094289912542829,0.04911589384792208,0.0,0.11292361849320243,0.16603411854091488,0.046936509780678065,19,True,0.20427442543366342,0.24017637523581803,0.20427442543366342,0.7706604694895972
44,0.023101649847874016,0.0,0.19370758997018522,0.17919204012216486,0.04307859517627812,0.04411747069174361,0.1326528329478372,0.24788565586610692,0.07507187920917413,0.06119228616863597,23,True,0.24978505934361062,0.24788565586610692,0.24978505934361062,0.6499134095019478
45,0.0,0.0,0.23594615231639857,0.135384935872562,0.04026203472260791,0.0,0.21100462431894357,0.20747697878363244,0.0,0.16992527398585558,23,True,0.30342205925487,0.23594615231639857,0.30342205925487,0.173816529274525
46,0.2271046948461135,0.13087917661304052,0.16544184809600082,0.0,0.18229268346486904,0.15097138491064357,0.0,0.0,0.03237787162375126,0.11093234044558119,2,False,0.25584018180839596,0.2271046948461135,0.25584018180839596,-0.0571107757460715
47,0.08329918506629772,0.2365419817317972,0.11137873281941264,0.17210654950063525,0.16576932794925134,0.0,0.05466254795521055,0.0,0.0850324261453235,0.09120924883207183,0,True,0.22568530006662096,0.2365419817317972,0.22568530006662096,0.36036510417398887
48,0.05469446153287712,0.0,0.18170186842442615,0.13654468984633675,0.13905233107248197,0.09788189812150198,0.05396093079701254,0.2044177460832857,0.073784009126876,0.057962064995201984,23,True,0.19253571133866026,0.2044177460832857,0.19253571133866026,0.26760093498075155
49,0.13987731777619192,0.0,0.3120290763569817,0.0,0.22921650017062062,0.18317977563970037,0.003014418292856904,0.03424911707049808,0.0,0.09843379469315036,19,False,0.33748206374528744,0.3120290763569817,0.33748206374528744,0.7933680130911783
50,0.06828879571779534,0.0,0.16649378363238265,0.06179560295116703,0.18403492162219984,0.14616497935527425,0.06237193368120358,0.31084998303997735,0.0,0.0,23,True,0.303237959013075,0.31084998303997735,0.303237959013075,0.970836528645066
51,0.07100925262907869,0.19485583368123233,0.17550166730917025,0.0,0.09202416482521113,0.15393579029082907,0.06209572275787173,0.10601449292536923,0.09279507850087901,0.05176799708035853,16,False,0.17989558961194338,0.19485583368123233,0.17989558961194338,0.16044283769709788
52,0.14219268980884175,0.0,0.051635137389884636,0.26519205523841577,0.0,0.13870688454331748,0.04259634270069307,0.00397152608971158,0.2277815308720623,0.12792383335707339,17,True,0.28728127124436537,0.26519205523841577,0.28728127124436537,0.563275875529652
53,0.11741267622044733,0.0,0.0491177751324159,0.11193590632462017,0.09225778627914716,0.10611542532691266,0.17106884258459612,0.2139364350842484,0.04365924496014426,0.09449590808746788,23,True,0.18538844514401626,0.2139364350842484,0.18538844514401626,0.31429895363252447
54,0.06831142099313905,0.09871322280352998,0.19548667749511897,0.058541936967795506,0.15525934594773227,0.2529448340234914,0.0,0.007321700490324423,0.15005538796844028,0.01336547331042823,35,False,0.25862785281735096,0.2529448340234914,0.25862785281735096,0.47540982659530395
55,0.0,0.34512767026428653,0.07673419207589341,0.0,0.01137588716765239,0.12263311653669835,0.17111997569100787,0.049773215409067185,0.11067758782015125,0.11255835503524286,16,True,0.31120390081508364,0.34512767026428653,0.31120390081508364,1.5264392544562406
56,0.09990580284549243,0.0,0.1197367439019105,0.0,0.23210993641686625,0.0325970158341373,0.12831951000530775,0.32801575173091224,0.059315239265373576,0.0,23,True,0.32685497234686983,0.32801575173091224,0.32685497234686983,1.161682249019478
57,0.12956845947002343,0.0,0.4182097065312105,0.2074917231477059,0.07701577682948625,0.07492926178337013,0.0,0.0,0.05595377524018209,0.03683129699802182,0,False,0.3882954455764269,0.4182097065312105,0.3882954455764269,1.9295249307438247
58,0.17024094257851202,0.32680738050664676,0.04011571276366729,0.04879906975710246,0.05659142247064039,0.06429708051142452,0.0,0.2050983171849337,0.03413665977986956,0.053913414447203364,11,True,0.3053680619731691,0.32680738050664676,0.3053680619731691,1.4900829996629512
59,0.1270659910708293,0.0,0.26863097887059567,0.05718887578917022,0.13399891541409445,0.17485098916669992,0.0,0.061013140744562835,0.11797897674265373,0.05927213220139386,0,False,0.24751230698088866,0.26863097887059567,0.24751230698088866,0.7602996215566147
60,0.2168758781713305,0.12947369382495813,0.17536078734131402,0.0,0.19553835063105268,0.12642692550613038,0.0821376283660215,0.0,0.024530664355906756,0.04965607180328607,11,False,0.24203940314945707,0.2168758781713305,0.24203940314945707,0.09982765255700128
61,0.07316166578298115,0.03673989350709258,0.21638655746719515,0.0,0.08399662122824274,0.11817027514997668,0.12434722463196969,0.13620477247914328,0.10744799151810773,0.10354499823529094,16,False,0.17557291230406086,0.21638655746719515,0.17557291230406086,0.2551962786494059
62,0.07193780887908467,0.2861043394141811,0.28742018264778313,0.037367092366331706,0.0,0.03850925136019854,0.08859843168877553,0.0,0.0,0.19006289364364512,0,False,0.341312101223172,0.28742018264778313,0.341312101223172,0.9674558729659983
63,0.17300554294276513,0.0870919390653313,0.08821879979322142,0.2198185381061887,0.016657504118081153,0.1415601175287969,0.09084130599787074,0.04218968148658638,0.0597501498011305,0.08086642116002775,2,True,0.18459951235367975,0.20316103398810756,0.18459951235367975,0.7941610238819122
64,0.1553976803733591,0.18248381809717582,0.16294334796768134,0.0,0.0,0.20017967750400414,0.0,0.0,0.20804864662290573,0.09094682943487385,2,False,0.27500324727382147,0.20804864662290573,0.27500324727382147,-0.1358374487439834
65,0.15302318296092937,0.09039145562144456,0.13817252511055322,0.0,0.0,0.2758065362236822,0.018126425679443375,0.10420180244359455,0.15392437093351594,0.06635370102683692,35,False,0.2569624689320079,0.2758065362236822,0.2569624689320079,0.7089265204970858
66,0.19245916026260543,0.14062790017867557,0.13320306456921432,0.019699339279821527,0.15883915639492685,0.04105719622058778,0.026289767393530828,0.20523915345158208,0.0,0.08258526224905557,0,True,0.22693173762601776,0.20523915345158208,0.22693173762601776,0.043315160304637064
67,0.06858655547876688,0.09916447069435957,0.26465624661218573,0.10640969836663554,0.10026223231276099,0.02814874817146888,0.1205827199448704,0.21218932841895188,0.0,0.0,0,False,0.2575131672633666,0.26465624661218573,0.2575131672633666,0.764915415892723
68,0.0712110987287455,0.29039011980160273,0.04249903526167663,0.19509653054587361,0.0,0.1731418762017735,0.02960979759477221,0.07570431476061262,0.06367333163089794,0.05867389547404535,40,True,0.27083053436139654,0.29039011980160273,0.27083053436139654,1.218905496021351
69,0.0,0.15083442415970144,0.031287708980236834,0.0,0.012118811802930998,0.08205287276154938,0.25927671250231205,0.0518314132520808,0.26023111224412104,0.15236694429706737,16,True,0.30241744379699914,0.26023111224412104,0.30241744379699914,0.7197883525373064
70,0.23349642543198634,0.1293737643926576,0.040753935047638835,0.10392505791904935,0.17162066063147624,0.14087682347411914,0.0,0.0,0.11294292797949744,0.06701040512357521,17,True,0.22420054061294548,0.23349642543198634,0.22420054061294548,0.1991426948810356
71,0.09130305162026212,0.17232745315462789,0.2446042678141409,0.1665073239574109,0.014038596636575572,0.13720920373623807,0.16051630829912264,0.0,0.0,0.013493794781622031,0,False,0.26563123051201515,0.2446042678141409,0.26563123051201515,0.13729227078430864
72,0.08767148720054896,0.15889118013940914,0.06399190035317043,0.07302979909203057,0.06935714175269413,0.07688892838414015,0.005579625986302539,0.09679715245176888,0.19885405125275596,0.1689387333871793,16,True,0.17483530069028824,0.19327442526645341,0.17483530069028824,0.3836736060293572
73,0.018331923285701945,0.10957116710138975,0.2514215592390958,0.005209204581117368,0.009630123922310435,0.0,0.09895702171658029,0.31756852185345325,0.11614541822352796,0.07316506007682322,23,True,0.32428339154237457,0.31756852185345325,0.32428339154237457,1.168057265486551
74,0.3931249872301094,0.14961268965703967,0.053819766708248375,0.07255355296219003,0.0,0.0,0.12077090724871528,0.0,0.02607252582589345,0.18404557036780378,2,False,0.3663740690055518,0.3931249872301094,0.3663740690055518,1.7071157582374603
75,0.027834679721156313,0.014696190646441561,0.31314728013871185,0.13225394988521139,0.10388587073614171,0.03836883894694655,0.08191849393626492,0.19422373104535984,0.09367096494376591,0.0,23,False,0.2863830698512295,0.31314728013871185,0.2863830698512295,1.327867203243193
76,0.0,0.1578160607718597,0.37492729587830426,0.07467943504836365,0.027027244363586056,0.0,0.10001071382377252,0.19000497552590687,0.07553427458820693,0.0,23,False,0.351558439567171,0.37492729587830426,0.351558439567171,1.5779507333808955
77,0.0,0.054280870433504824,0.2780548145766068,0.302795348927239,0.017662314060362082,0.03566888497890518,0.0,0.09446495629319523,0.17106811880195905,0.046004691928227905,6,True,0.3373936925123992,0.302795348927239,0.3373936925123992,1.1000384526208384
78,0.18119024660382374,0.08251235011738306,0.29451634883119465,0.0,0.2787118725254222,0.056676979949938734,0.0,0.08136158686426277,0.02503061510797481,0.0,19,False,0.3384034582679874,0.29451634883119465,0.3384034582679874,0.9762066708222664
79,0.11150784749153962,0.0,0.0676384958439673,0.1927703504171795,0.13864660471484513,0.024352878951312124,0.20095992197368986,0.12932807976461985,0.035966211469613193,0.09882960937323351,39,True,0.20532126143189122,0.20095992197368986,0.20532126143189122,0.0791172976483386
80,0.18791325785502255,0.09160757289954866,0.03888181264758213,0.14928313386283792,0.09085762895945891,0.20739044081653066,0.0,0.15440379781676264,0.06134291798823092,0.018319437154025685,17,True,0.2161147406548346,0.20739044081653066,0.2161147406548346,0.13608979112686062
81,0.0,0.0,0.18504591146106736,0.04500841297852849,0.08572959228711756,0.25056807189972413,0.021748392578678485,0.18896975849145464,0.029262890884766267,0.193666969418663,19,True,0.28451263990793413,0.25056807189972413,0.28451263990793413,0.41558917476907326
82,0.11542012766037128,0.21579248282482333,0.21352334781925184,0.19365362271797124,0.0,0.13057880162679764,0.06590127397515572,0.0,0.06513034337562908,0.0,0,False,0.2619502054640157,0.21579248282482333,0.2619502054640157,0.16423755663921233
83,0.21693980621780443,0.0,0.11091489377627964,0.1396961526064691,0.16691994419859213,0.0,0.0,0.0,0.1112284631051314,0.25430074009572323,17,True,0.28945278272197544,0.25430074009572323,0.28945278272197544,0.2532555254598283
84,0.1878908696378715,0.18689278283019642,0.14829828603400466,0.0517276008248116,0.03569770002298625,0.07705064689340263,0.0688089031827369,0.16145228855360425,0.08218092202038578,0.0,11,True,0.19916414348259653,0.1878908696378715,0.19916414348259653,0.1202324731196412
85,0.0,0.16854085429711313,0.06614226509951034,0.13633206958921146,0.19718769025599417,0.13651805366134606,0.006897251618675676,0.1905046464228031,0.0,0.0978771690553462,15,True,0.2341088395874996,0.19718769025599417,0.2341088395874996,-0.22442565119843094
86,0.09178926452438534,0.0003279473906733558,0.2991690554332659,0.08160099686878636,0.0,0.0,0.17507330529771045,0.17005353910813986,0.12224099934997773,0.05974489202706096,23,False,0.2875194001918936,0.2991690554332659,0.2875194001918936,0.8861095897359008
87,0.09415456782237219,0.07283170179243585,0.14168461922848746,0.0,0.18689315415560884,0.08433659922989871,0.0,0.1135579133448801,0.16614801873584398,0.14039342569047294,16,True,0.19104099451116294,0.18689315415560884,0.19104099451116294,-0.5043580747988788
88,0.0,0.14822429747916493,0.04476311436539193,0.0442255581483138,0.09198998500533252,0.14012889978703577,0.11876679271567829,0.20997165798430092,0.20192969451478174,0.0,16,True,0.23021206396862798,0.20997165798430092,0.23021206396862798,0.07063619650082589
89,0.006043132123299906,0.17691881219951175,0.22042941459196808,0.0,0.04109894656291669,0.1332935578044417,0.0,0.1714226518900096,0.08936614626925292,0.16142733855859923,16,True,0.2506252733628127,0.22042941459196808,0.2506252733628127,-0.047701925025871665
90,0.01628765894334759,0.17074825057768098,0.0901703991471281,0.11295961148173898,0.11758221806733635,0.17024938633143288,0.04934587264055221,0.07047115305776651,0.09173567860343944,0.11044977114957703,16,True,0.14538584664709112,0.1544605916343334,0.14538584664709112,-0.041879010189558925
91,0.0,0.11897850509678932,0.230270371754896,0.0,0.0,0.12768287450447174,0.13096602456823628,0.1595730132869161,0.08547937654721934,0.14704983424147122,16,True,0.2345831813045195,0.230270371754896,0.2345831813045195,-0.12171998190248133
92,0.05823760728874025,0.2102929740087011,0.13976211916967396,0.020732885594630376,0.20405838821750277,0.06422827835439408,0.06413789339008626,0.007568740630692704,0.17814091577360322,0.052840197571975396,16,True,0.22812360995230346,0.20272423337800838,0.22812360995230346,0.45835608021150076
93,0.10929737740917721,0.21031274693341018,0.13004527300456414,0.06533300929481388,0.0,0.1363225829405277,0.06937674110925288,0.03337937447215859,0.2459328948360955,0.0,16,True,0.24970321102196613,0.2459328948360955,0.24970321102196613,0.5202544356669482
94,0.0,0.0,0.19239504490832776,0.1813391007225103,0.0,0.28699859405616307,0.07942189621976978,0.0,0.12695094191492554,0.13289442217830352,16,True,0.303896729901255,0.28699859405616307,0.303896729901255,0.5227550535055151
95,0.0,0.16750948139639224,0.08679157584778627,0.3310899411218514,0.25324507716621786,0.0,0.0,0.0,0.05335517583322442,0.10800874863452777,47,True,0.3519353446112168,0.3310899411218514,0.3519353446112168,1.0447315161376116
96,0.14941603149107308,0.17057248359975122,0.15415786477306495,0.04628039881785787,0.2525789042414884,0.0,0.018987886807843656,0.032202445560791194,0.0,0.17580398470812975,11,True,0.27097477090435884,0.2525789042414884,0.27097477090435884,0.3053879103979662
97,0.041890913582499856,0.19667637500789226,0.19445399629464566,0.0,0.12652757502625314,0.07973917154078888,0.15730766384114056,0.11641211255375286,0.08699219215302674,0.0,16,False,0.21559565642653641,0.19667637500789226,0.21559565642653641,-0.09324897808596598
98,0.0,0.044391158266406744,0.0,0.0,0.183594651517337,0.0,0.21771844659182563,0.10469529189459517,0.1573994432611815,0.292201008468654,16,True,0.3227940693666567,0.292201008468654,0.3227940693666567,0.5945862596151588
99,0.0,0.0025740570029484677,0.23599350202561786,0.29916434785885115,0.2522812033592487,0.013915720161031762,0.0,0.0,0.06372315838787418,0.1323480112044278,6,True,0.3614069114146347,0.29916434785885115,0.3614069114146347,0.7443575180898802
100,0.02384772549481513,0.09100118925222794,0.20932279048853308,0.17946793348576234,0.0,0.20859537925337363,0.0,0.0,0.2501282180421312,0.03763676398315655,17,True,0.3039200288465154,0.2501282180421312,0.3039200288465154,0.37241158864422325
101,0.3828941775029895,0.05570450761804044,0.16185601439571642,0.05924019108262673,0.026439560075929625,0.1659310072732989,0.0,0.05294834886538098,0.0,0.09498619318601743,2,False,0.34565266818804313,0.3828941775029895,0.34565266818804313,1.8620613962170038
102,0.05737269478540328,0.15130142263199836,0.3238611276029529,0.0495611348314447,0.26141800519353336,0.022620623086080403,0.07506948938948019,0.0,0.05879550247910682,0.0,33,False,0.3338704659483661,0.3238611276029529,0.3338704659483661,1.2902463114354705
103,0.15868991276777134,0.047697883833283335,0.25285432872739916,0.17201824180668868,0.11395987591110003,0.00651058711264557,0.0,0.0015084185710446823,0.1878968381046537,0.05886391316541348,6,False,0.2697866972972282,0.25285432872739916,0.2697866972972282,0.35207841897061787
104,0.16940872887279043,0.14599616515573283,0.10224958199289118,0.10553256649410794,0.08190252443275547,0.06836872630360495,0.00392460038078709,0.2333508965398121,0.0,0.08926620982751798,11,True,0.2131316568061106,0.2333508965398121,0.2131316568061106,0.3399050175434864
105,0.0,0.06615656123027815,0.15248810470182506,0.2637791514856035,0.02806641739881975,0.0,0.0,0.05630994445289308,0.2659197715760361,0.16728004915454456,6,True,0.31601143463160625,0.2659197715760361,0.31601143463160625,0.7029448169003711
106,0.13127702936856567,0.07805496512066337,0.05788389596380582,0.0,0.0762449877774556,0.0004801389776438954,0.12864818936887698,0.17903612389338025,0.10657027367005777,0.24180439585955066,16,True,0.22565723897132936,0.24180439585955066,0.22565723897132936,0.42922765674538765
107,0.16215317005126426,0.0,0.1726288100423461,0.014561571844761256,0.15814369213997284,0.18102793586709828,0.13504168342112388,0.01038405943349416,0.12218208158084198,0.04387699561909716,16,False,0.22200151727495182,0.18102793586709828,0.22200151727495182,-0.38196490861407917
108,0.0,0.15651269895412842,0.14776461078051803,0.0,0.06157960072603213,0.1647130801571707,0.21000128177154062,0.08333926652545387,0.17608946108515622,0.0,16,True,0.2435293024040743,0.21000128177154062,0.2435293024040743,-0.1893587141786213
109,0.017236523198522015,0.0,0.17448966712777564,0.09139239160305039,0.017624122431846804,0.17492756165361056,0.0,0.04710822801359699,0.1925949333797325,0.2846265725918651,17,True,0.30055091376062687,0.2846265725918651,0.30055091376062687,0.6418361832608677
110,0.15733556133300244,0.17711821603711028,0.20871075816743873,0.2957465714146833,0.09171799641305216,0.029916797729372658,0.03945409890534041,0.0,0.0,0.0,47,False,0.3130740934081646,0.2957465714146833,0.3130740934081646,0.7167940906069707
111,0.19227388108337493,0.0,0.0027485828814485906,0.22103443785444865,0.16382356434922474,0.2464551495042949,0.0,0.0,0.06302729584121017,0.1106370884859982,17,True,0.2993732270850803,0.2464551495042949,0.2993732270850803,0.2782579374693576
112,0.1471357068365958,0.22236034607612296,0.021285091922250126,0.09317338038822977,0.1988232523466391,0.14283686566948678,0.0,0.07297964100390308,0.0030019330419089386,0.09840378271486351,85,True,0.23490162538417078,0.22236034607612296,0.23490162538417078,0.1620284918050199
113,0.0,0.055152650475546995,0.32758270543965246,0.025075339959443433,0.2367937962340742,0.14346862442449324,0.15254561858795912,0.0,0.0,0.0593812648788307,0,False,0.3382777925461781,0.32758270543965246,0.3382777925461781,1.0652882168125595
114,0.09957841487770941,0.01957158169943289,0.2747368868845545,0.062271245973987324,0.1607843686836421,0.16694364163804917,0.0,0.0,0.10628126761794361,0.10983259262468097,0,False,0.2583363535305299,0.2747368868845545,0.2583363535305299,0.7149583751236673
115,0.11577200426010205,0.2735588981277216,0.13820209147241222,0.04475269822001199,0.03799121998584324,0.04724420132016656,0.0,0.0,0.1984370695735385,0.14404181704020375,47,True,0.27044576682237936,0.2735588981277216,0.27044576682237936,0.7153046386753831
116,0.0,0.3394259847711541,0.21604863418946593,0.0,0.11785524469481036,0.02480226259596361,0.00910086796684204,0.23650473457323426,0.05626227120852967,0.0,16,False,0.36820480827903673,0.3394259847711541,0.36820480827903673,1.0199370738949658
117,0.16242428644930987,0.32715687199676474,0.14914549090520984,0.14431292004066143,0.09509174572465945,0.0,0.06542507626066484,0.02125032813304282,0.0,0.035193280489687034,47,False,0.3024845255833069,0.32715687199676474,0.3024845255833069,1.2693561257290344
118,0.0,0.1693337439356331,0.15688647320459378,0.11330066280183233,0.13322160550533052,0.12755140574658322,0.1455302191962876,0.0,0.14766905127962046,0.006506838330118937,16,False,0.2077720196097473,0.1693337439356331,0.2077720196097473,-0.8517320627085687
119,0.03054489078371155,0.181933001786451,0.14872820356330904,0.0,0.14973622322899482,0.0,0.018314971009178786,0.20131924940774565,0.14405971235087073,0.12536374786973845,16,True,0.23644824152824276,0.20131924940774565,0.23644824152824276,-0.269319152687917
120,0.1447443513709811,0.0,0.21733820481312152,0.02623570284846692,0.15373575488701835,0.052476997918297685,0.02119225834503792,0.0,0.1688219157784461,0.21545481403863034,6,False,0.2657712930766531,0.21733820481312152,0.2657712930766531,0.1452469841698341
121,0.14581322899322022,0.027315191443925094,0.206330592858359,0.1378624091884153,0.0,0.0,0.09592107536585293,0.3646206423205409,0.0221368598296864,0.0,23,True,0.3552816923488575,0.3646206423205409,0.3552816923488575,1.34012894392194
122,0.19466021941761988,0.0,0.1835073793897737,0.15232834450134472,0.10015929546921194,0.09791021818435498,0.0,0.029222117886058004,0.10125109072719216,0.14096133442444453,17,True,0.2129920010151752,0.19466021941761988,0.2129920010151752,-0.2763294316612789
123,0.0719225048006984,0.1192850999091099,0.110426618186578,0.0,0.055308529040313026,0.14673619261286483,0.2782404852904504,0.21808057015998542,0.0,0.0,16,True,0.2848916743331572,0.2782404852904504,0.2848916743331572,0.6986683584017153
124,0.009365779050139527,0.0,0.22983187431616797,0.31733395104310025,0.05942930266149647,0.007175169109216348,0.0,0.0,0.13486846764511373,0.2419954561747656,6,True,0.36598616667064787,0.31733395104310025,0.36598616667064787,0.8222019302918148
125,0.00021256054258155045,0.0,0.16619897880851817,0.01585298189787048,0.202476407277813,0.07859128582940254,0.0,0.0,0.33873584041896765,0.19793194522484653,6,True,0.3591180488520709,0.33873584041896765,0.3591180488520709,0.9159970975462304
126,0.09885179673498412,0.0,0.059444620561193144,0.0,0.10272871348828698,0.09567256824717038,0.014744925913100613,0.0793894629906375,0.29542375283521516,0.2537441592294121,17,True,0.30198205456247734,0.29542375283521516,0.30198205456247734,1.1441472985204726
127,0.0,0.2548025270769359,0.13341014100900356,0.06430985688370017,0.037708943635052936,0.0,0.08893845245594402,0.0,0.2127396647364247,0.20809041420293875,16,True,0.29111878917700185,0.2548025270769359,0.29111878917700185,0.47942275232198417
128,0.0,0.07026444717491484,0.10344893699804752,0.14524376638601186,0.04750935335549284,0.12790293354127916,0.2705802516840574,0.08285893946272707,0.06290624970852868,0.08928512168894073,16,True,0.21762153271042634,0.2705802516840574,0.21762153271042634,1.400700541576788
129,0.08720002055169943,0.06795888691083216,0.22206126105270524,0.3125118090901106,0.1943939658735233,0.0,0.0,0.0,0.11587405652112917,0.0,6,False,0.3322843651425176,0.3125118090901106,0.3322843651425176,0.8407919106806221
130,0.030309919293410405,0.3493409663039581,0.05154277275852937,0.0,0.07656670577612819,0.16027871904622168,0.10962641375930156,0.10958806299308281,0.07906824278658545,0.033678197282782464,55,True,0.29762340250016867,0.3493409663039581,0.29762340250016867,1.9852171336165982
131,0.03775071477852518,0.15102868858589902,0.12474679942507115,0.0,0.05283857877081518,0.2033542953753237,0.0003918426426725455,0.038257352522370475,0.14426705209168697,0.24736467580763583,16,True,0.2596294932832147,0.24736467580763583,0.2596294932832147,0.421962018403143
132,0.0,0.0,0.34198886329650696,0.0470750930363024,0.21284265092306606,0.0,0.23175915559452337,0.0,0.16633423714960116,0.0,23,False,0.3819081377834176,0.34198886329650696,0.3819081377834176,0.8777696340733763
133,0.0,0.0,0.07092550660667257,0.19586240152098938,0.11170106585566829,0.0015020994052457087,0.12926932364671334,0.04525126984184285,0.07855011336279996,0.366938219760068,6,True,0.3397703711645156,0.366938219760068,0.3397703711645156,1.6036953994336671
134,0.020749302458157152,0.0,0.29780423681963386,0.06799727130500235,0.0,0.0,0.052279158198435115,0.30977343319434564,0.19197912959423916,0.05941746843018675,73,False,0.3644456584657216,0.30977343319434564,0.3644456584657216,1.087876436379376
135,0.10003794813880644,0.16260328845618605,0.0,0.05221848041752621,0.23890916663225978,0.17416581273609655,0.0,0.15200879757284796,0.0,0.12005650604627688,11,True,0.2531911325308066,0.23890916663225978,0.2531911325308066,0.08625232536364832
136,0.27816336470212677,0.0,0.07134404882527395,0.04084733010895667,0.11673689714478956,0.20479746743282157,0.020017771854619545,0.07874363925635156,0.1564684324203764,0.032881048254684034,2,True,0.26808141777431554,0.27816336470212677,0.26808141777431554,0.9609048535330544
137,0.13910649710449768,0.0044728148338314165,0.06235897517537661,0.28692478147606637,0.11857205121641617,0.07665138990862787,0.06859284942811679,0.21070612883308518,0.0,0.03261451202398193,23,True,0.27511019726444425,0.28692478147606637,0.27511019726444425,1.0228850130643563
138,0.041756982128486476,0.0,0.33244904813686144,0.3402193171435677,0.09916428076653604,0.09773855176337776,0.0,0.0,0.08867182006117069,0.0,6,False,0.3940358735888484,0.3402193171435677,0.3940358735888484,1.3621376008864965
139,0.0,0.1523210209350395,0.0,0.04952826603863458,0.14811515296103492,0.12922213161481294,0.12157362696368343,0.1134325637988656,0.15356550132691363,0.13224173636101544,16,True,0.18168250804049493,0.15356550132691363,0.18168250804049493,-1.0313314639673297
140,0.12276945930780725,0.007280228179531942,0.12725922402451872,0.2368649774859053,0.02808939468742003,0.04095065123692255,0.032783022496983776,0.1074614954470328,0.17408869421048856,0.122452852923389,6,True,0.2186675871252361,0.22958474930637335,0.2186675871252361,0.4790491332913743
141,0.2961453721971365,0.039645362833367254,0.09981311041266755,0.097907522008281,0.0,0.0739857036033549,0.0,0.0,0.20105004476140712,0.19145288418378567,17,True,0.30227733597238243,0.2961453721971365,0.30227733597238243,0.8289704843702578
142,0.044461768625923055,0.3164244809942869,0.15818020269763866,0.06968093002325723,0.1497031296824595,0.012778214946051185,0.11116575919841175,0.0,0.0,0.13760551383197162,47,False,0.29299338362029964,0.3164244809942869,0.29299338362029964,1.1403829071707257
143,0.10342284174462094,0.09775295934985505,0.08336026040164972,0.11166451215183044,0.07772225564370208,0.0,0.23574049523011287,0.127228061380313,0.15331656664337875,0.009792047454537049,39,True,0.20266471094264665,0.23574049523011287,0.20266471094264665,0.4165874500572446
144,0.0,0.07789076920626962,0.2443993275664794,0.0,0.03587058561676962,0.21545726858839548,0.09976393299242034,0.08489506483933731,0.16312557484245843,0.07859747634786994,16,True,0.25190090821329225,0.2443993275664794,0.25190090821329225,0.5897410606046076
145,0.07695896713300725,0.0,0.2318137226813658,0.11000417552606373,0.1654945329907686,0.0,0.2613705758944672,0.15435802577432745,0.0,0.0,23,True,0.3021433795285402,0.2613705758944672,0.3021433795285402,0.39735767432421004
146,0.1404997285127489,0.09781094570567542,0.1675282140849053,0.14978285065140287,0.0,0.035922776853190196,0.23550066199216707,0.11701553287839836,0.0,0.05593928932151195,23,True,0.2310424341889113,0.23550066199216707,0.2310424341889113,0.1951670665248398
147,0.0,0.3275201713064067,0.24133967426344788,0.0208372771632223,0.022953695808432113,0.17550948083786955,0.0030285240296914484,0.03508429617114416,0.07033216686998964,0.10339471354979633,25,True,0.3378699504295729,0.3275201713064067,0.3378699504295729,1.1537609283585881
148,0.10109977781933632,0.11219588124320362,0.1623439130697229,0.1729247500673883,0.1844272528668276,0.0,0.0,0.0,0.020950640413842633,0.24605778451967858,6,True,0.27214769959748725,0.24605778451967858,0.27214769959748725,0.1591816365613456
149,0.0,0.32337910880953336,0.2428364416955138,0.04794841735668897,0.0,0.07577173550660447,0.009507901445201696,0.10216413703545216,0.0,0.1983922581510056,62,True,0.348527461240612,0.32337910880953336,0.348527461240612,0.9846807890659507
150,0.08491681562077133,0.14802011442809185,0.0,0.0,0.1939297317071814,0.07242147332759068,0.06254155719683188,0.13348911869821795,0.1427706233077951,0.16191056571351978,16,True,0.2007578238730327,0.1939297317071814,0.2007578238730327,-0.3635458922184052
151,0.0,0.20641965807669538,0.16664077552858952,0.20559983886234753,0.0,0.02566360940555167,0.11367251426313218,0.1998720999612057,0.0,0.08213150390247799,23,True,0.2700444753597091,0.20641965807669538,0.2700444753597091,0.049699310212532356
152,0.2111260819258234,0.0,0.11540179565424288,0.0,0.0,0.15871541773309686,0.2894731395770718,0.0,0.0,0.22528356510976486,16,True,0.3429719580095976,0.2894731395770718,0.3429719580095976,0.49700293512229754
153,0.0,0.06306345422386037,0.13870803068303597,0.12045393750694487,0.01932644071660576,0.06002012608848589,0.14127464141446075,0.1970131543837582,0.12868616925652776,0.13145404572632052,23,True,0.18524307961364833,0.1970131543837582,0.18524307961364833,-0.3154386145616889
154,0.07690708626272526,0.11137993739636205,0.10992562586918467,0.11552750449745354,0.06578072849880973,0.10112830823576115,0.04853849820147605,0.14506110478295128,0.16834282119281552,0.05740838506246057,6,True,0.11549118974875634,0.11980432299133947,0.11549118974875634,0.3675220353016522
155,0.15540609515823336,0.24799055650076057,0.0317922424863023,0.1154295232904091,0.25339444243238296,0.0,0.12943649269090782,0.0,0.05273425977042687,0.013816387670576982,47,True,0.28968851525869294,0.25339444243238296,0.28968851525869294,0.614970888081484
156,0.0,0.21221817803260892,0.13389112494996666,0.12366379240881559,0.21129807067392434,0.03434213076911368,0.12240110398786076,0.017825375585178087,0.0,0.14436022359253206,47,True,0.24540176654814352,0.21221817803260892,0.24540176654814352,0.0265416896662406
157,0.1771586840697251,0.0,0.08731452914493588,0.15012685718664967,0.024200454036795254,0.21914336382929026,0.025440696191456412,0.028588214505006905,0.21743578333471625,0.07059141770142428,17,True,0.2527499923533765,0.21914336382929026,0.2527499923533765,0.3842604334798851
158,0.02785978066894834,0.33329761648462486,0.1139227246715733,0.12659813214852558,0.02682566058907326,0.13257310173333028,0.1250875379737578,0.01854166804071216,0.020953504051569993,0.07434027363788452,25,True,0.2848164275270015,0.3147559484439127,0.2848164275270015,1.7774478394035071
159,0.0,0.3446408478593117,0.30661498982880353,0.0,0.001870410159733316,0.04304756628029505,0.1361758257101644,0.015160027965421359,0.0,0.15249033219627062,16,False,0.39582021268097334,0.3446408478593117,0.39582021268097334,1.1436943808883797
160,0.23741647661936405,0.008861999786156911,0.11727401294978054,0.17198730778665022,0.0,0.0,0.21891174502070063,0.2226744551914943,0.0,0.022874002645853424,23,True,0.3127417971162276,0.23741647661936405,0.3127417971162276,0.28011051028532424
161,0.20983432589389522,0.3916079115694505,0.0,0.024394763548434346,0.15020477385957895,0.0959147487367345,0.0,0.034051119325258665,0.09399235706664777,0.0,11,True,0.37381474054055364,0.3916079115694505,0.37381474054055364,1.6173627137729858
162,0.03824250600109762,0.08264767244706134,0.05076408012562833,0.0,0.0,0.04207522897811457,0.14524217362593358,0.184717854348185,0.23267996623924098,0.22363051823473873,106,True,0.2683411892355289,0.23267996623924098,0.2683411892355289,0.46024505914662706
163,0.021994977522891618,0.025413529614875804,0.2526585475389904,0.08426187126868771,0.1320466245026925,0.15115364773705528,0.06474020860516604,0.0,0.24701702367825717,0.020713569531383348,16,False,0.27926246425995255,0.2526585475389904,0.27926246425995255,0.7690281378523005
164,0.10395147968413221,0.0926949175337736,0.07939586739945677,0.10586311582673073,0.0760870554882973,0.1324634756909848,0.07704748853685349,0.06249378975126012,0.16582278312531587,0.10418002696319506,17,True,0.09185442826327861,0.10332899337405575,0.09185442826327861,1.122931492538075
165,0.1595920955328022,0.0,0.0,0.0,0.0,0.118903093720566,0.17411945607639237,0.0,0.29142674340479824,0.25595861126544117,16,True,0.34694311506307607,0.29142674340479824,0.34694311506307607,0.5777147090914557
166,0.04719103129144571,0.15406520201820972,0.2919401613457001,0.09044861481410658,0.031004343492291548,0.0,0.05852052413399192,0.2600016861653555,0.0,0.0668284367388988,23,False,0.3095576318905806,0.2919401613457001,0.3095576318905806,1.1050113550044027
167,0.0,0.09048810051285121,0.02610095630262691,0.029814621658459526,0.02788392189837657,0.0,0.3687756576611696,0.03517344256289354,0.25593749639296326,0.1658258030106594,69,True,0.3751941321084177,0.3687756576611696,0.3751941321084177,1.4268232411361064
168,0.12759294424999154,0.0,0.1863459675285313,0.28955530339881985,0.07064263222891413,0.06340239608327886,0.0,0.055714704288599336,0.11354879711465594,0.0931972551072088,17,True,0.2618023759248733,0.28955530339881985,0.2618023759248733,1.11110384344986
169,0.03486861502568063,0.12507859222363157,0.09569406762802359,0.0611779724929069,0.04590663982408376,0.0,0.21766669773438663,0.08337559970451659,0.15601402247350904,0.18021779289326123,69,True,0.20740564851588789,0.21766669773438663,0.20740564851588789,0.35268265204630916
170,0.04231863138271176,0.05711833409938196,0.04018884397194179,0.0,0.08641589231782018,0.13294731753041766,0.21864145313047734,0.08769408672710355,0.19164788605393587,0.14302755478620996,69,True,0.21092970641136938,0.21864145313047734,0.21092970641136938,0.4259964947640972
171,0.0,0.1931540283028988,0.17193233508305752,0.0021308665936420963,0.2657330264187412,0.0828347141113936,0.0,0.09042631555359783,0.0,0.193788713936669,16,True,0.3001339075722641,0.2657330264187412,0.3001339075722641,0.36263256383121734
172,0.003405509324338888,0.048569452621861936,0.1270961401905623,0.07263991048306491,0.0,0.14805104192093563,0.3108160125017123,0.0,0.10978638263133968,0.17963555032618447,16,True,0.29436076515337,0.3108160125017123,0.29436076515337,1.021588477099169
173,0.0,0.14897769664050003,0.1859120353087598,0.14558033835227746,0.0,0.12439663885697032,0.15457918546231866,0.14993515966819856,0.06934879877255112,0.021270146938424064,16,True,0.21227988450988364,0.1859120353087598,0.21227988450988364,-0.536625507166773
174,0.13384870234537577,0.021501932467423157,0.3184222344153773,0.22173737809950522,0.023440130456436732,0.06609223022397297,0.10323296124594664,0.06952707958507721,0.0047480968703893095,0.037449254290495754,23,False,0.30128336363253455,0.313674137544988,0.30128336363253455,1.3924461133616786
175,0.12610944276576258,0.0,0.20245033247104263,0.12404097508151408,0.15309774715774233,0.04038335606820859,0.08542636033287379,0.268491786122856,0.0,0.0,23,True,0.27700384484474366,0.268491786122856,0.27700384484474366,0.49844023000810256
176,0.20541965915343208,0.0,0.0,0.05332741765542519,0.18580762303091902,0.2522264479294728,0.04460372456092717,0.018119942390143914,0.16201322162709314,0.0784819636525869,17,True,0.27912225065320795,0.2522264479294728,0.27912225065320795,0.47228672318756
177,0.1442880308545084,0.0,0.1888874540342216,0.05128411013106791,0.20549517865839145,0.26551895533096453,0.0,0.1445262709908461,0.0,0.0,15,True,0.30453898467970847,0.26551895533096453,0.30453898467970847,0.3280173343174411
178,0.009436740171651416,0.1739421821574248,0.09233100476570688,0.16582949295868576,0.10392299282416999,0.15433301519950957,0.04598588973298377,0.05159409101309389,0.0,0.2026245911767738,40,True,0.21638256682180904,0.2026245911767738,0.21638256682180904,-0.030871997015849972
179,0.0,0.10004578255284591,0.065063819364051,0.0672670441195676,0.0,0.14864486335660923,0.2189029148636718,0.06841818245750235,0.10318661392743138,0.22847077935832058,16,True,0.23729415914586965,0.22847077935832058,0.23729415914586965,0.507237050436507
180,0.03025020308810112,0.13259532799919138,0.1061209948074776,0.045210394904210506,0.05086390661864689,0.11128579161945541,0.08745230644541938,0.1597150709836046,0.15038374505336213,0.12612225848053105,16,True,0.13584112122517625,0.1294648678955035,0.13584112122517625,-0.3432695006731676
181,0.0,0.1363906082134756,0.4034970020125779,0.2631923807263736,0.0,0.0,0.0,0.023834921655942923,0.1730850873916301,0.0,6,False,0.42568651479945857,0.4034970020125779,0.42568651479945857,1.3270688956797096
182,0.1401157114429871,0.10224847948686533,0.14660861709369633,0.06746005147852395,0.08417986633036979,0.14021155059826282,0.09819965396691631,0.07485276770717783,0.08807424971480107,0.058049052180399525,17,True,0.09617958678037847,0.0885595649132968,0.09617958678037847,0.42566829239440523
183,0.0,0.058455334984030716,0.20969215084687826,0.0,0.1462116353299994,0.13920868055481325,0.15184973009066166,0.274530667312789,0.0,0.020051800880827635,23,True,0.29491053881634405,0.274530667312789,0.29491053881634405,0.4900582216074707
184,0.0,0.02769235039735358,0.2689895151553145,0.25082616102772104,0.0,0.003652824953352264,0.3199095444598037,0.08748276956256093,0.022662214682918236,0.01878461976097581,45,True,0.38328986582060764,0.3199095444598037,0.38328986582060764,0.9735835787711608
185,0.0,0.01731812512213199,0.09283962683734596,0.05367569154144805,0.26396437733961836,0.0,0.32705981440410037,0.03394865030910677,0.13086243426564922,0.0803312801805992,39,True,0.3364165728215964,0.32705981440410037,0.3364165728215964,1.298415336713133
186,0.09588439306978769,0.05218903326546099,0.09367388162485378,0.16363048876703692,0.1670991062212476,0.14485773622693907,0.05308450472699773,0.02285959941521836,0.08971433589961374,0.11700692078284422,72,True,0.14646817923907937,0.14423950680602923,0.14646817923907937,-0.021587841005188273
187,0.06763788793969126,0.18018894902238242,0.0,0.0,0.12336076505716677,0.030121937867863033,0.3262864882101045,0.08562180231849491,0.0064734129165534005,0.18030875666774376,16,True,0.3154604079084153,0.3262864882101045,0.3154604079084153,1.1273118308974406
188,0.21649929712184413,0.08473399142799319,0.12094111030248628,0.07892001970954646,0.0,0.13858541105110084,0.09306616866144063,0.0927593050299095,0.07920940015448373,0.09528529654119512,40,True,0.1634987767986533,0.21649929712184413,0.1634987767986533,0.536284550582607
189,0.0,0.25095232042414867,0.21703614642130206,0.01943038110859712,0.23448700149950658,0.09503601171655687,0.1482078852528957,0.034850253576992896,0.0,0.0,33,True,0.312498656813808,0.25095232042414867,0.312498656813808,0.4654253564692543
190,0.11328766014681621,0.10002109596605516,0.16046711312713072,0.0,0.03891908119023375,0.0,0.25226467076398196,0.1867290222754928,0.05751477447583626,0.09079658205445332,16,True,0.24527507685706218,0.25226467076398196,0.24527507685706218,0.5338525215090593
191,0.37257664161894066,0.15104930156919508,0.13022688374815283,0.0,0.15542849145705734,0.19071868160665412,0.0,0.0,0.0,0.0,17,True,0.37298782568033234,0.37257664161894066,0.37298782568033234,1.1801006497176247
192,0.15117541629935463,0.0,0.17274392447379702,0.0,0.17182317252982468,0.08159902821607942,0.0447611321943883,0.0,0.20843444794701566,0.16946287833954016,16,True,0.25108209641736107,0.20843444794701566,0.25108209641736107,-0.1599561299542936
193,0.05448771584694238,0.0,0.15237635086063145,0.06763934393475943,0.09106305198609768,0.0,0.2787313427537538,0.2672560739078958,0.08844612070991953,0.0,39,True,0.3098301316969892,0.2787313427537538,0.3098301316969892,0.9332417322209183
194,0.07943065249309393,0.09029790795495125,0.21453110807553805,0.026358830465788602,0.077328773872164,0.0,0.199081073901028,0.25651542790473897,0.0,0.05645622533269721,23,True,0.2752849585398526,0.25651542790473897,0.2752849585398526,0.6841547006076778
195,0.033145203928207544,0.11380404946685965,0.012363973730449942,0.026281514970702247,0.10601812456137769,0.0,0.14439317048857023,0.2677756799711913,0.07818686216242196,0.2180314207202195,106,True,0.26895628480002154,0.2677756799711913,0.26895628480002154,0.7853423780721092
196,0.0,0.2186678432032257,0.27176268785799185,0.0,0.0,0.29198581898555276,0.0,0.0008645355689303904,0.005626439740685339,0.2110926746436139,11,True,0.3892541896829307,0.29198581898555276,0.3892541896829307,0.5958274239290027
197,0.10569217141774134,0.06368372356152098,0.060961720218095115,0.23350259244594956,0.0,0.2682335423621708,0.048935891008819316,0.015114571199914245,0.190142073560225,0.013733714225563716,17,True,0.29048454647423194,0.2682335423621708,0.29048454647423194,0.8229797943115469
198,0.046367622537237266,0.0,0.21932166225697822,0.001738495591769986,0.13330299125533054,0.08508549952078186,0.13264602025758257,0.3245344270254252,0.0,0.05700328155489437,23,True,0.3184825507796065,0.3245344270254252,0.3184825507796065,1.1497974522536747
199,0.01026368398408391,0.0,0.12355225960163713,0.1723124531815743,0.13622039550259643,0.16268926425941937,0.04551543919797585,0.0,0.17141314786317113,0.17803335640954193,17,True,0.23072901182858577,0.17803335640954193,0.23072901182858577,-0.4151813013076857
200,0.2217619885592663,0.2152417499965319,0.10802538408184519,0.054377696783602984,0.010490846368732954,0.05517520701910018,0.007903361414919631,0.22373332553478814,0.05257459664376201,0.05071584359745083,11,True,0.26218966118546305,0.21582996411986852,0.26218966118546305,0.6909429469273273
201,0.0,0.13328145525178128,0.07629851354103398,0.0,0.12217073034894967,0.23042181773260245,0.1284718920663745,0.0872504776978921,0.04917130515528505,0.17293380820608106,16,True,0.21919603806810167,0.23042181773260245,0.21919603806810167,0.18891286398756674
202,0.15391192431191048,0.14007911948503904,0.14380983552718385,0.12397747516821685,0.06812624494826235,0.18112522289949726,0.0,0.05919368982087507,0.05930933118159649,0.07046715665741861,17,True,0.16969786319480645,0.18112522289949726,0.16969786319480645,-0.2613701837851723
203,0.06820444887988139,0.1549049399558202,0.170000367429604,0.17686138628913364,0.16917087981246268,0.23167612217658148,0.0,0.0,0.029181855456516543,0.0,0,True,0.26827533432506456,0.23167612217658148,0.26827533432506456,0.036768313761434926
204,0.21688888397130357,0.06256383423440687,0.1271380646382397,0.08539839435085325,0.2411595525384244,0.051561568584304454,0.04969171470025592,0.03673278902981748,0.0,0.12886519795239432,11,True,0.23590956585218514,0.2411595525384244,0.23590956585218514,0.8294638029414213
205,0.055723844306260234,0.08742737409191609,0.07584424057952098,0.1007694560268514,0.0,0.028541293734361987,0.11818131921187187,0.3172911973229499,0.1032574853494323,0.11296378937683528,39,True,0.2559952816172416,0.3172911973229499,0.2559952816172416,1.9670520581358484
206,0.0,0.0,0.11848168663533638,0.28882311696055346,0.15606511882834295,0.03846702956518605,0.2636360856542155,0.1083599972254878,0.02616696513087779,0.0,39,True,0.32438144422759824,0.28882311696055346,0.32438144422759824,0.8417529215745446
207,0.11787670693907062,0.08600463830034803,0.06534856447141432,0.10532541308227197,0.168219415071294,0.0,0.08193573768164977,0.319140450885207,0.05614907356874421,0.0,23,True,0.276893799023389,0.319140450885207,0.276893799023389,1.5389789682403976
208,0.0,0.11882719112482246,0.0,0.0,0.21464790755932633,0.15538088495073857,0.1006785262756586,0.10497209992909518,0.17059093810477421,0.1349024520555847,16,True,0.22976529792143438,0.21464790755932633,0.22976529792143438,-0.28507954694909265
209,0.47758177712732397,0.011141502822995019,0.0,0.02067601336887172,0.056262649629991855,0.17676888921422998,0.008207665286383782,0.008108793107567194,0.0,0.24125270944263652,11,True,0.4705153541639479,0.47758177712732397,0.4705153541639479,1.881682369959759
210,0.0,0.0,0.08794732366790163,0.21822052477964324,0.0,0.10704553570530635,0.13500759252149497,0.0,0.2331229392203222,0.2186560841053316,17,True,0.2952922515667072,0.2331229392203222,0.2952922515667072,0.2510103040661135
211,0.19602668116745828,0.05095407444386415,0.08124432797010739,0.044951729343854746,0.044925469688769704,0.20961863221960814,0.07595154867294161,0.001802801616865012,0.1675106706535617,0.1270140642229692,11,True,0.21346341645205438,0.2078158306027431,0.21346341645205438,0.42826794258859824
212,0.0,0.07070176851634302,0.09524683189908738,0.18110526511891728,0.16212753903706328,0.10913807451872047,0.25626070690205865,0.05990095484046505,0.06551885916734485,0.0,39,True,0.24210879689748113,0.25626070690205865,0.24210879689748113,0.6497233975603156
213,0.053646810914400704,0.32041836638774274,0.07678932595085756,0.14157596569860467,0.07039802850200168,0.13175175779109086,0.0,0.04473274300692725,0.1272993216069266,0.033387680141447926,25,True,0.2704099579251859,0.32041836638774274,0.2704099579251859,1.7506367953203639
214,0.09913335045725287,0.0,0.07923149207863879,0.24198941390741033,0.17959464061461733,0.0,0.28400724996165977,0.0,0.0050978457400321225,0.11094600724038882,39,True,0.3160906269967392,0.28400724996165977,0.3160906269967392,0.6809454498852766
215,0.07898615367256583,0.06297647880610699,0.25307645772205706,0.0,0.07826588880626431,0.034278985555898825,0.12070676045949286,0.28216163779574016,0.008367909350678418,0.08117972783119536,23,True,0.2870516033593445,0.28216163779574016,0.2870516033593445,1.1907110560280338
216,0.0,0.1084003511059347,0.1369143265568381,0.06060254657665773,0.49943778384319626,0.05706018260489958,0.0,0.0,0.13758480931247366,0.0,15,True,0.45364345218534335,0.49943778384319626,0.45364345218534335,2.3978350609592662
217,0.17446606358585048,0.06180055317231892,0.10773891634327974,0.0009771993876037468,0.0375833304392102,0.009914428924434325,0.229720587690519,0.2081573522109248,0.0014091300425527367,0.16823243820330605,23,True,0.26792222370766666,0.22874338830291527,0.26792222370766666,0.23785927510368465
218,0.007879712096535884,0.0,0.14826428089139418,0.0,0.32766939228498443,0.12157403078854781,0.22296924499412274,0.09420762129505023,0.07743571764936476,0.0,39,True,0.32981587733877393,0.32766939228498443,0.32981587733877393,1.0441313487253585
219,0.27507106622173666,0.0,0.04340369876689688,0.18032598849426165,0.043116768939922764,0.07966226104644283,0.0,0.16151541254877574,0.1482635501789977,0.06864125380296585,17,True,0.26655486637917153,0.27507106622173666,0.26655486637917153,0.7573224082523629
220,0.2442903263862076,0.17489952883699963,0.08961256228093532,0.0,0.058815457790908174,0.04988375627586249,0.19359198468937303,0.0012804969093474113,0.08931558711241368,0.09831029971795259,16,True,0.24365416603735035,0.2442903263862076,0.24365416603735035,0.540247158666476
221,0.004230557349296123,0.11764707885597055,0.0521416533710562,0.0,0.0,0.26194964454807373,0.18690641760746066,0.10716511288129076,0.0,0.26995953538685197,16,True,0.3232516391017336,0.26995953538685197,0.3232516391017336,0.6474035391342194
222,0.10078342982614356,0.0,0.17547307971241724,0.14642967315963695,0.061215417665959324,0.0,0.21941958536727738,0.16330546896432202,0.13337334530424352,0.0,39,True,0.24236162618489654,0.21941958536727738,0.24236162618489654,-0.14077492034793415
223,0.2361931000100921,0.00837377189240618,0.14178570038865695,0.07664858032203976,0.11687664365975446,0.10403865784932817,0.029514699206142157,0.09318433421022619,0.16702833798281136,0.026356174478542615,17,True,0.21087255307958935,0.22781932811768593,0.21087255307958935,0.5492048553475689
224,0.09423677590748926,0.09761879682885723,0.1967416895540521,0.10950286295135232,0.06170590177926223,0.014892033430195172,0.19419518334182287,0.17150159420461705,0.02427568319052577,0.035329478811826194,23,True,0.20518188692067113,0.18184965612385692,0.20518188692067113,0.3169381565025259
225,0.2029235960770817,0.0,0.22187861997398578,0.08109884927236259,0.0995859006289461,0.025145337081389385,0.1651197190303348,0.0,0.1376101390089494,0.0666378389269503,17,True,0.24119793599511724,0.22187861997398578,0.24119793599511724,0.20491408542198006
226,0.24205196571298154,0.03158199562208678,0.1335885010496383,0.16912170648829378,0.12176784542209389,0.0,0.16517274084941594,0.11387989262973708,0.0,0.022835352225752836,23,True,0.2482622434569453,0.24205196571298154,0.2482622434569453,0.18249563790834375
227,0.0658812613436789,0.12663852038764617,0.0,0.18043414263630098,0.04179170711182972,0.000579750245448817,0.2594607218107963,0.1747199639517922,0.15049393251250695,0.0,39,True,0.2741831027867061,0.2594607218107963,0.2741831027867061,0.34935827572929073
228,0.048382351750908464,0.0,0.28273056566465515,0.02940906514796268,0.08957371160221635,0.09905786676051088,0.16573447504555827,0.225972900548657,0.024929148164673814,0.034209915314857224,23,True,0.2851344899293801,0.28273056566465515,0.2851344899293801,1.000725187950792
229,0.06514127960804045,0.23272968448039166,0.0,0.0,0.10279186007006652,0.12392187451868436,0.0,0.2224869753473088,0.028479537327524607,0.2244487886479837,11,True,0.291578611697318,0.23272968448039166,0.291578611697318,0.4097883769879962
230,0.014344764682635177,0.14861510186872087,0.1694089545618217,0.219067291961886,0.0,0.06849499221307008,0.07097729103819729,0.10173223596896507,0.09355298630550157,0.11380638139920214,68,True,0.20190327981730946,0.219067291961886,0.20190327981730946,0.20754201584195353
231,0.17559023667051352,0.0,0.1183054172283842,0.0,0.18112560733004707,0.0,0.1882467492265309,0.1767545128098949,0.09945283922105687,0.06052463751357248,39,True,0.2405570284954607,0.1882467492265309,0.2405570284954607,-0.2559580368243654
232,0.06139450429105196,0.14850188460041125,0.11011871661938713,0.019255034425325005,0.0834789723295799,0.05227035794304994,0.19780499265965543,0.18066625822371696,0.14650927890782242,0.0,88,True,0.2031058662768551,0.19780499265965543,0.2031058662768551,-0.009396876121286726
233,0.1012949292667701,0.20402596907006207,0.02541407273935919,0.11604854600614761,0.3042121326686592,0.0,0.07535898802834606,0.0,0.07851641462133116,0.09512894759932473,47,True,0.2818487921728501,0.3042121326686592,0.2818487921728501,1.2069325268502764
234,0.049028714160843354,0.4153129288724119,0.0,0.29335661132705554,0.0,0.15271949324087622,0.0,0.0,0.08958225239881297,0.0,68,True,0.4385145022353703,0.4153129288724119,0.4385145022353703,1.493836931714298
235,0.07982200847207281,0.24612094037314652,0.09630570976249153,0.09286204660768942,0.08225375304374216,0.10495461809645389,0.04810574512048094,0.0,0.04401892381080086,0.20555625471312178,47,True,0.22165643173163405,0.24612094037314652,0.22165643173163405,1.0215635706758825
236,0.03605123870157837,0.17376585906890607,0.0,0.2668402593726474,0.09748628723050225,0.10176452207814148,0.03242621944318979,0.08629465407516447,0.07525225776633111,0.1301187022635389,85,True,0.23162381088895725,0.2668402593726474,0.23162381088895725,1.0516848216518122
237,0.039295725772035335,0.2778667668895884,0.10201790355986233,0.043532008116952514,0.034342385164661066,0.229436856712656,0.044832858967192996,0.0,0.1850947904281851,0.04358070438886622,25,True,0.2881784129699953,0.2778667668895884,0.2881784129699953,0.9993154545950012
238,0.09280913383272142,0.130433807168906,0.10689804685248776,0.00816561045441359,0.0,0.1738048258550237,0.14524093931967652,0.18435163193704593,0.11011004423137688,0.04818596034834813,16,True,0.19197672710113256,0.18435163193704593,0.19197672710113256,-0.41850575240044824
239,0.0,0.0,0.0532582646573633,0.07683152408242833,0.20127141634956378,0.37541964474559825,0.0,0.1007169093899777,0.10369730330662952,0.08880493746843901,16,True,0.3449245743873907,0.37541964474559825,0.3449245743873907,1.7193403872211896
240,0.0,0.0,0.1450697215276082,0.0,0.11668572998986088,0.26308945095407615,0.009438111463285938,0.12151653367754535,0.16721740289300058,0.17698304949462285,16,True,0.2793149627828366,0.26308945095407615,0.2793149627828366,0.2514589278843576
241,0.17808213581757157,0.27422583806170203,0.0,0.1685142612505965,0.05043066486112862,0.035953975307833445,0.0869653394275833,0.11665424962561365,0.08917353564797105,0.0,68,True,0.26128367262235613,0.27422583806170203,0.26128367262235613,0.7784525995790753
242,0.16606705102039446,0.09340681834152242,0.14211778851325874,0.10952918309163819,0.0,0.1264832284552012,0.07630042020443277,0.07495893074181272,0.06119442326732995,0.14994215636440958,235,True,0.1488731577683737,0.16606705102039446,0.1488731577683737,-0.6599209279126718
243,0.0,0.09841520099694644,0.17118516925667973,0.015330472491983167,0.003187095487135966,0.06111184168644264,0.10583852966634055,0.13055832165280795,0.2751174766668223,0.1392558920948413,69,True,0.25748563316206274,0.2751174766668223,0.25748563316206274,0.7132527652115462
244,0.18999984665206116,0.06244348104128992,0.19534082806782951,0.1605471245164136,0.0,0.0,0.04558019210700406,0.0,0.1642338890113268,0.181854638604075,17,True,0.2570096927105858,0.19534082806782951,0.2570096927105858,-0.12879708041987384
245,0.0,0.042982565426527584,0.0364765911914896,0.0,0.0,0.06880281728918235,0.3544110077268393,0.06764906984103161,0.2850961602629048,0.14458178826202467,69,True,0.37453857404082264,0.3544110077268393,0.37453857404082264,1.384013868060221
246,0.0,0.0,0.1472042718494631,0.05462259233232362,0.2874256015719706,0.031522980555241345,0.2220487522275401,0.01888655164698612,0.23828924981647512,0.0,39,True,0.33867981451948004,0.2874256015719706,0.33867981451948004,0.6953635809762868
247,0.0,0.18822443662720198,0.04773746578717366,0.08667821260668748,0.1681994516175503,0.1929941674022728,0.0,0.24612289571464266,0.04471871386199681,0.0253246563824744,25,True,0.271984930253797,0.24612289571464266,0.271984930253797,0.4095937312822113
248,0.305238607804415,0.11151952170614286,0.0,0.0,0.0,0.22123741294919275,0.0,0.0006447989050903886,0.32204471769744775,0.039314940937711394,11,True,0.3997650370502509,0.32204471769744775,0.3997650370502509,0.9492603509605608
249,0.06788636984239299,0.010411444881003288,0.2837265336005303,0.15349408451344446,0.20774854344262553,0.0,0.0370707309625828,0.0,0.1505825823226934,0.08907971043472716,33,True,0.28969318692578855,0.2837265336005303,0.28969318692578855,0.7299779724619091
250,0.16048546076345338,0.025596220958776863,0.1342488271862394,0.06769638594763928,0.10302772721676993,0.09811655250201957,0.050900595548226076,0.08425886024904478,0.17054077251402808,0.10512859711380257,17,True,0.1381465582048483,0.1449445515552512,0.1381465582048483,0.06365892670420684
251,0.0,0.0651764535663489,0.0,0.3130124604268359,0.1874900378679762,0.05716160370957937,0.0,0.11440110809841868,0.20636964967633037,0.05638868665451063,6,True,0.31543694067853256,0.3130124604268359,0.31543694067853256,0.9961849984577374
252,0.13383244487928977,0.13596823865289484,0.07564050685762046,0.19009756480802661,0.14983293620205626,0.0,0.20559245257477027,0.0,0.0,0.10903585602534183,47,True,0.2342307385339849,0.20559245257477027,0.2342307385339849,-0.26146219775416174
253,0.0,0.05490742150269753,0.2919667169743344,0.12404322779439762,0.19292672226946178,0.029043898876155702,0.12181428812495959,0.0,0.11809263090918126,0.06720509354881198,16,True,0.2738822634115115,0.2919667169743344,0.2738822634115115,0.9898101287931321
254,0.030358544618531647,0.07115503105357392,0.04213100581497116,0.19327208180625766,0.039170565669152904,0.04800981449272376,0.39221809062992363,0.15653573271879853,0.0,0.027149133196066825,39,True,0.35781086638509935,0.39221809062992363,0.35781086638509935,1.9349414213847478
255,0.027679481848761532,0.23112015509459286,0.18314363286357915,0.09634090922767942,0.17013298420404674,0.040217239961060906,0.15336312549842823,0.03422761467821244,0.0,0.06377485662363874,11,True,0.2373341731956915,0.23112015509459286,0.2373341731956915,0.3932558903481275
256,0.15281016212185797,0.0,0.11456115556229876,0.0856303192636052,0.10547850914703613,0.1659781394104608,0.008566535800845779,0.0,0.1564148593327435,0.21056031936115194,17,True,0.22662051118088103,0.21056031936115194,0.22662051118088103,-0.25732065776333
257,0.0,0.0,0.037991995243244515,0.16432339929957732,0.0,0.31925624988973395,0.28073202112243495,0.0,0.1976963344450093,0.0,16,True,0.3850512078802864,0.31925624988973395,0.3850512078802864,0.8147748663577282
258,0.16315845795110429,0.22136568209140478,0.13003293699036123,0.08774764985152654,0.08311677110323207,0.06100068909718817,0.05659206001561091,0.0929324788495118,0.0,0.10405327405006023,11,True,0.18310470992577388,0.22136568209140478,0.18310470992577388,0.5611571145764174
259,0.03151235382286323,0.0,0.0,0.09394566805757093,0.11394329211197136,0.0,0.41348574620747064,0.31008002113584854,0.0,0.03703291866427536,39,True,0.43737102064117894,0.41348574620747064,0.43737102064117894,1.5916133710167246
260,0.0,0.1161880795753384,0.008728171215884676,0.24874458171282096,0.05346533390030592,0.10354305808862448,0.15440954060479387,0.01792770894907558,0.17581298048977054,0.12118054546338566,17,True,0.24246249654849106,0.24874458171282096,0.24246249654849106,0.3913746736953933
261,0.05111970196456486,0.027297073875824283,0.10909001639281342,0.05576617491099777,0.20000037598307815,0.0,0.14249004525212228,0.17430011786841726,0.17311129746614323,0.06682519628603878,39,True,0.20853315026456634,0.20000037598307815,0.20853315026456634,0.10516504486368596
262,0.16266226952666685,0.0,0.0,0.1497480227976721,0.09726881089549508,0.034664673826461656,0.17913195366477297,0.1313887923083416,0.24513547698058977,0.0,39,True,0.26265760808779337,0.24513547698058977,0.26265760808779337,0.1394554831132976
263,0.10751458955690026,0.1563558483679606,0.0,0.1514961277176442,0.21145883682372574,0.0,0.08139676669313169,0.08280117695341128,0.0,0.20897665388722628,11,True,0.2466275837646816,0.21145883682372574,0.2466275837646816,-0.004174132678671851
264,0.00961918201776011,0.03686872126479677,0.0,0.22532624066054444,0.16378892634677322,0.03725513597669887,0.21447446407357496,0.08459023363657392,0.14276942826591835,0.08530766775735941,39,True,0.2474950802399742,0.22532624066054444,0.2474950802399742,0.38652957883992
265,0.24036834443857644,0.1026094803588872,0.14763790438311325,0.13428207923147395,0.09214008753849798,0.016096393016846802,0.0,0.1883291107027205,0.07853660032988384,0.0,11,True,0.2419070383644024,0.24036834443857644,0.2419070383644024,0.26549549353295226
266,0.0,1.0413140673804821e-05,0.14554744380526746,0.0,0.13260778693623754,0.3511889782830178,0.13736952047589762,0.12435357200697855,0.0746360793619538,0.034286205989973464,16,True,0.32122089972581347,0.3511889782830178,0.32122089972581347,1.4419827896197008
267,0.15428369746860046,0.022912735802990886,0.018405709750009103,0.22251138064521525,0.15467378234288806,0.022420058503359992,0.2801098620069561,0.01469197178499347,0.10999080169498673,0.0,39,True,0.2989657851463004,0.2801098620069561,0.2989657851463004,0.6899987037114604
268,0.005630658950612335,0.0,0.1647953154784713,0.20789673216414362,0.12015770276013168,0.0,0.18611994617915878,0.10382353664832811,0.0,0.2115761078191542,39,True,0.2739206739711168,0.2115761078191542,0.2739206739711168,-0.050406640897387174
269,0.0,0.0,0.10688496908778214,0.17024147498614758,0.18329513088586066,0.20531555143621888,0.0,0.081149375417546,0.15945835972767256,0.0936551384587721,15,True,0.23862441548971497,0.20531555143621888,0.23862441548971497,-0.1942556602546128
270,0.0,0.0,0.23684427345017184,0.12136413128093702,0.11807896916929361,0.0,0.1059926392874668,0.2892376363800427,0.0,0.12848235043208822,23,True,0.3101091250546975,0.2892376363800427,0.3101091250546975,0.6762949117330599
271,0.16489255728816873,0.0019526613762583874,0.2381925834834228,0.0,0.06385403518389496,0.23749540299486224,0.0,0.0,0.10141990435738976,0.192192855316003,16,True,0.3027120249499976,0.2381925834834228,0.3027120249499976,0.31168156008222714
272,0.09203576086631957,0.3016646606231767,0.10348777060416904,0.0,0.24921505880885014,0.05859508653654043,0.00702315070397545,0.18797851185696865,0.0,0.0,11,True,0.3333296306673837,0.3016646606231767,0.3333296306673837,0.8433889969099756
273,0.08903763204530457,0.3109637741859316,0.13977392977990902,0.0,0.06523018713303526,0.0,0.05509953197152116,0.07850694719690497,0.21013752851337886,0.05125046917401458,47,True,0.2905195143147012,0.3109637741859316,0.2905195143147012,1.3042795393144324
274,0.20660319386758894,0.0,0.21155879619103568,0.001025010021180657,0.13313117752189887,0.0,0.15654803943878354,0.20561078818636103,0.054334219110610524,0.03118877566254089,23,True,0.27545416497201713,0.21155879619103568,0.27545416497201713,0.10844006625352037
275,0.16675950145165883,0.0,0.0,0.08335633848973682,0.0,0.262598616989242,0.3226006065362113,0.0,0.1646849365331509,0.0,17,True,0.36729732342333155,0.3226006065362113,0.36729732342333155,0.8243382954191022
276,0.27161561205081647,0.14852325355853607,0.0,0.04769893531969048,0.1696362381079095,0.10280057762885353,0.0,0.0,0.0,0.259725383334194,11,True,0.32389978816959447,0.27161561205081647,0.32389978816959447,0.6001471082455215
277,0.08624562826773821,0.0763376705098658,0.12673167770265992,0.17814487553493324,0.23897162687474174,0.07213458995029547,0.0,0.0258680756428053,0.042398071567122955,0.1531677839498374,95,True,0.22203653869463094,0.23897162687474174,0.22203653869463094,0.5805197487382964
278,0.005017683042858135,0.12289579158406565,0.0,0.15922214283657818,0.009520168171839136,0.1388769406296225,0.0,0.0,0.35827378072225113,0.20619349301278525,17,True,0.36157093392052053,0.35827378072225113,0.36157093392052053,1.119114188634862
279,0.1304072005120523,0.2757197128760809,0.0,0.2884198872436071,0.0,0.0,0.0,0.037531057326878184,0.13779934144556918,0.13012280059581222,47,True,0.3369608454602369,0.2884198872436071,0.3369608454602369,0.782233134712022
280,0.04165868193707607,0.18009421720884403,0.14722070497462103,0.010332933601772034,0.0,0.061193411703011215,0.27989443075248027,0.14217787538538762,0.1374277444368077,0.0,16,True,0.2777346531044413,0.27989443075248027,0.2777346531044413,0.6284610625787037
281,0.2080826617891962,0.24240891865090147,0.1273697764013741,0.0,0.061221292213687974,0.09492869849124855,0.0,0.1224601461346368,0.07943788919916382,0.06409061711979111,11,True,0.23760790216530983,0.24240891865090147,0.23760790216530983,0.5784001188455277
282,0.3944334946141427,0.1287385486722941,0.05189595734233974,0.0,0.09668906862481425,0.13433749636000025,0.0007426628279381711,0.10505726080205578,0.0,0.08810551075641487,11,True,0.347908156726764,0.3944334946141427,0.347908156726764,2.0034802115527506
283,0.02450520878575439,0.04036421324439732,0.03352417832510772,0.05317351889549795,0.005131979903263816,0.10737782228418802,0.17781835083645164,0.08232788116465,0.37460918905613955,0.10116765750454959,69,True,0.32665209001368833,0.36947720915287574,0.32665209001368833,2.0745488573873847
284,0.22429730768919492,0.08579159226573392,0.28833369725135655,0.06083359826696311,0.09950604105087171,0.02632772051273079,0.1257018096728387,0.0,0.023478193671046237,0.06573003961926402,6,True,0.2752702978951788,0.28833369725135655,0.2752702978951788,1.1985045484731818
285,0.14164385060047752,0.017793972796625767,0.0,0.012900874068914452,0.15725733090372224,0.13891251073461516,0.18399209746734493,0.09629653512599001,0.25120282830230994,0.0,69,True,0.26608563987727823,0.25120282830230994,0.26608563987727823,0.2292864678045383
286,0.21446735543882395,0.28907257263220615,0.0,0.05834485320302139,0.07206760937165987,0.18007506833441447,0.0,0.1442392647623398,0.04173327625753429,0.0,11,True,0.30517326733343686,0.28907257263220615,0.30517326733343686,0.7345392658036033
287,0.11650059964362562,0.0,0.0,0.1811778922195814,0.013192515092358763,0.1488818050876732,0.0,0.026800098809856086,0.2896698193248687,0.22377726982203616,52,True,0.3216220898819065,0.2896698193248687,0.3216220898819065,0.6007369218128312
288,0.03046587062265593,0.25769947255617426,0.0024287807770792987,0.33298115667446704,0.009358452117981097,0.10354552051505249,0.0,0.0,0.12249843825486892,0.14102230848172098,68,True,0.35202549824413176,0.33298115667446704,0.35202549824413176,1.086461839311232
289,0.1742869536279887,0.2744214630875832,0.004364246614385324,0.16289525632506355,0.14234029723535088,0.0,0.15235156747231984,0.0,0.06522916031592142,0.024111055321387048,47,True,0.28380440352877867,0.2744214630875832,0.28380440352877867,0.4643807360829318
290,0.0,0.30497573701119157,0.012724898307519742,0.0,0.21705240289558975,0.2610549048833453,0.0,0.1660104186516746,0.03818163825067901,0.0,25,True,0.3707436159521403,0.30497573701119157,0.3707436159521403,0.7196965424716487
291,0.08270784337914873,0.0,0.0,0.12185696538750505,0.23280949862330816,0.03744055365343748,0.3049988230098046,0.19740171530861597,0.022784600638180108,0.0,39,True,0.33136478742827336,0.3049988230098046,0.33136478742827336,0.8432422414758988
292,0.21690063214599548,0.19160895503831857,0.09602432765090028,0.037257506859113554,0.032014842831071574,0.12517016167838674,0.09656347178222001,0.1099748931028467,0.0,0.09448520891114708,11,True,0.20348863513490414,0.21690063214599548,0.20348863513490414,0.3657368648912552
293,0.0,0.04558384888189516,0.22801628021636625,0.0,0.0,0.29657584126274156,0.252223167881945,0.010392663283719147,0.0,0.16720819847333293,16,True,0.36566331022749443,0.29657584126274156,0.36566331022749443,0.6630044414983263
294,0.05280865730078909,0.10509613248397377,0.1635435070742561,0.12191127205404183,0.0,0.1315924467349375,0.11743376355299935,0.0796448764296863,0.20354393026708104,0.02442541410223513,16,True,0.18686917325505595,0.20354393026708104,0.18686917325505595,-0.0752749036773712
295,0.17129518121099316,0.1454606633317018,0.18569019247523869,0.004261406182930355,0.0,0.12336153660117885,0.13091301698516,0.20843737884217714,0.0,0.030580624370619893,23,True,0.24847022570402236,0.20843737884217714,0.24847022570402236,-0.1978029203627346
296,0.161254579891522,0.18674667314204896,0.14113798435571331,0.13742463508055994,0.03986672407377707,0.11989849994345979,0.0,0.0,0.0,0.21367090351291892,47,True,0.2475945908248538,0.21367090351291892,0.2475945908248538,-0.18188167345878026
297,0.0831968116980278,0.0,0.03420167861167412,0.0,0.0,0.010171715075404382,0.15795833657297637,0.1706871299208215,0.2271218493011407,0.316662478819955,98,True,0.3378451130622229,0.316662478819955,0.3378451130622229,0.8517357183589087
298,0.11935019376686469,0.23007484366003414,0.0,0.0,0.06393551435836857,0.29182473079575016,0.061108149995200825,0.06692858512727919,0.10632596692941998,0.06045201536708241,25,True,0.28213759913569125,0.29182473079575016,0.28213759913569125,1.1793457197662678
299,0.09165661501386459,0.091697789811831,0.1058773438475001,0.14058878776748057,0.0,0.15024554204552898,0.1389136776686383,0.13165431917060288,0.0545805086086385,0.09478541606591517,90,True,0.1376645867364894,0.15024554204552898,0.1376645867364894,-1.1648726400181673
300,0.0,0.0,0.12854677311830365,0.07549450677135758,0.10664085528843735,0.06477483287973268,0.19000252301917642,0.09857109061304249,0.15272419125779874,0.18324522705215118,39,True,0.20127706007905205,0.19000252301917642,0.20127706007905205,-0.26782473046511696
301,0.14699006772826884,0.2882727428165274,0.07311183947242027,0.09065969538736295,0.1326105961698185,0.0,0.0,0.15952189893423394,0.10883315949136818,0.0,47,True,0.27046115943230625,0.2882727428165274,0.27046115943230625,0.7588285780072207
302,0.19227357009025295,0.0,0.1423265901637664,0.04635446427874709,0.07807957743551859,0.18917269024834388,0.1819157514803951,0.0,0.16987735630297604,0.0,16,True,0.2514142087292123,0.19227357009025295,0.2514142087292123,-0.16600213820947468
303,0.0,0.27127706284228276,0.09316945128557554,0.07739515344035024,0.041247065041632835,0.19164001564240088,0.2116986017582299,0.11357264998952782,0.0,0.0,25,True,0.29052377189353745,0.27127706284228276,0.29052377189353745,0.6079757856753754
304,0.28836564967651923,0.21753240998389534,0.0,0.14617135679573956,0.12090083333146368,0.10494854006512007,0.0,0.018241035494809058,0.0,0.10384017465245302,11,True,0.29763717453316757,0.28836564967651923,0.29763717453316757,0.6923856710440239
305,0.0,0.038140584090829335,0.21533036575931505,0.08705688952021261,0.09181535632384574,0.024157164687743975,0.2504713748717406,0.0,0.2846213551527132,0.008406909593599582,69,True,0.3289837418724699,0.2846213551527132,0.3289837418724699,0.8204034608198472
306,0.0,0.18274076355589514,0.06784172199669658,0.0,0.0,0.1659495407619647,0.14595958574677848,0.15425429822005643,0.09914929810804725,0.18410479161056148,16,True,0.23315163046308637,0.18410479161056148,0.23315163046308637,-0.39300887876738233
307,0.0832932425724401,0.0,0.0,0.0879120198157023,0.12771315477486803,0.2127866918682007,0.06409943108840463,0.0,0.09813739393879112,0.3260580659415932,17,True,0.3103363677457038,0.3260580659415932,0.3103363677457038,1.2490842530711346
308,0.24503436370834505,0.0,0.1679931442786821,0.18924487126336353,0.0,0.1482645925181306,0.0,0.010089935657561657,0.02910877918213467,0.2102643133917824,17,True,0.30202608484998716,0.24503436370834505,0.30202608484998716,0.19680463998477013
309,0.04232218261097181,0.06212449510479814,0.06676328314688983,0.14800449832915957,0.26504643961275065,0.02583457103389131,0.17321480211804766,0.10649404058686486,0.11019568745662607,0.0,39,True,0.23752424220371873,0.26504643961275065,0.23752424220371873,0.9261143723863133
310,0.19688770402491312,0.15883814716149908,0.11304919996794584,0.010484691350350963,0.0018434123999052881,0.12954971064610107,0.14249000311050578,0.07822377594182209,0.0,0.16863335539695679,23,True,0.22029632251863368,0.19688770402491312,0.22029632251863368,-0.3970901127608379
311,0.04837840476612603,0.15024320080450554,0.19363317915072173,0.0,0.07315211103899714,0.0,0.0,0.04453830796650949,0.2612269668812932,0.22882782939184693,11,True,0.3005726092974532,0.2612269668812932,0.3005726092974532,0.5453820743238845
312,0.0,0.05324872581092602,0.17796735957658935,0.2689294167831139,0.0,0.06856501519896754,0.25596055330726963,0.14771511766570883,0.0,0.027613811657424808,23,True,0.315642335288377,0.2689294167831139,0.315642335288377,0.6778397553801495
313,0.06069569825728324,0.0343015907501532,0.004942113468622969,0.1530112693492109,0.1595655184281638,0.02972057447275164,0.19400290531306436,0.2262559317651305,0.13750439819561935,0.0,39,True,0.2497563625185941,0.2262559317651305,0.2497563625185941,0.16992656196320577
314,0.13933275732784525,0.0,0.08551780586447284,0.13086128462824545,0.07449232598453075,0.0,0.26130543939446554,0.2386962776991091,0.06979410910133113,0.0,53,True,0.2820077270916305,0.26130543939446554,0.2820077270916305,0.6534657904242466
315,0.0,0.0,0.16941265596126473,0.08442666012635375,0.0,0.32529112373707214,0.07395827667540845,0.0,0.3126421540374306,0.034269129462470224,35,True,0.38214151897712473,0.32529112373707214,0.38214151897712473,1.1476723259265578
316,0.2065088322261838,0.014935536815887563,0.1685210123082866,0.0,0.12182387885826494,0.09355285383724603,0.10871511803806055,0.11938990649552705,0.0,0.16655286142054354,11,True,0.22062247362494097,0.2065088322261838,0.22062247362494097,-0.2698311054953166
317,0.2197722105726678,0.15225503312084554,0.11261109034630717,0.16092447762721235,0.102615013198882,0.09321014829565918,0.0196459937727855,0.08841101298302605,0.0,0.05055502008261449,11,True,0.20008902978890747,0.2197722105726678,0.20008902978890747,0.20946129853296558
318,0.17137178790001287,0.2627178943972791,0.0037508738347059893,0.0,0.0,0.2905562123754647,0.0,0.20751262139586787,0.0,0.06409061009666954,11,True,0.36054827370303,0.2905562123754647,0.36054827370303,0.6317594626204216
319,0.005082749765740962,0.0,0.0,0.14505339563153866,0.07666078560923056,0.06485164080832996,0.29769623416291624,0.24789102760465534,0.07857625701727003,0.08418790940031823,39,True,0.30738213180484647,0.29769623416291624,0.30738213180484647,1.0494593757829405
320,0.12121282320745504,0.19387657703515096,0.1302197852089561,0.0,0.16426578490563382,0.12426199938071518,0.0,0.09123466384755057,0.0,0.17492836641453835,11,True,0.2249130008186423,0.19387657703515096,0.2249130008186423,-0.47325363471444737
321,0.02898182785347017,0.10195365978507188,0.09106857563771266,0.12265895853009365,0.028749084404820994,0.24277202504279283,0.05346939689705424,0.09457440865364401,0.2289533774865531,0.006818685708786448,35,True,0.24208966392057674,0.2359533393340064,0.24208966392057674,0.9080551245322546
322,0.03681400910646044,0.30699506573208507,0.014127889147436092,0.0,0.11417080505868976,0.18886908407646744,0.0,0.17865661618712045,0.0,0.16036653069174092,135,True,0.31959811204584765,0.30699506573208507,0.31959811204584765,0.7346078840240196
323,0.0751030798996465,0.11970366800777961,0.0,0.16809608103850066,0.10757485714349647,0.0,0.356467554639603,0.095566219594928,0.07748853967604583,0.0,39,True,0.3193815534973893,0.356467554639603,0.3193815534973893,1.6306326668363025
324,0.07970052994092916,0.11267039719052606,0.10757023663660771,0.17716973449508233,0.0771354678923654,0.15457359971528095,0.0,0.17977382275361703,0.0,0.11140621137559133,11,True,0.19125928192763741,0.17977382275361703,0.19125928192763741,-0.4752177101834009
325,0.12809569811292862,0.2375015407246203,0.1301400408659949,0.039870874331324774,0.0822173383420148,0.18502335259890237,0.0,0.02097825041832647,0.0,0.17617290460588772,40,True,0.2526102088535348,0.2375015407246203,0.2526102088535348,0.23017036067266974
326,0.19836566630396535,0.26169292956636775,0.1810333203668862,0.15812922935814314,0.08167233248723998,0.0,0.0,0.0,0.05372581474078439,0.06538070717661304,11,True,0.2818537087712088,0.26169292956636775,0.2818537087712088,0.46240015920501143
327,0.03326225553362192,0.09344288459850372,0.004252482470438669,0.14002598732303917,0.1312566168240119,0.11610097867992118,0.23205880999953143,0.0,0.14377021080045374,0.10582977377047831,69,True,0.21422454013736078,0.23205880999953143,0.21422454013736078,0.11848719034437893
328,0.06569502880193415,0.11555013057094499,0.07506747916825532,0.057712114130616714,0.16781124160176486,0.1497405897794629,0.0,0.08067995706543661,0.07292387896341142,0.21481957991817296,25,True,0.18759248539626994,0.21481957991817296,0.18759248539626994,0.45092785508518474
329,0.1608396584917356,0.0,0.10799338039819839,0.08719624281582919,0.06090658580108809,0.12894674040492074,0.019613217033690095,0.008879259929538577,0.27461986064976673,0.1510050544752328,17,True,0.25328667286187145,0.27461986064976673,0.25328667286187145,0.7775589692795731
330,0.0,0.20029308007771573,0.0,0.0,0.0,0.17449424612795503,0.1072476393397317,0.31525139643005184,0.20271363802454556,0.0,88,True,0.3500626772379069,0.31525139643005184,0.3500626772379069,0.6538335022008511
331,0.15445509840912733,0.0,0.03807830717978896,0.20936576677577187,0.0,0.07941775985451774,0.12444306762355231,0.2873819470392597,0.0,0.10685805311798208,23,True,0.2914457820246669,0.2873819470392597,0.2914457820246669,0.7297932139476582
332,0.14665144151777704,0.2806331421938588,0.08636238560964497,0.0744283179770691,0.19092222505708725,0.0,0.0,0.11117885542004294,0.0015645318098799425,0.10825910041464001,11,True,0.2716507987427175,0.2806331421938588,0.2716507987427175,0.7063362685825363
333,0.0,0.1479089577876757,0.05962926927164455,0.13206083467118973,0.08665222058925044,0.17171199495007924,0.04091187717927859,0.0,0.2239865671894938,0.1371382783613879,25,True,0.2247600087029134,0.2239865671894938,0.2247600087029134,0.06422461168005957
334,0.03731224288539247,0.0,0.006426786712856508,0.23704436401039672,0.13686040158055188,0.015660983699614286,0.20938775277384544,0.18706490056954864,0.17024256776779392,0.0,39,True,0.290548814167021,0.23704436401039672,0.290548814167021,0.19475044832345864
335,0.05995637976604078,0.16751186453496375,0.03245678600008047,0.3563722600567691,0.03373743601320513,0.09356333591345532,0.0,0.043301073894442335,0.16048950205458695,0.052611361766456304,251,True,0.31623053932711104,0.3563722600567691,0.31623053932711104,1.8294048232351934
336,0.009920453721648766,0.04308102437863708,0.16605900541934948,0.08313500836091782,0.0,0.1454395744542563,0.13239570126047287,0.1768959240606565,0.14939954801029243,0.09367376033376877,69,True,0.1936746518243898,0.1768959240606565,0.1936746518243898,-0.4795784084587753
337,0.018066374551025305,0.30345569071077744,0.017402845226629427,0.0,0.041042161750531214,0.2798703057027371,0.0,0.11472454146974356,0.13175949944209678,0.09367858114645927,25,True,0.3347004912839893,0.30345569071077744,0.3347004912839893,1.0959365621088204
338,0.03759748756580458,0.16878261968049907,0.30346757838812277,0.0,0.0,0.16227171539093826,0.1576760685674484,0.0,0.05082378608482049,0.11938074432236655,16,True,0.3000373084667746,0.30346757838812277,0.3000373084667746,0.809069308803137
339,0.08578143497190077,0.0015387000498152485,0.1838628549755679,0.0760334061053921,0.11681194729004649,0.20469844132340537,0.05769702682149483,0.0,0.26587986368993555,0.0076963247724417365,17,True,0.2767204647513119,0.26587986368993555,0.2767204647513119,0.6146800079678947
340,0.1038157595496203,0.0,0.004574425962222019,0.3638046274947331,0.07198459536714713,0.16463659724483812,0.024745853712790453,0.006703111240413308,0.17336562268379188,0.08636940674444356,52,True,0.3370638484605893,0.3638046274947331,0.3370638484605893,1.5562461608629332
341,0.16572510559463646,0.06856702972720698,0.10014221582141523,0.09681845850653709,0.05355217709018701,0.13304780626549978,0.0635791090639717,0.0,0.18195051018193345,0.1366175877486123,17,True,0.16718473751337115,0.18195051018193345,0.16718473751337115,-0.20874952708582786
342,0.05468311806799749,0.125225043840875,0.2096051070134901,0.1684197057701287,0.25435648184244,0.05671083738320531,0.0033603325572240926,0.08498965049686698,0.0,0.04264972302777238,6,True,0.26064904280892587,0.25435648184244,0.26064904280892587,0.6484391312982586
343,0.012619858537071888,0.01578941627120725,0.014125267910651681,0.0174690159747428,0.11806904316493197,0.0,0.32272917007101093,0.16210809305262025,0.17194629270406503,0.16514384231369833,39,True,0.3195695893524936,0.32272917007101093,0.3195695893524936,0.9748196444344577
344,0.0,0.0,0.25586039186941617,0.23685833767570055,0.23435913240637665,0.06810828752610215,0.0,0.07023607743178241,0.0,0.13457777309062202,77,True,0.3227594113408771,0.25586039186941617,0.3227594113408771,0.5306249115528848
345,0.06465551871727401,0.0,0.10695923260297421,0.07133984928186698,0.1174531348615094,0.27029881097202335,0.0,0.10560312703537596,0.1256150774288642,0.1380752491001118,269,True,0.2314359874091088,0.27029881097202335,0.2314359874091088,0.8921275751124158
346,0.0,0.11810878262602943,0.004384209784028117,0.23001094556062318,0.06741023387355645,0.0,0.2647656825425267,0.21170219213785918,0.06481153383225716,0.038806419643119906,39,True,0.30338628589441113,0.2647656825425267,0.30338628589441113,0.6565124210363212
347,0.0,0.17103433846895197,0.1088829208749939,0.04893421235661317,0.18477644101901095,0.2560349934119123,0.025337008916217273,0.20500008495230038,0.0,0.0,15,True,0.29302908113548254,0.2560349934119123,0.29302908113548254,0.35406296680022953
348,0.08041729720263065,0.00427855565982017,0.08349383865752054,0.20458073093694704,0.15189626943174486,0.046569403068131295,0.0,0.08838568686966773,0.07483330166284055,0.2655449165106972,6,True,0.2539233853500601,0.2655449165106972,0.2539233853500601,0.8615011512444753
349,0.0,0.10714487327803746,0.0,0.13896805376311877,0.20158286600179265,0.25619756902402757,0.21558150309825064,0.08052513483477286,0.0,0.0,11,True,0.3000411170057418,0.25619756902402757,0.3000411170057418,0.34087577036060024
350,0.3308974338102283,0.0,0.0,0.0,0.0,0.14357795249523767,0.16564067967920298,0.0,0.24291789722924761,0.11696603678608346,17,True,0.3608804974852898,0.3308974338102283,0.3608804974852898,0.8457290429984334
351,0.0,0.0,0.04036335566294168,0.041480536019134664,0.14271716459327075,0.0664686197241381,0.3021170243656257,0.06419325559491537,0.2072015550886314,0.13545848895134222,98,True,0.29122681703772574,0.3021170243656257,0.29122681703772574,1.0802409408648648
352,0.016550999568717358,0.0,0.11701975266811447,0.25874686851156176,0.05094027249754164,0.0,0.3051023104434742,0.1724390848729247,0.07920071143766592,0.0,39,True,0.33557088960439324,0.3051023104434742,0.33557088960439324,0.9234497497993457
353,0.031803078123301,0.12566784277528867,0.0,0.1576930273873199,0.08644216424551404,0.0,0.23586748112397496,0.11767594717332296,0.16326013386661392,0.08159032530466444,69,True,0.22789280554750074,0.23586748112397496,0.22789280554750074,0.2058912597054061
354,0.09279180766490065,0.050766543571906214,0.06901135146076288,0.07369672183168191,0.11020996668633597,0.08078267236044222,0.0,0.13297023670194008,0.10383120597959322,0.28593949374243677,11,True,0.22422490747296783,0.28593949374243677,0.22422490747296783,1.7599435764022802
355,0.12559654146231222,0.12623622274413962,0.13536262529058551,0.0,0.1280947612638378,0.2217031800681744,0.003495787545567409,0.1431050726520688,0.0,0.11640580897331423,11,True,0.2227897621372942,0.2217031800681744,0.2227897621372942,-0.308725663967036
356,0.0407720527940547,0.10068841888960543,0.0,0.11141513171000043,0.1715850882534245,0.0,0.3376823136572807,0.21891980776873515,0.018937186926899184,0.0,39,True,0.34054241484954617,0.3376823136572807,0.34054241484954617,1.1144850430350641
357,0.11756098817537326,0.0,0.0,0.0,0.17010637506497128,0.07659298116614623,0.23810939196633826,0.05667605675078465,0.1750754621533005,0.16587874472308595,53,True,0.258260881460837,0.23810939196633826,0.258260881460837,0.13045157753415604
358,0.033785830676546995,0.08050755656044271,0.004238881127528764,0.02309089122540092,0.23152451575214977,0.30045786315727685,0.07088162528516055,0.1639491674729787,0.03374953279697332,0.05781413594554131,135,True,0.29738472542017086,0.2962189820297481,0.29738472542017086,1.2220245098162625
359,0.022928690746899,0.0,0.12608380818481066,0.06914048056640724,0.04313568871198868,0.12558937231546227,0.12996567742072015,0.256803200168301,0.10199218284174776,0.12436089904366324,23,True,0.21804503015165022,0.256803200168301,0.21804503015165022,0.8175865697829832
360,0.04295721105227398,0.21682757787464316,0.10143288014829394,0.20879519660318008,0.046720875985771695,0.0,0.08054180496614674,0.0,0.19022428317408904,0.11250017019560128,47,True,0.24546888318345117,0.21682757787464316,0.24546888318345117,0.3231297986046006
361,0.135130628667822,0.23271613647900763,0.0,0.13909737428009342,0.0,0.29067336523644566,0.0,0.0,0.0,0.20238249533663122,11,True,0.34236653777794207,0.29067336523644566,0.34236653777794207,0.5089124951471595
362,0.03481862332328635,0.2280026483507738,0.11125199879788222,0.1629034513038394,0.007603619991023067,0.09556439169041274,0.12053745272428747,0.06002673436744141,0.0,0.17929107945105338,68,True,0.22711281642226086,0.2280026483507738,0.22711281642226086,0.23211287320483556
363,0.0,0.09361146771071546,0.12875959047265065,0.08777483738521992,0.04885077134107834,0.0,0.314448448871379,0.15424715588501126,0.17230772833394542,0.0,39,True,0.29629870790149443,0.314448448871379,0.29629870790149443,1.050581734515331
364,0.14861034012539423,0.0,0.29469759448015215,0.2254521050247694,0.0,0.07710479244116386,0.02432964824470309,0.2202289349148508,0.009576584768966561,0.0,23,True,0.3389541747719682,0.29469759448015215,0.3389541747719682,0.6762841654205178
365,0.10245015461445635,0.049981836461740266,0.16688503334835736,0.07465235466858662,0.08020721099606642,0.0527452482226867,0.16986166115733087,0.0,0.28334731115637174,0.0198691893744036,17,True,0.2552773625544789,0.28334731115637174,0.2552773625544789,1.134867757642247
366,0.07757538124369802,0.17719661037361772,0.027933559192327748,0.22118151328922447,0.0,0.2468299759337008,0.0,0.0,0.09968621052248257,0.14959674944494855,17,True,0.28347784584571367,0.2468299759337008,0.28347784584571367,0.3525331470469387
367,0.0,0.17312360424429332,0.21899252886668727,0.030593327578025537,0.0,0.2865825918984465,0.06346672893964815,0.0,0.08096992721257759,0.14627129126032187,25,True,0.3049171841001425,0.2865825918984465,0.3049171841001425,0.6984793478875245
368,0.19423347875351787,0.007412687476811791,0.12256000714746369,0.19453938265522952,0.13020429708918918,0.029580078329105877,0.0,0.09095314544852168,0.0468306408270891,0.18368628227307118,83,True,0.22952667134167737,0.19453938265522952,0.22952667134167737,0.004007501872209642
369,0.010167855762848899,0.0849239231609471,0.09800025666647469,0.20507744053873894,0.0,0.11894252819043624,0.09368001456619138,0.11171654920842548,0.12817215808039045,0.14931927382554697,40,True,0.1819463384950129,0.20507744053873894,0.1819463384950129,-0.2600547175409338
370,0.0,0.054061440478508416,0.10330139629094147,0.3072959015848051,0.0,0.2192948163066591,0.01066027176449056,0.14374083624534145,0.13188744705632027,0.02975789027293374,0,True,0.3084958760424384,0.3072959015848051,0.3084958760424384,0.9662693096968237
371,0.1226534264293749,0.0,0.015743200903263695,0.24463681819336608,0.0941698624979269,0.0,0.21077658880883168,0.2596098283674553,0.05241027479978155,0.0,39,True,0.3139708863695082,0.2596098283674553,0.3139708863695082,0.5763344488312021
372,0.07152902027134286,0.214387692770853,0.08825493019151992,0.11957137040994222,0.0,0.010465715058021286,0.0,0.1021617212312401,0.18158082469232495,0.21204872537475572,17,True,0.24828921680777483,0.214387692770853,0.24828921680777483,0.17431296490747528
373,0.011893547769955071,0.17750024941727383,0.09294895324782161,0.07521061992578007,0.07680108329262061,0.20322731374860933,0.09543961810717749,0.0,0.0,0.26697861449076205,11,True,0.2711641366948864,0.26697861449076205,0.2711641366948864,0.6599657170062839
374,0.07231526942004894,0.15989012178760564,0.07917247086067981,0.08457764025464641,0.02322054754025526,0.18702813828434992,0.0,0.0,0.22079206883177097,0.17300374302064309,17,True,0.24169021019918158,0.22079206883177097,0.24169021019918158,0.14314975476338712
375,0.05550775427661974,0.019026795601584618,0.130663286606579,0.10510984753372161,0.08710823606956694,0.020936548448826177,0.18923416004635793,0.20583076918623566,0.12926268858955978,0.05731991364094874,39,True,0.19432080726636058,0.18680397358465103,0.19432080726636058,0.3867641813358922
376,0.02095391237463826,0.2060359979078274,0.0054817592729246726,0.15446495166676033,0.08186133937961193,0.26292737802704436,0.0,0.05194326276471466,0.03396291171308923,0.1823684868933892,11,True,0.2823496091505689,0.26292737802704436,0.2823496091505689,0.5821530723674504
377,0.0,0.08021941692695733,0.06902980065883262,0.2971586928606248,0.2730919781543206,0.012841854351153398,0.23759085725047907,0.03006739979763211,0.0,0.0,33,True,0.3627687454960235,0.2971586928606248,0.3627687454960235,0.8964861172432688
378,0.08432700881217316,0.2300773158018818,0.015571648323557124,0.13421446672551485,0.033864709626738494,0.01426499068740122,0.16324197708084717,0.09749962480446213,0.12080267690089852,0.10613558123652544,11,True,0.20412028747349373,0.21581232511448056,0.20412028747349373,0.431233523715264
379,0.10592752258024377,0.0,0.24691438591912973,0.20531738166865493,0.1690077971984759,0.021969674493732695,0.06679653614997891,0.11671443186433209,0.06735227012545195,0.0,11,True,0.25692264882338406,0.24691438591912973,0.25692264882338406,0.47012308311348167
380,0.0,0.3194903522288541,0.0,0.17349854255173713,0.0,0.07168572391999838,0.2706311547705527,0.038444492058480655,0.0,0.1262497344703771,68,True,0.35773295739244737,0.3194903522288541,0.35773295739244737,0.9584909033317202
381,0.0,0.07435864517820845,0.0,0.17549491090164407,0.17867954638720915,0.3996601500669108,0.08218935928987066,0.07359599527932172,0.016021392896835213,0.0,85,True,0.374713802849251,0.3996601500669108,0.374713802849251,1.7243020172891543
382,0.10117905661278441,0.045536103680457275,0.21092270291660883,0.0,0.10263751491272115,0.09528781324178841,0.08947350734008873,0.10707055290866396,0.1446884493253321,0.10320429906155507,16,True,0.16573725649297882,0.21092270291660883,0.16573725649297882,0.24019144643203064
383,0.09935814072375224,0.0,0.3217559897521175,0.08380337138530555,0.03245069924291868,0.0,0.20562061416876648,0.25701118472713963,0.0,0.0,23,True,0.3602909880254183,0.3217559897521175,0.3602909880254183,0.9334289306315985
384,0.0,0.04544289323221594,0.3571923021570635,0.12325489054012737,0.1092015500784289,0.0,0.013784165341872929,0.2543111661129365,0.0,0.09681303253735493,23,True,0.3619462384666271,0.3571923021570635,0.3619462384666271,1.3363343108849637
385,0.05705558043708036,0.0,0.007674093121878504,0.13897400098510346,0.03070721422231529,0.0195703902407754,0.0,0.12585563506596822,0.38582827350055093,0.2343348124263278,17,True,0.37890610831535915,0.38582827350055093,0.37890610831535915,1.5257279157530905
386,0.05723859091135829,0.022863131733157613,0.23508189440309335,0.014633532122238085,0.13842658240202643,0.26962824086386383,0.10576977963479543,0.09891036821013557,0.0,0.057447879719331366,16,True,0.2746064265730804,0.26962824086386383,0.2746064265730804,0.9355776226540503
387,0.0,0.10071648909152918,0.0,0.06372405186181405,0.2810541197350511,0.07104609359306864,0.24179843863733308,0.1487714021422277,0.09288940493897613,0.0,39,True,0.29575562237804454,0.2810541197350511,0.29575562237804454,0.8450589637081729
388,0.24317487806546936,0.0,0.08465512313909732,0.1512648699378807,0.0,0.10202606346908334,0.03317913611538071,0.06933289676073981,0.14175654478007121,0.17461048773227758,17,True,0.23681751573914367,0.24317487806546936,0.23681751573914367,0.34644975245692755
389,0.13976876125244905,0.03442424906526764,0.06298609354774697,0.05741672247401981,0.20167851478452065,0.0,0.23756020785812923,0.12997844197823225,0.11679760875896877,0.019389400280665863,39,True,0.23665452639501566,0.23756020785812923,0.23665452639501566,0.5135499695019485
390,0.0,0.00964821212978553,0.23203650355111846,0.0,0.0844801494269537,0.24898948996699416,0.12267050130948441,0.07941239539388874,0.17977282767194003,0.04298992054983504,16,True,0.28033457155783614,0.24898948996699416,0.28033457155783614,0.5435162281550979
391,0.27161484040114636,0.03441826490496888,0.11230106901320328,0.04944572890280857,0.09384421810115404,0.21519846979127888,0.0,0.0,0.1611574662431403,0.06201994264229964,17,True,0.27377174722062736,0.27161484040114636,0.27377174722062736,0.7945059120742811
392,0.166297898970182,0.0,0.0,0.20447809477739043,0.1718889126950152,0.11899906319973802,0.0,0.0721664160741937,0.10126535476715497,0.16490425951632573,17,True,0.23628147681804684,0.20447809477739043,0.23628147681804684,-0.2666269558432268
393,0.23879433768185104,0.19294572542286076,0.0,0.0,0.08153371485060577,0.20620382413155414,0.0,0.07955963518572422,0.09093515662277958,0.11002760610462442,11,True,0.26480854362670037,0.23879433768185104,0.26480854362670037,0.33522863145013315
394,0.0,0.0,0.08291623058842362,0.13414466871789235,0.10300013090630025,0.08535705135967334,0.2929020686148136,0.1343210934247731,0.10017082933407777,0.06718792705404583,39,True,0.24727906735694186,0.2929020686148136,0.24727906735694186,1.2933547720499585
395,0.11174245133159605,0.0,0.09058150638361995,0.028086274259206102,0.12890324919607,0.03700668669341373,0.2218829080259245,0.0,0.01689152565241604,0.3649053984577536,98,True,0.3494839973159442,0.3649053984577536,0.3494839973159442,1.5136248494127664
396,0.08666796209555513,0.17243164931181978,0.08518186702120761,0.12326450628434579,0.0,0.17482769016767266,0.040772554780022195,0.057436718704718684,0.21124899657538082,0.04816805505927727,16,True,0.20534482590864245,0.21124899657538082,0.20534482590864245,0.3285769111645883
397,0.14380744286505012,0.08547789917197333,0.0,0.20859808052599726,0.0,0.20629733337451497,0.06432955759203529,0.0,0.21805576223149406,0.07343392423893506,52,True,0.2667169838579452,0.21805576223149406,0.2667169838579452,0.22611383420581183
398,0.13041795776294923,0.15339869442059073,0.05320114698076088,0.12212684191874719,0.1329681984282382,0.1864715871948885,0.023309348775127917,0.0,0.016044941719973817,0.18206128279872352,135,True,0.21138732679085165,0.1864715871948885,0.21138732679085165,-0.28546404911476314
399,0.0,0.4135020702709718,0.015996927486281048,0.0395053813456604,0.307771012596024,0.08401159752893367,0.0,0.011137048344166062,0.01999789545233328,0.10807806697562962,11,True,0.43218780860399575,0.4135020702709718,0.43218780860399575,1.6606875096951392
400,0.0,0.0,0.1551332556222185,0.19287392233830292,0.05389270679785179,0.0,0.16266403166743076,0.21217711040047485,0.13537001670073734,0.08788895647298378,39,True,0.24839348669354372,0.21217711040047485,0.24839348669354372,-0.105018882634837
401,0.20440902830195837,0.066311765476427,0.16069246432292555,0.0,0.0,0.23665328815932243,0.0,0.0,0.20979670410712228,0.12213674963224423,17,True,0.2948545245433525,0.23665328815932243,0.2948545245433525,0.17699100535582693
402,0.05735890857973276,0.026788433917657877,0.10091409637777317,0.13899677776801145,0.1564618299915519,0.048346863225052,0.24953708319817436,0.08947058408397958,0.13212542285806694,0.0,39,True,0.21922594683034793,0.24953708319817436,0.21922594683034793,0.7144730571314344
403,0.0,0.08053819444387188,0.048589041984911,0.17221624992711643,0.021649958185657087,0.09007459415710753,0.07035594534040313,0.214322475312961,0.0,0.30225354064797183,85,True,0.298879860494998,0.30225354064797183,0.298879860494998,1.0524398474978784
404,0.2065086417355168,0.0,0.0,0.1472376715893712,0.16011380111855042,0.1645917117250507,0.0,0.0,0.16557713827340137,0.15597103555810948,17,True,0.26228679832503693,0.2065086417355168,0.26228679832503693,-0.3620943849733101
405,0.0,0.07872692865717783,0.18215539011033782,0.04819699651128576,0.09134377551666936,0.1608944127960715,0.32840457207722795,0.0,0.11027792433122977,0.0,16,True,0.3097465849132394,0.32840457207722795,0.3097465849132394,1.2047830539163065
406,0.3036080135788883,0.0,0.21339785500387848,0.06683316884317855,0.020778439418895695,0.0934087924950028,0.016603277430901182,0.0,0.19017156900719248,0.09519888422206266,17,True,0.31119738267614866,0.3036080135788883,0.31119738267614866,0.9354713638839723
407,0.0,0.1754182018121778,0.2346840627871293,0.130750448107665,0.12349515455664557,0.10565557232705906,0.1263139618125674,0.08664505053758041,0.017037548059175393,0.0,15,True,0.23045790824289344,0.2346840627871293,0.23045790824289344,0.11004098505068123
408,0.06642066000137092,0.0,0.1500192988494325,0.18951196839358894,0.0,0.16856820291335492,0.15407494948852024,0.05359488276669219,0.052650267741582865,0.16515976984545727,17,True,0.21888083764339458,0.18951196839358894,0.21888083764339458,-0.23045943514087314
409,0.053045373728290754,0.0,0.0,0.02266973517316611,0.17422354652156502,0.0,0.26385782877748315,0.0,0.08266426945141173,0.40353924634808325,98,True,0.4159084410343576,0.40353924634808325,0.4159084410343576,1.470113667554896
410,0.1931978895228801,0.0,0.12070842939160326,0.1750271279176344,0.04820905757578499,0.11494173808478977,0.01707274386297326,0.11944057045942158,0.0997007792758284,0.11170166390908422,17,True,0.18719294030124262,0.1931978895228801,0.18719294030124262,-0.26080769628165873
411,0.3351976796481703,0.2923646852189141,0.07410925780654241,0.0893491666929757,0.15386398400608298,0.0,0.0,0.0,0.05511522662731447,0.0,11,True,0.3715129379529632,0.3351976796481703,0.3715129379529632,1.1830058950132676
412,0.2640995833213765,0.12706395022231612,0.1438976191282947,0.10632163989188005,0.1669758732574888,0.05483361621215885,0.0,0.06826770752969204,0.068540010436793,0.0,17,True,0.2411442180433793,0.2640995833213765,0.2411442180433793,0.7137177354109019
413,0.037505583591429435,0.12900394898221273,0.13063557301521286,0.09720179851350971,0.07118886117176745,0.17434692804868776,0.03845043058134631,0.0,0.21016187303845144,0.11150500305738213,16,True,0.19521027047137768,0.21016187303845144,0.19521027047137768,0.15190035277310923
414,0.08434991330308005,0.0,0.0,0.38087560213188665,0.29888181600505065,0.0,0.0,0.20113713592905058,0.0,0.034755532630931917,137,True,0.42799014779576705,0.38087560213188665,0.42799014779576705,1.2330499105619388
415,0.0,0.17930050421154273,0.08826388154019757,0.0649309708474618,0.0879360785861237,0.17638109356228182,0.13398272429729519,0.0,0.10953362237327206,0.15967112458182497,16,True,0.19606659970311371,0.17930050421154273,0.19606659970311371,-0.42271439323624843
416,0.0,0.15346890633129145,0.27823845687214077,0.0,0.003379203118359803,0.16198949958567987,0.023539158541708863,0.06165556416426402,0.20773321764612346,0.10999599374043169,16,True,0.2946677281492989,0.27823845687214077,0.2946677281492989,0.5715372444932909
417,0.14889362015710308,0.06962589359070362,0.01112024257324309,0.27368132289044395,0.014353964945789804,0.0930883642027061,0.05457035165190947,0.0,0.24015441348648817,0.09451182650161283,17,True,0.28372210396877195,0.27368132289044395,0.28372210396877195,0.9287478798351785
418,0.0,0.0,0.38879145124888487,0.0,0.06994704545268114,0.2997397995968813,0.006045638571575861,0.19701042882055467,0.0,0.03846563630942212,16,True,0.431537475986313,0.38879145124888487,0.431537475986313,1.300862525303822
419,0.01086514173990398,0.17599266237358765,0.25029700361375506,0.0,0.005609299741455358,0.011596932575170988,0.15524057624034962,0.14908617665560525,0.2216926112495604,0.019619595810611887,16,True,0.2996078747709764,0.25029700361375506,0.2996078747709764,0.30167474875962413
420,0.0,0.26353322665836254,0.21175134076739416,0.09965314132562067,0.0,0.23030953539980423,0.08964044174632502,0.0,0.045726863135791225,0.0593854509667021,16,True,0.30152049538485615,0.26353322665836254,0.30152049538485615,0.6503032768399699
421,0.3265462007140682,0.04692843538947811,0.04547030514965385,0.11088936215823776,0.3012119621179437,0.014462169301161846,0.03641590266235294,0.09996270878327779,0.0,0.018112953723825913,39,True,0.35465932838373676,0.3265462007140682,0.35465932838373676,1.4316548096265438
422,0.12039344805928677,0.0,0.0926118010785663,0.10752622330224249,0.21511932026319366,0.10581567767789278,0.20470008928193198,0.14245909882978233,0.0,0.01137434150710347,39,True,0.2333083653908254,0.21511932026319366,0.2333083653908254,0.01845002244433828
423,0.1263721306099441,0.3388579939896276,0.06372913194646969,0.2025942950394157,0.049535158217230965,0.0,0.005222474629049293,0.21368881556826252,0.0,0.0,11,True,0.3521994068231288,0.3388579939896276,0.3521994068231288,1.0444125434560783
424,0.0,0.025614264825895593,0.32185913907095787,0.14272331017767032,0.19824072435182807,0.0,0.14644355827108443,0.16511900330256365,0.0,0.0,23,True,0.33560203371911623,0.32185913907095787,0.33560203371911623,0.7848622416617914
425,0.03588770893366526,0.30754997948503177,0.07776872039214196,0.01744510676132793,0.0,0.2021943451899738,0.0,0.12514406074785359,0.08236854103118552,0.15164153745882017,25,True,0.2975744356574365,0.30754997948503177,0.2975744356574365,1.041574171487889
426,0.21033151274808393,0.05169715958631071,0.09732728140443635,0.11606688578645374,0.0875953587683848,0.11121188815925276,0.0,0.02415384214406805,0.12973072267895086,0.17188534872405872,17,True,0.19197691474434317,0.21033151274808393,0.19197691474434317,0.10358122436939693
427,0.0,0.0,0.015426013502605244,0.0,0.13464289871838184,0.0,0.2661276688746708,0.25797169890267524,0.23853630779120752,0.08729541221045936,16,True,0.3467853295209093,0.2661276688746708,0.3467853295209093,0.5953028830384419
428,0.026837141993013597,0.0,0.0,0.0829980776253239,0.27342988847176136,0.0,0.19676726967258232,0.24233290160548504,0.17763472063183375,0.0,39,True,0.33372069845668606,0.27342988847176136,0.33372069845668606,0.5122965345872773
429,0.0,0.02746666195248679,0.06160265211487414,0.14097227122736825,0.1213513304088869,0.0,0.47476838710311375,0.046319246961170825,0.1275194502320993,0.0,39,True,0.4277386294601492,0.47476838710311375,0.4277386294601492,2.3548273498542778
430,0.40574753706331473,0.0,0.0,0.21309193713729999,0.0,0.20286164128737244,0.0,0.0,0.12954252027451266,0.04875636423750005,17,True,0.4127354244845139,0.40574753706331473,0.4127354244845139,1.3871341505794854
431,0.0,0.19934927087858353,0.17910436170218488,0.0,0.17172981477923102,0.06790812698724484,0.05534052747213922,0.0,0.0,0.32656789818061654,11,True,0.34004457542886174,0.32656789818061654,0.34004457542886174,0.892015543647602
432,0.1633307464163831,0.0,0.1203127509247204,0.22670739662044992,0.0,0.07189114152771664,0.11283717610266995,0.1860398963684477,0.08057088284457047,0.03831000919504162,53,True,0.2302586936275637,0.22670739662044992,0.2302586936275637,0.20623215490969796
433,0.021038972932924945,0.0,0.0,0.0,0.20841694016372767,0.0,0.23948677241279603,0.1493531220246555,0.21723478985835318,0.16446940260754286,98,True,0.31270060260155885,0.23948677241279603,0.31270060260155885,0.18340388785837003
434,0.07807326037807794,0.20000384848335187,0.0978411670365769,0.0,0.02065609914265852,0.18340930753265933,0.12624608707386253,0.13233519905338859,0.017045991118518247,0.14438904018090593,16,True,0.21053492829037224,0.20000384848335187,0.21053492829037224,-0.14512223978458502
435,0.0,0.3161837806647048,0.0,0.0728855940149221,0.0,0.25939815545895806,0.10757054304397791,0.0,0.2439619268174371,0.0,68,True,0.37902604065300954,0.3161837806647048,0.37902604065300954,0.8345213947498598
436,0.08751732517970601,0.1199606846239853,0.38107964297496505,0.0,0.07150268252517741,0.03742541632571878,0.20770779620952232,0.07977152123060004,0.0,0.01503493093032493,16,True,0.3514497277011071,0.38107964297496505,0.3514497277011071,1.7771802511627781
437,0.2138819366302816,0.1628911712282708,0.12094370386953184,0.0,0.08692605735441139,0.09218612071530442,0.10674263697652676,0.08908791016727859,0.0942148526016832,0.03312561045671146,11,True,0.1796251850153538,0.2138819366302816,0.1796251850153538,0.27946403036715856
438,0.12284978716024987,0.22386596282253202,0.0,0.1442720298665319,0.0,0.12420491891046796,0.0,0.06973220210098598,0.12994490093157363,0.18513019820765864,68,True,0.23973061459796824,0.22386596282253202,0.23973061459796824,-0.10086928052934482
439,0.0787522106239213,0.0,0.1516618099008903,0.0,0.00597912345069982,0.08067783204421676,0.06399000199750939,0.22484729278140747,0.2513075086107184,0.1427842205906367,17,True,0.2719222328566256,0.2513075086107184,0.2719222328566256,0.5094580290226136
440,0.09361118701625913,0.10904503639987258,0.11350686459652198,0.04882185476557685,0.3717798739436707,0.14895350045713845,0.0,0.05608495656884971,0.05819672625211062,0.0,15,True,0.3207195930702178,0.3717798739436707,0.3207195930702178,2.035109803047498
441,0.09586773961063502,0.06661884036519641,0.10121907128740912,0.004668750476424723,0.06682306136511479,0.0,0.18484173183809213,0.4017711218545645,0.029481804411276492,0.04870787879128673,39,True,0.35663601469289463,0.4017711218545645,0.35663601469289463,2.1218424248037513
442,0.21562120920726244,0.059438759142486926,0.2760549930356837,0.06636406900150092,0.062267185002347056,0.08341858907977096,0.08439748951623961,0.0,0.0,0.15243770601470846,11,True,0.26801506406658304,0.2760549930356837,0.26801506406658304,0.9699988200563311
443,0.0,0.2294180088309951,0.07711341086541992,0.29436124117314355,0.06699779208367855,0.1433290804024397,0.13943622637222963,0.0,0.0,0.04934424027209356,68,True,0.30354058364957687,0.29436124117314355,0.30354058364957687,0.8681530036952808
444,0.0,0.0,0.18351273486094125,0.0,0.0,0.0,0.10927194518079295,0.2796341643048256,0.18734472725359425,0.24023642839984585,106,True,0.34150276143280667,0.2796341643048256,0.34150276143280667,0.4523304487670981
445,0.04224933397537096,0.0,0.17566322832566522,0.1315088648282556,0.046363399426683244,0.016953115331497202,0.29175003594744003,0.21228599477782065,0.05411951470353786,0.029106512683729328,39,True,0.29382591524219037,0.29175003594744003,0.29382591524219037,0.9694500779637039
446,0.027763184142776214,0.0,0.2482723978091929,0.0,0.09016531062609527,0.24864989256827955,0.1271172904335951,0.0,0.15083783286017866,0.10719409155988234,16,True,0.28769421411747514,0.24864989256827955,0.28769421411747514,0.5225680783489167
447,0.0,0.0,0.0,0.0,0.12892797491008298,0.0,0.2203762570699249,0.11174151149677972,0.31611097793830467,0.22284327858490766,98,True,0.35673457916177914,0.31611097793830467,0.35673457916177914,0.7200609637740735
448,0.0716291551773024,0.024590899483283423,0.1834956355092437,0.0,0.17485262088030418,0.09183675358580728,0.0,0.07535949408781298,0.26834515935858977,0.10989028191765614,17,True,0.2611083620988496,0.26834515935858977,0.2611083620988496,0.6964656527951418
449,0.0,0.018131109682846456,0.06808357816631165,0.0,0.22121296457303505,0.015037083298757602,0.13736607081171323,0.16591568271555346,0.15261780429742625,0.22163570645435635,98,True,0.27006930975009036,0.22163570645435635,0.27006930975009036,0.16567160606539885
450,0.18169405108947956,0.0,0.020625911785421395,0.16785518087676488,0.008203539880428368,0.13437762071545675,0.0,0.09383720841271306,0.19559273652573078,0.1978137507140052,17,True,0.2567691208791124,0.1978137507140052,0.2567691208791124,-0.1254232455188128
451,0.09136618114117402,0.14335570841966602,0.034630638707599075,0.14743031592712333,0.0,0.0,0.1176671170259432,0.0,0.2689064271745552,0.1966436116039391,17,True,0.2768727945720128,0.2689064271745552,0.2768727945720128,0.4655869931825035
452,0.2321781108023061,0.4078383632799075,0.09831805890642345,0.0,0.0,0.11023688293731254,0.0,0.12399496412511576,0.0,0.027433619948934496,11,True,0.3977244918248244,0.4078383632799075,0.3977244918248244,1.6161467676201213
453,0.2732302256558286,0.05284199405551355,0.18032956637525277,0.04983742711398014,0.0,0.06927562718950975,0.17227036805956145,0.017512660363925105,0.10348335898668153,0.08121877219974707,17,True,0.25404278035367517,0.2732302256558286,0.25404278035367517,0.9758024405216142
454,0.0,0.36208861518580127,0.09672822604274008,0.12518857208970402,0.0,0.0,0.19060247575143702,0.008565213435467652,0.17440952580828073,0.04241737168656929,55,True,0.3532099606461345,0.36208861518580127,0.3532099606461345,1.2951712128152957
455,0.13404200912697878,0.0,0.10939549516927333,0.15091356536875875,0.10782299564406712,0.1469697533533774,0.0,0.011408827934626584,0.22852604566433415,0.11092130773858372,17,True,0.22492953783153555,0.22852604566433415,0.22492953783153555,-0.09705343753280676
456,0.21563524370789183,0.09900599207738708,0.1491836941448463,0.0,0.1581061496154065,0.17701328866648877,0.0,0.1675433037876818,0.0,0.0335123280002977,11,True,0.2531434634307561,0.21563524370789183,0.2531434634307561,-0.15433553131242836
457,0.0,0.0,0.060600394547971656,0.2859305356629734,0.1478467211942736,0.0,0.1084889235872117,0.25285815568132863,0.14427526932624107,0.0,39,True,0.3221952494786605,0.2859305356629734,0.3221952494786605,0.6878475782036799
458,0.0,0.24300487187005085,0.0480349578228843,0.2448607032105874,0.09722358144878207,0.18829097267580203,0.0,0.13428860125009806,0.04429631172179532,0.0,25,True,0.2936273075536391,0.2448607032105874,0.2936273075536391,0.5006384196515564
459,0.16259666231853923,0.10916854237269308,0.014525085853811714,0.0,0.20734478961386826,0.0,0.22373580522239536,0.11305383859208483,0.0945789233107151,0.07499635271589239,39,True,0.24283078831607605,0.22373580522239536,0.24283078831607605,0.19363923334203442
460,0.1771977667421661,0.061431958037025676,0.21899562830139133,0.10538763938173393,0.034477601944954514,0.0,0.12091872748307574,0.27846876887183614,0.0,0.0031219092378165013,23,True,0.2959784096898554,0.27846876887183614,0.2959784096898554,0.6639656976640304
461,0.009177108593897153,0.030672220587027822,0.300544559883947,0.15506336418104175,0.06261167669339555,0.0,0.1645701714317281,0.10388730125276109,0.0942067482350107,0.0792668491411907,23,True,0.2689813438803087,0.300544559883947,0.2689813438803087,1.225135673724028
462,0.0114761319377889,0.0,0.0,0.06316323138319184,0.11569978767456911,0.34757547023557256,0.2531650958772746,0.16576277903169406,0.0,0.043157503859908894,16,True,0.36297228351861505,0.34757547023557256,0.36297228351861505,1.1863641893274162
463,0.14305164368973144,0.03882529855017563,0.2088027645538872,0.0,0.10721381272064465,0.058518600141982326,0.010236552304550993,0.08426481112768675,0.16799414524173684,0.1810923716696041,16,True,0.22070528893924862,0.2088027645538872,0.22070528893924862,0.06568710335028463
464,0.18496028107827922,0.17421791932407998,0.12172532873537116,0.08588732674318716,0.05716297290197296,0.029260318026536863,0.0948942854658724,0.14370330541756682,0.0044921263564105685,0.10369613595072286,11,True,0.17694146612742975,0.18046815472186864,0.17694146612742975,-0.1292134806230169
465,0.04081519537998507,0.029811637795711145,0.20121661988443493,0.0,0.13471857926280997,0.24720347989363292,0.05328469003869827,0.02406093968769191,0.22499788307292712,0.04389097498410877,16,True,0.2797678505356309,0.24720347989363292,0.2797678505356309,0.6767823964953045
466,0.22658932100630538,0.197896217594805,0.08820359185945603,0.0,0.10977931617843548,0.0,0.052394183079914516,0.1278553489865012,0.0,0.1972820212945824,11,True,0.2614370704798594,0.22658932100630538,0.2614370704798594,0.16798351475525775
467,0.23108329241264502,0.23330754786944338,0.1123704683201365,0.17161923482176347,0.07104315332594016,0.0,0.0,0.10167150191983582,0.01607810391273595,0.06282669741749965,11,True,0.2636325228558913,0.23330754786944338,0.2636325228558913,0.4756173864610813
468,0.1550665757570701,0.006914602164443528,0.15781928286516422,0.007259304708063728,0.0,0.0395970530819561,0.10777719200092263,0.019225476759983953,0.36716827071877917,0.1391722419436164,17,True,0.34174259146950625,0.36716827071877917,0.34174259146950625,1.51642702934061
469,0.0,0.35018831142838674,0.0,0.03276117923631189,0.0,0.4770784196380891,0.024722086232154526,0.024657141303758137,0.0,0.09059286216129955,25,True,0.5106223552195056,0.4770784196380891,0.5106223552195056,1.8059559465371107
470,0.0,0.0,0.0,0.09800974799957908,0.20037591175759858,0.0,0.20636899270733258,0.1352049298546041,0.14685428347812066,0.21318613420276505,98,True,0.2786385818867319,0.21318613420276505,0.2786385818867319,-0.03270278595444082
471,0.12402605054874485,0.0,0.1295538523669214,0.02952282775187223,0.08944728925939088,0.04153422735328146,0.0,0.0,0.4069839446858127,0.1789318080339765,17,True,0.3747221530578574,0.4069839446858127,0.3747221530578574,1.8466090307274823
472,0.05552856468085628,0.10468924476748355,0.1815021021044324,0.1463490999693646,0.10881180538545723,0.0,0.13070889737520192,0.11403246446643235,0.1583778212507716,0.0,39,True,0.18819164077181066,0.1815021021044324,0.18819164077181066,-0.6839094495561759
473,0.19605626306196733,0.06691515463744246,0.07527982389953043,0.1623229082884084,0.04611465509601938,0.052282444162639836,0.06696436250839852,0.0,0.17708855746186178,0.15697583088373185,17,True,0.2006925124200931,0.19605626306196733,0.2006925124200931,0.19435328276977817
474,0.06483362042963214,0.19598280718608632,0.042568742120055375,0.06070744733009038,0.08458582045374147,0.17586858458776183,0.0,0.09764745892419872,0.06713826976063901,0.2106672492077947,40,True,0.2112295776492762,0.2106672492077947,0.2112295776492762,0.5346050821168901
475,0.10226643858772576,0.08041337384377727,0.08059491029611385,0.14155110915926383,0.161515133733698,0.15971297581941052,0.0,0.22947380228253578,0.0,0.04447225627747501,11,True,0.22290888678276674,0.22947380228253578,0.22290888678276674,0.16990905546817797
476,0.19348450670751,0.06319294208924214,0.05181212111679859,0.0,0.2280672232920059,0.01083688525768779,0.33358554124204476,0.04275634763881136,0.06699306182342171,0.00927137083247786,39,True,0.3375316900993557,0.33358554124204476,0.3375316900993557,1.250324861689389
477,0.107574630141395,0.060296790375433625,0.2787828187873302,0.20246883688117698,0.018375359856961634,0.1943258289048843,0.07027213510407272,0.06790359994874536,0.0,0.0,0,True,0.285605930306411,0.2787828187873302,0.285605930306411,0.7990797896552903
478,0.09235826458874447,0.06786944683426337,0.013750706759715198,0.06177657788461141,0.06048646214655082,0.023464622889293376,0.2915144962528277,0.29183318197756714,0.0969462406664265,0.0,39,True,0.31764259821589713,0.29183318197756714,0.31764259821589713,1.3856866784459607
479,0.17693233374968995,0.13467390767792276,0.02845814878865593,0.06496813340522657,0.2042189864876168,0.16522477867082044,0.08131396055018675,0.14420975066988084,0.0,0.0,11,True,0.2255789684865756,0.2042189864876168,0.2255789684865756,-0.13812115661466084
480,0.17024262870915247,0.06896075460010978,0.16039267666012313,0.0,0.22742621268607413,0.0617650565229559,0.1371888819201948,0.14101001151098597,0.010887704657325914,0.022126072733078008,23,True,0.23305422401486142,0.22742621268607413,0.23305422401486142,0.14535025409568586
481,0.13385915427628237,0.18542282210688701,0.09444204626867135,0.0,0.11241337396949033,0.16280477965887383,0.120882764350194,0.02146533926231106,0.0342851389301542,0.13442458117713588,40,True,0.18622621043971133,0.18542282210688701,0.18622621043971133,-0.46836843034742714
482,0.008605880645267908,0.1866313829949894,0.06860480341918546,0.0,0.0,0.116142566630571,0.23054495733074934,0.03348380756246465,0.1720951587835219,0.18389144263325022,69,True,0.26609396499358173,0.23054495733074934,0.26609396499358173,0.15039268268559097
483,0.15774076468701873,0.08138703678534283,0.15571173542566247,0.0,0.14794177864360497,0.2195497969787307,0.1457129109109326,0.0,0.08087389686406699,0.011082079704640478,16,True,0.23181173064007812,0.2195497969787307,0.23181173064007812,-0.1314646147949163
484,0.06855403680731582,0.3262314550372486,0.12302736427816907,0.0,0.0,0.32356385340306404,0.11515453807402155,0.0,0.0,0.04346875240018089,469,True,0.3822381690554222,0.3262314550372486,0.3822381690554222,1.2460212248538767
485,0.17422190206742863,0.07841077618441664,0.05916616702264379,0.21170337686603877,0.09983075832841494,0.21399821930594345,0.13083502172276548,0.01857123837805984,0.0,0.013262540124288532,85,True,0.24128921034238443,0.21399821930594345,0.24128921034238443,0.2783766801481708
486,0.23931578508954185,0.14247147708193134,0.23180192940101368,0.09484068565781158,0.08878787780523334,0.06159086960401877,0.0,0.14119137536044937,0.0,0.0,11,True,0.2681581321625713,0.23931578508954185,0.2681581321625713,0.4048697007481213
487,0.1865482151517141,0.0,0.007123004846203074,0.2665382569369441,0.07446927706406287,0.12291436960760775,0.06459393655934964,0.040414623084658485,0.2196345365732984,0.017763780176161467,17,True,0.28444301996887933,0.2665382569369441,0.28444301996887933,0.7107131121463778
488,0.09891681122220429,0.09064154415350638,0.0,0.2478363578598316,0.20890699400515408,0.0,0.05684558224501144,0.10120427619439223,0.01371038298478653,0.18193805133511354,40,True,0.2642509647218158,0.2478363578598316,0.2642509647218158,0.4774204477045053
489,0.1354013500409394,0.03992552712165206,0.025692364115148175,0.14884244876789657,0.08303542863150166,0.08467514762189207,0.2022669606653341,0.206527288737874,0.07363348429776187,0.0,39,True,0.2139949598722928,0.206527288737874,0.2139949598722928,0.30055020470421207
490,0.0,0.01002293363338203,0.3787340969085027,0.0,0.08211543012483212,0.11897925365711941,0.1760888912899008,0.13001086068756737,0.0,0.10404853369869561,270,True,0.35096324725302336,0.3787340969085027,0.35096324725302336,1.5957585065590802
491,0.2749148381593648,0.09799544405345835,0.07087449279370732,0.2002361931199323,0.05837898694215477,0.005119191086842037,0.011396222398213458,0.0,0.12004766908481972,0.1610369623615072,17,True,0.2724105986877119,0.2749148381593648,0.2724105986877119,0.7322955587176544
492,0.03651670168442552,0.0,0.052277311304314525,0.1792141586400799,0.19967368325610707,0.020732382102332185,0.138931051930525,0.29533617137379686,0.07731853970841891,0.0,39,True,0.2983068232269987,0.29533617137379686,0.2983068232269987,0.8653088976389689
493,0.05854248213208767,0.17203621028480007,0.03567046243090151,0.0,0.023557019571318106,0.0,0.26907212926099316,0.13589895802024818,0.0,0.30522273829965135,98,True,0.3447901571037532,0.30522273829965135,0.3447901571037532,0.9251448799613049
494,0.0,0.20669796968405496,0.0,0.0,0.039117813128525365,0.12419914946383621,0.15761625780642524,0.0,0.0997691767515853,0.37259963316557293,16,True,0.3651122330088642,0.37259963316557293,0.3651122330088642,1.344574307595943
495,0.022576595506115727,0.12245631281838328,0.0,0.11787019761245618,0.006148836221452124,0.12844136206604498,0.19474691102501662,0.036181752589076716,0.28245214028945204,0.08912589187200236,69,True,0.26998470531764224,0.28245214028945204,0.26998470531764224,0.8407607401526659
496,0.012853850890395892,0.020679171173141626,0.048458673036776645,0.23894857645317832,0.09180639899587575,0.2571334975140626,0.20115724384788222,0.05995378634361811,0.06900880174506868,0.0,312,True,0.2887983261598194,0.2571334975140626,0.2887983261598194,0.8103690281129273
497,0.16312924176845095,0.21213244338342818,0.11753911078292756,0.013450509692740968,0.13686502073973245,0.0,0.14562141131170442,0.21126226232101547,0.0,0.0,23,True,0.2649095216218218,0.21213244338342818,0.2649095216218218,-0.09259184111610023
498,0.26836641565029,0.0523833889548115,0.024624189973604927,0.04210635103250773,0.36678241687247315,0.23966090973573143,0.00607632778058132,0.0,0.0,0.0,11,True,0.41127540986299244,0.36678241687247315,0.41127540986299244,1.1819149996197948
499,0.030559197597259065,0.1480570087685098,0.0,0.0,0.04195921382788563,0.08041292540415189,0.29505148440821105,0.09368359684309743,0.16838795532734638,0.1418886178235388,69,True,0.27459139596229576,0.29505148440821105,0.27459139596229576,0.9756926353273553
500,0.23538298749725864,0.0,0.06422574749356316,0.16347248810042755,0.26025356827391055,0.028839956055458155,0.0,0.0,0.14584110844676154,0.10198414413262048,17,True,0.2940874176873484,0.26025356827391055,0.2940874176873484,0.5223361742507234
501,0.1974278379205089,0.028864265588567084,0.0,0.0,0.13551140223562771,0.4421257205116649,0.031824460425487255,0.16424631331814424,0.0,0.0,11,True,0.42619131573477,0.4421257205116649,0.42619131573477,1.7731398827815639
502,0.021270923273659644,0.42976228234623565,0.0,0.2787944865454916,0.051473545645815695,0.0740674581788949,0.01518916019268142,0.12944214381722113,0.0,0.0,11,True,0.43358497515287026,0.42976228234623565,0.43358497515287026,1.7192574644857743
503,0.0,0.0,0.27933805272697476,0.0367601263731782,0.11958667652876055,0.2927446550864969,0.09994410838511875,0.16746574659262492,0.004160634306845867,0.0,418,True,0.3426840714677786,0.2927446550864969,0.3426840714677786,0.848906597952149
504,0.12135443269944131,0.168324683361844,0.0,0.0,0.22797764399752213,0.1938477949948283,0.12735382425167985,0.09239899042155977,0.021765761602754802,0.04697686867037001,11,True,0.2450469663194355,0.22797764399752213,0.2450469663194355,0.16397515282580008
505,0.10704393132890772,0.0,0.03364307014412827,0.08082236339936276,0.1690799454168892,0.14488082083158066,0.0018561032084228799,0.0,0.1270068923139264,0.3356668733567821,17,True,0.3122618127453623,0.3356668733567821,0.3122618127453623,1.2666156533141522
506,0.07056619905448218,0.2351080619968567,0.21729734680085577,0.15639559698928973,0.08943207107702214,0.006972876768561777,0.1372572172510171,0.08697063006191463,0.0,0.0,23,True,0.2576494895738331,0.2351080619968567,0.2576494895738331,0.3238945134033866
507,0.010998198637481303,0.15603994679428776,0.06858881791624231,0.19582279373900374,0.14940333811064946,0.0,0.2237563167235763,0.19539058807875928,0.0,0.0,39,True,0.27943898525760374,0.2237563167235763,0.27943898525760374,0.035026606817322864
508,0.0,0.0,0.0,0.0,0.24704817977526006,0.02676748683476063,0.0,0.16290215184177417,0.21983079520645357,0.3434513863417516,40,True,0.39315498961296624,0.3434513863417516,0.39315498961296624,0.875355842726344
509,0.0,0.0,0.0,0.2759642838102884,0.11682851342453987,0.0,0.2195001300107652,0.1344842732916345,0.0,0.2532227994627721,133,True,0.3466890544756186,0.2759642838102884,0.3466890544756186,0.5217795386548222
510,0.06744696418587583,0.12291174753897714,0.19923447887442441,0.13757974351394928,0.11614400487115162,0.09451212881174917,0.0,0.015357181968037075,0.022160657124930185,0.22465309311090514,16,True,0.22780885940903953,0.22465309311090514,0.22780885940903953,0.27618431592495
511,0.01376897721356997,0.09486206091857231,0.088471774456011,0.10575073706818958,0.03869782222342792,0.04788755526980783,0.09883937878723915,0.11105106347469328,0.1345521449807437,0.2661184856077453,98,True,0.20739936739206516,0.25234950839417536,0.20739936739206516,1.5183515303081816
512,0.0,0.0997024173604141,0.09438295092196017,0.11187789275798853,0.16887189388927656,0.3911743445497849,0.0,0.052022160462649465,0.08196834005792622,0.0,237,True,0.3497507321950502,0.3911743445497849,0.3497507321950502,1.9194072053458688
513,0.0,0.06451477528897377,0.23752632632970166,0.07208119551743082,0.0785726436717768,0.12485231787794608,0.06056000496283989,0.23431786309238267,0.030948538255920224,0.09662633500302815,23,True,0.23749780649963034,0.23752632632970166,0.23749780649963034,1.0001422137424145
514,0.23669066455050822,0.07056763306061875,0.0,0.2274474914681507,0.0,0.3051755737948117,0.0,0.0,0.0392030713381695,0.12091556578774107,17,True,0.34931963670741667,0.3051755737948117,0.34931963670741667,0.7935661862603884
515,0.24596731643818032,0.13341096546498526,0.0,0.0,0.1425456287462615,0.1365085035844243,0.08467720411515539,0.01017767534589118,0.2380020794959045,0.008710626809197462,11,True,0.28503844148397817,0.24596731643818032,0.28503844148397817,0.39059155068778734
516,0.216970328141382,0.0,0.05956730227211259,0.20277186486054377,0.13335561979322455,0.16977305461649153,0.08345284138296752,0.0,0.013860410150342454,0.1202485787829355,17,True,0.2448747348763658,0.216970328141382,0.2448747348763658,0.09223992109039808
517,0.17582633575789672,0.05748033290561639,0.32046963599622685,0.05592155273631382,0.0,0.19045501688867222,0.08541591093521554,0.005084230893563303,0.10934698388649508,0.0,17,True,0.30919007141367455,0.32046963599622685,0.30919007141367455,1.1256466108781207
518,0.0,0.0,0.10356336207784952,0.20451850124204732,0.07477630567876478,0.0,0.11395828056957422,0.11374785316865711,0.17263179653886548,0.2168039007242415,45,True,0.24672943797297545,0.2168039007242415,0.24672943797297545,0.0269197402322133
519,0.1629561848918475,0.08878850712996159,0.0,0.13614392559422078,0.22946570672420796,0.11292343158851499,0.0,0.10072695495616402,0.12374639831804429,0.0452488907970389,11,True,0.2142102945776316,0.22946570672420796,0.2142102945776316,0.12085571057982337
520,0.06407250401755944,0.34903885733301215,0.10019892627341058,0.059683702740746115,0.0,0.22130144255544593,0.0018996371507847773,0.15304308458996774,0.05076184533907321,0.0,68,True,0.3383966115079628,0.34903885733301215,0.3383966115079628,1.37457886936537
521,0.13177449580614597,0.06974645420648197,0.13548730002236611,0.044712555678553915,0.0,0.12260697530174927,0.07450837801621228,0.31040136561844217,0.033352805703141364,0.07740966964690685,23,True,0.25811383126473175,0.31040136561844217,0.25811383126473175,1.718770345440636
522,0.044580950303659175,0.07265385548526428,0.20139303551660742,0.0,0.0,0.27901650296495195,0.0,0.0,0.18534289212030872,0.21701276360920851,109,True,0.32729487432140175,0.27901650296495195,0.32729487432140175,0.5147218309196744
523,0.20929991129034745,0.1710870376865451,0.053369674240159204,0.10230855410559649,0.17176743179648082,0.0804515484390861,0.05921807464308223,0.08690426464887342,0.0,0.0655935031498293,11,True,0.19424399915685975,0.20929991129034745,0.19424399915685975,0.4169921062508184
524,0.15676879014624365,0.04452702095601147,0.15528457838203202,0.08583997856229064,0.026989088221686105,0.1671537016757715,0.053461232088144114,0.0,0.14057480681115603,0.16940080315666445,17,True,0.1950017794417375,0.16940080315666445,0.1950017794417375,-0.3073340465524836
525,0.0,0.22279657449174387,0.0,0.07967608117869779,0.08724488875990562,0.0,0.20282112611872452,0.16211961398891292,0.03919027357896977,0.20615144188304535,98,True,0.2739557174172731,0.22279657449174387,0.2739557174172731,0.20777305568617482
526,0.07534852421012721,0.0,0.03305101504651007,0.07200829186292512,0.1397394647719271,0.022047923387535563,0.40754341516043163,0.1501684975505676,0.10009286800997552,0.0,39,True,0.3614263242452014,0.40754341516043163,0.3614263242452014,2.1021905763885678
527,0.0,0.2333315597953593,0.25624221593799584,0.022188504587980423,0.05087932043432999,0.12879796407537247,0.0,0.0,0.0,0.30856043516896203,25,True,0.367400575272658,0.30856043516896203,0.367400575272658,0.8083687909102236
528,0.07727398427776619,0.21360900655631052,0.13086274837588763,0.0,0.219374434918488,0.07361146293485894,0.0,0.021582295062234136,0.14330379327425202,0.12038227460020261,25,True,0.24033849062666338,0.219374434918488,0.24033849062666338,0.20913100506854632
529,0.1522167408000644,0.020334148801866316,0.19950672581604467,0.0,0.11415916792570835,0.12090657297293354,0.16740900026433542,0.021026517607234514,0.2044411258118127,0.0,16,True,0.24759063830862282,0.2044411258118127,0.24759063830862282,-0.1020384304063846
530,0.23449467612352543,0.0,0.0380590705260345,0.1507888401933997,0.019687001750063535,0.12078266381419038,0.0,0.050708819253795265,0.22283508493160656,0.16264384340738458,17,True,0.26986928214846606,0.23449467612352543,0.26986928214846606,0.3427890235246002
531,0.22146290515376615,0.038592936522432716,0.0,0.0,0.34452139448453134,0.058164761005452446,0.0,0.3372580028338173,0.0,0.0,11,True,0.4316900789506439,0.34452139448453134,0.4316900789506439,1.140309260211213
532,0.15270486745611475,0.0551528611343843,0.14587290303732856,0.16734711685479098,0.0,0.08382014912416326,0.1696066773227328,0.0,0.11963172927594803,0.10586369579453732,17,True,0.19223863067743124,0.1696066773227328,0.19223863067743124,-0.6339564783375
533,0.2404860235734779,0.1778138041389378,0.10408757523061196,0.05956782063668678,0.13638438902538447,0.18778990176828064,0.020177872602016728,0.0,0.012684551135803841,0.06100806188879993,11,True,0.24897711103832873,0.2404860235734779,0.24897711103832873,0.4055204386031998
534,0.21933637888122978,0.0,0.1249912421564872,0.10088709785070302,0.1819239391571739,0.0871038830262141,0.0,0.04510498668971854,0.1927181533874786,0.047934318850994806,17,True,0.23678115570937036,0.21933637888122978,0.23678115570937036,0.21279041425393141
535,0.009301709102872813,0.02566917802861046,0.17694263907954977,0.07969189330933774,0.007809771253842046,0.5543490038477421,0.0,0.11402520749419327,0.0,0.032210597883851735,11,True,0.5097136500337341,0.5543490038477421,0.5097136500337341,2.5482974012885107
536,0.06077142080402178,0.0,0.09036433792358078,0.13336926301421548,0.29749720625074094,0.0,0.1762641045251903,0.04596261754543278,0.1957710499368179,0.0,39,True,0.2994306730245191,0.29749720625074094,0.2994306730245191,0.8162354261574291
537,0.05301824838052904,0.007361510576274736,0.14129562938256027,0.10434439631907316,0.03518271643554014,0.027524190119936537,0.13552601891343857,0.39175820376239723,0.10398908611025026,0.0,23,True,0.34404688786611987,0.39175820376239723,0.34404688786611987,2.0625589128056183
538,0.1846209313600359,0.0,0.13215096622123032,0.1478318281235578,0.15414596257287433,0.005292428123465948,0.1560133261305807,0.009717241925978901,0.21022731554227625,0.0,39,True,0.2565582001609999,0.21022731554227625,0.2565582001609999,-0.2582593078942357
539,0.0,0.03511958742067427,0.28256735208336126,0.0,0.0,0.0653660628799692,0.0,0.10849672180046695,0.35269524554104426,0.15575503027448395,16,True,0.3818056054917732,0.35269524554104426,0.3818056054917732,1.2181710564144999
540,0.16201293090025456,0.11614518790390486,0.18699050327763495,0.08314087106638457,0.036738448546555405,0.0,0.14537147331177452,0.24400427200278194,0.025596312990709167,0.0,23,True,0.25355784755868677,0.24400427200278194,0.25355784755868677,0.3015261316078864
541,0.25725923937028095,0.0,0.06015971802367931,0.3493995120473854,0.12185224171474482,0.05925229028091713,0.0,0.008662644999352922,0.0,0.14341435356363963,17,True,0.3617776221298371,0.3493995120473854,0.3617776221298371,1.235557774659865
542,0.23466582333723618,0.0,0.03114526285378505,0.05142167568648113,0.1247437920389381,0.1953313343454705,0.0,0.0,0.3247287793623724,0.0379633323757167,17,True,0.3453803748794381,0.3247287793623724,0.3453803748794381,1.000616402747728
543,0.05402922814885264,0.0,0.0,0.2347983703674485,0.017221351782824437,0.1796396825412659,0.3599614062959929,0.0,0.0,0.15434996086361552,11,True,0.3794898511996248,0.3599614062959929,0.3794898511996248,1.0991612932421233
544,0.0,0.17727312184120353,0.1187713606875894,0.1665438005044937,0.025534040834751706,0.026840889916709694,0.2206411824033382,0.0,0.09951244337651874,0.16488316043539508,69,True,0.24579131046587502,0.2206411824033382,0.24579131046587502,-0.0032364760851751615
545,0.005763351177513173,0.3415236957193668,0.0,0.08677347070886729,0.09583945205502674,0.2379313408084226,0.06175767267102592,0.0,0.03648822630448461,0.1339227905552928,25,True,0.33627150385555993,0.3415236957193668,0.33627150385555993,1.341296822418972
546,0.09373615557334501,0.054484480312382885,0.0,0.0,0.12437930548944438,0.16897581072430537,0.07533769824413009,0.3006821849205157,0.08252466531331394,0.09987969942256254,207,True,0.2620112240871912,0.3006821849205157,0.2620112240871912,1.3155137840416198
547,0.12145198112916965,0.07159569380244972,0.01983821265406534,0.0,0.34237761973437253,0.03765227263255494,0.12598041777154348,0.23804730297442178,0.002773586481821284,0.040282912819601245,11,True,0.3362710214461329,0.34237761973437253,0.3362710214461329,1.37916381896886
548,0.23112270072556357,0.0,0.34574815155385635,0.02960057517102979,0.0747868417673504,0.09417485466373311,0.03203682640803739,0.01080250892916411,0.15087826201323135,0.0308492787680339,17,True,0.3363876283257414,0.34574815155385635,0.3363876283257414,1.4292834363385103
549,0.17491355744102355,0.07737253979000562,0.06608169821935429,0.05365862042607672,0.07647680978126918,0.21132863917550734,0.06550123263373263,0.0034826251248820483,0.27118427740814854,0.0,17,True,0.26866196141914944,0.27118427740814854,0.26866196141914944,0.9114618037953899
550,0.04373790817343884,0.18204012755384574,0.08966666271563187,0.056408271469807335,0.10681790495069793,0.15325918663761867,0.030426864140340237,0.10405157291659181,0.22273578246997514,0.010855718972052496,88,True,0.2065276217981593,0.21188006349792263,0.2065276217981593,0.5301312444367337
551,0.0792613658255942,0.0,0.10426512930058505,0.30129639972000927,0.10352839373542716,0.0,0.0,0.14359845650488706,0.24373665133182346,0.024313603581673723,17,True,0.31507213987664356,0.30129639972000927,0.31507213987664356,0.9311914037122809
552,0.21016972910372753,0.26083759782608873,0.0,0.06511540387605523,0.23966654304981105,0.08539774912658396,0.1388129770177335,0.0,0.0,0.0,11,True,0.3169376173555612,0.26083759782608873,0.3169376173555612,0.49886340653288996
553,0.048377357428666654,0.24994740886938294,0.01911555109561853,0.0,0.0,0.15410861030680614,0.05864798994731202,0.19243907011665878,0.0,0.2773640122355549,11,True,0.3260860648545305,0.2773640122355549,0.3260860648545305,0.6664134714329674
554,0.2791117990876601,0.0029230380503059527,0.043001143321887404,0.0,0.26587389737625067,0.12334033500607511,0.09327960356363962,0.022877078922436723,0.008029250983845616,0.16156385368789875,11,True,0.3178908606498318,0.2791117990876601,0.3178908606498318,0.8427045671146027
555,0.2825930108450768,0.11102067200051013,0.15636708023704607,0.0,0.1632335690527434,0.0,0.10053644535710168,0.09333008989878014,0.0,0.09291913260874174,11,True,0.2659554642563354,0.2825930108450768,0.2659554642563354,0.7017541375455187
556,0.2827845488272109,0.022250351919853122,0.22010817991193538,0.03039720844429601,0.10680579877456359,0.1178115372332185,0.0,0.10536559145501904,0.07303863204482959,0.04143815138907394,11,True,0.27069260673803747,0.2827845488272109,0.27069260673803747,1.099964330652684
557,0.11835291346610695,0.17515312278997902,0.1317379254650282,0.16708609642652084,0.06441926301169422,0.0,0.20371531897401254,0.015018320822991952,0.056576570785710975,0.06794046825795536,47,True,0.20892776587819972,0.20371531897401254,0.20892776587819972,0.043828111796882195
558,0.06329168627599062,0.05130622314028205,0.12255159285541696,0.0,0.05406187859980989,0.11588934518589472,0.2269993816003864,0.07743087357101158,0.17326465921550066,0.11520435955570708,69,True,0.1970457613448379,0.2269993816003864,0.1970457613448379,0.5819323702745518
559,0.2331918042613583,0.19970271884901647,0.06952269413197852,0.11694431450733687,0.006916399190741862,0.0933762447219339,0.08769566323297945,0.03384363776431299,0.1588065233403415,0.0,11,True,0.23577820905226451,0.2331918042613583,0.23577820905226451,0.41073692141020757
560,0.0,0.2477667130010802,0.22368581253990827,0.0,0.0,0.15036140368692835,0.0757628737108897,0.070771218539086,0.1116806344589263,0.11997134406318125,16,True,0.26766864672130697,0.2477667130010802,0.26766864672130697,0.43346353279007405
561,0.12889931430112106,0.13811823788707886,0.08377553769539879,0.1320424502329469,0.021290689332572263,0.1776706211234835,0.009187584867430942,0.09338983480295489,0.2048984552459209,0.010727274511091962,17,True,0.2075328832919865,0.19571087037848997,0.2075328832919865,-0.09116994540706036
562,0.2226954095009137,0.0,0.12714616749360672,0.0,0.0,0.24900544501277982,0.0,0.0,0.1845905998721303,0.21656237812056942,17,True,0.3297515096940329,0.24900544501277982,0.3297515096940329,0.2472811063666756
563,0.0,0.3371483580265702,0.07931834964417889,0.08115747414308182,0.023096060213944457,0.2594031148227872,0.0,0.1694411442953592,0.05043549885407813,0.0,25,True,0.3544353205050596,0.3371483580265702,0.3544353205050596,1.1900528427557397
564,0.04368033122484691,0.34988298435307724,0.12119853472605306,0.0,0.13958886685354732,0.0,0.05609473096645249,0.11498092745549451,0.044207593472487205,0.13036603094804125,58,True,0.3062957010985078,0.34988298435307724,0.3062957010985078,1.7316044927759102
565,0.0,0.09553199713181662,0.0,0.14259235837525197,0.3249266546124071,0.0,0.16282767126086287,0.1698396308835239,0.0,0.10428168773613754,98,True,0.31822836951567474,0.3249266546124071,0.31822836951567474,0.9361855378167985
566,0.2586582463080752,0.14934917156178404,0.0,0.027884162416393465,0.08640381209014954,0.18622274943886225,0.07075123905463053,0.027730525865234754,0.0,0.1930000932648703,11,True,0.2741442630953265,0.2586582463080752,0.2741442630953265,0.5058632978016335
567,0.028424429593605773,0.0,0.2144769249222619,0.1954456248894222,0.08578838248516499,0.11576201503532244,0.12655999642087604,0.12151790459394735,0.0,0.11202472205939941,23,True,0.22158825485153505,0.2144769249222619,0.22158825485153505,0.011894554932153538
568,0.15685648267132807,0.0,0.10445741496679378,0.18962508820616034,0.07954970707672024,0.017507781593026003,0.13852830479348885,0.10280214957763821,0.09943761345609602,0.11123545765874847,17,True,0.1735718850626357,0.18962508820616034,0.1735718850626357,-0.43562507568079156
569,0.03158044144159159,0.0,0.0881177996473082,0.21386902422392606,0.0,0.08496704387101478,0.22779888459056286,0.14334072394195646,0.07783204299228906,0.13249403929135098,52,True,0.24035977468786768,0.22779888459056286,0.24035977468786768,0.3627299482164775
570,0.05190291603935758,0.27085611132376736,0.03642584269080468,0.1723596834705874,0.3153959899805317,0.1353036071514287,0.017755849343522524,0.0,0.0,0.0,15,True,0.35382003197464057,0.3153959899805317,0.35382003197464057,0.9718539269305672
571,0.11513145469914397,0.0759650900289381,0.09623991807760965,0.0,0.15566940591310618,0.23376976616448136,0.0,0.07831201500543747,0.1550788199350117,0.08983353017627158,240,True,0.21312346500642576,0.23376976616448136,0.21312346500642576,0.2756649244903386
572,0.0,0.09741436633455804,0.0,0.0,0.16291193861886502,0.060314802980923385,0.23425879687598103,0.0855143162634161,0.028473579461320165,0.33111219946493625,98,True,0.3351173668032999,0.33111219946493625,0.3351173668032999,1.1540427969374762
573,0.06129964186079556,0.0,0.37100602701489366,0.05796818050526168,0.03388335160162879,0.014929392879741253,0.05383372688233273,0.04977233900878285,0.09647180027077891,0.2608355399757846,16,True,0.3589592448379574,0.37100602701489366,0.3589592448379574,1.7676569027179547
574,0.21180509337849932,0.014785546751947007,0.23574221527411823,0.17193409781219532,0.18230185493885068,0.09912726925484162,0.0,0.0,0.048590784856241354,0.03571313773330639,11,True,0.2773308681529021,0.23574221527411823,0.2773308681529021,0.3178854899386157
575,0.19156010497079212,0.042036422242854025,0.0,0.0,0.07082982424239638,0.3269047356822445,0.0,0.0,0.3162429303939161,0.05242598246779688,17,True,0.3912850361142531,0.3269047356822445,0.3912850361142531,1.1414155355446163
576,0.11652630519785011,0.012269976356119816,0.0,0.25351946835248956,0.1277965497051287,0.0,0.141907833098783,0.0,0.0,0.3479798672896288,40,True,0.36818586638653905,0.3479798672896288,0.36818586638653905,1.0737862358948542
577,0.2200841280590239,0.02155835007231553,0.02447436528705054,0.08149921538050248,0.0951527475903731,0.12565455802160921,0.0,0.0,0.14769046034934097,0.28388617523978427,17,True,0.28877300504247244,0.28388617523978427,0.28877300504247244,0.8027721830806774
578,0.12952294728173971,0.0,0.04686059740626686,0.18536182887748423,0.10387315017392525,0.0,0.2801498158980191,0.1995855620014497,0.05464609836111527,0.0,39,True,0.2922760003265788,0.2801498158980191,0.2922760003265788,0.6366167446116103
579,0.0,0.21048555889545917,0.12017635978295121,0.0,0.049940625890764846,0.0,0.236907028245356,0.3568510712957656,0.00301700509417622,0.022622350795526915,88,True,0.3810893520695798,0.3568510712957656,0.3810893520695798,1.108984979216304
580,0.10684257949627554,0.031110348710797382,0.11825614891433382,0.0,0.07253549042484116,0.18800987049465687,0.09455790967872552,0.223406617882213,0.0,0.1652810343981566,16,True,0.23053492500935327,0.223406617882213,0.23053492500935327,0.1523859323067696
581,0.0,0.0,0.22403750091332106,0.1309325661020382,0.009369901278108828,0.0,0.17983342697867896,0.3044847301722512,0.15134187455560183,0.0,23,True,0.33967529950304076,0.3044847301722512,0.33967529950304076,0.6112297468171293
582,0.047274409735138724,0.02105408125598078,0.0008038157399146282,0.29298617608766303,0.10230239215924661,0.0,0.2822965652110477,0.035392920810085486,0.11785042271588798,0.100039216285035,39,True,0.3222204922032739,0.29298617608766303,0.3222204922032739,1.1620436514937884
583,0.2745820789044217,0.1771279417659478,0.0,0.15879952845727371,0.09902371641716916,0.0013919694014350478,0.13837723075492117,0.0,0.0,0.15069753429883148,11,True,0.2892275140352283,0.2745820789044217,0.2892275140352283,0.34271802774254595
584,0.07933450478530135,0.3038215130295238,0.13123520016751028,0.0,0.0,0.12024802184043264,0.0,0.1524107819792425,0.10981602834710441,0.10313394985088514,25,True,0.27605970025688803,0.3038215130295238,0.27605970025688803,1.0057218260849345
585,0.0,0.21804018792280794,0.0,0.028442294003936747,0.04192008875042898,0.3293538521931648,0.0,0.09206869300858309,0.11880728900395804,0.17136759511712038,25,True,0.33247617996173007,0.3293538521931648,0.33247617996173007,1.073080525447293
586,0.022738048469339654,0.09241097070533703,0.16855476501236474,0.10853715125087907,0.16264062128104353,0.10303145959394724,0.0,0.11986669698101683,0.0,0.2222202867060718,11,True,0.22375245828937187,0.2222202867060718,0.22375245828937187,-0.019907645664970327
587,0.011243418719568039,0.10838746567345503,0.25146997067293303,0.03060719703905358,0.17808287601921807,0.027294322370416693,0.1636910194960917,0.1871205898621853,0.041391320613757054,0.0007118195333216826,16,True,0.26838276347155465,0.25075815113961136,0.26838276347155465,0.4410564321282517
588,0.12752618754154646,0.18109828824120008,0.13756962517148075,0.0246017082610737,0.1018969058279736,0.07411028964546992,0.09439872397410486,0.09465733316537407,0.0,0.16414093817177644,11,True,0.17111065476597404,0.18109828824120008,0.17111065476597404,-0.43051848854613894
589,0.0,0.2263399156883442,0.08510362958814109,0.0,0.055862539557085616,0.059546942634451434,0.06239751114955407,0.14581679780035947,0.15446064293243603,0.21047202064962808,16,True,0.24176723623272137,0.2263399156883442,0.24176723623272137,0.37518629574318496
590,0.1348423097631638,0.03210136924953209,0.12155581009288843,0.10851788697608471,0.16971803192293497,0.1465806715793691,0.019584067763331593,0.11980098778925583,0.053887681060341655,0.09341118380309806,11,True,0.14973423331524136,0.15013396415960337,0.14973423331524136,-0.4811707976540901
591,0.0,0.1618535139028767,0.23780064437798276,0.07795554090634806,0.0,0.0,0.1856829707181274,0.0,0.2501508137231423,0.0865565163715228,69,True,0.30556242984818455,0.2501508137231423,0.30556242984818455,0.37519054067499225
592,0.11104382202287465,0.2947134250437489,0.0,0.0,0.0,0.12346817534739059,0.0,0.2817218836172261,0.18905269396875982,0.0,58,True,0.3599156351699141,0.2947134250437489,0.3599156351699141,0.7322291810763958
593,0.017592408244682757,0.3270945732527074,0.06084173498680013,0.2099218394342685,0.1901015086884012,0.0,0.13128671877474277,0.047899208586453614,0.009648144260765783,0.005613863771178056,47,True,0.33296091442759507,0.3270945732527074,0.33296091442759507,1.0628786571648803
594,0.11956422438867485,0.33263810640973634,0.03893495313211199,0.12867458155626432,0.0,0.23592369158532636,0.0,0.10467781541900306,0.02823181467027726,0.011354812838605946,68,True,0.3325059285635666,0.33263810640973634,0.3325059285635666,1.2076640802478018
595,0.0,0.07937761292000896,0.0,0.0,0.0,0.0,0.16879403029046983,0.30500443484499257,0.15425250275193128,0.2925714191925974,98,True,0.37042111886783297,0.30500443484499257,0.37042111886783297,0.8288137717805587
596,0.08299034926727641,0.0,0.042261342627363564,0.17965229819955386,0.10069715650500792,0.12282848028636943,0.19133637875005982,0.05198329577551739,0.08152802921157858,0.14672266937727313,496,True,0.18347030938926967,0.19133637875005982,0.18347030938926967,0.040553047053235286
597,0.07723955689573904,0.5312126072978413,0.03941391333689758,0.152759270050432,0.0610257081209876,0.015578136056254447,0.0,0.0,0.02679751781012589,0.09597329043172219,68,True,0.47637950130565104,0.5312126072978413,0.47637950130565104,2.672353896049854
598,0.26140968577187645,0.07037202272250098,0.10938352186767838,0.04872720306463635,0.11361068981114154,0.17879036143164226,0.0,0.13383610152003986,0.08387041381048427,0.0,80,True,0.23967910033027812,0.26140968577187645,0.23967910033027812,0.7003520553448395
599,0.16456417681486826,0.0,0.08176783123942967,0.0,0.24909000402489295,0.1536346089615879,0.12448201381517895,0.007796307480486029,0.13739513146771204,0.08126992619584415,16,True,0.24587709718673842,0.24909000402489295,0.24587709718673842,0.25425401795947583
600,0.17240537035377118,0.2526501654719015,0.0860640240360079,0.16788570791075155,0.0,0.026271937859105084,0.23684509949126403,0.0,0.05787769487719876,0.0,39,True,0.2988042644106046,0.2526501654719015,0.2988042644106046,0.4686265923989368
601,0.0,0.11681454526535977,0.22500490209142396,0.0,0.0717728097738854,0.0,0.24843289278135705,0.0,0.14685493862314933,0.19111991146482446,16,True,0.2987244147129708,0.24843289278135705,0.2987244147129708,0.29054571672024637
602,0.11873786831561246,0.15365181930988847,0.0,0.11448020689447132,0.13433236667194212,0.1420840336516152,0.07195925070718927,0.07514761621395978,0.0,0.18960683823532154,11,True,0.18926803524353975,0.18960683823532154,0.18926803524353975,-0.5745854374957762
603,0.0,0.1434476385484968,0.12298820623479702,0.21679957789985707,0.21179743241574997,0.07933215025535058,0.0,0.1518710514525147,0.0,0.07376394319323389,85,True,0.24972596757705842,0.21679957789985707,0.24972596757705842,0.047569791301389844
604,0.0,0.08591486854485898,0.0,0.18014978980212587,0.10089728143453205,0.2117997367538046,0.05107745084825732,0.14257826108355967,0.0,0.22758261153286158,85,True,0.2638295148075284,0.22758261153286158,0.2638295148075284,0.19323577786386065
605,0.05522876132684317,0.25802091273195743,0.014454725495251921,0.16694725611753874,0.158696848335122,0.0,0.0,0.07847200978704508,0.10490152247072174,0.16327796373551995,68,True,0.25828647225292284,0.25802091273195743,0.25828647225292284,0.4300249194736303
606,0.16766383505183025,0.07730275789281357,0.20096376015249234,0.11065798580271562,0.16784002952857774,0.023854588543373023,0.001658052032110305,0.20527946387118845,0.009088561795428638,0.03569096532947003,23,True,0.24280995031265656,0.20362141183907814,0.24280995031265656,0.10418100028051279
607,0.1254616852392481,0.17295691016368767,0.0,0.0018044889997947617,0.21282863669450056,0.23966424803907663,0.11911965392219614,0.0,0.009020629226062131,0.11914374771543414,11,True,0.2772346661660931,0.23966424803907663,0.2772346661660931,0.15479985269742427
608,0.0,0.13650442320111708,0.04783309564434719,0.0,0.13780621010589003,0.08522630705326754,0.10106843372524921,0.28478838161537734,0.09473092070041364,0.11204222795433812,88,True,0.24499427815885472,0.28478838161537734,0.24499427815885472,1.0886568648696533
609,0.003917645309487599,0.0,0.10825452024906301,0.0,0.1011848375245509,0.0,0.22380134034909782,0.09416441077605985,0.16135149471747387,0.3073257510742668,98,True,0.31844961730825805,0.3073257510742668,0.31844961730825805,0.8306609056322652
610,0.0,0.23887223515883912,0.059160151162997034,0.017421790500880996,0.24841322947168823,0.15934442929328088,0.0,0.09787816881210812,0.11775296943835689,0.06115702616184868,90,True,0.2741336285710734,0.24841322947168823,0.2741336285710734,0.6320080858550191
611,0.0,0.0,0.0,0.0,0.13238838755203428,0.0,0.1297896641568293,0.539045181570731,0.11665450060803503,0.08212226611237039,39,True,0.49527173244465866,0.539045181570731,0.49527173244465866,2.459825273003117
612,0.07402162579733561,0.13189289526072262,0.05416302783302138,0.12145070057154898,0.2599022073752445,0.0,0.11687184379116622,0.0,0.06688567038054173,0.17481202899041887,47,True,0.23832743612721202,0.2599022073752445,0.23832743612721202,0.6659999318102042
613,0.04387909309979022,0.13462948822097134,0.009823738517419866,0.0,0.0,0.17042574753064602,0.24705230230406358,0.10522644627360399,0.19840305486601623,0.09056012918748867,69,True,0.26242002480274074,0.24705230230406358,0.26242002480274074,0.33468266708493954
614,0.0,0.20630209404128358,0.22026059092018677,0.09776249011650574,0.017725750045124996,0.24730300955955836,0.047559284669365966,0.03918493978540113,0.02582758137161787,0.09807425949095552,25,True,0.2760230724820658,0.24730300955955836,0.2760230724820658,0.6780684110652325
615,0.14165091959306728,0.0,0.23437640454465106,0.0,0.09768358365836455,0.08135525618051723,0.09243360105731628,0.23934993110592098,0.028772479241261507,0.08437782461890096,23,True,0.254829109850733,0.23934993110592098,0.254829109850733,0.6418902735847755
616,0.10231761204092917,0.14328003140355594,0.06769731795914342,0.005641003293144128,0.20491057660645895,0.054791420713440425,0.11808160021416894,0.13330006450516824,0.007360372107833699,0.16262000115615707,40,True,0.19701488385038463,0.19926957331331482,0.19701488385038463,-0.11629089080485035
617,0.33634481358523644,0.027519726207229197,0.06223100904544848,0.0629910568601869,0.0,0.06661308824056206,0.3260364928631508,0.05666192101748823,0.061601892180698004,0.0,23,True,0.3734544219907819,0.33634481358523644,0.3734544219907819,1.5904401535573203
618,0.06268540311960731,0.0,0.23546172558446254,0.20201190796430518,0.13051625080893062,0.0,0.14706563365495193,0.10914548904066884,0.11311358982707354,0.0,23,True,0.25209266004369457,0.23546172558446254,0.25209266004369457,0.14770604777219082
619,0.0697352188969776,0.09976274712255097,0.059765663651790146,0.20109124276344756,0.005973387237825912,0.0,0.214729590392955,0.24827472505815382,0.07177496151799087,0.028892463358308,23,True,0.26943731353299144,0.24827472505815382,0.26943731353299144,0.6704261896379589
620,0.15367906618820346,0.1691410471748865,0.06045433952550594,0.055707793025833514,0.1951004909974329,0.022478340264127938,0.06825038444901321,0.034188946634060614,0.07802979988943994,0.1629697918514961,11,True,0.18981125820121866,0.17262215073330497,0.18981125820121866,0.3579320131586816
621,0.016171902790396944,0.0,0.007029256017995142,0.13728715959426582,0.08438477337955615,0.18114112887217648,0.0886186916517297,0.2007614678331117,0.14058252249783484,0.14402309736293334,17,True,0.2185317855583772,0.2007614678331117,0.2185317855583772,-0.22878712835741122
622,0.05197682815975753,0.04037575041989137,0.21892757572292698,0.1521110297889694,0.0014395085172504304,0.0,0.13285184932825284,0.22819199027454976,0.0,0.17412546778840163,23,True,0.2746666883617213,0.22819199027454976,0.2746666883617213,0.19776498301351322
623,0.024596561549921254,0.019077413315583245,0.0,0.3124956394760448,0.0,0.1218432489655967,0.019124939553372338,0.0,0.36794912030625176,0.13491307683322987,52,True,0.4091724542251114,0.36794912030625176,0.4091724542251114,1.3355874771297636
624,0.0,0.2565533707413796,0.056110532604783166,0.003934076307371784,0.43765824771593725,0.0,0.0,0.12926558571580365,0.020908036621781454,0.09557015029294302,85,True,0.43221364385102,0.43765824771593725,0.43221364385102,1.7599525033559096
625,0.13491473243361707,0.07973271473866678,0.14289705462058425,0.08265445144627967,0.17558138062278839,0.0,0.2586850928437486,0.1254167281676301,0.0001178451266851333,0.0,39,True,0.2555127892358544,0.2586850928437486,0.2555127892358544,0.34967657946048447
626,0.0,0.1234867254457355,0.16488914755937278,0.06351615679986035,0.16344524849523462,0.0,0.09952110320601332,0.001121851093031894,0.10555389132317847,0.27846587607757317,98,True,0.2679116093430688,0.27846587607757317,0.2679116093430688,0.626099348012859
627,0.049707392943156736,0.0,0.0,0.0,0.15442784309862484,0.017350736632987508,0.0726448656761112,0.0,0.38542476352781924,0.32044439812130054,109,True,0.42794154838704823,0.38542476352781924,0.42794154838704823,1.4074674381557164
628,0.1053374074999464,0.17948369109159804,0.1096132716807544,0.15125216966189944,0.0,0.08043952236426538,0.16202867029911805,0.0,0.03838679685571392,0.1734584705467044,2,True,0.2061258035205686,0.17948369109159804,0.2061258035205686,-0.41470330876755596
629,0.08429470233402335,0.0,0.03496586506212103,0.0,0.20574268960028264,0.038726862248151,0.17713425134885066,0.09671214945741252,0.06710168321903871,0.29532179673012,98,True,0.29087010006701414,0.29532179673012,0.29087010006701414,0.9978463880017511
630,0.17233908527473157,0.18361642368984427,0.14242044342053445,0.0,0.19166684425212213,0.12094566961147389,0.0,0.18901153375129362,0.0,0.0,11,True,0.2660615119487084,0.19166684425212213,0.2660615119487084,-0.29384220852805454
631,0.15508080407200006,0.2173320630749023,0.18443433157752817,0.03929236462521375,0.22850078715752736,0.0,0.017660668352834172,0.09585856080977445,0.04151921256237347,0.020321207767846353,11,True,0.2658822354540538,0.22850078715752736,0.2658822354540538,0.4026696260611507
632,0.012879095334299791,0.24494483464360317,0.18556645870863195,0.0,0.0,0.08540846291226549,0.2604541193729853,0.11215477536438544,0.09859225366382879,0.0,16,True,0.30336254493232373,0.2604541193729853,0.30336254493232373,0.5560963656103588
633,0.0630879540549613,0.39585793412291587,0.0,0.08242376128391972,0.0,0.19857153618256812,0.15407437839944363,0.06226779861993356,0.0021346518643068544,0.04158198547195081,481,True,0.36913105591309453,0.39585793412291587,0.36913105591309453,1.7719829019614297
634,0.0,0.0,0.0,0.2657934484920277,0.21984203427614754,0.0,0.21502586644005284,0.07042590998857605,0.2289127408031959,0.0,39,True,0.35010520166659137,0.2657934484920277,0.35010520166659137,0.4296530763562255
635,0.0,0.17909646462991044,0.040943445528375415,0.18016796228574297,0.12924719406712143,0.13966493747436293,0.032220647461290004,0.1667244349881442,0.004207357139952397,0.1277275564251002,85,True,0.21815309718676354,0.18016796228574297,0.21815309718676354,-0.3541488283915276
636,0.26182328250059217,0.12495006847929216,0.23938267878122177,0.13320909887384313,0.06699808827226683,0.0,0.0,0.024047830747238597,0.0017720403084844388,0.147816912037061,23,True,0.29348373618044493,0.26182328250059217,0.29348373618044493,0.5466758364440865
637,0.16109895284786468,0.03901404358621371,0.03395694582244888,0.0,0.16884952006713375,0.13695442035082517,0.031028265679638255,0.023980669265370954,0.146079462221189,0.2590377201593156,329,True,0.2566559790330534,0.2590377201593156,0.2566559790330534,0.5418767891525331
638,0.04097245360551474,0.13162201444979643,0.17438432282758495,0.13195810782406792,0.004002774264829585,0.07837295292237201,0.18109521086710606,0.0,0.25759216323872836,0.0,17,True,0.26857675034041756,0.25759216323872836,0.26857675034041756,0.3527818279960714
639,0.3607830244971994,0.2541407427015471,0.0361445094877315,0.12526470846278076,0.05570857951222432,0.0,0.08293428769414313,0.08502414764437378,0.0,0.0,11,True,0.3591103287401685,0.3607830244971994,0.3591103287401685,1.4622433054165378
640,0.0,0.15539084940727063,0.11480570570427306,0.0,0.05758124785880617,0.0,0.11339113539979848,0.249318228994081,0.16112079681178923,0.14839203582398153,39,True,0.25226871110781574,0.249318228994081,0.25226871110781574,0.17988531454042536
641,0.18854829033839732,0.2780734440703141,0.08573662373786227,0.0,0.0,0.15665887074456,0.0,0.20693564904007952,0.0,0.08404712206878678,11,True,0.30765947099231594,0.2780734440703141,0.30765947099231594,0.48144973629849125
642,0.0,0.1439236436371775,0.06759664231517928,0.16431729644658863,0.06329643433370673,0.14117498755197685,0.10813549278243328,0.3024403314971922,0.006383515588736085,0.0027316558470093437,15,True,0.28183676304136596,0.3024403314971922,0.28183676304136596,0.9871947914273427
643,0.3575564264038203,0.00815892333059293,0.0,0.02491504945032023,0.3490433762934135,0.1450692949149203,0.0,0.0,0.0,0.11525692960693293,11,True,0.4297609387386573,0.3575564264038203,0.4297609387386573,1.295844911372222
644,0.03865278348128,0.36910046705067695,0.22919191659328092,0.08884756995743899,0.05572690887928161,0.07548309175710988,0.14299726228093182,0.0,0.0,0.0,25,True,0.35693615717830496,0.36910046705067695,0.35693615717830496,1.5164072951334593
645,0.0074492509793263485,0.12820552931735354,0.1275208749222281,0.07535571582783292,0.17174103017566614,0.22118239935106399,0.10780227391798385,0.11853445475604146,0.042208470752503634,0.0,85,True,0.21048074494952995,0.22118239935106399,0.21048074494952995,0.07970933647900279
646,0.0,0.1797389764125032,0.0901793718412077,0.1536661024705988,0.08945878871197122,0.1601136806770181,0.1737920370937112,0.10803961260656386,0.032051605695996986,0.012959824490428947,72,True,0.20189712217270867,0.1797389764125032,0.20189712217270867,-0.31628185580085444
647,0.3228519222762608,0.19433119618726752,0.08502810026642807,0.13750465716346294,0.08093187445839249,0.0,0.0,0.04141433113521473,0.0,0.1379379185129734,11,True,0.30891304698252575,0.3228519222762608,0.30891304698252575,1.119816431174683
648,0.13482551139867396,0.0,0.23786406303035448,0.20874421012728833,0.0,0.06174520151072699,0.2524475861131986,0.0,0.0822675088434999,0.022105918976257622,39,True,0.3051724833204482,0.2524475861131986,0.3051724833204482,0.5221387962827164
649,0.048278650343767625,0.0,0.003879760833656985,0.0,0.1936689043535418,0.07929807231035756,0.08653432071395696,0.0,0.2605727626551067,0.3277675287896123,98,True,0.35910947583817954,0.3277675287896123,0.35910947583817954,1.0316516385133978
650,0.12215264361558298,0.0,0.060318750296108135,0.10964647022779037,0.06253119950575466,0.0,0.30164134723983543,0.12427925941323018,0.1467543064964785,0.0726760232052199,39,True,0.26027598205319297,0.30164134723983543,0.26027598205319297,1.3167901428326492
651,0.10223050547851419,0.059386468179034806,0.013325453000064177,0.05154808808530553,0.015495512090206909,0.0682931229417996,0.13307476336781313,0.13133495243344837,0.2932054996919335,0.13210563473187967,69,True,0.24514442605485798,0.27988004669186933,0.24514442605485798,1.487792228838701
652,0.003222915109607578,0.032641767802222554,0.05220417583952587,0.0,0.17011463727402143,0.20158410798778295,0.16991264529493538,0.12702895260239538,0.2300891953003958,0.01320160278911302,16,True,0.26739160890127694,0.2300891953003958,0.26739160890127694,0.1923889019114339
653,0.06567416527188658,0.0,0.14161181983787563,0.0,0.007543442601027118,0.2850006832300442,0.0,0.04445952006047801,0.3276364422925013,0.1280739267061872,17,True,0.3624562241345269,0.3276364422925013,0.3624562241345269,1.119822353970932
654,0.0,0.0,0.24860019831836336,0.15444641133743608,0.20847045583518067,0.0,0.2221107312931393,0.16637220321588045,0.0,0.0,23,True,0.32577380265078026,0.24860019831836336,0.32577380265078026,0.1987290829820485
655,0.0,0.010884905736094434,0.24599337075817043,0.1400350153962952,0.3828534783249497,0.11051481552987562,0.05489688016804781,0.0,0.05482153408656661,0.0,33,True,0.3808548326275981,0.3828534783249497,0.3808548326275981,1.4876530601587914
656,0.10364590598783023,0.050003430247110826,0.0,0.10627753216277339,0.07768294766554681,0.1221478816376913,0.031731286914285374,0.0,0.2261536400229978,0.2823573753617642,40,True,0.2781555445066326,0.2823573753617642,0.2781555445066326,0.9807990693942029
657,0.039968736998846906,0.15647148176100512,0.11065066775510457,0.0,0.23063445169472638,0.1929538983708288,0.16085928805693012,0.00452071976771652,0.10394075559484156,0.0,16,True,0.2558274421489464,0.23063445169472638,0.2558274421489464,0.07895006003591708
658,0.13119053919598914,0.0,0.28152164445963235,0.0,0.15832239153687114,0.11273050146110014,0.0,0.14321607048733975,0.11818668578415173,0.05483216707491583,11,True,0.26781531245248724,0.28152164445963235,0.26781531245248724,0.62597923569482
659,0.0,0.11558474667556026,0.37070654606563924,0.0,0.0606298737684377,0.0,0.16381154875397763,0.12313464377685136,0.0,0.16613264095953373,16,True,0.35221524235694895,0.37070654606563924,0.35221524235694895,1.4025414019472187
660,0.0,0.08988670862195308,0.09477612515456739,0.0,0.006877967955614728,0.21290186563807184,0.25442276821536436,0.12144672019077493,0.1343943810960755,0.0852934631275782,16,True,0.25933322285339816,0.25442276821536436,0.25933322285339816,0.507471712289915
661,0.2356503431427685,0.0,0.08664834997507387,0.19671887340296426,0.0213987275413608,0.04092212430368533,0.0,0.004206952167275895,0.20799294241527783,0.20646168705159365,17,True,0.2996248529225297,0.2356503431427685,0.2996248529225297,0.31977659782569456
662,0.050199899808348145,0.0,0.15252242907514854,0.1764214180642274,0.0,0.006283718372773392,0.09591463450685898,0.010448032549226664,0.3523118875119334,0.15589798011148354,52,True,0.33864988994820133,0.3523118875119334,0.33864988994820133,1.2710161597207994
663,0.0,0.1625940867012418,0.029881923126938534,0.18937978123267238,0.0,0.21168886461287836,0.03798686423683567,0.0,0.09885864105342113,0.2696098390360121,25,True,0.3031701525073023,0.2696098390360121,0.3031701525073023,0.49101349825342566
664,0.05467259069337412,0.04591011880504028,0.15604107949197818,0.0,0.2034718803293029,0.2419651182833176,0.1287277837298216,0.023432083624370773,0.14577934504279447,0.0,15,True,0.26031729967391604,0.2419651182833176,0.26031729967391604,0.3325547895262368
665,0.33508755305015026,0.25305138633855867,0.0731593484033319,0.0,0.0070769023347582805,0.06761114643891099,0.07491457056070225,0.0,0.08029850434173395,0.10880058853185351,2,True,0.3319486752676309,0.33508755305015026,0.3319486752676309,1.4044681490136253
666,0.11285392281692769,0.0046824580527874415,0.0,0.18748695390434864,0.18841791057942422,0.018912917004849008,0.19991657662524212,0.169806096229877,0.08603208702680509,0.031891077759738796,39,True,0.24695669137506027,0.19991657662524212,0.24695669137506027,-0.00428217070082088
667,0.1460927694854444,0.17244254770937179,0.07550761705968384,0.0875117264889016,0.24507425816035167,0.13905256649503553,0.010234052437639314,0.09454047569649766,0.002207721158386123,0.027336265308688042,11,True,0.231583728126969,0.24286653700196553,0.231583728126969,0.4625437009523844
668,0.07122380424992808,0.0,0.17903298205255508,0.26515272808920953,0.29052491643142925,0.04865091465548444,0.0,0.0,0.1264800858000139,0.018934568721379767,6,True,0.332504100318418,0.29052491643142925,0.332504100318418,0.8406482091362496
669,0.1641084388105436,0.2255962846597263,0.0,0.0,0.16227715037739585,0.03754819811004361,0.09506038262474643,0.0,0.06340866323756855,0.2520008821799756,40,True,0.2865843394096226,0.2520008821799756,0.2865843394096226,0.4310288384411415
670,0.0,0.1594347078228287,0.12778246109721375,0.2097222579661454,0.13247218393916532,0.0,0.030735968589071662,0.0,0.11461502157806566,0.2252373990075096,47,True,0.2609468859265408,0.2252373990075096,0.2609468859265408,0.046784718126090086
671,0.20775630931888878,0.006349101564856731,0.04583609870565036,0.08721957064163192,0.0,0.0,0.17606034033811108,0.3907985205747535,0.00581258721506298,0.08016747164104468,23,True,0.37827573726422026,0.3907985205747535,0.37827573726422026,1.5557811052220456
672,0.0,0.14368270409636313,0.213733652537495,0.12723613274647125,0.17897366701298728,0.11787543711991846,0.0,0.1406595690200047,0.04008134829739482,0.037757489169365256,19,True,0.22640511510704023,0.213733652537495,0.22640511510704023,-0.10212078621769637
673,0.0827117643067449,0.06255376859721115,0.0659677198622158,0.052747242649235616,0.06360237097746652,0.06907466324048596,0.2621391104539199,0.24408859208770567,0.09711476782501452,0.0,39,True,0.2538350338974984,0.2621391104539199,0.2538350338974984,1.3696531458087384
674,0.14012035530355516,0.07916714353875465,0.1233445416860877,0.16404041891792706,0.05286967212924897,0.07595664858221839,0.10296305816834092,0.07374781040938286,0.11535300655554764,0.07243734470893663,47,True,0.10574741699605822,0.11117074678867808,0.10574741699605822,0.5610651799870906
675,0.06919170173280453,0.18945335340749317,0.0,0.01241526086328245,0.2530481632707615,0.034132476603060076,0.2024275579476656,0.15666008855010807,0.03550242518751139,0.04716897243731315,33,True,0.27392925367376103,0.2530481632707615,0.27392925367376103,0.5755239609307689
676,0.2816982190526262,0.0,0.14930356462338992,0.10097260565783456,0.0047640166358739995,0.1427548447581815,0.10106567166469713,0.054925501181796996,0.12243950183951166,0.04207607458608799,17,True,0.249470354969952,0.2816982190526262,0.249470354969952,0.9801919835190421
677,0.04990806513633963,0.025235006551079592,0.28227212295001136,0.16549769697632777,0.2144243252260294,0.1592756592506366,0.021905111402659126,0.05646889626077886,0.005663511873209347,0.0193496043729284,11,True,0.29260252768119444,0.276608611076802,0.29260252768119444,0.8347603063110653
678,0.053602572902857505,0.22616502346063888,0.0,0.03921741842238069,0.08165789959890615,0.004903158896334765,0.2898196296071938,0.1608359153552726,0.025571010142816705,0.11822737161359889,130,True,0.29453201936758044,0.2898196296071938,0.29453201936758044,0.9504767996680505
679,0.0,0.10464865884126125,0.17250842492507099,0.03172662583291088,0.08687710678094637,0.0,0.22539415688444792,0.04649919902810075,0.2112518878335261,0.12109393987373573,69,True,0.24803328968517854,0.22539415688444792,0.24803328968517854,0.3110471308656446
680,0.11041019349829442,0.29030560388355864,0.17716570478422347,0.0,0.0,0.16842662261256763,0.0,0.0,0.0,0.2536918752213559,90,True,0.34724996210831094,0.29030560388355864,0.34724996210831094,0.5645325734249181
681,0.3377411393495754,0.14204250810449293,0.032163035460714924,0.04107709084586267,0.1415279942116845,0.14852658004016003,0.05200967102799887,0.10491198095951076,0.0,0.0,11,True,0.3045796895944784,0.3377411393495754,0.3045796895944784,1.4692335961383822
682,0.02952318899490881,0.0,0.06960167707190963,0.10101145899833072,0.19743241973065823,0.22537717938464358,0.0,0.0,0.02585129901738612,0.351202776802163,307,True,0.3601464152690399,0.351202776802163,0.3601464152690399,1.2010787814013053
683,0.3034251873665931,0.02279269191179091,0.0003481418353594512,0.078321395068504,0.10779301880398794,0.09825585251402819,0.0,0.022556269299268954,0.2332793263725885,0.13322811682787905,17,True,0.3044207963139843,0.3034251873665931,0.3044207963139843,1.0498810738631397
684,0.2807908046983444,0.06081053303723998,0.0,0.025628065419473035,0.24871379102164726,0.07229258520497939,0.04989514930205515,0.15273871388647325,0.05750588829144906,0.05162446913833842,11,True,0.2864849316004471,0.2807908046983444,0.2864849316004471,1.2019372600708258
685,0.0,0.06391229934646687,0.14453177499944986,0.04464212219156598,0.1359427671532115,0.1547958103101373,0.2442882341572769,0.06045325609881292,0.016643451023195224,0.13479028471988336,16,True,0.22624340152657035,0.2442882341572769,0.22624340152657035,0.48173188226048413
686,0.14240089541384685,0.01630759535915527,0.08848763981021861,0.22073966289635027,0.18453209029779816,0.014968285041244976,0.0,0.07081523744873679,0.17319671950421808,0.08855187422843103,17,True,0.23287226475882214,0.22073966289635027,0.23287226475882214,0.17925945101179272
687,0.1660121762722429,0.002268906581612444,0.08594664625567924,0.0,0.020723577102130502,0.2813448448489454,0.0,0.04994141388280268,0.22457837108738452,0.16918406396920227,17,True,0.3099826480035904,0.2813448448489454,0.3099826480035904,0.6239524568614129
688,0.0,0.0,0.0,0.18982296929392223,0.04795253755277437,0.0,0.2761709084165285,0.2806520522003878,0.15417734772513364,0.05122418481125339,39,True,0.3460675111164664,0.2806520522003878,0.3460675111164664,0.7229266053112898
689,0.0,0.09172705012970754,0.07311562794777969,0.11242006178296081,0.1442451945776512,0.18622913375307962,0.16873482702695627,0.0013301798451573416,0.16484077401364594,0.057357150923061706,16,True,0.20204335736126955,0.18622913375307962,0.20204335736126955,-0.33242357159126806
690,0.0,0.0,0.030606789853572354,0.13883097742194686,0.10993888379273012,0.0,0.28929611326542265,0.16241296471091804,0.2689142709554099,0.0,39,True,0.3386480052012931,0.28929611326542265,0.3386480052012931,0.7310378560695402
691,0.0960188066206172,0.058830878039391014,0.15714897374369774,0.2320747066884421,0.17047720751235523,0.09716743361495013,0.13549967027764118,0.05278232350290548,0.0,0.0,15,True,0.22557764877132266,0.2320747066884421,0.22557764877132266,0.23201556152391178
692,0.008576204188352667,0.0,0.015034848047768301,0.0,0.0,0.08497383126053046,0.37975086309593037,0.11066590040385174,0.10955396012372748,0.2914443928798391,98,True,0.40114799486895286,0.37975086309593037,0.40114799486895286,1.425072821843695
693,0.0,0.09122144309119196,0.08416126387564446,0.0,0.19807525259952083,0.0,0.19473446475653047,0.2570614993953217,0.10899527862085322,0.06575079766093754,39,True,0.2735754742282644,0.2570614993953217,0.2735754742282644,0.48056184207686153
694,0.07138395414094398,0.0,0.0,0.2026400505621206,0.08416852829053521,0.013693356586296354,0.29787883322890346,0.19196113497742154,0.1250594485986612,0.013214693615117595,39,True,0.3079381084058688,0.29787883322890346,0.3079381084058688,0.808929702504949
695,0.07952176201649676,0.20226763896114078,0.2114555543986198,0.0,0.11209005106383133,0.17344122991436162,0.0,0.0,0.08995582405067866,0.13126793959487096,16,True,0.24478300986581672,0.2114555543986198,0.24478300986581672,-0.03247773642960044
696,0.0,0.26224227457322513,0.033947604846466015,0.12070596980146826,0.0,0.32591639054453053,0.0,0.04379087173663724,0.14516177499306973,0.06823511350460307,25,True,0.3440355901662178,0.32591639054453053,0.3440355901662178,1.1423225062091564
697,0.0,0.10702906672784991,0.17113934160061064,0.13153460539908957,0.2337267635633494,0.1405924985479329,0.04437500649101407,0.0,0.17160271767015356,0.0,16,True,0.2526981051615298,0.2337267635633494,0.2526981051615298,0.010462920547416502
698,0.0,0.2054028793817317,0.0,0.13016809624658285,0.11221510386559254,0.018014049545361597,0.0,0.09347143376157831,0.2641867070017035,0.17654173019744948,72,True,0.28591837863682784,0.2641867070017035,0.28591837863682784,0.4048430176808011
699,0.02954102764618287,0.0,0.22425580178107174,0.14209506917726444,0.07351573762913063,0.03000225720117278,0.17136822402122903,0.0,0.0,0.32922188254394863,6,True,0.3397251255024385,0.32922188254394863,0.3397251255024385,1.0223302367247875
700,0.17559232333818972,0.1012200049904242,0.19989852383177062,0.0,0.0,0.12463077534758005,0.2574149058584884,0.0,0.0,0.14124346663354698,16,True,0.2877195753580579,0.2574149058584884,0.2877195753580579,0.22272884351407124
701,0.06978179455043124,0.07609914689520068,0.0,0.08719072323484907,0.07212601593805412,0.0,0.34770882880326714,0.09603309576994985,0.09873037547705525,0.1523300193311927,187,True,0.2941782968615298,0.34770882880326714,0.2941782968615298,1.9557698163556072
702,0.0,0.06491040669419922,0.05250480226463891,0.1327961036261677,0.0,0.1127758348460645,0.13015315938775546,0.03889761352317771,0.12607940454330668,0.3418826751146897,133,True,0.29758353155300465,0.3418826751146897,0.29758353155300465,1.6870973485704956
703,0.09599537900126805,0.18825936852585562,0.0825463977789276,0.13781360124692413,0.11185170444000306,0.09358518641786524,0.13562994012622434,0.13394765749922918,0.019686595542543237,0.0006841694211596346,23,True,0.16869402996342542,0.18757519910469597,0.16869402996342542,-0.5278184635711833
704,0.0,0.0,0.0460400204136511,0.0,0.21487683327335771,0.0,0.17603383493382482,0.0,0.22641042556890525,0.3366388858102612,98,True,0.37929812581220557,0.3366388858102612,0.37929812581220557,0.8294430034102936
705,0.1697337824932106,0.07958111744048345,0.1614844077384796,0.03088962442797798,0.07882490152882463,0.16488475144772768,0.0,0.0,0.21231200735965514,0.10228940756364074,17,True,0.22608394844015872,0.21231200735965514,0.22608394844015872,-0.02812875171175468
706,0.0,0.2179776115443767,0.03179858951509673,0.10292594817983171,0.17329796717104537,0.18025574910882047,0.06011944633717988,0.030131259251331827,0.10890156367548409,0.09459186521683324,72,True,0.21673226086344882,0.2179776115443767,0.21673226086344882,0.30634139111408115
707,0.0,0.12357281526418563,0.1465435742584415,0.0,0.0976022716748316,0.04612607533238997,0.0,0.27827548431070315,0.05186699413766309,0.25601278502178515,11,True,0.30670678902537585,0.27827548431070315,0.30670678902537585,0.820061791023628
708,0.1654517699664855,0.09355817938456411,0.0,0.10364922132225542,0.1526878970782408,0.16394912613626555,0.02029579808255673,0.0032264639832612772,0.20186568334512223,0.09531586070124837,17,True,0.21753319051074416,0.20186568334512223,0.21753319051074416,-0.24326413947458514
709,0.036436665534125987,0.16167879128763496,0.0,0.0,0.021740942736714577,0.08487195656909241,0.181890403514112,0.03618098597741417,0.20736137097489502,0.2698388834060109,69,True,0.29214469626819944,0.2698388834060109,0.29214469626819944,0.5896807484451488
710,0.10729294724633766,0.16513675305423814,0.0,0.04525259552102999,0.09482952476715073,0.14319105990423342,0.022654054837011047,0.1578929090079948,0.0,0.26375015566200427,11,True,0.2556043056578857,0.26375015566200427,0.2556043056578857,0.519900065723212
711,0.0,0.0,0.01507556137054142,0.0,0.18460695526430423,0.005566225068335978,0.1827569445516058,0.13853480367131685,0.19274338316196607,0.2807161269119297,98,True,0.32075151069846775,0.2807161269119297,0.32075151069846775,0.394850568106254
712,0.06174335347164936,0.0,0.004302701357034957,0.03133061226999507,0.09768461369780816,0.11212330356487796,0.03693540893842465,0.0,0.3891530186124734,0.26672698808773637,17,True,0.3884248494377022,0.3891530186124734,0.3884248494377022,1.6192822056873337
713,0.07758673438885329,0.08181091096047624,0.21420440015860057,0.0,0.14774927731095658,0.11770285326847874,0.23495531396562758,0.030936624564754572,0.09505388538225243,0.0,16,True,0.2438777923314788,0.23495531396562758,0.2438777923314788,0.44339882849138007
714,0.0,0.2911132892373907,0.14508212702750028,0.014036517820425328,0.002766135093171352,0.22345604391036344,0.0,0.09954113202482835,0.0725870624718248,0.15141769241449562,25,True,0.30665564698630166,0.2911132892373907,0.30665564698630166,0.7170877257631292
715,0.14087408528011477,0.0,0.22857823774027322,0.1813506439190104,0.011748990081349357,0.0,0.21385581532925643,0.22359222764999584,0.0,0.0,23,True,0.31756480835470086,0.22857823774027322,0.31756480835470086,0.1649675023639987
716,0.1642903834155109,0.0,0.14309728007162634,0.15577198480199678,0.13437565206228136,0.10754344121677456,0.0,0.008097006917177206,0.08656677401478031,0.20025747749985262,17,True,0.22139987735028793,0.20025747749985262,0.22139987735028793,-0.41831182328526456
717,0.0,0.0,0.25867907974853566,0.03398795706488124,0.19148725613234147,0.2013660149186558,0.048580015283869446,0.0,0.2014602271342914,0.06443944971742475,16,True,0.3039479765225828,0.25867907974853566,0.3039479765225828,0.4511938829285266
718,0.016630162760881636,0.04098699012112344,0.01551982248468098,0.0,0.18312922500994727,0.11545087749011483,0.23600123580640647,0.05793981863704795,0.06824644298897774,0.2660954247008197,98,True,0.28910298622079705,0.2660954247008197,0.28910298622079705,0.8041404714194825
719,0.28091874159174424,0.0,0.21034349132854718,0.20235987986940465,0.0,0.07200778629484297,0.0,0.0,0.0652149933170427,0.16915510759841837,17,True,0.3196260498920415,0.28091874159174424,0.3196260498920415,0.5287893886060402
720,0.13601943412233963,0.15375698692573764,0.040059545482251706,0.09446241243365926,0.0,0.195663380052163,0.029967191550606138,0.18158100388355797,0.04854930516144077,0.11994074038824393,11,True,0.20388006304011605,0.195663380052163,0.20388006304011605,-0.029549537675946494
721,0.2098038567254452,0.05225793694389566,0.11986825110612734,0.09651082398239301,0.007939297768946413,0.07523732319210677,0.06881909299454364,0.061408836949679566,0.20011301543421173,0.1080415649026508,17,True,0.19073616803997503,0.20186455895649877,0.19073616803997503,0.7261016900483608
722,0.1354824473592562,0.0,0.11459193945028914,0.05141183018953332,0.0918890147416137,0.08388300122467705,0.20386043516863964,0.16695717925085277,0.15192415261513814,0.0,23,True,0.2052429200140403,0.20386043516863964,0.2052429200140403,-0.2216944854059483
723,0.033280834733512406,0.315152105582878,0.2314426037687187,0.022168304422612525,0.0,0.253110669435926,0.0,0.01385532181642407,0.1309901602399282,0.0,25,True,0.36864749989484524,0.315152105582878,0.36864749989484524,0.8564297402441633
724,0.0,0.11082104520335488,0.0,0.11862452480339059,0.12325421519471394,0.09707749063297912,0.13496268633135364,0.1997067218173873,0.21555331601682057,0.0,39,True,0.2356473131235008,0.21555331601682057,0.2356473131235008,-0.11544061923977308
725,0.0,0.0,0.1431048760978023,0.164178597612292,0.008922532545472674,0.0,0.2722186050629912,0.3851841725257816,0.0,0.02639121615566018,23,True,0.41313380527489874,0.3851841725257816,0.41313380527489874,1.2493361474250455
726,0.0,0.0512557089765887,0.01768046584239639,0.27591932313801093,0.14002910696506968,0.21924679974582548,0.0,0.29586859533210885,0.0,0.0,23,True,0.36645157272967355,0.29586859533210885,0.36645157272967355,0.7654631169907001
727,0.0,0.0,0.12009649377703199,0.2128285266696638,0.06629701713065551,0.0,0.2123500754994491,0.23197970152531844,0.09885383788941582,0.05759434750846525,53,True,0.2758818056290216,0.23197970152531844,0.2758818056290216,0.36557167079081737
728,0.0,0.18917955652991175,0.0,0.0006840838792023943,0.04482861754491857,0.0,0.351220742689097,0.07205461219169902,0.26836206938624146,0.07367031777892985,69,True,0.37919964500337794,0.351220742689097,0.37919964500337794,1.1794126043022173
729,0.0,0.09155615204020982,0.0573231224280471,0.17643044286817727,0.084105564863902,0.0,0.2029094326741749,0.29668632105350035,0.0909889640719886,0.0,23,True,0.2955400465323742,0.29668632105350035,0.2955400465323742,0.8806623979196424
730,0.18100238861718615,0.0,0.22718534500242743,0.0,0.20516911980542535,0.0,0.09788080126860446,0.1440554832867174,0.1447068620196392,0.0,6,True,0.2788227444600897,0.22718534500242743,0.2788227444600897,-0.012640616278711141
731,0.01456652020434085,0.08953582486166518,0.12101690917062183,0.0,0.10812399802141195,0.17716765175052857,0.16103859822437197,0.1364574252666337,0.051597154190383465,0.14049591831004257,16,True,0.1814071220637757,0.17716765175052857,0.1814071220637757,-0.5819837492529708
732,0.024070222441811957,0.0,0.061373492127543304,0.1525448457505286,0.16473903524769898,0.0,0.2879109541847198,0.2075803788398052,0.10178107140789217,0.0,39,True,0.30182226319391087,0.2879109541847198,0.30182226319391087,0.6548470369130931
733,0.0819787643939783,0.2317884140077011,0.07969243015037093,0.10162860849041186,0.18015904191550303,0.02415886959608857,0.0,0.0,0.2354091407747313,0.06518473067121493,47,True,0.2642595092021986,0.2354091407747313,0.2642595092021986,0.5677910486561768
734,0.11277489252646995,0.0028855181951687003,0.13489839068355988,0.19886929571612588,0.0,0.051280176312377745,0.13854497501683488,0.0198159554577619,0.21684972192690838,0.12408107416479262,52,True,0.23475525282444268,0.21684972192690838,0.23475525282444268,0.03786614112951391
735,0.012020328288430967,0.0,0.0,0.029630136617111197,0.16127300975709283,0.2856214567262626,0.08200360986974019,0.0,0.12765582996594216,0.3017956287754201,307,True,0.35030306594514304,0.3017956287754201,0.35030306594514304,0.9446835753188346
736,0.0,0.0,0.07294307177932846,0.10434798626668096,0.14170597987248765,0.0,0.3575614475087969,0.1304118167286609,0.08551431999183824,0.10751537785220679,39,True,0.3162585410318003,0.3575614475087969,0.3162585410318003,1.6792026664726127
737,0.2939391107295184,0.0,0.03928151769015459,0.028059273198422382,0.17348206471965347,0.10825614031485165,0.0,0.0,0.20459213429291265,0.15238975905448693,17,True,0.3092354443387795,0.2939391107295184,0.3092354443387795,0.6827162754411646
738,0.04431417964080388,0.0,0.18107817754353883,0.07238624215248562,0.08603916580895071,0.04494929384950208,0.24377353177168123,0.32395971720786654,0.0,0.00349969202517119,23,True,0.3373480087883503,0.32395971720786654,0.3373480087883503,1.120985158488425
739,0.13463373366581488,0.0522003123226077,0.20176623936374852,0.015394455649983624,0.06343282619448559,0.10344960890062806,0.14386596322981804,0.2124422293800802,0.0,0.0728146312928334,16,True,0.21829876593826658,0.2124422293800802,0.21829876593826658,0.29477673055913756
740,0.12534850732445085,0.0,0.2811365683768089,0.08482517217432885,0.017133616525898537,0.20767144884221067,0.048684794190082266,0.0,0.23519989256621995,0.0,23,True,0.3210226134239333,0.2811365683768089,0.3210226134239333,0.676860560121881
741,0.3573552121627082,0.08685952635466893,0.09980773778196876,0.047539373509397846,0.0550088431157104,0.0,0.17412045908825263,0.17360861538294614,0.0,0.005700232604347179,160,True,0.3331444920964355,0.3573552121627082,0.3331444920964355,1.4984974311290344
742,0.20698878213228872,0.0951652640672908,0.038718481154358116,0.10969462530650069,0.0,0.1364951384128957,0.1948643154571632,0.0058655299572600095,0.0476316960249638,0.164576167487279,69,True,0.22676934775070148,0.20698878213228872,0.22676934775070148,0.06082514847313655
743,0.17932849503001133,0.04943312470878301,0.07746745793061532,0.08629319383001885,0.08489646389826228,0.03239226029863257,0.0932902120383422,0.01330272366660301,0.16364711982688018,0.21994894877185112,17,True,0.20085985016943433,0.2066462251052481,0.20085985016943433,0.6363376538583603
744,0.0,0.06812810345010796,0.20988798923139743,0.18550212589275641,0.08780957457956978,0.06796454184983239,0.11132064855991455,0.2510303562007414,0.018356660235680087,0.0,23,True,0.2667969997129312,0.2510303562007414,0.2667969997129312,0.5503763553893787
745,0.02034227732793909,0.1046507060156733,0.17625314721910093,0.08248572126927654,0.15204469916057298,0.16785702617412906,0.2220891795448566,0.01967233240998236,0.015770735738771482,0.03883417513969763,33,True,0.22802550298408986,0.2063184438060851,0.22802550298408986,0.2723801770790141
746,0.06923052288397875,0.22894533435812195,0.15998252559179102,0.08829643109225462,0.050819915350300685,0.1407918980483851,0.0,0.10747063212946585,0.08099831093237561,0.07346442961332644,11,True,0.19108167776213775,0.22894533435812195,0.19108167776213775,0.673392292710204
747,0.0,0.0,0.0,0.13411817197649806,0.11737584830796921,0.07684977649767526,0.206531428234145,0.2302745686049985,0.19731707143794014,0.03753313494077386,39,True,0.27146829034356296,0.2302745686049985,0.27146829034356296,0.2118922781638521
748,0.0,0.21656017429763227,0.12525291442867237,0.0,0.10653942805480636,0.011633445706972265,0.10305170033170184,0.06620474856920129,0.25755240501897,0.11320518359204353,16,True,0.2611971765764121,0.25755240501897,0.2611971765764121,0.5859873478074533
749,0.06596606373538405,0.25204495310976804,0.16420205751077513,0.0,0.0,0.05906908618715636,0.0012811818433897625,0.16355997073045606,0.09161491612389859,0.20226177075917195,16,True,0.2727384732777754,0.25204495310976804,0.2727384732777754,0.37616328190099474
750,0.0,0.10100373394464783,0.09129709128168212,0.15774299358935065,0.17544844506056337,0.12833162377413657,0.06753622685096723,0.07699859810292863,0.10326069184758413,0.0983805955481393,25,True,0.1466368501325398,0.17544844506056337,0.1466368501325398,-0.47840930720708047
751,0.0,0.016246318255631605,0.20087835797258596,0.0,0.2640446091435443,0.04046222802330369,0.28771042761334076,0.09703595063368566,0.07798260111647344,0.01563950724143464,246,True,0.33240329602680374,0.28771042761334076,0.33240329602680374,0.8827274404381263
752,0.0,0.16479355764194242,0.13945931900842626,0.11852662361622292,0.16835952262877144,0.052168406002593544,0.0,0.0,0.04449760408278823,0.31219496701925514,11,True,0.3019380473712208,0.31219496701925514,0.3019380473712208,0.9445333346991259
753,0.11621516378022315,0.0,0.23403501309550254,0.08452173794329002,0.09049668148874418,0.0394016090367297,0.12186512685869082,0.15270619094173593,0.041150357620070036,0.11960811923501377,23,True,0.19832840442711291,0.23403501309550254,0.19832840442711291,0.5507672120310136
754,0.0,0.13242675590898387,0.27080247638176397,0.0,0.014101058491286756,0.03596166468820702,0.3110376731709739,0.05993456742941494,0.17573580392936958,0.0,16,True,0.35154312304475765,0.3110376731709739,0.35154312304475765,0.9399583928068053
755,0.22441363734897096,0.1865181542412579,0.16040256696985347,0.021996144760412853,0.22571407717014413,0.10124318232848227,0.0,0.07971223718087829,0.0,0.0,11,True,0.28091704063966855,0.22571407717014413,0.28091704063966855,0.219499202272839
756,0.19928727586659,0.06075857171099158,0.08854460575502122,0.09371619556584629,0.056277771871750086,0.0,0.18422241093038486,0.18520250200928043,0.13199066629013542,0.0,39,True,0.22103502417580317,0.19928727586659,0.22103502417580317,0.028370388027163473
757,0.37217860720839674,0.07003071224713811,0.0,0.08915148117653256,0.08478791686896739,0.11530757614166795,0.0,0.0,0.10348196089861797,0.16506174545867935,17,True,0.33137279146804977,0.37217860720839674,0.33137279146804977,1.7943016453411862
758,0.0,0.4154301483575594,0.0,0.09301109824871921,0.2831945399200734,0.176407320485973,0.0,0.0,0.0,0.03195689298767496,399,True,0.43996955091554385,0.4154301483575594,0.43996955091554385,1.4381939024969939
759,0.240589634637234,0.13227868372538285,0.11789431613936176,0.16204198275810777,0.13012587668272907,0.10824881272423369,0.0,0.10882069333295091,0.0,0.0,11,True,0.23670696853549422,0.240589634637234,0.23670696853549422,0.024197367194122233
760,0.24339755177935987,0.0012259890491261357,0.11418942427291284,0.03657655356135584,0.002597810462531717,0.21480320813130627,0.0,0.0,0.12117916248011283,0.2660303002632944,17,True,0.3243834414204916,0.2660303002632944,0.3243834414204916,0.5392163988034946
761,0.0,0.11211618151419984,0.10801723604534459,0.0,0.08874234697038168,0.25434687975980935,0.11964773584545112,0.11627486193161878,0.011838596482051574,0.18901616145114322,16,True,0.24598371225776827,0.25434687975980935,0.24598371225776827,0.4308038030352969
762,0.10703859898406891,0.0,0.1457081299083985,0.10724412320980703,0.1507085836370158,0.1347951642078567,0.0,0.0,0.16251975566600196,0.1919856443868512,17,True,0.21987131432950777,0.1919856443868512,0.21987131432950777,-0.602777101812352
763,0.06788532476134292,0.1328325423049081,0.11811442493789985,0.0,0.24500513099607424,0.12513205725703458,0.1044821166031504,0.09776151243155774,0.054869276217699145,0.053917614490333034,664,True,0.19565540520796387,0.24500513099607424,0.19565540520796387,0.9429383827817678
764,0.08209415049640735,0.05834923429559169,0.14277637109670993,0.0,0.0,0.0,0.14499237177225116,0.0,0.21086318411619231,0.3609246882228474,17,True,0.355361612570457,0.3609246882228474,0.355361612570457,1.2716893213827805
765,0.11516401941187222,0.15731992753293186,0.06267705694112248,0.09053396468182101,0.0,0.23965976475972356,0.05192481211717957,0.13525214086595674,0.0,0.14746831368939253,25,True,0.22429925836520964,0.23965976475972356,0.22429925836520964,0.29997017657680936
766,0.012173590959977639,0.05860719779761697,0.17686981334445542,0.0266385897509449,0.05947987570420197,0.028177058234798193,0.20884003366028306,0.33901786404994855,0.0,0.0901959764977733,23,True,0.3264811380342369,0.33901786404994855,0.3264811380342369,1.3811982198845942
767,0.2204510869812761,0.33939262540260995,0.0965056570604991,0.004968687485510775,0.11084070628775529,0.06362641478679969,0.0,0.0,0.12322811313957019,0.04098670885597882,11,True,0.3260722720942148,0.33939262540260995,0.3260722720942148,1.337877039494932
768,0.1226533927937636,0.2414514728308552,0.12312886610988358,0.018144081893930956,0.015095327870939442,0.04579246437156167,0.04947988068661932,0.09309680070162653,0.06142949269539789,0.22972822004542187,11,True,0.24253107665149604,0.22635614495991574,0.24253107665149604,0.9281727341089839
769,0.27376419148397474,0.0,0.13641823477032725,0.1159216263140196,0.08855523861794554,0.01776888261165647,0.05843846009136946,0.19828859465467571,0.006408297936965128,0.1044364735190663,23,True,0.26236199784169617,0.27376419148397474,0.26236199784169617,0.788949322744299
770,0.08741772521654272,0.0,0.2671682890870195,0.0,0.1317280765635949,0.02596117856343887,0.3160731383181911,0.09119940360164404,0.0,0.08045218864956886,16,True,0.33427404470789984,0.3160731383181911,0.33427404470789984,1.1420656307956574
771,0.10267118459688332,0.04162589235615039,0.22751829618288127,0.02640117234843137,0.00470811553500239,0.0,0.25132562807447106,0.29173895584519244,0.0,0.054010755060987854,23,True,0.34051608149854745,0.29173895584519244,0.34051608149854745,0.8574297507756714
772,0.08453821272086517,0.0,0.15016097366403958,0.18071923743341736,0.17173073489239815,0.0,0.31354766235195036,0.0,0.0,0.0993031789373294,39,True,0.3162580804033339,0.31354766235195036,0.3162580804033339,0.8009153609393148
773,0.002641757668993032,0.0,0.07294284933573776,0.1034005363760166,0.24387965541136772,0.0,0.259309665073043,0.07023945053064287,0.0,0.247586085604199,470,True,0.33010687359575436,0.259309665073043,0.33010687359575436,0.6533671418074896
774,0.045835934844965336,0.07834731897900263,0.12197774968368898,0.018200279505072272,0.08457127853187253,0.09505155106078679,0.18081729460841614,0.17488087751618667,0.0,0.20031771527000858,85,True,0.20746459413398793,0.20031771527000858,0.20746459413398793,0.1040268378680478
775,0.0,0.0,0.0,0.2989035243568267,0.11121083561314977,0.0,0.044039750891186724,0.0,0.14264460418434596,0.40320128495449087,133,True,0.43193683077636036,0.40320128495449087,0.43193683077636036,1.4261031461233002
776,0.1962351267069721,0.003332051976054071,0.049663941503629294,0.05567357557646508,0.10892156295086763,0.14232322949924006,0.030297698849117663,0.051087474060104575,0.2049024679289486,0.15756287094860094,17,True,0.2157409334927031,0.20157041595289452,0.2157409334927031,0.2760864356099515
777,0.0,0.06399393202776918,0.1175615294103024,0.17661961273609464,0.243494742714951,0.03996595931232694,0.15861878556183714,0.1876118751422793,0.0,0.012133563094439435,15,True,0.26552353935417466,0.243494742714951,0.26552353935417466,0.2689036140996618
778,0.2794802363879598,0.30121909821596654,0.07643713371306486,0.04410023236232433,0.16913933523238925,0.07888059204110913,0.0,0.0,0.0,0.050743372047186076,11,True,0.33769034024756994,0.30121909821596654,0.33769034024756994,1.0656069251300695
779,0.11568695831556212,0.12566346068886416,0.09766695791120707,0.036727408751313737,0.10239891560217984,0.0,0.14252056529719515,0.12974055487021927,0.0,0.24959517856345872,11,True,0.22358561914200903,0.24959517856345872,0.22358561914200903,0.4087758098058066
780,0.04984655385011909,0.12766010449770082,0.11369025647574454,0.03171362513827725,0.27479636036896565,0.1400128146592387,0.039388627614891224,0.12220269039267666,0.06243319688176617,0.03825577012061986,11,True,0.22288115024347233,0.2430827352306884,0.22288115024347233,1.5186386321974528
781,0.28216059652215464,0.0,0.1535479710917477,0.18191475584831018,0.0,0.13165068679304776,0.030290731401918063,0.0,0.016742721317397374,0.20369253702542428,17,True,0.31033040481137325,0.28216059652215464,0.31033040481137325,0.4992026026975069
782,0.1880537843941671,0.2750279064581485,0.04355797442218316,0.03134837376090679,0.2603579435240662,0.1093100494982108,0.0,0.05780924654776783,0.007925564024650656,0.02660915736989909,11,True,0.3126216712158398,0.2750279064581485,0.3126216712158398,0.9100517280405523
783,0.13744165026052357,0.0,0.0,0.15856620180786896,0.09462494533762382,0.0,0.0,0.12303179238314826,0.10960330242247986,0.3767321077883555,17,True,0.34937675185942035,0.3767321077883555,0.34937675185942035,1.5351818058269897
784,0.09586841613921324,0.03862954612597802,0.1677959928622739,0.14111300769043517,0.03389429134054236,0.13424806206526374,0.0,0.010142771002236138,0.2377556969996187,0.1405522157744386,52,True,0.23304143189410903,0.2377556969996187,0.23304143189410903,0.2537728454721299
785,0.1421180931613287,0.0,0.08135020413866173,0.20996055760115395,0.0,0.05560871561107033,0.0,0.0,0.2263222985625205,0.2846401309252648,17,True,0.3259339811635003,0.2846401309252648,0.3259339811635003,0.6087556727427199
786,0.06173344845425837,0.0,0.2655408234181621,0.0,1.7804962561353365e-05,0.11548676775104028,0.2461609558284904,0.2022060706202552,0.0,0.10885412896523228,23,True,0.31779218675906523,0.2655408234181621,0.31779218675906523,0.5462913644017797
787,0.15249606568509944,0.18030217118349975,0.010623665790288277,0.19426736062841113,0.20375697796657458,0.038468683649092124,0.06766207332230377,0.0,0.0,0.15242300177473084,304,True,0.25381935700676694,0.20375697796657458,0.25381935700676694,-0.05033311084310731
788,0.16367708803451397,0.04212855277851679,0.1339953501135291,0.10486090110467143,0.16343380703960808,0.08194160122915907,0.13409843949089728,0.04177080668578178,0.13409345352332236,0.0,16,True,0.16925970541610263,0.16367708803451397,0.16925970541610263,-0.591619481938087
789,0.16594747702815274,0.05988771520402339,0.0,0.19131317850905338,0.17049867413592357,0.061063247694560466,0.0806178537353763,0.11537417364095931,0.06868256505151449,0.0866151150004363,11,True,0.18042800533605258,0.19131317850905338,0.18042800533605258,0.15210102231354816
790,0.03554348318568979,0.0,0.017986590754523465,0.14343561642676933,0.0,0.18993058457477485,0.20011915052064505,0.24482245142863257,0.12392982456933031,0.044232298539634764,40,True,0.27483643215756387,0.24482245142863257,0.27483643215756387,0.337993381706348
791,0.0,0.27047692212924146,0.2680607432607986,0.10058580690970692,0.11145133393025046,0.21477442402121905,0.03442268637917088,0.00022808336961259478,0.0,0.0,614,True,0.33891925062140865,0.27047692212924146,0.33891925062140865,0.6684533903211919
792,0.13814368751894956,0.24508711827008822,0.0,0.2263875956888542,0.0,0.20285729248627682,0.0,0.1774454448837463,0.0,0.010078861152084985,11,True,0.32115769941264993,0.24508711827008822,0.32115769941264993,0.22122173351970761
793,0.0,0.17743618159888294,0.05522873523751772,0.4024138213423388,0.0007794242042744565,0.010040765600224094,0.18599612598912824,0.01863396545228592,0.018267429461273736,0.1312035511140742,105,True,0.3860854493180323,0.4024138213423388,0.3860854493180323,1.623034592197141
794,0.16579327803753252,0.08362168520106354,0.09956493221750683,0.04815591917420691,0.20971134974732106,0.08961821341910009,0.043367816096500186,0.02577257950551865,0.03091886188324336,0.20347536471800698,11,True,0.20886750187903708,0.1839387702418024,0.20886750187903708,0.6782889484969746
795,0.0,0.12265166798399514,0.041857263506530795,0.0,0.16351314945167575,0.15779531966478158,0.0,0.20692208689917962,0.12547098570718845,0.1817895267866487,85,True,0.2450276014443817,0.20692208689917962,0.2450276014443817,-0.24207390164261383
796,0.19139756408921488,0.17102190155986402,0.10809834739604034,0.18263868359108626,0.0692115106659123,0.09167920118837866,0.011509164706260878,0.0,0.07958359416195977,0.09486003264128295,17,True,0.19895578420832705,0.19139756408921488,0.19895578420832705,-0.02129894654561164
797,0.0917247267180236,0.15890766184095464,0.0,0.17663692656985547,0.047071749229749,0.11087381146702718,0.08919292141620005,0.0,0.06151580418844092,0.2640763985697492,11,True,0.24667862013832928,0.2640763985697492,0.24667862013832928,0.7159549237325395
798,0.0777043033823389,0.1352029080507472,0.22199400721777,0.09066229302925646,0.0,0.21561731954237484,0.01157811287295369,0.08856017414068267,0.10069393190002497,0.057986949863851237,367,True,0.22313295505506262,0.22199400721777,0.22313295505506262,0.5488023791713454
799,0.1613504671176327,0.09412884608933733,0.0,0.0,0.17660595175430455,0.15521481612233876,0.0,0.02250595882592985,0.24878008413379477,0.14141387595666205,72,True,0.26939088143718276,0.24878008413379477,0.26939088143718276,0.14339729891178754
800,0.15882109723772736,0.0,0.1618699241932387,0.0,0.0,0.33368845551271287,0.13816908781921589,0.18339129662960096,0.0,0.024060138607504094,16,True,0.340699212512552,0.33368845551271287,0.340699212512552,0.8913189945774074
801,0.23908815357879795,0.0,0.21852803158776557,0.04265723641166896,0.0,0.1523652185376545,0.0,0.0,0.23306919392686895,0.11429216595724406,17,True,0.31198781028522454,0.23908815357879795,0.31198781028522454,0.3297312627947631
802,0.17287585156789753,0.11526147154684065,0.08964298091106564,0.02611685670127664,0.15548994575824504,0.0,0.1940439004175769,0.17223689469841827,0.06845423769298009,0.005877860705699121,11,True,0.21932956807090728,0.1940439004175769,0.21932956807090728,-0.17752881711804766
803,0.24892660652530013,0.0,0.1794579583711564,0.14691519298326666,0.0,0.09550099375550768,0.0,0.015138069062752951,0.19443769296236213,0.119623486339654,17,True,0.2778832201844386,0.24892660652530013,0.2778832201844386,0.20037337465984176
804,0.07986514147911958,0.29063069149683973,0.0,0.1821236534286349,0.07965535943889974,0.17186345337019518,0.0,0.19586170078631085,0.0,0.0,58,True,0.3134605135071728,0.29063069149683973,0.3134605135071728,0.5742958689554725
805,0.024101208041666638,0.341000694627216,0.02812279710720332,0.051642652748635796,0.12688841654462538,0.13232494385329335,0.09123295913458962,0.042884855650053164,0.16180147229271674,0.0,25,True,0.3004547193788285,0.341000694627216,0.3004547193788285,1.6837578975851668
806,0.03182084533332603,0.13237024829366023,0.1840232898407505,0.1846400751642638,0.13600520662511115,0.0519904195933318,0.061412858803222795,0.0,0.12691895200621822,0.0908181043401154,16,True,0.1892598347004294,0.1846400751642638,0.1892598347004294,-0.10297539418691842
807,0.052417699801397676,0.20538517667548653,0.12536848549883658,0.21355149466718493,0.0,0.10713904962766829,0.01859068308119871,0.05697595585622071,0.15379658637770083,0.06677486841430572,68,True,0.22234006861744007,0.21355149466718493,0.22234006861744007,0.3559597934664741
808,0.1625480002140527,0.03874995585658126,0.0,0.04655630072907104,0.1504931352662135,0.21220878521836514,0.07055835232521464,0.020174135125569204,0.1917349621975308,0.10697637306740165,17,True,0.22663488215766292,0.21220878521836514,0.22663488215766292,0.20679759020361405
809,0.014097448066229193,0.014953669430645938,0.11456571637363915,0.13978443396967793,0.11361765526816181,0.0,0.28577133100158986,0.17761208888941163,0.13959765700064455,0.0,39,True,0.2805265170899792,0.28577133100158986,0.2805265170899792,0.6387528816402034
810,0.10650979763518324,0.024082494274693115,0.041935238785454514,0.06648232172897202,0.11851385992776285,0.028231405884978487,0.24264118718188746,0.37160369458106846,0.0,0.0,23,True,0.3604294184633123,0.37160369458106846,0.3604294184633123,1.5940875991966965
811,0.0745895511872603,0.0684376811452898,0.013568404359407394,0.0,0.11580508696467313,0.11486615130361756,0.19518042801563254,0.08053009796907822,0.08894147697535847,0.24808112207968258,16,True,0.22599069769366653,0.24808112207968258,0.22599069769366653,0.7844453975715798
812,0.2332201948793893,0.028195987735538986,0.07931618535611595,0.2454053618066547,0.025961816370220422,0.015252596019506173,0.12144156888636018,0.0,0.11632948428245803,0.13487680466375623,17,True,0.2628317627014426,0.2454053618066547,0.2628317627014426,0.6406087502016591
813,0.21270565876115644,0.0,0.08617504022964619,0.14095301317284803,0.1564788696129826,0.0,0.12636628999984068,0.2089361854071086,0.0,0.06838494281641744,23,True,0.24763378729539864,0.21270565876115644,0.24763378729539864,-0.010535118866564486
814,0.26452641645659003,0.16461852458248374,0.0,0.0,0.05756914756326039,0.025039683752297485,0.09511447619478486,0.17780718942988288,0.14004333212247347,0.07528122989822718,11,True,0.25875902843064685,0.26452641645659003,0.25875902843064685,0.5943121966210364
815,0.306834889307869,0.024477558582737497,0.09123181837179654,0.0,0.11810805585519653,0.03488839150194968,0.0,0.294267779629792,0.07548928860646367,0.05470221814419504,11,True,0.3369291454684627,0.306834889307869,0.3369291454684627,1.3109290451920868
816,0.19541651200373691,0.1727776900013746,0.04610896928141178,0.2678665354752768,0.07467185716354127,0.06191662455024354,0.0,0.008392450389007097,0.17284936113540803,0.0,52,True,0.28508797013911064,0.2678665354752768,0.28508797013911064,0.5461188357668763
817,0.0,0.12216849500757139,0.16539005499598555,0.0,0.05670805743932548,0.0,0.23184584108331388,0.27771895919132483,0.09185805000128085,0.054310542281198075,16,True,0.2962476428891706,0.27771895919132483,0.2962476428891706,0.7238275631600989
818,0.3029880852087098,0.0,0.0,0.14446136775960275,0.0,0.0,0.026732153228879427,0.0,0.3167600714749272,0.2090583223278808,17,True,0.39677172225981144,0.3167600714749272,0.39677172225981144,0.8729239687969972
819,0.0,0.14251136235355608,0.014621350367363272,0.1891422425389297,0.06971966628265691,0.2547126864294678,0.06796304703179486,0.040003117035430115,0.15414849081836487,0.06717803714243627,153,True,0.24603112755107812,0.2547126864294678,0.24603112755107812,0.6830950684358341
820,0.21848936067063224,0.0,0.17875321466150818,0.0996843443854355,0.033707525882986686,0.10567874255834657,0.0,0.03764016971164001,0.047274440651504906,0.27877220147794574,2,True,0.2886123184398036,0.27877220147794574,0.2886123184398036,0.8088255096141809
821,0.0,0.03373179332766901,0.16932770067866765,0.1462859858909538,0.0,0.021739088114257128,0.26105886694620506,0.16993796309788473,0.02519594626676273,0.17272265567760003,45,True,0.2813902566260026,0.26105886694620506,0.2813902566260026,0.36152526424098075
822,0.0,0.07994226405489387,0.021422962305821174,0.0,0.1326083402359971,0.07619809945472107,0.2725691997493246,0.0,0.2394719479479646,0.17778718625127765,98,True,0.30576117683244697,0.2725691997493246,0.30576117683244697,0.6363569078201236
823,0.14402036898512097,0.3370199845583287,0.17721086840834654,0.0,0.09209018912517701,0.03345933916095113,0.00015638280847082338,0.0,0.05758573776428531,0.15845712918931948,47,True,0.3221070665274293,0.3370199845583287,0.3221070665274293,1.1999760931979262
824,0.10389952537483407,0.0359452869537574,0.13376278634231345,0.2197985325236756,0.1534028694533598,0.023750756562157468,0.0,0.0,0.19192507240847814,0.13751517038142416,6,True,0.24110837238626848,0.2197985325236756,0.24110837238626848,0.008993436610970611
825,0.0,0.06703253243223359,0.0,0.160688060524094,0.07447882538707776,0.1294845476664508,0.2915169780622791,0.0572788262418465,0.13290583226705646,0.0866143974189619,39,True,0.2570143638782729,0.2915169780622791,0.2570143638782729,1.143405767257185
826,0.0,0.15627025268323827,0.0799449101514804,0.1082994430154275,0.18151344118805984,0.19965787555418724,0.0,0.1137014232521885,0.0,0.16061265415541828,85,True,0.2325407164722495,0.19965787555418724,0.2325407164722495,-0.3198941415904469
827,0.11951718109696077,0.0,0.13864606805603547,0.09996069300837189,0.0,0.01806985737429469,0.15359050551217857,0.0,0.22094348652284107,0.24927220842931752,17,True,0.2799436553533378,0.24927220842931752,0.2799436553533378,0.30157150675434274
828,0.1428003438499019,0.11131446624021644,0.2712202160437218,0.1334215441798981,0.0923015766363481,0.08833638102804663,0.024004323566727607,0.09637844422472838,0.04022270423041085,0.0,11,True,0.2279261676497817,0.2712202160437218,0.2279261676497817,1.1027964931011305
829,0.04694904591248997,0.0,0.20908660370793591,0.1349732759353861,0.1934131068898642,0.0,0.2567302216637679,0.15884774589055597,0.0,0.0,39,True,0.30445171864479675,0.2567302216637679,0.30445171864479675,0.2738072901183429
830,0.25855831580550653,0.03141111259379634,0.033019631296212854,0.03786833581806918,0.08616323127008177,0.1442659539765623,0.1404766856155398,0.0402562784888369,0.19846502116089498,0.029515433974499516,17,True,0.24538526463745292,0.22904288183100702,0.24538526463745292,0.9301378783859997
831,0.009650112819739525,0.0,0.0,0.19534483747359319,0.17917250205059843,0.017487958322804534,0.17974817849255317,0.282816319293137,0.13578009154757428,0.0,39,True,0.31842119240554023,0.282816319293137,0.31842119240554023,0.4328695968767284
832,0.0,0.07972481669803803,0.10544157015443181,0.21000994959143116,0.11289401929910062,0.09972161803789024,0.09567621946373271,0.09264210240073821,0.0836448772273177,0.12024482712731974,16,True,0.1531645937693075,0.21000994959143116,0.1531645937693075,0.3431266132491556
833,0.0,0.0,0.007734723347312896,0.10656719220231667,0.05264558737353628,0.1601462082831204,0.0625243735088565,0.13271428257797405,0.2091954088508818,0.2684722238560014,98,True,0.27784382383966366,0.2684722238560014,0.27784382383966366,0.59310212159669
834,0.0,0.09722715230828413,0.3478124291618426,0.0,0.0,0.13486447794164078,0.0,0.1364528998827344,0.13676941114144925,0.14687362956404867,16,True,0.32789047135837157,0.3478124291618426,0.32789047135837157,1.219275088455684
835,0.02032749193519274,0.033937864207343946,0.2613555336238749,0.08070779904089607,0.13167622440866517,0.05942649190106334,0.05130626391311353,0.2510779574952561,0.0,0.11018437347459427,23,True,0.2739865963255618,0.2613555336238749,0.2739865963255618,1.0389974520923
836,0.15554112339861095,0.0,0.10235059102071135,0.1056256318235872,0.0,0.21109815979871993,0.0,0.1301312970157463,0.17017196278030441,0.12508123416231973,17,True,0.22787246046418053,0.21109815979871993,0.22787246046418053,-0.338647838805378
837,0.010601317046550244,0.013632360701413484,0.0,0.18355742721045215,0.16598343116931924,0.0,0.4220302355589555,0.16853204255577658,0.03566318575753268,0.0,39,True,0.4114930006702682,0.4220302355589555,0.4114930006702682,1.6126175618766259
838,0.02825798065978709,0.14570064787131484,0.20161909439422576,0.1935002461611943,0.09258177974808432,0.0,0.0,0.0,0.1726797526778602,0.1656604984875334,6,True,0.2568129288708575,0.20161909439422576,0.2568129288708575,-0.16393416258146246
839,0.063795474948255,0.2947213829743993,0.0,0.0,0.2260687000622831,0.0,0.1765819325264352,0.0012394263238480118,0.1677728344640523,0.06982024870072717,11,True,0.3259492591480811,0.2947213829743993,0.3259492591480811,0.661532312319995
840,0.29402149657311416,0.1362378446077493,0.011920601075037791,0.08560473833448849,0.0,0.09650040326081924,0.060480300038722616,0.1638850561103639,0.08504920588682666,0.06630035411287767,40,True,0.25285820774064277,0.29402149657311416,0.25285820774064277,1.3505356926057555
841,0.0,0.036925080641302746,0.0,0.16671897726996535,0.10612686303168727,0.0,0.366372693202929,0.2400421592847427,0.08381422656937308,0.0,39,True,0.3732232618065599,0.366372693202929,0.3732232618065599,1.2759232195521768
842,0.0,0.1413919330288959,0.1477418706998391,0.0565327219293489,0.1861479499034677,0.0752517285196273,0.2208763321992684,0.17205746371955266,0.0,0.0,11,True,0.25242681033943126,0.2208763321992684,0.25242681033943126,-0.03215752634125939
843,0.1017694335895769,0.08479768221907301,0.06632170199605848,0.05291299584275148,0.1994052909360066,0.021914625237072886,0.2553712803398497,0.21750698983961111,0.0,0.0,39,True,0.27841070401770973,0.2553712803398497,0.27841070401770973,0.648728072631779
844,0.007039186586040713,0.21384213085238507,0.03054165229807961,0.037731952845809796,0.09891046066065787,0.0,0.1383783817307202,0.0,0.37273031001720924,0.10082592500909747,69,True,0.35519024027120794,0.37273031001720924,0.35519024027120794,1.5430052688328064
845,0.1561668726350544,0.04085517042982099,0.017036424816983194,0.1279249384098325,0.04284923546639362,0.14548275460843885,0.03937809253890694,0.1246633177701503,0.06485021175124692,0.2407929815731724,17,True,0.21211304173535564,0.2237565567561892,0.21211304173535564,0.7340716830868004
846,0.0,0.170550902837604,0.2280053872509468,0.1742445348141538,0.0,0.11529547986600368,0.08610696642984951,0.2257967288014422,0.0,0.0,23,True,0.28831726460531676,0.2280053872509468,0.28831726460531676,0.1329083579446675
847,0.17516507599488573,0.0,0.1809854477813762,0.2384424867030179,0.0,0.21988611498954064,0.0,0.0,0.10856596437431891,0.07695491015686036,17,True,0.29385691416913795,0.2384424867030179,0.29385691416913795,0.19518092223740144
848,0.18444550827375958,0.13990064621780476,0.08352843411046591,0.0012822368621768516,0.15444752813045085,0.2516515385127293,0.0,0.05471246179554393,0.0,0.13003164609706883,11,True,0.2601061283682381,0.2516515385127293,0.2601061283682381,0.2733069617333637
849,0.15847702235510774,0.19204194605500474,0.02845646373182204,0.044761662832266055,0.2578597326257119,0.07044236549427235,0.0,0.0,0.0,0.24796080690581515,11,True,0.3126448188829936,0.2578597326257119,0.3126448188829936,0.5635043556305124
850,0.023177092868615995,0.06519862193259934,0.09963510271778823,0.08293034427933678,0.2191506373979684,0.3896865142529853,0.005521217373924025,0.0,0.11470046917678187,0.0,512,True,0.3669630722087251,0.3896865142529853,0.3669630722087251,1.7196537322513785
851,0.2307431531414524,0.20155144287710428,0.0679827062805978,0.18857543147961991,0.1995503826092482,0.0,0.07830048239176886,0.03329640122020856,0.0,0.0,47,True,0.2847941355347041,0.2307431531414524,0.2847941355347041,0.2636210312012278
852,0.10830307139862548,0.0,0.10876251543898333,0.08552993860347817,0.2618978354441787,0.0,0.3093171848349325,0.0,0.12618945427980188,0.0,39,True,0.3332650384491204,0.3093171848349325,0.3332650384491204,0.9554379123090315
853,0.04624352807368112,0.11293023203830307,0.0708495284292577,0.032493512191877294,0.05499695494718441,0.0,0.12682366990604596,0.030245325071891416,0.32883085780300275,0.19658639153875615,72,True,0.2962546465161866,0.32883085780300275,0.2962546465161866,1.584526191583365
854,0.15323677182272324,0.16246923761304813,0.1928368928254916,0.04093156821707119,0.08149628988701615,0.0,0.21966481462334236,0.14936442501130726,0.0,0.0,39,True,0.2567941382281296,0.21966481462334236,0.2567941382281296,-0.04069859046003972
855,0.0,0.2158644046235351,0.31081240760510215,0.15545512778944962,0.13397766308311884,0.0,0.0,0.013850528825703907,0.15357854545726968,0.01646132261582056,17,True,0.3307072523876453,0.31081240760510215,0.3307072523876453,0.7325625846525883
856,0.08256732533305391,0.0,0.0,0.18635018336079948,0.1671051385118266,0.0408764560673162,0.466308299447267,0.01473693591480658,0.04205566136493031,0.0,39,True,0.4365410084921447,0.466308299447267,0.4365410084921447,2.076773507851938
857,0.21818013306789544,0.207415871498118,0.058984578520748655,0.04217042351105567,0.0389352654524617,0.027398735500669236,0.04638213465915366,0.03940316942748078,0.187210279599732,0.1339194087626847,11,True,0.2341668079547939,0.1907813975672262,0.2341668079547939,0.6842212425560025
858,0.04113923786606909,0.1151867000265664,0.0,0.0,0.12734510372392435,0.11671072521210027,0.1619307426981481,0.13815823763435797,0.0,0.2995292528388337,85,True,0.28253427923067703,0.2995292528388337,0.28253427923067703,0.841570226347596
859,0.1699912779554375,0.050233284290950406,0.23173774265944141,0.1126894160064541,0.058899631956281534,0.0,0.0,0.25058833664585894,0.0827543654305664,0.043105945055009635,23,True,0.26979954019377506,0.25058833664585894,0.26979954019377506,0.6996390217389665
860,0.360268530979972,0.0917858397016427,0.1343146275517375,0.13368854823433327,0.0837458939018902,0.10333562002515592,0.0,0.003741482220040211,0.08911945738522825,0.0,11,True,0.3158781463995551,0.360268530979972,0.3158781463995551,1.762224916608415
861,0.004088949607154948,0.0,0.0,0.2519389678153505,0.0443378731952545,0.048270997090016816,0.2530761497635106,0.02813703173981796,0.3701500307888946,0.0,39,True,0.41186912314419366,0.3701500307888946,0.41186912314419366,1.1940063984695943
862,0.0,0.08211441708942123,0.0,0.04879698689845257,0.24817167083441308,0.05171006203272223,0.07842746918121958,0.2778311117907111,0.023054368245716758,0.1898939139273436,85,True,0.30548196213093115,0.2778311117907111,0.30548196213093115,0.9056940869450925
863,0.0,0.07512233523297718,0.022802413956243862,0.0,0.023854368719882255,0.04684292278029435,0.37842669740471396,0.06908294293853406,0.2684659216782937,0.11540239728906061,69,True,0.377223393191671,0.37842669740471396,0.377223393191671,1.6258190932190428
864,0.17737062770234563,0.012855589099846127,0.0,0.2009939121117724,0.0,0.19423614684696858,0.048324978700771674,0.0,0.1834735653139199,0.18274518022437566,17,True,0.28132808750860805,0.2009939121117724,0.28132808750860805,-0.05414303554262399
865,0.22754972424251482,0.12753783028273505,0.14768624350708276,0.1975264960090183,0.06934143578828302,0.09794819914130423,0.0,0.0,0.11778566073544354,0.014624410293618302,17,True,0.23950394148412796,0.22754972424251482,0.23950394148412796,0.13280186350305145
866,0.1039522065857267,0.0,0.08596101800291964,0.0,0.22178316753245272,0.02575383049024067,0.24478825439850901,0.14902821667584903,0.16873330631430222,0.0,231,True,0.2804425405900414,0.24478825439850901,0.2804425405900414,0.31828595806553
867,0.007780579770307262,0.15182919301556977,0.156616399516933,0.12405398022733931,0.0,0.218488401315067,0.08780805747725162,0.24366804148032706,0.0,0.009755347197205166,23,True,0.2791906975279663,0.24366804148032706,0.2791906975279663,0.24856339135945923
868,0.0,0.10890403130063833,0.20352777896773208,0.056768103888737764,0.15666750406450605,0.0,0.11390520621375852,0.16407051845452794,0.0,0.19615685711009936,45,True,0.24376630799567306,0.20352777896773208,0.24376630799567306,-0.1640650953047787
869,0.022320393659264606,0.0,0.06158628250913846,0.12795480006885354,0.11482487095918327,0.10189964905612393,0.2402273971025264,0.22235957193051567,0.10461176479494659,0.004215269919447572,291,True,0.24969213419208594,0.2402273971025264,0.24969213419208594,0.5324469875635117
870,0.17688852001928002,0.0,0.12706300573520615,0.14953078983997564,0.1310356147291177,0.06691748434686887,0.21607445590203805,0.08058765495989129,0.04954639288609175,0.0023560815815306126,17,True,0.21699131753075393,0.21607445590203805,0.21699131753075393,0.031843675625821445
871,0.0,0.008316604173870258,0.17999718975648699,0.3966112214986752,0.040577747627482265,0.0,0.20217688760452202,0.1685281846355202,0.0037921647034429864,0.0,39,True,0.40088251677710024,0.3966112214986752,0.40088251677710024,1.346041886052656
872,0.1968920224296001,0.04119641035103401,0.05130478808123366,0.18662141955344658,0.0,0.0,0.0,0.1898372244759482,0.2321767928387797,0.10197134226995762,17,True,0.27976014335927624,0.2321767928387797,0.27976014335927624,0.21837428030908532
873,0.0,0.0,0.23445972988684557,0.06622049097292723,0.17228496967369714,0.07190779102778316,0.15263387953531743,0.025789864135207504,0.12205569719946716,0.1546475775687548,16,True,0.23871540438379027,0.23445972988684557,0.23871540438379027,0.18166413417604163
874,0.08011387710186538,0.1797604261710647,0.24604683114719916,0.0,0.0024521755973830116,0.059892157263037954,0.22140787389554265,0.05150279063698593,0.15882386818692118,0.0,16,True,0.28242375268035275,0.24604683114719916,0.28242375268035275,0.4163260833025726
875,0.07394018797762196,0.0,0.1388733257288279,0.0721693786126292,0.0,0.0,0.2568175661991593,0.2692643266947313,0.04609030281140989,0.14284491197562016,23,True,0.30157734668884034,0.2692643266947313,0.30157734668884034,0.7721145293787994
876,0.2619847914793722,0.0,0.03066697608103164,0.3169609806584782,0.005078152641857419,0.2694500300082414,0.0,0.0,0.11585906913101918,0.0,17,True,0.3950863043108827,0.3169609806584782,0.3950863043108827,0.8600603568621836
877,0.0,0.0,0.01104391178363667,0.007610039925226328,0.20013119941332944,0.15072411194427465,0.14829362625070047,0.18541991101830896,0.24833989928936273,0.04843730037516058,747,True,0.2886876447485427,0.24833989928936273,0.2886876447485427,0.23455818737517226
878,0.1568445305314207,0.05681664654951508,0.07786275541630598,0.09696736641035224,0.38009510741565705,0.0,0.02577016574693099,0.030274181984701134,0.13256085875735482,0.04280838718776221,11,True,0.32977488445790554,0.38009510741565705,0.32977488445790554,2.1086315508560447
879,0.0,0.07167000977064357,0.13928160940623854,0.36596341566151336,0.10482607770500817,0.0,0.19519438963531915,0.12306449782127735,0.0,0.0,15,True,0.3502847492513514,0.36596341566151336,0.3502847492513514,1.3721210633199004
880,0.0,0.0,0.13613319253846337,0.11238742183645718,0.03551233109438182,0.29715596282658285,0.20118749480782594,0.005352204921499594,0.137999108476289,0.07427228349850021,16,True,0.29290126459579086,0.29715596282658285,0.29290126459579086,0.8462240071847454
881,0.1853378887994146,0.19305489417363053,0.10292368747177791,0.048642753499785314,0.1886430592903985,0.0822835022113176,0.0,0.19531711125506296,0.0,0.0037971032986126316,11,True,0.25514642579689145,0.19531711125506296,0.25514642579689145,-0.009387654829830273
882,0.0,0.0,0.0,0.14082300288233907,0.12025277116506781,0.11708854799279658,0.23015000458394128,0.16076344880700724,0.11065637889018241,0.12026584567866551,39,True,0.2313529643055012,0.23015000458394128,0.2313529643055012,-0.1454130039066733
883,0.3101970061548039,0.11009900189071087,0.08609646120759548,0.0914299888053769,0.013876772844771644,0.04047157827076151,0.020141999931346754,0.0,0.21269390398147456,0.1149932869131585,17,True,0.291229089875437,0.3101970061548039,0.291229089875437,1.269263383471117
884,0.18477040657476926,0.16956408781664933,0.0,0.0,0.04950308997930496,0.040225531439352584,0.44412723805230464,0.11180964613761916,0.0,0.0,39,True,0.42037023309145416,0.44412723805230464,0.42037023309145416,1.8858952365361885
885,0.1375355202093402,0.10023682320987068,0.10587414495134484,0.07760046141909616,0.08768993052147432,0.16448909133763692,0.0887768960857319,0.09586070610046359,0.0428917418714278,0.09904468429361361,11,True,0.09829015501219457,0.12159734946620912,0.09829015501219457,0.4756616835434683
886,0.22185318376418758,0.0,0.16223112813900722,0.0,0.012039598769211353,0.07116420159440745,0.0,0.0,0.2892007974810193,0.24351109025216708,17,True,0.3516842645756432,0.2892007974810193,0.3516842645756432,0.6098924979682266
887,0.27213095961609235,0.05021046189114594,0.16334343348864874,0.04713075100522979,0.0,0.23016304849777391,0.0903266213467572,0.03523149563171647,0.09500751799854591,0.016455710524089572,16,True,0.2777609389498972,0.27213095961609235,0.2777609389498972,0.95063758735809
888,0.07954236241113108,0.17002330409703656,0.13353685014408398,0.0295610599207219,0.13217442167543972,0.14242811794163293,0.13575192919116466,0.0039106216694773915,0.0,0.17307133294931165,11,True,0.20023553635532848,0.17307133294931165,0.20023553635532848,-0.615943994701156
889,0.0,0.20069548589025735,0.17486533162909118,0.0,0.06802795334122444,0.230657450476472,0.0,0.1287578836385612,0.11961335746720338,0.07738253755719035,25,True,0.25604927096367347,0.230657450476472,0.25604927096367347,0.14703295141228173
890,0.2032603943202868,0.0,0.04690557649089041,0.06766510383375639,0.11125576816459398,0.0,0.16525326774041937,0.29853955915282987,0.10712033029722336,0.0,39,True,0.29728876412159794,0.29853955915282987,0.29728876412159794,0.8596545121687088
891,0.22041234298838427,0.088789081988167,0.07355407092868367,0.10615911417785542,0.13105897974920255,0.030804199723003994,0.15340492084009857,0.0788479941316137,0.0,0.11696929547299069,11,True,0.1862855544281405,0.22041234298838427,0.1862855544281405,0.3321520259304278
892,0.0600418362265316,0.17502198081296003,0.05801647953970321,0.14456102126114684,0.00790216423254311,0.03284429025043102,0.2561901264508474,0.07472324090159553,0.1906988603242414,0.0,39,True,0.2592792070022364,0.2561901264508474,0.2592792070022364,0.6086772220422035
893,0.15684421333463608,0.053029531143710396,0.0006489955054503707,0.042045021904483344,0.28529984123223556,0.19556573436408242,0.04279889057288364,0.1746734482740108,0.0252504005717651,0.023843923096742357,11,True,0.2870036120336815,0.2846508457267852,0.2870036120336815,0.8739966749133556
894,0.09015520833681884,0.18325675012127654,0.10137134191610833,0.0,0.0,0.16599635933267187,0.11483973151872492,0.0,0.17717898168945279,0.1672016270849469,16,True,0.2282079707558418,0.18325675012127654,0.2282079707558418,-0.43224748700515364
895,0.03402768950195146,0.20798762469932466,0.1285008632233985,0.03605636472576069,0.16748509717865176,0.015281389751122892,0.0,0.07284264845208362,0.16981280905696097,0.16800551341074563,25,True,0.22996160920186234,0.20798762469932466,0.22996160920186234,0.020930622918115
896,0.12307731749827713,0.03652725367741277,0.3162643663823133,0.022518496855330743,0.11698824110433026,0.0,0.1611707520092267,0.11242522368178076,0.11102834879132847,0.0,16,True,0.2857297385690668,0.3162643663823133,0.2857297385690668,1.2286870321994279
897,0.14515506631174907,0.10034758468101161,0.10816821594500682,0.07629206474474845,0.1828421361897786,0.0,0.0949465941081762,0.17441968854693748,0.11782864947259186,0.0,39,True,0.18818181102208967,0.1828421361897786,0.18818181102208967,-0.5258599140769326
898,0.12567910579519803,0.0,0.09212161223793883,0.10178718530230668,0.1973564078966016,0.15754983170241643,0.12103001360897354,0.01264284111964198,0.17761806979514635,0.014214932541776587,17,True,0.21206628686464749,0.1973564078966016,0.21206628686464749,-0.27178365246888436
899,0.19709766572907864,0.23967165033600782,0.0,0.21819385534948849,0.05404915471088343,0.0,0.07599242806943067,0.0,0.0,0.21499524580511098,11,True,0.3143527704515413,0.23967165033600782,0.3143527704515413,0.326081612197459
900,0.04694483993591943,0.08672045620591949,0.12668422495691445,0.004648566348163905,0.060066920290032355,0.11046402066009105,0.1986264520043341,0.08184357673252701,0.17773929659448345,0.10626164627161482,16,True,0.17503921225594,0.1939778856561702,0.17503921225594,0.252623680072662
901,0.06117365387775403,0.0,0.05834645733023855,0.17794053019826772,0.19584370592970926,0.024757047911193857,0.2110651930627363,0.12313681571710014,0.09803291708874107,0.049703678884259174,39,True,0.2226412484416568,0.2110651930627363,0.2226412484416568,0.3575592654663043
902,0.0638093001986036,0.0419643194440279,0.28063439945581586,0.02918549026483474,0.0,0.05750187686593962,0.22476213025947603,0.25196301506865276,0.04307875077177932,0.007100717670870167,23,True,0.32350599818555004,0.28063439945581586,0.32350599818555004,0.9618656784332957
903,0.06858074189441404,0.1728922526558849,0.17434769845031178,0.0,0.016171086945777773,0.35760935974513086,0.13417068597624074,0.07622817433223988,0.0,0.0,16,True,0.3419804598362707,0.35760935974513086,0.3419804598362707,1.3408208960006596
904,0.19327378609661552,0.0,0.1378041676433404,0.11229176016738938,0.0490471795672488,0.2886974555216943,0.10018587665800292,0.0,0.11869977434570866,0.0,17,True,0.28077193124160754,0.2886974555216943,0.28077193124160754,0.7557112610186585
905,0.11691608232921152,0.0,0.19928391678797763,0.3389825658548216,0.020387443813540657,0.07466753527994524,0.22418949317196596,0.0,0.025572962762537427,0.0,39,True,0.3538338928286495,0.3389825658548216,0.3538338928286495,1.067848113242593
906,0.25573882750791344,0.10804411080391149,0.04985279621364374,0.19377331297159278,0.15231798630120458,0.009558837442839824,0.0,0.1356935277548411,0.08125102373525257,0.01376957726880055,80,True,0.256135666785574,0.25573882750791344,0.256135666785574,0.5082557617245719
907,0.06754043033718472,0.029582391066938826,0.00476331403981869,0.12864264588348076,0.05443016938420996,0.01840147883098002,0.29904869993562944,0.1791144161042868,0.21847645441747077,0.0,39,True,0.307495959288368,0.29904869993562944,0.307495959288368,0.9264394266416446
908,0.262558269929053,0.0,0.12662266264770386,0.180175654028732,0.03750569403747211,0.12524465678431188,0.0,0.0,0.18575473824698033,0.08213832432574673,17,True,0.27527774765009855,0.262558269929053,0.27527774765009855,0.40031753428232897
909,0.14686850453361375,0.09465141161458343,0.0,0.12776777364101863,0.2508105546919206,0.017058561149249262,0.2106475014357599,0.0,0.03137408771822039,0.1208216052156341,47,True,0.26458522957124636,0.2508105546919206,0.26458522957124636,0.4097983382640481
910,0.17587484551545687,0.07611284608993274,0.09867128907608488,0.17761489264465777,0.06229097782501233,0.05225283784439603,0.01141815822259835,0.0,0.21423667272819147,0.13152748005366954,17,True,0.21896558924042175,0.21423667272819147,0.21896558924042175,0.19835353175664372
911,0.1417977828482661,0.12013317966225139,0.27012391426215904,0.09889412055185795,0.19204265102070864,0.1371133902574817,0.03989496139727504,0.0,0.0,0.0,11,True,0.273052445065659,0.27012391426215904,0.273052445065659,0.48236631792273865
912,0.0410288718750926,0.0,0.09401068682145301,0.04667697709933247,0.1512177272132333,0.0,0.25393839769895277,0.3219796444054315,0.03588629679250647,0.05526139809399789,897,True,0.32873114916720975,0.3219796444054315,0.32873114916720975,1.267832407017035
913,0.10445804516378034,0.0,0.0,0.18148563914736338,0.16893585320696639,0.0,0.0,0.0,0.3440745614477657,0.20104590103412423,17,True,0.36220795280201434,0.3440745614477657,0.36220795280201434,0.9028264447125606
914,0.2341386087954443,0.0,0.1408224823079901,0.10285710573114641,0.08807896021508314,0.08694877012214108,0.03409263963976865,0.03744353571302372,0.2052946605432943,0.07032323693210851,17,True,0.22406476174145973,0.2341386087954443,0.22406476174145973,0.6960129347840794
915,0.23089111043358573,0.0,0.0914483001365588,0.0,0.0,0.12859625062510663,0.0,0.24142019476537888,0.12791167843558926,0.17973246560378073,17,True,0.29182076564688286,0.24142019476537888,0.29182076564688286,0.2447910584237788
916,0.1121770785622358,0.12409614916012991,0.09071291826822439,0.13628795219062828,0.11194181882456114,0.021324673942488003,0.03311892329832388,0.1670828869146763,0.05012626326765818,0.15313133557107425,11,True,0.15082408808884057,0.1457582129721883,0.15082408808884057,-0.4304821836189631
917,0.10094235044857902,0.020434747055294588,0.10742617491141797,0.07550072406387148,0.13211552305093924,0.2180862599623054,0.179429454807637,0.0,0.1660647656999554,0.0,16,True,0.22942589929317367,0.2180862599623054,0.22942589929317367,-0.015142655975566553
918,0.060644899589995235,0.0,0.05574499532369989,0.17963481313352,0.08959028433696331,0.23141296960587845,0.24612531092015322,0.13328575497170622,0.0035609721180835654,0.0,53,True,0.2810476786333047,0.24612531092015322,0.2810476786333047,0.48747885595698764
919,0.07152707264427105,0.041537518234297674,0.2020587153766618,0.0,0.1593662591856712,0.10063979575728471,0.12986031312930424,0.22254125244614242,0.048591409010882124,0.0238776642154847,23,True,0.22916099777903243,0.22254125244614242,0.22916099777903243,0.41729149813202254
920,0.0,0.32612121334437244,0.12901589280123188,0.10741524426998483,0.0,0.1812351804140468,0.060825495995709716,0.12838064516743955,0.030234462800284065,0.036771865206930814,25,True,0.29971986176786447,0.32612121334437244,0.29971986176786447,1.3221841105396621
921,0.16098967465572236,0.09132919780495606,0.0,0.0,0.0267291707954185,0.22772636863591963,0.0692273661269351,0.31343441126474364,0.002803060617955223,0.10776075009834932,11,True,0.318569050689645,0.31343441126474364,0.318569050689645,1.0082441937703948
922,0.11926448493141213,0.006306923510114582,0.25555494663901007,0.24095597787801729,0.0,0.027158690563090962,0.018896761550993877,0.06959771318982672,0.07729508186220194,0.18496941987533233,17,True,0.2894108643391054,0.25555494663901007,0.2894108643391054,0.6811359170183717
923,0.21681574417506652,0.09172849285131207,0.1361030461933063,0.19939057362852064,0.0,0.07464449759614412,0.0,0.08804409145483047,0.015264458308759108,0.17800909579206056,40,True,0.2427913266400245,0.21681574417506652,0.2427913266400245,0.12332565805404067
924,0.14226302749612493,0.0,0.05970811902512004,0.14074378513957786,0.1510759498665681,0.11197873587844497,0.0666602790973948,0.06205792982269789,0.02239695344974745,0.24311522022432416,133,True,0.216511511781915,0.24311522022432416,0.216511511781915,0.585598383905005
925,0.038133987541960665,0.0,0.0,0.22253816497713616,0.09510046166785911,0.04820888792971581,0.27018298500733345,0.18263918739567175,0.1159970455069886,0.027199279973334257,39,True,0.28791780792362226,0.27018298500733345,0.28791780792362226,0.7189178826265423
926,0.12319200644435063,0.2023388825441846,0.008701504942958667,0.17713645772966477,0.0026297373762783557,0.16047660884698947,0.0,0.17817429594073483,0.09259134711198798,0.05475915906285071,68,True,0.2380079725287738,0.2023388825441846,0.2380079725287738,-0.14879981058629385
927,0.1758663333899844,0.07594681797055386,0.08374236479878726,0.14117428469242854,0.10962185017443239,0.0,0.0487238718436616,0.25611635883756273,0.019948504976694363,0.088859613315895,104,True,0.2278604340757114,0.25611635883756273,0.2278604340757114,0.838357764208019
928,0.026455709590439917,0.06658202575735223,0.20613201210286908,0.0,0.05867619594251503,0.20160943110846702,0.14056586265689328,0.17433891024958403,0.043101819021764735,0.08253803357011454,16,True,0.22480179487656085,0.20613201210286908,0.22480179487656085,0.33897247971466915
929,0.14783080284587216,0.09877591522993195,0.05132082530698864,0.1469274930271268,0.0,0.17638866247791196,0.0,0.12367930303772263,0.1170241494707634,0.13805284860368242,17,True,0.18706927549595923,0.17638866247791196,0.18706927549595923,-0.7925226196785656
930,0.2200177541367871,0.13034930675323073,0.12660533664661036,0.14625743013106185,0.0,0.12704317058492387,0.0,0.11237115905172924,0.0,0.1373558426956568,11,True,0.2246169475883791,0.2200177541367871,0.2246169475883791,-0.34800234702212435
931,0.0,0.3158215241977558,0.2857370236448315,0.0,0.0,0.07657371125294474,0.0,0.0,0.22692361797436014,0.09494412293010786,416,True,0.3843970993082424,0.3158215241977558,0.3843970993082424,0.8907761847026652
932,0.17678577201990375,0.09636294263965638,0.0,0.10319821158748296,0.07373876377064402,0.25259567903483326,0.0760234531559041,0.0,0.2212951777915756,0.0,17,True,0.27419336292249363,0.25259567903483326,0.27419336292249363,0.5018284210483293
933,0.17778084480711626,0.23672764424391307,0.06148782435342915,0.0,0.0,0.19836892693326363,0.11034405235266286,0.10122500216086215,0.11406570514875276,0.0,55,True,0.2573135948393191,0.23672764424391307,0.2573135948393191,0.20365687216364575
934,0.01183411741340252,0.20207851838513724,0.0,0.20565233691026316,0.10035638595948304,0.07034215925465694,0.17171574044780868,0.025592802237023808,0.08379586802490745,0.12863207136731716,353,True,0.22802922071956472,0.20565233691026316,0.22802922071956472,0.16056721691390557
935,0.09601798754051626,0.11390639721242,0.08255223651649435,0.0,0.20872443991629805,0.05416886197334343,0.24395105615936868,0.047203057909985253,0.026364821519208107,0.1271111412523658,16,True,0.232597813744073,0.24395105615936868,0.232597813744073,0.7875252126528357
936,0.010084360263957218,0.0,0.08312075748735355,0.09585805804356454,0.16075665692498967,0.06670306258786188,0.10278905070374811,0.24881250038142266,0.1440009753475345,0.08787457825956801,747,True,0.2177682137947558,0.24881250038142266,0.2177682137947558,0.6661155852508435
937,0.0,0.0,0.06563768509732838,0.0,0.0,0.08394233683152667,0.28804982163795423,0.17271657357173267,0.2791059314210395,0.11054765144041864,69,True,0.33805212666553186,0.28804982163795423,0.33805212666553186,0.84803748687518
938,0.0,0.0,0.3959797869186478,0.08673901621160943,0.0,0.18012982806247427,0.18632960172856783,0.023597620650135306,0.11425134678354693,0.012972799645018504,16,True,0.38113991590027746,0.3959797869186478,0.38113991590027746,1.5565850219995898
939,0.0,0.0,0.0941896397055338,0.07272413222490945,0.0,0.0,0.2949715452405808,0.0,0.29094157707767504,0.24717310575130097,16,True,0.3832887235707945,0.2949715452405808,0.3832887235707945,0.8351486170383052
940,0.059116613546607744,0.16886391299038703,0.05959961443242803,0.22411846906209706,0.20209676345388708,0.02705053624885404,0.1498968083417927,0.007290718092451759,0.07421466901483804,0.02775189481665662,95,True,0.23699371957294485,0.2168277509696453,0.23699371957294485,0.4827405054875392
941,0.032649995003862925,0.1393506307911157,0.0,0.0,0.18691586167616644,0.2260913629985319,0.10798720145206396,0.24436536773633094,0.0,0.0626395803419282,16,True,0.286074902597354,0.24436536773633094,0.286074902597354,0.3802353402152114
942,0.0,0.16429247458377536,0.2148567605721663,0.20819453173743196,0.21060945295914532,0.0,0.0,0.14644255133178688,0.0556042288156943,0.0,47,True,0.2922225189685007,0.2148567605721663,0.2922225189685007,0.06212414614937673
943,0.0,0.2057520034051245,0.0666016645314802,0.15156822781344598,0.0,0.0463401386592536,0.0,0.13040965418824407,0.1760777939056296,0.22325051749682204,68,True,0.26408495930632503,0.22325051749682204,0.26408495930632503,0.09544372139583544
944,0.1936554561318219,0.13667912284250727,0.17165652437888265,0.0005433531958250968,0.21909211308744572,0.0,0.041685485609869594,0.19935155262453355,0.025892264150896335,0.011444127978218041,11,True,0.2755563981740599,0.21909211308744572,0.2755563981740599,0.11200784413306979
945,0.15129323804834785,0.020336917706341107,0.07398280818012329,0.20481526967573466,0.12101757558146467,0.0,0.19168697460287837,0.15508003908350548,0.0,0.08178717712160462,15,True,0.22990018572239504,0.20481526967573466,0.22990018572239504,-0.09121936998099543
946,0.15416113781918153,0.0,0.0,0.0,0.17877913882902005,0.029165493965125446,0.10153094592450346,0.19947993119114601,0.23463387455423937,0.10224947771678419,98,True,0.2686764776500149,0.23463387455423937,0.2686764776500149,0.13868634618216877
947,0.10545643494009051,0.05272749150975308,0.016946341016467383,0.26557984902523607,0.04569204907929421,0.2439219600775389,0.0,0.190035654204583,0.07964022014703681,0.0,40,True,0.2979310041007207,0.26557984902523607,0.2979310041007207,0.7662534044460473
948,0.0,0.2863643612284049,0.0003502237887248874,0.10172498711006678,0.0012894533702308684,0.1762765892531471,0.007451704342560542,0.21248713820329726,0.18066871671607687,0.03338682598749073,68,True,0.3199842477349528,0.2863643612284049,0.3199842477349528,0.5522823774199191
949,0.18138712605934124,0.03392021849271722,0.0,0.15634854994071276,0.0,0.2860099142709575,0.13521984898920505,0.025351617063502696,0.0,0.18176272518356348,40,True,0.30374859862567033,0.2860099142709575,0.30374859862567033,0.5405483752125321
950,0.015614385632996114,0.04767013529134234,0.07119835794903827,0.08062588338954779,0.07366698016934703,0.15020011718088586,0.1308598686956452,0.08509780260324758,0.16114234704686956,0.1839241220410803,882,True,0.1619684203049986,0.1683097364080842,0.1619684203049986,0.1576502430897586
951,0.0,0.0,0.2094678005871614,0.0,0.32836578298409086,0.16270307047192256,0.13651488266221373,0.13110948292090863,0.0,0.03183898037370285,23,True,0.3391354691415693,0.32836578298409086,0.3391354691415693,0.8873792897977962
952,0.07285340362948506,0.06140344628952819,0.07368352014180253,0.0756496304542785,0.22183249541404,0.0,0.04808371142064198,0.14529960884176574,0.10671463513385648,0.1944795486746016,72,True,0.20511975337492624,0.22183249541404,0.20511975337492624,0.6495639371624201
953,0.1390278718328945,0.0,0.09683638682206853,0.25441703124875825,0.13268141894085606,0.07867370786914489,0.0,0.0,0.277792980660981,0.02057060262529674,17,True,0.3079286634717321,0.277792980660981,0.3079286634717321,0.7559142263370485
954,0.314797256821605,0.13345530040074843,0.043178920523601165,0.1633621252018369,0.14249917204767787,0.0036992282487865284,0.0,0.1459788619663547,0.0,0.053029134789389476,23,True,0.29983470252277206,0.314797256821605,0.29983470252277206,1.0010865618011688
955,0.0,0.14826551793848775,0.10434975549644183,0.15805811643793832,0.22357671543215077,0.00933377598695715,0.21254938097607234,0.0,0.14386673773195188,0.0,33,True,0.27166605987902404,0.22357671543215077,0.27166605987902404,-0.00744571642733021
956,0.05102128297738873,0.061397560968982925,0.0,0.010064686225937074,0.15809289094258652,0.0,0.18254039869926125,0.1271443463630837,0.22702858055793876,0.1827102532648212,98,True,0.2566694116809373,0.22702858055793876,0.2566694116809373,0.10900810094417125
957,0.0773938245476889,0.110042395969254,0.15672956258243895,0.2788723523352411,0.15023605491818262,0.00829281071573968,0.0,0.0,0.11085856695433709,0.10757443197711766,838,True,0.25871722181246665,0.2788723523352411,0.25871722181246665,0.7042861304382156
958,0.12527768479963372,0.18648002108582112,0.18252704566034847,0.09340074364384966,0.055423279784774945,0.17186258590678244,0.0,0.14125100048350284,0.0,0.043777638635286886,11,True,0.21676238844039253,0.18648002108582112,0.21676238844039253,-0.22102312860644818
959,0.0,0.0,0.1493209704951775,0.0,0.0,0.237740676641418,0.1799940852781397,0.06790696285008647,0.345561760249747,0.019475544485431314,16,True,0.3682646261563631,0.345561760249747,0.3682646261563631,1.013453216318226
960,0.12046132219279458,0.0,0.1779275599953204,0.09430406815310181,0.0,0.09852609108288221,0.006366464149480239,0.11385997715784198,0.11927395504730372,0.2692805622212751,154,True,0.2539935401769207,0.2692805622212751,0.2539935401769207,0.5770416972142799
961,0.020509014012317594,0.11010117547245628,0.13870000534728044,0.0,0.0,0.052595863444421874,0.33564872941535945,0.18419179624024792,0.025591185294591614,0.13266223077332476,16,True,0.3152582567195745,0.33564872941535945,0.3152582567195745,1.2872449961693995
962,0.17099310537008625,0.09072331005550013,0.2027553643684975,0.1957066584041506,0.0,0.0,0.18520192773542707,0.1512027980159255,0.0034168360504130135,0.0,23,True,0.27212848055433564,0.2027553643684975,0.27212848055433564,-0.1543729929545493
963,0.07521901651808037,0.0,0.13819956888630658,0.22348104346108516,0.03555255961056822,0.08711093732222852,0.14709768959825764,0.08785335992178062,0.14657277615223907,0.058913048529453754,17,True,0.19458511530814313,0.22348104346108516,0.19458511530814313,0.40098796974730433
964,0.20202024709423924,0.4928924618744892,0.06505074078787365,0.0,0.0,0.06623714835672528,0.07409025131637571,0.07330114678554744,0.026408003784749418,0.0,58,True,0.45159043837562557,0.4928924618744892,0.45159043837562557,2.369614391879196
965,0.22193341045815554,0.11009153817849955,0.06919816419294612,0.07070314889398174,0.059445093955568226,0.03272712333292354,0.08278370495450699,0.05828694430713738,0.007256261329808307,0.2875746103964725,40,True,0.26223846018491836,0.28031834906666414,0.26223846018491836,1.4790165790855967
966,0.10358585321071412,0.09303229123884865,0.13187479734859545,0.0,0.14429767591070858,0.15124798653568508,0.17488855459946012,0.0,0.2010728411559881,0.0,16,True,0.22691422401214717,0.2010728411559881,0.22691422401214717,-0.41527215969289527
967,0.0,0.0,0.0,0.12101231464735616,0.17585554425217242,0.0,0.0930918555429519,0.13017110556350725,0.47986917999401224,0.0,39,True,0.4488364879783281,0.47986917999401224,0.4488364879783281,2.0856105822761006
968,0.1451993809801451,0.0,0.19836047271192786,0.04957183463840322,0.07206003833603278,0.023202655112402833,0.20278883248970606,0.10556543930021896,0.06578730716184708,0.13746403926931608,0,True,0.21002338184882938,0.20278883248970606,0.21002338184882938,0.21846400288924148
969,0.09020556876780689,0.3592913163002497,0.0,0.16530974476322108,0.0,0.29295275849828667,0.0,0.037969263698661555,0.0,0.05427134797177407,25,True,0.39339924914445157,0.3592913163002497,0.39339924914445157,1.2663361719158628
970,0.2525810862016811,0.05881186581808637,0.032337365495493584,0.18908511481217913,0.07831918629015777,0.1457851216517063,0.0,0.0,0.0976239863135952,0.14545627341710046,17,True,0.24925908877080558,0.2525810862016811,0.24925908877080558,0.49864783031033094
971,0.0,0.09972222303208413,0.33894809890990946,0.0,0.0,0.2184255639509495,0.11478565650227292,0.0,0.09102198065068647,0.13709647695409757,16,True,0.33585153625054326,0.33894809890990946,0.33585153625054326,1.124269477133492
972,0.01740117324868181,0.0,0.11728534876620822,0.019824462805245524,0.0,0.13528557852568457,0.16892864898392967,0.14976911035221024,0.29020231374519756,0.10130336357284242,69,True,0.2796449180400983,0.29020231374519756,0.2796449180400983,0.7376825492871
973,0.21739136367301873,0.016290089681815563,0.2218319200036206,0.05160838080231897,0.024111425668269636,0.19650815074732184,0.0,0.0,0.20079035262672537,0.07146831679690917,17,True,0.28985944506712724,0.2218319200036206,0.28985944506712724,0.33701503382452125
974,0.010364903589616557,0.22446545532916992,0.13185487289705883,0.15566885379421613,0.0,0.17788928094660145,0.1147611863047202,0.0,0.1374524967193307,0.04754295041928614,55,True,0.24099568161602425,0.22446545532916992,0.24099568161602425,-0.05444490042585145
975,0.2232325860774837,0.17594227804975593,0.2235803508790792,0.0,0.15584258392670783,0.10357355032589083,0.0,0.037376993632068894,0.0,0.0804516571090138,11,True,0.2714047642691848,0.2235803508790792,0.2714047642691848,0.20968850992644023
976,0.151657251456156,0.037213850660319854,0.0,0.2348737780800372,0.023264614157523296,0.02806841657467011,0.2236024845236396,0.2071169920332477,0.0,0.0942026125144061,39,True,0.2874877635470539,0.2348737780800372,0.2874877635470539,0.4161830212308744
977,0.17916894751458054,0.0,0.010142090940226417,0.1306754280820855,0.0811190392207861,0.12184927231006691,0.09780905004442705,0.0,0.17027638947160278,0.20895978241622465,17,True,0.2300713687155989,0.20895978241622465,0.2300713687155989,-0.17124095946036172
978,0.2168953507432263,0.2961384199908541,0.03829360971659536,0.0,0.2674205213012626,0.0,0.0,0.09265619849398073,0.0,0.08859589975408094,11,True,0.3523579107944985,0.2961384199908541,0.3523579107944985,0.8227964071451566
979,0.0,0.2466587644260287,0.15413578596931377,0.0,0.09716188672724267,0.12206058432294939,0.11722396843734048,0.0,0.1804757045822533,0.08228330553487169,11,True,0.24904033037364656,0.2466587644260287,0.24904033037364656,0.20504618299900002
980,0.027906510181308245,0.1250281555836652,0.0,0.1405706515900245,0.21900294413257662,0.03973437146237075,0.10540701985379394,0.2060698921469228,0.13628045504933795,0.0,39,True,0.24054071092894022,0.21900294413257662,0.24054071092894022,0.11193742867484834
981,0.22023901048505698,0.0,0.014418371144796731,0.03109640153180774,0.24995430349857367,0.30062806644324547,0.07380726749004402,0.0,0.10985657940647532,0.0,111,True,0.34648299568410745,0.30062806644324547,0.34648299568410745,0.8307612754635324
982,0.110262536140549,0.1941653137006389,0.11817127869160264,0.12822834591935028,0.09764446948348145,0.05409363462908528,0.0,0.12010098166518719,0.08383375825436491,0.09349968151574044,11,True,0.15139370765348104,0.1941653137006389,0.15139370765348104,-0.24703389378961216
983,0.0,0.0,0.028588172926110076,0.0,0.09625575970139526,0.0,0.2268127787285413,0.36267702426029097,0.10185255460659161,0.18381370977707073,478,True,0.37043560602310593,0.36267702426029097,0.37043560602310593,1.2090089402132405
984,0.05750244819845775,0.3169835393357211,0.0,0.2563093739576785,0.12087836586051641,0.20511059147338764,0.0,0.014417856130861268,0.0,0.028797825043377245,11,True,0.35664928754661074,0.3169835393357211,0.35664928754661074,0.9209288028300134
985,0.15604864922637868,0.18549466563431102,0.0,0.19009369171127016,0.08871485403641484,0.1770209443052771,0.13847478089836543,0.0,0.059743708319277736,0.004408705868704991,80,True,0.23846554446720822,0.19009369171127016,0.23846554446720822,-0.24723485665227146
986,0.049256419123931056,0.27785407068590046,0.08487277920430158,0.2259864907489505,0.08875160661694753,0.15766833182920229,0.0,0.05925164981328651,0.0,0.0563586519774801,25,True,0.2780747530246736,0.27785407068590046,0.2780747530246736,0.9646217122590883
987,0.03934093084307582,0.14703938534578753,0.02110622997015785,0.3148181284098329,0.12135344227225651,0.017773989122636395,0.0019107882692654863,0.0,0.15529263974701382,0.1813644660199736,68,True,0.30786249178531533,0.3148181284098329,0.30786249178531533,0.9665430072667744
988,0.0166509900399138,0.04333712863779735,0.01936945048110149,0.19976833834190194,0.004919740723706772,0.2107619414851718,0.11398366461849699,0.0,0.23111858568750274,0.16009015998440712,17,True,0.280926435931147,0.23111858568750274,0.280926435931147,0.2843491531610614
989,0.0,0.06179939821500832,0.16138448601954913,0.0679957715488926,0.07502983561961986,0.11325833661211578,0.13964431295093324,0.1317422360519266,0.2491456229819544,0.0,16,True,0.2277598785824159,0.2491456229819544,0.2277598785824159,0.4892583798452298
990,0.058321444043829176,0.3516668609932768,0.10822592415193023,0.09343668852505874,0.12505765707823932,0.0,0.07760321722190357,0.09167764358442632,0.09401056440133582,0.0,47,True,0.29397056119045256,0.3516668609932768,0.29397056119045256,2.0475474557741213
991,0.07221520119992776,0.25004774701026383,0.09527966161399996,0.10790369542591476,0.07319980720919728,0.09244257988257455,0.06023642772631594,0.11905915333218696,0.12961572659961892,0.0,25,True,0.19227043616547956,0.25004774701026383,0.19227043616547956,1.21741076598416
992,0.0,0.021852236081819958,0.03874491924694751,0.08510182993847673,0.0,0.2950945175824352,0.1669866697674749,0.16624195361892286,0.07361499500356858,0.15236287876035431,16,True,0.2836482576923421,0.2950945175824352,0.2836482576923421,0.8925408775890856
993,0.25565886288243606,0.043480390238117526,0.2014561941696198,0.027092865600670805,0.14187380732087998,0.07245638514163145,0.0,0.0,0.13416267814836227,0.1238188164982822,17,True,0.25938282232995635,0.25565886288243606,0.25938282232995635,0.5057800192260286
994,0.03647417486383481,0.0,0.09902754892776018,0.10859148463104167,0.057809839311918076,0.0,0.23516430153387605,0.2156084020473782,0.24732424868419095,0.0,39,True,0.2987129469420773,0.24732424868419095,0.2987129469420773,0.5460638314770616
995,0.11443033329011111,0.055849002778565436,0.022829916685130045,0.15694445532178392,0.07167827674781159,0.17562162380000443,0.012253685339889372,0.2724315301634024,0.0,0.11796117587330182,11,True,0.25618516738684843,0.2724315301634024,0.25618516738684843,0.7825796727219975
996,0.20109787006354868,0.18779221038016355,0.14570855333883112,0.09680278065937227,0.1055939338216973,0.03739982765827754,0.011088434063856482,0.08523660961057919,0.008648571016285838,0.12063120938738814,11,True,0.2021676875730572,0.19244929904726285,0.2021676875730572,0.04567260216898015
997,0.24204134182260612,0.022339733375928712,0.0653920318203621,0.0,0.11466050751399853,0.2590085706280359,0.09198526085722572,0.0,0.05877123910904871,0.14580131487279419,17,True,0.277065036564264,0.2590085706280359,0.277065036564264,0.7766487518101705
998,0.10334762500316255,0.05981672034813268,0.13917393546238313,0.19643740898866982,0.04450092688152296,0.09893947953558363,0.0,0.035298318692385644,0.2048889386498433,0.1175966464383163,17,True,0.20258229051539578,0.2048889386498433,0.20258229051539578,0.27502962488012045
999,0.061237886513659176,0.025134605623321815,0.05796076189584785,0.19566516360049102,0.10625621773033431,0.0,0.2488820920227166,0.2274427365694323,0.0774205360441969,0.0,39,True,0.2774580160427465,0.2488820920227166,0.2774580160427465,0.6464471130805882
1000,0.057500163879130456,0.28180432557772683,0.14781866380806696,0.117260387750718,0.03660104759134745,0.0,0.14809031329291217,0.14832192939845543,0.016871320698115106,0.0457318480035278,58,True,0.2568387010679448,0.28180432557772683,0.2568387010679448,0.9477150939734356
1001,0.0,0.0,0.027134333042916917,0.2400075894221264,0.08759304201295073,0.0,0.021921062435417787,0.13854807539503677,0.3051312309061162,0.17966466678543505,17,True,0.3332761899061435,0.3051312309061162,0.3332761899061435,0.8179352183604836
1002,0.049639084597278685,0.0,0.0820297246384658,0.3232131191381303,0.30045964529537644,0.054620891542441714,0.0,0.10685472437052436,0.05383037911815416,0.029352431299628643,414,True,0.3494227842175385,0.3232131191381303,0.3494227842175385,1.4502242046484008
1003,0.2120103145898043,0.256975770408141,0.11669753773012463,0.12899852594618233,0.12700634247827083,0.028338812406488927,0.03180633770224511,0.0,0.007130167035735809,0.09103619170300688,11,True,0.25986078002649515,0.256975770408141,0.25986078002649515,0.6059144455105282
1004,0.14300622252893638,0.2486692815280707,0.0,0.0,0.17584551200619358,0.011646233779071842,0.11114268623651055,0.0388443340876189,0.14086061456388382,0.12998511526971418,11,True,0.25287129539197134,0.2486692815280707,0.25287129539197134,0.22726336289649096
1005,0.20252762366838287,0.0,0.07414096914826031,0.20556606493028284,0.07793165548746336,0.009737521750777162,0.036673886182889144,0.24157140386590117,0.15185087496604296,0.0,17,True,0.2787477287517172,0.24157140386590117,0.2787477287517172,0.38327387413592334
1006,0.07403722421678191,0.0,0.028438782434078384,0.0,0.1959702017298181,0.034213210901089995,0.29571608472455985,0.18757578130970298,0.173763893889995,0.010284820793973883,39,True,0.31432066992101093,0.29571608472455985,0.31432066992101093,0.7321512398152936
1007,0.18241917057853416,0.0550005472644455,0.11700689608983177,0.0,0.1822283772716395,0.0754797558240638,0.08435655291128813,0.10978913914472645,0.06383035783721437,0.12988920307825633,16,True,0.17032910937355136,0.18241917057853416,0.17032910937355136,-0.006524508623889304
1008,0.0,0.0,0.0,0.0671421384960212,0.24669150940579612,0.0,0.3451335231106435,0.05429991829586313,0.0,0.2867329106916761,98,True,0.41188124447485114,0.3451335231106435,0.41188124447485114,1.0340237442834275
1009,0.018219118315808507,0.02863302632412544,0.2849859237182425,0.31081922218105407,0.009479234975171828,0.01890516496703215,0.13565315384815463,0.1933051556704109,0.0,0.0,173,True,0.36768638073678633,0.31081922218105407,0.36768638073678633,0.9333462361646284
1010,0.12685065513612626,0.0,0.15168947010100853,0.13523258871744123,0.23983925525278177,0.13575023505914746,0.0,0.19083075083515122,0.01980704489834348,0.0,574,True,0.26485529307519073,0.23983925525278177,0.26485529307519073,0.04341736770641152
1011,0.003681689380905351,0.060598747454586495,0.26893035851749986,0.0,0.026481956130665035,0.22810153116499032,0.07142358418725188,0.12515678994927493,0.10540218460813253,0.11022315860669356,16,True,0.26975028998018946,0.26893035851749986,0.26975028998018946,0.8720846354008397
1012,0.12199210911190059,0.027641267996448095,0.0,0.10866348240970856,0.0,0.24418163318533825,0.0,0.08318080904796196,0.26774165808156947,0.14659904016707306,17,True,0.2952532096701645,0.26774165808156947,0.2952532096701645,0.647756925667805
1013,0.07119991077932548,0.12558052739782458,0.0760938222109924,0.1414434297396565,0.037564949516330194,0.13549685358190172,0.1952543404411258,0.15571104751016207,0.06165511882268111,0.0,875,True,0.1804950801803325,0.1952543404411258,0.1804950801803325,-0.10680139491647105
1014,0.0,0.0,0.07408117754778915,0.17233830756364815,0.06380443433303011,0.03550501782063027,0.36173551195119497,0.15105883800809913,0.1414767127756084,0.0,39,True,0.33794546698618855,0.36173551195119497,0.33794546698618855,1.474922244206449
1015,0.0,0.0,0.06198689977132247,0.09515781955015004,0.10219146116770746,0.005195747728194113,0.1472922099628288,0.14973442852585764,0.22271883782321789,0.21572259547072162,98,True,0.252235584354178,0.22271883782321789,0.252235584354178,0.16813662716606487
1016,0.0,0.3290333975058959,0.0857096286811144,0.0778364924688038,0.05478727886060891,0.21307020298345067,0.1626281705198286,0.0,0.0,0.07693482898029773,25,True,0.3200548136866351,0.3290333975058959,0.3200548136866351,1.2109610875431533
1017,0.09293790283139444,0.04029203791454773,0.008418675704403942,0.13962472797407366,0.16465614190061487,0.0,0.27445893333147703,0.11871441495680723,0.16089716538668108,0.0,39,True,0.2687883966310835,0.27445893333147703,0.2687883966310835,0.5587367655335175
1018,0.11065901126947028,0.20700531740163877,0.058236107825503314,0.2102062111683987,0.12537142397437348,0.06558551889560549,0.04471573399577703,0.10867331730434938,0.0,0.06954735816488355,68,True,0.20332336241249419,0.2102062111683987,0.20332336241249419,0.5670894761816632
1019,0.07113631639858622,0.16005472183105374,0.056618130323923016,0.09965106662412977,0.17915112852149637,0.2633148690576965,0.0,0.12691213628902215,0.04316163095409224,0.0,25,True,0.251422554862004,0.2633148690576965,0.251422554862004,0.660312623804644
1020,0.292003424279155,0.0,0.19909508587064004,0.1872300414204826,0.0,0.06311829391160409,0.0,0.03105751031726026,0.14797749447582328,0.07951814972503468,17,True,0.30517028754346165,0.292003424279155,0.30517028754346165,0.7176801250784278
1021,0.06940241208160915,0.13362136602272026,0.1128798504693417,0.06960292700507502,0.1552894329284166,0.0,0.03513336683065927,0.1021553153482767,0.14626641789551167,0.17564891141838945,72,True,0.16819354129876823,0.17564891141838945,0.16819354129876823,-0.463855984743476
1022,0.10372242793687693,0.06533571907976307,0.0,0.5121539851099356,0.0,0.0,0.0,0.0,0.2696198562507028,0.04916801162272178,17,True,0.5024352326025318,0.5121539851099356,0.5024352326025318,2.0613382653600523
1023,0.13010739840794533,0.2083404209298826,0.0,0.0,0.10196605468188093,0.12518486816635305,0.07697319234990216,0.10020095768226224,0.051315053186551905,0.20591205459522177,16,True,0.21771565587040773,0.2083404209298826,0.21771565587040773,0.13640764872492975
1024,0.012205589133889971,0.2656308431472103,0.12416324629224659,0.0,0.20084457167762618,0.1194450387356007,0.030872767174788488,0.0751645139844105,0.0,0.17167342985422715,11,True,0.2771380353748041,0.2656308431472103,0.2771380353748041,0.5173706564186169
1025,0.01950417786064298,0.11160597322198916,0.0,0.12778640279845474,0.22492944440280013,0.10483180092148314,0.19998954919957385,0.0,0.029439225642553475,0.18191342595250243,565,True,0.25436905223330186,0.22492944440280013,0.25436905223330186,0.14795548702247877
1026,0.18052879652118536,0.0,0.07941624141817925,0.21111394811264036,0.0,0.09788444354640552,0.05794892321172583,0.20580826575681255,0.0938125493332138,0.07348683209983738,17,True,0.23013969238305193,0.21111394811264036,0.23013969238305193,0.30047190987692163
1027,0.06937086670341457,0.2102459014016218,0.0,0.05903645758299068,0.1704738590994486,0.29270899798956423,0.07241283131773359,0.08927371332139848,0.0,0.03647737258382815,112,True,0.2859805350157353,0.29270899798956423,0.2859805350157353,1.0374359098530839
1028,0.0,0.4642566973545424,0.00042238336230147476,0.17421990382201663,0.0,0.15731658001903212,0.0,0.027010979168680282,0.1264906657767401,0.0502827904966869,25,True,0.43576757707213226,0.4642566973545424,0.43576757707213226,2.0142418059716616
1029,0.19908427407575255,0.04031393331726162,0.0,0.07201219536214427,0.0,0.1485711966236967,0.0,0.137394813884697,0.22824852480279803,0.17437506193364982,17,True,0.26438665687261714,0.22824852480279803,0.26438665687261714,0.08642437468380229
1030,0.20563729693960853,0.0,0.021907590539402833,0.1598089634052463,0.1465786416768458,0.0,0.18665006103059775,0.20041375537933978,0.0,0.07900369102895892,53,True,0.26652644375471324,0.20563729693960853,0.26652644375471324,-0.06508713655188292
1031,0.17903190656910786,0.08756263143407207,0.17610747440200472,0.17462405869262593,0.02170646433572191,0.0,0.10920324917844727,0.0011969217640919268,0.1336104454753458,0.11695684814858245,17,True,0.21249858993352316,0.17903190656910786,0.21249858993352316,-0.41140724094515135
1032,0.13806256903753303,0.0,0.0,0.36016087601818975,0.0,0.06617254813683644,0.09309707992836636,0.0,0.3039545128224477,0.03855241405662664,52,True,0.3945853982299257,0.36016087601818975,0.3945853982299257,1.335335896090895
1033,0.08570875601140825,0.1566567426716647,0.1089221191454243,0.14799935858515198,0.26567096174149174,0.1412696655761729,0.0,0.09377239626868616,0.0,0.0,11,True,0.25492470395960076,0.26567096174149174,0.25492470395960076,0.43176478122787515
1034,0.29445336560405866,0.2540513542176273,0.04481167235228751,0.13333869241762886,0.08425271981014398,0.026049515718556293,0.07736474650342356,0.02304250160004051,0.06263543177623344,0.0,11,True,0.29874524971942157,0.29445336560405866,0.29874524971942157,1.2587448597745137
1035,0.0,0.238174327942682,0.0863785626202398,0.10912624213636136,0.004492762231909729,0.0,0.3311509333073016,0.00972580409132307,0.13939605951050626,0.0815553081596762,69,True,0.33459684666499656,0.3311509333073016,0.33459684666499656,1.14471193914543
1036,0.2588551783353883,0.0,0.04758096664975798,0.04078238632865896,0.1075727780262465,0.1260910072227939,0.0,0.107706660073149,0.12113695879841983,0.19027406456558554,17,True,0.24674502326313566,0.2588551783353883,0.24674502326313566,0.6042862373781561
1037,0.0,0.0,0.07784299430848125,0.1350585698939006,0.1419286533924009,0.15697777777619853,0.06699142355706615,0.028234868236101513,0.24010807119432978,0.15285764164152124,16,True,0.23534765244083283,0.24010807119432978,0.23534765244083283,0.2253552515276128
1038,0.24340531170680862,0.0,0.20851207061356222,0.09296272386010286,0.0,0.023341613982448824,0.0,0.0,0.25555066353947836,0.1762276162975991,17,True,0.32904808571216565,0.25555066353947836,0.32904808571216565,0.4192052297687947
1039,0.0045578989831568766,0.0,0.22290498433555642,0.0,0.048633183206548615,0.18267324967035675,0.03920464543121704,0.00928927892431098,0.2872369778246393,0.205499781624214,16,True,0.33436603556949174,0.2872369778246393,0.33436603556949174,0.6203365539143438
1040,0.0,0.09178748528383937,0.23080533823729882,0.0,0.23900250860309924,0.0730425344304695,0.14707374723784572,0.05052704616092143,0.0,0.16776134004652593,16,True,0.2765519739627644,0.23900250860309924,0.2765519739627644,0.38970929681946
1041,0.0,0.48582086450561474,0.22209308885937362,0.0,0.06730701758464631,0.0059760624422030405,0.015257200845693807,0.007814773526324764,0.09996608340302499,0.09576490883311886,25,True,0.45757096597599284,0.48582086450561474,0.45757096597599284,2.152647731063824
1042,0.13723504231573738,0.10943704149134809,0.09392908724739059,0.21481882974416763,0.0,0.07800848164717555,0.04005641149773956,0.061613239054324795,0.0884445580082599,0.17645730899385653,40,True,0.19032965667476,0.21481882974416763,0.19032965667476,0.3963622099250211
1043,0.20207322470252148,0.038156605731508635,0.0217399108404047,0.23372333809894366,0.16687909692480882,0.0,0.0,0.05150766496662135,0.20365820368218976,0.0822619550530015,72,True,0.2759240890445037,0.23372333809894366,0.2759240890445037,0.3627717488987213
1044,0.05294704113159482,0.010967641140109449,0.08663623216229085,0.19210713086994266,0.012652629217491202,0.0,0.11347677850563896,0.3807959734111944,0.0,0.15041657356173765,23,True,0.3577743031933604,0.3807959734111944,0.3577743031933604,1.6027359474645249
1045,0.16235746299048606,0.12351205751507766,0.02624358378479651,0.0941211123604471,0.07032301015621534,0.11183555729764098,0.1434804310219606,0.14037396131710317,0.0,0.12775282355627265,11,True,0.15883157206412346,0.16235746299048606,0.15883157206412346,-0.9368702008225815
1046,0.049559405297037014,0.054303512375270556,0.0,0.15675357846206137,0.1942352119716613,0.08269994554235102,0.14984066898875206,0.22798768862680074,0.038260920004768016,0.04635906873129789,39,True,0.22931847403636077,0.22798768862680074,0.22931847403636077,0.5041964217368549
1047,0.13182235829880543,0.1456022474932902,0.12594439630515622,0.18884396695503336,0.08719291981152676,0.0,0.16952933168341866,0.08635112981167123,0.06471364964109833,0.0,11,True,0.1951623864233289,0.18884396695503336,0.1951623864233289,-0.43721278354410414
1048,0.1668966271532092,0.0,0.03582152857776636,0.16701594280284626,0.07466469981929617,0.0,0.2613753015428041,0.17081007402030834,0.12341582608376964,0.0,39,True,0.2744656706867883,0.2613753015428041,0.2744656706867883,0.3428204820426889
1049,0.11249187253573821,0.16228543778215482,0.15619681046951253,0.09354712806213311,0.11307489068183146,0.18230979517909043,0.0,0.04368524736097301,0.0,0.1364088179285666,11,True,0.19666736444787328,0.18230979517909043,0.19666736444787328,-0.5667683113410152
1050,0.0,0.0,0.2170321565191509,0.2676892217446117,0.030083759448186524,0.049424891752730064,0.17689219774689288,0.15033469361679008,0.04359397993795654,0.06494909923368149,23,True,0.2865632900697018,0.2676892217446117,0.2865632900697018,0.670378473954639
1051,0.13316761193101395,0.09011070059777432,0.18930983369848672,0.0,0.10365108200678402,0.0,0.002267365356314164,0.13560365169134506,0.06411650781737369,0.28177324690090805,11,True,0.2726460924114239,0.28177324690090805,0.2726460924114239,0.7066907032763305
1052,0.13254389924346519,0.18287675200411824,0.0,0.12490238963578534,0.07329668135012023,0.17899727442175012,0.041380800362322855,0.13492298604646918,0.02861793855390689,0.10246127838206184,11,True,0.18777302551593308,0.18287675200411824,0.18777302551593308,-0.2432395457977959
1053,0.0,0.03669416174799984,0.2419865151607138,0.06012880788987495,0.15604597689443478,0.11483540895730246,0.15826511600520463,0.08234220847441041,0.14970180487005907,0.0,16,True,0.23515025673287923,0.2419865151607138,0.23515025673287923,0.29986864942067576
1054,0.10622341657542268,0.0,0.03773500601709066,0.015360644233058263,0.15440334668133993,0.005025900900654764,0.31842858863320633,0.1309500603207257,0.2318730366385017,0.0,39,True,0.3303312533238096,0.31842858863320633,0.3303312533238096,0.957262360283706
1055,0.030347327351618138,0.15052910872466127,0.07039099597174223,0.01999603145630095,0.03389496319028639,0.22201446249314263,0.26262476371194704,0.06371004172476277,0.12056665997093784,0.0259256454046007,69,True,0.26002536615113564,0.2426287322556461,0.26002536615113564,0.9888534436844175
1056,0.06995604167275268,0.0,0.15405630795683628,0.24199811423743445,0.0,0.19915364236156208,0.10290615771341032,0.0,0.12913990342437645,0.10278983263362754,17,True,0.25433245170997465,0.24199811423743445,0.25433245170997465,0.22648984491491225
1057,0.11364411216274423,0.0,0.0,0.28020381642236625,0.0,0.12254889320472256,0.0,0.16242925207671194,0.00358094888110492,0.3175929772523502,17,True,0.3656621097649043,0.3175929772523502,0.3656621097649043,0.8831992049893733
1058,0.09441768858189824,0.2166256602148906,0.062263001767892664,0.0367190269778978,0.029313548352357634,0.11699790445536078,0.09280954466788534,0.133821918385486,0.005438767099454229,0.21159293949687683,11,True,0.216649967298203,0.21118689311543637,0.216649967298203,0.5579933815696504
1059,0.11239494452408759,0.22807055563850817,0.10523765770046001,0.07582521458007521,0.047878490273982985,0.1450276236421244,0.04270332110712821,0.0,0.1474402917983382,0.0954219007352952,17,True,0.1935617305603459,0.22807055563850817,0.1935617305603459,0.4947649669420146
1060,0.0,0.09474338753454602,0.03899710309990643,0.0,0.0,0.0072473346321390505,0.06617812189300852,0.10611783280545833,0.32992246864546776,0.35679375138947395,69,True,0.40291532856827694,0.35679375138947395,0.40291532856827694,1.4347028006360087
1061,0.06708762361223418,0.23775798023032196,0.09322962528466397,0.0,0.22047121748655574,0.06717963437827794,0.09404818455502237,0.10810412117607181,0.00703335406668433,0.10508825921016772,11,True,0.2333808106457302,0.23775798023032196,0.2333808106457302,0.7340871757428284
1062,0.10564779007879396,0.41243542679386,0.06323358936139806,0.07581247607814254,0.0,0.0,0.0725542778081685,0.1197166039084842,0.11625374100828087,0.034346094962871894,55,True,0.35397913807603987,0.41243542679386,0.35397913807603987,2.3794303936150385
1063,0.11359045479057857,0.08230460943127725,0.1512747024387321,0.11257120922413202,0.06783486909373891,0.08606946211208769,0.050722819598468194,0.11932182282153396,0.0,0.21631005048945137,362,True,0.17562236316234298,0.21631005048945137,0.17562236316234298,0.3868432244908092
1064,0.09667117772452498,0.31702617922822984,0.07251930929033233,0.0853637223998071,0.19697100218070723,0.11506435955488507,0.0,0.09339803034294596,0.015869719987097585,0.007116499291469879,11,True,0.2888944399378758,0.31702617922822984,0.2888944399378758,1.355639727702063
1065,0.0,0.14674868211088823,0.08461610510343034,0.08922472625159049,0.042386571308628315,0.2885604725753788,0.20462370861352022,0.0,0.1438397340365636,0.0,90,True,0.2903112324618462,0.2885604725753788,0.2903112324618462,0.7417657212314828
1066,0.09825305406301799,0.19006713789274965,0.0400832906706277,0.12321388160356044,0.09172072426084138,0.2163893719390034,0.01215157664772035,0.10719352042202387,0.0,0.1209274425004552,11,True,0.20991931755447593,0.2163893719390034,0.20991931755447593,0.1766351780915588
1067,0.1902578801058453,0.0,0.0,0.23395479298450997,0.0,0.12169388353572737,0.11325945962659816,0.032037842193092414,0.2246782098149262,0.08411793173930054,17,True,0.27776349710831055,0.23395479298450997,0.27776349710831055,0.3100176863230961
1068,0.2310080582991579,0.34259629309272893,0.031586400604875615,0.04840421023486951,0.2331224698849816,0.0,0.01788292148809421,0.0850865371643953,0.01031310923089691,0.0,11,True,0.36890320571461455,0.34259629309272893,0.36890320571461455,1.1315707561959067
1069,0.05394730332127075,0.10048778065502362,0.17501413857704876,0.03895536012085347,0.12008994771916456,0.0,0.17497353114971861,0.06950003659884782,0.04379212127273883,0.22323978058533378,98,True,0.21627970578722763,0.22323978058533378,0.21627970578722763,0.441953609697575
1070,0.0,0.13668635600139353,0.09654433170758388,0.012856940700317515,0.1404555548759779,0.14714130361954422,0.15405606141876307,0.19775216032197607,0.09269056140099438,0.021816729953449392,347,True,0.20360327060957634,0.19775216032197607,0.20360327060957634,-0.3677564253852371
1071,0.5878636448345357,0.01935723355263764,0.0,0.0,0.2600339655207063,0.05696853592320377,0.056672312254362284,0.0,0.0,0.019104307914554235,11,True,0.5660372516679125,0.5878636448345357,0.5660372516679125,2.3779158739900694
1072,0.0,0.0,0.04024173876310354,0.11862559699879595,0.2078460759209209,0.0,0.18573588068502528,0.26468671116224807,0.03913645878224994,0.14372753768765628,862,True,0.2926389601765707,0.26468671116224807,0.2926389601765707,0.4492575782671713
1073,0.26493393069273014,0.31260384066668556,0.057054048269387966,0.04423092854997495,0.16161920742351055,0.033423722462004674,0.0,0.10501571630392023,0.02111860563178577,0.0,11,True,0.3344172512031321,0.31260384066668556,0.3344172512031321,1.1322361699819237
1074,0.1211871432977664,0.10117559304197662,0.0037780367666991345,0.0,0.002467728258814255,0.1979161349185113,0.2646215245433508,0.06552847692809623,0.24332536224478518,0.0,16,True,0.3124735964612698,0.2646215245433508,0.3124735964612698,0.5523820634283076
1075,0.004713691454747096,0.04940384615585032,0.1930262943812032,0.04579009049240478,0.1761648203277267,0.0,0.1888907940534582,0.24578784976309762,0.025396022921397733,0.07082659045011432,23,True,0.273140345971423,0.24578784976309762,0.273140345971423,0.45155824018049795
1076,0.16328141855271705,0.11244985430385161,0.0910841442801214,0.0,0.14744283477877285,0.03572622278464517,0.0,0.06263246940697816,0.25820452455888143,0.12917853133403243,72,True,0.24061870443329472,0.25820452455888143,0.24061870443329472,0.5459540967343655
1077,0.0735086402181815,0.15589940144186176,0.13542034465872732,0.0460011558048665,0.06803158380979009,0.15768090504307453,0.003473559084349205,0.044322118927720665,0.12746770088342224,0.1881945901280061,40,True,0.18247251357755176,0.1847210310436569,0.18247251357755176,-0.10057256777757231
1078,0.054946035050336475,0.02888677826081511,0.12484694521819124,0.03304606026289139,0.052117603693995054,0.17197269067499948,0.11025377030834298,0.1307143100070999,0.11545668730755787,0.17775911921577045,16,True,0.16429802592939802,0.14887234095495533,0.16429802592939802,0.02627475054843139
1079,0.0,0.3441374904402837,0.0,0.0,0.13105831835803944,0.11450868786995771,0.0,0.10515289513424692,0.09204535649435838,0.21309725170311383,25,True,0.33713358246514197,0.3441374904402837,0.33713358246514197,1.1773714423674673
1080,0.0834980219346503,0.052209508412089996,0.0,0.02774903211634341,0.09072993524719958,0.0,0.0,0.3621050442907371,0.1454233476075154,0.2382851103914642,11,True,0.3574178078012224,0.3621050442907371,0.3574178078012224,1.4169818505653178
1081,0.0,0.10081332233177133,0.14410029601446878,0.14089074665346082,0.035697072967759244,0.07715836884275291,0.08686521264818968,0.24542888269700358,0.025888025521705726,0.1431580723228879,23,True,0.21668281849622759,0.24542888269700358,0.21668281849622759,0.5982965655861197
1082,0.0,0.07701003073163534,0.1465855480058307,0.13383417601494335,0.09406574394159183,0.0,0.1791068777000229,0.18267707385491005,0.18672054975106572,0.0,39,True,0.2334364350767132,0.18672054975106572,0.2334364350767132,-0.34201586804581907
1083,0.1664830604243785,0.3440754714253312,0.0,0.22027694904479178,0.0,0.061052921213146275,0.0,0.0,0.15993067669590832,0.04818092119644384,68,True,0.35532120036626114,0.3440754714253312,0.35532120036626114,1.0525266070285582
1084,0.037748440654126005,0.06979499283880788,0.09552159353432223,0.10601033027342682,0.15531616770223244,0.0,0.10548830999214436,0.28723372299137984,0.0,0.14288644201356046,23,True,0.25461636471895255,0.28723372299137984,0.25461636471895255,1.032171936902667
1085,0.1498854027487642,0.039379789264748825,0.15639667422769526,0.17082507060511254,0.04073787829922286,0.31919963237484084,0.037627018444986546,0.0,0.0,0.08594853403462904,40,True,0.3000140817907349,0.31919963237484084,0.3000140817907349,1.1824268263347715
1086,0.01309504862596404,0.16422682328100577,0.09123439574598848,0.0882680626458421,0.029886102444355536,0.12124111272114503,0.11373045208701302,0.0,0.12419281219572435,0.2541251902529615,40,True,0.22756881337554066,0.2541251902529615,0.22756881337554066,0.6202058483246367
1087,0.200182168499957,0.0,0.1758169550281507,0.11981166433247614,0.0,0.12679949431974075,0.0,0.014638110506147106,0.1980721624080577,0.1646794449054705,17,True,0.2607366953559547,0.200182168499957,0.2607366953559547,-0.19882791460356208
1088,0.022560231493673876,0.22477330457486586,0.038562325350840226,0.0,0.04558791684834482,0.0,0.33536668055236357,0.2948307135420037,0.038318827637908046,0.0,39,True,0.39428619836044354,0.33536668055236357,0.39428619836044354,1.118627667893343
1089,0.0,0.0,0.14789731490069932,0.0,0.06927893475126842,0.12445972284404848,0.22331181123603092,0.05060331915876993,0.2811255286577331,0.10332336845144963,16,True,0.2903438503639598,0.2811255286577331,0.2903438503639598,0.7342193497620048
1090,0.07636526823362826,0.0,0.11075211802937297,0.21722446179942662,0.07927578803492713,0.0,0.2706206487054102,0.19581967459971317,0.04994204059752165,0.0,39,True,0.29264977549643617,0.2706206487054102,0.29264977549643617,0.645055271534087
1091,0.12083781120941547,0.2386669404734019,0.09793081764249516,0.2942619741009748,0.0,0.11018617485917115,0.0,0.13811628171454154,0.0,0.0,68,True,0.31458121358958097,0.2942619741009748,0.31458121358958097,0.7303125564779277
1092,0.16342724484884902,0.0,0.11196713110461841,0.20219113684871032,0.2000419847589553,0.0,0.12435955768967222,0.09011203149662185,0.03080566370383215,0.07709524954874099,23,True,0.2249917743420762,0.20219113684871032,0.2249917743420762,-0.0014794863406942848
1093,0.14451601591312346,0.23326398015792543,0.09913642936183578,0.0,0.0,0.03831671386557811,0.05822614563876405,0.251788816851358,0.0,0.1747518982114151,33,True,0.28968825267593457,0.251788816851358,0.28968825267593457,0.47235744115239225
1094,0.0,0.32180423268138275,0.06313277086207249,0.20761844472366786,0.15630182975659523,0.11956055212464718,0.0,0.0,0.08551634170848824,0.046065828143146234,47,True,0.31433934266836244,0.32180423268138275,0.31433934266836244,1.1028531386798999
1095,0.0,0.0,0.03772005495436089,0.0,0.11344962978835192,0.15601194056369763,0.12119469734981181,0.016667467413445877,0.14120654613231753,0.41374966379801437,395,True,0.3804305176278631,0.41374966379801437,0.3804305176278631,1.8609145565731666
1096,0.1421716192637253,0.16638748557225078,0.0723066298299139,0.12872066474280694,0.2504264930896423,0.007120546794141927,0.020007539740633445,0.06487570741775436,0.08908973502382557,0.05889357852530541,11,True,0.2201670890339858,0.2433059462955004,0.2201670890339858,0.8245891431979624
1097,0.21171823558740363,0.0,0.2490831426505805,0.0,0.0,0.15616130622883084,0.0,0.0,0.33992282186189315,0.04311449367129178,17,True,0.3855642114915643,0.33992282186189315,0.3855642114915643,0.8839889926012
1098,0.0,0.1976221944351827,0.1799775448218836,0.017764941194658917,0.10680951573864439,0.17608400938364113,0.0,0.1553919139747681,0.16634988045122112,0.0,25,True,0.25689457405122285,0.1976221944351827,0.25689457405122285,-0.26795172907342446
1099,0.13143453912639952,0.07838905048426836,0.0,0.12433596970056628,0.14533005819609798,0.0,0.17131829544750501,0.22156971917386212,0.1276223678713006,0.0,39,True,0.23394595119120126,0.22156971917386212,0.23394595119120126,-0.2023628882838505
1100,0.11509480458962007,0.0,0.20021094545292867,0.0,0.0,0.0,0.18777068652290596,0.49692356343454536,0.0,0.0,23,True,0.48530618720190294,0.49692356343454536,0.48530618720190294,1.9101184425996154
1101,0.0,0.2000256699699303,0.07718850801065881,0.22815704890037503,0.27269412879227145,0.0,0.11537414284788558,0.0,0.10656050147887879,0.0,47,True,0.3115323331050078,0.27269412879227145,0.3115323331050078,0.5268734572771656
1102,0.11249280933146168,0.04486114453766437,0.2721357986074253,0.12016476518540299,0.08860702871387467,0.12695218860647725,0.08073435076430382,0.1540519142533899,0.0,0.0,23,True,0.23954688377063355,0.2721357986074253,0.23954688377063355,0.8489531084692824
1103,0.04733143814929644,0.1563086408745222,0.08754291803970488,0.16458246362663875,0.09370588588790828,0.08178279967663787,0.0,0.1925229330484788,0.02655107634876201,0.1496718443480507,25,True,0.19252201393617854,0.1925229330484788,0.19252201393617854,-0.09883389939006453
1104,0.23616697371828987,0.11854412530944594,0.0,0.06524724800080102,0.0,0.03149451743328808,0.006577884534344086,0.15913480959153234,0.13915536169004183,0.24367907972225678,929,True,0.2814027752008205,0.24367907972225678,0.2814027752008205,0.43504545978502746
1105,0.2762571746029337,0.0,0.11929354154820404,0.06532860746714261,0.0,0.04390048606189878,0.0,0.0,0.36266086294295624,0.1325593273768646,17,True,0.38188863820479435,0.36266086294295624,0.38188863820479435,1.3076089345314124
1106,0.0,0.0,0.07619172029551322,0.12918151050919904,0.0613759235262052,0.11551892440356638,0.3411644541787841,0.14701314472604343,0.027465178555779526,0.10208914380490917,39,True,0.29797188729198604,0.3411644541787841,0.29797188729198604,1.6592521850739308
1107,0.0,0.0,0.010055210748020672,0.15122416348990866,0.3074693374763338,0.0,0.21525749427396687,0.1562604213227263,0.0,0.1597333726890438,39,True,0.33730565788054184,0.3074693374763338,0.33730565788054184,0.6116248512539895
1108,0.22011183092741404,0.0,0.0609551301477087,0.08717920545214444,0.025470367393443646,0.16419440366855476,0.017610884162593696,0.043020539972621785,0.19095155983231407,0.19050607844320475,17,True,0.2495785966519679,0.22011183092741404,0.2495785966519679,0.30664683038602325
1109,0.09569067186982237,0.23120004215340803,0.1543671623198952,0.14276499527168757,0.018021844830794897,0.16055495478221116,0.06219291863125087,0.0,0.03678156229970909,0.09842584784122091,68,True,0.2187061938419316,0.23120004215340803,0.2187061938419316,0.3088737412312818
1110,0.0,0.0,0.10321355913225493,0.022552599484201144,0.29009796309768704,0.19715740538011262,0.19607116348915019,0.06310889534465443,0.0,0.1277984140719398,15,True,0.30487472457519643,0.29009796309768704,0.30487472457519643,0.6855113456117484
1111,0.36700014796497915,0.0,0.13086410655321537,0.06329440361168107,0.14157451845768748,0.0,0.0,0.08248447761109057,0.21478234580134645,0.0,17,True,0.3588860458558901,0.36700014796497915,0.3588860458558901,1.3461188710404968
1112,0.16508829387950405,0.07393241491892273,0.0,0.0,0.12153461511565998,0.18245823502158548,0.0712941259677161,0.11343483053600627,0.14621389872643722,0.12604358583416797,58,True,0.1897303872268387,0.18245823502158548,0.1897303872268387,-0.5908900278554684
1113,0.09063013192108768,0.0,0.16667166414178256,0.1747064076052718,0.24876264111385643,0.05063429883790639,0.021722201843496103,0.0,0.0,0.24687265453659893,17,True,0.30394117644996466,0.24876264111385643,0.30394117644996466,0.47719169679914086
1114,0.12234761921808024,0.12307263544577052,0.13689392033631143,0.07414182365039501,0.05904069602598919,0.08126443124625167,0.17471803267376795,0.14352582158511948,0.0,0.08499501981831449,23,True,0.15097246879200074,0.17471803267376795,0.15097246879200074,-0.5696320130313453
1115,0.0,0.3892364560283602,0.031764337148463176,0.06985402842004172,0.02485502596254178,0.0,0.1574390206951801,0.11088781231348278,0.1613333039555246,0.05463001547640547,55,True,0.3522887666835135,0.3892364560283602,0.3522887666835135,1.8659718272167896
1116,0.06191351217707622,0.09483634975621939,0.10071505431522514,0.0630385700602328,0.13180183598468762,0.11352608948199806,0.0,0.18182379160617926,0.1644959917610172,0.08784880485736438,72,True,0.15824263547636874,0.18182379160617926,0.15824263547636874,-0.24314959061163421
1117,0.2632045221396468,0.0,0.1624857569267025,0.10789361569624319,0.0354901430984199,0.09959683322489828,0.014133608100798481,0.0,0.2662695666610465,0.050925954152244414,17,True,0.3036297864941965,0.2662695666610465,0.3036297864941965,0.8263644007018939
1118,0.1812593201274312,0.0,0.13323662537355607,0.19629340931943473,0.0,0.08062072308454139,0.06956041632712832,0.08863533564744068,0.11408567194060411,0.13630849817986343,17,True,0.19982033047225262,0.19629340931943473,0.19982033047225262,-0.2444736999224766
1119,0.2140041600791015,0.0,0.02923718425978705,0.13175542327455703,0.1744349190540506,0.120756797244954,0.0953521113457554,0.0,0.07340950017383446,0.16104990456795992,17,True,0.22235080777529634,0.2140041600791015,0.22235080777529634,-0.07184677116838827
1120,0.11806034497015927,0.0716926174272015,0.136714722746146,0.09540427080612837,0.04651033786735126,0.09945785935112894,0.09062869609303785,0.11243670091994394,0.09997991153002471,0.12911453828887823,45,True,0.08030045481360452,0.09020438487879473,0.08030045481360452,-0.6855632463289697
1121,0.11611423747664266,0.29537185690210654,0.12457960608261369,0.08138507331474941,0.0,0.09820016357760543,0.09280989804851789,0.15085353696053364,0.0,0.040685627637230826,11,True,0.25600726086755865,0.29537185690210654,0.25600726086755865,1.2051958658705282
1122,0.0,0.037877703829547964,0.0,0.01786714434302917,0.05879323382022136,0.09593187942719891,0.3824133334628337,0.01067118016568957,0.3135703278270278,0.08287519712445139,69,True,0.4073843463071439,0.3824133334628337,0.4073843463071439,1.5909713368656118
1123,0.03639930168496955,0.18045186755934417,0.07639519840617287,0.10196514648859997,0.0,0.0,0.3886357624701896,0.025436398068358335,0.13684210471329733,0.05387422060906821,1035,True,0.3513315565001896,0.3886357624701896,0.3513315565001896,1.8880525090693647
1124,0.09278121238180885,0.17226230040063198,0.0,0.17308426574840435,0.0,0.003571770961609277,0.1327887358672023,0.131649897820108,0.18848811388170278,0.10537370293853265,651,True,0.2232700258044879,0.18848811388170278,0.2232700258044879,-0.46136242361034613
1125,0.18180421525419643,0.0,0.11372837449221904,0.10314984900158514,0.21791637195684058,0.1125033739616491,0.12550855561356664,0.14538925971994301,0.0,0.0,11,True,0.23165015841045736,0.21791637195684058,0.23165015841045736,-0.21067163021859991
1126,0.03878124483609682,0.35664922120767606,0.17699518156467833,0.0,0.0032590105118596143,0.0,0.18447732640449557,0.006133286654617104,0.11303305599801666,0.12067167282255988,47,True,0.3484941791741911,0.35664922120767606,0.3484941791741911,1.2416427728926553
1127,0.35320967601797776,0.06586098100810162,0.022773021938941308,0.0,0.3468245219263351,0.14253810434294303,0.015735837417369454,0.030141464912182756,0.0,0.022916392436149083,11,True,0.4146070432445429,0.35320967601797776,0.4146070432445429,1.4443755135220513
1128,0.0013703084491964823,0.0,0.07856428078313298,0.0974587455080255,0.18730369666463118,0.0,0.0,0.2003066509591291,0.2153394130226795,0.2196569046132052,17,True,0.29240054511597685,0.2196569046132052,0.29240054511597685,0.14294206873060464
1129,0.0,0.09146261125250632,0.018901311955421694,0.20095495363835453,0.1117232839884697,0.25474061511221413,0.06642599983443209,0.16582114811365764,0.0,0.08997007610494397,85,True,0.2578451407832595,0.25474061511221413,0.2578451407832595,0.5355183914979591
1130,0.15484422744769824,0.2160376595251108,0.0,0.1472365318673916,0.10056928722118454,0.10258607785784114,0.0,0.07277869942237566,0.005588584361129946,0.2003589322972681,11,True,0.24173820434885135,0.2160376595251108,0.24173820434885135,-0.00480582812807824
1131,0.0,0.13657520423168718,0.0,0.15451350916486084,0.06586453117310297,0.0,0.015307944254881202,0.08130262697661977,0.26349195429436795,0.28294422990448004,98,True,0.3212401670350919,0.28294422990448004,0.3212401670350919,0.7975120745388457
1132,0.2883949603405374,0.025079255469701873,0.147913695761845,0.0,0.1256080603118788,0.05874890710036029,0.14080785225351192,0.19702227224810395,0.0,0.016424996514060652,274,True,0.2895208283146507,0.2883949603405374,0.2895208283146507,0.729377173346644
1133,0.20107382460094125,0.037369858884816844,0.10884495516247135,0.10441077689712536,0.12132094389075103,0.17588151998743992,0.0,0.10096974372211756,0.0,0.15012837685433675,11,True,0.20727402894035163,0.20107382460094125,0.20727402894035163,-0.26940353335439143
1134,0.3610442079736165,0.33162092948153515,0.10462998602157177,0.0,0.012214991252531199,0.09721754944288932,0.0,0.0,0.0,0.09327233582785618,11,True,0.4117924009960991,0.3610442079736165,0.4117924009960991,1.3714578832838937
1135,0.0,0.0,0.07912931272534876,0.17732075430678526,0.23290980528343158,0.0,0.116971634343002,0.14047232561499837,0.16660937828341432,0.08658678944301955,39,True,0.24621508885540327,0.23290980528343158,0.24621508885540327,0.041536695179991125
1136,0.0,0.4241905383108586,0.062438287441870716,0.18776913252705832,0.0,0.11754353367636887,0.0,0.1465948190442487,0.0,0.0614636889995946,25,True,0.3977156119720174,0.4241905383108586,0.3977156119720174,1.8326686845133704
1137,0.0,0.03626586913811068,0.21251781983390927,0.12471010989429594,0.14467837790441074,0.0016471387659102938,0.17250036282043846,0.3076803216429246,0.0,0.0,23,True,0.3277037535942943,0.3076803216429246,0.3277037535942943,0.7093645333600392
1138,0.037043425620732866,0.1999069196693813,0.19239955749291093,0.024194576671651095,0.05874299601100863,0.08454501817022148,0.1394151598706714,0.10316429813255833,0.1291209051570306,0.03146714320383338,23,True,0.19307616972555086,0.1757123429977302,0.19307616972555086,0.4121736785845466
1139,0.009746529843810584,0.12221198726215109,0.003628545823046404,0.0,0.0,0.24596070125379668,0.2342249022805975,0.0,0.3298480080965737,0.05437932544002392,69,True,0.3770394169175879,0.3298480080965737,0.3770394169175879,0.9064842309781921
1140,0.0,0.0,0.14535928196037687,0.15513194074129583,0.10208648785335506,0.31161970513555803,0.11348156921192634,0.05898173026395054,0.11333928483353738,0.0,19,True,0.2862279442393963,0.31161970513555803,0.2862279442393963,1.0672336716094641
1141,0.0846146235843488,0.11833237904236729,0.013233160308672833,0.1589391765884673,0.07437990398838688,0.14203974682462872,0.024399225268359224,0.09471348347826569,0.09468666588168677,0.19466163503481662,72,True,0.1695031198307305,0.1814284747261438,0.1695031198307305,0.02108047525126625
1142,0.1448163757968092,0.0,0.09338573763779501,0.13559036374030795,0.09647753053238664,0.181807364720766,0.040116124073659255,0.020904606457431245,0.19880830433959687,0.08809359270124784,17,True,0.1994261420372876,0.19880830433959687,0.1994261420372876,-0.03041871638503592
1143,0.17907107284736745,0.09584462318882545,0.17596463108574892,0.07986544222395225,0.1497869689162044,0.10609076656773901,0.0,0.12207036213302144,0.0,0.09130613303714102,11,True,0.18847825134270496,0.17907107284736745,0.18847825134270496,-0.5274643694418775
1144,0.08734094639915392,0.14243610518734243,0.046663433088399035,0.059772424159415125,0.0,0.18901322445627064,0.2899133034604306,0.05927262881503879,0.1255879344339495,0.0,16,True,0.2696812933836081,0.2899133034604306,0.2696812933836081,1.0251275573216383
1145,0.14952853985913234,0.01735458767536024,0.109613614531316,0.0,0.0,0.11395651512047085,0.12871625697022102,0.25393980548744693,0.20109185140291497,0.025798828953137717,88,True,0.2642309778777643,0.25393980548744693,0.2642309778777643,0.37744861089585485
1146,0.0,0.20318235417587904,0.2156605980928141,0.00889497295007544,0.0967667747356146,0.21560829479696236,0.012519003215248,0.11909981011724145,0.08868174347101193,0.039586448445153175,16,True,0.25979887870619783,0.2156605980928141,0.25979887870619783,0.3315247210229054
1147,0.1466757763551741,0.0,0.21854200764408374,0.09365017939334742,0.12646054638753385,0.11653795629255607,0.0,0.0,0.19789497061195976,0.10023856331534506,17,True,0.2383868758833383,0.21854200764408374,0.2383868758833383,-0.07517399384841694
1148,0.06761156973180635,0.0,0.020397792679813218,0.14308687799935385,0.24978407381798695,0.051314313831683035,0.1551368208394836,0.1394278591851028,0.1384116100296482,0.03482908188512208,39,True,0.23316279963497258,0.24978407381798695,0.23316279963497258,0.5311618176186972
1149,0.12774555760357667,0.07519167184636497,0.0,0.019230771958504977,0.09601556893175085,0.0,0.056583131152078234,0.3616675679629914,0.0622229107795094,0.2013428197652236,106,True,0.3316281490073368,0.3616675679629914,0.3316281490073368,1.6760202636479498
1150,0.10832219562848584,0.0,0.15838540683792388,0.04840218917446146,0.16154106994621464,0.0,0.02594977528138924,0.2603624759403066,0.07974904084032684,0.15728784635089144,23,True,0.2545963672184147,0.2603624759403066,0.2545963672184147,0.49829557627839505
1151,0.0,0.07020020326804267,0.01934171926558113,0.1237398272267829,0.24206874537225376,0.11281917758017433,0.16444916728535933,0.20823099114135385,0.0,0.059150168860452046,15,True,0.2565961351421329,0.24206874537225376,0.2565961351421329,0.39932862095960103
1152,0.25804388556944957,0.0,0.056135494795266964,0.1291130272354002,0.008373947979549467,0.10590789766322523,0.10752192561621003,0.09296199520221528,0.16131578916128606,0.08062603677739719,17,True,0.22454589492827387,0.25804388556944957,0.22454589492827387,0.7757756192288094
1153,0.0,0.15927998916110545,0.08756995247071313,0.11500708660063033,0.11424760315240104,0.23626821247306848,0.03300318939940248,0.13193090294312657,0.0926245170203063,0.030068546779246193,16,True,0.20765070879512912,0.23626821247306848,0.20765070879512912,0.47430828556097776
1154,0.05990588300043761,0.18109665968036862,0.0,0.1252213017053106,0.02773606241785233,0.19367938331243914,0.1426292120848572,0.0,0.11416998056643536,0.15556151723229908,69,True,0.21891401118032128,0.19367938331243914,0.21891401118032128,-0.29256289302621385
1155,0.1935323332948817,0.14925258925702867,0.05582849132825659,0.04196806096330536,0.18249606794005616,0.10454917521048196,0.0,0.03973338095640055,0.17515878259598527,0.057481118453603826,17,True,0.21073206335933406,0.1935323332948817,0.21073206335933406,0.13882383182137356
1156,0.2436914435883904,0.13575484586363498,0.053807249141397465,0.0067551672916845535,0.06579811567784113,0.22515059747541735,0.13960257797104786,0.0,0.0,0.12944000299058628,40,True,0.26836826921156953,0.2436914435883904,0.26836826921156953,0.4095797061582601
1157,0.0853248937546929,0.30648501405770223,0.10253835138452407,0.06720988169698153,0.12820768601312318,0.0645514621301839,0.0,0.06069255638557669,0.043123691882650486,0.14186646269456507,11,True,0.2500362323629051,0.30648501405770223,0.2500362323629051,1.8164584488232396
1158,0.11806461720318996,0.10557556346414015,0.2370504892686997,0.16102946950190813,0.0,0.06387722392611868,0.15340398538475608,0.04299167130357479,0.06462413271570065,0.05338284723191183,16,True,0.20903648275947687,0.2370504892686997,0.20903648275947687,0.6494458137500977
1159,0.10379946757285492,0.23591783986561363,0.0,0.0,0.0,0.0,0.21757381111247806,0.18417568837475895,0.21092954085514976,0.0476036522191446,69,True,0.30732390570138807,0.23591783986561363,0.30732390570138807,0.25242685408749993
1160,0.1171838521537856,0.08366050041650695,0.07407366060971766,0.14890728010364962,0.013366404577342696,0.33168807028391956,0.04232306952228146,0.0,0.18879716233279653,0.0,35,True,0.30987524466828714,0.33168807028391956,0.30987524466828714,1.3100979527872967
1161,0.25867403209633266,0.0,0.0,0.07480790270010752,0.1606860258650525,0.23471015473642512,0.07899319627408238,0.0,0.05313744492407131,0.13899124340392846,17,True,0.2860059644232769,0.25867403209633266,0.2860059644232769,0.5761088358406415
1162,0.0,0.08955959371514742,0.14609327215027676,0.22176826061237354,0.12407806022315127,0.029498789954761236,0.1963846075530942,0.19261741579119557,0.0,0.0,39,True,0.26547928920431996,0.22176826061237354,0.26547928920431996,0.05125382374930023
1163,0.28662888726358676,0.14285685651501948,0.026938925830962444,0.0,0.20347088259302923,0.07460661995679042,0.0,0.26549782784061166,0.0,0.0,480,True,0.3474846048170871,0.28662888726358676,0.3474846048170871,0.6983349960091283
1164,0.0591026020444942,0.15904094486619313,0.11839424155749337,0.1886663841629879,0.13082287925320352,0.18854129513237244,0.05350759312193254,0.0,0.10192405986132276,0.0,90,True,0.2105073938513301,0.1886663841629879,0.2105073938513301,-0.21562771822070143
1165,0.20892796743262423,0.032144662121432126,0.0,0.13604556794511702,0.0,0.21942012784015746,0.00222685614566408,0.21882104169632588,0.09819515887250471,0.08421861794617458,17,True,0.2756092087529879,0.21942012784015746,0.2756092087529879,0.26311265981106635
1166,0.21203706470018444,0.11551209560681261,0.011042351966175944,0.13699259639608824,0.0,0.054359587733992444,0.03464371121755746,0.09994817259713562,0.10418054027200205,0.23128387951005114,965,True,0.23597091483075217,0.23128387951005114,0.23597091483075217,0.4695675718835612
1167,0.11261678048210644,0.12933881888803006,0.12522312677907663,0.13468107907613697,0.0,0.0,0.1726951038870595,0.2586300177983075,0.06681507308928285,0.0,23,True,0.25378777130466373,0.2586300177983075,0.25378777130466373,0.32675956322378913
1168,0.0,0.03293083440353336,0.01936160224204088,0.0,0.2637949292457218,0.0,0.31402730056944766,0.12797843441149956,0.17952730976985604,0.06237958935790073,98,True,0.34951390457414167,0.31402730056944766,0.34951390457414167,0.9524261568282117
1169,0.16307469238166478,0.010326130310444869,0.12145296074831677,0.08812828645002022,0.019927531304851778,0.11816462213240132,0.0,0.0,0.18319607759773893,0.2957296990745613,17,True,0.2908508947884436,0.2957296990745613,0.2908508947884436,0.7780512727996766
1170,0.07564308806720677,0.05734087912462171,0.059481561868304306,0.19914762809638673,0.027121472568187574,0.034545132897998744,0.11933337282820589,0.03755239610663743,0.12289570960406758,0.26693875883838325,6,True,0.23695341395348987,0.23981728627019566,0.23695341395348987,1.2899806402949925
1171,0.08788768408736619,0.043798025043128776,0.05061106295945153,0.1250987069627208,0.13859772681094068,0.0908692072900082,0.15182668166122482,0.11866906027737584,0.05167793995429123,0.14096390495349206,11,True,0.12245546132882316,0.10802865661809605,0.12245546132882316,-0.25650223419341406
1172,0.17172720165564687,0.296725678649979,0.09645875904133866,0.0909014341113064,0.0,0.19617182475668685,0.0,0.06363900793827452,0.06240297064010029,0.02197312320666743,68,True,0.28638083058395797,0.296725678649979,0.28638083058395797,1.0050572804975784
1173,0.05292625596497912,0.1655909833228039,0.06716171821895463,0.0914542451159505,0.15328973751457223,0.07060094601179966,0.1630930693146394,0.06276741963549701,0.17311562490080354,0.0,16,True,0.17912702947390655,0.17311562490080354,0.17912702947390655,-0.0925374614413198
1174,0.1105534644775452,0.21238435553128268,0.0,0.11637418608596116,0.04653578253821168,0.11927045223661262,0.06807081461004026,0.12369590974859151,0.05512866103196588,0.14798637373978898,11,True,0.17926685129382383,0.21238435553128268,0.17926685129382383,0.18241961092569395
1175,0.059922303842228915,0.22593071983516633,0.0038999442118825066,0.0,0.0525544383328659,0.001887355000833363,0.292351245566195,0.166221566729708,0.04102002998106344,0.1562123965000565,69,True,0.31080529119588274,0.292351245566195,0.31080529119588274,0.7960706844791554
1176,0.07585348565381292,0.0563485004236226,0.23846434177469952,0.06471237297066615,0.176746038626183,0.03839718786806853,0.11569344459925222,0.1441149199054433,0.04913241116874539,0.040537297009506396,23,True,0.20225403344375506,0.200067153906631,0.20225403344375506,1.1238823469266603
1177,0.0,0.14413856797414992,0.0,0.05224937382680139,0.0,0.0,0.39892947767384224,0.0,0.2450065246698328,0.15967605585537362,69,True,0.41009180916518423,0.39892947767384224,0.41009180916518423,1.3566568794584992
1178,0.09087045770139239,0.011550157065068567,0.1066659770784356,0.027768332109907347,0.0,0.23529286113987408,0.08880098465509689,0.04262060454663538,0.3064638008998464,0.08996682480374327,16,True,0.2960042386244214,0.3064638008998464,0.2960042386244214,1.3037342938568546
1179,0.0,0.0,0.0,0.09823457500172764,0.31074672311002594,0.05029665773206002,0.20135481005427716,0.25242559668174264,0.0,0.08694163742016651,39,True,0.34722413674431213,0.31074672311002594,0.34722413674431213,0.8794511815717848
1180,0.1253521043079223,0.0,0.22887290862113366,0.0515355769644439,0.05614705349342038,0.0,0.09573448102960648,0.2853866233200162,0.060150547848632385,0.0968207044148246,106,True,0.27840136224892204,0.2853866233200162,0.27840136224892204,1.089034927555467
1181,0.00014194536598173226,0.04474702540393954,0.13017042430833753,0.1536377895659042,0.0,0.0,0.32565784487686006,0.1256245015723562,0.10831175649083061,0.11170871241579018,39,True,0.2976508802727855,0.32565784487686006,0.2976508802727855,1.212593753139739
1182,0.10421554132119414,0.23792026461147206,0.2278421204487914,0.03455828281753794,0.21801932384038278,0.06312935871830001,0.0,0.01745382756351173,0.0,0.09686128067880997,11,True,0.28596804615012217,0.23792026461147206,0.28596804615012217,0.5554584238933173
1183,0.06181200329369452,0.11863124469170536,0.07968835863837126,0.05654165260118369,0.07882828542231186,0.03960641078749608,0.2445055734606133,0.22400306033171408,0.09638341077290984,0.0,39,True,0.23339658024748203,0.2445055734606133,0.23339658024748203,1.0484911829451327
1184,0.11651688313586166,0.0,0.04601644949968933,0.22964397501352704,0.0,0.07634227430107368,0.0,0.0,0.17701432362589023,0.35446609442395793,17,True,0.3622685173329764,0.35446609442395793,0.3622685173329764,1.1789585709303794
1185,0.045970076259193346,0.0,0.12544869031701245,0.30301119661261744,0.0,0.043568478364439125,0.10343330775901009,0.018231467851192472,0.2165952287414772,0.14374155409505793,210,True,0.3002841695034007,0.30301119661261744,0.3002841695034007,0.9927218205631853
1186,0.0,0.15039209935520165,0.19783780190224481,0.13648758395676616,0.19517261282384912,0.021934684397528312,0.003610703079015012,0.294564514485395,0.0,0.0,85,True,0.32517873474626313,0.294564514485395,0.32517873474626313,0.5419341135557489
1187,0.0,0.03719114908847334,0.5274526589410468,0.0,0.12297136226179844,0.0,0.08462847886133751,0.20696861338618777,0.014644274630408488,0.006143462830747598,23,True,0.49493598394884614,0.5274526589410468,0.49493598394884614,2.308587309637229
1188,0.0,0.030277375389413563,0.16273936321837915,0.2712021558325741,0.07611079954495657,0.0,0.0,0.21583272139080875,0.13111476986464632,0.11272281475922158,85,True,0.2884884094789023,0.2712021558325741,0.2884884094789023,0.5464508064091607
1189,0.0,0.14208126925163173,0.2853289238376396,0.11390935196899242,0.08658026456182519,0.2009323469355709,0.04528812122869073,0.0,0.02357014320792057,0.10230957900772879,16,True,0.27480681961176556,0.2853289238376396,0.27480681961176556,0.8778675124542225
1190,0.16465507201755572,0.1661932947749643,0.1356990447998296,0.0,0.1955591125372695,0.16678930724366278,0.0,0.05917979652416196,0.0,0.11192437210255622,11,True,0.23502571694014432,0.1955591125372695,0.23502571694014432,-0.3726230233616798
1191,0.023244357248646815,0.0,0.029016761376741904,0.06922346148618702,0.04844912016381209,0.1234103319136976,0.26403445738633824,0.1731513090280705,0.183995790870936,0.08547441052556991,39,True,0.2541800226038052,0.26403445738633824,0.2541800226038052,0.7836030919178545
1192,0.06862414777802521,0.0,0.0,0.21732899549729084,0.04139133538471935,0.062059257123080455,0.0,0.09815033476595753,0.26896152390251,0.24348440554841652,52,True,0.31426772866716113,0.26896152390251,0.31426772866716113,0.7376994961781572
1193,0.1377140236034749,0.21149352355775045,0.10765533584282296,0.12388405367877055,0.22248335532845667,0.01214017791374398,0.0,0.18462953007498045,0.0,0.0,11,True,0.27270108835305457,0.22248335532845667,0.27270108835305457,0.040513975733326144
1194,0.0,0.10531176721565833,0.15671129095444464,0.04015520845507936,0.04905792424168387,0.24888198238529,0.03039229358834804,0.14433079579839816,0.22364209642367233,0.001516640937425284,35,True,0.27089392111593524,0.24888198238529,0.27089392111593524,0.532141647323589
1195,0.17118266644067268,0.10666627504312237,0.01375338038906049,0.12617505681807892,0.2360173277264006,0.0,0.0,0.1825130764846087,0.07185758794943224,0.09183462914862413,11,True,0.2437269252426756,0.2360173277264006,0.2437269252426756,0.20532795352308025
1196,0.0,0.0941939876545579,0.13525396911275603,0.06797855543758184,0.16706660623659517,0.17215840634239574,0.14033090236879814,0.14983269216192113,0.03591038131526976,0.03727449937012411,85,True,0.18482028258229782,0.17215840634239574,0.18482028258229782,-0.37571652122085464
1197,0.020292746311242855,0.02222018190856653,0.12897035815582206,0.19616965154735078,0.13520845180298888,0.12032613252557323,0.17532067710316926,0.1528533517711574,0.004471940360773701,0.04416650851335542,23,True,0.2117859457280317,0.19169771118657708,0.2117859457280317,-0.19027869852561133
1198,0.1183239589952511,0.30862457310087354,0.0,0.2786803156516726,0.12577037113443001,0.1312376078938715,0.0,0.02452536800258111,0.0,0.012837805221320147,68,True,0.3474481308415439,0.30862457310087354,0.3474481308415439,0.9607902503950542
1199,0.009245513649294743,0.2545072725754087,0.15611222797058164,0.06580457339552881,0.10662920894387536,0.23512833763501578,0.01662890527464921,0.00508003620161782,0.11844695337053138,0.03241697098349661,68,True,0.2749521636686469,0.2494272363737909,0.2749521636686469,0.6870466209230093
1200,0.08258144859598211,0.08015175980185607,0.07291421302860993,0.19522071945249572,0.17950758269102143,0.122500492920482,0.0,0.004726471012686216,0.12591715077881033,0.13648016171805616,17,True,0.1959725949133857,0.19522071945249572,0.1959725949133857,-0.2264342169759737
1201,0.0,0.0,0.0,0.2869418210191064,0.0,0.09945710270229847,0.09031808123110927,0.0,0.34964612842679405,0.17363686662069172,52,True,0.39087959309570486,0.34964612842679405,0.39087959309570486,1.0982410096063744
1202,0.0,0.09347671084247348,0.0,0.0,0.14405739666576353,0.10094213258995749,0.32060829888225323,0.1501309392795572,0.0,0.19078452173999502,16,True,0.31844537539827145,0.32060829888225323,0.31844537539827145,0.8937024222395186
1203,0.11663672116074013,0.20528078782554204,0.017090017924007644,0.0,0.1650089907460416,0.16911190103707216,0.024027524673523225,0.16549167470579926,0.0,0.13735238192727378,11,True,0.24226780748875543,0.20528078782554204,0.24226780748875543,-0.23708989330381922
1204,0.13438213684854758,0.0535321490178712,0.03408506936102673,0.06340165906272587,0.10772600805043996,0.08052641933670616,0.11843183929657396,0.2585295891796551,0.04174160154162891,0.10764352830482438,135,True,0.19592944790184652,0.22444451981862834,0.19592944790184652,1.6907048391342046
1205,0.27598848512420604,0.0,0.4444088544105388,0.0,0.0,0.0,0.1289787256163223,0.150623934848933,0.0,0.0,23,True,0.461510514734635,0.4444088544105388,0.461510514734635,1.5434318969902237
1206,0.09604736324025942,0.33014858025460414,0.05545320022970797,0.04224913662003598,0.09213810662091367,0.015673001036708784,0.14994813129334503,0.15507924982249344,0.06326323088193164,0.0,116,True,0.2869748313512343,0.33014858025460414,0.2869748313512343,1.6742279800563913
1207,0.0,0.0,0.23568151526638695,0.3083658191638383,0.0,0.0,0.17946324856807835,0.14455942865792823,0.0,0.13192998834376815,23,True,0.3480592807148612,0.3083658191638383,0.3480592807148612,0.6374037735048234
1208,0.0,0.14445121015694196,0.21159661111777586,0.0716521172363848,0.0,0.10776957003435367,0.17953785324051458,0.04079076963631286,0.2442018685777162,0.0,154,True,0.27553559540059763,0.2442018685777162,0.27553559540059763,0.31362388325244406
1209,0.01152434478267461,0.0,0.004481733789523056,0.0,0.32364049503854425,0.0,0.25975794870921187,0.0,0.10479380216492394,0.2958016755151224,98,True,0.41334081653833393,0.32364049503854425,0.41334081653833393,0.9136412948923116
1210,0.29231271467351144,0.0,0.28209529880678963,0.0,0.19724395726468186,0.2094376273276583,0.01891040192735853,0.0,0.0,0.0,17,True,0.3849043809672925,0.29231271467351144,0.3849043809672925,0.6475964788780438
1211,0.14928644783554432,0.05077129917408768,0.030105328247636787,0.08859108992513694,0.0817345361966445,0.09343725721276223,0.08322252779488347,0.29253805067138944,0.030299318831018142,0.10001414411089658,11,True,0.2290312505750492,0.26243272242375265,0.2290312505750492,2.0118318626736116
1212,0.19395996910925692,0.11701479870459039,0.0545420960609519,0.10755929094574292,0.25271645347139726,0.044806834044472645,0.04055406397065158,0.061850020439947244,0.0,0.12699647325298916,11,True,0.23092897961953016,0.25271645347139726,0.23092897961953016,0.8795940704639722
1213,0.05331809157593014,0.0,0.0957847936971713,0.05971377784650325,0.06680625950106527,0.0,0.18939813843513087,0.07555806336367507,0.18912032543548718,0.2703005501450369,98,True,0.26543533647506407,0.2703005501450369,0.26543533647506407,0.8307583178916377
1214,0.09691320989006948,0.1296799864306146,0.0,0.16677253541204295,0.131505171527662,0.025925125505047313,0.16066418133733262,0.1936223174113105,0.054939698008981915,0.03997777447693875,23,True,0.19976747434090233,0.1936223174113105,0.19976747434090233,-0.14827814755083715
1215,0.0,0.014664560711613598,0.0,0.16156434234400535,0.17327915960764806,0.030775982999593856,0.21513845650305108,0.0629734882679582,0.21216086688744015,0.1294431426786896,39,True,0.26326581748862726,0.21513845650305108,0.26326581748862726,0.12039607667106877
1216,0.20771580422785652,0.11475023190958078,0.06429990555413014,0.17076353224827986,0.17151515827818753,0.15954632617172546,0.0,0.02704908149218185,0.08435996011805785,0.0,17,True,0.22875503982269876,0.20771580422785652,0.22875503982269876,-0.07935544485064662
1217,0.0,0.17218464757149088,0.09158860564014003,0.06362256658365248,0.0,0.15185116337723203,0.04309302868503002,0.0,0.2768086923705916,0.20085129577186298,69,True,0.2897653130492601,0.2768086923705916,0.2897653130492601,0.5911781817190035
1218,0.2023157783115121,0.17224642649119992,0.0,0.18263942465580313,0.06385602141323535,0.17209431805776854,0.048614140657917956,0.0,0.10984727370376955,0.04838661670879362,68,True,0.23328680566732096,0.2023157783115121,0.23328680566732096,0.02003450109254841
1219,0.1015117106880678,0.34170378859460526,0.171582191825265,0.0,0.1392815388136102,0.2039741336905478,0.0,0.0,0.0,0.04194663638790422,25,True,0.3453561490282783,0.34170378859460526,0.3453561490282783,1.0447950865659137
1220,0.37089245971598855,0.0,0.06999714477056002,0.14013789620198303,0.0,0.07099032595411801,0.07892245882728431,0.0,0.10201639123566045,0.1670433232944057,17,True,0.3341835479590934,0.37089245971598855,0.3341835479590934,1.7266403052549473
1221,0.0736391394286684,0.13450724324184274,0.18795448450328867,0.08159356974243823,0.0,0.12486871825132678,0.15513705548616902,0.04338617629835562,0.18251893203959227,0.01639468100831827,16,True,0.20155229942425354,0.18795448450328867,0.20155229942425354,-0.1483874153274713
1222,0.2337888211335683,0.12650395693504257,0.07857467294764664,0.1437024255623729,0.024146177371309252,0.10052844121260034,0.08716855980057694,0.09079120016838858,0.004692817514411625,0.11010292735408271,11,True,0.1901575996818239,0.2290960036191567,0.1901575996818239,0.6451533076495396
1223,0.22373583774749964,0.22073181129477973,0.039827783412035696,0.0,0.1992370019191088,0.08507708163496171,0.02880673468987229,0.1402777594041983,0.06230598989754395,0.0,11,True,0.2677493544695679,0.22373583774749964,0.2677493544695679,0.40270739877499
1224,0.037246574097122793,0.3479000868060061,0.023194646770251584,0.0202850590929366,0.1979211220573405,0.019831828830887282,0.0690105749335113,0.0,0.21774317073042251,0.06686693668152141,47,True,0.3458078368220944,0.3479000868060061,0.3458078368220944,1.3618523880092253
1225,0.13835043505652087,0.0,0.24563507525879244,0.1861932499882261,0.0,0.07646278845047458,0.2084154040547917,0.0,0.0866245405943207,0.05831850659687365,648,True,0.27264217819095804,0.24563507525879244,0.27264217819095804,0.36490082608626745
1226,0.029855673564014397,0.0002657227861782125,0.05885614071361231,0.0,0.039237358817125534,0.1193705640322049,0.04146456174133345,0.10550439549164183,0.2867582301088855,0.31868735274500387,72,True,0.34174080487970393,0.31868735274500387,0.34174080487970393,1.3293499037965795
1227,0.1438554734324005,0.18860522792615783,0.08667989292362799,0.11846854459829695,0.13804767409811328,0.0024410508294550335,0.05334199707785873,0.14109988017422942,0.0,0.12746025893986032,11,True,0.18941570851841094,0.18860522792615783,0.18941570851841094,-0.6075285390075248
1228,0.14812537335036255,0.07500110092975343,0.16725057309946784,0.15547599502878612,0.17696243092252364,0.09337113292111719,0.006480408922809163,0.05437976059560097,0.03908523309339447,0.08386799113618451,11,True,0.176936006707393,0.1704820219997145,0.176936006707393,-0.07906880776781125
1229,0.19981992203858526,0.0,0.09932319883136338,0.05148109528104761,0.012496810746552532,0.09641192904025354,0.17474768629205936,0.134997325724274,0.2307220320458642,0.0,722,True,0.252761786015097,0.2307220320458642,0.252761786015097,0.21007785985719152
1230,0.17294728576624338,0.26926975270037296,0.0960339747043841,0.029230488123245996,0.1151141532810338,0.09205396004185754,0.05698943326207016,0.07338043752810204,0.053754164150607145,0.04122635044208285,11,True,0.21780889605643958,0.24003926457712696,0.21780889605643958,1.6281177462432697
1231,0.11813447084801756,0.1224308545435371,0.09879759209273105,0.0,0.042833240325623315,0.13373848480218167,0.07329269887182928,0.305929990064953,0.104842668451127,0.0,16,True,0.26150270362103584,0.305929990064953,0.26150270362103584,1.380426520119717
1232,0.016664580209084172,0.10457630254109862,0.0,0.1514187970332975,0.23862245856946773,0.035037970307741015,0.3744381142064651,0.07924177713284586,0.0,0.0,526,True,0.37254940758564126,0.3744381142064651,0.37254940758564126,1.422018873516938
1233,0.08758049870238784,0.0,0.1148207327238865,0.09545972007718474,0.11294700488034252,0.030111173893071937,0.0901499151876372,0.24275740813283714,0.2147103345909941,0.011463211811658078,994,True,0.2385801976170888,0.24275740813283714,0.2385801976170888,0.6588225829406948
1234,0.03738650694762801,0.0373774945081872,0.16458028731535831,0.15155072746436482,0.13083960915224807,0.07630987167885372,0.0,0.0,0.22014736883679706,0.1818081340965627,17,True,0.23939587179697427,0.22014736883679706,0.23939587179697427,0.05827278622026584
1235,0.012639239635496412,0.0,0.0,0.24787943517099348,0.08566837920996714,0.03862841859398093,0.33134831492680683,0.19763774525381145,0.08619846720894385,0.0,39,True,0.35597436787190867,0.33134831492680683,0.35597436787190867,1.051091703279325
1236,0.06193113934314323,0.28041737492290647,0.13661877164021807,0.02565359609813638,0.07151582791094589,0.008129200016585493,0.14107494678543023,0.08655291772235635,0.18519146031030637,0.002914765249971419,68,True,0.262050919624471,0.27750260967293505,0.262050919624471,0.9225791343169688
1237,0.023240203631653987,0.07805963605768412,0.05964214740556584,0.10309759214637558,0.04570202881375888,0.13121741247531704,0.0,0.04927658817630391,0.2727089781425348,0.23705541315080592,17,True,0.27040716647341184,0.2727089781425348,0.27040716647341184,1.12608954284624
1238,0.030615136064433442,0.2675661201579844,0.0,0.20547308476671663,0.13556738466832868,0.05210619647228549,0.0,0.17077171680637754,0.05981894846474574,0.07808141259912807,58,True,0.27327580961861747,0.2675661201579844,0.27327580961861747,0.690624300738199
1239,0.0,0.007574557925395031,0.09335570516348632,0.14284131370527764,0.12709227101715093,0.0,0.16933460775660528,0.12056174747705325,0.13797832621637968,0.20126147073865186,23,True,0.21927674367302716,0.20126147073865186,0.21927674367302716,-0.44680355023567486
1240,0.027465180088053057,0.0,0.17779299886428634,0.1206041375657984,0.13255520870060764,0.03450346647320807,0.29058295537843826,0.08220464966322705,0.0396252188508728,0.09466618441550823,45,True,0.25961378995776924,0.29058295537843826,0.25961378995776924,1.1889873818980237
1241,0.3675563827514884,0.0,0.042663304616809394,0.0,0.08282898420318563,0.0515026411610201,0.0671623011811799,0.1082958404515634,0.08385316361165278,0.1961373820231004,17,True,0.3288936061502229,0.3675563827514884,0.3288936061502229,1.865186319694092
1242,0.0,0.2813887135958314,0.0,0.14458032226161507,0.0,0.0,0.13849717908949857,0.09533805823123359,0.020127882375236886,0.3200678444465845,47,True,0.3622187852459262,0.3200678444465845,0.3622187852459262,0.9675548119587659
1243,0.08513439105682201,0.2049650690348878,0.2296308167134231,0.17966304283845777,0.05443955992997655,0.0,0.11012795467764816,0.0751283156665265,0.0,0.060910850082258036,47,True,0.24230949748415487,0.2296308167134231,0.24230949748415487,0.4397729987443111
1244,0.1005113907878545,0.31246221269039476,0.21187376821088652,0.029550414615379387,0.24105040734083688,0.0,0.0,0.04859939228800003,0.0,0.05595241406664787,11,True,0.342194048965115,0.31246221269039476,0.342194048965115,0.9570248696839252
1245,0.09618983393646989,0.23619205732050935,0.1024570283148207,0.04416239475470816,0.0,0.0007744252059486823,0.09823620763571798,0.1555568495288758,0.1343780945988157,0.1320531087041338,72,True,0.21640543741418772,0.23619205732050935,0.21640543741418772,0.22944419026940108
1246,0.0,0.02220391542409763,0.046829308477491574,0.026176421823318637,0.24495527429706998,0.17736993851985547,1.801403455002699e-05,0.0,0.0,0.4824471274236165,133,True,0.47706353416752334,0.4824471274236165,0.47706353416752334,1.8797518388689078
1247,0.14268044495729004,0.14934232012243975,0.15865366595669658,0.05641156614189921,0.04239585772382063,0.1631858689606816,0.13303441198357843,0.006851982190100062,0.08251477743727709,0.06492910452621657,16,True,0.16796043162389565,0.15633388677058155,0.16796043162389565,-0.35033780470298015
1248,0.0,0.027626380215533534,0.0,0.184807023620308,0.10251409400179068,0.0,0.31048710524015427,0.0,0.3279191259751178,0.04664627094709573,39,True,0.3892750475257616,0.3279191259751178,0.3892750475257616,1.096246229564048
1249,0.0,0.1358611356373472,0.018619363595954355,0.0,0.0,0.1984574246934147,0.08435032691000592,0.19466508191254,0.21211821178335946,0.15592845546737846,55,True,0.26927229536991637,0.21211821178335946,0.26927229536991637,-0.02104802053062924
1250,0.14161621147356354,0.1270572738958294,0.10359498271511089,0.18790976392743544,0.18837007436945286,0.046805588768118564,0.0,0.06921364174055712,0.0,0.13543246310993226,11,True,0.20747826476493939,0.18837007436945286,0.20747826476493939,-0.2829085730827143
1251,0.0,0.1493129326985288,0.21261601336308583,0.0,0.10837236734147633,0.12599504419022226,0.0,0.13506970303070873,0.18759858250784578,0.08103535686813224,16,True,0.23478292968536205,0.21261601336308583,0.23478292968536205,-0.210128531153742
1252,0.07789440595438257,0.05461580707580211,0.19999388222532147,0.2286362461513948,0.0,0.16357281640515153,0.0,0.0,0.13893320901344305,0.13635363317450455,17,True,0.25685273398711983,0.2286362461513948,0.25685273398711983,0.08588707465267519
1253,0.04187275641789273,0.07041120792398503,0.2084696181098237,0.04867612190583407,0.10701003504634803,0.05003946886458267,0.1545499924842891,0.21614496672609818,0.0,0.10282583252114663,23,True,0.21834057604222612,0.21614496672609818,0.21834057604222612,0.5488570384873304
1254,0.11309663519057991,0.1688899380578621,0.1088234625162107,0.11732394801965132,0.08738121384174598,0.11370504113262406,0.039656722574811204,0.0,0.12791106114808892,0.12321197751842587,17,True,0.1435322763924198,0.1688899380578621,0.1435322763924198,-1.0777564136063
1255,0.0024734498915064402,0.01964386442128233,0.013892238178760254,0.0,0.24905288099984157,0.0,0.29627381018684545,0.07962677061460582,0.0,0.33903698570715834,98,True,0.41433923548011,0.33903698570715834,0.41433923548011,1.0247146286989965
1256,0.0,0.15900595962436323,0.1204243198667943,0.0,0.09037864092021364,0.0,0.2533523840465812,0.23166991588748187,0.0373474500243568,0.10782132963020863,16,True,0.280770123627812,0.2533523840465812,0.280770123627812,0.48400681418092717
1257,0.04122081037940719,0.04355846462817913,0.08337591091288518,0.21763150411315038,0.03315555298125809,0.07142458560826204,0.03278211643177708,0.12580244140193556,0.07042760067384062,0.28062101286930485,17,True,0.2544039946539999,0.24783889643752777,0.2544039946539999,1.4800104309542015
1258,0.0,0.055386430735618476,0.0,0.14461531215445145,0.20018473377817433,0.0,0.08898362137206325,0.1809327266549355,0.1776135262890033,0.15228364901575375,98,True,0.24381711134094647,0.20018473377817433,0.24381711134094647,-0.22126225800668367
1259,0.11384383442059999,0.007027662787659582,0.12246279822669852,0.24231620417609326,0.0,0.10977277809049688,0.05166568983835937,0.0,0.31916916474476675,0.0337418677153256,17,True,0.3231887406959513,0.31916916474476675,0.3231887406959513,1.1350582113350822
1260,0.0,0.14778468852322418,0.15816213339760438,0.07191046939247342,0.20076526643488893,0.30241051099706834,0.021430628461869914,0.0383775387250177,0.02630349611190139,0.03285526795595175,16,True,0.29578530969985806,0.30241051099706834,0.29578530969985806,1.0401134625787063
1261,0.0,0.16296828432400753,0.050492793634689274,0.07193251566984996,0.06250558433640281,0.1307055231899005,0.07164233854628839,0.18035051805759564,0.09113886913381256,0.17826357310745336,1196,True,0.18170437964113736,0.18035051805759564,0.18170437964113736,0.0356895482415895
1262,0.09737231967034807,0.012812001277100764,0.23293515060668327,0.02301274476398677,0.06683384543805915,0.23210445292105433,0.06572110790812317,0.04549916368801059,0.07304148330057388,0.15066773042606008,16,True,0.2391618447447821,0.2201231493295825,0.2391618447447821,0.9340571927250058
1263,0.24664477406879645,0.11382059205527262,0.07769153868354249,0.17901774104753093,0.03163495736536997,0.18962540343020068,0.14013728733571412,0.0,0.0,0.02142770601357283,11,True,0.26254193681092053,0.24664477406879645,0.26254193681092053,0.3353796473315897
1264,0.0,0.14444455185427169,0.0649652363028807,0.40436319819370475,0.0,0.11532974390564524,0.06242300011712154,0.036717898164121514,0.07404481197457972,0.09771155948767489,642,True,0.34952864603367034,0.40436319819370475,0.34952864603367034,2.276212541255966
1265,0.154780985410323,0.0,0.015455421062920284,0.13414638184388308,0.15455059818384898,0.11003348872663937,0.0,0.0,0.20578770101523192,0.22524542375715342,17,True,0.2669618139353319,0.22524542375715342,0.2669618139353319,-0.01739029211458136
1266,0.03151614315500479,0.1434506736236209,0.036984838731502954,0.13609277255868957,0.0732502818790336,0.08319987022622645,0.12802240674605422,0.10704119722954682,0.12908353059310473,0.131358285257216,68,True,0.12455287147090054,0.11193453046861612,0.12455287147090054,-0.7539064849841476
1267,0.10992889536688485,0.018905054033043142,0.16571461830404835,0.124934083927141,0.10011494835608772,0.04098531054395698,0.033935153908126556,0.0,0.28458207444867056,0.12089986111204092,17,True,0.2529224187391472,0.28458207444867056,0.2529224187391472,1.0594536083342991
1268,0.0749617705314934,0.16004091658527955,0.05553170961927046,0.0,0.20415744450141207,0.03998244975160863,0.2870077484172835,0.05970822672974107,0.08534401628360917,0.033265717580302154,69,True,0.2681859808075675,0.2870077484172835,0.2681859808075675,1.2055218905434484
1269,0.1872035321508942,0.06984031602853698,0.12899568341262965,0.08228922778160397,0.0,0.08867836602359108,0.0,0.12430950215119775,0.16415960921433334,0.15452376323721304,17,True,0.19358954302545997,0.1872035321508942,0.19358954302545997,-0.4684749320184324
1270,0.05100025910328206,0.238856529730188,0.0,0.1479508773027406,0.10949768139799045,0.02307821092049254,0.023362258419777064,0.3050705104720974,0.0,0.10118367265343194,58,True,0.3129172789390874,0.3050705104720974,0.3129172789390874,1.026786807388478
1271,0.0,0.20775287737926718,0.026113797334280504,0.24027027992621566,0.02640838686713395,0.28601449082553215,0.1445982059234609,0.0063505142812315795,0.055456982648167556,0.0070344648147108,68,True,0.3288595726949477,0.28601449082553215,0.3288595726949477,0.7402843861170963
1272,0.03891819782741805,0.10693554701077312,0.10476138600392593,0.06669040006921442,0.0,0.21033889795396443,0.27945956064253913,0.0490117647015157,0.14388424579064923,0.0,69,True,0.27169343401781487,0.27945956064253913,0.27169343401781487,0.8994662887892417
1273,0.1799504954225893,0.08651128837626074,0.06166752497069096,0.0,0.10660108376635913,0.1140953464736412,0.0,0.15138941516211515,0.1384539416335072,0.16133090419483623,17,True,0.19017548797827374,0.1799504954225893,0.19017548797827374,-0.61138811677436
1274,0.0,0.0,0.0,0.16488289189503044,0.02932853745646322,0.0,0.32606378993840845,0.27683271049437946,0.16839385944187318,0.03449821077384515,39,True,0.37489611134552053,0.32606378993840845,0.37489611134552053,0.9281702190663856
1275,0.0,0.05181280900418008,0.2340249388561669,0.06563881886795873,0.1643042184174291,0.031360318491863534,0.0,0.11735320326640329,0.15154311217283326,0.18396258092316498,16,True,0.24559999966493506,0.2340249388561669,0.24559999966493506,0.23580958913732078
1276,0.08227997841425577,0.0,0.16855793712648004,0.1704805888620686,0.04383520644303544,0.19863790696910072,0.0140152208487779,0.0,0.19781800036742445,0.12437516096885716,17,True,0.24580788424040956,0.19863790696910072,0.24580788424040956,-0.059580778518652275
1277,0.0,0.0,0.3006145817435667,0.21145404091115177,0.0,0.0,0.20122678457668944,0.25519369860907426,0.0,0.031510894159517945,23,True,0.37641854001377156,0.3006145817435667,0.37641854001377156,0.6266257209775861
1278,0.037396390203914824,0.15126557125473142,0.020086830366367395,0.0,0.353519329457294,0.05281770472705076,0.14669013766207104,0.19427197598627952,0.04395206034229099,0.0,730,True,0.3371056967529663,0.353519329457294,0.3371056967529663,1.402917183798375
1279,0.04100746799831758,0.05747309814614719,0.12020513000474187,0.03419274053132471,0.0,0.2278282723357333,0.09647505760796708,0.031225129626821314,0.2869791807109188,0.10461392303802805,17,True,0.27584864766339384,0.2869791807109188,0.27584864766339384,1.2044202458455233
1280,0.0,0.4333587064254717,0.11303713679472437,0.06457801656636696,0.08338074145710443,0.09415464549874514,0.05198553218836732,0.0,0.12641053696129173,0.033094684107928186,68,True,0.3746228847735249,0.4333587064254717,0.3746228847735249,2.4683614507805505
1281,0.011192565888643187,0.043974705013058016,0.15696801277063957,0.0,0.14463188864909102,0.26965699142742217,0.13175908445540216,0.032428117517820515,0.20938863427792345,0.0,16,True,0.2873794021711751,0.26965699142742217,0.2873794021711751,0.5235079493198458
1282,0.14074821743468433,0.17601453192544775,0.014432900665516116,0.0,0.011240420438589348,0.05280626828661025,0.1890312549544459,0.10928032074594135,0.13919126989159838,0.1672548156571666,69,True,0.22121871672651733,0.1890312549544459,0.22121871672651733,-0.29549883207791905
1283,0.13645130220057397,0.07970584533214446,0.07274519004301522,0.12062725611757297,0.1105482432471418,0.02197991581907765,0.2619340578464374,0.0,0.0,0.19600818939403666,16,True,0.2540619392964349,0.2619340578464374,0.2540619392964349,0.6142491105644131
1284,0.03164401430888751,0.018487425891911664,0.08543446388275291,0.15759404287102113,0.12786088369395304,0.004543285196710254,0.34410822366796673,0.07028422766725934,0.10694005569064079,0.053103377128896574,39,True,0.2957255348676398,0.33956493847125646,0.2957255348676398,1.869886876902554
1285,0.0659110794597049,0.09811099117156817,0.008396836700326635,0.16217218228861247,0.10823343353068068,0.014113599516451936,0.24029814449041578,0.17824192541595524,0.1151318950390086,0.00938991238727565,39,True,0.23475718586578495,0.23190130779008916,0.23475718586578495,0.3765603697264357
1286,0.0,0.027690343814889752,0.0,0.22083852476705657,0.13986972120555358,0.0,0.2916438593884871,0.21404298566074925,0.05534079939521181,0.050573765768051955,39,True,0.3249473778371479,0.2916438593884871,0.3249473778371479,0.7390115324924793
1287,0.023826158310873355,0.1557146891909735,0.08440591297011105,0.1250155763187296,0.24767492250190487,0.02009565378816546,0.15124879774283112,0.141096492527219,0.03965944215569888,0.011262354493493104,39,True,0.23194576145467818,0.23641256800841176,0.23194576145467818,0.5225072112139483
1288,0.18860589127204797,0.06464678260893608,0.28782636857817884,0.0,0.0,0.12483449764414187,0.13974678469542565,0.07687768696877612,0.07921720729522758,0.038244780937265806,16,True,0.26712624498942605,0.28782636857817884,0.26712624498942605,1.0031499844897753
1289,0.22862440048663768,0.12051691383225815,0.06240528239517128,0.021052592023830814,0.14489697360214124,0.054484806772098215,0.06004525176079222,0.3079737791270704,0.0,0.0,11,True,0.3058563092959639,0.3079737791270704,0.3058563092959639,1.1165718318358926
1290,0.2140900913562293,0.0,0.1437662908138447,0.09818335977640442,0.0,0.20527850011973373,0.0,0.0,0.17605381027956513,0.16262794765422278,17,True,0.27518237918125804,0.2140900913562293,0.27518237918125804,-0.10414125779927394
1291,0.0,0.20809608808067853,0.2968710934226862,0.0,0.07175644975848566,0.05016969082200856,0.046383002168745274,0.0,0.07127314221907076,0.25545053352832503,16,True,0.33404884779842065,0.2968710934226862,0.33404884779842065,0.9381815758984559
1292,0.23150533691587696,0.2964750022250341,0.09571966214856589,0.030532644564200375,0.09060510901360876,0.043241310052070776,0.1046547747360926,0.0,0.0,0.10726616034455065,11,True,0.2900420517361223,0.2964750022250341,0.2900420517361223,1.1281095696431505
1293,0.17112947278725002,0.11834734297223874,0.03214494079950489,0.2266487681231608,0.08922218916429142,0.1589326908897,0.033281495639782395,0.0,0.0,0.17029309962407177,40,True,0.2429443318130416,0.2266487681231608,0.2429443318130416,0.08860984764499993
1294,0.08375849205034663,0.0,0.21602655875779025,0.18450830875389193,0.07701023066718474,0.09513658382520669,0.03124010418659572,0.0,0.2520933569471451,0.060226364811838906,17,True,0.2661992487456808,0.2520933569471451,0.2661992487456808,0.6519003538050427
1295,0.1666830496977586,0.40965667360074065,0.0,0.0,0.1259614427829281,0.1890290509787931,0.0,0.05966115759633754,0.049008625343442004,0.0,25,True,0.39135839782462595,0.40965667360074065,0.39135839782462595,1.6587296847838986
1296,0.043765356305949805,0.019331100729865314,0.07582798371749169,0.16747332462242032,0.14413059170775414,0.0,0.25436359796422786,0.29510804495229087,0.0,0.0,11,True,0.3296202679958557,0.29510804495229087,0.3296202679958557,0.814816221511564
1297,0.18277182358408395,0.0899512501955086,0.06024458508703349,0.0,0.0,0.20000110741614796,0.09294855705231186,0.056153209329455916,0.1853494970623659,0.1325799702730923,17,True,0.22102289850368775,0.20000110741614796,0.22102289850368775,0.02602595157629463
1298,0.17106420926786153,0.0,0.11836541834782704,0.08866724324540395,0.08639113334036436,0.04380410023137877,0.02929873461775761,0.013417837730012957,0.2928872603017325,0.1561040629176612,17,True,0.26778223059186446,0.2928872603017325,0.26778223059186446,1.0807939270394646
1299,0.016706260742337196,0.29732453586189483,0.0,0.0,0.0654028119354817,0.002671778616110688,0.0,0.18876963871314703,0.1293107775840894,0.2998141965469391,195,True,0.36770837784024474,0.2998141965469391,0.36770837784024474,0.8933730369715368
1300,0.07622576716824328,0.15874429144299518,0.24376807404698472,0.0,0.0,0.05974213151746617,0.17098528514165764,0.0,0.14653749133502633,0.14399695934762674,16,True,0.2558250227246178,0.24376807404698472,0.2558250227246178,0.14317898743940582
1301,0.07297802282854629,0.3303848654523534,0.0,0.12523997822830063,0.20132991781897183,0.0,0.033326497090857936,0.0,0.08537588898037474,0.15136482960059525,47,True,0.3193896500500699,0.3303848654523534,0.3193896500500699,1.162603160719401
1302,0.06199923355718496,0.0199115171020347,0.09961276121223613,0.0,0.04714733061235263,0.21640695556611192,0.09862326334633575,0.09126658037453012,0.11284976086920107,0.25218259736001253,16,True,0.24001080096193994,0.25218259736001253,0.24001080096193994,0.9186853775631609
1303,0.19231695935599297,0.06653036487683643,0.0,0.15382213202416503,0.0,0.09622033865392686,0.08606646895377654,0.04357039984331079,0.10363531881294798,0.2578380174790435,17,True,0.24669463626389998,0.2578380174790435,0.24669463626389998,0.6631518109576034
1304,0.1363265715022128,0.2764438957424583,0.05176373902271682,0.30602237185442294,0.0,0.0,0.06402605044253026,0.06568579620245162,0.0997315752332072,0.0,241,True,0.3312033882682212,0.30602237185442294,0.3312033882682212,1.1443081802471535
1305,0.0,0.2895243708424076,0.0577382800030437,0.028132568099224188,0.20962473166448242,0.10955272678646469,0.10481645199400925,0.09396135585282779,0.1066495147575404,0.0,40,True,0.27401310871808376,0.2895243708424076,0.27401310871808376,1.0351942194983534
1306,0.2916656856310068,0.11761832238571002,0.0,0.16107861836555362,0.1477840472619578,0.05302438212514466,0.0,0.0,0.13036590460187708,0.09846303962875001,47,True,0.27602755697659287,0.2916656856310068,0.27602755697659287,0.7681116806637822
1307,0.15974517776148592,0.03631992023546877,0.20249638809721066,0.0,0.19204006084833242,0.008012533635689486,0.17565925195477258,0.03590914268402535,0.0,0.18981752478301492,751,True,0.27011546294618605,0.20249638809721066,0.27011546294618605,-0.013785354194889462
1308,0.10986325809431409,0.128974288703095,0.18718310956384168,0.119717029077686,0.048858396084872864,0.012801647432134374,0.17232305371497955,0.12610115328161722,0.0,0.09417806404745913,23,True,0.1873265989549904,0.18718310956384168,0.1873265989549904,-0.4023402709064995
1309,0.01435392728393734,0.08144648424531672,0.2525075507421416,0.11345839063507235,0.099858416436813,0.0,0.23552230645114652,0.11637770761998802,0.039405328837287264,0.04706988774829714,23,True,0.25734610913188927,0.2525075507421416,0.25734610913188927,0.8883819227988382
1310,0.0,0.04765602062824807,0.13517740590646857,0.13327560209659167,0.10427434728949853,0.2032342561338307,0.026084522835106455,0.17743651041796193,0.13468376464943252,0.0381775700428615,85,True,0.20553607159867018,0.2032342561338307,0.20553607159867018,-0.04181607570691028
1311,0.011251140925826544,0.0,0.07338593179996593,0.0906122162669796,0.15418638771026014,0.2328959392561552,0.15636162879304688,0.05834953833297959,0.1308611707947853,0.0920960461200007,16,True,0.2125948562111677,0.2328959392561552,0.2125948562111677,0.36030704338314057
1312,0.017565783871975497,0.3442086895495156,0.16385494622559005,0.3143470913719072,0.06402441838013294,0.01962770627143419,0.0,0.0,0.07413721673732221,0.0022341475921222385,68,True,0.39298397843221683,0.3442086895495156,0.39298397843221683,1.2725244017847905
1313,0.07179793911074964,0.033529012014395766,0.0,0.0,0.27980250188258715,0.040839255099837685,0.17517525355037133,0.13160026631023045,0.10212932975843454,0.16512644227339343,98,True,0.26821365552151344,0.27980250188258715,0.26821365552151344,0.7817357793170452
1314,0.0,0.009750751391394846,0.0,0.12845258905979187,0.20018071810109223,0.03325375885699753,0.1630241341697646,0.2583804092736415,0.2069576391473174,0.0,39,True,0.30649966686131325,0.2583804092736415,0.30649966686131325,0.31815140874133274
1315,0.15584930237951103,0.0,0.0,0.2152411165432224,0.047319572280821176,0.24883705932555825,0.20901720321244033,0.0,0.06711581357683469,0.05661993268161203,17,True,0.29355631106362856,0.24883705932555825,0.29355631106362856,0.44975444597829084
1316,0.055408166881773815,0.0,0.0,0.0,0.13552032760819674,0.20967089918472157,0.2441592697748293,0.19437935945448903,0.16086197709598968,0.0,106,True,0.29777738361283773,0.2441592697748293,0.29777738361283773,0.18992121209755017
1317,0.20461992083135247,0.18907826711442255,0.007467713662189253,0.1477262453014113,0.09622516005338948,0.1734103868701619,0.017786473012267972,0.13050908971841307,0.0031525755475233985,0.030024167888868608,16,True,0.23893414910247016,0.20146734528382906,0.23893414910247016,-0.05893798123641806
1318,0.15066360839106105,0.22159032889621838,0.032938623342656355,0.13656918791921235,0.025130969497469742,0.1294960473983367,0.030208936385241702,0.09215822095366057,0.09248788750231164,0.08875618971383153,58,True,0.18648343825679528,0.19645935939874865,0.18648343825679528,0.5427978977477766
1319,0.0,0.16049483927637706,0.01808515763036989,0.20024675633186897,0.15822862475433183,0.15155784464229027,0.14380975862498507,0.16757701873977693,0.0,0.0,85,True,0.25090598165857286,0.20024675633186897,0.25090598165857286,-0.37835437162498364
1320,0.02030399111088244,0.0,0.17079740306672633,0.0,0.12570780297858852,0.0,0.2667978623130396,0.0,0.11155743390923797,0.3048355066215251,98,True,0.34919522214872256,0.3048355066215251,0.34919522214872256,0.80162589542652
1321,0.0634506011206693,0.0,0.1282205709801648,0.18189481980520558,0.13123764859667772,0.06131731326714119,0.04787543646911814,0.0,0.11144911028459199,0.2745544994764313,518,True,0.2542213350126169,0.2745544994764313,0.2542213350126169,0.8385437376170598
1322,0.31841870041036563,0.04401886712958785,0.0,0.0,0.1683126798286458,0.17770128889116302,0.0,0.015010587314481781,0.17408681078768673,0.10245106563806905,17,True,0.32289749452606287,0.31841870041036563,0.32289749452606287,0.871640436902314
1323,0.08287501861167279,0.046958787749971496,0.10243957723894771,0.1226515977291949,0.1254631052085786,0.032333598172327865,0.25904755822997116,0.14050298598070607,0.04542930570325268,0.04229846537537674,39,True,0.20517514150304686,0.2267139600576433,0.20517514150304686,1.4323957812264938
1324,0.022899845492756223,0.11537341718154771,0.20013929679973902,0.2452492119824338,0.06807077017049258,0.290869601756584,0.00027555396921054325,0.0,0.0,0.057122302647236244,94,True,0.326404857170644,0.290869601756584,0.326404857170644,0.8049206894056401
1325,0.0,0.1240968971606701,0.15031480751909615,0.0,0.22710261998058923,0.07147269167377401,0.047835983380878376,0.09424082719733838,0.22754160883503186,0.05739456425262198,16,True,0.2468146297839502,0.22754160883503186,0.2468146297839502,0.5054933262064982
1326,0.12288432273730489,0.02692097057175861,0.02144799156656458,0.25723374968663476,0.0,0.14252512326322533,0.02844822820819633,0.04256228697279782,0.2515263077931747,0.10645101920034285,17,True,0.2828180996220255,0.25723374968663476,0.2828180996220255,0.8329422102086214
1327,0.028526348733175028,0.0,0.10541363485775478,0.20917752978997223,0.29330454025988745,0.04084295171927749,0.222592939562689,0.0982766332597217,0.0018654218175223026,0.0,772,True,0.32029067920218146,0.29330454025988745,0.32029067920218146,0.7817759526944238
1328,0.06603056228907767,0.0,0.056578219482445784,0.10207201026323884,0.19473784918329487,0.0175076707392387,0.2076582012845845,0.09403693859550537,0.12952472438390886,0.13185382377870533,39,True,0.2057574621912919,0.2076582012845845,0.2057574621912919,0.203843922221791
1329,0.02608241741183312,0.0,0.02954210560497049,0.14951955821117505,0.0,0.059490076968271556,0.0868957266312426,0.2321570575464053,0.2147093282440392,0.20160372938206264,489,True,0.27502749327679094,0.2321570575464053,0.27502749327679094,0.3903566009160608
1330,0.03853346944263936,0.20842162878682105,0.1182788170399779,0.0,0.0,0.0,0.27985547336820765,0.22742159282459656,0.12748901853775746,0.0,632,True,0.3243569004639113,0.27985547336820765,0.3243569004639113,0.54461805564334
1331,0.06856895136590399,0.30554138284360965,0.0,0.0,0.09283043681168679,0.08807085737926876,0.18677654790079046,0.0,0.0,0.2582118236987403,320,True,0.3405730881663122,0.30554138284360965,0.3405730881663122,0.8794328671624131
1332,0.06090817724476312,0.0,0.07369081660199739,0.1888837255607824,0.08239499563546553,0.13155341846429472,0.0,0.0,0.2965968748205095,0.1659719916721874,17,True,0.2905664290258004,0.2965968748205095,0.2905664290258004,0.8462172713000514
1333,0.0,0.24530262933524702,0.11198298843405156,0.09193260803634833,0.04763981167809291,0.057226882284143556,0.10052490306597144,0.10968909997107255,0.19151363383934872,0.04418744335572379,1280,True,0.2178912542439763,0.24530262933524702,0.2178912542439763,0.8847247328570156
1334,0.16281767264656608,0.0,0.10505301626998549,0.1340100303127731,0.0,0.11526678531406684,0.027285020693297374,0.0463087518874707,0.16104068278140835,0.248218040094432,17,True,0.24336417273125469,0.248218040094432,0.24336417273125469,0.32137238111936983
1335,0.0,0.0,0.3905961394557974,0.0,0.0,0.22090892115873642,0.08390669177170332,0.13151158253833756,0.0,0.17307666507542546,16,True,0.39453422774802466,0.3905961394557974,0.39453422774802466,1.3265691710017427
1336,0.11144071572118149,0.3434404960254715,0.03766600033813198,0.0,0.0,2.462938693697616e-06,0.20880542358792348,0.0,0.08587245041832224,0.21277245097027556,55,True,0.3578198339537469,0.3434404960254715,0.3578198339537469,1.0563979555904643
1337,0.1635484777572421,0.0037975278003608984,0.0,0.19261792135952072,0.0,0.0,0.2229584890323496,0.2625799734911465,0.13125536886464337,0.02324224169473684,39,True,0.31668769061641444,0.2625799734911465,0.31668769061641444,0.3418591464357835
1338,0.13276953797540936,0.28439486424211025,0.0376851523345778,0.04963251339797393,0.027926203869686087,0.10864528429970789,0.0819318399148365,0.07165832807092971,0.05568958832422079,0.14966668757054785,58,True,0.22874572513408975,0.25646866037242416,0.22874572513408975,1.7445754988148447
1339,0.0,0.013205767120234295,0.3704280382442695,0.009899236272532278,0.13895324975455153,0.292027790862143,0.0,0.12700802654198529,0.0,0.048477891204284126,0,True,0.4006977659987508,0.3704280382442695,0.4006977659987508,1.3064986304674788
1340,0.23978592721127034,0.0,0.02052661690385682,0.23339317029626083,0.018528650986458277,0.030091244377347587,0.0,0.0,0.37820763940714613,0.07946675081765998,776,True,0.40372736062598347,0.37820763940714613,0.40372736062598347,1.267653820285336
1341,0.0,0.0,0.1981023473973818,0.0,0.17617661757654052,0.0831742538240646,0.09338422732963667,0.12694122016381457,0.07461310438739512,0.24760822932116686,16,True,0.26251159019893316,0.24760822932116686,0.26251159019893316,0.33176163782618096
1342,0.09212431292663585,0.24280076389011956,0.061114701759389316,0.0,0.0,0.14667038536027308,0.04531579561809154,0.10773155479403329,0.17858978055614846,0.125652705095309,16,True,0.2324410246458288,0.24280076389011956,0.2324410246458288,0.38626745755562575
1343,0.05948283528828778,0.0,0.0718144607232457,0.10510377244941721,0.08819378755487266,0.3032950276387154,0.047041555500269554,0.0,0.14171405431649245,0.18335450652869936,17,True,0.2746324846021165,0.3032950276387154,0.2746324846021165,1.2337429817055894
1344,0.1585375322778583,0.02536106949303006,0.06642712004670114,0.0919594785021855,0.18906046710904087,0.29881727136803554,0.0,0.05618697349564378,0.0,0.11365008770750477,1049,True,0.28240995249552847,0.29881727136803554,0.28240995249552847,1.0372688957327059
1345,0.23273869888611676,0.28381959287443964,0.08283165607994838,0.03396677141875991,0.09183081484234355,0.0,0.03420533696274162,0.20430149711579468,0.036305631819855445,0.0,11,True,0.30886209272928555,0.28381959287443964,0.30886209272928555,0.8715561387673653
1346,0.1832447463548408,0.0,0.1908532828741676,0.16530747645297802,0.10680233498983718,0.12581803728247246,0.07033426117630469,0.0,0.008434747493736976,0.1492051133756622,17,True,0.2277000456842024,0.1908532828741676,0.2277000456842024,-0.33410487965103336
1347,0.11801713328897522,0.05568113287276966,0.0,0.036990418375765395,0.03694123242860083,0.03017284242861179,0.34287070240646444,0.1985312482264396,0.18079528997237296,0.0,39,True,0.3321651553070665,0.34287070240646444,0.3321651553070665,1.318669042246368
1348,0.0,0.19026567018212712,0.2314887121925331,0.023779935658477015,0.01389496662461636,0.138214806728727,0.18175048384312342,0.03690836097296182,0.061271537570719556,0.12242552622671458,16,True,0.25057456701345265,0.2314887121925331,0.25057456701345265,0.29361206768960985
1349,0.03711163105239503,0.023333649362423894,0.21528972243953415,0.0,0.16627503061124208,0.21474847339545658,0.051148550130907765,0.08210701630121714,0.1598896754827743,0.05009625122404904,664,True,0.2438601414531496,0.21528972243953415,0.2438601414531496,0.4145938951603364
1350,0.0,0.12311593650403417,0.189643887119411,0.009555548624614538,0.14242586910179647,0.0,0.2876431817609056,0.12518465521041586,0.12243092167882234,0.0,16,True,0.29137244711667354,0.2876431817609056,0.29137244711667354,0.5614201238371677
1351,0.0,0.26744612673440815,0.0,0.01319869649068855,0.21837008291043325,0.027772134771930822,0.0,0.16850544356596978,0.30470751552656933,0.0,11,True,0.3760308170936645,0.30470751552656933,0.3760308170936645,0.7209659851034166
1352,0.13348904629274996,0.0,0.10591098618823178,0.11126138195427643,0.1810289201681986,0.059428338062672864,0.16572101174265527,0.0755970040428841,0.16756331154833093,0.0,274,True,0.19741980402774859,0.1810289201681986,0.19741980402774859,-0.44732472045968125
1353,0.0,0.03922456071788664,0.20025917357357453,0.13374418915899047,0.07188392321580923,0.0,0.12503029096370205,0.204600674689801,0.07313514015012672,0.15212204753010947,23,True,0.2251243770143423,0.204600674689801,0.2251243770143423,0.02690846625330892
1354,0.23361063189967735,0.0,0.05990886301842046,0.1578193731086595,0.0,0.12592369265909367,0.11278243411698022,0.16778104602832133,0.05237529408079838,0.08979866508804915,17,True,0.22495345882958315,0.23361063189967735,0.22495345882958315,0.24241594293599564
1355,0.04858727302976031,0.07556780291421031,0.06407861689162464,0.0,0.15849064422804435,0.19869925386071255,0.09080014547756786,0.23045451197350622,0.13332175162457374,0.0,88,True,0.23644576722169583,0.23045451197350622,0.23644576722169583,0.3464079020678589
1356,0.15026935217614057,0.0,0.03193785787671694,0.0,0.07122747670977275,0.20486820758316193,0.0,0.0,0.2686131054112833,0.2730840002429245,17,True,0.34259759554518165,0.2730840002429245,0.34259759554518165,0.6453511188281342
1357,0.013847232237437659,0.33629570281278715,0.0,0.23837651279539623,0.13172961692051183,0.12102035921807902,0.0,0.08707051130674616,0.009123611532747662,0.06253645317629444,68,True,0.33717035597048695,0.33629570281278715,0.33717035597048695,1.2170266311007922
1358,0.0,0.32634731252967786,0.14921782634272043,0.02817109916217678,0.09025482404380078,0.0,0.13475741898406307,0.15926774606120067,0.1106380263434634,0.0013457465328969808,88,True,0.305739158431728,0.32634731252967786,0.305739158431728,1.133079203803227
1359,0.0,0.03795989984920998,0.0,0.20682139408208436,0.18268549020982555,0.03494043133861073,0.15480100457887144,0.06886676072240124,0.09752336148462204,0.21640165773437472,39,True,0.25270007989397486,0.21640165773437472,0.25270007989397486,0.22811486224830793
1360,0.0,0.12166611726879435,0.22119176549618316,0.0,0.06117288337723186,0.0,0.1285196005958288,0.18407059393937086,0.14515080162930075,0.13822823769329018,69,True,0.24092661761455994,0.22119176549618316,0.24092661761455994,-0.1348948494095789
1361,0.07438148210589768,0.08799982833998003,0.02146574079102228,0.0,0.0,0.10038045874101706,0.008457245399396348,0.13563927930136563,0.35181503009617343,0.2198609352251475,52,True,0.338224444003812,0.35181503009617343,0.338224444003812,1.4019585379966353
1362,0.1256592830109767,0.06742242348655716,0.027523911289542968,0.0,0.0,0.0192318296062238,0.33021079834943046,0.029238904809981564,0.22830240575042296,0.17241044369686453,69,True,0.33645936162714607,0.33021079834943046,0.33645936162714607,1.1236182467491296
1363,0.0,0.14669114454124008,0.0,0.09520699169629161,0.18019133421243688,0.0,0.1746730160582067,0.33155226570319085,0.07168524778863383,0.0,39,True,0.32958750319489133,0.33155226570319085,0.32958750319489133,0.9872995778518223
1364,0.0,0.0,0.0,0.0,0.26591890528947654,0.12419573250262016,0.1688356546207161,0.05343770812363475,0.06916586372355325,0.3184461357399993,98,True,0.3516964161820414,0.3184461357399993,0.3516964161820414,0.9656255045544097
1365,0.048399584899651286,0.2547194950512181,0.0,0.0,0.20303844686384745,0.17905218047137395,0.0,0.16400937074694805,0.02758983707420886,0.12319108489275223,11,True,0.2886956033847546,0.2547194950512181,0.2886956033847546,0.31939241496660237
1366,0.0,0.13451264339630864,0.1133943934138161,0.05596023143925339,0.024789816768960315,0.2203514729121239,0.0,0.10898884813781795,0.18893540248019866,0.15306719145152103,68,True,0.23293242421673566,0.2203514729121239,0.23293242421673566,0.038424276126408474
1367,0.06514196952516514,0.0,0.01007273079902687,0.15051748588123676,0.0,0.13127129355489667,0.2155807835915154,0.31817800403625407,0.10923773261190503,0.0,39,True,0.32230079258290345,0.31817800403625407,0.32230079258290345,0.9319434423087056
1368,0.12117176680420814,0.2454051895099646,0.044033063465346974,0.05862995579912377,0.15108643793686513,0.04601665637227481,0.0,0.1651824018989662,0.0,0.1684745282132504,11,True,0.2467716017898912,0.2454051895099646,0.2467716017898912,0.35226694823473303
1369,0.10500496584760671,0.2778463876862952,0.07811221013219863,0.17487140631150236,0.0,0.16066111380651635,0.04846197955775482,0.02395008388544954,0.0,0.13109185277267651,25,True,0.26613045946260866,0.2778463876862952,0.26613045946260866,0.7383198830128905
1370,0.11560655757515785,0.04533994862239033,0.19645471786702856,0.10534985564795413,0.04357014687479563,0.1774684365801508,0.0,0.02385591375877545,0.02595814775482553,0.26639627531892185,17,True,0.2659265774486153,0.26639627531892185,0.2659265774486153,0.7543628522563993
1371,0.07555146216789588,0.17802205283252326,0.1184675690938279,0.023984772880427323,0.20209901574164463,0.08864327779070266,0.12904003344598156,0.12784778575776556,0.026545734870528845,0.02979829541870245,15,True,0.18788388130262984,0.1781142428612173,0.18788388130262984,0.22278472968193616
1372,0.0,0.04915236487166795,0.11249021620653066,0.05185955563342824,0.0744776855141596,0.41995769813745665,0.19483959239407672,0.0,0.04643514058601335,0.05078774665666688,16,True,0.37731802944680237,0.41995769813745665,0.37731802944680237,2.169472709835105
1373,0.09177316343175455,0.1267360612681228,0.1807113877799839,0.11369311067686817,0.0,0.1637106182481971,0.06918004247086332,0.0,0.05858011734386404,0.19561549878034593,16,True,0.20820943819952312,0.19561549878034593,0.20820943819952312,-0.17477632331059323
1374,0.0,0.1257865263168061,0.3604417179567616,0.0,0.20279561074426997,0.11519144353056965,0.0462992981649715,0.09321454150531057,0.011038451727882852,0.04523241005342782,16,True,0.3363569602976465,0.3604417179567616,0.3363569602976465,1.5519803455214403
1375,0.0031143820906338183,0.12658683867973,0.28007980883344696,0.0,0.11776601610741552,0.0,0.18192797689883122,0.06630741117601799,0.10507772943045696,0.11913983678346753,16,True,0.2666037367614068,0.28007980883344696,0.2666037367614068,0.6873896279528591
1376,0.03019383645047953,0.1512042594505235,0.1396244493952164,0.19582901850937184,0.13375507790091754,0.08031531595828902,0.0703910453564198,0.0,0.06534631434236585,0.13334068263641657,47,True,0.1815602813036141,0.19582901850937184,0.1815602813036141,-0.1650093467933766
1377,0.16254466557212888,0.046521214821209134,0.1106246900582269,0.21708059535797156,0.04882157393158932,0.0,0.096803612849889,0.036140888147036775,0.0,0.28146275926194836,11,True,0.28324677024672573,0.28146275926194836,0.28324677024672573,0.8710876689942909
1378,0.20138595634596074,0.08930216027729551,0.12232510592909138,0.03983641997602836,0.06573166984905074,0.2189456049895473,0.02135057390976098,0.0,0.2411225087232649,0.0,17,True,0.27556359107345724,0.2411225087232649,0.27556359107345724,0.5019580180476725
1379,0.0,0.19389090210593715,0.06927744062616058,0.10201775483622992,0.159860511872639,0.0,0.12003348904274916,0.06876557084376325,0.11625440097954999,0.1698999296929709,69,True,0.1996844143622818,0.19389090210593715,0.1996844143622818,-0.31244725780380395
1380,0.044873066248523455,0.0,0.1999494615335608,0.0,0.141182828291076,0.24802999982765658,0.07437878998606617,0.0,0.15992168031738332,0.13166417379573364,35,True,0.2681183581135762,0.24802999982765658,0.2681183581135762,0.2674505762560245
1381,0.0,0.06958186724588937,0.0,0.23209808467845394,0.21231883409642435,0.0,0.17354053706917857,0.12402840498609238,0.03971788524305754,0.14871438668090373,98,True,0.27015419104024185,0.23209808467845394,0.27015419104024185,0.19058418087403697
1382,0.09668161677553279,0.0,0.0,0.20132571628238602,0.11609130384831512,0.08138866525775465,0.0,0.16137534802583064,0.23580254439865,0.10733480541153068,17,True,0.2512892517969161,0.23580254439865,0.2512892517969161,0.1829370836689535
1383,0.20640588278420302,0.220931845394253,0.1465851649808945,0.1295272762628634,0.12157905250767624,0.0,0.08565988176301316,0.0,0.0,0.08931089630709654,47,True,0.24448785695261666,0.220931845394253,0.24448785695261666,0.027209786182185898
1384,0.0,0.2813469048728657,0.0,0.11640597818590936,0.0,0.09326723411786159,0.05852336088999227,0.2749323567547636,0.0906933547996193,0.08483081037898826,1081,True,0.30957962651620036,0.2813469048728657,0.30957962651620036,1.0421553767947944
1385,0.24781739094552074,0.18112340224860893,0.03181870229199718,0.0,0.24047235646295353,0.05854754440798085,0.11490329549498625,0.0948967731245248,0.030420535023427637,0.0,11,True,0.2821700177338492,0.24781739094552074,0.2821700177338492,0.6365668367379193
1386,0.1557637288282105,0.06620559468882437,0.17363370285081636,0.0,0.029153883856581884,0.03866945086136188,0.1600068627555687,0.07074334673278591,0.14587086833068263,0.15995256109516784,16,True,0.19649276676351837,0.17363370285081636,0.19649276676351837,-0.27146911513570704
1387,0.0,0.5377469488487712,0.0,0.0,0.0,0.4285472261078344,0.0,0.0,0.0,0.033705825043394456,969,True,0.6115231709777956,0.5377469488487712,0.6115231709777956,1.8374884878690145
1388,0.11254392330654979,0.059697256170050055,0.0,0.03888795408896011,0.15498850322160876,0.04641597822725417,0.0,0.08004683407674608,0.2858707295821753,0.22154882132665557,17,True,0.28483591612565556,0.2858707295821753,0.28483591612565556,0.9622763818298846
1389,0.05461499253589203,0.09257705757258596,0.0,0.26900222044304894,0.3088265146574965,0.1402495286473106,0.008608384569187208,0.0,0.0,0.1261213015744787,11,True,0.3390279295851678,0.3088265146574965,0.3390279295851678,0.9776720031565934
1390,0.10224728108875317,0.12053517623209756,0.03072537621465404,0.06870204873552667,0.0,0.0,0.3717158912179006,0.03669730547241286,0.06909341070392072,0.20028351033473432,1362,True,0.33919616060753705,0.3717158912179006,0.33919616060753705,1.7710897177688738
1391,0.0,0.24524575487566175,0.0,0.0,0.0655211979452466,0.0,0.17509315799530753,0.0,0.2780770185970048,0.23606287058677927,69,True,0.3579785311760365,0.2780770185970048,0.3579785311760365,0.5405487914165579
1392,0.0,0.12493870274013515,0.14299024721496437,0.0,0.24292451664474218,0.09750616577855618,0.0,0.15432628022853398,0.1676510059594885,0.06966308143357966,1325,True,0.24769349784789946,0.24292451664474218,0.24769349784789946,0.11266347537332046
1393,0.0,0.0,0.0680666908022137,0.08580460825307774,0.18710743194766236,0.0,0.38615780038573455,0.11227390740722586,0.15771053704488644,0.0028790241591993286,39,True,0.3655254787871952,0.38615780038573455,0.3655254787871952,1.5614976932738758
1394,0.1884798142315014,0.0,0.12419058475063828,0.1503997370305243,0.02085851221945274,0.07090445047409241,0.13753283221958573,0.0,0.22729520689841082,0.08033886217579435,17,True,0.23677682537438724,0.22729520689841082,0.23677682537438724,0.11935704582462978
1395,0.10503210132295482,0.027963845107071398,0.16149810677078877,0.07043736868445986,0.12849842225494726,0.0516217371256465,0.08231509088576709,0.0240239256963109,0.2468440162144406,0.10176538593761272,1147,True,0.201679235208803,0.2228200905181297,0.201679235208803,1.1269925693757892
1396,0.3748271933770512,0.0,0.1813071780198717,0.15278831057152978,0.0,0.05928105096162136,0.11501437890771271,0.0,0.0,0.11678188816221315,2,True,0.356500414172441,0.3748271933770512,0.356500414172441,1.4387105792907464
1397,0.0012256288939868046,0.05396991957071171,0.19133239604490745,0.023550279251192748,0.03463665406002622,0.1525488275640909,0.09561809915638758,0.0,0.31812699265348027,0.12899120280521617,17,True,0.3025460843434711,0.31812699265348027,0.3025460843434711,1.15402291892289
1398,0.03398377519311268,0.08018883278229445,0.15396648511666547,0.21735464982647895,0.02844152174459643,0.1494786609568434,0.13042951538329317,0.06098534069612281,0.0,0.14517121830059268,40,True,0.2085483429475165,0.21735464982647895,0.2085483429475165,0.12137551479841159
1399,0.07963070736476638,0.07393325588827429,0.0,0.0,0.22626489831962587,0.11557704458167857,0.1582101578883622,0.1578775561699544,0.10755174311340525,0.08095463667393295,39,True,0.2108028481175671,0.22626489831962587,0.2108028481175671,0.15022926413658558
1400,0.10450642969678987,0.28682486123932716,0.05196178676813581,0.0,0.0,0.25651824992013117,0.07204806088362256,0.08957864893372029,0.07736035461452596,0.06120160794374732,25,True,0.29092482431380734,0.28682486123932716,0.29092482431380734,1.2414392550316595
1401,0.13661465859703734,0.09856597541239573,0.0,0.0,0.4217940969753241,0.12083433829145948,0.0,0.1851945197667854,0.0,0.036996410956997766,85,True,0.3956712759115772,0.4217940969753241,0.3956712759115772,1.800921080415062
1402,0.14427263113751462,0.13682703185035244,0.0,0.12037478935086986,0.2711129723398943,0.004169260462753372,0.09930159042046274,0.17955499593713284,0.0,0.044386728501019705,85,True,0.26761339512140264,0.2711129723398943,0.26761339512140264,0.5100423952538675
1403,0.08345697317857081,0.11546303789114297,0.08139470396845674,0.03907152646746444,0.11155903469924908,0.07380021392371669,0.008999898056848518,0.0,0.19732113806051949,0.28893347375403117,17,True,0.26237288970110645,0.28893347375403117,0.26237288970110645,1.1756504781691985
1404,0.0,0.263354898542198,0.006473763180475942,0.04944105970698983,0.09694446777566611,0.27001157318898034,0.17097799863940347,0.0,0.09378753235228257,0.049008706614003666,25,True,0.3075354298882935,0.27001157318898034,0.3075354298882935,0.8445399526386179
1405,0.08758177211797027,0.0,0.06290130359898996,0.17549037870368772,0.2072068345132084,0.022979369257847278,0.15887368811136846,0.1790416882869754,0.1059249654099526,0.0,23,True,0.23324581607323897,0.2072068345132084,0.23324581607323897,-0.044156467702886795
1406,0.14178831502103126,0.0,0.18386513980084773,0.22754479546754747,0.28319763568420564,0.0,0.0,0.0,0.022800914634374926,0.14080319939199298,6,True,0.3259344617851355,0.28319763568420564,0.3259344617851355,0.486702652995266
1407,0.09413823063214741,0.13914866476923726,0.0,0.17812783333719373,0.05363240626707431,0.20851669890555374,0.0,0.14074836763623166,0.0,0.1856877984525618,11,True,0.24616984501336664,0.20851669890555374,0.24616984501336664,-0.14788746452542112
1408,0.02144176975640472,0.29557581465826593,0.06014248803909059,0.21002104594408216,0.10470194372816018,0.10458557785107107,0.0852685535693857,0.0,0.10647692177816379,0.011785884675375856,68,True,0.2760405379646432,0.29557581465826593,0.2760405379646432,1.1722544193449083
1409,0.3128380169246395,0.18477734119028602,0.0,0.09544462947785128,0.21228200046124684,0.0,0.0,0.0958306726317476,0.08644345129369606,0.012383888020532988,11,True,0.3209251695299223,0.3128380169246395,0.3209251695299223,0.9066332178097557
1410,0.013817750135117698,0.0,0.05872379007220206,0.18338611331697593,0.076973895660903,0.0,0.3351062057964842,0.17277883622754575,0.15921340879077134,0.0,39,True,0.3327047728244981,0.3351062057964842,0.3327047728244981,1.063637905066961
1411,0.03838994713623285,0.08121006353231923,0.14714243255951961,0.13283338958806704,0.1923455150615974,0.16579013587688335,0.0013351244729026216,0.11626806286045706,0.12468532891202085,0.0,11,True,0.20227236556682884,0.1923455150615974,0.20227236556682884,-0.4391735420152834
1412,0.12247807171725751,0.1632759677073931,0.11353942115211241,0.0632635249837662,0.08629154256887688,0.042775327188604176,0.10555650601296346,0.20728739771122165,0.0,0.0955322409578046,23,True,0.17625550385810695,0.20728739771122165,0.17625550385810695,0.17988853206683078
1413,0.0,0.11866741727763704,0.08861450553568623,0.05157667689112854,0.0,0.007630065160629475,0.4791249169220839,0.0,0.1798437690139612,0.0745426491988737,69,True,0.4383080330389731,0.4791249169220839,0.4383080330389731,2.275233597786488
1414,0.05664203985440472,0.17047566600180578,0.1824132139940804,0.09705425403087165,0.001118230304561586,0.11836993382118495,0.023632898190500684,0.34531165520185747,0.0,0.004982108600732766,23,True,0.32984928136324726,0.34531165520185747,0.32984928136324726,1.2880476487892776
1415,0.07953331634339342,0.099642006830456,0.21096396107731286,0.00070951744757743,0.19589877855756013,0.036526093591443785,0.023592699393057203,0.22111023973277652,0.11575988412027399,0.016263502906148763,11,True,0.2521548473721392,0.22040072228519908,0.2521548473721392,0.40983299236681914
1416,0.0,0.06173086126585559,0.05413515374069839,0.022820368421757657,0.2626994475918981,0.09751385704212627,0.0,0.1876034423631945,0.09352201515593923,0.21997485441853018,98,True,0.2794859403980467,0.2626994475918981,0.2794859403980467,0.7031470704629532
1417,0.0,0.04526031794668942,0.05767053815460422,0.10150027350809221,0.20328544220885353,0.01422794868978239,0.1764550004884633,0.04696347550242476,0.0654212371756353,0.2892157663254549,98,True,0.280128062509496,0.2892157663254549,0.280128062509496,1.0682119606015619
1418,0.1647887698033953,0.0,0.13523729849319086,0.0,0.21554093140157624,0.018834443681634484,0.338881907362491,0.009494377427618958,0.09042460485515559,0.026797666974937476,39,True,0.34070942075938726,0.338881907362491,0.34070942075938726,1.1207784616482936
1419,0.0,0.14109712923950543,0.07066211419972453,0.0,0.0403346548491111,0.22163518126271106,0.16881331685561068,0.16743890831694747,0.1636713124930531,0.02634738278333658,16,True,0.2442678433540743,0.22163518126271106,0.2442678433540743,0.03152017930783081
1420,0.020910553777913492,0.19610280049995377,0.3275022428928651,0.08716099269849438,0.00888806108498441,0.0,0.3275324951089989,0.031902853936789835,0.0,0.0,1243,True,0.4026445609253363,0.3275324951089989,0.4026445609253363,1.1416458148176063
1421,0.05697356283558654,0.0,0.2988850873390503,0.0,0.07979964469759022,0.07674460065089372,0.17423048861272478,0.27813276333119635,0.0019095308205215966,0.033324321712436586,590,True,0.3371412956681569,0.2988850873390503,0.3371412956681569,1.0360857298093524
1422,0.0841664075185478,0.0,0.08094198890841199,0.14207292246145672,0.26753957158199504,0.0,0.2423034471483798,0.1829756623812087,0.0,0.0,39,True,0.31239203079764066,0.26753957158199504,0.31239203079764066,0.5190058326142449
1423,0.08681470489192288,0.2994394533722633,0.014267107243436085,0.07450631904719973,0.20828447915398884,0.250802703738394,0.014116384308718165,0.039800629513683176,0.011968218730393719,0.0,0,True,0.33341646972302197,0.2994394533722633,0.33341646972302197,0.956019158606581
1424,0.0,0.16726956476501115,0.0,0.0,0.2258144613071566,0.091165354725886,0.13233806606912063,0.04162543815229425,0.06077636941559976,0.2810107455649316,98,True,0.29864568834824956,0.2810107455649316,0.29864568834824956,0.7040227052286323
1425,0.13508359210342638,0.0,0.061831759627349124,0.17752939132711043,0.0,0.09618520168190949,0.0,0.06538137140238821,0.15576775764656975,0.30822092621124664,17,True,0.2939004568981806,0.30822092621124664,0.2939004568981806,0.9768681757550656
1426,0.0,0.15036571434304524,0.09331640969062181,0.10227581870535149,0.016480896402088104,0.13880771388431504,0.15120178094242867,0.15859836824894366,0.06963050710858282,0.11932279067462308,16,True,0.1685796598207105,0.15859836824894366,0.1685796598207105,-0.8469297177569862
1427,0.0,0.17581228768354548,0.1454667332754925,0.03768696150597106,0.048651096374835404,0.1474197101235877,0.29701517455285187,0.0,0.041912037008142354,0.1060359994755735,16,True,0.28072870197920724,0.29701517455285187,0.28072870197920724,0.9679086550042313
1428,0.0,0.005598606814329756,0.21425402658227063,0.17642273721431195,0.05737172432067019,0.0,0.05401413830945813,0.3018273797614834,0.0,0.190511386997476,23,True,0.33266276038864495,0.3018273797614834,0.33266276038864495,0.7012922895347753
1429,0.028178975869557043,0.1146620198822153,0.0,0.0,0.12383773901271806,0.03267787157783643,0.22996596737184447,0.21148408072393882,0.1570305256904484,0.10216281987144168,983,True,0.25109908938661474,0.22996596737184447,0.25109908938661474,0.26232068685922555
1430,0.0022865323614278906,0.12768848148693365,0.07007913810899284,0.06798188287467494,0.030080896518480837,0.1184544121524698,0.16687477095588193,0.04602181858593274,0.17520561947234187,0.1953264474828636,69,True,0.1989802346319965,0.1930399151214357,0.1989802346319965,0.06022935043223927
1431,0.03480244404933304,0.12205039029026928,0.1210753839573859,0.05070838390919441,0.06716118097446437,0.1403452614901685,0.19436137604316592,0.0,0.12309193076535041,0.1464036485206682,16,True,0.1786267324636806,0.19436137604316592,0.1786267324636806,-0.25931265217413796
1432,0.0,0.09922369290808145,0.0,0.11209808487797156,0.13750234748837054,0.12148357426048623,0.1818886464586513,0.3202303084418669,0.027573345564572017,0.0,88,True,0.30408501408076427,0.3202303084418669,0.30408501408076427,1.0556089463306686
1433,0.2186764078956017,0.09177331016375463,0.025773200612330058,0.09193078904125643,0.0,0.2872410467533054,0.11244306564783126,0.07183843318271807,0.0,0.10032374670320242,40,True,0.27519759493683976,0.2872410467533054,0.27519759493683976,1.0445724843335067
1434,0.18097874832511401,0.08091617465679861,0.002416225271291307,0.10041577432723359,0.19928975576008853,0.11351911249764257,0.0,0.17909635662058218,0.03655463021487099,0.10681322232637817,11,True,0.21636475361421326,0.19928975576008853,0.21636475361421326,-0.06815544772549065
1435,0.018799163359193672,0.17875125783956605,0.085949132562131,0.096640618257949,0.11949427893779588,0.14891358197755328,0.0,0.22012315559128948,0.03773541038880491,0.09359340108571672,50,True,0.21005739776407237,0.22012315559128948,0.21005739776407237,0.2291152722947372
1436,0.13198084334936191,0.050068271481299866,0.0,0.2154055678024045,0.0,0.13339960498065295,0.1279696127485387,0.08972396102371034,0.17787655563525928,0.07357558297877248,52,True,0.21354351896915405,0.2154055678024045,0.21354351896915405,-0.016501972147910052
1437,0.22605523861587581,0.0,0.0,0.04710597068139394,0.0,0.14932172409995317,0.0,0.419959710375938,0.0,0.15755735622683895,11,True,0.4204847197080201,0.419959710375938,0.4204847197080201,1.5092499774467323
1438,0.13073216937931353,0.0,0.16660513353677386,0.11616788009765204,0.2359294046795787,0.011249819465754325,0.03099358473501085,0.2724720256573863,0.02680290911847422,0.009047073330056053,23,True,0.300223653235219,0.2724720256573863,0.300223653235219,0.6649696008289564
1439,0.0,0.09930342301967715,0.2570449265915253,0.08909761628887085,0.17177978180757714,0.2099801980518064,0.0,0.0,0.17279405424054312,0.0,16,True,0.2955155013376538,0.2570449265915253,0.2955155013376538,0.28448007062326486
1440,0.15018371274077752,0.10049116123893746,0.105142538087643,0.1639448245413407,0.07286410593166173,0.028334713796181334,0.12431936428645018,0.09109834805065743,0.0,0.1636212313263505,11,True,0.1649988924301792,0.1639448245413407,0.1649988924301792,-0.6084668107428814
1441,0.011328914618495216,0.1691940363174111,0.0,0.025929953031178985,0.07019007999219978,0.0,0.005158340615976345,0.1268200500603032,0.22504344824304412,0.3663351771213913,98,True,0.3678449744039059,0.3663351771213913,0.3678449744039059,1.297006407925867
1442,0.24428779885788754,0.05217915791104009,0.161263114226587,0.11351021150103864,0.0,0.0,0.07915649536574011,0.0,0.08794715797695618,0.2616560641607502,17,True,0.2894026651278622,0.2616560641607502,0.2894026651278622,0.671552015069983
1443,0.0162865647400485,0.06349626602529838,0.20143824674958866,0.0,0.0,0.12965209038147188,0.11141698288941244,0.27123995747985435,0.13904823170310876,0.06742166003121701,108,True,0.26748646577911195,0.27123995747985435,0.26748646577911195,0.6823227414215762
1444,0.0,0.0,0.03724404093358535,0.042066123846719504,0.1946035781360592,0.06368921140378815,0.22149960777153602,0.15214565849773673,0.12448079208898519,0.1642709873215901,39,True,0.24448793048023698,0.22149960777153602,0.24448793048023698,0.1469716207595937
1445,0.19747285764262018,0.026189596804249288,0.18892643869860162,0.0,0.23396978447189243,0.0,0.12165294177106382,0.11289215120573894,0.0,0.11889622940583376,11,True,0.26794938548877073,0.23396978447189243,0.26794938548877073,0.12684110611489427
1446,0.16609087308903,0.07323837156082899,0.06512300000282255,0.12126698976574717,0.10907407561759241,0.0,0.0,0.0,0.3648035824027019,0.10040310756127693,1001,True,0.32704176620457864,0.3648035824027019,0.32704176620457864,1.6944795183528496
1447,0.5339678548373172,0.03497444400566817,0.0022197685835232813,0.06880635598360713,0.0,0.05164648016572161,0.034450078177356604,0.0,0.16086641316519384,0.11306860508161201,17,True,0.483322669517011,0.5339678548373172,0.483322669517011,2.601351296585744
1448,0.3162426152961025,0.08045146328759788,0.055075706747352134,0.10898517527263916,0.055750248126700784,0.0,0.12178441280917576,0.07579044709583146,0.05986409311228509,0.12605583825231526,17,True,0.25406778784305434,0.3162426152961025,0.25406778784305434,2.029738023273212
1449,0.20341170084487228,0.057946662199078,0.07273983830603623,0.06119265196552542,0.04260538241027335,0.07903185277400172,0.15232491192521116,0.10937992470573572,0.09010480023404416,0.13126227463522191,11,True,0.14948752216985334,0.16080631843459894,0.14948752216985334,1.0419715938167082
1450,0.03681238566737216,0.2935812250194808,0.122686821944851,0.24578110657807098,0.04198793824054998,0.14024140951578193,0.0,0.0,0.0713065892992249,0.04760252373466821,68,True,0.30296330783808545,0.2935812250194808,0.30296330783808545,1.0537700103415957
1451,0.23499211837085704,0.023551135245872733,0.06037342147920607,0.07022420104037001,0.0,0.29057016904473615,0.022247059699676153,0.02870612003794894,0.257693481606086,0.011642293475246809,17,True,0.3415315647079887,0.29057016904473615,0.3415315647079887,0.9643487721771077
1452,0.10889391373154308,0.360174203841149,0.0,0.023186347808227287,0.34110404815340206,0.15328304749945984,0.0,0.013358438966218645,0.0,0.0,25,True,0.42678690290827426,0.360174203841149,0.42678690290827426,1.2867921236616064
1453,0.30924315881574416,0.09290756369711302,0.0,0.09592298187848275,0.05717376448647401,0.12289430510973307,0.06886945538463203,0.013110864183848984,0.15993891844211264,0.07993898800185938,1152,True,0.2621484517839247,0.30924315881574416,0.2621484517839247,1.5851862846586928
1454,0.0,0.2654247083292596,0.13829622943481606,0.0,0.13281597756781366,0.18534158486936916,0.02411664623410591,0.08863214550165066,0.0,0.16537270806298493,11,True,0.27812427484963514,0.2654247083292596,0.27812427484963514,0.3627178110886707
1455,0.14121412936128494,0.0,0.1679507819515998,0.157253497811396,0.0,0.0,0.34637028607470827,0.1368655781339831,0.050345726667027926,0.0,39,True,0.3378117993948613,0.34637028607470827,0.3378117993948613,1.114140990094974
1456,0.07941789723977358,0.03987212526645231,0.0,0.3518383077656735,0.2586134794166525,0.0,0.19960372634862203,0.022075251846194383,0.048579212116631826,0.0,377,True,0.3758417479323608,0.3518383077656735,0.3758417479323608,1.2089481012219843
1457,0.0,0.0,0.0,0.0,0.21988080012190267,0.0,0.19973819659954908,0.22718002634079146,0.06699461886884756,0.2862063580689093,98,True,0.3553252540528773,0.2862063580689093,0.3553252540528773,0.5176271288628074
1458,0.16186429054710394,0.3452444397954138,0.0,0.16258728299338368,0.06683719252871151,0.0,0.002288493105625147,0.0,0.04339851367923826,0.2177797873505236,11,True,0.3544182707324185,0.3452444397954138,0.3544182707324185,1.0710459084350572
1459,0.2306200454738235,0.0,0.0,0.30122997070542096,0.04544908471149281,0.021481953505267642,0.002799314514004029,0.0,0.212771638653796,0.18564799243619506,17,True,0.35524213956935274,0.30122997070542096,0.35524213956935274,0.6587134152021602
1460,0.22059901154975,0.0,0.09490864261022028,0.16829522110756848,0.005713096045599994,0.0,0.0,0.06170049414111932,0.2034885404177252,0.24529499412801672,2,True,0.3023436231438843,0.24529499412801672,0.3023436231438843,0.3193523657617812
1461,0.17901529714053213,0.0,0.1701981120922111,0.05679330939317523,0.0,0.24871171239069945,0.10465701913855273,0.0,0.20976761405163616,0.030856935793193273,52,True,0.2863643900498762,0.24871171239069945,0.2863643900498762,0.3256849489531181
1462,0.0,0.37442707652952373,0.1181247277506286,0.08234478867016748,0.03280457185674248,0.09822570848855525,0.11986246879470552,0.0,0.17421065790967707,0.0,55,True,0.34113127335881643,0.37442707652952373,0.34113127335881643,1.6796408145152135
1463,0.0,0.16340013180092966,0.0,0.14155840808857903,0.19554496934798166,0.06494154843737823,0.0,0.27507702397530487,0.07323659848408122,0.0862413198657453,72,True,0.2786793129256208,0.27507702397530487,0.2786793129256208,0.6065093256495839
1464,0.024895983073835375,0.0,0.1661480089388837,0.09582355152886053,0.043801718254104303,0.0,0.15494467135756995,0.3672559818276465,0.06723449208906783,0.07989559293003187,23,True,0.33032454414347484,0.3672559818276465,0.33032454414347484,1.758286415937051
1465,0.11996669890981576,0.0,0.13525610717186595,0.13543879022696712,0.1264631935857831,0.08520747134165482,0.0,0.1714499646803727,0.2027498613317398,0.02346791275180082,17,True,0.212923651492668,0.2027498613317398,0.212923651492668,-0.34462509178028333
1466,0.0,0.0,0.033705869632616584,0.0,0.0,0.17775314376487059,0.31180842537464043,0.0,0.17524971543810275,0.30148284578976975,98,True,0.3893085267075876,0.31180842537464043,0.3893085267075876,0.8444162344596845
1467,0.007914454190163931,0.0,0.3178230870841599,0.23016462845388938,0.019733106740532608,0.013629308024490598,0.06913261624913214,0.028984801136248125,0.13358434470074218,0.17903365342064098,124,True,0.33187697499470625,0.3178230870841599,0.33187697499470625,0.9994266416840529
1468,0.2060175361769653,0.0,0.051494627895417575,0.30179203749393735,0.005736312884742887,0.22915305509503234,0.14333141843408848,0.0,0.036525488818561734,0.02594952320125442,52,True,0.33356973536622064,0.30179203749393735,0.33356973536622064,0.811388315692124
1469,0.0,0.10816062000479854,0.0446071398757047,0.093651725946757,0.0,0.09300434008777127,0.12174157071872349,0.31299489937735453,0.039817734209024215,0.18602196977986632,1434,True,0.2829936606556861,0.31299489937735453,0.2829936606556861,1.31075374138575
1470,0.08466879955372676,0.0,0.16243829708063376,0.14988435820865192,0.14748756457899348,0.06866477312749981,0.061635766174235634,0.0,0.23203090757164238,0.09318953370461619,17,True,0.2209284013397272,0.23203090757164238,0.2209284013397272,0.23823907558583493
1471,0.15804755474980733,0.0,0.03636705308699148,0.2818127104086929,0.0,0.2854804830877689,0.0,0.0,0.12515593327751137,0.11313626538922797,17,True,0.34012192558747495,0.2854804830877689,0.34012192558747495,0.795549555662784
1472,0.019636810510510114,0.15331122893143,0.05571083487991736,0.05415331967720439,0.15443274081200317,0.14254235357159226,0.1706995532305593,0.21153131147366547,0.03798184691311792,0.0,39,True,0.22230713955430906,0.21153131147366547,0.22230713955430906,0.06476967818875094
1473,0.1093791699951189,0.32485271159743734,0.0,0.0962451193986026,0.20994045208344808,0.07859223122988794,0.0,0.020801789709934713,0.0,0.16018852598557032,11,True,0.32109347644002517,0.32485271159743734,0.32109347644002517,1.06585132189366
1474,0.15475554724726445,0.14415292662277918,0.0,0.20472891453639006,0.0697041720033463,0.06030876514786931,0.27175872785273447,0.09459094658961631,0.0,0.0,39,True,0.27917619202602206,0.27175872785273447,0.27917619202602206,0.5817461051195919
1475,0.11834167206901439,0.0,0.3601144551803389,0.0,0.1832163283088044,0.21697009517946378,0.04897835775987721,0.07237909150250134,0.0,0.0,0,True,0.36327541859400514,0.3601144551803389,0.36327541859400514,1.2224495080735618
1476,0.00907473640856039,0.0,0.11753711232392296,0.0,0.0,0.09778572011777939,0.36087466544961866,0.0004938722826031168,0.21741965186928422,0.19681424154823118,69,True,0.3737610057799716,0.36087466544961866,0.3737610057799716,1.1167203759870792
1477,0.05879894939327667,0.26778615889947477,0.0,0.17636845763525125,0.06571587309826103,0.21270774559334246,0.08095450008324061,0.0,0.12446555726841134,0.013202758028741773,68,True,0.27938388654040747,0.26778615889947477,0.27938388654040747,0.6610585052824132
1478,0.1274919341416511,0.0038208268720126204,0.15330277868890696,0.1764684490120421,0.1254153753537131,0.11540991753801692,0.0011137449908704073,0.0,0.022937662159554766,0.27403931124323205,17,True,0.27492732450737023,0.27403931124323205,0.27492732450737023,0.468603402489048
1479,0.04742395830081758,0.04430234312533726,0.07172739726129913,0.07484763237776113,0.10239863899610795,0.06494613222344639,0.0,0.20865566021557758,0.2444635221589351,0.14123471534071794,651,True,0.2300196543787388,0.2444635221589351,0.2300196543787388,0.9145739875949466
1480,0.016143304569694,0.1922328592987559,0.018190478999968843,0.22397293972729118,0.08073175633084394,0.0,0.20777527751134905,0.0,0.09100676199698221,0.16994662156511495,47,True,0.2730588161343466,0.22397293972729118,0.2730588161343466,0.20978733045247272
1481,0.11562228694364385,0.09711278941852221,0.030294343326165485,0.0,0.13030667387507322,0.1879312226086406,0.0,0.22046740288599875,0.04207268032029798,0.17619260062165792,11,True,0.23965589229206444,0.22046740288599875,0.23965589229206444,0.10053550203807968
1482,0.12477062939269855,0.0,0.0,0.05091060367944288,0.24713516462156437,0.0,0.2154571416010306,0.10816357695497243,0.06549349121305492,0.1880693925372362,98,True,0.2775176069473133,0.24713516462156437,0.2775176069473133,0.3971938319792838
1483,0.14845790746792972,0.22795408211438764,0.0,0.11101119610192531,0.08968113454429281,0.0,0.15420240693987403,0.09978856279988191,0.05295423447785335,0.11595047555385539,481,True,0.21060343942471163,0.22795408211438764,0.21060343942471163,0.10762650986943872
1484,0.0,0.2120200292233621,0.0,0.22215690796028362,0.0,0.09103932067212964,0.10605370121685266,0.14721617269105852,0.16203342830466327,0.059480439931650225,68,True,0.2555525114746756,0.22215690796028362,0.2555525114746756,0.11358196045852265
1485,0.1722664042333106,0.3187834186161998,0.07935355822706769,0.01971817148735051,0.14874568915660813,0.005045331537697366,0.0013496025296443211,0.13479567863435316,0.05894630057402462,0.06099584500374375,47,True,0.29240719344738125,0.31743381608655546,0.29240719344738125,1.2804373349949174
1486,0.11590920695268998,0.10699777250120483,0.32831456709379553,0.0,0.14407176186331658,0.11356111254678368,0.0,0.09308833431862475,0.09805724472358467,0.0,16,True,0.2908734821548158,0.32831456709379553,0.2908734821548158,1.3704167376521796
1487,0.0,0.286044201699953,0.0,0.053432625683233724,0.08901743527552207,0.0,0.26388647272138055,0.010653987484761042,0.2350769018646806,0.061888375270468886,1483,True,0.3484843372594702,0.286044201699953,0.3484843372594702,0.8360266785066941
1488,0.12349356736824467,0.0631487252275801,0.1412512510208364,0.19597462154460055,0.11612093504592652,0.0,0.05566397456508148,0.2399855993399445,0.0643613258877857,0.0,23,True,0.236462277466434,0.2399855993399445,0.236462277466434,0.43453736169998497
1489,0.0,0.011598560975366103,0.00703357432625272,0.15971206331983798,0.2538844396736835,0.0,0.21703458576363488,0.22978937912032218,0.08540146709939953,0.035545929721503174,39,True,0.3140276158865554,0.2538844396736835,0.3140276158865554,0.46998643156589287
1490,0.09007914693266134,0.1770012418717091,0.014286540723397644,0.11728409574026268,0.0,0.1795837962770735,0.06549589711571743,0.1747479153948272,0.18152136594435112,0.0,16,True,0.23114984176744413,0.18152136594435112,0.23114984176744413,-0.22669335756487594
1491,0.0,0.2307705123525072,0.05583275933804741,0.046651230639197884,0.0,0.1372745475719756,0.3032943820265545,0.0,0.22617656807171735,0.0,69,True,0.34718336255003784,0.3032943820265545,0.34718336255003784,0.7581655383855578
1492,0.020006864694905372,0.19897769702719537,0.14930046223011015,0.12107717235798236,0.057527858419910205,0.13389332450489183,0.0,0.16641415620263697,0.0,0.1528024645623679,746,True,0.221859977553002,0.19897769702719537,0.221859977553002,-0.34701937782367104
1493,0.08512257876800414,0.0,0.19518470845228494,0.03880711160764859,0.05131893228764276,0.025840858596420282,0.22426961599693723,0.2002759084908086,0.041986635929702164,0.13719364987055155,45,True,0.24727024460682712,0.22426961599693723,0.24727024460682712,0.4688721100455189
1494,0.0,0.12139753326229247,0.08348584789306684,0.0,0.004517026470533778,0.03197880370487276,0.2751715295502128,0.14449128551241092,0.27848661924375834,0.06047135436285203,69,True,0.31711035832254414,0.27848661924375834,0.31711035832254414,0.929922369353844
1495,0.0,0.3973418517826709,0.04149905201205903,0.13121251496140393,0.0,0.20500936497274017,0.0,0.061566807801877683,0.036048379018660655,0.12732202945058757,25,True,0.374364980922638,0.3973418517826709,0.374364980922638,1.7138543856987625
1496,0.34873950839596585,0.0,0.16826799435237513,0.11328923928572864,0.08108164953979936,0.0,0.00011393232447723106,0.0,0.28850767610165373,0.0,17,True,0.39061328756177277,0.34873950839596585,0.39061328756177277,1.0951672699641326
1497,0.29190268991508855,0.17667288589726005,0.0,0.019816146849245896,0.2868711753256536,0.0729042246542793,0.1518328773584726,0.0,0.0,0.0,11,True,0.3570384972506438,0.29190268991508855,0.3570384972506438,0.7948700792457205
1498,0.023622405748879038,0.24117852288175667,0.09363558917561128,0.12748303619075244,0.10260409501490123,0.17103268559540533,0.0,0.14798478163027484,0.014723902784627471,0.07773498097779173,25,True,0.22733992623439425,0.24117852288175667,0.22733992623439425,0.39146975089918923
1499,0.09786244402789766,0.1614751200345416,0.11239560759046928,0.13563937245727756,0.0931392353812851,0.17421472867346657,0.08110700487897277,0.09421931507306364,0.0,0.04994717188302592,202,True,0.15381195894365726,0.17421472867346657,0.15381195894365726,-0.45797384404851427
1500,0.0,0.0,0.0,0.13831019966607383,0.10173273004086231,0.1893011533018687,0.13421357731749065,0.0,0.27549264116139327,0.16094969851231125,17,True,0.2917678382829333,0.27549264116139327,0.2917678382829333,0.36833269364965865
1501,0.007148419439346239,0.015494116432728869,0.23089348732650233,0.1759342073090547,0.12311714032542538,0.0,0.12259016683938484,0.2627927402904109,0.03607831739574622,0.025951404641400645,23,True,0.2928773451834451,0.2627927402904109,0.2928773451834451,0.5892278726098936
1502,0.08500356090287173,0.18100168314299586,0.06441366341080604,0.0,0.15408858961856858,0.08573409003060944,0.1308815732545972,0.09118826820098604,0.07902215112403241,0.12866642031453276,1098,True,0.15321487168255393,0.18100168314299586,0.15321487168255393,-0.33211353292933377
1503,0.0,0.20869047871704582,0.12458853229962948,0.1084035067333633,0.0,0.23415297149218656,0.09980622479663322,0.0202769085739243,0.1474084330394541,0.056672944347763064,16,True,0.24691386534599452,0.23415297149218656,0.24691386534599452,0.3069952473135596
1504,0.13373025861467322,0.002166654446577329,0.1391655301501771,0.0,0.0,0.0011519607212904608,0.18719713297016197,0.0,0.26363032382357393,0.27295813927354595,106,True,0.3410376933468923,0.27295813927354595,0.3410376933468923,0.5118825774579966
1505,0.00026666997704581495,0.1627266104679651,0.16977616712635804,0.18759494621080255,0.006923820615837428,0.0753226133724293,0.05380063136760209,0.0,0.2001710830933908,0.14341745776856896,52,True,0.24443568611707708,0.2001710830933908,0.24443568611707708,-0.14542553090485183
1506,0.10051258762550629,0.0,0.15917548707070805,0.19401901770416277,0.08111420602186233,0.059978797878777634,0.0,0.03823100726294976,0.20201863626819533,0.16495026016783798,52,True,0.2296555974611535,0.20201863626819533,0.2296555974611535,0.020922240326245397
1507,0.07890279371225963,0.24388781462661033,0.06661790172448166,0.08470504633196746,0.026664441544166907,0.19138501297120267,0.0,0.12646688662032915,0.030434175467455946,0.15093592700152622,25,True,0.2331540023754676,0.24388781462661033,0.2331540023754676,0.6247755100757483
1508,0.0,0.055656819557515044,0.0,0.24830314260242714,0.07415739523389821,0.3376343574828889,0.046577033620256364,0.12522180901493388,0.11244944248808048,0.0,52,True,0.3387376705357319,0.3376343574828889,0.3387376705357319,1.296898297762961
1509,0.18731323350923934,0.07917880863416839,0.2796944765734654,0.1582577427152168,0.0,0.16910140262400594,0.020232386462775663,0.0,0.03532197999809448,0.07089996948303395,17,True,0.2826820233309855,0.2796944765734654,0.2826820233309855,0.6945723193549999
1510,0.09779755260573013,0.23929811717740704,0.05628346485537381,0.0,0.06556064769574113,0.16425852815418449,0.15278295342265807,0.14818264965849154,0.07583608643041394,0.0,25,True,0.22875026058030037,0.23929811717740704,0.22875026058030037,0.34106896481998333
1511,0.0472603086457632,0.29688468445382676,0.020296901748488024,0.12230149632776671,0.1501916618296912,0.08140133088953067,0.0025447214326129817,0.0658713285963882,0.061344634930931556,0.15190293114500075,68,True,0.25711973296183593,0.2943399630212138,0.25711973296183593,1.3736865527100524
1512,0.1045845591399213,0.02628784264423386,0.02823844197586617,0.06670907090307701,0.17021015531150008,0.14711127100295696,0.17358011752250974,0.1384975656757408,0.11661017814104006,0.02817079768315409,1214,True,0.1766150442064632,0.14729227487827587,0.1766150442064632,-0.18160678620454554
1513,0.0,0.1882160932034532,0.0,0.0,0.0,0.015098910464410517,0.23488011942369408,0.14154369958189392,0.2789076894135316,0.14135348791301677,69,True,0.3295859098762747,0.2789076894135316,0.3295859098762747,0.4605800817643225
1514,0.1383171063236004,0.1053430775810261,0.16286154436919992,0.08726339659061735,0.12530077973888443,0.00791527388102922,0.0,0.0,0.19853959213620406,0.17445922937943856,17,True,0.22357213207349982,0.19853959213620406,0.22357213207349982,-0.3665256929387309
1515,0.10873673711849995,0.10316236412394468,0.14679197295427654,0.0611200386148069,0.0,0.11539196989263706,0.0,0.16649640415664752,0.1437642441304914,0.15453626900869596,72,True,0.18258058346176956,0.16649640415664752,0.18258058346176956,-0.8699173925315197
1516,0.11650544694321847,0.04925140434259528,0.1881189611371643,0.19771830075152577,0.08058473649474888,0.0,0.08647503593627535,0.2813461143944718,0.0,0.0,23,True,0.28915040665634406,0.2813461143944718,0.28915040665634406,0.6895216247305925
1517,0.0033251993658143584,0.21253519318724584,0.3611255144970159,0.0,0.06359318794733512,0.0,0.11772387414217694,0.20983784699534785,0.0,0.0318591838650639,23,True,0.3722147716564134,0.3611255144970159,0.3722147716564134,1.1848125103362293
1518,0.2024998935260808,0.231642265374311,0.03829955805087761,0.13778213578177495,0.0,0.20661592782687477,0.010204350023377693,0.03043324076379048,0.08577845033284177,0.05674417832007079,40,True,0.2634642592887456,0.231642265374311,0.2634642592887456,0.4602663497475684
1519,0.18630981775129615,0.14602640311819093,0.03796508828559326,0.04496665203845939,0.17662872055794634,0.0,0.19758828739031667,0.10759565566660631,0.027336515555310494,0.07558285963628028,1268,True,0.21857292017503943,0.19758828739031667,0.21857292017503943,0.11370143394059608
1520,0.0,0.0,0.10345310840548255,0.35785699174820773,0.11406628222046077,0.0,0.3008668650801337,0.0,0.0,0.12375675254571526,39,True,0.3970036438437813,0.35785699174820773,0.3970036438437813,1.214531890483964
1521,0.011173606477923948,0.0,0.2719500546817308,0.04452864742557062,0.15445568945103053,0.0,0.28764235106190683,0.23024965090183716,0.0,0.0,39,True,0.3683396069299404,0.28764235106190683,0.3683396069299404,0.6896415319428996
1522,0.09480345884922271,0.19538072327071407,0.07116158225029735,0.2071727246059861,0.03622448556270416,0.2941533776676719,0.0,0.08577229664343373,0.0,0.015331351149969913,85,True,0.30095878719810243,0.2941533776676719,0.30095878719810243,0.8974862021105454
1523,0.06486311237730279,0.2507090007976029,0.07652377972826968,0.0,0.0,0.18322767861768838,0.0,0.1693432546271142,0.1699642669161469,0.08536890693587511,25,True,0.2671017365933881,0.2507090007976029,0.2671017365933881,0.3180210906872419
1524,0.0,0.32693399726657085,0.0,0.0,0.5290177277521169,0.041984028135252545,0.0,0.10206424684605982,0.0,0.0,85,True,0.5467406733977509,0.5290177277521169,0.5467406733977509,1.9378156620855629
1525,0.1783158710559987,0.021211763584786318,0.09841538412682091,0.1556474883759576,0.1045861720396044,0.03185778080381786,0.0,0.04928048554415372,0.19869517316076754,0.16198988130809286,17,True,0.21508245529125986,0.19869517316076754,0.21508245529125986,-0.0315230259193459
1526,0.12918626880058218,0.0,0.08312509925157338,0.09457437721579626,0.13030979573357057,0.21039168022603288,0.030122579595768393,0.09744257930583919,0.012248115368430491,0.21259950450240667,40,True,0.22257466315472538,0.21259950450240667,0.22257466315472538,0.27332938294619424
1527,0.25111041466494594,0.0,0.44701274608947805,0.0,0.0,0.0,0.20864006991456194,0.0,0.0,0.09323676933101405,442,True,0.46378940204460833,0.44701274608947805,0.46378940204460833,1.5230957243435397
1528,0.05571627053847396,0.5277037017668775,0.0,0.0,0.24975811770621198,0.09253233455335215,0.0,0.0707565811461958,0.003532994288888531,0.0,11,True,0.5074798772201408,0.5277037017668775,0.5074798772201408,2.1975552229383286
1529,0.08931564389218091,0.042832321055326326,0.1786877586309518,0.04274273037904073,0.26029654300914606,0.0,0.1382043388865123,0.2078496708628851,0.04007099328395673,0.0,15,True,0.2742809651175466,0.26029654300914606,0.2742809651175466,0.6043232574335385
1530,0.0,0.21095232628661545,0.2915381874502991,0.035418553032214195,0.0,0.06348105248744683,0.07795450041793844,0.06509126811584927,0.0971137377921875,0.15845037441744933,16,True,0.28218981762758466,0.2915381874502991,0.28218981762758466,1.0381950241333875
1531,0.11566541222403946,0.0,0.12561159784605042,0.06418619542205013,0.09010605904356558,0.3730997838016745,0.027039787156166555,0.0,0.10387091399011769,0.1004202505163358,35,True,0.3196931699406919,0.3730997838016745,0.3196931699406919,2.0606114141525658
1532,0.01754659808337622,0.3955007815614914,0.057643868168459504,0.0,0.0,0.34261745516785935,0.10550006221356167,0.018497037826623104,0.0,0.06269419697862876,25,True,0.43913694141280457,0.3955007815614914,0.43913694141280457,1.5877407261439465
1533,0.002804369678794569,0.27602159352713423,0.05955754022291816,0.09187916586958671,0.04668033242808913,0.2561880268498652,0.1071269551350657,0.09192825126523403,0.06173672259214996,0.006077042431162373,25,True,0.2824382518286044,0.2732172238483397,0.2824382518286044,1.205489831903766
1534,0.1877079150223904,0.03956982547719826,0.03142877891160701,0.008191212351937647,0.06961564387665134,0.3798967125122776,0.06947155600707329,0.008568177178077958,0.13660438003493233,0.06894579862785406,17,True,0.33961262807995607,0.37170550016033993,0.33961262807995607,1.9610501791800832
1535,0.0,0.09809247064793593,0.2388113089100082,0.19267218936974742,0.03118437514654576,0.1318283236757194,0.05628489277599552,0.21945614249538484,0.0,0.031670296978663005,23,True,0.2728712409517844,0.2388113089100082,0.2728712409517844,0.45754122823567495
1536,0.0,0.4951032136172257,0.0,0.15175131635365624,0.0,0.0588826155520603,0.12186738960097211,0.09531786284409281,0.0,0.07707760203199293,25,True,0.4488885484435375,0.4951032136172257,0.4488885484435375,2.3940573351199625
1537,0.12071484059353316,0.0,0.14175567216093027,0.041602687939027584,0.18708929360773954,0.10456771801628006,0.0,0.054045769368743016,0.21788256037888643,0.13234145793485996,17,True,0.22414806534763881,0.21788256037888643,0.22414806534763881,0.03932026924980375
1538,0.0,0.12933969229560585,0.13918215408904613,0.03200345530880793,0.031590112624879804,0.08452278535578801,0.2501129943053276,0.05925234380778542,0.1088951024272357,0.1651013597855236,69,True,0.22461219498149457,0.2501129943053276,0.22461219498149457,0.6746787867702709
1539,0.25248874156885326,0.15141005518611042,0.029377783734682916,0.0,0.15011029017934124,0.057080435285907366,0.0,0.0,0.1472642290067597,0.212268465038345,11,True,0.2829744746659867,0.25248874156885326,0.2829744746659867,0.3139220868824921
1540,0.17079403524084644,0.14195102940241214,0.05453304730220143,0.0,0.0,0.12649094657040458,0.16549168553376156,0.0,0.06811881631048404,0.27262043963988974,2,True,0.2732106975584791,0.27262043963988974,0.2732106975584791,0.5048368441058563
1541,0.0,0.42397453074966657,0.11194022428894686,0.12613540614652166,0.03366837119054882,0.17620011112338868,0.0,0.0,0.02743363119065262,0.10064772531027477,25,True,0.3889187117264532,0.42397453074966657,0.3889187117264532,1.9628899307807668
1542,0.026146843645772515,0.15311367729309694,0.09708091887587635,0.025778507517254773,0.07749013949980768,0.09355562413183821,0.0,0.0,0.4182114920559721,0.10862279698038148,126,True,0.36833928992760706,0.4182114920559721,0.36833928992760706,2.217307270536609
1543,0.0,0.22368370308116053,0.01827373714674123,0.0,0.0,0.1564537165067346,0.3120251191003653,0.0,0.2895637241649985,0.0,69,True,0.39503533918382433,0.3120251191003653,0.39503533918382433,0.7828618314298236
1544,0.3096085121258694,0.0,0.1678938708444377,0.0725636784669121,0.0,0.025623578976894934,0.0,0.0,0.2903888511448662,0.13392150844101974,17,True,0.36363235990834375,0.3096085121258694,0.36363235990834375,0.9382615120370453
1545,0.16577436660683526,0.10335048045193354,0.0,0.2677633662198384,0.09208454913048401,0.12245958536067558,0.0,0.1444988356356449,0.0,0.10406881659458846,11,True,0.2550408379958992,0.2677633662198384,0.2550408379958992,0.47588549945840625
1546,0.20927898729022687,0.0,0.06901441069070356,0.08326094941690151,0.16310579540949097,0.17317727555274273,0.017049221055086872,0.16494862125813753,0.009523749422291887,0.110640989904418,11,True,0.22785476165680418,0.20927898729022687,0.22785476165680418,-0.03883225005116728
1547,0.0,0.13071621321339036,0.0021951679558605236,0.05255185466229142,0.195012908497871,0.12088978614142876,0.1488187247366176,0.254903039073425,0.0,0.09491230571911538,1363,True,0.26197048955901303,0.254903039073425,0.26197048955901303,0.35177697575666467
1548,0.20549020153640077,0.31986387175710396,0.0,0.0,0.055269959905912415,0.0795595414192056,0.03510548539879878,0.060755529524295075,0.06975467764217985,0.1742007328161036,11,True,0.30669015034925035,0.31986387175710396,0.30669015034925035,1.2676295962023036
1549,0.0440324728708877,0.24661470949174785,0.0,0.14730867197802552,0.06856711152259905,0.19518333559708703,0.010190612132885139,0.06868287115909527,0.13743732473320994,0.08198289051446248,68,True,0.24018097271711544,0.24661470949174785,0.24018097271711544,0.5967944390968283
1550,0.1092079365029015,0.06295241909403008,0.044066857258666894,0.08818134689580612,0.09173003391101152,0.0,0.09218140073206667,0.2460697865216643,0.0,0.2656102190838529,23,True,0.2713266599449036,0.2656102190838529,0.2713266599449036,1.0196089954969605
1551,0.20080366493193164,0.181473749505199,0.08707466535288781,0.03480100130755882,0.0,0.1142160677127615,0.13579323975549018,0.1375979640560063,0.08126360765193975,0.02697603972622507,11,True,0.19949369688096094,0.20080366493193164,0.19949369688096094,-0.003915062490490882
1552,0.12502933584005613,0.3220822622467043,0.16565342984688486,0.09494963297238838,0.11874934995508628,0.06541019748721567,0.0,0.10812579165166436,0.0,0.0,11,True,0.293081727452531,0.3220822622467043,0.293081727452531,1.2240657202390934
1553,0.12186268838875952,0.13382449294766322,0.015323623773012043,0.0,0.09328749232054812,0.12750661531899837,0.2529222705504411,0.07335057563414595,0.0,0.1819222410664318,16,True,0.24576513185156929,0.2529222705504411,0.24576513185156929,0.39649374328217674
1554,0.08661487965236873,0.049067628977624365,0.0336943776452878,0.06102823411027397,0.2525245546835208,0.09543754105743908,0.20365614838256266,0.06181319110136628,0.0,0.15616344438955623,39,True,0.23943729811198403,0.2525245546835208,0.23943729811198403,0.901014612731246
1555,0.0,0.0013380733393903621,0.0,0.06031914577710585,0.0,0.21435571378149348,0.1474267219159223,0.22367907958538993,0.16750360030866807,0.18537766529202998,39,True,0.2894440631673877,0.22367907958538993,0.2894440631673877,0.062022435229910376
1556,0.0,0.0,0.19655511008641818,0.15584481986983548,0.15706026563612918,0.010910746537620072,0.14618242771010448,0.16077437558486193,0.0557149589902612,0.11695729558476957,23,True,0.22739691790953737,0.19655511008641818,0.22739691790953737,-0.38460811755670393
1557,0.0,0.0,0.04388427075261817,0.15291493633136954,0.03162458661054734,0.0,0.38726352292103666,0.20996905253446665,0.16107282233391557,0.013270808516046131,39,True,0.3827395055540001,0.38726352292103666,0.3827395055540001,1.4220959341971984
1558,0.0,0.1639740358659261,0.22926893334238033,0.0,0.04033866662229189,0.0,0.2275139027377926,0.051891722912248896,0.021623171380083545,0.2653895671392767,1350,True,0.32624139374344535,0.2653895671392767,0.32624139374344535,0.5631175754211304
1559,0.0,0.08040567262297758,0.1771586256418266,0.13136934719214677,0.12232699365532465,0.05962293895190304,0.18660975276339012,0.09740355515183627,0.10921729452727502,0.03588581949331997,16,True,0.17650440868191472,0.18660975276339012,0.17650440868191472,-0.12622828475067233
1560,0.13334913647182034,0.006075480693940777,0.052643988680380595,0.1979056574533468,0.08864295603448541,0.02035801758620113,0.22209304221413748,0.09894732217887593,0.17998439868681138,0.0,39,True,0.24400664075223424,0.22209304221413748,0.24400664075223424,0.2234993727306705
1561,0.11203763485311259,0.03938161292351297,0.11020954526400387,0.09674394871975393,0.0,0.21634565746451231,0.09924005797596079,0.02089814597159636,0.3051433968275471,0.0,17,True,0.2929370858810026,0.3051433968275471,0.2929370858810026,1.117827137407668
1562,0.20208411021445932,0.021023960474957734,0.14333292753220808,0.0,0.19417205202331764,0.0,0.006570311461382114,0.012422721637118658,0.42039391665655645,0.0,72,True,0.4200662407103601,0.42039391665655645,0.4200662407103601,1.5121645396282195
1563,0.29409919941691476,0.0,0.07687120626783972,0.020378105122652042,0.0,0.06097303389076936,0.05105307547975799,0.13446572117528033,0.16471242010005593,0.19744723854672985,17,True,0.2886858838132796,0.29409919941691476,0.2886858838132796,0.9127622339326403
1564,0.24026427832693573,0.0,0.1549764465583008,0.058026107677886615,0.20394983180805404,0.1054037421511495,0.10010170790347975,0.0,0.13727788557419365,0.0,391,True,0.25822994432668206,0.24026427832693573,0.25822994432668206,0.22365188991101267
1565,0.3208029043014559,0.0,0.11174409392517182,0.01835411196765734,0.226268698288792,0.0698404509825841,0.002949520145394251,0.0,0.07331898588751361,0.17672123450143096,2,True,0.32928422352832876,0.3208029043014559,0.32928422352832876,1.0216010625993421
1566,0.13542105670616766,0.08519170543925401,0.08819222077701043,0.14630353420299821,0.05677729475696199,0.0,0.08632675262525058,0.16632265227597204,0.023873982115808205,0.21159080110057682,11,True,0.19610943223679062,0.21159080110057682,0.19610943223679062,0.14701024299389692
1567,0.17981940045455005,0.0,0.11508239926791572,0.06755947410807638,0.010573654159922653,0.00111603782813277,0.27299965630352363,0.25387153256074024,0.05159821484852755,0.047379630468611024,23,True,0.30682744041408533,0.27299965630352363,0.30682744041408533,0.8253461164132824
1568,0.005690615149709052,0.10915562433622272,0.1705444637328211,0.0,0.0,0.11216942892219271,0.1952951269748115,0.10934011006342877,0.18453051803801915,0.11327411278279506,16,True,0.22492823593884026,0.1952951269748115,0.22492823593884026,-0.3336944152356415
1569,0.02496936079631333,0.15730598569996446,0.32442653580185515,0.2092621960900112,0.0,0.019851859435080537,0.1232649423143784,0.12890224848718884,0.0,0.012016871375208273,40,True,0.3267421355594027,0.32442653580185515,0.3267421355594027,0.9906028681633839
1570,0.0,0.05838071831493782,0.24393459656410696,0.27134413259343976,0.0,0.07379237593145303,0.1613425461275058,0.0,0.1545568339619474,0.03664879650660927,832,True,0.3053648884711322,0.27134413259343976,0.3053648884711322,0.6665478860900839
1571,0.0,0.13943576785876965,0.0,0.09631764840800594,0.14920873713234994,0.008844621611274027,0.23892889188148275,0.0,0.12275884954177213,0.24450548356634552,98,True,0.28809821126108276,0.24450548356634552,0.28809821126108276,0.33463324525485677
1572,0.14003726421992266,0.13092995357416046,0.07168785218306954,0.08222277447986752,0.05919172404831094,0.20181359789311082,0.06466173487288406,0.031813521867976945,0.1192969988737656,0.09834457798693164,25,True,0.1482628729231459,0.17000007602513387,0.1482628729231459,0.8041987984348231
1573,0.16728992030123957,0.15434356140181987,0.07911840140060689,0.07744222136300628,0.10357254023819912,0.026597412819182476,0.09165067770611005,0.061598327368895534,0.185884497240646,0.052502440160294206,47,True,0.15812437549698696,0.15928708442146353,0.15812437549698696,0.4915806918425299
1574,0.09461916631035061,0.033919159791284736,0.06525553614856892,0.031964275956666385,0.060374706044750884,0.06654158416256803,0.21725464130008829,0.26741637928181944,0.11974125904300664,0.04291329196089628,16,True,0.24155082765598476,0.23545210332515304,0.24155082765598476,1.431723082615807
1575,0.0406317164036585,0.02076608801223442,0.11803221985888669,0.12776191365902684,0.1636814589455506,0.1653590269955286,0.03462745011580845,0.042184436069516516,0.17622459227959394,0.11073109766019533,16,True,0.18101705988246275,0.15545850426735952,0.18101705988246275,-0.10778585319391269
1576,0.0,0.1505148910978376,0.20124715235463297,0.05792460181034768,0.0,0.02887871303694715,0.1975184856379231,0.0,0.25852798435394025,0.10538817170837125,69,True,0.2903469061888609,0.25852798435394025,0.2903469061888609,0.4050922097488044
1577,0.11403765163810897,0.0,0.15701525535335928,0.2148692797083632,0.0,0.0,0.18078491556439924,0.20266711822962646,0.0,0.13062577950614285,23,True,0.273216808681168,0.2148692797083632,0.273216808681168,-0.12100196087024527
1578,0.024846187418192296,0.13336297223042096,0.09826534195295034,0.1701586653325524,0.2118619363580323,0.16151594676030265,0.0,0.19998894994754898,0.0,0.0,85,True,0.2607326704588685,0.2118619363580323,0.2607326704588685,-0.08670184939433004
1579,0.1228805944322293,0.0,0.16932497408950806,0.08958846544016041,0.01176768390615015,0.0,0.22899151084195735,0.09886687982355585,0.22948463299276278,0.049095258473676046,1560,True,0.2630978373362584,0.22948463299276278,0.2630978373362584,0.3793843221698573
1580,0.23497524413750356,0.09097507546674495,0.0,0.0,0.3369657559547405,0.11398609809579047,0.0,0.08053148395424453,0.010720130972892355,0.13184621141808356,11,True,0.33765699391566434,0.3369657559547405,0.33765699391566434,1.1767710044860218
1581,0.1312047157717235,0.21501467064533208,0.12584771224874014,0.0032538335279250325,0.06795537048235491,0.16407429517990882,0.09178606796811846,0.14611311842234379,0.020693771395192653,0.034056444358360874,11,True,0.20541257528580617,0.21176083711740706,0.20541257528580617,0.08899237858141494
1582,0.10404395388176625,0.37429908121727823,0.06908821356463371,0.053003680260585086,0.08957241950690707,0.01607682714421652,0.06417427135564889,0.022607978244266868,0.11387585035576543,0.09325772446893206,58,True,0.3050956749500204,0.3582222540730617,0.3050956749500204,2.5624216455300237
1583,0.0015945120298534621,0.0,0.21435624683886223,0.07534651655815536,0.06946836913706979,0.0,0.13968999858270048,0.33196537265418913,0.13626812091301377,0.031310863286155684,23,True,0.32514269202586543,0.33196537265418913,0.32514269202586543,1.1746189226515322
1584,0.1664774868895142,0.0577450248373184,3.8649977284102556e-05,0.1653177798952253,0.14998638297069622,0.008817810095318198,0.0325805595891419,0.03710313091751983,0.1626344504165433,0.21929872441143858,1104,True,0.24069256408773132,0.2192600744341545,0.24069256408773132,0.06811843598034248
1585,0.2676451990083635,0.1925476223608741,0.13168239451837419,0.05234453071763159,0.0,0.0008187840995251885,0.03733667879419398,0.1090360594643464,0.011103893609692437,0.19748483742699852,11,True,0.28494887273395636,0.2676451990083635,0.28494887273395636,0.5560765939030743
1586,0.07433549539649756,0.1449140757621433,0.2415426284033934,0.0,0.09462645103453791,0.03295328579352826,0.08313199721106176,0.0,0.12985806484925957,0.1986380015495782,16,True,0.24112213185882622,0.2415426284033934,0.24112213185882622,0.42515409954665767
1587,0.0,0.20545172421587857,0.025625542185754715,0.09608354263735405,0.07350099593245553,0.28910059917057535,0.03533207110772284,0.01731303821725342,0.0655153652590978,0.19207712127390766,25,True,0.2895076156997632,0.28910059917057535,0.2895076156997632,0.9903887634120252
1588,0.0,0.11029591987720355,0.04576097076806103,0.03350869508039698,0.08658414472828793,0.02339596939787583,0.2316723103007459,0.2937902235226096,0.17499176632481925,0.0,1330,True,0.30664824736921364,0.2937902235226096,0.30664824736921364,0.9204880364846088
1589,0.23816466629785524,0.13994283782899342,0.14160013869291987,0.12217013747785882,0.02481427032137594,0.0,0.0846843144136214,0.06447506623387574,0.0832053078862687,0.10094326084723104,11,True,0.20084677831044415,0.23816466629785524,0.20084677831044415,0.6044432231773145
1590,0.48450575360536446,0.031584993847967355,0.0,0.0,0.024080252953119434,0.16588380528289773,0.0,0.1484632132314066,0.0,0.14548198107924445,11,True,0.4550242466641031,0.48450575360536446,0.4550242466641031,2.093026442712161
1591,0.15741660057374504,0.16514990711219388,0.17809857978880064,0.0,0.10671705593416177,0.029529991787870344,0.12758234430609355,0.10793275489534307,0.04016223459167724,0.08741053101011434,11,True,0.18224838187813533,0.17809857978880064,0.18224838187813533,-0.3730933726736774
1592,0.11134008742497087,0.08268603170037497,0.0,0.10135703427710617,0.0,0.12758979265601084,0.0,0.4039695867779268,0.0,0.17305746716361037,1437,True,0.3727282018793627,0.4039695867779268,0.3727282018793627,1.773784119599476
1593,0.02466047913460644,0.12544919276451302,0.16436886957946756,0.04305509057609795,0.021446197907284317,0.0,0.2664944024423578,0.34766968763001105,0.0,0.006856079965661913,23,True,0.37096755757720523,0.34766968763001105,0.37096755757720523,1.1889105845885604
1594,0.0,0.2727278169324453,0.11825507448313281,0.02267471856846526,0.2310528520240386,0.057093989044536574,0.0,0.15688015050609244,0.0,0.14131539844128913,85,True,0.3001756737392326,0.2727278169324453,0.3001756737392326,0.5716943357381348
1595,0.2787225295599338,0.33207001658994206,0.06923906720297907,0.0,0.0,0.07960361071725365,0.0,0.14425977887718813,0.052851774969749424,0.04325322208295398,25,True,0.35293421881194925,0.33207001658994206,0.35293421881194925,1.2768372468046303
1596,0.12140381873261875,0.058849970899036326,0.0531756378851768,0.2108383527950075,0.2077973094106079,0.016564951728738425,0.15055525975217482,0.08663675767894512,0.09417794111769431,0.0,39,True,0.21904128329811212,0.2108383527950075,0.21904128329811212,0.355953164768394
1597,0.1841727034955786,0.1429095317205705,0.006856001738350257,0.3059747786124668,0.100894434667791,0.0,0.0,0.232082236115147,0.0,0.027110313650095717,11,True,0.335837921101227,0.3059747786124668,0.335837921101227,0.7447782846794757
1598,0.047376628532446306,0.04647030836133116,0.0,0.07989221069344217,0.1265107298140893,0.0,0.3011370352224263,0.21687625544851127,0.08356693725940897,0.0981698946683445,39,True,0.2848356542989484,0.3011370352224263,0.2848356542989484,1.2074309779629455
1599,0.0,0.18580770590913115,0.0878570836971322,0.0,0.07069891894012077,0.037130660200399415,0.16783268858254163,0.046976419163637505,0.19462897135320276,0.20906755215383446,69,True,0.24613952743328865,0.20906755215383446,0.24613952743328865,0.16702807390260746
1600,0.2030943795638149,0.3202900804922021,0.006392510324706825,0.12200058374117367,0.0,0.07195394060877729,0.0,0.22231539008294052,0.0,0.053953115186384744,11,True,0.34098461866883023,0.3202900804922021,0.34098461866883023,0.9162175663240298
1601,0.00156884589279331,0.03353824535310874,0.08406286657908502,0.13443081150215236,0.11509240581118482,0.0,0.2565545254754231,0.1508512835937037,0.18304022611891843,0.04086078967363046,1410,True,0.25151820706865813,0.2565545254754231,0.25151820706865813,0.5013592017963202
1602,0.0,0.005338164215556097,0.0014094908727747622,0.07488080422550132,0.24100872995723072,0.0,0.0,0.3141366769015456,0.043236085325025396,0.3199900485023659,85,True,0.40824951611519805,0.3199900485023659,0.40824951611519805,1.0065908293940042
1603,0.0,0.09250630516123126,0.20500856686918906,0.03403850625126566,0.07341713348296768,0.01811063766009198,0.18250891929018392,0.1951728849523131,0.19284141655961817,0.006395629773139023,23,True,0.2570861650098369,0.20500856686918906,0.2570861650098369,0.15590898589621222
1604,0.006863125127224626,0.236202045227575,0.025047986422696084,0.053649375321468816,0.14943397466945116,0.0,0.12283438433728995,0.11761846049871832,0.1536449083559262,0.1347057400396498,1483,True,0.22880004595031708,0.236202045227575,0.22880004595031708,0.1667129843226416
1605,0.019727371071910353,0.11704988132434152,0.01766420440334822,0.1346320236242956,0.2937794493555857,0.0,0.0,0.14039082864074445,0.048118498468006254,0.2286377431117679,72,True,0.30517897517684883,0.2937794493555857,0.30517897517684883,0.8315321663091801
1606,0.17724309149369938,0.0,0.11302206623541339,0.15295183157834344,0.12755648949132964,0.07355044193359546,0.009105803859008707,0.07115681921688596,0.19010764790555773,0.0853058082861663,17,True,0.19449394989571753,0.19010764790555773,0.19449394989571753,-0.22045608294188287
1607,0.27504996360283673,0.05307430642496176,0.11107833652376699,0.09964696866537436,0.051286704679636655,0.1817813645389647,0.036649840505367716,0.0,0.0883008015453677,0.1031317135137233,17,True,0.23704105753000287,0.27504996360283673,0.23704105753000287,1.2494089566434086
1608,0.0,0.0,0.18692987395862815,0.1351646630695642,0.2114202464272603,0.0,0.010174659368403168,0.14026362766823058,0.21433476172884244,0.10171216777907122,1556,True,0.2719796842042684,0.21433476172884244,0.2719796842042684,-0.015140954380539785
1609,0.29434570308570546,0.0,0.039418789045695464,0.04776188389359103,0.1101362211526726,0.24474662158158836,0.0,0.0,0.21183903225317663,0.05175174898757037,17,True,0.3317519351903448,0.29434570308570546,0.3317519351903448,0.8520263961630903
1610,0.0,0.1946395387205278,0.0,0.0,0.16665548865532276,0.23269463017025,0.1784669199596978,0.036406381614902686,0.08927117769326856,0.10186586318603043,16,True,0.2670716312788069,0.23269463017025,0.2670716312788069,0.13878006573922924
1611,0.17030687501296274,0.3163314593308098,0.008284411415385102,0.0,0.23277026791012453,0.1497695698645732,0.009146527934612573,0.08445578260879197,0.028935105922740036,0.0,11,True,0.33735034539183867,0.3163314593308098,0.33735034539183867,0.8841008811697865
1612,0.08897907564020505,0.08197943371754463,0.1499945220580421,0.07990803239302784,0.1490939678386585,0.0,0.08924424733725682,0.1697662351862103,0.19103448582905477,0.0,23,True,0.19755973794455106,0.19103448582905477,0.19755973794455106,-0.33034654711927625
1613,0.16569829867311803,0.0,0.13415508138256904,0.13942933355645398,0.05063452065377196,0.03896751822201811,0.05593837620187927,0.019023589069176283,0.21150470964274595,0.18464857259826734,17,True,0.22648776941584012,0.21150470964274595,0.22648776941584012,0.13345426818734796
1614,0.11442764231790006,0.12644656076340344,0.16148539147958854,0.18681907514656743,0.09897792792972805,0.0,0.0,0.28462752536147384,0.02721587700133863,0.0,23,True,0.28567722857601374,0.28462752536147384,0.28567722857601374,0.6138166311136414
1615,0.0,0.25627323870522023,0.1552142036253194,0.09689177854096727,0.3462874490558599,0.04057802429971023,0.0,0.052306971219744355,0.052448334553178544,0.0,15,True,0.35525182490397533,0.3462874490558599,0.35525182490397533,1.2962821353498233
1616,0.17542481616083155,0.11517163840195505,0.04716463201350722,0.0,0.07849088737490088,0.20683592610248194,0.0,0.15950741027578824,0.09867571599217805,0.11872897367835715,72,True,0.2109048949360023,0.20683592610248194,0.2109048949360023,-0.1151878922784373
1617,0.08963828784809744,0.3467380971992995,0.15296536089208335,0.0,0.025957698802883206,0.0,0.11672021663686782,0.05559279297937881,0.10623197971838107,0.10615556592300884,55,True,0.3026597755765406,0.3467380971992995,0.3026597755765406,1.7151516454068714
1618,0.25006821903366727,0.15492966924210633,0.02892731736031849,0.08040859349319038,0.1967883343840207,0.0414273071638089,0.0,0.2474505593228879,0.0,0.0,11,True,0.30905225742105197,0.25006821903366727,0.30905225742105197,0.5196380784963399
1619,0.1618691060371053,0.0,0.0,0.1613873013616952,0.047203438617545015,0.22029150348178264,0.020624062085039238,0.0,0.33105606987863756,0.057568518538195085,52,True,0.3410888261446075,0.33105606987863756,0.3410888261446075,1.022527392339493
1620,0.0,0.0,0.10960838992873537,0.1797803664142616,0.1424974960645663,0.19835282583578415,0.0,0.01839653404365753,0.13680275703716704,0.2145616306758281,17,True,0.262820241512308,0.2145616306758281,0.262820241512308,-0.09361146316193712
1621,0.10097483591040436,0.0,0.1852039829444608,0.18706069219998536,0.009824507066128597,0.03968645204350497,0.09392188501377641,0.2703722776384025,0.11295536718333705,0.0,23,True,0.2753925829471404,0.2703722776384025,0.2753925829471404,0.5876632703969218
1622,0.23673677431248807,0.36252058811047694,0.0,0.056160377970271,0.043323588551777335,0.10218904857903394,0.0,0.0,0.0,0.1990696224759529,11,True,0.37758140147102315,0.36252058811047694,0.37758140147102315,1.2089766194343665
1623,0.008910702255974555,0.08062982593714911,0.10974255906059963,0.11926802770738311,0.0,0.0,0.281575424819011,0.22800987047743554,0.0,0.171863589742447,151,True,0.30603786616043366,0.281575424819011,0.30603786616043366,0.6149330533857947
1624,0.07692417858209481,0.0,0.01705466967794834,0.09731587500565372,0.2303644400086063,0.09122224184971707,0.28876543576192915,0.021644716531521443,0.17670844258252924,0.0,39,True,0.30355837575248484,0.28876543576192915,0.30355837575248484,0.8483893649093194
1625,0.02826682491572693,0.14035276093796548,0.0,0.0,0.11138636464148897,0.15045083587809163,0.0,0.055618744450561246,0.07225987860877406,0.4416645905673917,431,True,0.3986512667608904,0.4416645905673917,0.3986512667608904,2.1664796610750567
1626,0.05396637820841465,0.2671956938166332,0.0,0.17259446552585503,0.005917907001015844,0.29150207992870775,0.09445695584316557,0.11007139990749888,0.004295119768708995,0.0,68,True,0.33190287761009013,0.29150207992870775,0.33190287761009013,0.8485519653465048
1627,0.13563377832272056,0.07397708753205563,0.03653925014962207,0.18109595902769993,0.06089029367680977,0.0,0.25369167388873554,0.1385603471267476,0.027580926715612776,0.09203068355999608,39,True,0.23344466533826594,0.25369167388873554,0.23344466533826594,0.7525288976513552
1628,0.01565743733002284,0.09320811280086237,0.0,0.1251195676636173,0.08945060896494553,0.0,0.4359135771882207,0.18192592238755786,0.0,0.05872477366477335,837,True,0.3989429938571994,0.4359135771882207,0.3989429938571994,2.0551788760357033
1629,0.0,0.1580693267883159,0.0,0.20101687609537583,0.0,0.22989442121722567,0.0,0.0,0.2268908001564161,0.18412857574266647,72,True,0.32191289047489213,0.22989442121722567,0.32191289047489213,0.11879965128693422
1630,0.04564054489815519,0.02068899451141025,0.04570755293747881,0.15798414710215292,0.1615471638368398,0.14969902952678757,0.0900850664771979,0.09449252474886267,0.0,0.23415497596111484,40,True,0.22347093715196045,0.23415497596111484,0.22347093715196045,0.3846184730850755
1631,0.1165544600211872,0.11710499179023667,0.05454363470548209,0.0,0.21706936180895522,0.10748077126167031,0.07009316985204732,0.1552046321135002,0.0,0.16194897844692105,11,True,0.2101755344383684,0.21706936180895522,0.2101755344383684,-0.040501139833911924
1632,0.013648818680925122,0.12853793996290452,0.0,0.07043020290611192,0.07800352032712217,0.13150739078695514,0.18776580390597872,0.09552977755275975,0.24663520553714902,0.047941340340093626,139,True,0.22925243945790294,0.24663520553714902,0.22925243945790294,0.6417514044930304
1633,0.22021320904230407,0.1747828132246343,0.0,0.06289053647058085,0.1937364295806978,0.0,0.028154274630382007,0.1920295690240572,0.0,0.1281931680273438,11,True,0.2731911782032428,0.22021320904230407,0.2731911782032428,0.06601939002117574
1634,0.05722699189817631,0.25373041915657574,0.14505212226328154,0.0,0.001621350953587253,0.11962342713967375,0.3264260510238229,0.017905917781338945,0.0,0.07841371978354347,1202,True,0.34063156871995093,0.3264260510238229,0.34063156871995093,1.1145577159034323
1635,0.16179874916287248,0.07586711020332243,0.07220361746842102,0.14513592784422968,0.06726403007699464,0.10922777867146086,0.037209888697899866,0.12318463415935159,0.1383223558741992,0.06978590784124833,17,True,0.12340902690404935,0.12458886046497261,0.12340902690404935,0.10324317289674818
1636,0.0,0.3335246905033224,0.11475603787334217,0.0,0.17556285818764708,0.0,0.035809147418619396,0.2813310878842652,0.0,0.05901617813280377,895,True,0.37301792169966336,0.3335246905033224,0.37301792169966336,1.0692129051379224
1637,0.12879735494279748,0.11130563024425791,0.12343378586309028,0.018376658966949632,0.12862808283950894,0.17008920138888964,0.048868115065017696,0.15170461579543612,0.07568192741266845,0.04311462748138385,17,True,0.15170969494101771,0.15171254242194002,0.15170969494101771,-0.35628960920123537
1638,0.11323636277472288,0.2635538286693354,0.0,0.014332209813433746,0.0,0.0,0.13923105663073715,0.09385994682638,0.1330053803844332,0.24278121490095747,106,True,0.2954938797464432,0.2635538286693354,0.2954938797464432,0.5458332025556178
1639,0.22480563956987104,0.04642378019258849,0.05964315638420763,0.07038218393159765,0.07940966412973499,0.03669185035709996,0.10413217567195235,0.0,0.2759032539384947,0.10260829582445329,17,True,0.2575858408843318,0.2759032539384947,0.2575858408843318,1.2899265050846194
1640,0.17789545658482742,0.08913340206500087,0.1802529045886712,0.11755643795769662,0.06910100147109983,0.0,0.0,0.049502486829646,0.316558310503058,0.0,17,True,0.30551070539399827,0.316558310503058,0.30551070539399827,1.050935194603279
1641,0.13384954297820825,0.0810590740914396,0.0,0.05900094488270702,0.1563975664578677,0.037782531954381714,0.2295233508329766,0.15671585440947106,0.0710835479675114,0.07458758642543674,39,True,0.2042354281245681,0.2295233508329766,0.2042354281245681,0.5354361177366436
1642,0.17355669164370388,0.26278712605901394,0.04730937346807865,0.12449293103556527,0.11690015519508164,0.03530384280948927,0.0,0.09920534967870913,0.01837549236025209,0.12206903775010622,11,True,0.2385537323870174,0.26278712605901394,0.2385537323870174,0.7682401547402751
1643,0.10787577379324254,0.10909404364776155,0.0,0.170362295000546,0.04905434415545247,0.0,0.21700591672609384,0.17498971184953732,0.06015102216390795,0.11146689266345824,39,True,0.22073584653157613,0.21700591672609384,0.22073584653157613,0.06246531836596722
1644,0.0,0.0,0.1451612189739417,0.12548389965460463,0.19357153180388137,0.032049913579688435,0.14596257363113224,0.10094367053806169,0.1172692069700041,0.13955798484868578,16,True,0.2000957746006002,0.19357153180388137,0.2000957746006002,-0.5718279930096978
1645,0.0,0.09004990055192634,0.1534947472484028,0.11728651661507532,0.1247032110117495,0.0,0.12123841812303869,0.0,0.11288140165755776,0.2803458047922495,6,True,0.25886555385444365,0.2803458047922495,0.25886555385444365,0.6592810647359018
1646,0.0,0.0,0.006862601193033228,0.13421300105129627,0.2903944368939324,0.11466081221496235,0.1772338105573584,0.22112571056378377,0.055509627525633654,0.0,39,True,0.31452500378844805,0.2903944368939324,0.31452500378844805,0.6371755925421992
1647,0.0,0.08901561701787065,0.10180543958870679,0.0,0.14071965011435875,0.15086134275719254,0.28786753721963965,0.06662255013740113,0.025957286407463417,0.13715057675736714,16,True,0.2600762135681797,0.28786753721963965,0.2600762135681797,0.9457506730814723
1648,0.24007967608245623,0.21697839335843547,0.24697101869856405,0.02926864435338595,0.037716810049149,0.0,0.0,0.12382411478837721,0.0,0.10516134266963198,11,True,0.30721830809221823,0.24697101869856405,0.30721830809221823,0.5098397082446946
1649,0.14778708656035958,0.18371156573788908,0.11766946085858582,0.22402732029835004,0.11947117289328663,0.006870852423873136,0.0,0.0,0.0,0.2004625412276558,11,True,0.2722702789502621,0.22402732029835004,0.2722702789502621,-0.03293055904307289
1650,0.0694079567778071,0.042562238760544754,0.35387173331204647,0.09745743966302794,0.0,0.20850418775802942,0.04458749114685998,0.1414771072404092,0.0,0.04213184534127505,16,True,0.3295528330324392,0.35387173331204647,0.3295528330324392,1.5851324293743778
1651,0.20385663932876485,0.009639721698179695,0.04704645675456553,0.13133084420463792,0.12102425653559894,0.10124960036110973,0.0,0.0,0.24439422353641205,0.14145825758073122,17,True,0.25641556260203807,0.24439422353641205,0.25641556260203807,0.3015796929165655
1652,0.021629077710846215,0.16892042899351847,0.06493728493846077,0.1670942365927596,0.07610786893715966,0.10967361694040872,0.22457113949196278,0.1214252268244178,0.011792575304967294,0.033848544265498826,15,True,0.21312213484740652,0.21277856418699548,0.21312213484740652,0.41038216909610414
1653,0.0868776728353512,0.03108044962869076,0.02299142705236533,0.0,0.08409867254987002,0.19705152129014,0.30020818636858343,0.07262035110133061,0.0,0.20507171917366854,53,True,0.30396924093295946,0.30020818636858343,0.30396924093295946,0.9731226548809224
1654,0.20315318124474585,0.0540058469143189,0.0,0.0,0.09967944863817887,0.07844541276826027,0.27095807935795846,0.16779787377234245,0.11831057908782942,0.007649578216365861,201,True,0.2755137713415538,0.27095807935795846,0.2755137713415538,0.6306262479167081
1655,0.08245068812949874,0.0,0.13467731255596999,0.12211147927351716,0.20351286761263854,0.0,0.33125778940403255,0.06253221399796484,0.0634576490263782,0.0,39,True,0.31453723021750685,0.33125778940403255,0.31453723021750685,1.255998016405439
1656,0.2762932736415681,0.012995056856271767,0.08660252171744814,0.04821418522959268,0.0,0.005715392435496344,0.2781656189889202,0.11758079316303152,0.0,0.17443315796767117,23,True,0.32862196488526096,0.2781656189889202,0.32862196488526096,0.8362897709305606
1657,0.0,0.0,0.1494358959153592,0.13391909777445213,0.02986554362188244,0.05486936864749397,0.08390758624814636,0.26835487308742023,0.10335904686180351,0.17628858784344223,1443,True,0.2549187905198939,0.26835487308742023,0.2549187905198939,0.6643043742142185
1658,0.0,0.23718420272481586,0.0,0.23366960091364042,0.0,0.0,0.37639574519516616,0.027474255220070586,0.1252761959463069,0.0,39,True,0.4110724332584783,0.37639574519516616,0.4110724332584783,1.1185716658798883
1659,0.06495777308567947,0.11137599113786409,0.14152808930132266,0.0,0.09881215446580899,0.1426865441329884,0.21468556775090508,0.0,0.0,0.22595388012543138,16,True,0.2528293187874614,0.22595388012543138,0.2528293187874614,0.14257331032160966
1660,0.20269598684490434,0.04627612076276376,0.202765962156712,0.14007007617627817,0.0,0.0,0.0,0.0,0.14472155176720006,0.2634703022921418,17,True,0.30711843289041446,0.2634703022921418,0.30711843289041446,0.3282209998521496
1661,0.0,0.16203263328331485,0.0,0.060804231501759225,0.10670611869337389,0.20800567857606406,0.03599944862534586,0.22161262981038812,0.05368543511808914,0.15115382439166497,25,True,0.24645894073574987,0.22161262981038812,0.24645894073574987,0.2529148068517999
1662,0.0,0.030970740716732437,0.0,0.07082681983712143,0.1835600542434044,0.009057546727469595,0.22854078789325544,0.1619153428495708,0.09166756776939405,0.2234611399630518,98,True,0.27665366777010586,0.22854078789325544,0.27665366777010586,0.3046209715038414
1663,0.031246061666207723,0.01366234730501941,0.2271217650509311,0.19811799697482926,0.1792052140849674,0.028416820336369275,0.05847314217973447,0.0,0.1620023748176131,0.10175427758432824,6,True,0.25482905688244245,0.2271217650509311,0.25482905688244245,0.30074434628071683
1664,0.029387687594709104,0.0,0.07174767261278697,0.279679314499318,0.10296931835645913,0.0,0.43546622338655333,0.0807497835501735,0.0,0.0,39,True,0.4370193627782018,0.43546622338655333,0.4370193627782018,1.7599556163501904
1665,0.0,0.03848464271153486,0.014008472133279222,0.0,0.2669267290715393,0.19958871563186795,0.09051547494156044,0.0,0.0,0.39047596551021824,1246,True,0.4164461189176655,0.39047596551021824,0.4164461189176655,1.3125375177401042
1666,0.12901372015893187,0.11487202547964026,0.014894664782302223,0.0,0.16618934669749802,0.0002597770283265912,0.051852317436590134,0.09398779406204268,0.06399161167500961,0.36493874267965876,106,True,0.32631046602190733,0.36493874267965876,0.32631046602190733,1.7427573204315654
1667,0.0,0.3496114841182377,0.18451907454797756,0.038778324973451524,0.32191956933712046,0.0,0.0,0.01035264682686661,0.09481890019634606,0.0,25,True,0.412927654002622,0.3496114841182377,0.412927654002622,1.1789386872125924
1668,0.026657591496310775,0.08472353903759917,0.04589845223497449,0.11910820713327398,0.12023615790161339,0.07790694754391038,0.1376850596785161,0.1206894711655185,0.12238453605628992,0.14471003775199323,139,True,0.11895569813525506,0.11805244625568245,0.11895569813525506,-0.8665901702796711
1669,0.1385712565718921,0.25732797893599435,0.12039481743691466,0.12548774641797655,0.059290288224987324,0.10130644309043033,0.018127535992513967,0.11008094963082245,0.05773577777322464,0.011677205925243876,68,True,0.21297019123212294,0.24565077301075047,0.21297019123212294,1.0081565420342666
1670,0.02955700558624719,0.0554308266098016,0.013639806109947833,0.05665185373947928,0.18117021694054244,0.2135423196251881,0.045953154991325636,0.06888120724365997,0.11529529098874515,0.2198783181650628,17,True,0.23293868683877678,0.20623851205511498,0.23293868683877678,0.7041301128346817
1671,0.14985401713229965,0.0,0.12227976138014848,0.19969574668566317,0.05428436391521344,0.07202194663719062,0.008539920544053331,0.0648470766652939,0.23233288212338582,0.0961442849167515,17,True,0.23004624738115959,0.23233288212338582,0.23004624738115959,0.4673607320854761
1672,0.13151732550252476,0.1276556163986152,0.0653141789104797,0.0,0.2412555935062486,0.14074278187520456,0.09301896240995748,0.07658333305183412,0.026649479172775197,0.09726272917236041,11,True,0.2013933087657348,0.2412555935062486,0.2013933087657348,0.6835846240259724
1673,0.22631141245476752,0.1748378528960937,0.14011062250218512,0.0,0.1394982676177061,0.12361236045390316,0.0016042657067266094,0.16601897458789927,0.00871836668049814,0.019287877100220237,11,True,0.2533156228663144,0.22631141245476752,0.2533156228663144,-0.08710532289263599
1674,0.1650974090101858,0.07690866876237169,0.0,0.07635387244967957,0.05537805053734785,0.0,0.0,0.17983400395135246,0.17602983721169727,0.27039815807736534,17,True,0.28019756703019266,0.27039815807736534,0.28019756703019266,0.5211822013352202
1675,0.0,0.0,0.0,0.03812947855107026,0.2455485026457838,0.0,0.10606791180652908,0.23263301946930534,0.15339785705624726,0.22422323047106432,98,True,0.3176844465517563,0.2455485026457838,0.3176844465517563,0.3800257742930806
1676,0.0,0.0705627209271641,0.0,0.0677599247447059,0.2544912441516435,0.2078336713781366,0.06962729564350889,0.1987635575873201,0.01273628067657935,0.11822530489094156,85,True,0.27572718578305794,0.2544912441516435,0.27572718578305794,0.5651391207074776
1677,0.0,0.09867350170623479,0.11273712051925229,0.0,0.08602246943790867,0.05372316550542126,0.24824842454564366,0.024221488276164934,0.13217071092980778,0.24420311907956646,98,True,0.2684220240994539,0.24824842454564366,0.2684220240994539,0.7281232309179413
1678,0.0,0.17736476881910399,0.4246563067302619,0.0,0.0,0.010232121205620788,0.0,0.007342377470686226,0.3458934318639948,0.034510993910332424,16,True,0.4824760323401154,0.4246563067302619,0.4824760323401154,1.4607785771927095
1679,0.040289010991209066,0.0,0.0,0.12821680174946207,0.11415404748345738,0.12658538909498124,0.28388346534664877,0.08756178768955367,0.21930949764468782,0.0,39,True,0.2889140084254684,0.28388346534664877,0.2889140084254684,0.7378843012788767
1680,0.06745345004365351,0.040931417710046415,0.08304088529532325,0.1394421219945659,0.2792571069425431,0.027922314839680436,0.2819031562671596,0.0,0.08004954690702784,0.0,39,True,0.3117799701918913,0.2819031562671596,0.3117799701918913,1.1398992711661369
1681,0.19979715724095906,0.11249662574464879,0.08457499161623545,0.08814689758455434,0.0,0.1812103176912836,0.0,0.04888948072951722,0.2148515956911551,0.07003293370164647,1635,True,0.2319275320953527,0.2148515956911551,0.2319275320953527,0.2647303632645425
1682,0.3235495874163861,0.25020303943011873,0.11795490644681013,0.016999684954397274,0.190108654083255,0.0,0.0,0.04334174608277842,0.0,0.05784238158625432,11,True,0.3505050557684273,0.3235495874163861,0.3505050557684273,0.9988169422626202
1683,0.03467061571706248,0.09814990511725144,0.0653260305457449,0.12532995675430786,0.1166795977494282,0.11036702163600882,0.10063669817477885,0.0,0.20207465109355652,0.14676552321186093,17,True,0.17060943769074732,0.20207465109355652,0.17060943769074732,-0.10019988886469551
1684,0.15121797179451849,0.0,0.13103146899179355,0.19275547861961406,0.06982710954128447,0.0,0.305332820725995,0.1498351503267943,0.0,0.0,39,True,0.31264248641300796,0.305332820725995,0.31264248641300796,0.7013880418554487
1685,0.0,0.0,0.30647965078845624,0.0052918806222420605,0.25618345586946073,0.08467141508110766,0.10711966241425322,0.0,0.23906424263354664,0.001189692590933394,16,True,0.3679466557683968,0.30647965078845624,0.3679466557683968,0.7892845649213681
1686,0.0,0.0,0.06945773959733954,0.0834634333183719,0.09171309309503027,0.09231220675258002,0.27753582996192744,0.0,0.0,0.38551769727475105,98,True,0.39290379112008245,0.38551769727475105,0.39290379112008245,1.535590792729699
1687,0.0,0.0,0.3245207852109352,0.0,0.12410216655945906,0.0,0.30976752766371507,0.24160952056589072,0.0,0.0,23,True,0.41838519261757307,0.3245207852109352,0.41838519261757307,0.8910493849219064
1688,0.2537319752803109,0.023635321176000413,0.07318373344844714,0.17701760902443037,0.10840229657392576,0.12870895973488772,0.0,0.0,0.1629397401891877,0.07238036457280987,17,True,0.24846522243580013,0.2537319752803109,0.24846522243580013,0.4591192752574775
1689,0.05871397744673406,0.074399876755997,0.11776250704189518,0.0,0.10364337181722436,0.2807323531832215,0.219606924790912,0.11217085476615073,0.018070959474760014,0.014899174723105094,16,True,0.2715903727638485,0.2807323531832215,0.2715903727638485,1.0049615634379239
1690,0.14672371338534024,0.1359382365210377,0.17139816680718117,0.10311042787467341,0.13345401154779965,0.08833871090399324,0.016856581268125934,0.031896588239398664,0.12510850427767228,0.04717505917477776,11,True,0.15750874866456122,0.15454158553905523,0.15750874866456122,-0.4548131464498116
1691,0.09945662233549567,0.04894406022256958,0.0,0.20460180400751432,0.018522699544328933,0.02050096864888331,0.0,0.0,0.3448274237481568,0.2631464214930514,17,True,0.37823856279856866,0.3448274237481568,0.37823856279856866,1.107802429352518
1692,0.2315245800961081,0.1165487147604262,0.0,0.048901052406629966,0.15717048025262698,0.0,0.11522227394292002,0.039798316583444314,0.061798497880232534,0.22903608407761192,11,True,0.2557689728165188,0.2315245800961081,0.2557689728165188,0.49559487730351204
1693,0.0,0.6110943724930518,0.0,0.05025809477213601,0.0007030264545819186,0.2858135541090995,0.0,0.0,0.0,0.05213095217113079,1387,True,0.6003080261963366,0.6110943724930518,0.6003080261963366,2.31779090292634
1694,0.22018885090158916,0.005197810075803344,0.0,0.036830240181993414,0.06544673907178719,0.22519700994223665,0.07806144146218781,0.0,0.22927861359193616,0.13979929477246625,16,True,0.2882181412360055,0.22927861359193616,0.2882181412360055,0.4332776517921
1695,0.14981237822387247,0.0,0.0,0.06176917530490901,0.0,0.029989045399943355,0.26984289138118833,0.06298666155168417,0.23563178138645435,0.18996806675194833,69,True,0.30911362130801323,0.26984289138118833,0.30911362130801323,0.6089834419519526
1696,0.0223135819532516,0.08593219405629211,0.06695681684073904,0.245566909862853,0.0,0.0,0.2652611968974165,0.29692665161195986,0.017042648777487845,0.0,39,True,0.3626126740066328,0.29692665161195986,0.3626126740066328,0.8774448839691469
1697,0.047019204934847694,0.07758798164883969,0.008169212435194216,0.0,0.2630992366390552,0.0,0.21358141384211854,0.0,0.09221261153477317,0.2983303389651714,98,True,0.34733243743256426,0.2983303389651714,0.34733243743256426,0.8654463051399047
1698,0.16618892167075855,0.10793766184161104,0.16690407563609214,0.16171069094137844,0.14089780939095245,0.06766826092136506,0.0,0.08669419800032103,0.063529928556639,0.03846845304088225,11,True,0.17532700435067064,0.16690407563609214,0.17532700435067064,-0.295206167335342
1699,0.0,0.1326987784541268,0.10456642288427247,0.03570657066019777,0.0,0.1800170448606065,0.1756158699743619,0.08057253751839057,0.15041362012151116,0.14040915552653277,16,True,0.20468525567178508,0.1800170448606065,0.20468525567178508,-0.48069279776029955
1700,0.11732417669877816,0.05749794416376982,0.01834836019171946,0.09642308978062064,0.06845879683175653,0.02961935822099214,0.29484459868050816,0.20128268090521964,0.11620099452663553,0.0,39,True,0.27059137082174206,0.29484459868050816,0.27059137082174206,1.219751538091535
1701,0.0,0.5725548623273032,0.0,0.08071069548832217,0.0,0.2857479463784782,0.0,0.009940510021416948,0.0,0.05104598578447922,68,True,0.5645260684898074,0.5725548623273032,0.5645260684898074,2.2111039453362697
1702,0.1799541735070491,0.17507402625994292,0.0,0.01211091771166285,0.0,0.0,0.09367708753897444,0.2287361088542984,0.06035728378432145,0.25009040234375085,58,True,0.30077384998560197,0.25009040234375085,0.30077384998560197,0.37313863562188676
1703,0.04977458062683436,0.0,0.026330445399208004,0.0,0.12109943906855875,0.0,0.21971401115769612,0.1594417216797884,0.14397534263143683,0.2796644594364775,98,True,0.30078712379883155,0.2796644594364775,0.30078712379883155,0.5915900542748869
1704,0.08143266502235895,0.0,0.08206953154848463,0.16866530052693443,0.22511952785419378,0.19606723309140686,0.0,0.0,0.147007561972912,0.09963817998370932,16,True,0.24994963981605048,0.22511952785419378,0.24994963981605048,0.06262705857685613
1705,0.21322680807219288,0.10691610879706241,0.0876886464388635,0.0,0.21643594191825807,0.05135497577872185,0.0,0.20306283127189628,0.0,0.12131468772300513,11,True,0.2646122485978429,0.21643594191825807,0.2646122485978429,0.20602449926618366
1706,0.036960644127551866,0.13640244739522936,0.026259728289732,0.12537924414821175,0.12756798603463607,0.0,0.11684195984236083,0.23940003225682868,0.12869434910560718,0.06249360879984227,39,True,0.20996890669956464,0.23940003225682868,0.20996890669956464,0.4531342592803771
1707,0.06402088754908881,0.15423897131208222,0.0,0.22232826863187985,0.0,0.08219924226385845,0.2698217371923196,0.0,0.0724582307858789,0.13493266226489214,52,True,0.2834355256342729,0.2698217371923196,0.2834355256342729,0.635242497575757
1708,0.11874315284683963,0.0,0.0,0.25424567071213194,0.14161674635481677,0.0759466966708742,0.06840124485459491,0.04391864150631296,0.0,0.2971278470544295,576,True,0.31536730311151595,0.2971278470544295,0.31536730311151595,0.9788095424637018
1709,0.2519811903747629,0.0,0.05563312207561646,0.08147487864316645,0.0,0.2461116572571505,0.0,0.10659105093913013,0.1556520420937997,0.1025560586163738,17,True,0.2826758280602466,0.2519811903747629,0.2826758280602466,0.6157354931472662
1710,0.11752456400415134,0.31805819538234376,0.0,0.17678129619796049,0.0,0.09739777652622783,0.2902381678893166,0.0,0.0,0.0,55,True,0.37409783005474684,0.31805819538234376,0.37409783005474684,0.9104754669045462
1711,0.06323300402793926,0.15444150692091993,0.28947494285696324,0.02363317435432045,0.24079272553244882,0.0,0.0,0.0,0.12661603907764538,0.10180860722976284,855,True,0.3107774313839841,0.28947494285696324,0.3107774313839841,0.784380098514939
1712,0.04797658338407161,0.0,0.0025978146431574296,0.1409735160592502,0.0,0.0,0.23546102824585105,0.12608331398604616,0.4469077436816235,0.0,39,True,0.4395992068636313,0.4469077436816235,0.4395992068636313,1.7328697134545714
1713,0.30597761600142365,0.0,0.1238807978897307,0.0687208299754908,0.07877508714526903,0.08137662843949398,0.0,0.0,0.1817222982258606,0.15954674232273125,17,True,0.29154267735863315,0.30597761600142365,0.29154267735863315,0.9780285199971047
1714,0.20520274431156604,0.0,0.09449728492016463,0.026076149943500538,0.0,0.0,0.08523293310369662,0.12586438929453753,0.3305689470231904,0.13255755140334438,1111,True,0.31885999948907656,0.3305689470231904,0.31885999948907656,1.1643981315227956
1715,0.13306141022147647,0.2115308677742966,0.10038733470861494,0.07691626713586075,0.19084427583892039,0.0735555112223806,0.026560574228984214,0.06703965962633447,0.04113507890680483,0.07896902033632679,11,True,0.18276845416781765,0.1849702935453124,0.18276845416781765,0.9196395997877452
1716,0.0,0.16359963210898937,0.23262997473289834,0.11011159361243379,0.03926824400252395,0.0,0.18919409744348809,0.0,0.05211031365904224,0.21308614444062432,1208,True,0.28011372521711164,0.23262997473289834,0.28011372521711164,0.24113693299497302
1717,0.3014713885907821,0.09572853363357427,0.24490720018320117,0.0677595447106217,0.031800091586501246,0.0017203745485329526,0.11980555925043612,0.1306951839341561,0.0,0.006112123562194344,23,True,0.3116183717149605,0.3014713885907821,0.3116183717149605,1.0074734493945556
1718,0.09129325078279693,0.0,0.0,0.11920310779036208,0.3117650937377861,0.0,0.23881318384837036,0.13860676474732522,0.10031859909335925,0.0,39,True,0.32565120229514266,0.3117650937377861,0.32565120229514266,0.8942325835974505
1719,0.06599652340628055,0.011936876012470546,0.0,0.11762865354029346,0.2055369493015034,0.09461468416007535,0.2658829872319472,0.14931903839862445,0.08908428794880507,0.0,39,True,0.2654389849254516,0.2658829872319472,0.2654389849254516,0.6299705859711251
1720,0.06281416804547799,0.08158522562601213,0.1662323613170525,0.2489881658331872,0.0,0.1092489325561717,0.11621772034513156,0.1362596409294226,0.0,0.07865378534754425,23,True,0.22455526915284263,0.2489881658331872,0.22455526915284263,0.5242688354111775
1721,0.15113073028091986,0.005137471310576846,0.32153272825627166,0.15535071775134363,0.0,0.0,0.09920630981653523,0.0,0.043423412804142886,0.22421862978020998,244,True,0.3352394826388718,0.32153272825627166,0.3352394826388718,0.9015004424810787
1722,0.13334250404433443,0.1963073183189284,0.0,0.11219331519927783,0.13114338282598645,0.18387919440787204,0.0,0.052819211452688905,0.0,0.19031507375091195,11,True,0.24274259613058663,0.1963073183189284,0.24274259613058663,-0.21389525368278187
1723,0.09622584195120736,0.09586637092646887,0.15902180380230468,0.14531327738582336,0.0,0.1083305769256048,0.12577754322185752,0.26946458578673343,0.0,0.0,23,True,0.25499083056485466,0.26946458578673343,0.25499083056485466,0.49374489600740423
1724,0.01006473719301329,0.1428098823913102,0.04594362272951698,0.0,0.046535945654318074,0.36368552808946625,0.13607565892649173,0.10969306132019577,0.0,0.14519156369568775,16,True,0.32965023633394547,0.36368552808946625,0.32965023633394547,1.6240827993594051
1725,0.0,0.11780358432388648,0.24316016458766734,0.0,0.0,0.11404461890640291,0.16310056818441274,0.0660520250808281,0.1646782378219556,0.13116080109484687,16,True,0.24758325536818185,0.24316016458766734,0.24758325536818185,0.11252882278566181
1726,0.28852455359037704,0.2206617441846972,0.12326427666462948,0.0,0.09348555431707155,0.1690903478932993,0.06897555473427068,0.035997968615654845,0.0,0.0,11,True,0.3008599022548777,0.28852455359037704,0.3008599022548777,0.7583597906308877
1727,0.1112482779473829,0.012124660080185179,0.07694295426928947,0.16200140155051626,0.06284945532229996,0.06543201871805966,0.05643285612423548,0.12932259896790854,0.08301236789690346,0.2406334091232189,72,True,0.19396843768106337,0.22850874904303373,0.19396843768106337,1.1178219817268458
1728,0.0,0.12692098681247652,0.0,0.0,0.25195895186424605,0.0,0.2804776630358203,0.013735531494649057,0.0402993084668114,0.2866075583259966,98,True,0.37711611124155214,0.2866075583259966,0.37711611124155214,0.7726535497939148
1729,0.13901530975866672,0.20248274617997145,0.0,0.025781861906916698,0.21169731357831872,0.0016055349823732876,0.03881755586135246,0.20578253461165633,0.08248713728117305,0.09233000583957142,11,True,0.25493090350043845,0.21169731357831872,0.25493090350043845,0.25276373716847217
1730,0.1053182651487023,0.08235273443238415,0.09199282718705137,0.14747521703932812,0.2531970498690346,0.05786052246642645,0.09846860904758326,0.1333550138131718,0.0,0.029979760996318005,15,True,0.20957225151682268,0.2531970498690346,0.20957225151682268,0.9433777070954251
1731,0.0,0.004356950202052657,0.0699203746579956,0.01569957503514125,0.07449660671844924,0.003773179565613338,0.4957677630821733,0.14146981289425917,0.07504724774709925,0.11946849009721623,39,True,0.4431957718126619,0.4957677630821733,0.4431957718126619,2.526214184059759
1732,0.1801909590785136,0.14797149221999187,0.15807111679315056,0.14673543122766763,0.0,0.037141933972232734,0.043822987497672765,0.0,0.16347200907413523,0.12259407013663558,17,True,0.21432333111695623,0.1801909590785136,0.21432333111695623,-0.47020483920512757
1733,0.07980163730191489,0.14700861209539517,0.07852669555009043,0.07011731208899832,0.044873293535278455,0.0934299789203493,0.2197389785079736,0.0929139753614777,0.16528727459197107,0.008302242046550994,16,True,0.18469575524869444,0.2114367364614226,0.18469575524869444,0.6635722701897018
1734,0.07441043477365206,0.0,0.252565393172161,0.2516819976936191,0.1581687185897887,0.0,0.0,0.008897365601220852,0.12116543348113899,0.1331106566884192,17,True,0.30027659656412653,0.252565393172161,0.30027659656412653,0.48624768283872427
1735,0.0,0.0,0.053994657526649927,0.18537763741677182,0.0,0.13125896676054774,0.04643252627438015,0.18779372782278966,0.2862485835744733,0.10889390062438732,52,True,0.2927931091198666,0.2862485835744733,0.2927931091198666,0.6782574125319554
1736,0.021759809927975247,0.07227715514490031,0.2537336413312751,0.06355916797268121,0.16043186791017322,0.0,0.025330332125411793,0.19750145441218667,0.0,0.20540657117539635,85,True,0.2858263441396584,0.2537336413312751,0.2858263441396584,0.47970451159733835
1737,0.14759630628709647,0.0,0.02505290846857565,0.13527673378777605,0.017563134993796206,0.23084289469338468,0.09777143875644666,0.0,0.27914373483008986,0.06675284818283439,17,True,0.2936757394981191,0.27914373483008986,0.2936757394981191,0.7584826479880782
1738,0.07085954577527113,0.09801949519967566,0.17346886635581016,0.22746556178384378,0.07318879205173408,0.031594431686183026,0.1332041987627303,0.07135701422352603,0.12084209416122584,0.0,39,True,0.2006333153363106,0.22746556178384378,0.2006333153363106,0.5226437883777592
1739,0.15088831176534276,0.125887037404557,0.03540573295737564,0.0907736364095336,0.28501655566807754,0.17176995052380878,0.0,0.07394035421900806,0.0,0.06631842105229646,11,True,0.2621314740123722,0.28501655566807754,0.2621314740123722,0.942283296600606
1740,0.24440934316558052,0.09572524697830988,0.0,0.09864836709296916,0.14109961060025256,0.06813657748179279,0.1691288003644092,0.0841239458563845,0.04881859555617218,0.04990951290412929,11,True,0.20913643321485145,0.24440934316558052,0.20913643321485145,0.8671134160642417
1741,0.15634059465932568,0.11344084593072871,0.13249213634443113,0.16787965231668073,0.0,0.1739708039752566,0.16286679689265846,0.01925496278701188,0.07375420709390691,0.0,47,True,0.21366052920659812,0.1739708039752566,0.21366052920659812,-0.5240168970415017
1742,0.038750971079133216,0.1744634865090934,0.1036137186156772,0.0,0.0,0.1415844317419957,0.16691847615960656,0.021385640795688866,0.19982245081259084,0.15346082428621413,16,True,0.23349402484132004,0.19982245081259084,0.23349402484132004,-0.23084469151779435
1743,0.16911404778346512,0.0,0.14109022729363044,0.0,0.0,0.16911793242098588,0.09403505926143277,0.09649341613392011,0.1876746705046892,0.1424746466018766,17,True,0.22534699257521473,0.1876746705046892,0.22534699257521473,-0.49809402347835235
1744,0.087012468425107,0.0,0.09038812516348785,0.0009446016815144761,0.2993547395957932,0.08548287522359406,0.1656122852302278,0.18267219639707366,0.05085921855589453,0.037673489727307344,33,True,0.27832565364219336,0.2993547395957932,0.27832565364219336,1.118618045910807
1745,0.0,0.016395421474042046,0.09901056739120603,0.0,0.27439252868474145,0.10890034822946838,0.18119683813563478,0.0,0.10706477332691397,0.21303952275799343,98,True,0.2947939043430082,0.27439252868474145,0.2947939043430082,0.5416244660602663
1746,0.07556839227064842,0.09329793032238956,0.2356638346221169,0.0,0.0,0.11037372732554324,0.1432229092443454,0.05368125837598148,0.0,0.288191947838975,16,True,0.2976305871005385,0.288191947838975,0.2976305871005385,0.8718139879620501
1747,0.0718892065296141,0.0,0.3265451886094054,0.054421181767552756,0.14893398192149862,0.0,0.10814348246917659,0.18818262697391755,0.08114108851214326,0.02074324321669184,23,True,0.3017692603543773,0.3265451886094054,0.3017692603543773,1.3385231030456697
1748,0.05156947197075913,0.03967526651913424,0.21996437705448882,0.17434657806899445,0.08370301095170586,0.0,0.03730246125764258,0.3735052019888361,0.019933632188438712,0.0,23,True,0.3623751466826183,0.3735052019888361,0.3623751466826183,1.5366899198938468
1749,0.0,0.061674430186600335,0.2867203524619741,0.05879395916624224,0.0,0.07096797989109897,0.24308995195694952,0.2341835767682419,0.0,0.04456974956889292,23,True,0.33230500237892685,0.2867203524619741,0.33230500237892685,0.8721758777396034
1750,0.06738828872429058,0.18944615129229367,0.06702336340850672,0.0,0.19088161229836229,0.14275977024885572,0.0,0.2601442925623183,0.0,0.08235652146537277,11,True,0.27603794745468163,0.2601442925623183,0.27603794745468163,0.4591828083777976
1751,0.2529596151106402,0.1259383963784671,0.07430395908580524,0.1887595097747983,0.0,0.10406259159435251,0.0,0.035636602018465136,0.13396221982124645,0.0843771062162251,17,True,0.24117346494000097,0.2529596151106402,0.24117346494000097,0.5472952261664884
1752,0.0,0.2748853798797895,0.13570415776035183,0.08134674843023504,0.03692638261314214,0.2018259093652257,0.0,0.14472944513848357,0.0,0.1245819768127723,25,True,0.2813528401241731,0.2748853798797895,0.2813528401241731,0.5551456121623249
1753,0.03453190982781663,0.22476775962239515,0.047338225485200974,0.1342440658335534,0.2610700752011062,0.21835311840473912,0.0,0.0,0.0,0.07969484562518854,68,True,0.3068587822882805,0.2610700752011062,0.3068587822882805,0.5689602098669526
1754,0.4444441094556224,0.0371361866741432,0.1654524821632521,0.10385489536619913,0.1591364552699813,0.0,0.0,0.023094073319053977,0.06688179775174796,0.0,11,True,0.40914660993935886,0.4444441094556224,0.40914660993935886,2.059365916112923
1755,0.15939638307225684,0.17296286890620766,0.0,0.15372955449927195,0.16326073042429626,0.00996327568067878,0.04873987153412973,0.13868142430802838,0.14650086696003983,0.006765024615090595,11,True,0.22096572573058731,0.17296286890620766,0.22096572573058731,-0.5249804991846342
1756,0.2325493491064468,0.09723082485723003,0.06902262311486437,0.059035713422520265,0.26671934044120205,0.07476659372535184,0.051220820300126736,0.05191785118059548,0.0,0.09753688385166231,11,True,0.251682539225141,0.26671934044120205,0.251682539225141,1.322171292243884
1757,0.03762060648640882,0.11437023355844413,0.02772498356849751,0.11480719090758847,0.10298795364980565,0.0,0.2032931880668495,0.3133766134117528,0.08581923035065316,0.0,39,True,0.2931718049153752,0.3133766134117528,0.2931718049153752,1.2203557666517078
1758,0.10656237244780714,0.05896813910479135,0.2506199482304885,0.0,0.0,0.23474099564094802,0.17563426602719592,0.0929130017081969,0.08056127684057217,0.0,16,True,0.2805651702408302,0.2506199482304885,0.2805651702408302,0.5466494471035278
1759,0.18662975629918369,0.11694509405613464,0.12614724723500423,0.0913529697574346,0.03673382163709988,0.1477555151907368,0.0,0.0,0.2049891404970499,0.08944645532735619,17,True,0.21440055047097534,0.2049891404970499,0.21440055047097534,-0.12023835915747237
1760,0.0,0.3561659950640614,0.01057291474087183,0.08239857129013511,0.0,0.2488489829026762,0.11639884419310162,0.10935602705123393,0.07625866475791988,0.0,25,True,0.3563764287113047,0.3561659950640614,0.3563764287113047,1.3570372790791054
1761,0.283156528306139,0.21226604067568838,0.11550461164636008,0.0,0.18232729312112034,0.112785091619394,0.0,0.0,0.0,0.09396043463129816,11,True,0.3055619230903407,0.283156528306139,0.3055619230903407,0.5419061142516142
1762,0.0,0.12592346351966552,0.0,0.19322298000006968,0.0,0.0,0.19511689737840043,0.348833541437545,0.11786332106685835,0.01903979659746109,729,True,0.35665327454926105,0.348833541437545,0.35665327454926105,1.0390685353085745
1763,0.0837200465845494,0.05036974875801486,0.07734083247501752,0.2751408897601521,0.2614281749271541,0.030286942945774244,0.0,0.0,0.0,0.2217133645493377,214,True,0.3311330200305194,0.2751408897601521,0.3311330200305194,0.8164508137605346
1764,0.06508324017912702,0.03512615054929493,0.0,0.0,0.17512666818620734,0.0,0.31723517202764995,0.1114424956347405,0.2959862734229802,0.0,39,True,0.3698709001451218,0.31723517202764995,0.3698709001451218,1.0293558302146222
1765,0.0,0.14140782209859715,0.0,0.1309918141557693,0.24206288092992753,0.016677732589749528,0.31815901689638126,0.049278748865529604,0.002108233204601274,0.09931375125944439,33,True,0.33098162120216146,0.31815901689638126,0.33098162120216146,1.0035957429934093
1766,0.021109953022882693,0.27300974151446145,0.0,0.10120638802844112,0.0,0.22584404224546534,0.0,0.0,0.18879798661313724,0.19003188857561223,52,True,0.3286107300420127,0.27300974151446145,0.3286107300420127,0.43439321612874937
1767,0.09733949156770443,0.0,0.10982209514714618,0.20982576604151237,0.0,0.12851638508614138,0.0,0.023575917830984068,0.21545156764027423,0.21546877668623743,17,True,0.27473838129859746,0.21546877668623743,0.27473838129859746,0.17736798381950747
1768,0.13822148070464912,0.18716463736292846,0.22929160643215996,0.13021217482070885,0.0,0.08356518847219081,0.15158129114653146,0.023056905261545933,0.03144973834276358,0.02545697745652178,23,True,0.23620843260242416,0.22929160643215996,0.23620843260242416,0.24125753487386795
1769,0.27684785053138994,0.037742346853155945,0.10489707638927512,0.12795071808160133,0.023254117643699695,0.0491148463736054,0.08309350784284449,0.0,0.1927709048134703,0.10432863147095786,17,True,0.251687580617271,0.27684785053138994,0.251687580617271,1.0634728010744834
1770,0.2007773253073031,0.0388072161247196,0.0,0.02469211250509675,0.0,0.10341667360445513,0.0,0.0,0.3496765651148079,0.2826301073436175,17,True,0.39405040407013325,0.3496765651148079,0.39405040407013325,1.1046036884525254
1771,0.13184752792749602,0.13736161767404795,0.1556734842309966,0.046153814135223535,0.121006536736294,0.228697630104537,0.020383973972317868,0.0988627049405316,0.0,0.06001271027855533,560,True,0.2082125045448869,0.228697630104537,0.2082125045448869,0.27967151783686683
1772,0.038996969476840324,0.0,0.03468156491636346,0.0014927403772705286,0.1585439454563664,0.19706128490011124,0.1855017005795691,0.10951102560010034,0.0,0.2742107686933786,16,True,0.29713671400203157,0.2742107686933786,0.29713671400203157,0.5098188740131255
1773,0.1343879370920149,0.04535696584782361,0.05754602668777094,0.20464605974331526,0.11420784599457895,0.09072322255086443,0.3489823237614619,0.0,0.00414961832217012,0.0,39,True,0.32922476178089466,0.3489823237614619,0.32922476178089466,1.4190448342731357
1774,0.0646585547872623,0.0,0.11563517890726634,0.0965517469347073,0.1057892299369796,0.10109950216463057,0.0037224268249079102,0.11111367082713874,0.20935184944260005,0.19207784017450721,17,True,0.2033940301732602,0.20935184944260005,0.2033940301732602,0.06999355270341992
1775,0.030692446752647845,0.0,0.0,0.23426181531850693,0.15929930499390155,0.09443513425476074,0.14538488461164886,0.20560331264491813,0.06250258728762036,0.0678205141359957,39,True,0.24905937034503423,0.23426181531850693,0.24905937034503423,0.3594323244033924
1776,0.18284616679072332,0.21773952993396656,0.04972637935485466,0.03783643014162775,0.11805306372732928,0.07962039071905082,0.0,0.08335244694922737,0.13030384434559025,0.10052174803762977,11,True,0.19762289447682538,0.21773952993396656,0.19762289447682538,0.41500103843431857
1777,0.0928663817574702,0.18498567925152798,0.2961399464282711,0.04404981634090399,0.06128677937536908,0.0291900384621532,0.1415887788485213,0.02291096561018627,0.08795928746662852,0.0390223264589683,16,True,0.25869503494582397,0.2732289808180848,0.25869503494582397,1.5067538488044583
1778,0.0,0.19334997934373113,0.32719817325490647,0.0,0.01358212220620224,0.05206939849717943,0.21300012359807172,0.0,0.20080020309990904,0.0,16,True,0.3647304890118317,0.32719817325490647,0.3647304890118317,0.7924262861147485
1779,0.008602820355254842,0.07673479264964103,0.06440147158340402,0.16272217748619083,0.13813068546556276,0.13619784721504227,0.25261599792286205,0.10714562928310141,0.041624794919878104,0.011823783119062493,15,True,0.2266841129029682,0.2440131775676072,0.2266841129029682,0.7079288554464916
1780,0.1887638688765731,0.1874122348920769,0.06773276186289853,0.07236166941815704,0.05760536434037279,0.12707207784948887,0.0,0.003653161797740735,0.2389370589443093,0.056461802018382655,17,True,0.24563585242400462,0.2389370589443093,0.24563585242400462,0.4962494367442442
1781,0.0,0.12361871118724246,0.09047161873484413,0.0,0.09799533074354927,0.11172083029598331,0.19768288874851672,0.08373690270093465,0.2947737175889295,0.0,16,True,0.2802378744580425,0.2947737175889295,0.2802378744580425,0.9083269068949744
1782,0.2597215215471121,0.048235435802861756,0.13743689336010267,0.1354539463945046,0.10906230746297957,0.16057433669715634,0.058473991003277666,0.07705970410858481,0.013981863623420477,0.0,11,True,0.23291672314065334,0.2597215215471121,0.23291672314065334,0.7525786628812571
1783,0.0,0.17707353589452404,0.29260106017487375,0.08822474095536217,0.10210507873796043,0.02087584061539773,0.0730003082427772,0.05959068834571651,0.09286415526368863,0.09366459176969959,47,True,0.24878137489983945,0.29260106017487375,0.24878137489983945,1.4659251455677567
1784,0.12375645279819115,0.019976121260840484,0.26960606251632036,0.0,0.14600471848882227,0.1326202781728868,0.13857629840818975,0.05793309961599513,0.034629127968931014,0.0768978407698231,16,True,0.23870429177040156,0.26960606251632036,0.23870429177040156,0.8831590484304039
1785,0.31825358087254574,0.0,0.037483463791993195,0.3505486102772869,0.0,0.0,0.0,0.210479833038262,0.034491315133100914,0.0487431968868115,1026,True,0.4164636720550219,0.3505486102772869,0.4164636720550219,1.184350342867383
1786,0.1859377313719629,0.12353110585507396,0.15610602656385547,0.0,0.0991326623677041,0.19559285680351476,0.16388783590744885,0.0,0.07581178113044001,0.0,16,True,0.23429119677945848,0.19559285680351476,0.23429119677945848,-0.3077774880959297
1787,0.21093185422241392,0.0,0.43797750447446726,0.0867244425505528,0.0,0.0,0.02107422873261435,0.14609707402243985,0.05627555827448674,0.0409193377230251,1717,True,0.4128770752905528,0.43797750447446726,0.4128770752905528,1.9333404445365092
1788,0.06966285912562241,0.2202228146738679,0.0,0.2865787414266968,0.0,0.2942411486472061,0.0,0.09368865555866493,0.0,0.035605780567941954,68,True,0.36345779181304727,0.2942411486472061,0.36345779181304727,0.8799279210208567
1789,0.022169211421944546,0.391329604184439,0.0,0.0658702931089591,0.2770674709513228,0.0,0.11050048757055668,0.04553911669700007,0.08752381606577773,0.0,33,True,0.3958284973336719,0.391329604184439,0.3958284973336719,1.6086354010774628
1790,0.0,0.0,0.0,0.1674303518457273,0.03849150630617326,0.10334816771055416,0.25767231709232125,0.3463553496493042,0.006186698663351813,0.08051560873256788,39,True,0.36479234128799315,0.3463553496493042,0.36479234128799315,1.167409681425942
1791,0.0,0.12195857845587439,0.04942646659561702,0.040979939312587484,0.17983427156051504,0.00766513390674197,0.3069906275014226,0.14765766571725006,0.1454873169499914,0.0,39,True,0.2976708524574915,0.3069906275014226,0.2976708524574915,0.9196072526176381
1792,0.05293359817639779,0.34254523819684873,0.08307055417489947,0.017801826842645148,0.0,0.035598879165910736,0.0,0.18513692609956628,0.07132982619446672,0.21158315114926518,25,True,0.3357903566151768,0.34254523819684873,0.3357903566151768,1.3192349787001953
1793,0.17846363687156552,0.07180954813762017,0.07421441745845507,0.03711361222466082,0.06790097995557455,0.0,0.5704978053521238,0.0,0.0,0.0,1773,True,0.5234208343682286,0.5704978053521238,0.5234208343682286,2.623276663049462
1794,0.0,0.16061115387160202,0.09884543708741447,0.13600331938828072,0.1682446737465796,0.0,0.10050569595207952,0.16687402429611511,0.08141465698937066,0.08750103866855792,47,True,0.1860178737488921,0.1682446737465796,0.1860178737488921,-0.6537473964455903
1795,0.1012797710761169,0.0,0.2634626947926325,0.0,0.32354103985758154,0.08336325087746622,0.027134277354189777,0.09552011327672644,0.08726514010583054,0.018433712659456095,15,True,0.3303237610794073,0.32354103985758154,0.3303237610794073,1.311137733364414
1796,0.0,0.0,0.1653409420643105,0.0,0.12173476149519227,0.23178751830179517,0.0,0.0028624645859589167,0.31317869500571743,0.16509561854702556,315,True,0.3481782372462775,0.31317869500571743,0.3481782372462775,0.6774624075258302
1797,0.040515870451655486,0.11260630618749617,0.07499394191667275,0.0,0.054594433126004975,0.07055244430132304,0.32190712855523484,0.06992282839578157,0.004874127320179421,0.2500329197456518,731,True,0.31457531088803065,0.32190712855523484,0.31457531088803065,1.4543973943370547
1798,0.0,0.2619423547337377,0.057272973106130345,0.19255634628004395,0.018951653053334162,0.37471177910856307,0.0,0.09456489371819073,0.0,0.0,25,True,0.3983497694547874,0.37471177910856307,0.3983497694547874,1.2553691728938303
1799,0.11086652452665735,0.09525579472893016,0.062038156178717184,0.14835167570725574,0.058832737106584154,0.16857225376547594,0.02907414551897244,0.04712286354554427,0.07067360405108306,0.2092122448707798,17,True,0.1758701020984547,0.18013809935180736,0.1758701020984547,0.7479241536894663
1800,0.10554166952259796,0.0,0.0,0.047235935354876045,0.3513994497790522,0.02758668195026733,0.0,0.09674904881879473,0.13781210191162793,0.23367511266278376,17,True,0.3472311738296553,0.3513994497790522,0.3472311738296553,1.3261312867099604
1801,0.04544138083063738,0.1714820222458808,0.12988155470237653,0.07064282857742206,0.056668107412261616,0.15071637738555485,0.03340894573544785,0.2225796330577408,0.06457536382029146,0.05460378623238668,53,True,0.19252722697654395,0.18917068732229297,0.19252722697654395,0.8732780451549973
1802,0.16793883151168298,0.15772896222776872,0.0,0.0,0.31459117849495305,0.07806397133237089,0.0,0.11016648140681329,0.0,0.17151057502641115,11,True,0.3157467352696317,0.31459117849495305,0.3157467352696317,0.8033943677134802
1803,0.06885024212609883,0.0,0.05722064196823952,0.23872663819876555,0.18504918505205517,0.013430310509648935,0.2700132952392294,0.1667096869059625,0.0,0.0,39,True,0.3164298325645211,0.2700132952392294,0.3164298325645211,0.5608678778057383
1804,0.120061184722016,0.043474951692323946,0.0,0.1780435941531447,0.1395315768563392,0.011133449055735736,0.15861724525626425,0.16050224341215752,0.1886357548520186,0.0,39,True,0.23259652660772692,0.1886357548520186,0.23259652660772692,-0.3629621361032485
1805,0.03916995823430757,0.07997644257823094,0.23319275545275364,0.0,0.021920115430991507,0.07270320251052154,0.18537672734271235,0.14131267040592627,0.10777022488091867,0.11857790316363769,106,True,0.21928193645192293,0.23319275545275364,0.21928193645192293,0.47412769389836457
1806,0.30139973075511034,0.0,0.08070192058712547,0.18711904259412743,0.07711355086312799,0.06159217177412653,0.033942137769638774,0.05883974638264952,0.0,0.19929169927409385,137,True,0.2940061138954832,0.30139973075511034,0.2940061138954832,1.0883036466531932
1807,0.0,0.2594502292933446,0.03764029396965309,0.0,0.12647549115703194,0.008425922671173168,0.34918180780770475,0.0,0.09884577838793904,0.11998047671315346,1272,True,0.36178998997768586,0.34918180780770475,0.36178998997768586,1.2307560149765695
1808,0.012938643204109306,0.3783354287314485,0.0,0.26224993260264867,0.0,0.08442180655456029,0.0,0.0,0.19899260939725477,0.06306157950997834,234,True,0.4034625076737903,0.3783354287314485,0.4034625076737903,1.2613003578274602
1809,0.09840093817299275,0.03672862487591651,0.06334872352022569,0.1547439313756627,0.0901881186459243,0.04604587764439673,0.10017137143980544,0.13192330315682307,0.10842225050268599,0.17002686066556674,40,True,0.13170869563004023,0.13329823578965022,0.13170869563004023,0.1313847433824178
1810,0.09163509123553752,0.2463967797205293,0.0,0.053948508782159545,0.16664540189003377,0.021221708488771064,0.01030738051613805,0.26942843993904525,0.06303307874819816,0.07738361067958724,11,True,0.2879221666420684,0.26942843993904525,0.2879221666420684,0.9311033948679166
1811,0.0,0.061283923552623853,0.25271071994756594,0.10005765804780538,0.03406579566259178,0.18630123638361035,0.17675082337975026,0.18882984302605235,0.0,0.0,23,True,0.2835421564622853,0.25271071994756594,0.2835421564622853,0.33105619892270544
1812,0.3224437320915296,0.18669787757257858,0.11450768980087049,0.04608813884640165,0.01411281058839618,0.0075565298100964415,0.0,0.05752195486633707,0.14579460911893205,0.10527665730485784,17,True,0.2999441212953234,0.3224437320915296,0.2999441212953234,1.2647052704823958
1813,0.0,0.032847244096904156,0.36392749830769167,0.14356531271534315,0.09134868932103199,0.0,0.10715545783608021,0.21489728897056842,0.018818381516107385,0.02744012723627316,23,True,0.34820680140050364,0.36392749830769167,0.34820680140050364,1.4890017150887276
1814,0.0,0.15673615801153873,0.0,0.0,0.0,0.38482480716833933,0.1767784121210732,0.10978477989998274,0.011489812177598289,0.1603860306214677,25,True,0.3765837953663037,0.38482480716833933,0.3765837953663037,1.3530548422921962
1815,0.2147821115738113,0.06570330866634264,0.16419296101004588,0.0,0.15060127106720822,0.09486956790447992,0.0,0.07354172682272563,0.0,0.23630905295538637,11,True,0.26521489498374284,0.23630905295538637,0.26521489498374284,0.27740202731470065
1816,0.10109983422274486,0.0,0.11820974012700948,0.08622731716109844,0.12632643566679652,0.17048805814257137,0.14823594565116807,0.0,0.18395341542170066,0.06545925360691067,16,True,0.19170833105069537,0.18395341542170066,0.19170833105069537,-0.5138051747149645
1817,0.14258825803510086,0.0,0.0,0.0,0.030829866588198106,0.0,0.4238213941452042,0.23570204800416394,0.009986260551728245,0.15707217267560467,39,True,0.42571506245458857,0.4238213941452042,0.42571506245458857,1.5387049732779923
1818,0.0,0.2834904893168453,0.14835235066824248,0.0,0.04113665989731426,0.25474912397549165,0.0,0.12629747026515967,0.1459739058769466,0.0,237,True,0.32592031330991916,0.2834904893168453,0.32592031330991916,0.639955386300273
1819,0.0,0.032530536367562604,0.11451162729792971,0.1863598454587351,0.21400948424666813,0.027279408779378293,0.051585783585277274,0.08555874453282318,0.13947061026002372,0.14869395947160197,15,True,0.21676877684954546,0.21400948424666813,0.21676877684954546,0.18327408104722231
1820,0.10154067597312703,0.15541430476607154,0.027269138806659585,0.14322457348987705,0.14669027669491866,0.19960539118520126,0.021123492273519607,0.0038063828296363406,0.07887523546630104,0.12245052851468789,17,True,0.19686917999552403,0.19579900835556494,0.19686917999552403,-0.20777115355155018
1821,0.12926368295956597,0.19979534008603608,0.23458785526574769,0.02138926698390166,0.2966830704606595,0.0,0.0760202106379358,0.03077085394850799,0.0,0.011489719657645319,11,True,0.32710092642270283,0.2966830704606595,0.32710092642270283,0.8079649627958659
1822,0.08451537983568426,0.3398050835002489,0.050686687381978845,0.07109727027641678,0.17219321279219577,0.03891002186433839,0.06499011694197904,0.177802227407158,0.0,0.0,1345,True,0.3118271091873796,0.3398050835002489,0.3118271091873796,1.5111972223107426
1823,0.0,0.0724346163035611,0.17652329743090645,0.32149168798715616,0.061963822993368514,0.0,0.0007271522999548745,0.16368787579515587,0.19116808162859314,0.012003465561303838,52,True,0.32724186320143156,0.32149168798715616,0.32724186320143156,0.9197027894073105
1824,0.16324302484247225,0.00020796802531846428,0.15174541686228452,0.1177985849193245,0.08918355860285787,0.06488196143316874,0.03369472601646687,0.0862947566795275,0.20399898185786158,0.08895102076071766,17,True,0.18391539056786235,0.2037910138325431,0.18391539056786235,0.11344646946636282
1825,0.0,0.19315727420579282,0.0,0.0,0.0,0.30559926782775637,0.0,0.0,0.19117016147953353,0.3100732964869173,16,True,0.40421791760119596,0.3100732964869173,0.40421791760119596,0.7680922307207951
1826,0.1421557846333296,0.20733684585583784,0.1494566679081402,0.14648607649413137,0.0,0.07943364523484678,0.11552709275690878,0.14810881491970115,0.0,0.0114950721971044,11,True,0.2207189884013323,0.20733684585583784,0.2207189884013323,-0.367542989298806
1827,0.22620440095057803,0.18514342975522252,0.032512577682404856,0.1591186193675474,0.03335123723776562,0.10928317646507528,0.0,0.1316677035399827,0.09928320652811376,0.023435648473309756,68,True,0.22939095423506492,0.22620440095057803,0.22939095423506492,0.25297516145326077
1828,0.009092290586087752,0.06401238344227876,0.15152251147280718,0.2719326132385936,0.0,0.0,0.004693710002705823,0.16175968267913904,0.0,0.33698680857838786,23,True,0.3752799056940739,0.33698680857838786,0.3752799056940739,1.000499608095589
1829,0.0,0.0,0.0938923713380782,0.0,0.16907856188943893,0.18726880303874313,0.2692490861313262,0.1477895035443248,0.13272167405808874,0.0,39,True,0.2905594475883822,0.2692490861313262,0.2905594475883822,0.3036625145578214
1830,0.09064601097442282,0.0,0.2575673808467678,0.11329285761528436,0.34282928347180625,0.11110564085489068,0.0005075851009389597,0.08405124113588917,0.0,0.0,15,True,0.3526105165521334,0.34282928347180625,0.3526105165521334,1.2184233469870411
1831,0.17946212774269327,0.0005270053323677021,0.15986261680624342,0.11431966170862506,0.04771505804023196,0.11177825512185553,0.1417041323939353,0.10365920882294599,0.08009802033345238,0.06087391369764944,17,True,0.16294078174988239,0.17893512241032555,0.16294078174988239,-0.34809928531563444
1832,0.08476855058349897,0.23746166986566955,0.1702248338112292,0.0,0.0,0.0,0.19545725053347737,0.13256591998031322,0.16408023814095787,0.015441537084853697,1617,True,0.27475129010024646,0.23746166986566955,0.27475129010024646,0.09096279797272847
1833,0.04542250387790883,0.08857101334483727,0.0,0.0651314281743043,0.2619675332227422,0.0,0.1803350056821496,0.0009046698925664712,0.06074471788072163,0.29692312792476966,98,True,0.32734067423914204,0.29692312792476966,0.32734067423914204,0.9797317540460513
1834,0.13105372727407746,0.11372245105273084,0.0,0.19579278778836035,0.12249233510905462,0.12797762575377872,0.0,0.16422202496040714,0.08841522566179588,0.05632382239979508,1600,True,0.19438064330199303,0.19579278778836035,0.19438064330199303,-0.44684895623067267
1835,0.0,0.07552958473275978,0.056613567096705585,0.08698035254748188,0.19462783756083468,0.0,0.2913303962311605,0.14717301309723813,0.10797944790153972,0.03976580083227968,1662,True,0.2722674542972147,0.2913303962311605,0.2722674542972147,1.0478790947946153
1836,0.140691397501716,0.0,0.0,0.15988108338019558,0.05641893861331598,0.0,0.25197154400912797,0.17853859906639416,0.1215468241785159,0.0909516132507343,39,True,0.2587482242563083,0.25197154400912797,0.2587482242563083,0.2603861077661435
1837,0.029588229849122422,0.14895516973419518,0.0,0.20834124707281687,0.036272207824683614,0.2723134037175836,0.0,0.0,0.056074819669703506,0.24845492213189466,17,True,0.3268236187996398,0.2723134037175836,0.3268236187996398,0.6536010828376639
1838,0.186887563751546,0.08020153944405552,0.181215250649406,0.0417077014710389,0.0412732405631155,0.08847234761374742,0.01367704001616244,0.20592093616511467,0.0,0.1606443803258136,11,True,0.23208984214730952,0.20592093616511467,0.23208984214730952,0.16493964294502417
1839,0.09181509297231666,0.0993927706555679,0.0,0.16596832132360126,0.0,0.40377733295217644,0.14580929980636273,0.0,0.027952183688026072,0.06528499860194897,1052,True,0.3676878567079144,0.40377733295217644,0.3676878567079144,1.8859347315318642
1840,0.1799933461821843,0.13162336763343352,0.0,0.11875268803955337,0.16637362109188586,0.04727195919090759,0.042256050580364746,0.2516057591668969,0.0,0.062123208114773745,11,True,0.250379035180046,0.2516057591668969,0.250379035180046,0.4619535436187924
1841,0.13161042083979038,0.20245361088509392,0.07820038623682606,0.046915473731504544,0.0,0.029281092681708105,0.06240086215105471,0.23385537291821962,0.18241847151577525,0.03286430904002746,16,True,0.24580739717197167,0.23385537291821962,0.24580739717197167,0.5544240237348247
1842,0.0,0.022832774265191813,0.3234839464701778,0.1919907900660224,0.03465086998601341,0.07806035186135579,0.019243239344740787,0.1555457720084748,0.0044835890009221405,0.1697086669971012,16,True,0.32047416069427714,0.3234839464701778,0.32047416069427714,1.0599525423040603
1843,0.18810971874699917,0.14168081491987122,0.0,0.21326704161410667,0.12223911372926667,0.12024063115697561,0.0,0.0,0.15405699689839647,0.060405682934384086,11,True,0.24025853943769282,0.21326704161410667,0.24025853943769282,-0.18257757246316034
1844,0.05278240686556622,0.11691559540308605,0.14512747909985327,0.014505359179106425,0.18426283437175445,0.0,0.2633177290570117,0.10689338045123975,0.1034466120305104,0.012748603541871906,39,True,0.2516079715378274,0.2633177290570117,0.2516079715378274,0.6255577030309257
1845,0.11577839400400293,0.0,0.2019928738202905,0.037294658625925695,0.0,0.1530023672601616,0.04039280281635861,0.0,0.2606074899232329,0.19093141355002782,17,True,0.29156306443928137,0.2606074899232329,0.29156306443928137,0.40096614417437193
1846,0.0,0.14334374376543016,0.08387017793793582,0.12169395969071188,0.13546275466530527,0.12829347010195072,0.05462251926155987,0.08568708093569934,0.0641939089354096,0.18283238470599733,85,True,0.15835044083613334,0.18283238470599733,0.15835044083613334,-0.3959611600734606
1847,0.19094864076611065,0.1994265450313776,0.025361613399789602,0.09164721644530431,0.022994022029745664,0.033508106074826564,0.0,0.18184401101010791,0.0476558172306546,0.20661402801208323,11,True,0.25486064827540567,0.20661402801208323,0.25486064827540567,0.2683993666670576
1848,0.05916403331140637,0.23592540923250938,0.0713803002438828,0.046912826209764384,0.08474401783709895,0.035767535162100544,0.10061072348355163,0.11748602122709305,0.1993962114187865,0.04861292187380645,25,True,0.2023994945170865,0.20015787407040883,0.2023994945170865,1.2904565397229657
1849,0.0,0.0,0.2551602811674864,0.21688084803302865,0.19530643874852702,0.0,0.13852686397369765,0.1187550945374127,0.0,0.0753704735398476,23,True,0.2987672156516283,0.2551602811674864,0.2987672156516283,0.315921050819785
1850,0.10702359661731728,0.0,0.0,0.059331456007363066,0.16196845104664437,0.0,0.1524823514683186,0.31310220438664743,0.1310184995443209,0.07507344092938838,39,True,0.2920509847547488,0.31310220438664743,0.2920509847547488,1.054913560638835
1851,0.0,0.027002467097661506,0.16528960420004604,0.0,0.02609158463799412,0.17383230118902251,0.08949054218886944,0.21802118455478542,0.15046516530714837,0.14980715082447263,16,True,0.24407369517533883,0.21802118455478542,0.24407369517533883,-0.05598574327057973
1852,0.21141699852615278,0.28214684320553113,0.0,0.0,0.0,0.16689968205790018,0.0,0.2717418890003595,0.0677945872100565,0.0,68,True,0.36138518586149554,0.28214684320553113,0.36138518586149554,0.6163993305503613
1853,0.0,0.21213308668175937,0.15523900168053859,0.04698053268908526,0.22941136880001425,0.06405155597050968,0.024868869885143433,0.12195259044117221,0.0,0.14536299385177734,11,True,0.25428377357357884,0.22941136880001425,0.25428377357357884,0.2805593876355499
1854,0.0,0.08581412788337078,0.05369220747258595,0.13810617836967562,0.16811325872225727,0.05985176158437598,0.0,0.19062732002370839,0.25273546307775535,0.05105968286627072,261,True,0.2529537822715088,0.25273546307775535,0.2529537822715088,0.5548122331837365
1855,0.11023891208690709,0.0,0.06170472646221691,0.11420825908005364,0.0,0.11333936539124885,0.16703459246533217,0.0,0.12548370047174087,0.30799044404250037,17,True,0.2834682645039957,0.30799044404250037,0.2834682645039957,1.0315277636629139
1856,0.19433545994654272,0.04867830171702505,0.09479662737042063,0.04002505593453244,0.20001779678088255,0.0,0.1387832538651914,0.14110498516274808,0.09421318118636947,0.04804533803628776,53,True,0.2026999239037885,0.20001779678088255,0.2026999239037885,0.21448380779891799
1857,0.03538259051367976,0.23557077023302364,0.038362945601627375,0.06681316563011475,0.007522025257123956,0.3716479602077702,0.0,0.07068088193465429,0.1716845713650116,0.0023350892569943167,68,True,0.36788156945495504,0.3716479602077702,0.36788156945495504,1.4775800180636076
1858,0.0,0.0,0.07215599495612147,0.1708948647736575,0.20430456352883988,0.06449583959871796,0.043670393034321776,0.10675622819818817,0.09293010864560024,0.24479200726455294,133,True,0.24934862706406793,0.24479200726455294,0.24934862706406793,0.5518627650456133
1859,0.11777084314834944,0.12025152508659229,0.22918953879506904,0.047715302983182835,0.14015706249534468,0.06652476410701202,0.0,0.09198244065059555,0.10390956603092882,0.08249895670292536,11,True,0.18239678499925058,0.22918953879506904,0.18239678499925058,0.6480104410711964
1860,0.200818667148386,0.0,0.14937208570493174,0.11640687678388986,0.1926242229645521,0.030268483039202414,0.08852431362963553,0.1963912210867441,0.025594129642658288,0.0,1125,True,0.24753204976239554,0.200818667148386,0.24753204976239554,0.02157565967925297
1861,0.05337236459249028,0.0,0.18079234947448147,0.17992694172632565,0.06097000361835498,0.07094597441942983,0.08388047454045275,0.16870294028243746,0.0,0.20140895134602757,133,True,0.22961063056532824,0.20140895134602757,0.22961063056532824,0.06677932217486827
1862,0.20680584287942935,0.05468811928926069,0.13266316192656397,0.05145662989723664,0.17104255597953744,0.029075688400936554,0.07197177406883387,0.16318973333289993,0.0,0.11910649422530159,17,True,0.20519473735874455,0.20680584287942935,0.20519473735874455,0.12364479160757792
1863,0.2463929950393007,0.36952303999499886,0.0,0.0,0.005363049403442842,0.0,0.0,0.17324552139708313,0.016979798602651718,0.18849559556252268,58,True,0.40387926560011733,0.36952303999499886,0.40387926560011733,1.0463559063681598
1864,0.0,0.12768640990403413,0.23569991939302057,0.17005190473910797,0.06325594993047924,0.0,0.0,0.2246307923368348,0.04510528930506177,0.13356973439146155,23,True,0.2740649388696709,0.23569991939302057,0.2740649388696709,0.29556631598934807
1865,0.14664732726435187,0.02987985623770362,0.2011938195113268,0.0,0.0871894640360355,0.18060465129526337,0.07576703219444676,0.0528660663912293,0.2258517830696428,0.0,337,True,0.25028330383680825,0.2258517830696428,0.25028330383680825,0.2843811635844253
1866,0.12129254941529574,0.08677398703839341,0.06620030076902665,0.0,0.14852639362462397,0.1695823176938211,0.0,0.13920566086228142,0.11993333380244668,0.1484854567941111,11,True,0.18235265482598562,0.1695823176938211,0.18235265482598562,-0.8645382958656582
1867,0.0,0.04621868894580353,0.0,0.0,0.0,0.008120538698522115,0.6349891009607407,0.07536834740970821,0.19896884806046497,0.03633447592476045,69,True,0.5932979463356154,0.6349891009607407,0.5932979463356154,2.6734200896683133
1868,0.2300881466880811,0.22673826676663042,0.0,0.0,0.2389099532588046,0.0,0.02141040059906426,0.0,0.07190324444126302,0.21094998824615663,11,True,0.33400170955380126,0.2389099532588046,0.33400170955380126,0.3800120427447025
1869,0.1258332467773336,0.031148700885214892,0.0,0.0,0.2523171252815949,0.03168346589349072,0.3330749281590993,0.14671181370572142,0.07923071929754519,0.0,39,True,0.34671716457679425,0.3330749281590993,0.34671716457679425,1.1390715375018634
1870,0.0,0.191103734539298,0.11852222560846153,0.0,0.011479777366205778,0.07991655141123316,0.08634373603200023,0.2032495436983977,0.21015010682262328,0.09923432452178038,16,True,0.24466861695427156,0.21015010682262328,0.24466861695427156,0.1268320080447017
1871,0.018176253484815434,0.022977987450922777,0.16705579860616754,0.0,0.1316348396701297,0.06051582873333818,0.31086230058956954,0.14157784743871146,0.05629490299076882,0.09090424103557647,16,True,0.27904883881224113,0.31086230058956954,0.27904883881224113,1.3167972197819007
1872,0.14095701716434367,0.0,0.0624468535652278,0.13049460001094393,0.06044495490579594,0.015836147636535892,0.13839956684453691,0.23838155138242262,0.0,0.2130393084901932,23,True,0.25703629722247,0.23838155138242262,0.25703629722247,0.33940591663907027
1873,0.15885055254860264,0.16356723860645744,0.005742877152743361,0.05277370780883585,0.24631151052003586,0.04719877928393123,0.0,0.1507045046449557,0.07263675637021239,0.10221407306422568,11,True,0.2369357133769051,0.24631151052003586,0.2369357133769051,0.45466913344500104
1874,0.0,0.025753053099338372,0.04116984657530814,0.16976534816459105,0.10796520722348076,0.0,0.415280673384472,0.07516040037300492,0.04652067920206347,0.11838479197774121,39,True,0.37029878673194566,0.415280673384472,0.37029878673194566,2.134721941586291
1875,0.0857071645246013,0.13793704944164106,0.0,0.11949619696069136,0.019289122624620927,0.27353048107941447,0.0,0.0,0.2510056433954605,0.11303434197357048,17,True,0.30269337382987405,0.27353048107941447,0.30269337382987405,0.7037044090523432
1876,0.0,0.05134711499216512,0.06399128743455612,0.18350722977985656,0.083400775408083,0.0,0.18850004319002764,0.30426565478759415,0.12498789440771746,0.0,39,True,0.301817548396606,0.30426565478759415,0.301817548396606,0.906689233906662
1877,0.027123693503537508,0.2506711762587465,0.031096961465329604,0.018741256653977613,0.14344069856777084,0.09581883791132481,0.0,0.04854329621476196,0.12439464545668318,0.260169433967868,85,True,0.28313439665766427,0.260169433967868,0.28313439665766427,0.8655673033112324
1878,0.0,0.19329459873454596,0.0,0.13394064076263645,0.06753446963611888,0.20176459588766624,0.0,0.09651437986552697,0.14301871102501873,0.16393260408848678,201,True,0.23919872449057394,0.20176459588766624,0.23919872449057394,-0.21600518825719736
1879,0.13505155398736712,0.0,0.2689701402164494,0.08337401368379349,0.0794599758951786,0.2094810103918017,0.0,0.1379595035080732,0.08570380231733658,0.0,17,True,0.27223010954719945,0.2689701402164494,0.27223010954719945,0.5981628420034163
1880,0.0,0.0,0.28038138412320296,0.11732556704975435,0.15435812698802362,0.03878489371975698,0.10034047983713362,0.1479230246921687,0.16088652358995978,0.0,23,True,0.2748519877959445,0.28038138412320296,0.2748519877959445,0.5673506330859032
1881,0.147499151028083,0.0,0.08338747366842691,0.10712369005979497,0.14165854129279157,0.06754642447869427,0.15613774995098004,0.0,0.27879090408769924,0.017856065433529824,17,True,0.2593006388469769,0.27879090408769924,0.2593006388469769,0.748289902737893
1882,0.11800535851064656,0.0,0.07914988120439917,0.27157818777594483,0.20954896113445645,0.0,0.232611824199803,0.07791566140961488,0.0,0.011190125765135065,33,True,0.31330460814547617,0.27157818777594483,0.31330460814547617,0.6076588919716494
1883,0.14980142489432802,0.2503234987392112,0.027420911384334806,0.0,0.09722151522304842,0.05610490070608558,0.06265406770854005,0.08775319110650208,0.07039178770367531,0.1983287025342744,72,True,0.23317256052741756,0.2503234987392112,0.23317256052741756,0.8650065756513861
1884,0.05761708884837219,0.19838869751565325,0.10489859659907022,0.0,0.0,0.08318112510558584,0.1936736789677238,0.0,0.2069587749009879,0.15528203806260674,69,True,0.2550579525321486,0.2069587749009879,0.2550579525321486,0.019481876129119502
1885,0.2257722038355516,0.05171427061432689,0.0009672336964975791,0.00109722759702545,0.36657623879842816,0.09412172120933603,0.12727406349669496,0.023146787447562107,0.0,0.10933025330457728,498,True,0.35436449569632905,0.36657623879842816,0.35436449569632905,1.4704456305491738
1886,0.0498128537338732,0.07311013989670392,0.0,0.34253009202829726,0.10152302270705668,0.0,0.22097846792713233,0.21204542370693655,0.0,0.0,39,True,0.3595204389736363,0.34253009202829726,0.3595204389736363,1.073054294956959
1887,0.05218710519686842,0.08111175491925146,0.0,0.2542025938553488,0.030890444190011968,0.09629082399077774,0.0001359377666810717,0.009704873200103168,0.31838775951255116,0.15708870736840616,17,True,0.3320986934900252,0.31838775951255116,0.3320986934900252,1.135440449689021
1888,0.2664756945368,0.0,0.07826892013657032,0.16943610314351423,0.04543545224742668,0.23966445959272392,0.0,0.0,0.10227262775725517,0.09844674258570968,17,True,0.2924017744706519,0.2664756945368,0.2924017744706519,0.6750179254178448
1889,0.11559770323695827,0.0,0.043738879268573665,0.0,0.03610918166097479,0.0,0.4302905668600514,0.17257405362922215,0.20168961534421986,0.0,39,True,0.4149581525961641,0.4302905668600514,0.4149581525961641,1.7335498396605016
1890,0.08130868435598715,0.0,0.06258667883644413,0.2309905693098492,0.08551701823490457,0.13000173719223276,0.0,0.12190438718553205,0.11631212781783963,0.1713787970672104,17,True,0.2141455871297633,0.2309905693098492,0.2141455871297633,0.2257528169219271
1891,0.24652223246026342,0.10479946867281698,0.05082286243146221,0.05284754339653667,0.03237802006339328,0.0,0.05669819996333946,0.17695676807364297,0.12256809220255889,0.156406812735986,17,True,0.22846162488666505,0.24652223246026342,0.22846162488666505,0.6850342627120676
1892,0.2446918403208256,0.0,0.14366081922663682,0.17910605950971947,0.19956995062274516,0.07797965897989126,0.0,0.0,0.08652362656026089,0.06846804477992102,17,True,0.2658471586623972,0.2446918403208256,0.2658471586623972,0.3093945823741169
1893,0.0,0.0,0.0,0.07079163312991109,0.13076672152869623,0.10472561190421241,0.34400871924813103,0.231962268139349,0.11774504604970033,0.0,39,True,0.34509597679140214,0.34400871924813103,0.34509597679140214,1.1712490915504714
1894,0.16218725405152853,0.19484704969424432,0.16528434547516296,0.03265333670654779,0.17199369860930497,0.11828103804073231,0.0,0.1339484921084986,0.0,0.020804785313980556,11,True,0.23367179410436661,0.19484704969424432,0.23367179410436661,-0.29737511218028184
1895,0.027490042210496807,0.08959464840848508,0.07142569031718987,0.10936847751549747,0.0,0.0,0.16378819934068814,0.363219645072138,0.02175214543729233,0.15336115169821238,23,True,0.3295358554792514,0.363219645072138,0.3295358554792514,1.651984717705595
1896,0.1711646788612943,0.13019244088916546,0.06214335879729281,0.035480020830946195,0.1658003608539944,0.09508368370987118,0.051679285254370474,0.17858355912061577,0.0,0.10987261168244948,11,True,0.18583202456198786,0.17858355912061577,0.18583202456198786,-0.16169472559972817
1897,0.0,0.29137027121519876,0.0010001927488330015,0.11655583962301969,0.04628238458000745,0.15700859558051128,0.0,0.17069479762185355,0.02886952755460932,0.18821839107596697,25,True,0.30111955032507304,0.29137027121519876,0.30111955032507304,0.6527995081849786
1898,0.0809491402665905,0.0,0.14096356616256953,0.19744422157604263,0.18369034417580185,0.0,0.0,0.068577117423264,0.32837561039573154,0.0,6,True,0.3341903888642171,0.32837561039573154,0.3341903888642171,0.9497979577683652
1899,0.17882693949397666,0.22241414082027003,0.0,0.2549348496722509,0.005794592678014948,0.08664407610266546,0.04267687259834929,0.1231102001524078,0.0,0.08559832848206483,11,True,0.2797931125068453,0.2549348496722509,0.2797931125068453,0.5180643522432609
1900,0.019296541008841702,0.0,0.16365711782838502,0.14652134720472654,0.0,0.25963889239058896,0.0,0.000400987961848147,0.09641889377146715,0.31406621983414246,522,True,0.35209547376765093,0.31406621983414246,0.35209547376765093,0.8352908835076841
1901,0.007358356305741473,0.0,0.14413904201258107,0.04941689944116224,0.0,0.04514777101976069,0.3621170726801308,0.06405617048920516,0.25723309720752496,0.0705315908438936,69,True,0.36288579323028514,0.3621170726801308,0.36288579323028514,1.4768980445818585
1902,0.280640274652641,0.0,0.07994628125072294,0.0,0.09828669540812948,0.16341396262696362,0.18492427239259324,0.0,0.08440690874280415,0.10838160492614553,17,True,0.27309861656266177,0.280640274652641,0.27309861656266177,0.6905299384286022
1903,0.14334764914929174,0.11906103572730961,0.0,0.33569312758120773,0.002337914973513709,0.028002456975469124,0.0,0.0,0.1092616449469244,0.26229617064628363,17,True,0.35908348094230075,0.33569312758120773,0.35908348094230075,1.0652468707833291
1904,0.01307524860127611,0.21456847629907191,0.1301998495894514,0.002057526043544858,0.17915826519042813,0.05456187706059433,0.05785100508252106,0.0721330062639109,0.15777339271077384,0.11862135315842749,139,True,0.21390392250395293,0.21251095025552705,0.21390392250395293,0.16858724404501815
1905,0.34468635660967833,0.007970783272444102,0.18708057170944062,0.08472450190712054,0.0,0.21305865895108778,0.028715244008846983,0.03400696650017784,0.07334493779195328,0.02641197924925057,17,True,0.33838100281193023,0.34468635660967833,0.33838100281193023,1.3458245499097292
1906,0.03935961804202815,0.06566818690397158,0.14416234192645716,0.0,0.07489772308127635,0.0,0.16396841479447352,0.22885177451468527,0.12348182624749991,0.15961011448960796,23,True,0.22855167001290103,0.22885177451468527,0.22855167001290103,0.1359062792287724
1907,0.0,0.0,0.05824353605924292,0.17565245335532925,0.19986312285127913,0.0,0.3155453411835267,0.12030188502952646,0.13039366152109566,0.0,39,True,0.32439986835302453,0.3155453411835267,0.32439986835302453,0.8136069316246964
1908,0.0,0.3027834055879888,0.0694363335947982,0.037553977817542813,0.0,0.2717674075598139,0.0,0.20563429965639915,0.0,0.11282457578345713,25,True,0.3560644187224356,0.3027834055879888,0.3560644187224356,0.8568939988272006
1909,0.04295947959455003,0.0,0.0,0.0,0.311353182712832,0.0,0.19495417559115502,0.13381869033754176,0.15808433838677047,0.15883013337715057,98,True,0.32391135060123,0.311353182712832,0.32391135060123,0.7227579374098542
1910,0.00025195838655946075,0.0030550486453148917,0.0,0.1925761578921159,0.2107676321395159,0.0,0.4019063672935536,0.1033540565336577,0.07004914965618476,0.018039629453097804,39,True,0.39869922099605887,0.4019063672935536,0.39869922099605887,1.4904397904147133
1911,0.01124324642893807,0.0,0.11227587315675507,0.2577874293405778,0.15291345047221566,0.0,0.0009389651742883256,0.3112434765471551,0.05034156963787274,0.10325598924219724,39,True,0.3356167764600919,0.3112434765471551,0.3356167764600919,0.9633237855504613
1912,0.12153941251067214,0.09268591556757053,0.11140607158098705,0.0,0.14847456711799692,0.0,0.10806517611113345,0.25899447606717296,0.03491866680249699,0.12391571424197004,23,True,0.23054100731241675,0.25899447606717296,0.23054100731241675,0.5762224522451699
1913,0.028836017055504343,0.16213052198417968,0.02086439137150448,0.28787689948720174,0.16274372420057548,0.19528403111913764,0.0,0.0,0.09366124308149425,0.04860317170040236,90,True,0.29356826030052796,0.28787689948720174,0.29356826030052796,0.7398434571434619
1914,0.09846438932258994,0.07260577598128766,0.07769262658527151,0.05864261612662486,0.2663663707790392,0.042878282635397585,0.027618675918481883,0.1341612718232683,0.045183849787365366,0.17638614104067363,11,True,0.22169171178851244,0.2387476948605573,0.22169171178851244,1.4653413179770678
1915,0.11515902494221314,0.1865079439034142,0.035579967506493615,0.0,0.09879502925817735,0.18125360482411143,0.0,0.05288127227711177,0.30067460922595807,0.029148548062520378,72,True,0.2932189672673384,0.30067460922595807,0.2932189672673384,0.9729589933441437
1916,0.0460642268177849,0.0,0.08676737978828013,0.1584757462488455,0.16605991512613227,0.045762171453221194,0.17313646873257676,0.2840367797767064,0.0,0.039697312056452896,53,True,0.27688288271433437,0.2840367797767064,0.27688288271433437,0.8081605270964013
1917,0.03181705359583842,0.29984148542870803,0.0,0.03511620491405449,0.10049521007078592,0.1760402306527307,0.05163435452062247,0.09035502451469861,0.21470043630256128,0.0,25,True,0.3002769614155268,0.29984148542870803,0.3002769614155268,1.0007701932195272
1918,0.10486792678483196,0.1255515979261081,0.0,0.0,0.09129526278700753,0.07485376147032775,0.25721846569117995,0.08319047379813815,0.19006299688383635,0.07295951465857015,33,True,0.23500515741259004,0.25721846569117995,0.23500515741259004,0.7490095912524714
1919,0.0506523872611497,0.15343871900632253,0.21694840887947675,0.0033250324003911897,0.0859975642323815,0.013934275947167533,0.30879563451441483,0.11996866859191196,0.02397541851205344,0.022963890654730465,16,True,0.3026977109050149,0.30547060211402366,0.3026977109050149,1.1225139728873659
1920,0.0,0.12820763419338385,0.06375360924204786,0.0,0.013326990372893813,0.17594342073583755,0.3635471453699437,0.1926361758952553,0.032092416594240246,0.03049260759639757,16,True,0.35052868872682635,0.3635471453699437,0.35052868872682635,1.4116335430504638
1921,0.21679794412816014,0.15324815667209435,0.1401173408684618,0.023694908769763115,0.2572563977470345,0.005198384076004166,0.0,0.032985451820521955,0.0,0.17070141591795987,11,True,0.295153442843261,0.2572563977470345,0.295153442843261,0.3578877663899023
1922,0.16158589925282346,0.0628730608658195,0.21195962156373277,0.24714474730532837,0.081427472735702,0.05151852136659513,0.0,0.13455351777967242,0.0,0.04893715913032637,23,True,0.25662135134199454,0.24714474730532837,0.25662135134199454,0.5679442587470068
1923,0.0,0.0,0.13223311208635896,0.0,0.22046113251082206,0.21355245074780246,0.18066182088468888,0.17991237009082403,0.04526674057845918,0.027912373101044375,1829,True,0.28200831355154926,0.22046113251082206,0.28200831355154926,0.12409907537252826
1924,0.10008729346909699,0.15737605090601509,0.0,0.009549658713574096,0.23208016766085676,0.1991679417048879,0.1083853313168833,0.1933535562286857,0.0,0.0,11,True,0.2784563424842226,0.23208016766085676,0.2784563424842226,0.09421424138622166
1925,0.037253110867577446,0.049931115085469824,0.0,0.12581752248727504,0.22021579630861002,0.05892300946579253,0.32700185876320237,0.14657155233419056,0.03428603468788224,0.0,39,True,0.3182245201725189,0.32700185876320237,0.3182245201725189,1.2599396382446049
1926,0.2268961875432208,0.0,0.1397318072487657,0.11163768725152977,0.0,0.13529357427376282,0.0751299913126217,0.0,0.20528937290187382,0.10602137946822551,17,True,0.2465825570852891,0.2268961875432208,0.2465825570852891,0.0759563392984097
1927,0.08096767029362378,0.12275516565660183,0.1531021218252657,0.0,0.1867511724728445,0.03989541450759853,0.09705658351228875,0.12169550354717486,0.09602982160198034,0.10174654658262187,16,True,0.1591739957384577,0.1867511724728445,0.1591739957384577,-0.3714819413447542
1928,0.0467954753508487,0.03869720189432908,0.30438198351017975,0.003002892404017666,0.07016271734892288,0.045939553630678615,0.31138715109667436,0.17963302476434903,0.0,0.0,23,True,0.3641537177399222,0.31138715109667436,0.3641537177399222,1.1656244050601192
1929,0.12804092239148507,0.27805492771476853,0.1086754054095066,0.04030923748472584,0.0,0.08584447584568573,0.06887199975165066,0.0966559261157307,0.06397273150308949,0.1295743737833574,11,True,0.22244375054036733,0.27805492771476853,0.22244375054036733,1.4994387234208915
1930,0.23922030885349357,0.03679045208264822,0.020073726665019793,0.0,0.0,0.281750944923295,0.0,0.2822557473859219,0.12380253250188311,0.016106287587738383,53,True,0.3655423771410398,0.2822557473859219,0.3655423771410398,0.7996983856964843
1931,0.11270527217270224,0.1240911596033624,0.31673537465879437,0.14708019158707047,0.04688749944336503,0.18474506623886983,0.0,0.0,0.054789045454584726,0.01296639084125092,0,True,0.29925594143090095,0.31673537465879437,0.29925594143090095,1.1206053421917535
1932,0.06366198918751009,0.31295905612219393,0.0,0.05742655619615658,0.1277362385796977,0.25559107392433195,0.0,0.1308769853104284,0.0,0.05174810067968146,11,True,0.3267170395876817,0.31295905612219393,0.3267170395876817,1.1008520277982323
1933,0.0,0.09707228284005642,0.12094928769574952,0.030680505210972573,0.0,0.20054319338484633,0.08154267877335554,0.11887876996329035,0.2226383441138637,0.1276949380178657,1011,True,0.22774069460144966,0.2226383441138637,0.22774069460144966,0.17735530349735948
1934,0.264264492295811,0.018694322744107802,0.11156578946862278,0.2596366626162295,0.0,0.1724455971207218,0.0,0.0,0.05369800396660844,0.11969513178789863,17,True,0.3114341113550619,0.264264492295811,0.3114341113550619,0.6521563760680094
1935,0.009793234434446296,0.03334352954276371,0.1871329771671507,0.004113770897522427,0.0,0.14588938577990282,0.3008428189709275,0.14586299617260381,0.16798985589688875,0.005031431137794035,16,True,0.31233861097070315,0.3008428189709275,0.31233861097070315,0.6771556312591438
1936,0.03861275682309424,0.028153670406856502,0.3140043445590889,0.08437942399450264,0.09369654258842794,0.0,0.10339040350414594,0.33776285812388396,0.0,0.0,23,True,0.3762373661669911,0.33776285812388396,0.3762373661669911,1.3825877700420781
1937,0.0,0.1595636567883843,0.27916443659052936,0.0,0.12810042540720368,0.026504548344515586,0.22790625136890022,0.0,0.10012544444442951,0.07863523705603734,16,True,0.2977505967116109,0.27916443659052936,0.2977505967116109,0.6634899053670278
1938,0.29779148687897916,0.0,0.0,0.18102855862187173,0.10151838164484543,0.15197359199825566,0.0,0.0,0.14494655510114082,0.1227414257549071,17,True,0.3015427409223805,0.29779148687897916,0.3015427409223805,0.6172145970745821
1939,0.06649066204738982,0.0,0.162308184126397,0.0,0.0,0.20857987510655623,0.10525561370183839,0.0622706399738831,0.14282033933914304,0.2522746857047925,72,True,0.27067889143463436,0.2522746857047925,0.27067889143463436,0.3857844600448788
1940,0.10934595191147063,0.0,0.0,0.16362469380704336,0.17313193385235162,0.0,0.21934285000617595,0.12791821555063995,0.07938052479280348,0.12725583007951505,39,True,0.2359532027043254,0.21934285000617595,0.2359532027043254,-0.17627115328454773
1941,0.0,0.3155202439904757,0.0,0.24225262637224443,0.0,0.07908469291340993,0.14715562248751646,0.036065526313775874,0.059701166799891715,0.12022012112268587,934,True,0.32475583792022555,0.3155202439904757,0.32475583792022555,1.0583488065566542
1942,0.08655672582738132,0.07391225039738958,0.07682893093798801,0.07959284518433447,0.019698208694784218,0.11473137961020073,0.22326079593945178,0.13993314983073496,0.14423474136890485,0.04125097220883011,154,True,0.17514586727186768,0.20356258724466755,0.17514586727186768,0.8825386499994637
1943,0.037370585822567845,0.0,0.13927670311922463,0.13300643793423517,0.09968913983426159,0.0,0.19483622448951823,0.18629309065882713,0.18278130258135458,0.026746515560010713,39,True,0.23497627224427917,0.19483622448951823,0.23497627224427917,-0.1385622914391753
1944,0.11809553459162056,0.004063368444393539,0.1889952181865321,0.013174823477029331,0.19272784455292913,0.0,0.15165225714080957,0.19671863291583308,0.1345723206908527,0.0,23,True,0.2584689418845861,0.19671863291583308,0.2584689418845861,-0.2053475357836792
1945,0.044777146556885174,0.0,0.04432999362620563,0.24318645016958684,0.04939404864819184,0.15388105586284972,0.0,0.13825098342519154,0.2608620839233287,0.06531823778776057,52,True,0.28400312597687966,0.2608620839233287,0.28400312597687966,0.7855165087045478
1946,0.0,0.05369789788702092,0.17264860363648485,0.0,0.0,0.017685597899584307,0.1070897221289348,0.16333897715194107,0.18976964744782227,0.29576955384821163,109,True,0.30764226476041046,0.29576955384821163,0.30764226476041046,0.6706669194433199
1947,0.08974407854507513,0.0,0.0,0.24913599818976587,0.04174688531906922,0.07721895446349665,0.09518652742277588,0.04691508518815782,0.3809968470321433,0.019055623839515996,52,True,0.3668944385781301,0.3809968470321433,0.3668944385781301,1.7170347493460227
1948,0.012585829573050128,0.22021802676448649,0.11540052450114002,0.19346680661307789,0.26612631486738086,0.017691998761886367,0.07559263025664557,0.013607264239276783,0.028630335276722322,0.05668026914633348,47,True,0.28367066012741426,0.2535404852943307,0.28367066012741426,0.7906255204170447
1949,0.0666615729756667,0.14699236109345362,0.024843210606470746,0.01583264290409716,0.10993810151424431,0.0,0.0,0.21342504725605974,0.298834206347554,0.12347285730245369,72,True,0.29850032422192896,0.298834206347554,0.29850032422192896,0.8995355805092329
1950,0.3093900403613345,0.2778782498096032,0.08407869247995478,0.06078156148469317,0.0,0.0,0.012548095296720371,0.19993226359901822,0.02420005312912224,0.031191043839553647,1863,True,0.3541059616108559,0.3093900403613345,0.3541059616108559,1.0398426468520046
1951,0.0,0.04944365508001817,0.20673676516451528,0.15148100675953333,0.25244080387032164,0.0,0.14627944661869596,0.029979823137530778,0.027226675435003844,0.13641182393438098,39,True,0.27111540684496865,0.25244080387032164,0.27111540684496865,0.4110538667535741
1952,0.00558818228773191,0.05224724520797255,0.41367504356522583,0.0,0.0,0.28487471846729795,0.06308024565394874,0.11742610142957637,0.0,0.06310846338824667,16,True,0.42046680504357775,0.41367504356522583,0.42046680504357775,1.6716255965051097
1953,0.08018295524171903,0.08045789986051827,0.14592207206537589,0.08857782732879908,0.051442231302914435,0.039595432861946764,0.26733760350787655,0.15391065755589567,0.07055450251112834,0.022018817763825877,39,True,0.21651054236522455,0.24531878574405067,0.21651054236522455,1.5104181864865134
1954,0.0,0.0,0.06079000643642101,0.13685364890073964,0.21206287427014547,0.0,0.2663916187436539,0.08670316909187863,0.18619145581473606,0.05100722674242529,39,True,0.28835037404086317,0.2663916187436539,0.28835037404086317,0.5512235405453009
1955,0.0267665719728156,0.13650751291473429,0.1074050898322485,0.3035334666673752,0.07820752826454452,0.1836353667548183,0.0,0.10898982338440487,0.0,0.054954640209058596,68,True,0.27884821794056214,0.3035334666673752,0.27884821794056214,1.1366197996202578
1956,0.0,0.4141545893893588,0.0029877931396333564,0.10073855911677972,0.21462747406325158,0.1360095448397558,0.0,0.1071667799701429,0.01686153890229843,0.007453720578779432,25,True,0.3975793571063733,0.4141545893893588,0.3975793571063733,1.6873499398859837
1957,0.21277629433969922,0.016818915390304803,0.1681843873587597,0.2554175582742516,0.043145545964024465,0.0,0.0,0.028009099872496966,0.00021294526947512608,0.275435253530988,17,True,0.3429160489382661,0.275435253530988,0.3429160489382661,0.6304072955458144
1958,0.0,0.0,0.16206896216429492,0.20131958950957987,0.11344125356698671,0.05521331551273008,0.009663700536914593,0.027179331471320945,0.19073534946793233,0.24037849777024048,17,True,0.278760206507855,0.24037849777024048,0.278760206507855,0.27383619424007033
1959,0.1134048829187569,0.0,0.2846097778017627,0.14036287192509161,0.2509265059100992,0.0,0.0,0.06637506063407962,0.0,0.1443209008102099,6,True,0.3190037795361438,0.2846097778017627,0.3190037795361438,0.675399168062902
1960,0.2828586171759852,0.14083165734370226,0.0,0.0,0.0,0.11403306383340488,0.15413941961620697,0.03051779955556071,0.1318760455258645,0.1457433969492756,69,True,0.2759869898660196,0.2828586171759852,0.2759869898660196,0.5595101036411664
1961,0.2049554498733136,0.05661352904321591,0.1011290844046616,0.11240608807053364,0.03859714357905243,0.17911443106800773,0.0,0.10549671697064485,0.044933416897135946,0.15675414009343416,17,True,0.1984091657224822,0.2049554498733136,0.1984091657224822,0.1709513574902115
1962,0.053987530472882586,0.05724535858752634,0.0,0.32928544863284887,0.03949995216377977,0.01815104199408565,0.20636870798599272,0.07007705912907178,0.1283922942382447,0.09699260679556763,39,True,0.2998354258570364,0.32928544863284887,0.2998354258570364,1.5731663480214495
1963,0.09981273916213317,0.0,0.16134516892290157,0.14500551947165652,0.02391355617801932,0.13628068218553974,0.0,0.02939924571290408,0.2787232832991996,0.12551980506764596,17,True,0.26546550695501187,0.2787232832991996,0.26546550695501187,0.6620454239780427
1964,0.13828806880434227,0.0,0.18927020249811377,0.0,0.03483795797354608,0.11255922199284228,0.06737218723749,0.4146552210425115,0.0,0.0430171404511541,16,True,0.383612434134093,0.4146552210425115,0.383612434134093,1.8883198823489065
1965,0.0,0.14176696232662253,0.08933037509932806,0.0,0.18710787024162903,0.0,0.24907470577327936,0.3327200865591411,0.0,0.0,23,True,0.3685485146965471,0.3327200865591411,0.3685485146965471,0.8726665255527519
1966,0.05127290283789899,0.12101527362037992,0.2575347090474939,0.0,0.10347633372843842,0.1919720962785332,0.08138219916502117,0.16088235300609513,0.03246413231613911,0.0,16,True,0.25439827929296965,0.2575347090474939,0.25439827929296965,0.5676738120872827
1967,0.028279744439738123,0.10192498473952324,0.2846076549709803,0.09626689878932883,0.1572350358212956,0.11380190781394066,0.013429866577966978,0.0,0.14029706548904514,0.06415684135818102,1784,True,0.25121850735234336,0.2846076549709803,0.25121850735234336,1.0603841978655542
1968,0.10762009015902857,0.03715650132734882,0.0,0.17027530137888203,0.23969655512239244,0.03146818197716416,0.13464397776316414,0.15456559675664638,0.12457379551537347,0.0,39,True,0.24070564523628768,0.23969655512239244,0.24070564523628768,0.19427987912229802
1969,0.20453588723055122,0.23955937952891898,0.0,0.0,0.03299646192058908,0.06743600322389587,0.039162081921264344,0.20718173700364462,0.05336104159892648,0.1557674075722094,1863,True,0.27645765199412353,0.23955937952891898,0.27645765199412353,0.46202599000725986
1970,0.29022494801068555,0.0,0.0,0.2485259238048372,0.15456469603005496,0.0,0.0,0.0,0.17052127605072256,0.13616315610369992,17,True,0.3427882891462359,0.29022494801068555,0.3427882891462359,0.5325675966245795
1971,0.113992484868938,0.0,0.17361285099631252,0.13771468770337478,0.10512022887390585,0.08886791900229131,0.0,0.0,0.16863854253710647,0.212053286018071,17,True,0.23335459612637244,0.212053286018071,0.23335459612637244,-0.2407072132987873
1972,0.07646724116953822,0.14437054699465196,0.10334787267759361,0.0,0.0027754446051463932,0.0,0.23965943474254872,0.13820626923289664,0.07422157585630697,0.22095161472131758,16,True,0.2612367806766509,0.23965943474254872,0.2612367806766509,0.35493999887034955
1973,0.2620405249773234,0.20916652110891723,0.020634403464332585,0.027152138252007588,0.12540482469053474,0.07757849379364085,0.12245682916539927,0.1121220169769048,0.0,0.043444247570939454,11,True,0.25451543097296736,0.2620405249773234,0.25451543097296736,0.797563796487653
1974,0.19319793320541814,0.0,0.12511406061669555,0.1674753576249445,0.08357638504293005,0.1484357809655076,0.09294722522670516,0.0,0.17079003886278393,0.018463218455014925,17,True,0.21953239548172251,0.19319793320541814,0.21953239548172251,-0.33526875160527714
1975,0.0,0.0,0.0,0.34823838863962786,0.02538162491649994,0.0,0.2874688174407066,0.29209845492617814,0.046812714076987325,0.0,39,True,0.43825273618769234,0.34823838863962786,0.43825273618769234,1.042866581604596
1976,0.23877438114152086,0.06734903654368617,0.11832613005001973,0.1707855459029865,0.03843658653766498,0.1874446858331963,0.0,0.005191085471473391,0.0,0.17369254851945212,40,True,0.2674449546471232,0.23877438114152086,0.2674449546471232,0.19248277265427122
1977,0.2292500592424361,0.0,0.0,0.14896530978378572,0.03168097420425316,0.09725668634464568,0.010592254170733935,0.0,0.12857288423325616,0.35368183202088915,17,True,0.35629036060078756,0.35368183202088915,0.35629036060078756,1.2098467437897502
1978,0.02750448064930033,0.197302480029503,0.16096744447136485,0.13877325438118338,0.0,0.0,0.06906500011041845,0.18911697657038917,0.0,0.21727036378784087,23,True,0.2694344362561042,0.21727036378784087,0.2694344362561042,0.02224521656566535
1979,0.14068103860598774,0.07706612229746075,0.13923367228896352,0.0,0.2348140755388319,0.01627406098825746,0.04551027503464763,0.2204822213280546,0.0,0.1259385339177963,23,True,0.2589651749586213,0.2348140755388319,0.2589651749586213,0.3419284765576766
1980,0.0482006335277649,0.29824361533327665,0.09861619975265772,0.25620832397556764,0.0,0.13532410765447442,0.0,0.08145164584879036,0.08195547390746824,0.0,68,True,0.313534846093574,0.29824361533327665,0.313534846093574,1.0336312436413608
1981,0.017796629241222245,0.17496162897939113,0.10168979898759267,0.29132871567262564,0.0,0.02252213801383435,0.04073007279605923,0.24181905749043509,0.0,0.10915195881883968,230,True,0.3141628871004796,0.29132871567262564,0.3141628871004796,0.8525584371829243
1982,0.11115923891422477,0.03497902475940028,0.05824890118723595,0.0,0.0,0.23514472271831496,0.2174125528682619,0.10492715762485239,0.17262653938214903,0.06550186254556063,16,True,0.2542326224716679,0.23514472271831496,0.2542326224716679,0.47531220268276936
1983,0.10578578717909304,0.0,0.13210554154680665,0.13190334298541695,0.0,0.18759150397446564,0.054350157984810334,0.0,0.2063314051987398,0.18193226113066766,17,True,0.24465793920284654,0.2063314051987398,0.24465793920284654,-0.1549513299924994
1984,0.0,0.238696439197678,0.026574627628097022,0.0,0.14095450851949254,0.0,0.10028868288843272,0.23743311238661716,0.13271045807651957,0.12334217130316294,11,True,0.2771426240565416,0.238696439197678,0.2771426240565416,0.3495887620632306
1985,0.05915551961765063,0.11770999862721783,0.07920114799599828,0.25988330843019897,0.0,0.0,0.0,0.3296541556053259,0.15439586972360841,0.0,1614,True,0.35167758247880077,0.3296541556053259,0.35167758247880077,1.0594977323499462
1986,0.13544151391955586,0.0,0.10353645826183312,0.1399588747788538,0.10166077049513621,0.10420446952389543,0.0814571542327985,0.017387815043897744,0.3163529437440295,0.0,17,True,0.27724170202411724,0.3163529437440295,0.27724170202411724,1.3489395547527872
1987,0.25915147979160796,0.16466191501039357,0.25239141209800264,0.0,0.0,0.06789162579365123,0.1199280834845975,0.0,0.11168888170430809,0.0242866021174389,453,True,0.30005120235362753,0.25915147979160796,0.30005120235362753,0.6084285106756298
1988,0.14596935243229486,0.18052554388876377,0.23346114284989697,0.0,0.0,0.2155837012602279,0.0,0.0,0.0,0.22446025956881652,16,True,0.3244370038102577,0.23346114284989697,0.3244370038102577,0.16126375167813295
1989,0.03637817946547371,0.005267314362568306,0.013954578053229522,0.050794450358230034,0.20554605567780804,0.003354179631556026,0.16535584662786265,0.044968242795517616,0.09777101905783457,0.37661013396991966,98,True,0.356574562404474,0.3732559543383636,0.356574562404474,1.628311230262459
1990,0.0,0.19780235256090814,0.11486713876025315,0.21170474386922983,0.0,0.17378357750587559,0.1901658137681264,0.0,0.057278993207902876,0.05439738032770393,69,True,0.26408872639436076,0.21170474386922983,0.26408872639436076,0.05997137890341029
1991,0.06538892367218374,0.22449939932180538,0.1108491798495315,0.0,0.1705158980132049,0.07692020744033969,0.04692413329074992,0.08973140600825723,0.005697888021683659,0.20947296438224403,1670,True,0.2368978901138331,0.22449939932180538,0.2368978901138331,0.4373843448364059
1992,0.16447848492548892,0.24905233105308847,0.20644594814038583,0.0,0.16721946852829378,0.06132355460836253,0.035029870765229176,0.11645034197915126,0.0,0.0,11,True,0.2796620605436571,0.24905233105308847,0.2796620605436571,0.3020375194394143
1993,0.07839504342271371,0.07933362519124881,0.14972730750644905,0.05256569392483175,0.0,0.0,0.3767657905367006,0.26321253941805606,0.0,0.0,39,True,0.3858164428012513,0.3767657905367006,0.3858164428012513,1.406817150484744
1994,0.0,0.03992257797943336,0.06526556794196486,0.17301194747609752,0.0,0.1883804203060884,0.05424802888792951,0.01418720900332788,0.3005317389210948,0.16445250948406362,17,True,0.3029551168532304,0.3005317389210948,0.3029551168532304,0.8664821702064258
1995,0.2520112703904448,0.0,0.06603967797506917,0.029772800287234703,0.0693194065662167,0.005505248492509245,0.10091221057828245,0.0,0.27608214675649356,0.20035723895374938,17,True,0.31644980043933746,0.27608214675649356,0.31644980043933746,0.795761369937304
1996,0.048608626929098855,0.013478747254726768,0.05493506796453496,0.051593622662278904,0.08535768234108529,0.0,0.04746684801871478,0.21123083381061125,0.07072721704768972,0.41660135397125936,133,True,0.37542078650625066,0.41660135397125936,0.37542078650625066,2.193468382620687
1997,0.023670419442675582,0.18680959777578232,0.11933480758869631,0.22300934619657356,0.017809858130058247,0.31179185709468676,0.0,0.0,0.06543685061895915,0.05213726315256805,819,True,0.32243403696900647,0.31179185709468676,0.32243403696900647,0.9924924465260045
1998,0.059372727376509504,0.25510588982850047,0.0,0.0,0.11068024421855392,0.29792693203480924,0.0,0.2448810594789024,0.0,0.03203314706272438,1203,True,0.3613966863095466,0.29792693203480924,0.3613966863095466,0.8061216805528933
1999,0.11494439837806507,0.0,0.0,0.01841575923810169,0.07723241645522833,0.0,0.36232200386516716,0.24269868056632637,0.07936998223714556,0.10501675925996572,39,True,0.3564045438790325,0.36232200386516716,0.3564045438790325,1.4410180817848206
