ID,strat_res0,strat_res1,strat_res2,strat_res3,strat_res4,strat_res5,strat_res6,strat_res7,strat_res8,strat_res9,ancestor,alive_at_end
0,0.34077861729980424,0.012345336492645406,0.15444996500724922,0.07626228758177134,0.052143865682939786,0.00998282500830483,0.021961885641133938,0.06894198014169635,0.06478782683973165,0.015265176973897234,0,True
1,0.27412261647800673,0.08907896660361446,0.07673723146391187,0.07814370369062644,0.006712164474772399,0.0,0.08423346235944763,0.06898336937030551,0.12896702883681005,0.0041367738568684215,0,True
2,0.09027559651623993,0.12384324775062448,0.11814418585053668,0.0,0.11107129038308375,0.048977634691336,0.17260541542895338,0.00635563074783938,0.04708432175572355,0.07871484256846932,0,True
3,0.3990912621675801,0.05010735255374436,0.34964958718608063,0.002247710946266729,0.0,0.0,0.06347582925078983,0.0,0.00597723526724507,0.0051948457992120976,0,False
4,0.32328960628462255,0.05285262768646737,0.18690552352105114,0.020648569949789877,0.0,0.05291188726761428,0.02775198961472977,0.05436668532923549,0.052673138236155576,0.04513068968122108,3,False
5,0.25802553305944154,0.08218552644345974,0.30895419843915645,0.0,0.08161934912227431,0.0,0.1185301081417995,0.0,0.0,0.0,3,False
6,0.11634193583426049,0.1484214515710554,0.161042191456479,0.0,0.11457438343055693,0.01227609875556937,0.050596864529303724,0.05923089753408133,0.14390808761035262,0.0,5,True
7,0.17718727849923704,0.05986077649353102,0.04538683158751259,0.0411849314752111,0.03276601850086389,0.1227371614771882,0.027030466398962023,0.0918553266718672,0.0757688422269849,0.11299917815181174,1,True
8,0.01582849741980632,0.13089888802208605,0.1493869833337656,0.17140533822041293,0.0,0.0,0.10968457374830681,0.1787502528374753,0.06155121399839286,0.0,6,True
9,0.0,0.20123038850806801,0.08125794910976857,0.0,0.0,0.0,0.33388619649990847,0.026148458410678248,0.0,0.21344635240131102,8,True
10,0.0,0.0,0.1603240664565713,0.0,0.0976054819836365,0.0,0.0,0.3189748926251697,0.2885204016756431,0.0,6,True
11,0.15233445448318506,0.08870358001399792,0.17756653028965222,0.10360674945015128,0.0,0.0,0.09851104476291646,0.0,0.20278284490852688,0.0,1,True
12,0.2141852148245015,0.0,0.5183841034599334,0.014371824707391645,0.0,0.04500468216962674,0.0,0.0,0.07532052126084009,0.009869298144899005,3,False
13,0.0,0.265712465621563,0.23279837401067555,0.018818402007554913,0.0,0.07482559608950168,0.0,0.07215474501605909,0.0,0.17515029458795373,2,True
14,0.012587049707514474,0.28425989376737193,0.3129521845769285,0.0008921904898332907,0.01989904789007048,0.045731242170326,0.0,0.0,0.057530604419483614,0.10949034486864637,13,False
15,0.23671266296034663,0.14291193452737921,0.40993376479507043,0.0,0.057582655089229315,0.0,0.0,0.0,0.005498794820165317,0.01220866684841715,3,False
16,0.38484095597881907,0.20911003064183378,0.12116584793866324,0.0,0.0,0.0,0.0,0.03106982057717855,0.11115336996443316,0.0,0,False
17,0.26214528663878095,0.0,0.1426055905515961,0.13321295432291122,0.14694248877847077,0.0,0.0,0.07854835902051031,0.06442932898468448,0.0,0,True
18,0.008088176405040552,0.22580718567879615,0.22485905683348492,0.0,0.01979273815067469,0.02769672954614927,0.1086393710136426,0.0,0.02745749569102405,0.18584038368773514,13,False
19,0.3159615088664219,0.010127603420827639,0.12590153687203648,0.0,0.015865767871084305,0.06017971287557211,0.04021194698830304,0.047395774103749025,0.08240157217506812,0.11727155025465806,4,False
20,0.2315856453055893,0.061818609558379006,0.2736671900286694,0.04706616934540011,0.029257366472607554,0.0,0.0,0.02756367947552272,0.12642706939029563,0.026622094847611282,3,False
21,0.3457732244514242,0.04957094028448956,0.28984515229047864,0.0,0.11329571734341508,0.0,0.0,0.06010918757329209,0.0,0.0,0,False
22,0.3961360044236562,0.057849914755190225,0.12935963191017755,0.08027498103338046,0.0,0.0,0.19203210464710216,0.0,0.0,0.0,5,False
23,0.28226727101810706,0.020585827468779214,0.19868500343071657,0.0246754067348036,0.11622846920336204,0.0,0.0,0.00218843693840731,0.10468606652761128,0.07801914773537741,3,False
24,0.0,0.1455692969893011,0.08441225900412336,0.002048292497121682,0.0,0.16277797815400644,0.32697393556976845,0.02239552642346283,0.0,0.09308643657088611,9,True
25,0.0,0.17731061033785403,0.10010900219038202,0.0492282324323951,0.0,0.05167797758756607,0.10956023700181394,0.0,0.023649213221189708,0.3175012171805959,9,False
26,0.23599760108692414,0.025815919439414144,0.11062794931985087,0.13697546072927413,0.05267221174699098,0.0,0.06718890588234344,0.0770722307679001,0.04785561809103188,0.045517394793635375,1,False
27,0.20093594374537627,0.026775073572305623,0.19161810897144244,0.03640724091996224,0.0275858767501314,0.1090759653416823,0.0,0.0,0.12914640376846118,0.09023114343194782,4,False
28,0.1936049375586409,0.0,0.0003719835605079109,0.10972208163998048,0.23121004019988897,0.0,0.0,0.23060478053329544,0.04013101659957037,0.031178543224535397,6,True
29,0.0,0.12450786494335436,0.03131405377176029,0.0,0.1590393301135299,0.15727578605246872,0.1952025120852102,0.09458243160855102,0.054097234459890765,0.0,2,True
30,0.03185724149850901,0.14374883283942333,0.07485717824237306,0.0535242137806483,0.026684036663804547,0.0,0.24842715632546972,0.0990462553453548,0.12218247968088437,0.007553266251817651,8,False
31,0.10305062848749197,0.08857859743479116,0.0,0.0,0.011198832244144087,0.1015344808309171,0.0,0.1160538174684527,0.16660315456171612,0.2328243027666002,7,False
32,0.293332641726794,0.07576160791099669,0.24837811236574134,0.017881956581138423,0.009508153755025808,0.04896032718199971,0.057923448346604775,0.0,0.05626561093838164,0.016375685222171362,5,False
33,0.19422365601286634,0.0,0.0,0.3108545120687537,0.0,0.09235380837870676,0.07191787877184494,0.0,0.06208767766317332,0.10280016161356252,1,True
34,0.0949865756793237,0.12744959426898017,0.0749635615739801,0.19725174844489515,0.0,0.0,0.04471940110328253,0.1302707089507903,0.14264345784977386,0.0,8,False
35,0.013400034754453087,0.0,0.1765354218729889,0.0,0.0,0.06634512797720622,0.0,0.2573297092374725,0.2164861056926785,0.10839318530460372,10,False
36,0.39861258573868946,0.0,0.17117330260802543,0.0,0.14363417325887204,0.034435182911499135,0.0,0.012709459648154474,0.09172769960488393,0.0,0,False
37,0.08922274274592104,0.0,0.09242484299211895,0.021392721436681493,0.10413984636671204,0.11161502136739912,0.12716706532594796,0.13085651727790798,0.0,0.12282052345446197,7,False
38,0.15722976879919429,0.11242306904015337,0.42239663018667656,0.020919169028752026,0.026254883507289852,0.0,0.0,0.0,0.11426074403307664,0.0,12,False
39,0.07632063056100119,0.11761425447240142,0.02442050333327497,0.026935406147513916,0.06978069505711752,0.025398658144179048,0.18139112672322613,0.02289332045498886,0.18515671817759494,0.06554278326500089,2,False
40,0.19834013565646,0.11523190193975705,0.0,0.09224629673793777,0.10029516894043478,0.2236410917027361,0.0056363374740628575,0.027835514746395,0.05329142073048971,0.0,7,True
41,0.13773754057515536,0.07407603579662725,0.03861707361686512,0.14398509016721872,0.023888653437983163,0.0022325381465380105,0.14331603367156148,0.0,0.016016068952653173,0.2340610258225574,9,True
42,0.31474659148154355,0.15765257566453805,0.22480219427346432,0.0,0.00818890034437076,0.0,0.0,0.11491215880530338,0.0,0.02808522738429229,3,False
43,0.0,0.18248807893943786,0.055221490927161915,0.0,0.0,0.0,0.3417049581183027,0.0032803462032413833,0.0,0.2855198881646936,9,False
44,0.1173862075200666,0.0,0.0,0.0,0.02164557543660094,0.3409452308875603,0.1328282646877847,0.07765191713362044,0.09404740886347537,0.044872482552284265,7,True
45,0.22478066556849985,0.08506454343697689,0.09508661275854882,0.07079880489168376,0.0,0.0,0.1008496292739272,0.0062303978441474945,0.14324454259936653,0.08299342818559456,1,False
46,0.052087421447123985,0.12314418542454987,0.2669687761098659,0.1405653727097055,0.06358717271403586,0.0,0.0,0.005505309216788227,0.17605669130193843,0.0,0,True
47,0.08727371218170393,0.11180087869901757,0.12190825654738732,0.05254471336240733,0.19847548164892964,0.0028665989223932912,0.014095789508203324,0.0,0.0,0.23188781219808435,2,True
48,0.1826216237861443,0.019362204416394083,0.05116971971579681,0.07530558308496248,0.11063465689632399,0.0,0.24905510456408947,0.0,0.0,0.13443896094262028,2,True
49,0.26960450750041065,0.10692385314626697,0.0,0.0,0.07268833612925354,0.09658941811096067,0.13568566387034678,0.009309443890144466,0.12683503826303383,0.003371920181056955,7,True
50,0.044161673860204406,0.13257062450145737,0.0,0.04779973070050333,0.0,0.0,0.0859859671899112,0.2054551240290495,0.03378317035468695,0.2767046709629865,7,False
51,0.06334079678685185,0.023987473423910832,0.08612201581218193,0.14261076654810675,0.0017369575106562431,0.02121579806451411,0.04750025970906619,0.21224785981368471,0.09640472377235265,0.10348854459839202,8,False
52,0.0,0.0,0.22868745526452133,0.029492023103169326,0.0,0.0047801978172422295,0.04186866861470834,0.21855046680457632,0.3341869583256309,0.0,10,False
53,0.0,0.06203346404641674,0.06700328082658025,0.03142145595487626,0.0,0.1361984975728877,0.0,0.2666744598768895,0.09158769320947277,0.16627493448910344,7,False
54,0.128753564180449,0.14354515789007347,0.03573915055581572,0.019607206826506653,0.059617148502378106,0.1689463623930064,0.1328749590874433,0.0,0.021746364340806495,0.08903061378702708,2,True
55,0.015076008252734857,0.0,0.11843087418877324,0.1153878580284918,0.13814195926627607,0.1893531402528387,0.0,0.037648889942922904,0.09306292426385229,0.09920172361136113,7,True
56,0.20209338994231152,0.0,0.03856039765735335,0.00965358897161065,0.0,0.203288021546832,0.09387165090338791,0.12718716189200832,0.0,0.14920834553051304,7,False
57,0.132591722122149,0.0,0.0,0.08159323458208088,0.048541329897606116,0.1329109569190548,0.018710402658138954,0.2651764222501857,0.0779129833929878,0.054854158643036305,7,False
58,0.022303877294157747,0.22175085380932974,0.08260474592950215,0.0,0.04187434073632148,0.07099203834459206,0.014003106477004422,0.21314769558960855,0.08492768910987725,0.055962007705640505,7,False
59,0.0018395903851568603,0.2122885696088882,0.13356030104779942,0.0,0.0,0.09912098490220819,0.2678830051173368,0.0,0.04874217732572479,0.06793418269680473,9,False
60,0.23722040802365937,0.1445228180302118,0.0,0.17588761580610102,0.0,0.0,0.0,0.15122404654034677,0.08269360635971854,0.03797310049276317,7,True
61,0.24738228693679398,0.0,0.0,0.016922234340817608,0.0,0.3674719016999996,0.020352423497087064,0.0,0.10937102345891922,0.09254849658481412,7,False
62,0.17785483951400727,0.07530339609155089,0.15291035545938247,0.25018369706790117,0.0,0.0,0.0,0.06502825590523523,0.0,0.10697149155418965,8,True
63,0.0951879481079864,0.0,0.05522208781545713,0.08525592806301004,0.12225573956305341,0.16746112973916277,0.06817660015383448,0.060903972152729254,0.0,0.14502605707003854,7,True
64,0.0,0.2871414254716267,0.2244311922912421,0.0,0.0,0.012971528246904286,0.05970232764463837,0.0,0.014317242894359818,0.2556768451192851,13,False
65,0.1250835132537487,0.024834217676257493,0.0,0.0,0.05074487719939072,0.04372296070425458,0.13598112175918206,0.18382612648519953,0.1572703035443145,0.08514447324259206,7,False
66,0.28051762799106156,0.12218384987793988,0.059656320309787854,0.0,0.0,0.11980090981002958,0.08240778546451731,0.07446275356767675,0.0,0.07842979031877761,7,False
67,0.08793108420954686,0.0,0.07708053592375669,0.053822482960392895,0.0,0.1468956971754867,0.06428689745286219,0.09724588100083921,0.18849268116400106,0.08446753107096791,7,False
68,0.29436439305797507,0.10954139655313185,0.0,0.008386134998082596,0.0,0.06247816067625002,0.041485858587073446,0.1517489697224521,0.020375126074277883,0.13449715542693524,7,False
69,0.08555729449836158,0.1878911387433634,0.025068127962792616,0.12103068960093492,0.17486601292168355,0.0,0.048695586243767866,0.03222999936798221,0.13350721136186533,0.0,2,True
70,0.04339074708642176,0.077268881260653,0.0,0.0846189707439016,0.0,0.07101777002935265,0.2255232901709595,0.09624496741601507,0.1599502183642408,0.047533589343900444,7,False
71,0.018513393552369938,0.019079229816173292,0.19041766387315165,0.0,0.0,0.18985885855485476,0.015419251365113035,0.0,0.22081128336654357,0.1811539062086558,7,False
72,0.0,0.0,0.012673426012167066,0.3235701946426196,0.0,0.26322494483787423,0.0,0.21172405396997285,0.05215132848519874,0.0,8,True
73,0.021133354408606135,0.1052649963665674,0.06523415503911899,0.15611606397019143,0.08001347485760364,0.0067005526445487636,0.13946173250715604,0.12558141441921913,0.09918763263794174,0.0,8,False
74,0.08457920393682122,0.04805670476298756,0.15668510017636064,0.20803238662119344,0.0,0.011503574773998826,0.04374275961223571,0.13717343612808564,0.0,0.12105930681914137,7,False
75,0.10749092061703736,0.0701074065259824,0.18442838934570896,0.0,0.05771845682202452,0.13080914848509453,0.07015833288976658,0.12999186688473802,0.05027377576625935,0.0,7,False
76,0.1303967507185755,0.04541907267105811,0.0,0.07492467562636895,0.025864571322641396,0.05698501685787933,0.06150401917492209,0.0,0.18330713577483815,0.2329872386613339,7,True
77,0.07682248122252984,0.20853181954654984,0.0,0.14334294816811735,0.0647448272121108,0.1240417070908878,0.054005233507415255,0.1418394610521834,0.0,0.0,7,True
78,0.284138881460236,0.21237342473555587,0.11950215423659138,0.0,0.0,0.1826195813079592,0.048419178814781756,0.0,0.0,0.0,7,False
79,0.15547089582937682,0.09542470744343218,0.0,0.14553503476560464,0.0,0.1551421294808565,0.0,0.02478717022933386,0.0,0.25540861920491653,7,False
80,0.12476669227190616,0.06706587482070556,0.15021750949484272,0.10812186393289348,0.0,0.1175534451709652,0.07084758685575353,0.0,0.09277908659388324,0.06568825167478107,4,False
81,0.06984501967181292,0.0,0.08508409096390562,0.027969619014534347,0.0,0.07159584114472531,0.38758082001998045,0.05159859065885841,0.0,0.14079574243212684,2,False
82,0.2849205241340135,0.037613991103193974,0.0,0.0,0.1240888060366121,0.19153698295977095,0.12722012248959055,0.0,0.023508643188652978,0.04012827881703807,7,False
83,0.11194322963483005,0.13117645848310555,0.0963073751458473,0.04983166445080824,0.03578394166002813,0.10730852151927277,0.07545747752041902,0.060056485782026284,0.03927170828598455,0.07343569361927038,2,False
84,0.0,0.1225318055039003,0.22486800709326832,0.11750178076285449,0.024378649667315278,0.0,0.313817321093171,0.0,0.0,0.039450741010088566,2,False
85,0.2389616234974196,0.0009446133501211969,0.0,0.18325458810399023,0.1397086007990888,0.022309296778874246,0.0,0.12926653167125515,0.0,0.11599636501990163,33,True
86,0.008076509942179101,0.08217389452781836,0.05480428501572925,0.20854658692306025,0.14901375843525444,0.0,0.0,0.21781416809900905,0.06913599295196472,0.02794461197382529,8,False
87,0.0,0.24779193011820033,0.0669215537060323,0.11244651566430758,0.0,0.002168835394865897,0.18853518857065274,0.1433611854032294,0.05927009013335301,0.004680935785904122,8,True
88,0.08166090603224888,0.07463200243817632,0.01493414706110666,0.08618576732309809,0.026647735081533765,0.19538433097498123,0.08443672975801665,0.0846063091151552,0.0269988246203832,0.11429981645901657,7,False
89,0.12759205014196898,0.0,0.04295090151900818,0.27950444516110046,0.0,0.08367261512216426,0.11328711399142684,0.01765861801645875,0.0,0.16017501708322862,33,True
90,0.01956790571533616,0.18223186691775614,0.07618336879721783,0.13283537608049906,0.1230851580705208,0.05503353778921445,0.017415849375660125,0.12569479531704217,0.0669644080858906,0.0,8,False
91,0.16143880461854887,0.11533726623843044,0.01607526399849043,0.32144503049872647,0.0,0.13751649947845712,0.020393758100800775,0.0,0.061225561713904544,0.0,33,True
92,0.09134451582239965,0.17752256429441796,0.1749530031089581,0.10863205839094241,0.0,0.0,0.025346724937743672,0.12892876494682123,0.06268610312536886,0.037039523420040986,37,False
93,0.10487139633973724,0.0,0.004915359873819148,0.10839098700841354,0.177131343998779,0.10042215728128324,0.09966960274889641,0.14265208016399886,0.0680766585578264,0.0,28,False
94,0.06917456620882277,0.14205226188947434,0.10709868490230444,0.0,0.1800602269133532,0.032942670638288346,0.09401840821072242,0.03747711487300131,0.14131139691862868,0.0,29,True
95,0.04849991934337952,0.0,0.03035992782320711,0.1509708871452834,0.11399584578421405,0.10170878434652608,0.07110324428892846,0.06256758300450029,0.11331990496029663,0.0977855095683536,33,False
96,0.044872029695279585,0.12701005223132195,0.19907353599477676,0.065049307409264,0.10251692295892206,0.038000949887983734,0.0,0.02649940982997929,0.14399512220343982,0.05119556902148821,6,False
97,0.16093460610303228,0.08208062115030273,0.014860966619485178,0.06310411668686156,0.26893714602663155,0.04934769352540266,0.0,0.15955853100984618,0.006598542208705459,0.012687357949359974,28,False
98,0.016747275658886993,0.06314964019623441,0.056122263697996756,0.09193931051632974,0.021044096494401882,0.0,0.28622390805328407,0.11974500323309856,0.16408403150823875,0.0,8,True
99,0.05540218378569542,0.09008913242836067,0.16352325294790174,0.02397392872367364,0.06303311982429144,0.1804519451185679,0.17979343826091343,0.0,0.0,0.052009201650872534,2,True
100,0.09864407957277437,0.13285605270785325,0.06960682629480357,0.04960270735947819,0.10001679339967949,0.04599143135331161,0.0,0.09357484009481123,0.0,0.21255237767912866,47,True
101,0.0775030889105539,0.14849731948813186,0.0,0.09249923704093735,0.2629855686967306,0.0955756336754718,0.034006002692551204,0.0,0.0,0.10694045861931757,40,True
102,0.0,0.11396287958441806,0.21692007230181112,0.1716755060586523,0.0,0.0,0.03583031859937016,0.22252286755723652,0.009769837068009579,0.05773596991486383,8,False
103,0.20880773293190194,0.0,0.014277100173697214,0.04165080242139397,0.237861210486946,0.032843703865853155,0.0,0.16374590295542876,0.05040667787862279,0.07033684484807799,28,False
104,0.08024582359838753,0.0,0.020618235331836522,0.20907739606473444,0.16448759924703066,0.0975573828144057,0.015005119157404396,0.17268422869195063,0.04932842589326741,0.0036287087020750778,28,False
105,0.13091330876239268,0.024143715998963505,0.07627810179559838,0.0,0.21840373991587336,0.0,0.0,0.15517013422026524,0.0,0.2282861570109362,7,True
106,0.26984954369997727,0.07591442490697538,0.18797589701294076,0.11815438000850338,0.08837037356825195,0.0,0.0,0.08872904410454148,0.0,0.0,17,False
107,0.18552864313248252,0.06841387448573728,0.18781710353117262,0.056511615323290264,0.1456136760859281,0.0,0.05285126808954529,0.0,0.0,0.118051368665066,47,False
108,0.061889995670888126,0.17772201369089047,0.03590198894675067,0.14806526658997554,0.20847850714674435,0.1648726005547451,0.0,0.0,0.02519761658094116,0.0,40,True
109,0.23924250461010968,0.0217376275563208,0.029741720535587893,0.013761923923645416,0.03318833812320493,0.14507889892093492,0.07235388084442888,0.12466017535774841,0.0,0.12913871464171894,40,True
110,0.02064410129419263,0.10758509096095767,0.09654073615869752,0.0875157469970463,0.1383013547497028,0.1451742033630173,0.0,0.12032398739765025,0.040421772013194975,0.03779728536697055,55,False
111,0.21795772327585264,0.09258664369854896,0.12922528460607383,0.05450446219893959,0.0,0.06351538616579006,0.136263128055005,0.0,0.11901364301258516,0.0,6,False
112,0.3059223279522778,0.013262367684133202,0.0,0.2991576142547261,0.08699377676650603,0.0,0.0,0.15483983047801095,0.0,0.0,28,False
113,0.0,0.11361635730454402,0.07114063199420528,0.0,0.1288374468822671,0.0,0.17199885923279828,0.0,0.1799583101588602,0.15729060891712937,2,True
114,0.13961258517236402,0.1624130259119793,0.0,0.0,0.054367808909738004,0.0,0.16062179440959756,0.16159534820268087,0.06784063517928994,0.06627032435076805,2,True
115,0.0231946460899157,0.1541575350500841,0.0,0.0,0.07562105360661718,0.1177658771335327,0.19517353307238094,0.0,0.043552229945563174,0.21164910118341174,2,True
116,0.20832828699936992,0.09884039449292382,0.0,0.1384852430926277,0.03630092008519137,0.15048475147719992,0.15645149354974341,0.0,0.029670419601850455,0.0,40,True
117,0.10699594510487906,0.08591490948734679,0.0,0.0,0.27082422007956225,0.17540301405726075,0.0,0.054754596211334126,0.1358021150556058,0.0,29,True
118,0.0,0.15091951703126152,0.021221766593784608,0.10724047691575221,0.0,0.0819643777867938,0.0,0.09988559180377675,0.2501338871477662,0.10723870277007395,55,True
119,0.18064927669925784,0.07587924178770555,0.1185935762505984,0.11172135681031585,0.07450283957615869,0.09124193847064391,0.09848341205968258,0.0,0.04786734240839597,0.0,2,False
120,0.0,0.16113870005721867,0.0748892742282682,0.0,0.0680432694195009,0.0,0.09784058129643305,0.07314595246254726,0.13851884643210363,0.1984378225317546,7,True
121,0.07700195542479728,0.0,0.0,0.07232416159127697,0.15415100113068372,0.02904869408604998,0.12132281653088461,0.20344694781911116,0.08241673792972094,0.06468280217586675,28,False
122,0.0,0.0,0.13461458058102174,0.07667083389051531,0.1726430930126208,0.08999878253292859,0.23732871577452894,0.0,0.10384893178092848,0.007198053311724694,2,False
123,0.22720364798659026,0.0,0.0,0.21967563328401754,0.1068392130031434,0.0,0.0,0.23648829672270244,0.055490142030978795,0.0,28,True
124,0.015618645827841825,0.0708568136349855,0.07585428095335085,0.015194084448663324,0.05882910679058521,0.03451550861922368,0.0,0.20552770352807062,0.20822671380069113,0.1232399077837872,10,True
125,0.08135043930649816,0.056274887898477614,0.0767701780871963,0.0896826730355036,0.056164050997796484,0.1767590800494641,0.0,0.036141130834629456,0.09311858223363001,0.12462970261643673,55,False
126,0.12751935555683586,0.06346748081869502,0.04221374595806073,0.10731448699421077,0.04570340596445419,0.15096930584336585,0.012679691572796829,0.10389293276511011,0.07570683636169313,0.05631665986471957,40,False
127,0.0,0.12557110336432112,0.19654485861238785,0.11544753084368392,0.05535756407287181,0.0,0.17444167030519175,0.056360363346582086,0.009190509868668281,0.07695256063445795,2,False
128,0.0,0.012646176127108884,0.1632942603130904,0.15080019579048778,0.0,0.0,0.0,0.2257257925931956,0.3021117066701156,0.0,10,True
129,0.0,0.06540269982697924,0.12218356216739697,0.21559269025405256,0.0020551182884054275,0.0,0.2708819578140358,0.1078369121710606,0.0,0.04776864484241111,8,False
130,0.031966413658261146,0.17462328840022812,0.17277987477339493,0.0,0.1387079705064671,0.07167763587793309,0.1300933274904439,0.0,0.0,0.09412531747090683,2,True
131,0.10856755529579953,0.1338648550528691,0.06700796800002276,0.022274171143266342,0.2568412614888525,0.09521785167822028,0.04219828560052379,0.0016158140343339364,0.06302605426709539,0.014100394330120386,55,False
132,0.04881686396631973,0.015976941597171317,0.1502053870155719,0.2005641957730867,0.12439240415430258,0.07030670159291574,0.049890418069412246,0.04962084502816982,0.043231312417428246,0.039290963381022906,47,False
133,0.038781978578792335,0.06527129192339924,0.044431103339251446,0.16976663548183543,0.16527571559911655,0.10287951410715371,0.06770228318603805,0.029717344349539408,0.06007449982464538,0.04367782133561029,55,False
134,0.2737684019441055,0.10083375807060417,0.12183147490889296,0.0,0.02273580830730374,0.0,0.03751014182292797,0.0,0.18157937245439104,0.08652266942089064,2,True
135,0.0812318859325891,0.0938127725630545,0.09722092370787455,0.0,0.10031519949540024,0.034270982183945246,0.13360652058629902,0.15472498326557546,0.1035002272637199,0.0,6,False
136,0.00378330000032201,0.07214641772134164,0.1579408776098408,0.006690546588839733,0.1273271005500081,0.04598105506042214,0.0,0.13297281995253257,0.10826714785771066,0.15024824122995167,55,False
137,0.13960362897219114,0.0,0.0,0.0,0.019576192589976085,0.16034406533697965,0.07702799537090664,0.17292358531636895,0.1059404440281668,0.1398174707958649,7,True
138,0.17679454115010554,0.048999435396499424,0.07030102487234682,0.017401493772196713,0.0,0.17734595415801702,0.041912816200791174,0.21225584882221873,0.0,0.06845125079347492,7,True
139,0.060435229034754095,0.20950471532775197,0.21488139151150232,0.0795532679923673,0.07790919299121758,0.0,0.10091286575278612,0.00966039899135355,0.045465297092320944,0.010943217592140219,8,False
140,0.14289340077169452,0.1224895980819763,0.15999543411263306,0.0,0.0,0.01863062814917398,0.1422995458997885,0.03627011952419254,0.023381101361387324,0.16527796771581058,2,True
141,0.0,0.17444837163405147,0.10682241844301947,0.13056726295641943,0.03473924526619707,0.0,0.17236893006769224,0.17607487180924222,0.0,0.024145930954825832,8,False
142,0.04455135476609785,0.029549728758996155,0.09542151344262131,0.017668799198633636,0.12122122096283659,0.13740080809222815,0.0,0.1221508227293126,0.04363965686428329,0.1881238361171141,55,False
143,0.13255893775493693,0.0,0.1045060359161235,0.1476708617107499,0.14517677449894067,0.00600583243054932,0.0,0.18931981082400762,0.0,0.09329772529353984,28,False
144,0.07467149283930824,0.024879616276250693,0.1585208727905874,0.0,0.11752152439948589,0.0045038132748091535,0.0952616097805299,0.1090668600840849,0.10236611529080189,0.11084635280169393,2,False
145,0.08055605342327166,0.0,0.17230834387225527,0.0,0.02641562017912089,0.03461179113529942,0.0013997468993337623,0.3633203548189376,0.16702698606911262,0.0,10,True
146,0.24557446167366032,0.17952548653403919,0.0,0.047008207529756034,0.015983076766494873,0.0947025561298886,0.02994923600237858,0.003206295967867168,0.06423869251061196,0.13380501436798067,7,True
147,0.04919558030236715,0.008734074109945842,0.039362660878708294,0.17636304020409324,0.2781829163931424,0.0630458408791224,0.08626163089914092,0.02841049114085438,0.0,0.08196169624308842,55,False
148,0.0,0.0,0.15841743027117852,0.0,0.08974845764940914,0.0725915653396171,0.0,0.3495880971533186,0.17902068469050522,0.0,10,True
149,0.0310042868281139,0.04601348956996781,0.08951802933802222,0.15078504156299125,0.1458086643164906,0.0,0.0683195053921816,0.0916222832365151,0.1811490818631538,0.0,55,False
150,0.0,0.01968460780732446,0.1914411846876146,0.018631857873819706,0.07282558750156909,0.0,0.0,0.245435995036834,0.3017438439324037,0.0,10,True
151,0.0,0.048056872835197245,0.1553032933438632,0.28415270701179796,0.016811101065051775,0.0,0.10404395117546951,0.0960082927192556,0.12008043585938072,0.0,8,False
152,0.0,0.0773334689101745,0.1484208463395884,0.0,0.08025169525649438,0.025532441249094737,0.0,0.22954106374073968,0.18128223454861808,0.07690493373125522,10,False
153,0.15367557996314782,0.05350204376747169,0.0,0.0528293899084568,0.07527443013187798,0.11625582019258839,0.1373114834254336,0.03368802447353216,0.08417467393996975,0.08420583313491835,7,False
154,0.05767800982372317,0.0,0.06324432067354498,0.0,0.006395034701102783,0.15478214381675054,0.0,0.2738062937066239,0.23503147381866876,0.04346443525041722,10,True
155,0.024793180904378858,0.0,0.20904004663349926,0.1537569195756591,0.0,0.0,0.16543624150915626,0.05550843212516926,0.22584237345433883,0.0,11,False
156,0.12868655663699582,0.01874197200724415,0.03003314466569136,0.16612544580399885,0.0,0.17313062308459487,0.13959315594949792,0.0,0.009612069889832597,0.14979935114804704,55,True
157,0.0,0.1153271803594879,0.12328507508088812,0.2893762218132274,0.0,0.0,0.10313438780194878,0.12478952351270425,0.0,0.07245154637241667,8,False
158,0.0,0.08136693215926119,0.10484264981344775,0.0,0.1531806201444206,0.0,0.0,0.2366274020439163,0.1857339555876337,0.06562689345637625,10,True
159,0.13742291795354702,0.20109463471714673,0.04604098986037781,0.0,0.11309480474811698,0.0601656124300934,0.21263958263784574,0.0,0.0,0.048071375499395254,2,True
160,0.06830296713811465,0.07015895036061758,0.0379652802217315,0.03501017474351421,0.16537765469019974,0.13690939574090205,0.1701793264773605,0.0,0.07557940131785278,0.03707111593866617,2,False
161,0.0,0.08927504418464731,0.0,0.1357458656271982,0.12499854979937104,0.19788950440262065,0.0,0.1530284102482773,0.06313399693115833,0.04891519291075525,55,True
162,0.20386868440821954,0.0,0.0,0.0,0.2513269561095983,0.14853589723307695,0.03207461157023385,0.20458796304666774,0.004478705507923459,0.0,28,True
163,0.0,0.008108982101228424,0.28638849762374663,0.0,0.08388968158336996,0.15090356356525148,0.11283040493931568,0.0,0.15133864601527816,0.03537381200806285,2,True
164,0.03906111612918758,0.0367646469949725,0.14535475531197772,0.0,0.04338412229934666,0.09006430296698063,0.10099091794844821,0.038916800545951896,0.09570999822034806,0.20738863812024,2,False
165,0.0,0.0,0.1333811870113278,0.14016639344767817,0.060932237472013324,0.05862152514838877,0.1481337348009334,0.1609275666934553,0.09492651341258344,0.009533374524919149,8,False
166,0.17054909629092369,0.08077458971694973,0.00490732082043153,0.08424682676018402,0.07783973978854758,0.11768583394199437,0.0072404725710859185,0.09941578477791738,0.0,0.16075561901519556,55,True
167,0.02178251790480489,0.2403650289688043,0.13115687272941942,0.0,0.0,0.0,0.28839328103699946,0.0,0.0,0.1705913118440673,9,True
168,0.0,0.0,0.0,0.3983297576355064,0.0,0.0,0.006270259652953966,0.23605584964984214,0.18054439843595899,0.048698786800535465,33,True
169,0.12705174025750846,0.02004289371472985,0.002835327708867923,0.3987476314840378,0.02778652054044912,0.14315893447875747,0.0,0.026551071618334518,0.0,0.0949509619395066,33,True
170,0.05290707512749194,0.12150051450974411,0.027142408922073376,0.0046444322670533555,0.14461543967816365,0.0,0.1733472191428435,0.0,0.2026256747208658,0.088177364619595,2,False
171,0.12592593034657262,0.0,0.061074239551334654,0.23500547566216043,0.0,0.19795737130945448,0.0,0.031621733712297796,0.06736142076400571,0.1010052997825498,33,True
172,0.0,0.037783131778263056,0.20405151311022152,0.0,0.23386825493454955,0.07787194133422172,0.08982481061487124,0.002168935796235824,0.06284851074020852,0.10915377500628809,2,True
173,0.04650287170580778,0.0,0.0,0.08802424455064306,0.04995604787753222,0.345948755543995,0.017689661891578425,0.0,0.15354760437914064,0.1312366193269293,55,True
174,0.18157431165189522,0.0,0.0,0.3509167235698198,0.06482565078982254,0.0,0.07976113003074753,0.06255077634894293,0.0026465628168333816,0.09457921304122822,33,True
175,0.14217249587345412,0.08674528308227453,0.187219326387002,0.0,0.13552992494326097,0.0,0.0635005525637792,0.07172691165129663,0.08738991969326394,0.0287788306976596,2,False
176,0.0,0.0034034763182622042,0.024696200890938415,0.0,0.01878793215408066,0.10306442576562248,0.21717379954219584,0.0,0.3271395578771997,0.15070398386637698,2,False
177,0.0,0.16273625929535626,0.12785734307603944,0.02184825312562759,0.0,0.0,0.2581394165673717,0.03225926075601138,0.0,0.23799459012883026,9,True
178,0.026221726025970303,0.07875679734546423,0.08852058384113239,0.053880249928931034,0.0,0.0,0.33395711212512547,0.12954243475472216,0.03918784234599562,0.06885967240956647,2,False
179,0.0,0.13345494799509705,0.10866836552479417,0.12003340513398583,0.0,0.18500167661841843,0.263060956068072,0.0,0.0226411788438668,0.0,2,True
180,0.1469442837911812,0.029524737692651876,0.09271828458718007,0.29519025717046266,0.057730657293250956,0.05856876545916572,0.0,0.0,0.05122025776552426,0.08206806552958974,33,True
181,0.1603707520593358,0.0,0.0,0.15303635199396887,0.12337585276031095,0.0,0.1537252589283965,0.17202396307724163,0.0,0.06057349835512335,47,True
182,0.0,0.282860933248606,0.0,0.06785517537285467,0.03488948924293093,0.0,0.2462461217636229,0.06578547453684383,0.07157122877166751,0.05928718383858372,9,True
183,0.0,0.0,0.0,0.0,0.11189663288325652,0.0,0.42445282808878987,0.17679941865226684,0.15616214734618453,0.0,98,False
184,0.07051783533428395,0.010104170752400629,0.12129236044357915,0.17319568838792165,0.043351125623312836,0.17729966357163454,0.0,0.14319764962044645,0.07046409521183183,0.0,55,True
185,0.016810365706708595,0.0038197562113823163,0.11505758581575642,0.07691903494970431,0.12195284506085168,0.10029180115982551,0.06011326790554056,0.00026944449711911966,0.10183341712598665,0.20561638218586495,55,False
186,0.028835304210710247,0.0,0.09176587230429478,0.2290354408498605,0.14812995510281876,0.17654661056144333,0.015247100162865547,0.0,0.022762840936129587,0.1047740534215852,33,True
187,0.0,0.04872828481902101,0.05161617103236354,0.0,0.043895926275881424,0.023263567224238522,0.0,0.2928808566596812,0.2562013834767352,0.1179361822010683,10,False
188,0.0,0.2688769750946912,0.12080160518895769,0.11373806485596209,0.0,0.0,0.12286306269630977,0.17412902885398573,0.011267644225292209,0.017506185461478203,8,True
189,0.0,0.0024519772785074386,0.0,0.20698953672365272,0.0865521472383259,0.10129165801508298,0.0,0.050406136834065134,0.18523907812828377,0.1935625284898509,118,False
190,0.0,0.09270838625960465,0.05985151449257417,0.017117720943179298,0.0,0.1194200290471334,0.25776319229580286,0.13011725000479107,0.14413086495909433,0.0,73,False
191,0.000839988585548535,0.16211358568472978,0.019228953308676994,0.01813002729975127,0.22368334685299598,0.19414051650852562,0.013100178712229031,0.13119226453558627,0.05935458155450983,0.0,29,True
192,0.25495666605785894,0.0,0.0,0.21641245664682415,0.0,0.06235143994178838,0.0,0.016612201226454574,0.06792542707558077,0.22318478874635997,7,True
193,0.28320952249650405,0.06045536637042786,0.0,0.16074270675778038,0.0,0.15098264301086872,0.003326319591811322,0.045794149415996264,0.1227215398348051,0.001986356396611919,7,True
194,0.0,0.04100045251790853,0.09955101825420705,0.08597320041978626,0.05181915617245416,0.0,0.0,0.33200183772156244,0.23145747616796938,0.0,10,False
195,0.169220828363292,0.12768052595856008,0.0,0.0,0.21579616880029587,0.0,0.1994173032475717,0.0,0.12613852336329706,0.0,2,True
196,0.09512694446990484,0.09817671325843519,0.03410139905565153,0.16198107145130264,0.0,0.03902432661939531,0.08073708123204697,0.026576651504781577,0.09768157547867645,0.16206641175496467,33,False
197,0.011445203176887988,0.09151762684900804,0.06451088212315022,0.09184741720104529,0.05071842780114586,0.0041869632755593056,0.18398812244913898,0.10054064376955738,0.1252104452990798,0.069094333826311,8,False
198,0.10291276041243527,0.019397302358148735,0.1821701340019344,0.0,0.2326627167330495,0.04232151040378623,0.0,0.045218969773143144,0.07407088056247885,0.11349191016522799,7,True
199,0.09016989146781355,0.03045204778221191,0.067078447594614,0.1505809195910511,0.08459777380187108,0.08194494265379035,0.15974996715389414,0.0,0.0,0.13672441608422714,2,False
200,0.10821499031181665,0.1273409143542202,0.0,0.0,0.06952827502918607,0.014802966468603044,0.0,0.30525938452983264,0.21555445473425847,0.0,10,True
201,0.018870503884846967,0.0,0.027636712674238034,0.319423546938885,0.11903564437101315,0.173147074028257,0.0,0.09473866978918424,0.0,0.07812103335204774,72,True
202,0.1207273673428556,0.09499689287507761,0.0,0.15065905973496926,0.0,0.0,0.22850052547874142,0.0627304377331787,0.0,0.168175805077067,9,True
203,0.23326101494685486,0.0,0.1648280574364529,0.0,0.06815828217048202,0.006199675521264977,0.0,0.2208004238349466,0.0,0.14558962523569377,7,True
204,0.16013924951245123,0.16265769966019475,0.08748785804630088,0.06203709189108968,0.03977058668367641,0.13739826308151276,0.019816100513618318,0.09862148662672214,0.0,0.030272370132248965,40,True
205,0.0,0.09095176969774149,0.04527584825252766,0.0,0.2512671270514673,0.2807314409853751,0.0,0.10829374399873674,0.0606034021030547,0.0,29,True
206,0.0370290405688273,0.1493627347832922,0.0733754715486332,0.08978736473277008,0.009850519815803427,0.011320181854753624,0.05261531336133969,0.1120835228876766,0.21987198105693534,0.043089401066605824,39,False
207,0.04214608382872093,0.17958233758200784,0.08383938040737121,0.0,0.11028028624025933,0.043737209392995274,0.14737978203572893,0.09086211434424045,0.0,0.10384456576811897,2,False
208,0.09125444985771511,0.1430212476409364,0.06381748080035166,0.0859634672978122,0.09201897041363745,0.05388486590582331,0.04224934476457842,0.06622076148353112,0.08325211482474228,0.05696062480429993,69,False
209,0.05316385021797213,0.0,0.01776374670452332,0.09736197548234583,0.0,0.20325554992770245,0.040326766806065804,0.10208464794343569,0.07328695890698315,0.22561756316102166,55,False
210,0.0,0.0090526679020106,0.5435274701436982,0.0,0.0,0.07218088953333938,0.14957032417963365,0.0,0.10634900539025363,0.0,29,True
211,0.17673793453393583,0.09162190597145307,0.07053303644307553,0.09230589376622415,0.08190286676903034,0.013447772089241205,0.00733374515548053,0.042924220774613296,0.23122668895872978,0.0,69,True
212,0.01394120550104008,0.05349074560553097,0.0,0.12578452431650583,0.1263718169412883,0.0,0.089490164614351,0.0,0.06381168751642173,0.36009543174480424,41,True
213,0.09026631061435904,0.06393327836405381,0.1111225829064764,0.017331878314228347,0.0,0.12313837581702526,0.05185939607841156,0.11165005620252504,0.03949050733822491,0.18731872005967892,7,False
214,0.14998061875190588,0.0,0.0,0.3122005867028974,0.0,0.08497909547410212,0.07854103522650123,0.06979232671661326,0.0,0.13672734582651408,33,True
215,0.06337442393602045,0.0,0.30942301416751655,0.4428524602591851,0.0,0.02213214423820878,0.0,0.0,0.0,0.04043340972832182,33,True
216,0.08874695171714563,0.10246243828107733,0.11838615669769313,0.08758133953130219,0.004815627828172246,0.06737465595616597,0.010469010283513783,0.17211742918657072,0.06570565589926068,0.07357977739150597,13,False
217,0.11403958991911016,0.05471439235996512,0.18055691102364516,0.1547675311845906,0.08604368495149062,0.03676110573728076,0.0010066257466593324,0.0245473147890246,0.13206008281055528,0.01584661339865978,6,True
218,0.0,0.052785592891658475,0.04692199743434395,0.044727159483915674,0.0,0.12607446262718783,0.0,0.13990135014618046,0.36267543075924075,0.05844627266877535,118,False
219,0.0,0.27699764904259033,0.0,0.06629631083330537,0.0630710091232424,0.1547749195980141,0.1259718500529371,0.14277644288700908,0.0,0.0,29,True
220,0.19108528212379045,0.06828247825856741,0.0,0.0,0.05832601571582523,0.15277742143758558,0.039497598406599346,0.11612943561237783,0.1904216246560754,0.0,7,True
221,0.0,0.0,0.03800527928339646,0.01712326092874246,0.17263309096498575,0.0,0.15833071618626487,0.12377617932225429,0.3341704010843716,0.0,10,True
222,0.15527710658026037,0.0,0.04041643999565656,0.2698796951310147,0.0,0.03528579293862392,0.0,0.0,0.13431805284912482,0.20111326113709668,33,True
223,0.06700789410752689,0.1416302656389918,0.07618317673705256,0.06417054476282992,0.12335356189913776,0.0,0.2540629994037805,0.0,0.0,0.08916765789523118,2,True
224,0.019527633241726156,0.19762783908628462,0.19624326532910724,0.11084902025668127,0.02020446095853694,0.0,0.1760361771196999,0.0,0.0,0.103890340424783,2,True
225,0.2079352364920609,0.11058821113654026,0.09453386592489964,0.0,0.0,0.3347516251768272,0.0,0.009775648471791866,0.0862493975852229,0.0,55,True
226,0.03779117015285091,0.078573578468689,0.0,0.15065722680342314,0.0,0.05160034643586402,0.1525653316550162,0.09967463378058776,0.07078494990172242,0.16064835079796957,7,False
227,0.0,0.09182697041883725,0.0,0.232763846728026,0.240933274718759,0.02054939452843325,0.0,0.12656628705868747,0.12184949066441265,0.0,69,True
228,0.012090656963471707,0.16961433265248818,0.0,0.0,0.18017103000785478,0.09517080810961356,0.16427684379525598,0.0026915350246616023,0.11917838174925932,0.07339881189944253,2,True
229,0.15425961689496848,0.07062629140226426,0.02547382917959473,0.09905520012783613,0.04990708113962978,0.08100536347064696,0.029264670499162208,0.02241794468391987,0.12316732161925534,0.1328730457610261,33,False
230,0.0,0.0,0.128609335018554,0.07057514239724964,0.17925116793850224,0.13415919649004013,0.019002918291655988,0.11082611373939819,0.05753838780488456,0.10393715427704799,55,False
231,0.17948304109364915,0.11000449608145553,0.0,0.0,0.055230942872095956,0.12929006585826086,0.05766839596567014,0.008649562252095783,0.16588653110611826,0.10198208750962384,7,True
232,0.11884743622466122,0.168432968162095,0.14366542690750106,0.0,0.012461591533229862,0.07075246631534024,0.0,0.037707318874455276,0.10196980710884034,0.15360810102938727,7,False
233,0.11971612931820527,0.13160398822197886,0.050869987463137804,0.15968767423818583,0.07291076065071811,0.005580078328020061,0.14475080944219618,0.025073985188887364,0.08995067208588572,0.0,69,False
234,0.0,0.2575193967268866,0.25538690718762963,0.0,0.03036990150937066,0.04781452666944894,0.0,0.15294173518500528,0.0,0.09473929263004453,13,True
235,0.16993205851626184,0.02933249988989451,0.0,0.03258318778977337,0.0,0.1600755766462475,0.014607166843755699,0.19917723503181992,0.07903711495610419,0.12962361970210823,7,False
236,0.13648499252455795,0.03071637310372632,0.0717079115108304,0.21688016782123887,0.017729914650611328,0.031015021950474154,0.2008792653242456,0.0,0.0,0.11039903181410068,2,True
237,0.11507133530260058,0.09974926871275305,0.17172543526792397,0.0,0.0807844815424602,0.10073275022856414,0.0763375108775143,0.06072713520148486,0.05196133138315877,0.033605831582483155,2,False
238,0.009498654699754144,0.2741181021172597,0.0,0.0,0.0,0.14304459363921315,0.07607591378247175,0.0,0.21950398176836342,0.11722577987836834,115,True
239,0.22104653405382296,0.0,0.0,0.047741960931067445,0.0,0.2629639259051202,0.21181880987879584,0.0,0.10389636937329347,0.0,44,True
240,0.2134520498112192,0.0,0.143023648565216,0.20303710306374004,0.0,0.01370786230124126,0.1656526473654175,0.0,0.0,0.09456038896890624,7,True
241,0.0,0.0,0.17531980922793278,0.006160230962368461,0.07659781973513954,0.0,0.0,0.5719234359653295,0.0581309915127492,0.0,10,True
242,0.07468613030135565,0.12082430302380126,0.0,0.0,0.085205744166923,0.12926589537927574,0.20124119337794785,0.13430546153234968,0.0,0.06541234402644754,29,False
243,0.0398333922330139,0.12262278462936389,0.043052822914548726,0.0,0.0,0.10448183529305136,0.05176297016332635,0.11051820181104728,0.0,0.3577545948646648,7,False
244,0.0,0.18713337542592576,0.17522710762608668,0.07066943360262377,0.0,0.0,0.2232356804983855,0.0,0.050623850964750694,0.12191993711269862,9,True
245,0.007742904100743089,0.12505388823816949,0.22240340466539363,0.20280161258978022,0.0,0.0,0.09130909762234878,0.18696025317679935,0.0,0.0,8,False
246,0.04330729523215837,0.25428171425649637,0.17387795473075862,0.05867330223380981,0.031309098697285015,0.00329021684437513,0.1169559321376481,0.04688089881078232,0.05627813707681176,0.02057481115458314,8,False
247,0.0834010181090346,0.13019037149240176,0.0,0.0690888953207696,0.09949367554457278,0.04514933136257195,0.13698858486165813,0.088049617601869,0.07021346937230108,0.06495041625823093,2,False
248,0.0,0.0718056518731097,0.16198506774641472,0.09799206108395843,0.0,0.02804863617114281,0.05551968808916023,0.1732126484898476,0.14454296309856834,0.07108387294384938,8,False
249,0.24718532721862715,0.010716506785964126,0.0,0.1726565532295614,0.0,0.05658814817943903,0.03476456999945083,0.049969886393003586,0.06912466607149795,0.17776264112389523,33,True
250,0.020643007108355288,0.08854904106404288,0.04580826902774996,0.09201664040841782,0.028274272729563902,0.07176809598599086,0.39966065972482184,0.0036099530573107,0.003611875985676156,0.07147955978117257,9,True
251,0.04982241009764549,0.09488995744811914,0.0,0.10649105594989915,0.23230443428626893,0.0,0.0,0.1545332098151609,0.05522944810435445,0.12201685057114796,28,True
252,0.143758857425413,0.0,0.03227409317874075,0.0,0.0,0.2529776432694403,0.0,0.18089914482892966,0.0,0.23834016099953703,7,True
253,0.14857629172062717,0.008505176568077772,0.16873011109298955,0.11069274841522163,0.0520621934862193,0.0030246705581832307,0.07905310194110544,0.11917924392272371,0.11457682683142163,0.0,8,False
254,0.0,0.14753854687654652,0.17219676891764737,0.20068328335038374,0.0,0.0,0.06709124494667504,0.08805428555203945,0.14896442002586485,0.0,8,False
255,0.029424150747229504,0.0385938506981438,0.03436282051706451,0.051309116596719904,0.051461689708753214,0.16204068066651858,0.0,0.3061638033976174,0.1480869317862622,0.0,10,False
256,0.17506496388405177,0.012614469403109771,0.18199521719828857,0.0,0.07933711706626029,0.0,0.08676329639355675,0.07167015416769776,0.0,0.21429360413127124,47,True
257,0.0,0.10736517896597929,0.17442524717103608,0.0,0.0,0.0,0.18482058651604277,0.2620104374659928,0.0,0.11226769635364978,9,False
258,0.0,0.213967978647752,0.2031752574499203,0.007436135852443792,0.0,0.1570015509989993,0.0,0.1551360049750891,0.0685110946109724,0.023747299502892977,8,True
259,0.17097064064130565,0.10393841941798448,0.1951885648511285,0.0,0.0,0.0,0.1164558756053105,0.07234529258163243,0.03849307242091045,0.11614159226351636,140,False
260,0.0,0.15476334997901728,0.2334814580239987,0.13966363998925657,0.0,0.0,0.06366243295414205,0.17866035108834097,0.058174361848356955,0.0,8,False
261,0.16615720819222643,0.05797898823509869,0.0,0.10590297259926269,0.24139473597811797,0.0,0.014346925452224641,0.005764399593696878,0.0,0.24469723666805565,47,True
262,0.010658490365719262,0.16609271815106086,0.0915194993062195,0.0,0.0,0.050552266089688346,0.2981165918199727,0.018236653846352088,0.122730697077082,0.06465147444352055,2,True
263,0.029951787085383937,0.17417139267721432,0.29677105104875345,0.05997199944913753,0.002979241916097512,0.031950011109689036,0.031528586259025146,0.06301401802813404,0.0,0.1281884746005479,13,False
264,0.037002688502974765,0.0,0.128338720176722,0.07731387861773847,0.15977524095963766,0.19799035541347795,0.0,0.033757871857530104,0.09525903603525905,0.07611426912177371,55,True
265,0.07559881783506928,0.0486789913012796,0.1000331127688311,0.1636391277475171,0.1944115852028838,0.12539481703506122,0.0,0.039202972477189665,0.0,0.05765537386539317,47,True
266,0.01737023744464697,0.09351329130870933,0.1388706664189156,0.0,0.1501084898920169,0.0,0.10187616350726547,0.06442455121108233,0.0836003567274141,0.1532621914247106,47,False
267,0.08298389309624125,0.0,0.020236090093218754,0.19125646107114214,0.1179872400216837,0.13421266012626357,0.12443187188369424,0.008435023651262585,0.13141864193447936,0.0,33,True
268,0.19347664766299189,0.033285845108609186,0.01549526575454268,0.08548448961090958,0.15573168512588145,0.0,0.0,0.23720174382672093,0.03545738628975618,0.061598200165012135,28,False
269,0.21544222539246233,0.0353130381985903,0.2581752721136641,0.009737303210215618,0.0,0.0,0.062478190543983576,0.10653981621763076,0.057010170704612964,0.07463595397125383,7,False
270,0.08355250769621585,0.14068778610904473,0.1627133823948132,0.05064103093674853,0.05982588098999647,0.017115176969409947,0.2157375241450745,0.0,0.028885000386293273,0.04447793645751249,9,False
271,0.1194381418004771,0.12940135407258982,0.1994935510570532,0.0,0.08754540869654469,0.047978450610767207,0.21703166266551355,0.0,0.020008278623866862,0.0,29,True
272,0.04823699618640288,0.0,0.34707429325577904,0.028394398616582977,0.0,0.03694119034414007,0.08904269621649293,0.11091897125030797,0.1657595223228242,0.003998507804763192,210,True
273,0.0,0.09273804311025839,0.18475652033319903,0.0803406607630868,0.022387434841107973,0.0,0.08462138977561746,0.22732309725670025,0.1265038389573357,0.0,10,False
274,0.0,0.16022489286503025,0.004988854632018684,0.060731454259802614,0.27386947529514993,0.061511078774696276,0.1491755019341357,0.04824366080472906,0.0,0.06037204486480603,2,True
275,0.16457221647059628,0.15608906315194862,0.1234853457903657,0.0,0.12888142059045926,0.11857958162751606,0.1285094221485003,0.0,0.0,0.0,29,True
276,0.05965827828441345,0.06750066567373007,0.14529892229906197,0.0,0.2387260537197127,0.0,0.0764585923440965,0.0,0.019995191825235282,0.21657971115341132,47,True
277,0.0,0.0,0.30206465294930057,0.0,0.07095367287039435,0.005587379103131206,0.03741690146093712,0.1601983569427549,0.1140699219438474,0.1410782044842746,10,False
278,0.0,0.1797042799738471,0.15579092896382624,0.10451902109046064,0.0,0.010016380254382737,0.07217081107093448,0.18754336613967698,0.10946245423157547,0.0,8,False
279,0.13257625022019218,0.0,0.06981898695002164,0.0,0.0,0.11276539599680119,0.01732793642857983,0.312514388930752,0.08761310503651162,0.09265166431401645,216,False
280,0.050077145398136874,0.044739596299866534,0.1184756297836266,0.0,0.2601292995636998,0.11539430054461809,0.0,0.0,0.07874642525102295,0.1509698498072866,55,True
281,0.12273178394399212,0.09160128889816059,0.0,0.06716629878816023,0.13355111220305188,0.0976189452430173,0.005859398078170956,0.1304797434351992,0.039095033213013386,0.10714205814441762,28,False
282,0.0,0.14568037757710167,0.08758630082387459,0.06846680966426737,0.07565018589861064,0.07031347966890926,0.14864700483395338,0.21681269654862587,0.0,0.0,8,False
283,0.0,0.08660984581090149,0.0233378080432585,0.0,0.19329670587153167,0.17104260081678144,0.17862810042641628,0.12515933434272275,0.04164445100589827,0.0,29,True
284,0.08695979296971693,0.035190370559853225,0.13784699767681508,0.0,0.082512849493452,0.005977685125338556,0.09449102965539481,0.19365385858099135,0.1747391499645573,0.0,10,False
285,0.21594979650116117,0.03958338534194181,0.1586294331100557,0.021712326265971728,0.133712998035051,0.0,0.11893558679416821,0.0,0.0,0.13088151079207658,2,True
286,0.0,0.26676608874385854,0.01799437829098837,0.0,0.2569070384944513,0.0,0.0,0.0,0.005147123098555379,0.32696073122542235,2,True
287,0.10112139112032166,0.0,0.00870783181314693,0.291503736612431,0.0,0.21619512021637044,0.17640013757622142,7.610073406502792e-07,0.03366853099905775,0.012975435990845203,33,True
288,0.04430944486583192,0.0,0.1983582750765003,0.07959639129820836,0.23996934222027022,0.036203765039727484,0.08943618933361003,0.0,0.0,0.13296204116583882,47,True
289,0.0,0.12519635663450346,0.06594569557608825,0.0,0.0978011057507277,0.0,0.038325000918648766,0.06169145875947293,0.16009400255721273,0.27124341555870757,47,True
290,0.0,0.09040156987614069,0.12041895242821242,0.0,0.18238618692066888,0.0629879713174148,0.1397049550751326,0.14890258137612813,0.06609532648363052,0.0,2,False
291,0.07974743807039954,0.009740068784377944,0.0786868917894335,0.08058259277063294,0.24285153753608762,0.048175962225836706,0.016570819416585423,0.0,0.0,0.268970820575281,47,True
292,0.0,0.15242643978267936,0.0,0.17320525167927747,0.0,0.0,0.19413608588044107,0.16018339891995886,0.037411096830914564,0.10946868187448226,8,False
293,0.024089477379709595,0.1472039676292566,0.12711263436402798,0.0,0.0,0.0,0.3367551113963686,0.0722270209935587,0.0,0.1315209014472513,9,True
294,0.0,0.0,0.1844932348516816,0.14461018098739253,0.1142276814418828,0.04921801926064652,0.0,0.25709948847411784,0.08014340623883795,0.0,10,True
295,0.12549501098046062,0.0,0.20921689065428997,0.04315066697731976,0.11797788516820022,0.11737628583564153,0.05029374024864484,0.04668800435610283,0.07067378089488222,0.018039314825155913,7,False
296,0.21460757503975747,0.0,0.08088837478176411,0.3858989042815718,0.014177382301809387,0.16680871229220318,0.0,0.0,0.0,0.0,33,True
297,0.0,0.05916165146504136,0.15783616936239242,0.1606817079295952,0.08640902917506806,0.0,0.0860905308179692,0.24658301077398942,0.020063227432814645,0.002806716543732848,8,False
298,0.04345627223288947,0.0,0.33344776926942477,0.0,0.025281662618876235,0.0,0.0,0.28748693393366,0.1730278738116087,0.0,10,True
299,0.20793438136866826,0.0,0.0684128934492699,0.19129648810032712,0.01406817591839717,0.2214334832187558,0.05692353550471764,0.0,0.04077090800831273,0.020747059100701577,33,True
300,0.0,0.08932520685526918,0.06004922588926827,0.1842397653696451,0.2425323252242779,0.059680100317342874,0.0,0.018508494885466707,0.0,0.16946635305956792,47,True
301,0.17666938586375922,0.0,0.1289210785735524,0.3537416140369604,0.0,0.004989122057315551,0.04965197914081576,0.0,0.0,0.13384682954786417,33,True
302,0.0,0.0,0.15560552120439833,0.24202733945958213,0.0561586556106454,0.1635255019985436,0.0014321751460658054,0.08745791768135333,0.0011437281314680722,0.11805483289728998,55,True
303,0.04153794663359624,0.025649385030642246,0.13237550556716804,0.22180690179466697,0.008954120180738413,0.0878347475341135,0.08292256101445675,0.0,0.10309037447775876,0.09822901473311837,33,False
304,0.1775595068303944,0.0579962411731575,0.011776094417430247,0.32048560696993716,0.0,0.16316968995863546,0.033900467339740385,0.0,0.06990157804526224,0.0,33,True
305,0.0470114920444397,0.09314748034410487,0.13259113571199557,0.0,0.045149780050004314,0.263832788594553,0.0,0.07394725614017403,0.04249057854238106,0.11127242682893038,55,True
306,0.08398809127931374,0.0741934873675586,0.0,0.031693811878410194,0.09548299212147578,0.2011917954811678,0.017640055976260834,0.1304195769342364,0.05300407483945566,0.10990659946670608,40,False
307,0.19957991810580253,0.0838642294410256,0.0,0.14793759405179766,0.0,0.03789275069061835,0.04483136516156893,0.05259953059243895,0.19987450949868826,0.043774009084467415,33,False
308,0.1112303595653187,0.12943449860954148,0.11458219412737729,0.029937475021497465,0.0,0.054173644833981745,0.13364162162476834,0.07065276840251679,0.07981237932881705,0.06634837712709966,2,False
309,0.11484708161131114,0.05976524461142952,0.0,0.21872711089482336,0.0,0.0,0.20638739438656473,0.09485021621078876,0.05324609581682044,0.0692608163448953,33,False
310,0.10744000253070689,0.16572313477788858,0.1329578365157106,0.0,0.08266381337482956,0.2133683130335417,0.0,0.013063552031527436,0.06806382216866996,0.02827185954642018,44,True
311,0.10476900874944413,0.1364700980829726,0.15888492349876243,0.16392846478507625,0.0,0.0,0.0,0.23249931153665432,0.0,0.03248140605453725,8,True
312,0.10681231891168055,0.030548180755855078,0.0,0.24611380776221883,0.05213173436699228,0.0834590769838221,0.17680009335512234,0.0,0.0,0.12390434024351885,33,True
313,0.08381646762178639,0.23172478883653233,0.08194649270236376,0.06254908453985501,0.0025604710875483127,0.0,0.12298485549397202,0.0033675448565426164,0.013493169027277211,0.2177535657653373,47,True
314,0.06588715977753197,0.0,0.07968607396104131,0.007166382085379585,0.0,0.18484812563165343,0.0,0.33040240107921215,0.17770212024291437,0.0,10,True
315,0.23753291806692517,0.1755826695926716,0.0,0.02941340211370316,0.0,0.16910746038051763,0.0,0.025743980653914943,0.2008611521927231,0.0,7,True
316,0.010137459277844067,0.07647796277689362,0.177885752770465,0.0,0.1815531891808306,0.0,0.18061194991481122,0.020698131257934245,0.0,0.17983150533643666,47,True
317,0.06383255941245758,0.11589610099777192,0.08453095818406169,0.1638250172361566,0.0,0.06916668013775748,0.17330907621464567,0.02148003761213031,0.0,0.11186359758245754,55,False
318,0.0,0.0,0.17024038836399738,0.08561570810649537,0.0,0.0,0.0,0.4254285717801241,0.18962504085304926,0.0,128,True
319,0.0,0.03158505118154017,0.210602262147673,0.045781800256469954,0.15076211424537245,0.0905076779374983,0.15560961047441477,0.06007029286547871,0.0,0.06269699946454442,55,False
320,0.0,0.0669989498778043,0.07371661795483826,0.014969904899979802,0.07411006445606408,0.07583552400072545,0.0,0.04261260990146227,0.3418528814093996,0.1309269677291477,118,False
321,0.07748392762009285,0.08862101129367576,0.07843445823415687,0.001675762078635595,0.16504664587295517,0.003031062971066204,0.07567718247542396,0.0,0.25722671467721875,0.06634711938995382,2,True
322,0.10993389445902949,0.0004360881051916841,0.0,0.06181365305238854,0.0935718486098315,0.024560882666096653,0.053652636240067136,0.23046240483856065,0.2501810646915558,0.0,10,True
323,0.1463363011652739,0.0052501852549414335,0.0,0.0,0.0,0.20922081703588408,0.24425947707661308,0.048281144085258125,0.006777568714664695,0.17783603156822936,7,True
324,0.12883870073127363,0.06889235561729942,0.2116842080968573,0.14048320581023332,0.05862958204661698,0.0,0.1612532868970622,0.0,0.0,0.0457305804760299,40,True
325,0.15876318364761638,0.006873020837488091,0.028002609831831782,0.20519947795566257,0.05275234394289264,0.0,0.07881225449172648,0.13142155160931654,0.15245039438872843,0.0,8,True
326,0.18421528593359993,0.06926298115843436,0.08195000638312186,0.0,0.1641185436548922,0.0,0.11082174106217679,0.0,0.02192397854667923,0.1852659224727686,47,True
327,0.1655253722409102,0.032593433778335575,0.0,0.2844699929477157,0.023175186187781905,0.124133353167872,0.20620033059690115,0.0,0.0029051234691754415,0.0,33,True
328,0.2217900897870596,0.046836173642340995,0.0,0.2569992633607975,0.12597190371324674,0.1055341060465751,0.0694641760599985,0.0,0.0,0.0036133439685289833,33,True
329,0.15675711995815028,0.03793249711805956,0.0,0.3457225235081919,0.0,0.0,0.05774975325898273,0.007250651559121415,0.11106347403844459,0.11898935040960372,33,True
330,0.12833317528617325,0.20824620985246006,0.23051686300694657,0.012051417816986699,0.004424760403568999,0.05131831049980834,0.15345169375838769,0.0,0.005508907711470575,0.02958638622062104,2,True
331,0.0,0.07527607939136696,0.03744026467204142,0.023866088421013353,0.16288346787118574,0.07481896922010506,0.11842337517913701,0.028720954127088433,0.12461338754542003,0.15112417206226467,47,False
332,0.10941289407312987,0.19894932731294054,0.13184221779752142,0.08233501906680138,0.017693099671164208,0.0,0.15562097108120776,0.0,0.053929081295705526,0.057404561003984965,9,False
333,0.1668820659811117,0.09885061583891355,0.17649830528318036,0.10169327417823441,0.0,0.0,0.03423803131164586,0.1581657363199582,0.0,0.07733648496216526,8,False
334,0.021013589045683928,0.02919993187511484,0.0547743670045443,0.0,0.24529767405827319,0.0,0.0,0.1697315415941011,0.33059662995964195,0.0,10,True
335,0.1799066746506231,0.0,0.0,0.36099590865892334,0.0,0.0,0.09468660491755071,0.029095127538194935,0.13071514935236145,0.048141721686374234,33,True
336,0.18440883750731216,0.17850983458881722,0.1543675753559323,0.11330754760031127,0.0,0.018587313984767526,0.11540926014386711,0.014574614333147842,0.03539283314814159,0.0,8,True
337,0.12096931802444516,0.02154837366707107,0.05918479765849173,0.0,0.21795452340473415,0.16087261456894858,0.06478288728517684,0.013656462577664952,0.0,0.15552016944302657,47,True
338,0.13568329443425514,0.1938728951417024,0.05940648886653713,0.06321414815166448,0.11535127945334478,0.047840916847158146,0.0471920929854934,0.09487053893057666,0.0,0.0371785798039281,7,False
339,0.14045193536556924,0.03982876628147601,0.17144549551147636,0.26018986949008344,0.06189519033767706,0.0,0.0,0.0,0.10564404878833718,0.04218296239632213,33,True
340,0.058866875166170576,0.12358889498540185,0.0,0.18001912692589836,0.0,0.009580597827260262,0.1470473122853691,0.022255208057988533,0.15875495492034714,0.11170084156374001,118,False
341,0.047216279689723105,0.0,0.1676818977555359,0.0,0.14309588102499998,0.0,0.0,0.35207285625413826,0.14038736739356836,0.0,10,True
342,0.0,0.045654949163490235,0.12554906638083116,0.08540777226227417,0.0626826888167353,0.19962584490126276,0.10814523839732346,0.08367658494502128,0.0,0.0900558215988498,2,False
343,0.0,0.022247481534822654,0.11569910207959828,0.0,0.04646645925963669,0.0735813260730199,0.0040251526704738645,0.26696150066289104,0.2922682977573688,0.0151701215490928,10,True
344,0.2570315539836612,0.20066520637215596,0.02834407820824087,0.011845296641755558,0.05930482804055334,0.11736551943357781,0.038670694959221895,0.0,0.10664326549888596,0.0,40,True
345,0.23669946522249666,0.25709494797768695,0.16334911377694336,0.0,0.01581602811964283,0.0,0.07392807902796063,0.0,0.0917013132871959,0.0,6,True
346,0.125316954332172,0.08932842135596773,0.0,0.15031889309958724,0.0,0.09820609278267767,0.09163585306571659,0.013082750818126574,0.11248880223000655,0.12145855914278762,33,False
347,0.2430235000306523,0.1935930344367359,0.011837403305487333,0.31713181864958123,0.07847377195311289,0.0,0.0,0.010470402860303277,0.0,0.0,33,True
348,0.0,0.16994665177972162,0.11030842127447009,0.055579404805735165,0.0,0.12495781543505055,0.1854760790728242,0.0,7.376450078455103e-05,0.1782806798986342,9,True
349,0.0,0.0945288550035568,0.07995869718400112,0.0,0.2294555767844976,0.10926353526949997,0.0,0.2166030171128037,0.09726845225272546,0.0,2,True
350,0.0,0.0428785375733327,0.059702800582814484,0.0,0.20929018673968547,0.0,0.0,0.21269054134734272,0.26155442639915394,0.05208898665632822,10,True
351,0.0742286516691966,0.3102741495934902,0.028854640539894085,0.0,0.041217177215628134,0.3002540864729014,0.09345860719257008,0.0,0.0,0.0,40,True
352,0.15674607939674662,0.05017606212408883,0.027849427812256855,0.15335702992159267,0.09485849866188154,0.08372685865590837,0.08206697530404064,0.08985874316179744,0.05355960562170329,0.0,33,False
353,0.0,0.0,0.11920143361282827,0.11783719276720384,0.100580139880306,0.0,0.0,0.3366169036496949,0.1716475427753172,0.0,10,True
354,0.22397458183351077,0.0,0.0,0.34472574438215703,0.0,0.0,0.019119617419560996,0.09610973358266015,0.061418134157339495,0.09952229457987784,33,True
355,0.025628998717942258,0.12028017889218767,0.1277103669377711,0.0,0.08307675207889444,0.09207510190475522,0.13663189608660176,0.0031676736992210367,0.0,0.22548948548022077,47,True
356,0.10826566385463807,0.048974854037889815,0.09381158266385656,0.13563609500165957,0.0,0.16143928461852142,0.01095999236430244,0.07375155576854563,0.043693547840869464,0.11938147583893259,7,False
357,0.0,0.2753697344475222,0.09146618739320025,0.0,0.0,0.14329724506127375,0.13318425262016864,0.10279556126537713,0.0,0.08133399617935624,13,True
358,0.0,0.0,0.26518008530131043,0.025938199283922526,0.0,0.0,0.0,0.18308584342296158,0.3853140686058775,0.012211426627685205,10,True
359,0.25988588133731994,0.0,0.12343225860129382,0.038285792013997996,0.0977728404518173,0.13075182210649186,0.0,0.18011731208203818,0.0,0.0,40,True
360,0.1186144601083507,0.18343832421429848,0.0,0.1374902004837935,0.06797331523588754,0.028789542595360606,0.07579191133670343,0.0,0.09837627934703742,0.0913547516224188,69,True
361,0.0471844509254068,0.0,0.006380136879158749,0.03668622259056179,0.13192459587555172,0.014446404496161433,0.09746081892117393,0.19763263949493523,0.29695032364653845,0.0,10,True
362,0.19235919739299015,0.13881412804945018,0.03528535718322466,0.020123734045792634,0.06686993709435146,0.02071942660735272,0.06618294645163621,0.0,0.17330614932930938,0.08912804150034927,7,True
363,0.01734374552738123,0.0,0.06185561451882399,0.07789086130100596,0.17482342352176553,0.20968432080629396,0.30008690716261105,0.0,0.0,0.0,29,True
364,0.1194114368655274,0.0,0.12591152300324487,0.24837404838381846,0.0,0.028418518611968424,0.05437209760630862,0.11326198357494047,0.04790755429693252,0.07130175816385136,33,False
365,0.04267736571157301,0.0,0.18139577750976751,0.0,0.03425777232497984,0.12059596378507911,0.06761719373164234,0.2263825760461382,0.14708971084834746,0.0,10,False
366,0.1201333911215493,0.1458331752047453,0.09628607410406818,0.0,0.1798370880812032,0.02371135626559275,0.028710667920262167,0.053144991066845754,0.09287577529469301,0.05629173891473695,2,False
367,0.06696596155480793,0.0,0.06238116534519547,0.0856586647427233,0.02070059375959329,0.1372756524824123,0.0,0.1241505210533441,0.10442615079207904,0.20349276078952563,7,False
368,0.0,0.0,0.16908334914357634,0.16006185412191742,0.2594166373778715,0.232586478892649,0.0,0.0278033646421508,0.0,0.0,55,True
369,0.026372641536013867,0.14608188949076542,0.07295997053709806,0.1201819779080407,0.0,0.14229549928564647,0.15227758525426763,0.009160746959580354,0.042169377842949135,0.08816222518152086,2,False
370,0.16853342818118175,0.06099437304300584,0.11375263277786878,0.08503568511815292,0.11485144994326874,0.0,0.08905363312252229,0.0496817561448862,0.0,0.1167016450527223,2,False
371,0.10502860928835635,0.024438825252327788,0.15577835064549725,0.17092795205754296,0.06852949813699863,0.0,0.056796643871027244,0.09079607573605673,0.12594724312943226,0.003285898711681955,8,False
372,0.0,0.08845599265777389,0.0,0.0,0.10576493258443342,0.21625499961001152,0.2423891287324588,0.18924790382012197,0.0,0.0,29,True
373,0.027217355200907595,0.0,0.0,0.19028326857816466,0.04624293489815059,0.12316320227438518,0.11203296601882534,0.11390698384612678,0.10863190495386993,0.08172394646120237,33,False
374,0.0,0.03700272152159698,0.07023234707877814,0.06689992563016008,0.07908629211237889,0.12069281017411705,0.2814334018198607,0.10433314983380658,0.0,0.050413353700444016,29,False
375,0.07475030765579722,0.01638133905748611,0.09023220927288793,0.0021461275350597923,0.04562804941237899,0.09688289880835621,0.1672169661060477,0.12403187657835071,0.18818601318060368,0.0,29,False
376,0.1261806709315204,0.2490151117608003,0.32444092308334055,0.009455712295965701,0.060929364851247086,0.0,0.0,0.02291514446760768,0.0,0.04916277930009247,2,True
377,0.21225582814743824,0.06584228013427297,0.12340355728850905,0.07802400443652191,0.11694441302283068,0.1597354488476731,0.0,0.002446921469373862,0.053431533809674754,0.0,40,True
378,0.09935678062195781,0.002656267995672336,0.15399640200715597,0.1051904157177298,0.25539364031357126,0.09248653618504465,0.07371142436877667,0.0,0.0,0.03332855393854928,2,True
379,0.1664200208658987,0.24664173717748178,0.12827878914882387,0.0,0.029953585727695974,0.10685717019629001,0.08690990003604869,0.054194037708695145,0.0,0.0,7,True
380,0.09978740317258425,0.006577988281538568,0.0759743387465632,0.33504506837250164,0.011360542892484012,0.07105856977845713,0.07177942643067524,0.0,0.06279389309546986,0.08159519000428224,33,True
381,0.046094017280386736,0.18512710902913324,0.012954747587870978,0.05502313178377865,0.1589258362226916,0.1422384503123809,0.08974956838099114,0.11835720360789077,0.0,0.0,29,True
382,0.09341599828206722,0.14713487423381225,0.1805437488476286,0.1021500605627967,0.02939587477300762,0.005140869739082133,0.010035001097908482,0.0,0.019517905626651236,0.22906024737904498,47,True
383,0.023311666712984465,0.12896601076581243,0.0,0.037099141357767845,0.24397837016144236,0.1962076867723195,0.0,0.153766463477381,0.04301308841416734,0.0,40,True
384,0.0,0.0,0.0,0.1281689499148376,0.1663737910827624,0.31060719627683364,0.0,0.07436682754932358,0.16536923650979848,0.0,55,True
385,0.07044186721756822,0.053482859793252416,0.29181976508797014,0.05221123072121703,0.07125587326395875,0.06984149355107483,0.004633605612070537,0.0,0.2089823090148901,0.0,210,True
386,0.23556782346693553,0.08811824473846434,0.03816084941093115,0.0939339623740939,0.10746417148387367,0.06718849887867412,0.0,0.0,0.06121582819766088,0.11276437967264097,40,True
387,0.0976673750722284,0.0,0.0,0.3185722974343972,0.0,0.20324295361582578,0.004948544680239125,0.0,0.13092081350521065,0.08813998243995419,33,True
388,0.010766008969335448,0.14720681086853196,0.28139791175577766,0.09761680646628407,0.07504375098588648,0.027129981966014707,0.0,0.0,0.1358495069942481,0.04400338445589281,13,True
389,0.13234000712334676,0.0,0.0,0.44549079251625257,0.0,0.07471321246404929,0.0,0.0,0.0,0.22208596450204807,169,True
390,0.05134183028463593,0.029687682113696826,0.09876968049301797,0.0,0.08626883218435567,0.05732456149560424,0.09429786608492473,0.17286108349623663,0.15023483873803026,0.05263777080002484,10,False
391,0.0,0.12092238096748358,0.0,0.13669183588647169,0.02439766307130985,0.000931701868643752,0.19619799644504282,0.07183666298279448,0.0635940403442376,0.20334432108451356,9,False
392,0.026039495311440456,0.11134794708436395,0.1448986914683648,0.04803093807565488,0.06390366225783994,0.17081692757387454,0.0,0.03318188108457023,0.11491798855734625,0.08233071216941838,55,False
393,0.07944821885060047,0.0,0.04231337451210692,0.1772467570560339,0.0952815741534606,0.1751237491498,0.05528644314470603,0.0221884978896676,0.14264637660531573,0.013126934560155495,55,True
394,0.09383504285165575,0.0,0.08094063446779266,0.4206478510810755,0.0,0.03336108364144499,0.08396902300723902,0.0,0.1192580116466366,0.01037204456648724,33,True
395,0.13652602441850767,0.20374790799491596,0.0179333247249035,0.09663088234209051,0.12156616854308797,0.1345800097233431,0.0,0.013640466075267421,0.08618244023631927,0.0,40,True
396,0.11315761994690487,0.0,0.049831452757516194,0.030031647642022,0.19172287143003192,0.0,0.1779126925759165,0.2739288953596488,0.0,0.0,28,True
397,0.07265001635112558,0.2513216057097836,0.0,0.33600407859094406,0.0,0.10600097699603545,0.016358807125644918,0.0,0.0,0.06459457277811792,33,True
398,0.2306528288879048,0.09931097520592673,0.0,0.12144006432901124,0.0,0.2885474770040372,0.009189231312685434,0.0,0.09168396726877923,0.0,40,True
399,0.08027834817195824,0.014798308109571256,0.22529567718267748,0.2596280012185011,0.07879926270329543,0.0,0.09568855837805645,0.0,0.0,0.07137225320569716,215,True
400,0.23533717773654192,0.024602536299913658,0.14219794626419685,0.023943542003958027,0.004703284211909715,0.03365073405816651,0.09636224802861834,0.08233138086973847,0.009856148535925927,0.15468781544859064,7,False
401,0.07201334018963575,0.13494567786624156,0.034165091575972174,0.0,0.21951850641150636,0.0,0.026435482036778934,0.2218839251860018,0.0,0.11444136903340324,47,True
402,0.0,0.0,0.11061746266971277,0.0,0.23569033550867363,0.0,0.06320078006615899,0.14402290642528662,0.2597511900661242,0.023691272828676672,10,True
403,0.15036669741026967,0.0,0.004157415709488452,0.24131948237391818,0.002019928054768149,0.09588172990893327,0.0,0.0,0.2451173208867029,0.09991182593606136,33,True
404,0.0,0.0,0.14130338709799026,0.0,0.11021457650818953,0.0421194291096887,0.0,0.23622897255361827,0.32140184258279314,0.0,10,True
405,0.09710205891338627,0.07056929773296328,0.006029016578684427,0.08091703757747996,0.07487080231275083,0.12332324837753202,0.13330955978611816,0.056697712105122505,0.15210942193714033,0.0,40,True
406,0.05613783213539864,0.0,0.11885813966915323,0.05894183604457626,0.06490332121449789,0.0,0.0,0.2561769375594156,0.22201209775155084,0.04624173388393286,10,False
407,0.02674431496195156,0.04000658136890532,0.09098269276797533,0.08771043877602722,0.12057382509481934,0.0,0.0,0.22256240829410442,0.23464877668414044,0.0,10,True
408,0.0,0.0,0.22184811394323004,0.0,0.0778044480873022,0.07295149781812804,0.017052934827173533,0.19136651440749777,0.2580455385933397,0.0,10,True
409,0.0,0.01610853362271345,0.23606417291309056,0.05703503293661372,0.07842117559605345,0.0,0.3255763063052734,0.0,0.0,0.1319623851702853,9,True
410,0.0339063105086475,0.05426826680062316,0.1454811678787124,0.12189917586003572,0.19120183026003212,0.06674800032149089,0.0,0.060783870324294206,0.10098768960149547,0.022141198566682712,55,True
411,0.0,0.09976760143619251,0.12728254445060466,0.0,0.07016451456233967,0.0,0.39800939462159535,0.09317560673177243,0.027549927616117048,0.022152430787994146,9,True
412,0.0899869947587113,0.0,0.006653222224234075,0.0,0.005622194709535059,0.4131987774595207,0.20051034726589212,0.05828311149344722,0.07811607466989957,0.0,29,True
413,0.0,0.08792360177883041,0.17862495816944046,0.15868495549648917,0.05895374251304533,0.05023080097957948,0.0,0.024161035877097413,0.05878590081734726,0.19141042625488985,47,False
414,0.03149206834833882,0.08437722375298944,0.0,0.0,0.14547698416583582,0.17734837962757,0.26220538349818157,0.13092991085998304,0.0,0.0,29,True
415,0.009667514509603993,0.1819480900485499,0.3308793054303071,0.0,0.0,0.08033801495235317,0.0,0.2011372367291938,0.0,0.04372688760772132,13,True
416,0.2512254163352784,0.02390292761966327,0.041454907742831254,0.22227148037336755,0.0,0.10179847389803984,0.05659689985937777,0.0,0.02684901706684134,0.09446005582776662,33,True
417,0.0,0.11174794628855676,0.0,0.0,0.2103391882064766,0.21546879557842535,0.10549544092004892,0.13274411160078867,0.051497705324027525,0.0,29,True
418,0.0,0.20328309856930946,0.03160445863992287,0.0035613339697781123,0.04297138324523124,0.0,0.18221051676555533,0.07890416716653242,0.07188398074722438,0.2053369973662687,9,True
419,0.0,0.1679563425740991,0.1366786619664063,0.09974860445740658,0.046607510586628965,0.07235590295980128,0.0,0.0,0.0447070375494199,0.25122429894065706,47,True
420,0.3141014639559425,0.0849572823288497,0.0,0.26687545742203966,0.0,0.0,0.0,0.0,0.004111887569868835,0.19245824362965638,33,True
421,0.1737549196852762,0.0,0.0,0.09514586682091933,0.21412776135670444,0.25346679276868583,0.02272088153643877,0.0,0.0,0.076478171029258,40,True
422,0.017481991915119857,0.021579088696165098,0.1435605957863328,0.08506146629789467,0.05534813669163031,0.04313082836620258,0.02503605882808892,0.16183997939028993,0.22092989064615742,0.026956087940230387,10,False
423,0.17910913640168155,0.0,0.02813587712541615,0.10590029282082722,0.04980082686043395,0.21573238644009785,0.08384672209335872,0.06235382784509248,0.0,0.08266570582985247,40,True
424,0.0,0.10212749203660033,0.07524230090067069,0.11268277968573547,0.12735846550974997,0.13558784949422423,0.10326356837549085,0.024360688879135776,0.0013790094568933865,0.11647794094562651,29,True
425,0.2065253108790575,0.0,0.0,0.0648199852311072,0.06088714057418344,0.30622046515185,0.0,8.078147539166703e-05,0.11378581427866419,0.0826999878259313,40,True
426,0.0,0.12146362198522781,0.25352933928107935,0.0,0.1720118604969039,0.035787567827690464,0.05971664925748469,0.0,0.0,0.19064138276120704,47,True
427,0.19050512094186525,0.0,0.03625643945571823,0.4011244541106863,0.0,0.0065995047129780784,0.07387616594861958,0.0,0.0,0.1472686414672958,33,True
428,0.0,0.013215025888837183,0.04065929926383585,0.11220104256514392,0.04420239114327116,0.0861369571710053,0.14342366770046655,0.1724508117528373,0.19892225186737408,0.0,10,False
429,0.0800180594347846,0.0,0.0,0.20449720613069414,0.1000116519460021,0.19832116489851762,0.07336758816821864,0.0,0.1461563036341561,0.01722015575490558,33,True
430,0.09421148777054725,0.13151268940744293,0.06681045314159201,0.08196888918501681,0.10984704876646484,0.18679746993184462,0.07925207634381164,0.010966622254573956,0.0,0.03544684015303205,40,True
431,0.0,0.0,0.25712117599510237,0.0,0.07207954332717043,0.0,0.08011706803512561,0.32399674085209745,0.11784282507271389,0.0,10,True
432,0.0,0.2081006016680993,0.0765570299111838,0.0,0.008281125765440291,0.08778854585240058,0.1442411922314609,0.06738877815709451,0.17075005609248967,0.048077657422757304,2,True
433,0.16593051119418284,0.08424599624481699,0.06867963583334606,0.01820243718869286,0.29177067502131965,0.15429916962365953,0.04434711397534071,0.0,0.0,0.0,40,True
434,0.09216674743689295,0.08927273024530505,0.23761605912697914,0.0,0.043035559256749026,0.0,0.0,0.18150769262488473,0.12904639276815516,0.04585889336110503,10,False
435,0.30837663478889993,0.0,0.0,0.0,0.0,0.11125170625851806,0.011224374630591205,0.35156947757342566,0.0,0.08317420210483115,252,True
436,0.1308178139669778,0.0,0.04158393804762367,0.17481463400778702,0.12362542875248743,0.08819158918258917,0.0,0.10789022377482439,0.14400774387922743,0.0,55,True
437,0.1900685032465853,0.00034236970916804154,0.0,0.33457220127616083,0.0,0.15117855390787527,0.09973794788555815,0.07172156905124695,0.0,0.0,33,True
438,0.02849351620677786,0.0,0.05938359860184669,0.04839637895610214,0.1923984643910795,0.14243172247045344,0.13561454726959432,0.11369958847104158,0.0,0.08450054151508866,44,True
439,0.0452950176220323,0.0,0.13247280801965458,0.08998853216931657,0.08430548599046975,0.0,0.03504752430947496,0.1446001011262509,0.2909942588587652,0.0,10,True
440,0.36363560818351387,0.11318232376465759,0.021697801302902237,0.0,0.006464784455567932,0.24957044021931524,0.0,0.10156173462537277,0.0,0.0,40,True
441,0.2899299217239562,0.0,0.0,0.0,0.19667820304444947,0.1989852461093518,0.0,0.061634773899007234,0.0,0.09934977499569127,40,True
442,0.0,0.11356334682507108,0.04284554113891494,0.0,0.15929167710372044,0.18374218322814379,0.1886642086185465,0.008264307073822755,0.07434619509060021,0.04257938598577986,29,True
443,0.0050629520277309615,0.1408374829781452,0.11729598667471754,0.0,0.12685928826796652,0.14905312882079003,0.17897008730573946,0.06452990177867386,0.028784255622331414,0.0,29,True
444,0.05366363972313459,0.13205489044486018,0.0,0.19126996121132542,0.0,0.04431493394246895,0.28825306861590944,0.08903778029730239,0.0,0.02827169187352051,9,True
445,0.00544681926139105,0.14213154879438375,0.06025994374126107,0.04635448719700721,0.0,0.0,0.3274142447325928,0.03520583191221668,0.02656043702711707,0.18760990663296054,9,True
446,0.004943880577693609,0.2313812656885467,0.07855667927857615,0.024205269522182035,0.0017959706146398252,0.05181323024494515,0.22759523556736191,0.11566814196130032,0.0,0.08334190690491347,9,True
447,0.0,0.09846764804753225,0.0,0.09592829094229391,0.21947411310325898,0.25214154136663364,0.005339118095814438,0.11579048428862422,0.04155276027152385,0.0,40,True
448,0.0,0.08214424437595436,0.15792785361882414,0.08470403388448842,0.06251630240549741,0.11326845569572225,0.019253670164932818,0.0,0.07716996490886782,0.20914652674409911,55,True
449,0.06590344723671816,0.025332826178486825,0.07296609438878916,0.0,0.009224446418807113,0.0008347834197319216,0.0,0.25778711819597916,0.3488291447429253,0.06285898245345675,10,True
450,0.0,0.0,0.3992640451761448,0.034897834479557896,0.0,0.10275223429782736,0.10319533702338242,0.0,0.0808260234901096,0.12245883255393211,210,True
451,0.04952079149216066,0.05632776827062305,0.22643552529296812,0.0,0.03488135458425475,0.039949221568838865,0.0,0.19606197075234055,0.2244780642303759,0.0,10,True
452,0.0,0.200915120476364,0.19080496337212063,0.15604526027745522,0.0,0.0,0.02944287001258247,0.0,0.09296603585965964,0.15913794404566667,2,True
453,0.0,0.4137493882429003,0.0,0.0,0.09566156834051474,0.0,0.1689479599361623,0.04631851406400915,0.0,0.13261802365882874,9,True
454,0.03216767336630177,0.051534874705793716,0.12980079301058786,0.21036415215747373,0.0,0.16033435023044704,0.03044292975063115,3.774141786453712e-05,0.08169389505622876,0.11208048268625498,33,True
455,0.0,0.22547677464277383,0.0,0.16008541762673392,0.08914730594887042,0.09650680786877003,0.0,0.0,0.0944919314562595,0.15885960749738434,55,True
456,0.0,0.04471617146004701,0.2720397380524799,0.024746595262817438,0.0,0.07982879484427423,0.05658446615469638,0.024156231637487733,0.04306791601871805,0.2829904091834915,2,False
457,0.23969291699698939,0.0,0.0509699294172454,0.0008589776783352037,0.21896322644820077,0.0,0.0,0.25568550393276657,0.0,0.08191061906462295,28,True
458,0.0016241589262746229,0.09677283509252145,0.14174130250323203,0.03484025372077503,0.11461530704297983,0.04685417404419875,0.1984152627602961,0.0,0.0,0.18068546086627174,9,True
459,0.114402215262343,0.12551759688836886,0.0,0.15946550575912413,0.13656178259075624,0.03396803179435486,0.09479404007232801,0.08695927611913479,0.010576389500010082,0.035751274052722576,40,True
460,0.04532028356988238,0.23064781728859335,0.004282627204798334,0.0,0.0024083839935271885,0.0,0.22449502015316478,0.0,0.12567973714800523,0.20865689438140733,9,True
461,0.0,0.0,0.0899430387397523,0.3069027553410665,0.09817319027324113,0.07099129336591364,0.0,0.021828855723140254,0.15289234498831558,0.08381204495966423,40,True
462,0.050193522503951905,0.01613642418526296,0.08063403700987372,0.06212982714896274,0.056848493482729405,0.0,0.07429641602455998,0.12767489732775278,0.22094579232737388,0.10921006511673699,118,False
463,0.1452746284481897,0.07573906765825326,0.0,0.2278091196672234,0.00963784171267216,0.09262680092407441,0.0579637027257783,0.04773195057769381,0.085959556259596,0.058062129074655196,33,True
464,0.0,0.12535933375596012,0.24589339661281326,0.17926322523040042,0.032894063721015915,0.021826509321531365,0.0,0.12033337673272625,0.00546647688817929,0.0893052028249361,13,False
465,0.3280454431109811,0.005008234007145167,0.0,0.0,0.12880912413086906,0.27190204243332156,0.09417049751988914,0.0,0.0,0.026170100187934798,40,True
466,0.12715047657983256,0.1637628040753276,0.11424709585210939,0.1174404365138267,0.0,0.018497590785392273,0.0,0.17517757217219224,0.0,0.0983197840305152,8,False
467,0.4358847583558429,0.269789214235043,0.0,0.03142591107681398,0.0,0.02923568005521538,0.0,0.0,0.10609756673331107,0.0,40,True
468,0.1938934435239593,0.0,0.06905615712984846,0.0,0.18276453516697355,0.08421333974239116,0.02822074336629368,0.12475279247116318,0.13316392053689108,0.0,28,True
469,0.3650647726500766,0.16968607409838543,0.07442184723959638,0.0,0.07489279604499126,0.0,0.02574142035780779,0.0,0.0,0.13319463864796655,7,True
470,0.0915424692643053,0.0,0.08614673660675823,0.12104993039439785,0.15130578907810527,0.0,0.0,0.1804635885519489,0.06969964426066598,0.10918014520816946,28,True
471,0.08093555223669847,0.1971008926854652,0.06741247095478883,0.0,0.0,0.10364109384519798,0.14251244884622938,0.019316406844740647,0.09683983243968826,0.09625730743025344,9,True
472,0.0,0.12158041121019675,0.04904823929582067,0.08539057415967387,0.07245110190391076,0.0,0.07212502479828024,0.24574930928476574,0.170591183421546,0.0,10,True
473,0.25061379906087317,0.043127885127633735,0.0,0.0,0.02661139453153242,0.00958960332226321,0.09734438088787269,0.07737048906124132,0.1979524434851019,0.11615202301147741,40,True
474,0.1378912404315174,0.12616970145223805,0.03912164024228592,0.07729691883446548,0.12998868902977603,0.08925219665535314,0.00047077823326345124,0.05847821846399996,0.10250309163793327,0.02975513793378924,40,True
475,0.17525871881791577,0.027513811658298262,0.0,0.16237175564294473,0.2499507158842189,0.0,0.0,0.0715027548599408,0.05502463329031571,0.0804458929180667,28,True
476,0.0,0.13365511306775368,0.12373331686473768,0.05139139887835967,0.07035690676457047,0.0,0.1917735474330331,0.047245221606528456,0.05618804483493245,0.12863299580041454,9,False
477,0.0,0.16642614230440542,0.02181950921433588,0.09346199013027733,0.10096363848221938,0.22161431517018607,0.05381646285823155,0.15629186199093448,0.0031192100880826786,0.0,219,True
478,0.06349717125634824,0.080966386034985,0.17520846373254428,0.07707855126968989,0.07802549285776655,0.0,0.11927789470369876,0.19668290715593892,0.016190407869459432,0.0,8,False
479,0.0,0.13283292799359314,0.0,0.0,0.1467976039004019,0.18522215697071454,0.15249738765681542,0.08350763312405288,0.12083765583871928,0.0,29,True
480,0.1342492238307643,0.008626002188434123,0.0,0.18928693299666574,0.20915615792891915,0.048294535947393254,0.0,0.25126507452735586,0.0,0.0,28,True
481,0.14029513652459516,0.19497228329078478,0.02215319048360522,0.1667836628290804,0.08630533005067569,0.0,0.0,0.0,0.0570451014733567,0.15015791572519596,47,True
482,0.23069048491953698,0.06726559408542389,0.1987808090648164,0.0,0.12325040173102425,0.0,0.09577304451884139,0.0,0.010012600665765687,0.09675724407997283,47,True
483,0.14122062289181728,0.11539593794875443,0.03525664704236268,0.14218499448326102,0.0,0.0,0.11136026810636386,0.012592098456780942,0.09034216899657785,0.15786677583828146,7,True
484,0.29133214259843915,0.22252715471380968,0.0,0.0018695292768525537,0.0,0.2166266374153037,0.0,0.0,0.12679914862615285,0.0,40,True
485,0.0,0.4249876039096064,0.1655267029776555,0.0,0.0,0.0,0.0,0.0723272218964948,0.03911286127912549,0.15868878036977938,13,True
486,0.05890495290467156,0.03689922482919402,0.03825704307502154,0.007755814128879119,0.08765343748736798,0.06422281411668804,0.19016828497059857,0.12594519550673405,0.13481106424212203,0.04745754114930987,2,False
487,0.0,0.12005851015166638,0.07810413267014454,0.06352868637392485,0.0,0.020434205375302036,0.0939244792597735,0.003954484094409377,0.1504135726736118,0.29107957363076603,146,True
488,0.0,0.2818911454089311,0.14926404321344455,0.014241859602312229,0.04041870450595824,0.11344468156850275,0.0029550822737781676,0.03153808418458151,0.0,0.19642990723858125,13,True
489,0.1216875593501763,0.04159451101142599,0.06542103832251707,0.09989454503742827,0.17281611694414073,0.15252170951272076,0.0013305153243421645,0.0569529864223506,0.08818680693177446,0.0,40,True
490,0.06416509053275307,0.08990423533056563,0.1734010453286778,0.07161423061969031,0.0827853093323275,0.0,0.0,0.14039533750432492,0.007135605092689017,0.17897937677352657,47,False
491,0.24185253509801688,0.07809936570407491,0.0,0.16941594791077355,0.14410107129041141,0.13243592066540244,0.0,0.0,0.06138044459215937,0.0,40,True
492,0.0,0.17074481222529153,0.07003308543349675,0.05805702931933738,0.013114269212633837,0.07514315064625549,0.15507787352795033,0.08436115326987177,0.0,0.18148630110684588,9,True
493,0.24065027302618394,0.0,0.04303066022211186,0.14816325392550173,0.055331569775086145,0.1539474334589923,0.16297227639730147,0.0,0.0,0.019805170055289246,33,True
494,0.16046518406331228,0.15600782489033566,0.0,0.002716801085793338,0.07618350349503544,0.0017108840774164476,0.07013094591784189,0.14056472927840957,0.12752076742809368,0.07191115988793527,7,True
495,0.11594281115646998,0.0,0.06453924041344876,0.18149112970177053,0.08851861136816225,0.059921710367550375,0.13995761160009781,0.0,0.04485048855462347,0.10564797789186355,33,True
496,0.44590973176384807,0.0,0.08595521210554184,0.27579387262779,0.0,0.0,0.0,0.0,0.05070397762948426,0.016368126598238466,33,True
497,0.04889763515082594,0.04925578885811163,0.0,0.0,0.11990772742309644,0.09677614255345722,0.13548165961418304,0.11329646843179908,0.020133090604901243,0.2245927742884543,417,True
498,0.05799772738114472,0.0,0.1067994540822621,0.03962335777787276,0.07924013675829632,0.08358720047255666,0.05537522615694195,0.0,0.06738022411816577,0.32450885255347833,47,True
499,0.03459512071284472,0.0,0.2415511776630575,0.0,0.007097122938942419,0.005302185383045812,0.027276097727545613,0.1578651796264375,0.23460582342752767,0.1236245310196151,55,True
